0	2	0.6471	0	1	-1.121
0	2	5.445	0	0	-1.819
0	2	1.998	0	1	0.09458
0	2	5.828	1	1	-0.1678
0	2	0.02766	1	1	0.1146
0	2	5.071	0	0	-1.7
0	2	0.3518	1	1	-0.1538
0	2	0.6556	1	1	-1.653
0	2	0.6727	0	1	-1.105
0	2	0.2068	0	0	-0.3976
0	2	0.9453	0	0	-0.3302
0	2	0.5482	1	1	-0.5793
0	2	1.704	0	0	0.1511
0	2	1.157	0	1	1.29
0	2	0.5831	0	1	0.6925
0	2	1.728	0	0	-0.7322
0	2	1.863	1	1	-0.2746
0	2	0.6286	1	1	2.555
0	2	1.013	1	0	0.03104
0	2	1.263	1	0	-1.153
0	2	0.5233	1	0	0.117
0	2	1.085	0	0	-0.5179
0	2	1.993	1	1	-0.03266
0	2	1.638	0	0	0.03425
0	2	0.4684	1	1	0.08748
0	2	5.193	1	1	1.19
0	2	0.3126	1	1	-0.9463
0	2	0.1699	0	1	-0.05399
0	2	1.411	1	0	-0.2737
0	2	5.278	1	1	-3.145
0	2	0.6367	1	0	1.673
0	2	5.468	1	1	-0.4705
0	2	1.064	0	1	0.2574
0	2	0.3036	0	1	0.1721
0	2	0.5972	1	0	-1.347
0	2	1.552	0	0	-1.155
0	2	1.521	0	0	-0.5171
0	2	0.8258	0	0	-1.044
0	2	5.601	0	0	-0.9386
0	2	0.2718	1	1	-1.257
0	2	1.726	1	1	-0.2288
0	2	0.2348	0	0	-0.1538
0	2	1.191	1	1	1.987
0	2	0.3151	1	1	1.332
0	2	0.1672	0	1	-1.257
0	2	5.625	1	1	-0.005655
0	2	0.2213	1	1	1.537
0	2	0.1653	0	1	0.00604
0	2	5.145	0	0	-2.221
0	2	5.539	0	0	-2.986
1	2	0.468	0	1	-1.209
1	2	1.965	0	1	-0.4605
1	2	0.8549	0	1	0.7581
1	2	1.167	1	1	-0.7261
1	2	5.493	1	1	0.3032
1	2	0.235	1	1	0.2649
1	2	5.986	1	1	0.007964
1	2	0.004523	0	1	-0.6658
1	2	5.311	1	1	-0.2479
1	2	1.757	1	0	-1.069
1	2	0.7588	0	1	-0.2358
1	2	1.979	1	1	0.4293
1	2	0.9125	0	0	-0.4888
1	2	0.7128	1	0	0.2082
1	2	0.2147	0	0	-0.4908
1	2	1.984	1	1	-0.8806
1	2	0.4323	0	0	-0.2429
1	2	4.872	0	0	-0.7691
1	2	1.546	1	1	-0.01261
1	2	0.2264	1	0	0.2428
1	2	0.6997	0	1	0.7148
1	2	1.036	0	0	0.7523
1	2	5.365	0	0	0.2624
1	2	0.348	1	0	0.7102
1	2	0.9117	1	1	0.5291
1	2	1.743	0	1	0.1879
1	2	0.4483	1	0	-0.009524
1	2	2.189	1	1	-0.09149
1	2	1.965	1	1	0.3358
1	2	0.5015	0	1	-1.75
1	2	0.08414	0	1	-0.4334
1	2	5.664	1	1	-0.03091
1	2	0.3442	1	1	-2.138
1	2	0.6851	1	1	-1.645
1	2	1.018	1	1	1.344
1	2	0.9208	0	1	1.855
1	2	1.732	0	0	1.431
1	2	0.2554	0	0	1.421
1	2	1.858	1	1	0.9332
1	2	0.2049	0	1	0.04746
1	2	0.02246	1	1	-1.468
1	2	0.5021	0	1	1.655
1	2	5.556	0	0	-1.212
1	2	5.586	0	0	0.4017
1	2	5.254	1	1	-0.53
1	2	0.404	0	1	0.7716
1	2	0.4755	0	1	0.4696
1	2	5.369	0	0	-1.242
1	2	0.8905	1	1	-0.4223
1	2	0.09291	1	1	0.4398
2	2	0.699	0	0	-1.969
2	2	0.6552	0	0	-1.108
2	2	1.957	0	0	-0.3831
2	2	0.8349	1	1	-0.1492
2	2	0.1084	0	1	0.8965
2	2	0.559	1	1	-0.7481
2	2	5.556	0	0	-0.1004
2	2	1.421	1	1	0.8512
2	2	0.8436	1	1	1.147
2	2	0.8543	0	1	-0.7351
2	2	0.2278	0	1	0.1882
2	2	0.643	1	1	-1.119
2	2	5.202	1	1	1.453
2	2	0.3506	0	1	-0.4322
2	2	0.3303	0	1	0.1664
2	2	1.92	1	1	2.095
2	2	5.5	1	1	0.1576
2	2	0.6713	0	1	-1.819
2	2	0.5031	1	1	-0.05298
2	2	0.08882	0	0	-0.2153
2	2	1.847	0	0	0.1329
2	2	0.2918	1	1	1.789
2	2	0.3425	0	0	-1.517
2	2	0.007482	0	0	0.8166
2	2	0.5416	1	1	0.3834
2	2	0.6901	0	0	-0.2866
2	2	0.7524	1	1	-1.622
2	2	5.329	1	1	-2.103
2	2	1.615	1	0	0.04475
2	2	5.533	0	0	0.6063
2	2	0.2807	1	1	0.6969
2	2	5.773	1	1	-0.5317
2	2	1.427	1	1	1.183
2	2	0.8139	0	1	0.8039
2	2	0.7262	0	0	0.7387
2	2	1.778	0	0	1.422
2	2	0.3986	0	0	-1.886
2	2	5.371	0	0	-0.07726
2	2	0.3508	0	1	0.2395
2	2	0.8791	0	1	2.023
2	2	1.838	1	1	-0.04104
2	2	5.12	1	1	-0.3562
2	2	0.3846	0	1	-1.869
2	2	1.809	1	1	-0.6627
2	2	0.6479	0	1	0.8689
2	2	1.938	1	1	-0.7951
2	2	0.3249	1	0	-0.02043
2	2	5.338	1	1	-0.05266
2	2	5.426	1	1	1.683
2	2	0.2821	1	1	-1.058
3	2	1.878	0	0	0.1872
3	2	0.55	0	0	-0.3286
3	2	0.9177	0	0	-0.6595
3	2	5.366	1	1	-1.034
3	2	0.2334	0	0	-0.4643
3	2	5.514	1	1	-0.7015
3	2	5.191	1	1	1.644
3	2	5.188	1	1	-1.219
3	2	1.726	1	1	-0.1448
3	2	0.8317	0	0	-0.5885
3	2	0.8155	0	0	-0.05892
3	2	2.251	0	0	-0.4369
3	2	5.509	1	1	0.2754
3	2	0.4301	0	0	-0.5828
3	2	5.418	0	0	-0.5012
3	2	0.4292	1	0	-1.247
3	2	0.9487	0	1	0.9969
3	2	0.09849	0	0	-0.2027
3	2	1.725	1	0	-0.6456
3	2	1.735	0	1	0.6787
3	2	1.843	1	1	1.18
3	2	0.8945	0	0	0.348
3	2	0.6171	0	1	-2.088
3	2	0.3212	1	0	0.3617
3	2	0.1284	1	0	-0.4443
3	2	5.299	0	0	-0.9507
3	2	0.8532	0	1	-0.2298
3	2	0.8498	0	0	-2.022
3	2	5.658	0	0	-0.6817
3	2	0.5187	0	0	0.3504
3	2	0.09259	1	0	1.173
3	2	0.008465	1	1	-0.2514
3	2	1.666	1	1	-1.902
3	2	0.1908	1	0	-0.3333
3	2	0.8412	0	0	-1.694
3	2	0.0007963	1	1	2.012
3	2	1.655	1	0	0.3055
3	2	5.493	1	1	0.07202
3	2	1.888	1	1	1.102
3	2	0.4692	0	1	1.016
3	2	0.3455	1	0	1.483
3	2	0.9704	1	1	0.07413
3	2	5.157	1	1	1.11
3	2	0.04883	0	0	-0.07029
3	2	0.4224	0	0	0.5283
3	2	1.719	1	1	0.905
3	2	0.3597	1	1	3.245
3	2	1.119	0	1	-1.324
3	2	1.456	1	0	-0.01494
3	2	0.3695	0	0	0.6041
4	2	5.456	1	1	0.5565
4	2	1.926	0	0	-0.117
4	2	1.191	0	0	-0.1662
4	2	0.2668	0	0	-0.9475
4	2	1.944	1	0	0.2734
4	2	1.726	0	1	0.7241
4	2	0.1765	0	1	-0.2405
4	2	0.3816	0	0	-1.095
4	2	1.792	0	0	-0.01378
4	2	0.05539	0	0	0.1743
4	2	0.694	1	1	-0.9578
4	2	0.005713	1	1	-0.4999
4	2	1.847	0	1	0.9119
4	2	1.143	1	1	-1.312
4	2	5.471	0	0	0.6138
4	2	1.101	1	0	-0.03659
4	2	5.152	1	1	-0.1054
4	2	0.01925	1	1	-1.05
4	2	0.5028	0	1	1.041
4	2	0.8338	0	0	-1.458
4	2	1.697	0	0	-0.9631
4	2	1.836	0	0	0.4111
4	2	1.524	1	1	-0.6055
4	2	0.4995	1	1	0.374
4	2	1.949	1	1	0.7644
4	2	0.6222	1	1	-1.685
4	2	0.7777	0	0	0.6892
4	2	0.7989	1	1	1.705
4	2	0.785	1	1	-1.425
4	2	1.923	1	1	-0.4341
4	2	5.212	0	0	-0.4256
4	2	0.439	0	1	-0.293
4	2	5.335	1	1	-1.131
4	2	1.212	0	0	-0.6578
4	2	0.2342	1	1	0.7731
4	2	5.512	0	0	0.4818
4	2	0.7357	0	0	-1.971
4	2	5.097	1	1	-1.552
4	2	5.221	0	0	1.788
4	2	0.169	0	1	1.129
4	2	0.4679	1	0	0.8747
4	2	0.4344	0	1	0.6851
4	2	0.8068	0	1	-0.3783
4	2	0.8528	0	0	-0.8402
4	2	0.8495	1	1	0.05604
4	2	5.546	1	1	-1.723
4	2	0.4497	1	1	-0.1539
4	2	0.4475	1	0	0.3829
4	2	5.586	0	0	-0.8938
4	2	0.3556	1	0	-0.5406
5	2	5.768	0	0	-0.4613
5	2	1.195	1	1	0.1392
5	2	0.6948	0	0	0.3659
5	2	0.7659	1	1	0.3069
5	2	0.6251	0	1	0.4479
5	2	0.1382	0	0	-1.147
5	2	1.92	0	1	1.907
5	2	0.3832	1	0	-2.774
5	2	0.3758	1	1	0.271
5	2	0.3143	1	1	0.3416
5	2	0.5782	1	1	-0.1672
5	2	5.157	1	1	-0.6689
5	2	0.6088	1	0	-1.667
5	2	0.4537	0	1	-0.1286
5	2	0.1898	0	0	-0.6684
5	2	1.483	0	1	0.5237
5	2	5.373	1	1	0.9346
5	2	0.8614	0	1	1.643
5	2	0.5296	1	0	2.907
5	2	5.109	0	0	-0.7285
5	2	5.807	0	0	-1.719
5	2	0.3184	1	1	0.2248
5	2	0.2142	0	1	2.173
5	2	0.5487	0	0	-0.4033
5	2	2.071	1	1	0.6284
5	2	0.2424	0	1	1.3
5	2	0.6496	0	0	-0.02546
5	2	1.779	1	0	-0.06985
5	2	1.737	0	0	-0.3259
5	2	5.409	0	0	-0.3482
5	2	1.748	1	1	0.7498
5	2	1.882	0	0	0.4992
5	2	0.8878	1	1	0.5364
5	2	1.859	0	0	-0.7439
5	2	0.146	1	1	-0.1624
5	2	0.4851	1	1	-0.4998
5	2	0.009532	0	1	-4.467
5	2	1.795	1	0	-1.709
5	2	5.669	1	1	-0.3784
5	2	5.058	0	0	-1.594
5	2	0.7733	0	0	0.5024
5	2	5.668	1	1	1.209
5	2	1.127	1	1	-1.054
5	2	0.9193	1	1	0.04331
5	2	0.3541	0	0	-0.9708
5	2	0.3253	1	0	1.361
5	2	0.1261	1	1	-1.371
5	2	5.475	0	0	0.7935
5	2	0.761	0	1	1.771
5	2	1.905	1	1	-0.4471
6	2	2.091	1	1	1.139
6	2	0.8576	0	1	0.3263
6	2	0.9447	0	1	-0.4165
6	2	5.042	0	0	-0.6505
6	2	0.2698	0	0	-2.207
6	2	0.8316	0	0	-0.03464
6	2	0.5412	0	0	-0.7698
6	2	0.3733	0	1	0.4992
6	2	2.006	0	0	0.2235
6	2	1.623	1	0	0.04037
6	2	5.133	0	0	-0.06096
6	2	0.3612	0	1	0.08103
6	2	5.465	1	1	-0.5918
6	2	0.4132	1	1	1.378
6	2	1.665	1	1	-2.972
6	2	1.767	1	1	1.646
6	2	5.534	1	1	-1.155
6	2	1.701	1	1	-1.519
6	2	5.412	0	0	0.4202
6	2	1.616	1	1	-0.664
6	2	0.5797	1	1	0.06828
6	2	0.8107	1	1	-0.875
6	2	1.071	1	0	1.147
6	2	0.2265	0	1	0.1865
6	2	5.48	1	1	-1.534
6	2	0.3025	0	1	1.345
6	2	0.205	1	1	-0.1571
6	2	0.7996	1	0	0.1809
6	2	5.464	0	0	-2.144
6	2	0.9147	0	0	-1.679
6	2	0.6681	1	1	-0.3387
6	2	1.13	0	1	0.6194
6	2	0.3468	0	1	1.391
6	2	0.7209	0	1	0.5423
6	2	4.979	0	0	-0.3845
6	2	0.1583	1	1	0.3713
6	2	5.643	1	1	1.481
6	2	0.8382	1	0	2.47
6	2	0.1686	0	1	-0.2823
6	2	1.132	1	1	1.228
6	2	1.122	0	1	-0.8912
6	2	1.839	1	0	-0.9174
6	2	0.1648	0	1	1.179
6	2	0.2049	1	1	1.442
6	2	1.647	1	1	0.9864
6	2	2.113	1	1	1.717
6	2	0.5152	0	1	1.642
6	2	0.4758	0	1	0.3736
6	2	5.793	0	0	1.414
6	2	0.3517	0	0	0.8022
7	2	5.495	1	1	-0.2946
7	2	1.575	0	0	-1.431
7	2	0.9509	1	1	1.098
7	2	0.8493	1	1	-1.429
7	2	1.786	1	0	1.289
7	2	0.1756	1	1	-2.14
7	2	0.4047	1	1	-0.455
7	2	0.8625	0	0	-0.7887
7	2	5.584	1	1	-1.071
7	2	0.2147	0	1	-0.2919
7	2	0.4227	0	1	-0.3624
7	2	5.165	0	0	-1.507
7	2	1.636	0	1	1.185
7	2	0.2021	1	1	-0.7449
7	2	5.485	0	0	0.4217
7	2	1.417	1	1	1.259
7	2	0.6751	0	1	0.8342
7	2	1.666	1	1	1.094
7	2	1.093	1	1	1.091
7	2	5.654	1	1	0.2242
7	2	0.5027	1	0	0.5002
7	2	0.9729	0	1	2.745
7	2	0.5127	0	0	0.3654
7	2	0.1833	0	0	0.01156
7	2	5.337	0	0	-2.864
7	2	0.4995	0	0	-0.3439
7	2	0.8888	0	1	-2.046
7	2	5.601	0	0	-0.4669
7	2	0.2145	1	1	1.468
7	2	0.3548	1	0	-0.4292
7	2	0.7956	0	0	0.01769
7	2	0.3696	1	1	-0.2812
7	2	1.704	0	1	0.605
7	2	2.201	1	1	-1.863
7	2	0.3425	1	1	-1.138
7	2	5.458	1	1	-1.221
7	2	5.163	0	0	-0.5063
7	2	1.877	1	1	-1.884
7	2	1.554	1	0	-1.177
7	2	0.4645	1	0	1.51
7	2	0.1442	0	1	-2.226
7	2	2.324	0	0	0.2118
7	2	0.09647	0	0	-0.9164
7	2	0.2033	0	0	2.583
7	2	5.373	1	1	-0.9973
7	2	0.8989	0	0	-0.9591
7	2	0.1468	0	0	1.791
7	2	0.8958	1	1	-1.441
7	2	0.8474	1	1	-0.1174
7	2	0.9263	0	0	1.183
8	2	1.757	0	0	1.197
8	2	5.352	0	0	-0.2265
8	2	1.663	1	1	-0.4997
8	2	0.862	0	1	-1.705
8	2	5.603	1	1	0.7731
8	2	5.43	0	0	-1.534
8	2	0.3378	0	0	0.2596
8	2	1.79	1	1	-0.6481
8	2	0.5732	1	1	-0.07199
8	2	1.119	1	0	0.3568
8	2	5.365	0	0	0.4545
8	2	1.785	0	0	0.4223
8	2	0.2718	1	1	0.2134
8	2	0.8988	1	1	-0.1676
8	2	0.1674	0	1	0.7536
8	2	0.4772	0	0	-2.001
8	2	5.374	1	1	-0.4956
8	2	1.889	0	0	-0.2146
8	2	0.7468	0	0	-0.906
8	2	1.628	0	0	0.763
8	2	5.145	1	1	-1.505
8	2	1.11	1	1	-8.19e-05
8	2	0.8222	1	1	-0.1738
8	2	0.4981	1	0	0.2231
8	2	1.687	1	0	0.5333
8	2	4.957	1	1	-0.8845
8	2	0.8368	1	1	-1.068
8	2	0.3992	0	1	0.04958
8	2	0.1187	1	0	1.697
8	2	0.3365	1	1	-0.6311
8	2	1.424	0	1	0.5983
8	2	0.5025	1	0	0.1356
8	2	2.065	0	0	-0.01489
8	2	5.455	0	0	0.3779
8	2	5.298	1	1	0.7859
8	2	0.6226	1	0	1.493
8	2	0.8451	1	0	-0.3376
8	2	0.1893	1	0	-1.282
8	2	0.4886	0	0	0.7646
8	2	0.854	1	0	-0.1916
8	2	1.775	0	1	-1.118
8	2	0.2657	0	0	-1.147
8	2	0.848	1	0	-0.3024
8	2	1.884	0	0	1.123
8	2	5.686	1	1	-1.849
8	2	0.2233	0	0	0.1674
8	2	0.2575	0	1	-0.02849
8	2	0.7032	0	0	-0.1603
8	2	0.8121	0	0	1.759
8	2	0.3937	0	0	-0.9401
9	2	0.1091	0	0	-1.946
9	2	0.4921	1	1	-1.131
9	2	0.354	0	1	1.376
9	2	0.304	1	0	-1.008
9	2	0.2943	1	1	0.586
9	2	0.5497	0	0	0.5285
9	2	0.8918	1	1	-0.8752
9	2	0.9514	0	1	0.3241
9	2	5.455	0	0	-1.107
9	2	1.367	0	0	-0.1838
9	2	0.7578	0	1	0.2298
9	2	1.494	0	1	-0.5901
9	2	0.6294	0	1	1.09
9	2	0.4957	1	1	-0.2015
9	2	5.475	0	0	0.2319
9	2	5.286	1	1	-2.72
9	2	2.075	0	1	1.472
9	2	0.5025	1	1	-0.7283
9	2	0.0361	1	0	1.797
9	2	6.055	1	1	-0.8222
9	2	1.686	1	1	-0.08225
9	2	5.227	1	1	-1.419
9	2	0.9047	0	1	0.4393
9	2	1.041	1	0	0.9321
9	2	0.6054	1	1	-0.8745
9	2	1.857	1	1	0.04695
9	2	0.2074	0	1	-0.699
9	2	1.639	0	0	0.259
9	2	0.5917	0	0	0.3172
9	2	5.578	1	1	-0.8351
9	2	0.4622	0	1	-0.02073
9	2	1.618	0	0	-1.013
9	2	0.5142	0	1	2.346
9	2	0.5147	1	0	0.7827
9	2	0.5395	0	1	0.08555
9	2	0.3323	1	0	-0.7922
9	2	1.999	0	0	0.9832
9	2	0.8262	0	1	-0.01787
9	2	5.297	1	1	-0.6535
9	2	1.764	1	1	1.396
9	2	1.198	1	1	-0.6611
9	2	1.845	1	1	-0.4379
9	2	5.326	1	1	0.1845
9	2	0.4836	0	0	0.3001
9	2	0.6375	0	0	1.058
9	2	0.05697	1	0	1.355
9	2	5.291	0	0	0.1956
9	2	5.37	1	1	-1.097
9	2	1.132	0	1	0.625
9	2	0.4855	0	0	0.2743
10	3	0.6477	0	1	-1.195
10	3	5.453	0	0	1.68
10	3	1.995	0	0	-0.714
10	3	5.833	1	1	-1.07
10	3	0.03464	1	0	0.09332
10	3	5.084	0	0	0.8785
10	3	0.3495	1	0	0.1609
10	3	0.6602	1	0	-0.2987
10	3	0.6808	0	0	-1.004
10	3	0.2091	0	0	1.396
10	3	0.9403	0	0	-1.31
10	3	0.5523	1	0	1.689
10	3	1.703	0	0	-0.7096
10	3	1.16	0	0	-0.2923
10	3	0.5807	0	0	0.1667
10	3	1.732	0	0	0.3185
10	3	1.869	1	1	-1.264
10	3	0.6301	1	1	0.1636
10	3	1.02	1	0	0.9952
10	3	1.268	1	0	-0.277
10	3	0.5188	1	1	-0.6588
10	3	1.076	0	0	-0.3576
10	3	1.994	1	0	2.4
10	3	1.64	0	0	2.101
10	3	0.4744	1	0	0.4771
10	3	5.194	1	1	-1.085
10	3	0.3142	1	1	0.5268
10	3	0.1749	0	1	1.958
10	3	1.413	1	1	-0.2423
10	3	5.283	1	1	-0.4899
10	3	0.641	1	1	0.6108
10	3	5.465	1	1	1.265
10	3	1.066	0	0	-0.2714
10	3	0.2998	0	0	1.906
10	3	0.5952	1	0	0.902
10	3	1.556	0	0	1.477
10	3	1.519	0	0	-0.4612
10	3	0.828	0	0	-0.5617
10	3	5.608	0	0	-0.3412
10	3	0.272	1	1	-1.732
10	3	1.728	1	0	-0.3307
10	3	0.2357	0	1	1.028
10	3	1.193	1	0	0.6351
10	3	0.3191	1	1	-0.1347
10	3	0.1632	0	1	1.542
10	3	5.63	1	1	0.6048
10	3	0.2219	1	1	-0.009214
10	3	0.168	0	1	0.06999
10	3	5.153	0	0	0.9532
10	3	5.539	0	0	2.544
11	3	0.4666	0	0	1.235
11	3	1.964	0	0	-0.9307
11	3	0.8566	0	1	-0.1636
11	3	1.169	1	1	1.271
11	3	5.491	1	1	0.7676
11	3	0.2376	1	1	0.7077
11	3	5.996	1	1	1.273
11	3	0.01192	0	0	-0.8039
11	3	5.327	1	1	0.0842
11	3	1.757	1	1	-0.6503
11	3	0.7583	0	1	0.3285
11	3	1.978	1	1	0.5387
11	3	0.9124	0	0	1.763
11	3	0.7135	1	1	0.09857
11	3	0.2079	0	0	0.2673
11	3	1.98	1	0	0.5635
11	3	0.4262	0	1	2.195
11	3	4.879	0	0	1.021
11	3	1.55	1	1	1.324
11	3	0.2303	1	1	0.04797
11	3	0.6994	0	1	0.6136
11	3	1.033	0	0	1.342
11	3	5.374	0	0	1.912
11	3	0.3496	1	0	1.254
11	3	0.9117	1	0	0.7306
11	3	1.743	0	0	-0.2693
11	3	0.4496	1	0	0.3364
11	3	2.194	1	1	1.267
11	3	1.97	1	1	0.5241
11	3	0.5046	0	1	-0.5057
11	3	0.08034	0	0	0.569
11	3	5.669	1	1	0.7356
11	3	0.3438	1	1	0.6432
11	3	0.6899	1	0	-0.8457
11	3	1.018	1	1	1.01
11	3	0.9227	0	0	-0.1913
11	3	1.733	0	0	-0.6874
11	3	0.2568	0	1	0.3001
11	3	1.855	1	0	-0.05222
11	3	0.2095	0	1	-0.1613
11	3	0.0283	1	0	-0.9193
11	3	0.5031	0	0	1.256
11	3	5.557	0	1	4.345
11	3	5.587	0	0	-1.207
11	3	5.25	1	1	-0.5535
11	3	0.4039	0	1	1.098
11	3	0.475	0	0	0.05
11	3	5.377	0	0	-0.9577
11	3	0.8982	1	1	2.365
11	3	0.09802	1	0	1.073
12	3	0.6938	0	1	-1.414
12	3	0.6492	0	0	-0.3422
12	3	1.954	0	1	0.1922
12	3	0.8355	1	0	-1.911
12	3	0.1053	0	1	0.2529
12	3	0.56	1	1	-0.5246
12	3	5.564	0	0	-0.7156
12	3	1.418	1	1	-1.418
12	3	0.8434	1	1	0.4923
12	3	0.8528	0	0	1.074
12	3	0.226	0	1	0.5057
12	3	0.645	1	0	-0.2573
12	3	5.212	1	1	-1.29
12	3	0.3589	0	1	1.22
12	3	0.3264	0	1	-0.7514
12	3	1.918	1	1	-0.5273
12	3	5.498	1	1	-1.407
12	3	0.6767	0	0	0.2812
12	3	0.5042	1	1	-0.1816
12	3	0.08705	0	0	0.998
12	3	1.848	0	0	-0.2075
12	3	0.2862	1	0	0.6915
12	3	0.3423	0	1	0.7394
12	3	0.007044	0	1	-0.3319
12	3	0.551	1	0	1.575
12	3	0.6942	0	1	-0.4767
12	3	0.7581	1	0	0.2265
12	3	5.334	1	1	1.208
12	3	1.614	1	1	-0.2523
12	3	5.542	0	0	0.789
12	3	0.2811	1	0	-0.4425
12	3	5.782	1	1	-0.7146
12	3	1.429	1	1	0.05646
12	3	0.8089	0	0	1.101
12	3	0.7238	0	1	2.677
12	3	1.781	0	0	0.4782
12	3	0.3999	0	1	0.8851
12	3	5.375	0	0	-0.557
12	3	0.3483	0	0	-0.9938
12	3	0.8741	0	0	-0.237
12	3	1.836	1	1	-0.7989
12	3	5.126	1	1	-0.8149
12	3	0.3821	0	1	1.669
12	3	1.806	1	1	0.4251
12	3	0.646	0	1	3.228
12	3	1.94	1	1	0.396
12	3	0.325	1	0	-0.4047
12	3	5.345	1	1	-1.062
12	3	5.428	1	1	1.851
12	3	0.2812	1	1	0.2653
13	3	1.878	0	0	1.736
13	3	0.5575	0	1	-0.2027
13	3	0.9209	0	0	0.167
13	3	5.366	1	1	1.525
13	3	0.2285	0	0	0.4572
13	3	5.512	1	1	0.7941
13	3	5.188	1	1	-0.4432
13	3	5.187	1	1	-0.9292
13	3	1.6	1	1	-0.5424
13	3	0.9691	0	0	0.9333
13	3	0.8138	0	1	-0.4543
13	3	2.247	0	0	0.153
13	3	5.507	1	1	-1.052
13	3	0.4268	0	1	-0.4869
13	3	5.421	0	0	-1.104
13	3	0.4337	1	0	1.503
13	3	0.9503	0	0	-0.5364
13	3	0.09921	0	0	-0.4703
13	3	1.72	1	1	-1.05
13	3	1.738	0	0	2.151
13	3	1.85	1	0	0.8226
13	3	0.9008	0	0	-0.6169
13	3	0.6162	0	0	-1.328
13	3	0.3163	1	0	3.699
13	3	0.1299	1	1	0.2844
13	3	5.304	0	0	0.1032
13	3	0.8522	0	0	-0.573
13	3	0.851	0	1	0.2408
13	3	5.664	0	0	1.549
13	3	0.5151	0	0	-1.069
13	3	0.09663	1	0	1.891
13	3	0.006624	1	1	1.588
13	3	1.664	1	1	1.85
13	3	0.1946	1	0	1.619
13	3	0.8414	0	0	-0.1129
13	3	0.00158	0	0	1.057
13	3	1.662	1	1	-0.6163
13	3	5.504	1	1	0.7735
13	3	1.887	1	1	2.219
13	3	0.4704	0	0	-0.278
13	3	0.3437	1	1	0.9384
13	3	0.9698	1	0	0.4915
13	3	5.163	1	1	-2.173
13	3	0.04934	0	1	-1.787
13	3	0.4223	0	0	1.128
13	3	1.722	1	1	0.9787
13	3	0.367	1	1	0.3974
13	3	1.119	0	1	0.1419
13	3	1.454	1	1	-0.0911
13	3	0.3716	0	0	0.8858
14	3	5.459	1	1	0.06023
14	3	1.927	0	0	-0.3048
14	3	1.187	0	0	0.2025
14	3	0.2736	0	0	-0.6036
14	3	1.94	1	0	-0.5821
14	3	1.73	0	0	-0.9905
14	3	0.18	0	1	0.7766
14	3	0.3764	0	1	0.8678
14	3	1.789	0	0	0.5308
14	3	0.05566	0	0	1.208
14	3	0.6914	1	1	0.7163
14	3	0.0004482	0	0	-0.7815
14	3	1.846	0	0	0.01966
14	3	1.144	1	0	0.3128
14	3	5.473	0	0	0.2633
14	3	1.105	1	1	1.67
14	3	5.153	1	1	0.8756
14	3	0.02357	1	1	-0.51
14	3	0.5033	0	0	-1.785
14	3	0.8398	0	0	0.2252
14	3	1.701	0	0	1.071
14	3	1.841	0	0	-0.9647
14	3	1.527	1	1	-0.07904
14	3	0.5024	1	1	-0.2456
14	3	1.956	1	0	0.1317
14	3	0.625	1	0	-0.1517
14	3	0.7712	0	0	0.7458
14	3	0.8013	1	1	0.502
14	3	0.7886	1	1	-1.97
14	3	1.919	1	1	-0.09474
14	3	5.218	0	0	0.9077
14	3	0.441	0	1	-0.8444
14	3	5.337	1	1	-0.401
14	3	1.21	0	0	-0.7824
14	3	0.238	1	1	-0.7605
14	3	5.52	0	0	0.3604
14	3	0.7326	0	0	-1.517
14	3	5.095	1	1	0.9743
14	3	5.225	0	0	-0.2636
14	3	0.1695	0	0	-0.7985
14	3	0.4638	1	0	3.418
14	3	0.4305	0	1	-0.4466
14	3	0.8155	0	1	0.3208
14	3	0.8554	0	1	-1.477
14	3	0.8486	1	0	-0.02519
14	3	5.554	1	1	0.6892
14	3	0.4511	1	1	-0.3961
14	3	0.4512	1	1	-0.8093
14	3	5.594	0	0	0.6253
14	3	0.3566	1	0	0.778
15	3	5.772	0	0	0.131
15	3	1.192	1	1	-0.9875
15	3	0.6967	0	0	2.67
15	3	0.7659	1	1	-3.342
15	3	0.62	0	0	-0.3365
15	3	0.1363	0	0	0.5044
15	3	1.922	0	0	0.1662
15	3	0.3811	1	1	0.2387
15	3	0.376	1	1	0.177
15	3	0.3165	1	1	-0.1735
15	3	0.5816	1	1	1.392
15	3	5.163	1	1	0.2221
15	3	0.61	1	0	-0.7749
15	3	0.4656	0	0	1.016
15	3	0.1869	0	0	-0.3487
15	3	1.477	0	0	-0.815
15	3	5.376	1	1	-0.9197
15	3	0.8655	0	0	0.267
15	3	0.5388	1	0	0.637
15	3	5.108	0	0	0.664
15	3	5.8	0	0	-0.8728
15	3	0.7364	1	0	2.335
15	3	0.04853	0	1	-0.1978
15	3	0.5277	0	0	-0.09534
15	3	1.805	1	1	-0.9713
15	3	0.007252	0	1	0.878
15	3	0.4891	0	0	-0.4236
15	3	1.696	1	1	0.2908
15	3	1.794	0	0	-0.4033
15	3	5.214	0	0	0.1293
15	3	1.48	1	1	-1.123
15	3	1.715	0	0	3.869
15	3	1.356	1	1	0.9349
15	3	2.121	0	0	0.669
15	3	0.2462	1	0	1.634
15	3	0.09742	1	0	1.174
15	3	0.2483	1	0	-0.2949
15	3	1.661	1	0	1.037
15	3	4.835	1	1	-1.208
15	3	5.525	0	0	-1.345
15	3	0.9646	0	1	1.572
15	3	5.41	1	1	1.443
15	3	0.9603	1	1	-1.825
15	3	1.134	1	1	-0.04611
15	3	0.4205	0	1	2.11
15	3	0.3239	1	0	1.404
15	3	0.1292	1	1	-0.2359
15	3	5.475	0	0	0.7859
15	3	0.7682	0	1	2.59
15	3	1.907	1	1	-0.4817
16	3	2.092	1	1	-0.5597
16	3	0.851	0	0	1.232
16	3	0.9421	0	0	-1.394
16	3	5.042	0	0	-1.003
16	3	0.2695	0	1	1.77
16	3	0.8299	0	1	-0.8782
16	3	0.5424	0	1	-0.5002
16	3	0.3703	0	1	0.602
16	3	2.007	0	0	-1.26
16	3	1.621	1	1	-0.9448
16	3	5.132	0	0	0.3879
16	3	0.3658	0	1	-0.3312
16	3	5.467	1	1	0.2187
16	3	0.4161	1	1	0.8821
16	3	1.662	1	1	-0.02773
16	3	1.755	1	1	-0.3713
16	3	5.541	1	1	0.2585
16	3	1.703	1	1	-1.762
16	3	5.419	0	0	0.9473
16	3	1.617	1	1	-0.605
16	3	0.5826	1	0	0.6193
16	3	0.8154	1	0	1.871
16	3	1.082	1	1	0.1071
16	3	0.2252	0	1	-0.1875
16	3	5.485	1	1	0.2627
16	3	0.3025	0	0	1.372
16	3	0.2	1	0	2.022
16	3	0.8004	1	1	0.48
16	3	5.464	0	0	1.846
16	3	0.9172	0	0	2.518
16	3	0.6696	1	1	-0.7755
16	3	1.129	0	0	-0.01953
16	3	0.3466	0	1	0.2523
16	3	0.7266	0	1	0.9294
16	3	4.989	0	0	1.501
16	3	0.1609	1	1	-1.051
16	3	5.655	1	1	0.7594
16	3	0.8368	1	0	-0.07439
16	3	0.168	0	0	-0.2329
16	3	1.133	1	1	1.194
16	3	1.115	0	1	-1.22
16	3	1.846	1	0	1.043
16	3	0.1538	0	0	0.4913
16	3	0.201	1	1	-2.065
16	3	1.652	1	1	0.815
16	3	2.122	1	1	-0.5336
16	3	0.5202	0	0	-0.7842
16	3	0.4751	0	0	1.563
16	3	5.794	0	0	-0.2626
16	3	0.3462	0	1	0.6725
17	3	5.497	1	1	1.024
17	3	1.575	0	0	-0.5624
17	3	0.9501	1	1	-0.583
17	3	0.8484	1	1	-0.7567
17	3	1.784	1	1	-0.2617
17	3	0.1688	1	0	0.1682
17	3	0.4086	1	1	0.4706
17	3	0.8647	0	1	-0.1169
17	3	5.592	1	1	0.2473
17	3	0.2218	0	1	1.277
17	3	0.4242	0	0	0.3779
17	3	5.167	0	0	-0.0123
17	3	1.641	0	0	-1.488
17	3	0.1998	1	0	1.316
17	3	5.488	0	0	0.6804
17	3	1.421	1	1	-2.352
17	3	0.6755	0	1	-1.504
17	3	1.668	1	1	-1.002
17	3	1.088	1	1	0.05336
17	3	5.66	1	1	0.1899
17	3	0.5054	1	1	-0.9413
17	3	0.9768	0	0	-0.2658
17	3	0.5141	0	0	-2.186
17	3	0.1873	0	0	1.959
17	3	5.342	0	0	0.217
17	3	0.5022	0	0	-0.7065
17	3	0.8833	0	0	0.1056
17	3	5.7	0	0	-0.1984
17	3	0.4614	1	1	0.1027
17	3	0.2397	1	0	0.1808
17	3	0.7684	0	1	0.3531
17	3	0.3511	1	0	-0.9587
17	3	1.791	0	0	0.1928
17	3	1.791	1	0	0.365
17	3	0.2375	1	0	0.3155
17	3	5.283	1	1	0.05112
17	3	5.268	0	0	0.8922
17	3	1.884	1	1	1.466
17	3	1.561	1	0	2.185
17	3	0.5463	1	1	-0.7384
17	3	0.4031	0	1	-0.07501
17	3	1.751	0	0	-0.2664
17	3	0.1188	0	0	-0.3199
17	3	0.1308	0	0	-2.294
17	3	5.511	1	1	0.6446
17	3	0.8115	0	0	0.4731
17	3	0.2582	0	1	0.06097
17	3	1.142	1	1	0.1701
17	3	0.2749	1	1	-0.5734
17	3	0.7899	0	0	-0.4306
18	3	1.634	0	0	0.3343
18	3	5.088	0	0	-2.004
18	3	2.046	1	1	-0.7229
18	3	0.6385	0	1	0.6087
18	3	5.716	1	1	0.2762
18	3	5.804	0	0	-1.23
18	3	0.3723	0	1	-0.0922
18	3	1.807	1	1	1.051
18	3	0.4582	1	1	-0.6821
18	3	0.9618	1	1	-0.2162
18	3	5.31	0	0	0.2275
18	3	1.935	0	0	-0.2116
18	3	0.8507	1	1	0.486
18	3	0.6497	1	1	-0.7143
18	3	0.3162	0	0	-0.3858
18	3	0.1341	0	0	0.3347
18	3	5.317	1	1	-0.8157
18	3	2.01	0	1	1.16
18	3	0.09504	0	0	-0.3233
18	3	1.585	0	0	-0.4429
18	3	5.406	1	1	-2.643
18	3	0.8148	1	1	-0.5406
18	3	0.4614	1	1	-0.2283
18	3	0.1768	1	0	0.06206
18	3	2.281	1	0	0.6749
18	3	5.509	1	1	1.922
18	3	0.814	1	1	-0.101
18	3	0.2514	0	0	0.4636
18	3	0.4095	1	0	1.37
18	3	0.486	1	1	-0.7624
18	3	0.9463	0	0	-0.7736
18	3	0.9204	1	1	1.355
18	3	1.826	0	0	0.8183
18	3	5.394	0	0	-0.8066
18	3	5.361	1	1	-0.9858
18	3	0.8912	1	1	0.3356
18	3	0.7639	1	0	0.7052
18	3	0.2506	1	0	-0.8706
18	3	0.5045	0	0	0.1834
18	3	0.9289	1	0	0.6428
18	3	1.635	0	1	2.361
18	3	0.002523	1	1	-0.9122
18	3	0.6299	1	0	-0.3251
18	3	2.101	0	0	-2.083
18	3	5.731	1	1	-0.3516
18	3	0.5929	0	1	0.941
18	3	0.1708	0	1	0.3117
18	3	0.5736	0	0	0.3066
18	3	1.001	0	0	1.831
18	3	0.15	1	0	1.257
19	3	0.3252	1	0	-0.542
19	3	0.4094	1	1	-1.799
19	3	0.495	0	0	-0.7989
19	3	0.06145	0	1	-1.284
19	3	0.2115	1	0	-0.4499
19	3	0.1077	0	1	0.7599
19	3	1.201	1	1	-0.2809
19	3	0.8115	0	1	0.1579
19	3	1.878	0	0	-1.384
19	3	0.7208	0	1	1.679
19	3	1.467	0	0	-1.271
19	3	0.2468	0	1	0.693
19	3	0.09736	1	0	-1.19
19	3	5.825	0	0	-2.451
19	3	5.248	1	1	-1.33
19	3	1.981	0	0	0.1458
19	3	0.3467	1	1	-1.166
19	3	0.1742	1	1	-0.2683
19	3	5.427	1	1	0.003552
19	3	1.871	1	0	1.094
19	3	5.557	1	1	-0.4658
19	3	0.8708	0	0	-0.6338
19	3	0.988	1	1	-0.3473
19	3	0.401	1	1	0.7894
19	3	1.922	1	0	-0.136
19	3	0.4363	0	1	0.3166
19	3	1.683	0	0	-1.038
19	3	0.7683	0	0	-0.438
19	3	5.279	1	1	-1.376
19	3	0.1054	0	1	0.91
19	3	1.727	0	1	0.3036
19	3	0.5358	0	0	1.552
19	3	0.07346	1	0	0.9963
19	3	0.3345	0	0	0.867
19	3	0.5901	1	1	-1.368
19	3	1.668	0	0	0.234
19	3	0.7249	0	1	1.566
19	3	5.544	1	1	-0.2965
19	3	1.675	1	1	-0.4383
19	3	0.9871	1	1	0.1334
19	3	1.786	1	1	-0.7567
19	3	5.374	1	1	-0.188
19	3	0.6142	0	0	-0.1448
19	3	0.8304	0	0	0.2837
19	3	0.1248	1	0	0.9555
19	3	5.516	0	0	-1.064
19	3	5.67	1	1	-1.01
19	3	0.9307	0	0	-1.1
19	3	0.2833	0	0	0.6056
20	4	0.3533	0	1	-1.293
20	4	3.569	0	0	2.307
20	4	0.8141	0	0	0.7249
20	4	3.349	1	1	-0.558
20	4	0.3119	0	0	0.2545
20	4	3.492	0	0	0.1362
20	4	0.07414	1	1	-0.4928
20	4	0.6277	1	0	0.4764
20	4	0.3317	0	1	0.105
20	4	0.1064	0	1	0.104
20	4	0.2078	0	1	-0.56
20	4	0.1218	1	1	0.0008014
20	4	0.9809	0	1	1.232
20	4	0.3208	0	0	-0.2489
20	4	0.0156	0	0	-0.05989
20	4	1.107	0	0	-0.5918
20	4	1.067	1	1	-0.9609
20	4	0.5506	1	1	-0.8936
20	4	0.6434	1	0	-0.8232
20	4	0.2369	1	0	0.4954
20	4	0.04723	1	1	-1.5
20	4	0.2365	0	1	-0.3084
20	4	0.8064	1	0	-1.221
20	4	1.227	0	0	-0.6157
20	4	0.1478	1	0	0.579
20	4	3.976	1	1	1.762
20	4	0.2203	1	0	0.3453
20	4	0.1401	0	1	-0.3182
20	4	1.073	1	0	-1.124
20	4	3.886	1	1	-1.275
20	4	0.1386	1	0	0.3344
20	4	3.541	1	1	-0.8209
20	4	0.2805	0	0	1.096
20	4	0.4456	0	0	-1.038
20	4	0.6727	1	0	-0.2339
20	4	0.9726	0	0	0.9617
20	4	1.31	0	0	0.8812
20	4	0.8898	0	0	0.8577
20	4	3.672	0	0	0.7962
20	4	0.07512	0	0	-0.398
20	4	1.129	1	1	2.881
20	4	0.4856	0	1	-0.5377
20	4	0.1779	1	0	0.3252
20	4	0.06616	1	1	-0.03071
20	4	0.1915	0	0	-0.224
20	4	3.706	1	1	0.08689
20	4	0.02154	1	0	1.056
20	4	0.08916	1	0	-0.1252
20	4	3.872	0	0	0.3888
20	4	3.839	0	0	-0.6358
21	4	0.02812	0	0	-0.1193
21	4	0.9581	0	0	-0.4779
21	4	0.2965	0	0	-0.7317
21	4	0.397	1	1	1.14
21	4	3.417	1	1	0.5702
21	4	0.04926	0	1	0.01683
21	4	3.483	1	1	0.8178
21	4	0.2394	1	1	-0.4469
21	4	3.929	1	1	-0.7703
21	4	0.9489	1	0	-1.327
21	4	0.3263	0	1	-0.2001
21	4	1.177	1	1	0.1737
21	4	0.5518	0	0	0.2602
21	4	0.7525	1	1	0.6057
21	4	0.1038	0	1	0.4827
21	4	0.5489	1	1	0.02664
21	4	0.2375	1	1	0.5105
21	4	3.643	0	0	0.4565
21	4	0.8095	1	1	2.424
21	4	0.3351	1	0	1.705
21	4	0.6316	0	1	0.5697
21	4	0.1779	0	0	-0.7044
21	4	3.257	0	0	-0.06949
21	4	0.4661	1	1	0.7684
21	4	0.03448	0	1	-1.139
21	4	1.055	0	0	1.35
21	4	0.09649	1	0	1.087
21	4	0.9037	1	1	-0.1048
21	4	0.794	1	1	0.3275
21	4	0.1922	0	1	1.351
21	4	0.2111	1	0	-0.3091
21	4	3.513	1	1	0.3513
21	4	0.2951	1	0	1.066
21	4	0.009077	1	0	-0.2487
21	4	0.618	1	1	0.8195
21	4	0.6195	0	1	1.03
21	4	1.202	0	0	0.4751
21	4	0.2192	0	1	1.511
21	4	0.558	1	1	0.7962
21	4	0.1997	0	1	0.9601
21	4	0.1419	0	0	-1.538
21	4	0.6934	0	1	2.671
21	4	3.656	0	0	-0.5334
21	4	3.795	0	0	1.045
21	4	3.447	1	1	0.6459
21	4	0.6224	0	0	0.1421
21	4	0.1974	0	1	-0.4565
21	4	3.686	0	0	-0.2885
21	4	0.1201	1	0	0.2935
21	4	0.2994	0	0	0.07434
22	4	0.4576	0	1	-0.2307
22	4	0.6775	0	0	0.1619
22	4	0.8159	0	0	-0.09596
22	4	0.1278	1	1	-1.045
22	4	0.03704	0	1	0.08023
22	4	0.1923	0	1	-0.312
22	4	3.948	0	0	0.4758
22	4	0.7122	1	1	0.2497
22	4	0.3817	1	1	0.4881
22	4	0.4643	0	0	0.8726
22	4	0.04462	0	1	1.045
22	4	0.1421	1	0	-0.2286
22	4	3.634	1	1	0.1565
22	4	0.1091	0	1	-0.6557
22	4	0.2351	0	1	-0.9573
22	4	0.9952	1	0	1.048
22	4	3.485	1	1	0.6678
22	4	0.1952	0	0	0.986
22	4	0.3201	1	1	-0.8043
22	4	0.2413	0	1	0.7482
22	4	0.8811	0	1	-0.4353
22	4	0.4605	1	0	1.578
22	4	0.2587	0	1	1.031
22	4	0.3603	0	0	-0.7583
22	4	0.4846	1	1	0.2354
22	4	0.2538	0	1	0.3592
22	4	0.4492	1	1	1.773
22	4	3.701	1	1	0.6825
22	4	0.9357	1	1	-0.4111
22	4	3.868	0	1	1.267
22	4	0.3068	1	1	-0.1397
22	4	3.737	1	1	0.2362
22	4	0.9474	1	1	-0.1887
22	4	0.4485	0	0	-1.178
22	4	0.3519	0	0	-0.856
22	4	0.8304	0	0	-0.7876
22	4	0.2886	0	0	-0.6057
22	4	3.47	0	0	-1.035
22	4	0.1685	0	1	-0.8438
22	4	0.2272	0	0	0.03125
22	4	0.8023	1	1	0.4465
22	4	3.695	1	1	0.7004
22	4	0.2528	0	0	-0.2476
22	4	0.8011	1	0	0.7266
22	4	0.1402	1	1	2.728
22	4	0.4782	1	0	-0.9698
22	4	0.3599	1	0	0.3092
22	4	3.765	1	1	-2.149
22	4	3.559	1	1	1.376
22	4	0.386	1	1	0.4157
23	4	0.6949	0	0	0.05296
23	4	0.01253	1	0	-1.355
23	4	0.2497	0	1	-0.7964
23	4	3.658	1	1	1.045
23	4	0.272	1	1	2.085
23	4	3.285	1	1	-2.161
23	4	3.523	1	1	-1.65
23	4	3.699	1	1	-1.206
23	4	0.4304	1	0	0.1903
23	4	0.5893	0	0	0.8717
23	4	0.08042	1	0	0.5242
23	4	0.7867	0	0	1.341
23	4	3.82	1	1	0.3453
23	4	0.2772	0	0	-0.5189
23	4	3.576	0	0	0.2611
23	4	0.3154	1	0	2.377
23	4	0.2719	0	0	0.1503
23	4	0.1605	0	0	1.554
23	4	0.9504	1	0	-0.7673
23	4	0.7693	0	0	-0.9965
23	4	0.6043	1	1	-0.6281
23	4	0.237	0	0	0.5662
23	4	0.12	0	0	0.5446
23	4	0.2952	1	1	1.207
23	4	0.0672	0	1	0.02289
23	4	3.99	0	0	-0.1864
23	4	0.3919	0	0	-1.329
23	4	0.2535	0	0	-0.1492
23	4	3.359	0	0	1.74
23	4	0.5621	0	1	0.1511
23	4	0.09881	1	0	1.257
23	4	0.05091	0	1	-0.8948
23	4	1.058	1	0	1.146
23	4	0.1583	1	0	-0.3922
23	4	0.7953	0	0	-0.3947
23	4	0.1588	1	0	2.019
23	4	0.6332	1	1	0.6955
23	4	3.526	1	1	0.4612
23	4	0.9437	1	1	0.1821
23	4	0.4919	0	1	0.4332
23	4	0.2669	1	1	1.751
23	4	0.01014	1	1	2.324
23	4	3.61	1	1	0.752
23	4	0.2818	0	0	-0.5423
23	4	0.4934	0	0	0.6455
23	4	0.7718	1	1	0.4059
23	4	0.2771	1	0	1.137
23	4	0.4527	0	1	1.438
23	4	0.5821	1	1	0.1733
23	4	0.1134	0	1	1.158
24	4	3.604	1	0	-1.445
24	4	0.7012	0	1	1.044
24	4	0.5372	0	1	0.7436
24	4	0.2535	0	1	-0.7228
24	4	0.6079	1	0	0.1906
24	4	0.658	0	1	0.1782
24	4	0.02261	0	1	0.6653
24	4	0.5179	0	0	-0.3801
24	4	0.9659	0	0	-0.2026
24	4	0.1122	1	0	-0.8619
24	4	0.3203	1	1	-0.4574
24	4	0.2601	1	1	-0.07894
24	4	0.7244	0	0	1.01
24	4	0.3428	1	0	-0.1049
24	4	3.911	0	0	-0.6627
24	4	0.562	1	0	0.951
24	4	3.572	1	1	-0.6654
24	4	0.3482	1	0	0.303
24	4	0.3013	0	1	0.5492
24	4	0.3611	0	1	0.526
24	4	0.7113	0	0	-0.345
24	4	1.203	0	1	-0.2352
24	4	0.9828	1	1	0.9651
24	4	0.1829	1	1	0.4028
24	4	1.141	1	1	0.6159
24	4	0.4787	1	1	0.6327
24	4	0.5254	0	0	1.902
24	4	0.6557	1	0	-0.6104
24	4	0.3645	1	0	-1.175
24	4	1.116	1	0	-0.8508
24	4	3.847	0	0	0.4515
24	4	0.3884	0	0	0.05535
24	4	3.613	1	1	0.1929
24	4	0.3657	0	0	-0.4779
24	4	0.3203	1	1	-1.115
24	4	3.813	0	0	0.1049
24	4	0.4581	0	0	0.6546
24	4	3.553	1	1	0.1664
24	4	3.701	0	0	1.091
24	4	0.1463	0	0	-0.1557
24	4	0.5125	1	0	0.3904
24	4	0.313	0	1	-0.5443
24	4	0.4555	0	0	-0.7089
24	4	0.05888	1	1	0.2718
24	4	0.5004	1	0	-0.05783
24	4	3.607	1	1	-0.1589
24	4	0.09715	0	1	-0.492
24	4	0.07638	1	1	0.3954
24	4	3.419	0	0	0.6413
24	4	0.07516	0	0	0.7649
25	4	3.563	0	0	-2.618
25	4	0.2834	1	0	-0.8431
25	4	0.6167	0	1	1.016
25	4	0.5428	1	1	-0.7435
25	4	0.004956	0	1	-0.3131
25	4	0.01048	0	0	1.015
25	4	0.7383	0	1	0.115
25	4	0.0673	0	0	0.4825
25	4	0.2491	1	1	0.3536
25	4	0.05598	1	1	0.5484
25	4	0.0109	1	1	-0.2036
25	4	3.425	1	1	-0.7762
25	4	0.4188	1	1	-0.799
25	4	0.03843	0	0	-0.7704
25	4	0.05537	1	0	-0.7026
25	4	0.7563	0	1	-0.4102
25	4	3.539	1	1	0.8989
25	4	0.3561	0	1	-0.7117
25	4	0.3967	1	1	-0.07506
25	4	3.648	0	0	-0.04773
25	4	3.336	0	0	0.9732
25	4	0.1721	1	0	1.169
25	4	0.4317	0	0	0.3786
25	4	0.09417	1	1	-0.1586
25	4	1.042	1	1	-1.094
25	4	0.1707	0	1	-0.5225
25	4	0.3218	0	0	1.202
25	4	0.9422	1	1	-1.214
25	4	0.7481	0	1	0.9814
25	4	3.949	0	0	-1.792
25	4	0.7301	1	1	0.4185
25	4	1.002	0	0	-0.1619
25	4	0.6756	1	0	0.0429
25	4	0.763	0	1	1.639
25	4	0.6795	1	1	0.6077
25	4	0.7039	1	1	0.7173
25	4	0.4683	0	0	0.803
25	4	1.177	1	1	1.28
25	4	3.559	1	1	0.6195
25	4	4.106	0	0	-1.405
25	4	0.489	0	1	1.027
25	4	3.917	1	1	0.1055
25	4	0.128	1	1	-0.3668
25	4	0.328	1	1	0.9165
25	4	0.0002003	1	0	-0.3117
25	4	0.4661	1	0	1.856
25	4	0.3061	1	0	0.843
25	4	3.614	0	0	0.1392
25	4	0.5922	0	1	0.8559
25	4	0.8951	1	1	0.1743
26	4	1.023	1	1	0.8969
26	4	0.4958	0	1	-0.1747
26	4	0.3474	0	1	0.6214
26	4	3.833	0	0	1.224
26	4	0.1326	0	1	0.6699
26	4	0.03182	0	0	-0.5221
26	4	0.02622	0	1	0.5498
26	4	0.0409	0	0	0.3378
26	4	1.132	0	1	0.815
26	4	0.8496	1	0	2.135
26	4	3.064	0	1	-1.496
26	4	0.449	0	0	0.5664
26	4	3.816	1	0	0.2901
26	4	0.2533	1	1	-0.9177
26	4	1.153	1	1	-0.1271
26	4	1.025	1	1	-0.7612
26	4	3.601	1	1	-1.176
26	4	1.166	1	0	-0.5803
26	4	3.602	0	0	1.237
26	4	0.8075	1	1	-1.587
26	4	0.2454	1	1	-0.1044
26	4	0.03611	1	1	-0.698
26	4	0.5798	1	1	0.7356
26	4	0.2079	0	1	2.248
26	4	3.672	1	0	0.04217
26	4	0.09593	0	1	1.675
26	4	0.07384	1	0	0.2519
26	4	0.4265	1	1	0.9337
26	4	3.882	0	0	-0.6775
26	4	0.6152	0	0	0.009101
26	4	0.4211	1	1	0.5185
26	4	0.05932	0	1	0.1357
26	4	0.3288	1	1	0.6296
26	4	0.1441	0	0	-0.469
26	4	3.731	0	0	-1.497
26	4	0.01862	0	1	-1.054
26	4	3.099	1	1	0.4797
26	4	0.4403	1	1	2.732
26	4	0.4145	1	0	-0.04029
26	4	0.2598	1	1	-0.4744
26	4	0.4081	0	1	1.255
26	4	0.8371	1	1	-0.08899
26	4	0.4814	1	0	0.2188
26	4	0.144	1	0	-0.5573
26	4	0.7988	1	1	-0.966
26	4	1.111	1	1	-0.1456
26	4	0.1808	0	0	1.002
26	4	0.3113	0	1	0.007421
26	4	3.332	0	0	-1.293
26	4	0.03812	0	1	0.6475
27	4	3.623	1	1	1.172
27	4	1.253	0	0	-0.4733
27	4	0.7576	1	0	0.6257
27	4	0.6158	1	0	-1.29
27	4	0.7246	1	1	-0.9788
27	4	0.4475	1	1	-1.496
27	4	0.00792	0	1	-0.4938
27	4	0.4408	0	1	0.6912
27	4	3.655	1	1	-0.8243
27	4	0.1863	0	1	0.4042
27	4	0.1949	0	1	-0.2486
27	4	3.853	0	0	-2.534
27	4	0.6613	0	0	-0.5478
27	4	0.1014	0	0	2.127
27	4	3.564	0	0	-0.5537
27	4	0.9905	1	1	0.8837
27	4	0.6434	0	0	0.7454
27	4	0.7898	1	0	-0.4495
27	4	0.3268	1	1	-3.395
27	4	3.397	1	1	0.5774
27	4	0.0121	0	0	0.7397
27	4	0.1954	0	1	-0.9055
27	4	0.1188	0	0	-0.9047
27	4	0.3523	0	1	-0.9058
27	4	3.524	0	0	-0.9056
27	4	0.2613	0	0	-0.9061
27	4	0.5792	0	1	-0.9061
27	4	3.533	0	0	-0.2033
27	4	0.1933	1	1	-0.7398
27	4	0.1121	1	0	-0.6122
27	4	0.0915	1	0	0.6992
27	4	0.2632	1	0	0.07594
27	4	0.92	0	1	-0.6144
27	4	0.9328	1	1	2.148
27	4	0.02541	1	0	-0.2133
27	4	3.411	1	1	-1.24
27	4	3.488	0	1	-0.6825
27	4	0.7554	1	1	0.4291
27	4	0.8621	1	1	2.13
27	4	0.1778	1	0	1.221
27	4	0.03049	1	0	-0.4937
27	4	0.9833	0	0	0.1519
27	4	0.07079	0	1	0.4905
27	4	0.3786	0	0	0.2071
27	4	3.769	1	1	-0.05126
27	4	0.6215	0	1	-2.01
27	4	0.1981	0	0	1.36
27	4	0.4848	1	0	-1.688
27	4	0.22	1	1	-0.8027
27	4	0.5243	0	1	1.466
28	4	0.9054	0	0	-1.38
28	4	3.55	0	0	0.2748
28	4	0.9913	1	0	0.6702
28	4	0.1777	0	0	-0.1429
28	4	3.411	1	1	0.3389
28	4	3.667	0	0	-0.5839
28	4	0.4381	0	1	0.5247
28	4	1.081	1	1	0.3938
28	4	0.04856	0	1	0.02026
28	4	0.4056	1	0	0.6419
28	4	3.585	0	0	0.2421
28	4	1.013	0	1	-0.4221
28	4	0.2207	1	0	-0.2694
28	4	0.2599	1	1	-1.479
28	4	0.1314	0	0	0.04407
28	4	0.05756	0	1	-0.1305
28	4	3.774	1	0	0.3304
28	4	1.052	0	0	-1.245
28	4	0.4942	0	0	0.4109
28	4	1.132	0	1	-0.016
28	4	3.421	1	1	-1.131
28	4	0.3612	1	1	-1.462
28	4	0.5741	1	1	-0.05155
28	4	0.657	1	1	0.4824
28	4	1.305	1	1	-0.03975
28	4	3.466	1	1	0.4244
28	4	0.4763	1	1	-1.006
28	4	0.3524	0	1	0.04902
28	4	0.004284	0	0	0.5627
28	4	0.07385	1	0	0.5535
28	4	0.6734	0	0	-0.8552
28	4	0.3044	1	0	0.2662
28	4	1.117	0	0	0.1485
28	4	3.561	0	0	-0.5123
28	4	3.398	1	1	-1.946
28	4	0.4944	1	0	1.24
28	4	0.02804	1	0	0.08777
28	4	0.2107	0	1	0.7221
28	4	0.3628	0	1	0.2852
28	4	0.6916	1	0	0.04042
28	4	0.8737	0	1	1.34
28	4	0.1346	1	1	0.5969
28	4	0.1844	1	0	-0.4895
28	4	0.9732	0	0	-1.13
28	4	3.504	1	1	-0.0421
28	4	0.108	0	1	1.433
28	4	0.2724	1	0	0.1221
28	4	0.0368	0	1	1.156
28	4	0.6769	0	0	0.03621
28	4	0.04427	0	0	-0.1232
29	4	0.07666	0	1	0.3096
29	4	0.5272	1	0	-0.06427
29	4	0.1849	0	1	-0.2145
29	4	0.1249	1	0	0.3812
29	4	0.2096	1	1	-0.5004
29	4	0.2402	1	1	0.8886
29	4	0.5772	1	1	-0.2983
29	4	0.7012	0	1	-0.2964
29	4	3.685	0	0	-0.2438
29	4	0.7573	0	0	0.2019
29	4	0.2701	0	1	-0.4248
29	4	0.8145	0	1	-0.7421
29	4	0.2599	0	0	0.1241
29	4	0.2189	1	1	-0.1327
29	4	3.317	0	0	-0.773
29	4	4.067	1	1	-1.214
29	4	1.057	0	0	-0.1031
29	4	0.1117	1	1	1.17
29	4	0.1009	0	0	0.02534
29	4	3.332	1	1	-0.5004
29	4	1.072	1	1	-0.2945
29	4	3.81	1	0	0.4875
29	4	0.4738	0	0	-0.431
29	4	0.754	1	0	-0.5328
29	4	0.1596	1	0	-0.5148
29	4	0.8214	1	1	-0.2605
29	4	0.541	0	0	0.1602
29	4	1.075	0	0	-0.6667
29	4	0.629	0	0	-2.345
29	4	3.625	1	1	0.7278
29	4	0.2211	0	1	-0.4705
29	4	0.8824	0	0	-0.9598
29	4	0.03861	0	1	-0.3852
29	4	0.121	1	1	-0.6268
29	4	0.2742	0	0	0.03552
29	4	0.02161	1	1	-0.2088
29	4	0.6368	0	1	0.534
29	4	0.1631	0	0	0.3603
29	4	3.652	1	0	-0.4766
29	4	0.7294	1	1	-1.576
29	4	0.6744	1	1	0.5643
29	4	1.073	1	1	0.5873
29	4	3.653	1	1	-2.792
29	4	0.4527	0	0	0.418
29	4	0.6199	0	0	-1.075
29	4	0.2132	1	0	1.144
29	4	3.589	0	0	-1.413
29	4	3.453	1	0	0.5165
29	4	0.2271	0	1	0.6542
29	4	0.5084	0	1	0.5195
30	5	0.3527	0	1	-0.4413
30	5	3.567	0	0	0.01702
30	5	0.8131	0	0	-0.2321
30	5	3.362	1	0	-0.04744
30	5	0.3082	0	1	0.2435
30	5	3.494	0	0	1.572
30	5	0.07878	1	1	1.282
30	5	0.6286	1	1	-0.614
30	5	0.3306	0	0	0.7604
30	5	0.1038	0	1	-0.9711
30	5	0.207	0	0	-0.5265
30	5	0.1255	1	0	0.1528
30	5	0.9806	0	1	-0.9814
30	5	0.3207	0	0	2.026
30	5	0.01567	0	0	-0.4792
30	5	1.104	0	0	-0.2848
30	5	1.064	1	1	-0.7277
30	5	0.5486	1	0	-0.1936
30	5	0.6367	1	0	0.6042
30	5	0.2378	1	1	-1.02
30	5	0.04287	1	1	0.7209
30	5	0.2358	0	1	2.025
30	5	0.8032	1	0	0.3223
30	5	1.226	0	1	-0.08272
30	5	0.1455	1	1	0.978
30	5	3.978	1	1	0.7088
30	5	0.2206	1	0	-0.1018
30	5	0.1435	0	0	-0.09692
30	5	1.075	1	0	-0.3639
30	5	3.888	1	1	0.985
30	5	0.141	1	1	-0.2093
30	5	3.541	1	1	-0.1972
30	5	0.2799	0	0	-0.6774
30	5	0.4564	0	0	0.7788
30	5	0.669	1	0	-2.038
30	5	0.9703	0	0	-0.4795
30	5	1.311	0	0	-0.9855
30	5	0.8917	0	0	0.9233
30	5	3.673	0	0	-0.7569
30	5	0.07422	0	1	0.5077
30	5	1.128	1	1	-0.3251
30	5	0.4892	0	0	-0.008346
30	5	0.1787	1	0	0.4176
30	5	0.06458	1	0	1.5
30	5	0.1901	0	1	-0.261
30	5	3.711	1	0	-0.1774
30	5	0.01906	1	1	-0.2364
30	5	0.08797	1	0	0.8062
30	5	3.879	0	0	-0.5511
30	5	3.841	0	0	-0.6001
31	5	0.03075	0	1	0.819
31	5	0.9564	0	0	-0.3218
31	5	0.2998	0	0	-0.6402
31	5	0.3986	1	0	-0.2794
31	5	3.416	1	1	0.2736
31	5	0.05059	0	1	-0.5022
31	5	3.484	1	1	0.7932
31	5	0.2412	1	0	-0.7242
31	5	3.928	1	1	0.05781
31	5	0.9449	1	0	-0.8808
31	5	0.3253	0	1	0.3584
31	5	1.176	1	0	1.261
31	5	0.5499	0	1	0.8521
31	5	0.7556	1	0	0.4888
31	5	0.09987	0	1	0.9118
31	5	0.5468	1	1	-0.6999
31	5	0.2357	1	1	1.498
31	5	3.647	0	0	-0.237
31	5	0.8088	1	0	1.742
31	5	0.3315	1	0	1.631
31	5	0.6363	0	1	1.497
31	5	0.1793	0	1	-0.5211
31	5	3.258	0	0	-0.3831
31	5	0.4674	1	0	0.1098
31	5	0.0326	0	0	0.6172
31	5	1.052	0	0	-0.3762
31	5	0.0978	1	1	0.1715
31	5	0.9017	1	1	0.7196
31	5	0.7966	1	1	-0.4325
31	5	0.1924	0	1	0.07112
31	5	0.2099	1	0	1.089
31	5	3.513	1	1	1.212
31	5	0.2981	1	0	1.913
31	5	0.009243	1	0	1.64
31	5	0.6173	1	1	0.8814
31	5	0.6187	0	1	0.02855
31	5	1.203	0	0	1.442
31	5	0.2206	0	0	-0.08634
31	5	0.5629	1	0	0.6827
31	5	0.1994	0	1	2.532
31	5	0.1449	0	0	-1.207
31	5	0.6936	0	1	2.324
31	5	4.038	0	0	0.4182
31	5	3.799	0	0	-0.4779
31	5	3.355	1	1	0.4695
31	5	0.1997	0	1	0.5395
31	5	0.3772	0	0	1.851
31	5	3.716	0	0	0.6647
31	5	0.4616	1	1	0.7746
31	5	0.1832	1	1	2.941
32	5	0.7324	0	1	-0.8009
32	5	0.3763	0	0	-1.922
32	5	0.8939	0	0	-0.4287
32	5	0.3131	1	0	-0.7735
32	5	0.09392	0	1	0.199
32	5	0.4397	1	1	-0.5634
32	5	3.579	0	0	0.139
32	5	0.9896	1	1	0.997
32	5	0.1852	1	1	0.2469
32	5	0.5678	0	1	1.753
32	5	0.2251	1	1	-0.1885
32	5	0.2112	1	0	-0.0153
32	5	3.624	1	1	-1.673
32	5	0.3188	0	1	0.1951
32	5	0.1996	0	0	-0.8776
32	5	0.8913	1	0	-0.466
32	5	3.914	1	0	0.3976
32	5	0.2643	0	0	-0.4103
32	5	0.9146	1	0	1.47
32	5	0.6816	0	1	-0.1226
32	5	0.9364	0	1	-0.5444
32	5	0.1001	0	1	0.2716
32	5	0.5427	0	0	-1.012
32	5	0.01981	1	0	-0.757
32	5	0.08691	1	1	-1.188
32	5	0.6713	0	1	-0.5065
32	5	0.5471	1	1	-0.8711
32	5	4.135	1	1	1.643
32	5	1.016	1	1	0.9425
32	5	3.357	0	1	0.4126
32	5	0.0232	1	0	-0.7015
32	5	3.867	1	1	0.646
32	5	0.922	1	0	-0.1383
32	5	0.2675	0	1	-0.234
32	5	0.351	0	0	1.431
32	5	0.9639	0	0	0.5633
32	5	0.2456	0	0	-0.5845
32	5	3.882	0	0	0.63
32	5	0.3343	0	0	-0.9088
32	5	0.3229	0	1	0.5916
32	5	0.9091	1	1	-0.9292
32	5	3.828	1	1	-0.0945
32	5	0.2452	0	0	-0.7982
32	5	0.802	1	0	0.6196
32	5	0.1411	1	1	-0.3712
32	5	0.4808	1	1	-0.5331
32	5	0.3584	1	1	0.3386
32	5	3.765	1	1	-0.6134
32	5	3.558	1	1	-0.8706
32	5	0.3839	1	0	1.227
33	5	0.6881	0	0	-0.2454
33	5	0.01065	1	0	0.8084
33	5	0.2489	0	0	-2.312
33	5	3.659	1	1	-0.383
33	5	0.2733	1	0	0.05063
33	5	3.284	1	1	-1.437
33	5	3.528	1	1	0.05073
33	5	3.698	1	1	-0.2708
33	5	0.4348	1	1	0.1175
33	5	0.5923	0	0	-0.5169
33	5	0.08224	1	0	-0.3557
33	5	0.7864	0	1	-0.8353
33	5	3.821	1	1	-0.5361
33	5	0.271	0	0	0.6463
33	5	3.577	0	0	-1.835
33	5	0.3161	1	1	-0.06321
33	5	0.275	0	0	0.01733
33	5	0.1649	0	0	-1.477
33	5	0.9508	1	1	-1.115
33	5	0.772	0	0	0.7251
33	5	0.6039	1	0	-1.156
33	5	0.2375	0	1	0.3444
33	5	0.1211	0	0	-0.3129
33	5	0.2945	1	0	0.7414
33	5	0.06788	0	0	-0.4559
33	5	3.992	0	0	-0.4419
33	5	0.3926	0	1	0.477
33	5	0.2559	0	0	-0.9096
33	5	3.36	0	0	-0.8567
33	5	0.5618	0	1	0.7086
33	5	0.09587	1	0	-0.7837
33	5	0.05444	0	0	0.08598
33	5	1.057	1	0	-0.004896
33	5	0.1578	1	1	0.2011
33	5	0.7966	0	1	-1.124
33	5	0.1609	1	1	-1.515
33	5	0.634	1	1	-0.7809
33	5	3.529	1	1	-0.5987
33	5	0.947	1	1	0.5309
33	5	0.4967	0	0	-0.8519
33	5	0.2626	1	1	-0.1733
33	5	0.008817	1	1	-0.07454
33	5	3.606	1	1	-1.673
33	5	0.2822	0	0	-1.872
33	5	0.4941	0	0	0.4559
33	5	0.7709	1	1	0.1264
33	5	0.2766	1	1	-0.519
33	5	0.4512	0	0	-1.641
33	5	0.5816	1	0	-0.4941
33	5	0.1128	0	0	0.4672
34	5	3.604	1	0	-0.1012
34	5	0.701	0	1	-0.2645
34	5	0.538	0	1	0.1587
34	5	0.2557	0	1	-0.2407
34	5	0.6096	1	0	-0.119
34	5	0.6564	0	1	0.2043
34	5	0.02592	0	0	1.283
34	5	0.5208	0	1	0.613
34	5	0.9668	0	0	-1.183
34	5	0.1036	1	1	-0.08553
34	5	0.3209	1	1	-0.7232
34	5	0.2613	1	1	-0.02976
34	5	0.7197	0	0	0.3266
34	5	0.3407	1	0	-0.6526
34	5	3.911	0	0	0.829
34	5	0.5579	1	0	0.2246
34	5	3.57	1	1	-1.44
34	5	0.3562	1	1	-0.3327
34	5	0.3013	0	1	1.293
34	5	0.3599	0	0	0.9152
34	5	0.7098	0	0	1.475
34	5	1.204	0	1	0.8283
34	5	0.9788	1	0	1.542
34	5	0.1803	1	0	1.299
34	5	1.141	1	1	-0.4889
34	5	0.4872	1	1	-0.2129
34	5	0.5285	0	1	-0.07439
34	5	0.6564	1	1	-1.875
34	5	0.3618	1	1	-0.5543
34	5	1.112	1	1	0.09233
34	5	3.845	0	0	-0.2619
34	5	0.3876	0	1	1.426
34	5	3.612	1	1	0.2053
34	5	0.3603	0	1	0.1018
34	5	0.3202	1	1	-0.4595
34	5	3.819	0	0	-1.037
34	5	0.4579	0	0	-1.363
34	5	3.555	1	1	-0.3602
34	5	3.705	0	0	-0.6983
34	5	0.1496	0	0	0.05667
34	5	0.5109	1	0	2.329
34	5	0.3136	0	1	-0.7004
34	5	0.4559	0	1	-0.1428
34	5	0.0587	1	0	-0.2002
34	5	0.4985	1	0	0.5884
34	5	3.606	1	1	-0.7971
34	5	0.09784	0	0	0.4972
34	5	0.07875	1	1	-0.6256
34	5	3.422	0	0	0.3264
34	5	0.07318	0	0	-0.4708
35	5	3.567	0	0	-1.061
35	5	0.2855	1	0	-1.446
35	5	0.6137	0	1	-0.6435
35	5	0.5417	1	1	-0.914
35	5	0.0002079	0	1	-0.2469
35	5	0.01509	0	0	-1.136
35	5	0.7459	0	0	-0.7745
35	5	0.07086	0	1	0.1386
35	5	0.2497	1	1	-0.4219
35	5	0.05413	1	0	0.2033
35	5	0.01145	1	1	-0.6443
35	5	3.425	1	1	0.9675
35	5	0.4183	1	1	-0.7552
35	5	0.03635	0	0	-0.3729
35	5	0.05377	1	0	0.0917
35	5	0.7596	0	0	-0.5194
35	5	3.538	1	1	-0.9737
35	5	0.3576	0	0	-0.1022
35	5	0.3932	1	0	-0.8953
35	5	3.649	0	0	-0.3194
35	5	3.336	0	0	0.5101
35	5	0.1696	1	0	0.03769
35	5	0.4303	0	0	-0.05974
35	5	0.09571	1	0	-0.3575
35	5	1.042	1	0	0.5071
35	5	0.1716	0	1	-0.143
35	5	0.3208	0	0	1.176
35	5	0.9426	1	1	-0.2533
35	5	0.7488	0	1	1.042
35	5	3.946	0	0	-0.8114
35	5	0.7314	1	1	-1.51
35	5	1.002	0	1	-0.1173
35	5	0.672	1	0	0.3429
35	5	0.7597	0	1	-0.4232
35	5	0.6788	1	1	-1.143
35	5	0.7025	1	1	-0.9498
35	5	0.4668	0	0	-1.246
35	5	1.178	1	0	0.3677
35	5	3.56	1	1	-0.2997
35	5	4.107	0	0	-0.003644
35	5	0.4895	0	1	0.9609
35	5	3.921	1	1	1.194
35	5	0.1291	1	1	-0.8951
35	5	0.329	1	1	-0.2874
35	5	0.003599	1	1	-0.8052
35	5	0.465	1	1	-2.714
35	5	0.3012	1	1	-1.161
35	5	3.613	0	0	1.254
35	5	0.5951	0	1	-1.064
35	5	0.8931	1	0	-0.3858
36	5	1.02	1	1	0.9827
36	5	0.4972	0	0	-0.9688
36	5	0.3481	0	1	-0.4299
36	5	3.835	0	0	1.161
36	5	0.1356	0	0	-1.387
36	5	0.03298	0	0	-0.2182
36	5	0.02651	0	0	-1.745
36	5	0.04197	0	1	0.6871
36	5	1.129	0	1	0.07572
36	5	0.8536	1	0	0.6655
36	5	3.07	0	0	0.267
36	5	0.4494	0	1	-0.31
36	5	3.813	1	1	-0.9595
36	5	0.2578	1	1	-1.124
36	5	1.154	1	1	2.079
36	5	1.025	1	1	-0.9324
36	5	3.604	1	1	0.5653
36	5	1.171	1	1	-0.1695
36	5	3.602	0	0	0.241
36	5	0.8058	1	0	-0.8952
36	5	0.2467	1	0	0.5884
36	5	0.0354	1	0	0.3324
36	5	0.5797	1	1	-0.4671
36	5	0.2105	0	1	0.6
36	5	3.67	1	1	-1.192
36	5	0.09648	0	1	-1.091
36	5	0.0742	1	0	1.742
36	5	0.4269	1	0	2.006
36	5	3.882	0	1	-1.832
36	5	0.614	0	0	-1.408
36	5	0.4208	1	0	-0.5199
36	5	0.05911	0	1	-0.3119
36	5	0.3272	1	1	-0.622
36	5	0.1464	0	0	-0.8983
36	5	3.735	0	0	-0.9254
36	5	0.01471	0	1	0.5363
36	5	3.104	1	1	-1.847
36	5	0.4384	1	0	1.102
36	5	0.4149	1	0	1.403
36	5	0.2609	1	1	0.1633
36	5	0.4042	0	1	1.619
36	5	0.8365	1	1	0.4179
36	5	0.4787	1	1	1.231
36	5	0.1421	1	1	-0.7128
36	5	0.8004	1	1	-1.419
36	5	1.108	1	1	0.2225
36	5	0.1803	0	0	-1.401
36	5	0.3072	0	1	0.5945
36	5	3.33	0	0	-1.123
36	5	0.03712	0	1	-0.4508
37	5	3.62	1	0	0.6742
37	5	1.255	0	0	-1.188
37	5	0.757	1	1	-0.1649
37	5	0.6165	1	1	-0.6265
37	5	0.7289	1	1	-0.8722
37	5	0.445	1	0	0.4638
37	5	0.007941	0	0	1.171
37	5	0.4369	0	1	-0.5881
37	5	3.658	1	1	-0.4177
37	5	0.191	0	1	-0.3787
37	5	0.1955	0	1	-0.7808
37	5	3.855	0	1	0.2213
37	5	0.6599	0	0	-2.096
37	5	0.1029	0	0	0.2941
37	5	3.568	0	0	-0.2807
37	5	0.9897	1	1	-1.375
37	5	0.6459	0	1	-0.4628
37	5	0.7913	1	0	-0.7218
37	5	0.3247	1	1	-0.7026
37	5	3.397	1	1	0.6619
37	5	0.01425	0	1	-0.9684
37	5	0.194	0	0	-1.08
37	5	0.1194	0	1	0.9879
37	5	0.3505	0	0	-0.5991
37	5	3.524	0	1	0.03544
37	5	0.2624	0	0	-0.344
37	5	0.5746	0	0	0.2296
37	5	3.533	0	0	-2.633
37	5	0.1907	1	1	0.164
37	5	0.112	1	1	0.5804
37	5	0.09117	1	1	-0.3381
37	5	0.2619	1	0	0.5612
37	5	0.9231	0	1	-0.6309
37	5	0.9273	1	0	-0.5974
37	5	0.02281	1	1	-0.7634
37	5	3.407	1	1	0.8403
37	5	3.49	0	0	-1.365
37	5	0.7516	1	0	0.7664
37	5	0.8634	1	0	1.269
37	5	0.1783	1	1	-1.561
37	5	0.02725	1	1	0.04464
37	5	0.9815	0	0	0.7721
37	5	0.06803	0	1	0.07801
37	5	0.3834	0	0	0.2963
37	5	3.768	1	1	-0.4455
37	5	0.6209	0	0	0.8109
37	5	0.2006	0	0	-0.2304
37	5	0.4832	1	0	0.4531
37	5	0.2198	1	0	-0.412
37	5	0.5228	0	1	0.9979
38	5	0.9094	0	0	-0.2759
38	5	3.555	0	0	0.8564
38	5	0.9888	1	0	-0.6901
38	5	0.1804	0	1	-1.529
38	5	3.412	1	0	0.1331
38	5	3.668	0	0	-1.233
38	5	0.438	0	0	-0.1262
38	5	1.078	1	1	-0.5633
38	5	0.05166	0	1	0.7135
38	5	0.4109	1	1	0.0988
38	5	3.586	0	0	-0.1284
38	5	1.014	0	0	-0.8879
38	5	0.2209	1	1	-0.7743
38	5	0.2607	1	1	0.5993
38	5	0.1318	0	1	-0.613
38	5	0.05649	0	1	0.339
38	5	3.778	1	1	-1.151
38	5	1.047	0	0	-0.8541
38	5	0.4949	0	0	-0.4708
38	5	1.133	0	0	-1.521
38	5	3.417	1	1	-0.1452
38	5	0.3647	1	1	-1.473
38	5	0.575	1	1	-1.924
38	5	0.66	1	1	0.3079
38	5	1.306	1	0	1.303
38	5	3.468	1	1	-1.865
38	5	0.4811	1	1	0.6239
38	5	0.3533	0	1	0.5543
38	5	0.006705	0	0	0.1941
38	5	0.07568	1	1	0.6443
38	5	0.6701	0	0	0.1019
38	5	0.3082	1	1	-0.559
38	5	1.121	0	0	-0.1409
38	5	3.563	0	0	-0.6211
38	5	3.404	1	1	-1.233
38	5	0.4928	1	0	0.5437
38	5	0.03174	1	1	1.439
38	5	0.2135	0	1	-0.7125
38	5	0.3592	0	1	0.2843
38	5	0.6891	1	0	0.365
38	5	0.8729	0	0	0.8882
38	5	0.1354	1	0	-0.09587
38	5	0.1857	1	0	-0.4295
38	5	0.9758	0	0	-0.2918
38	5	3.509	1	1	0.5013
38	5	0.1078	0	1	1.564
38	5	0.2726	1	0	-0.897
38	5	0.03819	0	0	1.203
38	5	0.6774	0	1	0.7734
38	5	0.0447	0	0	0.1064
39	5	0.07508	0	0	0.7326
39	5	0.5247	1	1	-0.8361
39	5	0.1821	0	1	-0.6477
39	5	0.1234	1	0	0.8483
39	5	0.2036	1	1	-0.2221
39	5	0.2412	1	1	1.105
39	5	0.5775	1	0	0.04409
39	5	0.7079	0	0	0.3035
39	5	3.693	0	0	1.011
39	5	0.7567	0	0	-0.3929
39	5	0.2683	0	0	0.4848
39	5	0.8162	0	0	-0.2538
39	5	0.2609	0	0	1.08
39	5	0.2167	1	0	1.802
39	5	3.32	0	0	-0.4719
39	5	4.067	1	1	-1.806
39	5	1.06	0	1	-0.4355
39	5	0.1113	1	0	1.357
39	5	0.103	0	0	0.8604
39	5	3.333	1	1	-0.02007
39	5	1.074	1	1	-0.1298
39	5	3.814	1	1	-1.704
39	5	0.4729	0	0	-1.247
39	5	0.752	1	1	-0.6756
39	5	0.1566	1	1	0.07844
39	5	0.8199	1	0	-1.399
39	5	0.5405	0	0	-1.364
39	5	1.08	0	1	-0.0584
39	5	0.6303	0	0	-0.9647
39	5	3.625	1	1	-1.323
39	5	0.2197	0	1	1.04
39	5	0.8827	0	1	-0.2041
39	5	0.03651	0	1	1.065
39	5	0.1261	1	1	-0.4633
39	5	0.2729	0	1	0.6721
39	5	0.01926	1	0	-1.188
39	5	0.6369	0	0	-0.06751
39	5	0.1617	0	0	1.307
39	5	3.656	1	1	1.369
39	5	0.7284	1	0	0.7537
39	5	0.6753	1	1	-0.9187
39	5	3.651	1	0	-0.159
39	5	0.6206	0	1	0.1255
39	5	0.2098	1	1	-1.143
39	5	3.592	0	0	2.827
39	5	3.451	1	1	-0.3598
39	5	0.2255	0	1	1.081
39	5	0.5091	0	1	0.1022
40	6	0.353	0	0	-0.6682
40	6	3.568	0	0	0.3085
40	6	0.8135	0	0	-0.5597
40	6	3.349	1	1	-0.6039
40	6	0.3123	0	0	-0.7025
40	6	3.491	0	0	-1.717
40	6	0.07195	1	0	-1.364
40	6	0.6277	1	0	-0.5585
40	6	0.3313	0	1	-0.4359
40	6	0.1061	0	1	-2.256
40	6	0.2066	0	0	-0.3144
40	6	0.1234	1	0	-0.02649
40	6	0.9789	0	0	-0.8849
40	6	0.3211	0	0	0.2209
40	6	0.01661	0	0	0.0005612
40	6	1.108	0	0	-0.2199
40	6	1.067	1	0	-0.6883
40	6	0.5505	1	1	-0.2031
40	6	0.6356	1	0	-0.807
40	6	0.2365	1	0	-0.2066
40	6	0.04575	1	1	0.2694
40	6	0.2352	0	1	0.103
40	6	0.8043	1	0	0.3185
40	6	1.227	0	0	-0.6165
40	6	0.1476	1	1	-0.2069
40	6	3.976	1	1	1.693
40	6	0.2208	1	0	-0.3378
40	6	0.1401	0	0	-0.3745
40	6	1.073	1	0	0.5875
40	6	3.885	1	1	1.355
40	6	0.1397	1	0	0.5961
40	6	3.542	1	1	0.7647
40	6	0.2805	0	1	1.837
40	6	0.445	0	1	0.2499
40	6	0.6693	1	0	0.9428
40	6	0.9728	0	0	-0.008913
40	6	1.31	0	0	0.6721
40	6	0.8901	0	0	-0.6434
40	6	3.672	0	0	0.1791
40	6	0.07703	0	1	1.614
40	6	1.129	1	1	-0.1449
40	6	0.4857	0	1	-0.6891
40	6	0.1786	1	0	2.183
40	6	0.06668	1	0	0.8026
40	6	0.1891	0	1	0.5547
40	6	3.708	1	0	0.9141
40	6	0.02101	1	1	-0.6704
40	6	0.08968	1	0	-0.7288
40	6	3.873	0	1	-1.313
40	6	3.84	0	0	-1.667
41	6	0.02873	0	1	-0.08043
41	6	0.9577	0	0	-0.32
41	6	0.2968	0	0	-0.9004
41	6	0.3991	1	1	-1.675
41	6	3.417	1	1	-0.4133
41	6	0.0496	0	1	0.7093
41	6	3.484	1	1	0.5997
41	6	0.2381	1	1	-1.035
41	6	3.929	1	1	-0.972
41	6	0.9475	1	1	-0.8306
41	6	0.3261	0	0	-0.5772
41	6	1.176	1	0	-0.4439
41	6	0.5504	0	1	-1.117
41	6	0.7549	1	0	0.482
41	6	0.1023	0	1	-0.4165
41	6	0.5494	1	0	0.3109
41	6	0.2365	1	1	0.9686
41	6	3.643	0	0	-1.245
41	6	0.8082	1	1	0.4403
41	6	0.3332	1	0	-0.174
41	6	0.6333	0	1	1.195
41	6	0.1776	0	0	0.04348
41	6	3.257	0	0	0.9469
41	6	0.4677	1	0	0.7023
41	6	0.03467	0	1	2.445
41	6	1.055	0	0	0.3734
41	6	0.09772	1	1	0.4572
41	6	0.9052	1	1	1.525
41	6	0.7949	1	1	-1.677
41	6	0.1908	0	1	-0.7975
41	6	0.2115	1	1	1.031
41	6	3.513	1	0	1.263
41	6	0.2951	1	1	-0.1297
41	6	0.01055	1	1	1.068
41	6	0.6183	1	1	-3.582
41	6	0.6177	0	1	-0.09186
41	6	1.203	0	0	-0.2287
41	6	0.2211	0	0	-1
41	6	0.5574	1	1	2.529
41	6	0.2015	0	1	2.118
41	6	0.142	0	0	1.991
41	6	0.6925	0	0	0.9642
41	6	3.655	0	1	1.493
41	6	3.799	0	0	0.9356
41	6	3.447	1	1	0.2645
41	6	0.6232	0	1	0.4018
41	6	0.1984	0	0	-1.281
41	6	3.685	0	0	0.3368
41	6	0.1212	1	0	-0.03237
41	6	0.2992	0	0	0.09915
42	6	0.4579	0	1	1.36
42	6	0.6776	0	0	-0.6956
42	6	0.8162	0	0	-0.6163
42	6	0.1285	1	1	-1.641
42	6	0.03641	0	1	-0.3829
42	6	0.1927	0	1	1.621
42	6	3.949	0	1	0.6373
42	6	0.7111	1	1	-0.4294
42	6	0.3817	1	0	-0.2149
42	6	0.4647	0	1	-0.37
42	6	0.04384	0	0	-0.1809
42	6	0.1419	1	1	0.3422
42	6	3.636	1	1	-1.501
42	6	0.109	0	1	0.858
42	6	0.2345	0	1	0.3483
42	6	0.9951	1	0	0.6203
42	6	3.484	1	1	0.3164
42	6	0.1948	0	1	0.3979
42	6	0.3193	1	1	-0.9631
42	6	0.2413	0	1	1.57
42	6	0.8794	0	1	-0.1539
42	6	0.4609	1	1	0.4661
42	6	0.2582	0	0	-0.03625
42	6	0.3629	0	1	1.466
42	6	0.485	1	1	0.5942
42	6	0.2525	0	1	0.3279
42	6	0.4503	1	0	-1.505
42	6	3.7	1	1	0.4694
42	6	0.9352	1	1	-0.1858
42	6	3.867	0	0	-0.1932
42	6	0.3062	1	1	-0.7485
42	6	3.736	1	1	0.6687
42	6	0.9476	1	0	-0.49
42	6	0.448	0	0	0.703
42	6	0.3509	0	1	0.3342
42	6	0.8315	0	1	-0.4083
42	6	0.2884	0	0	0.8456
42	6	3.47	0	0	-2.436
42	6	0.1715	0	1	0.8056
42	6	0.2277	0	0	0.2965
42	6	0.8019	1	1	-0.4782
42	6	3.695	1	1	-0.6057
42	6	0.2519	0	0	-1.689
42	6	0.7997	1	1	0.6455
42	6	0.1397	1	1	1.086
42	6	0.4806	1	1	-0.9951
42	6	0.3601	1	0	-0.1872
42	6	3.764	1	1	-0.0356
42	6	3.56	1	0	1.271
42	6	0.3854	1	1	-0.9776
43	6	0.02934	0	0	-0.6577
43	6	1.045	0	0	0.3372
43	6	3.794	1	1	-0.01602
43	6	0.09495	1	1	1.368
43	6	1.119	0	1	-0.7861
43	6	3.549	0	0	-0.2803
43	6	0.1478	0	1	-0.9229
43	6	0.2229	1	1	-0.08773
43	6	0.9873	0	0	-0.387
43	6	3.431	1	1	-0.2393
43	6	1.11	1	1	-0.2608
43	6	0.1181	0	1	-1.297
43	6	0.7399	1	1	0.7859
43	6	0.5306	0	1	0.8114
43	6	1.071	1	0	-0.9177
43	6	3.612	1	1	0.1259
43	6	3.571	0	0	-1.029
43	6	0.4166	1	1	0.5435
43	6	0.3055	0	0	0.4236
43	6	0.919	0	0	-0.7926
43	6	3.377	0	0	-1.619
43	6	0.3724	1	0	-0.1857
43	6	1.162	1	1	-0.7574
43	6	4.094	0	0	-0.5491
43	6	0.9239	0	1	0.231
43	6	0.4799	1	0	-0.7706
43	6	0.6162	1	1	-0.5475
43	6	0.2404	0	1	0.555
43	6	0.6062	1	0	2.649
43	6	0.608	0	0	-0.6121
43	6	0.04566	1	0	0.8716
43	6	0.2487	1	1	0.3534
43	6	0.2871	1	1	-0.6316
43	6	0.4789	0	1	-0.4097
43	6	0.3758	1	1	1.103
43	6	0.06667	0	0	0.3368
43	6	0.3477	1	1	-1.005
43	6	0.2326	1	1	-1.023
43	6	0.2825	1	0	0.2308
43	6	3.64	1	1	-1.736
43	6	0.4564	0	1	-0.925
43	6	3.712	1	0	0.7475
43	6	0.6556	1	1	0.1426
43	6	0.2952	0	1	-1.638
43	6	0.3078	0	0	0.4437
43	6	0.5212	1	0	0.2098
43	6	0.04378	0	0	0.9202
43	6	0.3415	1	1	-0.2776
43	6	0.4989	0	1	-0.2492
43	6	3.709	0	0	-1.359
44	6	0.7068	1	0	-0.04895
44	6	1.123	0	1	-0.9415
44	6	0.3266	1	0	-1.334
44	6	0.2154	1	1	-0.7315
44	6	0.6733	0	1	-0.5879
44	6	0.2246	0	1	0.2913
44	6	0.4962	1	0	1.672
44	6	3.775	1	1	0.1631
44	6	0.5936	0	1	-0.8164
44	6	3.738	0	0	0.09325
44	6	0.4678	1	1	-1.502
44	6	3.443	1	1	-0.9184
44	6	0.0002985	1	1	-1.854
44	6	0.1031	0	1	-0.5215
44	6	0.7297	1	0	0.3545
44	6	0.03842	0	1	-0.7891
44	6	3.626	0	0	-0.1145
44	6	0.9117	1	1	-1.307
44	6	0.159	0	1	-2.041
44	6	0.01268	0	0	0.5823
44	6	0.2759	1	1	-0.2281
44	6	0.5223	1	1	-1.355
44	6	0.897	0	1	0.6312
44	6	0.6748	1	1	0.1177
44	6	0.08055	1	1	1.255
44	6	0.4859	1	1	-0.3492
44	6	3.756	0	0	-0.1455
44	6	3.491	0	0	-2.469
44	6	3.416	0	0	-1.423
44	6	0.411	0	1	-0.4662
44	6	0.8743	0	1	-0.528
44	6	0.3364	1	0	-0.2995
44	6	0.5195	1	1	-0.2376
44	6	3.836	0	0	0.8935
44	6	0.2022	0	0	-0.9927
44	6	3.624	0	1	-1.256
44	6	0.4274	1	1	-0.6782
44	6	0.6133	0	0	1.723
44	6	0.5302	0	1	0.2623
44	6	1.002	1	0	0.3162
44	6	0.175	1	1	1.36
44	6	0.3819	1	1	-0.9348
44	6	3.919	0	0	-0.3457
44	6	0.2341	0	0	-1.03
44	6	0.402	0	0	0.5938
44	6	0.06529	0	1	0.01276
44	6	0.7589	1	1	-0.5535
44	6	0.633	1	1	-0.7232
44	6	0.4175	1	0	-0.09143
44	6	0.3153	0	1	0.4928
45	6	0.5285	0	0	0.8587
45	6	0.2165	0	0	-0.4451
45	6	0.5562	0	1	0.1468
45	6	3.255	1	1	-1.312
45	6	0.08239	0	1	-1.346
45	6	0.3613	0	1	0.1119
45	6	0.01868	0	1	-1.029
45	6	0.7764	0	1	1.687
45	6	3.675	1	1	-0.639
45	6	0.002959	0	1	0.9029
45	6	0.8113	0	1	0.3486
45	6	3.896	1	0	0.3425
45	6	0.1562	0	1	0.3148
45	6	0.5781	0	1	-0.3464
45	6	0.2363	1	1	-1.083
45	6	0.1591	1	1	-0.4529
45	6	3.81	0	1	1.88
45	6	0.2251	1	1	-0.2612
45	6	0.0319	1	1	-0.583
45	6	0.5429	0	1	1.193
45	6	0.1611	1	1	0.006132
45	6	0.3755	1	0	0.7768
45	6	3.508	0	0	-0.1484
45	6	0.8426	1	1	0.3242
45	6	0.4322	0	1	-0.8327
45	6	3.831	0	1	-0.9282
45	6	1.06	1	1	-0.5788
45	6	0.6627	0	0	-0.3407
45	6	1.311	1	0	0.7566
45	6	0.2751	0	1	0.4361
45	6	0.3343	1	1	-2.818
45	6	0.1366	1	1	-1.5
45	6	1.188	0	1	-0.7497
45	6	0.4992	1	1	1.682
45	6	3.62	1	1	0.549
45	6	3.887	0	1	0.3479
45	6	0.4362	0	0	-0.9884
45	6	0.03226	1	1	0.5377
45	6	0.3796	0	1	1.974
45	6	0.1877	1	0	-0.5434
45	6	3.461	0	1	0.1687
45	6	0.712	0	0	2.631
45	6	0.4543	1	1	1.462
45	6	0.8896	0	1	1.355
45	6	1.14	1	1	0.00736
45	6	0.1687	0	0	-0.8033
45	6	3.571	0	0	-0.9425
45	6	0.2726	0	1	-0.01815
45	6	1.172	0	0	-1.798
45	6	0.9035	1	0	-0.3011
46	6	3.698	0	0	-0.5882
46	6	0.1823	0	0	-1.089
46	6	0.248	1	0	-0.3771
46	6	3.43	1	1	0.5603
46	6	0.7893	0	1	-0.5477
46	6	0.03387	1	1	-1.1
46	6	0.4565	0	1	0.4733
46	6	0.1554	0	1	1.508
46	6	1.197	0	0	0.2657
46	6	0.4526	0	0	0.01924
46	6	0.184	1	1	0.002216
46	6	3.982	1	1	1.164
46	6	3.577	0	1	1.855
46	6	3.517	1	1	0.1203
46	6	0.2937	0	1	1.023
46	6	0.3743	1	1	1.14
46	6	3.587	0	0	-1.63
46	6	1.071	0	0	-2.187
46	6	0.02014	0	0	-0.957
46	6	0.1489	1	1	-0.233
46	6	0.5283	0	1	-0.07844
46	6	0.3953	1	1	0.3564
46	6	1.219	0	1	-1.108
46	6	0.1534	0	1	1.333
46	6	0.02321	1	1	-0.7799
46	6	3.887	0	0	0.5075
46	6	0.09913	1	0	-2.056
46	6	0.891	1	1	-2.178
46	6	3.829	0	0	-1.714
46	6	0.3364	0	1	1.636
46	6	0.03042	1	0	-1.077
46	6	0.2029	1	0	0.463
46	6	3.975	0	0	0.6405
46	6	1.037	1	1	-0.6012
46	6	0.1153	1	0	-0.03463
46	6	0.7552	1	1	1.364
46	6	0.1923	1	1	-0.3632
46	6	0.9861	1	1	-0.5279
46	6	0.418	1	0	0.4367
46	6	0.01582	0	1	1.523
46	6	0.0743	1	0	-0.4589
46	6	0.2119	0	0	0.3872
46	6	3.633	0	0	-0.1678
46	6	0.3107	0	0	-1.83
46	6	0.7605	0	0	0.6578
46	6	1.029	1	1	0.775
46	6	0.2677	1	1	-0.587
46	6	0.3476	1	1	0.6985
46	6	0.2354	1	0	-0.8096
46	6	1.035	1	1	0.5639
47	6	0.001407	0	1	-0.1891
47	6	1.173	0	0	-2.213
47	6	3.634	1	1	0.535
47	6	0.7084	0	1	-0.277
47	6	0.551	0	1	3.502
47	6	0.4912	0	0	-0.8393
47	6	4.222	1	0	-0.1306
47	6	0.2097	0	1	-0.6
47	6	0.9316	0	1	1.327
47	6	1.147	1	1	-1.098
47	6	0.1747	0	1	1.006
47	6	0.9452	0	0	1.55
47	6	3.77	1	1	-0.5851
47	6	0.3103	1	1	-1.633
47	6	0.5184	1	1	-0.03227
47	6	0.3792	1	0	-0.04289
47	6	0.04158	1	1	0.198
47	6	0.2032	0	0	0.1112
47	6	3.394	1	1	0.08363
47	6	0.7283	0	0	-1.353
47	6	3.365	1	1	-1.081
47	6	0.5209	0	1	0.1841
47	6	0.8687	1	1	-0.7042
47	6	0.009089	0	1	0.1833
47	6	0.2239	1	1	-0.6975
47	6	0.109	0	0	0.9747
47	6	0.2307	1	0	0.2853
47	6	3.842	1	1	0.4581
47	6	0.0808	1	1	-1.924
47	6	3.772	1	1	1.085
47	6	0.2779	0	1	-0.2156
47	6	0.04437	1	0	0.2596
47	6	0.6289	0	1	-1.127
47	6	3.723	1	0	0.7668
47	6	0.8818	0	1	-1.566
47	6	3.649	0	1	1.512
47	6	0.1336	1	0	-2.072
47	6	0.003654	1	1	3.456
47	6	0.2599	0	0	-1.031
47	6	0.3059	1	0	0.739
47	6	0.2213	0	1	1.564
47	6	0.1664	0	1	-0.3945
47	6	4.068	1	1	-0.4686
47	6	0.2099	0	1	0.7452
47	6	0.9988	0	0	1.887
47	6	0.3886	1	0	0.4408
47	6	0.0676	1	0	0.2163
47	6	0.9908	0	0	0.4415
47	6	0.4363	0	1	-0.9571
47	6	0.337	0	1	1.754
48	6	0.1221	1	0	0.6851
48	6	3.642	0	1	-0.3159
48	6	1.568	0	0	-0.6614
48	6	0.6883	0	0	0.6937
48	6	0.2107	0	0	0.08903
48	6	0.8221	1	1	-0.2488
48	6	3.454	1	1	0.09601
48	6	0.3851	1	1	-0.4635
48	6	0.8327	0	0	-1.267
48	6	1.055	0	1	-1.003
48	6	0.6725	1	0	-0.1184
48	6	0.2453	0	0	-0.5549
48	6	0.03805	0	0	-0.000855
48	6	3.212	0	0	-1.465
48	6	3.664	1	1	0.04992
48	6	0.2847	1	1	-0.3722
48	6	0.06229	1	0	0.8718
48	6	0.02269	0	0	0.2449
48	6	3.418	1	0	1.232
48	6	0.3036	0	0	-0.1399
48	6	0.6324	1	0	1.787
48	6	0.7137	0	0	0.2733
48	6	4.011	1	1	-1.544
48	6	0.9584	0	1	-0.3385
48	6	0.03271	0	0	0.6394
48	6	0.6328	1	1	-0.4004
48	6	0.4751	1	0	0.7553
48	6	0.1948	0	0	0.887
48	6	0.1488	0	0	-1.74
48	6	0.3893	0	0	-1.299
48	6	0.5649	1	0	-1.613
48	6	0.5237	0	1	-1.278
48	6	0.1947	1	1	-0.6111
48	6	3.827	1	1	0.0545
48	6	0.06935	1	0	-0.3202
48	6	3.434	1	0	-0.6501
48	6	0.2302	1	1	-0.09945
48	6	0.3361	1	1	2.148
48	6	0.3105	0	1	0.7009
48	6	0.6551	1	1	-1.32
48	6	3.921	0	1	2.038
48	6	1.045	0	1	0.5809
48	6	0.2349	0	1	-1.44
48	6	1.001	1	0	0.2712
48	6	3.307	1	1	-0.06747
48	6	0.1869	1	1	-0.2746
48	6	0.1904	0	1	0.2541
48	6	0.741	0	1	0.7087
48	6	0.4309	0	1	-1.048
48	6	0.3743	0	1	0.54
49	6	3.727	1	1	-0.7044
49	6	0.1545	1	1	-1.058
49	6	0.5718	0	1	0.2695
49	6	0.4687	0	0	-2.317
49	6	0.9753	0	0	-0.1959
49	6	3.35	1	1	-1.553
49	6	1.183	1	1	-0.6187
49	6	0.007888	1	0	-0.5635
49	6	0.02346	1	1	-0.7463
49	6	0.4745	0	0	0.08234
49	6	0.8285	0	1	2.242
49	6	0.6726	0	1	0.6991
49	6	0.2303	0	0	0.8754
49	6	0.007561	0	0	0.7979
49	6	0.66	0	1	-0.3832
49	6	3.495	0	0	-0.9
49	6	3.495	1	1	-1.063
49	6	3.932	1	1	0.5338
49	6	0.02199	0	0	0.4297
49	6	0.4251	1	0	0.4518
49	6	0.2512	1	1	1.356
49	6	3.86	0	0	-1.222
49	6	0.4161	0	0	-1.902
49	6	0.6717	1	0	0.931
49	6	0.5816	1	0	0.578
49	6	0.5669	0	0	-1.433
49	6	1.034	0	1	-0.3983
49	6	0.2653	1	0	-1.489
49	6	0.3933	0	0	-0.4848
49	6	0.2997	1	0	-0.2592
49	6	3.936	1	1	-1.62
49	6	3.428	0	0	0.3959
49	6	0.3423	1	0	0.1117
49	6	0.04349	0	1	0.355
49	6	3.224	1	1	0.7709
49	6	0.284	1	0	1.347
49	6	0.06954	1	1	-1.204
49	6	1.021	0	1	0.9318
49	6	0.9649	1	1	0.4081
49	6	0.2429	1	1	1.816
49	6	0.6684	0	1	-0.3869
49	6	0.6491	0	0	-0.8173
49	6	0.09832	0	0	0.5885
49	6	0.03992	0	0	0.3174
49	6	0.4394	0	0	-1.204
49	6	0.2553	1	0	0.7965
49	6	3.774	0	0	-0.3016
49	6	0.7935	1	0	0.9138
49	6	0.9504	0	0	-1.581
49	6	0.2563	1	0	2.393
