0	2	5.362	0	0	0.8633	-0.7675
0	2	3.788	1	1	-1.343	-1.915
0	2	3.503	0	0	0.1825	-0.0258
0	2	5.797	0	0	-1.066	-0.08443
0	2	5.361	0	0	-0.7945	-0.4015
0	2	1.141	0	1	-1.143	-1.153
0	2	1.793	1	1	-0.2924	0.3731
0	2	3.661	1	1	-0.4203	0.3731
0	2	0.5034	1	1	-0.8129	1.295
0	2	5.326	1	1	-0.984	-0.8074
0	2	0.243	0	0	-0.1756	0.1147
0	2	3.821	0	0	-0.9883	-1.297
0	2	0.4563	1	1	-0.7202	-0.848
0	2	3.377	1	1	0.1354	1.424
0	2	0.8234	0	1	-1.494	-1.347
0	2	1.794	0	1	-1.06	-1.018
0	2	1.132	0	1	0.3453	0.2985
0	2	5.017	1	0	-0.6311	-0.6143
0	2	0.9029	0	0	0.1866	1.068
0	2	0.5088	0	0	-0.4831	0.6061
0	2	6.037	1	1	-0.6893	-0.4703
0	2	0.1551	1	0	-0.61	1.788
0	2	0.4786	1	1	0.2668	-0.4703
0	2	2.205	0	0	0.6081	2.659
0	2	1.083	0	0	-0.8354	0.2985
0	2	3.739	1	1	-0.5635	-0.8074
0	2	5.159	1	0	-0.5067	0.469
0	2	1.252	1	0	-0.3345	0.9942
0	2	0.2375	0	1	0.4363	-0.3678
0	2	5.175	0	0	0.6433	-0.3678
0	2	0.9372	0	1	-0.4831	-0.1143
0	2	3.571	0	1	-0.8629	1.176
0	2	0.4124	1	0	0.1592	0.8384
0	2	0.01407	0	0	-1.234	0.6932
0	2	1.832	0	0	0.2078	-1.107
0	2	1.874	1	0	0.771	-0.5055
0	2	0.242	1	1	0.4757	-1.107
0	2	0.8337	1	1	1.564	1.311
0	2	3.451	1	1	-0.1753	-0.5055
0	2	1.522	0	1	0.8223	0.5385
0	2	0.9626	1	1	0.9207	-0.1143
0	2	1.695	0	0	0.9154	0.3974
0	2	3.846	1	1	2.283	-0.8074
0	2	1.591	0	1	2.592	0.05952
0	2	1.015	1	1	-0.07301	-0.1143
0	2	3.96	1	1	0.4365	-0.0258
0	2	5.342	0	0	0.1636	0.5156
0	2	5.203	0	0	-0.4166	-2.26
0	2	2.003	1	1	0.9526	-0.0258
0	2	2.098	0	1	2.306	2.161
1	2	1.153	0	0	0.8816	1.37
1	2	0.3312	1	1	0.5885	-1.244
1	2	0.1461	1	1	0.7829	0.2565
1	2	5.596	0	0	0.239	1.511
1	2	5.519	0	1	1.932	-0.1857
1	2	0.8848	1	1	-0.135	0.3775
1	2	0.4379	1	1	1.053	-0.7877
1	2	3.986	1	1	-0.6596	-0.4476
1	2	0.2822	1	1	-1.172	-1.145
1	2	0.3643	0	1	0.07652	1.657
1	2	1.091	0	1	-0.03142	-0.1551
1	2	1.706	0	0	-0.3467	0.8771
1	2	5.596	1	1	0.6778	1.695
1	2	5.161	0	1	1.196	2.082
1	2	5.35	0	0	-1.224	0.6832
1	2	3.766	1	1	1.089	2.479
1	2	0.7604	0	1	0.5018	0.07443
1	2	3.583	1	1	2.163	-0.6297
1	2	1.738	1	1	0.1387	-0.3126
1	2	1.86	1	1	0.5358	-0.1551
1	2	5.361	0	0	-0.4626	-0.3126
1	2	3.663	1	0	0.8129	-1.699
1	2	0.4897	1	1	-0.4486	-0.09534
1	2	3.667	0	0	-0.2052	0.2061
1	2	1.741	0	0	0.2	-0.6681
1	2	5.169	0	0	0.3448	-1.699
1	2	1.036	1	0	0.6765	-1.763
1	2	3.27	0	0	-0.4515	-1.244
1	2	2.202	1	1	1.452	0.07443
1	2	1.625	1	1	-1.384	0.1804
1	2	3.506	0	1	0.7388	-1.636
1	2	1.693	0	1	-0.4739	0.1014
1	2	0.5579	1	1	-0.8611	-0.379
1	2	5.434	1	1	2.103	1.579
1	2	0.7385	0	0	-1.006	-0.7471
1	2	1.918	1	1	0.2787	-0.3455
1	2	0.4468	1	0	-1.182	-0.1551
1	2	0.6308	1	0	0.9943	0.1281
1	2	5.428	0	0	0.9671	0.3539
1	2	0.7773	0	1	-2.185	-0.5186
1	2	1.77	1	0	-0.3138	-0.2482
1	2	5.442	1	1	2.407	1.863
1	2	0.892	0	0	1.261	-0.06607
1	2	0.4014	0	0	-1.433	-0.379
1	2	3.885	0	0	1.884	0.3299
1	2	0.5763	0	0	-0.03398	-0.6681
1	2	1.26	1	1	-0.4124	0.6214
1	2	3.598	1	1	-0.6151	-0.8714
1	2	2.116	0	1	0.4701	0.3058
1	2	4.007	1	1	0.6038	-0.2482
2	2	0.5787	1	1	-1.512	-1.854
2	2	1.953	0	0	-0.05374	-1.319
2	2	3.485	1	1	-0.6801	-0.4612
2	2	3.329	1	1	-0.5968	-1.518
2	2	0.6918	0	1	0.3244	-1.319
2	2	0.4975	1	1	0.6607	-2.043
2	2	0.3591	1	1	2.549	1.333
2	2	1.515	1	1	2.232	-0.3353
2	2	5.357	1	1	1.196	0.5398
2	2	0.6663	0	1	0.1278	-0.2749
2	2	1.645	0	1	-0.7538	1.376
2	2	0.3958	0	0	-0.3997	0.9368
2	2	3.562	0	0	0.4514	0.601
2	2	2.021	0	0	0.3105	-1.137
2	2	5.409	1	1	0.5681	-0.3974
2	2	1.671	0	0	0.2709	-1.093
2	2	0.888	1	0	-0.7618	0.2057
2	2	0.9039	1	0	1.126	-0.3661
2	2	1.497	0	1	0.7707	-0.3049
2	2	5.264	0	0	0.1835	-0.8881
2	2	0.814	0	1	-0.4965	-0.8492
2	2	5.39	1	0	1.267	0.7937
2	2	4.853	0	0	2.257	-0.4939
2	2	5.327	1	0	-0.6535	-0.6293
2	2	0.9204	1	1	-0.7642	-1.093
2	2	0.7711	0	1	0.5008	0.9881
2	2	3.401	0	1	-0.2266	-0.103
2	2	0.2185	0	0	-0.6798	-0.1588
2	2	0.5998	0	1	0.2935	0.004716
2	2	0.576	0	0	-0.5433	-0.8492
2	2	3.405	1	1	-0.3058	-0.3661
2	2	5.498	0	0	-0.338	-1.009
2	2	3.59	1	0	0.858	-0.07557
2	2	3.62	0	1	-0.1429	1.487
2	2	0.7044	0	1	-0.7312	1.259
2	2	1.761	0	1	-0.6034	0.8485
2	2	0.9847	1	1	0.8846	1.39
2	2	1.934	1	1	0.692	2.109
2	2	0.4189	1	1	0.7036	0.7565
2	2	0.8891	0	1	0.8144	-0.5947
2	2	5.372	0	0	-0.0914	0.1815
2	2	3.544	1	1	0.7896	-0.2749
2	2	5.489	1	1	1.256	-0.5606
2	2	0.7143	0	1	2.161	1.473
2	2	1.778	1	1	1.504	0.1075
2	2	2.076	1	0	0.5293	1.303
2	2	5.312	1	1	2.254	0.3678
2	2	3.451	0	1	0.08122	0.5604
2	2	3.181	1	1	0.1352	1.905
2	2	0.5351	1	0	-0.7175	-0.1588
3	2	3.882	0	0	0.2753	-2.034
3	2	0.3068	0	1	0.3378	-0.2806
3	2	5.507	0	0	0.2046	0.8225
3	2	3.314	1	1	0.9414	-0.2806
3	2	5.329	1	1	-0.5901	-0.6833
3	2	0.9244	0	0	1.065	-0.2147
3	2	2.212	1	0	1.332	-1.564
3	2	1.904	1	1	0.2056	-0.8075
3	2	3.701	0	0	1.346	-1.178
3	2	1.139	0	0	0.2284	0.7613
3	2	1.611	1	0	1.059	0.8225
3	2	3.383	1	1	0.4847	-0.0284
3	2	2.146	0	1	-1.201	-0.3832
3	2	0.8687	0	1	-1.007	-0.491
3	2	1.801	1	1	1.049	0.9015
3	2	5.792	1	1	0.9095	2.246
3	2	5.506	0	0	0.3825	0.4264
3	2	0.716	0	0	1.092	1.463
3	2	0.4853	0	0	0.1993	-0.3485
3	2	0.8585	0	1	-1.747	1.371
3	2	3.252	0	0	0.2553	0.1432
3	2	0.7526	1	0	0.2524	-1.032
3	2	3.293	1	1	-1.285	-0.1196
3	2	3.868	0	0	-0.2302	-0.2474
3	2	1.803	1	1	0.1562	-0.2147
3	2	0.7561	1	1	-0.1872	-1.178
3	2	0.9003	1	1	1.708	1.157
3	2	0.6725	0	1	0.5849	-1.282
3	2	5.48	1	1	-0.4903	0.05909
3	2	0.07116	0	1	-0.8472	-0.3142
3	2	5.178	0	1	1.854	1.635
3	2	0.4384	1	1	0.3307	-1.079
3	2	5.535	0	1	1.054	1.175
3	2	5.368	1	1	-1.507	-1.079
3	2	5.251	1	1	1.141	-1.282
3	2	0.6786	1	1	-0.08333	-1.447
3	2	2.083	0	1	0.4819	0.5209
3	2	0.4468	0	1	0.726	1.015
3	2	1.817	0	1	-0.02621	1.908
3	2	1.122	1	1	1.382	0.05909
3	2	3.174	1	1	0.2304	-0.3832
3	2	1.526	1	1	-0.5957	-0.8944
3	2	3.596	0	1	1.333	0.6769
3	2	3.92	1	0	-0.02069	-0.3832
3	2	0.8903	0	1	0.6276	1.73
3	2	0.5754	0	1	0.2946	0.2765
3	2	0.6833	1	0	-5.15	0.3022
3	2	0.1422	0	1	0.4634	-0.4545
3	2	5.625	1	1	-0.977	-0.7653
3	2	1.738	1	0	-1.026	0.9777
4	2	0.5507	1	0	-1.179	-0.4236
4	2	0.2455	1	1	1.262	0.218
4	2	5.467	1	1	-2.003	0.4111
4	2	0.6042	1	1	0.3199	-0.2603
4	2	0.6727	0	1	0.05209	0.2924
4	2	5.234	1	1	1.403	0.03361
4	2	3.372	0	0	1.817	0.4793
4	2	1.877	1	1	-0.3941	-0.1084
4	2	1.903	0	1	-0.5616	-1.004
4	2	0.7516	0	0	2.216	1.411
4	2	5.413	0	0	1.256	-1.444
4	2	1.076	1	0	1.922	-0.1084
4	2	3.74	1	1	-0.9207	0.7326
4	2	1.949	0	0	-0.2051	-0.5638
4	2	1.633	1	1	-1.663	-1.338
4	2	5.564	0	1	-0.2504	1.606
4	2	3.853	0	0	0.4723	-1.614
4	2	3.751	1	1	-0.3667	0.3879
4	2	0.5289	0	1	0.7844	1.064
4	2	1.551	0	0	-0.5687	-1.094
4	2	0.4307	1	0	0.5959	-0.7527
4	2	1.317	1	1	0.06357	-1.094
4	2	0.5053	0	1	3.001	1.064
4	2	3.768	0	1	-0.02393	0.6306
4	2	0.7711	0	1	0.883	-0.3568
4	2	3.253	0	0	0.8209	-0.39
4	2	3.563	0	1	2.589	2.287
4	2	0.4666	1	1	-0.5358	-0.9597
4	2	1.163	1	0	0.6858	-0.05046
4	2	1.961	0	1	1.247	-0.4236
4	2	1.296	1	1	-0.09121	-0.1379
4	2	1.954	0	1	1.676	2.887
4	2	0.8391	1	1	-0.2755	-0.3568
4	2	3.697	1	1	-0.5341	-1.004
4	2	1.796	0	1	0.4318	-0.6751
4	2	5.626	1	1	-0.9594	-0.4926
4	2	0.4346	0	1	0.1801	2.228
4	2	5.616	0	0	0.4742	-0.8331
4	2	3.867	0	0	1.549	0.4111
4	2	0.5364	1	0	2.12	1.337
4	2	3.238	1	1	0.9738	-0.7926
4	2	5.277	1	1	-0.1732	-1.004
4	2	1.025	0	1	1.49	-0.6751
4	2	0.4532	0	1	0.2228	-0.6003
4	2	5.012	1	1	0.5699	-0.7136
4	2	0.8242	1	1	1.383	0.3407
4	2	5.385	0	0	0.6202	0.1145
4	2	0.8987	0	0	1.658	1.132
4	2	0.9697	0	0	0.9711	0.6924
4	2	5.543	1	0	1.78	-0.4926
5	2	0.7681	0	1	1.01	1.579
5	2	1.835	1	1	-0.1836	-0.5167
5	2	0.7508	0	1	0.4598	0.5515
5	2	5.987	1	1	-1.712	0.05803
5	2	3.608	1	1	0.5297	-1.031
5	2	1.254	1	1	-0.6385	-0.5167
5	2	0.934	1	1	-0.9961	0.1045
5	2	1.984	0	1	0.3887	-1.208
5	2	0.98	1	0	-1.439	0.2374
5	2	1.09	0	1	0.718	0.5694
5	2	3.997	0	1	-0.5979	-0.756
5	2	3.267	1	1	0.4453	-1.117
5	2	1.778	1	1	1.511	-0.9079
5	2	5.721	0	1	0.9281	1.823
5	2	1.246	1	0	-0.1386	-0.06359
5	2	0.2771	0	1	0.2117	0.6396
5	2	0.6835	0	0	0.292	1.559
5	2	0.6684	1	0	0.04621	0.9987
5	2	0.8726	0	0	0.6605	-0.4849
5	2	5.25	0	0	0.06933	-0.6496
5	2	1.74	0	0	-0.2717	-0.9079
5	2	1.8	1	0	0.2801	-0.9888
5	2	5.302	1	1	0.3739	-1.353
5	2	4.981	1	1	-0.6867	-1.456
5	2	0.358	0	1	-0.2847	-0.3629
5	2	1.734	0	1	1.525	1.027
5	2	5.313	0	0	-1.191	0.1722
5	2	0.6582	0	0	0.8844	-1.031
5	2	4.195	0	0	0.8433	-0.4849
5	2	2.064	0	0	0.7131	-1.117
5	2	0.3331	0	1	0.9233	-0.1145
5	2	0.1645	1	0	1.345	1.7
5	2	2.31	1	1	0.4357	-0.7198
5	2	0.6905	0	0	1.801	-1.162
5	2	1.687	1	1	1.752	0.6049
5	2	0.6577	0	0	-0.09135	1.109
5	2	3.532	1	0	0.7565	1.912
5	2	5.447	0	0	1.223	0.82
5	2	0.7679	1	1	3.042	1.971
5	2	4.918	1	1	-1.246	0.1942
5	2	0.9137	0	0	0.9036	0.3414
5	2	0.571	1	1	-0.5823	-0.4537
5	2	0.795	1	1	-2.033	-1.456
5	2	5.288	0	0	-0.918	-0.3927
5	2	3.94	0	1	-0.4012	2.109
5	2	3.866	0	0	1.961	0.4778
5	2	5.393	1	1	0.08911	-0.8687
5	2	3.282	1	1	1.245	-0.2484
5	2	3.588	1	1	0.6015	0.05803
5	2	3.236	1	1	0.3333	-0.2484
6	2	0.8728	0	1	2.158	0.3346
6	2	5.138	0	1	-0.5892	-0.3922
6	2	0.5351	1	1	-0.3863	-1.381
6	2	5.534	0	0	-0.8694	-0.5519
6	2	5.025	1	1	-0.8655	-1.381
6	2	1.647	1	1	1.255	1.64
6	2	0.3785	1	1	0.3894	0.402
6	2	0.3013	1	1	0.2122	-0.5243
6	2	0.3981	1	1	-0.3708	1.248
6	2	0.805	0	1	-0.159	-1.061
6	2	5.342	0	1	1.095	0.7337
6	2	0.6244	0	1	-0.3441	-0.92
6	2	3.587	0	1	0.3194	-0.269
6	2	5.15	0	0	1.187	-1.381
6	2	0.6281	1	0	1.159	0.9048
6	2	1.843	1	1	1.69	0.5297
6	2	5.54	0	0	0.06895	-0.5799
6	2	0.03182	0	1	1.203	-0.6372
6	2	1.013	0	1	1.496	1.237
6	2	1.972	1	1	1.357	0.8667
6	2	1.166	1	0	0.6982	1.426
6	2	3.605	0	0	-0.1775	0.2105
6	2	0.3055	0	1	1.278	-1.425
6	2	5.315	0	0	-0.8927	-1.471
6	2	3.681	0	0	0.02147	1.445
6	2	3.788	0	0	1.085	-1.296
6	2	3.633	0	0	1.425	0.2288
6	2	3.537	1	0	-0.6937	0.9422
6	2	0.4345	0	0	-0.1637	-1.517
6	2	0.3758	1	1	2.06	0.09697
6	2	3.906	1	1	0.1034	-0.222
6	2	2.203	1	1	0.1787	-1.381
6	2	4.153	0	0	-0.6274	-0.6964
6	2	3.544	1	1	-0.1818	1.206
6	2	5.344	0	0	0.1456	0.8147
6	2	1.82	1	1	-0.2382	1.58
6	2	0.7675	1	1	-0.04316	-0.269
6	2	0.9298	1	1	0.7786	-0.342
6	2	1.605	0	1	1.975	-0.3669
6	2	1.907	1	1	1.499	0.6919
6	2	1.064	0	1	0.04796	-0.92
6	2	5.494	1	1	0.8991	-0.7267
6	2	3.248	0	1	0.9549	2.005
6	2	1.816	1	1	-1.224	-0.293
6	2	0.6868	0	1	-0.516	1.554
6	2	0.8482	1	0	-2.708	0.2105
6	2	1.956	1	1	0.8071	-0.1989
6	2	1.582	1	1	2.257	1.14
6	2	1.143	1	0	-0.8415	-0.3922
6	2	5.576	0	0	-0.5555	-0.8533
7	2	0.3307	0	0	2.037	-0.4803
7	2	0.9458	0	0	-0.09179	-1.366
7	2	1.814	1	0	1.417	-2.916
7	2	1.731	1	1	-0.4649	-1.03
7	2	0.9172	0	1	0.1659	-0.9926
7	2	1.622	1	0	-0.002359	1.678
7	2	5.136	1	1	-0.05198	-0.6859
7	2	4.871	1	1	0.9589	-0.8841
7	2	0.62	0	1	-0.1621	1.63
7	2	0.8597	0	0	-0.06325	0.234
7	2	1.813	1	1	0.6565	-0.2
7	2	5.477	0	0	1.338	-0.272
7	2	0.6182	0	0	1.482	-0.1766
7	2	1.093	1	1	-0.02172	-0.7821
7	2	0.5976	1	1	0.6078	-0.8495
7	2	1.53	0	0	1.752	2.26
7	2	1.364	0	1	-1.287	-0.0644
7	2	5.399	0	0	-1.04	0.8805
7	2	3.42	1	1	-2.529	-0.5654
7	2	3.316	1	1	0.9826	-0.1766
7	2	0.5545	0	0	1.054	-0.5082
7	2	0.411	0	1	-0.06943	0.9053
7	2	3.772	1	1	-0.2464	0.1402
7	2	0.02219	0	1	-1.02	1.081
7	2	5.233	0	1	0.03798	1.059
7	2	5.351	0	0	-0.07226	0.2521
7	2	5.519	0	0	1.02	-1.03
7	2	1.755	1	1	-0.3544	-0.1536
7	2	1.103	0	1	-0.03222	-0.8495
7	2	5.093	1	1	-0.7077	1.31
7	2	0.7642	0	1	0.69	-0.1536
7	2	1.72	0	0	1.319	0.5193
7	2	5.224	1	1	1.585	0.1593
7	2	2.07	0	0	-0.4047	-1.19
7	2	3.739	1	1	0.7449	1.755
7	2	3.927	1	1	-0.9837	-0.6859
7	2	5.327	0	1	1.12	0.2156
7	2	0.6214	0	1	0.08006	0.3742
7	2	3.541	0	1	-0.09634	1.081
7	2	0.8827	1	1	-0.2866	-1.069
7	2	0.8993	1	1	-0.3077	-0.6246
7	2	3.503	1	1	0.3344	-0.1308
7	2	1.006	1	1	-1.063	-0.1084
7	2	3.72	0	0	0.8892	0.6242
7	2	3.494	1	1	-0.7347	-0.8841
7	2	0.6794	0	0	0.8178	0.565
7	2	0.7496	0	1	0.09879	1.85
7	2	0.5505	1	1	1.727	0.7368
7	2	3.677	1	1	-0.1829	-0.4803
8	2	5.59	0	0	1.435	0.7437
8	2	1.845	1	1	0.3253	-0.5009
8	2	0.4838	1	1	-0.1863	-0.4378
8	2	0.4645	0	1	0.2261	-0.5009
8	2	1.043	1	1	0.1497	1.42
8	2	3.405	0	1	-0.5352	1.06
8	2	1.47	0	0	0.5897	0.4488
8	2	3.36	0	0	0.02842	-0.7754
8	2	3.304	0	0	-0.4845	-0.9283
8	2	0.9562	1	0	-0.3946	2.415
8	2	0.2007	1	1	-0.5102	1.951
8	2	0.967	0	0	-3.034	-1.094
8	2	5.139	1	1	-0.1447	0.4882
8	2	1.032	1	1	-0.1352	1
8	2	0.638	1	1	0.448	-0.4378
8	2	2.572	0	0	-0.2489	-0.407
8	2	5.528	1	1	0.8974	-0.4691
8	2	0.08501	0	1	-3.667	-1.138
8	2	5.67	1	1	-0.7877	0.0302
8	2	0.5743	1	0	0.8166	1.913
8	2	1.927	0	0	-0.3001	0.6382
8	2	3.791	1	1	0.6935	-0.2884
8	2	3.378	1	1	0.5049	-0.8889
8	2	0.3324	1	1	0.02452	-0.1227
8	2	0.2941	0	1	-0.2243	-0.1494
8	2	5.578	0	0	0.4626	0.07866
8	2	3.613	1	1	-0.3467	-0.8503
8	2	1.002	1	1	-0.1134	-0.566
8	2	3.568	0	0	-0.3785	1
8	2	1.931	0	1	-1.402	-0.566
8	2	0.8113	1	1	0.03726	-0.7389
8	2	0.9752	0	1	0.09603	-0.7754
8	2	3.776	0	1	-0.5792	-0.2316
8	2	1.348	0	1	-0.3736	-0.3468
8	2	0.4536	1	1	1.51	1.307
8	2	0.5516	1	1	0.8184	0.5076
8	2	3.813	1	1	0.4815	-0.407
8	2	0.8117	0	0	1.746	1.42
8	2	1.974	0	1	-0.5496	2.459
8	2	5.428	0	0	-0.4235	-0.1494
8	2	1.49	1	1	-0.008889	-1.182
8	2	0.3006	1	0	-2.236	-1.637
8	2	1.544	0	1	-0.5765	-0.7754
8	2	5.179	0	0	2.541	-0.4378
8	2	3.572	0	0	-0.9546	-0.407
8	2	1.726	1	1	0.4646	-0.2884
8	2	1.008	0	1	0.1367	-1.182
8	2	5.683	0	1	-0.05914	-0.4378
8	2	5.652	0	0	0.7238	1.42
8	2	5.608	1	1	-0.685	-1.182
9	2	1.96	1	1	-0.2588	-0.7823
9	2	3.801	0	0	-1.077	-0.8187
9	2	1.741	0	0	0.08907	-1.524
9	2	5.598	1	1	1.612	0.2032
9	2	3.496	0	1	-0.5477	-0.3933
9	2	5.057	1	1	0.4017	-1.42
9	2	1.366	1	1	-0.9247	-1.138
9	2	5.326	1	1	-1.036	-1.578
9	2	2.099	0	1	0.1849	-0.04692
9	2	1.109	1	1	-0.6285	1.995
9	2	3.454	0	0	1.133	1.126
9	2	0.7525	0	1	1.072	0.4239
9	2	0.3828	1	1	-1.014	-0.1727
9	2	0.06147	0	1	0.6028	0.9909
9	2	3.965	0	0	0.1667	-0.7823
9	2	1.429	1	1	0.5835	0.1382
9	2	0.6992	1	1	-0.4827	-0.4528
9	2	0.9307	1	0	-0.1694	-0.04692
9	2	0.3288	0	1	0.7758	1.005
9	2	3.759	1	1	0.0671	2.218
9	2	1.159	0	0	-0.09276	1.97
9	2	1.894	1	1	0.6003	0.09364
9	2	5.421	1	1	-0.1912	-0.7116
9	2	0.9408	0	1	-0.952	0.04795
9	2	0.543	0	1	0.2227	-1.751
9	2	0.6049	1	1	-0.2619	0.8756
9	2	1.56	0	1	0.5575	0.1161
9	2	5.501	0	0	1.148	1.741
9	2	0.9638	0	1	-0.2195	-0.09622
9	2	1.968	0	1	0.914	-0.5457
9	2	0.6085	0	1	-0.2735	-0.3933
9	2	1.323	1	1	0.7674	-0.1214
9	2	0.8729	1	0	1.389	0.8456
9	2	5.506	1	1	-0.3493	-0.8187
9	2	3.696	1	1	-0.007079	-0.8936
9	2	3.321	1	1	-0.3721	-0.1989
9	2	0.6189	1	1	0.3967	-0.4528
9	2	5.579	1	1	0.8048	-1.274
9	2	0.373	1	1	-0.5635	-0.8936
9	2	3.704	0	1	-0.1801	0.1818
9	2	0.4367	0	1	0.809	0.1818
9	2	0.1453	0	1	-0.3351	-0.8936
9	2	3.511	0	0	0.6703	-0.7823
9	2	5.374	1	1	-0.03005	-0.04692
9	2	1.053	1	1	0.8018	0.7685
9	2	3.871	0	1	-0.5542	1.239
9	2	5.288	1	1	-0.6502	-0.3933
9	2	1.788	0	1	1.379	1.903
9	2	1.488	0	0	-1.971	1.48
9	2	5.075	0	0	-0.4971	-0.1214
10	3	0.6241	0	0	0.9389	-0.7551
10	3	2.031	0	0	0.2964	-1.205
10	3	0.207	0	0	-0.03624	-0.4081
10	3	0.9997	1	1	-0.7211	-1.44
10	3	3.124	1	1	0.3185	-0.7551
10	3	0.2901	1	1	0.4461	-0.284
10	3	3.418	1	1	-0.6342	-1.205
10	3	0.4648	0	1	-0.3047	-0.8557
10	3	5.346	1	1	1.796	-1.342
10	3	2.068	0	1	0.1945	-1.492
10	3	1.799	0	1	-0.7595	-1.205
10	3	3.291	1	0	1.072	1.26
10	3	0.2062	1	1	0.5646	0.3026
10	3	0.9146	1	1	0.6399	-0.3572
10	3	3.678	0	1	0.5622	0.131
10	3	0.4721	1	1	0.6788	0.9428
10	3	5.427	0	1	-0.3584	1.544
10	3	1.771	1	1	0.5251	0.397
10	3	5.303	1	1	-0.4798	-0.5432
10	3	0.8388	0	0	0.4995	1.492
10	3	3.754	1	1	-0.4244	-0.1692
10	3	0.4248	1	1	1.791	0.2192
10	3	1.822	0	0	-0.4123	-0.1042
10	3	0.8609	0	1	0.9235	1.93
10	3	3.998	0	0	-0.2063	-1.162
10	3	0.6889	1	0	2.839	1.739
10	3	0.9427	1	1	-1.061	0.8207
10	3	0.3951	1	0	-3.67	-1.718
10	3	0.4192	1	1	-0.6194	1.694
10	3	1.633	0	1	-0.9943	1.544
10	3	3.503	0	0	-0.1296	-0.308
10	3	3.528	0	0	0.2405	-1.249
10	3	3.658	1	1	2.318	0.597
10	3	0.5611	0	1	0.7501	0.597
10	3	5.339	0	0	-0.3936	0.03735
10	3	0.997	1	1	0.9396	1.344
10	3	0.7706	0	0	-0.1954	0.09422
10	3	5.289	0	0	-1.559	-0.9267
10	3	1.762	1	1	-2.274	1.392
10	3	1.594	1	0	0.2133	-0.1472
10	3	5.574	0	0	-1.101	-1.12
10	3	1.967	1	1	0.4095	0.6366
10	3	5.139	0	0	-0.6298	-0.1042
10	3	5.271	1	1	1.552	-0.4081
10	3	5.278	1	0	-0.6171	0.9535
10	3	5.46	1	1	-0.2455	-0.08318
10	3	0.5471	0	1	-1.4	0.9535
10	3	1.962	0	0	-0.9039	0.05654
10	3	3.59	0	0	0.5529	-0.7879
10	3	1.115	1	1	-0.3433	-0.5432
11	3	0.2055	1	1	0.2335	-0.006483
11	3	5.769	0	0	-0.7855	-1.823
11	3	1.936	0	0	2.044	-0.2234
11	3	3.514	1	1	-0.706	-0.8355
11	3	0.4158	1	0	0.4997	-1.174
11	3	3.903	0	0	-0.866	-1.538
11	3	1.802	1	1	1.234	1.302
11	3	1.077	0	0	0.2793	-1.772
11	3	1.851	1	1	-0.8874	-1.582
11	3	5.393	1	0	0.6182	0.515
11	3	0.5611	1	1	1.125	1.344
11	3	1.041	0	0	1.317	1.8
11	3	0.6665	0	1	-1.1	0.1132
11	3	5.677	1	1	0.3784	-0.02714
11	3	0.5149	0	1	-0.4398	-0.04802
11	3	1.946	1	1	-0.5898	1.416
11	3	1.868	1	1	-1.403	0.0342
11	3	0.08933	1	1	1.32	0.3501
11	3	3.493	0	0	1.228	-0.5193
11	3	0.9653	0	0	-0.1923	1.997
11	3	5.038	1	1	0.8708	-0.4157
11	3	3.878	0	0	0.1576	-0.09044
11	3	3.804	1	0	0.156	1.302
11	3	0.4606	1	1	-1.098	-0.8988
11	3	0.7161	0	1	-0.136	-0.2698
11	3	3.618	0	0	-0.04429	-0.8988
11	3	3.99	1	1	-0.3791	-0.6007
11	3	5.127	0	1	0.4008	1.406
11	3	0.7105	0	1	0.01513	0.6963
11	3	0.7217	1	1	0.8115	-0.4929
11	3	3.545	0	1	-0.9924	0.226
11	3	5.141	0	1	-0.6288	1.426
11	3	5.362	0	0	-1.267	-0.3658
11	3	0.8215	1	1	0.5171	-0.7441
11	3	2.087	0	1	-1.252	-0.2234
11	3	0.6489	0	1	0.6042	0.4177
11	3	0.5421	1	1	0.6051	1.088
11	3	5.149	0	0	0.4342	-0.7441
11	3	1.99	0	1	0.9257	1.124
11	3	3.467	0	0	-0.5984	-0.006483
11	3	1.598	1	1	-0.7115	-0.8046
11	3	1.026	0	1	0.04224	-1.328
11	3	1.89	0	1	1.049	1.466
11	3	0.9429	0	0	-0.2786	1.147
11	3	5.095	0	0	-0.1439	0.795
11	3	3.915	1	1	-0.2673	-0.9312
11	3	5.561	1	1	-0.6924	-0.8046
11	3	0.7888	1	1	-0.8412	-0.6855
11	3	1.725	1	0	0.1856	-0.112
12	3	0.5253	1	1	1.076	1.02
12	3	3.566	1	1	0.9546	-0.6723
12	3	5.102	1	1	0.5683	0.3169
12	3	1.89	0	1	0.3705	-0.8368
12	3	0.4681	1	0	0.3291	1.593
12	3	1.047	1	1	-0.196	-0.1879
12	3	0.6558	1	1	-0.5519	0.1237
12	3	3.206	1	1	-1.954	-1.46
12	3	5.171	1	1	-0.09092	-0.9061
12	3	1.984	1	0	1.054	0.5884
12	3	0.9464	0	1	0.9441	0.1237
12	3	5.414	1	0	-0.685	-0.7043
12	3	3.799	0	0	0.2852	-0.5488
12	3	5.243	1	0	0.1845	0.6066
12	3	1.658	0	0	1.198	0.7129
12	3	1.567	0	1	0.1662	-0.01486
12	3	1.776	1	1	0.4171	1.278
12	3	1.875	0	1	0.3652	-0.5189
12	3	5.576	1	1	0.5736	-0.6097
12	3	5.25	0	0	0.5516	-0.06297
12	3	5.339	0	0	-0.2824	-1.33
12	3	0.6589	0	1	0.6544	0.05547
12	3	3.632	1	1	0.6471	-0.1879
12	3	1.752	0	1	0.5111	-0.5189
12	3	0.9069	0	0	1.997	-1.014
12	3	5.519	1	1	-0.8244	0.3169
12	3	3.713	1	0	0.1361	-0.03879
12	3	0.5309	1	1	0.1179	0.6066
12	3	3.629	0	0	1.136	2.154
12	3	1.655	0	1	-1.265	-0.1121
12	3	0.9867	0	1	-1.535	-1.089
12	3	3.837	1	1	0.02555	-0.7043
12	3	5.521	0	0	-0.06085	-0.8368
12	3	1.964	0	0	1.134	-0.1879
12	3	0.6268	1	0	1.055	1.569
12	3	0.5227	0	1	0.009341	1.409
12	3	0.3003	0	1	0.5859	2.136
12	3	0.8974	0	0	0.9582	-1.127
12	3	0.08261	0	0	0.6695	-0.5189
12	3	0.8152	1	1	0.9589	0.7473
12	3	0.2096	1	0	0.2218	0.9433
12	3	0.8072	0	1	-0.0887	1.593
12	3	3.583	0	1	0.3108	0.7643
12	3	3.498	1	1	-0.4163	-0.5189
12	3	3.637	0	0	1.316	1.153
12	3	0.5532	0	0	-1.113	-2.016
12	3	1.13	0	1	0.1604	-0.4603
12	3	5.391	1	1	-1.407	-0.7696
12	3	0.4616	1	0	-0.785	-2.133
12	3	1.597	1	1	0.6299	0.2754
13	3	5.453	1	1	0.8464	-1.403
13	3	3.854	0	0	-0.06381	-1.403
13	3	1.72	1	0	-0.2504	-1.243
13	3	0.209	1	1	-1.452	-1.533
13	3	0.51	1	1	1.666	0.6899
13	3	1.595	0	0	0.297	0.02763
13	3	1.185	0	0	1.768	1.224
13	3	3.641	0	1	0.8708	1.882
13	3	0.6638	1	0	-0.3229	0.7988
13	3	3.449	0	1	-1.451	-0.2484
13	3	0.9899	1	1	1.314	-0.03263
13	3	5.333	1	1	0.6183	-0.5441
13	3	1.855	0	1	0.6438	0.3707
13	3	1.516	1	0	0.2622	-0.5981
13	3	2.036	1	0	-1.088	0.4675
13	3	1.921	0	0	1.323	0.5141
13	3	3.714	1	1	-2.36	-1.243
13	3	3.772	0	1	-0.8341	0.825
13	3	0.7172	1	0	2.292	0.1613
13	3	0.0237	1	1	1.887	1.203
13	3	0.4566	1	0	-0.5447	1.749
13	3	5.178	0	0	0.5208	-0.8309
13	3	0.711	0	0	-1.915	1.035
13	3	0.8178	0	1	-0.9923	-0.3661
13	3	0.6555	0	0	0.1864	0.2862
13	3	1.564	1	1	1.301	1.327
13	3	5.287	1	0	-0.2284	1.276
13	3	4.892	0	0	-0.1161	-1.061
13	3	0.9103	0	1	-2.416	0.6474
13	3	0.3436	0	1	-0.009999	-0.4658
13	3	5.229	1	1	0.6173	-0.09485
13	3	3.665	1	1	1.982	1.581
13	3	2.031	1	1	-1.497	-1.72
13	3	5.612	1	1	-1.186	-0.5981
13	3	5.254	0	1	1.204	0.7855
13	3	1.767	0	0	-1.321	-0.6821
13	3	1.139	1	0	-0.2899	0.3872
13	3	3.199	1	0	-0.01013	0.1613
13	3	5.104	0	0	-1.504	-0.342
13	3	0.9713	1	1	1.727	0.5445
13	3	0.4548	1	0	-0.2618	0.5445
13	3	4.088	0	0	-3.028	-1.206
13	3	0.8559	0	1	0.2179	0.1613
13	3	1.912	0	0	-0.8651	-0.926
13	3	0.4449	1	0	1.459	-2.1
13	3	5.888	0	1	0.2414	-0.5441
13	3	3.664	0	1	0.4608	2.019
13	3	0.1463	1	1	-1.275	-0.8002
13	3	3.549	1	1	-1.165	-0.342
13	3	0.8703	0	0	0.22	-0.342
14	3	1.028	1	1	1.249	-0.0943
14	3	5.654	1	1	-0.1046	-1.021
14	3	1.346	0	0	-1.208	-1.346
14	3	1.899	1	1	0.2812	0.191
14	3	3.554	1	1	-0.01715	0.09163
14	3	0.587	1	1	0.6879	-0.4242
14	3	3.771	1	1	0.6451	-0.2084
14	3	1.968	0	0	-0.01097	1.85
14	3	0.2459	0	1	-0.6312	1.617
14	3	5.629	0	0	1.538	0.04016
14	3	3.616	1	1	-0.194	-0.2678
14	3	0.7037	0	0	-0.4766	-0.6286
14	3	0.4823	1	1	1.763	0.9726
14	3	1.488	0	0	-1.213	-1.346
14	3	0.2752	1	0	0.6477	-0.5583
14	3	0.5691	0	0	0.1396	1.989
14	3	0.8157	1	1	1.913	0.06605
14	3	1.761	1	1	-0.3227	-0.8951
14	3	0.6707	1	1	0.04078	-1.296
14	3	1.646	0	1	1.006	-0.2379
14	3	5.263	0	0	0.2117	-0.9779
14	3	0.4454	1	1	0.1707	-0.3603
14	3	3.462	0	1	0.3446	-0.392
14	3	3.759	1	1	0.58	-0.06672
14	3	1.117	0	1	-0.8425	-0.0126
14	3	1.072	0	0	-0.4805	-0.7387
14	3	1.647	1	1	0.8528	1.702
14	3	5.157	0	0	-0.4869	-1.92
14	3	3.489	0	0	0.665	-0.457
14	3	5.387	0	0	-0.1529	-0.9779
14	3	3.436	0	0	1.133	0.9726
14	3	0.4191	1	1	-0.3522	0.191
14	3	0.2725	0	1	2.133	2.243
14	3	0.3805	1	1	-0.8717	-0.1793
14	3	3.686	1	1	0.01081	-0.5583
14	3	5.202	1	1	0.05943	-0.392
14	3	5.212	1	1	1.959	-0.1506
14	3	5.414	0	0	-1.75	-1.449
14	3	5.049	1	1	-0.7901	-1.154
14	3	0.2849	1	1	-1.91	0.2389
14	3	5.315	1	1	-0.789	-1.296
14	3	0.768	0	0	0.01652	0.7613
14	3	3.724	0	0	0.3598	0.724
14	3	3.211	1	1	-1.342	1.21
14	3	1.928	1	0	-0.4794	0.06605
14	3	0.8241	1	1	0.6102	1.423
14	3	2.029	0	1	0.1057	0.06605
14	3	1.634	0	0	-0.1124	1.617
14	3	0.61	0	0	1.132	0.2389
14	3	1.88	0	1	-0.9011	1.134
15	3	3.745	1	1	-0.2714	-2.078
15	3	0.8326	1	1	-0.1471	-0.01536
15	3	3.8	1	1	-2.102	-0.4936
15	3	3.771	1	1	-0.4948	-0.3996
15	3	0.8936	0	0	-0.09666	0.6603
15	3	5.612	0	0	0.2119	-0.9267
15	3	0.3682	0	1	-0.3335	1.073
15	3	3.699	0	0	-2.972	-0.4304
15	3	3.45	1	1	-0.1718	0.8855
15	3	4.85	1	1	0.379	1.788
15	3	0.5039	1	0	0.5918	0.4033
15	3	5.487	0	0	-0.9999	-0.526
15	3	1.316	1	0	-0.1389	-0.1172
15	3	0.3094	1	1	-0.7761	1.315
15	3	3.655	1	1	0.658	-0.06556
15	3	5.451	0	0	-0.06258	-2.71
15	3	1.756	0	0	0.863	-0.6618
15	3	3.863	1	1	-0.002155	-0.847
15	3	1.481	0	1	-0.5618	1.086
15	3	3.686	0	1	-1.085	1.572
15	3	3.466	0	0	1.875	-1.551
15	3	0.7865	0	1	0.6496	1.003
15	3	5.13	0	0	-0.08347	-1.285
15	3	1.089	0	1	0.8168	0.08109
15	3	5.109	1	1	-0.6586	-0.2529
15	3	1.872	1	1	-0.9023	-0.1974
15	3	0.984	1	1	-0.6352	-0.01536
15	3	0.2101	0	1	0.9552	0.6082
15	3	0.4633	1	1	-0.4395	-0.04029
15	3	1.781	0	1	-0.3727	-0.5926
15	3	1.084	1	0	-0.3379	0.2812
15	3	2.211	0	0	0.1542	-1.053
15	3	1.385	0	0	0.1191	-1.335
15	3	0.7145	1	0	1.744	-0.4304
15	3	5.634	0	0	-0.3982	-0.6618
15	3	1.581	1	1	1.417	-0.2529
15	3	1.75	1	1	-1.454	-0.526
15	3	0.7155	0	1	1.279	1.073
15	3	5.602	0	0	0.5468	-0.6269
15	3	2.03	0	0	-0.06642	-1.189
15	3	3.829	1	0	1.777	1.904
15	3	0.6432	1	1	2.446	0.2169
15	3	0.9769	1	1	0.5176	0.2385
15	3	1.255	0	1	0.6621	1.551
15	3	5.59	1	1	0.9851	0.05745
15	3	5.189	0	0	-0.61	0.1044
15	3	0.3555	1	0	-0.9854	0.9006
15	3	1.973	0	0	-0.01684	-0.1435
15	3	0.5242	1	1	-0.3418	1.551
15	3	0.0132	0	1	0.4347	1.073
16	3	1.001	1	1	0.6285	-2.031
16	3	5.558	0	0	-2.371	-1.336
16	3	2.014	0	1	-0.5305	0.08719
16	3	0.2125	0	1	0.1216	-0.3302
16	3	3.729	1	0	-0.4177	0.6537
16	3	5.577	1	1	-0.132	-0.2729
16	3	1.281	1	0	-0.3166	1.354
16	3	0.5261	0	1	-0.7033	-1.24
16	3	0.4504	1	1	-0.336	0.7894
16	3	1.837	1	1	0.2991	-1.385
16	3	0.7787	0	1	1.212	-0.6113
16	3	0.8232	0	0	-0.5523	-0.3302
16	3	0.2772	1	0	-0.683	-0.8242
16	3	1.34	0	0	0.6807	-1.385
16	3	0.517	0	0	1.221	0.7894
16	3	5.312	0	0	-0.6837	-0.7506
16	3	5.273	1	1	-0.09015	-0.6113
16	3	3.807	1	1	0.01302	0.2232
16	3	1.517	1	1	-0.2252	0.9766
16	3	3.727	0	0	-0.5367	-1.063
16	3	0.813	0	1	-0.5088	0.7894
16	3	0.7627	1	0	-0.5694	-0.8242
16	3	1.714	1	1	-0.8882	-0.6452
16	3	1.929	0	1	-1.497	0.7729
16	3	3.228	1	0	0.9374	0.9466
16	3	4.985	0	0	0.4971	1.254
16	3	0.8106	1	1	1.106	0.5454
16	3	1.656	0	1	1.104	-0.05906
16	3	3.521	0	1	1.397	1.45
16	3	5.489	0	0	-1.48	-1.106
16	3	0.7418	0	0	0.8881	0.7057
16	3	3.682	1	0	-1.78	-0.7506
16	3	1.504	1	1	-0.5695	0.5454
16	3	5.251	1	1	0.4884	0.9008
16	3	3.389	1	1	0.03066	-0.3595
16	3	1.008	1	1	0.4998	1.292
16	3	0.05455	0	1	-0.05213	-1.195
16	3	5.691	1	1	0.4383	-0.5453
16	3	3.493	1	0	-0.672	2.039
16	3	0.7446	1	1	-0.6434	-0.4195
16	3	0.4458	1	1	-1.554	-0.4814
16	3	3.128	0	1	-0.4616	-0.08454
16	3	5.153	1	1	0.3788	1.496
16	3	5.204	0	0	-0.3547	-0.5453
16	3	1.016	0	0	-2.607	-1.596
16	3	1.788	1	1	-0.1312	1.078
16	3	0.2712	0	0	1.688	2.165
16	3	3.634	1	0	1.218	0.2665
16	3	1.802	0	0	-2.189	-0.3302
16	3	0.8229	0	1	-0.8076	-0.009081
17	3	1.552	1	1	0.9521	-1.242
17	3	3.605	0	0	-1.199	-1.541
17	3	5.12	1	1	-1.2	-0.6217
17	3	0.5987	1	1	0.128	1.912
17	3	0.778	1	0	-1.189	0.1581
17	3	0.9276	0	0	0.7793	0.4473
17	3	0.4214	0	0	0.08721	1.749
17	3	1.897	1	1	-0.8589	-0.3159
17	3	0.4996	1	1	0.2861	1.112
17	3	4.851	1	1	-1.449	-0.7492
17	3	3.33	1	1	-0.08039	-0.212
17	3	5.133	0	0	0.4732	-0.6633
17	3	1.022	1	0	-0.1297	-1.031
17	3	0.8566	1	1	-2.536	-0.5409
17	3	5.284	0	0	0.372	-1.541
17	3	1.681	1	1	0.7654	0.01186
17	3	5.083	0	0	-0.2492	0.1581
17	3	0.6006	0	1	0.2956	-0.1455
17	3	5.346	1	1	-1.716	-1.031
17	3	2.201	1	1	-0.7821	-0.1785
17	3	1.556	1	1	0.2873	-0.7492
17	3	1.056	1	0	-0.6775	2.161
17	3	4.006	1	1	-1.421	-0.981
17	3	3.699	1	1	-1.288	1.058
17	3	1.738	0	1	1.345	2.306
17	3	0.7705	1	1	1.02	0.4473
17	3	0.3299	0	1	-0.09291	0.04194
17	3	0.1525	0	1	0.04558	0.3976
17	3	1.695	0	0	-1.114	-0.6633
17	3	0.2167	0	1	-0.1913	1.723
17	3	5.326	1	1	-1.176	-0.7058
17	3	3.267	1	1	-0.3142	-1.134
17	3	3.665	0	0	-0.3687	0.1861
17	3	5.312	0	1	-1.163	1.165
17	3	3.572	0	0	0.06387	0.01186
17	3	1.769	0	0	-0.5915	0.3976
17	3	0.8538	1	1	-0.3038	1.485
17	3	0.4863	1	1	0.9783	0.7438
17	3	0.4125	0	1	-0.6451	-0.3882
17	3	5.481	0	0	-2.064	-0.6633
17	3	3.476	1	1	-0.7842	-0.7492
17	3	3.609	0	0	-0.2278	0.679
17	3	0.9104	1	1	0.722	-0.5809
17	3	0.2893	0	1	-1.944	-0.981
17	3	0.9768	1	1	-0.03641	-1.416
17	3	1.488	0	1	-0.5313	-0.212
17	3	1.474	1	0	1.599	0.8873
17	3	3.726	0	1	0.6656	-0.3159
17	3	0.9165	0	1	-0.5355	-0.981
17	3	5.403	0	0	1.344	1.094
18	3	3.652	1	1	0.2845	-0.935
18	3	0.9523	0	1	0.8044	0.9156
18	3	5.493	0	0	-0.1508	-0.4396
18	3	0.6044	1	1	-1.122	0.5762
18	3	1.992	1	1	-0.09563	-0.8549
18	3	0.563	0	0	-1.007	-0.4091
18	3	5.645	0	0	-0.09824	-1.696
18	3	0.4943	1	1	0.9956	-0.6006
18	3	3.376	1	1	-0.6041	-1.019
18	3	3.406	1	1	-0.3322	-0.2642
18	3	3.439	1	1	-1.015	-0.8945
18	3	5.442	0	0	-0.2523	-0.8162
18	3	1.234	0	1	0.5555	1.523
18	3	0.6321	0	0	-0.508	-1.063
18	3	0.2242	1	1	-1.305	-0.8945
18	3	0.2055	0	1	0.9649	-0.05522
18	3	1.789	0	1	-0.3082	-0.4091
18	3	5.243	0	0	0.3983	0.06361
18	3	0.4871	0	1	-1.261	0.9977
18	3	1.884	1	1	-0.6846	-0.9765
18	3	3.736	1	0	-0.03714	0.6756
18	3	0.2832	1	1	1.134	-0.006704
18	3	0.7438	0	1	1.342	0.3967
18	3	0.6351	1	0	-0.5331	1.187
18	3	3.508	1	1	-0.5913	1.187
18	3	5.389	0	0	-0.4828	-0.1051
18	3	0.6016	0	0	0.5431	0.7232
18	3	3.429	0	0	-1.93	-0.6347
18	3	1.787	1	1	0.6301	2.198
18	3	0.4619	0	0	-0.8029	-0.6006
18	3	1.46	0	0	-0.5453	0.2588
18	3	1.17	1	1	0.8834	-0.006704
18	3	5.284	0	0	-0.9869	-1.019
18	3	1.93	1	1	-1.115	-0.6347
18	3	1.239	1	1	0.5088	0.2173
18	3	5.871	1	1	1.971	-1.107
18	3	3.387	0	1	-0.8246	-1.019
18	3	3.759	1	0	-0.2905	1.246
18	3	0.9151	0	0	-0.5043	-0.8162
18	3	1.68	1	1	0.4247	0.1312
18	3	5.145	1	1	-0.3091	-0.05522
18	3	0.7585	0	1	1.954	2.001
18	3	1.963	0	1	0.04787	1.804
18	3	1.013	0	1	-1.616	-1.153
18	3	0.7148	0	0	0.01507	-0.006704
18	3	1.866	1	0	1.546	1.925
18	3	5.335	0	0	-1.849	-1.201
18	3	0.8975	1	0	0.9152	2.06
18	3	5.541	1	1	-1.331	-0.2367
18	3	3.736	1	1	1.013	-0.1566
19	3	5.142	1	1	0.7903	-1.976
19	3	1.727	0	0	-0.3652	-0.08403
19	3	3.562	1	1	-0.3371	-1.198
19	3	0.9842	0	0	0.03447	0.6945
19	3	0.458	1	0	0.787	0.7627
19	3	1.686	1	0	0.7385	-0.5524
19	3	3.642	1	1	-1.381	-0.8664
19	3	1.325	1	1	1.096	2.324
19	3	3.494	1	0	-1.11	1.5
19	3	3.635	0	0	-0.2356	-1.001
19	3	0.96	1	0	-0.6518	1.279
19	3	0.9022	1	0	-2.724	0.09744
19	3	0.5378	1	0	0.14	-0.8664
19	3	0.7685	0	0	0.2671	0.9375
19	3	1.753	0	0	-0.1495	2.154
19	3	0.6646	0	1	-0.3314	-0.3495
19	3	3.778	0	0	-0.3668	-0.197
19	3	1.928	1	1	0.4855	-0.0302
19	3	1.802	0	0	-1.194	-0.1116
19	3	3.693	0	0	-0.1114	-0.5169
19	3	5.276	0	1	0.6299	1.574
19	3	4.859	1	1	-1.752	-1.251
19	3	0.1505	1	1	0.513	1.328
19	3	0.495	1	1	-0.06793	-0.08403
19	3	3.694	0	0	-1.669	-0.4145
19	3	0.537	1	1	-0.463	0.37
19	3	1.839	1	1	0.4161	-0.7824
19	3	5.169	0	1	-0.1073	-0.8664
19	3	0.2415	0	1	-2.135	-0.1116
19	3	0.7222	0	1	-1.704	-0.6636
19	3	0.6954	0	0	0.5743	-0.7824
19	3	1.634	1	0	1.065	1.216
19	3	5.694	0	0	-1.17	-0.0302
19	3	5.581	1	1	-0.6357	-0.1681
19	3	3.278	0	0	0.4536	-0.5169
19	3	5.185	0	0	0.06712	-0.7824
19	3	1.338	1	1	-0.1834	1.724
19	3	0.7881	1	1	-1.965	0.6593
19	3	1.731	1	1	-0.3655	1.11
19	3	1.944	0	1	-0.4305	-0.7023
19	3	1.864	0	0	-1.921	-0.7824
19	3	5.625	0	0	-0.5521	-0.4821
19	3	5.598	0	0	1.273	0.2163
19	3	3.37	1	1	-0.09021	-0.7023
19	3	3.658	0	0	-0.5245	-0.8664
19	3	0.8378	0	0	2.361	-1.001
19	3	5.59	1	1	1.162	-0.3495
19	3	0.9488	0	0	-1.683	0.3488
19	3	0.7617	1	1	-0.9025	-1.146
19	3	0.6143	1	1	2.277	1.94
20	4	1.227	0	1	1.688	0.6195
20	4	5.035	0	0	-0.7338	-2.215
20	4	5.277	0	0	-0.1286	-1.338
20	4	3.797	1	1	-0.5923	-0.8223
20	4	0.962	0	1	0.4516	-0.5305
20	4	0.431	1	1	-0.8245	-0.003078
20	4	0.2762	0	1	-0.1541	-0.3282
20	4	1.576	0	0	-1.153	-0.7908
20	4	3.374	1	1	-1.719	-0.7908
20	4	3.591	1	1	-0.9206	-0.06336
20	4	5.277	1	1	-0.5227	-0.04303
20	4	0.6185	1	0	0.6161	1.621
20	4	3.685	1	1	0.3151	-0.1688
20	4	2.075	0	0	0.1323	0.9212
20	4	0.5138	1	0	1.049	1.469
20	4	0.8003	1	1	0.4535	1.033
20	4	5.532	0	0	-2.012	-1.254
20	4	3.575	1	1	-0.749	-0.04303
20	4	1.055	1	0	-0.05289	-0.6702
20	4	2.021	0	0	-0.03875	-0.4263
20	4	0.9264	0	0	-1.529	-0.2811
20	4	5.286	0	0	-3.894	-1.214
20	4	0.9397	0	1	0.1233	1.011
20	4	3.733	1	1	-0.9113	-0.4776
20	4	3.496	1	1	-1.214	0.4911
20	4	1.583	1	1	0.006908	-0.4013
20	4	2.174	0	0	-2.369	-1.472
20	4	3.318	1	1	-0.2377	0.166
20	4	0.7417	0	1	-0.977	0.8625
20	4	1.768	0	1	-0.01741	1.789
20	4	5.554	0	0	-0.761	-1.426
20	4	0.174	0	1	-1.24	1.761
20	4	0.4671	1	1	-0.3294	1.197
20	4	0.5034	1	1	0.6234	1.033
20	4	5.343	1	1	0.09305	1.065
20	4	0.4487	0	0	-1.143	-0.2128
20	4	3.656	1	1	-0.04636	1.726
20	4	3.557	0	0	-0.5431	-0.6702
20	4	1.711	0	0	0.9607	0.3842
20	4	0.5291	1	0	-1.148	-0.2811
20	4	5.472	1	1	1.233	-0.7908
20	4	0.6809	1	1	-0.3009	0.2702
20	4	0.4173	0	1	0.9901	1.284
20	4	5.493	1	1	1.03	-0.6996
20	4	5.415	0	0	0.6039	-1.136
20	4	2.194	0	0	-0.7123	-0.7599
20	4	1.967	1	0	1.268	-0.5038
20	4	1.794	0	0	-0.3128	-1.025
20	4	0.9824	0	1	1.214	0.535
20	4	0.3799	1	1	1.058	1.598
21	4	5.41	0	0	0.2274	-1.572
21	4	5.337	1	1	-2.059	-1.62
21	4	2.228	0	1	0.1167	1.181
21	4	0.5869	1	1	-0.8483	0.683
21	4	1.711	0	0	1.056	1.406
21	4	1.948	0	1	0.1541	1.702
21	4	1.676	1	1	-1.66	0.09256
21	4	3.644	0	0	1.172	-0.9777
21	4	1.863	1	1	-1.146	-0.402
21	4	4.955	0	0	-0.303	-1.231
21	4	3.439	1	1	0.9581	-0.452
21	4	5.215	1	1	0.8354	1.03
21	4	3.613	1	1	-1.266	-0.4268
21	4	1.09	1	1	0.5267	-0.452
21	4	1.972	1	1	-0.1898	0.1664
21	4	0.3	0	0	0.6205	0.3876
21	4	0.4492	1	0	-0.5277	0.2718
21	4	1.856	0	0	-0.9096	-0.696
21	4	0.7487	0	0	-0.1822	-1.311
21	4	0.6516	1	0	-1.074	-1.669
21	4	3.37	0	0	0.006941	-0.2368
21	4	1.887	1	1	0.5579	-0.2368
21	4	3.566	1	1	1.222	-0.3058
21	4	0.9936	1	0	0.5573	0.7499
21	4	1.624	1	1	-1.512	-0.06472
21	4	0.5691	0	0	0.892	1.837
21	4	0.3916	0	0	0.3329	-0.2144
21	4	0.7991	0	0	-0.3743	-0.402
21	4	1.556	0	1	1.984	1.129
21	4	0.279	0	1	-0.1287	-0.06472
21	4	0.2249	0	0	-0.8123	-0.1062
21	4	3.414	1	1	0.1728	-0.8471
21	4	3.51	1	0	0.7216	-0.1487
21	4	5.492	1	1	0.7334	1.538
21	4	3.582	1	1	-1.095	-0.6673
21	4	5.255	1	1	-1.085	-0.5835
21	4	0.7643	0	1	0.8289	1.725
21	4	1.065	0	0	0.8934	0.8769
21	4	0.8466	1	1	-0.5274	-0.7253
21	4	0.7277	1	1	0.3129	-0.3774
21	4	1.208	0	1	0.07149	1.733
21	4	1.229	1	0	1.804	-0.2595
21	4	3.238	0	1	-0.1491	2.043
21	4	5.363	0	0	0.003805	-1.481
21	4	0.6656	0	0	-1.5	-0.5835
21	4	0.6598	0	1	-1.471	0.1482
21	4	5.059	0	0	0.187	1.513
21	4	5.436	1	1	-0.2296	-0.452
21	4	3.44	1	0	0.5534	-0.6673
21	4	5.156	0	0	-0.08996	-0.9777
22	4	0.362	1	1	0.2709	-0.1106
22	4	5.186	0	0	-0.8227	-1.329
22	4	5.265	0	0	0.002422	-1.811
22	4	5.167	0	0	-0.1101	-1.329
22	4	0.3796	1	1	1.154	1.421
22	4	1.94	1	1	0.2076	-0.3312
22	4	3.542	0	0	0.2794	-0.3749
22	4	3.499	0	0	-0.5732	-0.9305
22	4	1.847	1	0	-0.2978	-2.349
22	4	0.0357	0	1	0.8942	0.1307
22	4	0.5026	0	1	-0.8917	-0.07374
22	4	1.779	0	0	1.404	-0.4901
22	4	1.214	1	1	-0.4397	0.2968
22	4	5.421	0	0	-1.377	-1.248
22	4	1.02	1	1	1.464	0.5226
22	4	3.825	0	0	-0.03031	-0.9628
22	4	1.077	0	1	-0.2768	1.143
22	4	3.46	0	0	-1.212	-1.414
22	4	0.7909	1	0	2.496	1.559
22	4	0.8482	0	1	-0.8455	0.8242
22	4	0.6723	0	1	1.125	1.407
22	4	3.658	0	0	-1.63	-1.135
22	4	1.1	0	1	0.1068	0.2679
22	4	0.6417	0	1	-1.353	0.9412
22	4	0.5333	0	1	0.2708	0.9692
22	4	0.8549	0	1	0.2018	1.208
22	4	3.346	1	0	-0.02942	0.6527
22	4	0.7864	0	1	-1.666	1.386
22	4	5.339	0	0	-0.8027	-0.227
22	4	3.675	1	1	1.051	-0.6674
22	4	1.033	0	0	0.4464	0.4595
22	4	1.443	1	0	1.178	0.5831
22	4	1.952	1	1	0.3433	0.01478
22	4	5.758	0	0	-0.9655	-1.869
22	4	5.431	1	1	0.6682	1.184
22	4	5.257	1	1	0.3391	-0.3312
22	4	5.434	0	0	-0.1159	-0.7502
22	4	1.475	1	0	1.056	-0.6146
22	4	3.549	1	1	2.106	0.4851
22	4	0.3911	1	0	1.33	1.775
22	4	1.643	1	1	-0.9029	1.262
22	4	0.966	1	1	0.1144	-0.1677
22	4	1.77	1	1	-1.569	-0.05562
22	4	5.262	0	0	-0.5279	-1.064
22	4	2.063	1	1	-0.6169	-0.207
22	4	3.853	1	1	-0.7119	-0.05562
22	4	0.482	0	1	-0.3407	0.5592
22	4	1.876	1	0	0.4035	0.1466
22	4	0.9792	1	0	1.054	1.143
22	4	3.986	1	1	-0.2545	-0.443
23	4	0.2692	1	1	0.4148	-0.4226
23	4	1.73	0	0	-0.4738	0.1521
23	4	5.619	1	1	-0.3166	-0.3963
23	4	0.2815	1	1	-0.5268	1.961
23	4	2.022	1	0	2.012	1.602
23	4	0.9292	0	0	-1.083	2.056
23	4	1.04	1	1	0.2481	1.508
23	4	1.651	0	0	-1.206	-0.4494
23	4	3.843	0	0	0.3175	-0.5043
23	4	0.8591	1	1	2.131	1.365
23	4	3.696	0	0	1.455	-0.9514
23	4	5.156	0	0	-0.8981	-0.7445
23	4	2.388	1	1	-2.042	1.32
23	4	0.3719	1	0	0.343	1.045
23	4	5.486	1	0	-0.51	-0.5902
23	4	1.928	0	0	0.2295	-0.7445
23	4	5.431	0	0	0.4536	-0.681
23	4	3.414	1	0	-0.3748	-0.8447
23	4	3.59	0	0	-0.5812	-1.066
23	4	3.393	0	0	-1.442	-1.147
23	4	1.721	0	0	0.4873	-0.3449
23	4	1.2	0	0	0.02697	-0.2707
23	4	3.831	0	0	-0.6695	-1.369
23	4	0.5373	1	1	0.4611	0.3775
23	4	3.497	1	0	0.1021	0.2249
23	4	5.774	1	1	-0.9358	0.3115
23	4	5.554	1	1	-0.5984	-0.2707
23	4	1.883	0	0	-1.509	-1.147
23	4	5.269	0	0	0.2857	-1.369
23	4	0.835	1	0	-1.564	-0.2707
23	4	0.9481	0	0	-1.523	-0.5611
23	4	0.552	1	1	0.122	0.207
23	4	5.116	0	0	-0.7228	-0.8447
23	4	0.9075	0	0	0.786	-0.2231
23	4	5.325	0	0	0.2258	-1.232
23	4	0.8371	0	0	-0.01212	-1.571
23	4	2.011	0	0	0.665	-0.2707
23	4	1.915	1	1	-0.3904	1.097
23	4	0.838	1	1	-1.236	0.05629
23	4	1.717	0	0	2.067	0.9337
23	4	0.7177	1	1	0.8122	0.9452
23	4	3.382	1	0	0.7669	-0.1319
23	4	0.9046	0	1	-1.803	0.1521
23	4	1.015	1	1	1.109	2.101
23	4	3.823	1	1	1.437	1.712
23	4	0.3315	0	0	-3.296	-0.3198
23	4	0.3862	1	1	0.1647	1.076
23	4	3.335	1	1	-1.705	-0.8447
23	4	0.4194	0	0	0.9384	-0.6199
24	4	0.8438	0	0	1.316	-0.7117
24	4	0.6978	0	1	-0.6509	-0.3344
24	4	5.161	1	1	-1.694	-0.4824
24	4	0.3675	1	1	0.6647	0.7678
24	4	3.412	1	1	0.1626	0.4985
24	4	0.6079	1	0	-0.5632	-0.6432
24	4	5.454	0	0	-0.7221	-1.098
24	4	0.8063	0	0	1.259	1.486
24	4	1.731	1	1	-0.8497	-0.3631
24	4	0.9019	0	1	1.203	0.2875
24	4	0.5503	1	1	0.1143	0.5165
24	4	0.6417	1	0	0.7678	-0.3631
24	4	0.9998	1	0	-1.849	-0.4218
24	4	1.717	0	0	0.1845	0.7362
24	4	0.5901	0	1	0.07868	-0.1199
24	4	0.5872	1	1	0.6811	1.629
24	4	5.039	0	0	-0.04224	-0.8194
24	4	0.762	1	1	1.164	0.2044
24	4	5.595	0	0	-0.8517	-1.479
24	4	1.942	1	0	0.6065	-1.532
24	4	0.9906	0	0	-0.9214	0.5344
24	4	0.9616	0	0	0.7452	-0.5134
24	4	5.586	0	0	-1.731	-2.101
24	4	3.368	0	0	1.222	-0.9735
24	4	5.697	0	0	-0.8613	-2.176
24	4	1.883	1	1	-0.2372	-0.1712
24	4	3.556	0	0	0.5372	-1.587
24	4	1.764	0	1	1.162	1.902
24	4	1.289	1	1	-1.022	2.009
24	4	1.915	0	1	-0.06902	1.376
24	4	1.814	0	0	0.2564	0.4433
24	4	1.05	1	0	0.4737	-0.1712
24	4	3.566	0	0	-1.958	-1.056
24	4	0.1285	1	1	-0.2233	1.211
24	4	1.059	1	0	-1.146	0.6212
24	4	1.268	1	0	-1.012	0.4433
24	4	3.471	1	1	-0.3986	0.367
24	4	2.331	0	0	-0.167	0.8445
24	4	5.318	1	1	-0.4568	-0.3922
24	4	0.7319	1	0	-0.4781	0.04939
24	4	1.55	1	1	-1.363	-0.251
24	4	3.927	1	1	0.8297	2.049
24	4	3.48	0	0	0.1279	0.07235
24	4	5.32	1	1	0.3101	-0.02126
24	4	3.976	0	0	-0.141	0.04939
24	4	3.738	0	0	0.07187	0.4433
24	4	5.449	0	0	-0.6071	-1.232
24	4	3.553	1	1	0.5502	0.2671
24	4	5.216	1	0	-0.8309	0.2044
25	4	0.8122	1	1	-0.7989	-1.127
25	4	5.674	0	0	-0.01859	-0.1635
25	4	0.601	0	1	-0.7009	-0.5994
25	4	0.02133	0	1	-1.49	1.042
25	4	0.6191	1	0	-0.3886	-0.2041
25	4	1.025	1	1	-0.3576	0.9147
25	4	3.527	0	1	0.4817	0.7319
25	4	5.222	1	1	-0.6704	-0.6807
25	4	0.7271	0	0	0.3896	0.5252
25	4	1.843	0	0	-1.913	-0.4972
25	4	5.211	1	1	-0.08066	1.386
25	4	1.097	0	0	0.4195	-0.6807
25	4	0.4605	1	1	0.7203	0.7879
25	4	2.174	0	1	0.03535	0.3754
25	4	5.423	1	1	0.07479	1.15
25	4	5.495	0	0	-1.242	-1.752
25	4	1.701	0	0	0.1558	-1.323
25	4	1.936	0	0	-1.663	-0.796
25	4	0.808	1	0	-0.8401	-0.3105
25	4	3.679	0	0	-1.347	-1.409
25	4	0.8881	0	0	1.521	-1.165
25	4	0.4153	0	0	-0.9535	-0.06624
25	4	3.701	1	0	2.129	1.124
25	4	5.385	0	0	-2.057	-1.5
25	4	1.068	0	0	0.4768	-1.547
25	4	3.836	1	1	-0.01713	0.7319
25	4	3.402	1	1	-0.9586	0.8943
25	4	1.806	1	1	1.198	1.584
25	4	3.222	1	1	-0.8454	-0.1044
25	4	0.2581	1	1	-0.7594	-0.6261
25	4	1.969	1	1	-1.038	0.8206
25	4	3.731	1	1	0.411	0.07792
25	4	0.2736	0	1	-0.4394	-0.378
25	4	0.1207	0	1	-2.227	0.8206
25	4	3.74	1	1	0.3803	1.124
25	4	1.912	1	0	0.7682	0.9843
25	4	3.533	0	0	-1.551	-1.323
25	4	0.8294	1	1	-0.5449	1.176
25	4	5.316	0	0	-0.1915	-0.5475
25	4	5.629	1	1	-2.664	-0.3327
25	4	5.485	1	1	-0.5978	0.3896
25	4	1.271	0	0	0.5832	-0.4011
25	4	1.838	0	1	-0.8397	1.324
25	4	0.855	0	1	-0.6134	1.736
25	4	1.917	1	1	-0.4517	1.495
25	4	5.463	0	0	0.6489	-1.454
25	4	0.431	0	0	-0.9662	-1.165
25	4	0.8047	0	0	0.6111	-1.366
25	4	1.774	0	1	0.1672	0.5888
25	4	3.953	1	1	-2.277	-0.2671
26	4	0.4953	0	0	0.471	1.15
26	4	1.594	0	0	0.07844	0.1848
26	4	0.3783	0	1	0.2309	-0.04478
26	4	5.187	1	1	-1.505	-0.5934
26	4	0.4875	1	0	-0.2609	-0.2394
26	4	0.5117	0	1	0.07359	-1.075
26	4	3.46	0	0	1.235	-1.075
26	4	0.3793	1	0	0.5645	1.201
26	4	3.649	1	0	-0.2604	-0.4847
26	4	5.855	0	0	-0.6643	-1.271
26	4	0.7317	0	0	0.3503	-0.2394
26	4	0.562	0	0	-0.5268	0.2892
26	4	3.401	1	1	0.05354	0.09283
26	4	5.237	1	1	-1.597	-0.3824
26	4	1.481	1	0	1.592	1.796
26	4	3.513	1	1	-0.7445	-0.8017
26	4	0.3507	0	0	0.286	-0.06535
26	4	3.797	0	1	2.629	0.7073
26	4	0.2234	0	0	0.07247	-0.2166
26	4	1.023	1	1	-0.2952	-0.3334
26	4	5.251	1	1	1.339	1.577
26	4	3.435	0	0	-0.6811	-1.856
26	4	0.7207	1	0	-0.1663	-1.075
26	4	1.433	0	0	-0.4747	1.678
26	4	0.5274	0	1	0.2079	-0.2857
26	4	1.864	1	1	0.7897	1.767
26	4	0.6053	0	0	-0.2892	0.4503
26	4	0.8067	1	1	1.44	1.76
26	4	5.252	1	1	1.231	-0.1286
26	4	0.2372	1	1	0.8457	1.119
26	4	1.979	0	1	0.4975	1.408
26	4	1.596	1	1	-0.5553	-0.3824
26	4	5.833	1	1	0.04549	1.066
26	4	3.617	0	0	0.2768	-1.491
26	4	0.9773	1	1	0.03917	-0.5382
26	4	5.516	0	0	-0.07348	0.306
26	4	1.829	1	0	-0.9908	1.191
26	4	1.027	0	1	-0.2146	-0.2624
26	4	3.773	0	0	-0.8606	-0.3094
26	4	5.099	0	0	-0.06023	-0.9674
26	4	0.4783	1	1	0.07961	-0.06535
26	4	1.709	1	1	1.853	1.119
26	4	3.702	0	0	1.786	0.7978
26	4	0.957	0	0	-0.124	0.6806
26	4	5.393	0	0	-0.8477	-1.271
26	4	5.367	0	0	0.8351	-1.491
26	4	1.603	1	0	1.785	-1.038
26	4	3.819	0	0	-0.7336	-1.743
26	4	0.5125	1	0	-1.122	-0.6504
26	4	2.074	1	1	-0.4369	0.03518
27	4	1.229	0	1	0.242	-0.7523
27	4	0.2223	1	0	1.513	0.362
27	4	3.783	1	1	-0.7289	0.1804
27	4	1.784	0	0	-0.2503	0.5817
27	4	1.756	0	1	-0.2476	-0.1041
27	4	0.5281	1	1	-0.2031	-0.08353
27	4	5.692	0	0	-0.6762	-1.608
27	4	2.124	0	0	-0.7765	-1.558
27	4	3.338	0	1	0.08245	0.6089
27	4	0.5056	1	1	-1.181	1.261
27	4	0.7678	1	1	1.146	0.9717
27	4	1.065	0	0	-0.5537	-0.3013
27	4	5.58	0	0	-0.3322	-0.9802
27	4	5.557	0	0	-2.285	-1.371
27	4	3.324	1	0	-0.03275	-0.6633
27	4	0.3087	1	0	1.435	-1.126
27	4	1.575	1	1	-0.5815	0.2149
27	4	5.39	0	0	0.2474	-1.088
27	4	3.664	0	0	-1.234	-1.509
27	4	0.2897	0	0	-0.08714	-0.783
27	4	0.4565	0	0	0.4088	0.54
27	4	0.4313	1	1	-1.36	0.1978
27	4	5.337	0	0	-1.624	-1.509
27	4	0.9022	1	1	-0.148	1.393
27	4	1.429	1	1	1.093	0.1272
27	4	3.923	1	1	-1.981	-0.003779
27	4	0.7256	1	1	0.7512	0.2654
27	4	0.7496	1	1	1.717	1.991
27	4	0.469	0	0	0.9273	0.7513
27	4	0.9998	1	1	0.9235	1.376
27	4	5.355	1	1	-1.819	-0.4218
27	4	3.59	0	0	0.1737	-0.783
27	4	5.376	1	1	0.07759	-0.08353
27	4	1.781	1	0	1.787	1.499
27	4	5.459	1	1	-2.017	-1.416
27	4	0.9619	1	1	0.6422	0.8709
27	4	3.504	0	0	-0.7049	-0.9118
27	4	1.74	0	1	0.7066	1.057
27	4	0.5053	0	1	-0.01364	0.7881
27	4	2.09	1	1	-0.83	-0.1459
27	4	1.056	0	0	0.3618	-0.4725
27	4	0.7304	1	1	-1.895	1.499
27	4	3.556	0	0	-1.06	-0.9457
27	4	3.581	0	1	1.179	1.763
27	4	0.5413	1	1	-1.468	-0.1889
27	4	2.007	0	1	-0.5214	0.7388
27	4	3.462	1	1	-0.2879	-0.1673
27	4	1.695	0	0	1.415	1.592
27	4	5.245	0	0	-1.57	-1.462
27	4	5.272	1	1	0.2501	-0.1889
28	4	1.936	1	1	-0.5622	-0.8224
28	4	3.451	1	1	0.441	-0.6906
28	4	0.3137	1	0	-0.1707	0.7049
28	4	1.818	1	1	-1.187	-0.7227
28	4	3.433	1	1	-1.362	-1.041
28	4	2.028	1	1	-1.161	-0.1981
28	4	2.066	0	0	-0.3665	-0.4819
28	4	1.685	0	0	0.2993	0.5584
28	4	5.158	0	0	-0.7606	-1.815
28	4	5.51	1	1	-1.534	0.9405
28	4	0.8674	0	0	-0.3642	-1.081
28	4	0.5838	0	1	-0.5708	0.6185
28	4	5.425	0	0	-0.5272	-1.081
28	4	0.7218	1	0	-1.386	1.82
28	4	3.139	1	1	-0.1491	0.08612
28	4	1.753	0	0	0.3899	-0.8923
28	4	0.6228	0	0	0.2332	-1.162
28	4	1.312	1	0	-0.4418	1.352
28	4	3.765	1	1	-0.5327	-0.1512
28	4	3.642	0	0	-0.8671	-2.079
28	4	1.702	1	1	-0.5637	0.3814
28	4	1.249	0	0	0.5309	-0.3997
28	4	5.555	1	1	-1.763	-0.271
28	4	5.336	1	1	-1.019	0.06586
28	4	0.7829	0	1	0.5533	1.093
28	4	0.2321	1	0	-0.6473	1.79
28	4	3.652	0	0	-0.7267	-1.433
28	4	1.607	0	0	-1.383	-0.3471
28	4	0.4965	1	0	0.8107	0.06586
28	4	5.286	0	0	0.596	-1.587
28	4	1.683	1	1	-1.539	0.7188
28	4	0.5414	0	1	-0.6916	0.2216
28	4	3.764	0	0	-0.2257	-0.7553
28	4	1.656	1	1	1.069	0.5584
28	4	3.549	1	1	-0.8161	0.6908
28	4	0.5265	1	1	0.1495	0.5119
28	4	0.5547	0	1	-1.358	-0.5103
28	4	0.9687	0	1	0.7451	1.07
28	4	0.4971	0	1	-3.123	-0.3997
28	4	4.931	0	0	-0.8445	-0.9284
28	4	0.3979	1	1	-0.4311	-0.06103
28	4	5.224	1	1	0.9141	0.3472
28	4	1.145	1	1	0.8176	0.5736
28	4	3.516	0	0	-2.513	0.2945
28	4	5.141	0	0	-1.08	-1.433
28	4	0.9413	0	0	-0.1789	1.849
28	4	3.209	1	1	0.8226	1.361
28	4	5.219	1	1	-0.1983	0.9282
28	4	0.7736	0	0	1.349	1.94
28	4	0.6754	1	0	-0.4672	-0.1981
29	4	5.619	1	1	-0.2956	-1.366
29	4	5.356	0	0	-0.7046	-1.317
29	4	5.688	1	1	0.1436	-0.3015
29	4	0.6884	1	1	-0.01442	0.783
29	4	3.406	1	1	0.1472	0.2485
29	4	1.129	1	0	0.3208	-1.133
29	4	0.624	0	0	0.07613	-0.1414
29	4	1.67	1	0	0.2022	0.783
29	4	0.9614	0	0	-0.3486	0.5351
29	4	1.194	0	0	0.1599	0.4629
29	4	2.085	1	0	0.9304	0.9171
29	4	1.918	1	1	-0.3868	1.339
29	4	0.3415	1	0	-1.11	0.1201
29	4	5.432	0	0	-1.886	-0.9657
29	4	1.037	0	1	0.3189	0.02925
29	4	3.89	1	1	1.589	-0.2197
29	4	3.401	1	0	-0.3431	0.4069
29	4	1.832	0	0	-0.7221	0.8438
29	4	0.4359	0	0	-0.4532	0.02925
29	4	1.902	1	1	-0.1643	1.281
29	4	0.9273	1	0	0.5325	-0.7759
29	4	0.8207	0	0	-0.3714	-1.177
29	4	0.4277	1	1	0.6307	1.624
29	4	3.534	1	1	-0.5629	-0.09104
29	4	3.357	0	0	-0.2132	-1.522
29	4	0.834	1	1	1.627	0.9171
29	4	0.4414	1	0	-0.1613	-0.6038
29	4	3.738	1	1	-2.566	-1.317
29	4	3.608	1	1	1.358	-0.7051
29	4	3.703	0	0	-0.2635	-0.1672
29	4	5.398	1	0	0.5454	1.682
29	4	0.422	0	1	-1.609	-1.522
29	4	0.8602	0	0	0.4014	0.09782
29	4	0.7057	1	1	-1.665	1.837
29	4	0.5255	0	1	1.025	1.653
29	4	5.327	0	0	-2.862	-1.946
29	4	3.687	0	0	-1.112	-1.133
29	4	1.789	0	1	1.062	1.108
29	4	0.1757	0	1	-0.5789	0.3294
29	4	3.75	1	1	-0.5631	0.8881
29	4	5.541	1	1	-0.3353	-0.09104
29	4	0.9643	0	0	0.2548	0.2067
29	4	0.9964	0	0	0.8399	1.575
29	4	1.759	0	0	-1.564	-0.09104
29	4	1.802	0	0	-2.366	-1.09
29	4	5.468	0	0	0.2975	-1.752
29	4	1.699	1	1	-0.2186	-0.4769
29	4	5.732	0	0	-1.175	-0.2466
29	4	5.447	1	1	-0.6362	0.2485
29	4	2.023	1	0	-1.798	0.2067
30	5	5.28	0	0	0.6991	-2.414
30	5	3.317	1	1	-0.1684	-0.8169
30	5	1.952	1	0	-0.2678	-0.4776
30	5	2.058	1	1	-1.811	-1.324
30	5	5.392	1	1	0.4291	-0.2614
30	5	5.518	1	1	-1.509	-0.8807
30	5	0.9654	1	0	0.7361	-0.6672
30	5	1.158	1	1	-0.4187	1.062
30	5	5.375	0	1	-0.7165	0.888
30	5	4.124	1	1	0.1426	-0.1736
30	5	2.091	0	0	-1.993	-0.8807
30	5	3.752	0	0	-0.7348	-1.55
30	5	3.717	1	1	-0.5533	0.8417
30	5	1.784	0	0	-1.278	-1.411
30	5	3.706	1	1	0.007628	0.06558
30	5	0.2815	0	0	-0.7076	1.663
30	5	0.3204	0	1	-1.108	1.504
30	5	1.662	1	1	-0.6509	1.228
30	5	1.771	1	1	0.9368	0.2419
30	5	1.671	0	1	-0.01229	0.6159
30	5	0.5264	0	1	1.227	1.337
30	5	1.656	0	1	-0.8317	0.72
30	5	0.5949	1	1	-0.9574	-0.01044
30	5	0.4739	1	1	-0.9468	0.7574
30	5	0.8161	1	1	1.346	0.5049
30	5	1.014	0	0	0.6952	-0.8807
30	5	3.691	0	0	-2.045	-0.7859
30	5	0.2431	1	0	1.863	-0.2614
30	5	5.197	1	1	-0.8239	0.028
30	5	1.206	0	0	-0.07414	-1.367
30	5	1.421	0	0	-0.5239	-1.989
30	5	0.9813	1	1	-1.452	1.082
30	5	0.781	0	0	0.4633	-0.5296
30	5	1.181	0	1	-0.08594	-0.1105
30	5	0.744	0	0	-0.2866	1.041
30	5	1.137	0	0	0.2794	0.3395
30	5	5.252	1	0	0.4911	-0.2841
30	5	5.128	0	0	-0.6674	-0.7255
30	5	0.3647	0	1	0.1119	0.4015
30	5	0.7851	1	1	0.9905	0.72
30	5	3.589	1	1	-0.4436	0.7819
30	5	5.217	1	1	-0.1553	1.527
30	5	3.969	0	0	-0.2112	1.293
30	5	0.7102	1	0	-1.104	0.5192
30	5	5.392	1	1	1.167	-0.1736
30	5	3.726	0	0	-2.112	-0.6388
30	5	3.898	1	1	-0.1769	-0.6108
30	5	0.3469	0	0	0.8349	1.293
30	5	1.662	0	1	2.2	0.3708
30	5	5.71	0	0	-2.368	-1.599
31	5	3.551	1	1	0.07711	-0.9495
31	5	0.7487	1	1	1.034	-0.6496
31	5	0.2684	1	1	1.33	0.1542
31	5	1.816	0	1	1.819	0.5939
31	5	5.475	1	0	1.584	1.742
31	5	3.588	0	0	0.127	0.3056
31	5	0.6999	0	1	1.105	0.3869
31	5	1.638	1	0	-0.1567	0.3056
31	5	1.249	1	1	0.935	0.3869
31	5	3.727	0	0	-1.489	-1.12
31	5	3.47	0	1	0.5676	0.7962
31	5	1.845	0	0	-0.2717	-0.6153
31	5	1.878	1	1	0.264	-0.1643
31	5	5.311	0	0	-1.329	-0.8313
31	5	0.2741	0	0	1.537	-0.6846
31	5	3.443	1	1	-1.126	0.576
31	5	0.2628	0	1	1.321	1.105
31	5	5.58	0	0	0.09682	-1.749
31	5	0.8833	1	1	1.353	1.236
31	5	0.7459	0	0	-0.5687	-0.2186
31	5	5.087	0	0	-1.825	-2.016
31	5	5.377	0	0	0.2801	-1.211
31	5	1.333	1	1	-2.064	0.2422
31	5	1.992	0	1	0.5121	0.7476
31	5	0.6473	1	1	1.851	0.1766
31	5	0.8353	0	0	-2.04	-1.033
31	5	0.7338	1	1	-0.2409	1.091
31	5	5.323	1	1	-0.4187	-0.5485
31	5	3.474	1	1	-0.6502	-0.06043
31	5	0.9119	1	1	0.4027	1.078
31	5	1.685	1	1	0.9936	1.405
31	5	0.919	0	1	0.2421	1.393
31	5	5.666	1	1	-0.5974	0.4838
31	5	0.6369	0	0	0.8787	-0.7935
31	5	3.453	0	0	0.76	-0.1643
31	5	0.2561	1	0	-0.7923	-1.628
31	5	1.644	1	1	-0.224	1.223
31	5	1.251	1	1	-1.322	0.7145
31	5	0.8851	0	1	-1.275	0.1315
31	5	0.1913	1	1	0.6073	1.789
31	5	3.348	1	1	-1.704	-0.3614
31	5	5.185	0	0	0.5435	-0.6153
31	5	2.073	1	1	0.3632	-0.2463
31	5	0.9612	1	1	0.9832	1.78
31	5	1.919	0	1	-0.6238	1.21
31	5	4.958	0	0	-0.4554	-0.5485
31	5	3.688	0	0	0.6535	-0.9092
31	5	3.722	0	0	0.6611	-1.46
31	5	5.212	0	0	-0.5798	-1.357
31	5	1.548	0	0	0.3525	-1.12
32	5	5.208	0	0	1.337	-0.5876
32	5	5.517	1	1	-0.5185	-1.144
32	5	0.2507	1	1	0.4925	0.6345
32	5	3.899	0	1	0.1966	-0.5126
32	5	0.904	1	1	-0.4057	0.5653
32	5	1.745	0	0	-0.1415	0.319
32	5	2.031	1	1	0.7918	0.8095
32	5	2.251	0	0	0.4787	-0.2017
32	5	4.98	1	1	-0.1883	-0.01513
32	5	5.061	0	0	0.7223	-2.15
32	5	3.651	1	1	0.2699	0.5653
32	5	3.389	1	1	-0.03458	-0.1066
32	5	3.77	0	0	0.1821	1.667
32	5	5.343	0	0	-0.5359	-0.01513
32	5	2.148	1	1	-0.05352	-0.5126
32	5	0.9115	0	1	0.5262	1.107
32	5	3.864	1	1	0.8063	0.5418
32	5	1.502	0	0	1.334	0.01459
32	5	0.4244	1	1	0.4196	1.32
32	5	0.7931	0	0	-1.621	-0.7048
32	5	5.013	1	1	0.2624	-0.7048
32	5	0.9795	0	0	0.7171	-0.7452
32	5	0.9721	0	1	-1.914	1.031
32	5	0.5682	0	0	0.5388	-0.2674
32	5	0.2559	1	0	-1.058	-2.225
32	5	0.5759	1	1	1.159	1.233
32	5	1.759	0	0	-1.399	1.031
32	5	5.518	1	1	-0.2529	-0.5876
32	5	2.183	1	1	-1.076	-0.9582
32	5	0.4833	1	0	1.164	-1.003
32	5	0.4724	1	1	-0.8663	-0.5498
32	5	1.789	1	0	2.606	1.917
32	5	1.726	1	1	-1.291	-0.626
32	5	0.1583	1	0	0.543	1.125
32	5	3.88	1	1	-0.7315	-0.3349
32	5	5.872	1	1	-1.122	-0.2343
32	5	1.028	1	0	0.6414	0.6795
32	5	1.477	0	0	-2.253	-1.398
32	5	3.738	0	0	1.572	-0.07571
32	5	0.7489	0	1	-0.5217	1.05
32	5	3.368	0	0	1.232	-0.4044
32	5	0.8874	1	1	-1.334	-1.242
32	5	1.14	1	1	-0.6771	-0.1379
32	5	3.549	0	1	0.03197	1.637
32	5	0.743	0	1	-1.768	0.04394
32	5	5.194	0	0	-0.9354	-1.452
32	5	3.548	0	0	1.372	0.1299
32	5	0.2788	1	1	0.3469	0.6345
32	5	0.8108	0	0	1.747	2.033
32	5	5.254	0	0	-0.921	-1.192
33	5	1.656	0	0	0.9791	1.196
33	5	1.785	0	0	-1.643	-1.204
33	5	3.551	0	0	0.2699	-0.1767
33	5	0.5514	0	1	-0.0592	0.5781
33	5	5.367	0	0	-0.9208	-1.845
33	5	0.1755	1	0	0.3296	1.144
33	5	1.899	0	0	-0.4515	-0.6218
33	5	0.7311	0	1	0.3337	0.9344
33	5	2.034	0	1	0.08924	1.494
33	5	3.902	0	0	-0.01602	-1.072
33	5	5.392	0	0	-0.5985	-1.909
33	5	0.7474	1	1	-0.8062	1.345
33	5	1.757	0	0	-0.3644	-1.445
33	5	3.654	1	1	1.265	0.6652
33	5	1.039	1	1	0.5063	1.049
33	5	0.7699	0	0	0.5901	1.035
33	5	5.079	0	0	-1.335	-1.551
33	5	0.4266	1	1	0.7135	1.117
33	5	1.015	1	1	0.3352	0.3313
33	5	5.255	1	1	0.08953	0.6134
33	5	1.544	0	0	1.103	-0.1245
33	5	1.63	1	1	-0.7754	0.1839
33	5	0.3193	1	0	-2.082	-0.3425
33	5	5.782	0	0	-1.033	-0.91
33	5	5.59	1	1	0.4297	1.117
33	5	0.6769	0	0	0.2049	-1.445
33	5	1.508	0	1	2.272	0.1618
33	5	1.848	0	0	-0.7269	-1.204
33	5	3.404	1	1	0.9997	0.732
33	5	0.6952	1	0	1.722	1.234
33	5	1.241	1	0	-0.08277	-0.9894
33	5	1.47	1	1	-0.5935	0.4301
33	5	0.9811	1	0	0.899	0.6481
33	5	3.381	0	0	-0.5781	-1.204
33	5	3.729	1	1	0.2569	7.939e-05
33	5	0.2798	0	0	-0.1374	-0.2034
33	5	1.209	1	1	0.9472	1.526
33	5	4.802	1	1	1.398	-0.04878
33	5	3.49	0	0	1.261	-1.25
33	5	1.76	1	1	-0.8962	-0.4616
33	5	0.1956	0	0	1.751	-0.07369
33	5	5.211	0	0	-1.668	-1.497
33	5	1.785	0	1	1.564	1.284
33	5	0.8037	1	0	-0.8315	0.5959
33	5	3.848	1	1	-0.05119	-0.2578
33	5	3.311	1	1	-1.043	0.117
33	5	5.35	1	1	-0.03986	-0.1504
33	5	0.8736	0	0	-0.1849	-0.7968
33	5	3.54	1	1	0.08023	-0.1767
33	5	5.529	1	1	0.7718	1.426
34	5	0.4501	1	1	2.158	1.671
34	5	1.347	0	1	1.201	0.1373
34	5	1.744	1	1	1.284	-0.1156
34	5	1.024	1	1	0.673	-0.5046
34	5	3.105	1	1	0.686	-0.9328
34	5	0.2645	1	0	-0.5652	-0.08602
34	5	2.024	1	1	0.7574	1.129
34	5	0.9298	0	1	1.018	0.1106
34	5	1.062	0	0	-0.4994	-0.2379
34	5	0.8679	0	1	1.218	1.788
34	5	3.488	1	1	-0.8908	2.039
34	5	0.6019	0	0	0.9255	1.261
34	5	5.384	0	0	-0.7117	-1.065
34	5	3.561	1	1	1.299	0.5706
34	5	1.693	1	1	-0.5477	-0.2067
34	5	1.955	1	1	1.236	0.6981
34	5	5.379	1	1	-0.795	-0.6135
34	5	0.7032	1	1	-1.553	0.4119
34	5	0.8223	1	0	0.1101	-0.8486
34	5	3.67	1	1	-1.387	0.4119
34	5	1.913	0	0	0.2182	0.6139
34	5	3.711	0	0	-0.5014	0.5039
34	5	5.322	1	1	-0.7172	1.446
34	5	0.5615	0	0	0.01621	1.416
34	5	1.815	1	0	1.152	0.2663
34	5	0.6567	0	1	1.268	0.4813
34	5	0.6621	1	1	-0.02467	0.1637
34	5	5.092	0	0	0.8017	-1.206
34	5	5.184	0	0	0.4174	-0.9328
34	5	0.7693	1	0	0.8612	0.2156
34	5	3.669	1	1	-0.9689	-0.4349
34	5	2.087	1	1	0.7796	1.431
34	5	0.759	1	1	-0.3672	-0.1455
34	5	3.399	0	0	-0.702	-1.158
34	5	0.6205	0	1	2.038	1.163
34	5	3.391	1	1	-1.989	-0.2067
34	5	0.677	0	0	-0.1975	-1.206
34	5	1.869	0	0	0.7818	-0.8486
34	5	0.4719	0	1	-0.5484	1.416
34	5	5.119	0	0	-1.88	-1.692
34	5	3.571	1	1	-0.6973	0.1373
34	5	0.5246	0	0	-0.1531	-1.02
34	5	1.688	1	0	0.5421	-1.409
34	5	5.737	0	0	-0.5445	-1.692
34	5	0.222	0	1	0.005386	0.02844
34	5	5.431	0	0	-0.201	-2.087
34	5	5.516	1	1	-1.236	0.4353
34	5	3.192	0	0	1.458	-1.02
34	5	5.313	1	1	-2.357	0.2663
34	5	1.849	0	0	-0.8606	-0.5403
35	5	1.731	1	1	0.7244	-0.403
35	5	0.6909	1	1	-0.7925	0.04853
35	5	1.431	0	0	-0.4397	0.4268
35	5	0.5397	0	0	-0.1156	-0.8402
35	5	1.883	0	0	-0.9772	-0.7202
35	5	3.561	0	0	-1.379	-1.965
35	5	5.458	0	0	-1.045	-1.743
35	5	0.7662	1	1	-1.093	0.6516
35	5	3.747	1	1	-1.71	1.071
35	5	1.78	0	0	0.6272	-1.609
35	5	3.735	0	0	0.1392	0.6691
35	5	1.014	1	1	0.05091	1.057
35	5	5.674	1	1	0.09455	0.6864
35	5	0.5218	0	1	-0.4562	0.0732
35	5	3.647	1	1	-0.2672	-0.0804
35	5	1.815	0	1	-0.3496	0.2143
35	5	5.441	0	0	-0.04199	-1.313
35	5	5.418	0	0	0.3776	-1.743
35	5	3.449	1	1	0.0921	-0.2489
35	5	1.852	0	0	1.003	-1.369
35	5	3.891	1	0	1.213	-1.485
35	5	0.9012	1	1	-0.25	0.7035
35	5	0.3705	0	0	-1.305	-1.369
35	5	0.9979	1	1	-1.913	0.04853
35	5	3.622	0	0	-2.479	-0.7592
35	5	5.141	0	0	-1.017	-1.108
35	5	5.064	1	1	-0.0634	0.7373
35	5	3.42	1	1	-1.439	0.9717
35	5	5.424	1	1	0.907	1.291
35	5	1.446	0	0	0.2789	0.3863
35	5	0.8136	0	0	0.1369	-1.369
35	5	2.071	1	1	-0.7737	1.279
35	5	0.2242	0	1	0.5625	1.229
35	5	1.998	1	1	0.7915	-0.05384
35	5	5.396	1	1	0.3396	0.5428
35	5	0.6796	0	1	1.634	0.2808
35	5	0.2987	0	0	1.349	1.204
35	5	0.2856	1	1	0.2467	1.551
35	5	0.5209	1	0	1.431	-0.1074
35	5	1.105	1	0	0.08986	0.4067
35	5	0.6465	1	0	-0.558	0.3025
35	5	0.6501	1	1	1.323	1.498
35	5	0.9708	1	1	0.7125	1.043
35	5	1.809	0	0	0.4426	0.02349
35	5	0.2982	1	0	1.204	-0.05384
35	5	3.741	0	0	0.6174	-0.9251
35	5	5.579	0	0	-0.5683	-1.108
35	5	0.4476	0	0	-0.5487	1.572
35	5	3.499	0	0	1.876	0.6516
35	5	5.718	1	1	1.411	-0.2489
36	5	0.74	1	1	1.631	1.679
36	5	3.472	1	1	-1.167	-0.6776
36	5	0.5837	1	1	-0.5565	0.07025
36	5	1.525	1	1	0.3555	0.2279
36	5	3.576	0	0	0.219	0.3025
36	5	3.685	1	1	-0.08222	0.3267
36	5	0.4601	0	0	0.5539	0.3507
36	5	3.348	1	1	-1.062	0.2024
36	5	0.5359	0	1	-0.4428	0.78
36	5	5.455	1	1	-1.091	0.1241
36	5	5.413	1	1	-0.972	-0.6388
36	5	1.753	0	0	-0.155	-0.2541
36	5	5.393	0	0	-0.1307	-1.538
36	5	3.607	1	1	0.873	0.721
36	5	1.483	1	1	1.014	0.2024
36	5	1.164	0	1	-0.526	0.421
36	5	5.633	0	0	-1.194	-0.9269
36	5	0.9412	0	0	-0.1217	-0.7171
36	5	0.2398	1	1	0.8295	0.3507
36	5	1.018	0	1	-0.5951	0.4666
36	5	1.858	1	0	1.219	-1.064
36	5	3.693	0	0	-0.7699	0.2779
36	5	5.34	0	0	-0.3781	-2.077
36	5	0.4324	1	1	-0.4745	-0.1302
36	5	0.9756	0	0	1.931	0.7409
36	5	5.77	1	1	0.2838	-0.4551
36	5	0.6257	1	0	-0.8159	-1.314
36	5	3.68	1	1	0.308	0.8932
36	5	5.54	0	0	-1.948	1.103
36	5	0.8166	0	0	-0.9772	-1.16
36	5	1.792	0	1	-0.6855	-0.1913
36	5	1.923	0	0	0.1718	0.3979
36	5	5.661	1	1	0.3816	0.04277
36	5	3.076	0	0	0.8019	2.004
36	5	5.312	0	0	-0.842	-2.502
36	5	0.4063	0	1	1.888	1.716
36	5	0.509	1	0	-0.9941	-2.155
36	5	5.528	0	0	-0.5219	-1.599
36	5	1.689	1	1	1.202	0.9115
36	5	1.803	1	1	2.216	0.9296
36	5	0.6353	1	1	-0.4358	1.247
36	5	3.543	1	0	-0.03044	-0.1913
36	5	1.871	1	1	0.2078	-0.04193
36	5	0.7284	0	1	-0.4328	0.9476
36	5	1.105	1	1	-0.4658	-0.04193
36	5	0.6274	1	0	0.448	-0.1302
36	5	0.9049	1	1	-1.038	0.3979
36	5	3.582	0	0	-2.367	-1.423
36	5	1.926	1	1	0.3426	0.5764
36	5	0.7982	0	1	0.6529	0.8184
37	5	1.26	1	0	0.7869	-1.149
37	5	0.5992	0	0	-0.2052	0.3471
37	5	0.6474	1	1	0.4298	1.57
37	5	0.7493	1	1	-0.003347	1.403
37	5	0.4061	1	0	0.198	1.758
37	5	0.7732	0	1	0.6552	0.3471
37	5	1.32	0	0	-0.3779	0.3471
37	5	5.217	0	0	-0.736	-1.462
37	5	0.5197	0	1	1.287	0.2218
37	5	5.356	1	1	0.8029	-0.08824
37	5	5.39	1	1	-0.3134	-0.4905
37	5	2.94	1	1	0.4159	0.4073
37	5	3.604	1	1	0.4771	0.08915
37	5	1.714	0	1	0.4582	0.123
37	5	0.03753	1	1	-1.957	-0.05165
37	5	5.865	1	1	0.2202	-0.1254
37	5	3.583	1	0	0.6098	0.2218
37	5	3.586	1	0	0.9983	0.7386
37	5	1.552	0	1	-0.006553	-0.08824
37	5	1.789	0	1	-0.323	0.7386
37	5	3.707	1	1	-0.04269	-0.2806
37	5	2.408	0	0	0.3593	-1.091
37	5	5.568	1	1	-0.1728	0.4948
37	5	0.4216	0	0	-0.5581	0.4073
37	5	1.566	0	0	0.3988	1.692
37	5	0.8868	1	0	-0.33	0.05475
37	5	5.006	0	0	-0.2683	-1.826
37	5	1.1	0	0	-0.008137	-1.208
37	5	5.342	0	0	0.3341	-0.1632
37	5	1.816	1	1	1.458	1.725
37	5	0.7503	0	0	-0.2031	-0.4905
37	5	0.5132	0	0	-1.394	-2.793
37	5	1.258	0	0	-2.499	0.2218
37	5	0.9961	1	1	1.492	0.1564
37	5	3.586	0	0	-0.6538	-1.601
37	5	1.003	1	0	-0.4372	-1.091
37	5	1.662	1	1	-0.02183	-0.3623
37	5	1.676	1	0	-0.7944	-1.149
37	5	0.3326	0	0	0.03997	-0.08824
37	5	3.322	0	0	-0.6855	-0.5803
37	5	0.4135	1	1	0.5751	1.46
37	5	0.3511	1	1	0.5438	1.57
37	5	5.232	0	0	-0.4016	-0.4042
37	5	5.146	0	0	-2.308	-1.601
37	5	0.9801	1	1	-0.1674	0.8144
37	5	3.913	1	1	-0.109	0.2218
37	5	5.131	1	1	1.187	0.6334
37	5	3.303	0	0	1.504	0.8636
37	5	1.914	1	1	-0.07728	0.3774
37	5	3.889	0	0	0.3324	-0.8212
38	5	0.5635	1	1	0.9925	0.9273
38	5	1.791	1	1	-0.4644	-0.2192
38	5	5.777	1	1	0.2406	-0.88
38	5	3.564	1	1	-0.6219	-0.1425
38	5	5.378	1	0	0.234	-0.03149
38	5	0.489	1	1	-0.4305	1.279
38	5	5.712	1	1	0.006221	-0.7337
38	5	3.62	1	1	-0.8481	-1.316
38	5	0.6326	0	1	1.011	0.4318
38	5	3.341	1	0	-0.4167	0.5503
38	5	5.337	1	1	-0.01018	0.2432
38	5	0.8556	0	0	0.5827	-0.9822
38	5	0.2896	1	1	0.05763	1.001
38	5	0.7538	1	1	0.1829	0.7456
38	5	1.693	1	0	-0.2808	1.234
38	5	0.7053	0	1	0.01571	0.1095
38	5	5.272	0	0	-1.912	-2.896
38	5	0.5041	0	0	0.5886	0.825
38	5	5.386	0	0	0.8761	0.6637
38	5	0.6103	1	1	-0.2027	0.4318
38	5	1.852	0	0	-0.8505	-1.316
38	5	0.9013	0	0	-0.3685	-1.144
38	5	0.6964	0	1	-0.04292	1.428
38	5	1.155	1	1	0.03121	0.1436
38	5	1.958	1	0	0.4677	0.03994
38	5	0.8685	1	1	-1.845	0.2104
38	5	0.9414	0	0	-0.3202	-0.9822
38	5	1.691	0	0	0.01472	-0.88
38	5	3.907	0	1	0.3649	-0.3386
38	5	1.881	1	1	-0.008196	0.4917
38	5	0.6872	0	1	-0.1526	1.343
38	5	3.823	0	0	0.7464	-1.375
38	5	5.386	0	0	0.05508	-0.2192
38	5	3.521	0	0	0.6399	-0.2192
38	5	5.404	1	1	-1.114	0.2432
38	5	3.674	1	1	-1.154	0.4619
38	5	0.1577	0	0	1.218	-1.2
38	5	5.135	1	1	1.755	0.3076
38	5	0.2356	0	0	-1.88	-0.5507
38	5	5.35	0	0	0.4059	-0.9822
38	5	1.672	1	0	-0.3532	-1.2
38	5	3.403	0	1	0.4871	1.001
38	5	3.591	0	0	0.3783	-2.229
38	5	3.29	0	0	0.3015	-0.2584
38	5	2.254	1	1	0.6237	0.2756
38	5	0.7711	0	0	2.12	1.428
38	5	2.114	1	1	0.8817	0.9273
38	5	1.784	0	0	0.3567	0.4619
38	5	1.123	1	1	-0.6479	1.167
38	5	0.7132	0	1	0.3384	1.721
39	5	0.4242	1	1	-0.4358	-0.4215
39	5	5.506	1	1	0.3931	0.1139
39	5	3.851	1	1	0.5197	0.1661
39	5	1.686	0	0	1.648	-1.276
39	5	5.49	1	1	-0.5337	0.217
39	5	3.668	0	0	-0.1369	-0.9961
39	5	5.141	0	0	0.7875	-1.841
39	5	3.803	0	0	0.2804	-1.04
39	5	0.7136	1	1	-1.617	-0.8276
39	5	0.3863	1	0	0.09731	1.163
39	5	0.4008	1	1	-1.113	-0.1374
39	5	1.192	1	1	-0.719	0.9031
39	5	3.394	1	1	-0.2588	0.1402
39	5	5.492	0	0	-0.2233	-1.326
39	5	0.7616	1	1	0.1452	-0.05041
39	5	3.458	1	1	0.6642	0.5868
39	5	3.14	1	1	-0.09818	0.08739
39	5	1.56	1	1	0.8105	-0.4215
39	5	5.53	0	0	-1.429	-1.485
39	5	0.8842	1	1	-0.3398	-0.07904
39	5	3.598	0	1	0.8177	1.321
39	5	1.14	0	1	-0.05139	-0.5606
39	5	5.05	0	0	0.02247	-1.656
39	5	0.6383	0	1	0.3179	0.217
39	5	1.201	1	1	-0.4453	0.9396
39	5	0.4646	0	1	2.161	1.275
39	5	0.6968	1	1	-1.282	-0.6336
39	5	3.639	0	0	0.4166	-0.4899
39	5	0.118	1	1	0.6993	1.163
39	5	5.493	1	1	-1.269	-0.4554
39	5	1.815	0	0	-0.5377	0.03331
39	5	3.673	1	1	0.5636	0.005759
39	5	5.39	0	0	-1.052	-1.716
39	5	5.517	0	0	-1.096	-1.777
39	5	1.219	0	1	0.697	1.114
39	5	0.03991	1	0	1.303	1.046
39	5	2.097	1	1	-0.03367	-0.1975
39	5	1.844	1	1	-0.5471	0.6703
39	5	0.2457	0	1	0.9369	1.496
39	5	1.581	1	1	-1.689	-0.4899
39	5	0.4583	0	0	0.4034	1.538
39	5	3.446	0	1	0.1144	1.916
39	5	1.753	0	0	0.7082	-0.4215
39	5	1.675	0	0	-0.5878	-0.2907
39	5	1.465	0	0	0.4624	0.2668
39	5	0.9897	0	1	-0.2424	2.051
39	5	0.6967	0	1	-0.0798	0.5439
39	5	5.403	1	1	-0.6992	-1.179
39	5	1.841	0	0	-0.5206	-0.1975
39	5	0.7668	1	1	-2.244	0.9932
40	6	0.6524	0	0	-0.4788	-0.4262
40	6	5.604	1	1	-1.45	-0.7426
40	6	3.458	1	1	-0.6151	-0.4586
40	6	2.04	1	1	-0.4954	-0.002481
40	6	5.188	0	0	-0.001196	-1.573
40	6	3.599	1	1	-1.228	0.3968
40	6	0.8039	1	1	-0.4979	0.9773
40	6	1.674	0	1	-0.6604	1.073
40	6	2.026	0	0	-1.619	-0.3944
40	6	5.421	1	1	-1.224	-0.4916
40	6	1.633	1	1	-0.5032	0.3968
40	6	3.451	1	1	-0.4745	0.7362
40	6	0.9942	0	1	-0.2614	0.3158
40	6	1.86	1	1	-0.8194	0.7362
40	6	0.3543	1	1	0.2768	1.595
40	6	1.888	0	0	-0.9713	-0.6305
40	6	0.6669	1	1	-0.4713	0.3968
40	6	0.4178	0	1	-0.2097	0.4741
40	6	5.72	1	1	-0.4076	-0.2153
40	6	0.4143	1	1	-0.3374	0.7199
40	6	5.533	0	0	-1.452	-1.451
40	6	3.775	0	0	-0.7418	-1.284
40	6	1.049	0	1	0.02546	1.201
40	6	5.095	1	1	-3.554	-0.8217
40	6	1.014	1	1	1.39	0.9773
40	6	2.021	1	0	0.2052	1.484
40	6	0.7784	0	1	-0.03337	0.5114
40	6	3.717	1	1	0.001241	0.3158
40	6	0.7693	0	0	-0.7163	-0.8217
40	6	5.473	0	0	-0.4526	-1.181
40	6	0.4069	0	1	-0.2651	1.708
40	6	2.051	0	0	-0.04322	0.3568
40	6	0.4971	0	0	-2.449	0.7035
40	6	3.735	1	1	0.5513	0.7997
40	6	3.707	0	0	-1.109	-1.181
40	6	3.699	1	1	-1.053	0.2524
40	6	0.359	0	0	-1.945	-0.7426
40	6	5.475	0	0	-1.452	-1.451
40	6	1.769	0	0	1.664	1.832
40	6	5.423	0	0	-2.408	-1.573
40	6	0.8677	1	0	-1.544	-1.181
40	6	3.367	0	0	-0.8143	-2.083
40	6	1.836	1	0	0.9691	-0.6305
40	6	0.137	1	1	0.1527	0.9055
40	6	1.185	1	1	0.9316	0.9913
40	6	1.075	1	1	-0.5801	1.442
40	6	3.464	1	1	-0.7902	0.3568
40	6	0.3427	0	0	-4.597	-0.7426
40	6	5.394	0	0	-1.584	-1.084
40	6	0.9877	0	0	0.3711	-0.4916
41	6	0.5031	0	1	0.8545	0.4822
41	6	0.6523	0	1	-0.6512	-0.3057
41	6	2.078	0	0	-0.8796	-2.29
41	6	5.285	1	1	-0.5938	1.389
41	6	0.9626	1	1	-0.2119	0.6622
41	6	0.8345	0	1	-1.369	0.3523
41	6	3.505	1	1	-0.3029	-0.8411
41	6	1.885	1	1	0.6726	1.136
41	6	1.876	1	0	1.197	1.415
41	6	1.804	1	0	0.3688	-0.3372
41	6	0.8844	1	1	0.2453	1.614
41	6	3.771	0	0	-0.6444	-0.8825
41	6	2.115	0	0	-0.3713	-1.012
41	6	3.609	1	0	1.152	-0.2747
41	6	1.11	0	0	-0.6353	-0.5376
41	6	0.3738	1	1	0.4268	0.6236
41	6	5.313	1	1	-1.171	0.4822
41	6	3.905	0	0	2.041	-0.3372
41	6	3.541	1	1	0.09551	-0.3372
41	6	5.421	0	0	1.185	-1.902
41	6	3.446	1	1	0.9502	-0.1266
41	6	0.5381	1	0	0.8968	-0.2442
41	6	1.612	0	0	0.2216	-0.5376
41	6	1.787	0	0	-0.7039	-0.0428
41	6	5.572	0	0	-0.928	-1.639
41	6	0.397	0	0	-0.9422	-1.301
41	6	1.952	1	0	-0.07336	-1.058
41	6	0.4593	0	1	0.01054	1.027
41	6	3.364	1	1	-2.982	-0.4349
41	6	0.5303	1	1	0.9782	1.772
41	6	3.798	0	0	-0.2702	-1.25
41	6	3.403	0	0	0.5527	-1.301
41	6	0.9885	0	0	-1.159	-0.5376
41	6	1.854	0	1	1.475	0.8619
41	6	1.292	0	1	1.201	1.625
41	6	0.3987	0	0	-1.198	-0.646
41	6	5.606	1	1	-0.1676	-0.1845
41	6	0.4542	0	0	0.396	0.01114
41	6	0.8563	0	0	0.6307	0.9131
41	6	3.321	1	1	0.4327	1.209
41	6	5.657	1	1	-0.8141	-0.5376
41	6	5.458	1	1	0.4769	1.18
41	6	1.099	0	0	0.676	1.454
41	6	0.6826	1	1	0.1231	0.1399
41	6	4.98	1	1	-0.581	-0.3372
41	6	5.709	0	0	-0.0413	-0.8411
41	6	1.83	1	1	1.449	1.454
41	6	5.219	0	0	1.546	-0.5731
41	6	0.7578	0	1	0.8637	0.7555
41	6	0.4264	1	1	-1.243	0.08939
42	6	3.593	0	0	1.052	-0.9869
42	6	5.22	0	0	0.252	-1.784
42	6	2.275	1	1	-2.663	-0.07755
42	6	0.5191	1	0	1.026	1.426
42	6	3.695	0	0	0.1273	0.6608
42	6	0.934	0	0	-1.442	0.3949
42	6	2.055	1	1	1.119	0.5069
42	6	5.433	1	0	2.418	1.54
42	6	5.386	0	0	0.2845	1.021
42	6	0.5707	1	0	0.2213	-0.2445
42	6	1.931	0	0	-0.5823	-0.9869
42	6	3.352	0	0	0.08608	-1.086
42	6	1.921	1	0	0.5036	0.04889
42	6	3.092	0	0	-0.3058	-1.086
42	6	1.632	0	0	0.5525	-1.492
42	6	3.178	0	0	0.03348	-1.247
42	6	0.6056	0	1	0.3017	0.5424
42	6	3.666	0	0	-0.8524	-1.035
42	6	5.331	0	0	0.2193	-0.7649
42	6	3.463	1	1	0.3552	0.4519
42	6	0.8262	1	1	0.1899	0.188
42	6	0.6689	0	0	-2.242	-0.5711
42	6	0.58	1	1	1.014	1.416
42	6	1.721	1	0	-0.4832	-0.432
42	6	1.844	1	0	-1.396	0.4519
42	6	1.751	0	0	-0.9502	-0.5
42	6	0.8632	1	1	0.1369	0.8445
42	6	1.018	1	1	0.6392	0.188
42	6	5.498	0	0	0.2611	-0.7649
42	6	5.695	0	0	1.917	-1.137
42	6	3.563	1	1	2.396	1.259
42	6	0.9014	1	1	-0.05261	-0.8942
42	6	0.2751	0	0	-0.2162	-0.1868
42	6	0.8862	1	1	-0.7042	0.02443
42	6	0.5376	0	0	0.8548	0.07298
42	6	3.92	0	1	-0.6634	1.663
42	6	5.739	0	1	-0.3028	1.737
42	6	3.253	0	0	0.1352	-0.7649
42	6	0.9874	1	0	1.088	-2.62
42	6	5.148	1	1	-0.2409	0.2531
42	6	0.8629	0	0	-0.2696	0.5248
42	6	0.7886	0	0	2.395	-0.1868
42	6	1.461	1	0	0.1436	-0.9869
42	6	5.355	1	1	-1.304	-0.2445
42	6	0.6825	1	1	-0.2604	1.406
42	6	2.098	1	0	0.9176	-0.4656
42	6	0.2736	1	0	-0.7524	1.047
42	6	5.591	0	0	-0.3689	1.512
42	6	0.6121	1	1	0.1008	0.7554
42	6	0.6034	1	1	0.7524	0.6112
43	6	0.08457	0	1	0.4053	-0.275
43	6	1.22	1	1	-0.8652	-0.538
43	6	0.4684	1	1	0.4503	-0.4764
43	6	3.574	1	1	0.1855	0.1426
43	6	1.548	1	1	0.9499	0.9922
43	6	1.653	1	1	-0.1993	0.3917
43	6	1.155	1	1	1.65	0.7147
43	6	0.6611	0	1	-0.1872	1.843
43	6	3.47	0	0	0.168	-1.115
43	6	3.74	0	0	0.08734	0.4111
43	6	1.447	1	1	1.386	1.698
43	6	0.398	0	1	-0.3965	0.6644
43	6	1.911	1	0	0.07965	0.3323
43	6	3.796	1	1	-0.5512	-0.6015
43	6	5.609	1	1	0.03208	-0.4167
43	6	0.4248	1	0	0.5282	0.5418
43	6	1.059	0	0	0.04158	-0.5695
43	6	1.167	0	0	1.419	0.3121
43	6	5.597	1	1	1.91	1.184
43	6	1.845	0	0	-0.4759	-1.29
43	6	1.044	0	1	0.006822	1.907
43	6	1.629	0	0	-2.138	-0.1427
43	6	0.7315	1	0	0.2733	1.626
43	6	0.8715	1	1	0.2762	0.5953
43	6	5.52	0	0	2.097	-0.8055
43	6	5.284	1	1	2.283	0.07501
43	6	5.647	0	0	-0.4558	-1.157
43	6	5.07	0	0	-1.692	-0.8055
43	6	3.613	1	1	-0.3248	-0.4167
43	6	5.246	0	0	-0.1561	-1.812
43	6	1.505	0	0	0.1402	-1.337
43	6	0.4389	1	1	0.1442	0.8273
43	6	0.8991	0	0	1.69	-0.6341
43	6	0.4912	0	1	1.415	1.541
43	6	0.04226	1	1	0.3142	0.5953
43	6	3.172	1	1	1.386	0.05198
43	6	1.703	0	0	0.4744	-0.0188
43	6	0.1777	1	1	1.885	0.1646
43	6	1.552	1	0	-0.6871	-0.6015
43	6	0.05124	0	1	0.3795	0.7475
43	6	3.437	1	1	0.6098	1.508
43	6	0.7106	0	1	1.808	0.904
43	6	3.379	0	0	-0.678	-1.872
43	6	5.356	1	1	0.2766	0.3721
43	6	3.375	0	0	-0.7311	-1.696
43	6	1.798	0	0	1.611	0.09778
43	6	3.63	0	0	-0.6912	-1.753
43	6	5.38	1	1	-0.4836	-0.1427
43	6	5.38	0	0	-1.046	-1.433
43	6	0.4159	1	1	0.9665	-0.3304
44	6	3.45	1	1	-0.969	-0.7569
44	6	3.967	0	0	-1.541	-0.516
44	6	5.533	1	0	-0.4976	-2.011
44	6	1.224	1	0	-0.8806	-0.1685
44	6	1.697	0	0	0.7573	0.5737
44	6	1.931	0	0	0.2629	0.1006
44	6	1.079	0	0	0.8255	0.0724
44	6	3.407	1	1	0.7397	0.7646
44	6	0.1665	0	1	0.7149	1.587
44	6	1.745	0	0	-0.4909	0.6177
44	6	0.7745	1	0	1.874	0.1284
44	6	1.078	0	0	-0.7907	-0.516
44	6	1.902	0	0	-0.081	1.297
44	6	1.929	1	0	0.2208	-0.1685
44	6	3.848	0	0	-0.7337	-1.289
44	6	0.9396	0	1	-0.08227	0.682
44	6	1.071	1	1	-1.088	-0.1368
44	6	5.398	0	0	-0.3341	-1.523
44	6	0.931	1	0	0.03428	0.183
44	6	1.891	1	1	-0.1385	2.152
44	6	1.607	1	0	-0.2773	-0.516
44	6	0.7199	1	1	0.4258	1.265
44	6	0.187	1	1	0.5852	0.3384
44	6	5.633	0	0	-0.2436	-1.788
44	6	0.8032	1	1	0.3558	1.706
44	6	1.073	0	1	0.4551	0.682
44	6	0.9001	1	0	0.6741	-0.07481
44	6	0.4371	0	1	0.04262	0.9577
44	6	5.087	0	0	-1.702	-2.011
44	6	5.637	0	0	-0.3409	-1.235
44	6	3.836	0	0	-0.542	-1.403
44	6	4.936	0	0	-0.01257	-1.403
44	6	3.91	1	1	2.073	1.447
44	6	5.482	0	0	-2.124	-1.079
44	6	1.953	1	1	1.432	0.5514
44	6	3.647	1	1	-0.3957	-0.1685
44	6	5.395	1	1	2.07	0.8441
44	6	0.4946	1	0	0.02126	-0.4054
44	6	0.432	1	0	-2.694	-0.7147
44	6	0.8695	1	1	0.05817	0.3877
44	6	5.25	0	0	0.3649	-1.182
44	6	1.451	1	1	-0.2494	0.1006
44	6	0.199	1	1	-1.612	0.1559
44	6	0.4709	1	1	1.024	0.8047
44	6	3.573	0	0	-0.1368	0.8635
44	6	0.8774	0	0	-0.1761	0.7848
44	6	3.491	0	0	-0.2367	-0.3349
44	6	5.254	0	0	2.636	1.012
44	6	1.817	1	1	0.2176	0.01478
44	6	3.718	0	0	-1.406	-0.6734
45	6	3.718	0	0	0.3934	-1.46
45	6	1.813	1	0	0.08501	1.546
45	6	5.548	0	0	-1.549	-1.779
45	6	0.4936	0	1	0.05221	1.428
45	6	5.047	1	1	-1.899	0.1848
45	6	1.838	1	0	0.01573	1.439
45	6	5.704	1	1	-2.169	-0.006659
45	6	3.417	0	0	-0.1186	-0.7143
45	6	0.3378	0	0	-0.3429	0.3367
45	6	0.1496	1	1	-0.4066	1.877
45	6	3.721	0	0	0.3749	-0.5688
45	6	0.7124	1	0	0.1541	-0.006659
45	6	5.464	1	1	-1.566	1.253
45	6	1.834	1	1	0.9518	0.6057
45	6	5.412	1	1	-0.1534	0.3979
45	6	2.113	1	0	-1.458	-0.2799
45	6	5.077	0	0	-1.88	-1.094
45	6	1.747	0	0	0.456	-0.7919
45	6	5.509	0	0	0.1685	-1.191
45	6	0.7887	1	0	1.778	-0.3401
45	6	1.248	1	1	0.533	0.5697
45	6	0.1829	1	1	-0.1293	0.6756
45	6	3.545	0	0	0.4249	-0.6768
45	6	0.8707	0	0	0.6063	-1.242
45	6	0.4651	0	0	0.7681	-0.5688
45	6	3.335	1	1	0.1559	0.2732
45	6	0.8815	1	1	0.5915	1.277
45	6	0.712	0	0	0.5973	-0.8731
45	6	0.8093	1	1	1.405	0.4955
45	6	2.011	0	0	-0.4705	-0.8731
45	6	5.3	1	1	-0.2341	-0.058
45	6	5.228	0	0	-1.041	-1.779
45	6	3.776	0	0	-1.743	-1.142
45	6	2.067	0	1	1.824	0.6756
45	6	1.918	1	1	0.2615	1.016
45	6	0.3591	1	0	0.8929	0.3158
45	6	3.358	1	1	-0.5279	-0.138
45	6	5.496	0	0	0.3199	0.8231
45	6	3.484	1	1	-1.31	0.4955
45	6	3.831	0	1	0.4944	1.761
45	6	0.9116	0	1	-0.4701	1.216
45	6	0.7964	0	1	-0.3353	1.216
45	6	0.08274	1	0	-0.4796	0.5697
45	6	1.128	1	0	-1.642	-0.9583
45	6	2.081	0	0	-1.421	-0.03214
45	6	0.8036	0	0	0.2871	-0.138
45	6	1.933	0	0	-1.472	-1.191
45	6	0.7415	1	0	-3.02	-2.168
45	6	1.134	0	0	-0.07889	-0.371
45	6	3.677	1	0	0.4981	-0.006659
46	6	5.417	0	0	-0.7233	-1.349
46	6	5.452	0	0	0.9413	-0.4232
46	6	3.732	1	1	0.2736	0.7572
46	6	3.892	0	0	0.1464	0.1002
46	6	0.2791	1	0	1.599	1.171
46	6	0.5853	0	0	1.128	0.8232
46	6	1.175	1	1	0.4493	0.7301
46	6	0.456	1	0	0.4722	-0.2126
46	6	3.717	0	0	0.877	0.379
46	6	0.3034	1	1	-0.4215	0.16
46	6	1.902	1	0	0.7034	-0.164
46	6	3.553	1	1	0.4903	1.052
46	6	1.932	1	0	0.8924	0.5565
46	6	1.947	1	1	-1.322	0.66
46	6	0.9642	1	1	0.8462	0.1795
46	6	5.3	0	0	-1.066	-0.9516
46	6	3.823	0	0	0.5936	-1.81
46	6	0.6314	1	0	-0.1193	-1.349
46	6	3.657	0	0	-0.5996	-0.3409
46	6	5.478	0	0	-1.15	-1.95
46	6	3.589	1	1	-0.358	0.1002
46	6	1.124	0	0	-0.1533	-1.4
46	6	1.768	0	0	1.47	-1.622
46	6	5.458	1	0	1.359	-1.622
46	6	1.069	0	1	0.7726	1.291
46	6	3.682	0	0	0.9292	0.3445
46	6	5.606	1	1	0.2006	-0.5704
46	6	0.8182	1	0	0.785	-0.3679
46	6	0.09678	0	1	1.603	1.421
46	6	0.5254	0	1	1.322	1.75
46	6	0.5458	1	1	-2.004	1.348
46	6	0.3226	1	0	1.152	0.7301
46	6	1.698	0	1	-0.4008	0.4128
46	6	0.7843	1	0	0.9181	0.5565
46	6	1.16	1	0	-0.2962	0.7972
46	6	0.332	0	1	2.005	0.1204
46	6	3.59	0	0	-0.8666	-1.116
46	6	0.9075	1	0	-0.5507	1.967
46	6	1.629	1	1	1.464	0.2914
46	6	0.7142	0	1	0.7972	0.784
46	6	1.716	0	0	-0.5008	-0.9516
46	6	0.9368	0	0	0.08037	-1.16
46	6	1.851	0	1	-0.1007	1.465
46	6	3.613	1	1	-2.24	-0.4516
46	6	1.667	1	1	-1.199	0.1002
46	6	1.758	1	0	0.06333	-0.1168
46	6	5.331	0	0	0.4815	-0.6988
46	6	5.189	1	1	0.3868	-0.07099
46	6	5.474	0	0	-0.7698	-1.349
47	6	0.9825	1	1	1.676	0.002242
47	6	0.4917	0	0	-0.9955	-1.361
47	6	1.19	1	0	1.216	-0.07068
47	6	2.032	0	0	0.2431	0.39
47	6	1.04	0	0	0.766	0.09538
47	6	0.3309	0	0	1.102	0.6456
47	6	0.9465	0	0	-0.112	1.318
47	6	1.129	0	1	1.165	1.032
47	6	5.412	1	1	-0.1636	1.293
47	6	1.368	1	1	-0.5376	1.491
47	6	0.9092	0	0	-0.9709	-0.6767
47	6	0.9676	1	1	0.8288	1.33
47	6	3.774	0	0	-0.429	-1.177
47	6	1.895	1	1	0.9795	0.3506
47	6	3.563	0	1	-0.2123	1.353
47	6	5.54	1	1	-1.748	-0.2253
47	6	5.458	0	0	-0.6571	-1.221
47	6	3.538	0	1	0.728	1.305
47	6	3.546	1	1	-0.156	-0.1209
47	6	5.141	0	0	-0.5212	-0.969
47	6	1.786	0	0	-1.391	-1.512
47	6	0.5756	1	1	0.6623	0.5037
47	6	0.7184	1	0	-0.1426	-0.969
47	6	0.3843	0	0	0.9052	-0.2524
47	6	1.048	0	0	1.994	0.02595
47	6	1.78	1	1	0.0251	1.018
47	6	3.427	1	1	-0.2166	1.365
47	6	1.853	0	0	-0.7053	-0.9299
47	6	5.188	1	0	-1.542	-1.134
47	6	0.5856	1	1	0.2033	1.933
47	6	3.569	1	1	0.08523	1.154
47	6	5.892	1	1	0.5243	-0.1465
47	6	0.1056	0	0	0.003915	-1.675
47	6	0.524	0	0	2.766	0.1403
47	6	1.715	1	1	0.8479	-0.2798
47	6	3.428	0	0	1.748	1.457
47	6	0.6781	1	0	0.2676	0.002242
47	6	4.876	1	1	-0.3389	0.02595
47	6	1.705	1	1	0.4542	0.4286
47	6	3.31	1	1	0.9409	0.3305
47	6	1.738	1	1	-0.5676	0.2058
47	6	3.674	0	0	0.1377	-0.8541
47	6	0.7443	0	1	1.318	0.522
47	6	0.2505	0	1	1.218	0.4477
47	6	5.177	1	1	-0.02031	0.2898
47	6	0.5167	1	0	0.1699	-1.134
47	6	5.314	0	0	-0.7133	-1.512
47	6	3.594	0	0	0.9854	-1.177
47	6	1.567	0	0	0.8954	-1.792
47	6	5.316	0	0	1.224	-1.267
48	6	0.4317	0	0	0.8326	-0.175
48	6	0.8301	1	1	0.5039	0.5224
48	6	0.6567	0	1	1.175	0.992
48	6	5.261	0	0	-1.067	-1.241
48	6	0.5839	1	1	-0.1324	0.8887
48	6	0.8965	0	1	0.4837	0.1533
48	6	5.408	0	0	-1.323	-1.624
48	6	0.5563	0	1	0.9366	0.1785
48	6	1.159	1	1	0.1803	0.6052
48	6	0.5998	0	1	0.3539	0.8887
48	6	3.683	0	1	1.033	1.707
48	6	3.524	1	1	0.8211	0.1279
48	6	0.554	1	0	1.174	-0.03174
48	6	1.941	0	1	0.2861	1.214
48	6	3.866	1	1	0.4418	-0.3613
48	6	3.516	1	0	0.8138	0.9581
48	6	0.8079	1	1	0.02425	1.025
48	6	1.859	0	0	0.008903	-0.03174
48	6	3.371	1	0	0.2273	0.2278
48	6	5.285	0	0	-0.7654	-1.565
48	6	5.23	0	0	-0.1226	-1.95
48	6	0.749	0	0	0.27	-1.748
48	6	1.042	0	0	0.2661	-1.241
48	6	1.022	0	0	0.3773	-1.291
48	6	5.498	0	0	0.769	-1.565
48	6	1.281	1	1	0.9676	0.07605
48	6	5.35	0	0	-0.3464	-1.748
48	6	5.259	1	0	-0.06713	0.1279
48	6	3.282	1	1	0.693	-0.0596
48	6	0.6027	0	1	0.9088	0.7424
48	6	3.349	1	1	0.04188	0.07605
48	6	1.486	1	1	-0.4972	1.374
48	6	0.3322	0	1	-0.1567	0.4581
48	6	1.266	0	0	0.2307	-0.4612
48	6	3.458	0	0	-0.8297	0.04963
48	6	1.567	0	1	0.08337	0.4581
48	6	0.3498	0	1	-0.9926	0.7041
48	6	3.433	1	0	0.7861	1.169
48	6	0.3964	1	1	-0.8158	0.3231
48	6	5.153	1	1	-0.2528	-0.5662
48	6	3.51	0	0	0.1198	-0.9612
48	6	1.461	1	1	1.36	1.415
48	6	1.944	1	0	2.778	1.623
48	6	1.845	1	0	-0.1043	0.1279
48	6	1.619	1	1	-1.28	0.5012
48	6	5.289	0	0	-0.9842	-1.451
48	6	5.295	1	1	0.0644	-0.394
48	6	2.028	1	1	0.3658	1.429
48	6	1.557	1	0	0.2044	-0.9612
48	6	0.6973	1	0	-0.5443	-0.7152
49	6	3.528	0	0	0.8504	-1.829
49	6	0.1549	1	0	1.998	-2.054
49	6	5.396	1	1	0.5514	-0.2007
49	6	1.086	0	0	1.346	0.6701
49	6	1.851	0	1	0.642	1.345
49	6	1.618	1	1	-1.15	-0.07734
49	6	3.695	0	1	1.733	0.655
49	6	1.105	0	0	-0.1877	0.08095
49	6	3.891	0	0	0.6074	0.2053
49	6	1.504	1	1	0.2014	0.2251
49	6	5.349	0	0	-1.164	-0.5107
49	6	3.651	1	1	-1.631	0.015
49	6	0.8625	1	1	0.6187	1.212
49	6	0.4012	1	1	1.62	0.7994
49	6	0.262	1	0	1.511	0.5935
49	6	5.231	1	1	-0.3134	0.9943
49	6	1.457	0	0	-0.4398	1.335
49	6	3.618	1	1	0.9924	0.3575
49	6	1.805	0	1	0.687	1.135
49	6	3.611	0	0	0.4615	-0.4498
49	6	5.486	1	1	-1.437	0.9191
49	6	1.94	1	0	0.9718	1.531
49	6	0.3123	0	1	0.9177	1.233
49	6	3.278	1	1	-0.2199	0.1649
49	6	1.627	1	1	0.3851	0.4458
49	6	0.3506	1	1	1.391	0.9191
49	6	5.371	1	0	1.589	1.233
49	6	3.734	0	0	-0.4044	-0.5107
49	6	0.5933	1	0	-0.6442	0.7855
49	6	0.7812	0	0	0.4178	-1.511
49	6	0.7464	0	0	-0.2436	0.685
49	6	0.3135	1	0	0.4547	-0.5421
49	6	1.076	1	1	-0.27	0.7715
49	6	0.5369	0	0	1.276	0.264
49	6	5.593	0	0	-0.2916	-1.295
49	6	5.632	0	0	0.1865	-0.7088
49	6	5.435	0	0	-0.8615	-0.8947
49	6	1.142	1	1	-1.224	0.6399
49	6	2.081	1	1	0.4196	0.2832
49	6	0.9723	0	0	0.4681	-0.1502
49	6	1.704	1	1	-0.4549	0.08095
49	6	1.099	1	1	-0.07793	0.4798
49	6	0.4186	0	0	0.402	-1.295
49	6	5.341	0	0	-1.166	-1.694
49	6	3.624	0	0	-0.96	-1.694
49	6	3.51	1	1	-1.246	0.08095
49	6	0.3308	0	0	-1.713	-1.631
49	6	0.08235	0	0	0.7749	0.264
49	6	5.415	0	0	-0.3171	-1.454
49	6	1.972	0	0	-1.073	-1.9
