0	2	0.586	0	0	1.127
0	2	5.268	0	0	0.3771
0	2	3.534	0	1	0.6488
0	2	5.459	1	1	0.4983
0	2	0.3549	0	0	0.1091
0	2	5.27	0	0	0.01075
0	2	1.172	1	0	1.315
0	2	0.9418	1	1	0.2478
0	2	1.745	0	0	0.1565
0	2	0.3879	0	0	0.9495
0	2	1.803	0	1	0.6122
0	2	1.059	1	0	-0.5076
0	2	3.656	0	0	0.9802
0	2	1.867	0	1	0.9802
0	2	0.3889	0	1	1.706
0	2	3.592	0	1	1.289
0	2	3.468	1	1	1.664
0	2	2.118	1	1	0.575
0	2	1.805	1	0	0.6122
0	2	2.074	1	1	0.2478
0	2	0.8387	1	0	0.7883
0	2	1.819	0	0	1.182
0	2	3.43	1	1	1.236
0	2	3.419	0	0	0.575
0	2	0.502	1	1	1.664
0	2	5.389	1	1	0.7883
0	2	0.8893	1	0	2.014
0	2	0.5569	0	0	0.537
0	2	3.668	1	1	1.127
0	2	5.579	1	0	1.209
0	2	1.19	1	0	1.182
0	2	5.323	1	1	-0.3188
0	2	1.551	0	0	1.04
0	2	0.5058	0	0	0.537
0	2	0.5724	1	1	0.2027
0	2	3.56	0	0	1.788
0	2	3.381	0	1	2.248
0	2	1.856	0	0	1.509
0	2	5.118	0	0	0.9184
0	2	0.4929	1	1	1.01
0	2	3.779	1	1	0.6488
0	2	0.7891	0	0	0.8217
0	2	1.987	1	1	1.263
0	2	1.13	1	0	0.1091
0	2	0.3504	0	1	0.335
0	2	5.489	1	0	0.537
0	2	0.4322	1	0	1.04
0	2	0.5803	1	0	0.01075
0	2	5.564	0	0	0.8217
0	2	5.339	0	0	0.4588
1	2	0.9104	0	0	0.8217
1	2	3.655	0	0	0.1091
1	2	1.494	0	0	1.621
1	2	1.843	1	1	0.6122
1	2	5.616	1	1	0.335
1	2	0.3029	1	1	0.7883
1	2	5.595	1	1	-0.2025
1	2	0.673	1	1	0.4184
1	2	5.557	1	1	-0.09293
1	2	3.852	1	1	0.2478
1	2	1.486	0	0	-0.04039
1	2	3.663	1	1	-0.09293
1	2	1.833	0	0	0.01075
1	2	1.735	1	1	0.575
1	2	0.5204	0	1	2.47
1	2	3.605	1	1	0.6122
1	2	0.8546	0	1	0.7198
1	2	5.545	0	0	-0.04039
1	2	3.611	1	1	1.486
1	2	0.9434	1	0	-0.2025
1	2	1.833	0	0	0.4983
1	2	1.87	0	0	2.248
1	2	5.264	0	0	-0.09293
1	2	1.13	1	0	0.335
1	2	1.18	1	0	1.599
1	2	3.359	0	0	1.923
1	2	0.8454	1	0	1.01
1	2	3.625	1	1	2.294
1	2	3.571	1	1	-0.147
1	2	0.8498	0	1	1.04
1	2	0.3725	0	0	0.6122
1	2	5.483	1	1	0.6122
1	2	0.487	1	0	0.2027
1	2	0.969	1	0	0.8217
1	2	1.702	1	1	1.788
1	2	1.889	0	0	0.335
1	2	3.748	0	0	0.8217
1	2	0.5211	0	0	1.069
1	2	3.701	1	0	-0.5749
1	2	0.4815	0	1	1.34
1	2	0.1869	0	0	0.01075
1	2	0.4102	0	1	1.828
1	2	5.568	0	0	-0.3188
1	2	5.308	0	0	0.4588
1	2	5.488	1	1	1.127
1	2	0.8302	0	1	1.904
1	2	0.2957	0	1	1.808
1	2	5.436	0	0	-0.7922
1	2	1.844	1	0	1.577
1	2	0.5476	1	0	1.486
2	2	1.758	0	0	0.6846
2	2	0.8211	0	0	-1.422
2	2	3.589	0	0	0.01075
2	2	1.873	1	1	0.8217
2	2	0.5992	0	0	1.315
2	2	0.7607	1	1	0.3771
2	2	5.333	0	0	0.4184
2	2	3.864	1	1	0.7883
2	2	2.002	1	1	0.6846
2	2	1.617	0	0	0.2478
2	2	0.1528	0	0	-0.147
2	2	1.785	1	1	0.7883
2	2	5.485	1	1	1.182
2	2	0.1891	0	1	0.575
2	2	0.5541	0	1	0.4184
2	2	3.692	1	1	1.098
2	2	5.504	1	1	0.2478
2	2	1.785	0	1	1.509
2	2	0.5536	1	1	2.134
2	2	0.7856	0	0	0.7198
2	2	3.455	0	0	-1.22
2	2	0.4244	1	1	0.537
2	2	0.5574	0	1	-0.04039
2	2	0.3121	0	0	1.365
2	2	0.9125	1	0	0.4588
2	2	1.515	0	0	0.4184
2	2	1.754	1	1	1.01
2	2	5.512	1	1	1.182
2	2	3.526	1	1	0.2478
2	2	5.269	0	0	0.4588
2	2	1.053	1	0	0.1091
2	2	5.298	1	1	0.7198
2	2	3.437	1	1	0.6846
2	2	1.603	0	0	-0.3188
2	2	1.622	0	1	1.828
2	2	3.24	0	0	1.236
2	2	0.6244	0	0	-0.09293
2	2	5.345	0	0	0.1091
2	2	1.017	0	1	0.7883
2	2	0.8203	0	1	0.7544
2	2	3.739	1	1	0.7198
2	2	5.6	1	1	0.537
2	2	0.6894	0	1	2.167
2	2	3.648	1	0	1.706
2	2	1.046	0	1	1.127
2	2	3.613	1	1	1.069
2	2	0.5223	1	1	0.3771
2	2	5.663	1	1	0.4588
2	2	5.189	1	1	0.537
2	2	0.8339	1	0	1.39
3	2	3.656	0	0	-0.147
3	2	0.5738	0	0	1.04
3	2	1.869	0	0	0.335
3	2	5.368	1	1	1.04
3	2	0.2112	0	0	0.2027
3	2	5.554	1	0	2.151
3	2	5.453	1	1	1.39
3	2	5.33	1	1	0.575
3	2	3.801	1	1	0.6846
3	2	1.789	0	0	1.365
3	2	0.7488	0	1	0.9184
3	2	3.579	0	1	0.4184
3	2	5.632	1	1	0.335
3	2	0.6737	0	1	0.4588
3	2	5.253	0	0	-1.318
3	2	0.7177	1	1	1.236
3	2	1.712	0	0	1.236
3	2	0.2913	0	1	0.6488
3	2	3.566	1	1	0.1091
3	2	3.299	0	0	0.7198
3	2	3.597	1	1	1.904
3	2	0.7651	0	1	1.532
3	2	0.7986	0	1	0.7544
3	2	0.9305	1	0	1.263
3	2	0.5258	1	1	1.462
3	2	5.332	0	0	0.4983
3	2	1.54	0	0	1.414
3	2	1.591	0	0	1.486
3	2	5.576	0	0	0.2478
3	2	0.9581	0	1	1.664
3	2	0.3324	1	0	1.315
3	2	0.526	1	1	0.9495
3	2	3.869	1	1	0.01075
3	2	0.4024	1	1	0.2027
3	2	1.661	0	0	2.552
3	2	0.4163	1	1	0.335
3	2	3.882	1	1	0.9495
3	2	5.607	1	1	0.575
3	2	3.571	1	1	0.7198
3	2	1.56	0	0	0.6122
3	2	0.9337	1	1	0.3771
3	2	1.677	1	1	0.2478
3	2	5.256	1	1	-0.8705
3	2	0.1737	0	0	0.3771
3	2	0.6199	0	0	1.155
3	2	3.35	1	1	1.155
3	2	0.3722	1	0	-0.3188
3	2	1.941	0	1	2.167
3	2	1.827	1	1	0.9802
3	2	0.9904	0	0	1.098
4	2	5.184	1	1	1.182
4	2	3.585	0	0	0.335
4	2	1.766	0	1	1.098
4	2	0.3223	0	1	0.7198
4	2	3.869	1	1	1.069
4	2	3.557	0	0	0.4184
4	2	0.6206	0	1	1.555
4	2	0.834	0	0	-0.8705
4	2	3.37	0	0	0.8867
4	2	0.5029	1	1	0.9802
4	2	0.677	1	1	0.7198
4	2	0.3779	1	1	1.438
4	2	3.574	0	0	-2.367
4	2	1.822	1	1	0.575
4	2	5.296	0	0	0.7883
4	2	1.76	1	1	0.8867
4	2	5.571	1	1	0.1091
4	2	0.4013	1	0	1.209
4	2	0.9993	0	0	-0.2598
4	2	1.565	0	0	0.335
4	2	3.379	0	0	1.486
4	2	3.252	0	0	-0.717
4	2	3.733	1	1	0.6488
4	2	0.8931	1	1	0.8867
4	2	3.701	1	1	0.2919
4	2	1.823	1	0	0.537
4	2	1.757	0	0	1.289
4	2	2.064	1	0	0.7883
4	2	1.999	1	1	0.4184
4	2	3.267	1	1	0.6846
4	2	5.269	0	0	0.2027
4	2	0.7696	0	0	1.289
4	2	5.443	1	1	1.182
4	2	2.126	0	0	-0.2025
4	2	0.4354	1	1	0.7883
4	2	5.404	0	0	1.509
4	2	1.003	0	1	1.664
4	2	5.46	1	1	0.4983
4	2	5.263	0	0	0.4184
4	2	0.2881	0	0	1.236
4	2	1.03	1	1	0.2478
4	2	0.3415	0	1	-0.3797
4	2	0.9269	0	0	0.6122
4	2	0.8763	0	0	0.2478
4	2	1.718	1	0	0.6846
4	2	5.667	1	1	1.236
4	2	1.111	1	0	0.4983
4	2	0.5997	1	0	1.599
4	2	5.377	0	0	-0.4426
4	2	0.5151	1	1	1.315
5	2	5.537	0	0	0.7198
5	2	1.894	1	1	1.414
5	2	1.846	0	0	0.537
5	2	1.757	1	0	0.4588
5	2	0.7919	0	1	0.3771
5	2	0.4393	0	0	-0.7922
5	2	3.604	0	0	-0.4426
5	2	0.6134	1	1	1.236
5	2	0.9884	1	1	1.209
5	2	0.3667	1	0	-0.4426
5	2	0.9938	1	0	1.365
5	2	5.242	1	1	-0.4426
5	2	1.345	1	0	0.4588
5	2	1.809	0	0	0.537
5	2	0.1776	0	1	0.6846
5	2	3.441	0	0	-1.422
5	2	5.448	1	1	-0.3797
5	2	1.737	0	1	1.706
5	2	0.9664	1	1	1.127
5	2	5.314	0	0	0.1091
5	2	5.234	0	0	0.1091
5	2	0.6756	1	1	0.2027
5	2	0.1929	0	1	1.209
5	2	0.8499	0	0	0.06057
5	2	3.665	1	1	1.727
5	2	0.5261	0	1	0.9495
5	2	1.518	0	0	0.537
5	2	3.68	1	1	0.6122
5	2	3.577	0	0	-0.5749
5	2	5.367	0	0	0.1091
5	2	3.763	1	1	0.8217
5	2	3.496	0	0	1.263
5	2	1.993	1	1	0.2478
5	2	3.561	0	0	0.8867
5	2	0.9999	1	1	0.8867
5	2	0.868	1	1	0.335
5	2	0.5272	0	0	0.8544
5	2	3.552	1	1	0.8867
5	2	5.497	1	1	-0.04039
5	2	5.237	0	0	1.263
5	2	2.051	0	0	-0.9521
5	2	5.502	1	1	0.1091
5	2	1.83	1	0	1.01
5	2	1.965	1	0	0.9802
5	2	0.6526	0	0	1.748
5	2	0.6424	1	1	0.6122
5	2	0.3883	1	0	0.7883
5	2	5.526	0	0	0.9495
5	2	1.029	0	0	1.315
5	2	3.705	1	1	-0.2025
6	2	3.743	1	0	0.575
6	2	2.139	0	0	-0.4426
6	2	1.764	0	0	0.537
6	2	5.319	0	0	1.438
6	2	0.6227	0	1	0.8867
6	2	0.938	0	0	0.6846
6	2	0.7717	0	1	1.599
6	2	0.3146	0	0	0.7198
6	2	3.473	0	0	0.537
6	2	3.563	1	0	2.084
6	2	5.366	0	0	-2.2
6	2	0.3938	0	1	1.788
6	2	5.391	1	1	0.1565
6	2	0.9964	1	0	1.263
6	2	3.924	1	1	-0.04039
6	2	3.464	1	1	0.7544
6	2	5.183	1	1	0.4588
6	2	3.727	1	0	1.643
6	2	5.472	0	0	-0.6446
6	2	3.757	1	1	0.6846
6	2	0.872	1	1	0.6122
6	2	1.031	1	1	1.182
6	2	1.794	1	0	2.399
6	2	0.8979	0	0	1.236
6	2	5.6	1	1	0.7198
6	2	0.6737	0	0	0.8544
6	2	0.6968	1	0	0.7883
6	2	1.971	1	1	1.236
6	2	5.226	0	0	0.01075
6	2	1.904	0	0	-0.3188
6	2	1.869	1	1	1.289
6	2	1.668	0	0	-0.4426
6	2	0.4648	0	1	1.808
6	2	0.8009	0	1	0.335
6	2	5.31	0	0	0.9184
6	2	0.4508	1	1	0.6122
6	2	5.476	1	1	0.6122
6	2	1.707	1	1	0.1091
6	2	0.3581	0	0	1.263
6	2	1.72	1	1	-0.3188
6	2	1.91	0	0	-0.7922
6	2	3.625	1	1	0.4588
6	2	0.3857	1	0	0.2027
6	2	0.9312	1	1	0.4184
6	2	4.01	1	1	-0.3797
6	2	3.938	1	1	1.706
6	2	0.9498	0	0	0.1091
6	2	0.4762	0	0	0.8217
6	2	5.422	0	1	1.01
6	2	0.7296	0	0	-0.6446
7	2	5.4	1	1	-0.5749
7	2	3.542	0	0	0.1091
7	2	1.838	1	1	1.236
7	2	1.645	1	1	2.399
7	2	3.558	1	1	-0.04039
7	2	1.031	1	0	-0.5076
7	2	0.4384	1	1	1.155
7	2	1.692	0	0	-0.4426
7	2	5.336	1	1	0.3771
7	2	0.4971	0	0	-0.2598
7	2	0.8163	0	1	0.1091
7	2	5.366	0	0	-0.3797
7	2	3.592	0	0	-1.22
7	2	0.597	1	1	3.137
7	2	5.418	0	0	-0.4426
7	2	3.538	1	1	1.04
7	2	2.069	0	0	0.7544
7	2	3.661	1	1	0.06057
7	2	1.885	1	1	0.7198
7	2	5.287	1	1	1.098
7	2	1.003	1	1	1.209
7	2	1.945	0	0	-0.2025
7	2	0.4307	0	1	-0.3797
7	2	0.4857	0	0	1.438
7	2	5.265	0	0	-1.22
7	2	1.163	0	0	1.555
7	2	1.998	0	0	0.6488
7	2	5.507	0	0	0.1091
7	2	0.6012	1	0	-1.532
7	2	0.5815	1	0	0.6846
7	2	0.7572	0	0	0.3771
7	2	0.8835	1	1	0.335
7	2	3.577	0	0	-1.532
7	2	3.613	1	1	0.335
7	2	0.5983	1	1	1.941
7	2	5.168	1	1	-0.09293
7	2	5.435	0	0	-2.2
7	2	3.801	1	1	0.4588
7	2	3.721	1	1	1.486
7	2	1.052	1	1	2.294
7	2	0.3273	0	0	1.599
7	2	3.811	0	0	0.335
7	2	0.4958	0	0	0.4983
7	2	1.094	0	0	0.8867
7	2	5.614	1	1	0.2919
7	2	1.891	0	0	-1.532
7	2	1.032	0	0	-0.4426
7	2	1.81	1	1	0.8867
7	2	1.124	1	1	0.4184
7	2	1.669	0	0	1.04
8	2	3.632	0	0	-2.367
8	2	5.319	0	0	-1.532
8	2	3.681	1	1	0.575
8	2	1.792	0	0	-0.3797
8	2	5.593	1	1	1.289
8	2	5.129	0	0	0.06057
8	2	0.8281	0	0	0.4184
8	2	3.81	1	1	0.7544
8	2	0.8595	1	1	0.4184
8	2	1.703	1	0	0.4588
8	2	5.242	0	0	-0.5749
8	2	3.701	0	0	-0.2598
8	2	0.9506	1	1	0.9802
8	2	1.765	1	1	0.1091
8	2	0.8509	0	0	0.8867
8	2	0.2893	0	0	0.7883
8	2	5.443	1	0	1.182
8	2	3.544	0	0	0.06057
8	2	0.3025	0	0	0.4983
8	2	3.809	0	0	-0.147
8	2	5.501	1	1	0.9495
8	2	1.84	1	1	0.2027
8	2	1.03	1	1	0.6488
8	2	0.251	1	0	0.2478
8	2	3.828	1	1	0.4184
8	2	5.642	1	1	0.3771
8	2	1.812	1	1	0.6846
8	2	0.1538	0	0	-1.532
8	2	0.4518	1	0	1.098
8	2	0.6709	1	1	0.1091
8	2	1.615	0	0	-0.4426
8	2	0.9557	1	0	1.34
8	2	3.623	0	0	0.1565
8	2	5.398	0	0	-0.09293
8	2	5.493	1	1	0.8544
8	2	2.152	1	1	1.727
8	2	2.092	1	1	-0.5076
8	2	0.2884	1	1	0.3771
8	2	0.6497	0	0	0.7883
8	2	1.9	1	1	0.6122
8	2	3.643	0	0	0.6122
8	2	0.4762	0	0	1.04
8	2	0.7652	1	0	0.6488
8	2	3.536	0	0	0.06057
8	2	5.333	1	1	0.06057
8	2	0.7412	0	0	0.4588
8	2	0.5288	0	0	-0.147
8	2	0.9836	0	0	0.2478
8	2	1.901	0	1	1.706
8	2	0.7317	0	1	1.664
9	2	0.4653	1	0	-0.4426
9	2	0.7856	1	0	0.2919
9	2	1.036	0	0	0.335
9	2	0.4271	1	1	1.01
9	2	0.6456	1	1	1.098
9	2	0.4542	0	0	0.7198
9	2	2.051	1	1	0.7198
9	2	1.59	0	0	0.335
9	2	5.428	0	0	-1.22
9	2	3.624	0	0	-1.772
9	2	1.812	0	0	-0.2598
9	2	3.603	0	0	-0.7922
9	2	0.7113	0	1	0.2478
9	2	0.5043	1	1	0.7544
9	2	5.192	0	0	-0.8705
9	2	5.588	1	1	1.438
9	2	3.736	0	0	0.4983
9	2	1.062	1	1	0.6122
9	2	0.4308	1	1	0.9802
9	2	5.635	1	1	0.7883
9	2	3.634	1	1	1.34
9	2	5.279	1	1	0.4184
9	2	2.108	0	0	-0.09293
9	2	1.71	1	0	1.127
9	2	0.944	1	1	0.335
9	2	3.533	1	1	0.1091
9	2	1.046	0	0	1.098
9	2	3.561	0	0	-0.7922
9	2	1.642	0	0	0.6488
9	2	5.46	1	1	1.664
9	2	0.5045	0	0	1.748
9	2	3.671	0	0	0.06057
9	2	0.6912	0	0	1.509
9	2	0.446	1	1	1.01
9	2	0.4781	0	1	1.788
9	2	0.8479	1	0	-0.2598
9	2	3.709	0	0	-0.3797
9	2	1.847	0	1	1.509
9	2	5.438	1	1	0.4588
9	2	3.478	1	1	0.1091
9	2	2.062	1	0	0.4588
9	2	3.626	1	1	0.2478
9	2	5.207	1	1	0.4983
9	2	1.014	0	0	-0.5076
9	2	1.875	0	1	1.315
9	2	1.206	1	1	1.885
9	2	5.359	0	0	-1.904
9	2	5.445	1	1	0.537
9	2	1.861	0	0	-0.2598
9	2	0.1868	0	1	0.537
10	3	0.6757	1	0	1.555
10	3	1.894	1	0	0.537
10	3	1.817	1	1	1.04
10	3	1.009	0	0	0.2027
10	3	1.818	0	1	1.04
10	3	5.474	1	0	1.098
10	3	0.4817	0	0	0.1565
10	3	0.8906	0	0	0.8217
10	3	0.6124	0	1	1.555
10	3	0.1205	0	0	0.6122
10	3	1.713	1	0	0.335
10	3	0.6359	0	1	0.8217
10	3	0.1145	1	0	-0.09293
10	3	1.071	0	0	-0.04039
10	3	0.6463	1	1	0.575
10	3	1.929	1	1	-0.09293
10	3	0.3181	0	0	-0.5749
10	3	0.9399	1	0	-0.9521
10	3	0.04937	1	0	-0.6446
10	3	1.698	0	0	-0.4426
10	3	0.3738	0	0	0.1565
10	3	0.6593	1	1	1.39
10	3	0.3103	0	0	-0.6446
10	3	5.707	0	0	-0.9521
10	3	0.1312	1	1	0.9184
10	3	1.614	0	1	0.7544
10	3	5.599	1	1	-0.3188
10	3	0.2868	0	0	0.01075
10	3	1.673	0	1	1.462
10	3	5.669	0	0	-0.5749
10	3	5.552	0	0	0.7198
10	3	5.611	1	1	-0.2598
10	3	0.9083	0	0	0.8544
10	3	1.045	1	1	0.6488
10	3	0.6144	1	1	0.4983
10	3	0.1293	1	0	-0.4426
10	3	0.8915	1	0	-0.04039
10	3	0.358	1	1	-0.2598
10	3	0.4333	1	0	0.9495
10	3	0.8775	1	1	0.4588
10	3	5.419	0	0	0.1565
10	3	0.5552	1	1	1.182
10	3	5.447	0	0	-0.9521
10	3	1.364	1	1	0.1565
10	3	0.3258	1	1	0.335
10	3	0.06274	1	0	0.6122
10	3	1.689	1	1	0.3771
10	3	5.18	0	0	-0.7922
10	3	5.403	0	0	-0.04039
10	3	0.6898	1	1	-0.09293
11	3	6.009	1	1	0.2027
11	3	5.214	0	0	-0.2025
11	3	0.7109	1	1	0.4983
11	3	0.1357	0	0	0.8867
11	3	0.03327	0	0	-0.2598
11	3	0.8298	1	1	0.4588
11	3	0.1111	1	0	-0.2598
11	3	5.481	0	0	0.335
11	3	1.711	0	0	-0.147
11	3	0.05265	0	0	1.555
11	3	0.7551	0	0	-0.7922
11	3	1.178	1	0	0.01075
11	3	0.4036	0	0	-1.037
11	3	1.025	0	1	1.621
11	3	1.021	0	0	0.6122
11	3	0.1348	0	1	2.369
11	3	5.232	1	1	-0.4426
11	3	5.346	0	0	-1.037
11	3	0.8914	1	1	0.9184
11	3	2.073	0	0	1.414
11	3	1.764	0	0	-1.422
11	3	0.02266	0	1	0.7198
11	3	2.006	0	1	0.6846
11	3	5.426	0	0	-1.904
11	3	1.609	0	0	0.2478
11	3	0.05792	0	1	-0.3188
11	3	5.381	1	1	-0.147
11	3	5.567	1	1	-0.3188
11	3	0.7295	1	1	0.4983
11	3	0.4758	0	0	1.828
11	3	0.7047	0	0	1.315
11	3	0.4002	1	1	0.9495
11	3	1.067	0	0	0.06057
11	3	1.65	1	0	0.335
11	3	0.04025	1	0	0.1091
11	3	0.5461	1	1	-0.147
11	3	0.04568	0	0	-0.2025
11	3	2.108	0	1	0.01075
11	3	1.79	1	0	0.537
11	3	1.087	1	0	-0.3797
11	3	1.742	1	1	0.7198
11	3	0.6089	1	0	1.664
11	3	0.1763	1	1	-0.9521
11	3	1.108	0	0	0.01075
11	3	0.9527	1	1	-0.7922
11	3	0.1797	0	0	0.6488
11	3	0.5412	1	0	0.1091
11	3	1.497	0	0	-0.6446
11	3	5.338	1	1	-0.147
11	3	5.76	1	1	-0.147
12	3	0.06986	1	0	0.335
12	3	0.1617	0	0	-2.367
12	3	5.589	0	0	-1.22
12	3	0.1864	1	0	-0.7922
12	3	5.403	1	1	-0.147
12	3	1.721	1	1	0.1091
12	3	5.853	0	0	-0.9521
12	3	5.02	1	1	-0.9521
12	3	1.635	1	1	1.04
12	3	0.4093	1	0	0.7883
12	3	1.848	1	0	-0.04039
12	3	5.506	0	0	-0.3797
12	3	0.39	0	0	-1.127
12	3	0.04768	1	0	-0.5749
12	3	0.6385	0	1	0.4184
12	3	0.5172	0	0	-1.532
12	3	5.797	1	1	-0.2598
12	3	1.007	0	0	0.537
12	3	2.234	1	1	-0.5076
12	3	0.7397	1	1	0.2478
12	3	0.09051	1	0	1.098
12	3	0.2789	0	1	0.2919
12	3	1.561	1	1	0.335
12	3	4.991	0	0	-6.965
12	3	0.3884	0	1	0.2478
12	3	5.079	0	0	-1.127
12	3	1.008	1	1	-0.147
12	3	0.6925	0	1	0.6488
12	3	1.072	1	0	-2.751
12	3	0.402	1	0	-1.648
12	3	0.9461	0	1	0.9184
12	3	0.1266	1	1	0.1091
12	3	0.4349	0	0	-0.147
12	3	0.249	1	1	1.098
12	3	1.106	0	0	-0.147
12	3	0.1032	1	0	1.182
12	3	1.909	1	0	1.315
12	3	0.3591	1	0	1.263
12	3	0.5148	0	1	0.2027
12	3	1.915	1	1	-0.2598
12	3	5.305	0	0	-1.532
12	3	0.0352	0	0	0.8217
12	3	0.5407	0	0	-0.9521
12	3	5.072	1	1	-0.717
12	3	1.95	1	1	0.1091
12	3	0.6676	0	0	-0.7922
12	3	1.958	1	1	0.01075
12	3	2.222	1	1	0.06057
12	3	0.8634	0	0	0.1091
12	3	0.5518	0	0	0.335
13	3	1.088	1	0	-1.422
13	3	1.841	1	1	0.8867
13	3	0.4484	1	0	0.7198
13	3	1.846	0	0	-0.147
13	3	0.969	0	0	0.3771
13	3	5.494	0	0	-0.717
13	3	2.178	0	0	-0.7922
13	3	1.83	1	1	0.01075
13	3	0.3571	1	0	-0.147
13	3	1.88	1	0	-0.4426
13	3	0.0002098	0	0	0.1091
13	3	5.317	1	1	0.2027
13	3	1.9	0	0	1.39
13	3	0.7746	1	1	0.575
13	3	0.5141	1	0	1.098
13	3	1.318	0	0	-0.147
13	3	0.6185	1	0	-0.4426
13	3	0.8659	0	0	-0.717
13	3	0.5363	0	0	-0.717
13	3	0.02473	1	0	-0.3188
13	3	1.183	1	1	0.6122
13	3	0.1726	0	1	1.486
13	3	0.7646	1	0	0.7198
13	3	5.536	1	1	1.34
13	3	5.603	1	1	-0.09293
13	3	1.716	0	0	-0.717
13	3	0.2201	1	0	-0.04039
13	3	1.559	0	0	-0.147
13	3	1.368	1	1	0.4588
13	3	0.2446	0	0	-1.532
13	3	0.2991	1	0	-0.5076
13	3	0.4069	0	1	-0.147
13	3	0.5199	0	1	0.6846
13	3	0.04042	0	0	-0.09293
13	3	1.902	0	0	-1.904
13	3	0.3415	0	0	-1.772
13	3	5.049	0	0	-1.037
13	3	1.047	0	0	-0.3188
13	3	0.5635	1	1	-0.8705
13	3	0.2222	0	0	-1.22
13	3	5.28	1	1	-0.3188
13	3	5.464	0	0	-3.233
13	3	1.201	1	1	0.4184
13	3	5.437	0	0	-0.8705
13	3	0.3006	0	1	0.2027
13	3	0.304	0	1	1.182
13	3	0.1231	1	0	-0.2598
13	3	5.331	1	1	-0.4426
13	3	5.132	0	0	-0.8705
13	3	0.9719	1	1	0.537
14	3	0.2121	1	0	1.643
14	3	1.74	0	0	0.2027
14	3	5.068	1	1	-0.4426
14	3	0.3961	0	0	-0.3188
14	3	0.3143	0	0	-0.09293
14	3	0.2347	1	0	-0.3797
14	3	0.6362	1	0	0.4184
14	3	0.3943	0	1	1.486
14	3	0.3675	0	0	0.1091
14	3	0.4112	1	0	0.1091
14	3	0.6858	1	0	0.6122
14	3	5.179	1	1	-0.3188
14	3	0.3243	0	0	0.8867
14	3	1.765	1	0	-0.04039
14	3	0.2208	1	0	-0.3188
14	3	1.776	0	0	-0.5749
14	3	0.003843	0	0	0.6122
14	3	4.813	0	0	-1.037
14	3	0.5599	0	1	1.263
14	3	0.9426	0	0	-0.7922
14	3	1.615	1	1	0.9802
14	3	0.007299	1	0	1.04
14	3	1.952	0	0	0.6122
14	3	1.639	0	0	0.2478
14	3	0.7674	0	0	-0.147
14	3	0.9271	1	1	0.01075
14	3	0.09655	1	0	-0.2598
14	3	2.146	0	0	-0.5749
14	3	5.277	1	1	0.9495
14	3	4.902	1	1	-0.2025
14	3	0.5453	0	0	-0.2598
14	3	5.592	0	0	-1.648
14	3	0.5503	1	0	0.1091
14	3	5.562	0	0	-0.04039
14	3	0.5846	1	1	0.2027
14	3	5.446	1	1	-0.04039
14	3	1.973	0	0	0.06057
14	3	0.5603	1	1	1.209
14	3	1.99	1	1	-0.3188
14	3	5.301	1	1	-0.147
14	3	1.675	1	1	-0.04039
14	3	0.7721	1	1	0.335
14	3	0.7821	1	1	1.39
14	3	0.641	0	0	0.2919
14	3	0.986	0	1	-0.5749
14	3	0.9547	1	1	0.1091
14	3	0.1624	0	1	2.216
14	3	5.393	1	1	-0.5076
14	3	0.776	0	0	-1.037
14	3	0.8521	1	1	0.2478
15	3	1.695	1	1	-0.2025
15	3	1.768	0	0	0.2478
15	3	0.6562	1	0	0.1091
15	3	1.003	0	1	-0.09293
15	3	0.3551	0	1	1.315
15	3	0.2064	1	0	-1.22
15	3	5.466	1	1	-1.22
15	3	0.4754	1	1	-0.4426
15	3	1.318	0	1	1.828
15	3	1.776	1	1	-0.5076
15	3	1.558	0	0	-0.4426
15	3	0.8312	1	1	0.537
15	3	1.159	1	0	0.7544
15	3	0.5417	0	1	-0.5076
15	3	5.904	0	0	0.2919
15	3	0.9073	0	0	0.6846
15	3	5.593	0	0	-0.5749
15	3	1.723	1	1	1.04
15	3	1.742	0	0	-0.5749
15	3	0.2294	1	1	0.4588
15	3	5.238	0	0	-3.529
15	3	0.6323	1	0	0.01075
15	3	0.1014	1	1	-0.147
15	3	0.318	1	0	-0.8705
15	3	0.3555	1	1	0.335
15	3	0.8865	0	1	0.335
15	3	0.3498	1	1	0.9495
15	3	0.4899	1	0	-1.037
15	3	1.74	1	1	0.7883
15	3	5.287	1	1	-0.4426
15	3	0.2815	1	0	0.8544
15	3	0.2812	0	0	0.2027
15	3	0.7631	0	0	-0.04039
15	3	0.08146	1	1	0.9495
15	3	0.1927	1	1	-0.04039
15	3	1.777	0	0	-1.127
15	3	6.023	1	0	0.575
15	3	0.2385	1	0	-0.6446
15	3	0.1693	0	1	0.537
15	3	0.3064	0	0	0.7883
15	3	0.8536	1	1	-0.5076
15	3	5.326	1	1	-0.2598
15	3	0.6897	0	0	-0.3797
15	3	0.2872	0	0	-0.147
15	3	5.525	0	0	-1.127
15	3	5.56	0	0	-0.9521
15	3	1.729	0	1	0.537
15	3	0.869	1	1	-0.3188
15	3	5.575	0	0	-1.772
15	3	0.009518	0	0	-0.7922
16	3	0.8174	1	0	-1.037
16	3	2.174	0	0	-0.4426
16	3	5.305	0	0	-0.3797
16	3	1.678	1	0	-0.2025
16	3	0.2737	0	1	-0.5076
16	3	0.51	0	1	-0.147
16	3	1.912	1	1	-0.5749
16	3	5.46	0	0	-1.532
16	3	0.06611	0	1	0.335
16	3	1.838	0	1	0.6488
16	3	1.254	0	1	0.1091
16	3	1.2	0	0	-1.318
16	3	0.5081	1	1	0.8544
16	3	0.3964	1	1	0.4588
16	3	1.698	0	0	-1.037
16	3	5.45	1	1	-0.2025
16	3	0.4896	1	0	0.2478
16	3	5.25	0	0	-1.904
16	3	5.446	1	1	-0.2598
16	3	1.766	1	1	-0.2598
16	3	5.649	1	1	0.06057
16	3	0.9189	0	0	1.866
16	3	0.6184	0	1	0.2919
16	3	0.7203	1	1	0.4588
16	3	1.763	1	1	0.4588
16	3	0.4428	0	1	1.509
16	3	5.906	0	0	-1.422
16	3	0.5452	1	1	1.438
16	3	0.1683	0	1	-2.549
16	3	0.3619	0	0	0.8217
16	3	0.1809	0	1	0.335
16	3	1.183	1	1	0.2027
16	3	2.002	1	0	-0.9521
16	3	0.2088	1	0	-1.037
16	3	0.5333	1	1	0.7883
16	3	5.355	1	1	0.2027
16	3	1.483	1	0	0.2027
16	3	0.3478	0	0	-1.318
16	3	5.248	1	1	-0.2598
16	3	5.47	0	0	-0.8705
16	3	0.1718	0	0	-0.2598
16	3	0.1884	0	0	0.6846
16	3	0.4928	0	1	0.6122
16	3	1.36	1	1	-0.147
16	3	0.5663	1	0	-0.7922
16	3	1.03	1	1	-0.717
16	3	0.6947	1	1	1.01
16	3	0.499	0	0	-1.648
16	3	1.895	1	1	-0.7922
16	3	0.3281	0	0	-1.22
17	3	0.2739	0	0	-0.5749
17	3	0.5253	0	0	1.04
17	3	1.781	1	1	-0.6446
17	3	1.782	0	0	-0.2025
17	3	0.3518	0	0	-1.772
17	3	0.9206	0	1	0.4184
17	3	5.76	0	0	-3.529
17	3	0.3782	0	1	-0.717
17	3	5.162	0	0	-0.5749
17	3	0.6866	1	1	-1.037
17	3	0.1674	0	1	0.4184
17	3	5.281	1	1	-0.3797
17	3	1.59	1	1	0.2478
17	3	0.5233	0	0	-0.04039
17	3	5.437	1	1	-1.22
17	3	0.6629	0	0	-0.147
17	3	0.4072	1	1	1.289
17	3	0.14	1	1	-0.3188
17	3	1.828	0	0	0.6122
17	3	1.068	1	0	-1.532
17	3	1.529	1	1	0.4588
17	3	0.8737	1	0	-1.037
17	3	5.412	0	0	-0.3188
17	3	5.595	1	1	-0.6446
17	3	1.088	1	1	-0.2598
17	3	1.783	0	1	0.4588
17	3	0.08114	1	1	0.4184
17	3	0.6596	0	0	-6.965
17	3	0.8123	1	1	-0.6446
17	3	0.1165	1	0	-2.2
17	3	0.6629	0	0	-0.3188
17	3	1.847	1	0	-0.04039
17	3	1.849	1	1	-0.8705
17	3	5.648	0	0	-1.22
17	3	0.8247	1	1	-0.5749
17	3	0.2978	0	1	0.1091
17	3	0.8112	1	0	-1.532
17	3	0.1954	0	0	-0.5076
17	3	1.076	1	1	0.1091
17	3	1.659	0	0	-0.6446
17	3	1.02	0	0	-1.772
17	3	1.958	0	0	-1.532
17	3	1.04	1	1	0.2027
17	3	0.4176	1	1	0.335
17	3	5.314	1	1	-0.4426
17	3	0.4087	1	0	-0.2025
17	3	5.377	0	0	-2.549
17	3	5.413	0	0	-2.2
17	3	0.2217	1	0	0.2027
17	3	0.5353	0	0	0.7198
18	3	5.413	0	1	1.315
18	3	0.971	1	0	-1.772
18	3	5.597	1	1	-1.22
18	3	0.5487	0	0	0.06057
18	3	0.3401	1	1	0.335
18	3	5.474	1	1	-0.7922
18	3	1.777	0	1	0.06057
18	3	1.757	0	0	-0.2598
18	3	0.1941	1	1	0.7198
18	3	0.05116	0	0	0.4184
18	3	0.01367	1	0	-0.147
18	3	0.1686	1	1	1.555
18	3	0.3121	1	0	-1.772
18	3	5.591	1	1	-1.532
18	3	5.561	0	0	-3.879
18	3	0.1323	0	1	-2.046
18	3	0.1795	1	1	0.01075
18	3	2.226	1	1	-0.147
18	3	0.4668	0	0	0.335
18	3	0.7805	1	0	1.127
18	3	0.9478	1	0	-0.2598
18	3	0.3931	0	0	0.537
18	3	1.895	0	0	-1.318
18	3	5.272	1	1	-1.648
18	3	1.531	1	1	0.335
18	3	0.5336	1	0	-0.5076
18	3	0.8047	1	0	0.1091
18	3	0.5231	1	1	-0.3188
18	3	1.018	1	1	-1.532
18	3	1.752	0	0	-0.5749
18	3	0.6934	1	0	0.537
18	3	0.8481	0	1	1.621
18	3	5.402	0	0	-2.2
18	3	1.13	0	0	-2.751
18	3	1.804	0	0	-2.549
18	3	5.276	1	1	-1.037
18	3	0.3442	1	1	0.01075
18	3	1.649	0	0	-0.7922
18	3	0.2776	0	1	-0.2598
18	3	0.2922	1	1	-0.6446
18	3	1.192	1	1	0.9495
18	3	1.215	0	0	0.2478
18	3	0.4614	0	1	-0.2598
18	3	1.06	0	0	-0.5076
18	3	0.411	1	1	-0.09293
18	3	5.601	0	0	-3.529
18	3	0.764	1	0	-0.2598
18	3	5.429	0	0	-1.772
18	3	1.831	0	0	-0.3188
18	3	0.01017	1	1	-1.127
19	3	5.129	0	0	-3.879
19	3	5.561	0	0	-1.318
19	3	5.375	0	0	-4.306
19	3	1.64	1	0	-1.037
19	3	0.09052	1	1	1.01
19	3	5.697	1	1	-0.8705
19	3	5.148	0	0	-1.532
19	3	1.985	1	1	0.6846
19	3	5.489	0	0	-2.2
19	3	0.1559	0	0	-0.147
19	3	0.7881	0	1	0.2478
19	3	5.272	0	0	-1.904
19	3	0.3896	1	0	-1.422
19	3	1.781	0	0	-1.422
19	3	0.5779	1	1	-0.2025
19	3	0.6185	1	1	-0.147
19	3	2.219	1	0	-2.549
19	3	5.194	1	1	-0.3797
19	3	0.4002	1	0	-0.5076
19	3	0.8429	0	0	-0.717
19	3	0.09208	1	1	0.9802
19	3	1.605	1	1	0.335
19	3	0.03172	1	1	0.4983
19	3	0.2898	0	0	-1.772
19	3	0.422	0	0	-0.9521
19	3	0.1659	1	1	1.462
19	3	1.05	0	0	-2.046
19	3	1.697	1	0	0.2027
19	3	0.395	1	1	-1.22
19	3	0.5011	0	0	-1.648
19	3	0.5086	0	0	-0.717
19	3	0.6814	0	0	0.2027
19	3	2.026	0	0	-1.904
19	3	1.905	1	0	-1.037
19	3	1.63	1	1	-0.04039
19	3	0.9443	1	0	-0.6446
19	3	0.721	0	0	-1.648
19	3	0.3489	1	1	0.2027
19	3	0.4023	0	1	-0.5749
19	3	2.014	1	1	0.2027
19	3	0.347	0	0	-1.22
19	3	0.44	0	0	0.6488
19	3	0.782	1	0	0.6488
19	3	0.5601	1	0	-0.04039
19	3	0.5164	1	1	-1.532
19	3	5.409	0	0	-4.306
19	3	0.5576	1	0	-0.3188
19	3	5.57	1	1	-0.8705
19	3	0.9446	0	0	-2.549
19	3	0.7716	1	1	-0.717
20	4	0.2602	0	0	-0.6446
20	4	5.515	0	0	-1.037
20	4	1.651	0	0	-1.127
20	4	5.359	1	1	-0.5076
20	4	0.2262	0	0	-0.717
20	4	5.446	0	0	-0.6446
20	4	0.5209	1	0	0.7198
20	4	0.404	1	1	-0.6446
20	4	1.332	0	0	-2.977
20	4	0.3694	0	0	-0.5076
20	4	0.9151	0	0	0.01075
20	4	0.47	1	0	0.537
20	4	1.728	0	1	1.34
20	4	0.6408	0	0	-0.7922
20	4	0.2648	0	0	0.2478
20	4	2.047	0	0	-1.648
20	4	1.837	1	1	1.182
20	4	0.758	1	0	1.577
20	4	0.7576	1	0	0.537
20	4	0.6801	1	0	-0.3797
20	4	0.1882	1	1	1.263
20	4	1.002	0	0	1.486
20	4	1.729	1	1	1.414
20	4	1.863	0	0	0.2027
20	4	0.4228	1	0	0.9184
20	4	5.524	1	1	1.365
20	4	0.4046	1	0	1.289
20	4	0.01603	0	1	0.1091
20	4	2.026	1	1	0.8867
20	4	5.61	1	1	-1.22
20	4	0.5386	1	1	0.2027
20	4	5.642	1	1	0.01075
20	4	0.7994	0	0	0.2478
20	4	0.2998	0	0	0.2478
20	4	0.4236	1	0	-0.147
20	4	1.944	0	0	-0.6446
20	4	1.945	0	0	1.727
20	4	0.8134	0	1	-0.2598
20	4	5.248	0	0	-0.7922
20	4	0.6732	1	1	0.7883
20	4	1.681	1	1	0.06057
20	4	0.152	0	0	0.537
20	4	0.6371	1	0	1.438
20	4	0.008822	0	0	1.748
20	4	0.4454	0	0	0.1565
20	4	5.435	1	1	-0.09293
20	4	0.2821	1	1	-0.3797
20	4	0.08987	1	0	0.7883
20	4	5.907	0	0	-0.04039
20	4	5.516	0	0	-1.532
21	4	0.4047	0	0	-0.2598
21	4	1.453	0	0	0.8867
21	4	0.9964	0	0	0.3771
21	4	1.077	1	0	-0.04039
21	4	5.415	1	1	-0.3188
21	4	0.1382	1	0	-2.751
21	4	5.513	1	1	-0.3188
21	4	0.3907	1	0	-0.147
21	4	5.172	1	1	-1.037
21	4	1.679	1	0	0.2919
21	4	0.5091	0	0	-1.772
21	4	1.796	1	0	-0.147
21	4	0.9347	0	0	0.9495
21	4	0.9004	1	1	1.599
21	4	0.01736	0	0	1.098
21	4	1.798	1	1	0.2478
21	4	0.3349	0	0	0.6846
21	4	5.394	0	0	-1.532
21	4	1.846	1	1	0.335
21	4	0.5439	1	1	0.7883
21	4	0.9871	0	1	-0.7922
21	4	0.8799	0	0	0.4184
21	4	5.365	0	0	-0.7922
21	4	0.5286	1	1	-0.3188
21	4	0.2314	1	0	-0.3188
21	4	2.037	0	0	-0.9521
21	4	0.707	1	1	-0.7922
21	4	1.792	1	1	-0.5749
21	4	1.543	1	0	0.335
21	4	0.5438	0	0	1.01
21	4	0.2416	0	0	0.2478
21	4	5.197	1	1	-0.7922
21	4	0.01726	1	1	0.575
21	4	0.7084	1	0	0.6488
21	4	1.004	1	0	-0.04039
21	4	1.133	0	1	1.866
21	4	1.487	0	0	0.6488
21	4	0.3213	0	1	0.06057
21	4	1.945	1	0	0.01075
21	4	0.1609	0	0	0.8867
21	4	0.3696	0	0	0.4983
21	4	0.6502	0	0	0.2919
21	4	5.25	0	0	-0.04039
21	4	5.503	0	0	-1.318
21	4	5.181	1	1	-0.7922
21	4	0.8726	0	1	-0.7922
21	4	0.04586	1	1	0.537
21	4	5.519	0	0	0.1091
21	4	0.8837	1	1	-0.5749
21	4	0.1412	0	1	-0.9521
22	4	1.041	0	1	0.575
22	4	0.4634	0	1	1.315
22	4	1.932	0	0	-1.772
22	4	0.732	1	1	0.2027
22	4	0.1453	0	1	0.8544
22	4	0.4357	1	1	-0.2598
22	4	5.374	0	0	-1.037
22	4	1.846	1	0	1.069
22	4	0.7333	1	0	0.9184
22	4	1.235	0	0	-0.04039
22	4	0.08436	0	0	1.04
22	4	0.7416	1	0	1.01
22	4	5.487	1	1	-0.717
22	4	0.5082	0	1	-0.7922
22	4	0.2823	0	1	1.182
22	4	1.828	1	1	0.4184
22	4	5.435	1	1	-1.037
22	4	0.7644	0	1	0.6488
22	4	0.1451	1	1	-0.9521
22	4	0.5425	0	1	-0.9521
22	4	1.435	0	0	0.335
22	4	0.2929	1	0	0.2919
22	4	0.2545	0	0	-0.147
22	4	0.1424	0	1	1.685
22	4	0.7364	1	1	-0.7922
22	4	0.7868	0	0	0.2027
22	4	0.7525	1	0	0.9495
22	4	5.507	1	1	-1.532
22	4	1.513	1	1	0.2919
22	4	5.318	0	0	-0.9521
22	4	0.7014	1	1	-0.2025
22	4	5.649	1	1	-1.22
22	4	2.126	1	1	-0.04039
22	4	1.034	0	1	-0.7922
22	4	0.8456	0	0	-0.2598
22	4	1.913	0	0	-0.9521
22	4	0.1432	0	0	-1.22
22	4	5.706	0	0	-2.046
22	4	0.6131	0	0	-1.037
22	4	0.1842	0	1	0.1091
22	4	1.927	1	1	0.9495
22	4	5.246	1	1	-0.7922
22	4	0.4653	0	0	-1.318
22	4	1.73	1	1	-0.6446
22	4	0.09264	0	1	-0.3797
22	4	1.819	1	1	-1.22
22	4	0.198	1	1	1.788
22	4	5.3	1	1	-1.127
22	4	5.163	1	1	-0.2598
22	4	0.3782	1	0	0.8867
23	4	1.814	0	0	-1.772
23	4	0.05058	1	1	-1.318
23	4	0.8877	0	0	-0.717
23	4	4.93	1	1	-0.8705
23	4	0.1549	0	0	0.4588
23	4	5.543	1	1	-0.9521
23	4	4.869	1	1	0.01075
23	4	5.435	1	1	-1.422
23	4	1.748	1	1	-0.4426
23	4	1.258	0	1	-0.4426
23	4	0.7447	0	0	1.069
23	4	1.721	0	0	-0.4426
23	4	5.418	1	1	-0.7922
23	4	0.2289	0	0	0.6122
23	4	5.321	0	0	1.236
23	4	0.5852	1	0	0.2027
23	4	0.7974	0	1	0.6122
23	4	0.1702	1	0	0.6846
23	4	1.381	1	1	0.4588
23	4	1.625	0	0	-0.7922
23	4	1.998	1	1	1.462
23	4	0.5291	0	0	0.7883
23	4	0.3523	0	0	-1.422
23	4	0.4569	1	0	0.2027
23	4	0.2185	0	0	0.4184
23	4	5.602	0	0	-1.22
23	4	0.7839	0	0	1.462
23	4	1.027	0	1	0.335
23	4	5.274	0	0	-0.4426
23	4	0.104	0	0	1.315
23	4	0.2568	0	0	0.2478
23	4	0.236	1	1	-0.3797
23	4	2.014	1	1	-0.7922
23	4	0.3198	1	1	-1.037
23	4	1.148	0	1	-0.147
23	4	0.05696	1	0	0.335
23	4	1.468	1	1	-0.2025
23	4	5.432	1	1	-0.717
23	4	1.726	1	0	0.01075
23	4	0.6969	0	1	1.155
23	4	0.1751	1	1	-0.4426
23	4	0.9614	1	0	-0.147
23	4	5.379	1	1	-0.3797
23	4	0.0764	0	1	-0.5076
23	4	0.5307	0	1	0.2027
23	4	1.861	1	1	-0.4426
23	4	0.3613	1	1	-0.4426
23	4	0.9104	0	0	1.599
23	4	0.853	1	1	-0.3188
23	4	0.4755	0	1	0.4184
24	4	5.329	1	1	0.2478
24	4	1.958	0	0	-0.4426
24	4	0.7758	0	0	0.575
24	4	0.1181	1	1	0.6488
24	4	1.669	1	1	-0.04039
24	4	1.945	0	0	-1.037
24	4	0.4404	0	1	0.1091
24	4	0.5445	0	1	0.4983
24	4	1.757	0	0	-1.037
24	4	0.1883	1	0	1.236
24	4	0.6283	1	0	0.06057
24	4	0.4643	1	1	-0.717
24	4	1.837	0	1	0.7883
24	4	0.9376	1	1	0.9802
24	4	5.518	0	0	-1.127
24	4	1.127	1	1	0.8867
24	4	5.47	1	1	-0.6446
24	4	0.5949	1	1	-0.3188
24	4	0.3956	0	1	-0.3188
24	4	1.22	0	1	-0.9521
24	4	1.594	0	0	-0.3188
24	4	1.826	0	0	-0.04039
24	4	1.987	1	1	-0.4426
24	4	0.6476	1	1	-0.147
24	4	1.551	1	1	-0.3797
24	4	0.7751	1	1	0.2478
24	4	0.7031	0	1	-0.147
24	4	0.7003	1	1	-0.5749
24	4	0.8505	1	1	0.8544
24	4	1.708	1	1	-0.3797
24	4	5.92	0	0	-1.127
24	4	0.7022	0	0	0.8544
24	4	5.303	1	1	-0.6446
24	4	0.9117	0	0	-0.7922
24	4	0.2722	1	1	-0.9521
24	4	5.398	0	0	-1.648
24	4	0.3157	0	0	-0.3188
24	4	5.467	1	1	-0.9521
24	4	5.246	0	0	-0.6446
24	4	0.2857	0	1	0.2478
24	4	0.5188	1	0	1.885
24	4	0.07796	0	0	-1.127
24	4	0.4048	0	0	-0.5749
24	4	0.5642	0	0	-0.2598
24	4	1.006	1	1	0.4184
24	4	5.168	1	1	-1.22
24	4	0.01266	1	1	0.7883
24	4	0.321	1	0	-0.5749
24	4	5.62	0	0	-1.22
24	4	0.2212	1	1	-0.3797
25	4	5.357	0	0	0.7883
25	4	0.6981	1	1	-0.5076
25	4	0.9123	0	0	-0.147
25	4	1.119	1	0	0.7198
25	4	0.115	0	1	-1.22
25	4	0.3079	0	0	-0.3188
25	4	1.285	0	0	-0.04039
25	4	0.001116	0	1	0.1091
25	4	0.1879	1	1	-0.2598
25	4	0.049	0	0	-0.2598
25	4	0.5567	1	0	1.365
25	4	5.461	1	1	-0.4426
25	4	0.3356	1	0	0.2027
25	4	0.9831	0	1	0.8867
25	4	0.02551	1	0	-0.6446
25	4	1.578	0	0	0.7883
25	4	5.373	1	1	-1.532
25	4	0.8598	0	0	-0.6446
25	4	0.642	1	1	-0.4426
25	4	5.155	0	0	-0.9521
25	4	5.221	0	0	-0.7922
25	4	0.52	1	1	-0.7922
25	4	0.2212	0	0	-0.3188
25	4	0.4376	0	0	0.06057
25	4	1.648	1	0	0.4983
25	4	0.3595	0	0	-0.4426
25	4	0.8265	0	0	0.7198
25	4	1.969	1	0	1.209
25	4	1.869	0	0	-0.3797
25	4	5.419	0	0	-0.7922
25	4	1.677	1	1	-0.717
25	4	1.575	0	0	-0.2025
25	4	0.8184	1	1	-0.9521
25	4	1.806	0	0	-2.046
25	4	0.3271	1	0	0.8217
25	4	0.1516	1	0	0.4588
25	4	0.288	0	0	-0.5076
25	4	1.82	1	1	0.3771
25	4	5.505	1	1	-0.7922
25	4	5.225	0	0	0.1091
25	4	0.9686	0	0	-2.2
25	4	5.389	1	1	-1.22
25	4	1.206	1	0	1.127
25	4	0.6248	1	1	-1.422
25	4	0.3171	0	0	1.182
25	4	0.1964	1	1	-0.147
25	4	0.1312	0	0	-0.147
25	4	5.638	0	0	-0.6446
25	4	0.07672	1	1	-0.9521
25	4	2.049	1	1	-0.8705
26	4	1.964	1	1	-0.7922
26	4	0.7053	0	0	-0.5749
26	4	0.8771	0	0	1.127
26	4	5.545	0	0	0.2027
26	4	0.2081	0	1	1.315
26	4	0.1645	0	0	-0.5076
26	4	0.5652	0	1	2.049
26	4	0.0423	1	0	0.6846
26	4	2.102	0	0	0.01075
26	4	2.091	1	1	0.9495
26	4	5.194	0	0	-0.4426
26	4	0.1903	0	0	-0.7922
26	4	5.222	1	1	-0.8705
26	4	0.7194	1	1	-0.6446
26	4	2.123	1	1	-0.3188
26	4	1.847	1	1	-0.04039
26	4	5.399	1	1	-0.2598
26	4	1.996	1	1	-0.147
26	4	5.372	0	1	1.438
26	4	1.818	1	1	-1.772
26	4	0.5163	1	1	-0.7922
26	4	0.2398	1	1	0.8867
26	4	0.9459	1	1	1.438
26	4	0.4521	0	0	0.7198
26	4	5.476	1	1	-0.04039
26	4	0.4355	1	0	1.866
26	4	0.176	1	0	0.06057
26	4	0.8669	1	1	-0.147
26	4	5.797	0	0	-1.037
26	4	0.7999	0	0	-0.2598
26	4	0.9574	1	0	-0.2598
26	4	0.9734	0	0	-1.22
26	4	0.6028	0	1	1.768
26	4	0.3952	0	0	0.6122
26	4	5.916	0	0	-1.532
26	4	0.01739	1	1	1.438
26	4	5.462	1	1	-0.4426
26	4	0.859	1	0	1.621
26	4	0.2627	0	1	-0.3188
26	4	0.7398	1	1	-0.717
26	4	1.094	0	0	-0.147
26	4	2.289	1	1	-1.532
26	4	0.114	1	1	-0.6446
26	4	0.4116	1	1	-0.2025
26	4	1.694	1	0	1.315
26	4	1.884	1	1	-0.7922
26	4	0.3783	0	0	0.1565
26	4	0.2128	0	1	-0.2025
26	4	5.615	0	0	0.01075
26	4	0.75	0	1	-0.3188
27	4	5.409	1	1	-0.4426
27	4	1.899	0	0	0.7198
27	4	1.285	1	1	1.532
27	4	0.9372	1	0	0.6122
27	4	1.903	1	1	-0.2598
27	4	0.3124	1	0	0.4184
27	4	0.3626	1	1	0.2478
27	4	0.9515	0	1	-0.2598
27	4	5.217	1	1	-1.037
27	4	0.2943	0	0	-0.8705
27	4	0.6214	0	1	-0.4426
27	4	5.567	0	0	-1.532
27	4	1.581	0	1	0.4184
27	4	0.005631	1	1	0.06057
27	4	5.757	0	0	-0.09293
27	4	1.555	1	1	-0.147
27	4	0.6266	0	0	0.537
27	4	1.9	1	1	0.06057
27	4	0.9454	1	1	-0.5749
27	4	5.341	1	1	-0.147
27	4	0.2325	1	1	0.01075
27	4	0.8376	0	0	0.2027
27	4	0.1454	0	0	0.06057
27	4	0.1997	0	0	0.4184
27	4	5.283	0	0	-1.22
27	4	0.5349	0	1	1.155
27	4	0.5355	0	0	1.069
27	4	5.397	0	0	-2.2
27	4	0.2381	0	0	0.01075
27	4	0.146	1	1	-0.04039
27	4	0.2049	0	0	0.4588
27	4	0.09669	1	0	-0.7922
27	4	1.876	0	0	0.537
27	4	1.999	1	1	-0.3188
27	4	0.06653	1	1	-0.2598
27	4	5.232	1	1	-2.2
27	4	5.439	0	0	-0.7922
27	4	1.583	1	1	-0.2025
27	4	1.779	1	1	-0.2025
27	4	0.02349	1	0	0.1091
27	4	0.01416	1	0	-0.7922
27	4	1.824	0	0	-0.2598
27	4	0.3527	0	0	0.7883
27	4	0.4405	0	0	1.438
27	4	5.455	1	1	-1.904
27	4	0.8333	0	1	0.9184
27	4	0.5574	0	1	0.4588
27	4	1.218	1	0	0.2027
27	4	0.3876	1	0	-0.2598
27	4	0.8782	0	0	-0.9521
28	4	1.843	0	0	1.555
28	4	5.323	0	0	0.1091
28	4	1.994	1	1	-0.7922
28	4	0.8077	0	1	1.555
28	4	5.186	1	1	-0.6446
28	4	5.182	0	0	-1.648
28	4	0.08171	0	1	-0.147
28	4	1.647	1	1	-1.22
28	4	0.6126	1	0	-0.04039
28	4	0.6829	1	1	-0.2598
28	4	5.526	0	0	-0.5749
28	4	1.762	0	1	0.6122
28	4	0.2493	1	1	-0.8705
28	4	0.726	1	1	-1.22
28	4	0.5618	0	0	-1.127
28	4	0.3513	0	1	1.04
28	4	5.375	1	1	-1.532
28	4	1.859	0	0	-1.22
28	4	0.1347	1	1	1.155
28	4	2.01	0	0	-0.8705
28	4	5.39	1	1	-1.22
28	4	0.8857	1	1	-1.648
28	4	0.4248	1	1	-0.6446
28	4	0.02096	1	1	0.01075
28	4	1.91	1	0	-0.5076
28	4	5.889	1	1	-2.046
28	4	0.7934	1	1	1.315
28	4	0.0591	0	0	0.06057
28	4	0.4182	1	0	2.014
28	4	0.1763	1	1	-0.5749
28	4	1.128	0	1	1.155
28	4	0.4628	1	1	-0.6446
28	4	1.862	0	0	-0.3797
28	4	5.451	0	0	-0.717
28	4	5.254	1	1	-1.318
28	4	0.4719	1	0	-0.2598
28	4	1.028	1	1	0.1091
28	4	0.2098	1	0	-0.6446
28	4	0.4218	0	1	0.9495
28	4	1.091	1	1	-1.037
28	4	1.995	0	0	-0.7922
28	4	0.3551	0	0	0.8544
28	4	0.07689	1	1	-1.037
28	4	1.448	0	0	-0.2598
28	4	5.212	1	1	-0.9521
28	4	0.2061	0	1	0.8217
28	4	0.1278	0	0	0.2027
28	4	0.6881	0	0	-0.7922
28	4	0.5055	0	1	-0.3188
28	4	0.1431	0	0	1.414
29	4	0.4184	1	1	1.04
29	4	0.5553	1	1	1.365
29	4	0.2416	0	0	0.4983
29	4	0.4432	1	1	0.2919
29	4	0.2678	1	1	-0.04039
29	4	0.1842	0	1	0.3771
29	4	1.172	1	0	1.01
29	4	1.183	0	0	0.1091
29	4	5.251	0	0	-0.6446
29	4	1.819	0	1	0.8867
29	4	0.8036	0	1	-0.147
29	4	1.716	0	0	0.2478
29	4	0.396	0	1	-1.422
29	4	0.008342	1	0	-0.3797
29	4	5.379	0	0	-0.04039
29	4	5.542	1	1	-1.22
29	4	2.052	0	0	0.3771
29	4	0.3876	1	1	-1.037
29	4	0.1869	1	0	-0.717
29	4	5.611	1	1	-1.127
29	4	1.785	1	1	-1.037
29	4	5.061	1	1	-0.6446
29	4	1.191	0	1	0.8867
29	4	0.8316	1	0	0.2478
29	4	0.2461	1	0	-1.037
29	4	1.744	1	1	-0.7922
29	4	0.7249	0	1	0.4588
29	4	1.968	0	1	0.2027
29	4	0.8735	0	0	-0.5749
29	4	5.632	1	1	-1.422
29	4	0.3387	0	1	0.6122
29	4	1.724	0	0	-1.127
29	4	0.6648	0	0	0.4184
29	4	0.2435	1	0	1.532
29	4	0.05328	0	0	1.098
29	4	0.5579	1	1	1.706
29	4	1.904	0	0	-0.3797
29	4	1.034	0	1	0.8217
29	4	5.468	1	1	-0.9521
29	4	1.784	1	1	0.01075
29	4	1.01	1	1	-0.717
29	4	1.794	1	1	-1.318
29	4	5.68	1	1	-1.127
29	4	0.4698	0	1	-0.147
29	4	0.7997	0	0	-0.5749
29	4	0.6879	1	1	1.155
29	4	5.471	0	0	-0.6446
29	4	5.816	1	1	-0.6446
29	4	0.9401	0	1	-0.2025
29	4	0.5285	0	1	1.365
30	5	0.2642	0	1	1.706
30	5	5.533	0	0	0.4184
30	5	1.658	0	0	0.335
30	5	5.363	1	1	1.315
30	5	0.2335	0	0	0.2478
30	5	5.459	0	0	-1.037
30	5	0.5268	1	0	0.9495
30	5	0.5878	1	1	1.438
30	5	1.267	0	0	-0.4426
30	5	0.3688	0	0	0.2027
30	5	0.904	0	1	1.555
30	5	0.4589	1	1	1.768
30	5	1.744	0	0	2.85
30	5	0.632	0	0	-0.04039
30	5	0.2645	0	1	1.236
30	5	2.058	0	0	0.335
30	5	1.855	1	0	1.263
30	5	0.7876	1	0	0.6122
30	5	0.7585	1	0	0.7198
30	5	0.6879	1	1	0.8867
30	5	0.202	1	1	0.4588
30	5	1.009	0	1	0.1565
30	5	1.738	1	0	0.4184
30	5	1.866	0	0	-0.147
30	5	0.4119	1	1	-0.5076
30	5	5.529	1	1	-0.147
30	5	0.3634	1	1	0.7544
30	5	0.008718	0	0	0.01075
30	5	2.045	1	1	1.209
30	5	5.641	1	1	-0.3797
30	5	0.5325	1	1	-0.5749
30	5	5.665	1	1	-0.4426
30	5	0.8101	0	0	-0.09293
30	5	0.2907	0	1	0.6122
30	5	0.4085	1	1	1.236
30	5	1.941	0	0	0.335
30	5	1.934	0	1	1.599
30	5	0.8321	0	0	0.537
30	5	5.291	0	0	0.8544
30	5	0.6684	1	1	1.509
30	5	1.692	1	1	-1.532
30	5	0.1414	0	0	-0.04039
30	5	0.6416	1	1	1.808
30	5	0.003482	0	0	0.4184
30	5	0.4559	0	0	-0.147
30	5	5.45	1	1	-0.8705
30	5	0.2905	1	1	1.04
30	5	0.0908	1	0	-1.127
30	5	5.916	0	0	-0.2598
30	5	5.535	0	0	-0.7922
31	5	0.3867	0	1	1.127
31	5	1.466	0	0	-0.717
31	5	1.005	0	1	2.066
31	5	1.063	1	1	1.01
31	5	5.521	1	1	0.6122
31	5	0.4485	1	0	0.4983
31	5	5.347	1	1	-1.127
31	5	0.3846	1	0	0.3771
31	5	5.214	1	1	-0.04039
31	5	1.689	1	1	0.8544
31	5	0.5148	0	0	0.4983
31	5	1.859	1	1	1.236
31	5	0.9492	0	1	1.069
31	5	0.9046	1	1	0.575
31	5	0.02963	0	1	1.486
31	5	1.825	1	1	0.9802
31	5	0.3343	0	0	1.768
31	5	5.391	0	0	0.537
31	5	1.842	1	1	1.155
31	5	0.5365	1	1	0.4184
31	5	0.7268	0	1	0.6488
31	5	0.9764	0	0	0.2027
31	5	5.31	0	0	0.2478
31	5	0.5729	1	1	1.127
31	5	0.5288	1	1	1.069
31	5	1.8	0	1	1.509
31	5	0.2092	1	1	0.335
31	5	1.81	1	1	1.315
31	5	1.746	1	1	1.263
31	5	0.2905	0	0	0.01075
31	5	0.06257	0	0	-1.22
31	5	5.83	1	1	-0.3188
31	5	0.1587	1	1	-0.2025
31	5	0.1385	1	1	0.4184
31	5	1.315	1	1	0.4184
31	5	1.238	0	0	-0.4426
31	5	2.188	0	0	-0.147
31	5	0.138	0	1	0.7198
31	5	1.59	1	1	0.01075
31	5	0.1646	0	1	0.6122
31	5	0.3761	0	1	1.438
31	5	0.5263	0	1	1.069
31	5	5.732	0	0	-1.532
31	5	5.386	0	0	-0.9521
31	5	5.47	1	1	-0.7922
31	5	0.9141	0	0	0.2919
31	5	0.266	0	0	-0.5076
31	5	5.258	0	0	-0.2598
31	5	0.7806	1	1	1.04
31	5	0.3017	1	1	0.1091
32	5	0.9053	0	1	0.7198
32	5	0.2477	0	1	0.6488
32	5	1.343	0	0	1.182
32	5	0.6272	1	1	0.01075
32	5	0.1481	0	1	-0.4426
32	5	0.3748	1	1	0.6488
32	5	5.485	0	0	-0.5749
32	5	1.733	1	1	-0.8705
32	5	1.04	1	1	-0.6446
32	5	0.6959	0	1	0.6846
32	5	0.2754	1	0	0.537
32	5	0.8728	1	1	-1.037
32	5	5.684	1	1	-0.717
32	5	0.01856	1	1	-0.8705
32	5	0.2953	0	0	0.2919
32	5	1.626	1	1	-0.6446
32	5	5.206	1	1	-1.22
32	5	1.132	0	0	-0.2598
32	5	0.01033	0	1	0.2027
32	5	0.3656	0	1	0.7544
32	5	1.89	0	0	-0.04039
32	5	0.06563	0	1	0.335
32	5	0.3098	0	1	1.01
32	5	0.3438	0	1	0.1565
32	5	0.5125	1	1	0.2027
32	5	1.204	0	1	0.8544
32	5	1.126	1	0	0.1565
32	5	5.615	1	1	-0.4426
32	5	1.883	1	1	-0.4426
32	5	5.146	0	0	0.01075
32	5	0.3303	1	1	0.2027
32	5	5.657	1	1	-1.22
32	5	1.821	1	1	0.7883
32	5	0.864	0	0	0.6488
32	5	0.8382	0	0	-0.3797
32	5	1.461	0	0	-0.5749
32	5	0.4482	0	1	1.127
32	5	5.134	0	0	-0.4426
32	5	0.4956	0	0	-0.2025
32	5	0.2368	0	1	1.127
32	5	2.09	1	1	0.6846
32	5	5.47	1	1	-0.4426
32	5	0.05724	0	1	0.335
32	5	2.224	1	1	1.727
32	5	0.4201	0	0	-0.147
32	5	1.976	1	1	-0.147
32	5	0.3561	1	1	0.8867
32	5	5.553	1	1	-0.04039
32	5	5.347	1	1	0.537
32	5	0.1911	1	1	-0.09293
33	5	1.787	0	0	0.335
33	5	0.01091	0	1	0.8867
33	5	1.022	0	0	1.127
33	5	5.436	1	1	-0.6446
33	5	0.08393	0	1	0.9495
33	5	5.476	1	1	-0.7922
33	5	5.903	1	1	-1.532
33	5	5.605	1	1	-1.318
33	5	1.479	1	1	-0.04039
33	5	0.7809	0	0	0.7198
33	5	0.2702	0	1	1.236
33	5	1.962	0	0	0.2027
33	5	5.229	1	1	-1.037
33	5	0.6265	0	0	0.8217
33	5	5.583	0	0	-0.8705
33	5	0.1911	1	0	0.537
33	5	1.292	0	0	0.2027
33	5	0.3223	0	0	1.263
33	5	2.201	1	1	-0.2598
33	5	2.329	0	1	1.414
33	5	1.864	1	1	-0.09293
33	5	0.3735	0	1	0.06057
33	5	0.8536	0	1	-0.4426
33	5	0.7143	1	0	0.537
33	5	0.4438	1	0	1.462
33	5	5.628	0	0	-1.772
33	5	0.8784	0	0	0.537
33	5	1.044	0	0	-0.5749
33	5	5.2	0	0	-0.2598
33	5	0.674	0	1	-1.422
33	5	0.09932	1	1	1.209
33	5	0.001061	0	0	0.01075
33	5	2.038	1	1	-0.6446
33	5	0.1206	1	0	0.9802
33	5	0.5163	0	0	1.236
33	5	0.4146	1	1	0.2919
33	5	1.881	1	1	-0.6446
33	5	5.465	1	1	-1.772
33	5	1.777	1	1	-0.5749
33	5	0.9089	0	0	-0.09293
33	5	0.4791	1	0	0.2478
33	5	1.396	1	1	-0.7922
33	5	5.573	1	1	-0.5749
33	5	0.5049	0	0	0.1565
33	5	0.7783	0	0	0.2478
33	5	2.044	1	1	-1.22
33	5	0.2096	1	1	0.06057
33	5	1.038	0	1	2.151
33	5	1.127	1	1	0.6846
33	5	0.499	0	1	-0.6446
34	5	5.409	1	1	-0.6446
34	5	2.521	0	1	0.6122
34	5	1.189	0	0	0.7198
34	5	0.1357	0	0	0.6488
34	5	1.868	1	1	0.4184
34	5	1.717	0	1	0.4983
34	5	0.2792	0	0	0.7544
34	5	0.5142	0	1	1.365
34	5	1.871	0	0	-0.04039
34	5	0.0225	1	1	-0.717
34	5	0.4444	1	1	-0.147
34	5	0.06092	1	0	1.866
34	5	2.029	0	0	0.06057
34	5	0.7009	1	1	1.127
34	5	5.033	0	0	0.3771
34	5	1.047	1	1	0.6488
34	5	5.417	1	1	-0.3188
34	5	0.3033	1	0	0.8544
34	5	0.8417	0	0	1.486
34	5	1.119	0	0	0.537
34	5	1.994	0	0	-0.09293
34	5	2.099	0	0	0.2027
34	5	1.626	1	1	0.01075
34	5	0.339	1	1	0.335
34	5	1.564	1	1	0.1091
34	5	0.9217	1	1	0.1091
34	5	0.7436	0	0	0.6122
34	5	0.9881	1	1	0.2478
34	5	0.8594	1	1	-0.7922
34	5	1.69	1	1	-0.3797
34	5	5.461	0	0	-0.3188
34	5	0.5847	0	0	0.1091
34	5	5.211	1	1	-1.127
34	5	1.048	0	0	0.01075
34	5	0.009996	0	1	1.182
34	5	5.529	0	0	0.4184
34	5	0.2723	0	1	1.315
34	5	5.473	1	1	-0.717
34	5	5.268	0	0	0.1565
34	5	0.0448	1	0	1.509
34	5	0.6042	1	1	0.7198
34	5	0.3001	0	0	1.098
34	5	0.7491	0	0	0.575
34	5	0.5304	0	0	0.1565
34	5	1.018	1	1	-0.9521
34	5	5.397	1	1	-1.772
34	5	0.1527	1	1	2.134
34	5	0.2635	1	0	0.6122
34	5	5.485	0	0	0.2478
34	5	0.1632	1	1	1.098
35	5	5.26	0	0	-0.7922
35	5	0.7766	1	0	0.01075
35	5	0.6999	0	0	1.727
35	5	1.023	1	1	-0.3188
35	5	0.6338	0	0	1.828
35	5	0.01624	1	1	-0.09293
35	5	1.776	0	1	-0.7922
35	5	0.2479	1	1	1.727
35	5	0.2376	1	0	0.4184
35	5	0.1913	1	1	1.365
35	5	0.2965	1	1	-0.6446
35	5	5.255	1	1	-0.8705
35	5	0.1504	1	1	1.315
35	5	0.7075	0	0	0.01075
35	5	0.1545	0	0	0.06057
35	5	1.743	0	0	-0.6446
35	5	5.772	1	1	-1.037
35	5	0.8781	0	0	-0.2598
35	5	0.4015	1	1	0.6846
35	5	5.742	0	0	-0.2598
35	5	5.107	0	0	-0.9521
35	5	0.4663	1	1	-0.3188
35	5	0.1446	0	0	0.2478
35	5	0.2873	0	1	0.6122
35	5	1.946	1	1	-1.772
35	5	0.2837	0	1	-0.147
35	5	0.83	0	0	1.01
35	5	1.846	1	1	-0.7922
35	5	1.995	0	1	0.7544
35	5	5.477	0	0	0.2478
35	5	1.309	1	1	-0.5076
35	5	1.64	0	0	-1.22
35	5	1.003	1	0	-0.147
35	5	1.941	0	0	0.7883
35	5	0.5612	1	0	-0.4426
35	5	0.598	1	1	-0.04039
35	5	0.28	0	0	0.6122
35	5	1.669	1	1	-1.127
35	5	5.129	1	1	-0.7922
35	5	5.691	0	0	-0.3188
35	5	0.9567	0	1	0.4184
35	5	5.049	1	1	-1.318
35	5	0.9537	1	1	-0.6446
35	5	0.8163	1	1	-1.22
35	5	0.2949	0	0	-0.2598
35	5	0.4383	1	0	-0.147
35	5	0.3439	1	1	-0.9521
35	5	5.455	0	0	-0.5749
35	5	0.5668	0	1	-0.2598
35	5	1.943	1	1	-0.9521
36	5	1.787	1	1	-0.5749
36	5	0.7527	0	0	0.8867
36	5	0.7728	0	0	-0.6446
36	5	5.698	0	0	-1.127
36	5	0.1721	1	0	0.2027
36	5	0.1958	0	1	-0.04039
36	5	0.4428	0	1	-0.5749
36	5	0.1104	0	0	1.828
36	5	1.748	0	0	0.1091
36	5	1.229	1	1	-0.04039
36	5	5.447	0	1	1.706
36	5	0.2958	0	1	-1.22
36	5	5.828	1	1	-1.772
36	5	0.2869	1	1	0.1091
36	5	1.578	1	1	-1.22
36	5	1.918	1	1	0.01075
36	5	5.363	1	1	-1.422
36	5	1.817	1	0	0.4184
36	5	5.202	0	0	-0.8705
36	5	2.248	1	1	-0.7922
36	5	0.7367	1	1	0.8544
36	5	0.4368	1	0	0.01075
36	5	1.019	1	0	0.3771
36	5	0.3194	0	0	1.885
36	5	5.259	1	1	-2.2
36	5	0.2863	0	0	0.2478
36	5	0.2402	1	1	1.069
36	5	1.13	1	1	-1.318
36	5	5.505	0	0	0.3771
36	5	0.8681	0	0	0.2478
36	5	0.844	1	0	0.06057
36	5	0.7428	0	1	1.706
36	5	0.2149	0	0	-0.8705
36	5	0.4501	0	0	0.9802
36	5	5.67	0	0	-0.5749
36	5	0.3142	1	1	-1.22
36	5	5.795	1	1	-2.046
36	5	0.8608	1	1	0.7198
36	5	0.1818	0	1	-0.3188
36	5	1.057	1	1	-0.147
36	5	1.188	0	0	-0.04039
36	5	1.838	1	1	-1.772
36	5	0.2519	1	1	-0.147
36	5	0.6585	1	1	-0.717
36	5	1.75	1	0	0.1091
36	5	2.064	1	1	-1.532
36	5	0.008544	0	0	0.6122
36	5	0.3769	0	1	-0.7922
36	5	5.174	0	0	-0.9521
36	5	0.3837	0	1	-0.147
37	5	5.944	1	1	-0.5749
37	5	1.668	0	0	-1.22
37	5	0.8044	1	0	0.6488
37	5	1.07	1	0	-0.6446
37	5	2.112	1	1	-0.147
37	5	0.593	1	1	-0.9521
37	5	0.3531	1	1	-0.2598
37	5	0.8229	0	0	-0.04039
37	5	5.151	1	1	-1.422
37	5	0.343	1	1	-0.717
37	5	0.4059	0	1	-0.2598
37	5	5.445	0	0	-1.532
37	5	1.902	0	0	-1.22
37	5	0.3021	1	1	0.9184
37	5	5.655	0	0	-0.9521
37	5	1.998	1	1	-0.7922
37	5	0.7345	0	1	-0.6446
37	5	1.639	1	1	0.7883
37	5	1.085	1	1	-0.7922
37	5	5.476	1	1	-1.532
37	5	0.3102	1	1	-1.037
37	5	0.4097	0	1	0.8867
37	5	0.2598	0	1	0.4184
37	5	0.3557	0	1	0.4983
37	5	5.155	0	0	-0.6446
37	5	0.6054	0	0	1.462
37	5	0.9398	0	0	1.685
37	5	5.365	0	0	-0.8705
37	5	0.5393	1	1	-0.9521
37	5	0.2436	1	0	1.664
37	5	0.503	0	1	-0.717
37	5	0.8236	1	1	0.4588
37	5	1.879	0	1	0.2919
37	5	1.682	1	1	-0.5749
37	5	0.5145	1	1	-0.717
37	5	5.513	1	1	-1.318
37	5	5.452	0	0	-1.532
37	5	2.241	1	1	-1.22
37	5	1.944	1	1	-0.8705
37	5	0.3623	1	1	-0.4426
37	5	0.1274	0	1	0.06057
37	5	1.845	0	0	-0.7922
37	5	0.4691	0	1	1.315
37	5	0.4162	0	0	-1.037
37	5	5.726	1	1	-0.8705
37	5	0.5547	0	1	-0.4426
37	5	0.4895	0	0	0.6846
37	5	1.119	1	1	-1.318
37	5	0.5966	1	0	0.8217
37	5	1.091	0	0	-0.5076
38	5	1.843	0	0	1.365
38	5	5.614	0	0	-1.422
38	5	1.717	1	1	-0.4426
38	5	0.8848	0	0	-0.4426
38	5	5.788	1	1	-1.318
38	5	4.831	0	0	-0.9521
38	5	0.4298	0	1	-0.4426
38	5	1.95	1	1	-0.5076
38	5	0.5383	1	1	-0.3188
38	5	0.8512	1	0	-0.04039
38	5	5.329	0	0	-0.5749
38	5	1.931	0	0	1.532
38	5	0.469	1	1	-0.8705
38	5	1.138	1	0	0.537
38	5	0.1424	1	1	0.6122
38	5	0.3799	0	0	0.537
38	5	5.434	1	1	-1.648
38	5	1.591	0	0	-0.4426
38	5	0.3903	0	0	-1.037
38	5	1.747	0	1	1.127
38	5	5.436	1	1	-2.046
38	5	0.8317	1	1	-0.147
38	5	0.2282	1	1	0.6846
38	5	0.2538	1	1	-0.04039
38	5	1.476	1	1	0.4184
38	5	5.458	1	1	-2.046
38	5	1.05	1	1	-1.422
38	5	0.2453	0	1	0.6122
38	5	0.3778	1	1	1.532
38	5	0.4051	1	1	-0.3188
38	5	0.725	0	0	0.2919
38	5	0.009487	0	1	-0.147
38	5	1.719	0	0	0.01075
38	5	5.692	0	0	-0.4426
38	5	5.499	1	1	-0.5076
38	5	0.9493	1	0	0.335
38	5	1.089	1	1	-1.422
38	5	0.08908	1	1	-0.2598
38	5	0.3645	0	0	-0.2598
38	5	1.139	1	1	-0.2598
38	5	1.856	0	0	-3.529
38	5	0.2786	0	0	0.1565
38	5	0.4585	1	1	-0.147
38	5	2.024	0	0	0.4983
38	5	5.575	1	1	-2.549
38	5	0.4145	0	0	-1.037
38	5	0.1147	1	1	-0.6446
38	5	0.1623	0	0	-0.2025
38	5	0.6164	0	0	-0.04039
38	5	0.02769	1	0	-0.7922
39	5	0.2585	1	1	-0.4426
39	5	0.4589	1	0	-0.3188
39	5	0.02906	0	0	-1.037
39	5	0.405	1	1	-0.5749
39	5	0.1693	1	1	-0.04039
39	5	0.09654	0	0	0.1091
39	5	0.9408	1	1	0.6122
39	5	0.6008	0	1	0.6488
39	5	5.107	0	0	-1.532
39	5	1.791	0	1	1.069
39	5	0.9223	0	0	1.098
39	5	2.062	0	0	-0.6446
39	5	0.9711	0	0	-0.09293
39	5	0.2126	1	1	0.335
39	5	5.324	0	0	-0.5749
39	5	5.278	1	1	-0.9521
39	5	1.726	0	0	-1.772
39	5	0.3082	1	1	-0.3188
39	5	0.4489	1	0	-0.8705
39	5	5.601	1	1	-1.422
39	5	1.51	1	1	-0.2025
39	5	5.581	1	1	-0.2025
39	5	0.7964	0	0	-0.8705
39	5	1.076	1	0	-0.2598
39	5	0.7182	1	1	-0.6446
39	5	1.776	1	0	0.6488
39	5	0.778	0	0	-0.5076
39	5	1.608	0	0	0.537
39	5	0.9885	0	0	0.8217
39	5	5.573	1	1	-2.549
39	5	0.2721	0	1	-0.7922
39	5	2.043	0	0	-0.9521
39	5	0.5315	0	1	-0.7922
39	5	0.1952	1	1	0.9495
39	5	0.176	0	0	-0.147
39	5	0.3807	1	0	0.2478
39	5	1.922	0	0	0.7544
39	5	1.007	0	0	-0.3188
39	5	5.538	1	1	-2.549
39	5	2.027	1	1	-0.7922
39	5	1.225	1	1	-0.5749
39	5	2.103	1	1	0.1565
39	5	5.476	1	1	-0.717
39	5	0.1334	0	1	-1.772
39	5	1.057	0	0	-0.3188
39	5	0.4074	1	1	1.155
39	5	5.227	0	0	-0.9521
39	5	5.589	1	1	-2.367
39	5	1.009	0	0	1.438
39	5	0.1104	0	0	1.315
40	6	0.8459	0	0	1.365
40	6	1.026	1	1	1.098
40	6	3.585	1	1	-0.9521
40	6	0.04352	1	0	0.7883
40	6	0.824	1	1	0.2478
40	6	3.505	1	1	-0.7922
40	6	0.5852	1	0	-0.09293
40	6	0.4372	1	0	1.098
40	6	0.3903	0	1	-0.2598
40	6	0.08502	0	0	0.6846
40	6	0.344	1	0	-0.6446
40	6	0.9767	0	0	-0.6446
40	6	0.3595	0	0	-0.717
40	6	0.009783	1	0	-0.7922
40	6	3.52	1	1	-0.147
40	6	0.006059	0	0	-1.648
40	6	0.1309	1	1	0.6488
40	6	3.362	1	1	0.9184
40	6	0.2293	1	0	-0.04039
40	6	0.5212	1	1	1.209
40	6	0.4902	1	1	0.1091
40	6	0.1742	0	0	-1.772
40	6	0.1035	0	0	-0.09293
40	6	0.7576	0	0	0.4184
40	6	3.726	0	0	0.06057
40	6	0.08093	0	1	-0.717
40	6	0.4263	1	0	-0.7922
40	6	0.5316	0	1	-0.5749
40	6	0.2399	0	0	-0.5749
40	6	0.192	0	1	0.8867
40	6	3.41	1	1	-0.5749
40	6	0.7458	1	0	-0.7922
40	6	0.1929	1	1	1.127
40	6	3.753	1	1	-1.532
40	6	0.735	0	1	-0.6446
40	6	0.309	1	1	-0.3188
40	6	0.01997	1	0	0.2478
40	6	3.613	0	0	-0.8705
40	6	3.786	0	1	0.8867
40	6	0.4225	0	1	0.1091
40	6	0.06218	0	1	-0.4426
40	6	0.3072	0	1	-0.6446
40	6	3.761	0	0	-1.037
40	6	0.2733	0	1	0.537
40	6	0.5622	0	1	-0.8705
40	6	0.7856	0	1	1.263
40	6	0.6584	0	1	0.7198
40	6	0.3034	1	0	0.7883
40	6	0.6934	1	1	-0.8705
40	6	0.04523	1	0	0.2919
41	6	3.624	0	0	-0.147
41	6	0.3537	0	1	0.2027
41	6	0.8922	0	0	1.209
41	6	3.483	1	1	-1.318
41	6	0.1535	0	1	0.06057
41	6	0.3886	1	1	-1.127
41	6	0.6812	1	1	-0.147
41	6	0.2175	1	1	-0.5076
41	6	0.05201	1	0	-1.037
41	6	0.4878	1	1	0.8217
41	6	0.8381	0	0	0.2919
41	6	1.065	0	0	-0.7922
41	6	0.4785	1	0	0.335
41	6	0.4551	0	1	-1.422
41	6	0.3408	1	0	0.8867
41	6	0.5336	1	1	-0.5076
41	6	0.5986	0	1	0.4983
41	6	3.775	1	1	-0.6446
41	6	0.1015	0	1	1.621
41	6	0.723	0	1	1.04
41	6	0.8657	1	0	0.2478
41	6	1.138	0	0	-0.7922
41	6	0.3129	0	0	-0.147
41	6	0.5184	1	1	-0.6446
41	6	3.617	1	1	-1.318
41	6	0.3098	0	0	-1.037
41	6	3.381	0	0	-1.318
41	6	1.21	0	1	0.1091
41	6	1.007	1	1	-1.422
41	6	0.11	0	0	0.2027
41	6	0.3234	1	0	-0.9521
41	6	0.1601	0	1	-0.9521
41	6	0.003061	0	1	-0.3188
41	6	0.3475	1	1	-0.2598
41	6	3.27	0	0	0.4184
41	6	1.028	0	0	1.706
41	6	0.5044	1	1	-1.037
41	6	0.3303	1	1	-0.04039
41	6	0.2415	0	0	0.7198
41	6	0.8607	0	1	-1.422
41	6	0.9656	0	1	-1.904
41	6	3.984	1	1	-1.037
41	6	3.712	0	0	-0.2598
41	6	0.3078	1	0	0.537
41	6	0.3786	0	1	0.8867
41	6	0.1238	1	0	0.6846
41	6	0.00847	0	1	0.6846
41	6	3.924	1	1	-2.046
41	6	3.555	1	1	-0.7922
41	6	0.5703	1	1	-0.7922
42	6	3.846	0	1	0.7883
42	6	0.9458	0	1	1.555
42	6	1.092	1	1	-0.3188
42	6	0.06039	1	1	-0.9521
42	6	0.2366	0	1	1.01
42	6	3.788	1	1	-1.22
42	6	0.4951	1	0	-0.9521
42	6	1.006	1	1	-1.037
42	6	3.669	0	0	-0.8705
42	6	3.483	1	1	-0.7922
42	6	0.2982	1	0	-1.037
42	6	0.1403	1	1	-0.147
42	6	0.0339	1	0	1.04
42	6	0.7288	0	0	-1.037
42	6	3.509	0	0	-0.7922
42	6	0.05694	0	1	0.2919
42	6	0.2329	0	1	2.294
42	6	0.4417	1	0	-0.2598
42	6	0.7411	0	0	1.315
42	6	3.554	0	0	-1.22
42	6	3.887	0	0	-0.7922
42	6	0.06922	0	0	0.2027
42	6	0.3646	0	1	1.599
42	6	0.5	1	0	-1.22
42	6	0.1849	0	1	-1.037
42	6	0.4551	1	1	-0.3188
42	6	0.6901	0	0	0.4184
42	6	0.1101	0	1	0.335
42	6	0.2504	1	1	0.06057
42	6	0.3757	0	0	0.7883
42	6	0.6094	1	1	-0.8705
42	6	0.9851	0	0	-0.147
42	6	1.092	1	1	-0.5076
42	6	3.539	0	0	-0.9521
42	6	0.2616	1	0	-0.7922
42	6	3.351	0	0	-1.22
42	6	0.1657	0	0	1.04
42	6	0.7394	0	0	0.1091
42	6	0.5741	1	0	0.2027
42	6	0.7338	1	1	-1.532
42	6	0.2327	1	0	0.2919
42	6	0.01565	1	0	-0.2598
42	6	0.6876	1	1	-1.772
42	6	0.2998	0	1	-1.772
42	6	0.2953	1	0	0.7544
42	6	0.1796	1	0	-0.147
42	6	0.4254	1	0	0.6122
42	6	0.3608	1	1	-1.532
42	6	3.64	1	1	-1.422
42	6	0.1299	1	0	0.7198
43	6	0.329	1	1	1.098
43	6	3.736	1	1	-0.5749
43	6	0.5863	1	0	2.216
43	6	0.7937	1	1	1.438
43	6	0.4857	0	1	-0.4426
43	6	0.6578	1	0	0.3771
43	6	0.9161	0	1	-0.2025
43	6	3.663	1	1	-1.772
43	6	0.07383	1	0	0.06057
43	6	0.9073	0	1	0.1091
43	6	0.1836	0	0	0.335
43	6	3.502	0	0	0.2478
43	6	1.044	1	1	-0.3797
43	6	0.09562	1	1	1.486
43	6	0.2276	0	0	0.4588
43	6	0.1334	1	1	0.9802
43	6	4.024	1	1	-2.549
43	6	0.763	0	1	-1.318
43	6	3.812	0	0	-1.22
43	6	0.356	1	1	-0.9521
43	6	0.4773	1	1	-0.7922
43	6	0.293	0	1	-0.2598
43	6	0.1939	0	1	-0.9521
43	6	0.08171	0	0	-0.9521
43	6	0.6465	1	1	-0.5076
43	6	0.2289	1	0	-0.3188
43	6	0.2187	0	1	-0.2598
43	6	3.773	0	0	-1.22
43	6	3.567	1	1	-0.9521
43	6	0.5012	0	0	1.438
43	6	0.1038	1	1	-2.367
43	6	3.949	1	1	-1.037
43	6	0.1722	0	0	-0.2598
43	6	0.05103	1	0	-0.4426
43	6	3.962	1	1	-1.532
43	6	1.066	1	1	-1.532
43	6	0.2061	0	0	-2.751
43	6	0.2788	0	1	-2.549
43	6	0.3444	0	0	-0.2025
43	6	0.8978	1	0	-0.2025
43	6	0.2692	0	1	0.2919
43	6	0.5525	0	0	-1.532
43	6	0.7128	1	1	1.04
43	6	0.1836	1	1	-2.2
43	6	0.05084	0	1	-1.22
43	6	0.7445	1	1	-1.772
43	6	0.1793	1	1	-1.037
43	6	0.6412	0	0	0.06057
43	6	3.562	1	1	-2.549
43	6	0.05727	1	0	0.4588
44	6	3.63	1	1	-0.717
44	6	3.681	1	1	-1.532
44	6	0.2086	0	0	0.01075
44	6	0.1601	1	1	-2.2
44	6	3.655	1	1	-1.772
44	6	0.6625	0	0	-2.549
44	6	0.2189	0	0	-0.6446
44	6	1.066	1	0	-0.6446
44	6	1.138	0	0	-1.422
44	6	0.4662	0	0	-0.3188
44	6	0.3783	0	1	-0.5749
44	6	0.8089	1	1	-1.22
44	6	0.6143	1	1	1.555
44	6	0.3032	0	0	-0.04039
44	6	0.0858	0	0	-0.3188
44	6	0.1118	1	0	-0.717
44	6	0.3405	0	1	-2.046
44	6	0.4012	1	1	-0.9521
44	6	0.05422	1	0	-0.04039
44	6	0.2397	0	0	1.209
44	6	3.729	0	1	-0.4426
44	6	0.9776	0	1	-0.7922
44	6	1.13	1	1	-0.4426
44	6	0.1188	0	1	1.509
44	6	0.3771	0	0	0.8867
44	6	0.2684	1	1	-1.904
44	6	0.008424	0	1	-0.9521
44	6	0.2474	1	1	-0.2598
44	6	0.4923	1	1	-0.4426
44	6	0.3758	1	1	-0.4426
44	6	3.833	0	0	-2.367
44	6	1.245	0	0	-0.8705
44	6	3.415	1	1	-0.717
44	6	3.89	1	1	-0.04039
44	6	0.2739	0	0	-1.422
44	6	1.111	0	1	0.01075
44	6	0.7689	1	1	-1.037
44	6	0.3381	0	0	-0.3188
44	6	3.147	1	1	-0.6446
44	6	0.1146	0	0	0.1565
44	6	0.859	1	1	-0.3797
44	6	3.57	1	1	-1.648
44	6	0.4143	0	0	-0.5076
44	6	0.7656	0	0	-1.127
44	6	0.6251	0	0	0.7198
44	6	0.7306	1	1	-2.549
44	6	0.3174	0	1	0.6488
44	6	3.474	1	1	-1.22
44	6	0.041	0	0	-0.7922
44	6	0.5223	1	1	0.7544
45	6	0.1156	1	1	-0.6446
45	6	3.47	1	1	-0.5076
45	6	0.09414	1	0	0.537
45	6	0.03742	0	0	-0.6446
45	6	0.8043	0	0	0.7883
45	6	0.586	1	1	0.01075
45	6	1.139	1	0	-1.22
45	6	3.742	0	0	-1.037
45	6	0.352	0	1	0.537
45	6	0.9257	1	1	-0.2598
45	6	0.3548	1	0	-2.2
45	6	0.3844	1	1	0.7198
45	6	0.7349	0	0	1.098
45	6	0.5015	1	1	-0.3188
45	6	3.93	0	0	-0.3797
45	6	1.183	0	1	0.335
45	6	0.007783	0	1	-0.9521
45	6	0.1533	0	0	0.7883
45	6	0.3363	0	0	0.8217
45	6	3.769	1	1	-1.037
45	6	0.1861	1	0	-0.4426
45	6	0.422	0	1	1.599
45	6	3.662	1	1	-1.772
45	6	0.6662	1	1	1.098
45	6	0.06384	1	1	0.9495
45	6	0.1896	0	0	0.06057
45	6	0.6626	1	1	-2.046
45	6	3.768	0	0	-1.422
45	6	0.7846	0	0	-0.5749
45	6	0.6458	1	1	-0.717
45	6	0.08216	1	1	-1.127
45	6	0.4035	1	1	-0.6446
45	6	3.747	1	1	-0.9521
45	6	0.3465	0	1	-0.4426
45	6	0.3566	0	1	1.127
45	6	0.4389	1	1	-0.147
45	6	0.3156	1	0	0.4588
45	6	3.669	1	1	-1.648
45	6	0.415	0	0	0.1565
45	6	0.4796	0	0	0.8867
45	6	0.4119	0	0	0.1091
45	6	0.3638	1	1	-0.3188
45	6	1.242	0	1	-0.147
45	6	0.949	0	1	-0.3188
45	6	0.2382	1	1	-1.037
45	6	0.9565	0	0	-0.147
45	6	3.539	0	0	-1.648
45	6	0.7878	1	1	1.289
45	6	0.3381	0	0	0.537
45	6	3.841	0	0	-0.7922
46	6	0.447	1	1	-0.2598
46	6	3.418	0	0	-0.04039
46	6	0.3005	1	0	-0.7922
46	6	0.1529	1	1	-0.2598
46	6	0.03122	0	1	1.098
46	6	0.06394	0	1	0.8867
46	6	1.181	0	1	1.127
46	6	3.659	1	1	-1.772
46	6	0.09165	1	1	1.414
46	6	0.06632	0	1	-0.6446
46	6	0.2115	0	0	0.06057
46	6	1.026	0	1	0.335
46	6	3.777	0	0	-0.3797
46	6	0.5346	0	1	-0.5076
46	6	0.3709	1	1	-1.772
46	6	1.323	0	1	-0.8705
46	6	0.3642	0	0	0.6488
46	6	1.293	0	0	-0.6446
46	6	0.09211	1	0	0.6122
46	6	0.3353	1	1	-1.22
46	6	0.7311	1	1	-0.147
46	6	0.1726	1	0	1.748
46	6	0.4623	1	0	1.365
46	6	0.0911	1	1	-0.5749
46	6	0.5786	0	1	-0.4426
46	6	3.784	0	0	-1.648
46	6	0.4076	0	0	1.509
46	6	3.756	1	1	-3.233
46	6	0.08289	1	1	-0.147
46	6	0.01595	0	1	-1.772
46	6	3.549	1	1	-2.046
46	6	0.2893	0	1	0.537
46	6	3.999	1	1	-1.772
46	6	1.109	0	0	-0.5749
46	6	0.1148	0	1	-1.318
46	6	0.5395	1	1	-0.717
46	6	0.5657	1	0	-0.7922
46	6	0.4186	0	0	0.6122
46	6	0.9307	1	1	-1.532
46	6	0.8206	1	0	-0.3188
46	6	3.725	1	1	-1.904
46	6	3.638	0	1	-0.3188
46	6	0.2001	1	1	0.1565
46	6	0.8942	1	1	-1.318
46	6	0.2388	1	0	0.8867
46	6	0.5795	0	1	-0.717
46	6	0.07424	0	1	-0.7922
46	6	0.1188	0	1	-0.9521
46	6	0.7607	1	1	0.9495
46	6	4.128	1	1	-1.772
47	6	0.05373	1	1	0.06057
47	6	0.9579	0	1	1.04
47	6	0.08307	1	1	1.577
47	6	0.2744	0	0	1.643
47	6	0.05185	1	1	0.537
47	6	0.2352	1	1	-0.7922
47	6	0.01062	1	1	-0.6446
47	6	0.1309	0	1	-0.4426
47	6	0.2897	1	1	-0.6446
47	6	0.9626	0	1	-0.7922
47	6	0.3907	0	1	0.7198
47	6	0.5672	1	1	-0.9521
47	6	3.437	1	1	-1.127
47	6	0.1388	1	1	-0.3188
47	6	0.3972	1	1	-0.3797
47	6	0.3389	1	1	-0.4426
47	6	3.548	1	1	-0.2598
47	6	3.418	0	0	-2.2
47	6	0.979	0	1	0.4184
47	6	0.1146	0	0	0.537
47	6	0.2008	1	1	1.236
47	6	0.8331	0	0	0.2027
47	6	3.636	0	0	-2.046
47	6	0.9817	0	0	-0.7922
47	6	1.115	0	0	0.8867
47	6	3.582	1	1	-1.532
47	6	3.714	0	0	-0.717
47	6	0.01751	1	1	0.6488
47	6	0.4439	1	0	0.4588
47	6	0.6683	1	0	1.182
47	6	0.7688	1	1	-0.2025
47	6	0.07134	0	1	0.1091
47	6	0.0971	1	0	-0.04039
47	6	3.269	1	1	-1.772
47	6	0.6674	1	1	-0.5749
47	6	3.232	1	1	-1.532
47	6	3.53	1	1	-1.037
47	6	3.547	0	0	1.599
47	6	0.06736	1	1	-0.3188
47	6	0.2147	1	0	1.555
47	6	0.9204	0	0	0.8217
47	6	0.03613	1	0	1.768
47	6	0.1626	0	1	1.866
47	6	0.5162	0	0	-0.3797
47	6	1.062	1	0	1.39
47	6	0.1965	1	1	-0.3797
47	6	0.332	0	0	1.96
47	6	0.4814	1	1	-1.422
47	6	0.8968	1	1	-0.147
47	6	0.3453	0	1	0.1091
48	6	0.02161	1	1	-1.037
48	6	0.4013	1	1	-0.2598
48	6	0.2537	1	1	-0.09293
48	6	0.7126	0	0	1.263
48	6	1.004	0	0	-0.2598
48	6	0.4068	1	1	-1.422
48	6	0.3953	1	1	0.06057
48	6	0.1524	0	0	0.1091
48	6	3.96	0	1	-0.3188
48	6	0.1052	1	1	-0.3188
48	6	0.811	0	1	-0.09293
48	6	0.9624	1	1	-0.147
48	6	0.06924	1	1	-1.037
48	6	0.07691	0	0	1.438
48	6	3.452	1	1	-1.772
48	6	3.741	0	0	-0.4426
48	6	0.2471	0	1	0.01075
48	6	0.004627	0	0	0.1091
48	6	1.049	0	0	-0.2025
48	6	0.5607	1	0	1.788
48	6	0.943	0	0	0.2919
48	6	3.562	1	1	-3.529
48	6	0.06853	1	0	0.2919
48	6	0.3707	0	1	-0.7922
48	6	0.3768	0	0	0.537
48	6	0.009952	1	0	1.509
48	6	0.2825	0	1	-2.977
48	6	0.2222	1	0	0.4184
48	6	0.7121	1	0	-0.04039
48	6	3.891	0	0	-1.22
48	6	0.01736	1	0	1.263
48	6	0.9905	1	0	1.209
48	6	0.2592	0	0	1.069
48	6	0.4706	0	1	-1.318
48	6	3.607	0	0	-1.772
48	6	0.09393	1	1	1.236
48	6	0.7755	1	1	-0.3188
48	6	0.4109	1	1	-1.904
48	6	0.4009	1	1	0.2027
48	6	0.04126	1	1	0.9802
48	6	0.1355	0	1	0.8867
48	6	3.85	1	1	-1.422
48	6	3.745	0	0	-0.7922
48	6	0.2876	0	0	0.7198
48	6	0.2033	1	0	-0.7922
48	6	0.2334	0	1	-1.22
48	6	0.438	0	1	0.8217
48	6	1.254	0	1	0.7883
48	6	3.629	1	1	-1.22
48	6	3.284	0	0	-0.7922
49	6	0.09638	0	1	-0.5749
49	6	3.668	1	1	-1.422
49	6	0.4757	1	1	-0.3797
49	6	0.3227	0	1	-1.318
49	6	0.08577	0	1	1.486
49	6	0.491	0	0	-0.7922
49	6	0.01522	0	0	0.01075
49	6	3.726	0	0	-0.6446
49	6	0.118	0	1	1.828
49	6	0.02858	0	1	0.2027
49	6	0.7737	0	1	1.01
49	6	1.108	0	1	0.1565
49	6	0.1524	0	0	1.577
49	6	0.3736	1	1	0.2919
49	6	0.3055	0	1	-1.772
49	6	0.4459	1	1	-0.7922
49	6	1.169	1	1	-0.147
49	6	3.608	0	0	1.069
49	6	0.5072	1	0	0.2478
49	6	0.8726	0	0	1.315
49	6	0.06784	0	1	0.335
49	6	0.5505	1	1	-0.9521
49	6	0.5306	1	1	-0.2598
49	6	0.1642	1	1	1.01
49	6	0.02603	1	1	1.315
49	6	0.8198	0	0	-1.648
49	6	3.765	1	1	-1.22
49	6	0.7729	0	0	0.2919
49	6	3.536	1	1	-1.422
49	6	0.1437	0	1	-1.037
49	6	0.9365	0	1	0.4588
49	6	0.2829	1	0	1.209
49	6	0.2344	0	0	1.263
49	6	0.2404	0	1	1.155
49	6	1.128	0	0	1.263
49	6	0.0476	0	0	0.335
49	6	0.5067	0	1	0.575
49	6	0.2559	1	0	1.414
49	6	0.07607	1	0	0.3771
49	6	3.465	0	0	-1.532
49	6	0.3016	0	0	-0.04039
49	6	3.604	0	0	-0.4426
49	6	3.573	1	1	-1.037
49	6	0.01283	1	1	-1.772
49	6	3.416	1	1	-1.22
49	6	1.057	1	1	-0.4426
49	6	0.03202	1	0	0.9184
49	6	0.04094	0	0	-0.4426
49	6	3.564	0	0	-0.8705
49	6	0.8963	1	0	-0.4426
