0	2	5.362	0	0	1.117	-0.7752
0	2	3.788	1	1	-1.384	-1.935
0	2	3.503	0	0	-0.006039	-0.02606
0	2	5.797	0	0	-1.129	-0.08528
0	2	5.361	0	0	-0.9716	-0.4055
0	2	1.141	0	1	-1.192	-1.165
0	2	1.793	1	1	-0.4727	0.3768
0	2	3.661	1	1	-0.4707	0.3768
0	2	0.5034	1	1	-0.6425	1.308
0	2	5.326	1	1	-1.181	-0.8155
0	2	0.243	0	0	-0.08647	0.1159
0	2	3.821	0	0	-0.9339	-1.31
0	2	0.4563	1	1	-0.5242	-0.8565
0	2	3.377	1	1	0.3651	1.438
0	2	0.8234	0	1	-1.566	-1.361
0	2	1.794	0	1	-0.9013	-1.028
0	2	1.132	0	1	0.8229	0.3015
0	2	5.017	1	0	-0.9053	-0.6204
0	2	0.9029	0	0	0.4373	1.079
0	2	0.5088	0	0	-0.714	0.6121
0	2	6.037	1	1	-0.4225	-0.475
0	2	0.1551	1	0	-0.7358	1.806
0	2	0.4786	1	1	0.05999	-0.475
0	2	2.205	0	0	0.9828	2.685
0	2	1.083	0	0	-0.9745	0.3015
0	2	3.739	1	1	-0.8615	-0.8155
0	2	5.159	1	0	-0.4614	0.4737
0	2	1.252	1	0	-0.2123	1.004
0	2	0.2375	0	1	0.2765	-0.3715
0	2	5.175	0	0	0.3989	-0.3715
0	2	0.9372	0	1	-0.5978	-0.1154
0	2	3.571	0	1	-0.6084	1.187
0	2	0.4124	1	0	-0.2577	0.8468
0	2	0.01407	1	0	-1.013	0.7001
0	2	1.832	0	0	0.3863	-1.118
0	2	1.874	1	0	0.8739	-0.5106
0	2	0.242	1	1	0.5554	-1.118
0	2	0.8337	1	1	1.611	1.324
0	2	3.451	1	1	-0.1325	-0.5106
0	2	1.522	0	1	0.6042	0.5439
0	2	0.9626	1	1	1.148	-0.1154
0	2	1.695	0	0	1.072	0.4014
0	2	3.846	1	1	2.176	-0.8155
0	2	1.591	0	1	2.268	0.06011
0	2	1.015	1	1	0.07272	-0.1154
0	2	3.96	1	1	0.5176	-0.02606
0	2	5.342	0	0	0.2852	0.5207
0	2	5.203	0	0	-0.3355	-2.283
0	2	2.003	1	1	0.5043	-0.02606
0	2	2.098	0	1	2.182	2.183
1	2	1.153	0	0	0.9619	1.384
1	2	0.3312	1	1	0.3304	-1.257
1	2	0.1461	1	1	0.9708	0.2591
1	2	5.596	0	0	-0.1277	1.526
1	2	5.519	0	1	1.799	-0.1875
1	2	0.8848	1	1	0.01292	0.3813
1	2	0.4379	1	1	1.129	-0.7956
1	2	3.986	1	1	-0.63	-0.4521
1	2	0.2822	1	1	-1.123	-1.156
1	2	0.3643	0	1	0.3498	1.673
1	2	1.091	0	1	0.1096	-0.1567
1	2	1.706	0	0	0.08299	0.8859
1	2	5.596	1	1	0.7673	1.711
1	2	5.161	0	1	1.331	2.103
1	2	5.35	0	0	-1.224	0.69
1	2	3.766	1	1	1.126	2.504
1	2	0.7604	0	1	0.6943	0.07517
1	2	3.583	1	1	2.081	-0.636
1	2	1.738	1	1	-0.02434	-0.3157
1	2	1.86	1	1	0.5159	-0.1567
1	2	5.361	0	0	-0.2741	-0.3157
1	2	3.663	1	0	0.7842	-1.716
1	2	0.4897	1	1	-0.5974	-0.09629
1	2	3.667	0	0	-0.0329	0.2081
1	2	1.741	0	0	-0.06239	-0.6748
1	2	5.169	0	0	0.2651	-1.716
1	2	1.036	1	0	0.9176	-1.781
1	2	3.27	0	0	-0.1296	-1.257
1	2	2.202	1	1	1.435	0.07517
1	2	1.625	1	1	-1.236	0.1822
1	2	3.506	0	1	0.5239	-1.653
1	2	1.693	0	1	-0.2123	0.1024
1	2	0.5579	1	1	-0.7525	-0.3828
1	2	5.434	1	1	1.738	1.594
1	2	0.7385	0	0	-1.287	-0.7545
1	2	1.918	1	1	0.1763	-0.349
1	2	0.4468	1	0	-1.542	-0.1567
1	2	0.6308	1	0	0.8266	0.1294
1	2	5.428	0	0	1.057	0.3574
1	2	0.7773	0	1	-2.444	-0.5237
1	2	1.77	1	0	-0.04069	-0.2506
1	2	5.442	1	1	2.364	1.882
1	2	0.892	0	0	1.405	-0.06673
1	2	0.4014	0	0	-1.779	-0.3828
1	2	3.885	0	0	1.874	0.3332
1	2	0.5763	0	0	0.1014	-0.6748
1	2	1.26	1	1	-0.3372	0.6276
1	2	3.598	1	1	-1.076	-0.8801
1	2	2.116	0	1	0.5595	0.3088
1	2	4.007	1	1	0.9371	-0.2506
2	2	0.5787	1	1	-1.827	-1.872
2	2	1.953	0	0	0.08184	-1.332
2	2	3.485	1	1	-0.4205	-0.4658
2	2	3.329	1	1	-0.6405	-1.533
2	2	0.6918	0	1	0.304	-1.332
2	2	0.4975	1	1	0.866	-2.063
2	2	0.3591	1	1	2.591	1.346
2	2	1.515	1	1	1.996	-0.3387
2	2	5.357	1	1	0.8858	0.5452
2	2	0.6663	0	1	0.3371	-0.2777
2	2	1.645	0	1	-0.5179	1.389
2	2	0.3958	0	0	-0.02035	0.9461
2	2	3.562	0	0	0.5822	0.607
2	2	2.021	0	0	0.4306	-1.148
2	2	5.409	1	1	0.2939	-0.4014
2	2	1.671	0	0	0.1549	-1.104
2	2	0.888	1	0	-0.641	0.2077
2	2	0.9039	1	0	0.9102	-0.3698
2	2	1.497	0	1	0.5693	-0.308
2	2	5.264	0	0	0.4093	-0.897
2	2	0.814	0	1	-0.7706	-0.8577
2	2	5.39	1	0	1.49	0.8016
2	2	4.853	0	0	2.101	-0.4988
2	2	5.327	1	0	-1.129	-0.6356
2	2	0.9204	1	1	-1.026	-1.104
2	2	0.7711	0	1	0.6426	0.998
2	2	3.401	0	1	-0.6021	-0.104
2	2	0.2185	0	0	-0.448	-0.1604
2	2	0.5998	0	1	0.124	0.004763
2	2	0.576	0	0	-0.596	-0.8577
2	2	3.405	1	1	-0.1394	-0.3698
2	2	5.498	0	0	0.1377	-1.019
2	2	3.59	1	0	1.143	-0.07632
2	2	3.62	0	1	-0.01328	1.502
2	2	0.7044	0	1	-0.7841	1.271
2	2	1.761	0	1	-0.4663	0.8569
2	2	0.9847	1	1	1.098	1.404
2	2	1.934	1	1	0.93	2.13
2	2	0.4189	1	1	0.6292	0.764
2	2	0.8891	0	1	0.7846	-0.6006
2	2	5.372	0	0	0.1554	0.1833
2	2	3.544	1	1	0.679	-0.2777
2	2	5.489	1	1	1.194	-0.5661
2	2	0.7143	0	1	1.801	1.488
2	2	1.778	1	1	1.491	0.1085
2	2	2.076	1	0	0.5526	1.316
2	2	5.312	1	1	2.29	0.3715
2	2	3.451	0	1	-0.1881	0.566
2	2	3.181	1	1	0.2199	1.924
2	2	0.5351	1	0	-0.5469	-0.1604
3	2	3.882	0	0	0.61	-2.054
3	2	0.3068	0	1	0.616	-0.2834
3	2	5.507	0	0	0.4373	0.8307
3	2	3.314	1	1	1.105	-0.2834
3	2	5.329	1	1	-0.2237	-0.6902
3	2	0.9244	0	0	1.265	-0.2169
3	2	2.212	1	0	0.9262	-1.58
3	2	1.904	1	1	0.6512	-0.8156
3	2	3.701	0	0	1.313	-1.19
3	2	1.139	0	0	0.3695	0.7689
3	2	1.611	1	0	0.9528	0.8307
3	2	3.383	1	1	0.6444	-0.02868
3	2	2.146	0	1	-1.253	-0.387
3	2	0.8687	0	1	-0.9254	-0.4959
3	2	1.801	1	1	0.9983	0.9105
3	2	5.792	1	1	0.6474	2.269
3	2	5.506	0	0	0.6253	0.4307
3	2	0.716	0	0	1.548	1.477
3	2	0.4853	0	0	0.2051	-0.3519
3	2	0.8585	0	1	-1.445	1.384
3	2	3.252	0	0	-0.08609	0.1446
3	2	0.7526	1	0	-0.1478	-1.042
3	2	3.293	1	1	-1.662	-0.1208
3	2	3.868	0	0	-0.1596	-0.2499
3	2	1.803	1	1	0.2994	-0.2169
3	2	0.7561	1	1	-0.5017	-1.19
3	2	0.9003	1	1	1.451	1.169
3	2	0.6725	0	1	0.5149	-1.294
3	2	5.48	1	1	-0.5494	0.05968
3	2	0.07116	0	1	-0.7238	-0.3174
3	2	5.178	0	1	1.584	1.652
3	2	0.4384	1	1	0.2651	-1.09
3	2	5.535	0	1	1.07	1.186
3	2	5.368	1	1	-1.294	-1.09
3	2	5.251	1	1	1.078	-1.294
3	2	0.6786	1	1	-0.4196	-1.461
3	2	2.083	0	1	0.5876	0.5261
3	2	0.4468	0	1	0.7792	1.025
3	2	1.817	0	1	0.1109	1.927
3	2	1.122	1	1	1.446	0.05968
3	2	3.174	1	1	0.4373	-0.387
3	2	1.526	1	1	-0.3015	-0.9033
3	2	3.596	0	1	1.133	0.6837
3	2	3.92	1	0	-0.2341	-0.387
3	2	0.8903	0	1	0.2967	1.747
3	2	0.5754	0	1	0.162	0.2793
3	2	0.6833	1	0	-5.161	0.3052
3	2	0.1422	0	1	0.3776	-0.459
3	2	5.625	1	1	-1.33	-0.773
3	2	1.738	1	0	-0.9091	0.9875
4	2	0.5507	1	0	-0.7926	-0.4278
4	2	0.2455	1	1	1.315	0.2201
4	2	5.467	1	1	-1.698	0.4152
4	2	0.6042	1	1	0.4616	-0.2629
4	2	0.6727	0	1	0.1319	0.2953
4	2	5.234	1	1	1.473	0.03394
4	2	3.372	0	0	1.531	0.4841
4	2	1.877	1	1	-0.304	-0.1094
4	2	1.903	0	1	-0.7848	-1.014
4	2	0.7516	0	0	1.881	1.425
4	2	5.413	0	0	0.9553	-1.459
4	2	1.076	1	0	1.93	-0.1094
4	2	3.74	1	1	-0.7659	0.7399
4	2	1.949	0	0	-0.0604	-0.5694
4	2	1.633	1	1	-1.934	-1.352
4	2	5.564	0	1	-0.1989	1.622
4	2	3.853	0	0	0.5753	-1.63
4	2	3.751	1	1	0.004766	0.3918
4	2	0.5289	0	1	0.8823	1.075
4	2	1.551	0	0	-0.8054	-1.105
4	2	0.4307	1	0	0.6754	-0.7602
4	2	1.317	1	1	0.1792	-1.105
4	2	0.5053	0	1	2.981	1.075
4	2	3.768	0	1	-0.2119	0.6369
4	2	0.7711	0	1	1.235	-0.3604
4	2	3.253	0	0	0.5322	-0.3938
4	2	3.563	0	1	2.366	2.31
4	2	0.4666	1	1	-0.3999	-0.9692
4	2	1.163	1	0	0.7453	-0.05096
4	2	1.961	0	1	0.9073	-0.4278
4	2	1.296	1	1	0.2047	-0.1393
4	2	1.954	0	1	1.418	2.916
4	2	0.8391	1	1	-0.1532	-0.3604
4	2	3.697	1	1	-0.3522	-1.014
4	2	1.796	0	1	0.6314	-0.6819
4	2	5.626	1	1	-0.9445	-0.4975
4	2	0.4346	0	1	0.5502	2.25
4	2	5.616	0	0	0.6357	-0.8414
4	2	3.867	0	0	1.348	0.4152
4	2	0.5364	1	0	1.975	1.351
4	2	3.238	1	1	0.9002	-0.8005
4	2	5.277	1	1	-0.2035	-1.014
4	2	1.025	0	1	1.3	-0.6819
4	2	0.4532	0	1	0.353	-0.6062
4	2	5.012	1	1	0.7439	-0.7207
4	2	0.8242	1	1	1.249	0.3441
4	2	5.385	0	0	0.9559	0.1157
4	2	0.8987	0	0	1.56	1.143
4	2	0.9697	0	0	0.6993	0.6993
4	2	5.543	1	0	1.741	-0.4975
5	2	0.7681	0	1	0.9384	1.595
5	2	1.835	1	1	0.07209	-0.5219
5	2	0.7508	0	1	0.5427	0.557
5	2	5.987	1	1	-1.723	0.05861
5	2	3.608	1	1	0.2688	-1.041
5	2	1.254	1	1	-0.9943	-0.5219
5	2	0.934	1	1	-0.8912	0.1056
5	2	1.984	0	1	0.1207	-1.22
5	2	0.98	1	0	-1.304	0.2398
5	2	1.09	0	1	0.3268	0.5751
5	2	3.997	0	1	-0.4978	-0.7635
5	2	3.267	1	1	0.65	-1.128
5	2	1.778	1	1	1.171	-0.9169
5	2	5.721	0	1	1.185	1.841
5	2	1.246	1	0	0.2578	-0.06422
5	2	0.2771	0	1	0.1247	0.646
5	2	0.6835	0	0	0.5977	1.574
5	2	0.6684	1	0	0.1587	1.009
5	2	0.8726	0	0	0.6945	-0.4898
5	2	5.25	0	0	-0.3893	-0.6561
5	2	1.74	0	0	0.06675	-0.9169
5	2	1.8	1	0	0.3238	-0.9986
5	2	5.302	1	1	0.3797	-1.366
5	2	4.981	1	1	-0.7547	-1.471
5	2	0.358	0	1	-0.1584	-0.3665
5	2	1.734	0	1	1.616	1.037
5	2	5.313	0	0	-0.7959	0.1739
5	2	0.6582	0	0	1.032	-1.041
5	2	4.195	0	0	0.8865	-0.4898
5	2	2.064	0	0	0.9472	-1.128
5	2	0.3331	0	1	0.7659	-0.1157
5	2	0.1645	1	0	1.486	1.717
5	2	2.31	1	1	0.0126	-0.727
5	2	0.6905	0	0	1.475	-1.174
5	2	1.687	1	1	1.459	0.6109
5	2	0.6577	0	0	-0.1012	1.12
5	2	3.532	1	0	0.86	1.931
5	2	5.447	0	0	1.08	0.8282
5	2	0.7679	1	1	2.718	1.991
5	2	4.918	1	1	-1.079	0.1961
5	2	0.9137	0	0	0.9238	0.3448
5	2	0.571	1	1	-0.5365	-0.4582
5	2	0.795	1	1	-2.061	-1.471
5	2	5.288	0	0	-0.5363	-0.3966
5	2	3.94	0	1	-0.07157	2.13
5	2	3.866	0	0	1.522	0.4826
5	2	5.393	1	1	0.1589	-0.8774
5	2	3.282	1	1	1.352	-0.2509
5	2	3.588	1	1	0.6966	0.05861
5	2	3.236	1	1	0.2677	-0.2509
6	2	0.8728	0	1	1.767	0.338
6	2	5.138	0	1	-0.5448	-0.3961
6	2	0.5351	1	1	-0.2118	-1.395
6	2	5.534	0	0	-0.7503	-0.5574
6	2	5.025	1	1	-1.101	-1.395
6	2	1.647	1	1	1.483	1.657
6	2	0.3785	1	1	0.5202	0.406
6	2	0.3013	1	1	0.3306	-0.5295
6	2	0.3981	1	1	-0.3221	1.26
6	2	0.805	0	1	0.0904	-1.072
6	2	5.342	0	1	1.106	0.741
6	2	0.6244	0	1	-0.4889	-0.9292
6	2	3.587	0	1	0.3417	-0.2717
6	2	5.15	0	0	1.138	-1.395
6	2	0.6281	1	0	1.492	0.9139
6	2	1.843	1	1	1.369	0.5349
6	2	5.54	0	0	0.3812	-0.5857
6	2	0.03182	0	1	0.9225	-0.6436
6	2	1.013	0	1	1.397	1.25
6	2	1.972	1	1	1.34	0.8754
6	2	1.166	1	0	0.873	1.441
6	2	3.605	0	0	0.1375	0.2126
6	2	0.3055	0	1	1.073	-1.44
6	2	5.315	0	0	-1.092	-1.485
6	2	3.681	0	0	0.3899	1.46
6	2	3.788	0	0	1.038	-1.309
6	2	3.633	0	0	1.581	0.231
6	2	3.537	1	0	-0.467	0.9515
6	2	0.4345	0	0	-0.002303	-1.532
6	2	0.3758	1	1	2.048	0.09794
6	2	3.906	1	1	0.1745	-0.2242
6	2	2.203	1	1	-0.0704	-1.395
6	2	4.153	0	0	-0.3227	-0.7034
6	2	3.544	1	1	-0.03998	1.218
6	2	5.344	0	0	0.1528	0.8228
6	2	1.82	1	1	-0.01889	1.596
6	2	0.7675	1	1	-0.0941	-0.2717
6	2	0.9298	1	1	1.111	-0.3454
6	2	1.605	0	1	1.545	-0.3706
6	2	1.907	1	1	1.603	0.6988
6	2	1.064	0	1	-0.1992	-0.9292
6	2	5.494	1	1	0.712	-0.734
6	2	3.248	0	1	0.9604	2.025
6	2	1.816	1	1	-1.605	-0.2959
6	2	0.6868	0	1	-0.4476	1.57
6	2	0.8482	1	0	-2.954	0.2126
6	2	1.956	1	1	0.6083	-0.2009
6	2	1.582	1	1	2.028	1.152
6	2	1.143	1	0	-0.7732	-0.3961
6	2	5.576	0	0	-0.4422	-0.8618
7	2	0.3307	0	0	2.072	-0.4851
7	2	0.9458	0	0	-0.03211	-1.38
7	2	1.814	1	0	1.589	-2.945
7	2	1.731	1	1	-0.5624	-1.041
7	2	0.9172	0	1	-0.09603	-1.002
7	2	1.622	1	0	0.161	1.694
7	2	5.136	1	1	-0.1462	-0.6927
7	2	4.871	1	1	0.6313	-0.8929
7	2	0.62	0	1	-0.5339	1.646
7	2	0.8597	0	0	0.02448	0.2363
7	2	1.813	1	1	0.49	-0.202
7	2	5.477	0	0	1.473	-0.2747
7	2	0.6182	0	0	1.694	-0.1784
7	2	1.093	1	1	0.007599	-0.7899
7	2	0.5976	1	1	0.4786	-0.8579
7	2	1.53	0	0	1.788	2.282
7	2	1.364	0	1	-1.196	-0.06504
7	2	5.399	0	0	-1.208	0.8892
7	2	3.42	1	1	-2.514	-0.571
7	2	3.316	1	1	1.173	-0.1784
7	2	0.5545	0	0	0.9408	-0.5132
7	2	0.411	0	1	0.1762	0.9144
7	2	3.772	1	1	-0.4914	0.1416
7	2	0.02219	0	1	-0.8544	1.092
7	2	5.233	0	1	-0.2903	1.069
7	2	5.351	0	0	-0.1425	0.2546
7	2	5.519	0	0	1.037	-1.041
7	2	1.755	1	1	-0.2224	-0.1551
7	2	1.103	0	1	0.4252	-0.8579
7	2	5.093	1	1	-0.6633	1.323
7	2	0.7642	0	1	0.788	-0.1551
7	2	1.72	0	0	1.149	0.5245
7	2	5.224	1	1	1.34	0.1609
7	2	2.07	0	0	-0.5267	-1.202
7	2	3.739	1	1	0.904	1.772
7	2	3.927	1	1	-0.6015	-0.6927
7	2	5.327	0	1	0.7383	0.2178
7	2	0.6214	0	1	0.2727	0.3779
7	2	3.541	0	1	0.2133	1.092
7	2	0.8827	1	1	-0.09008	-1.08
7	2	0.8993	1	1	-0.02508	-0.6308
7	2	3.503	1	1	0.2681	-0.1321
7	2	1.006	1	1	-1.255	-0.1095
7	2	3.72	0	0	0.462	0.6305
7	2	3.494	1	1	-0.4565	-0.8929
7	2	0.6794	0	0	1.137	0.5707
7	2	0.7496	0	1	-0.2703	1.868
7	2	0.5505	1	1	2.067	0.7442
7	2	3.677	1	1	-0.4279	-0.4851
8	2	5.59	0	0	1.647	0.7511
8	2	1.845	1	1	0.3651	-0.5059
8	2	0.4838	1	1	0.1351	-0.4422
8	2	0.4645	0	1	0.3136	-0.5059
8	2	1.043	1	1	0.5169	1.434
8	2	3.405	0	1	-0.2071	1.07
8	2	1.47	0	0	0.2519	0.4533
8	2	3.36	0	0	-0.006438	-0.7831
8	2	3.304	0	0	-0.3671	-0.9375
8	2	0.9562	1	0	-0.3819	2.439
8	2	0.2007	1	1	-0.2431	1.971
8	2	0.967	0	0	-2.914	-1.105
8	2	5.139	1	1	0.1615	0.4931
8	2	1.032	1	1	-0.04746	1.01
8	2	0.638	1	1	0.3209	-0.4422
8	2	2.572	0	0	-0.3791	-0.4111
8	2	5.528	1	1	0.6141	-0.4738
8	2	0.08501	0	1	-3.967	-1.149
8	2	5.67	1	1	-0.8348	0.0305
8	2	0.5743	1	0	0.8094	1.932
8	2	1.927	0	0	-0.01883	0.6446
8	2	3.791	1	1	0.6873	-0.2912
8	2	3.378	1	1	0.8373	-0.8978
8	2	0.3324	1	1	-0.2037	-0.1239
8	2	0.2941	0	1	-0.3404	-0.1509
8	2	5.578	0	0	0.2963	0.07944
8	2	3.613	1	1	-0.4426	-0.8588
8	2	1.002	1	1	-0.4102	-0.5717
8	2	3.568	0	0	-0.5851	1.01
8	2	1.931	0	1	-1.578	-0.5717
8	2	0.8113	1	1	0.05491	-0.7463
8	2	0.9752	0	1	0.3416	-0.7831
8	2	3.776	0	1	-0.6023	-0.2339
8	2	1.348	0	1	-0.4336	-0.3503
8	2	0.4536	1	1	1.171	1.32
8	2	0.5516	1	1	0.8985	0.5126
8	2	3.813	1	1	0.3263	-0.4111
8	2	0.8117	0	0	1.583	1.434
8	2	1.974	0	1	-0.6399	2.483
8	2	5.428	0	0	-0.5253	-0.1509
8	2	1.49	1	1	-0.2679	-1.194
8	2	0.3006	1	0	-2.157	-1.653
8	2	1.544	0	1	-0.6241	-0.7831
8	2	5.179	0	0	2.585	-0.4422
8	2	3.572	0	0	-1.205	-0.4111
8	2	1.726	1	1	0.4543	-0.2912
8	2	1.008	0	1	-0.105	-1.194
8	2	5.683	0	1	0.3972	-0.4422
8	2	5.652	0	0	0.8501	1.434
8	2	5.608	1	1	-0.4132	-1.194
9	2	1.96	1	1	-0.305	-0.7901
9	2	3.801	0	0	-0.801	-0.8268
9	2	1.741	0	0	0.08573	-1.539
9	2	5.598	1	1	1.447	0.2052
9	2	3.496	0	1	-0.3099	-0.3972
9	2	5.057	1	1	0.4114	-1.434
9	2	1.366	1	1	-0.8309	-1.15
9	2	5.326	1	1	-0.9073	-1.594
9	2	2.099	0	1	0.2096	-0.04738
9	2	1.109	1	1	-0.7801	2.015
9	2	3.454	0	0	1.267	1.137
9	2	0.7525	0	1	1.149	0.4281
9	2	0.3828	1	1	-1.132	-0.1744
9	2	0.06147	0	1	0.09885	1.001
9	2	3.965	0	0	-0.01715	-0.7901
9	2	1.429	1	1	0.955	0.1396
9	2	0.6992	1	1	-0.6578	-0.4573
9	2	0.9307	1	0	0.1689	-0.04738
9	2	0.3288	0	1	0.811	1.015
9	2	3.759	1	1	0.3759	2.24
9	2	1.159	0	0	-0.2607	1.99
9	2	1.894	1	1	0.6823	0.09458
9	2	5.421	1	1	0.04127	-0.7187
9	2	0.9408	0	1	-1.005	0.04843
9	2	0.543	0	1	0.103	-1.769
9	2	0.6049	1	1	0.1059	0.8844
9	2	1.56	0	1	0.3253	0.1172
9	2	5.501	0	0	1.03	1.758
9	2	0.9638	0	1	-0.2405	-0.09717
9	2	1.968	0	1	0.7308	-0.5511
9	2	0.6085	0	1	-0.1843	-0.3972
9	2	1.323	1	1	0.6945	-0.1226
9	2	0.8729	1	0	1.356	0.8541
9	2	5.506	1	1	-0.3418	-0.8268
9	2	3.696	1	1	0.07739	-0.9025
9	2	3.321	1	1	0.05701	-0.2009
9	2	0.6189	1	1	0.652	-0.4573
9	2	5.579	1	1	0.4613	-1.286
9	2	0.373	1	1	-0.742	-0.9025
9	2	3.704	0	1	-0.2666	0.1836
9	2	0.4367	0	1	1.004	0.1836
9	2	0.1453	1	1	-0.3683	-0.9025
9	2	3.511	0	0	0.8756	-0.7901
9	2	5.374	1	1	-0.1077	-0.04738
9	2	1.053	1	1	0.4736	0.7762
9	2	3.871	0	1	-0.7386	1.252
9	2	5.288	1	1	-1.071	-0.3972
9	2	1.788	0	1	1.071	1.922
9	2	1.488	0	0	-1.607	1.495
9	2	5.075	0	0	-0.4489	-0.1226
10	3	0.6241	0	0	0.9931	-0.7626
10	3	2.031	0	0	0.1663	-1.217
10	3	0.207	0	0	0.1339	-0.4121
10	3	0.9997	1	1	-0.8301	-1.454
10	3	3.124	1	1	0.4	-0.7626
10	3	0.2901	1	1	0.8254	-0.2868
10	3	3.418	1	1	-0.4352	-1.217
10	3	0.4648	0	1	-0.1401	-0.8642
10	3	5.346	1	1	1.493	-1.355
10	3	2.068	0	1	0.2291	-1.507
10	3	1.799	0	1	-0.3807	-1.217
10	3	3.291	1	0	0.9802	1.272
10	3	0.2062	1	1	1.005	0.3056
10	3	0.9146	1	1	0.4882	-0.3608
10	3	3.678	0	1	0.5868	0.1323
10	3	0.4721	1	1	0.1823	0.9522
10	3	5.427	0	1	-0.5465	1.559
10	3	1.771	1	1	0.5687	0.401
10	3	5.303	1	1	-0.5246	-0.5486
10	3	0.8388	0	0	0.5964	1.507
10	3	3.754	1	1	-0.1508	-0.1709
10	3	0.4248	1	1	1.565	0.2214
10	3	1.822	0	0	-0.4755	-0.1053
10	3	0.8609	0	1	1.347	1.949
10	3	3.998	0	0	-0.1502	-1.173
10	3	0.6889	1	0	2.5	1.757
10	3	0.9427	1	1	-1.35	0.8289
10	3	0.3951	1	0	-3.499	-1.735
10	3	0.4192	1	1	-0.9072	1.711
10	3	1.633	0	1	-0.8139	1.559
10	3	3.503	0	0	-0.2424	-0.3111
10	3	3.528	0	0	0.1868	-1.262
10	3	3.658	1	1	2.107	0.6029
10	3	0.5611	0	1	0.9365	0.6029
10	3	5.339	0	0	-0.5485	0.03772
10	3	0.997	1	1	0.5666	1.357
10	3	0.7706	0	0	-0.4287	0.09516
10	3	5.289	0	0	-1.43	-0.9359
10	3	1.762	1	1	-2.164	1.406
10	3	1.594	1	0	-0.1583	-0.1487
10	3	5.574	0	0	-0.9712	-1.131
10	3	1.967	1	1	0.7115	0.643
10	3	5.139	0	0	-0.7354	-0.1053
10	3	5.271	1	1	1.819	-0.4121
10	3	5.278	1	0	-0.4909	0.963
10	3	5.46	1	1	-0.1323	-0.08401
10	3	0.5471	0	1	-1.285	0.963
10	3	1.962	0	0	-0.9973	0.05711
10	3	3.59	0	0	0.5906	-0.7957
10	3	1.115	1	1	-0.5874	-0.5486
11	3	0.2055	1	1	0.6041	-0.006548
11	3	5.769	0	0	-0.7964	-1.841
11	3	1.936	0	0	2.028	-0.2256
11	3	3.514	1	1	-0.5859	-0.8438
11	3	0.4158	1	0	0.4663	-1.186
11	3	3.903	0	0	-0.7866	-1.553
11	3	1.802	1	1	1.318	1.315
11	3	1.077	0	0	0.6616	-1.79
11	3	1.851	1	1	-0.4493	-1.598
11	3	5.393	1	0	0.5523	0.5201
11	3	0.5611	1	1	0.8705	1.358
11	3	1.041	0	0	1.144	1.817
11	3	0.6665	0	1	-0.9026	0.1143
11	3	5.677	1	1	0.3453	-0.02741
11	3	0.5149	0	1	-0.5561	-0.0485
11	3	1.946	1	1	-0.228	1.43
11	3	1.868	1	1	-1.19	0.03454
11	3	0.08933	1	1	1.437	0.3536
11	3	3.493	0	0	1.13	-0.5245
11	3	0.9653	0	0	0.1132	2.017
11	3	5.038	1	1	1.06	-0.4198
11	3	3.878	0	0	-0.09955	-0.09134
11	3	3.804	1	0	0.3904	1.315
11	3	0.4606	1	1	-1.264	-0.9077
11	3	0.7161	0	1	-0.4407	-0.2724
11	3	3.618	0	0	-0.3105	-0.9077
11	3	3.99	1	1	-0.6033	-0.6066
11	3	5.127	0	1	0.02547	1.42
11	3	0.7105	0	1	-0.1933	0.7033
11	3	0.7217	1	1	0.4604	-0.4978
11	3	3.545	0	1	-1.008	0.2283
11	3	5.141	0	1	-0.4585	1.44
11	3	5.362	0	0	-1.341	-0.3695
11	3	0.8215	1	1	0.6431	-0.7516
11	3	2.087	0	1	-1.459	-0.2256
11	3	0.6489	0	1	0.558	0.4219
11	3	0.5421	1	1	0.7437	1.099
11	3	5.149	0	0	0.472	-0.7516
11	3	1.99	0	1	1.078	1.135
11	3	3.467	0	0	-0.9909	-0.006548
11	3	1.598	1	1	-0.4324	-0.8126
11	3	1.026	0	1	0.09311	-1.341
11	3	1.89	0	1	1.033	1.48
11	3	0.9429	0	0	-0.7202	1.158
11	3	5.095	0	0	0.009183	0.8029
11	3	3.915	1	1	-0.3496	-0.9405
11	3	5.561	1	1	-0.6671	-0.8126
11	3	0.7888	1	1	-1.118	-0.6923
11	3	1.725	1	0	0.4847	-0.1131
12	3	0.5253	1	1	1.044	1.03
12	3	3.566	1	1	0.6172	-0.679
12	3	5.102	1	1	0.7653	0.3201
12	3	1.89	0	1	0.3347	-0.8451
12	3	0.4681	1	0	0.1657	1.609
12	3	1.047	1	1	-0.249	-0.1898
12	3	0.6558	1	1	-0.6802	0.1249
12	3	3.206	1	1	-1.882	-1.475
12	3	5.171	1	1	-0.2466	-0.9151
12	3	1.984	1	0	1.284	0.5943
12	3	0.9464	0	1	1.155	0.1249
12	3	5.414	1	0	-0.8829	-0.7113
12	3	3.799	0	0	0.3354	-0.5542
12	3	5.243	1	0	0.1738	0.6127
12	3	1.658	0	0	1.422	0.72
12	3	1.567	0	1	-0.08508	-0.01501
12	3	1.776	1	1	0.6718	1.29
12	3	1.875	0	1	0.3667	-0.5241
12	3	5.576	1	1	0.8939	-0.6158
12	3	5.25	0	0	0.7281	-0.0636
12	3	5.339	0	0	-0.2871	-1.343
12	3	0.6589	0	1	0.8764	0.05602
12	3	3.632	1	1	0.5304	-0.1898
12	3	1.752	0	1	0.08788	-0.5241
12	3	0.9069	0	0	1.68	-1.024
12	3	5.519	1	1	-0.6644	0.3201
12	3	3.713	1	0	0.5066	-0.03917
12	3	0.5309	1	1	0.1921	0.6127
12	3	3.629	0	0	1.539	2.176
12	3	1.655	0	1	-1.428	-0.1132
12	3	0.9867	0	1	-1.81	-1.1
12	3	3.837	1	1	-0.3777	-0.7113
12	3	5.521	0	0	-0.05915	-0.8451
12	3	1.964	0	0	0.9218	-0.1898
12	3	0.6268	1	0	1.334	1.585
12	3	0.5227	0	1	-0.3077	1.423
12	3	0.3003	0	1	0.5771	2.157
12	3	0.8974	0	0	0.9294	-1.139
12	3	0.08261	0	0	0.5559	-0.5241
12	3	0.8152	1	1	1.075	0.7547
12	3	0.2096	1	0	0.3074	0.9527
12	3	0.8072	0	1	-0.2457	1.609
12	3	3.583	0	1	0.7453	0.7719
12	3	3.498	1	1	0.06105	-0.5241
12	3	3.637	0	0	1.145	1.164
12	3	0.5532	0	0	-1.505	-2.036
12	3	1.13	0	1	0.03941	-0.4649
12	3	5.391	1	1	-1.077	-0.7773
12	3	0.4616	1	0	-0.8146	-2.154
12	3	1.597	1	1	0.8193	0.2781
13	3	5.453	1	1	1.004	-1.417
13	3	3.854	0	0	-0.2524	-1.417
13	3	1.72	1	0	-0.2474	-1.256
13	3	0.209	1	1	-1.403	-1.548
13	3	0.51	1	1	1.551	0.6968
13	3	1.595	0	0	0.1677	0.0279
13	3	1.185	0	0	2.083	1.236
13	3	3.641	0	1	0.7389	1.9
13	3	0.6638	1	0	-0.8433	0.8067
13	3	3.449	0	1	-1.527	-0.2509
13	3	0.9899	1	1	1.401	-0.03296
13	3	5.333	1	1	0.5648	-0.5495
13	3	1.855	0	1	0.804	0.3744
13	3	1.516	1	0	0.5496	-0.6041
13	3	2.036	1	0	-0.8238	0.4721
13	3	1.921	0	0	0.9248	0.5192
13	3	3.714	1	1	-2.378	-1.256
13	3	3.772	0	1	-0.5802	0.8333
13	3	0.7172	1	0	1.949	0.1629
13	3	0.0237	1	1	1.72	1.215
13	3	0.4566	1	0	-0.3714	1.767
13	3	5.178	0	0	0.08632	-0.8392
13	3	0.711	0	0	-1.958	1.045
13	3	0.8178	0	1	-1.258	-0.3697
13	3	0.6555	0	0	0.3972	0.2891
13	3	1.564	1	1	0.9773	1.341
13	3	5.287	1	0	0.1214	1.289
13	3	4.892	0	0	-0.3659	-1.071
13	3	0.9103	0	1	-2.398	0.6539
13	3	0.3436	0	1	0.2156	-0.4704
13	3	5.229	1	1	0.775	-0.09579
13	3	3.665	1	1	2.005	1.597
13	3	2.031	1	1	-1.488	-1.737
13	3	5.612	1	1	-0.8674	-0.6041
13	3	5.254	0	1	1.248	0.7933
13	3	1.767	0	0	-1.542	-0.6889
13	3	1.139	1	0	-0.06371	0.3911
13	3	3.199	1	0	-0.1583	0.1629
13	3	5.104	0	0	-1.437	-0.3454
13	3	0.9713	1	1	1.656	0.5499
13	3	0.4548	1	0	0.1167	0.5499
13	3	4.088	0	0	-3.136	-1.218
13	3	0.8559	0	1	0.3202	0.1629
13	3	1.912	0	0	-0.4485	-0.9352
13	3	0.4449	1	0	1.142	-2.12
13	3	5.888	0	1	0.3814	-0.5495
13	3	3.664	0	1	0.6526	2.04
13	3	0.1463	1	1	-1.503	-0.8082
13	3	3.549	1	1	-0.9457	-0.3454
13	3	0.8703	0	0	-0.1408	-0.3454
14	3	1.028	1	1	0.823	-0.09524
14	3	5.654	1	1	-0.4591	-1.031
14	3	1.346	0	0	-0.9847	-1.359
14	3	1.899	1	1	0.05266	0.1929
14	3	3.554	1	1	0.1883	0.09254
14	3	0.587	1	1	0.9803	-0.4285
14	3	3.771	1	1	0.7282	-0.2105
14	3	1.968	0	0	-0.3557	1.869
14	3	0.2459	0	1	-0.669	1.633
14	3	5.629	0	0	1.48	0.04056
14	3	3.616	1	1	-0.2699	-0.2705
14	3	0.7037	0	0	-0.2338	-0.6349
14	3	0.4823	1	1	1.544	0.9822
14	3	1.488	0	0	-1.061	-1.359
14	3	0.2752	1	0	0.6815	-0.5638
14	3	0.5691	0	0	0.4455	2.009
14	3	0.8157	1	1	1.591	0.06671
14	3	1.761	1	1	-0.2187	-0.9041
14	3	0.6707	1	1	-0.05714	-1.309
14	3	1.646	0	1	0.8968	-0.2403
14	3	5.263	0	0	0.07299	-0.9877
14	3	0.4454	1	1	0.1555	-0.3639
14	3	3.462	0	1	0.5425	-0.3959
14	3	3.759	1	1	0.4112	-0.06738
14	3	1.117	0	1	-1.083	-0.01273
14	3	1.072	0	0	-0.1199	-0.7461
14	3	1.647	1	1	0.9443	1.719
14	3	5.157	0	0	-0.5323	-1.939
14	3	3.489	0	0	0.9795	-0.4615
14	3	5.387	0	0	0.2891	-0.9877
14	3	3.436	0	0	0.7722	0.9822
14	3	0.4191	1	1	-0.02128	0.1929
14	3	0.2725	0	1	1.861	2.265
14	3	0.3805	1	1	-1.151	-0.1811
14	3	3.686	1	1	0.1682	-0.5638
14	3	5.202	1	1	0.09229	-0.3959
14	3	5.212	1	1	1.729	-0.1521
14	3	5.414	0	0	-1.935	-1.463
14	3	5.049	1	1	-1.022	-1.165
14	3	0.2849	1	1	-1.802	0.2413
14	3	5.315	1	1	-0.7016	-1.309
14	3	0.768	0	0	0.05517	0.7689
14	3	3.724	0	0	0.3809	0.7312
14	3	3.211	1	1	-1.363	1.222
14	3	1.928	1	0	-0.2826	0.06671
14	3	0.8241	1	1	0.649	1.437
14	3	2.029	0	1	-0.08033	0.06671
14	3	1.634	0	0	0.1544	1.633
14	3	0.61	0	0	1.374	0.2413
14	3	1.88	0	1	-0.7077	1.145
15	3	3.745	1	1	-0.2718	-2.099
15	3	0.8326	1	1	0.1091	-0.01551
15	3	3.8	1	1	-2.344	-0.4985
15	3	3.771	1	1	-0.6313	-0.4036
15	3	0.8936	0	0	-0.4412	0.6668
15	3	5.612	0	0	0.1825	-0.9359
15	3	0.3682	0	1	-0.1565	1.083
15	3	3.699	0	0	-2.982	-0.4347
15	3	3.45	1	1	0.1024	0.8944
15	3	4.85	1	1	0.4975	1.806
15	3	0.5039	1	0	0.3567	0.4074
15	3	5.487	0	0	-0.7951	-0.5312
15	3	1.316	1	0	-0.2343	-0.1183
15	3	0.3094	1	1	-0.9061	1.329
15	3	3.655	1	1	0.3528	-0.06621
15	3	5.451	0	0	-0.2636	-2.737
15	3	1.756	0	0	1.169	-0.6684
15	3	3.863	1	1	0.2958	-0.8554
15	3	1.481	0	1	-0.3801	1.097
15	3	3.686	0	1	-1.215	1.588
15	3	3.466	0	0	2.036	-1.567
15	3	0.7865	0	1	0.6733	1.013
15	3	5.13	0	0	0.1868	-1.298
15	3	1.089	0	1	1.046	0.0819
15	3	5.109	1	1	-0.4437	-0.2555
15	3	1.872	1	1	-1.141	-0.1994
15	3	0.984	1	1	-0.6762	-0.01551
15	3	0.2101	0	1	1.113	0.6142
15	3	0.4633	1	1	-0.5604	-0.04069
15	3	1.781	0	1	-0.3268	-0.5985
15	3	1.084	1	0	-0.2947	0.284
15	3	2.211	0	0	0.1149	-1.064
15	3	1.385	0	0	-0.1081	-1.349
15	3	0.7145	1	0	1.919	-0.4347
15	3	5.634	0	0	-0.4131	-0.6684
15	3	1.581	1	1	1.292	-0.2555
15	3	1.75	1	1	-1.619	-0.5312
15	3	0.7155	0	1	1.28	1.083
15	3	5.602	0	0	0.1564	-0.6331
15	3	2.03	0	0	-0.4477	-1.201
15	3	3.829	1	0	1.89	1.923
15	3	0.6432	1	1	2.151	0.219
15	3	0.9769	1	1	0.6836	0.2409
15	3	1.255	0	1	0.8147	1.567
15	3	5.59	1	1	1.069	0.05802
15	3	5.189	0	0	-0.7412	0.1055
15	3	0.3555	1	0	-1.136	0.9096
15	3	1.973	0	0	0.3159	-0.145
15	3	0.5242	1	1	-0.1375	1.567
15	3	0.0132	1	1	0.4587	1.083
16	3	1.001	1	1	0.6254	-2.051
16	3	5.558	0	0	-2.078	-1.349
16	3	2.014	0	1	-0.4392	0.08805
16	3	0.2125	0	1	0.04922	-0.3335
16	3	3.729	1	0	-0.2302	0.6603
16	3	5.577	1	1	-0.4932	-0.2756
16	3	1.281	1	0	0.04951	1.368
16	3	0.5261	0	1	-0.3065	-1.253
16	3	0.4504	1	1	-0.4158	0.7972
16	3	1.837	1	1	-0.07488	-1.399
16	3	0.7787	0	1	1.168	-0.6174
16	3	0.8232	0	0	-0.3789	-0.3335
16	3	0.2772	1	0	-0.7811	-0.8324
16	3	1.34	0	0	0.2647	-1.399
16	3	0.517	0	0	0.9175	0.7972
16	3	5.312	0	0	-0.4242	-0.7581
16	3	5.273	1	1	-0.005368	-0.6174
16	3	3.807	1	1	0.1032	0.2254
16	3	1.517	1	1	-0.3204	0.9864
16	3	3.727	0	0	-0.4184	-1.074
16	3	0.813	0	1	-0.7479	0.7972
16	3	0.7627	1	0	-0.6341	-0.8324
16	3	1.714	1	1	-0.7624	-0.6517
16	3	1.929	0	1	-1.134	0.7806
16	3	3.228	1	0	0.8697	0.9561
16	3	4.985	0	0	0.6737	1.266
16	3	0.8106	1	1	0.8886	0.5509
16	3	1.656	0	1	0.9171	-0.05965
16	3	3.521	0	1	1.429	1.464
16	3	5.489	0	0	-1.462	-1.117
16	3	0.7418	0	0	0.6232	0.7128
16	3	3.682	1	0	-1.84	-0.7581
16	3	1.504	1	1	-0.2465	0.5509
16	3	5.251	1	1	0.7263	0.9098
16	3	3.389	1	1	0.02999	-0.3631
16	3	1.008	1	1	0.5305	1.305
16	3	0.05455	0	1	-0.3396	-1.206
16	3	5.691	1	1	0.1769	-0.5507
16	3	3.493	1	0	-0.3143	2.06
16	3	0.7446	1	1	-0.4168	-0.4237
16	3	0.4458	1	1	-1.844	-0.4862
16	3	3.128	0	1	-0.2683	-0.08538
16	3	5.153	1	1	0.5669	1.511
16	3	5.204	0	0	-0.41	-0.5507
16	3	1.016	0	0	-2.636	-1.612
16	3	1.788	1	1	0.07161	1.089
16	3	0.2712	0	0	1.529	2.186
16	3	3.634	1	0	1.267	0.2692
16	3	1.802	0	0	-2.583	-0.3335
16	3	0.8229	0	1	-1.193	-0.009172
17	3	1.552	1	1	0.7161	-1.255
17	3	3.605	0	0	-1.438	-1.557
17	3	5.12	1	1	-1.148	-0.6279
17	3	0.5987	1	1	-0.1783	1.931
17	3	0.778	1	0	-0.939	0.1596
17	3	0.9276	0	0	0.9931	0.4517
17	3	0.4214	0	0	0.2238	1.766
17	3	1.897	1	1	-0.851	-0.319
17	3	0.4996	1	1	0.3179	1.123
17	3	4.851	1	1	-1.182	-0.7567
17	3	3.33	1	1	-0.0418	-0.2141
17	3	5.133	0	0	0.3042	-0.6699
17	3	1.022	1	0	-0.2459	-1.041
17	3	0.8566	1	1	-2.544	-0.5463
17	3	5.284	0	0	0.5273	-1.557
17	3	1.681	1	1	0.499	0.01198
17	3	5.083	0	0	-0.5827	0.1596
17	3	0.6006	0	1	0.06158	-0.147
17	3	5.346	1	1	-1.869	-1.041
17	3	2.201	1	1	-0.4988	-0.1803
17	3	1.556	1	1	0.0186	-0.7567
17	3	1.056	1	0	-0.5086	2.183
17	3	4.006	1	1	-1.405	-0.9907
17	3	3.699	1	1	-1.104	1.069
17	3	1.738	0	1	1.138	2.329
17	3	0.7705	1	1	0.7432	0.4517
17	3	0.3299	0	1	0.07689	0.04236
17	3	0.1525	0	1	-0.009727	0.4016
17	3	1.695	0	0	-0.8662	-0.6699
17	3	0.2167	0	1	-0.2579	1.74
17	3	5.326	1	1	-0.8868	-0.7129
17	3	3.267	1	1	-0.2017	-1.145
17	3	3.665	0	0	-0.1568	0.1879
17	3	5.312	0	1	-1.196	1.177
17	3	3.572	0	0	0.08347	0.01198
17	3	1.769	0	0	-0.6149	0.4016
17	3	0.8538	1	1	-0.6552	1.5
17	3	0.4863	1	1	1.059	0.7512
17	3	0.4125	0	1	-0.9998	-0.3921
17	3	5.481	0	0	-2.504	-0.6699
17	3	3.476	1	1	-0.8148	-0.7567
17	3	3.609	0	0	0.01377	0.6858
17	3	0.9104	1	1	0.5453	-0.5867
17	3	0.2893	0	1	-1.949	-0.9907
17	3	0.9768	1	1	0.2048	-1.43
17	3	1.488	0	1	-0.1948	-0.2141
17	3	1.474	1	0	1.779	0.8962
17	3	3.726	0	1	0.9451	-0.319
17	3	0.9165	0	1	-0.5671	-0.9907
17	3	5.403	0	0	1.161	1.105
18	3	3.652	1	1	0.3333	-0.9444
18	3	0.9523	0	1	1.19	0.9248
18	3	5.493	0	0	0.07788	-0.4439
18	3	0.6044	1	1	-1.231	0.582
18	3	1.992	1	1	-0.2791	-0.8634
18	3	0.563	0	0	-0.7899	-0.4131
18	3	5.645	0	0	0.2262	-1.713
18	3	0.4943	1	1	0.7568	-0.6066
18	3	3.376	1	1	-0.5291	-1.029
18	3	3.406	1	1	-0.2104	-0.2669
18	3	3.439	1	1	-1.291	-0.9034
18	3	5.442	0	0	-0.4175	-0.8243
18	3	1.234	0	1	0.7603	1.538
18	3	0.6321	0	0	-0.429	-1.073
18	3	0.2242	1	1	-1.338	-0.9034
18	3	0.2055	0	1	1.222	-0.05577
18	3	1.789	0	1	-0.7135	-0.4131
18	3	5.243	0	0	0.5199	0.06424
18	3	0.4871	0	1	-1.714	1.008
18	3	1.884	1	1	-0.9271	-0.9863
18	3	3.736	1	0	-0.1728	0.6824
18	3	0.2832	1	1	1.187	-0.006771
18	3	0.7438	0	1	1.089	0.4006
18	3	0.6351	1	0	-0.8938	1.199
18	3	3.508	1	1	-0.4223	1.199
18	3	5.389	0	0	-0.7763	-0.1062
18	3	0.6016	0	0	0.5822	0.7305
18	3	3.429	0	0	-1.872	-0.6411
18	3	1.787	1	1	0.4114	2.22
18	3	0.4619	0	0	-0.7787	-0.6066
18	3	1.46	0	0	-0.3907	0.2614
18	3	1.17	1	1	0.7797	-0.006771
18	3	5.284	0	0	-1.25	-1.029
18	3	1.93	1	1	-1.346	-0.6411
18	3	1.239	1	1	0.6805	0.2195
18	3	5.871	1	1	1.911	-1.118
18	3	3.387	0	1	-0.5543	-1.029
18	3	3.759	1	0	-0.3336	1.258
18	3	0.9151	0	0	-0.1119	-0.8243
18	3	1.68	1	1	0.5668	0.1325
18	3	5.145	1	1	-0.4061	-0.05577
18	3	0.7585	0	1	2.215	2.021
18	3	1.963	0	1	0.3837	1.822
18	3	1.013	0	1	-1.807	-1.165
18	3	0.7148	0	0	-0.06605	-0.006771
18	3	1.866	1	0	1.558	1.944
18	3	5.335	0	0	-1.651	-1.213
18	3	0.8975	1	0	1.089	2.08
18	3	5.541	1	1	-1.25	-0.2391
18	3	3.736	1	1	0.7183	-0.1581
19	3	5.142	1	1	0.9241	-1.996
19	3	1.727	0	0	-0.7771	-0.08487
19	3	3.562	1	1	-0.382	-1.21
19	3	0.9842	0	0	0.2148	0.7014
19	3	0.458	1	0	0.7361	0.7703
19	3	1.686	1	0	0.8498	-0.5579
19	3	3.642	1	1	-1.525	-0.8751
19	3	1.325	1	1	0.9464	2.347
19	3	3.494	1	0	-0.7514	1.515
19	3	3.635	0	0	-0.24	-1.011
19	3	0.96	1	0	-0.6648	1.292
19	3	0.9022	1	0	-3.018	0.09841
19	3	0.5378	1	0	0.2752	-0.8751
19	3	0.7685	0	0	-0.1655	0.9468
19	3	1.753	0	0	-0.02145	2.175
19	3	0.6646	0	1	-0.4077	-0.353
19	3	3.778	0	0	-0.03934	-0.199
19	3	1.928	1	1	0.7312	-0.0305
19	3	1.802	0	0	-1.089	-0.1127
19	3	3.693	0	0	-0.4396	-0.522
19	3	5.276	0	1	0.8063	1.59
19	3	4.859	1	1	-1.899	-1.263
19	3	0.1505	1	1	0.6468	1.341
19	3	0.495	1	1	-0.006143	-0.08487
19	3	3.694	0	0	-1.726	-0.4187
19	3	0.537	1	1	-0.2898	0.3737
19	3	1.839	1	1	0.3396	-0.7902
19	3	5.169	0	1	-0.02698	-0.8751
19	3	0.2415	0	1	-2.403	-0.1127
19	3	0.7222	0	1	-1.864	-0.6702
19	3	0.6954	0	0	0.1832	-0.7902
19	3	1.634	1	0	0.8444	1.228
19	3	5.694	0	0	-0.9533	-0.0305
19	3	5.581	1	1	-0.5339	-0.1697
19	3	3.278	0	0	0.1689	-0.522
19	3	5.185	0	0	0.2322	-0.7902
19	3	1.338	1	1	-0.04166	1.741
19	3	0.7881	1	1	-1.901	0.6659
19	3	1.731	1	1	-0.2791	1.121
19	3	1.944	0	1	-0.5186	-0.7093
19	3	1.864	0	0	-1.866	-0.7902
19	3	5.625	0	0	-0.5339	-0.4869
19	3	5.598	0	0	1.55	0.2184
19	3	3.37	1	1	0.06291	-0.7093
19	3	3.658	0	0	-0.3666	-0.8751
19	3	0.8378	0	0	2.441	-1.011
19	3	5.59	1	1	1.277	-0.353
19	3	0.9488	0	0	-1.832	0.3523
19	3	0.7617	1	1	-1.13	-1.158
19	3	0.6143	1	1	2.024	1.959
20	4	1.227	0	1	1.44	0.6256
20	4	5.035	0	0	-0.4313	-2.237
20	4	5.277	0	0	-0.1848	-1.351
20	4	3.797	1	1	-0.8185	-0.8305
20	4	0.962	0	1	0.5154	-0.5358
20	4	0.431	1	1	-0.8967	-0.003109
20	4	0.2762	0	1	-0.178	-0.3314
20	4	1.576	0	0	-1.582	-0.7987
20	4	3.374	1	1	-1.676	-0.7987
20	4	3.591	1	1	-0.6575	-0.06399
20	4	5.277	1	1	-0.406	-0.04346
20	4	0.6185	1	0	0.7463	1.638
20	4	3.685	1	1	0.7071	-0.1705
20	4	2.075	0	0	0.2529	0.9303
20	4	0.5138	1	0	0.8071	1.484
20	4	0.8003	1	1	0.3533	1.043
20	4	5.532	0	0	-2.467	-1.267
20	4	3.575	1	1	-0.5746	-0.04346
20	4	1.055	1	0	-0.02506	-0.6769
20	4	2.021	0	0	-0.4777	-0.4306
20	4	0.9264	0	0	-1.689	-0.2839
20	4	5.286	0	0	-3.819	-1.226
20	4	0.9397	0	1	0.2085	1.021
20	4	3.733	1	1	-1.146	-0.4824
20	4	3.496	1	1	-0.8879	0.496
20	4	1.583	1	1	-0.2585	-0.4053
20	4	2.174	0	0	-2.158	-1.486
20	4	3.318	1	1	0.1767	0.1677
20	4	0.7417	0	1	-0.8637	0.8711
20	4	1.768	0	1	0.02915	1.807
20	4	5.554	0	0	-0.4716	-1.44
20	4	0.174	0	1	-1.344	1.779
20	4	0.4671	1	1	-0.1153	1.209
20	4	0.5034	1	1	0.8256	1.043
20	4	5.343	1	1	-0.3209	1.075
20	4	0.4487	0	0	-0.9745	-0.2149
20	4	3.656	1	1	0.2375	1.743
20	4	3.557	0	0	-0.6803	-0.6769
20	4	1.711	0	0	0.8645	0.388
20	4	0.5291	1	0	-1.609	-0.2839
20	4	5.472	1	1	1.329	-0.7987
20	4	0.6809	1	1	-0.4937	0.2729
20	4	0.4173	0	1	0.8572	1.296
20	4	5.493	1	1	1.104	-0.7066
20	4	5.415	0	0	0.6999	-1.147
20	4	2.194	0	0	-0.8958	-0.7674
20	4	1.967	1	0	1.636	-0.5089
20	4	1.794	0	0	-0.264	-1.035
20	4	0.9824	0	1	0.9581	0.5403
20	4	0.3799	1	1	0.9214	1.614
21	4	5.41	0	0	0.0423	-1.588
21	4	5.337	1	1	-2.477	-1.636
21	4	2.228	0	1	0.4923	1.193
21	4	0.5869	1	1	-0.3648	0.6898
21	4	1.711	0	0	1.245	1.42
21	4	1.948	0	1	0.2414	1.719
21	4	1.676	1	1	-1.396	0.09349
21	4	3.644	0	0	1.318	-0.9874
21	4	1.863	1	1	-1.38	-0.406
21	4	4.955	0	0	-0.2693	-1.244
21	4	3.439	1	1	0.7183	-0.4565
21	4	5.215	1	1	1.289	1.04
21	4	3.613	1	1	-1.429	-0.4311
21	4	1.09	1	1	0.4347	-0.4565
21	4	1.972	1	1	-0.2182	0.1681
21	4	0.3	0	0	0.8458	0.3915
21	4	0.4492	1	0	-0.3688	0.2746
21	4	1.856	0	0	-0.9763	-0.703
21	4	0.7487	0	0	0.04343	-1.324
21	4	0.6516	1	0	-1.515	-1.685
21	4	3.37	0	0	0.1206	-0.2392
21	4	1.887	1	1	0.6329	-0.2392
21	4	3.566	1	1	1.154	-0.3088
21	4	0.9936	1	0	0.7502	0.7574
21	4	1.624	1	1	-1.222	-0.06536
21	4	0.5691	0	0	0.8295	1.855
21	4	0.3916	0	0	-0.02339	-0.2165
21	4	0.7991	0	0	-0.5587	-0.406
21	4	1.556	0	1	1.853	1.14
21	4	0.279	0	1	-0.1434	-0.06536
21	4	0.2249	0	0	-1.067	-0.1073
21	4	3.414	1	1	0.1664	-0.8556
21	4	3.51	1	0	0.9344	-0.1502
21	4	5.492	1	1	0.6655	1.554
21	4	3.582	1	1	-1.276	-0.6739
21	4	5.255	1	1	-1.323	-0.5894
21	4	0.7643	0	1	0.74	1.742
21	4	1.065	0	0	1.037	0.8856
21	4	0.8466	1	1	-0.4547	-0.7325
21	4	0.7277	1	1	0.0982	-0.3812
21	4	1.208	0	1	0.2428	1.75
21	4	1.229	1	0	1.81	-0.2621
21	4	3.238	0	1	-0.08918	2.063
21	4	5.363	0	0	-0.265	-1.496
21	4	0.6656	0	0	-1.329	-0.5894
21	4	0.6598	0	1	-1.133	0.1497
21	4	5.059	0	0	0.04451	1.528
21	4	5.436	1	1	-0.3813	-0.4565
21	4	3.44	1	0	0.3479	-0.6739
21	4	5.156	0	0	-0.1119	-0.9874
22	4	0.362	1	1	0.4286	-0.1117
22	4	5.186	0	0	-1.078	-1.342
22	4	5.265	0	0	-0.08213	-1.83
22	4	5.167	0	0	-0.08599	-1.342
22	4	0.3796	1	1	1.059	1.435
22	4	1.94	1	1	0.01946	-0.3345
22	4	3.542	0	0	0.4269	-0.3787
22	4	3.499	0	0	-0.9593	-0.9398
22	4	1.847	1	0	-0.42	-2.373
22	4	0.0357	1	1	0.9392	0.132
22	4	0.5026	0	1	-0.5527	-0.07447
22	4	1.779	0	0	1.603	-0.495
22	4	1.214	1	1	0.009857	0.2998
22	4	5.421	0	0	-1.063	-1.261
22	4	1.02	1	1	1.417	0.5278
22	4	3.825	0	0	-0.2591	-0.9724
22	4	1.077	0	1	-0.05898	1.155
22	4	3.46	0	0	-1.63	-1.428
22	4	0.7909	1	0	2.367	1.574
22	4	0.8482	0	1	-0.7213	0.8324
22	4	0.6723	0	1	0.8201	1.421
22	4	3.658	0	0	-1.491	-1.146
22	4	1.1	0	1	0.2254	0.2706
22	4	0.6417	0	1	-1.231	0.9506
22	4	0.5333	0	1	0.1742	0.9788
22	4	0.8549	0	1	0.1084	1.22
22	4	3.346	1	0	-0.271	0.6592
22	4	0.7864	0	1	-1.656	1.4
22	4	5.339	0	0	-0.869	-0.2292
22	4	3.675	1	1	0.9197	-0.6741
22	4	1.033	0	0	0.66	0.4641
22	4	1.443	1	0	1.02	0.5889
22	4	1.952	1	1	-0.00658	0.01493
22	4	5.758	0	0	-0.5336	-1.888
22	4	5.431	1	1	1.017	1.196
22	4	5.257	1	1	0.2902	-0.3345
22	4	5.434	0	0	-0.5227	-0.7577
22	4	1.475	1	0	1.485	-0.6208
22	4	3.549	1	1	2.06	0.4899
22	4	0.3911	1	0	1.103	1.793
22	4	1.643	1	1	-1.082	1.275
22	4	0.966	1	1	0.1563	-0.1694
22	4	1.77	1	1	-1.271	-0.05618
22	4	5.262	0	0	-0.6649	-1.074
22	4	2.063	1	1	-0.5958	-0.209
22	4	3.853	1	1	-0.7297	-0.05618
22	4	0.482	0	1	-0.1738	0.5647
22	4	1.876	1	0	0.5811	0.148
22	4	0.9792	1	0	0.9963	1.155
22	4	3.986	1	1	-0.2368	-0.4474
23	4	0.2692	1	1	0.2842	-0.4268
23	4	1.73	0	0	-0.5419	0.1536
23	4	5.619	1	1	-0.578	-0.4002
23	4	0.2815	1	1	-0.3307	1.981
23	4	2.022	1	0	2.008	1.617
23	4	0.9292	0	0	-0.631	2.076
23	4	1.04	1	1	0.3531	1.523
23	4	1.651	0	0	-1.133	-0.4539
23	4	3.843	0	0	0.2666	-0.5093
23	4	0.8591	1	1	1.848	1.378
23	4	3.696	0	0	1.398	-0.9609
23	4	5.156	0	0	-1.141	-0.7519
23	4	2.388	1	1	-2.208	1.333
23	4	0.3719	1	0	0.6665	1.055
23	4	5.486	1	0	-0.614	-0.5961
23	4	1.928	0	0	-0.1776	-0.7519
23	4	5.431	0	0	0.3948	-0.6878
23	4	3.414	1	0	-0.01045	-0.8531
23	4	3.59	0	0	-0.3731	-1.076
23	4	3.393	0	0	-1.503	-1.158
23	4	1.721	0	0	0.5852	-0.3483
23	4	1.2	0	0	0.2534	-0.2734
23	4	3.831	0	0	-0.3429	-1.382
23	4	0.5373	1	1	0.4612	0.3813
23	4	3.497	1	0	0.3101	0.2271
23	4	5.774	1	1	-0.851	0.3146
23	4	5.554	1	1	-0.5806	-0.2734
23	4	1.883	0	0	-1.843	-1.158
23	4	5.269	0	0	0.2637	-1.382
23	4	0.835	1	0	-1.252	-0.2734
23	4	0.9481	0	0	-1.44	-0.5667
23	4	0.552	1	1	0.002598	0.209
23	4	5.116	0	0	-1.034	-0.8531
23	4	0.9075	0	0	0.3182	-0.2254
23	4	5.325	0	0	0.02598	-1.244
23	4	0.8371	0	0	0.08177	-1.587
23	4	2.011	0	0	0.5389	-0.2734
23	4	1.915	1	1	-0.3061	1.108
23	4	0.838	1	1	-1.026	0.05685
23	4	1.717	0	0	2.144	0.943
23	4	0.7177	1	1	0.8467	0.9546
23	4	3.382	1	0	0.6231	-0.1332
23	4	0.9046	0	1	-1.783	0.1536
23	4	1.015	1	1	0.8775	2.122
23	4	3.823	1	1	1.213	1.729
23	4	0.3315	0	0	-3.229	-0.323
23	4	0.3862	1	1	0.5692	1.087
23	4	3.335	1	1	-2.103	-0.8531
23	4	0.4194	0	0	1.167	-0.6261
24	4	0.8438	0	0	1.191	-0.7188
24	4	0.6978	0	1	-0.9495	-0.3378
24	4	5.161	1	1	-1.725	-0.4872
24	4	0.3675	1	1	0.8917	0.7755
24	4	3.412	1	1	0.2099	0.5034
24	4	0.6079	1	0	-0.407	-0.6496
24	4	5.454	0	0	-0.9526	-1.109
24	4	0.8063	0	0	0.9628	1.501
24	4	1.731	1	1	-1.099	-0.3667
24	4	0.9019	0	1	1.296	0.2904
24	4	0.5503	1	1	0.3242	0.5216
24	4	0.6417	1	0	0.6387	-0.3667
24	4	0.9998	1	0	-1.729	-0.426
24	4	1.717	0	0	0.2567	0.7435
24	4	0.5901	0	1	0.2156	-0.1211
24	4	0.5872	1	1	0.9245	1.645
24	4	5.039	0	0	0.07279	-0.8276
24	4	0.762	1	1	1.096	0.2065
24	4	5.595	0	0	-0.7224	-1.493
24	4	1.942	1	0	0.6811	-1.548
24	4	0.9906	0	0	-1.314	0.5397
24	4	0.9616	0	0	0.5464	-0.5186
24	4	5.586	0	0	-1.674	-2.122
24	4	3.368	0	0	0.8869	-0.9832
24	4	5.697	0	0	-1.018	-2.198
24	4	1.883	1	1	0.07888	-0.1729
24	4	3.556	0	0	0.2282	-1.603
24	4	1.764	0	1	1.154	1.921
24	4	1.289	1	1	-1.148	2.03
24	4	1.915	0	1	-0.1205	1.39
24	4	1.814	0	0	-0.03113	0.4477
24	4	1.05	1	0	0.6634	-0.1729
24	4	3.566	0	0	-1.938	-1.066
24	4	0.1285	1	1	-0.1714	1.223
24	4	1.059	1	0	-1.214	0.6273
24	4	1.268	1	0	-0.8397	0.4477
24	4	3.471	1	1	-0.214	0.3707
24	4	2.331	0	0	-0.3745	0.8529
24	4	5.318	1	1	-0.6273	-0.3961
24	4	0.7319	1	0	-0.5369	0.04988
24	4	1.55	1	1	-1.371	-0.2535
24	4	3.927	1	1	0.9735	2.069
24	4	3.48	0	0	0.4803	0.07308
24	4	5.32	1	1	0.5735	-0.02147
24	4	3.976	0	0	-0.1063	0.04988
24	4	3.738	0	0	0.004976	0.4477
24	4	5.449	0	0	-0.4545	-1.244
24	4	3.553	1	1	0.7492	0.2698
24	4	5.216	1	0	-0.8716	0.2065
25	4	0.8122	1	1	-0.6054	-1.139
25	4	5.674	0	0	0.2564	-0.1651
25	4	0.601	0	1	-0.6234	-0.6054
25	4	0.02133	1	1	-1.824	1.052
25	4	0.6191	1	0	-0.5222	-0.2062
25	4	1.025	1	1	-0.4914	0.9239
25	4	3.527	0	1	0.1752	0.7392
25	4	5.222	1	1	-0.5867	-0.6875
25	4	0.7271	0	0	0.5115	0.5304
25	4	1.843	0	0	-1.654	-0.5021
25	4	5.211	1	1	-0.1715	1.4
25	4	1.097	0	0	0.3341	-0.6875
25	4	0.4605	1	1	0.3913	0.7958
25	4	2.174	0	1	0.09903	0.3792
25	4	5.423	1	1	0.1659	1.162
25	4	5.495	0	0	-1.319	-1.769
25	4	1.701	0	0	0.4645	-1.336
25	4	1.936	0	0	-1.528	-0.804
25	4	0.808	1	0	-0.6491	-0.3136
25	4	3.679	0	0	-1.391	-1.423
25	4	0.8881	0	0	1.07	-1.176
25	4	0.4153	0	0	-0.5694	-0.0669
25	4	3.701	1	0	2.016	1.135
25	4	5.385	0	0	-1.991	-1.514
25	4	1.068	0	0	0.166	-1.562
25	4	3.836	1	1	-0.08718	0.7392
25	4	3.402	1	1	-0.7399	0.9032
25	4	1.806	1	1	1.095	1.6
25	4	3.222	1	1	-0.9088	-0.1055
25	4	0.2581	1	1	-0.7422	-0.6323
25	4	1.969	1	1	-0.8482	0.8288
25	4	3.731	1	1	0.2795	0.0787
25	4	0.2736	0	1	-0.3049	-0.3817
25	4	0.1207	0	1	-1.996	0.8288
25	4	3.74	1	1	0.379	1.135
25	4	1.912	1	0	0.7623	0.9941
25	4	3.533	0	0	-1.627	-1.336
25	4	0.8294	1	1	-0.1427	1.188
25	4	5.316	0	0	-0.4907	-0.5529
25	4	5.629	1	1	-2.547	-0.336
25	4	5.485	1	1	-0.6532	0.3935
25	4	1.271	0	0	0.2925	-0.4051
25	4	1.838	0	1	-0.6764	1.337
25	4	0.855	0	1	-0.567	1.754
25	4	1.917	1	1	-0.6905	1.51
25	4	5.463	0	0	0.3393	-1.468
25	4	0.431	0	0	-1.193	-1.176
25	4	0.8047	0	0	0.6522	-1.379
25	4	1.774	0	1	0.06992	0.5947
25	4	3.953	1	1	-2.193	-0.2698
26	4	0.4953	0	0	0.755	1.162
26	4	1.594	0	0	0.2248	0.1867
26	4	0.3783	0	1	-0.005129	-0.04522
26	4	5.187	1	1	-1.675	-0.5993
26	4	0.4875	1	0	-0.09887	-0.2418
26	4	0.5117	0	1	-0.3374	-1.086
26	4	3.46	0	0	1.084	-1.086
26	4	0.3793	1	0	0.9421	1.213
26	4	3.649	1	0	-0.4576	-0.4895
26	4	5.855	0	0	-0.6467	-1.283
26	4	0.7317	0	0	0.7622	-0.2418
26	4	0.562	0	0	-0.4767	0.2921
26	4	3.401	1	1	0.5563	0.09375
26	4	5.237	1	1	-1.939	-0.3862
26	4	1.481	1	0	1.953	1.814
26	4	3.513	1	1	-0.6859	-0.8097
26	4	0.3507	0	0	-0.1156	-0.06601
26	4	3.797	0	1	2.394	0.7144
26	4	0.2234	0	0	0.3878	-0.2188
26	4	1.023	1	1	-0.1887	-0.3367
26	4	5.251	1	1	1.233	1.593
26	4	3.435	0	0	-0.323	-1.874
26	4	0.7207	1	0	-0.1086	-1.086
26	4	1.433	0	0	-0.3171	1.695
26	4	0.5274	0	1	0.2433	-0.2886
26	4	1.864	1	1	0.6472	1.785
26	4	0.6053	0	0	-0.3107	0.4548
26	4	0.8067	1	1	1.065	1.778
26	4	5.252	1	1	1.118	-0.1299
26	4	0.2372	1	1	0.3374	1.13
26	4	1.979	0	1	0.2575	1.422
26	4	1.596	1	1	-0.5473	-0.3862
26	4	5.833	1	1	-0.051	1.077
26	4	3.617	0	0	0.3654	-1.506
26	4	0.9773	1	1	0.1755	-0.5436
26	4	5.516	0	0	0.193	0.3091
26	4	1.829	1	0	-0.815	1.203
26	4	1.027	0	1	-0.3849	-0.265
26	4	3.773	0	0	-0.9337	-0.3125
26	4	5.099	0	0	0.1188	-0.9771
26	4	0.4783	1	1	-0.03935	-0.06601
26	4	1.709	1	1	1.825	1.13
26	4	3.702	0	0	1.8	0.8058
26	4	0.957	0	0	-0.06147	0.6874
26	4	5.393	0	0	-1.106	-1.283
26	4	5.367	0	0	1.197	-1.506
26	4	1.603	1	0	1.892	-1.049
26	4	3.819	0	0	-0.7405	-1.761
26	4	0.5125	1	0	-0.977	-0.6569
26	4	2.074	1	1	-0.8107	0.03553
27	4	1.229	0	1	0.3551	-0.7598
27	4	0.2223	1	0	1.079	0.3657
27	4	3.783	1	1	-0.5445	0.1822
27	4	1.784	0	0	-0.1332	0.5875
27	4	1.756	0	1	-0.3521	-0.1051
27	4	0.5281	1	1	-0.2188	-0.08436
27	4	5.692	0	0	-0.3635	-1.624
27	4	2.124	0	0	-0.5776	-1.573
27	4	3.338	0	1	0.09899	0.615
27	4	0.5056	1	1	-1.047	1.273
27	4	0.7678	1	1	1.189	0.9814
27	4	1.065	0	0	-0.9495	-0.3043
27	4	5.58	0	0	-0.06366	-0.99
27	4	5.557	0	0	-2.246	-1.385
27	4	3.324	1	0	0.2382	-0.6699
27	4	0.3087	1	0	1.095	-1.137
27	4	1.575	1	1	-0.8186	0.2171
27	4	5.39	0	0	0.2238	-1.099
27	4	3.664	0	0	-1.279	-1.524
27	4	0.2897	0	0	-0.09894	-0.7908
27	4	0.4565	0	0	0.2291	0.5454
27	4	0.4313	1	1	-1.299	0.1997
27	4	5.337	0	0	-1.211	-1.524
27	4	0.9022	1	1	-0.09621	1.406
27	4	1.429	1	1	1.186	0.1285
27	4	3.923	1	1	-2.019	-0.003817
27	4	0.7256	1	1	0.6032	0.2681
27	4	0.7496	1	1	1.784	2.01
27	4	0.469	0	0	0.7524	0.7587
27	4	0.9998	1	1	0.8446	1.389
27	4	5.355	1	1	-2.202	-0.426
27	4	3.59	0	0	-0.07599	-0.7908
27	4	5.376	1	1	0.1025	-0.08436
27	4	1.781	1	0	1.933	1.514
27	4	5.459	1	1	-2.384	-1.43
27	4	0.9619	1	1	0.8955	0.8796
27	4	3.504	0	0	-0.8794	-0.9209
27	4	1.74	0	1	0.8313	1.067
27	4	0.5053	0	1	-0.06499	0.7959
27	4	2.09	1	1	-0.6532	-0.1474
27	4	1.056	0	0	0.6131	-0.4773
27	4	0.7304	1	1	-1.807	1.514
27	4	3.556	0	0	-1.211	-0.9551
27	4	3.581	0	1	1.239	1.78
27	4	0.5413	1	1	-1.06	-0.1908
27	4	2.007	0	1	-0.8438	0.7462
27	4	3.462	1	1	-0.4713	-0.1689
27	4	1.695	0	0	1.285	1.607
27	4	5.245	0	0	-1.298	-1.476
27	4	5.272	1	1	0.07783	-0.1908
28	4	1.936	1	1	-0.7433	-0.8306
28	4	3.451	1	1	0.2734	-0.6975
28	4	0.3137	1	0	-0.3795	0.7119
28	4	1.818	1	1	-1.561	-0.7299
28	4	3.433	1	1	-1.388	-1.052
28	4	2.028	1	1	-1.442	-0.2001
28	4	2.066	0	0	-0.1229	-0.4868
28	4	1.685	0	0	0.184	0.564
28	4	5.158	0	0	-0.7515	-1.833
28	4	5.51	1	1	-1.205	0.9499
28	4	0.8674	0	0	-0.6387	-1.091
28	4	0.5838	0	1	-0.3805	0.6247
28	4	5.425	0	0	-0.3527	-1.091
28	4	0.7218	1	0	-1.38	1.838
28	4	3.139	1	1	-0.1523	0.08698
28	4	1.753	0	0	0.5483	-0.9012
28	4	0.6228	0	0	0.07235	-1.174
28	4	1.312	1	0	-0.4793	1.365
28	4	3.765	1	1	-0.769	-0.1527
28	4	3.642	0	0	-1.125	-2.1
28	4	1.702	1	1	-0.4969	0.3852
28	4	1.249	0	0	0.7179	-0.4037
28	4	5.555	1	1	-1.765	-0.2737
28	4	5.336	1	1	-1.18	0.06651
28	4	0.7829	0	1	0.5349	1.103
28	4	0.2321	1	0	-0.4652	1.808
28	4	3.652	0	0	-0.5673	-1.447
28	4	1.607	0	0	-1.559	-0.3505
28	4	0.4965	1	0	0.6003	0.06651
28	4	5.286	0	0	0.5941	-1.602
28	4	1.683	1	1	-1.897	0.726
28	4	0.5414	0	1	-0.2645	0.2238
28	4	3.764	0	0	-0.2471	-0.7628
28	4	1.656	1	1	0.9519	0.564
28	4	3.549	1	1	-0.7666	0.6976
28	4	0.5265	1	1	-0.1877	0.517
28	4	0.5547	0	1	-1.042	-0.5153
28	4	0.9687	0	1	0.6291	1.081
28	4	0.4971	0	1	-3.058	-0.4037
28	4	4.931	0	0	-0.8152	-0.9376
28	4	0.3979	1	1	-0.09243	-0.06164
28	4	5.224	1	1	1.08	0.3506
28	4	1.145	1	1	0.7446	0.5794
28	4	3.516	0	0	-2.888	0.2974
28	4	5.141	0	0	-0.9892	-1.447
28	4	0.9413	0	0	-0.01199	1.867
28	4	3.209	1	1	1.062	1.375
28	4	5.219	1	1	-0.1899	0.9375
28	4	0.7736	0	0	1.375	1.959
28	4	0.6754	1	0	-0.3232	-0.2001
29	4	5.619	1	1	-0.5542	-1.38
29	4	5.356	0	0	-1.224	-1.33
29	4	5.688	1	1	0.3657	-0.3045
29	4	0.6884	1	1	0.2927	0.7908
29	4	3.406	1	1	-0.1336	0.251
29	4	1.129	1	0	0.4329	-1.144
29	4	0.624	0	0	0.0246	-0.1429
29	4	1.67	1	0	0.2628	0.7908
29	4	0.9614	0	0	-0.6029	0.5404
29	4	1.194	0	0	0.1258	0.4675
29	4	2.085	1	0	0.734	0.9262
29	4	1.918	1	1	-0.4921	1.352
29	4	0.3415	1	0	-1.366	0.1213
29	4	5.432	0	0	-1.57	-0.9753
29	4	1.037	0	1	0.3135	0.02954
29	4	3.89	1	1	1.779	-0.2219
29	4	3.401	1	0	-0.06606	0.411
29	4	1.832	0	0	-0.7479	0.8522
29	4	0.4359	0	0	-0.1141	0.02954
29	4	1.902	1	1	-0.439	1.294
29	4	0.9273	1	0	0.3916	-0.7836
29	4	0.8207	0	0	-0.2684	-1.189
29	4	0.4277	1	1	0.8493	1.641
29	4	3.534	1	1	-0.4629	-0.09195
29	4	3.357	0	0	-0.3241	-1.537
29	4	0.834	1	1	1.288	0.9262
29	4	0.4414	1	0	-0.1945	-0.6098
29	4	3.738	1	1	-2.599	-1.33
29	4	3.608	1	1	1.124	-0.7121
29	4	3.703	0	0	-0.04405	-0.1688
29	4	5.398	1	0	0.6562	1.699
29	4	0.422	0	1	-1.535	-1.537
29	4	0.8602	0	0	0.3825	0.0988
29	4	0.7057	1	1	-1.68	1.855
29	4	0.5255	0	1	0.7639	1.67
29	4	5.327	0	0	-2.745	-1.965
29	4	3.687	0	0	-1.285	-1.144
29	4	1.789	0	1	0.9729	1.119
29	4	0.1757	0	1	-0.2976	0.3327
29	4	3.75	1	1	-0.3922	0.897
29	4	5.541	1	1	-0.2882	-0.09195
29	4	0.9643	0	0	0.1316	0.2088
29	4	0.9964	0	0	0.522	1.59
29	4	1.759	0	0	-1.112	-0.09195
29	4	1.802	0	0	-2.244	-1.101
29	4	5.468	0	0	0.5628	-1.77
29	4	1.699	1	1	-0.3864	-0.4816
29	4	5.732	0	0	-1.312	-0.2491
29	4	5.447	1	1	-0.6064	0.251
29	4	2.023	1	0	-1.823	0.2088
30	5	5.28	0	0	0.8914	-2.438
30	5	3.317	1	1	-0.4959	-0.8251
30	5	1.952	1	0	-0.2931	-0.4824
30	5	2.058	1	1	-1.883	-1.338
30	5	5.392	1	1	0.1675	-0.264
30	5	5.518	1	1	-1.835	-0.8895
30	5	0.9654	1	0	0.4866	-0.6738
30	5	1.158	1	1	-0.4033	1.072
30	5	5.375	0	1	-0.8897	0.8969
30	5	4.124	1	1	0.2001	-0.1753
30	5	2.091	0	0	-2.282	-0.8895
30	5	3.752	0	0	-1.104	-1.566
30	5	3.717	1	1	-0.2919	0.8501
30	5	1.784	0	0	-1.472	-1.425
30	5	3.706	1	1	0.1498	0.06623
30	5	0.2815	0	0	-0.647	1.679
30	5	0.3204	0	1	-1.049	1.519
30	5	1.662	1	1	-0.3178	1.241
30	5	1.771	1	1	0.865	0.2443
30	5	1.671	0	1	0.2252	0.622
30	5	0.5264	0	1	1.341	1.35
30	5	1.656	0	1	-0.6275	0.7271
30	5	0.5949	1	1	-0.7978	-0.01054
30	5	0.4739	1	1	-0.8068	0.765
30	5	0.8161	1	1	1.308	0.51
30	5	1.014	0	0	0.5997	-0.8895
30	5	3.691	0	0	-1.997	-0.7937
30	5	0.2431	1	0	1.615	-0.264
30	5	5.197	1	1	-0.8437	0.02827
30	5	1.206	0	0	-0.02373	-1.381
30	5	1.421	0	0	-0.588	-2.009
30	5	0.9813	1	1	-1.469	1.093
30	5	0.781	0	0	0.8554	-0.5349
30	5	1.181	0	1	-0.1752	-0.1116
30	5	0.744	0	0	0.1451	1.051
30	5	1.137	0	0	0.2915	0.3429
30	5	5.252	1	0	0.3579	-0.287
30	5	5.128	0	0	-1.077	-0.7327
30	5	0.3647	0	1	0.1638	0.4055
30	5	0.7851	1	1	1.161	0.7271
30	5	3.589	1	1	-0.5969	0.7897
30	5	5.217	1	1	0.2546	1.543
30	5	3.969	0	0	-0.7198	1.305
30	5	0.7102	1	0	-0.9997	0.5244
30	5	5.392	1	1	1.113	-0.1753
30	5	3.726	0	0	-1.873	-0.6451
30	5	3.898	1	1	-0.3518	-0.6169
30	5	0.3469	0	0	1.127	1.305
30	5	1.662	0	1	1.987	0.3745
30	5	5.71	0	0	-2.266	-1.615
31	5	3.551	1	1	0.3655	-0.9589
31	5	0.7487	1	1	0.9358	-0.6561
31	5	0.2684	1	1	1.329	0.1557
31	5	1.816	0	1	1.493	0.5998
31	5	5.475	1	0	1.693	1.759
31	5	3.588	0	0	0.1468	0.3086
31	5	0.6999	0	1	0.8585	0.3908
31	5	1.638	1	0	-0.3691	0.3086
31	5	1.249	1	1	0.7339	0.3908
31	5	3.727	0	0	-1.779	-1.131
31	5	3.47	0	1	0.4728	0.8041
31	5	1.845	0	0	-0.2729	-0.6214
31	5	1.878	1	1	0.2454	-0.166
31	5	5.311	0	0	-1.392	-0.8396
31	5	0.2741	0	0	1.332	-0.6914
31	5	3.443	1	1	-0.8564	0.5817
31	5	0.2628	0	1	1.168	1.116
31	5	5.58	0	0	0.1221	-1.766
31	5	0.8833	1	1	1.103	1.248
31	5	0.7459	0	0	-0.08526	-0.2207
31	5	5.087	0	0	-1.575	-2.036
31	5	5.377	0	0	0.3689	-1.223
31	5	1.333	1	1	-2.099	0.2446
31	5	1.992	0	1	0.4709	0.7551
31	5	0.6473	1	1	1.608	0.1783
31	5	0.8353	0	0	-2.125	-1.043
31	5	0.7338	1	1	-0.2187	1.102
31	5	5.323	1	1	-0.3314	-0.554
31	5	3.474	1	1	-0.7357	-0.06104
31	5	0.9119	1	1	0.07208	1.088
31	5	1.685	1	1	1.015	1.419
31	5	0.919	0	1	0.1761	1.407
31	5	5.666	1	1	-0.389	0.4886
31	5	0.6369	0	0	0.7993	-0.8014
31	5	3.453	0	0	0.4675	-0.166
31	5	0.2561	1	0	-0.6495	-1.644
31	5	1.644	1	1	-0.07515	1.235
31	5	1.251	1	1	-1.178	0.7217
31	5	0.8851	0	1	-0.9184	0.1328
31	5	0.1913	1	1	0.6029	1.807
31	5	3.348	1	1	-1.704	-0.365
31	5	5.185	0	0	0.5086	-0.6214
31	5	2.073	1	1	0.4158	-0.2487
31	5	0.9612	1	1	1.209	1.798
31	5	1.919	0	1	-0.2962	1.222
31	5	4.958	0	0	-0.3472	-0.554
31	5	3.688	0	0	0.6181	-0.9183
31	5	3.722	0	0	0.7675	-1.475
31	5	5.212	0	0	-0.3557	-1.37
31	5	1.548	0	0	0.2176	-1.131
32	5	5.208	0	0	1.634	-0.5935
32	5	5.517	1	1	-0.8099	-1.155
32	5	0.2507	1	1	0.2604	0.6408
32	5	3.899	0	1	0.2696	-0.5177
32	5	0.904	1	1	-0.295	0.5709
32	5	1.745	0	0	-0.2782	0.3222
32	5	2.031	1	1	0.8518	0.8176
32	5	2.251	0	0	0.1802	-0.2038
32	5	4.98	1	1	-0.1348	-0.01528
32	5	5.061	0	0	0.9315	-2.172
32	5	3.651	1	1	0.4735	0.5709
32	5	3.389	1	1	-0.3499	-0.1077
32	5	3.77	0	0	0.3758	1.684
32	5	5.343	0	0	-0.1607	-0.01528
32	5	2.148	1	1	0.05256	-0.5177
32	5	0.9115	0	1	0.2643	1.118
32	5	3.864	1	1	0.6234	0.5472
32	5	1.502	0	0	1.239	0.01474
32	5	0.4244	1	1	0.2472	1.333
32	5	0.7931	0	0	-1.664	-0.7118
32	5	5.013	1	1	0.3802	-0.7118
32	5	0.9795	0	0	0.6312	-0.7526
32	5	0.9721	0	1	-1.618	1.041
32	5	0.5682	0	0	0.9513	-0.27
32	5	0.2559	1	0	-1.163	-2.247
32	5	0.5759	1	1	1.08	1.246
32	5	1.759	0	0	-1.701	1.041
32	5	5.518	1	1	-0.1375	-0.5935
32	5	2.183	1	1	-1.114	-0.9677
32	5	0.4833	1	0	0.5993	-1.013
32	5	0.4724	1	1	-0.9145	-0.5553
32	5	1.789	1	0	2.463	1.936
32	5	1.726	1	1	-1.252	-0.6323
32	5	0.1583	1	0	0.8351	1.136
32	5	3.88	1	1	-0.539	-0.3382
32	5	5.872	1	1	-1.258	-0.2367
32	5	1.028	1	0	0.8184	0.6862
32	5	1.477	0	0	-2.336	-1.412
32	5	3.738	0	0	1.517	-0.07646
32	5	0.7489	0	1	-0.5123	1.06
32	5	3.368	0	0	1.187	-0.4084
32	5	0.8874	1	1	-1.584	-1.254
32	5	1.14	1	1	-0.5538	-0.1393
32	5	3.549	0	1	0.4594	1.654
32	5	0.743	0	1	-1.615	0.04438
32	5	5.194	0	0	-1.077	-1.467
32	5	3.548	0	0	1.207	0.1312
32	5	0.2788	1	1	0.2948	0.6408
32	5	0.8108	0	0	1.836	2.054
32	5	5.254	0	0	-0.727	-1.204
33	5	1.656	0	0	1.145	1.208
33	5	1.785	0	0	-1.598	-1.216
33	5	3.551	0	0	0.3521	-0.1785
33	5	0.5514	0	1	-0.01419	0.5839
33	5	5.367	0	0	-0.7834	-1.863
33	5	0.1755	1	0	0.432	1.155
33	5	1.899	0	0	-0.5149	-0.628
33	5	0.7311	0	1	0.6029	0.9437
33	5	2.034	0	1	-0.09882	1.509
33	5	3.902	0	0	-0.3219	-1.083
33	5	5.392	0	0	-0.5917	-1.928
33	5	0.7474	1	1	-0.4889	1.358
33	5	1.757	0	0	-0.2281	-1.46
33	5	3.654	1	1	1.298	0.6718
33	5	1.039	1	1	0.316	1.06
33	5	0.7699	0	0	0.7105	1.045
33	5	5.079	0	0	-1.218	-1.567
33	5	0.4266	1	1	0.6955	1.129
33	5	1.015	1	1	0.6433	0.3346
33	5	5.255	1	1	0.04878	0.6195
33	5	1.544	0	0	0.8059	-0.1257
33	5	1.63	1	1	-0.8992	0.1857
33	5	0.3193	1	0	-1.959	-0.3459
33	5	5.782	0	0	-0.8397	-0.9191
33	5	5.59	1	1	0.6318	1.129
33	5	0.6769	0	0	-0.04338	-1.46
33	5	1.508	0	1	2.395	0.1635
33	5	1.848	0	0	-0.5695	-1.216
33	5	3.404	1	1	0.747	0.7393
33	5	0.6952	1	0	1.262	1.247
33	5	1.241	1	0	-0.01928	-0.9993
33	5	1.47	1	1	-0.46	0.4344
33	5	0.9811	1	0	0.6391	0.6545
33	5	3.381	0	0	-0.7805	-1.216
33	5	3.729	1	1	0.1219	8.017e-05
33	5	0.2798	0	0	-0.1692	-0.2054
33	5	1.209	1	1	1.076	1.542
33	5	4.802	1	1	1.305	-0.04927
33	5	3.49	0	0	1.412	-1.262
33	5	1.76	1	1	-1.087	-0.4662
33	5	0.1956	0	0	1.945	-0.07442
33	5	5.211	0	0	-1.415	-1.512
33	5	1.785	0	1	1.796	1.297
33	5	0.8037	1	0	-1.017	0.6018
33	5	3.848	1	1	-0.1948	-0.2604
33	5	3.311	1	1	-1.283	0.1182
33	5	5.35	1	1	-0.1754	-0.1519
33	5	0.8736	0	0	0.01122	-0.8047
33	5	3.54	1	1	0.228	-0.1785
33	5	5.529	1	1	0.4947	1.441
34	5	0.4501	1	1	2.137	1.687
34	5	1.347	0	1	0.9154	0.1387
34	5	1.744	1	1	1.239	-0.1167
34	5	1.024	1	1	0.7018	-0.5097
34	5	3.105	1	1	0.5215	-0.9421
34	5	0.2645	1	0	-0.3754	-0.08688
34	5	2.024	1	1	0.8981	1.14
34	5	0.9298	0	1	0.9322	0.1117
34	5	1.062	0	0	-0.2006	-0.2402
34	5	0.8679	0	1	1.013	1.806
34	5	3.488	1	1	-0.8427	2.06
34	5	0.6019	0	0	1.092	1.274
34	5	5.384	0	0	-0.8292	-1.076
34	5	3.561	1	1	1.375	0.5762
34	5	1.693	1	1	-0.5328	-0.2087
34	5	1.955	1	1	1.153	0.7051
34	5	5.379	1	1	-0.9034	-0.6196
34	5	0.7032	1	1	-1.251	0.416
34	5	0.8223	1	0	-0.09485	-0.8571
34	5	3.67	1	1	-1.416	0.416
34	5	1.913	0	0	0.2228	0.62
34	5	3.711	0	0	-0.9841	0.509
34	5	5.322	1	1	-0.6757	1.46
34	5	0.5615	0	0	-0.03097	1.43
34	5	1.815	1	0	1.333	0.269
34	5	0.6567	0	1	1.153	0.4861
34	5	0.6621	1	1	-0.01437	0.1654
34	5	5.092	0	0	0.9202	-1.218
34	5	5.184	0	0	0.2352	-0.9421
34	5	0.7693	1	0	0.9068	0.2178
34	5	3.669	1	1	-1.051	-0.4392
34	5	2.087	1	1	0.8326	1.445
34	5	0.759	1	1	-0.2791	-0.147
34	5	3.399	0	0	-0.5185	-1.17
34	5	0.6205	0	1	1.88	1.174
34	5	3.391	1	1	-2.095	-0.2087
34	5	0.677	0	0	-0.6929	-1.218
34	5	1.869	0	0	0.775	-0.8571
34	5	0.4719	0	1	-0.3314	1.43
34	5	5.119	0	0	-1.905	-1.709
34	5	3.571	1	1	-0.3045	0.1387
34	5	0.5246	0	0	-0.1984	-1.031
34	5	1.688	1	0	0.6899	-1.423
34	5	5.737	0	0	-0.7798	-1.709
34	5	0.222	0	1	0.1087	0.02872
34	5	5.431	0	0	-0.5718	-2.108
34	5	5.516	1	1	-0.7635	0.4396
34	5	3.192	0	0	1.345	-1.031
34	5	5.313	1	1	-2.098	0.269
34	5	1.849	0	0	-0.5796	-0.5457
35	5	1.731	1	1	1.137	-0.407
35	5	0.6909	1	1	-0.916	0.04901
35	5	1.431	0	0	-0.4395	0.431
35	5	0.5397	0	0	-0.3416	-0.8486
35	5	1.883	0	0	-1.097	-0.7273
35	5	3.561	0	0	-1.107	-1.985
35	5	5.458	0	0	-0.8645	-1.76
35	5	0.7662	1	1	-0.8473	0.6581
35	5	3.747	1	1	-1.558	1.082
35	5	1.78	0	0	0.5638	-1.625
35	5	3.735	0	0	-0.1361	0.6757
35	5	1.014	1	1	-0.05452	1.068
35	5	5.674	1	1	0.2628	0.6932
35	5	0.5218	0	1	-0.3073	0.07393
35	5	3.647	1	1	-0.1735	-0.0812
35	5	1.815	0	1	-0.3508	0.2165
35	5	5.441	0	0	-0.01779	-1.326
35	5	5.418	0	0	0.497	-1.76
35	5	3.449	1	1	0.2425	-0.2514
35	5	1.852	0	0	0.9407	-1.382
35	5	3.891	1	0	0.9949	-1.499
35	5	0.9012	1	1	0.08516	0.7105
35	5	0.3705	0	0	-1.349	-1.382
35	5	0.9979	1	1	-1.814	0.04901
35	5	3.622	0	0	-2.175	-0.7668
35	5	5.141	0	0	-1.036	-1.119
35	5	5.064	1	1	0.07275	0.7446
35	5	3.42	1	1	-1.67	0.9814
35	5	5.424	1	1	0.7344	1.304
35	5	1.446	0	0	0.6128	0.3902
35	5	0.8136	0	0	0.15	-1.382
35	5	2.071	1	1	-0.6608	1.292
35	5	0.2242	0	1	0.3165	1.242
35	5	1.998	1	1	0.627	-0.05438
35	5	5.396	1	1	0.01492	0.5482
35	5	0.6796	0	1	1.288	0.2836
35	5	0.2987	0	0	1.054	1.216
35	5	0.2856	1	1	0.1986	1.566
35	5	0.5209	1	0	1.275	-0.1084
35	5	1.105	1	0	0.377	0.4107
35	5	0.6465	1	0	-0.3996	0.3055
35	5	0.6501	1	1	1.257	1.513
35	5	0.9708	1	1	0.7957	1.054
35	5	1.809	0	0	0.7261	0.02373
35	5	0.2982	1	0	1.141	-0.05438
35	5	3.741	0	0	0.4609	-0.9343
35	5	5.579	0	0	-0.9486	-1.119
35	5	0.4476	0	0	-0.4899	1.587
35	5	3.499	0	0	1.655	0.6581
35	5	5.718	1	1	1.365	-0.2514
36	5	0.74	1	1	1.682	1.695
36	5	3.472	1	1	-1.322	-0.6843
36	5	0.5837	1	1	-0.7675	0.07095
36	5	1.525	1	1	0.5358	0.2302
36	5	3.576	0	0	0.2809	0.3055
36	5	3.685	1	1	0.03807	0.33
36	5	0.4601	0	0	0.4857	0.3542
36	5	3.348	1	1	-0.8485	0.2045
36	5	0.5359	0	1	-0.3515	0.7878
36	5	5.455	1	1	-1.138	0.1254
36	5	5.413	1	1	-0.6686	-0.6452
36	5	1.753	0	0	-0.1816	-0.2567
36	5	5.393	0	0	-0.2913	-1.554
36	5	3.607	1	1	0.4532	0.7282
36	5	1.483	1	1	1.098	0.2045
36	5	1.164	0	1	-0.1472	0.4252
36	5	5.633	0	0	-1.031	-0.9361
36	5	0.9412	0	0	-0.4392	-0.7243
36	5	0.2398	0	1	0.9601	0.3542
36	5	1.018	0	1	-0.3488	0.4713
36	5	1.858	1	0	1.148	-1.074
36	5	3.693	0	0	-0.5552	0.2807
36	5	5.34	0	0	-0.5164	-2.098
36	5	0.4324	1	1	-0.4513	-0.1315
36	5	0.9756	0	0	1.898	0.7483
36	5	5.77	1	1	0.3738	-0.4596
36	5	0.6257	1	0	-0.4164	-1.327
36	5	3.68	1	1	0.3925	0.9021
36	5	5.54	0	0	-1.937	1.114
36	5	0.8166	0	0	-1.225	-1.172
36	5	1.792	0	1	-0.2965	-0.1932
36	5	1.923	0	0	0.1891	0.4018
36	5	5.661	1	1	0.6651	0.0432
36	5	3.076	0	0	0.7335	2.024
36	5	5.312	0	0	-0.445	-2.527
36	5	0.4063	0	1	1.492	1.733
36	5	0.509	1	0	-0.9316	-2.177
36	5	5.528	0	0	-0.7484	-1.615
36	5	1.689	1	1	1.375	0.9206
36	5	1.803	1	1	2.252	0.9389
36	5	0.6353	1	1	-0.4791	1.259
36	5	3.543	1	0	-0.3898	-0.1932
36	5	1.871	1	1	0.07545	-0.04234
36	5	0.7284	0	1	-0.484	0.957
36	5	1.105	1	1	-0.6131	-0.04234
36	5	0.6274	1	0	0.443	-0.1315
36	5	0.9049	1	1	-1.283	0.4018
36	5	3.582	0	0	-2.438	-1.437
36	5	1.926	1	1	-0.1293	0.5822
36	5	0.7982	0	1	0.4704	0.8266
37	5	1.26	1	0	1.235	-1.16
37	5	0.5992	0	0	-0.08277	0.3506
37	5	0.6474	1	1	0.7072	1.585
37	5	0.7493	1	1	0.11	1.417
37	5	0.4061	1	0	0.5808	1.776
37	5	0.7732	0	1	0.8533	0.3506
37	5	1.32	0	0	-0.5841	0.3506
37	5	5.217	0	0	-1.035	-1.477
37	5	0.5197	0	1	1.027	0.224
37	5	5.356	1	1	0.3832	-0.08912
37	5	5.39	1	1	-0.166	-0.4954
37	5	2.94	1	1	0.3944	0.4114
37	5	3.604	1	1	0.134	0.09004
37	5	1.714	0	1	0.7922	0.1243
37	5	0.03753	1	1	-2.178	-0.05216
37	5	5.865	1	1	0.04782	-0.1267
37	5	3.583	1	0	0.6082	0.224
37	5	3.586	1	0	0.744	0.746
37	5	1.552	0	1	-0.09462	-0.08912
37	5	1.789	0	1	-0.3432	0.746
37	5	3.707	1	1	-0.2643	-0.2834
37	5	2.408	0	0	0.425	-1.102
37	5	5.568	1	1	-0.433	0.4997
37	5	0.4216	0	0	-0.8042	0.4114
37	5	1.566	0	0	0.2566	1.708
37	5	0.8868	1	0	-0.03621	0.0553
37	5	5.006	0	0	0.06304	-1.844
37	5	1.1	0	0	0.1265	-1.22
37	5	5.342	0	0	0.4336	-0.1649
37	5	1.816	1	1	1.45	1.742
37	5	0.7503	0	0	-0.188	-0.4954
37	5	0.5132	0	0	-1.16	-2.821
37	5	1.258	0	0	-2.599	0.224
37	5	0.9961	1	1	1.623	0.158
37	5	3.586	0	0	-0.4772	-1.617
37	5	1.003	1	0	-0.2474	-1.102
37	5	1.662	1	1	-0.2107	-0.3659
37	5	1.676	1	0	-0.5563	-1.16
37	5	0.3326	0	0	0.2733	-0.08912
37	5	3.322	0	0	-0.2624	-0.586
37	5	0.4135	1	1	0.6786	1.475
37	5	0.3511	1	1	0.06265	1.585
37	5	5.232	0	0	-0.7851	-0.4083
37	5	5.146	0	0	-2.371	-1.617
37	5	0.9801	1	1	-0.209	0.8225
37	5	3.913	1	1	-0.1464	0.224
37	5	5.131	1	1	1.131	0.6397
37	5	3.303	0	0	1.653	0.8722
37	5	1.914	1	1	-0.1011	0.3812
37	5	3.889	0	0	0.0628	-0.8294
38	5	0.5635	1	1	1.486	0.9365
38	5	1.791	1	1	-0.7643	-0.2213
38	5	5.777	1	1	0.11	-0.8887
38	5	3.564	1	1	-0.6705	-0.1439
38	5	5.378	1	0	0.5337	-0.03181
38	5	0.489	1	1	-0.3064	1.291
38	5	5.712	1	1	-0.4701	-0.741
38	5	3.62	1	1	-1.022	-1.329
38	5	0.6326	0	1	0.8216	0.4361
38	5	3.341	1	0	-0.2004	0.5558
38	5	5.337	1	1	-0.07102	0.2456
38	5	0.8556	0	0	0.6452	-0.992
38	5	0.2896	1	1	-0.004194	1.011
38	5	0.7538	1	1	0.3247	0.753
38	5	1.693	1	0	0.05326	1.247
38	5	0.7053	0	1	0.08218	0.1106
38	5	5.272	0	0	-2.099	-2.925
38	5	0.5041	0	0	0.2909	0.8332
38	5	5.386	0	0	0.7567	0.6703
38	5	0.6103	1	1	0.02173	0.4361
38	5	1.852	0	0	-0.8141	-1.329
38	5	0.9013	0	0	-0.3842	-1.155
38	5	0.6964	0	1	-0.2218	1.442
38	5	1.155	1	1	-0.06805	0.145
38	5	1.958	1	0	0.4486	0.04034
38	5	0.8685	1	1	-1.956	0.2125
38	5	0.9414	0	0	-0.07629	-0.992
38	5	1.691	0	0	-0.09603	-0.8887
38	5	3.907	0	1	0.1666	-0.342
38	5	1.881	1	1	0.2101	0.4966
38	5	0.6872	0	1	0.02488	1.357
38	5	3.823	0	0	0.7778	-1.389
38	5	5.386	0	0	-0.08474	-0.2213
38	5	3.521	0	0	0.4924	-0.2213
38	5	5.404	1	1	-0.8967	0.2456
38	5	3.674	1	1	-1.381	0.4665
38	5	0.1577	0	0	1.345	-1.212
38	5	5.135	1	1	1.711	0.3107
38	5	0.2356	0	0	-1.807	-0.5562
38	5	5.35	0	0	0.4701	-0.992
38	5	1.672	1	0	-0.1862	-1.212
38	5	3.403	0	1	0.266	1.011
38	5	3.591	0	0	0.275	-2.251
38	5	3.29	0	0	0.2	-0.2609
38	5	2.254	1	1	0.6624	0.2784
38	5	0.7711	0	0	2.107	1.442
38	5	2.114	1	1	1.037	0.9365
38	5	1.784	0	0	0.634	0.4665
38	5	1.123	1	1	-0.6379	1.178
38	5	0.7132	0	1	0.3624	1.738
39	5	0.4242	1	1	-0.2904	-0.4257
39	5	5.506	1	1	0.5977	0.1151
39	5	3.851	1	1	0.3257	0.1678
39	5	1.686	0	0	1.72	-1.289
39	5	5.49	1	1	-0.4959	0.2192
39	5	3.668	0	0	-0.3239	-1.006
39	5	5.141	0	0	0.5338	-1.859
39	5	3.803	0	0	0.1473	-1.051
39	5	0.7136	1	1	-1.668	-0.8358
39	5	0.3863	1	0	0.06398	1.175
39	5	0.4008	1	1	-1.557	-0.1388
39	5	1.192	1	1	-0.9331	0.9121
39	5	3.394	1	1	-0.431	0.1416
39	5	5.492	0	0	-0.003241	-1.34
39	5	0.7616	1	1	0.3261	-0.05091
39	5	3.458	1	1	0.5211	0.5927
39	5	3.14	1	1	-0.4734	0.08827
39	5	1.56	1	1	0.9067	-0.4257
39	5	5.53	0	0	-1.129	-1.5
39	5	0.8842	1	1	-0.1834	-0.07983
39	5	3.598	0	1	0.7412	1.334
39	5	1.14	0	1	-0.2064	-0.5662
39	5	5.05	0	0	0.1585	-1.672
39	5	0.6383	0	1	0.4566	0.2192
39	5	1.201	1	1	-0.5589	0.9489
39	5	0.4646	0	1	1.84	1.287
39	5	0.6968	1	1	-1.398	-0.6399
39	5	3.639	0	0	0.1532	-0.4948
39	5	0.118	1	1	0.8708	1.175
39	5	5.493	1	1	-1.428	-0.46
39	5	1.815	0	0	-0.8614	0.03364
39	5	3.673	1	1	0.6459	0.005816
39	5	5.39	0	0	-1.469	-1.733
39	5	5.517	0	0	-0.9368	-1.795
39	5	1.219	0	1	0.7823	1.125
39	5	0.03991	1	0	1.378	1.056
39	5	2.097	1	1	-0.1387	-0.1994
39	5	1.844	1	1	-0.2526	0.6769
39	5	0.2457	0	1	0.8317	1.511
39	5	1.581	1	1	-1.405	-0.4948
39	5	0.4583	0	0	0.4344	1.553
39	5	3.446	0	1	0.07695	1.935
39	5	1.753	0	0	0.8237	-0.4257
39	5	1.675	0	0	-0.2042	-0.2936
39	5	1.465	0	0	0.6175	0.2695
39	5	0.9897	0	1	-0.4678	2.072
39	5	0.6967	0	1	0.1884	0.5493
39	5	5.403	1	1	-0.5537	-1.191
39	5	1.841	0	0	-0.1583	-0.1994
39	5	0.7668	1	1	-2.028	1.003
40	6	0.6524	0	0	-0.2679	-0.4304
40	6	5.604	1	1	-1.254	-0.75
40	6	3.458	1	1	-0.8348	-0.4631
40	6	2.04	1	1	-0.3442	-0.002506
40	6	5.188	0	0	-0.08006	-1.589
40	6	3.599	1	1	-1.099	0.4007
40	6	0.8039	1	1	-0.3275	0.987
40	6	1.674	0	1	-0.3249	1.084
40	6	2.026	0	0	-1.807	-0.3983
40	6	5.421	1	1	-1.375	-0.4965
40	6	1.633	1	1	-0.6962	0.4007
40	6	3.451	1	1	-0.1066	0.7435
40	6	0.9942	0	1	-0.4692	0.319
40	6	1.86	1	1	-0.6439	0.7435
40	6	0.3543	1	1	0.4486	1.611
40	6	1.888	0	0	-1.465	-0.6367
40	6	0.6669	1	1	-0.6798	0.4007
40	6	0.4178	0	1	-0.2226	0.4788
40	6	5.72	1	1	-0.6643	-0.2174
40	6	0.4143	1	1	-0.561	0.7271
40	6	5.533	0	0	-1.598	-1.466
40	6	3.775	0	0	-0.8676	-1.297
40	6	1.049	0	1	-0.1376	1.213
40	6	5.095	1	1	-3.406	-0.8299
40	6	1.014	1	1	1.33	0.987
40	6	2.021	1	0	0.4894	1.499
40	6	0.7784	0	1	-0.02582	0.5165
40	6	3.717	1	1	-0.115	0.319
40	6	0.7693	0	0	-0.7456	-0.8299
40	6	5.473	0	0	-0.3191	-1.193
40	6	0.4069	0	1	-0.0562	1.725
40	6	2.051	0	0	-0.3646	0.3603
40	6	0.4971	0	0	-2.546	0.7105
40	6	3.735	1	1	0.7532	0.8077
40	6	3.707	0	0	-0.8204	-1.193
40	6	3.699	1	1	-0.8873	0.255
40	6	0.359	0	0	-1.721	-0.75
40	6	5.475	0	0	-1.737	-1.466
40	6	1.769	0	0	1.641	1.85
40	6	5.423	0	0	-2.311	-1.589
40	6	0.8677	1	0	-1.558	-1.193
40	6	3.367	0	0	-1.162	-2.104
40	6	1.836	1	0	0.8735	-0.6367
40	6	0.137	1	1	0.0007593	0.9146
40	6	1.185	1	1	0.935	1.001
40	6	1.075	1	1	-0.1918	1.456
40	6	3.464	1	1	-1.176	0.3603
40	6	0.3427	0	0	-4.519	-0.75
40	6	5.394	0	0	-1.634	-1.095
40	6	0.9877	0	0	0.0785	-0.4965
41	6	0.5031	0	1	1.106	0.487
41	6	0.6523	0	1	-0.3805	-0.3088
41	6	2.078	0	0	-0.6898	-2.312
41	6	5.285	1	1	-0.2484	1.403
41	6	0.9626	1	1	-0.2302	0.6688
41	6	0.8345	0	1	-1.445	0.3558
41	6	3.505	1	1	-0.3718	-0.8495
41	6	1.885	1	1	0.9316	1.147
41	6	1.876	1	0	1.059	1.429
41	6	1.804	1	0	0.4991	-0.3406
41	6	0.8844	1	1	0.5758	1.63
41	6	3.771	0	0	-0.7296	-0.8913
41	6	2.115	0	0	-0.4561	-1.023
41	6	3.609	1	0	0.9687	-0.2774
41	6	1.11	0	0	-0.7963	-0.543
41	6	0.3738	1	1	0.2857	0.6298
41	6	5.313	1	1	-1.395	0.487
41	6	3.905	0	0	2.25	-0.3406
41	6	3.541	1	1	-0.3286	-0.3406
41	6	5.421	0	0	0.9359	-1.921
41	6	3.446	1	1	0.6115	-0.1279
41	6	0.5381	1	0	0.753	-0.2466
41	6	1.612	0	0	0.3409	-0.543
41	6	1.787	0	0	-0.5653	-0.04323
41	6	5.572	0	0	-0.7289	-1.656
41	6	0.397	0	0	-0.9892	-1.314
41	6	1.952	1	0	-0.2261	-1.068
41	6	0.4593	0	1	0.09434	1.038
41	6	3.364	1	1	-2.778	-0.4392
41	6	0.5303	1	1	1.06	1.79
41	6	3.798	0	0	-0.6118	-1.262
41	6	3.403	0	0	1.063	-1.314
41	6	0.9885	0	0	-1.007	-0.543
41	6	1.854	0	1	1.307	0.8705
41	6	1.292	0	1	1.256	1.642
41	6	0.3987	0	0	-1.074	-0.6524
41	6	5.606	1	1	-0.1389	-0.1863
41	6	0.4542	0	0	0.8221	0.01126
41	6	0.8563	0	0	0.471	0.9222
41	6	3.321	1	1	0.323	1.221
41	6	5.657	1	1	-0.843	-0.543
41	6	5.458	1	1	0.5366	1.192
41	6	1.099	0	0	0.9823	1.469
41	6	0.6826	1	1	-0.2209	0.1413
41	6	4.98	1	1	-0.9696	-0.3406
41	6	5.709	0	0	0.1218	-0.8495
41	6	1.83	1	1	1.38	1.469
41	6	5.219	0	0	1.264	-0.5788
41	6	0.7578	0	1	0.9589	0.763
41	6	0.4264	1	1	-1.47	0.09028
42	6	3.593	0	0	1.503	-0.9967
42	6	5.22	0	0	0.1057	-1.802
42	6	2.275	1	1	-2.872	-0.07832
42	6	0.5191	1	0	1.229	1.44
42	6	3.695	0	0	0.1076	0.6674
42	6	0.934	0	0	-1.243	0.3989
42	6	2.055	1	1	1.245	0.5119
42	6	5.433	1	0	2.14	1.555
42	6	5.386	0	0	0.1842	1.032
42	6	0.5707	1	0	0.3517	-0.247
42	6	1.931	0	0	-0.4585	-0.9967
42	6	3.352	0	0	-0.335	-1.096
42	6	1.921	1	0	0.3266	0.04938
42	6	3.092	0	0	-0.3912	-1.096
42	6	1.632	0	0	0.6599	-1.507
42	6	3.178	0	0	-0.1807	-1.259
42	6	0.6056	0	1	0.3506	0.5478
42	6	3.666	0	0	-0.815	-1.046
42	6	5.331	0	0	0.09313	-0.7725
42	6	3.463	1	1	0.6948	0.4564
42	6	0.8262	1	1	0.1549	0.1899
42	6	0.6689	0	0	-2.138	-0.5768
42	6	0.58	1	1	1.034	1.43
42	6	1.721	1	0	-0.5228	-0.4363
42	6	1.844	1	0	-1.476	0.4564
42	6	1.751	0	0	-0.8212	-0.5049
42	6	0.8632	1	1	0.4579	0.8529
42	6	1.018	1	1	0.4218	0.1899
42	6	5.498	0	0	0.1631	-0.7725
42	6	5.695	0	0	1.629	-1.149
42	6	3.563	1	1	2.138	1.271
42	6	0.9014	1	1	-0.3153	-0.9031
42	6	0.2751	0	0	-0.1874	-0.1887
42	6	0.8862	1	1	-0.8357	0.02467
42	6	0.5376	0	0	1.017	0.0737
42	6	3.92	0	1	-0.7184	1.679
42	6	5.739	0	1	-0.1161	1.754
42	6	3.253	0	0	0.01779	-0.7725
42	6	0.9874	1	0	1.317	-2.646
42	6	5.148	1	1	-0.0879	0.2556
42	6	0.8629	0	0	-0.02196	0.53
42	6	0.7886	0	0	2.084	-0.1887
42	6	1.461	1	0	0.1194	-0.9967
42	6	5.355	1	1	-1.288	-0.247
42	6	0.6825	1	1	-0.5037	1.42
42	6	2.098	1	0	0.9866	-0.4702
42	6	0.2736	1	0	-0.4685	1.057
42	6	5.591	0	0	-0.05047	1.527
42	6	0.6121	1	1	0.3596	0.7629
42	6	0.6034	1	1	0.5256	0.6173
43	6	0.08457	0	1	0.4503	-0.2777
43	6	1.22	1	1	-0.8516	-0.5433
43	6	0.4684	1	1	0.7805	-0.4812
43	6	3.574	1	1	0.04044	0.144
43	6	1.548	1	1	0.9213	1.002
43	6	1.653	1	1	-0.3625	0.3956
43	6	1.155	1	1	1.259	0.7218
43	6	0.6611	0	1	0.06373	1.861
43	6	3.47	0	0	0.4079	-1.126
43	6	3.74	0	0	0.3327	0.4152
43	6	1.447	1	1	1.741	1.714
43	6	0.398	0	1	-0.1137	0.6711
43	6	1.911	1	0	0.2229	0.3356
43	6	3.796	1	1	-0.3129	-0.6075
43	6	5.609	1	1	0.04316	-0.4209
43	6	0.4248	1	0	0.8169	0.5472
43	6	1.059	0	0	0.105	-0.5752
43	6	1.167	0	0	1.342	0.3152
43	6	5.597	1	1	1.773	1.196
43	6	1.845	0	0	-0.4827	-1.303
43	6	1.044	0	1	-0.248	1.926
43	6	1.629	0	0	-2.178	-0.1441
43	6	0.7315	1	0	0.4978	1.642
43	6	0.8715	1	1	-0.07183	0.6012
43	6	5.52	0	0	2.039	-0.8135
43	6	5.284	1	1	2.431	0.07576
43	6	5.647	0	0	-0.617	-1.169
43	6	5.07	0	0	-1.652	-0.8135
43	6	3.613	1	1	-0.6906	-0.4209
43	6	5.246	0	0	-0.362	-1.83
43	6	1.505	0	0	0.05389	-1.35
43	6	0.4389	1	1	0.1243	0.8356
43	6	0.8991	0	0	1.576	-0.6404
43	6	0.4912	0	1	1.221	1.556
43	6	0.04226	1	1	0.545	0.6012
43	6	3.172	1	1	1.431	0.05249
43	6	1.703	0	0	0.307	-0.01899
43	6	0.1777	1	1	1.687	0.1662
43	6	1.552	1	0	-0.4259	-0.6075
43	6	0.05124	1	1	0.6531	0.755
43	6	3.437	1	1	0.1433	1.523
43	6	0.7106	0	1	1.553	0.913
43	6	3.379	0	0	-0.7331	-1.891
43	6	5.356	1	1	0.4918	0.3758
43	6	3.375	0	0	-0.4067	-1.713
43	6	1.798	0	0	1.9	0.09876
43	6	3.63	0	0	-0.4842	-1.77
43	6	5.38	1	1	-0.7398	-0.1441
43	6	5.38	0	0	-1.303	-1.447
43	6	0.4159	1	1	1.019	-0.3337
44	6	3.45	1	1	-0.8947	-0.7644
44	6	3.967	0	0	-1.17	-0.5211
44	6	5.533	1	0	-0.2143	-2.031
44	6	1.224	1	0	-0.742	-0.1702
44	6	1.697	0	0	0.7378	0.5795
44	6	1.931	0	0	-0.1283	0.1016
44	6	1.079	0	0	0.9026	0.07312
44	6	3.407	1	1	0.929	0.7723
44	6	0.1665	0	1	0.5689	1.603
44	6	1.745	0	0	-0.6382	0.6239
44	6	0.7745	1	0	2.063	0.1297
44	6	1.078	0	0	-0.6168	-0.5211
44	6	1.902	0	0	-0.3187	1.309
44	6	1.929	1	0	0.1275	-0.1702
44	6	3.848	0	0	-0.9903	-1.302
44	6	0.9396	0	1	-0.3024	0.6888
44	6	1.071	1	1	-1.254	-0.1382
44	6	5.398	0	0	-0.3028	-1.538
44	6	0.931	1	0	0.3838	0.1848
44	6	1.891	1	1	-0.2329	2.173
44	6	1.607	1	0	-0.3441	-0.5211
44	6	0.7199	1	1	0.7872	1.278
44	6	0.187	1	1	0.621	0.3418
44	6	5.633	0	0	-0.4883	-1.805
44	6	0.8032	1	1	0.5024	1.723
44	6	1.073	0	1	0.6169	0.6888
44	6	0.9001	1	0	0.4779	-0.07555
44	6	0.4371	0	1	0.1475	0.9673
44	6	5.087	0	0	-1.526	-2.031
44	6	5.637	0	0	-0.0763	-1.247
44	6	3.836	0	0	-0.2224	-1.417
44	6	4.936	0	0	-0.1774	-1.417
44	6	3.91	1	1	2.235	1.461
44	6	5.482	0	0	-2.355	-1.09
44	6	1.953	1	1	1.144	0.5569
44	6	3.647	1	1	-0.8537	-0.1702
44	6	5.395	1	1	1.856	0.8525
44	6	0.4946	1	0	0.2012	-0.4095
44	6	0.432	1	0	-3.149	-0.7218
44	6	0.8695	1	1	0.1102	0.3915
44	6	5.25	0	0	0.4075	-1.193
44	6	1.451	1	1	-0.2856	0.1016
44	6	0.199	1	1	-1.589	0.1574
44	6	0.4709	1	1	1.063	0.8128
44	6	3.573	0	0	0.08731	0.8721
44	6	0.8774	0	0	-0.03622	0.7926
44	6	3.491	0	0	-0.02047	-0.3382
44	6	5.254	0	0	2.661	1.022
44	6	1.817	1	1	-0.1281	0.01493
44	6	3.718	0	0	-1.533	-0.6801
45	6	3.718	0	0	0.4846	-1.475
45	6	1.813	1	0	0.06752	1.562
45	6	5.548	0	0	-1.725	-1.796
45	6	0.4936	0	1	-0.4039	1.443
45	6	5.047	1	1	-2.175	0.1866
45	6	1.838	1	0	-0.4776	1.454
45	6	5.704	1	1	-2.425	-0.006725
45	6	3.417	0	0	-0.5316	-0.7215
45	6	0.3378	0	0	0.0585	0.34
45	6	0.1496	1	1	-0.2458	1.895
45	6	3.721	0	0	0.1938	-0.5745
45	6	0.7124	1	0	-0.1199	-0.006725
45	6	5.464	1	1	-1.34	1.266
45	6	1.834	1	1	1.071	0.6118
45	6	5.412	1	1	0.0147	0.4019
45	6	2.113	1	0	-1.569	-0.2827
45	6	5.077	0	0	-1.82	-1.105
45	6	1.747	0	0	0.1925	-0.7998
45	6	5.509	0	0	0.1383	-1.203
45	6	0.7887	1	0	2.202	-0.3435
45	6	1.248	1	1	0.7363	0.5754
45	6	0.1829	1	1	-0.07525	0.6823
45	6	3.545	0	0	0.7729	-0.6836
45	6	0.8707	0	0	0.6073	-1.254
45	6	0.4651	0	0	0.8403	-0.5745
45	6	3.335	1	1	0.3021	0.2759
45	6	0.8815	1	1	0.7877	1.29
45	6	0.712	0	0	0.5248	-0.8818
45	6	0.8093	1	1	1.437	0.5004
45	6	2.011	0	0	-0.4981	-0.8818
45	6	5.3	1	1	-0.5884	-0.05858
45	6	5.228	0	0	-1.242	-1.796
45	6	3.776	0	0	-1.52	-1.154
45	6	2.067	0	1	1.783	0.6823
45	6	1.918	1	1	0.4467	1.027
45	6	0.3591	1	0	1.129	0.3189
45	6	3.358	1	1	-0.3406	-0.1393
45	6	5.496	0	0	0.02039	0.8313
45	6	3.484	1	1	-1.034	0.5004
45	6	3.831	0	1	0.5814	1.779
45	6	0.9116	0	1	-0.5839	1.228
45	6	0.7964	0	1	-0.01058	1.228
45	6	0.08274	0	0	-0.8442	0.5754
45	6	1.128	1	0	-1.716	-0.9678
45	6	2.081	0	0	-1.475	-0.03246
45	6	0.8036	0	0	0.1756	-0.1393
45	6	1.933	0	0	-1.864	-1.203
45	6	0.7415	1	0	-2.741	-2.19
45	6	1.134	0	0	0.3431	-0.3747
45	6	3.677	1	0	0.3459	-0.006725
46	6	5.417	0	0	-0.9571	-1.363
46	6	5.452	0	0	0.8047	-0.4274
46	6	3.732	1	1	0.1952	0.7648
46	6	3.892	0	0	0.2196	0.1012
46	6	0.2791	1	0	1.69	1.182
46	6	0.5853	0	0	1.331	0.8315
46	6	1.175	1	1	0.684	0.7373
46	6	0.456	1	0	0.3899	-0.2147
46	6	3.717	0	0	1.041	0.3828
46	6	0.3034	1	1	-0.268	0.1616
46	6	1.902	1	0	0.9228	-0.1656
46	6	3.553	1	1	0.8987	1.062
46	6	1.932	1	0	0.6321	0.5621
46	6	1.947	1	1	-1.063	0.6666
46	6	0.9642	1	1	0.6358	0.1812
46	6	5.3	0	0	-1.299	-0.9611
46	6	3.823	0	0	0.4655	-1.828
46	6	0.6314	1	0	-0.4318	-1.363
46	6	3.657	0	0	-0.7222	-0.3443
46	6	5.478	0	0	-0.8437	-1.969
46	6	3.589	1	1	-0.219	0.1012
46	6	1.124	0	0	-0.4703	-1.414
46	6	1.768	0	0	1.232	-1.638
46	6	5.458	1	0	0.902	-1.638
46	6	1.069	0	1	0.7137	1.304
46	6	3.682	0	0	1.273	0.348
46	6	5.606	1	1	0.144	-0.5761
46	6	0.8182	1	0	0.7423	-0.3716
46	6	0.09678	0	1	1.431	1.435
46	6	0.5254	0	1	1.505	1.767
46	6	0.5458	1	1	-1.8	1.361
46	6	0.3226	1	0	0.9375	0.7373
46	6	1.698	0	1	-0.1321	0.4169
46	6	0.7843	1	0	0.5107	0.5621
46	6	1.16	1	0	-0.2445	0.8051
46	6	0.332	0	1	1.785	0.1216
46	6	3.59	0	0	-0.773	-1.127
46	6	0.9075	1	0	-0.5058	1.986
46	6	1.629	1	1	1.149	0.2943
46	6	0.7142	0	1	0.7032	0.7918
46	6	1.716	0	0	-0.3742	-0.9611
46	6	0.9368	0	0	0.4616	-1.172
46	6	1.851	0	1	0.3366	1.479
46	6	3.613	1	1	-1.98	-0.4561
46	6	1.667	1	1	-1.492	0.1012
46	6	1.758	1	0	0.1995	-0.118
46	6	5.331	0	0	0.5233	-0.7058
46	6	5.189	1	1	0.25	-0.0717
46	6	5.474	0	0	-0.5281	-1.363
47	6	0.9825	1	1	1.754	0.002264
47	6	0.4917	0	0	-0.8077	-1.375
47	6	1.19	1	0	1.462	-0.07139
47	6	2.032	0	0	0.5219	0.3939
47	6	1.04	0	0	1.125	0.09633
47	6	0.3309	0	0	0.9808	0.652
47	6	0.9465	0	0	0.1227	1.331
47	6	1.129	0	1	0.7013	1.042
47	6	5.412	1	1	-0.488	1.306
47	6	1.368	1	1	-0.5827	1.506
47	6	0.9092	0	0	-0.7786	-0.6835
47	6	0.9676	1	1	0.8364	1.343
47	6	3.774	0	0	-0.4574	-1.189
47	6	1.895	1	1	1.036	0.354
47	6	3.563	0	1	-0.2806	1.367
47	6	5.54	1	1	-1.623	-0.2276
47	6	5.458	0	0	-0.4703	-1.234
47	6	3.538	0	1	0.7553	1.318
47	6	3.546	1	1	0.2019	-0.1221
47	6	5.141	0	0	-0.847	-0.9786
47	6	1.786	0	0	-1.39	-1.527
47	6	0.5756	1	1	0.218	0.5087
47	6	0.7184	1	0	0.113	-0.9786
47	6	0.3843	0	0	0.8573	-0.2549
47	6	1.048	0	0	2.095	0.02621
47	6	1.78	1	1	0.1569	1.028
47	6	3.427	1	1	-0.267	1.379
47	6	1.853	0	0	-0.9403	-0.9392
47	6	5.188	1	0	-1.98	-1.145
47	6	0.5856	1	1	0.4516	1.952
47	6	3.569	1	1	0.4223	1.165
47	6	5.892	1	1	0.1892	-0.1479
47	6	0.1056	0	0	0.1437	-1.692
47	6	0.524	0	0	2.444	0.1417
47	6	1.715	1	1	1.007	-0.2826
47	6	3.428	0	0	1.802	1.472
47	6	0.6781	1	0	0.4335	0.002264
47	6	4.876	1	1	-0.5281	0.02621
47	6	1.705	1	1	0.8452	0.4329
47	6	3.31	1	1	1.069	0.3338
47	6	1.738	1	1	-0.5166	0.2079
47	6	3.674	0	0	-0.2779	-0.8627
47	6	0.7443	0	1	1.22	0.5272
47	6	0.2505	0	1	0.9539	0.4521
47	6	5.177	1	1	-0.04369	0.2927
47	6	0.5167	1	0	-0.03498	-1.145
47	6	5.314	0	0	-0.3607	-1.527
47	6	3.594	0	0	0.9184	-1.189
47	6	1.567	0	0	0.748	-1.81
47	6	5.316	0	0	1.357	-1.279
48	6	0.4317	0	0	1.045	-0.1767
48	6	0.8301	1	1	0.6234	0.5276
48	6	0.6567	0	1	1.345	1.002
48	6	5.261	0	0	-1.31	-1.253
48	6	0.5839	1	1	-0.2679	0.8976
48	6	0.8965	0	1	0.6	0.1549
48	6	5.408	0	0	-1.754	-1.64
48	6	0.5563	0	1	1.05	0.1802
48	6	1.159	1	1	-0.04699	0.6112
48	6	0.5998	0	1	0.4329	0.8976
48	6	3.683	0	1	0.8548	1.724
48	6	3.524	1	1	0.8677	0.1292
48	6	0.554	1	0	1.438	-0.03206
48	6	1.941	0	1	0.5734	1.227
48	6	3.866	1	1	0.4644	-0.3649
48	6	3.516	1	0	1.023	0.9677
48	6	0.8079	1	1	0.0813	1.035
48	6	1.859	0	0	0.1464	-0.03206
48	6	3.371	1	0	0.1928	0.2301
48	6	5.285	0	0	-0.6473	-1.58
48	6	5.23	0	0	-0.2389	-1.969
48	6	0.749	0	0	-0.1655	-1.766
48	6	1.042	0	0	0.1423	-1.253
48	6	1.022	0	0	0.1689	-1.304
48	6	5.498	0	0	0.9914	-1.58
48	6	1.281	1	1	1.062	0.07681
48	6	5.35	0	0	-0.06465	-1.766
48	6	5.259	1	0	-0.1062	0.1292
48	6	3.282	1	1	0.7946	-0.06019
48	6	0.6027	0	1	0.7721	0.7498
48	6	3.349	1	1	-0.03111	0.07681
48	6	1.486	1	1	-0.3848	1.387
48	6	0.3322	0	1	-0.2625	0.4627
48	6	1.266	0	0	0.6028	-0.4658
48	6	3.458	0	0	-1.039	0.05013
48	6	1.567	0	1	-0.2199	0.4627
48	6	0.3498	0	1	-0.736	0.7111
48	6	3.433	1	0	0.76	1.18
48	6	0.3964	1	1	-0.4952	0.3263
48	6	5.153	1	1	-0.3911	-0.5718
48	6	3.51	0	0	-0.2622	-0.9708
48	6	1.461	1	1	1.36	1.429
48	6	1.944	1	0	2.8	1.639
48	6	1.845	1	0	0.1549	0.1292
48	6	1.619	1	1	-1.179	0.5062
48	6	5.289	0	0	-1.45	-1.465
48	6	5.295	1	1	0.3499	-0.398
48	6	2.028	1	1	0.1846	1.443
48	6	1.557	1	0	0.3987	-0.9708
48	6	0.6973	1	0	-0.7088	-0.7223
49	6	3.528	0	0	1.103	-1.847
49	6	0.1549	1	0	1.735	-2.075
49	6	5.396	1	1	0.2357	-0.2027
49	6	1.086	0	0	1.182	0.6767
49	6	1.851	0	1	1.13	1.358
49	6	1.618	1	1	-1.368	-0.07811
49	6	3.695	0	1	1.67	0.6616
49	6	1.105	0	0	-0.5387	0.08176
49	6	3.891	0	0	0.5255	0.2073
49	6	1.504	1	1	0.2595	0.2274
49	6	5.349	0	0	-1.125	-0.5158
49	6	3.651	1	1	-1.616	0.01515
49	6	0.8625	1	1	0.9326	1.224
49	6	0.4012	1	1	1.42	0.8073
49	6	0.262	1	0	1.491	0.5994
49	6	5.231	1	1	-0.05783	1.004
49	6	1.457	0	0	-0.03728	1.348
49	6	3.618	1	1	0.7087	0.361
49	6	1.805	0	1	1.058	1.146
49	6	3.611	0	0	0.5109	-0.4543
49	6	5.486	1	1	-1.123	0.9283
49	6	1.94	1	0	1.009	1.546
49	6	0.3123	0	1	1.158	1.245
49	6	3.278	1	1	-0.4024	0.1665
49	6	1.627	1	1	0.6146	0.4502
49	6	0.3506	1	1	1.264	0.9283
49	6	5.371	1	0	1.359	1.245
49	6	3.734	0	0	-0.477	-0.5158
49	6	0.5933	1	0	-0.7714	0.7933
49	6	0.7812	0	0	0.3916	-1.526
49	6	0.7464	0	0	0.05609	0.6918
49	6	0.3135	1	0	0.4769	-0.5475
49	6	1.076	1	1	-0.4821	0.7792
49	6	0.5369	0	0	0.9567	0.2667
49	6	5.593	0	0	-0.3278	-1.308
49	6	5.632	0	0	-0.273	-0.7159
49	6	5.435	0	0	-1.007	-0.9036
49	6	1.142	1	1	-0.8707	0.6462
49	6	2.081	1	1	0.158	0.286
49	6	0.9723	0	0	0.4651	-0.1517
49	6	1.704	1	1	-0.4881	0.08176
49	6	1.099	1	1	-0.005885	0.4846
49	6	0.4186	0	0	0.4877	-1.308
49	6	5.341	0	0	-1.019	-1.711
49	6	3.624	0	0	-0.9525	-1.711
49	6	3.51	1	1	-1.44	0.08176
49	6	0.3308	0	0	-1.38	-1.647
49	6	0.08235	0	0	0.6727	0.2667
49	6	5.415	0	0	-0.1288	-1.469
49	6	1.972	0	0	-1.015	-1.919
