0	2	0.6916	0	0	4.259	5.074
0	2	0.2536	0	1	0.6272	1.755
0	2	2.094	0	1	0.5113	-0.04889
0	2	1.779	0	1	-1.78	-1.549
0	2	1.041	0	1	1.1	1.452
0	2	5.43	1	1	1.371	1.691
0	2	0.9926	0	1	-1.766	-1.677
0	2	3.517	0	0	0.2025	1.954
0	2	3.641	1	1	-0.6691	-0.4946
0	2	0.6908	1	1	-0.889	-1.222
0	2	5.279	0	0	-0.899	-0.9504
0	2	1.682	1	1	-0.3852	-0.6245
0	2	0.7706	0	1	-0.9574	-1.144
0	2	5.418	1	1	-1.631	-1.264
0	2	2.005	1	1	0.3762	0.3782
0	2	1.991	1	0	-0.03391	-0.02506
0	2	0.4338	1	0	-0.3147	-0.2533
0	2	0.5478	0	0	-0.2653	-0.1039
0	2	5.221	0	0	-0.6741	-0.7953
0	2	0.7896	0	1	-0.5672	0.4431
0	2	1.196	1	1	-0.3441	-0.3517
0	2	5.396	1	1	-0.5654	-0.673
0	2	5.456	0	0	-0.8671	-1.084
0	2	3.708	1	1	0.2415	1.307
0	2	0.4055	1	0	-0.426	-1.069
0	2	1.795	0	1	-0.5453	-0.5373
0	2	5.608	0	0	-1.213	-0.8199
0	2	3.393	1	1	-0.8138	-1.161
0	2	3.44	0	1	0.5956	0.7556
0	2	3.425	1	1	-0.1174	-0.3788
0	2	3.489	0	0	-0.5118	-0.7157
0	2	5.071	0	0	-0.7312	-0.8714
0	2	2.17	0	0	1.21	1.397
0	2	0.1741	0	0	1.105	1.488
0	2	3.676	1	1	-0.7274	-0.6172
0	2	0.6503	1	1	1.033	0.8658
0	2	0.5516	1	1	0.09048	-0.1638
0	2	1.87	0	1	0.07896	-0.1613
0	2	1.308	1	1	1.284	1.557
0	2	3.78	0	0	1.303	1.009
0	2	0.766	1	0	0.2457	0.09665
0	2	5.077	1	1	0.8673	0.9579
0	2	0.9858	1	0	-0.09819	-0.08301
0	2	0.3312	1	1	0.2042	0.09125
0	2	5.275	0	0	1.048	0.7821
0	2	0.1503	0	1	-1.1	-0.9221
0	2	1.959	0	1	1.032	1.02
0	2	0.9787	1	1	-0.09103	-0.241
0	2	1.56	1	1	0.2151	0.06777
0	2	3.577	0	0	0.3902	0.1704
1	2	0.9186	1	1	1.228	1.336
1	2	3.741	0	1	0.5617	0.2461
1	2	3.869	1	1	0.01884	0.06482
1	2	0.6161	0	1	0.9511	1.272
1	2	1.692	0	1	-0.4742	-0.8537
1	2	5.567	0	0	1.368	1.515
1	2	5.431	0	0	0.3857	0.3298
1	2	5.106	0	0	1.02	1.412
1	2	3.393	0	1	0.2216	1.216
1	2	0.5904	1	1	0.734	-0.1723
1	2	0.4327	1	1	0.5832	0.3448
1	2	0.8959	0	0	0.6126	0.07405
1	2	1.964	1	1	0.1316	-0.1453
1	2	0.2444	0	0	-0.1154	0.4611
1	2	0.7499	1	1	-0.6663	-0.2276
1	2	3.754	0	0	-0.2831	-0.1201
1	2	3.936	1	1	-0.3244	-0.4647
1	2	1.673	1	0	0.06329	0.1293
1	2	3.511	0	0	-0.7063	-0.4791
1	2	5.464	1	1	0.1886	-0.2176
1	2	1.775	1	0	2.686	2.37
1	2	0.8725	0	0	1.133	1.09
1	2	5.251	1	1	1.375	1.756
1	2	5.528	1	1	0.4702	0.1496
1	2	0.7129	1	1	2.053	1.652
1	2	5.426	1	1	0.3653	0.335
1	2	1.794	1	0	-0.3615	-0.09358
1	2	0.9054	0	0	1.228	0.9808
1	2	0.1981	0	0	0.8458	0.7139
1	2	1.716	0	0	-1.341	-1.834
1	2	3.691	1	1	-0.3561	-0.5526
1	2	2.085	0	0	-0.6514	-0.8909
1	2	0.5259	0	1	-2.976	-3.766
1	2	0.4982	1	1	0.642	0.6184
1	2	3.528	1	1	-0.8532	-1.533
1	2	0.4504	0	1	-0.3611	-2.058
1	2	5.165	0	0	2.816	2.522
1	2	0.6613	1	1	-0.2679	-0.6793
1	2	1.854	1	1	0.5628	0.8952
1	2	0.2043	1	1	-0.006448	0.02957
1	2	5.038	1	1	-0.6911	-0.8429
1	2	1.654	0	1	-0.3082	-0.1776
1	2	3.461	1	1	0.9143	1.205
1	2	0.4176	1	1	0.1169	-0.1935
1	2	1.246	0	1	0.8608	0.5449
1	2	1.089	0	0	1.158	1.074
1	2	1.661	1	1	-0.567	-0.4868
1	2	5.522	1	1	0.7461	0.5218
1	2	0.9962	0	1	2.241	1.968
1	2	3.505	0	1	2.501	2.486
2	2	0.4667	0	0	1.427	0.7119
2	2	3.541	0	1	0.1316	0.3214
2	2	0.1013	1	1	0.1315	0.1549
2	2	3.696	1	1	0.3089	0.3945
2	2	0.6969	0	1	-0.1586	-0.054
2	2	3.394	1	1	-0.1625	-0.2004
2	2	1.824	0	0	-0.4572	0.2347
2	2	5.398	0	0	-0.5806	-0.7237
2	2	5.36	0	0	1.618	1.349
2	2	0.294	0	0	-0.0859	-0.291
2	2	0.1135	0	1	-0.3592	-0.4631
2	2	1.346	0	1	-0.4556	-0.4291
2	2	0.9692	1	1	2.126	2.216
2	2	1.907	0	1	1.004	1.116
2	2	1.092	0	1	-1.264	-1.017
2	2	3.575	1	1	-1.089	-1.494
2	2	2.091	0	0	0.6408	0.5324
2	2	3.751	1	1	0.364	0.4243
2	2	3.579	1	1	-0.7127	0.07529
2	2	5.512	0	0	1.011	0.8858
2	2	0.5424	1	1	0.4242	0.549
2	2	2.008	1	1	-0.7856	-0.7568
2	2	0.763	0	1	2.03	1.709
2	2	0.1567	1	1	0.08215	0.3641
2	2	0.5001	1	0	0.5853	0.1271
2	2	1.559	1	1	-0.09102	0.02829
2	2	2.062	0	1	0.5255	0.5502
2	2	0.8538	1	1	0.2878	0.3593
2	2	1.726	1	1	-0.7074	-0.2291
2	2	5.358	0	0	0.09117	-0.1098
2	2	1.229	1	1	1.552	1.318
2	2	5.146	1	1	0.9852	1.212
2	2	0.8465	0	1	0.5992	0.7983
2	2	3.394	0	0	1.301	2.074
2	2	1.331	0	0	-0.4667	-0.6249
2	2	3.878	1	1	-0.2774	-0.3264
2	2	0.485	1	0	0.734	0.5192
2	2	5.531	0	0	-0.286	0.2119
2	2	0.5352	0	1	-0.597	-0.5752
2	2	3.32	1	1	-0.5801	-0.652
2	2	1.124	1	0	0.7576	0.04877
2	2	3.44	1	1	0.655	0.6954
2	2	5.223	1	1	-0.4488	-0.04608
2	2	5.17	0	0	-1.006	-0.8149
2	2	2.095	0	1	2.776	2.32
2	2	5.768	1	1	-0.4638	-1.185
2	2	1.241	1	1	0.8695	0.8125
2	2	1.723	0	0	-0.9008	-0.3875
2	2	5.26	0	0	-0.6325	-1.27
2	2	1.904	0	0	1.553	1.481
3	2	5.105	0	0	1.413	2.094
3	2	1.894	1	1	-0.2771	-0.1675
3	2	1.783	0	1	-1.109	-0.4534
3	2	0.2483	0	1	0.8356	0.7206
3	2	5.296	1	1	0.009984	0.1882
3	2	3.438	1	1	-0.454	-0.675
3	2	5.486	0	0	-0.2228	0.08023
3	2	1.031	1	1	-0.5456	-0.3662
3	2	0.4244	1	1	-0.1653	-0.2037
3	2	1.973	0	0	0.6427	0.8387
3	2	0.06242	1	1	-0.2819	-0.1557
3	2	1.109	1	0	-0.8185	-0.7427
3	2	3.541	1	1	0.2005	-0.05817
3	2	1.552	0	1	0.5989	0.321
3	2	0.2195	0	0	0.09369	0.2807
3	2	0.3731	0	1	0.5823	0.1866
3	2	1.642	1	1	0.0568	-0.1328
3	2	5.854	0	0	0.4837	0.3912
3	2	5.373	1	1	-0.189	-0.02228
3	2	0.9751	0	1	0.7625	0.4673
3	2	1.108	1	0	0.1684	-0.4189
3	2	0.7026	1	1	-0.1562	-0.4927
3	2	0.5915	0	0	1.619	1.214
3	2	1.997	1	1	0.4657	0.1269
3	2	3.563	0	1	0.08803	-0.6083
3	2	3.779	1	1	1.683	1.304
3	2	0.3748	1	1	2.171	1.75
3	2	3.732	0	0	0.4444	0.06965
3	2	3.378	1	1	0.01152	-0.5035
3	2	5.405	0	0	0.1183	0.0746
3	2	0.4865	0	1	-0.7035	-0.9791
3	2	3.827	1	1	-0.6696	-1.026
3	2	1.039	1	1	0.1688	0.1434
3	2	0.3228	0	1	-0.4234	-0.6809
3	2	1.694	0	0	-0.7772	-0.8737
3	2	3.716	1	1	-0.6592	-0.8604
3	2	5.258	1	1	-1.29	-1.102
3	2	0.6266	1	1	0.5603	-0.2848
3	2	1.943	1	1	1.061	0.7292
3	2	1.67	1	0	1.875	2.547
3	2	5.322	0	0	0.05516	-0.04044
3	2	1.601	0	0	0.563	0.5587
3	2	3.314	0	0	0.8315	0.5674
3	2	5.287	0	0	0.2939	0.03552
3	2	3.496	1	1	-1.685	-1.915
3	2	0.9367	1	1	0.566	0.2069
3	2	0.8849	1	1	0.6651	0.7369
3	2	0.4801	0	0	-0.8377	-1.039
3	2	0.8848	0	1	1.668	1.561
3	2	5.411	0	0	-0.9088	-1.123
4	2	0.1525	0	0	1.607	1.104
4	2	3.789	0	0	0.04566	-0.4592
4	2	5.084	1	1	-0.7346	-0.9521
4	2	1.545	0	0	0.3167	0.5416
4	2	1.07	1	1	0.02714	-0.4183
4	2	0.4096	1	1	-0.6852	-1.592
4	2	5.565	1	1	0.3603	0.4462
4	2	1.524	1	1	-0.6109	-0.7387
4	2	2	0	0	0.08147	0.4852
4	2	5.511	0	0	1.271	1.439
4	2	0.6462	1	1	2.17	1.86
4	2	3.805	0	0	2.01	1.922
4	2	1.547	0	1	-0.7723	-0.8084
4	2	0.9926	0	1	-0.5683	-0.3253
4	2	0.5909	1	1	0.4934	-0.07617
4	2	3.565	0	0	2.484	2.273
4	2	3.692	0	0	-0.1177	-1.104
4	2	0.4621	1	0	1.172	0.3796
4	2	5.625	1	1	1.026	0.4528
4	2	0.3582	1	1	-0.372	-0.677
4	2	3.471	0	0	-0.772	-0.5064
4	2	0.483	0	0	0.2092	0.2531
4	2	1.477	1	1	0.1941	0.1199
4	2	5.693	1	1	-0.786	-0.4572
4	2	3.929	1	1	0.1624	0.2299
4	2	0.9023	0	0	0.03781	-0.01229
4	2	0.07548	0	1	-1.525	-2.109
4	2	3.798	1	1	1.414	1.091
4	2	3.734	1	1	-1.898	-1.113
4	2	5.428	0	0	0.9981	0.6904
4	2	0.5805	1	0	-1.088	-1.689
4	2	5.36	0	0	-0.2266	0.08659
4	2	5.4	0	0	-0.4623	-0.1393
4	2	3.416	0	0	-0.4016	-0.8734
4	2	1.692	1	1	-0.1213	0.02397
4	2	1.649	0	0	-0.6986	-0.7014
4	2	1.542	0	1	-0.1044	0.1043
4	2	0.8329	0	0	-1.457	-1.645
4	2	0.04881	0	0	-0.79	-0.345
4	2	1.431	1	1	0.5129	0.5161
4	2	3.757	1	1	-1.246	-1.35
4	2	0.857	0	1	-0.2305	0.006085
4	2	0.7434	0	0	-0.4077	-0.4083
4	2	0.5627	1	1	-0.2965	-0.5462
4	2	1.947	1	1	-0.655	-0.8653
4	2	5.04	1	1	-0.2207	-0.468
4	2	0.2296	1	0	-0.0843	-0.2233
4	2	5.532	0	0	-0.2079	-0.8297
4	2	1.563	1	1	-0.7442	-0.7657
4	2	1.099	0	1	-0.1075	0.1363
5	2	4.123	1	1	2.359	2.504
5	2	1.994	1	1	-1.451	-1.553
5	2	3.741	1	1	-0.8919	-0.7568
5	2	0.6075	0	1	-0.1057	-0.2379
5	2	5.293	1	1	0.1806	-0.005565
5	2	1.801	1	1	-0.2268	-0.04486
5	2	3.526	1	1	-0.3134	-0.5031
5	2	3.872	0	0	-1.234	-1.254
5	2	3.282	1	1	0.1124	0.1916
5	2	5.189	0	0	0.6274	0.6561
5	2	3.626	0	0	-0.5383	-0.5517
5	2	0.5858	1	1	-0.6124	-0.343
5	2	3.698	1	1	2.078	2.021
5	2	2.127	0	1	-0.3282	-0.5833
5	2	0.5967	1	1	-0.1562	-0.5976
5	2	0.4649	0	0	-0.2278	-0.004202
5	2	5.493	1	1	-0.1483	0.07589
5	2	1.728	0	0	-1.219	-1.211
5	2	0.6547	0	1	0.3433	0.037
5	2	5.489	0	0	-1.485	-1.892
5	2	5.191	1	1	0.787	0.3818
5	2	5.1	0	0	-1.412	-1.995
5	2	5.307	0	0	1.7	1.151
5	2	0.7157	1	1	1.038	0.4384
5	2	0.7607	0	1	-1.543	-2.063
5	2	1.161	1	1	1.183	0.6759
5	2	0.7491	1	1	1.078	0.512
5	2	2.125	1	1	0.2563	0.7705
5	2	0.9978	1	1	-0.4197	-0.02209
5	2	0.5783	1	1	0.3344	0.6257
5	2	0.5787	0	1	1.946	1.551
5	2	2.203	1	1	0.6498	0.1001
5	2	0.8967	0	0	-0.1933	0.2437
5	2	5.484	0	0	-0.05564	-0.3504
5	2	3.432	0	0	0.3095	0.2274
5	2	0.8532	0	0	1.804	1.36
5	2	0.2636	1	0	0.6642	0.2864
5	2	0.7564	1	1	-0.614	-1.919
5	2	5.684	0	0	0.6087	0.6005
5	2	1.612	0	1	3.105	2.08
5	2	1.695	0	0	2.666	2.575
5	2	1.826	0	0	1.957	1.29
5	2	3.25	0	0	2.438	2.472
5	2	3.633	0	0	0.6679	0.4358
5	2	0.5618	1	1	1.9	0.5754
5	2	0.9232	1	1	-0.3239	0.1598
5	2	2.089	0	1	-2.035	-2.663
5	2	5.19	1	1	-0.1329	-0.113
5	2	0.5158	0	1	-1.32	-1.617
5	2	0.8345	0	1	0.1514	-0.6514
6	2	0.5917	0	0	1.952	1.89
6	2	0.6976	0	0	0.314	0.7855
6	2	0.9825	1	1	0.1843	-0.2767
6	2	0.3844	0	1	0.07552	0.04554
6	2	3.959	1	1	-0.5323	-0.2327
6	2	0.9475	1	1	-0.6107	-0.4686
6	2	5.544	1	1	-0.5137	-0.8597
6	2	0.5482	1	1	1.579	1.475
6	2	1.676	1	1	1.642	1.575
6	2	0.6334	1	1	-1.242	-0.792
6	2	1.708	0	0	0.0591	0.3485
6	2	1.856	1	1	1.115	1.175
6	2	0.8996	1	1	-1.21	-0.4522
6	2	3.839	1	1	0.2818	-0.197
6	2	1.673	0	0	-0.6777	-0.886
6	2	0.557	0	1	1.125	0.9671
6	2	3.703	0	0	-1.305	-0.9123
6	2	0.5413	0	0	-1.151	-1.011
6	2	1.578	1	1	-0.7949	-1.024
6	2	0.4005	0	0	1.659	1.66
6	2	5.302	1	1	0.2816	0.2052
6	2	5.233	0	0	0.1656	-0.0003849
6	2	0.7788	1	1	-0.5483	-0.2675
6	2	3.308	1	1	-0.2328	0.283
6	2	5.318	1	1	-1.272	-0.5946
6	2	3.532	1	1	-0.2361	-0.5794
6	2	1.263	0	0	-0.794	-0.53
6	2	1.231	0	0	-1.052	-0.7561
6	2	3.771	1	1	-0.2031	0.1134
6	2	0.8932	0	0	-0.9074	-1.095
6	2	5.447	0	0	-0.118	0.3335
6	2	0.9019	1	0	0.511	0.7266
6	2	5.317	0	0	0.6206	0.7467
6	2	0.5124	1	0	-1.738	-1.797
6	2	3.623	0	0	-1.227	-0.4442
6	2	3.671	0	0	-0.8488	-1.059
6	2	5.188	0	0	-0.1856	0.1766
6	2	1.833	0	0	-0.01683	0.01894
6	2	2.139	1	1	0.6598	0.3621
6	2	1.683	0	0	-1.017	-0.4622
6	2	1.293	0	0	-0.4954	-0.7414
6	2	0.736	1	1	0.411	0.4151
6	2	5.492	1	1	-1.904	-0.6566
6	2	5.252	1	1	0.9004	1.542
6	2	3.765	0	0	0.7544	0.838
6	2	3.8	1	1	1.443	1.44
6	2	5.321	1	1	-0.6728	0.1917
6	2	0.528	0	0	-0.2134	-0.7582
6	2	0.9346	1	0	-0.05735	0.6663
6	2	0.1867	0	1	-0.5022	-0.165
7	2	0.7509	1	1	1.53	0.2196
7	2	1.436	0	1	-1.349	-1.508
7	2	1.671	1	1	-0.2983	-0.3029
7	2	1.765	1	1	-0.6613	-0.2839
7	2	5.387	1	1	-0.2953	-0.169
7	2	3.67	0	0	-0.8703	-0.4594
7	2	0.5584	0	1	-0.1453	-0.1719
7	2	0.1587	1	1	-1.146	-1.227
7	2	1.039	1	1	-1.098	-1.068
7	2	5.737	1	1	-0.2385	-0.2708
7	2	1.226	1	1	-0.1476	-0.3824
7	2	1.563	0	0	0.4402	0.31
7	2	3.566	1	1	-0.4142	0.05812
7	2	1.868	0	0	-0.3044	-0.3199
7	2	5.37	1	1	-0.5479	-0.3529
7	2	5.294	0	0	4.564	4.967
7	2	0.1093	0	1	0.2996	0.1827
7	2	5.159	0	0	-0.5547	-0.4129
7	2	0.8838	0	0	-0.2145	-0.2984
7	2	0.4761	1	1	0.8457	0.8731
7	2	2.006	1	1	0.875	0.9896
7	2	3.659	1	1	-1.169	-2.081
7	2	1.55	0	0	2.493	3.254
7	2	3.553	1	1	0.1346	0.5807
7	2	3.488	0	0	0.3897	0.1308
7	2	1.886	0	1	0.2704	0.4617
7	2	0.4597	0	0	-0.1959	-0.1756
7	2	0.8339	0	0	-0.2019	-0.2431
7	2	5.501	0	0	-0.1149	-0.01475
7	2	0.6164	1	0	0.3136	0.2591
7	2	0.6982	1	1	-0.3925	-0.2739
7	2	0.9999	0	0	-0.8186	-1.211
7	2	5.113	1	1	0.2072	-0.3445
7	2	3.778	0	0	-1.218	-0.5963
7	2	3.994	1	1	-1.91	-1.711
7	2	0.5876	0	1	2.271	2.072
7	2	3.803	0	0	1.349	-0.2075
7	2	1.048	1	1	-1.087	-1.19
7	2	5.649	1	1	-0.4474	-0.7238
7	2	0.7799	0	0	-0.9729	-1.494
7	2	0.5865	1	1	-2.614	-3.046
7	2	1.179	1	0	0.7402	0.8636
7	2	0.2389	0	1	-0.7605	-0.2944
7	2	0.0598	1	1	-0.2383	-0.2648
7	2	3.731	0	0	-0.6127	-0.5731
7	2	5.436	0	0	-1.205	-0.8589
7	2	3.785	0	0	-0.8488	-0.8486
7	2	1.825	1	0	0.2558	0.2032
7	2	4.987	1	1	-0.6699	-0.6536
7	2	1.664	1	1	-0.178	-0.1815
8	2	0.5226	1	1	0.6302	0.6672
8	2	0.1098	0	0	0.7541	0.552
8	2	5.126	0	0	1.108	0.4622
8	2	1.785	0	1	-0.07917	-0.1654
8	2	3.709	0	0	0.3779	0.3183
8	2	2.15	1	0	0.01186	0.05453
8	2	5.469	1	1	0.262	0.5029
8	2	0.9809	0	1	1.379	1.122
8	2	1.722	1	1	-0.05058	-0.05091
8	2	3.88	0	0	1.6	1.412
8	2	0.5517	1	1	-2.218	-1.934
8	2	5.219	1	0	-0.5706	-0.9531
8	2	1.067	0	1	0.6286	0.2292
8	2	1.994	1	1	-0.1255	-0.8308
8	2	0.8126	1	1	0.1563	0.5237
8	2	5.854	1	1	-0.5465	-1.097
8	2	1.907	0	0	-0.4684	-0.4052
8	2	0.8067	1	0	-0.03571	0.06906
8	2	0.6822	1	1	-0.5059	-0.1302
8	2	0.6813	0	1	1.116	-0.175
8	2	3.992	1	1	0.807	0.6658
8	2	1.864	1	0	0.8322	0.8634
8	2	5.429	1	1	0.4374	0.2634
8	2	3.359	1	1	1.248	0.976
8	2	1.822	0	0	-2.297	-1.947
8	2	5.564	1	1	0.3127	-0.1296
8	2	0.4125	1	0	0.2625	-0.4367
8	2	1.131	1	0	-0.05538	-0.4681
8	2	0.8155	0	0	-1.696	-1.107
8	2	5.362	1	1	0.1597	0.07377
8	2	0.663	1	1	0.0316	0.001369
8	2	0.5137	0	0	-0.7013	-1.749
8	2	3.473	0	0	1.035	0.3492
8	2	0.8366	0	0	-0.9756	-0.9062
8	2	0.3512	0	1	-0.04567	-0.2627
8	2	1.739	0	1	-0.1959	-0.6437
8	2	3.643	0	0	-0.5235	-0.491
8	2	1.035	0	1	0.09572	-0.6248
8	2	3.701	1	1	-1.068	-0.7149
8	2	5.473	0	0	0.2964	0.4913
8	2	1.618	0	1	-1.009	-1.122
8	2	3.844	1	1	0.8813	0.7033
8	2	1.604	1	1	-1.175	-0.8175
8	2	5.409	0	0	0.5376	0.7164
8	2	0.9341	0	1	0.2967	-0.1198
8	2	5.299	0	0	-0.9772	-1.264
8	2	0.1513	0	1	-0.9281	-0.9532
8	2	3.476	1	1	-0.496	0.08794
8	2	0.6618	1	1	0.0221	-0.2244
8	2	3.769	0	0	1.512	1.616
9	2	5.381	1	1	0.9348	1.183
9	2	3.386	0	0	-0.936	-1.139
9	2	3.452	1	1	-0.7102	-0.6484
9	2	0.5365	0	0	-1.153	-1.167
9	2	0.6586	0	1	0.09886	0.2044
9	2	0.8351	1	1	-1.666	-1.233
9	2	1.888	1	1	-0.1387	-0.06115
9	2	5.237	1	1	-1.152	-1.18
9	2	3.533	0	0	-0.07007	0.3232
9	2	0.9061	1	1	-0.665	-0.5005
9	2	0.7637	1	1	-1.306	-0.7077
9	2	5.683	1	1	-0.6589	-0.1926
9	2	0.8169	1	1	0.5691	0.4888
9	2	2.124	0	1	-0.5966	-0.4432
9	2	0.4746	1	0	-0.1023	0.1157
9	2	5.322	0	0	-0.7226	-0.4887
9	2	5.395	0	0	0.3183	0.01055
9	2	1.941	1	1	-0.9266	-0.6649
9	2	1.597	1	1	-0.6883	-1.31
9	2	1.083	0	0	-0.3099	-0.4913
9	2	1.774	0	1	1.065	0.7892
9	2	1.925	0	0	-0.8175	-0.8388
9	2	0.9513	1	1	-0.1877	-0.02721
9	2	5.627	1	1	-1.194	-0.9187
9	2	0.412	0	1	0.5034	0.05562
9	2	1.772	1	1	0.1927	0.09657
9	2	3.605	1	1	-0.9069	-0.7715
9	2	3.804	0	0	-0.4219	-0.7098
9	2	5.288	0	0	1.628	1.677
9	2	0.3405	1	1	0.155	0.07812
9	2	5.781	1	1	1.455	1.057
9	2	0.1228	1	1	0.08698	0.2409
9	2	0.5939	1	1	-0.001626	0.3394
9	2	3.742	0	0	-0.05788	0.3064
9	2	3.665	1	1	0.09927	-0.2153
9	2	0.7306	1	1	-0.79	-0.9818
9	2	0.92	1	1	0.9719	0.4632
9	2	5.113	0	0	-0.5544	-0.8482
9	2	1.685	0	0	-0.456	-0.4055
9	2	3.566	0	1	-2.013	-1.967
9	2	0.6461	1	1	0.581	0.8821
9	2	1.984	0	0	-1.072	-1.525
9	2	3.383	1	1	0.1653	0.2388
9	2	0.06305	0	1	-0.5619	-1.057
9	2	0.9139	0	0	-0.399	0.1239
9	2	1.052	0	0	-1.023	-0.5619
9	2	2.107	0	1	1.34	-0.2554
9	2	0.2243	1	1	-0.9718	-0.799
9	2	5.343	0	0	-1.35	-1.177
9	2	3.832	0	1	-0.392	-0.4567
10	3	1.61	1	1	-4.935	-5.656
10	3	1.957	0	1	-1.411	-1.666
10	3	0.3907	0	1	-0.3922	-0.593
10	3	5.346	1	1	0.9783	1.07
10	3	5.282	1	1	0.988	1.253
10	3	0.5839	0	1	2.03	0.8174
10	3	5.42	0	0	1.557	0.6699
10	3	2.164	1	1	1.113	0.4953
10	3	5.586	1	1	-0.2326	0.2459
10	3	0.5405	1	1	0.08446	-0.04045
10	3	0.5551	1	0	0.5899	0.2201
10	3	3.664	0	0	0.7511	1.165
10	3	1.705	1	1	1.981	1.841
10	3	1.713	0	0	4.056	1.96
10	3	5.422	0	0	0.0666	0.4416
10	3	5.476	0	0	0.01929	0.5611
10	3	1.598	1	0	0.6292	0.4293
10	3	3.622	0	0	0.8928	0.9485
10	3	3.854	1	1	0.3488	0.205
10	3	0.1373	0	1	0.573	0.8475
10	3	0.3956	1	1	0.8819	0.795
10	3	1.239	1	1	0.04989	0.2036
10	3	2.082	0	1	2.072	1.503
10	3	3.747	0	0	0.3698	0.9013
10	3	0.6867	1	1	0.3275	0.2567
10	3	1.059	1	1	1.028	1.052
10	3	0.9654	0	0	2.197	2.073
10	3	1.574	0	1	2.022	1.976
10	3	3.81	1	1	-1.266	-1.059
10	3	5.415	0	0	0.1784	0.8772
10	3	3.615	1	1	1.304	1.431
10	3	0.3713	1	1	0.7062	1.285
10	3	1.069	1	1	0.1158	0.1738
10	3	0.7969	0	1	1.446	1.327
10	3	5	0	0	-0.5946	-0.01328
10	3	3.561	0	0	0.1606	0.1531
10	3	3.53	1	1	1.018	1.306
10	3	3.773	1	1	0.9882	1.692
10	3	0.2785	0	1	0.02864	0.6913
10	3	3.977	0	0	0.3039	0.2365
10	3	0.6823	0	1	2.427	2.072
10	3	0.5033	0	1	-0.05586	0.05189
10	3	1.701	1	1	1.969	1.859
10	3	0.9796	0	0	2.448	2.832
10	3	1.757	1	1	1.159	0.7247
10	3	0.5081	0	0	2.14	2.713
10	3	5.147	0	0	0.515	0.3379
10	3	0.2684	0	0	1.478	1.846
10	3	0.7883	1	0	-0.2942	-0.0428
10	3	5.311	1	1	1.72	1.533
11	3	1.85	1	1	3.852	2.726
11	3	1.913	0	1	1.882	1.979
11	3	1.809	1	0	2.143	1.977
11	3	0.9181	1	1	-1.874	0.7702
11	3	0.8402	1	1	0.2735	0.3667
11	3	5.533	0	0	-0.503	0.01571
11	3	1.857	0	1	0.9659	0.9675
11	3	5.224	1	1	1.97	2.14
11	3	1.888	1	1	2.342	2.369
11	3	0.2513	1	0	-0.2154	-0.3985
11	3	0.6248	0	0	-0.2692	-0.1756
11	3	0.1936	0	0	0.6283	0.5253
11	3	0.8866	0	0	-0.05338	0.2631
11	3	0.8861	1	1	-0.2651	0.1851
11	3	3.465	0	1	1.84	1.366
11	3	3.498	1	1	-1.964	-2.599
11	3	3.371	0	0	-2.405	-0.3762
11	3	1.667	0	1	0.1066	-0.1133
11	3	0.4411	0	1	-0.2955	-0.8079
11	3	0.7002	1	1	-1.179	-1.361
11	3	0.3008	0	0	2.197	1.936
11	3	5.64	0	0	1.417	1.39
11	3	0.9784	0	1	0.3649	0.188
11	3	3.751	0	0	-3.067	-2.646
11	3	5.561	1	1	-0.8482	-0.7598
11	3	0.634	0	0	0.4977	1.205
11	3	3.501	1	1	0.8159	1.06
11	3	3.802	1	1	-0.07522	0.07466
11	3	3.793	0	0	-1.033	-0.4087
11	3	1.897	1	1	0.2923	0.04961
11	3	0.7015	0	1	-0.3145	-0.3446
11	3	1.567	1	1	-0.268	-0.1376
11	3	0.5587	1	1	-0.1577	0.274
11	3	0.3589	1	1	-0.4381	-0.1583
11	3	5.494	1	1	1.113	1.329
11	3	0.3661	1	1	0.8843	0.7259
11	3	5.355	0	0	-0.02466	0.3352
11	3	1.116	0	1	-0.9716	-1.83
11	3	5.185	1	1	-0.4084	-1.17
11	3	5.161	0	0	1.694	2.602
11	3	0.7159	0	1	0.6872	0.8534
11	3	1.911	0	0	-0.5119	-0.3807
11	3	5.443	1	1	1.466	0.7502
11	3	2	1	1	-0.2743	-0.3553
11	3	3.674	1	1	0.5757	0.648
11	3	0.6096	0	1	0.2783	-0.01182
11	3	1.043	0	1	0.3752	-0.3533
11	3	3.677	1	1	-0.6475	-0.5122
11	3	5.305	1	1	0.5003	0.4457
11	3	3.672	1	1	0.5583	-0.1812
12	3	1.753	0	0	3.374	3.287
12	3	0.7169	1	0	1.205	0.7587
12	3	3.571	1	1	-0.2686	0.3148
12	3	0.2882	0	0	-0.2766	-0.2722
12	3	1.67	1	1	1.118	0.7345
12	3	3.612	0	0	0.2745	0.02399
12	3	0.9114	0	1	0.173	0.03457
12	3	1.011	1	1	1.403	1.145
12	3	0.1742	1	1	-1.157	-0.5671
12	3	0.6119	1	1	-0.4132	-0.3008
12	3	5.421	0	0	-0.2761	-0.02303
12	3	3.898	0	0	-0.7291	-0.5379
12	3	0.1405	0	1	1.176	1.142
12	3	0.538	0	0	1.26	0.6177
12	3	0.9949	1	1	-0.2197	-0.2201
12	3	3.917	0	0	-0.8055	-0.738
12	3	0.6781	0	1	0.06696	-0.3224
12	3	1.765	1	1	1.258	1.297
12	3	2.011	1	1	0.2717	0.222
12	3	0.4135	1	0	-0.6418	-0.8128
12	3	1.689	0	1	0.9243	0.9139
12	3	5.214	0	0	-0.7397	-1.024
12	3	1.039	0	1	0.6604	0.4792
12	3	1.796	1	1	-0.4771	-1.1
12	3	1.512	0	0	-0.7307	-0.3417
12	3	3.76	0	1	0.9121	0.5851
12	3	1.952	0	0	-1.344	-1.672
12	3	3.887	0	0	0.0776	0.4941
12	3	1.587	1	1	-1.078	-0.9363
12	3	5.515	0	0	-1.257	-0.5964
12	3	0.9939	1	1	-0.6068	-0.1538
12	3	0.92	1	1	0.8739	-0.1743
12	3	5.215	0	0	1.242	1.513
12	3	1.046	0	1	-1.523	-1.404
12	3	3.705	1	1	-0.03425	-0.4841
12	3	5.649	1	1	-0.02128	-0.3549
12	3	3.499	1	1	-0.1333	-0.4571
12	3	5.732	1	1	-0.7083	-0.4684
12	3	3.579	1	1	1.551	1.357
12	3	0.8692	0	1	-0.1091	0.3756
12	3	0.3906	0	1	0.2369	0.0204
12	3	5.257	1	1	0.8206	0.5974
12	3	5.793	1	1	0.7276	0.6467
12	3	3.507	0	0	0.3336	0.3298
12	3	5.523	1	1	1.189	1.185
12	3	0.6194	0	0	-0.1977	-0.7869
12	3	5.244	1	1	0.4335	0.4082
12	3	1.102	1	1	-0.2357	-0.7962
12	3	0.4894	1	0	0.9384	0.5314
12	3	2.019	0	1	-0.8396	-0.3738
13	3	3.777	0	0	2.361	2.686
13	3	5.83	1	1	0.2566	0.4627
13	3	0.88	1	1	0.899	0.2531
13	3	3.632	0	1	-0.303	0.1139
13	3	0.6177	1	1	0.5649	1.289
13	3	1.733	1	0	-1.108	-1.355
13	3	0.2903	1	1	0.01119	-0.03015
13	3	0.8833	1	1	0.8521	0.4825
13	3	3.494	0	0	1.637	1.314
13	3	2.031	1	1	-0.5183	-0.06118
13	3	3.452	0	0	-0.5739	-0.4708
13	3	0.4008	0	1	-0.2056	-0.4214
13	3	3.582	1	1	-1.511	-1.553
13	3	3.589	1	1	0.3466	-0.2529
13	3	1.778	1	0	-1.585	-1.476
13	3	5.429	1	1	0.1979	-0.366
13	3	0.5691	0	1	-1.013	-2.258
13	3	1.12	1	1	0.155	0.2951
13	3	1.81	1	1	-0.9887	-1.047
13	3	1.895	0	0	0.8592	0.766
13	3	0.3614	0	1	0.8928	0.5618
13	3	0.726	1	0	-0.1538	0.1038
13	3	0.3214	1	1	-0.3843	-0.1374
13	3	5.215	1	1	0.133	-0.2746
13	3	5.326	0	0	-1.755	-2.366
13	3	0.8162	0	1	-0.8615	-1.007
13	3	3.718	0	0	1.687	1.217
13	3	1.833	0	0	-1.167	-0.6767
13	3	1.037	0	1	-0.6994	-0.6125
13	3	1.028	0	0	-0.9477	-1.602
13	3	1.398	1	1	-1.065	-0.449
13	3	5.263	0	0	-1.84	-1.246
13	3	3.529	1	0	-0.9845	-1.085
13	3	3.682	1	1	0.3293	0.8586
13	3	1.626	1	1	-0.4509	-0.3922
13	3	0.512	0	1	1.643	1.939
13	3	5.832	1	1	-1.602	-1.404
13	3	5.43	0	0	1.121	1.039
13	3	5.448	0	0	-0.9442	-1.501
13	3	1.902	0	1	0.3984	0.02613
13	3	5.066	0	0	-1.1	-0.3531
13	3	0.2108	0	1	0.9294	-0.1486
13	3	5.483	1	1	1.248	0.6983
13	3	0.984	1	1	1.05	0.9579
13	3	1.318	0	1	-0.2342	-0.9419
13	3	0.4069	0	1	-0.4433	0.09268
13	3	1.933	0	0	-0.9386	-0.9156
13	3	0.3734	1	1	-1.081	-1.572
13	3	3.872	0	1	-0.3929	-0.7144
13	3	0.1828	1	1	0.9307	1.119
14	3	3.284	0	0	2.235	2.244
14	3	1.926	0	1	0.6965	0.434
14	3	5.456	0	0	-0.233	-0.3465
14	3	4.073	1	1	0.5769	0.8058
14	3	0.2947	1	1	1.375	1.233
14	3	1.009	0	0	-0.5794	-0.8202
14	3	0.6763	0	0	-0.8328	-1.464
14	3	3.634	1	1	0.3474	1.014
14	3	5.531	1	1	0.9936	1.776
14	3	1.686	1	1	-0.6075	-0.9261
14	3	5.06	0	0	-2.011	-1.466
14	3	2.074	1	1	0.07182	0.01006
14	3	1.551	0	0	0.2807	-0.5929
14	3	5.369	1	1	0.002615	0.3103
14	3	3.428	0	0	0.8349	0.6207
14	3	3.495	0	0	-1.568	-1.294
14	3	5.357	1	1	-1.291	-1.241
14	3	1.001	0	1	0.2298	0.3379
14	3	3.732	1	1	-2.055	-2.198
14	3	5.647	1	1	0.2579	0.7872
14	3	0.7189	1	1	-0.3241	0.1619
14	3	3.488	1	1	-4.282	-4.4
14	3	0.4913	1	0	1.358	0.7959
14	3	0.3013	0	0	2.121	2.405
14	3	1.781	1	1	-0.04157	-0.2169
14	3	0.8301	1	1	-0.5322	-1.081
14	3	1.03	0	1	0.5441	0.6196
14	3	1.578	0	0	0.2688	0.4323
14	3	0.6491	0	0	0.2526	-0.1186
14	3	1.672	1	1	-1.078	-0.6242
14	3	3.732	0	0	-1.236	-0.5219
14	3	0.4174	1	1	-0.0209	-0.3977
14	3	0.8592	0	0	-0.9613	-1.221
14	3	0.6502	0	0	0.3849	-0.05484
14	3	3.821	1	1	0.004976	0.06654
14	3	0.5054	1	1	0.1339	0.01239
14	3	5.792	1	1	-0.5237	0.1017
14	3	0.5726	0	0	-0.7776	-0.6354
14	3	0.3781	0	1	0.4728	0.6101
14	3	1.51	0	0	0.09644	-0.6445
14	3	5.498	0	0	-1.799	-2.321
14	3	5.067	1	1	0.2771	0.4748
14	3	0.5695	0	1	0.7718	0.6069
14	3	1.874	1	0	0.3001	0.1733
14	3	5.68	1	1	-1.887	-1.776
14	3	0.8081	1	1	0.3814	-0.06488
14	3	1.871	0	1	0.849	0.7862
14	3	0.7805	0	1	-0.5347	-0.5432
14	3	3.74	0	0	-1.243	-1.259
14	3	1.162	1	0	2.178	1.47
15	3	1.811	1	1	0.04063	-1.208
15	3	1.004	1	1	-1.356	-1.523
15	3	5.261	1	1	-0.656	-0.7489
15	3	1.992	0	0	0.7303	0.5934
15	3	2.073	1	0	-1.002	-1.087
15	3	5.141	1	1	-0.4255	-0.07925
15	3	5.442	0	0	-0.8342	-0.8892
15	3	5.242	0	1	-1.189	-1.156
15	3	0.9965	0	0	-3.571	-2.778
15	3	0.5468	1	1	-0.02354	-0.02568
15	3	1.722	0	1	0.9206	0.537
15	3	0.7324	0	1	0.1296	-0.1818
15	3	1.644	1	1	0.5621	0.1058
15	3	1.846	0	0	-0.4733	-0.6925
15	3	3.554	0	0	-1.507	-1.988
15	3	1.107	0	1	0.05567	-0.2429
15	3	5.295	1	1	-0.4951	-0.5915
15	3	0.4141	1	1	0.1949	0.02617
15	3	3.662	0	0	-0.9314	-1.061
15	3	3.496	1	1	0.7201	0.3294
15	3	4.01	1	1	-0.7956	-0.7827
15	3	5.495	0	0	-0.03537	-0.3666
15	3	3.414	0	0	2.014	1.607
15	3	3.789	1	1	1.692	2.198
15	3	3.155	0	0	1.385	2.258
15	3	0.1588	0	1	-0.197	-0.871
15	3	1.972	0	0	1.385	1.313
15	3	0.9085	1	1	2.153	1.772
15	3	5.294	1	1	-0.03162	0.1158
15	3	1.437	0	0	-1.737	-1.765
15	3	0.2641	0	0	0.2627	0.7778
15	3	0.7063	1	1	0.1209	0.05713
15	3	3.853	0	0	-0.6356	-0.316
15	3	5.388	0	0	-1.64	-1.641
15	3	0.4233	0	1	0.1353	-0.5901
15	3	3.65	1	1	0.211	0.3552
15	3	3.646	0	0	1.179	0.7921
15	3	5.199	1	1	1.749	0.7296
15	3	1.87	1	1	1.121	1.16
15	3	5.733	1	1	-0.6123	-0.234
15	3	0.9289	0	1	-1.373	-1.128
15	3	0.265	0	0	1.468	2.343
15	3	0.8279	0	1	-1.252	0.231
15	3	1.72	1	1	-0.2387	-0.6029
15	3	1.301	1	1	-1.043	-0.2356
15	3	0.7451	1	1	0.4218	0.1522
15	3	0.5519	1	1	0.1733	0.5241
15	3	0.1858	0	1	-0.3755	-0.3259
15	3	0.4512	1	0	0.1385	0.697
15	3	0.7124	1	1	0.8542	0.5545
16	3	3.422	1	1	0.4944	0.6583
16	3	0.39	0	0	1.168	1.195
16	3	0.9572	1	1	0.7543	0.7023
16	3	5.389	0	0	2.249	2.108
16	3	0.5049	0	0	0.9102	1.066
16	3	1.539	1	1	0.1136	0.1592
16	3	0.563	0	1	0.1816	0.6258
16	3	0.5643	1	1	-0.1136	-0.5373
16	3	0.4588	0	1	-0.8238	-0.5118
16	3	0.7994	0	1	-0.1357	-0.7456
16	3	5.163	0	0	-0.2166	-0.3871
16	3	1.753	0	1	-0.763	-0.4302
16	3	3.582	0	0	1.55	1.248
16	3	0.4033	0	1	-2.211	-1.831
16	3	5.651	1	1	0.3157	0.326
16	3	1.792	0	0	0.8162	1.002
16	3	3.82	0	0	0.7085	0.6423
16	3	3.628	1	1	-1.014	-0.7007
16	3	0.9339	1	1	-0.3518	-0.9281
16	3	0.9529	1	1	0.4844	-0.2655
16	3	5.24	0	0	-0.6491	-0.4418
16	3	3.749	1	1	-1.057	-1.081
16	3	0.4503	0	1	-0.9024	-0.5739
16	3	1.887	0	0	0.8559	0.69
16	3	1.617	1	1	-1.526	-1.632
16	3	0.5029	1	0	-0.9363	-1.304
16	3	0.8485	0	1	0.06128	0.08996
16	3	2.143	1	0	-0.6732	-1.1
16	3	3.513	1	1	-1.134	-1.126
16	3	5.257	0	0	-0.2363	-0.1196
16	3	3.833	1	1	0.01906	-0.03087
16	3	0.8149	1	0	-0.2327	-0.3668
16	3	0.5692	1	0	0.2884	0.3797
16	3	1.861	0	1	-0.7812	-0.9731
16	3	5.276	1	1	0.2125	0.5834
16	3	1.067	0	1	0.8567	0.31
16	3	5.783	0	0	-0.3881	-0.5322
16	3	1.018	0	0	-0.3979	-0.2165
16	3	0.7121	0	0	1.506	1.314
16	3	5.462	0	0	3.387	2.904
16	3	1.781	1	1	-0.7031	-0.6091
16	3	0.2376	1	1	0.4818	0.3496
16	3	1.923	1	1	0.9597	0.9146
16	3	3.278	1	1	1.213	1.094
16	3	1.307	1	1	0.6637	0.3129
16	3	3.539	1	1	0.3932	0.1309
16	3	3.489	0	0	2.583	2.16
16	3	5.389	0	0	0.05542	0.1897
16	3	0.9206	1	0	1.327	0.2879
16	3	4.829	0	0	-0.4781	-0.0003822
17	3	0.4765	1	0	1.992	1.963
17	3	5.372	0	1	-0.346	-0.4587
17	3	5.385	1	1	-0.512	-0.09974
17	3	5.327	0	0	0.3625	-0.04499
17	3	0.9677	0	1	-0.1132	-0.2865
17	3	2.274	1	1	-1.565	-1.776
17	3	3.544	1	1	-0.5426	-0.04694
17	3	0.3736	1	0	-0.3643	-0.1352
17	3	3.265	0	1	-0.5637	-0.9073
17	3	5.673	1	1	-0.4798	-0.4743
17	3	3.548	1	0	0.4243	0.9052
17	3	3.297	1	1	-0.1473	0.3029
17	3	0.9243	0	1	-0.04563	0.3089
17	3	5.513	1	1	-1.783	-1.887
17	3	1.853	1	1	0.7028	0.7041
17	3	5.5	0	0	-0.4097	-0.274
17	3	0.3959	1	1	0.5174	0.7338
17	3	0.2944	1	1	1.471	1.597
17	3	0.8509	0	0	1.066	1.015
17	3	0.744	0	1	1.405	0.8931
17	3	0.8305	0	0	-0.7688	-0.8271
17	3	3.687	0	0	-0.07219	0.4983
17	3	0.2363	0	1	0.8692	1.543
17	3	0.435	1	1	-1.175	-1.15
17	3	0.9177	0	0	0.5505	0.4355
17	3	0.4352	1	1	-1.42	-1.803
17	3	3.268	1	1	-0.5309	-0.3561
17	3	3.615	1	1	-1.511	-1.752
17	3	2.206	0	0	-1.033	-1.152
17	3	0.8751	1	1	0.9057	0.6437
17	3	3.524	0	0	0.3691	0.6193
17	3	0.7443	1	1	-1.068	-0.5543
17	3	0.8881	1	1	-0.5409	-0.07882
17	3	5.118	1	1	-1.115	-1.276
17	3	5.181	0	0	-2.478	-2.961
17	3	0.5861	0	1	-0.587	-0.6058
17	3	1.493	0	1	-0.7963	-0.7177
17	3	5.654	1	1	-0.3584	-0.5574
17	3	0.5868	1	0	0.03451	-0.1453
17	3	3.669	1	1	-0.6841	-0.5703
17	3	3.544	0	0	-0.9822	-0.2731
17	3	1.525	0	0	-0.4597	-0.2948
17	3	5.148	0	0	-1.5	-0.6453
17	3	1.905	0	0	0.462	0.7786
17	3	1.504	0	0	-0.1602	-0.07084
17	3	0.2424	0	0	-0.01541	0.5522
17	3	1.104	1	1	-0.2603	-0.3267
17	3	2.095	0	0	0.5141	0.6882
17	3	2.047	0	0	-0.3137	-0.3702
17	3	1.67	1	1	0.148	0.2232
18	3	5.398	1	1	3.689	3.466
18	3	3.672	1	0	-0.6649	-0.5584
18	3	3.449	0	0	-2.032	-1.393
18	3	0.8485	1	0	0.1059	0.2414
18	3	2.007	0	1	0.7105	0.8292
18	3	0.8047	1	1	-0.1212	0.4461
18	3	0.6829	1	1	-1.564	-1.307
18	3	0.5369	0	1	-0.3456	-0.1859
18	3	1.776	0	0	-0.4566	-0.7263
18	3	1.946	0	0	-1.323	-0.8829
18	3	1.729	0	0	0.08857	-0.1068
18	3	0.6599	0	0	-0.7591	-0.7423
18	3	1.832	0	0	-0.02311	-0.01337
18	3	0.2133	1	1	0.6533	0.2224
18	3	5.28	0	0	-0.296	-0.03072
18	3	3.429	1	1	-1.767	-1.543
18	3	3.679	0	0	-0.8724	-0.6437
18	3	5.264	1	1	0.7129	0.7534
18	3	1.772	0	1	0.5212	0.5022
18	3	0.01802	1	1	0.3752	0.1295
18	3	1.952	0	0	-0.08503	0.009348
18	3	0.258	1	1	-0.5811	-0.4912
18	3	0.6771	1	1	-1.358	-0.6724
18	3	4.069	0	0	-2.38	-2.576
18	3	4.885	1	1	-0.277	-0.1209
18	3	0.9267	1	0	-0.7416	-1.086
18	3	5.14	1	1	1.113	1.418
18	3	3.53	0	0	-0.4712	-1.196
18	3	5.412	0	0	-1.508	-1.278
18	3	3.511	0	0	1.259	1.197
18	3	3.777	1	1	-2.301	-2.423
18	3	1.036	1	1	-0.6539	-1.013
18	3	0.6834	1	1	-0.663	0.3544
18	3	1.757	0	1	0.2724	-0.319
18	3	0.7319	1	1	0.2822	-0.362
18	3	0.6775	1	1	0.8114	0.6278
18	3	5.342	1	1	-0.5946	-0.9804
18	3	5.412	0	0	-0.8055	0.1608
18	3	0.364	0	1	0.0593	0.2726
18	3	4.897	1	1	-0.9988	-0.8935
18	3	1.821	1	1	-0.3016	-0.4661
18	3	1.74	0	1	1.068	1.112
18	3	5.337	0	0	1.177	1.256
18	3	3.501	1	1	-1.056	-0.9032
18	3	0.7102	0	0	0.2462	0.3983
18	3	0.2227	0	0	-0.7308	-0.6272
18	3	3.996	1	1	-0.4735	-0.6773
18	3	0.6715	1	0	-0.9423	-0.5086
18	3	0.4953	1	1	-1.104	-0.8247
18	3	1.417	0	0	-0.8529	-0.9137
19	3	0.3308	1	1	1.205	1.235
19	3	0.09753	1	0	0.03476	0.1161
19	3	0.4524	1	1	0.06922	-0.4461
19	3	0.9864	1	0	-0.8236	-1.14
19	3	0.4817	0	0	0.4612	0.6507
19	3	3.437	0	0	0.2449	0.4837
19	3	1.69	1	1	-0.03428	-0.3007
19	3	3.634	1	1	1.254	0.9509
19	3	5.734	1	1	0.7698	0.3684
19	3	5.46	0	0	-0.1668	-0.3262
19	3	3.425	0	1	0.3492	0.06145
19	3	2.05	1	1	1.501	0.5591
19	3	3.749	0	0	-0.3181	-0.08359
19	3	1.909	1	1	-0.756	-0.597
19	3	0.4004	1	1	0.9197	0.5456
19	3	5.384	0	0	-0.05147	-0.207
19	3	0.2939	0	0	-1.15	-0.2491
19	3	1.626	0	1	0.07793	0.9766
19	3	5.55	0	0	-1.716	-1.124
19	3	1.979	1	1	-0.7466	-0.916
19	3	0.8946	0	1	0.7887	0.447
19	3	1.91	1	1	0.4237	-0.08207
19	3	1.077	0	1	0.6321	0.5908
19	3	0.3457	1	1	-0.9566	-0.6767
19	3	5.337	1	1	1.482	1.476
19	3	0.3309	1	1	-1.116	0.8832
19	3	3.804	1	1	-0.2412	-0.2665
19	3	5.272	1	1	-0.487	-0.1412
19	3	3.795	0	1	-1.099	-0.4833
19	3	3.516	0	0	-0.2612	0.5022
19	3	0.9603	0	1	1.04	1.321
19	3	3.396	0	0	-0.9161	-0.6346
19	3	5.432	1	1	-2.008	-2.03
19	3	0.893	1	1	0.8924	0.2092
19	3	0.9369	0	0	0.5876	1.083
19	3	0.9948	0	0	1.977	1.919
19	3	5.473	1	1	1.59	1.686
19	3	1.107	0	1	0.05143	0.3839
19	3	1.727	0	0	-1.095	-2.464
19	3	0.6409	1	1	-1.666	-1.935
19	3	0.6653	0	1	-0.2501	-1.195
19	3	5	1	1	-1.442	-1.435
19	3	1.924	0	0	-0.1344	-0.04393
19	3	1.71	0	1	1.242	0.7307
19	3	0.4141	0	0	-0.6224	-0.9942
19	3	0.6768	1	1	-1.192	-0.7631
19	3	3.312	0	0	-0.8864	-0.6297
19	3	3.814	1	1	0.8486	2.045
19	3	5.483	0	0	0.5823	0.6383
19	3	1.894	0	1	-0.8729	-0.2794
20	4	3.918	0	0	-2.816	-1.515
20	4	5.33	1	1	-0.4226	1.442
20	4	1.815	0	0	1.207	1.449
20	4	5.446	0	0	0.02633	0.2096
20	4	1.625	1	0	0.8445	1.081
20	4	3.651	1	1	0.9219	0.8068
20	4	5.269	1	1	0.2096	-0.1109
20	4	5.72	1	1	-0.08709	-0.5608
20	4	0.2524	0	1	-0.5711	-0.4157
20	4	1.718	0	0	1.323	1.292
20	4	5.376	0	0	-0.8823	-0.6472
20	4	3.615	0	0	0.6473	0.9276
20	4	0.8811	0	0	0.1426	0.3045
20	4	0.9544	0	0	-1.481	-1.174
20	4	5.373	0	0	-1.433	-1.862
20	4	0.9302	0	1	0.6883	0.974
20	4	0.6006	1	0	-0.7794	-0.8057
20	4	0.5265	1	1	-1.574	-1.7
20	4	5.789	1	1	-0.828	-0.9796
20	4	0.6407	1	0	-0.7483	-1.128
20	4	1.899	0	1	-0.118	0.1291
20	4	4.148	0	0	0.5205	0.5768
20	4	0.9567	1	1	1.696	1.526
20	4	1.653	0	0	-0.4144	-0.2435
20	4	1.634	0	0	2.687	0.1088
20	4	0.7376	1	1	1.606	1.532
20	4	3.63	1	1	-2.123	-2.201
20	4	1.05	0	1	0.07041	0.1649
20	4	2.032	1	0	-0.8991	-2.564
20	4	3.424	0	0	0.5382	-0.4188
20	4	0.8064	0	0	-1.931	-1.853
20	4	3.45	1	1	0.8073	0.7119
20	4	0.6345	1	0	-0.5775	-0.7021
20	4	0.8568	1	1	-1.513	-1.44
20	4	3.251	0	0	-2.172	-1.957
20	4	3.476	1	1	-0.1413	0.3807
20	4	5.161	1	1	0.7307	0.494
20	4	1.577	0	1	-1.026	-0.7243
20	4	0.7419	1	1	-0.8108	-0.4461
20	4	0.7865	1	1	0.7127	0.244
20	4	0.5289	0	0	-0.662	-0.8896
20	4	1.951	1	1	-1.167	-1.239
20	4	5.422	1	1	2.064	2.229
20	4	5.372	0	0	-0.2838	0.02898
20	4	1.746	1	1	0.6472	0.796
20	4	0.4209	1	1	-0.3694	-0.6949
20	4	0.4111	0	1	0.2006	-0.02505
20	4	1.035	1	1	-0.4221	-0.4846
20	4	3.639	0	0	-1.057	-1.378
20	4	0.5493	1	1	-1.369	-1.356
21	4	3.636	0	0	3.565	3.443
21	4	0.1411	0	1	0.4929	0.5073
21	4	3.324	0	0	-0.4713	-0.4545
21	4	3.602	1	1	1.792	1.736
21	4	0.3184	1	1	0.1405	0.4301
21	4	1.955	1	1	-0.3322	-0.3671
21	4	3.697	1	1	0.08273	-0.4658
21	4	1.574	1	1	0.169	0.354
21	4	1.931	1	0	1.778	2.109
21	4	5.562	0	0	0.4515	0.7178
21	4	0.2301	0	1	-0.54	-0.5876
21	4	0.2914	0	1	1.104	0.4124
21	4	0.4692	1	1	-0.7087	-0.3971
21	4	5.161	0	0	0.2608	0.5047
21	4	3.903	0	0	0.3721	0.2154
21	4	5.037	1	1	-0.7417	-0.7979
21	4	1.319	1	1	0.6226	0.9608
21	4	5.323	0	0	-0.8423	0.04533
21	4	5.305	0	0	1.411	1.408
21	4	3.635	0	0	-0.8528	-0.5922
21	4	0.5857	0	1	0.541	0.8611
21	4	3.763	1	1	0.2254	0.1844
21	4	2.318	1	1	1.411	1.249
21	4	1.061	0	0	-0.1695	0.4217
21	4	0.1895	0	1	-1.111	-1.247
21	4	5.471	0	0	1.661	1.522
21	4	0.5732	1	1	0.9165	0.8486
21	4	3.747	1	1	-2.036	-1.921
21	4	0.9665	1	1	-0.2308	-0.1535
21	4	0.9538	0	1	2.468	1.056
21	4	1.705	1	1	0.5533	-1.101
21	4	0.7317	1	0	-2.338	-2.47
21	4	0.9348	0	1	0.8446	0.3589
21	4	5.366	1	1	-0.2414	-0.6627
21	4	0.3234	0	0	0.3787	0.3915
21	4	0.09894	1	1	-2.813	-2.664
21	4	0.228	1	0	-1.414	-1.641
21	4	0.6447	1	1	0.4143	0.3043
21	4	3.441	0	0	-0.832	-1.146
21	4	1.487	0	0	-0.2845	-0.5531
21	4	3.817	0	1	1.691	1.207
21	4	0.9736	0	1	1.181	0.3909
21	4	1.657	0	0	-0.7072	-0.9268
21	4	1.034	1	0	-0.4325	0.1819
21	4	5.404	0	0	0.9712	1.1
21	4	1.822	1	1	-0.8359	-1.58
21	4	2.117	0	0	1.341	0.9023
21	4	1.808	1	1	-0.1625	-0.5747
21	4	5.659	1	1	-0.2682	-0.5932
21	4	5.195	0	0	-1.866	-3.042
22	4	1.434	1	1	1.766	2.078
22	4	5.31	0	0	0.1525	0.2381
22	4	3.541	1	1	-0.1342	-0.2019
22	4	0.531	1	0	-0.6974	-0.5791
22	4	0.4684	1	1	-0.3719	-0.3126
22	4	5.178	0	0	0.4336	0.9626
22	4	0.941	0	1	0.8071	0.6476
22	4	0.5437	0	1	0.208	0.003539
22	4	1.802	1	0	-0.1997	0.08493
22	4	0.7509	0	1	0.6015	0.9729
22	4	3.626	0	0	-0.06524	0.2416
22	4	1.492	1	1	0.6302	0.6667
22	4	0.9725	1	0	0.5	0.7803
22	4	3.79	0	0	0.1207	0.4912
22	4	1.141	1	1	1.004	1.283
22	4	0.9653	0	1	-0.3891	-0.2526
22	4	1.65	1	1	0.07092	0.1558
22	4	3.714	0	0	2.01	0.9122
22	4	3.781	1	1	1.752	0.9412
22	4	5.256	1	1	-1.421	-1.099
22	4	0.7154	0	1	-0.02333	-0.307
22	4	3.221	0	0	-0.2523	0.05969
22	4	3.846	0	1	-0.0733	0.1753
22	4	0.7622	1	1	-0.9306	-0.3594
22	4	0.4187	0	1	-0.1242	-0.3869
22	4	0.8384	0	0	-0.7856	-0.3531
22	4	5.259	1	1	-0.1316	-0.2132
22	4	5.11	0	0	0.4146	0.01858
22	4	1.835	1	1	0.1917	0.5133
22	4	1.128	0	0	-0.1194	-0.02433
22	4	1.911	0	0	0.1138	-0.3844
22	4	0.9669	1	1	-0.01188	-0.4559
22	4	1.96	1	1	1.425	1.361
22	4	5.46	1	1	1.641	2.532
22	4	5.452	0	0	-0.5279	-0.2452
22	4	5.461	0	0	-0.339	-0.227
22	4	3.412	1	1	-0.5917	-0.2423
22	4	1.561	0	0	1.227	1.487
22	4	3.557	0	0	1.248	0.7437
22	4	1.656	1	1	-1.884	-3.29
22	4	0.8985	1	1	-1.507	-1.729
22	4	0.4253	1	0	-0.4585	-1.985
22	4	0.6027	1	0	-0.2818	-0.5663
22	4	0.36	0	0	-1.418	-1.418
22	4	1.845	0	1	0.09515	-0.6502
22	4	0.7589	0	0	0.05735	0.3112
22	4	5.21	0	1	-0.8845	-0.2465
22	4	1.027	0	0	0.05937	0.1536
22	4	5.452	1	1	-0.5674	-0.694
22	4	3.671	1	1	-0.3138	0.1414
23	4	3.743	1	1	3.552	4.147
23	4	5.106	1	1	-0.9977	-0.6492
23	4	0.9822	1	1	-0.2948	-1.371
23	4	3.252	1	1	1.278	1.114
23	4	5.645	1	1	0.8053	0.9397
23	4	1.057	1	1	0.9942	1.032
23	4	0.8235	0	1	0.7693	0.188
23	4	0.725	0	1	-0.3269	-0.1984
23	4	0.6678	0	1	0.4096	0.5907
23	4	3.554	1	1	-0.008478	-0.01757
23	4	5.608	0	0	1.011	0.9213
23	4	1.663	1	1	-0.1566	-0.5527
23	4	5.75	1	1	-0.007223	0.02481
23	4	0.4006	0	1	0.4261	-0.7107
23	4	1.577	0	0	0.7684	0.9132
23	4	0.6809	0	1	-0.2459	-0.3056
23	4	5.353	1	1	2.097	1.522
23	4	1.792	1	0	-1.297	-0.7822
23	4	3.576	0	0	-1.038	-1.367
23	4	3.552	0	0	0.9287	0.2873
23	4	3.647	0	0	-1.511	-1.752
23	4	0.3434	0	0	0.8216	1.179
23	4	5.282	1	1	-1.023	-1.002
23	4	1.193	1	1	-0.9386	-0.7345
23	4	0.2206	0	1	0.1741	0.15
23	4	1.665	1	1	-1.019	-0.7308
23	4	0.647	1	1	-0.7339	-0.566
23	4	0.1123	0	1	0.4889	0.7536
23	4	1.65	0	0	-0.7712	-1.512
23	4	3.417	1	1	-0.3656	-0.1014
23	4	1.523	1	1	-0.9152	-0.8633
23	4	1.54	0	1	-0.3418	-0.07817
23	4	5.509	1	1	-1.22	-0.8048
23	4	5.286	0	0	-0.3563	-0.5113
23	4	5.22	0	0	-1.872	-2.224
23	4	0.699	1	1	-0.2631	-0.337
23	4	1.997	1	1	0.2469	0.2932
23	4	1.833	0	0	0.4408	-0.2117
23	4	3.44	0	0	0.164	-1.713
23	4	5.339	0	0	-0.9572	-0.3844
23	4	0.8103	1	0	1.141	1.224
23	4	0.9392	0	1	-1.783	-1.121
23	4	0.29	1	1	1.218	0.3839
23	4	3.391	0	1	-0.4745	-0.5156
23	4	1.027	1	0	0.6543	1.062
23	4	0.988	0	1	-0.4276	-0.2598
23	4	0.3821	1	1	-0.9742	-0.9897
23	4	3.853	1	1	-0.4367	-0.3189
23	4	1.715	0	1	-0.9913	-0.2635
23	4	0.9213	0	0	0.464	0.2784
24	4	0.3539	0	0	2.596	3.179
24	4	5.592	0	1	-0.01859	0.03799
24	4	1.084	1	0	-0.4657	0.02032
24	4	0.7034	1	1	0.5011	1.374
24	4	3.427	1	1	-0.5285	-0.5674
24	4	1.943	1	1	0.1808	0.3239
24	4	0.4732	0	0	1.285	1.235
24	4	0.3406	1	1	0.2333	0.1682
24	4	0.4312	0	0	0.8872	0.8053
24	4	5.286	0	0	-0.7569	-0.2825
24	4	1.718	1	1	-0.8785	-0.7527
24	4	1.06	1	1	1.287	0.6949
24	4	1.347	0	0	-0.4006	-0.8947
24	4	3.65	0	0	-0.09973	0.3204
24	4	1.207	1	1	-0.9504	0.9519
24	4	0.7185	1	1	0.2322	0.8233
24	4	0.9878	1	1	1.613	1.571
24	4	5.281	1	1	1.113	1.176
24	4	5.452	1	1	-0.8444	-0.8301
24	4	1.786	0	0	-0.675	-0.356
24	4	0.5991	0	1	0.07662	-0.1161
24	4	3.479	1	1	-0.6002	-0.843
24	4	0.9428	0	0	0.04609	0.176
24	4	1.792	0	1	-0.5851	-1.091
24	4	3.325	0	0	-0.1954	-0.2037
24	4	4.984	1	1	-1.073	-0.8699
24	4	0.7647	0	0	-0.7395	-0.4522
24	4	3.588	0	0	-1.246	-0.8129
24	4	1.749	0	0	-0.8422	-0.6681
24	4	3.504	1	1	-1.44	-1.053
24	4	3.853	0	0	-0.8927	-0.8991
24	4	3.498	0	1	0.4032	0.8318
24	4	0.4507	1	0	-0.2351	-0.5867
24	4	5.232	0	0	0.1121	0.2964
24	4	0.7759	1	1	-0.8556	-0.3547
24	4	1.976	0	1	-0.7644	-0.9178
24	4	2.195	0	0	-0.1548	-0.06891
24	4	0.5579	0	1	-0.2784	-0.3631
24	4	3.704	0	0	0.6965	0.6151
24	4	1.249	1	1	-0.8131	-0.689
24	4	3.692	1	1	-0.5693	-0.4471
24	4	5.786	1	1	-0.6206	-0.4194
24	4	1.784	1	0	-0.3295	1.024
24	4	1.281	1	1	-0.3103	-0.5564
24	4	5.247	0	0	-0.1216	0.0505
24	4	0.1031	1	1	-0.4122	-0.3868
24	4	5.56	0	0	-0.2426	-1.14
24	4	1.181	1	1	-0.3236	-0.3538
24	4	5.217	1	1	1.718	1.122
24	4	0.9218	0	1	-0.6582	-0.6633
25	4	0.1659	1	1	1.339	0.7626
25	4	1.86	1	0	-0.06598	0.216
25	4	3.802	0	0	-0.8113	-0.7718
25	4	0.8495	0	0	-0.6843	-1.139
25	4	3.694	1	1	-0.3846	-0.7795
25	4	1.819	1	1	-0.5751	-0.08438
25	4	1.005	1	1	-0.8426	-0.7255
25	4	5.302	1	1	0.5191	1.156
25	4	0.8481	1	1	-0.3541	-0.3152
25	4	3.666	1	1	0.8642	0.9292
25	4	3.223	1	1	-0.1078	-0.254
25	4	5.282	1	1	-0.6742	-0.3315
25	4	2.044	0	1	-2.053	-1.503
25	4	3.192	1	1	-0.6586	-0.5077
25	4	5.085	0	0	2.064	2.353
25	4	5.134	1	1	-1.01	-1.407
25	4	1.933	0	0	0.385	0.2531
25	4	1.684	1	0	0.1485	-0.271
25	4	0.4979	0	0	-0.8451	-0.226
25	4	0.2959	0	0	-1.476	-0.8556
25	4	3.499	0	0	-0.286	0.222
25	4	0.02242	0	0	0.8736	0.7024
25	4	0.3239	0	1	-0.9764	-0.5099
25	4	0.9847	0	0	-0.1435	-0.3512
25	4	0.2432	1	0	0.8845	0.9284
25	4	0.7284	1	1	0.603	0.2651
25	4	0.9053	1	0	-0.6326	-0.2264
25	4	5.16	0	0	-2.097	-1.946
25	4	1.592	0	0	-0.08776	-0.5179
25	4	5.341	0	0	1.351	1.356
25	4	3.601	0	0	-1.069	-0.8225
25	4	0.3487	0	1	0.01494	-0.1917
25	4	0.4999	0	0	-2.663	-2.357
25	4	1.702	1	0	-0.1001	-0.4319
25	4	3.379	1	1	-0.6977	-0.5947
25	4	0.9104	1	1	0.6735	0.3713
25	4	1.576	0	0	-2.848	-1.32
25	4	0.9714	1	0	0.06191	0.2058
25	4	0.5066	0	0	-0.3027	-0.1082
25	4	0.6114	1	0	-2.256	-1.995
25	4	3.651	1	1	0.5383	-0.4293
25	4	3.887	0	0	0.4114	0.8924
25	4	5.127	1	1	0.3776	-0.6621
25	4	0.7288	0	0	0.415	0.2194
25	4	5.663	1	1	0.7431	1.296
25	4	0.7321	0	0	-0.4422	-0.7216
25	4	1.841	1	1	-1.404	-1.012
25	4	2.139	0	0	-1.881	-1.809
25	4	5.513	1	1	-0.7337	-0.9702
25	4	5.292	0	0	-1.077	-1.102
26	4	0.785	1	1	1.723	1.943
26	4	1.063	0	0	-0.7524	-0.5461
26	4	1.684	1	0	-0.7193	-0.5589
26	4	5.507	1	1	0.3564	0.3246
26	4	5.485	0	0	-0.7618	-0.3153
26	4	0.7821	1	1	0.7265	0.8728
26	4	0.2069	1	1	0.5842	0.5254
26	4	2.11	0	1	-0.3804	-0.683
26	4	0.6489	1	0	0.4741	0.4709
26	4	0.4125	0	1	-0.09468	-0.1319
26	4	3.583	0	0	-0.3272	-0.1099
26	4	3.517	1	1	0.07945	-0.2292
26	4	1.122	1	1	0.1799	-0.001923
26	4	0.9726	1	1	0.7529	0.7067
26	4	0.5748	1	1	1.9	1.821
26	4	0.8763	0	0	-1.023	-0.7259
26	4	2.273	0	0	-0.5041	-0.2571
26	4	3.642	1	0	-0.5125	-1.27
26	4	1.578	0	0	0.7442	0.975
26	4	0.6777	0	1	0.4041	0.03511
26	4	3.797	0	0	1.195	0.9392
26	4	2.143	0	0	-2.613	-2.836
26	4	0.8591	0	0	1.025	1.118
26	4	3.637	0	0	0.3966	0.7426
26	4	5.839	0	0	1.517	0.7829
26	4	0.8575	0	0	2.34	2.245
26	4	3.803	0	0	0.1538	-0.00602
26	4	1.674	1	0	-0.3486	-0.3836
26	4	0.5238	0	0	-1.748	-0.9133
26	4	2.032	1	0	-0.4621	-0.1862
26	4	0.4308	0	0	-0.9551	-1.275
26	4	3.481	0	0	-1.035	-1.446
26	4	5.619	0	0	0.4931	0.8118
26	4	5.157	0	0	1.496	1.179
26	4	0.7586	1	0	0.9839	0.831
26	4	5.051	1	1	1.93	2.101
26	4	4.968	0	0	-0.5483	-0.5559
26	4	0.05392	0	0	0.03615	-0.04055
26	4	3.576	0	0	-0.5927	-0.09829
26	4	4.793	1	0	-0.1323	0.09212
26	4	1.622	0	0	-0.7476	-0.3761
26	4	0.9782	1	1	0.5633	0.6284
26	4	5.881	1	0	-0.616	-0.6166
26	4	1.474	1	1	-0.3968	-0.7259
26	4	0.4855	1	1	-1.965	-2.095
26	4	0.5922	0	0	-0.8669	-0.5288
26	4	3.681	1	1	0.5724	1.054
26	4	3.565	1	1	-1.777	-1.356
26	4	5.243	1	1	-1.877	-2.679
26	4	1.636	1	0	-2.407	-1.774
27	4	5.526	0	0	0.607	0.6247
27	4	5.761	0	0	-1.242	-1.01
27	4	3.759	0	0	-0.3191	-0.1691
27	4	1.127	0	0	0.0605	-0.1724
27	4	0.4822	1	1	-0.4608	-0.4464
27	4	1.472	1	1	-0.2854	0.01764
27	4	1.946	0	0	-0.934	-0.7382
27	4	5.415	1	1	-0.1918	-0.2488
27	4	1.103	1	1	-0.7363	-0.6345
27	4	1.639	0	0	0.3933	0.865
27	4	0.6433	0	1	-0.82	-0.5312
27	4	0.47	1	1	0.01812	0.3822
27	4	0.3273	1	1	0.5471	0.7337
27	4	1.063	0	0	0.09672	-0.1565
27	4	1.349	0	0	0.4182	0.3177
27	4	5.432	1	1	0.4542	0.5048
27	4	3.39	1	1	0.03375	-0.3219
27	4	5.529	1	1	-0.7319	-0.6098
27	4	3.782	0	0	-1.265	-1.427
27	4	5.385	0	0	-0.4277	-0.3426
27	4	0.8494	1	1	-0.6301	-0.5059
27	4	5.462	0	0	-0.6933	-1.34
27	4	3.53	0	0	-0.5757	-0.347
27	4	1.888	0	0	0.7303	0.71
27	4	0.3956	0	0	-0.9678	-0.7748
27	4	1.776	1	1	-0.03253	-0.09011
27	4	5.554	0	0	0.1282	0.4979
27	4	0.3936	1	1	2.236	2.217
27	4	1.54	0	0	-0.5601	-0.1074
27	4	1.678	0	0	-2.904	-1.633
27	4	1.181	1	1	-0.5578	0.03961
27	4	1.874	0	0	0.2277	0.46
27	4	0.5779	1	1	0.3102	0.3742
27	4	3.742	1	1	1.306	0.2218
27	4	5.419	1	1	1.327	1.025
27	4	0.9883	1	1	-0.5861	-0.4642
27	4	0.5702	1	1	-0.2835	-0.2228
27	4	3.28	1	1	-0.9135	-0.8835
27	4	0.6653	0	1	-0.5117	-0.6385
27	4	0.6155	1	1	-0.3111	-0.3569
27	4	3.489	0	0	0.06193	0.06968
27	4	1.719	0	0	-0.2991	-0.05104
27	4	0.8508	0	1	-0.3551	-0.6038
27	4	3.467	1	1	-0.795	-0.7518
27	4	0.5319	1	1	-0.7969	-0.7243
27	4	5.615	1	1	1.421	1.158
27	4	3.76	0	0	-1.83	-2.276
27	4	1.838	0	0	-0.5363	-0.3816
27	4	3.736	1	1	-0.5499	-0.9431
27	4	0.588	1	1	-1.067	-0.6548
28	4	5.516	1	1	3.264	2.84
28	4	0.4306	1	0	0.3922	0.6988
28	4	3.553	1	1	-0.1248	0.3179
28	4	5.349	1	1	-0.5925	-0.9083
28	4	1.937	0	1	0.4381	0.3611
28	4	5.454	1	1	-0.1102	-0.0622
28	4	3.813	1	1	0.5611	0.8051
28	4	1.905	0	1	0.3531	0.3971
28	4	0.5721	0	0	-0.08115	-0.1216
28	4	5.286	0	0	-0.1132	-0.5442
28	4	0.1128	0	1	-0.3001	-0.7729
28	4	3.492	1	1	0.4289	0.3938
28	4	1.618	1	1	-0.03307	-0.4576
28	4	5.632	0	0	0.2844	-0.08628
28	4	0.7702	0	1	0.5126	0.59
28	4	3.618	0	0	0.6155	0.3935
28	4	3.436	0	0	-0.1982	-0.3471
28	4	0.9209	1	0	0.3565	0.7872
28	4	3.641	0	0	-0.62	-0.07929
28	4	1.473	1	1	-0.7648	-0.2571
28	4	1.023	1	1	0.6959	0.8163
28	4	1.634	0	0	-0.03833	0.1766
28	4	5.638	1	1	-0.03408	0.2485
28	4	0.5567	1	1	0.1578	0.1328
28	4	5.42	0	0	-0.5138	0.09065
28	4	0.9565	0	1	-0.7789	-0.5174
28	4	1.949	0	0	0.8456	0.9986
28	4	0.6767	0	0	0.252	0.4089
28	4	0.9684	1	0	0.3519	0.3634
28	4	3.716	1	1	0.08876	0.163
28	4	3.396	0	0	0.6772	0.6043
28	4	5.334	1	1	-1.073	-0.0963
28	4	0.9932	1	1	0.3081	0.4578
28	4	5.479	0	0	-0.3441	-0.3819
28	4	0.5269	1	1	-0.9951	-1.105
28	4	3.659	0	1	-0.4289	-0.2295
28	4	0.5317	1	1	-0.1158	-0.2877
28	4	3.425	0	0	0.7213	0.0423
28	4	0.1976	0	0	-1.703	-1.274
28	4	1.863	1	1	-1.334	-1.789
28	4	0.3645	1	0	3.219	3.597
28	4	0.972	0	1	-0.2376	-0.27
28	4	0.9465	1	1	-1.094	-1.139
28	4	0.7879	1	1	0.5359	0.8041
28	4	1.906	0	0	-1.278	-0.8606
28	4	1.203	0	0	-0.1237	-0.1106
28	4	1.465	0	0	-1.7	-1.706
28	4	1.777	0	1	-0.2816	-0.4831
28	4	0.4925	1	1	0.8284	0.05877
28	4	5.48	1	1	0.04718	0.1377
29	4	3.263	1	1	0.9663	1.137
29	4	5.473	1	1	-1.549	-0.3819
29	4	3.852	0	0	2.035	2.57
29	4	0.9885	0	0	0.2573	0.2101
29	4	5.521	1	1	0.6199	0.5186
29	4	0.6607	1	1	-0.4827	-0.3227
29	4	5.429	1	1	-0.7292	0.2173
29	4	0.7052	1	0	0.7109	0.877
29	4	0.2456	0	1	0.9087	1.438
29	4	0.8688	1	0	-0.9803	-1.106
29	4	5.31	0	0	0.3873	0.3144
29	4	0.5042	1	1	-0.09394	-0.3162
29	4	1.636	1	0	1.098	0.696
29	4	0.6491	0	1	-0.6537	-0.2077
29	4	3.769	0	0	0.5999	0.6766
29	4	0.2692	0	1	0.3811	0.7568
29	4	1.399	1	0	1.851	1.943
29	4	3.633	1	1	-0.741	-0.9195
29	4	5.297	0	0	1.487	2.155
29	4	1.491	0	0	0.2008	0.2551
29	4	1.108	1	1	1.138	0.9719
29	4	5.558	1	1	-0.1296	0.3616
29	4	2.079	0	1	0.9992	0.9375
29	4	0.5413	0	1	1.785	1.551
29	4	5.402	1	1	-0.7881	-1.073
29	4	1.558	1	1	-0.7126	-0.6641
29	4	1.735	0	1	-0.4837	-0.1863
29	4	3.617	0	0	-1.044	-0.3998
29	4	3.445	0	0	-1.874	-1.773
29	4	3.52	0	0	-0.5454	-0.3865
29	4	0.699	0	1	-0.5521	-0.3608
29	4	1.025	0	0	0.291	0.03562
29	4	1.891	1	1	0.2425	-0.04755
29	4	5.603	1	1	1.225	0.6098
29	4	1.065	0	1	-0.4229	-0.2201
29	4	0.4605	0	1	-0.5874	-0.6145
29	4	1.135	0	0	1.327	0.4614
29	4	1.256	0	1	-1.062	-1.245
29	4	0.6449	1	1	-0.1616	-0.1977
29	4	5.862	0	0	-1.084	-0.9236
29	4	0.3661	1	1	1.908	1.874
29	4	3.729	1	1	-0.6378	-0.2377
29	4	3.673	0	0	0.6648	0.3983
29	4	3.611	1	1	-0.833	-0.5465
29	4	0.4526	0	1	-1.044	-1.185
29	4	1.987	1	1	0.9993	0.98
29	4	5.42	0	0	-0.7266	-0.5527
29	4	1.971	1	1	0.2353	0.3217
29	4	0.25	1	1	0.9927	0.9343
29	4	1.778	1	1	-1.006	-1.088
30	5	4.877	1	1	-2.98	-1.566
30	5	3.766	0	0	-0.7839	-0.04276
30	5	5.352	0	0	0.462	0.5106
30	5	5.377	1	1	-0.8665	-0.8361
30	5	3.667	0	1	0.3351	0.3836
30	5	0.3821	0	0	-0.05742	0.03918
30	5	3.778	1	1	0.2096	0.2858
30	5	5.212	0	0	-0.3804	-0.4513
30	5	0.5077	0	0	-0.3573	-0.107
30	5	3.665	1	1	-0.2914	-0.2807
30	5	0.8624	1	1	-0.1835	0.04602
30	5	0.6607	1	1	0.03715	0.01717
30	5	5.276	0	0	0.4572	0.6409
30	5	0.672	0	1	-0.01801	-0.5827
30	5	1.591	0	0	-1.212	-0.7627
30	5	0.5877	0	1	-1.033	-1.056
30	5	3.72	0	0	-0.006137	0.2614
30	5	1.92	1	1	0.2438	-0.1586
30	5	1.683	1	1	0.7764	0.8537
30	5	3.653	1	1	-0.481	-0.2763
30	5	2.003	1	1	0.2003	0.5582
30	5	0.6949	0	1	-0.1078	-0.465
30	5	5.664	1	1	-0.1601	-0.2904
30	5	0.881	0	0	-2.235	-1.581
30	5	1.6	0	0	0.6095	0.7408
30	5	3.679	1	1	-0.5991	-0.7699
30	5	3.635	0	0	1.605	1.983
30	5	5.915	1	1	-0.7813	-0.1624
30	5	0.8739	1	1	3.2	2.997
30	5	0.9576	1	1	-0.6781	-0.5035
30	5	3.736	0	0	0.2635	0.3969
30	5	0.3953	1	1	-0.9264	-0.7853
30	5	1.648	1	1	0.09414	0.4841
30	5	0.8245	1	1	-0.7634	-0.5064
30	5	0.04197	1	1	-0.2541	-0.7692
30	5	0.6125	1	1	0.2368	0.3971
30	5	1.615	0	0	-0.1805	-0.2111
30	5	5.471	0	0	-0.4472	0.02475
30	5	0.9019	1	1	-0.6798	-0.2591
30	5	1.895	1	1	2.513	1.991
30	5	1.064	1	1	-0.6674	-0.7706
30	5	3.298	0	0	0.01475	0.553
30	5	1.884	0	0	0.6318	0.2884
30	5	5.602	0	0	-0.5073	-0.3473
30	5	0.4365	1	0	-0.1805	0.02652
30	5	0.3002	0	0	-1.02	-0.5588
30	5	0.2184	0	1	-1.459	-1.208
30	5	5.505	1	1	0.13	0.3471
30	5	1.233	0	0	0.2743	-0.2415
30	5	1.844	0	0	-0.151	-0.8713
31	5	1.889	0	0	0.2419	0.2127
31	5	3.713	0	0	-0.02034	0.1201
31	5	0.4306	1	1	-0.7272	-0.7289
31	5	0.3357	0	1	0.0743	0.1037
31	5	5.808	1	1	0.9542	1.025
31	5	1.436	0	1	-0.264	-0.2069
31	5	3.585	0	0	0.6296	0.6299
31	5	1.727	1	1	0.07757	0.1515
31	5	0.5358	0	0	-0.2179	-0.4832
31	5	4.135	0	0	-1.622	-1.633
31	5	2.956	1	1	-1.564	-1.836
31	5	1.121	1	1	-2.244	-0.988
31	5	5.314	0	0	0.01367	0.1392
31	5	3.501	0	0	0.1707	0.2706
31	5	3.915	1	1	-0.1513	-0.2499
31	5	1.009	0	1	-1.346	-1.572
31	5	0.5472	1	0	0.5396	0.5773
31	5	3.68	1	1	-1.857	-2.029
31	5	5.394	1	1	-0.1548	-0.05241
31	5	5.171	1	1	-3.704	-3.904
31	5	3.745	1	1	0.9369	0.8497
31	5	0.5496	0	0	-0.7672	-0.6884
31	5	1.765	1	1	-1.199	-1.186
31	5	0.2528	1	1	-0.5921	-0.2927
31	5	0.4776	0	0	1.011	1.305
31	5	0.552	1	1	1.294	1.35
31	5	1.075	1	1	-1.804	-2.199
31	5	1.564	1	1	0.273	0.3558
31	5	0.7706	1	0	-0.1192	0.0479
31	5	5.689	0	0	-0.03652	0.3286
31	5	3.91	0	0	0.853	0.783
31	5	1.803	0	0	1.139	1.117
31	5	0.764	1	1	1.433	1.861
31	5	1.772	1	1	0.5535	0.6358
31	5	0.4922	1	0	0.6461	0.7621
31	5	1.112	0	0	0.2998	0.692
31	5	5.555	1	1	-0.07501	0.07645
31	5	5.362	0	0	0.9028	1.156
31	5	5.411	0	0	1.389	2.726
31	5	2.002	1	1	0.1956	0.5863
31	5	0.7832	0	0	-0.8264	-0.5651
31	5	0.547	0	0	0.05785	0.1766
31	5	5.533	1	1	2.134	2.082
31	5	1.783	1	1	0.7465	0.8327
31	5	1.006	1	1	0.9137	0.7644
31	5	3.521	0	0	-0.4472	-0.7463
31	5	1.455	0	0	0.2196	1.123
31	5	0.7007	0	1	0.7456	1.291
31	5	5.485	1	1	1.374	1.377
31	5	1.107	0	0	-1.31	-1.505
32	5	1.978	0	0	0.1072	0.221
32	5	1.836	0	0	-0.2119	-0.3877
32	5	3.703	1	1	-0.4863	-0.166
32	5	0.7337	0	0	-0.3805	-0.2613
32	5	3.706	0	1	-0.08905	-0.02733
32	5	3.535	0	0	0.2628	0.3702
32	5	2.284	1	1	-1.21	-1.662
32	5	5.312	0	0	-0.6756	-0.3317
32	5	4.081	0	0	0.03145	0.5692
32	5	5.35	1	1	0.08304	0.1534
32	5	1.051	0	0	-1.223	-0.7664
32	5	5.165	1	1	0.8825	0.4064
32	5	3.565	0	0	-0.637	-0.3531
32	5	5.261	1	1	0.3471	0.4262
32	5	0.7852	0	1	-0.5388	-0.578
32	5	3.797	1	1	1.221	1.262
32	5	0.6719	0	1	-0.5026	-1.008
32	5	5.647	0	0	0.2373	0.3271
32	5	0.9867	1	1	-1.35	-1.964
32	5	0.7674	1	1	0.2802	-0.2576
32	5	0.46	1	1	-0.1245	-0.1332
32	5	0.3884	1	1	-0.7832	-0.07259
32	5	1.683	0	0	-1.858	-2.421
32	5	0.7544	1	0	-0.6549	-0.3233
32	5	5.471	0	0	-0.3169	-0.01736
32	5	1.122	1	1	0.3672	0.8254
32	5	0.6313	1	1	0.1363	0.4832
32	5	3.486	0	1	-1.611	-0.6901
32	5	3.696	0	0	1.329	1.007
32	5	1.603	0	0	-0.393	-0.4262
32	5	1.761	0	1	-0.7785	-0.5536
32	5	0.851	0	1	0.1251	0.5744
32	5	5.157	1	1	0.371	0.9099
32	5	1.766	0	0	0.67	0.6891
32	5	0.4594	0	1	-0.07813	-0.07267
32	5	5.472	1	1	-0.04392	0.3251
32	5	0.8899	1	0	-0.5001	-0.807
32	5	0.8153	1	0	1.675	1.852
32	5	1.805	1	1	-0.1237	-0.6477
32	5	1.048	1	1	-0.4649	-0.5604
32	5	3.398	1	1	-0.0328	0.3261
32	5	5.465	0	0	0.05136	-0.127
32	5	2.063	1	1	0.1024	0.3203
32	5	3.731	1	1	2.018	2.21
32	5	0.78	0	0	-0.6131	-0.09874
32	5	0.4342	0	1	-0.9126	-0.8972
32	5	0.3818	0	1	0.2005	-0.4209
32	5	0.9893	1	1	-0.1547	-0.2778
32	5	5.179	1	1	-0.7923	-0.4058
32	5	1.69	1	1	-1.222	-0.843
33	5	0.8072	0	0	1.424	1.359
33	5	3.75	0	0	0.3076	0.4836
33	5	5.527	0	0	-0.7719	-0.8467
33	5	1.572	0	0	0.1035	0.2784
33	5	0.5983	0	1	1.419	1.493
33	5	5.437	1	1	-0.8406	-0.8869
33	5	5.251	0	0	-0.1045	0.7785
33	5	1.339	1	0	0.7773	0.9099
33	5	4.952	1	1	0.5363	0.2411
33	5	3.702	0	0	1.594	1.273
33	5	3.389	1	1	-0.4466	-0.3157
33	5	1.529	0	0	-0.07484	-0.4212
33	5	0.2964	1	1	-0.0344	0.09143
33	5	1.088	1	1	0.3875	0.626
33	5	5.413	1	1	-0.3423	-0.8451
33	5	1.812	0	1	0.198	0.3613
33	5	5.362	1	1	-0.2063	-0.22
33	5	5.334	1	1	-0.203	-0.05365
33	5	0.4885	0	1	-0.3996	-0.4301
33	5	0.3667	1	0	-0.3045	-0.7205
33	5	0.6918	1	0	0.1837	0.3447
33	5	1.77	0	1	0.7218	0.7331
33	5	3.681	0	0	0.08704	0.4551
33	5	5.373	1	1	-0.02156	-0.367
33	5	2.019	1	1	-0.2975	-0.1055
33	5	0.8879	0	0	0.1322	0.2882
33	5	0.7133	0	1	-0.7688	-0.2693
33	5	0.5903	0	1	-0.03001	-0.04438
33	5	3.815	1	1	-1.954	-0.9318
33	5	0.2141	1	1	-0.08516	-0.05024
33	5	1.127	0	0	-1.157	-0.6914
33	5	1.034	0	0	-0.4251	-0.6477
33	5	3.629	0	0	0.3083	0.4427
33	5	0.8888	0	0	0.7068	1.24
33	5	0.9227	1	0	0.1288	0.05534
33	5	1.92	0	1	0.3283	0.1707
33	5	0.7379	1	1	0.5562	-0.02245
33	5	1.6	1	1	-1.841	-1.995
33	5	5.644	1	1	0.134	0.0996
33	5	3.887	0	0	1.587	1.317
33	5	3.528	1	1	-1.179	-1.204
33	5	0.6732	1	0	2.107	1.924
33	5	5.368	1	1	1.275	0.09266
33	5	1.094	0	0	1.873	1.957
33	5	3.591	1	1	-0.1322	-0.4084
33	5	0.3042	1	0	-1.409	-1.94
33	5	2.029	0	1	0.6363	0.7999
33	5	3.639	0	0	-0.05561	0.08619
33	5	2.169	0	0	-0.3135	0.04334
33	5	0.4083	1	0	0.7805	1.654
34	5	0.837	0	1	1.377	1.537
34	5	2.013	0	0	-1.051	-0.4404
34	5	1.796	1	1	-0.08244	0.09301
34	5	3.541	1	1	-0.3421	-0.6195
34	5	0.8426	0	0	-0.7604	-0.6886
34	5	5.478	0	0	-0.9842	-1.296
34	5	1.763	1	1	0.9342	0.8505
34	5	0.9293	0	0	1.08	1.256
34	5	3.622	1	1	-0.4154	-0.0707
34	5	0.9533	1	1	1.443	1.355
34	5	1.757	1	1	-0.00616	0.0009409
34	5	0.7418	1	0	0.6252	0.774
34	5	5.492	0	0	-0.12	-0.5787
34	5	5.544	0	0	-0.2808	-0.3294
34	5	3.807	1	1	0.02273	-0.08705
34	5	0.6409	0	1	-0.6115	-0.4824
34	5	0.66	0	0	0.1453	0.2002
34	5	5.828	1	1	-0.0503	-0.05037
34	5	5.423	1	1	-1.023	-0.6396
34	5	3.618	0	0	-0.5841	-0.3886
34	5	3.503	1	1	-0.4199	-0.363
34	5	1.52	1	1	-0.05332	-0.2487
34	5	5.131	0	0	0.3097	0.1396
34	5	1.78	1	1	-0.03682	-0.1712
34	5	0.1782	1	1	-0.6613	-0.2679
34	5	1.594	1	1	0.2792	0.6535
34	5	0.6666	0	1	-0.01441	-0.182
34	5	0.53	0	1	0.7456	0.6487
34	5	0.588	0	1	0.1726	0.0944
34	5	3.739	0	0	3.18	2.241
34	5	1.232	1	1	1.099	0.8287
34	5	0.3848	0	1	0.1101	0.02598
34	5	5.138	0	0	-0.7112	-0.5778
34	5	0.5126	1	1	0.1238	-0.2023
34	5	0.1351	1	1	-1.931	-2.602
34	5	0.4003	0	1	-0.5461	-0.6356
34	5	1.08	1	1	-0.234	0.4126
34	5	0.7035	1	1	-0.5817	-0.4531
34	5	0.4793	1	0	-0.1304	0.1812
34	5	2.015	0	0	0.4292	0.104
34	5	5.362	1	1	-0.5022	-0.642
34	5	3.772	1	1	-0.8128	-0.6838
34	5	2.362	0	1	-0.04689	0.08317
34	5	1.262	0	1	-0.2597	-0.7327
34	5	1.86	0	0	-0.6555	-0.4605
34	5	3.871	1	1	-0.836	-0.701
34	5	3.959	0	0	0.2979	0.3177
34	5	3.291	0	0	0.1732	-0.5496
34	5	5.574	0	0	-1.38	-1.204
34	5	5.3	0	0	-0.4445	-0.08976
35	5	5.49	0	0	0.4471	0.4566
35	5	2.181	1	1	-0.72	-0.6659
35	5	5.223	0	0	-0.3552	-0.313
35	5	5.01	1	1	0.1426	0.3775
35	5	0.1353	1	1	-0.7993	-0.9051
35	5	1.016	1	1	-0.7851	-0.9904
35	5	0.6119	0	1	-1.174	-1.356
35	5	1.671	0	0	-2.099	-2.478
35	5	1.861	1	0	-1.136	-1.742
35	5	3.578	1	1	0.3173	0.783
35	5	2.087	1	1	-0.6838	-0.3709
35	5	5.494	0	0	-1.178	-0.9954
35	5	0.0127	0	0	-1.094	-1.214
35	5	0.8004	1	1	-0.2472	-0.6227
35	5	0.2824	1	1	-0.7151	-0.8174
35	5	0.4618	1	1	0.2903	0.363
35	5	3.53	0	0	-0.2215	0.1751
35	5	0.9224	1	0	-1.117	-0.6233
35	5	0.4518	1	1	-0.3412	-0.892
35	5	0.9013	1	1	-0.173	0.04589
35	5	1.794	0	0	0.5924	0.4998
35	5	0.6562	0	0	-1.277	-1.255
35	5	1.882	0	1	-0.8416	-0.6083
35	5	0.3827	1	1	-0.1842	0.006344
35	5	0.8672	0	1	0.01964	0.2228
35	5	1.563	0	0	0.1784	0.243
35	5	0.3868	0	1	0.1743	0.01158
35	5	0.8033	1	1	0.4318	0.6973
35	5	3.715	0	0	0.1624	0.7381
35	5	3.725	1	1	3.396	1.211
35	5	1.259	0	1	-0.6021	-0.3384
35	5	3.468	0	0	-0.6798	-0.6677
35	5	0.6041	0	0	0.9037	0.667
35	5	3.72	0	0	-0.685	-0.1347
35	5	3.724	0	0	0.3592	0.1887
35	5	3.33	1	1	-0.1828	-0.5009
35	5	5.475	0	0	0.6075	0.8562
35	5	5.453	1	1	0.572	0.1006
35	5	0.5746	1	1	-0.1998	-0.3444
35	5	1.962	1	1	0.08884	0.8035
35	5	1.696	0	0	0.1215	0.3041
35	5	5.571	1	1	0.8583	1.126
35	5	1.966	0	0	0.1897	0.1005
35	5	0.1716	0	0	1.233	1.627
35	5	1.039	0	0	0.08397	-0.07344
35	5	5.583	0	0	-1.927	-1.83
35	5	5.653	1	1	-2.021	-1.487
35	5	5.358	1	1	0.2529	0.2145
35	5	3.937	0	0	-0.7046	-0.6662
35	5	3.264	1	1	-0.3845	-0.4095
36	5	1.352	0	0	2.453	2.695
36	5	1.51	0	1	-0.2764	-0.4159
36	5	5.515	1	1	0.01324	0.0496
36	5	0.8643	0	0	0.8248	0.7429
36	5	0.004626	1	0	0.3004	0.03662
36	5	1.923	0	0	0.2467	0.3626
36	5	3.57	0	0	-0.02783	-0.4167
36	5	0.7814	1	1	-0.5524	-0.5977
36	5	1.941	1	1	1.952	1.728
36	5	1.194	1	1	1.37	1.314
36	5	5.315	0	0	-0.8323	-0.7649
36	5	0.7518	0	0	0.03528	0.05237
36	5	0.5006	0	0	0.148	0.6674
36	5	1.841	0	0	-0.006642	0.3024
36	5	1.748	1	1	-0.4875	-1.016
36	5	1.759	0	0	-0.6082	-0.6039
36	5	5.066	1	1	-0.3692	-0.3194
36	5	3.611	0	0	0.5683	0.8691
36	5	1.73	1	1	-0.6147	-0.3095
36	5	3.796	1	1	0.3823	0.2541
36	5	3.751	0	0	0.4996	0.4825
36	5	5.38	0	0	0.7312	0.956
36	5	5.461	0	0	-0.564	-0.318
36	5	3.405	1	1	0.724	0.4963
36	5	1.097	1	1	0.8543	0.8194
36	5	0.352	0	0	-1.08	-1.314
36	5	0.1161	1	1	-0.8329	-0.2954
36	5	1.793	0	1	0.5729	0.385
36	5	1.063	1	0	0.7704	0.6483
36	5	3.559	1	1	-0.8395	-0.9989
36	5	3.677	0	0	0.04859	0.2776
36	5	1.195	1	1	0.2552	0.1214
36	5	1.038	1	0	-0.2222	-0.0262
36	5	3.423	1	1	-0.717	-0.9621
36	5	3.69	1	1	-0.7466	-0.3746
36	5	1.021	0	0	0.6443	0.8586
36	5	1.663	0	1	-0.1143	-0.5771
36	5	0.6527	0	0	0.6136	0.2624
36	5	0.424	0	1	-1.242	-1.705
36	5	5.208	1	1	-0.4483	0.01938
36	5	0.0837	0	1	0.3586	-0.3518
36	5	0.7955	1	0	0.801	0.7348
36	5	5.519	1	1	0.3437	0.544
36	5	0.773	1	0	-1.971	-1.316
36	5	0.4764	0	0	-0.5239	-0.3622
36	5	5.54	0	0	0.835	1.216
36	5	3.991	1	1	0.9495	0.9736
36	5	0.2963	1	1	0.6029	0.282
36	5	5.606	1	0	0.3069	0.359
36	5	5.37	1	1	-2.25	-2.29
37	5	5.328	1	1	1.736	1.493
37	5	0.496	1	0	-0.3751	-0.7413
37	5	5.23	1	1	0.2979	0.6144
37	5	5.479	0	0	0.1298	-0.1186
37	5	0.9182	0	0	-0.3237	-0.2683
37	5	3.723	0	0	0.01543	-0.07545
37	5	5.696	0	0	-0.2936	-0.6033
37	5	0.9195	1	0	2.133	1.585
37	5	3.667	1	1	-0.006151	-0.3176
37	5	1.87	1	1	0.5002	0.5688
37	5	1.981	0	0	0.3122	0.4139
37	5	0.4085	0	0	0.5618	0.6613
37	5	1.153	1	1	-1.346	-1.614
37	5	0.9387	0	1	0.9841	0.939
37	5	3.848	0	0	0.9858	1.013
37	5	3.831	1	1	-0.07262	0.1123
37	5	1.904	0	0	-1.435	-1.593
37	5	5.401	0	0	0.2691	0.2865
37	5	5.553	0	0	0.1846	0.7075
37	5	0.2962	0	1	-0.8543	-2.007
37	5	5.32	0	0	0.6227	0.6127
37	5	3.427	1	1	-0.8929	-0.2627
37	5	1.721	0	1	0.7672	0.5546
37	5	0.8748	0	0	0.794	0.8901
37	5	0.5401	1	1	-0.7199	-0.4494
37	5	0.7889	1	1	-0.2832	-0.006829
37	5	0.2736	0	0	0.3599	0.5805
37	5	0.7388	1	1	-0.9834	-0.4511
37	5	0.8278	1	1	0.2002	0.1881
37	5	0.3366	1	1	0.1649	0.3656
37	5	3.734	0	0	0.08048	0.3661
37	5	0.01597	1	1	1.337	1.373
37	5	1.552	0	0	-1.151	-1.03
37	5	5.31	1	1	0.6034	0.3563
37	5	5.117	1	1	-1.853	-1.717
37	5	1.9	0	0	-0.5962	-1.225
37	5	3.634	0	0	0.05542	0.2536
37	5	3.385	1	1	0.2084	0.1925
37	5	5.127	1	1	-0.5983	-0.2677
37	5	2.141	1	1	-0.6528	-1.357
37	5	3.357	0	0	-0.43	-0.2289
37	5	0.7419	1	0	-0.04656	-0.2387
37	5	0.7272	0	1	0.2123	0.1295
37	5	0.8138	0	0	-0.1877	-0.4368
37	5	3.701	0	0	-0.6123	-0.9123
37	5	0.5294	1	1	-0.08856	0.273
37	5	1.914	1	1	0.3935	0.5905
37	5	1.74	0	1	1.526	1.497
37	5	0.5253	1	1	0.4018	0.04977
37	5	1.992	1	0	-2.393	-1.826
38	5	3.656	0	1	1.802	1.522
38	5	3.621	0	0	0.2975	0.314
38	5	0.4214	1	0	-0.1857	-0.007097
38	5	0.2316	0	0	-0.6498	-0.5564
38	5	0.496	1	0	-0.2878	-0.1248
38	5	0.6599	1	1	0.4153	0.7463
38	5	3.497	0	0	0.2749	-0.1154
38	5	0.6708	1	1	0.4248	0.5137
38	5	1.183	1	1	0.7204	0.5838
38	5	5.357	0	0	1.663	1.225
38	5	0.9173	0	1	0.4634	-0.005928
38	5	1.874	0	0	0.8691	0.726
38	5	5.496	0	0	-0.9176	-0.8663
38	5	3.314	1	1	0.2112	-0.6335
38	5	1.653	0	0	0.5312	-0.1485
38	5	0.8209	1	1	0.7442	0.452
38	5	1.982	0	0	0.9708	0.6886
38	5	1.801	1	1	0.02338	-0.08504
38	5	5.71	0	0	0.5681	0.6213
38	5	3.656	0	0	-1.371	-1.467
38	5	5.414	0	1	1.391	1.477
38	5	3.545	1	1	-0.3535	-0.5186
38	5	1.871	1	1	-0.4459	-0.4857
38	5	1.261	0	0	-1.244	-0.6065
38	5	0.7706	1	1	0.08877	0.4723
38	5	3.252	0	0	0.6039	0.4251
38	5	5.323	1	1	0.06137	0.3708
38	5	1.803	1	1	0.3982	0.5277
38	5	3.866	1	1	-0.5845	-0.2121
38	5	5.405	1	1	-0.2009	0.01059
38	5	5.18	0	0	-0.4002	0.1987
38	5	1.762	0	0	-2.47	-1.764
38	5	5.429	0	0	-1.182	-0.1644
38	5	0.8062	0	1	1.099	1.268
38	5	5.432	1	1	-0.8162	-1.21
38	5	0.8424	1	1	-0.5642	-0.5586
38	5	0.2343	1	0	-0.6827	-0.6383
38	5	0.4884	1	0	-0.1599	-0.4796
38	5	1.992	1	1	-0.7004	-0.6839
38	5	0.5932	1	1	-0.5882	-0.2535
38	5	1.647	0	0	-1.156	-0.7788
38	5	0.8687	1	1	0.7948	0.7374
38	5	0.6125	1	1	-0.7357	-0.3399
38	5	2.108	0	0	-0.1148	-0.09648
38	5	0.3708	1	1	-0.5985	-0.0507
38	5	3.513	0	0	-0.1982	-0.08785
38	5	5.29	0	0	0.2206	0.5035
38	5	0.2908	0	1	0.7603	0.4318
38	5	3.511	1	1	-1.298	-1.037
38	5	0.39	1	1	-0.4242	-0.2023
39	5	3.244	1	1	1.258	1.326
39	5	5.559	0	0	-1.26	-1.813
39	5	0.6357	1	1	0.2984	0.6744
39	5	1.795	0	0	0.4696	-0.1524
39	5	0.6975	0	1	0.5744	0.3231
39	5	0.7079	0	1	1.143	0.8661
39	5	5.124	1	1	-1.4	-1.533
39	5	1.049	1	1	0.4352	0.4869
39	5	0.3334	1	1	0.7365	0.6505
39	5	3.469	0	0	0.8419	0.8884
39	5	3.668	0	0	-0.2568	-0.4182
39	5	5.311	1	1	-0.0776	-0.2479
39	5	0.5054	1	1	-0.12	-0.03246
39	5	0.7024	1	1	2.819	2.944
39	5	1.043	0	1	0.7877	0.2999
39	5	3.851	1	1	-1.758	-2.519
39	5	3.446	0	0	-1.571	0.2809
39	5	1.907	1	1	1.588	1.281
39	5	2.152	0	1	0.4205	0.9458
39	5	5.167	0	0	0.1206	0.2106
39	5	3.633	1	1	0.4123	1.114
39	5	5.167	1	1	0.8495	0.7774
39	5	0.4553	1	0	-0.1103	-0.8007
39	5	1.532	0	0	-0.1654	-0.2287
39	5	1.091	1	0	-0.2332	-0.8431
39	5	1.096	1	0	-1.028	-1.816
39	5	3.525	1	1	0.5482	-0.03666
39	5	5.207	1	1	-0.03568	0.02888
39	5	0.6786	0	0	0.6756	0.5202
39	5	3.613	0	0	-0.4103	-0.5336
39	5	3.469	0	0	1.93	1.748
39	5	3.397	0	0	0.8932	0.9676
39	5	0.3604	0	0	-1.02	-1.017
39	5	0.9684	1	0	0.5965	0.7586
39	5	5.606	1	1	-0.3998	-0.3359
39	5	0.8587	1	1	-0.3722	-0.8075
39	5	1.801	0	0	-1.177	-1.471
39	5	5.359	1	1	-0.4717	-0.1806
39	5	2.076	1	1	1.13	1.251
39	5	0.4072	0	0	-0.4226	-0.1963
39	5	1.666	1	1	-0.01607	-0.1224
39	5	0.6619	0	1	0.1877	-0.2384
39	5	1.615	0	1	1.044	0.7532
39	5	1.85	0	0	0.8487	0.4144
39	5	0.5767	0	1	0.476	0.7392
39	5	5.418	1	1	-0.9756	-1.417
39	5	0.6829	0	0	0.218	0.2361
39	5	1.566	0	0	-0.1928	0.6709
39	5	5.511	0	0	0.04945	0.6421
39	5	0.8712	1	1	0.3996	0.6191
40	6	0.8143	1	1	1.764	0.7268
40	6	1.768	0	0	-3.524	-3.555
40	6	0.6264	1	1	0.5869	0.3381
40	6	3.834	1	1	0.1147	-0.03282
40	6	2.041	1	1	0.9212	1.063
40	6	5.389	1	1	-0.3435	0.08768
40	6	1.171	1	1	0.9036	0.7079
40	6	0.8579	1	1	0.7726	0.9324
40	6	0.8452	0	1	-0.8769	-1.208
40	6	1.089	1	1	-0.8607	-0.5311
40	6	1.776	0	0	0.9926	1.142
40	6	1.855	0	0	-3.257	-4.216
40	6	5.121	0	0	-0.2572	-0.3554
40	6	1.743	1	1	-3.174	-3.503
40	6	5.251	1	1	0.5034	0.3013
40	6	0.5623	0	1	-0.07746	0.2191
40	6	1.675	0	0	-3.035	-3.041
40	6	5.549	1	1	-1.157	-1.816
40	6	1.212	0	0	0.8555	0.2311
40	6	3.767	0	0	-3.13	-2.059
40	6	0.9706	0	0	2.021	2.065
40	6	4.025	0	0	0.4821	1.021
40	6	1.71	0	1	1.65	1.899
40	6	3.956	1	1	1.187	1.505
40	6	0.3115	0	0	-0.1199	0.2506
40	6	1.264	0	0	0.8175	0.511
40	6	0.1263	1	1	0.3035	0.351
40	6	0.6407	0	0	-1.293	-1.01
40	6	5.644	1	1	0.91	0.6782
40	6	5.683	1	1	0.1688	0.3732
40	6	0.9372	1	1	-0.1978	-0.08509
40	6	3.683	0	0	0.498	0.6736
40	6	0.6384	0	0	-0.1824	-0.2581
40	6	5.491	1	1	-0.1545	0.4346
40	6	1.796	1	1	-0.324	-0.3334
40	6	3.427	0	0	0.976	1.236
40	6	5.502	1	1	0.2753	0.926
40	6	5.243	0	0	0.5221	0.6763
40	6	0.3205	1	1	0.06674	0.7184
40	6	0.9337	1	1	1.207	0.5736
40	6	1.626	0	1	0.1548	-0.1832
40	6	3.623	1	1	0.6	0.2305
40	6	3.572	0	0	-0.06213	0.06016
40	6	3.502	1	1	-1.379	-0.6657
40	6	5.373	1	1	0.0738	0.2497
40	6	0.8382	1	1	-0.2683	0.003019
40	6	1.92	0	0	-0.5893	1.056
40	6	0.3033	0	1	-0.1956	-0.5485
40	6	0.2468	0	0	-0.4632	-0.4219
40	6	3.539	1	1	0.974	0.3791
41	6	0.5916	1	0	1.125	1.46
41	6	5.591	1	1	-0.5086	-0.159
41	6	5.364	1	1	-0.7689	-0.6982
41	6	5.31	1	1	-1.036	-0.9611
41	6	5.217	0	0	0.2273	0.4975
41	6	3.426	1	1	0.09179	-0.02169
41	6	1.739	1	1	0.1303	-0.01597
41	6	3.501	0	0	0.7328	0.6426
41	6	0.8179	1	1	0.8349	-0.01128
41	6	1.42	1	1	0.6065	0.9383
41	6	3.594	1	1	-0.06587	0.3744
41	6	2.016	1	0	0.8765	0.6377
41	6	0.7048	0	0	-1.42	-0.8094
41	6	2.006	0	0	-0.4258	-0.5864
41	6	3.459	1	1	-2.072	-1.829
41	6	5.577	0	0	-1.558	-1.319
41	6	1.78	0	0	-0.09071	0.1458
41	6	1.746	0	0	1.689	1.505
41	6	5.468	1	1	-0.8688	-0.448
41	6	0.434	0	0	0.4929	1.597
41	6	0.7774	1	1	-0.5927	-0.4693
41	6	1.126	0	0	-1.62	-2.237
41	6	3.448	0	0	-0.8465	-1.007
41	6	5.362	0	0	-0.3952	-0.06166
41	6	1.173	0	0	-0.4597	-1.292
41	6	0.7799	1	1	1.722	1.934
41	6	1.677	1	1	1.459	1.509
41	6	3.643	1	1	0.3269	0.4052
41	6	0.7507	0	0	0.00173	0.2913
41	6	1.794	0	0	1.65	1.533
41	6	5.084	1	1	0.2992	-0.5126
41	6	5.051	0	0	-0.3101	-0.1366
41	6	5.541	1	1	0.04698	-0.08765
41	6	1.132	1	0	-0.4896	-0.5783
41	6	3.578	0	0	1.094	1.458
41	6	1.266	1	0	0.05802	-4.094e-06
41	6	0.7015	0	0	-0.07086	-0.09223
41	6	0.2986	0	1	0.3682	-0.6352
41	6	3.809	0	0	-1.085	-0.2807
41	6	0.4845	1	1	-0.06517	0.3709
41	6	3.791	0	0	-0.7673	-0.3115
41	6	0.5832	0	0	-0.1402	-0.2551
41	6	3.492	0	0	1.2	1.256
41	6	1.063	0	0	0.4147	0.685
41	6	1.519	1	1	2.139	1.563
41	6	1.324	0	1	-0.5091	-0.4909
41	6	0.5726	0	0	1.415	1.793
41	6	0.7428	1	1	0.6992	1.208
41	6	0.3513	1	1	0.2083	0.3862
41	6	1.057	0	1	0.9812	0.228
42	6	5.426	1	1	2.42	3.64
42	6	0.6501	0	0	-0.4633	0.04959
42	6	1.073	1	1	0.3362	0.4132
42	6	0.3067	0	1	0.3685	0.3873
42	6	5.661	1	1	-1.576	-1.602
42	6	0.8717	1	0	-0.417	-0.8002
42	6	5.427	1	1	-0.6077	-0.2821
42	6	1.108	1	0	-0.0749	0.1631
42	6	3.728	1	1	0.1681	0.2308
42	6	5.52	0	0	0.9225	0.5623
42	6	3.614	1	1	-0.7942	-0.6153
42	6	0.6858	0	0	0.212	0.4596
42	6	0.8588	1	1	0.1508	0.2088
42	6	0.2055	0	1	0.3853	0.1067
42	6	0.1276	1	0	-0.107	-0.02302
42	6	3.609	0	0	-1.318	-1.064
42	6	1.852	1	1	-0.9156	-1.383
42	6	1.887	0	0	1.781	1.789
42	6	5.448	1	1	-0.7405	-0.3683
42	6	0.8211	1	1	0.8266	0.4514
42	6	3.3	0	0	-0.8172	-0.5772
42	6	0.8502	0	0	0.7871	1.221
42	6	0.5306	0	0	1.446	1.723
42	6	5.381	0	0	0.8487	0.7115
42	6	5.457	0	0	-0.4692	-0.2674
42	6	1.51	1	1	-0.3226	-0.3307
42	6	3.706	0	0	-0.8493	-0.8655
42	6	0.1221	0	0	0.08665	0.2032
42	6	3.565	0	1	0.2043	0.05094
42	6	5.058	0	0	-0.3803	-0.2903
42	6	0.2646	0	1	1.413	1.273
42	6	0.2999	0	1	1.028	-1.59
42	6	0.8038	0	0	-1.016	-1.029
42	6	4.05	0	0	-0.2355	0.2088
42	6	2.001	1	1	0.915	-0.7156
42	6	0.8359	1	1	-2.098	-2.411
42	6	1.784	0	1	-1.218	-1.239
42	6	3.775	1	1	0.1371	0.2475
42	6	1.733	1	1	0.259	1.263
42	6	0.07578	0	1	1.021	1.506
42	6	3.774	1	1	-1.221	-0.6625
42	6	2.037	1	1	1.272	0.5132
42	6	5.135	1	1	-0.4129	0.7412
42	6	1.899	0	1	1.677	1.52
42	6	1.579	0	0	0.2031	0.3112
42	6	0.1464	0	0	2.075	2.193
42	6	1.011	1	1	-0.2198	-0.1597
42	6	1.93	1	1	-0.2386	-0.1997
42	6	3.735	0	1	0.37	0.2619
42	6	5.251	1	1	0.01537	-0.5428
43	6	5.249	1	1	3.464	4.147
43	6	2.186	1	1	-1.889	-1.32
43	6	5.478	1	1	-0.1285	0.7343
43	6	0.66	1	1	0.3173	0.2587
43	6	3.738	1	1	-1.02	-0.9632
43	6	0.367	1	1	0.9178	1.085
43	6	1.856	0	0	0.3582	1.024
43	6	0.9314	1	1	0.4826	0.4546
43	6	3.548	0	0	0.7219	0.5414
43	6	0.5799	1	1	0.7238	0.4236
43	6	1.852	1	1	0.3103	0.1908
43	6	3.362	0	0	-0.3208	-0.1153
43	6	1.953	1	1	0.3995	0.354
43	6	0.4302	0	1	-0.1393	-0.1934
43	6	0.7957	1	1	-0.2343	-0.3711
43	6	0.9843	0	1	-1.01	-0.4704
43	6	3.513	0	0	0.2663	0.4609
43	6	3.373	0	0	0.7428	0.9971
43	6	3.538	1	1	0.2844	0.2065
43	6	1.785	0	1	-0.06474	-0.2567
43	6	5.538	1	1	-0.7829	-0.6059
43	6	1.028	0	0	-0.9186	-0.05399
43	6	2.16	0	0	-0.8758	-0.7114
43	6	5.417	1	1	0.3228	0.4704
43	6	0.7203	1	1	0.6495	0.5739
43	6	1.172	0	0	0.1632	0.2473
43	6	5.081	0	0	-0.3651	0.2106
43	6	5.271	0	0	0.005738	0.07273
43	6	0.5573	1	1	0.8547	0.609
43	6	0.6603	1	0	0.6031	0.4963
43	6	0.9031	1	1	-0.09252	-0.207
43	6	0.5984	0	1	0.4972	0.4997
43	6	1.975	0	1	-0.8214	-0.8382
43	6	5.259	1	1	0.4587	0.6184
43	6	0.1536	0	0	0.1473	0.07011
43	6	1.741	0	0	-1.137	-0.8965
43	6	1.146	0	0	-1.162	-0.6783
43	6	5.149	0	0	0.5325	0.1008
43	6	5.121	0	0	-1.231	-2.163
43	6	0.8008	0	0	0.6037	0.8737
43	6	0.3249	1	1	1.601	1.339
43	6	3.487	1	1	-1.014	-1.053
43	6	3.577	1	1	0.1038	0.2584
43	6	2.177	0	1	0.561	0.2867
43	6	3.609	1	1	-0.5434	-0.6113
43	6	3.566	1	1	-2.271	-2.169
43	6	1.234	0	0	-0.134	-0.1209
43	6	1.724	0	0	0.06244	-0.6551
43	6	5.285	1	1	-1.655	-1.233
43	6	0.2027	1	0	0.1406	0.3269
44	6	0.303	1	0	1.342	1.509
44	6	0.6291	0	0	-0.3189	-0.3397
44	6	1.909	1	1	0.09665	0.08595
44	6	5.314	0	0	0.07918	0.3935
44	6	3.592	1	1	0.1178	0.3592
44	6	0.4044	1	1	1.927	2.007
44	6	3.746	0	0	1.735	2.09
44	6	1.043	0	1	1.241	1.193
44	6	0.3483	1	1	1.25	1.903
44	6	0.6846	0	0	-1.038	-1.542
44	6	5.16	0	0	0.4256	0.07592
44	6	1.115	0	0	-1.537	-1.684
44	6	5.584	1	1	-1.058	-0.7875
44	6	0.3666	1	0	0.6039	0.3803
44	6	0.7186	0	0	-2.305	-2.143
44	6	0.4652	1	0	0.2857	0.1101
44	6	5.268	1	1	-0.4681	-0.3061
44	6	1.767	1	1	0.5791	0.688
44	6	3.523	0	0	0.1123	0.02644
44	6	5.188	0	0	-0.03309	0.2841
44	6	0.3239	1	0	0.2384	0.2587
44	6	1.54	0	1	-0.4452	-0.9748
44	6	5.459	1	1	-0.8039	-0.09609
44	6	0.9664	1	1	1.619	1.556
44	6	5.532	0	0	-0.3786	0.8316
44	6	3.571	0	0	-0.3444	-0.7368
44	6	0.4051	0	0	-1.062	-0.06661
44	6	5.464	0	0	0.7994	0.9936
44	6	2.252	0	0	-0.8912	-0.1908
44	6	3.439	0	0	-2.189	-2.214
44	6	3.629	1	1	-0.7689	-0.8679
44	6	0.4523	1	1	0.3457	0.7177
44	6	5.51	0	0	0.421	0.8963
44	6	0.4359	1	1	-0.5206	-0.4954
44	6	0.5214	0	0	-1.403	-1.642
44	6	2.193	1	1	-0.2486	-0.03212
44	6	1.926	1	1	0.007435	-0.8369
44	6	1.872	1	0	1.097	0.7302
44	6	0.9838	1	1	-0.7802	-0.8176
44	6	1.593	1	1	-1.143	-1.097
44	6	1.825	1	1	-1.8	-1.254
44	6	3.702	0	1	1.011	0.9062
44	6	5.251	1	1	-0.4484	-0.4103
44	6	3.676	0	1	-1.115	-0.9656
44	6	0.9527	0	0	-0.4224	-0.2079
44	6	1.897	0	0	-0.181	0.04425
44	6	3.768	0	0	-2.226	-1.816
44	6	0.3596	1	1	-1.084	-0.6622
44	6	0.9835	1	1	0.6112	1.939
44	6	3.473	0	0	-0.5875	-0.01225
45	6	1.692	0	1	0.07118	-0.2828
45	6	5.317	0	0	0.3321	0.7561
45	6	5.261	1	1	-0.4236	-0.1776
45	6	0.4193	0	1	-1.005	-1.166
45	6	0.9753	0	0	0.3436	-0.1079
45	6	1.655	0	0	-0.4992	-0.6444
45	6	5.264	1	1	-0.282	-0.2751
45	6	5.13	0	0	-0.5376	-0.6612
45	6	0.2412	1	0	-0.1498	0.1182
45	6	0.8564	0	1	-0.1585	-0.0233
45	6	0.3512	1	1	0.2875	0.7655
45	6	3.61	1	1	1.556	0.4858
45	6	5.096	0	0	0.09404	-0.02672
45	6	5.184	1	1	0.8441	0.6769
45	6	3.458	1	1	-0.3004	0.3168
45	6	0.8617	1	1	-0.4203	-0.2561
45	6	2.086	1	1	-0.5827	-0.0975
45	6	1.965	1	1	-0.3586	-0.355
45	6	3.772	1	1	-1.338	-1.177
45	6	5.332	1	1	0.754	-0.02563
45	6	3.584	0	0	-0.6576	-0.7503
45	6	3.423	1	1	-0.9086	-0.82
45	6	2.086	0	0	-0.5325	-0.5188
45	6	1.186	1	1	0.1628	0.117
45	6	0.4372	1	0	-0.9224	-0.8258
45	6	1.765	0	0	-1.471	-0.209
45	6	1.001	1	0	0.6928	0.5975
45	6	0.2543	0	1	0.2679	-0.1181
45	6	1.783	1	1	0.6878	0.7353
45	6	5.54	1	1	-0.3211	-0.3424
45	6	3.813	0	0	0.312	-0.1926
45	6	3.371	1	1	0.7087	0.5075
45	6	1.715	1	1	-0.01231	0.1491
45	6	0.5645	0	0	-0.6637	0.206
45	6	1.927	1	1	0.3243	0.3231
45	6	5.65	0	0	-0.2505	-0.4724
45	6	0.246	1	0	0.2608	-0.1896
45	6	5.405	1	1	0.4048	0.1433
45	6	0.2231	0	0	-0.6612	-1.127
45	6	3.632	0	0	0.1818	-0.1493
45	6	1.162	0	1	1.429	1.118
45	6	0.8907	0	1	-0.4052	-0.01604
45	6	1.486	0	0	-0.8542	-1.402
45	6	0.6018	0	0	0.6212	0.245
45	6	0.4217	0	1	1.03	0.2043
45	6	0.6004	1	1	0.8408	0.38
45	6	4.122	1	1	-0.2278	-0.3368
45	6	0.6298	1	1	0.2169	-0.01183
45	6	3.448	0	0	0.4774	0.8561
45	6	0.7689	0	1	-1.802	-0.06644
46	6	1.774	0	0	3.629	3.954
46	6	1.998	1	1	-0.2061	-0.2511
46	6	5.365	0	0	-0.02231	-0.3962
46	6	0.794	1	1	0.5905	0.9496
46	6	2.014	1	1	-0.9666	-0.7857
46	6	3.775	1	1	0.2103	0.5329
46	6	0.8485	0	1	-0.2766	0.07566
46	6	0.6885	0	0	1.331	0.9613
46	6	0.1635	0	1	-0.5673	-0.4715
46	6	0.8748	0	0	-1.214	-1.534
46	6	5.305	0	0	0.609	0.8056
46	6	3.647	1	1	-3.128	-2.675
46	6	1.869	1	1	2.167	2.489
46	6	1.834	0	0	0.4553	0.04185
46	6	0.5291	1	1	1.492	1.575
46	6	5.292	0	0	1.382	1.423
46	6	5.944	0	0	1.394	1.358
46	6	5.253	1	1	0.6201	-0.6201
46	6	0.2523	1	0	-0.6562	-0.4751
46	6	5.156	1	1	0.1651	0.05027
46	6	3.537	0	0	1.008	0.4329
46	6	3.854	0	0	0.2859	0.1121
46	6	0.7767	1	0	-0.4791	-0.6532
46	6	3.758	1	1	-0.4979	-0.5007
46	6	0.827	0	0	-1.307	-1.985
46	6	1.929	0	0	-0.4971	-0.691
46	6	0.9215	1	1	-0.7705	-0.6305
46	6	3.865	1	1	-0.2814	-0.15
46	6	5.178	1	1	0.6483	0.8836
46	6	1.908	0	1	0.1356	0.4398
46	6	0.737	0	0	-1.531	-1.788
46	6	5.406	1	1	-1.355	-1.182
46	6	3.399	0	0	0.02626	-0.04498
46	6	0.3856	0	0	-1.441	-1.273
46	6	0.5074	0	0	0.971	0.3613
46	6	5.279	1	1	-0.2393	0.1957
46	6	1.137	0	0	0.2163	-0.2199
46	6	5.412	0	0	-0.8165	-0.07156
46	6	1.767	1	1	0.9457	1.06
46	6	0.512	0	0	0.02606	-0.05915
46	6	0.6779	1	0	-0.2876	-0.1538
46	6	1.824	1	1	-0.2278	-0.2932
46	6	0.01392	1	0	-0.06821	0.2868
46	6	3.377	0	0	-1.056	-0.4652
46	6	0.6194	1	0	0.6211	1.07
46	6	1.649	1	1	1.031	1.083
46	6	3.797	1	1	-2.486	-1.667
46	6	0.8019	1	1	1.972	2.397
46	6	0.2212	0	0	1.842	1.879
46	6	3.363	1	1	1.685	1.38
47	6	5.216	1	1	1.35	0.7808
47	6	0.3168	1	1	0.5793	0.2582
47	6	0.3362	1	0	-0.2842	-0.1014
47	6	3.715	1	1	-1.433	-1.238
47	6	1.99	0	1	-0.1088	-0.1522
47	6	1.095	0	0	-0.4391	-0.5693
47	6	5.31	1	1	-0.9163	-0.5649
47	6	1.757	0	0	0.2676	0.2379
47	6	1.811	0	0	-0.6937	-0.3908
47	6	1.661	1	1	-0.4739	-0.3422
47	6	0.4529	1	1	-0.5215	0.07213
47	6	0.296	0	0	0.6959	0.8289
47	6	5.271	0	0	-1.04	-0.8152
47	6	0.6053	1	1	-0.4292	-0.2462
47	6	0.8314	1	1	-0.4303	-0.2409
47	6	3.54	1	1	0.3235	0.3025
47	6	0.6556	0	1	-0.9959	-0.7107
47	6	1.052	1	0	0.2318	0.331
47	6	1.7	1	1	0.7109	0.5996
47	6	3.914	0	0	-0.2801	-0.3423
47	6	3.477	0	0	-0.7458	-0.3816
47	6	5.551	1	1	-0.9476	-0.8474
47	6	1.118	0	0	1.598	1.617
47	6	0.4955	1	1	-0.1855	-0.3198
47	6	0.4418	0	0	-0.5582	-0.4629
47	6	3.59	0	0	0.01384	0.2974
47	6	0.8521	1	1	-0.08375	-0.1118
47	6	0.5874	0	0	-0.8122	-0.5123
47	6	5.738	1	1	0.5604	0.5741
47	6	1.896	1	1	0.2268	0.4297
47	6	1.604	1	1	0.8597	0.532
47	6	0.5985	1	0	-0.8111	-0.789
47	6	5.84	1	1	-0.3603	-0.5315
47	6	0.3517	0	1	0.867	0.7835
47	6	5.704	1	1	-0.01766	-0.2195
47	6	0.8136	1	0	0.4736	0.5371
47	6	1.045	0	0	0.09038	0.2718
47	6	3.316	0	0	-0.06425	-0.3648
47	6	5.256	0	0	-1.623	-1.074
47	6	5.542	0	0	-0.3319	-0.8742
47	6	0.6429	0	1	-0.5858	0.7344
47	6	3.708	0	1	0.2462	0.2039
47	6	1.06	0	1	-0.2695	-0.5969
47	6	0.997	1	1	-0.3552	-0.1504
47	6	1.428	0	0	-0.09157	-0.03053
47	6	5.391	1	1	-0.01041	0.01749
47	6	3.563	0	0	-1.222	-1.127
47	6	3.778	0	0	-0.6696	-0.1288
47	6	3.667	1	1	-1.09	-0.645
47	6	2.117	1	1	1.691	2.095
48	6	1.734	1	1	0.5458	0.8286
48	6	5.396	1	1	-0.5723	-0.8755
48	6	0.8051	1	1	-0.5184	-0.9429
48	6	3.424	1	1	0.9473	0.329
48	6	0.7755	0	0	0.3345	0.6304
48	6	0.6326	0	0	-0.7004	-0.9343
48	6	5.618	0	0	0.1225	0.1024
48	6	3.562	0	1	1.107	1.048
48	6	1.067	1	1	1.531	1.037
48	6	1.007	1	1	0.9776	-0.01743
48	6	5.225	1	1	0.4656	0.3974
48	6	1.663	1	1	-0.01363	-0.2587
48	6	1.062	0	1	1.028	0.7663
48	6	3.286	0	0	0.8919	0.5375
48	6	0.4116	1	1	-0.3476	-0.6006
48	6	0.4845	0	1	-0.4259	-0.8391
48	6	3.492	0	0	0.7067	0.3004
48	6	1.651	1	1	0.6895	0.4555
48	6	0.6536	1	1	0.9482	0.8296
48	6	0.7834	1	1	-0.3551	-0.1075
48	6	0.7371	0	0	0.3226	0.1524
48	6	0.9341	0	0	0.7621	0.6152
48	6	3.565	0	0	-1.616	-1.721
48	6	3.583	1	1	-0.1979	-0.826
48	6	1.597	1	1	0.1073	1.337
48	6	1.75	1	1	-0.2697	-0.4603
48	6	1.667	0	0	-0.6257	-0.3832
48	6	1.715	0	0	0.1417	0.4613
48	6	0.4386	0	0	0.4944	0.3342
48	6	1.921	1	1	-0.424	-0.5976
48	6	3.765	0	0	-0.06712	-1.023
48	6	5.299	1	1	-0.8926	-0.7938
48	6	5.457	0	0	0.87	0.7741
48	6	5.209	1	1	0.5139	0.3269
48	6	2.013	0	0	-0.5168	-0.8251
48	6	0.4682	0	1	0.6438	1.152
48	6	0.5585	0	0	-0.261	-1.826
48	6	5.322	1	1	-0.6392	-1.783
48	6	5.124	0	0	-0.5459	-0.4579
48	6	5.485	0	0	0.4987	0.3801
48	6	0.7067	1	1	0.0691	0.08226
48	6	3.629	0	0	0.2346	0.1079
48	6	3.8	0	1	1.234	0.7871
48	6	5.327	1	1	0.7528	0.6341
48	6	0.9107	1	1	-1.135	-1.202
48	6	3.423	1	1	1.471	1.669
48	6	1.465	0	1	1.867	1.889
48	6	1.087	1	0	0.6122	0.4413
48	6	1.126	0	1	-0.5994	-1.976
48	6	0.4382	1	1	0.06948	0.3279
49	6	1.873	0	0	0.9157	0.9104
49	6	0.3998	1	1	-0.2298	0.2904
49	6	5.094	1	1	-0.4787	-0.5995
49	6	1.716	0	0	0.1874	-0.6494
49	6	0.3838	0	0	0.2198	-0.3217
49	6	0.6214	0	0	-0.311	-0.1964
49	6	3.593	0	0	1.082	1.233
49	6	0.4078	1	0	1.794	2.102
49	6	1.704	0	0	-0.3892	-0.2414
49	6	0.584	0	0	1.323	1.602
49	6	1.708	0	0	-0.9093	-0.6285
49	6	1.038	1	0	-1.418	-0.4546
49	6	1.615	0	1	1.077	-0.07493
49	6	1.792	0	0	1.076	1.194
49	6	3.791	1	1	-1.042	0.5486
49	6	0.7411	1	1	1.667	1.339
49	6	3.431	1	1	1.726	1.185
49	6	5.606	0	0	0.4867	0.1907
49	6	3.784	0	0	0.1616	0.08369
49	6	5.449	1	1	1.68	1.288
49	6	1.1	1	1	0.7466	0.06927
49	6	0.06981	1	1	1.036	0.7037
49	6	5.877	0	0	0.3528	0.5277
49	6	1.285	0	0	0.214	0.03808
49	6	5.426	0	0	0.7297	0.4922
49	6	2.089	1	1	0.5572	-0.08483
49	6	0.5422	1	1	1.002	1.15
49	6	3.453	0	1	0.7906	0.03209
49	6	3.807	0	0	0.0643	-0.3185
49	6	3.832	1	1	0.356	0.2818
49	6	1.231	0	0	-0.8737	-1.02
49	6	5.42	1	1	-0.5472	-1.618
49	6	5.186	1	1	0.5669	-0.1658
49	6	0.1091	0	0	-1.751	-1.462
49	6	3.751	0	0	0.1554	0.4709
49	6	0.8787	1	1	0.6814	0.3434
49	6	5.172	1	1	1.26	0.6951
49	6	0.6103	1	1	0.7093	1.106
49	6	0.2197	0	1	-1.448	-1.255
49	6	1.749	1	1	0.2203	0.7835
49	6	0.8063	1	1	1.415	1.654
49	6	0.8977	1	1	0.9966	0.4446
49	6	0.911	0	0	0.1454	-0.4048
49	6	1.76	0	0	-0.07284	-0.2726
49	6	5.257	1	1	-1.001	-0.333
49	6	1.268	0	1	2.605	2.704
49	6	0.6494	1	0	1.15	1.303
49	6	3.344	0	0	-0.1463	-0.5122
49	6	5.451	1	1	0.3869	0.4938
49	6	3.752	1	1	0.378	0.15
