0	2	1.868	0	0	0.4104
0	2	3.568	0	1	-1.214
0	2	3.543	0	0	0.6246
0	2	1.679	0	1	-0.3415
0	2	3.807	1	1	-0.4378
0	2	0.2908	1	1	-0.7466
0	2	0.3587	0	1	-0.7466
0	2	5.492	0	0	0.2586
0	2	5.394	0	0	0.09893
0	2	0.9116	1	0	0.09893
0	2	3.556	0	1	-0.7466
0	2	0.03818	1	0	2.762
0	2	3.825	0	0	0.09893
0	2	3.51	0	0	-0.6402
0	2	5.279	1	1	-0.06965
0	2	1.907	1	1	-0.5373
0	2	0.6519	0	1	0.6246
0	2	0.02703	0	1	-0.1576
0	2	0.298	0	0	1.131
0	2	5.561	1	1	-0.3415
0	2	3.819	1	1	-0.6402
0	2	5.274	1	1	-1.767
0	2	5.358	1	1	-0.8569
0	2	1.548	1	1	0.3354
0	2	1.618	1	1	-0.8569
0	2	2.102	1	1	-0.3415
0	2	0.3194	0	1	-0.06965
0	2	0.8676	0	1	0.6928
0	2	5.132	1	1	1.072
0	2	1.49	0	0	1.761
0	2	0.4624	1	1	-0.8569
0	2	5.16	0	0	0.3354
0	2	0.3045	1	1	1.714
0	2	0.8349	1	1	0.3354
0	2	1.863	0	0	1.9
0	2	3.731	1	1	-0.4378
0	2	0.8437	1	0	2.438
0	2	5.315	1	1	-1.214
0	2	0.1713	0	1	-0.8569
0	2	5.621	1	1	-1.09
0	2	0.9724	1	0	0.4104
0	2	0.4825	0	1	-0.2482
0	2	3.534	0	0	-0.6402
0	2	0.9528	0	0	-1.214
0	2	1.448	1	1	-2.087
0	2	0.8572	1	1	0.2586
0	2	0.8247	0	0	0.1798
0	2	1.05	1	1	0.09893
0	2	1.91	0	1	0.6928
0	2	3.631	0	0	0.8247
1	2	5.479	0	0	-0.2278
1	2	5.388	0	0	-1.217
1	2	0.939	0	1	-1.412
1	2	0.36	1	1	0.8634
1	2	1.821	1	1	0.6108
1	2	1.842	1	1	-0.6353
1	2	1.668	0	0	-0.5625
1	2	0.7903	1	1	1.234
1	2	5.558	0	0	-0.4917
1	2	3.573	1	1	1.367
1	2	0.3243	1	1	-0.7103
1	2	1.006	0	1	-0.5625
1	2	3.443	1	1	-0.9505
1	2	1.58	0	0	0.474
1	2	3.587	0	0	-0.04701
1	2	1.553	1	1	0.06647
1	2	3.339	0	0	-0.166
1	2	5.334	0	0	-1.982
1	2	0.3337	1	1	-0.4917
1	2	5.266	1	1	-0.8678
1	2	0.1602	0	0	-0.9505
1	2	3.979	0	0	-1.125
1	2	3.675	1	1	-0.2278
1	2	1.042	0	1	-0.166
1	2	0.5538	1	1	0.2274
1	2	3.488	1	1	1.199
1	2	3.498	0	0	0.5204
1	2	1.247	0	1	1.432
1	2	2.019	0	1	-0.7103
1	2	5.186	1	1	-0.423
1	2	1.73	1	1	-0.9505
1	2	5.412	0	0	-0.4917
1	2	5.064	0	0	0.2274
1	2	1.038	0	0	-0.9505
1	2	0.7543	0	1	0.3783
1	2	3.634	0	0	2.302
1	2	1.676	0	1	-0.7103
1	2	0.2851	1	1	2.211
1	2	5.569	1	1	-0.3562
1	2	0.5547	1	1	0.9805
1	2	3.98	1	1	-0.7103
1	2	0.9092	1	0	-0.5625
1	2	1.827	1	1	0.2274
1	2	1.461	1	1	0.2274
1	2	1.053	0	1	0.9805
1	2	1.094	1	1	-0.8678
1	2	0.827	0	0	0.474
1	2	0.1412	0	1	-0.166
1	2	5.559	1	1	2.992
1	2	0.1372	0	1	0.6979
2	2	0.8135	0	1	-1.619
2	2	0.741	0	0	0.9894
2	2	3.741	0	0	-0.4693
2	2	1.115	0	1	0.8039
2	2	0.5423	1	0	1.16
2	2	0.7186	1	0	0.9535
2	2	3.295	0	0	0.5149
2	2	3.193	1	1	0.4704
2	2	3.585	0	0	-0.9272
2	2	1.521	1	1	-0.1491
2	2	5.552	0	0	0.8039
2	2	0.2935	0	1	-1.296
2	2	1.078	0	1	-0.7638
2	2	0.1366	1	1	-0.3356
2	2	3.664	1	1	0.02282
2	2	0.6997	0	1	-0.7638
2	2	2.022	0	0	0.02282
2	2	5.131	0	0	-0.2717
2	2	0.7607	0	1	-1.296
2	2	0.236	0	0	1.094
2	2	1.848	1	1	1.552
2	2	5.336	0	0	-0.03302
2	2	5.657	1	1	0.6435
2	2	0.3649	1	1	-0.2717
2	2	5.34	0	0	2.234
2	2	0.7266	1	1	0.9535
2	2	1.991	1	1	-1.014
2	2	3.212	0	0	-0.4693
2	2	0.7469	1	1	-0.1491
2	2	5.559	1	1	-0.1491
2	2	0.9449	0	1	-0.9272
2	2	5.219	0	0	0.3311
2	2	5.465	1	1	-1.619
2	2	3.373	1	1	-1.619
2	2	1.607	1	1	-0.4014
2	2	5.551	1	1	2.39
2	2	0.1154	1	1	-0.4693
2	2	1.624	0	0	-1.014
2	2	1.9	1	1	1.606
2	2	3.734	1	1	-0.9272
2	2	5.167	0	0	-0.2717
2	2	0.7873	0	1	-0.844
2	2	1.008	0	1	0.8039
2	2	0.7806	1	1	2.044
2	2	3.564	1	1	-0.7638
2	2	1.829	1	1	-0.7638
2	2	0.6623	1	1	0.5149
2	2	2.004	0	0	-0.5393
2	2	1.71	1	0	0.3785
2	2	3.474	0	0	-0.1491
3	2	0.2412	0	0	0.7537
3	2	1.077	0	0	-1.793
3	2	5.313	1	1	-0.4839
3	2	0.2439	0	1	-0.3144
3	2	1.95	1	1	0.9183
3	2	1.997	0	1	0.08438
3	2	0.7002	1	0	0.5014
3	2	0.4204	1	1	-0.4839
3	2	3.407	0	0	-0.426
3	2	3.738	1	1	1.504
3	2	3.556	1	1	0.5392
3	2	0.8152	1	1	0.3436
3	2	0.918	1	1	-1.084
3	2	1.002	1	1	-0.7977
3	2	0.9976	1	1	-0.3695
3	2	5.32	1	1	-1.161
3	2	5.391	0	0	-1.594
3	2	0.5031	0	1	-0.4839
3	2	0.1838	1	1	0.3436
3	2	1.754	1	1	-0.7977
3	2	0.5364	0	1	-0.1566
3	2	3.654	1	1	-0.2606
3	2	3.746	1	1	0.649
3	2	5.499	0	0	-0.208
3	2	3.741	0	0	0.5763
3	2	1.604	0	0	-0.1566
3	2	3.593	1	1	-0.7314
3	2	1.49	1	1	0.4629
3	2	0.6314	1	1	-0.7977
3	2	2.152	0	1	1.298
3	2	2.109	1	1	0.4238
3	2	3.639	0	0	0.03817
3	2	5.509	0	0	-0.7977
3	2	2.119	0	1	0.5763
3	2	0.6237	0	0	2.582
3	2	5.313	0	0	0.1741
3	2	1.077	1	1	1.759
3	2	1.058	0	1	3.027
3	2	5.602	0	0	-0.9363
3	2	5.465	0	0	-1.084
3	2	5.389	1	1	1.552
3	2	3.45	1	1	0.4629
3	2	0.7887	0	0	0.384
3	2	0.4612	0	1	0.03817
3	2	0.8945	0	1	0.4629
3	2	3.913	1	1	-1.161
3	2	5.101	0	1	-0.9363
3	2	1.823	1	1	-0.4839
3	2	1.887	1	1	-0.5433
3	2	0.3086	0	1	-1.411
4	2	5.362	1	1	0.08936
4	2	1.574	0	0	0.5366
4	2	1.616	1	1	-0.6455
4	2	0.5844	0	1	-0.6455
4	2	2.114	1	1	1.808
4	2	3.795	0	0	-1.734
4	2	3.677	1	1	1.177
4	2	1.882	0	1	0.7142
4	2	5.663	0	0	-2.054
4	2	3.728	0	0	-0.1973
4	2	3.41	0	0	-0.09769
4	2	5.516	1	1	2.03
4	2	0.8135	0	0	2.833
4	2	0.9376	1	1	-0.09769
4	2	5.509	1	1	0.847
4	2	0.5486	1	1	-0.6455
4	2	0.8748	1	1	1.364
4	2	1.802	0	0	0.2203
4	2	0.4292	1	0	-0.467
4	2	0.4305	1	1	-1.543
4	2	3.678	1	1	-0.09769
4	2	0.7898	0	1	-1.637
4	2	2.161	1	1	1.87
4	2	1.149	1	1	-0.5845
4	2	3.917	1	1	-0.8392
4	2	0.03033	1	1	-0.4105
4	2	5.844	1	1	0.4994
4	2	3.558	1	1	-0.978
4	2	0.578	1	1	-0.2487
4	2	5.331	0	0	-0.467
4	2	1.749	0	0	-0.3553
4	2	3.797	1	1	-0.467
4	2	1.624	0	0	-0.1469
4	2	3.672	0	1	0.3441
4	2	1.067	1	0	-0.9075
4	2	0.777	1	1	-0.1973
4	2	5.103	0	0	0.7482
4	2	5.346	0	0	0.7816
4	2	5.407	0	0	-1.126
4	2	0.8346	0	1	0.8791
4	2	1.119	1	0	-0.525
4	2	5.62	0	0	1.232
4	2	0.6251	0	1	0.8146
4	2	1.533	0	0	-0.7728
4	2	0.3869	0	1	0.2203
4	2	0.7729	0	1	-0.2487
4	2	0.3336	1	1	-0.7083
4	2	0.3545	0	1	-0.002253
4	2	3.472	0	1	-0.5845
4	2	1.864	1	1	0.423
5	2	1.051	0	1	-0.3593
5	2	0.2069	0	1	-0.6185
5	2	5.172	0	0	-1.081
5	2	1.748	1	1	-0.9961
5	2	0.5839	0	1	-0.6185
5	2	5.396	0	0	-1.357
5	2	3.371	1	1	-0.3593
5	2	0.9798	0	0	-0.07514
5	2	0.715	1	1	-0.1842
5	2	5.365	1	1	0.1271
5	2	1.958	0	0	-1.169
5	2	0.8397	0	1	-0.3593
5	2	1.847	1	1	0.1747
5	2	1.008	1	1	-0.6887
5	2	3.284	1	1	-0.5506
5	2	0.401	0	1	0.3113
5	2	3.56	0	0	0.3549
5	2	5.447	0	0	-0.1842
5	2	0.1963	1	1	0.1271
5	2	0.5667	0	1	1.769
5	2	1.899	1	1	-0.6887
5	2	5.089	0	0	-1.081
5	2	1.023	1	1	-0.9148
5	2	0.9507	1	1	1.769
5	2	0.6368	1	1	0.2212
5	2	5.543	0	0	0.4394
5	2	1.83	1	1	-0.5506
5	2	0.6847	1	1	1.61
5	2	3.553	1	1	-0.7614
5	2	0.5619	1	1	0.3113
5	2	5.012	1	1	0.3113
5	2	3.623	1	1	-0.8367
5	2	0.5645	0	1	-0.3593
5	2	5.284	0	0	0.3113
5	2	1.242	1	1	-0.8367
5	2	5.433	0	0	-0.6185
5	2	5.297	1	1	-0.8367
5	2	2.098	0	1	-0.7614
5	2	0.7621	0	0	1.747
5	2	3.329	0	0	-1.676
5	2	0.8498	0	1	0.3976
5	2	3.513	0	0	2.37
5	2	2.045	0	0	1.514
5	2	0.5371	1	1	0.3113
5	2	3.26	1	1	1.251
5	2	1.777	0	1	0.3549
5	2	3.734	0	0	-0.5506
5	2	1.597	1	1	0.5206
5	2	3.503	1	1	-0.2409
5	2	0.8449	1	0	3.01
6	2	0.4924	0	1	0.7384
6	2	3.478	1	1	1.319
6	2	0.8045	0	1	0.7747
6	2	1.082	0	1	-0.07954
6	2	1.456	1	1	1.811
6	2	1.262	0	1	0.06954
6	2	5.614	1	1	-0.6559
6	2	3.806	1	1	-0.4681
6	2	1.77	0	0	-0.6559
6	2	1.105	0	0	0.5088
6	2	0.6129	0	1	-0.4681
6	2	0.5493	0	1	0.9813
6	2	0.795	0	1	-1.006
6	2	3.425	1	1	0.5878
6	2	1.651	0	0	0.2992
6	2	5.021	1	1	-1.161
6	2	1.012	1	1	-1.006
6	2	0.6452	1	1	-1.6
6	2	3.593	0	0	-1.006
6	2	1.849	0	1	-0.8596
6	2	0.5659	1	0	1.11
6	2	3.572	0	0	0.3426
6	2	1.941	1	1	-0.6559
6	2	1.585	0	0	-0.5917
6	2	0.4395	1	1	-0.3505
6	2	0.2894	1	1	-0.2385
6	2	1.711	1	1	-0.4681
6	2	5.337	1	1	-0.6559
6	2	0.2855	0	1	-0.6559
6	2	1.652	0	0	1.666
6	2	1.501	1	1	0.255
6	2	4.931	1	0	1.764
6	2	0.5852	1	1	-0.2385
6	2	3.727	0	0	0.6643
6	2	0.6667	1	1	-0.7898
6	2	0.7256	1	1	2.179
6	2	0.3922	1	0	2.48
6	2	1.54	1	1	-0.2385
6	2	0.7092	0	0	0.5486
6	2	3.945	0	0	-0.7898
6	2	5.379	1	1	-1.243
6	2	5.348	0	0	0.6643
6	2	5.417	1	1	-2.021
6	2	3.372	1	1	-0.6559
6	2	0.5449	1	1	-0.4681
6	2	5.159	0	0	-0.07954
6	2	5.521	0	0	0.3426
7	2	5.293	1	1	0.369
7	2	1.083	0	1	-0.8512
7	2	3.702	0	0	-1.047
7	2	5.462	1	1	-1.047
7	2	5.283	1	1	-0.5593
7	2	2.201	1	1	-0.6715
7	2	3.992	1	1	-0.5593
7	2	0.3378	1	1	-0.7897
7	2	2.071	0	1	0.369
7	2	5.346	0	0	-0.6147
7	2	1.029	0	1	-0.8512
7	2	2.126	1	0	0.826
7	2	5.548	0	0	0.369
7	2	3.655	0	0	1.051
7	2	1.531	0	0	0.1405
7	2	0.8648	1	1	0.3325
7	2	0.809	0	0	1.397
7	2	0.5538	1	1	-0.5052
7	2	5.52	0	0	-0.02582
7	2	3.536	1	1	-0.1592
7	2	1.832	0	0	2.213
7	2	3.854	1	1	0.1001
7	2	3.993	1	1	2.411
7	2	0.5684	0	1	-0.1139
7	2	5.35	0	0	1.464
7	2	2.028	1	1	2.847
7	2	0.2856	0	1	-0.02582
7	2	0.7319	1	1	0.9965
7	2	0.4252	1	1	0.5431
7	2	2.122	1	0	-1.415
7	2	1.312	1	1	-1.497
7	2	0.5173	0	1	-0.9144
7	2	5.241	0	0	-0.3503
7	2	1.874	0	1	-0.6147
7	2	3.575	1	1	-0.6715
7	2	0.9159	1	1	0.2954
7	2	2.097	0	1	-0.02582
7	2	0.6855	0	0	-0.4524
7	2	0.7429	1	1	-0.7299
7	2	0.1382	0	1	-0.301
7	2	0.9761	1	1	-0.5052
7	2	5.596	1	1	1.024
7	2	3.81	1	1	1.996
7	2	3.812	0	0	0.475
7	2	3.812	0	1	-0.7897
7	2	0.6128	1	1	-1.67
7	2	0.351	0	1	-0.4008
7	2	0.5602	0	1	-0.2055
7	2	5.601	0	0	-0.5052
7	2	2.18	0	0	-0.3503
8	2	1.755	1	1	-0.6317
8	2	1.21	1	1	-0.1189
8	2	5.629	0	0	-0.6317
8	2	5.419	0	0	-0.5072
8	2	0.3772	0	1	-0.1189
8	2	0.503	1	0	-1.213
8	2	0.5995	0	1	-0.8325
8	2	0.3388	1	0	1.046
8	2	1.702	1	1	-1.213
8	2	5.842	0	0	-1.132
8	2	0.213	0	1	-1.386
8	2	1.761	1	1	-0.3892
8	2	5.415	1	0	0.5762
8	2	0.1606	1	1	1.582
8	2	1.695	0	0	1.33
8	2	3.686	1	0	2.788
8	2	0.04144	1	1	1.653
8	2	2.154	1	1	-0.7636
8	2	1.765	1	1	-0.9037
8	2	0.7286	0	1	-0.8325
8	2	2.058	1	1	-0.6967
8	2	4.947	1	1	-1.477
8	2	0.7296	0	1	-0.5072
8	2	3.973	1	0	0.5385
8	2	5.461	0	0	-0.3325
8	2	3.725	0	0	0.07611
8	2	5.461	0	0	0.8894
8	2	0.6821	1	1	-0.8325
8	2	1.828	1	1	0.9847
8	2	1.669	1	1	0.2555
8	2	3.735	1	1	0.02893
8	2	0.3333	0	1	-0.4474
8	2	5.705	0	0	-0.6967
8	2	5.201	1	1	-0.2231
8	2	3.344	0	0	1.872
8	2	5.007	0	0	0.6132
8	2	1.026	1	1	-0.2231
8	2	3.894	0	0	1.606
8	2	0.8996	1	1	-1.386
8	2	0.931	0	1	0.1223
8	2	3.167	0	0	0.02893
8	2	0.8121	0	0	-0.3325
8	2	1.881	0	0	0.07611
8	2	3.863	0	1	-0.5686
8	2	3.563	0	0	-0.3892
8	2	1.223	0	0	-0.2771
8	2	3.914	1	0	2.239
8	2	1.243	0	0	-0.6317
8	2	1.096	1	0	1.221
8	2	0.363	1	1	0.1676
9	2	3.811	0	0	0.4341
9	2	0.02332	1	0	0.1322
9	2	5.57	0	0	-1.159
9	2	5.605	0	1	0.6012
9	2	0.3636	1	0	1.748
9	2	0.6625	0	1	-0.38
9	2	3.645	0	0	0.5689
9	2	5.428	0	0	-0.7953
9	2	0.2997	0	1	-0.4341
9	2	2.186	0	0	2.374
9	2	5.64	1	1	0.4341
9	2	0.5804	1	1	-0.9325
9	2	5.443	0	0	0.3629
9	2	0.5376	0	0	0.289
9	2	1.806	1	0	0.8416
9	2	0.9913	1	1	-0.1776
9	2	3.383	1	0	1.694
9	2	3.509	0	0	-1.711
9	2	1.69	1	1	1.464
9	2	3.236	1	1	0.8416
9	2	1.063	0	0	0.5027
9	2	5.449	1	1	0.2122
9	2	3.499	0	0	-0.08388
9	2	5.685	0	0	-0.6672
9	2	3.418	1	1	-0.2262
9	2	0.3814	0	1	1.949
9	2	4.003	1	0	0.8697
9	2	0.5815	1	1	0.1726
9	2	0.58	1	1	1.996
9	2	5.037	0	0	-0.7953
9	2	0.8815	1	1	-0.3273
9	2	0.8515	1	1	1.484
9	2	0.9081	1	1	-0.2262
9	2	5.547	1	1	-0.7302
9	2	1.863	1	1	-0.1776
9	2	0.7185	0	1	-1.326
9	2	0.1553	0	0	-0.6062
9	2	1.857	0	0	-0.6062
9	2	0.7046	0	1	-0.6062
9	2	3.409	1	1	-1.326
9	2	5.646	1	1	-0.6062
9	2	0.5565	0	1	-0.08388
9	2	1.745	1	1	-0.4898
9	2	0.6491	0	0	-0.1776
9	2	1.861	1	1	0.2122
9	2	2.188	0	0	-0.3273
9	2	0.6344	0	1	-1.241
9	2	1.69	0	0	0.5689
9	2	1.962	1	1	-1.821
9	2	3.551	1	1	-1.711
10	3	0.9442	0	0	-1.011
10	3	5.48	0	0	-0.9065
10	3	0.7577	0	1	-0.6165
10	3	5.66	1	1	-0.2733
10	3	3.991	1	1	-0.2733
10	3	0.4244	1	1	-0.6165
10	3	1.866	1	1	-1.35
10	3	3.511	0	0	0.2376
10	3	1.725	0	0	1.178
10	3	0.5565	1	1	-0.8063
10	3	5.105	0	0	0.8829
10	3	1.802	1	1	-0.355
10	3	0.6811	0	0	0.6659
10	3	5.215	0	0	-2.367
10	3	0.9331	1	1	0.3032
10	3	5.255	1	1	-1.232
10	3	3.872	1	1	-0.8063
10	3	1.606	1	1	-1.35
10	3	1.581	1	0	-0.117
10	3	0.2101	0	0	-0.5264
10	3	0.3788	1	1	-0.355
10	3	3.74	1	1	0.3032
10	3	5.436	1	1	0.03057
10	3	3.574	1	1	0.2376
10	3	0.816	0	0	0.9344
10	3	5.299	0	0	-0.6165
10	3	5.395	0	0	-0.2733
10	3	5.448	1	1	2.362
10	3	0.4255	0	0	0.7219
10	3	1.75	0	0	-0.117
10	3	1.058	0	0	-0.5264
10	3	0.3992	0	0	0.1704
10	3	0.6173	1	0	0.3672
10	3	0.6675	0	1	0.4908
10	3	1.08	1	0	0.9344
10	3	0.3743	1	0	-0.355
10	3	1.905	0	0	0.3672
10	3	1.022	1	1	0.3672
10	3	3.084	1	1	1.762
10	3	0.9466	0	0	0.3672
10	3	3.354	1	1	3.621
10	3	0.4407	1	1	-0.0422
10	3	3.477	0	0	-0.8063
10	3	5.546	1	1	0.3672
10	3	3.553	0	0	0.4297
10	3	1.561	0	0	0.9344
10	3	0.8533	1	0	-0.194
10	3	1.968	0	1	-1.603
10	3	3.454	0	0	0.1704
10	3	1.53	0	1	-0.7097
11	3	0.5127	1	1	-0.474
11	3	1.044	1	1	0.5398
11	3	5.296	1	1	-0.28
11	3	3.615	0	0	0.4524
11	3	1.657	0	0	0.06366
11	3	1.76	0	0	2.148
11	3	0.8078	0	0	2.064
11	3	3.793	0	0	0.009939
11	3	0.5919	0	0	-0.8403
11	3	1.946	1	1	-1.59
11	3	1.618	1	1	0.009939
11	3	1.6	1	1	0.7445
11	3	0.8821	0	0	0.3144
11	3	5.61	1	1	-0.6865
11	3	0.5705	1	1	-0.1016
11	3	5.251	0	0	-0.6134
11	3	1.458	1	1	-0.5426
11	3	0.8152	0	1	-0.4074
11	3	0.06241	1	1	0.9319
11	3	5.607	1	1	-0.1016
11	3	5.341	0	0	-1.279
11	3	3.509	1	1	-0.762
11	3	0.8888	0	0	-0.1016
11	3	3.921	0	0	-0.2189
11	3	1.715	0	1	-0.762
11	3	1.021	1	0	0.009939
11	3	5.469	1	1	-1.279
11	3	3.417	1	1	-1.378
11	3	1.172	0	0	1.296
11	3	0.5706	1	1	-0.6134
11	3	0.9557	1	1	2.617
11	3	0.4706	0	1	0.5823
11	3	3.786	1	1	-1.378
11	3	3.555	0	0	0.06366
11	3	5.157	0	0	-0.5426
11	3	0.9823	1	1	-0.9214
11	3	0.2357	1	1	2.25
11	3	5.491	1	1	-1.378
11	3	0.2319	0	1	-1.005
11	3	0.6339	1	1	-1.005
11	3	3.866	0	0	-0.5426
11	3	3.378	0	0	-0.2189
11	3	1.031	0	0	0.1161
11	3	1.811	1	1	1.071
11	3	1.866	1	1	1.202
11	3	0.8582	1	1	0.705
11	3	5.149	0	0	1.003
11	3	3.439	0	0	-0.2189
11	3	5.451	0	0	0.009939
11	3	1.804	0	1	1.037
12	3	5.372	0	0	0.9182
12	3	1.104	0	1	-1.367
12	3	1.418	1	1	0.0206
12	3	3.596	1	1	-0.09185
12	3	3.416	1	1	-0.3996
12	3	1.232	0	1	1.699
12	3	5.16	0	0	-0.2715
12	3	3.36	1	1	0.0206
12	3	3.857	1	1	-1.47
12	3	0.814	0	1	-0.3347
12	3	5.536	1	1	0.9914
12	3	1.101	1	1	0.4681
12	3	0.3222	1	0	-0.1502
12	3	1.584	1	1	-0.7549
12	3	3.754	0	0	1.418
12	3	0.9876	0	0	0.9914
12	3	2.29	1	1	-0.833
12	3	5.44	0	0	-0.6793
12	3	0.2371	0	0	1.591
12	3	3.684	1	1	0.8808
12	3	5.494	1	1	-0.9977
12	3	5.16	0	0	-0.4664
12	3	5.439	0	0	0.2303
12	3	3.694	1	1	-0.2715
12	3	0.364	1	0	1.263
12	3	4.97	1	1	-1.808
12	3	0.9533	1	1	0.2798
12	3	1.643	1	0	1.165
12	3	0.7677	0	1	-0.9977
12	3	5.343	0	1	-0.6062
12	3	5.773	1	1	0.0206
12	3	1.793	0	0	0.2798
12	3	1.085	0	1	-0.6793
12	3	0.1566	1	1	1.751
12	3	1.81	1	1	0.0206
12	3	3.991	1	1	-0.833
12	3	3.842	0	0	-1.808
12	3	0.423	0	1	-0.833
12	3	1.044	0	0	-1.175
12	3	0.7263	1	1	0.9551
12	3	1	0	0	-1.689
12	3	2.023	0	0	0.2303
12	3	0.6627	1	0	-0.9977
12	3	3.686	1	1	1.326
12	3	0.965	0	1	-0.2715
12	3	1.482	1	1	-0.4664
12	3	1.118	0	1	0.8427
12	3	2.013	1	1	-0.2715
12	3	0.6256	0	1	1.997
12	3	1.376	0	0	1.165
13	3	5.443	1	1	1.408
13	3	3.482	1	1	-0.3086
13	3	0.7171	1	1	-0.9224
13	3	0.09547	0	0	-0.3769
13	3	1.831	0	1	-0.1151
13	3	5.479	0	0	-1.012
13	3	1.92	1	1	0.3328
13	3	1.531	0	1	1.029
13	3	0.4881	0	1	1.244
13	3	1.094	1	1	-0.1778
13	3	0.4685	1	1	-0.595
13	3	1.683	0	0	-0.595
13	3	3.765	0	0	-0.3086
13	3	3.508	1	1	-0.3086
13	3	3.493	0	0	-1.012
13	3	3.738	0	0	-0.836
13	3	0.8462	0	0	2.357
13	3	5.107	1	0	0.7072
13	3	0.7369	0	1	-0.4473
13	3	0.2266	1	1	1.734
13	3	2	0	0	0.8737
13	3	1.799	0	0	0.3328
13	3	0.3015	0	1	1.174
13	3	2.007	1	1	2.93
13	3	5.205	1	1	0.3328
13	3	3.706	0	0	0.2814
13	3	0.7932	1	1	-0.05407
13	3	0.7955	1	1	1.706
13	3	3.391	0	0	-1.203
13	3	5.154	1	1	0.5739
13	3	3.522	1	1	0.5277
13	3	5.28	1	1	-1.106
13	3	0.4908	0	1	-1.523
13	3	1.605	0	0	-0.7528
13	3	5.588	1	1	-0.3086
13	3	5.446	0	0	-0.7528
13	3	0.2061	0	1	-0.4473
13	3	0.493	1	1	-0.6725
13	3	0.8913	1	1	0.5277
13	3	0.7054	1	0	-1.012
13	3	1.037	1	1	-1.764
13	3	0.9167	0	0	-0.3086
13	3	5.497	0	0	0.0633
13	3	0.8529	1	0	1.621
13	3	3.244	1	1	-0.05407
13	3	1.851	1	1	-0.595
13	3	1.911	0	0	-0.3086
13	3	5.65	0	0	-0.595
13	3	3.59	1	0	-0.836
13	3	0.3545	1	1	-0.4473
14	3	1.77	1	1	-0.3674
14	3	5.244	1	1	-1.717
14	3	2.254	0	0	-1.291
14	3	5.588	1	1	-0.1879
14	3	3.159	0	0	0.9749
14	3	3.608	1	1	0.6144
14	3	3.468	1	1	1.448
14	3	5.618	1	1	0.9415
14	3	5.227	0	0	0.5343
14	3	0.6367	1	0	1.857
14	3	0.4987	0	1	0.6144
14	3	1.017	0	0	2.124
14	3	1.819	0	1	0.131
14	3	5.502	0	0	-0.9367
14	3	0.8888	1	1	-0.705
14	3	5.486	0	0	0.1798
14	3	1.025	0	1	0.1798
14	3	0.4841	0	0	0.3197
14	3	3.636	1	1	-1.02
14	3	5.177	1	0	1.195
14	3	3.043	1	1	-1.107
14	3	1.862	0	0	-0.1879
14	3	5.199	1	1	-0.496
14	3	5.305	0	0	-1.493
14	3	3.249	1	1	-0.3059
14	3	0.7139	0	1	-0.633
14	3	3.601	0	0	-0.496
14	3	1.667	1	1	-1.02
14	3	2.03	1	0	0.6144
14	3	0.5539	1	1	-0.8566
14	3	0.06535	0	1	-1.197
14	3	0.8169	0	0	0.4511
14	3	1.784	0	0	1.422
14	3	0.8372	1	1	0.5343
14	3	0.427	0	1	1.627
14	3	5.538	0	0	0.6533
14	3	0.2156	0	1	-0.1879
14	3	1.042	0	0	0.5343
14	3	0.4962	0	1	-0.496
14	3	3.444	1	1	0.4931
14	3	0.1669	1	1	0.1798
14	3	1.655	0	0	1.283
14	3	3.463	0	0	0.3644
14	3	0.9909	1	1	-0.496
14	3	0.4524	0	0	0.5343
14	3	3.554	0	0	-1.838
14	3	0.9704	1	1	1.195
14	3	0.5469	1	1	-1.02
14	3	1.504	1	0	-1.107
14	3	2.158	1	1	-1.838
15	3	0.6457	1	0	0.336
15	3	1.03	0	1	-1.19
15	3	0.6193	0	0	-0.9722
15	3	0.8043	0	0	-0.5905
15	3	0.6137	1	1	-1.561
15	3	3.713	1	1	-0.5042
15	3	3.638	1	1	-1.561
15	3	0.7446	0	0	1.121
15	3	0.596	0	1	0.336
15	3	1.763	1	1	0.2157
15	3	0.4764	1	1	0.2157
15	3	0.08752	0	1	0.02247
15	3	1.702	0	0	0.8104
15	3	0.4773	0	0	-0.2635
15	3	5.214	1	1	-0.5905
15	3	5.323	1	1	0.0887
15	3	0.5559	1	1	2.143
15	3	1.899	0	0	-1.7
15	3	5.185	0	0	-0.6801
15	3	3.799	1	1	-0.116
15	3	1.926	1	1	-0.5042
15	3	5.379	0	0	-1.19
15	3	3.696	1	1	0.2157
15	3	5.428	1	1	-0.5905
15	3	1.022	1	1	-0.341
15	3	3.489	0	0	1.121
15	3	3.476	0	0	-0.04574
15	3	1.167	1	0	2.577
15	3	5.512	1	1	-0.2635
15	3	0.9322	1	1	2.767
15	3	1.644	0	0	-0.9722
15	3	3.531	1	1	0.336
15	3	1.859	0	0	-0.7734
15	3	0.7346	1	1	0.9036
15	3	5.146	0	0	-0.5042
15	3	5.502	0	0	-0.116
15	3	0.6074	0	1	-0.341
15	3	1.969	1	1	2.089
15	3	1.438	0	1	0.3938
15	3	1.574	0	0	0.3938
15	3	3.534	1	1	-0.9722
15	3	5.404	0	0	-0.8706
15	3	0.1371	0	1	-0.116
15	3	1.107	0	1	-0.116
15	3	0.8854	1	1	0.9933
15	3	1.872	0	0	1.358
15	3	3.724	0	0	-0.2635
15	3	5.591	1	1	0.2157
15	3	0.386	1	1	-0.2635
15	3	3.304	0	0	-0.6801
16	3	1.576	0	0	2.102
16	3	3.543	1	1	-2.374
16	3	0.1527	0	1	1.793
16	3	0.3156	0	1	-0.7333
16	3	1.857	1	1	-0.5284
16	3	0.5799	1	1	-0.06911
16	3	0.7492	0	1	0.2545
16	3	1.182	0	1	-0.9528
16	3	0.3189	0	1	1.65
16	3	0.7787	0	0	-0.1556
16	3	5.384	0	0	0.5473
16	3	5.756	0	0	-1.189
16	3	0.9861	1	1	-0.9528
16	3	1.805	1	0	0.9399
16	3	5.369	1	1	0.4767
16	3	3.669	1	1	-0.2447
16	3	1.022	0	1	-0.4309
16	3	0.5379	1	0	0.6838
16	3	0.8528	1	1	-0.9528
16	3	2.205	0	0	0.1768
16	3	1.136	0	1	-0.4309
16	3	0.3632	0	0	2.459
16	3	0.9175	1	1	0.01505
16	3	1.895	0	0	1.929
16	3	5.76	1	1	0.8779
16	3	3.327	0	0	-1.315
16	3	3.737	1	1	0.5473
16	3	0.747	1	1	-0.841
16	3	1.777	0	0	0.5473
16	3	1.876	0	0	0.4044
16	3	3.254	1	1	-0.2447
16	3	1.967	1	1	-0.7333
16	3	5.09	1	1	-0.3364
16	3	0.6132	1	0	1.551
16	3	3.585	0	0	0.5473
16	3	1.723	1	1	-0.5284
16	3	5.273	1	1	-0.4309
16	3	0.1053	0	1	-0.3364
16	3	5.805	0	0	1.288
16	3	3.726	0	0	-1.582
16	3	5.351	0	0	0.8145
16	3	5.216	1	1	-0.4309
16	3	0.5276	0	1	-0.5284
16	3	3.746	1	1	0.01505
16	3	0.9867	1	1	-0.7333
16	3	5.099	1	1	-0.9528
16	3	3.695	0	0	-0.4309
16	3	1.578	0	0	0.01505
16	3	0.5418	1	1	-0.9528
16	3	3.508	0	0	-0.2447
17	3	3.477	0	0	-0.1802
17	3	3.729	0	0	-1.315
17	3	1.002	0	1	-0.9787
17	3	1.866	0	1	2.005
17	3	2.076	0	1	1.354
17	3	3.528	0	0	-1.225
17	3	0.2477	1	1	-0.6296
17	3	5.612	1	1	-1.615
17	3	5.201	0	0	-0.1802
17	3	0.9615	1	1	-0.08311
17	3	3.754	0	0	-1.973
17	3	5.541	1	1	-0.9787
17	3	1.852	1	1	0.9151
17	3	3.537	1	1	0.3379
17	3	0.321	1	1	-0.2827
17	3	0.3361	1	1	0.9693
17	3	0.7717	1	0	0.4475
17	3	5.357	0	0	-0.448
17	3	3.689	0	0	-1.615
17	3	0.6239	1	1	-0.2308
17	3	0.5997	1	1	-0.6296
17	3	0.9053	1	0	-0.2308
17	3	3.634	1	1	-0.6296
17	3	0.9775	0	1	0.742
17	3	1.654	0	0	0.1809
17	3	1.904	1	1	-0.7614
17	3	5.424	0	0	-0.03641
17	3	0.5611	1	1	-0.9787
17	3	0.01788	0	1	2.166
17	3	0.5943	0	0	0.4475
17	3	2.025	1	1	-0.3913
17	3	1.534	0	0	0.8592
17	3	0.8844	0	0	0.3379
17	3	1.858	0	0	-0.3913
17	3	0.2732	0	1	-0.2827
17	3	0.9249	1	1	0.772
17	3	3.655	0	0	1.376
17	3	0.8107	0	1	1.219
17	3	5.654	0	0	0.6805
17	3	3.642	1	1	-0.1802
17	3	3.673	1	1	-0.2308
17	3	5.166	0	0	0.8306
17	3	1.652	1	0	0.6805
17	3	0.6793	0	0	2.486
17	3	0.3272	1	1	-0.1802
17	3	5.234	0	0	0.7115
17	3	1.102	1	1	-0.1802
17	3	1.766	1	0	0.05359
17	3	5.574	0	0	-0.7614
17	3	5.249	0	0	-1.973
18	3	1.196	1	1	-0.4592
18	3	1.737	0	0	2.08
18	3	3.652	0	1	1.212
18	3	3.43	1	0	1.099
18	3	0.5192	0	1	0.2538
18	3	0.7643	1	0	0.5743
18	3	3.375	0	0	-2.401
18	3	1.738	0	0	0.9791
18	3	0.8781	1	0	0.6474
18	3	1.11	1	1	0.5368
18	3	0.3784	0	0	0.8197
18	3	5.228	1	1	-0.2849
18	3	1.152	0	0	0.5743
18	3	1.478	0	0	2.255
18	3	0.8226	1	1	-0.3995
18	3	5.231	1	1	0.1199
18	3	3.653	1	1	-1.009
18	3	3.646	1	1	-0.7858
18	3	0.4768	1	0	1.184
18	3	0.177	0	0	-0.02297
18	3	3.578	1	1	-1.009
18	3	1.911	0	0	1.127
18	3	0.4209	0	1	-1.009
18	3	0.7518	0	1	-0.5206
18	3	1.592	0	0	-1.989
18	3	0.3157	0	1	0.8197
18	3	2.06	1	1	-0.3414
18	3	1.865	1	1	-0.5839
18	3	0.9233	0	1	-1.089
18	3	5.374	0	0	-0.7858
18	3	1.743	0	0	0.4986
18	3	1.149	1	1	-0.2299
18	3	0.468	0	1	-0.932
18	3	5.234	0	0	0.5743
18	3	2.312	0	0	-0.02297
18	3	5.001	1	1	0.9482
18	3	3.834	0	0	0.9168
18	3	5.915	1	1	-0.8577
18	3	0.7896	1	0	0.02574
18	3	5.453	1	1	-0.3995
18	3	3.64	0	0	0.2966
18	3	1.73	1	1	0.718
18	3	1.031	1	1	1.01
18	3	5.49	1	1	-0.2849
18	3	3.438	1	1	-1.349
18	3	5.371	0	0	-0.3414
18	3	0.335	0	1	-0.2849
18	3	0.1859	0	0	1.212
18	3	5.75	1	1	-1.645
18	3	3.536	0	0	-1.443
19	3	0.9899	1	1	-0.3799
19	3	0.8231	0	1	-0.5562
19	3	3.54	1	1	-0.9766
19	3	0.8542	0	1	0.1829
19	3	3.629	1	1	0.6341
19	3	1.497	1	1	-0.4367
19	3	5.074	0	0	-0.5562
19	3	5.355	0	0	1.476
19	3	5.595	0	0	0.05897
19	3	0.9152	0	1	-1.058
19	3	0.4446	0	0	2.086
19	3	0.6173	0	1	-0.2205
19	3	3.296	1	1	1.343
19	3	0.4823	1	1	-0.1221
19	3	0.6965	0	1	-0.7532
19	3	3.665	1	1	-0.685
19	3	0.6895	1	1	-0.8244
19	3	0.3987	1	0	1.175
19	3	5.286	1	1	-0.8988
19	3	0.5367	0	1	1.7
19	3	1.63	1	0	-0.1221
19	3	1.025	0	0	1.24
19	3	3.302	0	0	-0.1221
19	3	0.9087	0	1	0.1013
19	3	5.39	1	0	0.8876
19	3	1.741	1	1	-0.272
19	3	1.888	0	0	0.6642
19	3	5.23	0	0	-0.685
19	3	0.2842	0	1	0.2608
19	3	2.193	0	0	-0.272
19	3	3.639	1	1	-0.272
19	3	1.032	1	1	-0.4367
19	3	0.7398	1	1	2.768
19	3	5.231	1	1	-1.235
19	3	3.809	0	0	-0.685
19	3	1.63	0	1	-0.0291
19	3	5.419	1	1	1.42
19	3	3.485	0	0	-0.272
19	3	1.805	1	1	-0.8988
19	3	0.5023	0	1	-0.3799
19	3	0.784	1	0	1.362
19	3	5.326	1	1	-1.144
19	3	3.486	1	1	1.302
19	3	1.989	1	1	0.1013
19	3	5.561	1	1	-0.8244
19	3	0.4274	0	0	-1.33
19	3	0.8537	1	1	-0.5562
19	3	3.692	0	0	-0.5562
19	3	1.791	0	0	1.013
19	3	1.59	0	1	-2.218
20	4	5.511	0	0	-0.3937
20	4	0.08727	0	1	-1.616
20	4	0.7943	1	0	-1.029
20	4	0.9494	0	1	-1.487
20	4	1.21	1	1	-0.83
20	4	3.518	0	1	1.529
20	4	0.5157	1	1	-1.247
20	4	1.471	1	1	-0.5588
20	4	0.8671	0	1	-0.5588
20	4	3.634	1	1	-1.136
20	4	0.7305	0	1	-0.5588
20	4	3.674	0	0	-0.83
20	4	3.582	1	1	-1.487
20	4	1.721	0	0	-0.3153
20	4	5.157	0	0	-1.753
20	4	5.298	1	1	-1.136
20	4	1.481	0	0	0.629
20	4	0.8665	1	1	-0.7361
20	4	0.5546	0	0	0.7801
20	4	0.4022	0	1	0.6804
20	4	3.636	0	0	0.108
20	4	1.849	0	0	-0.9276
20	4	0.6013	0	0	-0.4749
20	4	0.4827	0	0	0.4113
20	4	3.793	0	0	0.04249
20	4	0.4997	0	0	-0.2393
20	4	3.395	1	1	0.5764
20	4	1.916	1	1	1.057
20	4	3.495	1	1	0.108
20	4	0.8483	1	1	0.5764
20	4	1.766	1	1	0.04249
20	4	1.026	0	1	0.108
20	4	0.6992	1	0	0.7308
20	4	0.9566	1	1	0.6804
20	4	3.602	1	1	0.629
20	4	1.743	1	1	-0.2393
20	4	1.985	0	0	1.862
20	4	5.453	1	1	-0.02491
20	4	5.315	0	0	-0.09427
20	4	5.346	1	1	1.224
20	4	0.4236	1	1	1.766
20	4	0.2686	1	1	0.1719
20	4	5.494	0	0	0.108
20	4	0.5936	1	1	0.108
20	4	4.715	0	0	0.108
20	4	4.039	0	1	0.3537
20	4	2.033	0	0	0.9223
20	4	5.45	1	1	-0.3153
20	4	1.022	1	1	3.504
20	4	5.868	1	1	-0.83
21	4	1.944	1	1	0.979
21	4	0.393	1	0	1.184
21	4	3.474	0	0	-0.4397
21	4	1.839	1	1	-1.592
21	4	3.299	0	0	0.5323
21	4	1.107	1	1	0.1978
21	4	3.824	0	0	0.1047
21	4	0.9854	1	1	0.3299
21	4	0.6392	0	1	1.01
21	4	0.1921	1	0	1.78
21	4	0.9191	0	1	-0.9339
21	4	1.801	0	0	-1.483
21	4	5.409	1	1	0.4133
21	4	4.013	1	1	-0.5689
21	4	5.649	1	1	-1.381
21	4	5.496	1	1	0.7161
21	4	3.767	1	1	-0.2039
21	4	5.338	1	1	-0.4397
21	4	0.7651	0	0	1.156
21	4	5.294	0	0	-1.016
21	4	3.657	1	1	-1.483
21	4	5.204	0	0	-1.19
21	4	0.574	1	0	0.2428
21	4	3.526	1	1	-0.3183
21	4	3.597	1	1	1.821
21	4	3.561	1	0	1.239
21	4	0.5178	0	1	-0.3781
21	4	0.6416	0	1	-0.09567
21	4	0.6352	0	0	-0.3781
21	4	2.131	1	1	-1.381
21	4	3.586	0	0	-0.5689
21	4	0.633	0	0	-0.4397
21	4	0.9345	0	0	-0.2039
21	4	0.9794	0	0	0.4934
21	4	0.4177	0	0	0.6446
21	4	1.72	0	1	-0.4397
21	4	1.846	0	0	-0.5689
21	4	5.282	0	0	-0.9339
21	4	1.965	1	1	-0.1491
21	4	1.058	1	1	0.1047
21	4	5.249	0	0	-1.706
21	4	1.784	1	0	1.492
21	4	0.3831	1	1	-0.8554
21	4	0.9936	0	0	0.1047
21	4	1.718	0	0	0.007025
21	4	5.087	0	0	-0.5033
21	4	1.485	1	1	2.068
21	4	0.268	0	0	1.881
21	4	0.7764	1	1	-0.5689
21	4	5.32	1	1	1.718
22	4	1.842	0	0	-0.8243
22	4	0.7132	1	1	0.3426
22	4	5.539	0	0	0.4691
22	4	0.2427	1	1	-0.2493
22	4	3.487	1	1	1.286
22	4	0.5818	1	1	-0.1392
22	4	1.515	1	1	-0.8243
22	4	5.618	0	0	-0.9747
22	4	5.628	0	0	-1.813
22	4	3.622	1	1	-0.8243
22	4	3.369	0	0	-1.221
22	4	0.1922	0	0	1.424
22	4	2.091	1	1	1.58
22	4	1.669	0	0	0.2541
22	4	1.537	0	0	1.228
22	4	5.581	0	1	-1.054
22	4	5.484	0	0	-0.9747
22	4	1.716	1	1	-1.598
22	4	1.71	1	1	1.928
22	4	3.546	1	1	1.818
22	4	0.498	1	1	0.3426
22	4	3.729	1	1	0.6654
22	4	1.824	0	1	-0.03429
22	4	0.9827	1	1	1.045
22	4	1.56	1	1	-1.054
22	4	1.044	0	0	-0.1936
22	4	0.363	1	1	-0.7527
22	4	3.976	0	0	-0.1392
22	4	3.857	0	0	0.7393
22	4	0.3206	1	1	0.5497
22	4	0.5951	1	1	-0.03429
22	4	5.899	0	0	-0.4252
22	4	3.42	1	1	-0.9747
22	4	0.8016	0	0	-0.8983
22	4	1.816	0	1	1.045
22	4	4.981	1	1	-0.4252
22	4	3.481	1	1	-1.813
22	4	0.9196	0	1	-0.1392
22	4	0.7545	0	1	0.3855
22	4	3.522	1	1	-0.1392
22	4	0.4917	1	0	0.1145
22	4	0.3062	1	1	-1.221
22	4	1.685	0	0	0.3426
22	4	0.6655	0	0	0.8804
22	4	5.432	0	0	-0.5505
22	4	5.65	1	1	1.63
22	4	5.001	1	1	1.37
22	4	0.8104	0	0	1.138
22	4	0.3753	0	1	0.1145
22	4	0.8805	0	1	-1.402
23	4	0.9473	0	0	-0.4944
23	4	3.402	1	1	0.7365
23	4	1.9	0	0	-0.1019
23	4	3.248	0	0	-0.3748
23	4	1.69	1	1	-0.3748
23	4	2.024	1	1	0.5555
23	4	1.934	0	0	0.4786
23	4	5.514	1	1	-0.1019
23	4	0.4279	0	1	0.2299
23	4	5.605	1	1	-0.8262
23	4	1.074	1	1	1.146
23	4	1.076	1	0	-0.4338
23	4	0.91	0	0	-0.2615
23	4	5.534	1	1	-1.053
23	4	0.5984	1	0	1.951
23	4	0.6785	0	1	-0.3174
23	4	1.862	0	0	-0.3748
23	4	3.721	1	1	0.5173
23	4	5.281	1	1	-0.6873
23	4	5.385	0	0	-1.053
23	4	1.051	0	0	0.9667
23	4	1.452	1	1	-0.5568
23	4	0.5219	1	1	-1.594
23	4	1.058	1	0	0.5555
23	4	3.509	0	0	-1.053
23	4	0.6181	0	0	0.9034
23	4	3.235	0	1	0.1402
23	4	2.183	0	0	-0.1019
23	4	0.6038	1	1	2.791
23	4	3.593	0	0	-0.6873
23	4	1.664	0	0	0.6297
23	4	1.982	1	1	-0.207
23	4	0.9359	1	0	0.4786
23	4	5.6	1	1	-0.001788
23	4	3.695	0	0	-1.398
23	4	3.822	0	0	-0.3748
23	4	1.806	0	0	-0.2615
23	4	0.02196	1	1	-0.3174
23	4	5.611	0	0	-1.494
23	4	3.826	0	1	-1.053
23	4	5.902	1	1	0.316
23	4	0.5266	0	1	0.6297
23	4	0.5067	0	0	2.14
23	4	0.8817	1	0	-0.6873
23	4	0.3935	0	1	-0.5568
23	4	3.788	1	1	2.048
23	4	1.113	1	1	-1.053
23	4	5.684	0	0	-1.219
23	4	5.631	1	1	-0.3174
23	4	0.8169	1	0	2.176
24	4	0.3626	1	1	-1.468
24	4	1.811	0	0	0.4206
24	4	0.5571	0	1	0.01429
24	4	3.774	1	1	-1.347
24	4	0.7348	0	1	-0.1854
24	4	3.412	1	1	0.3119
24	4	0.9162	1	0	1.683
24	4	3.682	0	0	-0.05031
24	4	1.918	1	1	1.359
24	4	5.289	1	1	-0.1854
24	4	5.542	1	1	-0.9214
24	4	0.04572	0	1	0.2555
24	4	5.547	0	0	-0.3292
24	4	4.956	0	0	-1.468
24	4	3.906	0	0	0.8966
24	4	0.6129	1	1	0.7182
24	4	0.7183	1	1	0.01429
24	4	2.065	1	1	-0.1168
24	4	3.658	1	1	-1.347
24	4	5.188	1	1	-0.8265
24	4	0.7805	0	0	-0.4048
24	4	5.066	0	0	-0.5641
24	4	3.791	1	1	-0.4048
24	4	4.982	1	1	-0.8265
24	4	0.828	0	1	-0.3292
24	4	5.125	1	1	0.5744
24	4	1.948	1	1	-0.6482
24	4	0.8903	1	1	-0.5641
24	4	3.692	0	0	2.018
24	4	5.44	0	0	-0.1854
24	4	0.2798	0	1	0.1381
24	4	1.227	0	0	0.2555
24	4	1.714	0	0	0.2555
24	4	2.067	1	1	-1.02
24	4	1.022	0	0	-0.5641
24	4	3.397	0	0	-0.5641
24	4	2.043	1	1	0.3119
24	4	3.679	1	1	1.178
24	4	0.1708	0	1	1.359
24	4	0.5205	0	1	0.5744
24	4	5.344	1	1	-2.371
24	4	1.566	1	1	0.473
24	4	0.7196	1	0	1.428
24	4	1.345	0	1	-0.483
24	4	0.9282	1	1	-0.05031
24	4	3.342	0	0	-0.8265
24	4	1.458	0	1	0.6713
24	4	1.775	1	0	-0.6482
24	4	0.6395	0	1	0.473
24	4	0.9308	1	1	3.316
25	4	1.801	0	0	-1.375
25	4	1.051	0	0	-1.601
25	4	0.958	1	1	-0.7456
25	4	0.3653	0	1	-0.7456
25	4	0.9476	0	1	0.2029
25	4	0.6525	0	0	0.9006
25	4	5.371	0	0	-0.7456
25	4	5.835	1	1	-0.461
25	4	1.915	1	1	1.057
25	4	5.307	0	0	-0.5283
25	4	3.662	0	0	-0.2723
25	4	5.349	0	0	-0.7456
25	4	1.803	0	1	-0.1005
25	4	0.2476	1	1	2.43
25	4	0.6513	1	0	1.794
25	4	3.761	0	0	-0.396
25	4	1.922	0	0	0.2029
25	4	1.061	1	1	0.1555
25	4	0.6139	1	1	1.46
25	4	1.586	1	1	1.144
25	4	5.194	0	0	-0.1561
25	4	0.2293	0	0	0.3382
25	4	0.9908	0	1	0.6585
25	4	0.8243	1	1	0.107
25	4	3.742	0	0	-1.173
25	4	0.7541	1	1	0.9957
25	4	1.744	1	1	-1.272
25	4	0.643	0	0	0.2491
25	4	3.455	1	1	-0.1005
25	4	5.367	0	0	-1.173
25	4	2.03	1	1	-0.6704
25	4	5.202	1	1	-0.598
25	4	3.377	0	0	-1.725
25	4	1.377	1	1	-0.9054
25	4	4.124	1	1	-0.598
25	4	5.227	0	0	-1.485
25	4	0.2271	1	1	-0.8238
25	4	1.807	1	1	0.7309
25	4	1.966	1	1	1.282
25	4	0.3642	1	0	1.026
25	4	1.613	1	1	-0.3332
25	4	0.06379	0	0	0.3382
25	4	3.637	1	1	-0.8238
25	4	3.484	0	0	0.9957
25	4	3.56	1	1	-0.598
25	4	3.446	0	0	2.246
25	4	0.9902	0	0	0.4235
25	4	5.62	1	1	0.4647
25	4	5.47	1	1	1.411
25	4	1.086	1	1	-0.461
26	4	1.785	1	1	0.1233
26	4	0.5547	1	1	1.941
26	4	1.12	1	1	-1.263
26	4	1.944	0	0	-0.3988
26	4	0.8696	1	1	1.078
26	4	4.832	1	1	-0.6497
26	4	3.316	1	1	-0.3405
26	4	0.3337	1	0	0.2579
26	4	4.033	1	1	-1.263
26	4	0.5178	0	1	-1.651
26	4	1.577	1	0	-0.7872
26	4	1.601	1	0	2.32
26	4	0.2998	1	1	1.84
26	4	0.5138	0	1	0.6893
26	4	5.769	1	1	-0.1744
26	4	1.845	0	1	-1.012
26	4	0.9926	1	0	-0.6497
26	4	1.448	0	0	0.301
26	4	2.113	1	1	-0.9342
26	4	1.072	0	0	1.355
26	4	0.8536	0	0	0.9871
26	4	0.8149	0	0	-0.7872
26	4	5.108	1	1	0.301
26	4	0.5725	1	0	1.577
26	4	0.6074	0	1	-0.2283
26	4	0.3552	0	0	0.7933
26	4	1.03	0	0	0.02865
26	4	3.651	0	0	-1.012
26	4	5.025	1	1	-0.4588
26	4	3.761	0	0	-0.8594
26	4	5.383	0	0	-1.176
26	4	3.333	1	1	-0.6497
26	4	3.57	1	1	1.221
26	4	5.209	0	0	1.481
26	4	0.5606	1	1	0.2579
26	4	0.6099	1	0	0.2579
26	4	2.283	1	1	-0.6497
26	4	1.76	1	1	0.1233
26	4	5.07	0	0	-1.76
26	4	5.309	0	0	1.902
26	4	3.376	1	1	-0.9342
26	4	0.8585	0	1	-0.3988
26	4	0.5891	0	0	0.7592
26	4	0.6777	0	1	-1.012
26	4	3.543	0	0	0.1692
26	4	3.596	1	1	-0.6497
26	4	5.274	0	0	0.504
26	4	3.748	0	0	-0.3405
26	4	1.716	1	1	-0.3988
26	4	5.513	0	0	0.1692
27	4	1.62	1	1	-1.101
27	4	0.3106	0	1	-1.101
27	4	1.055	1	1	-0.8682
27	4	2.137	1	1	0.2012
27	4	1.13	0	1	-0.4191
27	4	0.4272	1	0	-0.155
27	4	3.666	1	1	-1.101
27	4	5.55	1	1	-0.4191
27	4	3.262	1	1	0.2012
27	4	0.6074	0	0	1.005
27	4	0.7907	1	1	-1.101
27	4	4.957	0	0	-0.4191
27	4	0.9178	0	0	-0.4768
27	4	1.525	1	0	1.031
27	4	1.671	1	1	-1.02
27	4	1.964	1	0	1.86
27	4	0.837	0	0	1.442
27	4	5.592	1	1	-0.4191
27	4	5.554	1	1	0.7245
27	4	5.098	0	0	0.07564
27	4	1.788	0	0	-0.2048
27	4	0.5103	1	0	-0.155
27	4	5.682	1	1	-1.101
27	4	1.88	1	1	1.271
27	4	0.5148	0	1	2.379
27	4	0.639	0	1	1.293
27	4	3.535	1	1	-0.8682
27	4	5.718	0	0	-0.5982
27	4	0.22	1	0	0.842
27	4	0.7063	0	1	0.1185
27	4	0.1966	0	0	-0.2561
27	4	1.085	0	0	-0.8682
27	4	1.671	1	0	1.924
27	4	3.454	1	1	-1.57
27	4	0.4114	0	0	1.293
27	4	1.471	1	0	1.617
27	4	3.62	0	0	-0.2048
27	4	0.7672	0	0	0.6312
27	4	1.623	1	0	-0.155
27	4	5.246	1	1	0.599
27	4	3.484	1	1	0.2012
27	4	0.9908	0	0	-0.9425
27	4	5.457	0	0	-0.4191
27	4	3.573	1	1	-1.466
27	4	3.659	1	1	0.3561
27	4	5.841	0	0	-1.57
27	4	3.378	0	0	-1.367
27	4	0.7926	0	0	1.106
27	4	1.121	0	0	0.2803
27	4	3.571	0	0	-0.1064
28	4	1.82	1	1	-0.518
28	4	0.7068	0	1	-1.353
28	4	0.9628	1	1	2.121
28	4	1.263	0	1	0.5534
28	4	0.9755	0	0	-0.3789
28	4	0.4672	1	0	0.71
28	4	0.8937	1	0	-0.3789
28	4	0.5455	0	0	-0.5668
28	4	3.484	1	1	-0.08938
28	4	5.301	0	0	-1.43
28	4	0.4888	1	0	-0.8317
28	4	3.424	1	1	-1.011
28	4	5.435	0	1	-0.7212
28	4	1.707	1	1	-1.074
28	4	5.315	1	1	1.052
28	4	1.898	0	0	0.4121
28	4	5.191	0	0	0.3525
28	4	0.08935	0	1	1.909
28	4	0.4349	0	0	-0.1676
28	4	5.324	1	1	1.561
28	4	3.575	1	1	-0.208
28	4	1.653	1	1	0.02221
28	4	3.657	1	1	0.8312
28	4	5.457	1	1	2.224
28	4	5.724	0	0	0.09309
28	4	1.015	0	1	-1.14
28	4	0.4857	1	0	-0.08938
28	4	3.634	0	1	-1.97
28	4	3.612	0	0	0.02221
28	4	0.918	0	1	1.463
28	4	1.89	0	0	-0.08938
28	4	1.663	0	1	1.869
28	4	1.979	1	1	-0.5668
28	4	3.276	1	0	0.1614
28	4	3.494	1	1	1.031
28	4	5.277	1	1	0.1946
28	4	3.816	1	1	-1.14
28	4	1.851	1	0	0.6848
28	4	0.6467	0	1	-0.7212
28	4	5.303	0	0	-1.593
28	4	1.169	0	0	-0.6683
28	4	3.818	1	1	-0.6683
28	4	2.098	0	1	-0.1281
28	4	0.9752	0	1	0.4982
28	4	0.7095	0	0	0.2594
28	4	0.7635	0	0	0.3525
28	4	0.2922	1	0	-0.1281
28	4	1.082	0	0	0.1946
28	4	5.484	0	0	-1.772
28	4	1.773	1	0	0.8312
29	4	3.755	1	1	1.985
29	4	1.641	0	0	-0.4391
29	4	0.2613	0	0	1.418
29	4	1.818	1	1	-0.2815
29	4	2.033	0	0	1.035
29	4	0.9525	0	0	0.5452
29	4	0.5184	1	1	-0.2815
29	4	2.087	0	1	-0.4391
29	4	0.7438	0	1	-0.1838
29	4	5.177	0	0	-0.385
29	4	3.704	1	1	-0.674
29	4	2.008	1	0	1.6
29	4	0.4648	1	0	0.237
29	4	0.4473	0	1	-1.098
29	4	5.311	0	0	-1.658
29	4	5.569	0	0	1.871
29	4	0.6821	0	1	1.971
29	4	5.149	1	1	-0.003214
29	4	5.582	1	1	-0.8043
29	4	3.615	0	0	-0.5526
29	4	5.119	0	0	-0.7379
29	4	0.148	1	1	-0.2815
29	4	3.462	0	0	1.565
29	4	3.885	1	1	0.3458
29	4	1.571	1	0	2.498
29	4	1.643	1	1	0.237
29	4	3.818	1	1	1.957
29	4	1.916	0	0	0.237
29	4	0.5084	1	0	-0.3325
29	4	0.9653	0	1	-1.098
29	4	5.384	0	0	-1.02
29	4	1.306	0	1	-0.003214
29	4	0.5433	1	1	-0.7379
29	4	3.473	1	1	-1.18
29	4	0.7051	1	1	-0.7379
29	4	0.7121	1	1	-0.04664
29	4	5.541	1	1	-0.495
29	4	0.9641	1	0	0.1992
29	4	0.856	0	0	-0.1838
29	4	3.685	1	1	-0.09117
29	4	0.8727	0	1	1.258
29	4	1.975	0	0	-0.7379
29	4	0.649	1	1	-0.385
29	4	1.065	0	0	-0.1838
29	4	3.647	1	1	0.237
29	4	5.601	1	1	0.121
29	4	0.5051	0	0	-1.098
29	4	5.626	1	1	-1.098
29	4	1.987	1	1	-0.8043
29	4	3.072	0	0	-1.266
30	5	0.5354	1	1	0.135
30	5	2.303	1	1	-0.714
30	5	5.545	1	1	-1.755
30	5	1.648	1	1	0.2081
30	5	0.6636	0	0	-0.6176
30	5	0.223	1	1	1.626
30	5	0.9724	0	1	0.5497
30	5	5.44	0	0	-2.538
30	5	3.743	0	0	-1.367
30	5	1.998	0	1	-1.133
30	5	0.111	1	1	2.313
30	5	5.357	0	0	-0.01689
30	5	0.8237	1	1	-0.01689
30	5	3.421	0	0	-0.714
30	5	1.112	0	0	2.049
30	5	5.585	0	0	-0.8136
30	5	0.6192	0	0	0.05999
30	5	5.481	0	0	0.05999
30	5	5.19	0	0	-0.9165
30	5	1.629	1	1	-0.1767
30	5	1.273	1	1	1.188
30	5	4.259	1	1	-0.714
30	5	1.192	0	0	-0.3455
30	5	5.726	0	0	-1.023
30	5	5.255	1	1	-0.6176
30	5	3.85	1	1	-0.6176
30	5	0.2203	0	0	1.626
30	5	0.7734	0	0	0.8567
30	5	1.942	0	0	1.135
30	5	1.619	1	1	0.3494
30	5	3.589	1	1	-0.1767
30	5	0.3804	0	1	0.8567
30	5	0.9956	1	0	-1.023
30	5	1.821	0	1	-0.714
30	5	3.646	1	1	0.7977
30	5	1.963	0	0	0.4844
30	5	1.129	1	1	1.969
30	5	0.2064	1	1	0.2081
30	5	0.6775	1	1	0.4176
30	5	1.502	0	0	-0.4335
30	5	1.87	0	0	0.2081
30	5	5.087	1	1	0.4176
30	5	3.389	0	0	0.135
30	5	5.599	0	0	0.9145
30	5	3.608	1	1	-0.9165
30	5	0.3627	1	1	0.6762
30	5	3.321	1	1	-0.9165
30	5	3.353	1	1	-0.6176
30	5	0.8844	1	1	-0.3455
31	5	0.2541	0	0	-2.528
31	5	0.9145	0	1	-0.6765
31	5	3.697	0	0	-1.61
31	5	5.483	1	1	-1.257
31	5	3.559	0	0	0.3103
31	5	0.3106	1	1	1.13
31	5	0.7359	1	1	-0.8088
31	5	5.212	1	1	-0.2639
31	5	1.157	0	0	1.492
31	5	3.558	1	1	-0.8088
31	5	5.254	0	0	0.2237
31	5	3.564	1	1	1.069
31	5	5.348	0	0	-2.141
31	5	1.98	0	1	1.569
31	5	0.4912	1	1	-0.6765
31	5	1.8	1	1	0.4746
31	5	0.9335	1	1	0.6282
31	5	3.569	1	1	-0.9489
31	5	1.057	1	1	-1.022
31	5	5.29	0	0	-1.707
31	5	5.249	1	1	-1.022
31	5	1.659	1	1	1.332
31	5	3.814	0	0	0.04046
31	5	0.825	0	1	0.08761
31	5	3.486	0	0	-0.2104
31	5	1.689	0	0	-0.8088
31	5	5.217	0	0	-0.5511
31	5	5.428	0	0	0.9739
31	5	0.5822	1	1	-0.007644
31	5	2.122	1	1	1.961
31	5	1.885	1	1	-0.5511
31	5	0.5368	0	1	-0.3187
31	5	0.5533	1	1	-0.05674
31	5	5.519	0	0	-0.613
31	5	0.6445	1	0	0.6282
31	5	0.4886	0	0	0.6282
31	5	1.663	0	0	0.8416
31	5	0.288	0	1	0.7015
31	5	5.178	1	1	0.3524
31	5	0.8037	0	0	0.3524
31	5	0.7216	0	1	0.08761
31	5	1.862	0	0	0.4746
31	5	0.5782	0	0	0.04046
31	5	1.751	1	1	-0.3747
31	5	3.512	1	1	1.961
31	5	3.305	0	0	0.9739
31	5	1.284	1	1	-0.3747
31	5	1.79	1	1	-0.3187
31	5	3.954	1	1	-0.007644
31	5	0.8243	0	1	1.332
32	5	0.253	1	1	-0.919
32	5	1.663	1	1	-0.919
32	5	0.848	1	1	0.4335
32	5	1.783	0	0	0.1117
32	5	1.852	1	1	0.5536
32	5	0.6077	1	1	-0.6498
32	5	3.289	0	0	-0.919
32	5	5.143	0	0	-0.4822
32	5	0.6428	0	1	-0.5649
32	5	2.415	0	0	0.9416
32	5	1.655	1	0	1.765
32	5	0.9889	1	1	-1.317
32	5	0.3339	0	1	0.3086
32	5	0.3832	1	1	0.2443
32	5	1.779	0	0	-1.898
32	5	0.4109	0	1	0.4941
32	5	1.461	1	1	-0.8267
32	5	5.412	0	0	-0.2463
32	5	5.9	0	0	-0.6498
32	5	3.646	0	0	1.557
32	5	1.995	0	0	0.04322
32	5	1.453	1	1	-0.919
32	5	3.556	1	1	-0.5649
32	5	0.8886	1	1	2.64
32	5	1.205	0	0	0.889
32	5	3.916	1	1	-0.2463
32	5	0.5101	0	1	-0.1714
32	5	0.9937	0	0	1.765
32	5	3.7	1	1	-0.1714
32	5	3.285	0	0	0.3086
32	5	3.421	1	1	0.1787
32	5	0.6266	1	1	-0.2463
32	5	5.352	0	0	-1.425
32	5	0.8624	0	1	0.889
32	5	0.1676	0	1	2.418
32	5	5.38	1	1	-1.425
32	5	3.639	0	0	0.2443
32	5	0.3904	1	1	1.641
32	5	2.025	1	1	-0.02674
32	5	0.5901	1	1	-1.014
32	5	1.382	1	1	-0.8267
32	5	3.395	0	0	0.8355
32	5	0.6757	1	1	-0.4016
32	5	0.02103	0	1	0.4941
32	5	5.817	1	1	-1.112
32	5	3.631	0	0	0.1117
32	5	5.483	0	0	0.1787
32	5	5.177	1	1	0.4335
32	5	5.684	1	1	-0.3231
32	5	5.292	0	0	-1.213
33	5	3.661	1	1	-0.3791
33	5	1.952	0	0	-1.127
33	5	0.388	0	1	1.837
33	5	5.314	0	0	0.1452
33	5	0.7711	0	0	-0.2241
33	5	0.7527	1	1	-0.7862
33	5	3.612	1	1	2.272
33	5	1.161	0	1	0.5013
33	5	0.2366	0	1	0.5013
33	5	0.9475	1	0	1.112
33	5	1.843	0	0	1.328
33	5	1.23	1	1	-0.7862
33	5	0.397	0	1	-0.9167
33	5	0.3983	0	0	0.1875
33	5	3.476	0	0	-0.0322
33	5	3.827	1	1	0.05817
33	5	5.599	1	1	-0.9167
33	5	1.917	1	1	-0.8505
33	5	1.497	1	1	-0.8505
33	5	0.636	1	1	-0.7862
33	5	3.78	0	0	-0.3263
33	5	1.111	0	0	0.4267
33	5	0.3771	0	0	1.573
33	5	1.964	0	1	-0.4884
33	5	5.539	1	1	1.276
33	5	3.869	1	1	-0.1262
33	5	5.033	1	1	-0.9848
33	5	1.779	0	0	-0.2746
33	5	0.3772	0	0	-0.6625
33	5	1.709	0	0	1.752
33	5	0.9992	1	1	0.996
33	5	5.603	1	1	1.998
33	5	5.591	1	1	0.6089
33	5	1.555	0	0	-0.3791
33	5	3.378	1	1	-1.526
33	5	5.469	1	1	-0.603
33	5	3.445	0	0	-0.9848
33	5	5.91	1	1	0.01342
33	5	5.03	0	0	-0.3791
33	5	1.09	1	1	2.093
33	5	0.8293	0	1	-0.07873
33	5	0.7391	0	0	-0.07873
33	5	3.696	1	1	-0.2746
33	5	1.915	0	0	0.996
33	5	0.8558	1	1	-0.9167
33	5	2.023	0	0	-0.3263
33	5	5.323	0	0	-2.008
33	5	0.4842	1	1	-1.127
33	5	0.4162	1	1	0.01342
33	5	3.956	1	1	-0.4884
34	5	1.797	1	1	-1.369
34	5	2	1	1	-0.6861
34	5	0.2708	1	0	0.7198
34	5	2.323	1	1	-0.4153
34	5	5.288	0	0	-0.9323
34	5	3.701	0	0	0.3031
34	5	5.389	0	0	-0.3163
34	5	0.6841	0	1	-0.5193
34	5	0.9795	1	1	0.1934
34	5	0.654	1	0	0.6906
34	5	5.324	0	0	-0.5734
34	5	1.612	0	1	-0.5193
34	5	3.981	1	1	-1.369
34	5	3.916	1	1	-0.9323
34	5	3.923	0	0	-0.6861
34	5	0.3278	0	1	-0.6861
34	5	5.325	1	1	-0.3163
34	5	3.685	0	0	-1.628
34	5	1.707	0	1	-0.1318
34	5	1.245	1	1	-0.3163
34	5	1.245	0	0	0.9906
34	5	5.394	1	1	0.4736
34	5	3.499	1	1	-0.4153
34	5	0.7889	0	0	-0.4153
34	5	2.062	0	1	-0.8679
34	5	0.4612	1	0	-1.068
34	5	5.313	0	0	-1.068
34	5	3.845	0	0	1.762
34	5	3.53	0	0	0.3384
34	5	0.9331	1	1	-0.4153
34	5	3.796	1	1	-1.212
34	5	0.819	0	0	0.3031
34	5	1.018	0	1	2.006
34	5	2.105	1	1	0.5695
34	5	1.853	1	1	0.373
34	5	0.5751	0	1	0.1934
34	5	5.584	1	1	-0.9323
34	5	0.5976	0	0	1.161
34	5	0.546	0	0	0.3384
34	5	5.535	1	1	0.1169
34	5	0.917	1	0	2.471
34	5	0.6109	1	0	1.463
34	5	2.058	0	0	-0.7449
34	5	5.597	0	0	2.225
34	5	3.453	1	1	1.161
34	5	0.7556	1	1	2.067
34	5	5.187	0	0	-0.9988
34	5	1.627	1	1	-0.4153
34	5	0.9862	0	0	-0.08817
34	5	0.4139	0	0	0.1169
35	5	0.8535	0	1	0.3395
35	5	5.54	1	1	-1.418
35	5	1.839	1	1	-1.055
35	5	0.5118	0	1	-0.9718
35	5	0.6708	0	1	0.3395
35	5	0.4975	0	0	-0.08399
35	5	5.473	1	1	-0.5233
35	5	3.505	1	1	-1.141
35	5	1.915	1	0	-0.3898
35	5	0.5573	1	1	-0.8913
35	5	1.791	0	0	-0.8913
35	5	3.609	0	0	-1.23
35	5	3.485	0	0	-1.322
35	5	0.8467	0	1	0.2401
35	5	0.8485	0	0	2.072
35	5	3.684	1	1	2.481
35	5	1.769	1	1	1.555
35	5	0.1265	0	1	0.5723
35	5	1.547	1	1	0.9821
35	5	2.053	0	0	0.2401
35	5	1.094	1	1	-0.08399
35	5	3.449	0	0	-0.8913
35	5	0.2946	1	1	-0.8913
35	5	0.6425	0	0	1.165
35	5	3.926	1	1	0.4817
35	5	5.347	0	0	-1.23
35	5	5.106	1	1	-0.02701
35	5	5.523	0	0	-0.8913
35	5	5.107	1	1	-0.2019
35	5	5.804	1	1	-1.055
35	5	3.507	1	1	-0.8913
35	5	5.745	1	1	-1.322
35	5	1.24	0	0	-0.8913
35	5	0.5803	1	0	1.367
35	5	1.049	1	0	1.702
35	5	1.711	1	1	0.1889
35	5	1.618	1	1	-0.2019
35	5	1.075	0	0	0.2401
35	5	1.83	0	0	0.7023
35	5	0.9221	0	1	0.1889
35	5	0.5474	0	0	-0.6641
35	5	1.698	1	1	0.3878
35	5	0.475	0	0	0.3395
35	5	0.639	0	1	1.463
35	5	5.347	0	0	1.093
35	5	0.8795	0	0	0.7023
35	5	3.314	1	1	-0.7376
35	5	5.445	0	0	-0.08399
35	5	3.829	1	1	-0.5927
35	5	3.777	1	1	1.73
36	5	3.788	0	0	1.013
36	5	1.859	0	0	0.9721
36	5	1.983	0	0	1.359
36	5	1.066	1	1	-0.1608
36	5	0.3123	0	1	1.094
36	5	0.9239	0	1	-0.7376
36	5	5.223	1	1	-0.992
36	5	3.814	0	0	-0.4331
36	5	1.831	1	1	2.477
36	5	1.009	1	1	-0.2262
36	5	3.508	0	0	-0.03465
36	5	0.8048	1	1	1.173
36	5	3.134	0	0	2.048
36	5	0.2798	0	1	-0.3623
36	5	1.924	0	0	0.8873
36	5	5.399	1	1	1.094
36	5	5.037	0	0	-1.083
36	5	4.976	0	0	-0.3623
36	5	0.6465	0	0	2.866
36	5	5.52	1	1	-0.1608
36	5	0.6367	1	0	0.5174
36	5	0.8623	1	1	-0.5808
36	5	0.8257	1	0	-0.5808
36	5	1.687	1	1	0.3638
36	5	5.222	0	0	-0.5808
36	5	5.169	0	0	-0.5059
36	5	0.4174	0	1	0.0856
36	5	1.098	0	0	-0.2262
36	5	0.3649	1	1	-0.8196
36	5	2.253	0	0	-0.7376
36	5	3.712	1	1	-0.8196
36	5	1.591	1	0	-0.1608
36	5	3.445	0	1	-0.3623
36	5	0.3717	0	0	1.134
36	5	0.8984	0	0	0.8873
36	5	3.892	1	1	-0.658
36	5	0.9725	1	1	-0.8196
36	5	0.1606	1	1	-0.7376
36	5	4.876	1	1	-0.03465
36	5	1.497	1	1	-1.177
36	5	3.775	1	1	-1.274
36	5	1.844	0	1	-1.177
36	5	1.955	1	0	-0.2262
36	5	0.3723	0	0	-0.3623
36	5	5.358	1	1	-0.5808
36	5	5.477	0	0	-1.177
36	5	3.224	1	1	-0.5808
36	5	0.03618	1	0	-0.03465
36	5	3.834	0	0	1.877
36	5	0.1979	1	1	-1.083
37	5	0.5258	1	0	0.8009
37	5	1.162	0	0	0.9576
37	5	3.586	1	1	-0.4935
37	5	5.597	1	1	-0.6755
37	5	0.8403	0	0	0.0598
37	5	1.799	1	1	-0.9744
37	5	1.019	0	1	0.3942
37	5	1.606	0	0	1.853
37	5	5.124	1	1	-0.6755
37	5	0.4934	0	0	0.8542
37	5	5.5	1	1	-0.5829
37	5	1.879	1	1	-1.082
37	5	3.877	0	0	0.2655
37	5	5.46	0	0	-0.4935
37	5	1.517	1	1	-0.407
37	5	0.1099	0	0	0.6909
37	5	2.093	0	0	0.5169
37	5	0.5721	0	1	0.0598
37	5	1.838	0	0	-0.08679
37	5	0.8401	1	1	-0.3232
37	5	5.434	0	0	0.5762
37	5	1.227	0	0	2.027
37	5	3.339	0	0	1.505
37	5	5.229	0	0	-1.082
37	5	3.442	0	0	-0.6755
37	5	0.6675	1	1	-0.7714
37	5	0.388	1	0	0.8009
37	5	0.9665	1	1	-0.1633
37	5	1.525	0	0	-0.242
37	5	0.8589	0	0	1.546
37	5	3.671	1	1	-0.1633
37	5	1.169	1	0	0.0598
37	5	0.8127	0	0	0.0598
37	5	0.3604	1	1	-0.407
37	5	1.962	0	0	0.2655
37	5	5.124	0	0	-1.312
37	5	1.585	1	1	-0.6755
37	5	1.85	1	1	1.505
37	5	0.1714	0	0	-0.5829
37	5	0.6563	0	0	-1.841
37	5	0.2102	0	1	-0.871
37	5	5.524	1	1	2.223
37	5	5.122	1	1	0.6342
37	5	3.283	1	1	-1.194
37	5	4.067	1	1	-1.698
37	5	0.3827	1	0	1.057
37	5	3.337	1	1	-1.312
37	5	3.627	1	0	1.626
37	5	5.217	1	1	-1.312
37	5	3.578	0	0	-0.242
38	5	0.8154	0	1	-0.6044
38	5	5.525	0	0	-0.527
38	5	0.2497	0	0	1.338
38	5	1.989	1	1	-0.4523
38	5	2.074	1	1	0.6539
38	5	5.087	0	0	-0.9473
38	5	1.901	0	1	-0.527
38	5	0.6088	1	0	0.1197
38	5	3.279	0	0	-1.733
38	5	0.1386	0	0	0.1197
38	5	0.3565	1	1	-0.3803
38	5	5.136	1	1	1.399
38	5	0.4775	1	1	2.318
38	5	0.8297	0	0	2.791
38	5	0.3688	1	1	-0.9473
38	5	1.81	0	0	0.1197
38	5	3.562	1	1	-1.043
38	5	3.462	1	1	-0.527
38	5	3.747	1	1	0.3304
38	5	0.6683	1	1	-0.856
38	5	3.197	0	0	-0.9473
38	5	3.956	0	0	0.2797
38	5	0.4404	1	0	0.6962
38	5	5.577	0	0	0.005646
38	5	5.572	0	0	-1.043
38	5	5.334	1	1	-0.6849
38	5	2.191	1	1	-0.1783
38	5	0.8704	1	1	1.921
38	5	0.7147	0	0	-0.1151
38	5	3.722	0	0	-0.3107
38	5	1.739	0	0	-0.3107
38	5	5.341	1	1	-0.6849
38	5	1.777	1	0	0.3798
38	5	0.8088	0	1	-0.9473
38	5	3.558	1	1	-0.4523
38	5	3.679	1	1	-0.1151
38	5	5.32	1	1	-0.9473
38	5	5.391	0	0	-0.6849
38	5	0.994	0	1	0.3798
38	5	1.683	0	0	0.3798
38	5	1.863	0	0	1.369
38	5	1.106	0	0	1.457
38	5	0.8002	1	1	-0.856
38	5	0.137	0	1	0.4753
38	5	1.923	1	1	1.597
38	5	0.9426	0	1	-0.6849
38	5	3.421	1	1	-1.359
38	5	5.185	1	1	-1.043
38	5	1.227	0	0	0.3798
38	5	0.6568	0	1	1.399
39	5	5.648	1	1	-2.509
39	5	3.499	0	0	-0.6855
39	5	3.526	1	1	-1.53
39	5	1.883	1	1	-1.404
39	5	1.088	0	0	0.03975
39	5	0.207	0	0	0.1001
39	5	3.905	1	1	-1.285
39	5	1.061	0	0	0.3782
39	5	1.168	1	0	0.7578
39	5	0.4849	0	0	0.9642
39	5	3.813	1	1	0.6234
39	5	0.6277	0	0	0.2158
39	5	3.843	0	0	-0.2209
39	5	1.905	1	1	1.041
39	5	3.804	1	0	1.152
39	5	5.529	0	0	-0.8667
39	5	5.395	0	0	0.8841
39	5	1.86	0	0	-0.3645
39	5	1.759	0	0	-0.8667
39	5	1.806	0	0	-1.404
39	5	5.606	1	1	0.4296
39	5	1.027	1	1	-0.7741
39	5	0.6636	1	1	-0.6005
39	5	1.721	0	1	-0.2915
39	5	5.439	1	0	1.769
39	5	2.009	1	1	-0.6855
39	5	3.639	0	0	-0.02241
39	5	0.9462	1	1	-0.2209
39	5	0.7914	1	0	1.543
39	5	0.2341	0	1	0.6234
39	5	3.506	0	0	0.3254
39	5	1.047	1	1	0.4798
39	5	0.7705	0	0	2.327
39	5	0.876	1	0	0.3254
39	5	0.4066	0	0	1.543
39	5	0.8459	0	0	0.3254
39	5	1.868	0	0	-0.6005
39	5	3.61	0	0	0.4798
39	5	1.528	0	0	1.357
39	5	0.3878	1	0	0.2714
39	5	5.489	1	1	-0.4403
39	5	0.6326	0	1	0.2714
39	5	5.077	0	0	-2.129
39	5	0.4486	0	1	-0.4403
39	5	0.8486	1	1	1.152
39	5	5.583	1	1	-0.4403
39	5	5.518	1	1	-1.065
39	5	1.826	0	0	0.6692
39	5	3.415	1	1	-0.5189
39	5	5.288	1	1	-0.6855
40	6	1.224	0	1	-1.134
40	6	5.036	0	0	-1.684
40	6	5.285	0	0	-0.3133
40	6	3.792	1	1	-0.8563
40	6	0.9665	0	0	1.284
40	6	0.4307	1	1	-0.4561
40	6	0.2687	0	0	0.1276
40	6	1.582	0	1	0.2939
40	6	3.388	1	1	-0.6081
40	6	3.598	1	1	-0.4561
40	6	5.266	1	1	0.1276
40	6	0.6175	1	1	0.5474
40	6	3.686	1	1	-0.7706
40	6	2.073	0	0	-0.5309
40	6	0.5148	1	0	0.3986
40	6	0.7904	1	0	0.009815
40	6	5.53	0	0	-1.234
40	6	3.584	1	1	-0.1142
40	6	1.053	1	1	0.4493
40	6	2.034	0	0	-0.3133
40	6	0.9333	0	0	0.1844
40	6	5.296	0	0	2.228
40	6	0.9411	0	0	2.204
40	6	3.733	1	1	0.009815
40	6	3.505	1	1	-0.1142
40	6	1.585	1	1	1.102
40	6	2.17	0	0	0.3986
40	6	3.321	1	1	-0.3133
40	6	0.7358	0	0	0.009815
40	6	1.762	0	0	0.3469
40	6	5.55	0	0	-0.05136
40	6	0.1693	0	1	0.5474
40	6	0.4695	1	1	-0.1142
40	6	0.496	1	1	2.297
40	6	5.351	1	1	2.917
40	6	0.4463	0	0	0.1844
40	6	3.67	1	1	0.3469
40	6	3.56	0	0	-0.8563
40	6	1.713	0	1	0.2939
40	6	0.5322	1	1	0.595
40	6	5.471	1	1	-0.8563
40	6	0.6919	1	1	-0.6081
40	6	0.4136	0	0	-0.7706
40	6	5.496	1	1	-1.946
40	6	5.418	0	0	-1.811
40	6	2.196	0	0	-0.9452
40	6	1.971	1	1	-0.6081
40	6	1.802	0	0	-0.688
40	6	1	0	0	0.9036
40	6	0.3462	1	0	0.3469
41	6	5.885	0	0	-1.289
41	6	5.427	1	1	-0.3129
41	6	1.668	0	0	-0.481
41	6	0.522	1	0	0.06521
41	6	1.648	0	0	-0.07953
41	6	1.854	0	0	-0.7555
41	6	2.083	1	1	0.7969
41	6	3.589	0	0	2.38
41	6	1.704	1	1	0.06521
41	6	5.484	0	0	-0.9559
41	6	3.733	1	1	0.5165
41	6	5.464	1	1	0.8495
41	6	3.609	1	1	-0.3129
41	6	0.6503	1	1	-0.3129
41	6	2.005	1	1	-0.006151
41	6	0.1258	0	0	1.612
41	6	0.609	1	1	-0.6607
41	6	1.668	0	0	2.38
41	6	1.229	0	0	-0.5693
41	6	0.103	1	1	0.1347
41	6	3.612	0	0	0.6883
41	6	1.861	1	1	-0.07953
41	6	3.582	1	1	-0.481
41	6	0.939	1	0	0.1347
41	6	1.68	1	0	0.5751
41	6	1.165	0	0	-0.481
41	6	0.28	0	0	-1.173
41	6	0.4678	0	0	-1.062
41	6	1.527	0	0	-1.537
41	6	0.4669	0	0	-0.155
41	6	0.7434	0	0	-0.07953
41	6	3.627	1	0	1.974
41	6	3.811	1	1	-0.7555
41	6	5.512	1	1	0.5165
41	6	3.312	1	1	-0.006151
41	6	5.064	1	1	-1.173
41	6	1.23	0	0	-0.07953
41	6	0.7738	0	0	-0.07953
41	6	0.8432	1	0	0.1347
41	6	0.7722	1	0	-0.07953
41	6	0.8535	0	1	-1.062
41	6	0.7791	1	1	0.06521
41	6	3.561	0	0	0.6883
41	6	5.654	0	0	-1.062
41	6	0.4233	0	1	-1.289
41	6	1.009	0	0	0.2683
41	6	5.451	0	0	-1.062
41	6	5.686	1	1	0.1347
41	6	3.984	1	1	3.318
41	6	5.242	0	0	0.1347
42	6	0.4813	1	0	1.167
42	6	5.7	0	0	0.1107
42	6	5.372	0	0	-0.2772
42	6	5.371	0	0	-0.9932
42	6	0.4464	1	1	0.7605
42	6	1.597	1	1	-0.9932
42	6	3.635	0	0	-1.364
42	6	3.416	0	0	-0.4679
42	6	1.557	1	0	-0.3389
42	6	0.5756	1	0	-1.265
42	6	0.2677	0	1	-0.159
42	6	1.926	0	0	-0.3389
42	6	0.6525	1	0	0.4387
42	6	5.691	0	0	-0.6774
42	6	1.089	1	0	-0.04697
42	6	3.908	0	0	-0.4024
42	6	1.048	0	1	1.847
42	6	3.411	0	0	-0.8294
42	6	1.026	1	1	0.7605
42	6	0.6912	0	0	1.4
42	6	0.6099	0	0	0.6845
42	6	3.679	0	0	-0.159
42	6	1.046	0	0	0.1107
42	6	0.363	0	0	-0.9097
42	6	1.392	0	0	-0.4679
42	6	0.04808	0	0	0.4387
42	6	3.755	1	0	-0.6052
42	6	0.6708	0	0	-0.159
42	6	5.369	0	0	1.316
42	6	3.792	1	1	1.428
42	6	1.067	0	0	1.586
42	6	1.972	1	1	2.688
42	6	1.88	1	1	0.5652
42	6	5.477	0	0	0.1107
42	6	5.02	1	1	0.3043
42	6	5.741	1	1	-0.04697
42	6	5.124	0	0	-0.9932
42	6	1.61	1	1	-0.159
42	6	3.585	1	1	2.101
42	6	0.5488	1	0	-1.814
42	6	1.541	1	1	-0.4679
42	6	0.7735	1	1	0.2097
42	6	1.94	1	1	-0.9097
42	6	5.349	0	0	-1.943
42	6	1.725	1	1	-0.6052
42	6	3.998	1	1	1.104
42	6	0.05893	0	0	-0.2772
42	6	2.043	1	1	-0.6774
42	6	0.5245	1	0	0.4817
42	6	3.752	1	1	-1.265
43	6	0.374	1	0	0.2525
43	6	1.757	0	0	0.7607
43	6	5.458	1	1	1.014
43	6	0.4547	1	0	1.014
43	6	1.722	1	1	-0.1987
43	6	0.6649	0	0	0.1939
43	6	1.013	1	0	-0.1277
43	6	2.124	0	0	1.129
43	6	3.783	0	0	-0.6863
43	6	0.6772	1	0	-0.6863
43	6	3.634	0	0	0.007112
43	6	5.534	0	0	0.07131
43	6	1.929	1	1	0.3649
43	6	0.4334	1	1	-0.5104
43	6	5.209	1	1	-0.9828
43	6	1.755	0	0	-0.05919
43	6	5.501	0	0	-0.5104
43	6	3.705	1	1	-0.4279
43	6	3.169	0	0	-0.05919
43	6	3.541	0	0	-1.75
43	6	1.605	0	0	0.07131
43	6	0.7949	0	0	1.409
43	6	3.61	0	0	-1.912
43	6	0.2355	1	1	1.924
43	6	3.563	1	1	3.287
43	6	5.642	1	1	-0.5965
43	6	5.338	1	1	-0.6863
43	6	1.803	0	0	-0.3485
43	6	5.17	0	0	-0.6863
43	6	0.6435	1	1	0.1939
43	6	0.6822	0	0	0.7607
43	6	0.2498	1	1	-0.9828
43	6	5.19	0	0	-1.208
43	6	0.6628	0	0	-1.208
43	6	5.74	0	0	-0.5104
43	6	0.281	0	1	0.4713
43	6	2.085	0	0	-0.1277
43	6	1.819	1	1	-0.3485
43	6	0.419	1	1	0.1939
43	6	1.693	0	1	2.272
43	6	0.9572	1	1	-0.5104
43	6	3.727	1	1	-2.281
43	6	0.699	0	1	0.4188
43	6	0.8402	1	0	0.8051
43	6	3.936	1	1	0.3649
43	6	5.437	1	1	-0.5965
43	6	0.578	0	1	0.1939
43	6	0.8545	1	0	0.5225
43	6	3.677	1	1	-0.05919
43	6	0.4658	0	1	0.3649
44	6	0.9676	0	0	-0.9281
44	6	0.4145	0	0	-0.5614
44	6	5.465	1	1	-1.725
44	6	0.2892	1	1	-0.3125
44	6	3.469	1	1	-0.8488
44	6	0.9244	1	1	1.552
44	6	2.118	1	1	1.884
44	6	5.19	0	0	-0.8488
44	6	0.8969	0	0	-0.5614
44	6	1.729	1	1	-0.1455
44	6	0.7644	0	0	0.5562
44	6	0.5249	1	0	0.404
44	6	0.2369	1	0	0.1034
44	6	1.113	1	0	-0.3125
44	6	2.071	0	0	-0.4328
44	6	0.4051	0	1	0.2382
44	6	0.4525	1	0	0.5924
44	6	5.487	0	0	-1.492
44	6	0.5398	1	0	-0.7727
44	6	5.572	0	0	1.508
44	6	1.663	1	1	-1.725
44	6	0.9669	0	0	-1.385
44	6	0.9593	0	0	-1.011
44	6	5.314	0	0	-1.011
44	6	3.549	0	0	-0.1455
44	6	5.433	0	0	-1.011
44	6	1.658	1	1	1.324
44	6	3.385	0	0	0.1034
44	6	1.755	0	0	0.4432
44	6	1.025	1	1	1.972
44	6	2.005	0	0	0.2382
44	6	1.623	0	1	-0.04193
44	6	0.8133	1	1	1.324
44	6	3.382	0	0	-1.189
44	6	0.1538	1	1	-0.7727
44	6	0.9519	1	1	0.2382
44	6	0.867	1	1	1.92
44	6	3.544	1	1	1.441
44	6	1.665	0	0	-0.04193
44	6	5.157	1	1	0.1943
44	6	0.5087	1	0	-0.3125
44	6	1.274	1	0	1.146
44	6	3.732	1	1	-0.496
44	6	3.867	0	0	-0.3717
44	6	5.219	1	1	1.464
44	6	3.385	0	0	0.1034
44	6	3.454	0	0	-1.011
44	6	5.687	0	0	-0.9281
44	6	3.043	1	1	0.6628
44	6	5.658	1	1	0.9794
45	6	0.1121	1	1	1.856
45	6	5.409	0	0	-0.9996
45	6	0.5506	0	1	0.03794
45	6	0.5007	1	1	1.282
45	6	0.3622	1	1	0.9004
45	6	1.301	1	1	-0.9996
45	6	3.801	0	0	0.4286
45	6	5.319	1	1	-0.8259
45	6	1	0	0	1.1
45	6	1.818	0	0	-0.7445
45	6	5.56	1	1	1.367
45	6	0.5215	0	0	-0.9996
45	6	0.5628	1	1	-0.3152
45	6	1.691	0	0	-1.19
45	6	5.428	1	1	1.132
45	6	5.308	0	0	-1.092
45	6	1.823	0	1	0.3837
45	6	1.803	0	0	2.194
45	6	0.8519	1	1	-0.4483
45	6	3.915	0	0	0.6784
45	6	0.7159	0	0	1.339
45	6	0.3992	0	1	-0.2518
45	6	3.628	1	1	0.03794
45	6	5.329	0	0	-1.902
45	6	0.7986	0	0	-0.07296
45	6	3.586	1	1	0.3837
45	6	3.779	1	1	-0.3152
45	6	1.72	1	1	-0.9996
45	6	3.955	1	1	-0.5909
45	6	0.2691	1	1	1.421
45	6	1.386	1	1	0.4286
45	6	3.886	1	1	-1.19
45	6	0.5437	0	0	0.9351
45	6	0.5817	0	1	-0.01674
45	6	3.622	1	1	1.552
45	6	1.727	1	1	-0.5909
45	6	3.608	0	0	-0.9996
45	6	1.067	1	1	-0.7445
45	6	5.194	0	0	-0.6662
45	6	5.518	1	1	-1.764
45	6	5.934	1	1	-0.5909
45	6	0.7783	0	0	-0.5183
45	6	1.777	0	1	0.4286
45	6	0.8315	0	0	0.7925
45	6	1.805	1	1	1.162
45	6	5.511	0	0	-0.9996
45	6	0.2838	0	0	-0.5909
45	6	0.7135	0	1	-0.2518
45	6	1.561	0	0	1.421
45	6	3.232	1	1	-0.5909
46	6	0.5116	0	1	-1.466
46	6	2.214	0	0	-0.4201
46	6	0.2726	0	0	0.04947
46	6	5.362	1	1	-1.628
46	6	0.692	1	0	-0.6569
46	6	0.7879	0	0	-1.178
46	6	3.668	0	0	-1.389
46	6	0.4166	1	0	0.5075
46	6	3.335	1	1	-1.112
46	6	5.376	0	0	-0.1321
46	6	1.222	0	0	-0.05733
46	6	0.6455	0	0	0.4244
46	6	3.657	1	1	2.032
46	6	5.348	1	1	0.04947
46	6	1.673	1	0	-0.9282
46	6	3.217	1	1	-0.7608
46	6	0.1147	0	0	0.2772
46	6	4.157	0	0	0.1505
46	6	0.3908	0	0	-0.05733
46	6	1.007	1	0	-0.6569
46	6	5.344	1	1	1.734
46	6	3.681	0	0	0.4244
46	6	1.071	1	1	1.396
46	6	2.02	0	0	-0.4651
46	6	0.1935	0	1	-0.2912
46	6	1.649	1	1	1.446
46	6	0.9864	0	0	-0.4201
46	6	0.7205	1	1	-2.003
46	6	5.555	1	1	-1.389
46	6	0.06474	1	0	0.1505
46	6	1.863	0	1	0.9406
46	6	1.743	1	0	-0.09433
46	6	5.837	1	1	-1.178
46	6	3.786	0	0	1.572
46	6	0.8837	1	0	1.292
46	6	5.319	0	0	-1.628
46	6	1.811	1	1	1.789
46	6	0.8974	0	0	-0.3761
46	6	3.633	0	0	-0.5113
46	6	5.229	0	0	1.494
46	6	0.1202	1	0	0.4525
46	6	1.977	1	1	0.688
46	6	3.302	0	0	0.983
46	6	0.9928	0	0	0.875
46	6	5.445	0	0	-0.6569
46	6	5.173	0	0	1.004
46	6	1.96	1	0	-0.05733
46	6	3.536	0	0	-0.2099
46	6	0.7433	1	1	0.01454
46	6	1.328	1	0	-0.02105
47	6	0.8806	0	1	-0.9762
47	6	0.235	1	0	0.6517
47	6	3.595	1	1	0.2639
47	6	1.802	0	0	0.6008
47	6	1.874	0	0	1.178
47	6	0.002034	0	1	0.4948
47	6	5.616	0	0	0.0709
47	6	1.884	0	1	1.623
47	6	3.681	0	0	1.623
47	6	0.8858	1	1	-0.6575
47	6	0.8777	1	1	-0.06919
47	6	0.6484	0	1	0.2016
47	6	5.358	0	0	1.396
47	6	5.37	0	0	-0.3001
47	6	3.628	1	1	-0.9762
47	6	0.3517	1	1	0.002104
47	6	1.782	1	1	-0.4707
47	6	5.083	0	0	-0.4707
47	6	3.55	0	0	-0.3001
47	6	0.7009	0	0	1.623
47	6	0.6932	0	0	2.537
47	6	0.3673	1	1	1.96
47	6	5.561	0	0	1.396
47	6	0.5434	1	1	-0.4707
47	6	1.512	1	1	-0.9762
47	6	3.711	1	1	-0.6575
47	6	0.9974	1	1	-0.5619
47	6	0.8279	1	1	-2.016
47	6	0.4499	0	0	0.6517
47	6	0.7697	1	1	-0.4707
47	6	5.414	1	1	-0.4707
47	6	3.551	0	0	-0.3001
47	6	5.212	1	1	-0.9762
47	6	1.38	1	0	0.2639
47	6	5.752	1	1	-0.7581
47	6	0.9122	1	1	-0.3001
47	6	3.902	0	0	-0.7581
47	6	1.62	0	0	0.4948
47	6	0.006928	1	1	-1.659
47	6	1.907	1	0	1.178
47	6	0.3885	0	0	0.3827
47	6	0.8406	1	1	-0.2201
47	6	3.462	0	0	-1.095
47	6	3.452	0	0	-0.6575
47	6	0.3565	1	1	-0.6575
47	6	1.663	0	0	-0.9762
47	6	3.657	1	1	0.2639
47	6	1.582	0	0	-1.357
47	6	5.496	0	0	-0.7581
47	6	5.356	1	1	1.463
48	6	1.5	1	1	1.712
48	6	3.795	1	0	1.522
48	6	0.1581	1	1	2.829
48	6	1.73	1	1	0.7905
48	6	3.235	1	1	-1.16
48	6	1.797	1	1	0.3196
48	6	2.004	0	0	-0.2666
48	6	1.652	0	0	-0.185
48	6	5.259	0	0	-0.8242
48	6	5.108	1	1	-0.9312
48	6	0.9979	0	0	-0.2666
48	6	0.2896	0	0	0.6811
48	6	5.207	0	0	-0.2666
48	6	0.5541	1	1	0.4462
48	6	3.705	1	1	-0.185
48	6	1.976	0	0	-1.414
48	6	0.8307	0	0	-0.185
48	6	0.5694	1	1	0.8434
48	6	3.579	1	1	1.853
48	6	3.654	0	0	-0.4385
48	6	1.801	1	1	-1.043
48	6	0.7266	0	1	-0.351
48	6	5.327	1	1	-0.2666
48	6	5.858	1	1	-0.02973
48	6	0.7787	0	0	-0.02973
48	6	0.7314	1	0	-0.185
48	6	3.664	0	0	1.442
48	6	1.964	0	0	0.3196
48	6	0.6623	1	0	0.3837
48	6	5.606	0	0	-0.7218
48	6	1.92	1	0	2.051
48	6	0.4963	0	0	1.748
48	6	3.335	0	0	-0.7218
48	6	1.799	1	1	-1.043
48	6	3.707	1	1	0.1161
48	6	0.4267	1	0	0.4462
48	6	0.6932	0	0	-0.9312
48	6	1.117	0	0	-1.414
48	6	0.521	0	1	-0.6236
48	6	5.151	0	0	1.712
48	6	0.3246	1	1	0.1161
48	6	5.748	1	1	0.1859
48	6	0.7499	1	1	-0.351
48	6	3.5	0	0	-0.9312
48	6	5.172	0	1	-0.4385
48	6	0.7713	0	0	-0.4385
48	6	3.605	1	1	-0.9312
48	6	5.759	1	1	-0.6236
48	6	0.4621	0	0	-1.16
48	6	1.209	1	0	-1.16
49	6	5.603	1	1	0.3276
49	6	5.538	0	0	1.085
49	6	5.551	1	1	-1.356
49	6	0.4292	1	1	0.1088
49	6	3.773	1	1	-0.04997
49	6	0.8562	1	1	-0.9511
49	6	0.3562	0	1	-0.7169
49	6	1.734	1	1	-1.078
49	6	1.174	0	0	-0.5051
49	6	1.137	0	1	-0.221
49	6	2.028	1	0	0.6503
49	6	2.041	1	0	0.3276
49	6	0.8399	1	1	-0.04997
49	6	5.715	0	0	0.932
49	6	0.993	0	0	-0.4063
49	6	3.119	1	1	-0.9511
49	6	3.815	1	0	-0.04997
49	6	1.62	0	0	0.03085
49	6	0.1982	0	1	-0.5051
49	6	1.765	1	1	1.868
49	6	0.9336	1	1	-0.04997
49	6	0.906	0	0	0.2571
49	6	0.8314	1	1	-1.078
49	6	3.732	1	1	-0.5051
49	6	3.557	0	0	-0.221
49	6	0.3905	1	1	-0.6085
49	6	0.6208	1	0	-0.5051
49	6	3.472	1	1	-0.3117
49	6	3.603	1	1	2.968
49	6	3.94	0	0	-0.3117
49	6	5.401	1	1	0.6503
49	6	0.2384	0	0	0.5268
49	6	0.9252	0	0	-0.7169
49	6	0.6924	1	0	-0.6085
49	6	1.098	0	0	-0.04997
49	6	5.402	0	0	-1.51
49	6	3.709	0	0	-0.8309
49	6	1.878	0	0	-0.5051
49	6	0.1216	0	1	-0.04997
49	6	3.515	1	1	1.49
49	6	5.517	1	1	0.1088
49	6	1.081	0	1	-0.04997
49	6	0.1419	0	1	0.1088
49	6	2.09	0	1	0.932
49	6	1.658	0	0	-0.3117
49	6	5.422	0	0	-2.257
49	6	1.654	1	1	1.611
49	6	5.202	0	0	3.131
49	6	5.185	1	1	0.2571
49	6	1.66	1	1	-0.04997
