0	2	0.855	0	1	-0.2361
0	2	5.548	0	0	-0.9543
0	2	1.564	0	0	-0.47
0	2	5.345	1	1	-1.279
0	2	0.09461	0	1	-1.273
0	2	4.896	0	0	-0.3335
0	2	0.281	1	1	-0.7713
0	2	0.1611	1	1	-0.9026
0	2	1.082	0	1	-0.4448
0	2	0.3572	0	0	-0.2225
0	2	0.7077	0	1	-0.8426
0	2	0.3026	1	1	-0.8745
0	2	1.85	0	1	0.884
0	2	1.03	0	1	1.762
0	2	0.3553	0	0	0.1724
0	2	1.654	0	1	-0.8891
0	2	2.011	1	1	-0.9956
0	2	0.9037	1	1	0.562
0	2	0.8919	1	0	2.532
0	2	0.755	1	1	-1.032
0	2	0.4328	1	0	1.342
0	2	0.5023	0	1	-0.9351
0	2	1.724	1	1	-1.572
0	2	1.896	0	1	-0.6771
0	2	0.2864	1	1	-1.302
0	2	5.396	1	1	-1.268
0	2	0.6085	1	1	-0.5695
0	2	0.04365	1	1	-0.9093
0	2	1.69	1	1	-0.9113
0	2	5.518	1	1	-1.587
0	2	0.7195	1	1	-1.54
0	2	5.653	1	1	-0.008527
0	2	1.067	0	0	-0.7736
0	2	0.1755	0	1	-0.7927
0	2	0.1478	1	0	-0.05254
0	2	1.922	0	0	-0.5697
0	2	1.312	0	1	-1.029
0	2	0.9128	0	0	-0.7187
0	2	5.551	0	0	-0.1139
0	2	0.07738	0	1	2.012
0	2	1.994	1	1	-1.477
0	2	0.4321	0	1	-1.077
0	2	0.9632	1	1	-2.147
0	2	0.5345	1	0	-1.13
0	2	0.2226	0	1	-1.218
0	2	5.691	1	1	0.4909
0	2	0.1228	0	1	1.782
0	2	0.2136	1	1	0.6166
0	2	5.611	0	0	0.8271
0	2	5.488	0	0	0.4296
1	2	0.4353	1	1	-0.6654
1	2	0.4424	0	1	0.9702
1	2	1.724	0	1	0.06578
1	2	0.8655	0	1	1.577
1	2	5.449	1	1	-0.2897
1	2	0.5224	1	0	0.222
1	2	0.9912	1	1	-0.9201
1	2	0.2148	0	1	-0.6597
1	2	1.61	1	1	0.08535
1	2	2.203	1	1	-0.426
1	2	1.781	0	0	-0.1154
1	2	0.2272	0	0	2.279
1	2	1.106	0	0	-0.2947
1	2	1.942	0	0	1.035
1	2	5.743	1	1	-0.963
1	2	1.305	0	0	-0.1368
1	2	1.113	0	1	0.1928
1	2	0.315	0	0	-0.1161
1	2	0.4441	0	0	-1.201
1	2	0.1822	1	0	1.948
1	2	1.657	1	1	0.6128
1	2	5.642	1	1	-0.905
1	2	0.7897	1	1	0.2415
1	2	0.1898	0	1	1.364
1	2	2.039	1	1	-0.004907
1	2	0.287	0	0	0.5469
1	2	0.2448	1	1	0.2634
1	2	5.48	1	1	-0.2928
1	2	0.2893	1	1	-0.377
1	2	0.2176	1	0	-0.04941
1	2	1.885	0	1	-1.014
1	2	5.611	0	0	0.4846
1	2	0.3125	1	1	-0.2367
1	2	1.038	0	1	1.309
1	2	5.195	1	1	-0.9416
1	2	1.646	0	1	2.174
1	2	2.051	1	1	0.2258
1	2	0.1516	1	1	2.167
1	2	5.253	0	0	-0.4923
1	2	0.4816	0	1	0.3894
1	2	5.834	0	0	-0.8559
1	2	0.8425	1	1	-0.6799
1	2	5.408	1	1	-1.021
1	2	5.552	1	1	0.3428
1	2	0.07586	1	1	-1.164
1	2	0.3202	1	1	-0.4687
1	2	1.064	1	0	1.083
1	2	0.26	1	0	-0.07914
1	2	0.4247	0	1	-0.3532
1	2	0.8299	0	1	1.243
2	2	0.6089	0	1	-0.212
2	2	0.6465	1	0	1.051
2	2	0.1939	0	1	-0.8781
2	2	5.289	0	0	0.08965
2	2	1.738	0	0	-0.0112
2	2	0.2794	1	1	0.7524
2	2	0.5288	1	1	-0.09669
2	2	5.137	1	1	-0.1315
2	2	0.8695	0	0	-0.8225
2	2	0.8669	0	0	-0.1881
2	2	0.2065	0	1	0.5488
2	2	1.025	0	1	-1.486
2	2	1.746	0	0	-0.5643
2	2	1.408	1	1	0.09398
2	2	0.4981	1	1	0.7726
2	2	1.811	1	1	-0.3908
2	2	0.804	0	0	-1.19
2	2	0.2831	0	0	-0.5536
2	2	0.009483	0	0	-0.08491
2	2	0.8815	1	1	-0.4418
2	2	1.787	0	0	-0.4157
2	2	0.1329	0	0	-0.6951
2	2	0.9214	1	1	-0.1261
2	2	5.283	1	1	-0.3579
2	2	0.1857	1	1	-1.029
2	2	1.975	1	1	-0.7421
2	2	1.018	0	1	-1.167
2	2	5.454	0	0	-0.7887
2	2	2.111	0	1	-1.427
2	2	5.553	0	0	-0.2087
2	2	0.4899	1	0	0.3478
2	2	1.374	0	0	-0.2711
2	2	0.02534	1	1	1.228
2	2	0.7664	0	1	-0.9773
2	2	0.9779	0	0	-0.9498
2	2	0.1326	1	0	-0.4943
2	2	2.183	1	1	-0.8245
2	2	5.223	1	1	0.1181
2	2	0.3721	1	1	-0.1833
2	2	0.8508	0	0	1.17
2	2	5.368	1	1	-1.013
2	2	0.5984	1	1	-0.5037
2	2	0.836	1	1	-1.282
2	2	5.394	0	0	-0.8819
2	2	0.5294	0	0	-0.2068
2	2	5.564	1	1	1.61
2	2	1.677	1	1	-0.9993
2	2	0.3019	1	1	-0.4883
2	2	0.1052	0	1	-0.05995
2	2	5.495	1	1	-0.5435
3	2	1.459	0	0	-0.0925
3	2	0.1382	0	1	-1.119
3	2	0.6569	0	1	-0.5014
3	2	5.093	1	1	-0.5766
3	2	0.2859	0	1	0.2069
3	2	5.595	1	0	-1.876
3	2	5.523	1	1	-1.054
3	2	5.393	1	1	-0.9272
3	2	1.883	1	1	0.4612
3	2	1.103	0	1	-0.7761
3	2	0.4588	0	0	-0.3816
3	2	1.904	0	0	-0.2572
3	2	5.139	1	1	-0.3749
3	2	0.2767	0	0	1.459
3	2	5.373	0	0	-0.7284
3	2	0.7109	1	0	-0.3611
3	2	1.068	0	1	2.646
3	2	0.3966	0	1	0.7929
3	2	2.114	1	1	-0.3776
3	2	1.666	0	0	0.06086
3	2	1.703	1	1	0.3228
3	2	0.3927	0	1	1.99
3	2	0.6439	0	1	-0.8174
3	2	0.6656	1	0	0.008382
3	2	0.1935	1	0	0.5614
3	2	5.679	0	0	-0.2098
3	2	0.9084	0	0	-0.376
3	2	1.114	0	0	0.2969
3	2	5.626	0	0	-0.03236
3	2	0.06652	0	1	-0.6802
3	2	0.5394	1	0	-0.9928
3	2	0.2363	1	0	-0.6751
3	2	1.432	1	0	0.612
3	2	0.3616	1	1	-0.9413
3	2	1.017	0	0	0.5952
3	2	0.1609	1	1	-1.213
3	2	1.818	1	1	-0.1865
3	2	5.822	1	1	-0.5529
3	2	1.764	1	1	-0.2332
3	2	1.048	0	1	0.6018
3	2	0.2331	1	1	-0.8806
3	2	0.9668	1	1	-0.4391
3	2	5.069	1	1	0.5605
3	2	0.5975	0	1	-0.22
3	2	0.3975	0	0	0.6517
3	2	1.941	1	1	-0.9967
3	2	0.04046	1	1	-0.7195
3	2	1.088	0	0	1.813
3	2	1.165	1	1	-0.8809
3	2	0.2169	0	1	-0.3262
4	2	5.211	1	1	-0.5467
4	2	1.631	0	1	-0.4509
4	2	1.097	0	0	0.6529
4	2	0.2322	1	1	-0.2237
4	2	1.597	1	1	-0.2848
4	2	1.871	0	1	-0.2426
4	2	0.3151	0	1	-0.9081
4	2	0.6994	0	0	-0.3244
4	2	1.929	0	0	-0.815
4	2	0.5701	1	1	2.954
4	2	0.7719	1	1	-0.7175
4	2	0.3465	1	1	-0.8969
4	2	1.645	0	0	-1.017
4	2	0.9901	1	1	-1.156
4	2	5.722	0	0	-0.475
4	2	0.8458	1	1	-0.48
4	2	5.796	1	1	-1.115
4	2	0.3083	1	0	0.3414
4	2	0.5543	0	1	-1.273
4	2	0.8112	0	1	-0.2085
4	2	1.883	0	1	-1.379
4	2	1.267	0	0	0.4626
4	2	1.62	1	1	-0.2036
4	2	0.3553	1	1	-0.3938
4	2	1.717	1	1	-0.6784
4	2	1.035	1	1	-1.08
4	2	0.9365	0	1	-0.6871
4	2	1.413	1	0	-0.8405
4	2	0.7398	1	1	-0.9202
4	2	1.626	1	1	-0.5051
4	2	5.361	0	0	-1.109
4	2	0.5694	0	1	-0.7388
4	2	5.762	1	1	-1.748
4	2	1.255	0	1	-0.4684
4	2	0.1568	1	0	-0.2395
4	2	5.578	0	0	-1.156
4	2	0.3565	0	0	-0.7981
4	2	5.351	1	0	-0.4649
4	2	5.179	0	0	-0.3763
4	2	0.3504	0	1	-0.6134
4	2	0.5477	1	0	2.016
4	2	0.1069	1	0	-0.6209
4	2	0.4647	0	1	0.6359
4	2	0.4312	0	1	0.1295
4	2	1.35	1	0	0.8255
4	2	5.304	1	1	0.6543
4	2	0.5136	1	1	-0.7832
4	2	0.4847	1	1	-0.3119
4	2	5.126	0	0	-0.8346
4	2	0.5211	1	0	0.402
5	2	5.438	1	1	-1.873
5	2	1.188	0	0	-0.01165
5	2	0.03478	1	0	0.2483
5	2	2.075	1	1	-0.8804
5	2	5.246	0	0	-0.3966
5	2	0.5636	1	1	0.5887
5	2	0.2713	1	1	2.269
5	2	2.139	0	0	-0.5555
5	2	1.882	0	1	-0.277
5	2	5.389	1	1	-1.11
5	2	5.201	1	1	-1.107
5	2	0.4329	1	0	-0.9627
5	2	5.4	1	1	-0.3325
5	2	0.483	0	1	-0.0677
5	2	0.07478	0	0	-0.3364
5	2	0.7833	0	1	1.042
5	2	1.865	0	0	1.024
5	2	0.7667	0	1	-0.2183
5	2	1.935	1	1	-1.702
5	2	1.25	1	0	-0.2291
5	2	1.646	1	0	-0.7005
5	2	0.2945	0	0	-0.4224
5	2	0.5709	1	0	-0.4324
5	2	2.003	1	1	-0.6833
5	2	0.361	0	0	-0.2103
5	2	0.624	1	1	0.007823
5	2	0.06252	0	1	-0.07222
5	2	0.4812	0	1	0.675
5	2	0.5578	0	0	0.2493
5	2	0.5479	0	0	-0.7654
5	2	5.621	0	0	-0.3528
5	2	5.214	0	0	-0.895
5	2	5.156	1	1	-0.5588
5	2	0.9639	0	1	2.479
5	2	0.9964	1	1	-0.4163
5	2	0.5961	0	1	-1.199
5	2	1.523	1	1	-0.83
5	2	0.3452	0	1	0.1072
5	2	1.959	1	1	0.1933
5	2	0.2054	0	1	0.7677
5	2	5.496	0	0	0.1708
5	2	1.671	1	1	-0.8122
5	2	0.8572	1	1	0.06007
5	2	0.155	0	0	1.539
5	2	0.5774	0	0	0.04971
5	2	5.215	0	0	-1.409
5	2	0.5888	1	1	0.08023
5	2	0.6342	1	1	2.218
5	2	1.186	1	1	-0.1346
6	2	0.7069	1	1	-1.294
6	2	0.9203	0	1	-0.2551
6	2	1.912	1	1	-0.7623
6	2	0.3825	0	1	-0.2643
6	2	1.551	1	1	0.1353
6	2	0.1706	0	1	-0.5488
6	2	0.03827	0	1	0.6391
6	2	0.2802	1	1	0.198
6	2	1.65	0	1	0.2214
6	2	0.4047	1	1	-0.3691
6	2	5.253	0	0	-0.2107
6	2	0.2483	1	0	1.465
6	2	5.313	1	1	-1.114
6	2	1.726	0	0	0.4606
6	2	1.931	1	1	0.375
6	2	0.1502	0	1	-1.366
6	2	0.2748	0	1	-1.335
6	2	1.921	1	1	0.2291
6	2	0.7291	0	0	-0.7914
6	2	5.522	0	0	-0.6062
6	2	1.782	0	0	-0.7175
6	2	5.582	1	1	0.4278
6	2	0.6316	1	1	0.3704
6	2	0.1673	0	1	1.065
6	2	1.033	1	1	-0.2015
6	2	1.063	0	0	-0.1665
6	2	0.7679	0	1	0.6826
6	2	5.599	1	1	-0.2736
6	2	2.12	1	1	0.3866
6	2	0.06182	0	1	-1.358
6	2	0.2595	0	1	-0.8221
6	2	0.5493	1	0	1.811
6	2	0.2365	1	0	1.586
6	2	0.002845	0	0	0.1033
6	2	0.8454	0	0	-0.09019
6	2	1.844	1	1	-0.522
6	2	1.252	1	1	-0.3037
6	2	0.5056	0	1	5.358
6	2	5.554	1	1	-0.583
6	2	0.05052	0	1	-0.1533
6	2	2.202	0	0	-0.2901
6	2	5.793	0	0	0.09703
6	2	0.7253	1	0	-0.7174
6	2	5.645	0	0	0.125
6	2	0.9217	0	1	0.5662
6	2	0.5336	1	1	-0.5345
6	2	0.7912	0	1	0.0575
6	2	5.119	1	1	0.3225
6	2	0.3626	0	1	0.6244
6	2	5.758	1	1	-0.9329
7	2	1.682	0	1	-1.368
7	2	5.525	0	0	-0.7612
7	2	0.6939	0	1	0.3099
7	2	0.4584	1	1	-0.27
7	2	2.007	0	1	1.334
7	2	0.2811	0	1	-0.9949
7	2	0.5045	1	1	-0.6614
7	2	1.977	1	1	2.414
7	2	0.6604	1	1	-0.3401
7	2	0.6311	0	0	0.2519
7	2	0.5209	1	1	-0.4555
7	2	1.396	1	1	-1.022
7	2	0.7516	1	1	-0.3212
7	2	0.1946	1	1	-1.087
7	2	0.3223	0	1	0.1358
7	2	5.829	0	0	-0.764
7	2	0.04856	0	1	-0.02736
7	2	2.152	0	1	-1.107
7	2	1.649	1	1	-1.059
7	2	5.412	0	0	-1.014
7	2	1.084	0	1	-0.6287
7	2	5.306	1	1	-0.7281
7	2	1.862	1	1	-0.8387
7	2	0.5252	0	1	-0.5442
7	2	0.3211	0	1	-0.6396
7	2	0.4985	0	0	-0.7162
7	2	5.497	1	1	-1.485
7	2	0.2205	1	1	-0.7319
7	2	0.9285	0	0	-0.02409
7	2	1.686	0	0	-0.3507
7	2	0.9892	0	0	0.6212
7	2	0.7871	0	1	0.88
7	2	0.4187	0	0	1.354
7	2	5.497	1	1	-1.02
7	2	0.5571	1	1	-0.2816
7	2	0.1479	0	0	-1.189
7	2	1.673	1	1	-1.553
7	2	0.2101	1	1	-0.4504
7	2	1.3	1	1	-1.055
7	2	5.478	1	1	-0.9109
7	2	0.9515	1	1	0.2681
7	2	0.3314	0	1	-0.3362
7	2	2.228	1	1	-0.7979
7	2	5.288	0	0	-0.3789
7	2	0.8056	1	1	-0.3367
7	2	5.715	1	1	0.3603
7	2	0.1899	0	0	0.6357
7	2	0.7548	1	1	-0.1792
7	2	0.406	1	1	0.393
7	2	5.25	0	0	-1.011
8	2	1.451	0	1	-0.9591
8	2	5.347	0	0	-0.369
8	2	1.775	1	1	-1.304
8	2	1.185	0	0	-0.3239
8	2	5.376	1	1	-1.235
8	2	5.238	0	0	-1.042
8	2	0.1266	0	1	-1.18
8	2	2.083	1	1	-1.363
8	2	0.2968	1	1	-0.9123
8	2	1.082	1	1	-1.147
8	2	5.49	0	0	-0.6058
8	2	1.872	0	0	-0.4845
8	2	0.5788	1	1	-0.07127
8	2	0.8502	1	1	-0.5089
8	2	0.4891	0	1	1.127
8	2	0.1846	0	1	-1.847
8	2	5.69	1	1	-1.038
8	2	1.745	0	1	-0.5779
8	2	0.1698	0	1	0.5826
8	2	1.682	0	0	-0.7607
8	2	5.258	1	1	-1.481
8	2	0.8249	1	1	0.598
8	2	0.5545	1	1	-0.09636
8	2	0.5704	1	1	0.7935
8	2	1.489	1	1	-1.297
8	2	5.37	1	1	-1.782
8	2	1.127	1	1	-1.029
8	2	0.03193	1	1	-0.8262
8	2	0.2283	1	1	-1.261
8	2	0.4656	1	1	-0.544
8	2	0.836	0	0	-0.5293
8	2	0.5672	1	1	-0.9965
8	2	1.662	0	0	-0.7085
8	2	5.171	0	0	-0.3138
8	2	5.224	1	1	-1.198
8	2	0.9163	1	1	-0.3777
8	2	0.9906	1	1	-1.369
8	2	0.2983	1	1	-0.3161
8	2	0.646	0	1	-1.107
8	2	1.154	1	1	-1.203
8	2	1.647	0	0	-0.2315
8	2	0.4381	0	0	0.4882
8	2	0.4297	1	1	-1.26
8	2	1.351	0	0	0.2663
8	2	5.448	1	1	-1.076
8	2	0.306	0	0	-1.067
8	2	0.2222	0	1	0.1649
8	2	0.554	0	1	-0.1039
8	2	0.7988	0	1	-0.9972
8	2	0.07299	0	0	0.5197
9	2	0.01524	0	1	-1.061
9	2	2	0	0	-1.046
9	2	1.03	1	0	-0.9539
9	2	5.066	0	0	0.893
9	2	0.8469	1	0	-0.6393
9	2	5.304	0	1	-1.246
9	2	0.8453	0	0	-0.2127
9	2	0.4115	1	1	-0.06797
9	2	1.85	0	0	-0.1934
9	2	0.02905	1	1	0.2211
9	2	1.742	0	0	-0.8619
9	2	0.1749	1	1	-1.321
9	2	0.9697	1	1	-0.2634
9	2	1.534	1	1	0.1666
9	2	0.1824	1	1	-0.2207
9	2	0.1397	0	1	-0.0531
9	2	0.02277	1	1	-0.7342
9	2	5.577	1	1	-0.4174
9	2	5.401	1	1	-2.106
9	2	5.494	0	0	-1.064
9	2	1.017	0	1	-1.576
9	2	1.792	0	0	-0.6195
9	2	0.1327	0	1	1.555
9	2	0.3097	1	1	-1.48
9	2	5.149	0	0	-1.024
9	2	5.184	0	0	-1.298
9	2	1.582	0	0	-0.5232
9	2	1.057	0	0	-0.6071
9	2	0.1021	1	1	-1.181
9	2	0.4112	0	1	-0.3296
9	2	5.524	0	1	0.6384
9	2	0.4247	0	0	-1.002
9	2	0.01936	0	0	-0.4029
9	2	0.5085	0	1	-0.5648
9	2	0.2377	1	1	-2.218
9	2	0.187	1	1	-0.3239
9	2	1.216	1	1	-0.4026
9	2	0.4466	1	1	-1.463
9	2	2.114	1	1	-1.701
9	2	2.034	1	1	0.2143
9	2	0.9825	1	0	-0.1952
9	2	0.7315	0	0	-0.0323
9	2	0.07313	0	1	-0.9694
9	2	0.9239	1	1	0.3002
9	2	0.5245	1	1	-1.233
9	2	0.5147	0	1	0.4612
9	2	1.678	1	1	-0.889
9	2	5.53	0	0	-0.752
9	2	1.985	1	1	-0.151
9	2	5.359	1	1	-0.7251
10	3	0.6526	1	1	-0.4299
10	3	0.07202	1	1	0.958
10	3	0.07412	1	1	-0.6144
10	3	5.447	1	1	-0.6009
10	3	5.381	0	0	0.4396
10	3	0.2569	0	1	0.5345
10	3	0.05828	0	1	0.02595
10	3	1.388	0	0	0.563
10	3	0.09314	0	1	-0.1188
10	3	5.202	1	1	-0.8923
10	3	0.8084	1	0	-0.1099
10	3	1.72	0	0	-0.07419
10	3	5.234	0	0	0.03037
10	3	0.897	1	0	0.04848
10	3	5.28	1	1	-0.9964
10	3	5.18	1	1	-1.506
10	3	1.647	0	1	-0.02505
10	3	1.032	1	1	-0.31
10	3	1.011	0	0	0.09953
10	3	1.888	0	0	-0.1234
10	3	2.015	0	0	-0.5437
10	3	0.3852	0	0	0.03253
10	3	0.3118	1	1	1.013
10	3	1.999	1	1	-0.7249
10	3	5.484	1	1	-1.227
10	3	1.126	1	1	1.972
10	3	0.1771	1	1	-0.3151
10	3	0.4613	1	1	1.745
10	3	0.1286	0	0	-0.7303
10	3	5.605	0	0	0.03298
10	3	0.4885	1	0	-1.166
10	3	2.12	0	0	-0.6301
10	3	0.3872	0	1	0.6372
10	3	0.1272	1	0	1.444
10	3	1.989	0	0	-0.8102
10	3	0.7289	1	1	-0.00329
10	3	2.109	0	1	-0.4121
10	3	0.3975	1	1	-0.887
10	3	0.4574	0	0	-1.166
10	3	1.705	1	1	-1.19
10	3	0.9015	1	1	0.2632
10	3	0.7093	0	0	-0.7496
10	3	0.3709	1	1	-0.2672
10	3	5.867	0	0	0.5729
10	3	0.1082	0	1	-0.9929
10	3	5.68	0	0	-0.117
10	3	0.6788	0	0	0.2099
10	3	0.127	0	1	0.5442
10	3	0.7767	0	0	-1.131
10	3	0.03894	0	0	-0.01376
11	3	0.1998	0	1	-0.9703
11	3	0.1476	0	1	0.3033
11	3	0.453	0	1	-0.7345
11	3	0.1338	1	1	-0.1927
11	3	1.743	0	0	-0.4558
11	3	0.8333	1	1	-0.9576
11	3	0.1619	1	1	-0.4297
11	3	1.033	1	0	6.133
11	3	0.005354	1	1	-0.07148
11	3	0.1325	0	1	0.1853
11	3	1.73	0	0	2.371
11	3	0.5218	1	1	-0.9267
11	3	0.672	1	1	0.8473
11	3	1.898	1	1	-1.622
11	3	1.729	1	1	-0.7335
11	3	5.476	1	1	-0.7153
11	3	1.078	0	0	2.281
11	3	0.02198	0	0	0.7916
11	3	5.058	0	0	0.02628
11	3	0.4357	1	0	0.912
11	3	0.3908	0	1	0.6718
11	3	1.733	0	0	1.69
11	3	5.053	1	1	-0.7571
11	3	5.309	0	0	-0.2256
11	3	0.3151	1	0	-0.4688
11	3	5.336	0	0	0.02601
11	3	1.127	0	1	-0.06636
11	3	0.2393	1	1	0.4095
11	3	0.08932	0	1	-0.8748
11	3	1.014	0	0	0.6552
11	3	0.2443	1	1	2.884
11	3	5.682	1	1	-0.8995
11	3	1.422	1	1	1.74
11	3	5.144	0	0	-0.9513
11	3	0.6496	0	1	-0.1477
11	3	0.4646	1	1	-0.1334
11	3	0.8561	0	1	0.2441
11	3	0.5328	1	1	-1.2
11	3	5.379	0	0	-0.3448
11	3	2.128	0	0	-1.071
11	3	1.994	1	1	0.2072
11	3	2.073	0	0	0.5032
11	3	0.9244	1	1	-1.346
11	3	1.186	0	0	-0.5584
11	3	0.9148	0	0	0.7354
11	3	1.721	1	1	-1.198
11	3	5.242	1	1	-0.4888
11	3	0.5449	1	1	-1.43
11	3	0.4424	1	1	-0.7513
11	3	5.491	0	0	-0.3567
12	3	0.06381	0	1	-0.3114
12	3	0.9445	0	0	-0.02441
12	3	5.52	1	1	-1.354
12	3	0.4935	0	0	-0.3998
12	3	0.8254	1	1	-0.9736
12	3	5.314	0	0	-0.7911
12	3	0.9336	1	1	0.2153
12	3	0.3819	1	1	0.04468
12	3	0.9151	0	1	0.02347
12	3	0.8827	1	1	-0.359
12	3	5.285	1	1	-0.66
12	3	0.2311	0	0	0.06042
12	3	0.3308	1	1	-0.5061
12	3	5.289	0	0	-0.4903
12	3	2.229	1	1	-0.6081
12	3	0.6879	0	1	1.088
12	3	1.908	0	1	0.2191
12	3	0.9238	0	1	-0.6669
12	3	1.985	1	1	-1.047
12	3	0.6845	1	1	2.404
12	3	1.612	1	1	-0.5396
12	3	0.3551	1	1	-0.01703
12	3	0.6243	0	0	0.1945
12	3	0.252	0	0	0.5753
12	3	5.67	0	0	-0.7136
12	3	0.04844	1	0	0.4639
12	3	1.073	1	1	-0.06921
12	3	1.953	0	0	3.351
12	3	0.318	1	1	-0.3177
12	3	0.481	0	0	-0.3475
12	3	5.464	1	1	-0.5487
12	3	1.647	1	1	-1.229
12	3	0.4979	1	1	-0.9135
12	3	2.031	0	1	-0.2925
12	3	5.725	0	0	-0.1695
12	3	1.893	1	1	-1.875
12	3	2.082	0	0	1.343
12	3	1.111	0	0	-1.053
12	3	2.135	0	0	-0.0164
12	3	5.618	0	0	-1.21
12	3	5.644	0	0	0.01359
12	3	5.362	0	0	0.4965
12	3	0.386	1	0	2.157
12	3	0.5175	1	0	1.524
12	3	0.1459	1	0	2.616
12	3	1.112	0	0	1.459
12	3	0.4838	0	0	0.2484
12	3	0.03555	0	0	1.063
12	3	0.5563	1	1	1.077
12	3	0.9073	1	1	0.7295
13	3	0.01028	0	1	0.5582
13	3	0.05312	1	1	-1.108
13	3	5.546	1	1	-0.2738
13	3	0.312	1	0	0.3739
13	3	0.8178	1	1	-1.183
13	3	0.6122	1	1	0.518
13	3	5.652	0	0	-1.181
13	3	1.08	0	0	0.151
13	3	5.25	0	0	-0.7128
13	3	1.748	0	0	0.1527
13	3	0.06534	1	0	0.3985
13	3	0.3735	0	1	0.03211
13	3	1.97	1	1	-0.9889
13	3	0.1693	0	0	0.8123
13	3	5.587	0	0	-0.5505
13	3	1.882	1	1	0.2972
13	3	0.5388	0	0	-0.1465
13	3	0.392	1	0	0.2601
13	3	2.172	0	0	-0.1383
13	3	1.097	1	0	0.5745
13	3	1.773	1	1	0.3401
13	3	0.4012	1	1	0.3874
13	3	0.1408	0	0	0.3015
13	3	0.6055	1	1	0.5672
13	3	5.257	0	0	-1.355
13	3	0.141	0	1	0.6973
13	3	5.342	1	1	-1.552
13	3	2.124	0	0	-0.4908
13	3	1.484	1	1	-0.1044
13	3	1.056	0	1	0.2168
13	3	0.2619	0	0	1.289
13	3	0.9814	0	0	0.1209
13	3	0.8975	1	1	1.361
13	3	0.9293	1	1	-2.241
13	3	0.3662	1	1	-0.4332
13	3	0.5501	1	1	-0.7144
13	3	1.885	1	0	0.5162
13	3	5.787	0	0	0.4369
13	3	0.5407	0	0	1.17
13	3	1.377	0	0	2.096
13	3	0.4045	0	1	-0.5392
13	3	5.487	1	1	-0.4456
13	3	5.424	0	0	-0.1428
13	3	1.655	0	1	-1.529
13	3	0.5358	0	1	-0.6236
13	3	0.05391	0	1	-1.5
13	3	5.184	1	1	-1.503
13	3	0.7362	0	0	1.004
13	3	0.5513	0	0	0.4462
13	3	0.7731	1	1	-1.414
14	3	5.167	1	1	-0.6364
14	3	0.6927	1	1	-0.8201
14	3	2.039	1	1	-0.8644
14	3	0.3005	1	1	-0.3321
14	3	5.591	1	1	-1.146
14	3	1.839	0	1	-0.4335
14	3	5.382	1	1	-1.142
14	3	0.519	0	1	-0.03095
14	3	0.09989	1	0	0.7068
14	3	0.7362	0	0	0.8682
14	3	0.5703	0	0	-0.2425
14	3	0.4984	0	1	-0.3453
14	3	1.006	1	1	-0.6057
14	3	0.3948	1	0	1.46
14	3	0.2942	0	1	0.4652
14	3	1.584	0	0	-0.695
14	3	0.1892	1	1	-0.713
14	3	5.507	0	0	-0.807
14	3	5.276	1	1	-0.3174
14	3	0.8999	0	1	0.4309
14	3	5.16	1	1	-0.6226
14	3	0.7446	0	1	-0.1619
14	3	0.7149	0	0	1.149
14	3	0.5115	1	1	-0.257
14	3	5.204	1	1	-1.06
14	3	0.5793	0	0	-0.1214
14	3	5.512	0	0	0.2012
14	3	0.8263	1	0	-1.179
14	3	0.8846	1	0	-0.6252
14	3	2.028	0	0	0.01377
14	3	1.098	1	1	0.2877
14	3	1.068	0	0	4.214
14	3	2.02	0	0	-0.4562
14	3	0.09953	1	1	-0.7069
14	3	0.9986	1	0	0.2676
14	3	0.7896	0	0	0.7497
14	3	1.007	0	0	1.573
14	3	2.167	1	1	-0.4379
14	3	2.203	0	0	0.1751
14	3	5.313	1	1	-0.4126
14	3	1.971	0	0	-1.007
14	3	5.144	0	0	-0.6247
14	3	2.316	1	0	-0.143
14	3	0.1275	1	0	-0.06458
14	3	0.5755	1	0	-0.203
14	3	0.07391	0	0	-0.988
14	3	0.08639	1	0	0.324
14	3	0.5145	0	0	-0.4496
14	3	1.834	0	0	-0.4623
14	3	0.6983	1	1	-0.891
15	3	0.3364	1	1	-1.003
15	3	0.621	0	0	-0.08343
15	3	5.247	0	0	-0.614
15	3	5.263	1	1	-1.724
15	3	5.44	0	0	0.07727
15	3	5.532	0	0	-0.4969
15	3	1.547	1	1	-0.8705
15	3	5.359	1	1	-1.228
15	3	0.6947	0	0	1.206
15	3	1.787	1	1	-0.9951
15	3	1.948	1	1	-1.329
15	3	5.481	0	0	-0.825
15	3	0.5582	1	1	-0.2689
15	3	0.3494	1	1	-1.154
15	3	1.5	1	1	-0.7132
15	3	0.6563	1	1	-0.7394
15	3	0.3774	0	1	-1.237
15	3	1.628	0	0	-0.7494
15	3	0.5511	0	1	-1.161
15	3	2.005	1	1	0.3421
15	3	0.9008	0	1	-0.4426
15	3	0.5457	0	0	-0.2874
15	3	1.964	0	0	-0.1581
15	3	1.094	1	1	-0.5194
15	3	0.2553	1	0	0.5948
15	3	0.2139	1	0	0.5069
15	3	0.969	1	1	-0.2934
15	3	1.17	0	0	-0.4223
15	3	0.3463	1	0	-1.1
15	3	1.146	0	0	-0.009964
15	3	0.4017	1	1	9.578
15	3	5.066	1	1	-0.0798
15	3	0.5766	1	1	-0.4654
15	3	0.7706	0	0	-1.285
15	3	0.12	0	1	-0.5427
15	3	1.66	0	1	-1.439
15	3	5.448	0	0	-0.6979
15	3	0.4632	0	0	-0.3574
15	3	0.3509	0	0	0.5393
15	3	5.226	0	0	-0.4654
15	3	0.3326	0	1	-0.04851
15	3	0.6999	0	1	1.019
15	3	0.6761	1	0	2.322
15	3	0.4648	0	0	-1.007
15	3	0.936	0	1	-0.6783
15	3	0.2477	1	1	3.265
15	3	1.653	1	1	-0.3758
15	3	5.268	1	1	0.01573
15	3	1.452	1	1	-1.284
15	3	0.7607	1	1	-0.6429
16	3	1.648	1	1	0.1185
16	3	1.789	1	1	-1.139
16	3	5.225	1	1	-1.071
16	3	1.648	1	1	-0.8515
16	3	5.307	0	0	-0.6574
16	3	5.28	1	1	-0.1382
16	3	0.5241	0	0	0.3731
16	3	0.5876	0	1	-1.147
16	3	0.5404	0	0	1.135
16	3	1.302	1	1	0.2378
16	3	0.9425	1	1	-0.8154
16	3	5.634	0	0	-0.3981
16	3	1.345	1	1	-1.194
16	3	1.793	0	0	-0.9869
16	3	5.423	0	0	-0.8769
16	3	0.5478	0	0	1.351
16	3	0.6314	1	1	-0.4876
16	3	0.1525	1	1	-0.6566
16	3	1.876	1	1	-0.8589
16	3	0.3715	0	1	-1.099
16	3	0.9859	1	1	-0.3406
16	3	0.658	0	1	-0.9771
16	3	0.04338	0	0	1.145
16	3	1.905	0	0	-1.303
16	3	5.263	1	1	-0.7289
16	3	0.9181	0	0	-1.119
16	3	0.8592	0	0	-0.603
16	3	1.281	1	1	-0.6104
16	3	0.3723	0	1	0.1775
16	3	1.142	0	0	-0.06511
16	3	0.473	1	0	-0.3541
16	3	0.9136	1	0	1.511
16	3	0.2702	1	1	-0.7475
16	3	1.944	0	0	-1.612
16	3	0.648	0	0	0.5712
16	3	5.251	1	1	-0.06598
16	3	0.03295	1	0	0.7661
16	3	2.251	0	0	-0.4171
16	3	5.335	1	1	-1.71
16	3	0.5919	0	0	0.3758
16	3	0.1091	1	1	-0.6153
16	3	0.4224	1	0	-0.4435
16	3	1.858	1	1	0.07557
16	3	0.3474	0	0	-0.2994
16	3	1.386	1	1	0.5336
16	3	5.428	0	0	0.05362
16	3	5.503	1	1	-0.781
16	3	1.839	0	0	-0.8684
16	3	0.2219	0	1	-0.7997
16	3	0.4608	1	0	0.3058
17	3	1.027	0	0	-1.745
17	3	0.403	1	1	-0.8106
17	3	0.9252	1	1	-0.8367
17	3	0.7386	1	1	-0.7687
17	3	0.2475	0	1	-0.8775
17	3	0.6753	1	1	-0.4627
17	3	0.004653	0	1	-1.049
17	3	5.179	1	1	-0.631
17	3	0.1817	0	0	1.742
17	3	0.4338	1	1	0.02778
17	3	1.384	1	1	-1.417
17	3	0.1389	0	1	-1.132
17	3	0.5657	1	1	-0.923
17	3	0.3564	1	1	-1.005
17	3	2.204	1	1	-1.273
17	3	0.02068	0	1	-1.162
17	3	5.542	0	0	-0.6821
17	3	0.2549	0	1	-1.206
17	3	0.8307	1	1	-1.205
17	3	5.507	0	0	-0.7982
17	3	0.3528	1	1	-0.2767
17	3	0.2711	1	1	-0.7981
17	3	1.817	0	0	0.04204
17	3	0.4612	1	1	-1.835
17	3	0.8877	1	1	-1.329
17	3	1.813	0	1	-0.8238
17	3	1.883	0	0	0.8832
17	3	1.628	0	0	-0.747
17	3	5.644	1	1	-1.403
17	3	5.288	1	1	-1.254
17	3	5.592	0	0	-1.047
17	3	5.085	0	0	-1.983
17	3	1.149	0	1	-1.459
17	3	1.692	1	1	-1.617
17	3	0.6936	1	0	-1.934
17	3	0.354	0	1	-0.4792
17	3	1.568	0	0	-2.422
17	3	1.807	1	0	0.1663
17	3	0.8375	0	0	-1.076
17	3	0.7711	1	1	-0.5552
17	3	5.405	1	1	-1.183
17	3	1.566	1	1	-1.663
17	3	5.63	0	0	-1.775
17	3	0.05785	0	0	-1.522
17	3	5.352	0	0	-0.8822
17	3	0.1996	0	1	-0.09005
17	3	0.389	0	0	0.5455
17	3	1.143	1	1	-0.6261
17	3	0.8011	0	0	-0.2586
17	3	1.64	0	0	2.122
18	3	1.021	0	1	-1.619
18	3	0.9755	0	1	-0.4762
18	3	5.535	1	1	-0.886
18	3	0.5869	1	1	-1.654
18	3	0.7491	0	0	-1.186
18	3	0.3416	1	1	-0.3473
18	3	0.8625	0	0	-0.7972
18	3	1.949	0	0	-0.8316
18	3	0.2508	0	0	0.03942
18	3	0.5898	0	0	-1.016
18	3	1.539	1	1	-0.5696
18	3	5.442	1	1	-1.261
18	3	1.965	0	0	0.1864
18	3	1.163	0	0	-1.013
18	3	0.3385	1	1	-1.275
18	3	1.968	1	1	0.02923
18	3	0.9196	0	0	0.2667
18	3	0.3314	1	1	-0.7557
18	3	2.084	0	1	-1.288
18	3	0.7389	1	1	-0.9099
18	3	0.5005	0	1	0.06717
18	3	0.04469	0	0	-1.242
18	3	5.301	0	0	0.2735
18	3	0.1177	1	0	0.04169
18	3	1.003	0	0	-0.4279
18	3	0.1562	1	0	0.4363
18	3	0.1921	1	1	4.251
18	3	0.7709	0	1	-0.04169
18	3	5.14	1	1	-0.6346
18	3	0.4476	0	0	-0.2631
18	3	1.789	1	1	-0.8538
18	3	0.6271	1	0	2.903
18	3	1.923	0	1	1.067
18	3	1.704	1	1	-0.6818
18	3	5.225	0	0	-1.166
18	3	0.5712	1	1	0.5272
18	3	1.974	0	0	-0.6706
18	3	5.735	1	1	-0.188
18	3	5.203	1	1	-0.9221
18	3	0.5669	1	1	-0.1314
18	3	0.9409	1	1	-1.43
18	3	5.635	0	0	-0.8996
18	3	0.3603	1	0	1.884
18	3	1.003	1	1	-0.7313
18	3	1.547	0	0	-0.6235
18	3	0.3061	0	0	0.1388
18	3	0.6786	0	0	-1.315
18	3	0.211	1	0	0.1968
18	3	5.392	1	1	-1.15
18	3	5.777	1	1	-0.9823
19	3	0.1677	0	1	-1.884
19	3	0.2163	1	1	-0.2643
19	3	0.2345	1	1	0.9426
19	3	5.393	0	0	-0.8651
19	3	5.307	0	0	-0.694
19	3	0.2954	0	1	-0.8345
19	3	0.6554	0	0	-0.4322
19	3	1.881	1	1	-0.8543
19	3	5.681	1	1	-0.7889
19	3	0.3886	0	1	0.1082
19	3	0.8575	0	0	-0.4902
19	3	0.5702	0	1	-0.2676
19	3	2.051	0	0	-0.7208
19	3	0.5644	0	0	-0.7269
19	3	0.4939	0	1	-0.7255
19	3	0.07742	1	1	0.8945
19	3	0.1289	0	1	-0.5205
19	3	0.2002	0	1	-1.866
19	3	0.3854	1	1	-0.401
19	3	2.22	1	0	0.5098
19	3	0.5719	0	0	0.2237
19	3	4.971	1	1	-1.225
19	3	5.475	0	0	-0.6732
19	3	0.1387	0	1	0.1787
19	3	0.8854	1	1	0.164
19	3	5.729	0	0	-0.5033
19	3	0.3094	1	0	-0.1346
19	3	0.6458	1	1	0.0009318
19	3	1.969	1	1	-1.159
19	3	0.6625	0	0	-0.3003
19	3	1.286	0	0	-0.995
19	3	5.471	1	1	-0.7441
19	3	1.559	0	0	1.198
19	3	5.463	0	0	-0.9804
19	3	0.08169	1	0	-0.1317
19	3	5.727	0	0	-0.4951
19	3	0.7932	0	1	-1.607
19	3	0.9885	1	1	-1.133
19	3	0.9841	1	0	-0.4107
19	3	0.9276	1	0	-0.07071
19	3	0.454	1	1	-0.5523
19	3	5.641	1	1	0.0122
19	3	1.401	1	1	-1.117
19	3	0.5285	1	1	0.2235
19	3	2.03	0	0	-1.22
19	3	1.629	1	1	-0.1357
19	3	0.217	1	1	0.1008
19	3	1.736	0	0	-0.0772
19	3	0.474	1	0	0.2638
19	3	1.281	1	1	-0.5365
20	4	0.8522	0	1	1.088
20	4	5.549	0	0	-0.8272
20	4	1.568	0	1	-0.4767
20	4	5.34	1	1	-0.5437
20	4	0.09349	0	1	2.649
20	4	4.896	0	0	-0.2669
20	4	0.2779	1	0	-0.3385
20	4	0.1601	1	1	0.1247
20	4	1.079	0	1	1.351
20	4	0.3547	0	0	1.134
20	4	0.7104	0	0	1.153
20	4	0.3037	1	1	-0.4409
20	4	1.849	0	0	-0.3324
20	4	1.034	0	1	-0.4972
20	4	0.3549	0	0	0.2362
20	4	1.651	0	0	2.115
20	4	2.005	1	1	0.2607
20	4	0.905	1	1	0.509
20	4	0.8907	1	1	0.642
20	4	0.7494	1	1	-1.001
20	4	0.4351	1	1	-0.6101
20	4	0.5051	0	0	0.6609
20	4	1.728	1	1	-0.6356
20	4	1.896	0	1	-0.4912
20	4	0.2851	1	1	-0.7463
20	4	5.393	1	1	-1.005
20	4	0.611	1	1	-0.5211
20	4	0.04534	1	1	-0.4211
20	4	1.69	1	1	0.05897
20	4	5.513	1	1	-1.075
20	4	0.7218	1	1	-0.6017
20	4	5.655	1	1	-0.6912
20	4	1.061	0	0	-0.2178
20	4	0.1753	0	1	-1.766
20	4	0.1434	1	0	-1.015
20	4	1.919	0	0	-0.8986
20	4	1.312	0	0	0.0962
20	4	0.9161	0	0	-1.048
20	4	5.551	0	0	-0.1149
20	4	0.07653	0	1	-0.7618
20	4	1.992	1	1	-0.7083
20	4	0.4258	0	0	0.213
20	4	0.9622	1	1	-0.5389
20	4	0.5327	1	0	1.287
20	4	0.2239	0	1	0.2477
20	4	5.684	1	1	-1.87
20	4	0.1249	0	1	-1.467
20	4	0.2186	1	1	0.4242
20	4	5.609	0	0	-0.3884
20	4	5.486	0	0	-0.2669
21	4	0.6613	0	1	-1.904
21	4	1.829	0	0	-0.2962
21	4	0.7717	0	0	0.7761
21	4	0.8627	1	1	-1.064
21	4	5.706	1	1	-1.971
21	4	0.4236	1	1	-1.386
21	4	5.418	1	1	-0.2365
21	4	0.708	1	0	0.5507
21	4	5.108	1	1	-1.01
21	4	2.121	1	1	-0.2564
21	4	0.9213	0	1	0.3638
21	4	2.054	1	0	0.253
21	4	0.7349	0	0	0.3351
21	4	1.169	1	1	-0.6704
21	4	0.1652	0	0	-0.07734
21	4	1.848	1	1	0.3279
21	4	0.4394	0	1	-0.02452
21	4	5.431	0	0	-0.9309
21	4	1.937	1	1	-0.7101
21	4	0.6801	1	1	-1.053
21	4	1.024	0	0	-0.306
21	4	1.252	0	0	-1.328
21	4	5.134	0	0	-0.01252
21	4	0.5955	1	0	-0.00294
21	4	0.8615	1	0	0.6831
21	4	1.654	0	0	-0.1089
21	4	0.4554	1	0	0.6764
21	4	1.999	1	1	1.403
21	4	2.209	1	1	1.254
21	4	0.3805	0	0	-0.7767
21	4	0.3478	0	0	-0.05061
21	4	5.265	1	1	-0.6899
21	4	0.1484	1	0	-0.3301
21	4	0.4018	1	1	-0.4694
21	4	0.8227	1	1	-0.9736
21	4	0.7794	0	0	-0.9579
21	4	1.564	0	0	-0.6241
21	4	0.3937	0	1	-0.4992
21	4	1.728	1	1	-1.304
21	4	0.2379	0	0	0.7683
21	4	0.152	1	1	1.519
21	4	0.04216	0	0	0.6231
21	4	5.605	0	0	-0.596
21	4	5.39	0	0	-1.428
21	4	5.57	1	1	0.09868
21	4	0.5638	0	0	1.497
21	4	0.4229	0	0	0.9064
21	4	5.218	0	0	-0.4907
21	4	1.101	1	0	-0.0927
21	4	0.3045	1	1	0.3703
22	4	0.8978	0	0	-1.094
22	4	0.3853	0	1	-0.2737
22	4	1.609	0	1	0.5037
22	4	0.5456	1	1	-0.8775
22	4	0.3325	0	1	-0.04831
22	4	0.5921	1	1	-0.9283
22	4	5.612	0	0	0.6579
22	4	1.759	1	1	-0.7584
22	4	1.021	1	1	-0.527
22	4	0.7388	0	1	0.6135
22	4	0.3575	0	0	2.223
22	4	1.069	1	1	-1.007
22	4	5.146	1	1	0.2678
22	4	0.28	0	1	2.753
22	4	0.4432	0	0	2.798
22	4	1.789	1	1	-0.6024
22	4	5.481	1	1	-0.3462
22	4	1.275	0	0	0.6616
22	4	0.1168	1	1	-0.647
22	4	0.253	0	0	0.1217
22	4	1.845	0	1	0.1338
22	4	0.173	0	1	-0.6502
22	4	0.07405	0	0	0.567
22	4	0.1387	0	1	-0.7837
22	4	0.4744	1	1	1.782
22	4	0.8184	0	1	2.35
22	4	0.8477	1	1	-0.4575
22	4	5.478	1	1	-0.6424
22	4	1.625	1	1	-1.184
22	4	5.148	0	0	-0.6883
22	4	0.4341	1	0	0.6846
22	4	5.511	1	1	0.2401
22	4	2.074	1	1	2.84
22	4	0.8879	0	1	-0.7795
22	4	0.7311	0	0	0.04519
22	4	1.84	0	0	-0.03536
22	4	0.00068	0	0	-0.5965
22	4	5.728	0	0	-0.5627
22	4	0.4549	0	1	-0.0876
22	4	0.3874	0	0	-0.01221
22	4	1.996	1	0	0.4337
22	4	5.385	1	1	-0.358
22	4	0.6799	0	0	0.3598
22	4	1.507	1	1	-0.3768
22	4	0.2335	0	0	0.5907
22	4	1.904	1	1	-0.7919
22	4	0.1075	0	0	-0.7669
22	4	5.618	1	1	-0.2611
22	4	5.579	1	1	-0.1353
22	4	0.8949	1	1	0.007711
23	4	1.646	0	1	-0.9381
23	4	0.1747	0	1	-0.8041
23	4	0.461	0	1	-0.3578
23	4	5.148	1	1	-1.013
23	4	0.2361	0	1	-0.7545
23	4	5.504	1	1	-0.5425
23	4	6.07	1	1	-0.6624
23	4	5.315	1	1	-0.6045
23	4	1.89	1	1	-0.3664
23	4	0.777	0	0	0.1297
23	4	0.625	0	0	0.743
23	4	1.696	0	1	1.159
23	4	5.642	1	1	-1.234
23	4	0.3758	0	0	-0.5304
23	4	5.324	0	0	-0.3963
23	4	0.5269	1	1	0.1535
23	4	1.033	0	1	0.5303
23	4	0.2378	0	0	-0.6957
23	4	1.448	1	1	-0.4834
23	4	2.023	0	0	0.1279
23	4	1.661	1	1	-0.9477
23	4	0.3066	0	1	-1.602
23	4	0.3449	0	1	-0.3218
23	4	0.6111	1	0	-0.6875
23	4	0.1306	0	0	-0.1379
23	4	5.744	0	0	-0.2459
23	4	0.8475	0	1	-0.9271
23	4	0.5327	0	0	-0.6809
23	4	5.361	0	0	0.3519
23	4	0.5171	0	0	-0.2567
23	4	0.1442	1	0	-0.1026
23	4	0.565	1	0	-0.07278
23	4	1.912	1	0	-0.7789
23	4	0.1583	0	0	-1.468
23	4	0.8287	0	0	-0.3097
23	4	0.2517	1	0	-0.539
23	4	1.973	1	0	-0.5839
23	4	5.615	1	1	7.179
23	4	1.847	1	0	-0.3189
23	4	1.306	0	0	-0.01196
23	4	0.7187	1	0	1.197
23	4	0.643	1	0	-0.5134
23	4	5.674	1	1	1.412
23	4	0.6082	0	0	1.114
23	4	0.1859	0	0	0.1145
23	4	2.054	1	1	-0.324
23	4	0.2166	1	1	-1.125
23	4	0.9809	0	0	0.7441
23	4	0.8693	1	1	0.2601
23	4	0.2777	0	1	0.5735
24	4	5.429	1	1	-2.135
24	4	1.839	0	0	-0.4274
24	4	0.7782	0	0	-0.01169
24	4	0.4418	0	0	0.5629
24	4	1.759	1	1	-0.9799
24	4	1.821	0	1	-0.3037
24	4	0.3487	0	1	-0.348
24	4	0.5488	0	0	0.2517
24	4	1.741	0	0	0.3228
24	4	0.3168	1	1	-0.898
24	4	0.2106	1	1	-1.491
24	4	0.2976	1	0	-0.06436
24	4	2.078	0	0	-0.1129
24	4	0.9051	1	1	-0.05548
24	4	5.217	0	0	-0.9395
24	4	0.8481	1	1	-0.4458
24	4	5.296	1	1	-0.9619
24	4	0.07213	0	1	-1.141
24	4	0.2351	0	1	-1.389
24	4	0.6082	0	1	-1.05
24	4	1.619	0	0	-0.382
24	4	2.364	0	0	-0.197
24	4	1.34	1	1	-0.6251
24	4	0.2005	1	1	-0.4395
24	4	2.021	1	1	-1.163
24	4	0.7737	1	1	-0.4168
24	4	0.797	0	0	-0.2431
24	4	0.9775	1	0	0.4134
24	4	0.8834	1	0	0.7829
24	4	1.915	1	1	-0.5553
24	4	5.142	0	0	-0.05874
24	4	0.01704	0	0	0.1597
24	4	5.686	1	1	-1.016
24	4	0.5933	0	1	-0.5498
24	4	0.3494	1	0	-0.06475
24	4	5.434	0	0	-0.2613
24	4	0.6153	0	0	0.2234
24	4	5.383	1	1	-0.7382
24	4	5.502	0	0	-0.6243
24	4	0.353	0	0	-0.5128
24	4	0.3811	1	0	1.03
24	4	0.02472	1	0	-0.7135
24	4	0.3198	0	0	-1.195
24	4	0.7473	0	0	-0.7655
24	4	1.083	1	1	0.5675
24	4	5.134	1	1	-0.4419
24	4	0.6123	1	0	-0.8055
24	4	0.03616	1	1	-0.7468
24	4	5.524	0	0	-0.7239
24	4	0.09482	1	0	1.16
25	4	5.588	0	0	-1.03
25	4	0.8644	1	1	-0.455
25	4	1.223	0	0	-1.269
25	4	0.9028	1	1	-0.9631
25	4	0.4197	0	0	-0.3014
25	4	0.1652	0	1	-0.5429
25	4	2.008	0	0	-0.6441
25	4	0.1906	1	1	-0.7927
25	4	0.1	1	0	0.09234
25	4	0.1104	0	1	0.1348
25	4	0.3457	1	0	0.09893
25	4	5.654	1	1	-1.319
25	4	0.5958	1	0	-0.9077
25	4	1.134	0	0	-1.114
25	4	0.3826	0	1	1.127
25	4	1.744	0	0	-0.4208
25	4	5.127	1	1	-0.372
25	4	0.6254	0	0	-0.6565
25	4	0.4357	1	0	-0.1261
25	4	5.377	0	0	0.1892
25	4	5.101	0	0	-0.8245
25	4	0.3973	1	0	-1.052
25	4	0.4276	0	0	-0.6116
25	4	0.5193	0	1	0.1939
25	4	1.92	1	1	-1.391
25	4	0.1997	0	1	1.877
25	4	0.6375	0	0	-0.6095
25	4	1.647	1	1	-0.6922
25	4	1.359	0	0	0.5461
25	4	5.273	0	0	1.212
25	4	1.765	1	0	-0.2669
25	4	1.662	0	0	-0.8207
25	4	0.6416	1	0	-0.1772
25	4	1.858	0	0	-0.382
25	4	0.4503	1	0	-0.8638
25	4	0.434	1	0	-0.1029
25	4	0.1419	0	0	-0.01919
25	4	1.562	1	0	0.06804
25	4	5.412	1	0	0.547
25	4	5.312	0	0	-1.167
25	4	0.5646	0	0	0.06192
25	4	5.415	1	1	-0.6536
25	4	0.9195	1	0	-0.05173
25	4	1.023	1	1	-0.6732
25	4	0.2551	0	1	-0.6493
25	4	0.225	1	0	0.3416
25	4	0.3372	1	0	-0.2344
25	4	5.554	0	0	-0.8699
25	4	0.2559	0	1	0.5988
25	4	1.99	1	1	0.1368
26	4	1.384	1	1	-1.208
26	4	1.219	0	0	0.9013
26	4	0.8725	0	0	0.1253
26	4	5.422	0	0	-0.3168
26	4	0.6058	0	0	0.07334
26	4	0.39	0	0	-0.06405
26	4	0.6085	0	1	-0.08772
26	4	0.08364	0	1	1.391
26	4	1.802	0	0	-0.2496
26	4	1.438	1	1	-1.045
26	4	5.512	0	0	-0.4985
26	4	0.4614	0	0	0.1078
26	4	5.066	1	1	-0.71
26	4	0.4218	1	1	-0.7931
26	4	2.139	1	0	0.7893
26	4	2.223	1	1	-0.9007
26	4	5.679	1	1	-0.3463
26	4	1.417	1	1	-1.069
26	4	5.566	0	0	-0.7098
26	4	1.639	1	0	1.932
26	4	0.5405	1	1	-0.2741
26	4	0.3623	1	1	-0.3775
26	4	1.123	1	0	1.585
26	4	0.5252	0	0	-0.3624
26	4	5.587	1	1	-0.9622
26	4	0.5799	0	0	0.0414
26	4	0.3415	1	1	-0.7254
26	4	0.9442	1	1	0.3592
26	4	5.205	0	0	-0.8703
26	4	0.8094	0	0	-0.08061
26	4	1.114	1	1	0.008003
26	4	0.8973	0	0	-0.9581
26	4	0.1388	0	0	0.08522
26	4	0.3544	0	0	1.039
26	4	5.581	0	0	-0.265
26	4	0.5061	1	1	-0.2994
26	4	5.341	1	1	0.0487
26	4	0.9591	1	1	-0.7775
26	4	0.2804	0	0	-0.4362
26	4	0.9436	1	1	-0.7929
26	4	0.7046	0	1	1.051
26	4	1.963	1	1	0.05925
26	4	0.2669	1	1	-1.332
26	4	0.5566	1	0	0.4068
26	4	2.15	1	0	-0.2954
26	4	2.011	1	1	-0.3286
26	4	0.7433	0	0	0.03136
26	4	0.1143	0	1	0.4114
26	4	5.337	0	0	-0.362
26	4	0.7993	0	0	3.651
27	4	5.069	1	1	-1.778
27	4	1.96	0	0	-0.5923
27	4	0.5828	1	1	-0.6477
27	4	0.8657	1	1	0.1044
27	4	2.073	1	0	0.8357
27	4	0.8518	1	0	1.901
27	4	0.358	1	0	1.713
27	4	0.9343	0	0	1.596
27	4	5.679	1	1	-0.1753
27	4	0.3125	0	0	1.227
27	4	0.7586	0	0	-0.1639
27	4	5.25	0	0	-0.5501
27	4	1.798	0	0	-0.6073
27	4	0.2118	1	0	0.03031
27	4	5.534	0	0	-0.3546
27	4	1.493	1	1	0.3013
27	4	1.239	0	0	-0.1696
27	4	1.845	1	0	0.8671
27	4	1.271	1	1	0.05754
27	4	5.498	1	1	-0.394
27	4	0.4441	1	1	0.1184
27	4	0.826	0	0	-0.2867
27	4	0.05012	0	0	0.8814
27	4	0.5704	0	0	-0.7508
27	4	5.507	0	0	-0.3661
27	4	0.1661	0	0	0.0409
27	4	1.101	0	0	-0.6795
27	4	5.47	0	0	0.8896
27	4	0.2686	1	0	-1.016
27	4	0.02028	0	0	0.2444
27	4	0.3181	0	0	-0.4177
27	4	0.382	1	0	2.14
27	4	1.499	0	0	-0.4655
27	4	2.112	1	0	-0.1297
27	4	0.2748	1	0	1.077
27	4	5.716	1	0	0.2843
27	4	5.173	0	0	-0.3702
27	4	1.958	1	0	-0.5592
27	4	1.898	1	0	1.62
27	4	0.2542	1	1	1.312
27	4	1.983	0	0	0.06492
27	4	0.1836	0	0	0.7811
27	4	0.5127	0	0	1.754
27	4	5.596	1	0	-1.313
27	4	0.9086	0	0	-0.9308
27	4	0.5021	0	1	2.075
27	4	1.211	1	1	0.2902
27	4	0.2898	1	0	1.452
27	4	0.9741	0	1	-0.2596
28	4	2.126	0	0	-1.272
28	4	5.472	0	0	-0.02769
28	4	1.923	1	1	-0.8057
28	4	0.6791	0	0	1.016
28	4	5.363	1	1	-0.1909
28	4	5.036	0	0	0.03273
28	4	0.4822	0	0	3.714
28	4	1.68	1	1	-0.2014
28	4	0.6299	1	1	-0.5471
28	4	0.8315	1	1	-0.2761
28	4	5.736	0	0	-0.09185
28	4	1.723	0	0	0.4097
28	4	0.2152	1	0	0.4719
28	4	0.8737	1	0	0.6732
28	4	0.1108	1	1	0.5488
28	4	0.3962	0	0	1.706
28	4	5.755	1	1	-0.2028
28	4	1.949	0	0	-1.109
28	4	0.1877	1	1	-0.7779
28	4	1.908	0	0	-0.4792
28	4	5.349	1	1	-0.06055
28	4	1.055	1	0	-0.818
28	4	0.5337	1	1	0.4629
28	4	0.3474	1	0	0.7541
28	4	2.133	1	1	0.9775
28	4	5.841	1	1	-0.1827
28	4	1.178	1	1	-0.6296
28	4	0.1119	0	1	-0.6496
28	4	0.09112	0	0	-0.1408
28	4	0.7501	1	0	1.519
28	4	1.081	0	0	-0.7115
28	4	0.2297	1	0	2.247
28	4	1.895	0	0	2.023
28	4	5.419	0	0	-0.8457
28	4	5.117	1	1	-0.6787
28	4	1.11	1	1	0.4616
28	4	1.005	1	1	-0.6053
28	4	0.3031	1	1	1.496
28	4	1.076	0	0	-0.002714
28	4	0.9175	1	0	1.037
28	4	1.722	0	1	1.183
28	4	0.1128	0	1	0.06366
28	4	0.8141	1	1	-0.1002
28	4	1.642	0	1	0.3688
28	4	5.909	1	1	-0.3462
28	4	0.7445	0	0	0.5265
28	4	0.05092	1	0	0.8489
28	4	0.8442	0	0	1.136
28	4	0.9039	0	0	-1.043
28	4	0.3138	0	0	0.5082
29	4	0.05946	0	1	2.48
29	4	0.4594	1	0	1.431
29	4	0.01359	0	0	-0.6938
29	4	0.1013	1	0	-0.1769
29	4	0.0865	0	0	-0.353
29	4	0.6809	0	0	-0.1253
29	4	1.277	0	0	1.821
29	4	5.326	0	0	-0.2657
29	4	1.708	0	0	-0.9407
29	4	0.9844	0	0	-0.7347
29	4	1.653	0	0	-1.136
29	4	0.8599	0	1	1.746
29	4	0.04381	1	0	-0.7315
29	4	5.253	0	0	-0.4916
29	4	5.039	1	1	-0.4188
29	4	1.775	0	0	0.01449
29	4	0.5106	1	1	3.361
29	4	0.4139	1	0	-0.3867
29	4	5.531	1	1	-0.8166
29	4	1.737	1	1	-0.7288
29	4	5.598	1	1	-0.3752
29	4	0.8469	0	1	1.371
29	4	1.086	1	0	2.055
29	4	0.2306	1	0	0.2283
29	4	1.996	1	1	-0.6651
29	4	0.6314	0	1	1.381
29	4	2.343	0	0	1.446
29	4	0.5886	0	0	-0.753
29	4	5.245	1	1	0.6677
29	4	0.1499	0	0	1.131
29	4	1.616	0	0	-0.3242
29	4	0.5125	0	1	0.3231
29	4	0.1104	1	0	-1.247
29	4	0.4159	0	0	0.8555
29	4	0.7709	1	0	0.5159
29	4	2.127	0	0	-0.8334
29	4	0.794	0	0	-0.3511
29	4	5.697	1	1	-0.6821
29	4	1.898	1	1	-1.331
29	4	0.9093	1	0	-0.1052
29	4	1.855	1	0	1.618
29	4	5.116	1	1	-0.3722
29	4	0.2077	0	0	0.000216
29	4	1.328	0	0	0.4852
29	4	0.312	1	0	0.9498
29	4	5.413	0	0	-0.6939
29	4	5.674	1	1	-0.07812
29	4	0.9571	0	0	-0.1747
29	4	0.1354	0	0	5.848
30	5	0.8528	0	1	-0.1914
30	5	5.548	0	0	-0.5181
30	5	1.567	0	0	-0.3213
30	5	5.34	1	1	-0.8444
30	5	0.09436	0	0	0.1189
30	5	4.895	0	0	-0.309
30	5	0.2779	1	1	-0.3777
30	5	0.1635	1	0	-1.49
30	5	1.079	0	1	0.08579
30	5	0.3555	0	0	0.01155
30	5	0.7125	0	1	0.4749
30	5	0.3044	1	1	0.321
30	5	1.034	0	0	0.09541
30	5	0.3556	0	1	0.3986
30	5	1.65	0	0	0.3848
30	5	2.004	1	1	-0.4276
30	5	0.9067	1	1	-0.443
30	5	0.8912	1	1	-0.8656
30	5	0.7502	1	1	-0.1636
30	5	0.4339	1	0	-0.4048
30	5	0.5038	0	1	0.3935
30	5	1.73	1	1	0.1319
30	5	1.894	0	0	-1.028
30	5	0.2856	1	0	0.1045
30	5	5.396	1	1	-0.1906
30	5	0.6135	1	0	0.7239
30	5	0.04452	1	0	0.7904
30	5	1.689	1	0	0.5358
30	5	5.514	1	1	-0.3618
30	5	0.7232	1	0	-1.194
30	5	5.656	1	1	-0.9792
30	5	1.062	0	0	1.027
30	5	0.1738	0	1	0.7592
30	5	0.1419	1	0	-0.8971
30	5	1.919	0	0	-0.3907
30	5	1.313	0	0	0.1337
30	5	0.9159	0	0	-1.807
30	5	5.552	0	0	0.1789
30	5	0.0791	0	0	0.703
30	5	1.991	1	1	0.1005
30	5	0.4255	0	0	2.482
30	5	0.96	1	0	0.07548
30	5	0.5308	1	0	0.2063
30	5	0.2254	0	1	0.05154
30	5	5.683	1	1	0.03481
30	5	0.1243	0	1	0.7272
30	5	0.2197	1	1	4.118
30	5	5.609	0	0	-1.009
30	5	5.486	0	0	-0.4579
31	5	0.661	0	1	0.5864
31	5	1.831	0	0	1.159
31	5	0.7707	0	0	0.6651
31	5	0.8619	1	0	0.5466
31	5	5.704	1	1	0.2588
31	5	0.425	1	0	0.7344
31	5	5.421	1	1	0.1932
31	5	0.7083	1	0	1.332
31	5	5.109	1	1	-0.1485
31	5	2.123	1	0	0.8066
31	5	0.9222	0	0	0.7471
31	5	2.054	1	1	0.0414
31	5	0.7349	0	0	0.581
31	5	1.17	1	0	1.343
31	5	0.1663	0	0	0.1186
31	5	1.851	1	0	0.528
31	5	0.4416	0	1	0.6843
31	5	5.427	0	0	-0.5851
31	5	1.936	1	1	3.929
31	5	0.6774	1	0	-0.5878
31	5	1.023	0	0	0.9574
31	5	1.253	0	0	0.3269
31	5	5.133	0	0	0.4074
31	5	0.5961	1	0	0.8784
31	5	0.86	1	0	1.734
31	5	1.653	0	0	-0.02867
31	5	0.4571	1	0	-0.3002
31	5	1.999	1	0	0.4291
31	5	2.209	1	1	0.777
31	5	0.3812	0	0	0.5279
31	5	0.3478	0	0	0.5821
31	5	5.266	1	1	0.5447
31	5	0.1478	1	0	1.776
31	5	0.4006	1	1	-0.3669
31	5	0.82	1	1	-0.04126
31	5	0.7793	0	0	0.2805
31	5	1.561	0	0	0.1636
31	5	0.3929	0	0	-0.7033
31	5	1.728	1	0	-0.4615
31	5	0.2402	0	0	0.1591
31	5	0.1528	1	0	1.058
31	5	0.04036	0	0	-0.196
31	5	5.604	0	0	-0.7496
31	5	5.39	0	0	-1.044
31	5	5.569	1	1	0.1471
31	5	0.5643	0	0	0.2427
31	5	0.4224	0	0	0.006998
31	5	5.217	0	0	-0.2187
31	5	1.101	1	0	0.2903
31	5	0.3047	1	1	0.8789
32	5	0.898	0	0	-0.7629
32	5	0.3855	0	0	2.478
32	5	1.61	0	0	-0.5809
32	5	0.543	1	0	0.3723
32	5	0.3338	0	0	0.8671
32	5	0.5899	1	0	0.3708
32	5	5.613	0	0	-0.4866
32	5	1.759	1	1	0.2139
32	5	1.022	1	0	0.4849
32	5	0.7381	0	0	-0.3163
32	5	0.3568	0	0	-0.00521
32	5	1.071	1	0	0.1613
32	5	5.437	1	1	-0.1559
32	5	0.1447	0	1	0.9094
32	5	0.3999	0	0	-0.1386
32	5	1.746	1	0	0.3423
32	5	5.14	1	1	0.5222
32	5	0.8889	0	0	0.181
32	5	0.08234	1	0	0.9676
32	5	0.615	0	0	0.03184
32	5	1.782	0	0	0.588
32	5	0.178	1	0	0.4473
32	5	0.3176	0	1	-0.6351
32	5	0.09898	0	0	0.1055
32	5	0.4612	1	0	1.476
32	5	0.8088	0	0	0.315
32	5	0.8814	1	0	0.02063
32	5	5.332	1	1	-0.8549
32	5	1.877	1	1	0.05659
32	5	5.368	0	0	-0.1294
32	5	0.4368	1	0	0.691
32	5	5.434	1	1	0.4933
32	5	1.902	1	0	0.7717
32	5	0.6266	0	0	0.1252
32	5	0.8961	0	0	-0.4478
32	5	1.957	0	0	-0.636
32	5	0.03216	0	0	0.1088
32	5	0.0587	1	0	1.639
32	5	0.5238	0	0	0.03339
32	5	1.659	1	0	0.4033
32	5	5.727	1	1	-0.1069
32	5	0.676	0	0	-0.5159
32	5	1.994	1	0	0.5006
32	5	0.1677	0	0	-0.8011
32	5	2.135	1	1	-0.1357
32	5	0.3737	1	0	-0.07267
32	5	5.052	1	1	-0.3852
32	5	5.484	1	1	-0.13
32	5	0.4963	1	1	0.8854
33	5	1.716	0	0	-1.828
33	5	0.1164	0	0	-0.1449
33	5	0.9644	0	0	1.63
33	5	5.392	1	1	0.4265
33	5	0.3717	0	0	0.3482
33	5	4.88	1	1	0.5206
33	5	5.622	1	1	-0.3138
33	5	5.35	1	1	-0.3912
33	5	1.764	1	1	-0.5128
33	5	0.8583	0	0	0.175
33	5	0.5963	0	0	0.488
33	5	1.702	0	0	-0.2562
33	5	5.483	1	1	0.2772
33	5	0.2627	0	0	-0.2179
33	5	5.735	0	0	0.06179
33	5	0.4124	1	0	0.4302
33	5	1.117	0	0	0.7076
33	5	0.2153	0	0	0.02091
33	5	1.305	1	0	0.6916
33	5	1.48	0	0	-0.04418
33	5	2.201	1	1	0.3877
33	5	0.4323	0	0	0.07117
33	5	0.4695	0	1	2.894
33	5	0.4206	1	0	0.6883
33	5	0.2071	1	0	0.04309
33	5	5.339	0	0	0.1464
33	5	0.7936	0	0	0.07444
33	5	1.056	0	0	1.062
33	5	5.233	0	0	0.07835
33	5	0.5837	0	1	-0.4028
33	5	0.3081	1	0	-0.1691
33	5	0.2026	0	1	0.02961
33	5	2.095	1	0	0.4666
33	5	0.3917	1	1	1.475
33	5	1.06	0	0	0.01063
33	5	0.1989	1	0	-0.4835
33	5	1.874	1	0	-1.408
33	5	5.521	1	1	-0.4889
33	5	2.087	1	0	0.1004
33	5	1.206	0	0	0.1256
33	5	0.6932	1	1	0.6984
33	5	0.7484	1	0	0.4756
33	5	5.29	1	0	-0.06288
33	5	0.18	0	0	0.49
33	5	0.6348	0	0	-0.03862
33	5	1.723	1	1	-0.3568
33	5	0.6838	1	0	-0.9614
33	5	0.8668	0	0	-0.08639
33	5	0.9134	1	1	2.146
33	5	0.3311	0	0	0.7618
34	5	5.343	1	1	-0.2884
34	5	1.492	0	0	-0.7445
34	5	1.132	0	0	-0.1204
34	5	0.2572	0	0	5.413
34	5	1.941	1	0	-0.881
34	5	1.637	0	0	-0.1423
34	5	0.1822	0	0	-0.528
34	5	0.7311	0	0	-0.3095
34	5	2.169	0	0	-0.6635
34	5	0.04249	0	1	1.388
34	5	0.6802	1	0	0.3501
34	5	0.4461	1	0	0.4916
34	5	1.806	0	0	0.0934
34	5	1.519	1	0	-0.1784
34	5	5.47	0	0	-1.47
34	5	0.5013	1	0	-0.175
34	5	5.175	1	1	-0.2492
34	5	0.1227	1	0	0.3107
34	5	0.4056	0	0	-0.4022
34	5	0.8281	0	0	0.06127
34	5	1.752	0	0	-0.2567
34	5	1.822	0	0	-0.08941
34	5	2.022	1	1	-0.1085
34	5	0.3367	1	0	-0.04924
34	5	1.851	1	1	1.533
34	5	0.9545	1	1	0.863
34	5	1.009	0	0	0.662
34	5	0.9956	1	0	0.2398
34	5	0.8047	1	0	0.3511
34	5	1.454	1	0	0.153
34	5	5.478	0	0	0.1776
34	5	0.5907	0	0	-0.2844
34	5	5.093	1	1	0.4695
34	5	0.7968	0	0	-0.259
34	5	0.2786	1	0	0.4572
34	5	5.525	0	0	-0.2134
34	5	0.1712	0	0	-0.04641
34	5	5.463	1	1	-0.6469
34	5	5.565	0	0	0.02303
34	5	0.5158	0	0	1.415
34	5	0.3714	1	0	-0.2706
34	5	0.2278	0	0	0.09369
34	5	0.2001	0	0	0.2997
34	5	0.003465	0	0	-0.2662
34	5	0.9583	1	1	-1.129
34	5	5.491	1	1	-0.2036
34	5	0.4481	1	0	-0.5045
34	5	0.1442	1	0	-0.3832
34	5	5.43	0	0	-0.2286
34	5	0.3593	1	0	-0.9868
35	5	5.644	0	0	-1.038
35	5	0.939	1	1	-0.266
35	5	0.8894	0	0	-0.1443
35	5	0.8428	1	0	0.04901
35	5	0.241	0	0	0.4562
35	5	0.2191	0	0	0.1658
35	5	1.854	0	0	0.02981
35	5	0.6447	1	0	-0.1202
35	5	0.7183	1	0	-0.2232
35	5	0.6237	1	1	-0.2373
35	5	0.4649	1	0	1.832
35	5	5.696	1	1	-0.6383
35	5	0.3749	1	1	0.5463
35	5	0.7133	0	0	-0.2161
35	5	0.191	0	0	-0.1434
35	5	1.628	0	0	-0.362
35	5	5.214	1	1	0.59
35	5	1.001	0	0	0.03838
35	5	0.3264	1	0	-0.083
35	5	5.184	0	0	-0.9391
35	5	5.6	0	0	-0.4821
35	5	0.4031	1	0	3.126
35	5	0.2257	0	0	-0.121
35	5	0.08881	0	0	1.175
35	5	1.726	1	0	0.3104
35	5	0.5341	0	0	-0.1146
35	5	0.6791	0	0	-0.945
35	5	1.57	1	0	0.9037
35	5	1.797	0	0	-0.2607
35	5	5.132	0	0	-0.3986
35	5	1.482	1	0	2.032
35	5	2.191	0	0	-0.1956
35	5	0.9483	1	0	1.457
35	5	1.976	0	0	-0.1322
35	5	0.5102	1	0	-1.189
35	5	0.4532	1	0	-0.1378
35	5	0.2256	0	0	-0.2954
35	5	1.948	1	0	-0.3391
35	5	5.699	1	1	-0.7406
35	5	5.738	0	0	-0.5636
35	5	0.6263	0	0	2.175
35	5	5.154	1	1	-0.788
35	5	0.5371	1	0	-0.08537
35	5	1.18	1	1	-0.5078
35	5	0.4451	0	1	0.6379
35	5	0.3185	1	0	1.931
35	5	0.302	1	0	-0.121
35	5	5.625	0	0	-0.03813
35	5	0.7571	0	0	-0.572
35	5	1.951	1	0	0.3895
36	5	1.927	1	1	-0.8596
36	5	0.733	0	0	0.1294
36	5	0.7074	0	0	0.315
36	5	5.305	0	0	0.1494
36	5	0.4425	0	0	0.1505
36	5	0.686	0	0	0.7892
36	5	0.6014	0	0	1.213
36	5	0.03607	0	0	0.2976
36	5	1.64	0	0	-0.1735
36	5	1.846	1	0	1.427
36	5	5.569	0	0	2.91
36	5	0.1114	1	1	1.086
36	5	4.865	1	1	-0.5334
36	5	0.5096	1	0	3.71
36	5	1.876	1	0	1.99
36	5	1.342	1	0	-0.296
36	5	5.601	1	1	0.3794
36	5	2.015	1	1	1.001
36	5	5.305	0	0	-0.7506
36	5	1.725	1	1	0.2097
36	5	0.55	1	1	-1.364
36	5	0.4509	1	0	0.6658
36	5	1.036	1	0	-0.5827
36	5	0.4291	0	0	-0.04258
36	5	4.973	1	1	-0.9612
36	5	0.1799	1	0	1.524
36	5	0.1242	1	0	0.4274
36	5	0.8985	1	0	0.3119
36	5	5.431	0	0	-0.4266
36	5	0.7572	0	0	1.841
36	5	0.9203	1	0	2.573
36	5	0.9586	0	0	-0.08681
36	5	0.07378	0	0	0.204
36	5	0.3762	0	0	-0.2088
36	5	5.549	0	0	-0.7871
36	5	0.3451	1	0	2.106
36	5	5.345	1	1	2
36	5	1.062	1	1	1.583
36	5	0.1275	0	0	4.897
36	5	0.9388	1	1	1.408
36	5	0.6857	0	0	2.156
36	5	1.533	1	0	1.34
36	5	0.04138	1	0	-0.1144
36	5	0.5146	1	0	3.184
36	5	1.956	1	1	-0.7603
36	5	1.985	1	1	0.6192
36	5	0.1187	1	0	0.7125
36	5	0.2904	0	0	0.2069
36	5	5.328	0	0	0.5281
36	5	0.4639	0	0	1.11
37	5	5.203	1	1	-1.716
37	5	1.757	0	0	0.1855
37	5	0.8616	1	0	0.2995
37	5	0.7835	1	0	1.276
37	5	1.826	1	1	0.5737
37	5	0.3325	1	0	0.4344
37	5	0.2871	1	0	0.6689
37	5	0.642	0	0	-0.1027
37	5	5.356	1	1	-0.07263
37	5	0.4281	0	0	0.239
37	5	0.3405	0	0	0.6043
37	5	5.644	0	0	0.6475
37	5	1.937	0	0	-0.2071
37	5	0.06649	1	1	7.757
37	5	5.159	0	0	-0.4425
37	5	1.88	1	1	2.277
37	5	0.7543	0	0	0.1087
37	5	1.917	1	1	2.464
37	5	1.236	1	0	0.2886
37	5	5.52	1	1	0.06463
37	5	0.3579	1	0	0.006753
37	5	0.6922	0	0	-0.156
37	5	0.03823	1	0	0.2121
37	5	0.2909	0	0	0.1212
37	5	5.566	0	0	-0.3896
37	5	0.5575	0	0	0.235
37	5	0.3888	0	0	0.7561
37	5	5.399	0	0	-0.3409
37	5	0.4457	1	1	-0.2319
37	5	0.09609	1	0	-0.3514
37	5	0.2388	0	0	-0.00421
37	5	0.4269	1	0	0.5586
37	5	1.469	0	0	0.3093
37	5	1.855	1	1	-0.5969
37	5	0.137	1	0	0.9014
37	5	5.495	1	0	1.837
37	5	5.016	0	0	-0.3872
37	5	2.05	1	0	0.3556
37	5	1.649	1	0	0.07755
37	5	0.1595	1	0	-0.8727
37	5	0.06865	1	0	0.1565
37	5	1.789	0	0	-0.9008
37	5	0.5203	0	0	0.2522
37	5	0.6086	0	0	1.127
37	5	5.44	1	1	0.1321
37	5	0.9577	0	0	0.7373
37	5	0.4084	0	0	1.32
37	5	1.122	1	0	0.7193
37	5	0.8967	1	0	-0.3913
37	5	0.9637	0	0	3.72
38	5	1.67	0	0	-1.145
38	5	5.54	0	0	-0.7484
38	5	1.899	1	0	-0.216
38	5	0.5592	0	0	-0.251
38	5	5.495	1	1	-0.01761
38	5	5.288	0	0	-0.2852
38	5	0.7507	0	0	0.7897
38	5	1.58	1	0	2.527
38	5	0.5502	1	0	0.7696
38	5	0.7002	1	0	-0.1921
38	5	5.602	0	0	-0.04322
38	5	1.901	0	0	-0.7256
38	5	0.2922	1	0	-0.2443
38	5	0.6821	1	1	2.157
38	5	0.2717	0	0	-0.1139
38	5	0.215	0	0	0.01637
38	5	5.92	1	1	-0.8691
38	5	1.651	0	0	0.05446
38	5	0.05893	1	0	-0.1072
38	5	1.823	0	0	-0.1301
38	5	5.346	1	1	-0.1321
38	5	1.055	1	1	2.438
38	5	0.5349	1	1	-0.771
38	5	0.3471	1	0	0.07962
38	5	2.135	1	1	0.3332
38	5	5.841	1	1	-1.145
38	5	1.18	1	0	-0.6784
38	5	0.1112	0	0	-0.643
38	5	0.09097	0	0	-0.3004
38	5	0.7502	1	0	0.003095
38	5	1.082	0	0	1.082
38	5	0.2308	1	0	-0.4776
38	5	1.895	0	0	-0.4679
38	5	5.416	0	0	0.05121
38	5	5.117	1	1	1.434
38	5	1.112	1	0	-0.09279
38	5	1.006	1	0	1.804
38	5	0.3069	1	1	0.9351
38	5	1.077	0	0	2.817
38	5	0.9172	1	1	-0.553
38	5	1.722	0	0	-0.133
38	5	0.1157	0	0	0.6612
38	5	0.8133	1	0	0.4173
38	5	1.642	0	0	-0.4745
38	5	5.907	1	1	1.124
38	5	0.7508	0	0	2.191
38	5	0.05186	1	0	0.7482
38	5	0.8442	0	0	3.887
38	5	0.9045	0	0	0.6588
38	5	0.3154	0	0	-0.18
39	5	0.06079	0	1	-1.756
39	5	0.4608	1	1	-0.454
39	5	0.01382	0	0	-0.7437
39	5	0.1014	1	0	-0.9011
39	5	0.08658	0	0	0.7213
39	5	0.6816	0	0	-0.1206
39	5	0.6861	1	1	0.3385
39	5	1.274	0	0	0.1218
39	5	5.326	0	0	-0.5963
39	5	1.709	0	0	-0.8795
39	5	0.9849	0	0	0.3328
39	5	1.655	0	0	-0.09519
39	5	0.8598	0	0	0.1945
39	5	0.04263	1	0	0.3012
39	5	5.253	0	0	0.006343
39	5	5.041	1	1	-0.24
39	5	1.774	0	0	0.8054
39	5	0.5089	1	0	0.1649
39	5	0.4156	1	0	0.397
39	5	5.529	1	1	-0.1878
39	5	1.735	1	1	-0.06385
39	5	5.595	1	1	-0.7953
39	5	0.8483	0	0	0.4323
39	5	1.086	1	1	-0.6644
39	5	0.2321	1	1	-0.7999
39	5	1.997	1	1	-0.2825
39	5	0.6314	0	0	0.4745
39	5	2.342	0	0	0.189
39	5	0.5894	0	1	-1.632
39	5	5.245	1	1	-0.1907
39	5	0.1487	0	0	1.045
39	5	1.614	0	0	0.1184
39	5	0.5139	0	0	0.3152
39	5	0.1117	1	0	-0.06455
39	5	0.4139	0	0	-0.1114
39	5	0.7719	1	0	-0.4678
39	5	2.125	0	0	1.045
39	5	0.7928	0	0	-0.3834
39	5	5.698	1	1	0.5479
39	5	1.901	1	1	0.4452
39	5	0.9095	1	0	3.795
39	5	1.853	1	1	-0.3208
39	5	5.114	1	1	-0.2625
39	5	0.2083	0	0	1.696
39	5	1.328	0	1	1.483
39	5	0.3115	1	0	2.175
39	5	5.414	0	0	-0.2024
39	5	5.674	1	1	-0.2944
39	5	0.9566	0	0	-0.13
39	5	0.1341	0	0	1.076
40	6	0.8545	0	0	0.03152
40	6	5.549	0	0	0.07335
40	6	1.568	0	0	0.2409
40	6	5.341	1	1	-0.4947
40	6	0.09349	0	0	0.3783
40	6	4.896	0	0	0.4356
40	6	0.2774	1	0	-0.6396
40	6	0.1601	1	0	-0.3923
40	6	1.079	0	0	-0.281
40	6	0.3547	0	1	0.2926
40	6	0.7104	0	0	-0.03848
40	6	0.3037	1	1	1.588
40	6	1.849	0	0	0.8389
40	6	1.034	0	0	0.8611
40	6	0.3558	0	1	1.657
40	6	1.651	0	0	-0.521
40	6	2.007	1	0	0.4574
40	6	0.9046	1	0	0.7477
40	6	0.8905	1	1	0.3771
40	6	0.7494	1	0	0.826
40	6	0.4361	1	1	0.6311
40	6	0.5057	0	0	1.131
40	6	1.728	1	1	-0.03696
40	6	1.896	0	0	0.9714
40	6	0.2851	1	0	0.1949
40	6	5.394	1	1	-0.09563
40	6	0.6098	1	0	0.1168
40	6	0.04529	1	0	0.2612
40	6	1.69	1	1	0.353
40	6	5.514	1	1	-0.2475
40	6	0.7218	1	0	0.07625
40	6	5.655	1	1	-0.5353
40	6	1.061	0	0	-0.1852
40	6	0.1753	0	0	0.72
40	6	0.1473	1	0	-0.4992
40	6	1.919	0	0	-0.4066
40	6	1.312	0	0	-0.6773
40	6	0.9161	0	0	-0.4873
40	6	5.551	0	0	0.2045
40	6	0.07865	0	1	1.486
40	6	1.992	1	1	-0.17
40	6	0.428	0	0	-1.427
40	6	0.962	1	1	-0.8736
40	6	0.5318	1	0	-1.095
40	6	0.2248	0	0	-1.93
40	6	5.684	1	1	-0.07329
40	6	0.1249	0	0	0.09221
40	6	0.2186	1	0	0.1333
40	6	5.609	0	0	0.4646
40	6	5.486	0	0	-1.207
41	6	0.6618	0	1	-0.4763
41	6	1.83	0	0	-1.176
41	6	0.7718	0	0	0.1486
41	6	0.8616	1	0	0.009954
41	6	5.706	1	1	1.057
41	6	0.423	1	0	2.072
41	6	5.418	1	1	-0.9382
41	6	0.708	1	1	1.055
41	6	5.108	1	1	0.05091
41	6	2.121	1	1	-0.1102
41	6	0.9219	0	0	0.07552
41	6	2.055	1	1	0.0359
41	6	0.7349	0	1	0.1057
41	6	1.168	1	1	0.312
41	6	0.165	0	1	-0.3392
41	6	1.848	1	1	0.3872
41	6	0.4397	0	0	1.652
41	6	5.432	0	0	-0.609
41	6	1.937	1	1	0.4796
41	6	0.6782	1	0	0.07552
41	6	1.026	0	0	0.5198
41	6	1.252	0	0	-0.09013
41	6	5.134	0	0	-0.7204
41	6	0.5956	1	0	-0.3009
41	6	0.8619	1	0	-0.172
41	6	1.654	0	0	0.08365
41	6	0.4554	1	0	-0.4295
41	6	2	1	0	-0.368
41	6	2.209	1	1	0.7793
41	6	0.3815	0	0	0.4072
41	6	0.3467	0	0	1.095
41	6	5.266	1	1	-0.6645
41	6	0.1484	1	0	-0.2231
41	6	0.4024	1	1	0.6323
41	6	0.8227	1	0	1.418
41	6	0.78	0	1	0.1468
41	6	1.564	0	0	2.605
41	6	0.394	0	1	-0.4616
41	6	1.728	1	0	0.2261
41	6	0.2379	0	0	-0.03242
41	6	0.1521	1	0	-0.3657
41	6	0.04224	0	0	0.36
41	6	5.605	0	0	0.7069
41	6	5.39	0	0	-0.6952
41	6	5.57	1	1	-0.1973
41	6	0.5641	0	0	0.6513
41	6	0.4225	0	0	1.816
41	6	5.22	0	0	-0.444
41	6	1.101	1	0	1.727
41	6	0.3045	1	1	-0.1936
42	6	0.8978	0	0	0.142
42	6	0.3851	0	1	1.693
42	6	1.609	0	0	0.7133
42	6	0.5467	1	0	0.06652
42	6	0.3321	0	0	-0.6358
42	6	0.5914	1	0	1.761
42	6	5.612	0	0	0.5083
42	6	1.76	1	1	0.6033
42	6	1.021	1	1	-0.261
42	6	0.7388	0	0	-0.4317
42	6	0.3577	0	1	1.334
42	6	1.068	1	1	0.255
42	6	5.146	1	1	0.06146
42	6	0.28	0	0	-0.7628
42	6	0.4437	0	0	0.08996
42	6	1.79	1	1	0.2949
42	6	5.481	1	1	2.132
42	6	1.275	0	0	0.3444
42	6	0.1167	1	0	-0.1178
42	6	0.2533	0	1	0.6876
42	6	1.845	0	0	0.1471
42	6	0.1734	0	0	0.142
42	6	0.07485	0	1	1.677
42	6	0.1389	0	0	-0.2371
42	6	0.4745	1	1	0.8134
42	6	0.8184	0	0	-0.7497
42	6	0.8471	1	1	0.6807
42	6	5.478	1	1	-0.4966
42	6	1.625	1	1	3.355
42	6	5.149	0	0	-0.3384
42	6	0.434	1	1	3.897
42	6	5.511	1	1	0.2858
42	6	2.074	1	1	0.2706
42	6	0.8878	0	0	-0.06688
42	6	0.7311	0	0	-0.5262
42	6	1.84	0	1	1.425
42	6	0.0008783	0	0	-0.2816
42	6	5.728	0	0	-1.097
42	6	0.4549	0	0	-0.9283
42	6	0.3881	0	0	0.1085
42	6	1.996	1	1	1.305
42	6	5.385	1	1	-0.9285
42	6	0.6796	0	0	0.4567
42	6	1.507	1	1	0.7139
42	6	0.2338	0	1	2.917
42	6	1.904	1	1	-0.3144
42	6	0.1078	0	1	0.4465
42	6	5.618	1	1	-0.1664
42	6	5.577	1	1	-0.2136
42	6	0.8935	1	0	1.26
43	6	1.649	0	0	-0.9075
43	6	0.1747	0	1	-0.03664
43	6	0.4614	0	0	-0.07259
43	6	5.149	1	1	-0.7515
43	6	0.236	0	0	0.07421
43	6	5.504	1	1	-0.3676
43	6	6.07	1	1	-0.2808
43	6	5.314	1	1	-0.3254
43	6	1.89	1	1	0.6935
43	6	0.777	0	0	-0.587
43	6	0.625	0	1	-0.6218
43	6	1.696	0	0	-0.1077
43	6	5.643	1	1	-0.4911
43	6	0.3758	0	0	0.3077
43	6	5.325	0	0	-0.053
43	6	0.5269	1	0	0.04968
43	6	1.034	0	0	-0.2888
43	6	0.2378	0	0	0.3838
43	6	1.449	1	1	-0.3267
43	6	2.023	0	0	0.3621
43	6	1.661	1	1	0.3803
43	6	0.3046	0	0	1.138
43	6	0.3449	0	0	-0.5174
43	6	0.6108	1	0	0.2993
43	6	0.129	0	0	0.2947
43	6	5.744	0	0	-0.06378
43	6	0.8458	0	0	-0.5741
43	6	0.5327	0	0	0.4124
43	6	5.362	0	0	-1.188
43	6	0.5142	0	0	0.2618
43	6	0.1442	1	0	-0.07225
43	6	0.5647	1	0	2.863
43	6	1.911	1	0	0.6894
43	6	0.1583	0	1	-0.572
43	6	0.8284	0	0	0.2082
43	6	0.2505	1	0	-0.1719
43	6	1.972	1	0	1.127
43	6	5.615	1	1	-0.4797
43	6	1.847	1	1	0.9081
43	6	1.306	0	0	0.5517
43	6	0.7183	1	0	0.9065
43	6	0.6427	1	0	1.03
43	6	5.674	1	1	0.6475
43	6	0.6085	0	0	-0.1885
43	6	0.1856	0	0	2.107
43	6	2.055	1	0	-0.2096
43	6	0.2166	1	0	0.09841
43	6	0.98	0	0	0.1247
43	6	0.8689	1	0	0.6648
43	6	0.2777	0	0	0.2087
44	6	5.428	1	1	-1.263
44	6	1.838	0	0	-0.8665
44	6	0.7782	0	0	-0.02911
44	6	0.441	0	0	0.592
44	6	1.758	1	0	0.6736
44	6	1.82	0	0	-0.2742
44	6	0.3488	0	0	0.1745
44	6	0.5488	0	0	-0.5721
44	6	1.741	0	0	0.7125
44	6	0.3168	1	0	0.5292
44	6	0.2106	1	0	0.003951
44	6	0.2976	1	0	0.5992
44	6	2.079	0	0	1.844
44	6	0.9063	1	0	-0.07388
44	6	5.216	0	0	1.341
44	6	0.8478	1	0	0.3966
44	6	5.297	1	1	1.074
44	6	0.07174	0	0	0.6309
44	6	0.2351	0	0	-1.29
44	6	0.6082	0	0	1.197
44	6	1.618	0	0	-0.2803
44	6	2.364	0	0	3.751
44	6	1.34	1	1	-0.2068
44	6	0.2009	1	0	0.8786
44	6	2.021	1	1	-0.4077
44	6	0.7737	1	0	0.7477
44	6	0.7972	0	0	-0.02663
44	6	0.9775	1	0	2.165
44	6	0.8827	1	0	0.9383
44	6	1.915	1	0	0.6947
44	6	5.142	0	0	-0.6827
44	6	0.01705	0	0	0.3293
44	6	5.686	1	1	0.2719
44	6	0.5933	0	0	3.649
44	6	0.3491	1	1	0.3781
44	6	5.434	0	0	1.023
44	6	0.6165	0	0	0.06602
44	6	5.383	1	1	2.625
44	6	5.502	0	0	0.2852
44	6	0.353	0	0	1.144
44	6	0.3809	1	1	0.06521
44	6	0.02471	1	0	0.9197
44	6	0.3198	0	0	0.2774
44	6	0.7482	0	0	-0.2455
44	6	1.083	1	0	0.5397
44	6	5.135	1	1	-0.2557
44	6	0.6123	1	0	-0.8753
44	6	0.03617	1	0	0.9635
44	6	5.524	0	0	-0.4492
44	6	0.09482	1	0	0.7393
45	6	5.588	0	0	-1.134
45	6	0.8643	1	1	0.0393
45	6	1.222	0	0	0.6911
45	6	0.9032	1	0	1.334
45	6	0.4197	0	0	0.4875
45	6	0.164	0	0	1.145
45	6	2.008	0	0	1.93
45	6	0.1906	1	1	1.199
45	6	0.1004	1	0	-0.02125
45	6	0.1103	0	0	0.1239
45	6	0.3457	1	1	0.08447
45	6	5.654	1	1	-0.1637
45	6	0.5958	1	0	0.5544
45	6	1.134	0	0	-0.2141
45	6	0.3822	0	0	0.8062
45	6	1.744	0	1	-0.02291
45	6	5.127	1	1	-0.4234
45	6	0.6247	0	0	0.2213
45	6	0.4357	1	0	0.3914
45	6	5.377	0	0	0.9378
45	6	5.101	0	0	-0.1683
45	6	0.3979	1	1	-0.01173
45	6	0.4276	0	1	-0.1928
45	6	0.5174	0	0	0.01168
45	6	1.92	1	0	-0.7683
45	6	0.1994	0	0	-0.5791
45	6	0.6375	0	0	0.07951
45	6	1.647	1	0	1.034
45	6	1.359	0	0	0.1953
45	6	5.272	0	0	1.405
45	6	1.765	1	1	-0.3864
45	6	1.661	0	0	0.5446
45	6	0.6426	1	0	-0.5113
45	6	1.858	0	0	-0.02765
45	6	0.4505	1	0	1.441
45	6	0.434	1	0	-0.1215
45	6	0.1412	0	0	-0.1263
45	6	1.562	1	0	-0.2588
45	6	5.413	1	1	1.519
45	6	5.312	0	0	-0.3799
45	6	0.5651	0	0	0.08061
45	6	5.416	1	1	-0.6493
45	6	0.9192	1	0	-0.4285
45	6	1.023	1	1	0.2318
45	6	0.2533	0	1	2.287
45	6	0.225	1	0	-0.7664
45	6	0.3372	1	0	0.3601
45	6	5.554	0	0	0.3607
45	6	0.2559	0	0	1.87
45	6	1.991	1	1	0.882
46	6	1.384	1	1	0.9892
46	6	1.22	0	0	1.959
46	6	0.8718	0	0	-0.4391
46	6	5.422	0	0	-0.2187
46	6	0.6074	0	0	1.034
46	6	0.3911	0	0	0.07434
46	6	0.6079	0	0	0.6842
46	6	0.08388	0	0	-0.08868
46	6	1.802	0	0	0.5318
46	6	1.438	1	0	0.1543
46	6	5.512	0	0	0.6477
46	6	0.4615	0	0	0.5907
46	6	5.066	1	1	-0.4849
46	6	0.4195	1	1	-0.3634
46	6	2.137	1	0	0.3129
46	6	2.223	1	1	0.002304
46	6	5.679	1	1	-0.2416
46	6	1.418	1	0	4.092
46	6	5.567	0	0	0.1412
46	6	1.639	1	1	0.5747
46	6	0.539	1	0	-0.8838
46	6	0.3623	1	0	1.895
46	6	1.123	1	0	-0.5307
46	6	0.5252	0	0	0.1674
46	6	5.588	1	1	0.2248
46	6	0.5799	0	0	-0.3227
46	6	0.3419	1	0	0.108
46	6	0.9441	1	1	-0.4117
46	6	5.205	0	0	-0.8301
46	6	0.8098	0	0	-0.4036
46	6	1.112	1	0	1.165
46	6	0.897	0	0	-1.241
46	6	0.1403	0	0	0.4447
46	6	0.3545	0	0	0.1811
46	6	5.582	0	0	0.6856
46	6	0.5065	1	0	3.088
46	6	5.341	1	1	0.0948
46	6	0.959	1	0	1.514
46	6	0.2804	0	0	2.606
46	6	0.9429	1	0	-0.4728
46	6	0.7046	0	0	0.8066
46	6	1.963	1	1	-0.3086
46	6	0.265	1	0	-0.4117
46	6	0.5566	1	1	0.3418
46	6	2.15	1	0	-0.03296
46	6	2.011	1	1	-0.1004
46	6	0.7433	0	0	0.2309
46	6	0.1143	0	0	2.873
46	6	5.336	0	0	0.9817
46	6	0.7993	0	1	1.03
47	6	5.069	1	1	-1.281
47	6	1.963	0	0	0.2858
47	6	0.5823	1	1	-0.485
47	6	0.8657	1	1	-0.05021
47	6	2.073	1	1	0.06432
47	6	0.8541	1	1	0.4605
47	6	0.358	1	0	0.4408
47	6	0.9343	0	0	0.1994
47	6	5.679	1	1	-0.3996
47	6	0.3128	0	0	-0.2058
47	6	0.7586	0	0	-0.1149
47	6	5.25	0	0	-0.04055
47	6	1.798	0	0	-0.4056
47	6	0.2118	1	1	0.4188
47	6	5.534	0	0	-0.2094
47	6	1.492	1	1	0.2951
47	6	1.238	0	0	1.436
47	6	1.845	1	0	-0.8288
47	6	1.271	1	1	2.632
47	6	5.498	1	1	0.03247
47	6	0.4438	1	0	-0.2629
47	6	0.8259	0	0	1.244
47	6	0.05012	0	0	-1.746
47	6	0.5704	0	0	-0.09462
47	6	5.508	0	0	0.02738
47	6	0.1668	0	0	0.1413
47	6	1.101	0	0	1.741
47	6	5.471	0	0	-0.1842
47	6	0.2689	1	0	0.4248
47	6	0.01982	0	0	0.4972
47	6	0.3179	0	0	-0.04728
47	6	0.382	1	0	1.346
47	6	1.498	0	0	-0.1461
47	6	2.112	1	1	0.9958
47	6	0.2752	1	0	1.359
47	6	5.716	1	0	1.602
47	6	5.173	0	0	1.22
47	6	1.957	1	1	0.6654
47	6	1.897	1	1	3.54
47	6	0.2545	1	0	0.7242
47	6	0.1107	0	0	-0.09597
47	6	1.983	0	0	0.3212
47	6	0.1836	0	0	-0.07297
47	6	0.5125	0	0	0.7059
47	6	5.596	1	1	-0.8038
47	6	0.9086	0	0	-0.04677
47	6	0.5028	0	1	1.591
47	6	1.211	1	0	0.3504
47	6	0.2896	1	0	0.1707
47	6	0.9741	0	0	-0.4419
48	6	2.127	0	0	0.3659
48	6	5.472	0	0	-0.591
48	6	1.923	1	1	2.66
48	6	0.6792	0	0	0.1631
48	6	5.364	1	1	-0.2444
48	6	5.035	0	0	-0.1958
48	6	0.4827	0	0	0.4121
48	6	1.681	1	1	-0.1812
48	6	0.6301	1	1	0.2601
48	6	0.8313	1	1	0.009032
48	6	5.736	0	0	-0.431
48	6	1.723	0	0	-0.6023
48	6	0.2148	1	1	0.2386
48	6	0.8732	1	1	-0.9869
48	6	0.1108	1	0	0.02681
48	6	0.3962	0	0	-0.1988
48	6	5.755	1	1	-0.4096
48	6	1.949	0	0	-0.4688
48	6	0.1885	1	0	0.01881
48	6	1.908	0	0	0.3915
48	6	5.35	1	1	-0.3948
48	6	1.056	1	1	-0.9656
48	6	0.5337	1	1	0.4356
48	6	0.3461	1	0	0.08917
48	6	2.132	1	1	0.5031
48	6	5.841	1	1	0.01151
48	6	1.178	1	0	0.9728
48	6	0.1121	0	0	0.6377
48	6	0.09333	0	0	0.4381
48	6	0.7503	1	1	0.2889
48	6	1.081	0	0	1.165
48	6	0.2296	1	0	0.6577
48	6	1.896	0	0	-0.4971
48	6	5.419	0	0	0.4946
48	6	5.117	1	1	-0.7006
48	6	1.114	1	1	0.6041
48	6	1.006	1	0	0.1265
48	6	0.3039	1	0	-0.2831
48	6	1.076	0	0	0.002121
48	6	0.9175	1	0	1.617
48	6	1.722	0	0	1.165
48	6	0.113	0	0	0.04516
48	6	0.8139	1	1	1.042
48	6	1.642	0	0	2.258
48	6	5.909	1	1	2.106
48	6	0.7445	0	1	2.132
48	6	0.05144	1	0	-0.4301
48	6	0.8442	0	0	0.01077
48	6	0.9045	0	0	-0.3664
48	6	0.3134	0	0	0.01457
49	6	0.05946	0	0	-1.05
49	6	0.4589	1	1	1.882
49	6	0.01357	0	0	0.1028
49	6	0.1017	1	0	2.139
49	6	0.08916	0	1	-0.4128
49	6	0.6809	0	0	0.1115
49	6	0.685	1	1	0.06146
49	6	1.277	0	0	0.1508
49	6	5.326	0	0	-0.6892
49	6	1.708	0	0	-0.04378
49	6	0.9843	0	0	1.137
49	6	1.654	0	0	0.4172
49	6	0.86	0	0	0.1339
49	6	0.04381	1	0	-0.09784
49	6	5.252	0	0	-0.6919
49	6	5.039	1	1	0.06713
49	6	1.775	0	0	-0.3865
49	6	0.51	1	0	0.07683
49	6	0.4139	1	0	0.02505
49	6	5.531	1	1	0.6523
49	6	1.737	1	0	1.281
49	6	5.598	1	1	-0.8406
49	6	0.8469	0	0	0.6261
49	6	1.086	1	0	0.5848
49	6	0.2306	1	1	3.509
49	6	1.996	1	1	-0.3343
49	6	0.6314	0	1	0.0111
49	6	2.342	0	0	0.5714
49	6	0.5886	0	0	-0.5142
49	6	5.244	1	1	0.5702
49	6	0.1499	0	0	0.9046
49	6	1.617	0	0	0.9243
49	6	0.5125	0	0	3.033
49	6	0.1126	1	0	-0.1544
49	6	0.4179	0	0	-0.3066
49	6	0.7719	1	1	0.5978
49	6	2.127	0	1	0.1788
49	6	0.794	0	0	0.5638
49	6	5.698	1	1	-0.05361
49	6	1.899	1	1	0.4226
49	6	0.9085	1	1	1.324
49	6	1.855	1	1	-0.2743
49	6	5.116	1	1	0.7429
49	6	0.2087	0	0	1.178
49	6	1.328	0	0	0.9489
49	6	0.3124	1	0	0.751
49	6	5.413	0	0	-0.2669
49	6	5.674	1	1	0.2496
49	6	0.958	0	0	-0.7781
49	6	0.135	0	0	0.4738
