0	2	1.512	1	0	1.512
0	2	1.832	1	1	1.832
0	2	3.792	0	0	3.792
0	2	5.556	1	1	5.556
0	2	1.64	0	0	1.64
0	2	3.713	0	0	3.713
0	2	0.1375	0	0	0.1375
0	2	2.058	0	0	2.058
0	2	1.084	0	0	1.084
0	2	3.6	0	0	3.6
0	2	0.4328	0	0	0.4328
0	2	0.3027	0	0	0.3027
0	2	0.5018	0	0	0.5018
0	2	0.8121	1	0	0.8121
0	2	5.294	0	0	5.294
0	2	0.3631	1	1	0.3631
0	2	0.5964	1	0	0.5964
0	2	1.722	1	1	1.722
0	2	0.4406	0	1	0.4406
0	2	3.296	1	1	3.296
0	2	1.632	0	0	1.632
0	2	1.717	1	1	1.717
0	2	3.493	0	1	3.493
0	2	5.47	1	1	5.47
0	2	5.465	0	0	5.465
0	2	3.544	0	0	3.544
0	2	1.059	1	0	1.059
0	2	1.301	0	0	1.301
0	2	0.5744	1	1	0.5744
0	2	5.152	1	1	5.152
0	2	5.461	0	1	5.461
0	2	3.775	0	0	3.775
0	2	5.028	1	1	5.028
0	2	3.447	0	0	3.447
0	2	1.696	0	0	1.696
0	2	1.733	0	0	1.733
0	2	3.54	1	1	3.54
0	2	0.6487	1	1	0.6487
0	2	0.491	1	1	0.491
0	2	1.131	1	1	1.131
0	2	5.421	0	0	5.421
0	2	1.181	1	0	1.181
0	2	0.7922	0	0	0.7922
0	2	0.5541	0	1	0.5541
0	2	1.633	1	1	1.633
0	2	1.728	1	1	1.728
0	2	1.085	1	1	1.085
0	2	5.398	1	1	5.398
0	2	5.376	1	1	5.376
0	2	3.366	1	1	3.366
1	2	0.5209	1	0	0.5209
1	2	0.6711	0	1	0.6711
1	2	1.457	1	0	1.457
1	2	3.631	0	0	3.631
1	2	0.5988	1	0	0.5988
1	2	3.75	0	0	3.75
1	2	3.417	1	1	3.417
1	2	0.6556	1	0	0.6556
1	2	5.46	1	1	5.46
1	2	0.6306	0	0	0.6306
1	2	5.559	0	0	5.559
1	2	1.142	1	0	1.142
1	2	1.36	0	0	1.36
1	2	0.399	0	0	0.399
1	2	3.136	1	1	3.136
1	2	5.469	1	1	5.469
1	2	0.847	1	1	0.847
1	2	0.5081	1	0	0.5081
1	2	0.4989	1	1	0.4989
1	2	0.5321	1	0	0.5321
1	2	3.622	1	1	3.622
1	2	1.859	0	0	1.859
1	2	5.549	1	1	5.549
1	2	0.933	1	1	0.933
1	2	1.793	0	0	1.793
1	2	1.949	0	1	1.949
1	2	0.8836	1	1	0.8836
1	2	3.613	0	0	3.613
1	2	5.506	1	1	5.506
1	2	0.6085	0	0	0.6085
1	2	5.196	0	0	5.196
1	2	5.76	0	0	5.76
1	2	0.3689	0	1	0.3689
1	2	3.662	0	0	3.662
1	2	5.561	0	0	5.561
1	2	0.842	0	0	0.842
1	2	3.345	0	0	3.345
1	2	1.926	1	0	1.926
1	2	1.739	0	0	1.739
1	2	0.7018	0	0	0.7018
1	2	1.671	1	0	1.671
1	2	3.896	0	0	3.896
1	2	0.6353	1	1	0.6353
1	2	5.606	0	0	5.606
1	2	2.101	0	0	2.101
1	2	3.911	0	0	3.911
1	2	5.201	1	1	5.201
1	2	0.7256	0	0	0.7256
1	2	1.223	1	1	1.223
1	2	1.711	1	1	1.711
2	2	1.774	1	1	1.774
2	2	0.2228	0	1	0.2228
2	2	2.017	1	0	2.017
2	2	1.982	1	1	1.982
2	2	5.132	0	0	5.132
2	2	1.844	0	1	1.844
2	2	2.078	0	0	2.078
2	2	0.3262	1	0	0.3262
2	2	3.707	1	1	3.707
2	2	0.766	0	0	0.766
2	2	0.7448	1	1	0.7448
2	2	1.137	1	1	1.137
2	2	1.869	1	1	1.869
2	2	1.022	0	0	1.022
2	2	0.5827	1	1	0.5827
2	2	0.7409	0	0	0.7409
2	2	1.969	0	0	1.969
2	2	1.866	1	1	1.866
2	2	5.132	1	1	5.132
2	2	3.327	1	1	3.327
2	2	1.232	0	0	1.232
2	2	1.913	1	1	1.913
2	2	3.491	0	0	3.491
2	2	0.5351	1	1	0.5351
2	2	0.1788	1	0	0.1788
2	2	3.727	0	0	3.727
2	2	1.264	0	0	1.264
2	2	3.196	1	0	3.196
2	2	3.477	1	1	3.477
2	2	1.083	1	0	1.083
2	2	0.3389	0	1	0.3389
2	2	5.671	1	1	5.671
2	2	0.2951	1	1	0.2951
2	2	0.982	0	0	0.982
2	2	5.39	0	0	5.39
2	2	3.878	0	0	3.878
2	2	5.769	0	0	5.769
2	2	5.115	0	0	5.115
2	2	1.498	0	0	1.498
2	2	3.7	1	1	3.7
2	2	5.338	0	0	5.338
2	2	0.7197	0	0	0.7197
2	2	3.783	1	1	3.783
2	2	0.4289	1	1	0.4289
2	2	5.607	0	0	5.607
2	2	5.506	0	0	5.506
2	2	1.09	0	0	1.09
2	2	5.407	1	1	5.407
2	2	1.106	1	0	1.106
2	2	3.932	1	1	3.932
3	2	3.737	1	0	3.737
3	2	5.621	1	1	5.621
3	2	0.4833	0	0	0.4833
3	2	0.5245	0	1	0.5245
3	2	0.6984	0	0	0.6984
3	2	1.042	1	1	1.042
3	2	0.2735	0	0	0.2735
3	2	0.3611	1	1	0.3611
3	2	3.241	1	1	3.241
3	2	1.008	1	0	1.008
3	2	0.3901	0	1	0.3901
3	2	0.5409	0	0	0.5409
3	2	5.388	0	0	5.388
3	2	3.652	0	0	3.652
3	2	5.248	1	1	5.248
3	2	5.005	0	0	5.005
3	2	3.14	0	0	3.14
3	2	5.207	1	1	5.207
3	2	5.379	0	0	5.379
3	2	1.596	1	0	1.596
3	2	1.035	1	1	1.035
3	2	0.7365	0	0	0.7365
3	2	1.952	0	0	1.952
3	2	0.3327	0	0	0.3327
3	2	1.838	1	1	1.838
3	2	5.521	0	0	5.521
3	2	0.4189	1	0	0.4189
3	2	0.6743	1	1	0.6743
3	2	2.08	1	0	2.08
3	2	2.275	1	0	2.275
3	2	0.8868	1	1	0.8868
3	2	5.118	1	1	5.118
3	2	3.474	0	0	3.474
3	2	3.682	0	0	3.682
3	2	3.705	1	1	3.705
3	2	3.442	0	0	3.442
3	2	5.677	1	1	5.677
3	2	0.8498	0	1	0.8498
3	2	1.638	0	0	1.638
3	2	3.781	0	0	3.781
3	2	3.691	1	1	3.691
3	2	5.158	1	1	5.158
3	2	0.3422	1	0	0.3422
3	2	1.053	1	1	1.053
3	2	1.926	0	0	1.926
3	2	0.3727	0	0	0.3727
3	2	1.674	0	0	1.674
3	2	0.9968	1	1	0.9968
3	2	1.727	0	0	1.727
3	2	1.901	1	1	1.901
4	2	2.19	1	1	2.19
4	2	1.135	1	1	1.135
4	2	3.221	0	1	3.221
4	2	5.576	0	0	5.576
4	2	0.6529	1	0	0.6529
4	2	0.6699	1	1	0.6699
4	2	3.416	1	1	3.416
4	2	0.2947	0	0	0.2947
4	2	0.9279	0	1	0.9279
4	2	0.2211	0	0	0.2211
4	2	3.53	1	1	3.53
4	2	1.646	1	1	1.646
4	2	0.4501	1	1	0.4501
4	2	1.745	1	1	1.745
4	2	5.286	1	1	5.286
4	2	0.9601	1	1	0.9601
4	2	1.927	1	1	1.927
4	2	4.03	0	0	4.03
4	2	3.61	1	1	3.61
4	2	0.8381	0	0	0.8381
4	2	0.6109	1	1	0.6109
4	2	5.199	0	0	5.199
4	2	5.246	0	0	5.246
4	2	0.5676	0	0	0.5676
4	2	1.058	1	1	1.058
4	2	0.826	1	1	0.826
4	2	0.8402	0	0	0.8402
4	2	0.6313	0	1	0.6313
4	2	3.766	1	1	3.766
4	2	5.208	0	0	5.208
4	2	0.6909	0	0	0.6909
4	2	3.606	0	0	3.606
4	2	1.259	0	0	1.259
4	2	0.2166	0	0	0.2166
4	2	2.007	1	1	2.007
4	2	1.79	0	0	1.79
4	2	1.969	1	1	1.969
4	2	1.476	1	1	1.476
4	2	1.853	0	0	1.853
4	2	5.312	1	1	5.312
4	2	0.6071	0	0	0.6071
4	2	3.308	1	1	3.308
4	2	5.283	1	1	5.283
4	2	3.694	0	0	3.694
4	2	2.072	0	0	2.072
4	2	5.314	1	1	5.314
4	2	3.316	0	0	3.316
4	2	5.714	0	0	5.714
4	2	0.4512	1	1	0.4512
4	2	5.309	0	0	5.309
5	2	0.5202	1	0	0.5202
5	2	5.253	0	0	5.253
5	2	0.7308	1	0	0.7308
5	2	0.1654	0	0	0.1654
5	2	1.409	0	0	1.409
5	2	2.341	1	1	2.341
5	2	1.231	1	1	1.231
5	2	0.4072	0	1	0.4072
5	2	5.396	1	1	5.396
5	2	0.8228	0	0	0.8228
5	2	1.701	1	0	1.701
5	2	5.353	0	0	5.353
5	2	3.46	1	1	3.46
5	2	0.5758	1	0	0.5758
5	2	3.246	0	0	3.246
5	2	1.031	1	1	1.031
5	2	2.1	1	0	2.1
5	2	5.37	1	1	5.37
5	2	0.5668	1	1	0.5668
5	2	3.527	1	1	3.527
5	2	0.902	0	0	0.902
5	2	3.468	0	0	3.468
5	2	0.4389	1	1	0.4389
5	2	0.9182	1	0	0.9182
5	2	3.598	0	0	3.598
5	2	0.5316	0	0	0.5316
5	2	1.833	1	1	1.833
5	2	5.612	1	1	5.612
5	2	1.725	1	1	1.725
5	2	5.353	0	0	5.353
5	2	3.365	0	0	3.365
5	2	5.063	0	0	5.063
5	2	3.114	0	0	3.114
5	2	1.897	1	1	1.897
5	2	3.615	0	0	3.615
5	2	1.4	0	0	1.4
5	2	0.4354	0	0	0.4354
5	2	3.432	1	1	3.432
5	2	5.115	0	0	5.115
5	2	1.781	0	0	1.781
5	2	3.368	0	0	3.368
5	2	1.443	1	1	1.443
5	2	0.8211	1	0	0.8211
5	2	1.065	1	0	1.065
5	2	5.43	0	0	5.43
5	2	0.9741	0	0	0.9741
5	2	1.605	0	0	1.605
5	2	0.05851	1	0	0.05851
5	2	0.2158	1	1	0.2158
5	2	5.08	1	1	5.08
6	2	5.266	1	1	5.266
6	2	3.369	1	1	3.369
6	2	5.392	1	1	5.392
6	2	1.623	1	1	1.623
6	2	0.3225	0	0	0.3225
6	2	0.5541	0	0	0.5541
6	2	0.2659	1	0	0.2659
6	2	1.206	1	0	1.206
6	2	3.595	1	1	3.595
6	2	3.347	1	1	3.347
6	2	5.285	1	1	5.285
6	2	0.1697	0	0	0.1697
6	2	1.952	1	1	1.952
6	2	0.6635	0	0	0.6635
6	2	5.035	1	1	5.035
6	2	5.343	0	0	5.343
6	2	1.812	1	1	1.812
6	2	0.1596	1	0	0.1596
6	2	5.094	1	1	5.094
6	2	0.6018	0	1	0.6018
6	2	1.317	0	0	1.317
6	2	3.41	0	0	3.41
6	2	2.096	1	0	2.096
6	2	0.8078	1	0	0.8078
6	2	1.883	0	0	1.883
6	2	1.973	0	0	1.973
6	2	3.822	1	1	3.822
6	2	1.663	1	0	1.663
6	2	1.204	0	0	1.204
6	2	0.8488	0	0	0.8488
6	2	3.966	0	0	3.966
6	2	3.572	0	0	3.572
6	2	0.5581	1	0	0.5581
6	2	0.8216	1	1	0.8216
6	2	5.299	0	0	5.299
6	2	1.768	0	0	1.768
6	2	1.335	1	0	1.335
6	2	1.547	0	0	1.547
6	2	3.201	1	1	3.201
6	2	0.2509	0	0	0.2509
6	2	3.623	0	0	3.623
6	2	3.189	1	1	3.189
6	2	1.053	0	0	1.053
6	2	5.162	0	0	5.162
6	2	1.296	1	0	1.296
6	2	0.8634	1	1	0.8634
6	2	5.334	0	0	5.334
6	2	0.6961	0	0	0.6961
6	2	5.51	0	0	5.51
6	2	1.727	0	0	1.727
7	2	2.028	1	0	2.028
7	2	0.7325	0	0	0.7325
7	2	3.62	1	1	3.62
7	2	5.372	0	0	5.372
7	2	3.5	0	0	3.5
7	2	5.469	1	1	5.469
7	2	1.778	1	1	1.778
7	2	1.695	1	1	1.695
7	2	5.142	1	1	5.142
7	2	0.67	0	0	0.67
7	2	3.401	1	1	3.401
7	2	0.4646	1	0	0.4646
7	2	5.695	0	0	5.695
7	2	3.41	1	1	3.41
7	2	0.5551	0	1	0.5551
7	2	0.5109	0	0	0.5109
7	2	0.9722	1	0	0.9722
7	2	0.9935	0	0	0.9935
7	2	5.426	1	1	5.426
7	2	5.314	1	1	5.314
7	2	5.365	1	1	5.365
7	2	2.056	0	0	2.056
7	2	0.5749	0	0	0.5749
7	2	0.2113	0	0	0.2113
7	2	1.099	0	0	1.099
7	2	0.9102	1	0	0.9102
7	2	3.441	1	1	3.441
7	2	0.3642	1	0	0.3642
7	2	5.413	0	0	5.413
7	2	3.834	1	1	3.834
7	2	1.502	0	0	1.502
7	2	0.8232	0	0	0.8232
7	2	5.325	0	0	5.325
7	2	5.326	0	0	5.326
7	2	1.756	1	0	1.756
7	2	0.4161	1	0	0.4161
7	2	1.069	0	1	1.069
7	2	2.009	0	0	2.009
7	2	3.642	0	0	3.642
7	2	1.856	0	0	1.856
7	2	3.686	0	0	3.686
7	2	0.9965	0	0	0.9965
7	2	0.4229	1	1	0.4229
7	2	1.234	1	1	1.234
7	2	3.41	1	1	3.41
7	2	0.4765	0	0	0.4765
7	2	1.988	1	1	1.988
7	2	0.6118	1	1	0.6118
7	2	3.661	0	0	3.661
7	2	1.716	1	0	1.716
8	2	0.9874	0	0	0.9874
8	2	3.443	1	1	3.443
8	2	0.2246	1	1	0.2246
8	2	2.233	1	1	2.233
8	2	1.796	0	0	1.796
8	2	3.802	0	0	3.802
8	2	0.2672	0	0	0.2672
8	2	3.535	1	1	3.535
8	2	1.075	0	0	1.075
8	2	1.914	0	0	1.914
8	2	3.725	0	0	3.725
8	2	0.8759	1	0	0.8759
8	2	5.512	1	1	5.512
8	2	0.09738	1	1	0.09738
8	2	0.0795	1	0	0.0795
8	2	5.481	0	0	5.481
8	2	3.457	0	0	3.457
8	2	0.8985	1	0	0.8985
8	2	0.8407	0	0	0.8407
8	2	0.4981	0	0	0.4981
8	2	0.8796	1	0	0.8796
8	2	2.013	1	1	2.013
8	2	3.606	0	0	3.606
8	2	0.6319	0	1	0.6319
8	2	5.438	0	0	5.438
8	2	0.4987	0	0	0.4987
8	2	1.134	1	1	1.134
8	2	1.887	1	0	1.887
8	2	3.455	0	0	3.455
8	2	1.669	0	0	1.669
8	2	3.481	1	1	3.481
8	2	0.2837	1	1	0.2837
8	2	1.655	0	0	1.655
8	2	3.755	1	1	3.755
8	2	5.18	1	1	5.18
8	2	0.2863	0	0	0.2863
8	2	1.142	0	0	1.142
8	2	5.447	1	1	5.447
8	2	4.91	1	1	4.91
8	2	5.335	0	0	5.335
8	2	5.452	1	1	5.452
8	2	0.09519	0	0	0.09519
8	2	1.826	1	1	1.826
8	2	5.497	1	1	5.497
8	2	5.091	0	0	5.091
8	2	1.844	0	0	1.844
8	2	1.859	1	1	1.859
8	2	0.529	1	1	0.529
8	2	0.5652	1	1	0.5652
8	2	3.526	0	0	3.526
9	2	3.541	1	1	3.541
9	2	5.207	0	0	5.207
9	2	5.437	0	0	5.437
9	2	3.424	1	1	3.424
9	2	3.806	0	0	3.806
9	2	1.097	0	0	1.097
9	2	0.2811	1	1	0.2811
9	2	0.3752	0	1	0.3752
9	2	0.4867	1	1	0.4867
9	2	1.022	0	0	1.022
9	2	0.7642	1	0	0.7642
9	2	1.839	1	1	1.839
9	2	3.732	0	0	3.732
9	2	3.686	1	1	3.686
9	2	5.495	1	1	5.495
9	2	0.7145	0	1	0.7145
9	2	1.048	1	0	1.048
9	2	0.8213	1	1	0.8213
9	2	1.917	0	0	1.917
9	2	5.431	0	0	5.431
9	2	1.712	1	1	1.712
9	2	3.322	1	1	3.322
9	2	5.179	1	1	5.179
9	2	1.513	1	1	1.513
9	2	2.211	1	1	2.211
9	2	0.8762	1	1	0.8762
9	2	3.383	0	0	3.383
9	2	5.292	0	0	5.292
9	2	5.669	0	0	5.669
9	2	1.991	1	1	1.991
9	2	5.241	1	1	5.241
9	2	1.735	1	1	1.735
9	2	0.4849	0	0	0.4849
9	2	1.916	1	1	1.916
9	2	0.527	0	1	0.527
9	2	0.5558	0	0	0.5558
9	2	1.845	0	0	1.845
9	2	1.086	0	0	1.086
9	2	3.693	0	0	3.693
9	2	1.098	0	0	1.098
9	2	0.2743	0	0	0.2743
9	2	5.601	1	1	5.601
9	2	0.9986	1	0	0.9986
9	2	0.6145	0	1	0.6145
9	2	3.742	1	1	3.742
9	2	4.03	1	1	4.03
9	2	5.401	0	0	5.401
9	2	0.7604	0	1	0.7604
9	2	1.528	0	0	1.528
9	2	0.9629	1	1	0.9629
10	3	0.006664	1	0	0.006664
10	3	0.547	0	0	0.547
10	3	1.658	1	0	1.658
10	3	3.443	1	1	3.443
10	3	1.736	1	1	1.736
10	3	3.075	1	1	3.075
10	3	0.3024	0	1	0.3024
10	3	0.9163	1	1	0.9163
10	3	5.585	0	0	5.585
10	3	1.098	0	1	1.098
10	3	1.083	0	1	1.083
10	3	3.221	1	1	3.221
10	3	0.321	1	0	0.321
10	3	0.7309	1	1	0.7309
10	3	0.7892	1	1	0.7892
10	3	0.2809	0	0	0.2809
10	3	5.38	0	0	5.38
10	3	0.4643	1	0	0.4643
10	3	0.7606	1	1	0.7606
10	3	1.723	0	0	1.723
10	3	0.7525	1	0	0.7525
10	3	0.5041	1	0	0.5041
10	3	5.146	0	0	5.146
10	3	3.765	0	0	3.765
10	3	5.386	1	1	5.386
10	3	1.876	1	1	1.876
10	3	1.536	1	1	1.536
10	3	3.629	0	0	3.629
10	3	5.371	0	0	5.371
10	3	3.522	0	0	3.522
10	3	2.071	0	0	2.071
10	3	3.799	1	1	3.799
10	3	0.4116	0	0	0.4116
10	3	1.759	0	1	1.759
10	3	1.967	0	0	1.967
10	3	0.3655	1	1	0.3655
10	3	0.8382	1	1	0.8382
10	3	1.797	0	0	1.797
10	3	5.314	1	1	5.314
10	3	1.504	1	0	1.504
10	3	0.7667	1	0	0.7667
10	3	3.201	0	0	3.201
10	3	5.488	1	1	5.488
10	3	0.9439	0	0	0.9439
10	3	5.323	0	0	5.323
10	3	0.0871	1	0	0.0871
10	3	5.081	0	0	5.081
10	3	3.504	0	0	3.504
10	3	5.486	1	1	5.486
10	3	3.678	0	0	3.678
11	3	5.422	0	0	5.422
11	3	3.456	0	0	3.456
11	3	1.539	0	0	1.539
11	3	3.706	0	0	3.706
11	3	0.5689	0	0	0.5689
11	3	0.6733	1	1	0.6733
11	3	0.2785	0	0	0.2785
11	3	1.995	1	1	1.995
11	3	5.428	1	1	5.428
11	3	1.048	0	0	1.048
11	3	3.458	1	1	3.458
11	3	5.647	1	1	5.647
11	3	0.4123	0	1	0.4123
11	3	5.559	1	1	5.559
11	3	3.469	1	1	3.469
11	3	3.682	0	0	3.682
11	3	0.3776	1	0	0.3776
11	3	3.652	1	1	3.652
11	3	5.146	0	0	5.146
11	3	1.683	0	0	1.683
11	3	1.871	0	0	1.871
11	3	5.486	1	1	5.486
11	3	3.8	1	1	3.8
11	3	0.306	0	0	0.306
11	3	0.615	0	0	0.615
11	3	1.445	0	0	1.445
11	3	0.4892	1	0	0.4892
11	3	0.998	1	1	0.998
11	3	5.521	1	1	5.521
11	3	0.3614	0	0	0.3614
11	3	5.255	0	0	5.255
11	3	5.355	1	1	5.355
11	3	3.686	0	0	3.686
11	3	0.8926	1	1	0.8926
11	3	1.322	1	1	1.322
11	3	1.549	0	0	1.549
11	3	1.173	1	1	1.173
11	3	5.172	0	0	5.172
11	3	3.521	0	0	3.521
11	3	0.8259	0	0	0.8259
11	3	0.9385	1	0	0.9385
11	3	1.643	0	0	1.643
11	3	3.562	0	0	3.562
11	3	1.987	1	1	1.987
11	3	0.3561	1	1	0.3561
11	3	0.6929	1	1	0.6929
11	3	0.6657	1	1	0.6657
11	3	0.5176	1	0	0.5176
11	3	2.01	1	1	2.01
11	3	2.025	0	0	2.025
12	3	1.994	0	0	1.994
12	3	0.8103	1	1	0.8103
12	3	1.612	0	0	1.612
12	3	0.7867	0	0	0.7867
12	3	0.6456	0	1	0.6456
12	3	0.6883	1	1	0.6883
12	3	0.1839	1	0	0.1839
12	3	0.2607	0	0	0.2607
12	3	5.234	0	0	5.234
12	3	5.232	1	1	5.232
12	3	0.564	1	0	0.564
12	3	0.4225	1	1	0.4225
12	3	3.695	0	0	3.695
12	3	2.071	0	0	2.071
12	3	0.3641	1	1	0.3641
12	3	3.508	1	1	3.508
12	3	0.8451	1	0	0.8451
12	3	3.791	0	0	3.791
12	3	0.5711	1	0	0.5711
12	3	5.695	0	0	5.695
12	3	0.8886	1	0	0.8886
12	3	3.635	0	0	3.635
12	3	3.718	0	0	3.718
12	3	1.935	0	0	1.935
12	3	5.412	0	0	5.412
12	3	1.851	1	1	1.851
12	3	3.149	0	0	3.149
12	3	0.893	1	1	0.893
12	3	0.4055	0	1	0.4055
12	3	5.273	1	1	5.273
12	3	0.8599	1	1	0.8599
12	3	3.818	0	0	3.818
12	3	5.271	0	0	5.271
12	3	2.129	1	1	2.129
12	3	1.442	1	1	1.442
12	3	5.547	0	0	5.547
12	3	0.8142	1	0	0.8142
12	3	3.762	1	1	3.762
12	3	2.008	0	0	2.008
12	3	5.043	0	0	5.043
12	3	3.859	0	0	3.859
12	3	5.399	1	1	5.399
12	3	3.599	1	1	3.599
12	3	0.2491	1	1	0.2491
12	3	0.9576	1	0	0.9576
12	3	5.386	1	1	5.386
12	3	0.4851	1	0	0.4851
12	3	2.1	0	0	2.1
12	3	0.6095	0	0	0.6095
12	3	1.664	1	1	1.664
13	3	0.2564	0	1	0.2564
13	3	5.274	1	1	5.274
13	3	1.805	1	1	1.805
13	3	0.7178	0	0	0.7178
13	3	1.942	1	1	1.942
13	3	0.3541	0	1	0.3541
13	3	5.134	0	0	5.134
13	3	5.368	1	1	5.368
13	3	0.6828	1	1	0.6828
13	3	0.9581	0	0	0.9581
13	3	5.443	0	0	5.443
13	3	3.497	0	0	3.497
13	3	3.574	0	0	3.574
13	3	3.747	1	1	3.747
13	3	0.776	0	1	0.776
13	3	0.5498	0	1	0.5498
13	3	5.43	1	1	5.43
13	3	5.245	1	1	5.245
13	3	5.3	0	0	5.3
13	3	1.995	0	0	1.995
13	3	0.6767	1	0	0.6767
13	3	3.746	0	0	3.746
13	3	1.817	1	1	1.817
13	3	1.725	1	1	1.725
13	3	0.1008	0	0	0.1008
13	3	3.36	1	1	3.36
13	3	0.3999	0	0	0.3999
13	3	5.474	0	0	5.474
13	3	3.554	1	1	3.554
13	3	1.138	1	1	1.138
13	3	1.003	0	1	1.003
13	3	1.581	0	0	1.581
13	3	3.661	0	0	3.661
13	3	0.6513	0	0	0.6513
13	3	0.8913	1	1	0.8913
13	3	3.401	1	1	3.401
13	3	1.622	0	0	1.622
13	3	0.8574	1	1	0.8574
13	3	5.501	1	1	5.501
13	3	0.3846	1	1	0.3846
13	3	0.5313	1	1	0.5313
13	3	5.533	0	0	5.533
13	3	1.648	0	0	1.648
13	3	1.951	1	1	1.951
13	3	0.9989	0	0	0.9989
13	3	1.877	0	0	1.877
13	3	3.576	0	0	3.576
13	3	0.9905	1	1	0.9905
13	3	3.47	1	1	3.47
13	3	0.3445	1	0	0.3445
14	3	0.326	1	0	0.326
14	3	0.8861	0	0	0.8861
14	3	0.8281	1	0	0.8281
14	3	5.333	0	0	5.333
14	3	1.996	0	0	1.996
14	3	1.844	0	0	1.844
14	3	0.8274	1	0	0.8274
14	3	5.579	1	1	5.579
14	3	3.801	1	1	3.801
14	3	5.198	0	0	5.198
14	3	1.856	1	1	1.856
14	3	0.1958	0	1	0.1958
14	3	5.071	0	0	5.071
14	3	0.6038	0	1	0.6038
14	3	1.918	1	1	1.918
14	3	3.654	0	0	3.654
14	3	5.471	0	0	5.471
14	3	2.185	0	0	2.185
14	3	3.432	1	1	3.432
14	3	3.967	1	1	3.967
14	3	0.856	0	0	0.856
14	3	3.45	0	0	3.45
14	3	0.03242	1	1	0.03242
14	3	3.485	1	1	3.485
14	3	5.326	1	1	5.326
14	3	1.15	0	0	1.15
14	3	5.331	1	1	5.331
14	3	0.9348	0	1	0.9348
14	3	0.6142	1	1	0.6142
14	3	1.087	1	0	1.087
14	3	1.851	0	0	1.851
14	3	1.502	1	1	1.502
14	3	0.3882	0	0	0.3882
14	3	0.3947	1	0	0.3947
14	3	0.7465	1	0	0.7465
14	3	5.089	1	1	5.089
14	3	5.261	1	1	5.261
14	3	1.332	1	0	1.332
14	3	0.4771	1	0	0.4771
14	3	1.695	0	0	1.695
14	3	3.473	0	0	3.473
14	3	1.417	1	1	1.417
14	3	5.357	0	0	5.357
14	3	0.508	0	0	0.508
14	3	3.846	0	0	3.846
14	3	3.621	1	1	3.621
14	3	1.936	1	1	1.936
14	3	0.4927	0	0	0.4927
14	3	0.621	0	0	0.621
14	3	3.736	0	0	3.736
15	3	3.493	1	0	3.493
15	3	5.561	1	1	5.561
15	3	3.67	1	1	3.67
15	3	1.691	0	0	1.691
15	3	0.7082	0	0	0.7082
15	3	5.57	1	1	5.57
15	3	3.421	0	0	3.421
15	3	5.47	0	0	5.47
15	3	0.9254	0	0	0.9254
15	3	0.5642	0	1	0.5642
15	3	0.9053	1	1	0.9053
15	3	5.107	0	0	5.107
15	3	1.853	0	0	1.853
15	3	1.83	0	0	1.83
15	3	0.2354	1	1	0.2354
15	3	1.417	0	0	1.417
15	3	1.103	1	0	1.103
15	3	0.1119	0	1	0.1119
15	3	3.666	1	1	3.666
15	3	1.717	0	0	1.717
15	3	2.282	0	0	2.282
15	3	5.559	0	0	5.559
15	3	3.332	1	1	3.332
15	3	0.4978	0	0	0.4978
15	3	0.8991	0	0	0.8991
15	3	5.708	1	1	5.708
15	3	5.494	1	1	5.494
15	3	5.103	1	1	5.103
15	3	0.2975	1	0	0.2975
15	3	5.41	1	1	5.41
15	3	0.659	1	0	0.659
15	3	1.01	0	0	1.01
15	3	4.151	0	0	4.151
15	3	3.685	1	1	3.685
15	3	0.4256	1	0	0.4256
15	3	0.8029	1	1	0.8029
15	3	0.6175	1	1	0.6175
15	3	5.391	0	0	5.391
15	3	1.009	1	1	1.009
15	3	0.3029	0	0	0.3029
15	3	0.03009	1	0	0.03009
15	3	1.797	0	0	1.797
15	3	3.576	1	1	3.576
15	3	1.484	1	1	1.484
15	3	0.8298	1	1	0.8298
15	3	3.798	1	1	3.798
15	3	2.052	0	0	2.052
15	3	1.661	1	1	1.661
15	3	3.392	0	0	3.392
15	3	0.755	0	0	0.755
16	3	1.772	0	0	1.772
16	3	1.585	1	1	1.585
16	3	5.192	0	0	5.192
16	3	5.556	0	0	5.556
16	3	2.086	1	1	2.086
16	3	1.95	1	1	1.95
16	3	3.962	1	1	3.962
16	3	5.199	0	0	5.199
16	3	1.322	0	0	1.322
16	3	4.934	1	1	4.934
16	3	1.041	1	1	1.041
16	3	5.419	1	1	5.419
16	3	5.547	1	1	5.547
16	3	3.812	0	0	3.812
16	3	1.846	1	1	1.846
16	3	1.148	1	0	1.148
16	3	3.844	0	0	3.844
16	3	0.9705	1	0	0.9705
16	3	2.025	0	0	2.025
16	3	5.657	0	0	5.657
16	3	1.634	0	0	1.634
16	3	0.6543	1	1	0.6543
16	3	1.819	1	1	1.819
16	3	0.6206	0	0	0.6206
16	3	0.8871	0	0	0.8871
16	3	1.051	1	1	1.051
16	3	1.081	1	0	1.081
16	3	0.6508	0	0	0.6508
16	3	1.991	0	0	1.991
16	3	3.567	1	1	3.567
16	3	0.3676	0	0	0.3676
16	3	1.045	1	1	1.045
16	3	5.662	1	1	5.662
16	3	5.086	1	1	5.086
16	3	1.554	0	0	1.554
16	3	0.2026	0	0	0.2026
16	3	0.966	1	1	0.966
16	3	0.4634	0	0	0.4634
16	3	5.129	1	1	5.129
16	3	0.195	1	0	0.195
16	3	1.145	1	0	1.145
16	3	0.5214	1	0	0.5214
16	3	3.37	0	0	3.37
16	3	4.006	0	0	4.006
16	3	3.687	0	0	3.687
16	3	3.762	0	0	3.762
16	3	0.1333	0	0	0.1333
16	3	3.748	1	1	3.748
16	3	3.699	0	0	3.699
16	3	0.1564	1	0	0.1564
17	3	1.787	0	0	1.787
17	3	0.731	0	0	0.731
17	3	0.2676	0	0	0.2676
17	3	0.3502	0	0	0.3502
17	3	5.126	0	0	5.126
17	3	0.4444	1	0	0.4444
17	3	0.9808	0	0	0.9808
17	3	5.111	1	1	5.111
17	3	1.818	0	0	1.818
17	3	5.736	1	1	5.736
17	3	5.07	0	0	5.07
17	3	3.649	1	1	3.649
17	3	3.4	0	0	3.4
17	3	0.9756	0	0	0.9756
17	3	1.529	1	1	1.529
17	3	0.3423	1	1	0.3423
17	3	5.513	1	1	5.513
17	3	5.131	1	1	5.131
17	3	5.342	0	0	5.342
17	3	3.769	0	0	3.769
17	3	0.6133	0	0	0.6133
17	3	3.665	1	1	3.665
17	3	3.606	1	1	3.606
17	3	5.662	1	1	5.662
17	3	1.208	1	1	1.208
17	3	1.922	1	1	1.922
17	3	0.7791	0	1	0.7791
17	3	1.985	1	1	1.985
17	3	5.482	1	1	5.482
17	3	3.818	0	0	3.818
17	3	0.4881	1	1	0.4881
17	3	0.6178	0	0	0.6178
17	3	0.2543	1	1	0.2543
17	3	1.079	1	1	1.079
17	3	0.4337	1	0	0.4337
17	3	3.397	1	1	3.397
17	3	3.705	0	0	3.705
17	3	1.652	0	0	1.652
17	3	0.5317	0	1	0.5317
17	3	3.787	0	0	3.787
17	3	5.096	1	1	5.096
17	3	0.7916	0	0	0.7916
17	3	1.317	1	1	1.317
17	3	2.071	0	0	2.071
17	3	1.851	0	0	1.851
17	3	1.715	0	0	1.715
17	3	1.18	1	0	1.18
17	3	1.912	1	1	1.912
17	3	0.9966	1	1	0.9966
17	3	3.623	0	0	3.623
18	3	3.747	0	0	3.747
18	3	1.822	0	0	1.822
18	3	0.6366	1	0	0.6366
18	3	3.762	1	0	3.762
18	3	0.2861	1	0	0.2861
18	3	1.684	0	0	1.684
18	3	1.957	0	0	1.957
18	3	0.5997	0	1	0.5997
18	3	0.785	0	0	0.785
18	3	0.2951	1	1	0.2951
18	3	1.276	0	0	1.276
18	3	0.4857	1	1	0.4857
18	3	1.596	0	0	1.596
18	3	5.455	1	1	5.455
18	3	1.232	0	1	1.232
18	3	3.774	1	1	3.774
18	3	0.9189	1	0	0.9189
18	3	3.403	1	1	3.403
18	3	0.5001	1	0	0.5001
18	3	0.4392	1	0	0.4392
18	3	3.472	0	0	3.472
18	3	3.889	1	1	3.889
18	3	5.316	0	0	5.316
18	3	0.7672	0	0	0.7672
18	3	0.9159	1	0	0.9159
18	3	0.1039	0	0	0.1039
18	3	1.68	1	0	1.68
18	3	3.629	0	0	3.629
18	3	3.598	1	1	3.598
18	3	2.195	1	1	2.195
18	3	3.6	0	0	3.6
18	3	5.545	1	1	5.545
18	3	1.09	0	1	1.09
18	3	0.9112	1	1	0.9112
18	3	1.782	1	0	1.782
18	3	0.4028	0	0	0.4028
18	3	5.42	0	0	5.42
18	3	3.525	0	0	3.525
18	3	5.396	0	0	5.396
18	3	5.652	1	1	5.652
18	3	0.2507	1	1	0.2507
18	3	0.2263	0	1	0.2263
18	3	1.646	1	1	1.646
18	3	1.976	1	0	1.976
18	3	5.52	1	1	5.52
18	3	5.182	0	0	5.182
18	3	1.846	0	0	1.846
18	3	5.549	0	0	5.549
18	3	1.182	1	1	1.182
18	3	5.53	0	0	5.53
19	3	0.7144	1	0	0.7144
19	3	3.81	1	1	3.81
19	3	1.151	0	0	1.151
19	3	0.9297	1	1	0.9297
19	3	0.8898	1	0	0.8898
19	3	1.766	0	0	1.766
19	3	5.571	0	0	5.571
19	3	1.172	0	0	1.172
19	3	3.707	0	0	3.707
19	3	3.554	1	1	3.554
19	3	1.86	0	0	1.86
19	3	0.6333	0	0	0.6333
19	3	0.9607	1	0	0.9607
19	3	5.624	0	0	5.624
19	3	0.5005	1	1	0.5005
19	3	5.331	1	1	5.331
19	3	1.857	0	0	1.857
19	3	5.138	1	1	5.138
19	3	1.722	0	0	1.722
19	3	3.598	0	0	3.598
19	3	0.591	0	1	0.591
19	3	5.222	0	0	5.222
19	3	5.269	0	0	5.269
19	3	0.5436	0	1	0.5436
19	3	5.641	1	1	5.641
19	3	3.7	1	1	3.7
19	3	0.7218	0	0	0.7218
19	3	0.291	0	0	0.291
19	3	5.841	1	1	5.841
19	3	0.6294	1	0	0.6294
19	3	5.493	0	0	5.493
19	3	3.327	0	0	3.327
19	3	1.09	1	0	1.09
19	3	1.919	1	1	1.919
19	3	0.7395	1	0	0.7395
19	3	1.981	1	1	1.981
19	3	3.451	0	0	3.451
19	3	0.5162	1	1	0.5162
19	3	0.2007	1	1	0.2007
19	3	1.845	0	0	1.845
19	3	5.395	0	0	5.395
19	3	1.658	1	1	1.658
19	3	1.931	1	1	1.931
19	3	3.77	1	1	3.77
19	3	0.3028	0	0	0.3028
19	3	0.7602	0	0	0.7602
19	3	3.826	1	1	3.826
19	3	3.429	0	0	3.429
19	3	1.135	1	0	1.135
19	3	1.9	0	0	1.9
20	4	0.8646	0	0	0.8646
20	4	5.291	0	0	5.291
20	4	5.42	0	0	5.42
20	4	3.816	1	1	3.816
20	4	0.5676	0	0	0.5676
20	4	0.3672	1	1	0.3672
20	4	0.2226	0	1	0.2226
20	4	2.001	0	0	2.001
20	4	3.56	1	1	3.56
20	4	3.624	1	1	3.624
20	4	5.543	1	1	5.543
20	4	1.169	1	1	1.169
20	4	3.756	1	1	3.756
20	4	2.187	0	0	2.187
20	4	0.5402	1	1	0.5402
20	4	0.8352	1	0	0.8352
20	4	5.123	0	0	5.123
20	4	3.437	1	1	3.437
20	4	0.992	1	1	0.992
20	4	1.915	0	0	1.915
20	4	1.173	0	1	1.173
20	4	5.562	0	0	5.562
20	4	0.8666	0	1	0.8666
20	4	3.252	1	1	3.252
20	4	3.595	1	1	3.595
20	4	1.713	1	1	1.713
20	4	1.815	0	0	1.815
20	4	3.763	1	1	3.763
20	4	0.4468	0	0	0.4468
20	4	1.558	0	0	1.558
20	4	5.086	0	0	5.086
20	4	0.1917	0	0	0.1917
20	4	0.5451	1	1	0.5451
20	4	1.072	1	1	1.072
20	4	4.698	1	1	4.698
20	4	0.4117	0	1	0.4117
20	4	3.772	1	1	3.772
20	4	3.681	0	0	3.681
20	4	1.625	0	0	1.625
20	4	0.5731	1	0	0.5731
20	4	5.768	1	1	5.768
20	4	0.699	1	1	0.699
20	4	0.4961	0	1	0.4961
20	4	5.793	1	1	5.793
20	4	5.367	0	0	5.367
20	4	1.693	0	1	1.693
20	4	1.328	1	1	1.328
20	4	2.056	0	0	2.056
20	4	0.7895	0	0	0.7895
20	4	0.2288	1	1	0.2288
21	4	5.304	0	1	5.304
21	4	5.397	1	1	5.397
21	4	1.781	0	0	1.781
21	4	0.244	1	0	0.244
21	4	1.534	0	1	1.534
21	4	1.86	0	0	1.86
21	4	1.791	1	1	1.791
21	4	3.505	0	0	3.505
21	4	1.67	1	1	1.67
21	4	5.132	0	0	5.132
21	4	3.472	1	1	3.472
21	4	5.425	1	1	5.425
21	4	3.704	1	1	3.704
21	4	0.683	1	1	0.683
21	4	1.759	1	1	1.759
21	4	0.5325	0	1	0.5325
21	4	0.7614	1	0	0.7614
21	4	1.905	0	0	1.905
21	4	0.9044	0	0	0.9044
21	4	0.0913	1	1	0.0913
21	4	3.852	0	0	3.852
21	4	1.913	1	1	1.913
21	4	3.397	1	1	3.397
21	4	1.135	1	0	1.135
21	4	1.503	1	1	1.503
21	4	0.6227	0	0	0.6227
21	4	0.7355	0	0	0.7355
21	4	0.3298	0	0	0.3298
21	4	1.646	0	0	1.646
21	4	0.2949	0	0	0.2949
21	4	0.2694	0	0	0.2694
21	4	3.877	1	1	3.877
21	4	3.859	1	1	3.859
21	4	5.276	1	1	5.276
21	4	3.943	1	1	3.943
21	4	5.798	1	1	5.798
21	4	0.9597	0	0	0.9597
21	4	0.9086	0	0	0.9086
21	4	0.8219	1	0	0.8219
21	4	0.5327	1	0	0.5327
21	4	1.409	0	0	1.409
21	4	1.066	1	0	1.066
21	4	3.555	0	0	3.555
21	4	5.315	0	0	5.315
21	4	0.592	0	1	0.592
21	4	0.9311	0	0	0.9311
21	4	5.433	0	0	5.433
21	4	5.737	1	1	5.737
21	4	3.536	1	1	3.536
21	4	5.464	0	0	5.464
22	4	0.4787	1	0	0.4787
22	4	5.013	0	0	5.013
22	4	5.172	0	0	5.172
22	4	5.055	0	0	5.055
22	4	0.3289	1	1	0.3289
22	4	1.978	1	1	1.978
22	4	3.583	0	0	3.583
22	4	3.546	0	0	3.546
22	4	2.057	1	1	2.057
22	4	0.186	1	1	0.186
22	4	0.4235	0	1	0.4235
22	4	1.451	0	0	1.451
22	4	1.034	1	0	1.034
22	4	5.278	0	0	5.278
22	4	0.8868	1	0	0.8868
22	4	3.665	0	0	3.665
22	4	1.032	0	0	1.032
22	4	3.188	0	0	3.188
22	4	1.339	1	1	1.339
22	4	0.6403	0	1	0.6403
22	4	0.5897	0	1	0.5897
22	4	3.61	0	0	3.61
22	4	0.6917	0	0	0.6917
22	4	0.3787	0	0	0.3787
22	4	0.9658	0	0	0.9658
22	4	0.6468	0	1	0.6468
22	4	3.908	1	1	3.908
22	4	1.065	0	0	1.065
22	4	5.122	0	0	5.122
22	4	3.695	1	1	3.695
22	4	0.6029	0	1	0.6029
22	4	1.815	1	1	1.815
22	4	2.031	1	1	2.031
22	4	5.589	0	0	5.589
22	4	5.489	1	1	5.489
22	4	5.313	1	1	5.313
22	4	5.707	0	0	5.707
22	4	1.38	1	1	1.38
22	4	3.624	1	1	3.624
22	4	0.4346	1	0	0.4346
22	4	1.699	1	1	1.699
22	4	0.9397	1	1	0.9397
22	4	1.572	1	1	1.572
22	4	5.126	0	0	5.126
22	4	2.048	1	1	2.048
22	4	3.828	1	1	3.828
22	4	0.4588	0	1	0.4588
22	4	1.638	1	1	1.638
22	4	0.5571	1	1	0.5571
22	4	3.536	1	1	3.536
23	4	0.1364	1	1	0.1364
23	4	1.654	0	0	1.654
23	4	5.312	1	1	5.312
23	4	0.5127	1	1	0.5127
23	4	1.913	1	1	1.913
23	4	1.027	0	1	1.027
23	4	0.5272	1	1	0.5272
23	4	1.675	0	0	1.675
23	4	3.349	0	0	3.349
23	4	1.11	1	1	1.11
23	4	3.549	0	0	3.549
23	4	5.259	0	0	5.259
23	4	1.729	1	1	1.729
23	4	0.624	1	1	0.624
23	4	5.379	1	1	5.379
23	4	1.864	0	1	1.864
23	4	5.429	0	0	5.429
23	4	3.649	1	1	3.649
23	4	3.777	0	0	3.777
23	4	3.425	0	0	3.425
23	4	1.848	0	0	1.848
23	4	0.6499	0	0	0.6499
23	4	3.558	0	0	3.558
23	4	0.4003	1	1	0.4003
23	4	3.32	1	1	3.32
23	4	5.331	1	1	5.331
23	4	5.269	1	1	5.269
23	4	1.555	0	0	1.555
23	4	5.443	0	0	5.443
23	4	0.8346	1	1	0.8346
23	4	0.8022	0	0	0.8022
23	4	0.6508	1	0	0.6508
23	4	5.191	0	0	5.191
23	4	0.8931	0	0	0.8931
23	4	5.563	0	0	5.563
23	4	0.3363	0	0	0.3363
23	4	1.567	0	0	1.567
23	4	1.472	1	1	1.472
23	4	1.028	1	1	1.028
23	4	1.797	0	0	1.797
23	4	0.7956	1	1	0.7956
23	4	3.591	1	1	3.591
23	4	0.4948	0	1	0.4948
23	4	0.9869	1	1	0.9869
23	4	3.365	1	1	3.365
23	4	5.075	1	1	5.075
23	4	0.5045	0	0	0.5045
23	4	0.7832	1	0	0.7832
23	4	3.611	1	1	3.611
23	4	0.2631	0	0	0.2631
24	4	1.264	0	0	1.264
24	4	0.5371	0	0	0.5371
24	4	5.226	1	1	5.226
24	4	0.7882	1	1	0.7882
24	4	3.673	1	1	3.673
24	4	0.4836	1	1	0.4836
24	4	1.908	1	1	1.908
24	4	4.727	0	0	4.727
24	4	0.7729	0	0	0.7729
24	4	1.733	1	1	1.733
24	4	0.5801	0	0	0.5801
24	4	0.2697	1	0	0.2697
24	4	0.9022	1	0	0.9022
24	4	1.028	1	1	1.028
24	4	1.624	0	0	1.624
24	4	0.1388	0	1	0.1388
24	4	0.03056	0	1	0.03056
24	4	5.343	0	0	5.343
24	4	0.6428	1	1	0.6428
24	4	5.281	0	0	5.281
24	4	1.541	1	1	1.541
24	4	0.8753	0	0	0.8753
24	4	0.8517	0	0	0.8517
24	4	5.289	0	0	5.289
24	4	3.107	0	0	3.107
24	4	5.355	0	0	5.355
24	4	1.619	1	1	1.619
24	4	3.249	0	0	3.249
24	4	1.677	0	0	1.677
24	4	1.22	1	0	1.22
24	4	1.998	0	0	1.998
24	4	1.809	0	0	1.809
24	4	0.8839	1	1	0.8839
24	4	3.572	0	0	3.572
24	4	0.3437	1	1	0.3437
24	4	0.7558	1	1	0.7558
24	4	0.8073	1	0	0.8073
24	4	3.788	1	1	3.788
24	4	1.445	0	0	1.445
24	4	5.493	1	1	5.493
24	4	0.6286	1	1	0.6286
24	4	2.227	1	1	2.227
24	4	3.439	1	1	3.439
24	4	3.359	0	0	3.359
24	4	5.181	1	1	5.181
24	4	3.697	0	0	3.697
24	4	3.76	0	0	3.76
24	4	5.663	0	0	5.663
24	4	3.549	1	1	3.549
24	4	5.56	1	1	5.56
25	4	0.879	1	0	0.879
25	4	5.337	0	0	5.337
25	4	0.2016	0	0	0.2016
25	4	0.1325	1	0	0.1325
25	4	0.409	1	1	0.409
25	4	0.7894	1	1	0.7894
25	4	3.831	0	0	3.831
25	4	5.375	1	1	5.375
25	4	0.7218	0	1	0.7218
25	4	1.723	0	0	1.723
25	4	5.349	1	1	5.349
25	4	1.012	0	0	1.012
25	4	0.6167	1	1	0.6167
25	4	1.697	0	1	1.697
25	4	5.551	1	1	5.551
25	4	5.134	0	0	5.134
25	4	1.777	0	0	1.777
25	4	1.646	0	0	1.646
25	4	0.9854	1	0	0.9854
25	4	3.413	0	0	3.413
25	4	0.889	0	0	0.889
25	4	0.3586	0	1	0.3586
25	4	3.313	1	1	3.313
25	4	5.324	0	0	5.324
25	4	0.7235	0	0	0.7235
25	4	3.698	1	1	3.698
25	4	3.652	1	1	3.652
25	4	1.766	1	1	1.766
25	4	3.619	1	1	3.619
25	4	0.6008	1	1	0.6008
25	4	1.581	1	1	1.581
25	4	3.398	1	1	3.398
25	4	0.2333	0	0	0.2333
25	4	0.793	0	0	0.793
25	4	3.738	1	1	3.738
25	4	1.828	1	0	1.828
25	4	3.957	0	0	3.957
25	4	1.071	1	1	1.071
25	4	5.209	0	0	5.209
25	4	5.274	1	1	5.274
25	4	5.511	1	1	5.511
25	4	0.8788	0	0	0.8788
25	4	1.684	0	0	1.684
25	4	0.66	0	0	0.66
25	4	1.789	1	1	1.789
25	4	5.638	0	0	5.638
25	4	0.3358	0	0	0.3358
25	4	1.158	0	0	1.158
25	4	2.04	0	0	2.04
25	4	3.662	1	1	3.662
26	4	0.3478	0	0	0.3478
26	4	1.59	0	0	1.59
26	4	0.3433	0	0	0.3433
26	4	5.488	1	1	5.488
26	4	0.9559	1	1	0.9559
26	4	1.106	0	0	1.106
26	4	3.691	0	0	3.691
26	4	0.7663	1	1	0.7663
26	4	3.005	1	1	3.005
26	4	5.478	0	0	5.478
26	4	1.244	0	1	1.244
26	4	0.3365	0	1	0.3365
26	4	3.36	1	1	3.36
26	4	5.568	1	1	5.568
26	4	1.265	1	1	1.265
26	4	3.717	1	1	3.717
26	4	0.2996	0	0	0.2996
26	4	3.524	0	0	3.524
26	4	0.5039	0	0	0.5039
26	4	0.7694	1	1	0.7694
26	4	5.333	1	1	5.333
26	4	3.732	0	0	3.732
26	4	1.148	1	1	1.148
26	4	1.915	0	0	1.915
26	4	0.4644	0	1	0.4644
26	4	1.792	1	1	1.792
26	4	0.9987	0	0	0.9987
26	4	1.245	1	1	1.245
26	4	5.358	1	1	5.358
26	4	0.2544	1	0	0.2544
26	4	1.756	0	0	1.756
26	4	1.812	1	1	1.812
26	4	5.426	1	1	5.426
26	4	3.662	0	0	3.662
26	4	0.8737	1	0	0.8737
26	4	5.172	0	0	5.172
26	4	2.066	1	1	2.066
26	4	0.9809	0	0	0.9809
26	4	3.866	0	0	3.866
26	4	5.377	0	0	5.377
26	4	0.3861	1	1	0.3861
26	4	1.772	1	1	1.772
26	4	3.52	0	0	3.52
26	4	0.9531	0	0	0.9531
26	4	5.584	0	0	5.584
26	4	5.173	0	0	5.173
26	4	2.286	1	1	2.286
26	4	3.595	0	0	3.595
26	4	0.6763	1	1	0.6763
26	4	1.517	1	1	1.517
27	4	0.9211	0	0	0.9211
27	4	0.05693	0	0	0.05693
27	4	3.56	1	1	3.56
27	4	1.85	0	0	1.85
27	4	1.496	0	0	1.496
27	4	0.3632	1	0	0.3632
27	4	5.336	0	0	5.336
27	4	1.533	0	0	1.533
27	4	3.522	0	0	3.522
27	4	0.8234	1	1	0.8234
27	4	0.8812	1	1	0.8812
27	4	0.7323	0	1	0.7323
27	4	5.564	0	0	5.564
27	4	5.465	0	0	5.465
27	4	3.826	1	1	3.826
27	4	0.2579	1	1	0.2579
27	4	1.841	1	1	1.841
27	4	5.306	0	0	5.306
27	4	3.582	0	0	3.582
27	4	0.9049	0	0	0.9049
27	4	0.4573	0	0	0.4573
27	4	0.3034	1	1	0.3034
27	4	5.228	0	0	5.228
27	4	1.055	1	1	1.055
27	4	1.664	1	1	1.664
27	4	3.557	1	1	3.557
27	4	0.8046	1	1	0.8046
27	4	0.8775	1	1	0.8775
27	4	0.7077	0	0	0.7077
27	4	0.9707	1	1	0.9707
27	4	5.416	1	1	5.416
27	4	3.569	0	0	3.569
27	4	5.296	1	1	5.296
27	4	1.841	1	1	1.841
27	4	5.075	1	1	5.075
27	4	0.885	1	1	0.885
27	4	3.781	0	0	3.781
27	4	2.051	0	0	2.051
27	4	0.4038	0	0	0.4038
27	4	1.87	1	1	1.87
27	4	0.3962	0	0	0.3962
27	4	1.088	1	1	1.088
27	4	3.975	0	0	3.975
27	4	3.804	0	0	3.804
27	4	0.7118	1	0	0.7118
27	4	1.788	0	0	1.788
27	4	3.08	1	1	3.08
27	4	1.892	0	0	1.892
27	4	5.429	0	0	5.429
27	4	5.442	1	1	5.442
28	4	1.826	1	0	1.826
28	4	3.847	1	1	3.847
28	4	0.4325	1	0	0.4325
28	4	1.762	1	1	1.762
28	4	3.559	1	1	3.559
28	4	1.816	1	1	1.816
28	4	1.973	0	0	1.973
28	4	1.864	0	0	1.864
28	4	5.392	0	0	5.392
28	4	5.592	1	1	5.592
28	4	0.8584	0	0	0.8584
28	4	0.4375	0	1	0.4375
28	4	5.299	0	0	5.299
28	4	0.4952	1	1	0.4952
28	4	3.402	1	1	3.402
28	4	1.758	0	0	1.758
28	4	0.5584	0	0	0.5584
28	4	0.6503	1	1	0.6503
28	4	3.428	1	1	3.428
28	4	3.425	0	0	3.425
28	4	1.597	1	0	1.597
28	4	0.7777	0	0	0.7777
28	4	5.426	1	1	5.426
28	4	5.359	1	1	5.359
28	4	1.067	0	0	1.067
28	4	0.6159	1	0	0.6159
28	4	3.697	0	0	3.697
28	4	1.983	0	0	1.983
28	4	0.6429	1	1	0.6429
28	4	5.244	0	0	5.244
28	4	1.415	1	1	1.415
28	4	0.3105	0	1	0.3105
28	4	3.583	0	0	3.583
28	4	1.816	1	1	1.816
28	4	3.307	1	1	3.307
28	4	0.6666	1	0	0.6666
28	4	0.5569	0	0	0.5569
28	4	0.7878	0	0	0.7878
28	4	0.2863	0	0	0.2863
28	4	5.051	0	0	5.051
28	4	0.6355	1	0	0.6355
28	4	5.438	1	1	5.438
28	4	0.7129	1	0	0.7129
28	4	3.286	0	0	3.286
28	4	5.449	0	0	5.449
28	4	0.9027	0	0	0.9027
28	4	3.455	1	1	3.455
28	4	5.487	1	1	5.487
28	4	0.5391	0	0	0.5391
28	4	1.073	1	0	1.073
29	4	5.505	1	1	5.505
29	4	4.859	0	0	4.859
29	4	5.054	1	1	5.054
29	4	0.3763	1	0	0.3763
29	4	3.563	1	1	3.563
29	4	0.4395	1	0	0.4395
29	4	0.6177	0	0	0.6177
29	4	1.466	1	1	1.466
29	4	1.214	0	0	1.214
29	4	1.118	0	0	1.118
29	4	1.988	1	1	1.988
29	4	1.581	1	1	1.581
29	4	0.6225	1	1	0.6225
29	4	5.138	0	0	5.138
29	4	0.6543	0	1	0.6543
29	4	3.829	1	1	3.829
29	4	3.45	1	1	3.45
29	4	1.864	0	0	1.864
29	4	0.5941	0	1	0.5941
29	4	1.945	1	1	1.945
29	4	0.6781	1	1	0.6781
29	4	0.7245	0	0	0.7245
29	4	0.4816	1	0	0.4816
29	4	3.887	1	1	3.887
29	4	3.605	0	0	3.605
29	4	0.9654	1	1	0.9654
29	4	0.6033	1	0	0.6033
29	4	3.849	1	1	3.849
29	4	3.998	1	1	3.998
29	4	3.544	0	0	3.544
29	4	5.249	1	1	5.249
29	4	0.6398	0	1	0.6398
29	4	1.029	0	0	1.029
29	4	0.266	1	0	0.266
29	4	1.188	0	0	1.188
29	4	5.571	0	0	5.571
29	4	3.643	0	0	3.643
29	4	1.661	0	0	1.661
29	4	0.3403	0	0	0.3403
29	4	3.8	1	1	3.8
29	4	5.485	1	1	5.485
29	4	0.7654	0	0	0.7654
29	4	0.2659	0	0	0.2659
29	4	1.697	0	0	1.697
29	4	1.536	0	0	1.536
29	4	5.256	0	0	5.256
29	4	1.832	1	1	1.832
29	4	5.34	0	0	5.34
29	4	5.327	1	1	5.327
29	4	2.07	1	1	2.07
30	5	0.8879	0	0	0.8879
30	5	5.393	0	0	5.393
30	5	5.293	0	0	5.293
30	5	3.407	1	1	3.407
30	5	1.115	0	0	1.115
30	5	0.4722	1	1	0.4722
30	5	0.3544	0	1	0.3544
30	5	1.712	0	0	1.712
30	5	3.633	1	1	3.633
30	5	3.443	1	1	3.443
30	5	5.592	1	1	5.592
30	5	0.8754	1	1	0.8754
30	5	3.45	1	1	3.45
30	5	1.72	0	0	1.72
30	5	0.6498	1	1	0.6498
30	5	0.827	1	1	0.827
30	5	5.075	0	0	5.075
30	5	3.446	1	1	3.446
30	5	1.008	1	1	1.008
30	5	1.446	0	0	1.446
30	5	0.8083	0	1	0.8083
30	5	5.747	0	0	5.747
30	5	1.289	0	1	1.289
30	5	3.383	1	1	3.383
30	5	3.471	1	1	3.471
30	5	2.011	1	1	2.011
30	5	1.989	0	0	1.989
30	5	3.495	1	1	3.495
30	5	0.6962	0	0	0.6962
30	5	1.466	0	0	1.466
30	5	5.097	0	0	5.097
30	5	0.1988	0	0	0.1988
30	5	0.8217	1	1	0.8217
30	5	1.102	1	0	1.102
30	5	4.693	1	1	4.693
30	5	0.3966	0	0	0.3966
30	5	3.804	1	1	3.804
30	5	3.694	0	0	3.694
30	5	1.63	0	0	1.63
30	5	0.5678	1	1	0.5678
30	5	5.787	1	1	5.787
30	5	0.6713	1	0	0.6713
30	5	0.505	0	0	0.505
30	5	5.809	1	1	5.809
30	5	5.213	0	0	5.213
30	5	1.5	0	0	1.5
30	5	2.047	1	1	2.047
30	5	1.556	0	0	1.556
30	5	0.8312	0	0	0.8312
30	5	0.03966	1	1	0.03966
31	5	5.538	0	0	5.538
31	5	5.688	1	1	5.688
31	5	2.15	0	0	2.15
31	5	0.6809	1	0	0.6809
31	5	1.929	0	0	1.929
31	5	1.58	0	1	1.58
31	5	1.805	1	1	1.805
31	5	3.774	0	0	3.774
31	5	1.897	1	1	1.897
31	5	5.357	0	0	5.357
31	5	3.452	1	1	3.452
31	5	5.413	1	1	5.413
31	5	3.318	1	1	3.318
31	5	0.9255	1	0	0.9255
31	5	1.185	1	0	1.185
31	5	0.3606	0	1	0.3606
31	5	0.7503	1	1	0.7503
31	5	1.857	0	0	1.857
31	5	1.034	0	0	1.034
31	5	0.6853	1	1	0.6853
31	5	3.698	0	0	3.698
31	5	1.582	1	1	1.582
31	5	3.933	1	1	3.933
31	5	0.7766	1	0	0.7766
31	5	1.561	1	1	1.561
31	5	0.777	0	0	0.777
31	5	0.4511	0	1	0.4511
31	5	0.3344	0	0	0.3344
31	5	1.526	0	0	1.526
31	5	0.3108	0	0	0.3108
31	5	0.5359	0	0	0.5359
31	5	3.512	1	1	3.512
31	5	3.727	1	1	3.727
31	5	5.251	1	1	5.251
31	5	3.528	1	1	3.528
31	5	5.391	1	1	5.391
31	5	0.7702	0	0	0.7702
31	5	1.224	0	0	1.224
31	5	1.038	1	0	1.038
31	5	0.589	1	1	0.589
31	5	0.9589	0	0	0.9589
31	5	0.9004	1	0	0.9004
31	5	3.865	0	0	3.865
31	5	5.521	0	0	5.521
31	5	0.03785	0	0	0.03785
31	5	0.9035	0	0	0.9035
31	5	5.292	0	0	5.292
31	5	5.243	1	1	5.243
31	5	3.503	1	1	3.503
31	5	5.7	0	0	5.7
32	5	0.3469	1	0	0.3469
32	5	5.351	0	0	5.351
32	5	5.413	0	0	5.413
32	5	5.733	0	0	5.733
32	5	0.5472	1	1	0.5472
32	5	1.793	1	1	1.793
32	5	3.48	0	0	3.48
32	5	3.653	0	0	3.653
32	5	1.805	1	1	1.805
32	5	0.3612	1	1	0.3612
32	5	0.5029	0	1	0.5029
32	5	2.018	0	0	2.018
32	5	0.98	1	1	0.98
32	5	5.305	0	0	5.305
32	5	0.8999	1	1	0.8999
32	5	3.552	0	0	3.552
32	5	0.8158	0	0	0.8158
32	5	3.369	0	0	3.369
32	5	0.6278	1	1	0.6278
32	5	0.4046	0	1	0.4046
32	5	0.5422	0	0	0.5422
32	5	3.362	0	0	3.362
32	5	0.897	0	0	0.897
32	5	0.7822	0	1	0.7822
32	5	0.692	0	0	0.692
32	5	0.2659	0	1	0.2659
32	5	3.478	1	1	3.478
32	5	0.6428	0	1	0.6428
32	5	5.689	0	0	5.689
32	5	3.535	1	1	3.535
32	5	1.18	0	0	1.18
32	5	2.428	1	1	2.428
32	5	1.748	1	1	1.748
32	5	5.231	0	0	5.231
32	5	5.265	1	1	5.265
32	5	5.493	1	1	5.493
32	5	5.478	0	0	5.478
32	5	1.825	1	1	1.825
32	5	3.449	1	1	3.449
32	5	0.575	1	1	0.575
32	5	1.807	1	1	1.807
32	5	0.8209	1	1	0.8209
32	5	2.063	1	1	2.063
32	5	5.505	0	0	5.505
32	5	1.507	1	1	1.507
32	5	3.469	1	1	3.469
32	5	0.4851	0	0	0.4851
32	5	2.112	1	1	2.112
32	5	0.8314	1	0	0.8314
32	5	3.561	1	1	3.561
33	5	0.3386	1	0	0.3386
33	5	2.055	0	0	2.055
33	5	5.42	1	1	5.42
33	5	0.6884	1	0	0.6884
33	5	1.754	1	1	1.754
33	5	0.9374	0	0	0.9374
33	5	1.089	1	1	1.089
33	5	2.026	0	0	2.026
33	5	3.771	0	0	3.771
33	5	0.9543	1	1	0.9543
33	5	3.466	0	0	3.466
33	5	5.112	0	0	5.112
33	5	1.78	1	1	1.78
33	5	0.5262	1	1	0.5262
33	5	5.308	1	1	5.308
33	5	1.844	0	0	1.844
33	5	5.232	0	0	5.232
33	5	3.346	1	1	3.346
33	5	3.478	0	0	3.478
33	5	3.591	0	0	3.591
33	5	1.568	0	0	1.568
33	5	0.9927	0	0	0.9927
33	5	3.582	0	0	3.582
33	5	0.4625	1	1	0.4625
33	5	3.821	1	1	3.821
33	5	5.53	1	1	5.53
33	5	5.161	1	1	5.161
33	5	1.819	0	1	1.819
33	5	5.474	0	0	5.474
33	5	0.9678	1	1	0.9678
33	5	0.9366	0	0	0.9366
33	5	0.9156	1	1	0.9156
33	5	5.343	0	0	5.343
33	5	1.097	0	1	1.097
33	5	5.395	0	0	5.395
33	5	0.4108	0	0	0.4108
33	5	1.755	0	0	1.755
33	5	1.46	1	1	1.46
33	5	1.291	1	1	1.291
33	5	1.652	0	1	1.652
33	5	0.9831	1	1	0.9831
33	5	3.592	1	1	3.592
33	5	0.721	0	1	0.721
33	5	1.1	1	1	1.1
33	5	3.483	1	1	3.483
33	5	5.593	1	1	5.593
33	5	0.3471	0	0	0.3471
33	5	0.614	1	0	0.614
33	5	3.892	1	1	3.892
33	5	0.3069	0	0	0.3069
34	5	0.868	0	0	0.868
34	5	0.7576	0	1	0.7576
34	5	5.279	1	1	5.279
34	5	0.5139	1	1	0.5139
34	5	3.133	1	1	3.133
34	5	0.5113	1	1	0.5113
34	5	1.804	1	1	1.804
34	5	5.378	0	0	5.378
34	5	1.18	0	0	1.18
34	5	1.664	1	1	1.664
34	5	0.9291	0	0	0.9291
34	5	0.2799	1	0	0.2799
34	5	0.167	1	0	0.167
34	5	1.035	1	0	1.035
34	5	1.866	0	0	1.866
34	5	0.5203	0	0	0.5203
34	5	0.4216	1	0	0.4216
34	5	5.587	0	0	5.587
34	5	0.327	1	1	0.327
34	5	5.411	0	0	5.411
34	5	2.043	1	1	2.043
34	5	1.092	0	0	1.092
34	5	0.9872	0	0	0.9872
34	5	5.568	0	0	5.568
34	5	2.996	0	0	2.996
34	5	5.055	0	0	5.055
34	5	1.146	1	1	1.146
34	5	3.961	0	0	3.961
34	5	1.598	0	0	1.598
34	5	0.8198	1	0	0.8198
34	5	1.986	0	0	1.986
34	5	2.216	0	0	2.216
34	5	1.162	1	1	1.162
34	5	3.423	0	0	3.423
34	5	0.485	1	0	0.485
34	5	0.8386	1	1	0.8386
34	5	0.9077	1	1	0.9077
34	5	3.736	1	1	3.736
34	5	1.683	0	0	1.683
34	5	5.486	1	1	5.486
34	5	0.02961	1	1	0.02961
34	5	1.633	1	1	1.633
34	5	3.744	1	1	3.744
34	5	3.475	0	0	3.475
34	5	5.369	1	1	5.369
34	5	3.565	0	0	3.565
34	5	3.7	0	0	3.7
34	5	5.35	0	0	5.35
34	5	3.632	1	1	3.632
34	5	5.484	1	1	5.484
35	5	0.4905	1	0	0.4905
35	5	5.492	0	0	5.492
35	5	0.3598	0	0	0.3598
35	5	0.502	1	0	0.502
35	5	0.6074	1	1	0.6074
35	5	1.047	1	1	1.047
35	5	3.679	0	0	3.679
35	5	5.625	1	1	5.625
35	5	0.8734	0	0	0.8734
35	5	1.77	0	0	1.77
35	5	5.569	1	1	5.569
35	5	0.9299	0	0	0.9299
35	5	0.5005	1	1	0.5005
35	5	1.807	0	0	1.807
35	5	5.292	1	1	5.292
35	5	5.192	0	0	5.192
35	5	2.007	0	0	2.007
35	5	1.938	0	0	1.938
35	5	0.7835	1	1	0.7835
35	5	3.784	0	0	3.784
35	5	0.8819	0	0	0.8819
35	5	0.8531	0	0	0.8531
35	5	3.685	1	1	3.685
35	5	5.629	0	0	5.629
35	5	1.105	0	0	1.105
35	5	3.788	1	1	3.788
35	5	3.683	1	1	3.683
35	5	1.758	1	1	1.758
35	5	3.56	1	1	3.56
35	5	0.4401	1	1	0.4401
35	5	2.02	1	1	2.02
35	5	3.722	1	1	3.722
35	5	0.3507	0	0	0.3507
35	5	0.4193	0	0	0.4193
35	5	3.734	1	1	3.734
35	5	1.875	1	1	1.875
35	5	3.661	0	0	3.661
35	5	1.126	1	1	1.126
35	5	5.195	0	0	5.195
35	5	5.336	1	1	5.336
35	5	5.036	1	1	5.036
35	5	0.772	0	0	0.772
35	5	1.603	0	0	1.603
35	5	0.9781	0	0	0.9781
35	5	1.784	1	1	1.784
35	5	5.059	0	0	5.059
35	5	0.3679	0	0	0.3679
35	5	0.3801	0	0	0.3801
35	5	1.837	0	0	1.837
35	5	3.765	1	1	3.765
36	5	0.4104	0	0	0.4104
36	5	1.597	0	0	1.597
36	5	0.429	0	0	0.429
36	5	5.446	1	1	5.446
36	5	0.836	1	0	0.836
36	5	1.203	0	0	1.203
36	5	3.93	0	0	3.93
36	5	0.9554	1	1	0.9554
36	5	3.326	1	1	3.326
36	5	5.053	0	0	5.053
36	5	0.9102	0	0	0.9102
36	5	0.2353	0	0	0.2353
36	5	3.465	1	1	3.465
36	5	5.299	1	1	5.299
36	5	1.695	1	1	1.695
36	5	3.73	1	1	3.73
36	5	0.6348	0	0	0.6348
36	5	3.567	0	0	3.567
36	5	0.5458	0	0	0.5458
36	5	0.9727	1	0	0.9727
36	5	5.777	1	1	5.777
36	5	3.779	0	0	3.779
36	5	0.9037	1	1	0.9037
36	5	1.502	0	0	1.502
36	5	0.5686	0	0	0.5686
36	5	1.86	1	1	1.86
36	5	0.5278	0	1	0.5278
36	5	1.217	1	1	1.217
36	5	5.493	1	1	5.493
36	5	0.9088	1	0	0.9088
36	5	1.676	0	0	1.676
36	5	1.816	1	1	1.816
36	5	5.222	1	1	5.222
36	5	3.758	0	0	3.758
36	5	1.144	1	1	1.144
36	5	5.513	0	0	5.513
36	5	1.89	1	1	1.89
36	5	0.8034	0	0	0.8034
36	5	3.281	0	0	3.281
36	5	5.035	0	0	5.035
36	5	0.5263	1	0	0.5263
36	5	1.443	1	0	1.443
36	5	3.593	0	0	3.593
36	5	0.7342	0	0	0.7342
36	5	5.047	0	0	5.047
36	5	5.373	0	0	5.373
36	5	2.003	1	1	2.003
36	5	3.259	0	0	3.259
36	5	0.7669	1	1	0.7669
36	5	1.57	1	1	1.57
37	5	0.7687	0	0	0.7687
37	5	0.7105	1	0	0.7105
37	5	3.8	1	1	3.8
37	5	1.753	0	0	1.753
37	5	2.041	0	0	2.041
37	5	0.2666	1	0	0.2666
37	5	5.521	0	0	5.521
37	5	1.61	0	0	1.61
37	5	3.646	0	0	3.646
37	5	0.8658	1	1	0.8658
37	5	1.026	1	1	1.026
37	5	1.165	0	0	1.165
37	5	5.226	0	0	5.226
37	5	5.311	0	0	5.311
37	5	3.625	1	1	3.625
37	5	0.009899	0	0	0.009899
37	5	1.393	1	1	1.393
37	5	5.381	0	0	5.381
37	5	3.62	0	0	3.62
37	5	0.4002	0	0	0.4002
37	5	0.4561	0	0	0.4561
37	5	0.6757	1	1	0.6757
37	5	5.464	0	0	5.464
37	5	0.685	1	1	0.685
37	5	1.515	1	1	1.515
37	5	3.589	1	1	3.589
37	5	1.079	1	0	1.079
37	5	0.6277	1	0	0.6277
37	5	0.1599	0	1	0.1599
37	5	0.9144	1	0	0.9144
37	5	5.202	1	1	5.202
37	5	3.699	0	0	3.699
37	5	5.424	1	1	5.424
37	5	1.751	1	1	1.751
37	5	5.159	1	1	5.159
37	5	0.886	1	1	0.886
37	5	3.581	0	0	3.581
37	5	1.711	0	0	1.711
37	5	0.3193	0	0	0.3193
37	5	1.908	1	1	1.908
37	5	0.4624	0	0	0.4624
37	5	1.057	1	1	1.057
37	5	3.971	0	0	3.971
37	5	3.801	0	0	3.801
37	5	0.6323	1	0	0.6323
37	5	1.797	0	0	1.797
37	5	4.004	1	1	4.004
37	5	1.886	0	0	1.886
37	5	5.505	0	0	5.505
37	5	6.104	1	1	6.104
38	5	2.118	1	1	2.118
38	5	3.689	1	1	3.689
38	5	0.677	1	0	0.677
38	5	1.941	1	1	1.941
38	5	3.358	1	1	3.358
38	5	1.899	1	1	1.899
38	5	1.609	0	0	1.609
38	5	2.083	0	0	2.083
38	5	5.528	0	0	5.528
38	5	5.417	1	1	5.417
38	5	1.013	0	1	1.013
38	5	0.4595	0	0	0.4595
38	5	5.488	0	0	5.488
38	5	0.6571	1	1	0.6571
38	5	3.917	1	1	3.917
38	5	1.895	0	0	1.895
38	5	0.5841	0	0	0.5841
38	5	0.7985	1	1	0.7985
38	5	3.399	1	1	3.399
38	5	3.436	0	0	3.436
38	5	2.272	1	1	2.272
38	5	0.9054	0	0	0.9054
38	5	5.126	1	1	5.126
38	5	5.557	1	1	5.557
38	5	0.8403	0	0	0.8403
38	5	0.39	1	1	0.39
38	5	3.956	0	0	3.956
38	5	1.778	0	0	1.778
38	5	0.1288	1	0	0.1288
38	5	5.519	0	0	5.519
38	5	1.658	1	1	1.658
38	5	0.3136	0	0	0.3136
38	5	3.74	0	0	3.74
38	5	1.666	1	1	1.666
38	5	3.725	1	1	3.725
38	5	0.2395	1	1	0.2395
38	5	0.349	0	0	0.349
38	5	1.078	0	0	1.078
38	5	0.2841	0	0	0.2841
38	5	5.271	0	0	5.271
38	5	0.3179	1	0	0.3179
38	5	5.22	1	1	5.22
38	5	0.8202	1	0	0.8202
38	5	3.44	0	0	3.44
38	5	5.356	0	0	5.356
38	5	1.035	0	0	1.035
38	5	3.522	1	1	3.522
38	5	5.648	1	1	5.648
38	5	0.5874	0	0	0.5874
38	5	1.222	1	1	1.222
39	5	5.143	1	1	5.143
39	5	5.364	0	0	5.364
39	5	5.342	1	1	5.342
39	5	0.4493	1	1	0.4493
39	5	2.946	1	1	2.946
39	5	1.118	1	0	1.118
39	5	0.6696	0	1	0.6696
39	5	2.005	1	0	2.005
39	5	0.8124	0	0	0.8124
39	5	0.7261	0	0	0.7261
39	5	1.888	1	1	1.888
39	5	1.701	1	1	1.701
39	5	0.5694	1	1	0.5694
39	5	5.474	0	0	5.474
39	5	0.8226	0	0	0.8226
39	5	3.397	1	1	3.397
39	5	3.678	1	1	3.678
39	5	1.561	0	0	1.561
39	5	0.4076	0	0	0.4076
39	5	1.78	1	1	1.78
39	5	0.6923	1	1	0.6923
39	5	1.426	0	0	1.426
39	5	0.414	1	1	0.414
39	5	3.378	1	1	3.378
39	5	3.286	0	0	3.286
39	5	1.15	1	1	1.15
39	5	0.3454	1	1	0.3454
39	5	3.484	1	1	3.484
39	5	3.552	1	1	3.552
39	5	3.736	0	0	3.736
39	5	5.076	1	1	5.076
39	5	0.5068	0	0	0.5068
39	5	1.24	0	0	1.24
39	5	0.3647	1	0	0.3647
39	5	1.009	0	0	1.009
39	5	5.435	0	0	5.435
39	5	3.387	0	0	3.387
39	5	1.654	0	0	1.654
39	5	0.8442	0	0	0.8442
39	5	3.751	1	1	3.751
39	5	5.319	1	1	5.319
39	5	0.6311	0	0	0.6311
39	5	0.399	0	0	0.399
39	5	1.588	0	0	1.588
39	5	2.092	0	0	2.092
39	5	5.317	0	0	5.317
39	5	1.987	1	1	1.987
39	5	5.231	0	0	5.231
39	5	5.234	1	1	5.234
39	5	1.945	1	1	1.945
40	6	0.8879	0	0	0.8879
40	6	5.304	0	0	5.304
40	6	5.421	0	0	5.421
40	6	3.838	1	1	3.838
40	6	0.5834	0	0	0.5834
40	6	0.3701	1	1	0.3701
40	6	0.2357	0	1	0.2357
40	6	2.015	0	1	2.015
40	6	3.561	1	1	3.561
40	6	3.642	1	1	3.642
40	6	5.425	1	1	5.425
40	6	1.171	1	1	1.171
40	6	3.784	1	1	3.784
40	6	2.181	0	0	2.181
40	6	0.5596	1	1	0.5596
40	6	0.859	1	1	0.859
40	6	5.135	0	0	5.135
40	6	3.441	1	1	3.441
40	6	1.017	1	0	1.017
40	6	1.935	0	0	1.935
40	6	1.171	0	0	1.171
40	6	5.59	0	0	5.59
40	6	0.8579	0	0	0.8579
40	6	3.257	1	1	3.257
40	6	3.583	1	1	3.583
40	6	1.721	1	1	1.721
40	6	1.819	0	0	1.819
40	6	3.758	1	1	3.758
40	6	0.5608	0	0	0.5608
40	6	1.463	0	0	1.463
40	6	5.096	0	0	5.096
40	6	0.1958	0	0	0.1958
40	6	0.8163	1	0	0.8163
40	6	1.104	1	0	1.104
40	6	4.703	1	1	4.703
40	6	0.409	0	0	0.409
40	6	3.788	1	1	3.788
40	6	3.688	0	0	3.688
40	6	1.63	0	0	1.63
40	6	0.5723	1	0	0.5723
40	6	5.781	1	1	5.781
40	6	0.681	1	1	0.681
40	6	0.5047	0	1	0.5047
40	6	5.813	1	1	5.813
40	6	5.211	0	0	5.211
40	6	1.497	0	0	1.497
40	6	2.047	1	1	2.047
40	6	1.555	0	0	1.555
40	6	0.8273	0	0	0.8273
40	6	0.04302	1	1	0.04302
41	6	5.395	0	0	5.395
41	6	5.113	1	1	5.113
41	6	1.71	0	0	1.71
41	6	0.2913	1	1	0.2913
41	6	1.943	0	0	1.943
41	6	1.857	0	0	1.857
41	6	1.857	1	1	1.857
41	6	3.523	0	0	3.523
41	6	1.828	1	1	1.828
41	6	5.341	0	0	5.341
41	6	4.159	1	1	4.159
41	6	5.731	1	1	5.731
41	6	3.657	1	1	3.657
41	6	0.7253	1	1	0.7253
41	6	1.836	1	1	1.836
41	6	0.5223	0	1	0.5223
41	6	0.4857	1	1	0.4857
41	6	1.711	0	0	1.711
41	6	1.152	0	0	1.152
41	6	0.1293	1	1	0.1293
41	6	3.564	0	0	3.564
41	6	1.604	1	0	1.604
41	6	3.751	1	1	3.751
41	6	0.8508	1	1	0.8508
41	6	1.968	1	1	1.968
41	6	0.7035	0	0	0.7035
41	6	0.7451	0	0	0.7451
41	6	0.07005	0	0	0.07005
41	6	2.012	0	0	2.012
41	6	0.0273	1	0	0.0273
41	6	0.4376	0	0	0.4376
41	6	3.505	1	1	3.505
41	6	3.601	1	1	3.601
41	6	5.294	1	1	5.294
41	6	3.583	1	1	3.583
41	6	5.263	1	1	5.263
41	6	1.179	0	0	1.179
41	6	0.817	0	0	0.817
41	6	1.247	1	0	1.247
41	6	0.2265	1	0	0.2265
41	6	1.185	0	0	1.185
41	6	1.064	1	0	1.064
41	6	3.59	0	0	3.59
41	6	5.656	0	0	5.656
41	6	0.1212	1	0	0.1212
41	6	1.196	0	0	1.196
41	6	5.751	0	0	5.751
41	6	5.037	1	1	5.037
41	6	3.423	1	1	3.423
41	6	5.718	0	0	5.718
42	6	0.4333	1	1	0.4333
42	6	5.368	0	0	5.368
42	6	5.246	0	0	5.246
42	6	5.337	0	0	5.337
42	6	0.2531	1	0	0.2531
42	6	1.622	1	1	1.622
42	6	3.812	0	0	3.812
42	6	4.036	0	0	4.036
42	6	1.817	1	1	1.817
42	6	0.5709	1	0	0.5709
42	6	0.5477	0	0	0.5477
42	6	1.629	0	0	1.629
42	6	0.7904	1	1	0.7904
42	6	5.308	0	0	5.308
42	6	1.154	1	1	1.154
42	6	3.395	0	0	3.395
42	6	1.006	0	0	1.006
42	6	3.418	0	0	3.418
42	6	0.9505	1	0	0.9505
42	6	0.02363	0	1	0.02363
42	6	0.5939	0	1	0.5939
42	6	3.687	0	0	3.687
42	6	0.5767	0	0	0.5767
42	6	0.2825	0	0	0.2825
42	6	0.973	0	0	0.973
42	6	0.3315	0	1	0.3315
42	6	3.816	1	1	3.816
42	6	1.282	0	0	1.282
42	6	5.044	0	0	5.044
42	6	3.531	1	1	3.531
42	6	0.8291	0	1	0.8291
42	6	1.671	1	1	1.671
42	6	2.007	1	1	2.007
42	6	5.61	0	0	5.61
42	6	5.441	1	1	5.441
42	6	5.26	1	1	5.26
42	6	5.507	0	0	5.507
42	6	1.815	1	1	1.815
42	6	3.04	1	1	3.04
42	6	0.6542	1	1	0.6542
42	6	1.905	1	1	1.905
42	6	0.7963	1	1	0.7963
42	6	1.824	1	1	1.824
42	6	5.309	0	0	5.309
42	6	2.413	1	1	2.413
42	6	3.85	1	1	3.85
42	6	0.4166	0	0	0.4166
42	6	1.883	1	1	1.883
42	6	0.6494	1	1	0.6494
42	6	3.895	1	1	3.895
43	6	0.4587	1	0	0.4587
43	6	1.772	0	0	1.772
43	6	5.432	1	1	5.432
43	6	0.5219	1	1	0.5219
43	6	1.996	1	1	1.996
43	6	1.128	0	0	1.128
43	6	0.8066	1	1	0.8066
43	6	1.379	0	0	1.379
43	6	3.54	0	0	3.54
43	6	1.184	1	1	1.184
43	6	3.391	0	0	3.391
43	6	5.564	0	0	5.564
43	6	1.685	1	1	1.685
43	6	0.7075	1	1	0.7075
43	6	5.104	1	1	5.104
43	6	1.445	0	0	1.445
43	6	5.263	0	0	5.263
43	6	3.268	1	1	3.268
43	6	3.492	0	0	3.492
43	6	3.586	0	0	3.586
43	6	1.533	0	0	1.533
43	6	0.8775	0	0	0.8775
43	6	3.603	0	0	3.603
43	6	0.4694	1	1	0.4694
43	6	3.472	1	1	3.472
43	6	5.209	1	1	5.209
43	6	4.969	1	1	4.969
43	6	1.939	0	0	1.939
43	6	5.441	0	0	5.441
43	6	0.7721	1	1	0.7721
43	6	0.9327	0	0	0.9327
43	6	0.5205	1	1	0.5205
43	6	5.434	0	0	5.434
43	6	0.6183	0	0	0.6183
43	6	5.524	0	0	5.524
43	6	0.6356	0	1	0.6356
43	6	1.566	0	0	1.566
43	6	1.598	1	1	1.598
43	6	0.8884	1	1	0.8884
43	6	1.48	0	0	1.48
43	6	1.162	1	1	1.162
43	6	3.696	1	1	3.696
43	6	0.9799	0	1	0.9799
43	6	1.096	1	1	1.096
43	6	3.323	1	1	3.323
43	6	5.733	1	1	5.733
43	6	0.2899	0	0	0.2899
43	6	0.6813	1	1	0.6813
43	6	3.671	1	1	3.671
43	6	0.5197	0	0	0.5197
44	6	0.7996	0	0	0.7996
44	6	0.278	0	0	0.278
44	6	5.024	1	1	5.024
44	6	0.41	1	1	0.41
44	6	3.371	1	1	3.371
44	6	0.02563	1	1	0.02563
44	6	1.977	1	1	1.977
44	6	5.051	0	0	5.051
44	6	0.9993	0	1	0.9993
44	6	2.137	1	1	2.137
44	6	0.6737	0	1	0.6737
44	6	0.5692	1	1	0.5692
44	6	0.3901	1	0	0.3901
44	6	0.5604	1	0	0.5604
44	6	1.782	0	0	1.782
44	6	0.6831	0	0	0.6831
44	6	0.5449	1	1	0.5449
44	6	5.488	0	0	5.488
44	6	0.64	1	1	0.64
44	6	5.688	0	0	5.688
44	6	1.912	1	1	1.912
44	6	0.7185	0	1	0.7185
44	6	0.9907	0	0	0.9907
44	6	5.143	0	0	5.143
44	6	3.107	0	0	3.107
44	6	5.474	0	0	5.474
44	6	1.969	1	1	1.969
44	6	3.687	0	0	3.687
44	6	1.665	0	1	1.665
44	6	0.6585	1	1	0.6585
44	6	1.709	0	0	1.709
44	6	2.118	0	0	2.118
44	6	0.8532	1	1	0.8532
44	6	3.603	0	0	3.603
44	6	0.09253	1	1	0.09253
44	6	1.079	1	1	1.079
44	6	0.9477	1	1	0.9477
44	6	3.673	1	1	3.673
44	6	1.474	0	0	1.474
44	6	5.535	1	1	5.535
44	6	0.9887	1	1	0.9887
44	6	2.162	1	1	2.162
44	6	3.65	1	1	3.65
44	6	3.737	0	0	3.737
44	6	5.501	1	1	5.501
44	6	3.57	0	0	3.57
44	6	3.754	0	0	3.754
44	6	5.042	0	0	5.042
44	6	3.796	1	1	3.796
44	6	5.507	1	1	5.507
45	6	0.3977	1	0	0.3977
45	6	5.174	0	0	5.174
45	6	0.3219	0	1	0.3219
45	6	0.1839	1	0	0.1839
45	6	0.4908	1	1	0.4908
45	6	0.8647	1	1	0.8647
45	6	3.713	0	0	3.713
45	6	5.641	1	1	5.641
45	6	0.6537	0	0	0.6537
45	6	1.795	0	0	1.795
45	6	5.339	1	1	5.339
45	6	0.8876	0	0	0.8876
45	6	0.3399	1	1	0.3399
45	6	1.606	0	0	1.606
45	6	5.096	1	1	5.096
45	6	5.336	0	0	5.336
45	6	1.596	0	0	1.596
45	6	2.067	0	0	2.067
45	6	1.077	1	1	1.077
45	6	3.771	0	0	3.771
45	6	0.7293	0	0	0.7293
45	6	0.3682	0	1	0.3682
45	6	3.877	1	1	3.877
45	6	5.387	0	0	5.387
45	6	0.9303	0	0	0.9303
45	6	3.44	1	1	3.44
45	6	3.417	1	1	3.417
45	6	1.72	1	1	1.72
45	6	3.605	1	1	3.605
45	6	0.8431	1	1	0.8431
45	6	1.695	1	1	1.695
45	6	3.382	1	1	3.382
45	6	0.4556	0	1	0.4556
45	6	0.7917	0	0	0.7917
45	6	3.516	1	1	3.516
45	6	1.87	1	1	1.87
45	6	3.827	0	0	3.827
45	6	0.7473	1	1	0.7473
45	6	5.403	0	0	5.403
45	6	5.495	1	1	5.495
45	6	5.105	1	1	5.105
45	6	0.6939	0	0	0.6939
45	6	1.399	0	0	1.399
45	6	1.048	0	0	1.048
45	6	1.874	1	1	1.874
45	6	5.403	0	0	5.403
45	6	0.6826	0	0	0.6826
45	6	0.8614	0	0	0.8614
45	6	1.699	0	0	1.699
45	6	3.761	1	1	3.761
46	6	0.08526	0	1	0.08526
46	6	1.442	0	0	1.442
46	6	0.5785	0	1	0.5785
46	6	5.471	1	1	5.471
46	6	0.8865	1	1	0.8865
46	6	0.5887	0	0	0.5887
46	6	4.027	0	0	4.027
46	6	0.1474	1	1	0.1474
46	6	3.696	1	1	3.696
46	6	5.517	0	0	5.517
46	6	0.9642	0	0	0.9642
46	6	0.5217	0	1	0.5217
46	6	3.4	1	1	3.4
46	6	5.014	1	1	5.014
46	6	1.822	1	1	1.822
46	6	3.502	1	1	3.502
46	6	0.244	0	0	0.244
46	6	3.398	0	0	3.398
46	6	0.34	0	1	0.34
46	6	0.618	1	0	0.618
46	6	4.99	1	1	4.99
46	6	3.564	0	0	3.564
46	6	0.9197	1	1	0.9197
46	6	1.823	0	0	1.823
46	6	0.6872	0	0	0.6872
46	6	1.598	1	1	1.598
46	6	0.7862	0	0	0.7862
46	6	1.255	1	1	1.255
46	6	5.43	1	1	5.43
46	6	0.484	1	1	0.484
46	6	1.804	0	0	1.804
46	6	1.824	1	1	1.824
46	6	5.311	1	1	5.311
46	6	3.484	0	0	3.484
46	6	0.7332	1	0	0.7332
46	6	5.541	0	0	5.541
46	6	1.677	1	1	1.677
46	6	1.217	0	0	1.217
46	6	3.563	0	0	3.563
46	6	5.44	0	0	5.44
46	6	0.6256	1	1	0.6256
46	6	1.77	1	0	1.77
46	6	3.461	0	0	3.461
46	6	1.041	0	0	1.041
46	6	5.431	0	0	5.431
46	6	5.357	0	0	5.357
46	6	1.523	1	0	1.523
46	6	3.898	0	0	3.898
46	6	0.3295	1	0	0.3295
46	6	1.764	1	1	1.764
47	6	0.6818	0	0	0.6818
47	6	0.5825	1	0	0.5825
47	6	3.266	1	1	3.266
47	6	2.047	0	0	2.047
47	6	1.866	0	0	1.866
47	6	0.4573	1	1	0.4573
47	6	5.554	0	0	5.554
47	6	1.819	0	0	1.819
47	6	3.815	0	0	3.815
47	6	0.877	1	0	0.877
47	6	1.069	1	1	1.069
47	6	0.6841	0	1	0.6841
47	6	5.438	0	0	5.438
47	6	5.494	0	0	5.494
47	6	4.247	1	1	4.247
47	6	0.4017	1	1	0.4017
47	6	1.876	1	1	1.876
47	6	5.451	0	0	5.451
47	6	3.673	0	0	3.673
47	6	0.2483	0	0	0.2483
47	6	0.3575	0	0	0.3575
47	6	0.3117	1	1	0.3117
47	6	5.009	0	0	5.009
47	6	0.8319	1	1	0.8319
47	6	1.778	1	1	1.778
47	6	3.733	1	1	3.733
47	6	0.8553	1	1	0.8553
47	6	0.9004	1	1	0.9004
47	6	0.4379	0	0	0.4379
47	6	0.7754	1	1	0.7754
47	6	5.114	1	1	5.114
47	6	3.406	0	0	3.406
47	6	5.303	1	1	5.303
47	6	1.995	1	1	1.995
47	6	5.426	1	1	5.426
47	6	0.7596	1	1	0.7596
47	6	3.561	0	0	3.561
47	6	1.399	0	0	1.399
47	6	0.3165	0	0	0.3165
47	6	1.515	1	0	1.515
47	6	0.6523	0	0	0.6523
47	6	1.275	1	1	1.275
47	6	3.456	0	0	3.456
47	6	3.481	0	0	3.481
47	6	0.321	1	1	0.321
47	6	1.708	0	0	1.708
47	6	3.557	1	1	3.557
47	6	1.903	0	0	1.903
47	6	5.364	0	0	5.364
47	6	5.408	1	1	5.408
48	6	1.52	1	1	1.52
48	6	3.697	1	1	3.697
48	6	0.4333	1	0	0.4333
48	6	1.772	1	1	1.772
48	6	3.327	1	1	3.327
48	6	1.969	1	1	1.969
48	6	2.087	0	0	2.087
48	6	2.177	0	0	2.177
48	6	4.88	0	0	4.88
48	6	5.742	1	1	5.742
48	6	0.5736	0	1	0.5736
48	6	0.4009	0	0	0.4009
48	6	5.217	0	0	5.217
48	6	0.673	1	1	0.673
48	6	3.958	1	1	3.958
48	6	1.947	0	0	1.947
48	6	0.8174	0	0	0.8174
48	6	0.5445	1	1	0.5445
48	6	3.708	1	1	3.708
48	6	3.596	0	0	3.596
48	6	1.821	1	1	1.821
48	6	0.6057	0	1	0.6057
48	6	5.61	1	1	5.61
48	6	5.439	1	1	5.439
48	6	0.8429	0	0	0.8429
48	6	0.4648	1	0	0.4648
48	6	3.811	0	0	3.811
48	6	1.747	0	0	1.747
48	6	0.9152	1	0	0.9152
48	6	5.268	0	0	5.268
48	6	1.766	1	1	1.766
48	6	0.2643	0	0	0.2643
48	6	3.667	0	0	3.667
48	6	1.788	1	1	1.788
48	6	3.679	1	1	3.679
48	6	0.855	1	1	0.855
48	6	0.548	0	1	0.548
48	6	0.7366	0	0	0.7366
48	6	0.4452	0	0	0.4452
48	6	5.425	0	0	5.425
48	6	0.4274	1	0	0.4274
48	6	5.321	1	1	5.321
48	6	1.005	1	1	1.005
48	6	3.734	0	0	3.734
48	6	5.562	0	0	5.562
48	6	0.7463	0	0	0.7463
48	6	3.733	1	1	3.733
48	6	5.065	1	1	5.065
48	6	0.8077	0	0	0.8077
48	6	0.817	1	1	0.817
49	6	5.303	1	1	5.303
49	6	5.184	0	0	5.184
49	6	5.046	1	1	5.046
49	6	0.3123	1	0	0.3123
49	6	3.42	1	1	3.42
49	6	0.9257	1	1	0.9257
49	6	0.3507	0	0	0.3507
49	6	1.582	1	1	1.582
49	6	0.9031	0	0	0.9031
49	6	0.9447	0	0	0.9447
49	6	2.215	1	1	2.215
49	6	1.84	1	1	1.84
49	6	0.567	1	1	0.567
49	6	5.26	0	0	5.26
49	6	0.8437	0	0	0.8437
49	6	3.24	1	1	3.24
49	6	3.643	1	1	3.643
49	6	1.762	0	0	1.762
49	6	0.5275	0	0	0.5275
49	6	1.744	1	1	1.744
49	6	1.011	1	0	1.011
49	6	1.086	0	0	1.086
49	6	0.5739	1	0	0.5739
49	6	3.708	1	1	3.708
49	6	3.486	0	0	3.486
49	6	0.8098	1	1	0.8098
49	6	0.6127	1	1	0.6127
49	6	3.709	1	1	3.709
49	6	3.989	1	1	3.989
49	6	4.052	0	0	4.052
49	6	5.269	1	1	5.269
49	6	0.2994	0	0	0.2994
49	6	1.106	0	0	1.106
49	6	0.427	1	0	0.427
49	6	1.079	0	0	1.079
49	6	5.374	0	0	5.374
49	6	3.634	0	0	3.634
49	6	1.968	0	0	1.968
49	6	0.5874	0	1	0.5874
49	6	3.895	1	1	3.895
49	6	5.097	1	1	5.097
49	6	1.024	0	0	1.024
49	6	0.4678	0	0	0.4678
49	6	2.102	0	0	2.102
49	6	1.617	0	0	1.617
49	6	5.451	0	0	5.451
49	6	1.841	1	1	1.841
49	6	5.127	0	0	5.127
49	6	5.23	1	1	5.23
49	6	1.52	1	1	1.52
