0	2	0.7528	0	1	0.2301	1.296
0	2	1.54	1	0	-0.51	1.81
0	2	0.915	0	0	0.4178	-0.2044
0	2	0.8684	0	0	0.3301	-0.1991
0	2	0.5379	1	1	0.2597	-0.05497
0	2	0.2397	1	1	-0.2168	0.1312
0	2	5.532	1	1	0.4452	-1.397
0	2	0.3542	1	1	0.4703	0.02382
0	2	0.4232	0	0	0.1433	0.03215
0	2	0.6278	1	1	0.1022	-0.123
0	2	0.5659	1	0	0.5352	1.263
0	2	5.255	0	0	0.04959	-1.381
0	2	0.3636	0	0	0.358	0.00864
0	2	1.753	1	0	0.2942	1.859
0	2	1.673	1	1	0.06675	-0.5702
0	2	5.301	0	0	0.2041	-1.383
0	2	1.681	0	1	0.149	1.753
0	2	0.956	1	1	0.009329	-0.2336
0	2	5.572	1	1	-0.08958	-1.402
0	2	5.323	0	0	0.0009878	-1.391
0	2	0.2953	0	1	0.1647	1.061
0	2	1.801	1	1	-0.2315	-0.6273
0	2	0.7069	1	1	-0.2327	-0.08727
0	2	0.2938	1	1	-0.921	0.0715
0	2	0.31	1	1	0.1223	0.01929
0	2	5.299	1	1	0.01207	-1.39
0	2	1.675	0	0	-0.07333	-0.555
0	2	0.3882	0	1	-0.371	1.122
0	2	0.6571	1	1	0.321	-0.1023
0	2	0.9393	1	1	-0.329	-0.2256
0	2	0.437	0	1	0.09389	1.113
0	2	0.2997	0	1	0.1348	1.22
0	2	0.4271	1	1	0.2258	0.01656
0	2	1.792	0	0	0.6007	-0.5945
0	2	0.883	0	0	-0.2803	-0.2494
0	2	1.887	0	1	0.2079	1.96
0	2	0.8658	1	1	-0.03957	-0.1895
0	2	1.92	1	1	-0.04706	-0.6447
0	2	5.206	1	1	0.6953	-1.372
0	2	0.555	0	1	-0.04467	1.302
0	2	0.07599	1	1	-0.06267	0.964
0	2	0.07125	0	1	0.002718	1.057
0	2	0.9732	1	1	-0.2197	-0.2328
0	2	5.386	0	0	-0.09148	-1.393
0	2	0.352	1	1	0.2141	0.04381
0	2	5.321	0	0	-0.2265	-1.386
0	2	5.271	0	0	0.662	-1.384
0	2	1.566	0	1	-0.5768	1.821
0	2	0.4346	1	0	-0.5124	1.277
0	2	0.9024	0	0	-0.996	-0.2294
1	2	1.806	1	1	0.4902	-0.596
1	2	5.387	0	0	-0.9192	-1.39
1	2	0.2271	1	1	0.5708	0.1087
1	2	1.806	1	1	0.356	-0.6194
1	2	0.2173	0	0	-0.6221	0.1155
1	2	5.387	0	0	1.891	-1.391
1	2	0.2271	1	1	0.5117	0.0813
1	2	0.442	0	1	-1.746	1.154
1	2	0.442	0	1	0.9668	1.287
1	2	0.442	0	1	-1.625	1.302
1	2	0.2271	1	1	0.01838	0.1285
1	2	5.387	0	0	-0.4978	-1.397
1	2	1.806	1	1	-0.5543	-0.615
1	2	0.442	0	1	0.04424	1.111
1	2	1.806	1	1	0.2347	-0.6288
1	2	0.8946	0	1	1.071	1.488
1	2	5.387	0	0	-1.283	-1.393
1	2	5.404	1	1	-0.3739	-1.397
1	2	0.8946	0	0	0.4096	-0.2321
1	2	0.4631	1	1	-0.1174	0.01456
1	2	0.2271	1	1	0.2824	0.105
1	2	5.404	1	1	1.315	-1.403
1	2	0.9165	1	1	0.6989	-0.2238
1	2	0.2173	0	1	0.9158	1.121
1	2	5.404	1	1	1.082	-1.396
1	2	0.9165	1	1	0.09487	-0.1973
1	2	0.2173	0	0	0.2749	0.1009
1	2	5.387	0	0	-0.3485	-1.394
1	2	5.404	1	1	1.374	-1.388
1	2	0.4631	1	0	0.3082	1.185
1	2	0.8946	0	0	-0.5243	-0.1858
1	2	0.4631	1	1	2.4	0.04517
1	2	0.2271	1	1	-0.2513	0.1206
1	2	1.797	0	0	1.736	-0.6272
1	2	1.797	0	0	-0.9467	-0.6114
1	2	0.9165	1	1	-0.6295	-0.2423
1	2	0.4631	1	1	0.6558	0.008796
1	2	0.9165	1	0	0.839	1.43
1	2	0.4631	1	1	-0.8188	0.004316
1	2	0.2173	0	1	0.6785	1.084
1	2	0.8946	0	0	-2.403	-0.2055
1	2	0.2173	0	0	-1.65	0.1543
1	2	0.442	0	0	0.4664	0.1019
1	2	1.806	1	1	-0.2006	-0.6007
1	2	1.806	1	1	-3.102	-0.6225
1	2	1.806	1	1	-0.8178	-0.5668
1	2	1.797	0	0	1.119	-0.6118
1	2	0.8946	0	0	0.04435	-0.2052
1	2	0.8946	0	1	1.213	1.443
1	2	5.387	0	0	-2.379	-1.386
2	2	1.797	0	0	0.9637	-0.6188
2	2	1.806	1	1	-0.2442	-0.6081
2	2	0.2173	0	0	-0.8224	0.1523
2	2	0.8946	0	1	0.3742	1.32
2	2	0.9165	1	1	-0.1786	-0.2391
2	2	0.442	0	0	-0.4363	0.01319
2	2	5.404	1	1	0.8431	-1.387
2	2	0.2173	0	0	0.8855	0.1416
2	2	0.8946	0	0	1.539	-0.1926
2	2	0.2173	0	0	1.98	0.104
2	2	0.2173	0	0	1.076	0.1624
2	2	1.797	0	0	0.6579	-0.6169
2	2	5.387	0	0	1.402	-1.39
2	2	0.442	0	1	1.25	1.209
2	2	0.2173	0	1	0.7247	1.15
2	2	5.387	0	0	-0.9804	-1.39
2	2	0.442	0	1	1.278	1.188
2	2	0.4631	1	0	0.5165	1.247
2	2	0.2173	0	0	2.98	0.12
2	2	5.404	1	1	0.8806	-1.395
2	2	5.404	1	1	2.527	-1.398
2	2	0.8946	0	1	2.379	1.338
2	2	0.9165	1	1	-0.5919	-0.1964
2	2	0.4631	1	1	1.763	-0.009883
2	2	0.9165	1	1	0.7195	-0.2332
2	2	0.9165	1	1	0.304	-0.2406
2	2	0.4631	1	1	0.7709	-0.05496
2	2	5.387	0	0	0.5245	-1.386
2	2	5.404	1	1	0.7427	-1.399
2	2	1.806	1	1	-0.6539	-0.5962
2	2	0.2271	1	0	0.3669	1.128
2	2	1.806	1	1	0.2373	-0.5757
2	2	0.4631	1	1	-1.738	-0.009752
2	2	5.404	1	1	0.4447	-1.389
2	2	0.4631	1	1	-2.031	-0.05042
2	2	0.8946	0	0	-0.08552	-0.2015
2	2	1.797	0	0	1.542	-0.622
2	2	5.404	1	1	-1.474	-1.391
2	2	1.806	1	1	2.384	-0.6063
2	2	0.9165	1	1	-0.2035	-0.2469
2	2	0.2271	1	1	-0.3664	0.08794
2	2	1.797	0	1	1.648	1.842
2	2	0.9165	1	1	1.298	-0.1736
2	2	0.2271	1	0	-0.9433	1.152
2	2	0.442	0	1	-0.9311	1.231
2	2	5.387	0	0	0.06307	-1.398
2	2	0.2173	0	1	0.1102	1.067
2	2	0.442	0	1	-1.251	1.166
2	2	1.806	1	1	-1.565	-0.5715
2	2	1.797	0	1	-0.6713	1.868
3	2	0.8946	0	1	1.511	1.438
3	2	0.8946	0	0	0.7991	-0.1953
3	2	0.2271	1	1	-0.05947	0.1307
3	2	0.9165	1	1	-0.9063	-0.1736
3	2	1.806	1	1	0.2998	-0.6003
3	2	1.797	0	0	0.5298	-0.6183
3	2	0.442	0	1	0.2742	1.271
3	2	0.2173	0	1	0.6164	1.117
3	2	0.9165	1	1	2.612	-0.2315
3	2	0.8946	0	0	-0.05624	-0.2499
3	2	0.4631	1	1	-0.2819	0.03696
3	2	0.2173	0	1	-0.3921	1.149
3	2	5.404	1	1	-1.497	-1.385
3	2	5.387	0	0	-0.6368	-1.395
3	2	0.4631	1	1	0.603	0.01398
3	2	1.797	0	0	0.3668	-0.6307
3	2	5.387	0	0	-0.5783	-1.392
3	2	1.797	0	1	-1.022	1.747
3	2	5.387	0	0	-0.4541	-1.393
3	2	0.9165	1	1	0.8378	-0.1846
3	2	0.2271	1	1	-0.5605	0.121
3	2	0.442	0	1	-1.479	1.228
3	2	5.387	0	0	-2.176	-1.394
3	2	5.404	1	1	-0.5285	-1.385
3	2	5.404	1	1	-0.7258	-1.394
3	2	0.442	0	0	-0.6843	0.002663
3	2	1.806	1	1	2.149	-0.5793
3	2	0.2271	1	1	0.6876	0.1271
3	2	5.387	0	0	-0.2559	-1.394
3	2	0.2173	0	1	0.3278	1.091
3	2	0.2271	1	1	-0.1599	0.1393
3	2	0.8946	0	1	-0.4734	1.501
3	2	5.387	0	0	-0.7165	-1.393
3	2	0.2271	1	0	0.3183	1.074
3	2	0.2271	1	1	-1.275	0.09892
3	2	1.806	1	1	-2.331	-0.5992
3	2	1.797	0	1	-0.2269	1.722
3	2	0.4631	1	1	-0.005421	-0.03556
3	2	0.4631	1	1	0.4485	0.01723
3	2	0.8946	0	0	-0.8098	-0.2693
3	2	0.4631	1	1	1.19	0.01612
3	2	0.4631	1	1	0.05253	-0.01431
3	2	0.2173	0	1	-0.5225	1.095
3	2	1.797	0	1	-1.368	1.959
3	2	0.4631	1	1	1.087	0.009559
3	2	1.797	0	1	0.5403	1.841
3	2	1.797	0	0	-0.8147	-0.5654
3	2	0.9165	1	1	0.2045	-0.2554
3	2	0.9165	1	1	0.3703	-0.1882
3	2	5.404	1	1	0.07157	-1.397
4	2	0.4631	1	1	1.512	-0.02624
4	2	0.2271	1	0	-1.648	1.133
4	2	0.442	0	1	-1.009	1.169
4	2	0.2173	0	0	0.6768	0.05549
4	2	5.387	0	0	-0.492	-1.383
4	2	1.797	0	0	0.8298	-0.5895
4	2	1.806	1	1	0.4417	-0.5724
4	2	0.442	0	0	-0.5764	0.006556
4	2	0.4631	1	1	0.3292	-0.02544
4	2	1.806	1	1	0.7267	-0.6167
4	2	0.2271	1	1	-1.6	0.1497
4	2	0.2173	0	1	-1.568	1.083
4	2	1.797	0	0	0.8986	-0.6138
4	2	5.387	0	0	0.6752	-1.392
4	2	1.806	1	1	-0.3571	-0.6147
4	2	0.4631	1	1	-0.5946	-0.006531
4	2	0.8946	0	0	-0.8343	-0.1586
4	2	0.2173	0	1	0.446	1.159
4	2	5.387	0	0	0.5161	-1.395
4	2	0.4631	1	1	1.879	-0.03063
4	2	1.806	1	1	-2.296	-0.6034
4	2	5.404	1	1	-2.225	-1.39
4	2	5.404	1	1	-0.5503	-1.386
4	2	0.8946	0	0	1.24	-0.1933
4	2	0.8946	0	0	-0.8077	-0.2465
4	2	1.797	0	0	1.175	-0.5925
4	2	1.797	0	1	2.541	1.817
4	2	0.4631	1	1	0.5729	-0.009456
4	2	5.404	1	1	-0.4168	-1.391
4	2	0.4631	1	1	-0.3325	-0.01544
4	2	0.9165	1	0	-0.1639	1.513
4	2	0.2173	0	0	-0.9205	0.1036
4	2	0.9165	1	0	0.458	1.464
4	2	0.9165	1	1	0.08099	-0.2082
4	2	0.9165	1	1	0.001472	-0.2302
4	2	0.4631	1	1	1.182	0.02115
4	2	1.806	1	1	-0.3754	-0.6229
4	2	1.797	0	0	-1.037	-0.5987
4	2	0.2173	0	0	-1.197	0.07835
4	2	5.404	1	1	1.075	-1.391
4	2	0.9165	1	1	-0.3656	-0.2432
4	2	0.2173	0	1	0.1871	1.099
4	2	0.4631	1	1	-0.18	0.007876
4	2	0.2173	0	1	0.8844	1.015
4	2	5.387	0	0	0.5438	-1.391
4	2	5.387	0	0	-2.137	-1.389
4	2	0.2173	0	0	-0.8647	0.1059
4	2	0.8946	0	0	0.5585	-0.1828
4	2	5.404	1	1	-3.114	-1.382
4	2	0.8946	0	1	1.798	1.483
5	2	1.806	1	1	1.977	-0.6318
5	2	0.9165	1	1	0.3482	-0.2357
5	2	1.797	0	0	-1.112	-0.6196
5	2	1.806	1	1	-0.2098	-0.6059
5	2	0.9165	1	1	1.002	-0.1616
5	2	0.8946	0	0	-1.631	-0.2098
5	2	1.797	0	1	-1.769	1.942
5	2	1.806	1	1	0.6942	-0.6079
5	2	0.9165	1	1	0.4775	-0.2192
5	2	0.2173	0	1	-0.09844	1.086
5	2	1.797	0	0	-0.5539	-0.5844
5	2	1.797	0	0	0.4236	-0.6122
5	2	0.2271	1	1	1.209	0.09407
5	2	0.442	0	1	-0.6177	1.186
5	2	0.4631	1	1	1.608	0.01532
5	2	0.442	0	0	-2.06	0.01154
5	2	1.797	0	0	1.458	-0.5968
5	2	5.387	0	0	0.1108	-1.397
5	2	1.797	0	0	-0.7997	-0.5699
5	2	0.2173	0	0	0.2939	0.1408
5	2	5.404	1	1	0.4197	-1.399
5	2	0.8946	0	1	-0.7525	1.492
5	2	5.387	0	0	-0.7707	-1.383
5	2	0.442	0	1	-0.403	1.205
5	2	0.8946	0	0	1.227	-0.1953
5	2	0.2271	1	1	-0.8843	0.08934
5	2	0.4631	1	0	-0.3295	1.253
5	2	5.387	0	0	-1.622	-1.394
5	2	0.9165	1	0	-0.841	1.454
5	2	5.387	0	0	0.9895	-1.392
5	2	0.2271	1	1	-2.321	0.1391
5	2	0.4631	1	1	0.4384	0.03493
5	2	0.2173	0	1	-0.7328	1.086
5	2	5.387	0	0	-0.6967	-1.391
5	2	5.404	1	1	1.618	-1.391
5	2	0.2173	0	1	-2.346	1.182
5	2	5.404	1	1	-0.9899	-1.397
5	2	0.4631	1	1	1.255	0.02347
5	2	0.442	0	1	1.478	1.245
5	2	0.2173	0	0	-0.3503	0.09984
5	2	0.2271	1	1	0.09844	0.1324
5	2	0.4631	1	1	0.8921	0.01492
5	2	5.404	1	1	-0.2022	-1.396
5	2	1.806	1	0	1.941	1.719
5	2	0.442	0	1	-0.167	1.203
5	2	0.8946	0	0	-1.076	-0.1795
5	2	0.2271	1	0	0.1754	1.132
5	2	0.9165	1	1	0.4055	-0.252
5	2	5.404	1	1	1.087	-1.392
5	2	0.9165	1	1	-0.5258	-0.2428
6	2	0.2271	1	1	2.49	0.1279
6	2	1.797	0	0	-1.272	-0.6141
6	2	0.2173	0	1	-1.018	1.074
6	2	0.2173	0	1	0.04528	1.082
6	2	5.387	0	0	-0.7822	-1.387
6	2	1.806	1	0	1.026	1.956
6	2	5.404	1	1	1.304	-1.381
6	2	1.806	1	1	0.163	-0.6214
6	2	1.797	0	0	0.4108	-0.6196
6	2	5.387	0	0	0.1921	-1.395
6	2	0.442	0	1	-0.2331	1.168
6	2	0.2173	0	0	1.23	0.1453
6	2	5.404	1	1	0.5406	-1.397
6	2	0.2271	1	0	-2.119	1.191
6	2	0.9165	1	1	-0.5591	-0.2211
6	2	0.2271	1	1	-0.143	0.1388
6	2	0.4631	1	1	0.263	-0.03774
6	2	0.2173	0	0	0.471	0.1362
6	2	0.9165	1	1	-0.6316	-0.2216
6	2	5.404	1	1	-2.453	-1.396
6	2	1.797	0	0	-0.3525	-0.5865
6	2	5.404	1	1	-1.869	-1.39
6	2	0.4631	1	1	1.747	0.03355
6	2	1.797	0	0	-0.9336	-0.5802
6	2	0.2271	1	1	-1.259	0.1559
6	2	1.797	0	1	1.093	1.85
6	2	0.8946	0	1	-0.2497	1.431
6	2	0.2271	1	1	-0.1005	0.08963
6	2	0.2271	1	1	0.1375	0.1256
6	2	1.806	1	1	0.5059	-0.6073
6	2	0.9165	1	1	-0.5081	-0.2308
6	2	0.9165	1	1	1.885	-0.1904
6	2	0.442	0	1	0.6653	1.275
6	2	1.797	0	0	-1.689	-0.6284
6	2	5.404	1	1	-0.2147	-1.38
6	2	0.442	0	0	0.1819	0.004238
6	2	0.442	0	0	-2.685	0.04169
6	2	0.8946	0	0	-0.5317	-0.1964
6	2	0.442	0	1	0.1853	1.195
6	2	0.8946	0	1	-0.2377	1.32
6	2	0.4631	1	0	-0.9089	1.229
6	2	1.797	0	0	-1.546	-0.6189
6	2	0.9165	1	1	1.41	-0.1881
6	2	5.404	1	1	0.8872	-1.395
6	2	0.442	0	1	-1.744	1.297
6	2	0.4631	1	1	0.6413	-0.02521
6	2	0.8946	0	0	-0.4726	-0.1887
6	2	5.387	0	0	-0.8924	-1.4
6	2	0.8946	0	0	0.107	-0.2383
6	2	5.404	1	1	0.2772	-1.392
7	2	0.9165	1	0	0.5535	1.343
7	2	5.387	0	0	1.174	-1.39
7	2	1.806	1	1	0.4234	-0.6269
7	2	0.2173	0	1	0.9004	1.158
7	2	1.806	1	1	-0.3656	-0.609
7	2	5.387	0	0	-0.3342	-1.385
7	2	0.2173	0	0	-0.2966	0.1081
7	2	5.404	1	1	0.4316	-1.393
7	2	5.387	0	0	-0.6236	-1.382
7	2	0.2173	0	0	-1.494	0.1176
7	2	0.2271	1	0	0.8593	1.212
7	2	0.2271	1	1	0.317	0.09375
7	2	0.4631	1	1	1.111	-0.002993
7	2	0.442	0	1	-0.6703	1.302
7	2	0.2173	0	0	0.9749	0.1039
7	2	0.4631	1	1	-0.8189	0.002633
7	2	0.4631	1	1	0.4259	0.03419
7	2	0.9165	1	1	0.3991	-0.2189
7	2	0.9165	1	0	-0.893	1.485
7	2	0.4631	1	1	0.6933	0.006946
7	2	0.8946	0	1	-0.3727	1.406
7	2	1.797	0	0	1.12	-0.6222
7	2	0.8946	0	1	0.8666	1.408
7	2	0.4631	1	1	0.9858	0.0123
7	2	0.9165	1	0	0.456	1.509
7	2	1.806	1	1	-1.668	-0.5964
7	2	5.404	1	1	0.8668	-1.397
7	2	0.2271	1	0	1.063	1.143
7	2	0.9165	1	1	1.549	-0.1909
7	2	1.797	0	1	1.17	1.822
7	2	0.2173	0	1	-1.6	1.074
7	2	5.387	0	0	-0.2464	-1.39
7	2	1.797	0	0	0.05221	-0.5758
7	2	5.387	0	0	0.4472	-1.385
7	2	5.404	1	1	1.228	-1.387
7	2	5.404	1	1	1.704	-1.389
7	2	1.797	0	1	-2.063	1.941
7	2	0.8946	0	0	0.4753	-0.2283
7	2	0.9165	1	1	-2.183	-0.2348
7	2	1.797	0	0	-0.4774	-0.5633
7	2	0.8946	0	0	-0.2875	-0.1879
7	2	0.442	0	1	0.02188	1.211
7	2	0.4631	1	1	1.185	0.001045
7	2	0.442	0	1	-1.175	1.203
7	2	0.2271	1	1	-0.1618	0.1802
7	2	0.4631	1	1	-0.1553	-0.01112
7	2	1.797	0	1	-1.783	1.776
7	2	5.387	0	0	0.3046	-1.388
7	2	1.797	0	0	-0.3988	-0.6021
7	2	0.2271	1	1	0.6266	0.1395
8	2	1.806	1	1	-0.5214	-0.6203
8	2	0.8946	0	1	0.565	1.372
8	2	0.2173	0	1	0.1466	1.155
8	2	0.8946	0	0	-0.01615	-0.2309
8	2	1.797	0	0	1.015	-0.6163
8	2	0.9165	1	1	0.809	-0.2089
8	2	1.806	1	0	1.637	1.802
8	2	5.404	1	1	-0.2912	-1.391
8	2	0.2271	1	0	-0.5511	1.119
8	2	0.4631	1	1	0.8062	-0.0203
8	2	5.387	0	0	-0.2632	-1.393
8	2	0.8946	0	0	1.503	-0.2354
8	2	0.442	0	1	-1.544	1.148
8	2	1.797	0	1	-0.3795	1.75
8	2	5.387	0	0	0.00232	-1.393
8	2	5.404	1	1	0.9563	-1.389
8	2	0.8946	0	0	0.8206	-0.2155
8	2	1.806	1	0	-1.486	1.9
8	2	0.4631	1	1	0.6927	-0.02637
8	2	0.442	0	1	-0.5393	1.208
8	2	0.442	0	1	1.849	1.239
8	2	0.4631	1	1	-0.886	-0.002474
8	2	0.2173	0	0	-1.496	0.1001
8	2	0.8946	0	1	1.63	1.458
8	2	5.404	1	1	-0.7499	-1.392
8	2	0.2173	0	0	1.125	0.1132
8	2	5.404	1	1	-0.006586	-1.394
8	2	1.797	0	0	-2.186	-0.5895
8	2	1.797	0	0	1.102	-0.6096
8	2	0.2271	1	0	1.363	1.134
8	2	5.404	1	1	1.22	-1.397
8	2	0.9165	1	1	0.8734	-0.2726
8	2	0.2271	1	0	-1.405	1.026
8	2	0.2271	1	1	1.057	0.1609
8	2	0.2271	1	1	-0.8938	0.1638
8	2	0.8946	0	1	0.3408	1.453
8	2	0.2173	0	1	-0.7881	1.059
8	2	1.797	0	0	-0.4273	-0.6302
8	2	0.442	0	0	-0.491	0.0449
8	2	5.387	0	0	-1.01	-1.388
8	2	0.4631	1	0	1.899	1.32
8	2	5.404	1	1	-0.3208	-1.392
8	2	0.4631	1	1	-1.627	0.009826
8	2	1.797	0	0	1.753	-0.5775
8	2	0.2271	1	0	-1.394	1.131
8	2	0.8946	0	0	0.05698	-0.1932
8	2	5.387	0	0	-3.147	-1.392
8	2	0.9165	1	0	2.652	1.466
8	2	0.4631	1	1	-1.149	0.00763
9	2	0.8946	0	1	0.4598	1.409
9	2	0.442	0	1	0.1116	1.227
9	2	0.9165	1	1	-0.05893	-0.1856
9	2	5.387	0	0	0.1375	-1.38
9	2	5.404	1	1	0.1027	-1.391
9	2	0.2173	0	0	0.6608	0.09727
9	2	0.8946	0	0	-1.185	-0.2069
9	2	1.797	0	0	0.3836	-0.6118
9	2	0.8946	0	1	-0.3678	1.374
9	2	1.806	1	1	-0.3916	-0.6344
9	2	0.4631	1	1	-0.6263	0.02052
9	2	0.9165	1	0	0.1569	1.486
9	2	5.387	0	0	-0.2747	-1.395
9	2	0.9165	1	1	0.4628	-0.2051
9	2	1.806	1	1	1.207	-0.6061
9	2	0.4631	1	0	2.258	1.266
9	2	0.442	0	0	1.187	-0.02487
9	2	0.9165	1	1	1.094	-0.2311
9	2	1.797	0	0	-2.117	-0.588
9	2	0.2173	0	1	0.5369	1.178
9	2	0.2271	1	1	-0.6254	0.1236
9	2	1.806	1	1	-0.2709	-0.6095
9	2	0.8946	0	1	0.9641	1.381
9	2	5.387	0	0	-0.4521	-1.389
9	2	0.2173	0	1	-1.623	1.093
9	2	0.2271	1	1	-1.063	0.1205
9	2	5.404	1	1	-0.3931	-1.397
9	2	5.387	0	0	-1.135	-1.396
9	2	0.442	0	1	0.3235	1.246
9	2	0.4631	1	1	-1.958	0.01329
9	2	0.2271	1	0	1.762	1.024
9	2	1.806	1	1	-1.148	-0.6149
9	2	5.387	0	0	-0.07032	-1.394
9	2	1.806	1	0	1.243	1.932
9	2	1.797	0	0	-1.464	-0.6143
9	2	0.8946	0	1	1.355	1.4
9	2	1.797	0	1	1.082	1.747
9	2	0.2173	0	1	-1.813	1.172
9	2	0.442	0	1	1.398	1.288
9	2	0.442	0	1	0.5882	1.184
9	2	5.404	1	1	-0.8641	-1.397
9	2	0.2173	0	1	-1.491	1.122
9	2	1.806	1	1	-0.6706	-0.6413
9	2	0.2271	1	0	1.833	1.111
9	2	5.404	1	1	-0.3988	-1.392
9	2	0.442	0	1	-0.5334	1.304
9	2	0.4631	1	1	-0.05203	-0.007718
9	2	5.404	1	1	-1.572	-1.396
9	2	0.2271	1	1	0.009224	0.1257
9	2	0.9165	1	1	-2.903	-0.237
10	3	1.651	1	1	-0.2763	-0.5479
10	3	0.3671	1	0	-0.05155	1.247
10	3	0.09275	1	1	0.01237	0.2105
10	3	1.581	1	1	-0.5567	-0.5352
10	3	0.9467	1	1	0.71	-0.2653
10	3	0.4412	0	1	1.237	1.227
10	3	5.46	0	0	-1.278	-1.393
10	3	0.5194	1	1	0.2832	-0.01314
10	3	2.076	0	0	-0.03743	-0.7178
10	3	0.8155	0	1	-1.9	1.408
10	3	5.344	1	1	1.522	-1.38
10	3	0.6409	1	0	-0.7389	1.365
10	3	0.5557	0	0	2.843	-0.06463
10	3	1.915	1	1	-0.5175	-0.6327
10	3	5.415	0	0	0.5243	-1.394
10	3	0.3556	0	1	0.1636	1.226
10	3	0.2805	1	1	1.957	0.09591
10	3	1.081	1	0	-0.3976	1.424
10	3	0.2259	0	1	0.7833	1.124
10	3	1.646	0	0	-1.83	-0.5221
10	3	1.616	0	1	-1.448	1.852
10	3	2.096	1	1	-2.248	-0.7376
10	3	0.8638	1	1	-0.1492	-0.2191
10	3	1.103	1	1	-0.1445	-0.2689
10	3	0.1935	1	0	0.7172	1.149
10	3	5.469	1	1	-1.001	-1.396
10	3	0.5912	1	0	-0.3073	1.239
10	3	5.334	0	0	1.592	-1.391
10	3	0.9703	0	1	-0.4238	1.564
10	3	0.2305	1	1	1.961	0.04202
10	3	0.5465	0	1	1.338	1.361
10	3	1.712	0	0	-1.425	-0.5405
10	3	5.262	0	0	-0.8386	-1.379
10	3	5.658	0	0	1.237	-1.401
10	3	0.5324	1	1	0.962	-0.03991
10	3	5.699	1	1	-1.706	-1.411
10	3	0.318	1	1	-1.026	0.09743
10	3	0.2618	0	1	-0.4406	1.124
10	3	0.5968	1	1	-0.3718	-0.09028
10	3	0.9261	0	1	1.486	1.461
10	3	0.4603	0	1	0.6919	1.269
10	3	5.353	0	0	-0.8387	-1.391
10	3	5.293	1	1	-0.2866	-1.392
10	3	1.685	0	0	1.146	-0.5382
10	3	1.799	1	1	-0.6237	-0.6014
10	3	0.2116	0	0	-0.1063	0.154
10	3	1.208	1	1	1.005	-0.3077
10	3	0.7539	0	1	-1.789	1.481
10	3	0.9452	0	0	-0.2653	-0.1933
10	3	0.3034	0	1	0.5527	1.166
11	3	1.94	1	1	2.262	-0.6479
11	3	1.799	0	1	-0.3224	1.772
11	3	0.5836	0	1	-0.2947	1.316
11	3	0.237	0	1	0.288	1.191
11	3	0.3711	0	0	2.36	0.02807
11	3	0.4637	0	0	0.3367	-0.01706
11	3	0.378	1	0	0.4253	1.154
11	3	1.783	1	1	0.0984	-0.6144
11	3	5.416	1	1	-0.4486	-1.387
11	3	0.4098	1	1	-0.0368	0.03356
11	3	0.3181	1	0	0.5173	1.099
11	3	5.75	1	1	1.221	-1.413
11	3	1.587	0	0	0.7543	-0.4694
11	3	1.081	1	0	0.5702	1.543
11	3	5.306	0	0	-1.919	-1.381
11	3	0.6513	1	1	-0.4221	-0.1109
11	3	0.1226	0	0	-1.147	0.146
11	3	0.5132	0	1	-1.185	1.182
11	3	5.253	0	0	-0.6449	-1.374
11	3	0.5853	1	1	-1.105	-0.07557
11	3	0.4547	1	1	-1.147	-0.007637
11	3	1.817	1	1	1.372	-0.6116
11	3	0.3514	1	1	-1.209	0.04222
11	3	0.01963	1	1	-1.184	0.193
11	3	5.627	0	0	0.6071	-1.407
11	3	0.2488	1	1	0.1366	0.08757
11	3	0.4259	1	0	0.1616	1.168
11	3	0.9866	0	0	-1.236	-0.267
11	3	0.6287	1	1	-0.5531	-0.1144
11	3	0.2653	1	1	-1.044	0.1779
11	3	1.855	0	0	0.5981	-0.6589
11	3	0.2325	0	1	0.0003112	1.152
11	3	1.023	0	0	1.218	-0.234
11	3	0.6999	0	1	-0.7124	1.301
11	3	5.373	1	1	-1.543	-1.39
11	3	0.3173	1	0	0.5261	1.216
11	3	0.9717	0	0	0.2281	-0.256
11	3	1.755	0	0	0.2205	-0.6085
11	3	1.953	1	1	0.9394	-0.6519
11	3	1.765	0	1	1.943	1.833
11	3	0.9443	1	1	-1.006	-0.2056
11	3	5.302	0	0	1.129	-1.387
11	3	5.383	0	0	1.13	-1.394
11	3	0.9968	0	1	1.114	1.457
11	3	5.585	1	1	0.3636	-1.404
11	3	1.74	1	1	0.1206	-0.5884
11	3	0.3937	0	1	-1.004	1.207
11	3	5.501	1	1	-1.152	-1.396
11	3	0.1513	0	0	-2.369	0.1384
11	3	0.4487	0	1	0.08696	1.167
12	3	1.789	1	1	-1.017	-0.6084
12	3	0.5742	1	1	0.05468	-0.09203
12	3	0.3721	1	1	-0.3793	0.04644
12	3	1.05	1	1	0.7147	-0.2354
12	3	1.8	1	1	0.3009	-0.5992
12	3	0.267	0	0	0.3272	0.09767
12	3	0.4934	1	1	-0.6144	0.01984
12	3	1.651	1	1	-0.1241	-0.5368
12	3	1.337	0	0	0.797	-0.4375
12	3	1.729	1	1	0.1804	-0.6004
12	3	5.569	0	0	-1.415	-1.407
12	3	0.5107	0	0	-0.8212	-0.02949
12	3	0.5283	0	1	1.721	1.325
12	3	0.9015	0	0	-0.2737	-0.2298
12	3	0.3035	1	1	-0.4354	0.1173
12	3	0.1499	1	1	1.368	0.148
12	3	5.533	1	1	0.6268	-1.407
12	3	1.609	1	1	-0.7659	-0.5519
12	3	5.451	1	1	-0.9678	-1.388
12	3	0.4	0	1	1.095	1.21
12	3	0.7219	0	1	1.177	1.296
12	3	1.75	0	0	1.278	-0.6319
12	3	0.02905	1	1	1.815	0.2574
12	3	5.315	0	0	0.365	-1.383
12	3	0.4232	1	1	0.3225	-0.007962
12	3	1.935	0	0	0.06333	-0.6565
12	3	0.2461	1	1	2.07	0.101
12	3	0.8508	0	0	-0.5835	-0.1625
12	3	0.8496	1	1	0.02403	-0.1883
12	3	1.103	1	1	1.486	-0.2707
12	3	1.693	1	1	-1.135	-0.5526
12	3	0.4208	0	0	1.614	0.000327
12	3	5.482	1	1	-1.539	-1.401
12	3	0.3976	0	0	2.222	0.0757
12	3	0.3827	0	1	-1.007	1.168
12	3	5.321	0	0	-0.9393	-1.387
12	3	5.201	0	0	0.5202	-1.369
12	3	1.625	0	0	-0.375	-0.5231
12	3	5.396	1	1	0.2966	-1.391
12	3	0.2481	0	0	-0.4451	0.121
12	3	5.013	0	0	2.284	-1.358
12	3	0.9426	0	1	0.8652	1.392
12	3	0.6509	0	0	-1.483	-0.08642
12	3	0.7093	0	0	0.7255	-0.1402
12	3	0.2023	1	1	-1.26	0.1402
12	3	0.7795	0	1	2.344	1.31
12	3	5.364	1	1	-0.89	-1.386
12	3	0.6068	1	1	-0.6759	-0.08392
12	3	0.5475	0	1	1.81	1.317
12	3	0.2407	1	1	-3.076	0.1291
13	3	1.112	1	1	1.36	-0.2769
13	3	5.569	0	0	0.5509	-1.41
13	3	0.7405	0	0	-0.3045	-0.1427
13	3	0.5433	0	1	-0.1849	1.302
13	3	0.9193	0	1	-0.07927	1.45
13	3	0.2268	0	0	1.032	0.1225
13	3	0.9145	0	0	-0.4161	-0.2494
13	3	5.072	1	1	0.3585	-1.365
13	3	0.5411	1	0	-0.02958	1.355
13	3	5.397	0	0	0.2236	-1.394
13	3	0.05661	1	1	0.02296	0.9842
13	3	0.423	1	1	-0.3188	0.03274
13	3	0.7548	1	1	0.3524	-0.1463
13	3	1.687	1	1	1.28	-0.5368
13	3	0.5202	0	1	0.3269	1.328
13	3	0.2465	1	1	-0.08	0.03361
13	3	1.611	1	1	0.6939	-0.5247
13	3	1.15	1	0	1.646	1.552
13	3	0.6555	1	1	0.5579	-0.1209
13	3	1.7	0	0	-0.4418	-0.5468
13	3	1.821	1	1	-0.7291	-0.6353
13	3	0.2616	0	0	-0.6575	0.09649
13	3	0.4572	0	1	-0.4711	1.197
13	3	0.5397	1	0	-1.332	1.235
13	3	5.391	0	0	1.32	-1.395
13	3	0.2362	1	0	0.2157	1.074
13	3	0.4401	1	1	-1.065	0.01362
13	3	0.449	0	1	-0.8653	1.188
13	3	5.355	0	0	-0.2327	-1.378
13	3	1.738	0	1	-0.1596	1.853
13	3	0.7765	0	1	-0.5941	1.434
13	3	0.4229	1	1	-0.3262	0.04514
13	3	1.64	0	0	-0.8881	-0.5333
13	3	5.743	1	1	-0.8082	-1.411
13	3	0.743	0	0	-0.1685	-0.1713
13	3	5.63	1	1	1.067	-1.401
13	3	1.721	1	1	-1.529	-0.558
13	3	0.08462	1	1	1.021	0.1709
13	3	1.799	0	0	1.393	-0.5916
13	3	1.809	1	1	-0.9546	-0.6069
13	3	5.608	1	1	-1.466	-1.402
13	3	5.189	1	1	-3.458	-1.383
13	3	0.2224	0	0	0.2145	0.1066
13	3	5.452	1	1	1.373	-1.392
13	3	0.512	1	0	-1.592	1.255
13	3	0.7687	0	1	1.673	1.399
13	3	0.8555	1	0	-0.4591	1.306
13	3	0.1609	0	1	1.557	1.011
13	3	1.713	0	0	2.118	-0.5397
13	3	0.3185	0	1	0.08334	1.14
14	3	0.5398	1	1	-0.8252	-0.03862
14	3	0.5232	1	1	-0.4973	-0.00741
14	3	1.804	0	0	-0.06307	-0.6114
14	3	5.428	0	0	-1.312	-1.385
14	3	1.71	0	0	-1.374	-0.5628
14	3	0.2642	0	0	0.2965	0.1017
14	3	0.7467	0	0	0.06988	-0.1599
14	3	0.1503	0	1	0.1174	1.082
14	3	2.1	1	1	-0.1549	-0.7268
14	3	0.9541	0	1	-1.255	1.525
14	3	5.292	0	0	0.2745	-1.387
14	3	0.05818	0	1	-0.7023	0.9696
14	3	0.4529	1	1	-0.03076	0.04758
14	3	5.418	0	0	-0.2271	-1.391
14	3	1.066	1	1	-0.08357	-0.2902
14	3	5.279	1	1	-1.711	-1.383
14	3	0.2408	0	0	-0.3219	0.09585
14	3	0.3065	1	1	0.7013	0.04413
14	3	0.2659	1	1	0.5349	0.0181
14	3	5.502	1	1	-1.161	-1.404
14	3	0.3167	1	1	-0.0932	0.08309
14	3	5.298	1	1	-1.154	-1.38
14	3	2.171	1	1	-0.05718	-0.7319
14	3	1.747	0	1	-1.126	1.799
14	3	0.09163	0	1	-0.9833	1.049
14	3	0.969	1	1	0.02346	-0.2297
14	3	1.22	1	1	-1.414	-0.3083
14	3	0.3507	1	1	-0.5079	0.0478
14	3	0.1921	0	1	0.1478	1.066
14	3	1.155	1	1	1.463	-0.3314
14	3	1.883	1	0	-0.1661	1.953
14	3	0.2875	1	1	-0.8731	0.1252
14	3	5.551	0	0	-0.1756	-1.404
14	3	0.2888	0	1	0.05316	1.167
14	3	5.081	0	0	-0.02198	-1.37
14	3	1.806	1	1	0.07525	-0.5916
14	3	1.743	1	1	-0.4159	-0.5715
14	3	0.3537	0	1	-0.4865	1.146
14	3	5.337	1	1	-1.987	-1.389
14	3	1.056	0	0	0.09153	-0.2889
14	3	0.3685	0	1	-2.56	1.174
14	3	1.831	1	1	0.3856	-0.6358
14	3	0.6539	0	0	-0.6879	-0.08266
14	3	0.4526	0	1	0.369	1.28
14	3	5.526	1	1	0.365	-1.402
14	3	1.76	0	0	0.793	-0.5833
14	3	0.9756	1	1	-2.437	-0.2524
14	3	0.08368	0	0	1.896	0.2044
14	3	0.007371	1	1	-0.8884	0.2806
14	3	1.15	0	0	0.1257	-0.2945
15	3	1.864	0	0	2.901	-0.6092
15	3	1.818	0	0	0.4729	-0.6318
15	3	1.61	0	0	2.202	-0.5035
15	3	0.3296	1	1	0.55	0.1163
15	3	0.299	1	1	-0.1122	0.1003
15	3	1.535	0	0	0.7536	-0.5009
15	3	5.457	1	1	0.171	-1.395
15	3	0.02926	1	1	-0.6858	1.016
15	3	5.318	1	1	-0.4177	-1.399
15	3	5.602	1	1	-0.2643	-1.406
15	3	0.8746	1	1	-0.2788	-0.1746
15	3	0.3874	0	0	0.1869	0.01719
15	3	5.319	1	1	-0.1768	-1.387
15	3	0.9023	1	1	1.488	-0.2647
15	3	5.519	1	1	-0.2088	-1.399
15	3	0.9993	1	1	1.463	-0.2807
15	3	0.575	1	1	1.827	-0.02699
15	3	0.1627	0	0	-1.724	0.1544
15	3	0.9116	1	1	-1.174	-0.2276
15	3	1.831	0	0	1.224	-0.6122
15	3	0.04271	0	1	-0.9965	1.039
15	3	0.34	1	1	1.021	0.01647
15	3	1.48	0	0	-0.4622	-0.4666
15	3	5.354	0	0	-1.846	-1.392
15	3	0.4738	1	1	1.442	-0.01834
15	3	0.1425	0	0	1.063	0.1735
15	3	5.509	0	0	-0.3281	-1.396
15	3	0.2012	0	1	-0.3296	1.162
15	3	5.464	0	0	-1.495	-1.397
15	3	0.09525	0	1	0.4923	1.075
15	3	0.7063	1	1	0.8945	-0.1316
15	3	0.2384	1	0	0.3871	1.03
15	3	0.867	0	0	1.589	-0.1831
15	3	2.015	0	0	0.6433	-0.6706
15	3	0.3709	0	0	2.146	0.0664
15	3	0.266	1	1	0.788	0.08201
15	3	5.825	1	1	1.175	-1.409
15	3	1.834	1	1	-1.869	-0.5831
15	3	0.9791	1	0	-0.7365	1.363
15	3	5.129	0	0	-0.2637	-1.374
15	3	2.056	0	1	1.853	2.009
15	3	0.939	1	1	1.502	-0.2498
15	3	1.927	1	1	-0.5098	-0.6617
15	3	1.183	1	1	-0.4601	-0.2926
15	3	0.8507	0	1	0.5826	1.308
15	3	0.5107	1	0	0.2813	1.208
15	3	0.4604	0	0	0.7739	0.017
15	3	1.12	1	1	-0.27	-0.2725
15	3	0.261	0	0	-0.9482	0.1004
15	3	0.3406	0	1	0.8446	1.186
16	3	0.218	0	1	0.7949	1.133
16	3	1.988	1	1	1.007	-0.639
16	3	0.1186	1	1	0.4106	0.1192
16	3	1.831	1	0	-0.7758	1.841
16	3	5.278	0	0	1.176	-1.378
16	3	5.575	0	0	-0.6374	-1.412
16	3	0.4341	1	1	1.398	0.007063
16	3	0.05216	1	1	0.9177	0.2627
16	3	0.8843	0	1	0.2184	1.43
16	3	0.8229	1	0	-0.9188	1.342
16	3	0.03767	0	1	0.944	0.9887
16	3	0.2831	1	1	-0.3749	0.08458
16	3	5.424	0	0	-0.1788	-1.383
16	3	1.662	1	0	-0.00649	1.768
16	3	0.3291	1	0	0.4341	1.175
16	3	0.5364	0	0	1.37	-0.0921
16	3	5.527	1	1	1.13	-1.402
16	3	0.4804	1	0	0.1623	1.268
16	3	1.955	1	0	0.7616	1.764
16	3	1.872	0	0	1.87	-0.6499
16	3	0.3642	1	1	-0.3386	0.06547
16	3	1.773	0	1	1.959	1.879
16	3	1.401	0	0	1.156	-0.4547
16	3	1.022	0	1	-1.254	1.495
16	3	1.994	1	1	-0.3713	-0.6817
16	3	1.052	1	0	0.1727	1.53
16	3	0.1056	0	1	-0.552	1.051
16	3	1.702	1	1	-1.334	-0.5562
16	3	5.415	0	0	3.041	-1.385
16	3	5.191	1	1	-0.2178	-1.367
16	3	5.33	0	0	0.5322	-1.387
16	3	0.6746	0	1	-1.848	1.314
16	3	0.4457	1	1	0.1983	0.04402
16	3	5.171	0	0	1.135	-1.378
16	3	0.6113	1	1	-1.95	-0.06753
16	3	0.467	0	1	2.512	1.197
16	3	0.7794	0	1	-0.7778	1.31
16	3	0.971	1	1	-0.9907	-0.2399
16	3	0.3265	0	1	1.872	1.17
16	3	0.5468	1	1	-0.4392	-0.04816
16	3	1.076	0	1	0.6707	1.539
16	3	5.388	0	0	-0.5908	-1.387
16	3	0.3625	1	1	-0.5688	0.07183
16	3	0.7165	1	1	0.02919	-0.144
16	3	0.713	0	0	1.636	-0.07405
16	3	0.9456	1	1	0.2181	-0.2009
16	3	1.788	0	0	0.5061	-0.5732
16	3	0.4961	1	1	-1.776	-0.04081
16	3	5.524	0	0	-0.9255	-1.402
16	3	0.4365	0	1	-2.697	1.181
17	3	1.768	0	0	1.632	-0.5591
17	3	5.501	1	1	0.8562	-1.4
17	3	1.086	0	1	0.2636	1.463
17	3	0.2457	0	0	1.077	0.1007
17	3	0.9455	1	0	0.07441	1.495
17	3	0.2648	0	0	-0.4291	0.09136
17	3	0.4767	1	1	0.2777	-0.01273
17	3	0.6375	1	1	0.7223	-0.06249
17	3	0.9898	1	1	-0.9675	-0.2376
17	3	0.1389	1	0	1.27	0.1464
17	3	1.664	0	0	-0.1228	-0.5623
17	3	0.8741	1	1	1.042	-0.2227
17	3	0.542	0	1	0.9184	1.156
17	3	1.747	1	1	0.7028	-0.5687
17	3	0.3034	1	1	0.2355	0.08216
17	3	0.5242	1	0	2.085	1.263
17	3	5.415	0	0	-1.049	-1.396
17	3	0.2255	1	1	0.6257	0.1237
17	3	0.3568	0	1	0.6175	1.187
17	3	0.04699	1	0	0.1727	0.1889
17	3	0.3493	0	1	-0.8633	1.103
17	3	1.007	1	1	0.3834	-0.2112
17	3	0.003912	0	1	0.2376	0.9699
17	3	1.806	1	1	0.4405	-0.6183
17	3	5.413	0	0	1.079	-1.389
17	3	0.2743	0	0	0.4081	0.06773
17	3	0.4099	1	0	0.681	1.218
17	3	1.607	0	1	0.08677	1.914
17	3	0.4164	0	1	1.082	1.28
17	3	0.8071	1	0	0.4007	1.467
17	3	5.423	1	1	-1.029	-1.391
17	3	0.6808	0	1	1.312	1.403
17	3	0.837	1	0	2.031	1.373
17	3	2.023	0	0	-0.8681	-0.7037
17	3	5.554	0	0	0.8492	-1.403
17	3	1.914	1	1	-1.489	-0.6725
17	3	0.5513	1	1	-2.355	-0.01391
17	3	2.047	1	1	-0.713	-0.6798
17	3	1.159	1	0	-0.824	1.537
17	3	0.1062	0	1	-0.4801	1.043
17	3	0.2534	0	0	-0.3789	0.1289
17	3	0.9285	0	0	-1.566	-0.2219
17	3	5.462	1	0	-1.253	2.902
17	3	1.672	0	1	0.4336	1.764
17	3	5.426	1	1	0.05898	-1.394
17	3	1.912	0	0	1.119	-0.6429
17	3	5.408	1	1	2.058	-1.393
17	3	5.271	0	0	-2.385	-1.388
17	3	5.54	1	1	-2.325	-1.401
17	3	0.2936	1	0	3.41	1.106
18	3	5.395	0	0	0.5847	-1.396
18	3	1.583	0	1	0.9502	1.734
18	3	1.788	1	1	-0.3806	-0.5798
18	3	0.9543	1	1	1.21	-0.2389
18	3	0.6127	1	1	0.2606	-0.0337
18	3	0.6053	1	0	0.468	1.369
18	3	0.412	0	0	-1.27	0.01657
18	3	5.338	0	0	-0.0987	-1.391
18	3	0.6948	1	1	0.3288	-0.117
18	3	5.36	0	0	0.5426	-1.387
18	3	0.9955	1	1	-1.431	-0.2675
18	3	0.2293	0	1	-0.3753	1.117
18	3	1.806	1	1	-0.3989	-0.6221
18	3	1.946	0	0	0.1321	-0.6351
18	3	5.488	0	0	1.345	-1.395
18	3	1.125	1	1	0.5085	-0.35
18	3	0.01958	1	0	0.3075	1.052
18	3	0.08306	1	0	0.8143	0.2367
18	3	0.6838	1	1	0.8566	-0.06721
18	3	0.575	1	1	0.3311	-0.03977
18	3	0.07658	0	1	0.4288	0.9891
18	3	0.9696	0	1	1.541	1.479
18	3	0.1694	1	1	-1.083	0.1698
18	3	0.3227	1	1	0.5762	0.09735
18	3	0.5367	1	1	-1.902	0.008385
18	3	5.689	1	1	0.6699	-1.413
18	3	0.0443	1	1	-0.6276	0.1592
18	3	0.3375	0	1	-1.42	1.079
18	3	1.682	0	0	-0.04582	-0.5951
18	3	1.719	1	1	-0.3567	-0.562
18	3	2.061	1	1	2.388	-0.7049
18	3	0.3215	0	1	-0.5945	1.112
18	3	5.192	1	1	0.3685	-1.38
18	3	0.9776	0	1	1.848	1.337
18	3	5.357	1	1	1.539	-1.389
18	3	0.3702	0	1	0.4416	1.129
18	3	0.4492	1	1	0.5751	0.006115
18	3	0.9719	0	1	-0.9247	1.464
18	3	1.807	0	0	-1.531	-0.5851
18	3	0.3076	0	0	1.203	0.07282
18	3	5.319	1	1	-0.1642	-1.388
18	3	0.7648	0	1	-1.926	1.415
18	3	0.1065	1	1	0.7152	0.2344
18	3	0.4898	0	0	-2.315	0.012
18	3	0.9501	0	0	-0.00532	-0.2235
18	3	0.7401	0	0	0.2615	-0.1364
18	3	5.51	0	0	-1.599	-1.393
18	3	1.828	0	0	-2.956	-0.6424
18	3	1.492	1	1	-1.878	-0.4674
18	3	5.464	1	1	-0.6646	-1.388
19	3	5.192	0	0	1.629	-1.368
19	3	0.3053	0	0	-0.07481	0.08267
19	3	5.556	0	0	0.5246	-1.399
19	3	0.3797	1	1	-1.288	0.01422
19	3	0.2869	1	1	0.7026	0.1281
19	3	1.751	0	0	1.024	-0.6118
19	3	0.1859	1	0	-0.1066	1.105
19	3	5.469	1	1	-0.3445	-1.394
19	3	0.3796	1	0	0.0435	1.265
19	3	0.2697	0	1	-0.9694	1.123
19	3	1.827	0	1	0.9924	1.942
19	3	0.857	0	0	-0.1001	-0.1947
19	3	0.3049	1	1	-1.89	0.04279
19	3	0.5613	0	0	0.9315	-0.03308
19	3	1.193	1	0	-0.6154	1.59
19	3	0.7913	0	0	-1.14	-0.1679
19	3	1.082	1	1	0.6521	-0.3046
19	3	0.614	1	0	-0.6549	1.283
19	3	0.5066	1	1	-0.6242	-0.04137
19	3	0.9434	0	1	-0.2287	1.408
19	3	1.642	0	1	0.8292	1.848
19	3	0.3287	1	1	-0.6306	0.07422
19	3	1.793	1	1	-1.11	-0.6077
19	3	0.1391	0	1	-1.234	1.039
19	3	1.089	0	0	0.004626	-0.2939
19	3	5.313	0	0	2.179	-1.399
19	3	5.404	0	0	0.6652	-1.394
19	3	0.1187	1	0	0.7275	0.9871
19	3	0.7838	0	0	-1.374	-0.1592
19	3	0.5959	1	0	1.292	1.263
19	3	1.792	1	1	0.4079	-0.6021
19	3	0.6222	1	1	-1.429	-0.09376
19	3	5.263	0	0	-1.163	-1.381
19	3	0.5578	1	0	0.3655	1.345
19	3	0.2514	1	1	0.4962	0.0697
19	3	1.573	1	0	-0.8991	1.866
19	3	5.331	0	0	0.4466	-1.389
19	3	0.9726	0	1	0.7928	1.517
19	3	5.429	1	1	-1.32	-1.392
19	3	0.7854	0	0	2.526	-0.1288
19	3	0.2543	1	1	-1.053	0.1223
19	3	1.798	1	1	-0.1311	-0.5917
19	3	0.5951	0	1	0.159	1.332
19	3	5.45	0	0	1.308	-1.397
19	3	0.249	1	1	1.376	0.04906
19	3	1.658	0	0	-2.244	-0.5467
19	3	0.1278	0	1	-0.1773	1.029
19	3	1.77	1	1	1.59	-0.5704
19	3	5.477	1	1	-0.8934	-1.4
20	4	0.5633	0	0	0.5763	-0.08104
20	4	5.545	0	0	0.04212	-1.401
20	4	1.921	0	0	-0.7314	-0.6443
20	4	5.527	1	1	0.1912	-1.402
20	4	0.02906	1	1	0.5404	1.058
20	4	5.336	0	0	0.3554	-1.384
20	4	0.48	1	1	0.7161	-0.03354
20	4	0.6981	1	1	0.8468	-0.1644
20	4	0.9508	0	0	0.3647	-0.2093
20	4	0.2259	0	1	0.4928	1.093
20	4	0.9648	0	1	-0.9289	1.536
20	4	0.6946	1	1	1.25	-0.1498
20	4	1.808	0	0	0.2241	-0.597
20	4	0.8799	0	0	-0.7138	-0.2326
20	4	0.3041	0	1	-0.7501	1.193
20	4	1.857	0	0	0.2564	-0.6541
20	4	1.771	1	1	0.07048	-0.6052
20	4	0.8462	1	1	0.08099	-0.2345
20	4	1.041	1	1	1.643	-0.2533
20	4	1.029	1	1	0.2878	-0.2815
20	4	0.5359	1	1	0.1306	-0.01533
20	4	0.7191	0	1	0.1207	1.335
20	4	1.722	1	1	-0.2651	-0.5532
20	4	1.568	0	0	-0.1688	-0.5259
20	4	0.3639	1	1	-0.5822	0.04949
20	4	5.632	1	1	-1.747	-1.412
20	4	0.512	1	1	0.1013	0.004334
20	4	0.04363	0	1	0.8794	1.001
20	4	1.746	1	1	-0.5923	-0.5918
20	4	5.594	1	1	-1.698	-1.403
20	4	0.6954	1	1	0.4372	-0.101
20	4	5.635	1	1	-0.3205	-1.401
20	4	0.9268	0	1	-0.5143	1.407
20	4	0.1963	0	0	0.2574	0.09882
20	4	0.3976	1	1	-0.4899	0.05368
20	4	1.922	0	1	-0.2282	1.931
20	4	1.913	0	0	-2.856	-0.6649
20	4	0.9205	0	1	0.8803	1.508
20	4	5.259	0	0	0.01004	-1.379
20	4	0.3595	1	1	-0.5089	0.04093
20	4	1.803	1	1	0.7683	-0.6037
20	4	0.2649	0	0	-1.777	0.1071
20	4	0.6822	1	1	-0.1795	-0.1479
20	4	0.9014	1	1	0.05169	-0.1695
20	4	0.3333	0	1	0.1798	1.229
20	4	5.629	1	1	-2.335	-1.413
20	4	0.08345	1	1	0.09499	0.1397
20	4	0.4462	1	1	0.531	0.008748
20	4	5.275	0	0	-0.05686	-1.384
20	4	5.368	0	0	0.2131	-1.389
21	4	0.5012	0	0	2.962	-0.001465
21	4	1.651	0	0	1.167	-0.5355
21	4	0.6839	0	1	0.0754	1.31
21	4	0.8642	1	0	0.1839	1.297
21	4	5.274	1	1	1.376	-1.386
21	4	0.377	1	1	-0.1969	0.05836
21	4	5.349	1	1	1.437	-1.382
21	4	0.1463	0	1	0.09373	0.1324
21	4	5.299	1	1	0.6144	-1.391
21	4	1.916	1	0	0.2897	1.893
21	4	0.7759	0	1	-1.889	1.381
21	4	1.763	1	1	-0.5794	-0.576
21	4	0.8443	0	1	0.749	1.379
21	4	0.9402	1	1	-0.7862	-0.2148
21	4	0.09969	0	0	0.8392	0.1586
21	4	1.904	1	0	-0.3521	1.929
21	4	0.3256	0	0	-0.1715	-0.02074
21	4	5.224	0	0	-0.343	-1.382
21	4	1.984	1	1	-1.377	-0.6702
21	4	0.5741	1	1	-0.1015	-0.03856
21	4	0.9049	0	0	-0.9386	-0.174
21	4	0.8544	0	1	-0.5135	1.421
21	4	5.265	0	0	-0.3023	-1.389
21	4	0.3268	1	1	-0.5872	0.07179
21	4	0.4481	1	1	-0.6521	-0.00167
21	4	1.923	0	0	-0.4014	-0.6487
21	4	0.4459	1	0	0.3828	1.223
21	4	1.614	1	0	0.9072	1.758
21	4	2.078	1	1	-1.199	-0.7127
21	4	0.4968	0	0	0.5825	-0.01568
21	4	0.05089	0	1	0.1319	1.033
21	4	5.584	1	1	-0.5728	-1.407
21	4	0.1987	1	0	1.332	1.035
21	4	0.5496	1	1	-2.844	-0.05913
21	4	0.9886	1	1	-0.8513	-0.2591
21	4	0.8487	0	1	0.5747	1.448
21	4	1.702	0	0	-0.1602	-0.534
21	4	0.1808	0	1	-0.1101	1.056
21	4	1.971	1	1	-0.6526	-0.6842
21	4	0.3983	0	1	-0.823	1.17
21	4	0.06689	1	1	-1.194	1.01
21	4	0.4063	0	0	3.072	0.03595
21	4	5.393	0	0	-2.189	-1.392
21	4	5.416	0	0	-0.1906	-1.398
21	4	5.203	1	1	-0.5186	-1.372
21	4	0.3813	0	1	-1.394	1.18
21	4	0.09551	0	1	-0.167	1.014
21	4	5.321	0	0	-0.4451	-1.386
21	4	0.9383	1	1	-0.543	-0.2672
21	4	0.438	1	1	0.1208	-0.02624
22	4	0.7202	0	0	-0.2475	-0.1123
22	4	0.4739	0	1	-0.1799	1.26
22	4	1.565	0	0	0.2069	-0.5095
22	4	1.147	1	1	-0.4874	-0.3867
22	4	0.07138	1	1	0.05994	0.9901
22	4	0.3839	1	0	1.059	1.254
22	4	5.247	0	0	-0.8238	-1.38
22	4	1.795	1	1	0.5256	-0.5932
22	4	1.15	1	0	0.1765	1.588
22	4	0.9394	0	1	0.3838	1.403
22	4	0.0428	0	1	-1.008	1.066
22	4	0.5927	1	1	0.5889	-0.06558
22	4	5.527	1	1	-0.5525	-1.397
22	4	0.1751	0	1	-0.3544	1.114
22	4	0.05659	0	1	-1.056	1.018
22	4	2.154	1	1	-0.3689	-0.7528
22	4	5.264	1	1	-0.5252	-1.395
22	4	0.9394	0	1	0.02193	1.496
22	4	0.2684	1	1	0.2142	0.1028
22	4	0.5011	0	1	1.811	1.212
22	4	1.944	0	0	-0.9057	-0.6884
22	4	0.217	1	1	-1.742	0.1197
22	4	0.07986	0	0	0.8563	0.2443
22	4	0.07407	1	1	-0.9062	0.9832
22	4	0.5402	1	1	-0.2123	-0.03159
22	4	0.7843	0	0	1.186	-0.1916
22	4	0.8118	1	1	0.2506	-0.1532
22	4	5.277	1	1	-0.1338	-1.392
22	4	1.957	1	1	0.1677	-0.6664
22	4	5.287	0	0	-0.03682	-1.389
22	4	0.6917	1	0	0.6019	1.217
22	4	5.335	1	1	-0.03708	-1.387
22	4	2.042	1	1	0.2269	-0.7112
22	4	1.043	0	1	-1.877	1.451
22	4	0.7601	0	1	1.229	1.367
22	4	1.791	0	0	0.6605	-0.6345
22	4	0.09449	0	1	-0.172	0.9779
22	4	5.548	0	0	1.29	-1.403
22	4	0.7782	0	1	-2.646	1.478
22	4	0.2743	0	0	-0.2438	0.09691
22	4	1.922	1	1	-0.3814	-0.6308
22	4	5.492	1	1	0.3572	-1.399
22	4	0.5898	0	0	0.3405	-0.04668
22	4	1.804	1	0	1.782	1.782
22	4	0.5675	0	1	-1.019	1.239
22	4	1.959	1	1	-0.3875	-0.6512
22	4	0.2424	1	1	0.9539	0.09203
22	4	5.52	1	1	-0.918	-1.395
22	4	5.631	1	1	-1.958	-1.41
22	4	0.5543	1	1	0.9971	-0.01775
23	4	1.705	0	0	-0.9093	-0.5742
23	4	0.002652	1	0	-0.4482	0.21
23	4	0.9028	0	1	1.408	1.37
23	4	5.501	1	1	0.2742	-1.398
23	4	0.2204	0	0	2.421	0.1313
23	4	5.149	1	1	-0.4992	-1.372
23	4	5.418	1	1	-1.677	-1.385
23	4	5.262	1	1	-0.6153	-1.384
23	4	1.771	1	0	0.3102	1.795
23	4	0.7865	0	1	-0.3769	1.427
23	4	0.6207	0	1	0.4046	1.23
23	4	1.794	0	1	0.1389	1.843
23	4	5.585	1	1	0.8573	-1.401
23	4	0.5204	0	0	-1.048	-0.04151
23	4	5.362	0	0	-0.6191	-1.394
23	4	0.4881	1	1	0.8882	-0.02645
23	4	0.8415	0	1	0.8172	1.402
23	4	0.1728	0	1	-0.4302	1.021
23	4	1.837	1	1	-0.5166	-0.6189
23	4	1.78	0	1	1.043	1.859
23	4	1.791	1	0	0.07343	1.853
23	4	0.4504	0	1	-0.4082	1.216
23	4	0.4629	0	0	0.1333	0.01531
23	4	0.5851	1	1	0.4842	-0.07895
23	4	0.2271	1	0	-1.037	1.14
23	4	5.274	0	0	-0.05305	-1.38
23	4	1.035	0	1	0.1112	1.497
23	4	1.034	0	1	0.6235	1.48
23	4	5.192	0	0	-0.352	-1.373
23	4	0.3078	0	0	0.235	0.07933
23	4	0.1383	1	0	1.297	1.062
23	4	0.05451	1	1	0.5398	0.1425
23	4	1.984	1	1	1.097	-0.6814
23	4	0.1829	1	1	0.4054	0.145
23	4	0.629	0	1	-0.8394	1.33
23	4	0.1349	1	1	0.3836	0.1586
23	4	1.753	1	1	-0.2207	-0.5795
23	4	5.439	1	1	-1.239	-1.397
23	4	1.922	1	1	0.2713	-0.6541
23	4	0.9142	0	0	1.071	-0.1895
23	4	0.4326	1	1	-0.2307	0.002699
23	4	1.074	1	1	0.6617	-0.2949
23	4	5.258	1	1	-1.021	-1.382
23	4	0.2367	0	0	-0.4566	0.1016
23	4	0.2289	0	1	-0.2575	1.114
23	4	2.087	1	1	-0.9208	-0.7049
23	4	0.1221	1	1	-2.127	0.1823
23	4	1.021	0	0	-0.1465	-0.2736
23	4	1.052	1	1	-0.597	-0.3201
23	4	0.4871	0	1	-0.9236	1.255
24	4	5.602	1	1	-0.7164	-1.405
24	4	1.683	0	0	0.2132	-0.5364
24	4	0.7792	0	0	-0.4591	-0.1664
24	4	0.1445	0	1	1.387	1.066
24	4	1.673	1	1	-0.8422	-0.5239
24	4	1.811	0	0	0.6758	-0.63
24	4	0.03407	0	1	-0.06092	0.9667
24	4	0.3184	0	1	-0.1129	1.214
24	4	1.656	0	1	-0.8457	1.921
24	4	0.2464	1	0	2.138	1.156
24	4	0.5383	1	1	-1.38	-0.0216
24	4	0.05911	1	1	1.515	0.2188
24	4	1.733	0	0	0.7003	-0.5959
24	4	0.798	1	1	-0.2423	-0.1896
24	4	5.402	0	0	2.198	-1.4
24	4	1.187	1	1	-0.622	-0.3122
24	4	5.367	1	1	-0.5194	-1.389
24	4	0.3459	1	1	0.3942	0.06381
24	4	0.529	0	0	2.008	-0.0275
24	4	0.9772	0	1	0.3378	1.459
24	4	1.757	0	0	-0.9947	-0.5745
24	4	1.89	0	0	-0.5056	-0.6276
24	4	1.778	1	1	0.1829	-0.5847
24	4	0.7782	1	1	-0.8103	-0.1353
24	4	1.901	1	1	0.634	-0.6198
24	4	0.9036	1	1	-1.068	-0.1708
24	4	0.9987	0	1	-3.635	1.435
24	4	0.9257	1	1	0.5661	-0.1957
24	4	0.7578	1	1	-0.5657	-0.1628
24	4	1.945	1	1	-1.892	-0.6719
24	4	5.33	0	0	-0.5963	-1.383
24	4	0.1968	0	1	1.085	1.062
24	4	5.398	1	1	-1.691	-1.399
24	4	0.815	0	1	-0.4223	1.379
24	4	0.3658	1	1	1.38	-8.273e-05
24	4	5.275	0	0	0.4264	-1.398
24	4	0.4802	0	0	-0.3245	-0.0378
24	4	5.238	1	1	0.5548	-1.382
24	4	5.42	0	0	0.3714	-1.393
24	4	0.147	0	1	0.6378	1.038
24	4	0.5573	1	1	-0.03545	-0.03072
24	4	0.07771	0	1	-1.372	1.012
24	4	0.3468	0	1	-0.1845	1.11
24	4	0.3845	0	0	0.1996	-0.01324
24	4	0.791	1	1	-0.5001	-0.1695
24	4	5.532	1	1	-0.3958	-1.407
24	4	0.5235	1	1	1.663	-0.04082
24	4	0.2801	1	1	-1.067	0.05219
24	4	5.499	0	0	-0.05673	-1.399
24	4	0.3216	1	1	0.759	0.09461
25	4	5.41	0	0	-1.841	-1.395
25	4	0.8967	1	1	1.733	-0.1889
25	4	0.9446	0	0	0.8029	-0.1979
25	4	1.189	1	1	0.06158	-0.3339
25	4	0.4617	0	1	-0.0002678	1.224
25	4	0.07666	1	1	-1.98	1.031
25	4	1.846	0	1	1.975	1.92
25	4	0.3474	1	1	-0.2206	0.00809
25	4	0.6282	1	1	1.529	-0.05511
25	4	0.1752	1	1	-0.0658	0.1273
25	4	0.3272	1	1	-0.3898	0.03692
25	4	5.578	1	1	-1.185	-1.406
25	4	0.5269	1	1	1.46	-0.02636
25	4	0.5844	0	0	0.4012	-0.07639
25	4	0.03639	1	1	-0.8713	0.992
25	4	1.646	0	0	0.894	-0.5362
25	4	5.21	1	1	-0.01535	-1.381
25	4	0.6541	0	0	-1.054	-0.1143
25	4	0.3376	1	1	0.3548	0.00485
25	4	5.403	0	0	-1.381	-1.392
25	4	5.338	0	0	0.6899	-1.386
25	4	0.4634	1	1	0.7224	0.03735
25	4	0.06158	0	0	0.1029	0.1775
25	4	0.444	0	1	-0.2319	1.258
25	4	1.831	1	1	-0.222	-0.5888
25	4	0.2386	0	1	0.08737	1.214
25	4	0.966	0	0	0.2277	-0.2486
25	4	2.107	1	1	0.6986	-0.7162
25	4	1.728	0	0	-0.2191	-0.5621
25	4	5.248	0	0	1.559	-1.389
25	4	1.659	1	1	-0.8155	-0.5373
25	4	1.526	0	1	-0.5545	1.746
25	4	0.7885	1	1	-0.6949	-0.1922
25	4	1.649	0	0	-0.6021	-0.568
25	4	0.4301	1	1	-1.14	0.04059
25	4	0.6075	1	1	0.3237	-0.03078
25	4	0.02765	0	1	-0.3716	1.04
25	4	1.631	1	1	-0.517	-0.4983
25	4	5.255	1	1	-0.4394	-1.374
25	4	5.366	0	0	0.2664	-1.394
25	4	0.918	0	1	0.7188	1.477
25	4	5.574	1	1	0.07798	-1.407
25	4	0.8334	1	1	0.548	-0.1903
25	4	1.081	1	1	0.8435	-0.3188
25	4	0.3055	0	1	-0.5009	1.146
25	4	0.4122	1	1	-0.1364	0.006473
25	4	0.169	1	0	0.535	1.107
25	4	5.373	0	0	-0.3877	-1.384
25	4	0.2267	0	1	1.275	1.078
25	4	1.805	1	1	0.2884	-0.5912
26	4	1.767	1	1	0.4508	-0.6047
26	4	0.8181	0	0	0.3629	-0.1642
26	4	0.8031	0	1	-0.5229	1.376
26	4	5.516	0	0	-0.7724	-1.399
26	4	0.01308	0	1	0.6333	0.9431
26	4	0.2713	0	1	0.4867	1.108
26	4	0.4476	0	0	0.9141	-0.02543
26	4	0.1781	0	0	-0.1979	0.1651
26	4	1.539	0	1	-1.106	1.763
26	4	1.775	1	1	-0.4744	-0.5914
26	4	5.31	0	0	-0.1357	-1.376
26	4	0.2697	0	0	-0.2976	0.08824
26	4	5.452	1	1	-0.4634	-1.385
26	4	0.533	1	1	1.707	-0.0399
26	4	2.009	1	1	-0.141	-0.7013
26	4	1.864	1	1	-0.1022	-0.6627
26	4	5.347	1	1	-1.491	-1.385
26	4	1.848	1	1	1.596	-0.596
26	4	5.636	0	0	-0.6639	-1.402
26	4	1.838	1	1	0.5901	-0.6799
26	4	0.4559	1	1	0.1948	-0.007914
26	4	0.5888	1	1	0.5659	-0.01964
26	4	0.9973	1	1	0.5554	-0.2581
26	4	0.2848	0	1	-1.612	1.257
26	4	5.594	1	1	0.8114	-1.402
26	4	0.0512	0	0	-1.268	0.2479
26	4	0.3359	1	0	-0.05837	1.152
26	4	0.7644	1	1	0.1387	-0.1509
26	4	5.444	0	0	1.821	-1.397
26	4	0.9602	0	1	-0.3653	1.424
26	4	0.9654	1	1	-0.683	-0.2766
26	4	0.7488	0	1	0.519	1.293
26	4	0.045	0	0	-0.6207	0.1899
26	4	0.4366	0	0	1.535	0.01042
26	4	5.364	0	0	-1.605	-1.386
26	4	0.2767	1	1	0.07152	0.09091
26	4	5.348	1	1	-1.336	-1.387
26	4	0.8749	1	1	-0.02749	-0.2037
26	4	0.1151	0	1	-1.049	1.063
26	4	0.751	1	1	-0.06444	-0.1368
26	4	0.9952	0	0	1.071	-0.271
26	4	1.8	1	1	-0.6117	-0.5711
26	4	0.1776	1	0	-0.3129	1.153
26	4	0.6601	1	1	-1.47	-0.09741
26	4	1.665	1	1	3.139	-0.532
26	4	1.92	1	1	-0.6875	-0.6499
26	4	0.7633	0	1	0.7394	1.378
26	4	0.1116	0	1	0.117	1.022
26	4	5.382	0	0	-1.671	-1.393
26	4	0.5776	0	1	1.198	1.239
27	4	5.324	1	0	-1.473	3.421
27	4	1.721	0	0	1.485	-0.5722
27	4	1.055	1	1	0.2931	-0.2892
27	4	1.027	1	1	-0.05799	-0.2617
27	4	1.715	1	1	-0.5882	-0.5649
27	4	0.7067	1	1	0.08888	-0.1056
27	4	0.287	1	1	0.9531	0.05389
27	4	0.8254	0	0	0.0647	-0.1649
27	4	5.542	1	1	0.1333	-1.396
27	4	0.07018	0	1	-0.09788	1.016
27	4	0.4622	0	1	0.06634	1.291
27	4	5.359	0	0	-0.2469	-1.398
27	4	1.832	0	1	0.4818	1.844
27	4	0.1332	1	1	-0.3069	0.1219
27	4	5.343	0	0	-0.3392	-1.391
27	4	2.117	1	1	-0.5939	-0.7301
27	4	0.8579	0	1	1.245	1.401
27	4	1.876	1	0	-0.693	1.96
27	4	0.9847	1	1	1.465	-0.2069
27	4	5.264	1	1	0.1719	-1.382
27	4	0.579	1	1	-0.1508	-0.05047
27	4	0.881	0	0	0.2745	-0.1782
27	4	0.2112	0	1	-0.5787	1.103
27	4	0.1607	0	0	0.09135	0.1925
27	4	5.384	0	0	1.047	-1.396
27	4	0.6087	0	0	0.2749	-0.08467
27	4	1.021	0	1	0.03725	1.503
27	4	5.307	0	0	-0.1354	-1.386
27	4	0.2431	1	1	-1.927	0.1007
27	4	0.1501	1	0	1.594	1.057
27	4	0.2375	0	0	0.313	0.1385
27	4	0.7428	1	1	1.229	-0.1026
27	4	1.665	0	1	-1.598	1.778
27	4	1.813	1	1	1.162	-0.636
27	4	0.06415	1	1	0.1325	0.2064
27	4	5.511	1	1	0.01789	-1.402
27	4	5.374	0	0	0.3537	-1.389
27	4	1.808	1	1	0.4099	-0.6306
27	4	1.927	1	1	0.3896	-0.663
27	4	0.6364	1	1	0.4821	-0.05953
27	4	0.507	0	0	-0.738	-0.03696
27	4	1.605	0	0	-0.05148	-0.5334
27	4	0.3796	0	1	1.887	1.152
27	4	0.5614	0	0	0.6773	-0.06831
27	4	5.714	1	1	1.077	-1.408
27	4	0.8303	0	0	0.2249	-0.1428
27	4	0.3159	0	1	0.0991	1.181
27	4	1.125	1	1	1.308	-0.3327
27	4	0.5303	1	1	0.3389	-0.06817
27	4	0.9922	0	1	-0.672	1.452
28	4	1.808	0	0	2.028	-0.5867
28	4	5.25	0	0	-0.8421	-1.383
28	4	1.891	1	1	0.2389	-0.6558
28	4	0.7762	0	1	1.84	1.429
28	4	5.303	1	1	0.3661	-1.386
28	4	5.27	0	0	-0.1566	-1.384
28	4	0.3798	0	1	0.5188	1.15
28	4	1.733	1	1	-1.532	-0.5512
28	4	0.6905	1	1	0.6338	-0.09343
28	4	0.7482	1	1	-0.03008	-0.1299
28	4	5.397	0	0	-0.3191	-1.394
28	4	1.852	0	1	1.188	1.805
28	4	0.5479	1	1	0.2622	-0.03716
28	4	1.047	1	1	-1.688	-0.321
28	4	0.2648	1	1	1.021	1.135
28	4	0.1673	0	1	0.9475	1.033
28	4	5.141	1	1	0.1188	-1.383
28	4	1.79	0	0	0.1103	-0.6115
28	4	0.4945	0	1	-0.05577	1.216
28	4	1.768	0	0	0.1316	-0.5524
28	4	5.277	1	1	-0.1045	-1.38
28	4	0.939	1	0	-0.4168	1.274
28	4	0.6425	1	1	0.3045	-0.0548
28	4	0.379	1	0	-0.09877	1.222
28	4	1.594	1	1	-0.2752	-0.5422
28	4	5.368	1	1	-0.08531	-1.39
28	4	1.085	1	0	2.593	1.44
28	4	0.1899	0	0	-0.2229	0.1634
28	4	0.3552	1	1	-0.3289	0.06095
28	4	0.5394	1	1	1.573	-0.08151
28	4	1.004	0	0	-1.078	-0.2669
28	4	0.5552	1	1	0.383	-0.01114
28	4	1.587	0	0	1.827	-0.5053
28	4	5.544	0	0	-0.5362	-1.404
28	4	5.58	1	1	0.5512	-1.408
28	4	0.9597	1	0	-0.5395	1.437
28	4	1.082	1	1	0.3831	-0.3143
28	4	0.207	1	1	-0.01566	0.135
28	4	0.375	0	1	-1.6	1.144
28	4	0.8738	1	1	-0.687	-0.2309
28	4	1.596	0	1	-0.4927	1.683
28	4	0.08545	0	0	2.377	0.204
28	4	0.4025	1	1	-1.474	0.04502
28	4	1.654	0	1	-0.8718	1.819
28	4	5.491	1	1	-1.017	-1.401
28	4	0.408	0	1	1.129	1.218
28	4	0.2077	0	1	0.4054	1.188
28	4	0.3008	0	1	0.2471	1.113
28	4	0.8851	0	1	-0.5945	1.311
28	4	0.08544	0	1	1.672	1.009
29	4	0.1664	1	0	2.212	1.033
29	4	0.4267	1	0	0.9604	1.186
29	4	0.4011	0	0	-0.3324	0.009911
29	4	0.1155	1	1	-0.7308	0.2449
29	4	0.2661	1	1	-1.2	0.08299
29	4	0.1263	0	1	-0.4596	1.04
29	4	0.7879	1	1	0.265	-0.1316
29	4	0.7204	0	1	-0.2901	1.455
29	4	5.407	0	0	0.05552	-1.398
29	4	1.844	0	0	0.8681	-0.592
29	4	0.5938	0	0	-0.7319	-0.09429
29	4	1.589	0	0	0.02751	-0.552
29	4	0.4426	0	1	0.08852	1.181
29	4	0.5842	1	1	-0.622	-0.07045
29	4	5.466	0	0	-0.3623	-1.393
29	4	5.498	1	1	-1.64	-1.403
29	4	1.712	0	0	2.096	-0.5708
29	4	0.4119	1	1	-0.5324	-0.009018
29	4	0.2481	1	1	-0.8145	0.1067
29	4	5.76	1	1	0.7588	-1.412
29	4	1.887	1	0	0.6636	1.922
29	4	5.381	1	1	1.596	-1.387
29	4	1.007	0	0	-0.935	-0.2687
29	4	0.9991	1	1	-1.022	-0.2592
29	4	0.4832	1	1	1.467	-0.03729
29	4	1.794	1	1	-0.4226	-0.6033
29	4	0.394	0	1	-1.049	1.239
29	4	1.513	0	0	-0.1204	-0.4891
29	4	0.7687	0	0	1.588	-0.1826
29	4	5.278	1	1	-0.9939	-1.391
29	4	0.06454	1	1	0.7202	1.01
29	4	1.837	0	0	0.1728	-0.6412
29	4	0.569	0	1	-0.283	1.277
29	4	0.389	1	1	-0.2212	0.06477
29	4	0.1965	0	1	-0.2532	1.09
29	4	0.6455	1	0	-0.3397	1.308
29	4	1.914	0	0	-0.1478	-0.6552
29	4	0.7187	0	1	-1.176	1.321
29	4	5.405	1	1	0.5726	-1.395
29	4	1.89	1	1	-0.6399	-0.6297
29	4	0.7471	1	1	0.7068	-0.1234
29	4	1.748	1	1	0.3071	-0.561
29	4	5.303	1	1	-0.1114	-1.385
29	4	0.6941	0	0	1.089	-0.1059
29	4	0.8913	0	0	-1.555	-0.1865
29	4	0.3789	1	0	0.2282	1.134
29	4	5.14	0	0	-0.9983	-1.384
29	4	5.328	1	1	-1.855	-1.387
29	4	0.9852	0	1	-0.6999	1.468
29	4	0.141	0	0	-0.8887	0.1695
30	5	0.8543	0	0	0.3713	-0.1819
30	5	5.52	0	0	-0.4504	-1.401
30	5	1.555	0	0	-0.9362	-0.5227
30	5	5.353	1	1	-0.3936	-1.388
30	5	0.08323	0	1	0.4987	1.012
30	5	4.865	0	0	-0.8373	-1.357
30	5	0.2625	1	1	0.3219	0.07277
30	5	0.1693	1	1	-2.612	0.1702
30	5	1.06	0	0	-0.3982	-0.3207
30	5	0.3583	0	1	-1.074	1.186
30	5	0.7136	0	1	-1.02	1.323
30	5	0.2947	1	1	-0.2839	0.07065
30	5	1.847	0	1	-1.136	1.956
30	5	1.007	0	1	0.8972	1.444
30	5	0.3338	0	1	0.9642	1.16
30	5	1.786	0	0	1.67	-0.5838
30	5	1.537	1	1	0.5925	-0.4939
30	5	1.04	1	1	-1.073	-0.2513
30	5	0.8153	1	1	-2.305	-0.149
30	5	0.671	1	1	0.5387	-0.09687
30	5	0.1715	1	1	0.3508	0.1671
30	5	1.068	0	0	-1.01	-0.2767
30	5	1.816	1	1	-1.642	-0.5864
30	5	1.845	0	1	-1.142	1.883
30	5	0.1918	1	1	0.2224	0.156
30	5	5.596	1	1	-0.6177	-1.409
30	5	0.2684	1	1	-1.154	0.03537
30	5	0.3526	0	1	0.6589	1.153
30	5	1.472	1	1	0.2834	-0.493
30	5	5.185	1	1	-0.06924	-1.38
30	5	0.3815	1	1	-0.01983	0.08781
30	5	5.37	1	1	-2.928	-1.392
30	5	0.7812	0	0	2.02	-0.1658
30	5	0.5056	0	1	-0.3198	1.274
30	5	0.4009	1	0	1.048	1.203
30	5	2.033	0	0	-0.3799	-0.6628
30	5	1.972	0	0	0.3698	-0.6633
30	5	0.5786	0	1	-1.084	1.29
30	5	5.276	0	0	-0.7574	-1.384
30	5	0.1118	1	1	-0.09123	0.1489
30	5	1.855	1	1	-0.1679	-0.6647
30	5	0.5644	0	1	0.3751	1.305
30	5	0.804	1	1	1.38	-0.1426
30	5	0.5814	1	0	-0.09374	1.219
30	5	0.2752	0	1	-1.366	1.077
30	5	5.177	1	1	-1.556	-1.375
30	5	0.2992	1	1	-1.302	0.05912
30	5	0.2565	1	0	-0.2875	1.111
30	5	5.358	0	0	-0.7955	-1.382
30	5	5.568	0	0	-0.1321	-1.405
31	5	0.08901	0	1	-0.4905	1.079
31	5	1.688	0	1	1.7	1.895
31	5	0.7742	0	0	0.2033	-0.1877
31	5	1.112	1	0	0.1979	1.491
31	5	5.647	1	1	0.3616	-1.408
31	5	0.4741	1	1	-1.251	-0.01693
31	5	5.381	1	1	1.11	-1.39
31	5	0.2502	1	0	-1.066	1.148
31	5	4.697	1	1	1.425	-1.336
31	5	1.681	1	1	-0.5293	-0.5575
31	5	0.8196	0	1	-0.6756	1.342
31	5	1.916	1	1	2.94	-0.647
31	5	1.06	0	1	0.2321	1.612
31	5	1.067	1	1	0.3748	-0.3319
31	5	0.1619	0	1	0.3444	0.9989
31	5	1.991	1	1	-0.7916	-0.6885
31	5	0.2925	0	1	0.9032	1.075
31	5	5.046	0	0	0.05323	-1.356
31	5	1.587	1	0	2.364	1.718
31	5	0.5088	1	0	-0.8931	1.134
31	5	0.5249	0	1	-0.4068	1.128
31	5	1.034	0	0	1.182	-0.2722
31	5	5.344	0	0	0.4428	-1.393
31	5	0.4787	1	1	-2.054	-0.03211
31	5	0.3407	1	1	1.294	0.05535
31	5	1.921	0	1	-0.1214	1.832
31	5	0.9392	1	1	0.3859	-0.2533
31	5	1.472	1	1	-0.8941	-0.4676
31	5	1.834	1	1	-0.5622	-0.6167
31	5	0.7042	0	1	-0.4582	1.377
31	5	0.3407	0	0	0.1796	0.1036
31	5	5.424	1	1	1.264	-1.399
31	5	0.1173	1	1	-0.9808	0.1862
31	5	0.5722	1	0	-0.2699	1.318
31	5	1.023	1	1	-1.934	-0.2334
31	5	0.7601	0	1	2.335	1.346
31	5	2.059	0	0	0.15	-0.7354
31	5	0.4764	0	1	-0.007761	1.165
31	5	1.732	1	1	-0.6726	-0.5372
31	5	0.6611	0	1	0.1931	1.278
31	5	0.2271	0	1	0.2342	1.027
31	5	0.5115	0	1	-0.1495	1.204
31	5	5.598	0	0	-0.2372	-1.412
31	5	5.744	0	0	0.5698	-1.411
31	5	5.472	1	1	-0.1321	-1.393
31	5	0.8339	0	1	-1.767	1.427
31	5	0.4105	0	1	1.189	1.228
31	5	5.243	0	0	-0.4946	-1.382
31	5	0.8421	1	0	1.224	1.376
31	5	0.4148	1	1	0.9731	0.07011
32	5	0.8705	0	0	-0.8665	-0.1842
32	5	0.4485	0	0	-0.5824	0.004853
32	5	1.594	0	0	0.8116	-0.527
32	5	0.7811	1	1	0.06813	-0.1703
32	5	0.3377	0	0	-1.368	0.04184
32	5	0.6108	1	0	-0.3691	1.32
32	5	5.46	0	0	1.067	-1.395
32	5	1.619	1	0	-2.037	1.655
32	5	0.7344	1	0	-0.9705	1.377
32	5	1.119	0	1	0.06818	1.543
32	5	0.05248	0	1	0.3527	0.9591
32	5	0.9002	1	0	-0.36	1.49
32	5	5.8	1	1	-0.8324	-1.417
32	5	0.119	0	0	-0.1821	0.1766
32	5	0.1181	0	0	-0.5185	0.2411
32	5	1.779	1	1	-0.168	-0.5933
32	5	5.429	1	1	-0.9745	-1.392
32	5	0.5087	0	1	1.234	1.235
32	5	0.06921	1	1	0.9461	0.1919
32	5	0.332	0	1	1.492	1.103
32	5	1.509	0	0	1.621	-0.4709
32	5	0.4542	1	1	0.6014	-0.003518
32	5	0.5309	0	1	-0.8292	1.218
32	5	0.4153	0	0	-0.1895	-0.005282
32	5	0.4116	1	1	0.4011	0.0211
32	5	0.9368	0	0	-0.5368	-0.25
32	5	1.427	1	1	1.265	-0.4464
32	5	5.389	1	1	-0.9212	-1.399
32	5	1.542	1	1	0.7725	-0.5262
32	5	5.497	0	0	0.2482	-1.402
32	5	0.14	1	1	-0.3548	0.1565
32	5	5.625	1	1	0.2693	-1.407
32	5	1.597	1	1	0.5793	-0.5255
32	5	0.8821	0	1	-0.484	1.448
32	5	1.006	0	1	2.78	1.521
32	5	1.777	0	0	0.5143	-0.59
32	5	0.3257	0	1	-0.5132	1.236
32	5	5.408	0	0	0.2664	-1.388
32	5	0.1878	0	0	-0.4784	0.1134
32	5	0.5355	0	0	0.927	-0.01151
32	5	2.005	1	1	-0.2942	-0.6898
32	5	5.349	1	1	-0.1764	-1.394
32	5	0.676	0	0	-1.657	-0.1357
32	5	1.492	1	1	0.396	-0.4902
32	5	0.2402	0	0	-0.8122	0.1522
32	5	1.888	1	1	-1.53	-0.6643
32	5	0.1087	0	1	0.9222	0.1605
32	5	5.598	1	1	-0.7137	-1.409
32	5	5.56	1	1	-0.3511	-1.4
32	5	0.8937	1	1	-1.787	-0.2218
33	5	1.64	0	0	0.8175	-0.5542
33	5	0.1868	0	0	0.4207	0.1944
33	5	0.4556	0	0	0.2724	0.04683
33	5	5.111	1	0	0.1704	3.485
33	5	0.2354	0	0	0.1025	0.06708
33	5	5.68	1	1	0.2151	-1.409
33	5	5.74	1	1	-0.7401	-1.41
33	5	5.29	1	1	-0.2148	-1.392
33	5	1.88	1	1	0.7297	-0.6445
33	5	0.768	0	0	-1.343	-0.1324
33	5	0.6218	0	1	-0.435	1.28
33	5	1.696	0	0	0.3191	-0.5831
33	5	5.622	1	1	0.3338	-1.398
33	5	0.3873	0	0	-0.5688	0.0201
33	5	5.31	0	0	0.5564	-1.384
33	5	0.4919	1	0	0.173	1.274
33	5	0.8602	0	0	-1.88	-0.2192
33	5	0.08642	0	0	-0.6468	0.1971
33	5	2.196	1	1	-0.2512	-0.7471
33	5	1.758	0	0	0.4381	-0.6293
33	5	1.699	1	1	-3.093	-0.5535
33	5	0.4086	0	0	0.1951	0.06746
33	5	0.5171	0	0	0.1529	-0.0242
33	5	0.4371	1	1	1.557	-0.008087
33	5	0.002837	0	0	-0.2901	1.005
33	5	5.283	0	0	0.2643	-1.386
33	5	0.5975	0	1	-1.1	1.218
33	5	0.8044	0	0	-0.8287	-0.1352
33	5	5.328	0	0	1.084	-1.386
33	5	0.1597	0	1	-0.7011	1.044
33	5	0.14	0	0	0.168	1.139
33	5	0.06591	1	1	0.01254	0.2213
33	5	1.76	1	0	0.1823	1.64
33	5	0.6298	1	1	-0.5863	-0.08883
33	5	0.9462	0	1	0.8729	1.398
33	5	0.347	1	1	0.7332	0.06586
33	5	1.748	1	1	-0.1787	-0.5747
33	5	5.333	1	1	-0.2458	-1.391
33	5	1.843	1	1	0.2662	-0.6032
33	5	0.7009	0	0	0.3943	-0.1107
33	5	0.4053	1	1	0.983	0.03487
33	5	0.9499	1	0	3.603	1.444
33	5	5.451	1	0	-0.1617	3.479
33	5	0.05605	0	0	0.08152	0.2598
33	5	0.2027	0	1	-1.096	1.091
33	5	1.77	1	1	-2.065	-0.5995
33	5	0.132	1	1	-0.1651	0.1645
33	5	0.8612	0	1	0.2306	1.535
33	5	0.8747	1	0	0.8784	1.438
33	5	0.1783	0	1	-0.3128	1.13
34	5	5.409	1	1	0.2095	-1.401
34	5	1.723	0	0	0.3517	-0.5744
34	5	0.6916	0	1	0.1386	1.427
34	5	0.01071	0	0	0.2286	0.2306
34	5	1.711	1	0	0.1715	1.791
34	5	1.672	0	1	0.1432	1.819
34	5	0.1862	0	1	-0.1819	1.154
34	5	0.6787	0	0	-0.5784	-0.1319
34	5	1.891	0	0	-0.4009	-0.6341
34	5	0.3709	1	0	-0.2349	1.22
34	5	0.3611	1	1	-0.05461	0.0367
34	5	0.6159	1	1	-0.3087	-0.04995
34	5	1.577	0	0	-0.2156	-0.4996
34	5	0.7326	1	0	-0.2369	1.302
34	5	5.403	0	0	-0.5161	-1.395
34	5	0.6692	1	0	-0.1715	1.191
34	5	5.488	1	1	-0.07746	-1.399
34	5	0.2208	1	1	-0.235	0.1596
34	5	0.6043	0	1	-0.206	1.212
34	5	0.4682	0	1	-0.05638	1.231
34	5	1.817	0	0	-0.08115	-0.5956
34	5	1.888	0	0	-0.27	-0.615
34	5	1.781	1	0	-0.1479	1.967
34	5	0.3244	1	1	-0.4461	0.09588
34	5	1.846	1	1	0.01727	-0.617
34	5	0.9654	1	1	-0.4119	-0.232
34	5	0.9938	0	1	-0.008844	1.454
34	5	0.8606	1	1	0.3169	-0.1739
34	5	0.9722	1	1	-0.2399	-0.2303
34	5	1.864	1	1	-0.08785	-0.5943
34	5	5.472	0	0	0.1137	-1.393
34	5	0.372	0	1	-0.08639	1.154
34	5	5.266	1	1	-0.2063	-1.376
34	5	0.8861	0	0	-0.2338	-0.1996
34	5	0.1206	1	0	-0.2047	1.001
34	5	5.682	0	0	0.1433	-1.409
34	5	0.532	0	0	-0.193	0.001636
34	5	5.428	1	1	-0.2403	-1.396
34	5	5.47	0	0	-0.3394	-1.392
34	5	0.5631	0	1	0.007287	1.29
34	5	0.231	1	1	-0.21	0.1136
34	5	0.4415	0	1	-0.2108	1.2
34	5	0.3342	0	1	-0.8056	1.168
34	5	0.3651	0	0	-0.1022	0.05767
34	5	0.8188	1	1	-0.189	-0.1464
34	5	4.757	1	1	-0.3324	-1.343
34	5	0.4604	1	1	-0.243	-0.01012
34	5	0.06787	1	1	-0.2473	0.1815
34	5	5.534	0	0	-0.7524	-1.394
34	5	0.2285	1	1	-0.2791	0.1225
35	5	5.302	0	0	0.4346	-1.382
35	5	0.5277	1	1	-1.714	-0.02179
35	5	1.238	0	0	-1.036	-0.3717
35	5	1.105	1	0	0.6943	1.492
35	5	0.4651	0	1	0.09869	1.286
35	5	0.2128	1	0	1.012	0.1088
35	5	1.82	0	1	-0.3788	1.93
35	5	0.09935	1	1	-0.1862	0.1862
35	5	0.3899	1	1	-1.231	0.04625
35	5	0.2117	1	0	2.061	1.031
35	5	0.502	1	1	-0.2276	-0.001691
35	5	5.628	1	1	-1.609	-1.412
35	5	0.6267	1	0	-0.7352	1.347
35	5	1.05	0	0	-1.486	-0.273
35	5	0.2293	0	0	-0.1168	0.1
35	5	1.558	0	1	0.9546	1.738
35	5	5.363	1	1	0.1147	-1.392
35	5	1.115	0	1	0.1192	1.597
35	5	0.1754	1	1	0.8418	0.1451
35	5	5.271	0	0	-0.4523	-1.383
35	5	5.576	0	0	0.8837	-1.404
35	5	0.6553	1	1	-1.116	-0.1113
35	5	0.2046	0	0	-0.3301	0.1329
35	5	0.276	0	0	0.8158	0.07964
35	5	1.644	1	1	0.61	-0.556
35	5	0.4441	0	1	0.4785	1.174
35	5	0.9436	0	0	0.5367	-0.2621
35	5	1.945	1	0	0.9201	1.891
35	5	1.828	0	0	-1.193	-0.6267
35	5	5.042	0	0	1.302	-1.37
35	5	1.663	1	1	-0.1959	-0.5405
35	5	1.504	0	0	-0.4451	-0.5259
35	5	0.8849	1	1	-0.2219	-0.2018
35	5	1.779	0	0	-0.3688	-0.6448
35	5	0.5549	1	1	0.6146	-0.04495
35	5	0.6087	1	1	0.1197	-0.06866
35	5	0.3273	0	1	0.9797	1.144
35	5	1.806	1	1	-0.8045	-0.6214
35	5	5.844	1	1	-0.5006	-1.412
35	5	5.268	0	0	-0.3318	-1.383
35	5	1.131	0	1	0.5895	1.597
35	5	5.166	1	1	0.9273	-1.377
35	5	1.275	1	1	-1.054	-0.4253
35	5	0.9406	1	1	0.02929	-0.2401
35	5	0.3373	0	1	-1.071	1.092
35	5	0.323	1	1	0.7827	0.1192
35	5	0.4566	1	1	-1.247	-0.07463
35	5	5.407	0	0	0.5027	-1.397
35	5	0.2521	0	1	-1.737	1.088
35	5	2.045	1	1	0.8985	-0.7192
36	5	1.91	1	1	-1.522	-0.6657
36	5	0.555	0	0	0.7225	-0.04602
36	5	1.065	0	0	2.24	-0.2603
36	5	5.357	0	0	-0.8048	-1.393
36	5	0.2597	0	0	0.5283	0.1109
36	5	0.6575	0	0	0.9246	-0.1018
36	5	0.009221	1	0	-0.338	0.2354
36	5	0.02465	0	1	0.2757	0.9796
36	5	2.012	0	1	-1.858	1.863
36	5	2.034	1	0	-1.638	1.999
36	5	5.191	0	0	0.1478	-1.374
36	5	0.01817	1	0	-0.08924	0.2752
36	5	5.126	1	1	-0.6663	-1.371
36	5	0.4282	1	1	1.426	0.05141
36	5	2.133	1	1	0.6243	-0.7642
36	5	2.215	1	1	0.8547	-0.7521
36	5	5.654	1	1	1	-1.407
36	5	1.428	1	0	1.653	1.568
36	5	5.547	0	0	0.3063	-1.404
36	5	1.657	1	1	-1.187	-0.5912
36	5	0.5276	1	1	0.1718	-0.001299
36	5	0.8243	1	1	-1.559	-0.1797
36	5	1.044	1	1	0.2221	-0.288
36	5	0.522	0	0	0.2643	-0.02014
36	5	5.546	1	1	-0.9734	-1.401
36	5	0.5848	0	1	0.637	1.356
36	5	0.3412	1	1	-2.254	0.1159
36	5	0.9444	1	1	0.5017	-0.2705
36	5	5.186	0	0	1.328	-1.381
36	5	0.7972	0	0	0.7843	-0.1539
36	5	1.098	1	1	-0.4236	-0.3243
36	5	0.8922	0	1	-0.9751	1.412
36	5	0.1328	0	0	2.363	0.1805
36	5	0.3723	0	1	-0.3608	1.244
36	5	5.553	0	0	0.8629	-1.398
36	5	0.4702	1	0	-0.8425	1.202
36	5	5.54	1	1	1.573	-1.405
36	5	0.9544	1	1	-0.2352	-0.2674
36	5	0.2845	0	1	0.7198	1.08
36	5	0.9595	1	1	-0.1114	-0.2279
36	5	0.6949	0	0	-0.7859	-0.08599
36	5	1.955	1	1	-0.8113	-0.6737
36	5	0.2646	1	1	-0.009178	0.08987
36	5	0.5427	1	1	1.795	-0.01403
36	5	2.147	1	0	0.6917	1.926
36	5	1.987	1	1	0.1024	-0.6692
36	5	0.7517	0	1	0.3934	1.351
36	5	0.1165	0	1	2.061	1.058
36	5	5.307	0	0	-1.852	-1.389
36	5	0.7931	0	0	0.01948	-0.1843
37	5	5.051	1	1	0.609	-1.369
37	5	1.944	0	0	-0.3818	-0.6726
37	5	0.5927	1	1	1.631	-0.04218
37	5	0.8588	1	1	0.3037	-0.1747
37	5	2.077	1	1	0.3748	-0.7287
37	5	0.849	1	1	0.151	-0.19
37	5	0.3597	1	1	-0.4715	0.005279
37	5	1.066	0	0	-0.09494	-0.2765
37	5	5.223	1	1	1.349	-1.383
37	5	0.1643	0	0	-0.9909	0.09375
37	5	0.7191	0	1	2.478	1.38
37	5	5.551	0	0	-0.9119	-1.403
37	5	1.747	0	0	0.3792	-0.587
37	5	0.03841	1	0	-0.2752	1.075
37	5	5.517	0	0	0.1044	-1.395
37	5	1.503	1	1	0.8403	-0.486
37	5	1.248	0	0	-0.3906	-0.3934
37	5	1.84	1	1	-0.2429	-0.631
37	5	1.259	1	1	0.8718	-0.3398
37	5	5.479	1	1	-1.738	-1.402
37	5	0.4572	1	1	0.4429	-0.01696
37	5	0.8113	0	1	1.016	1.381
37	5	0.04271	0	1	-1.133	0.9966
37	5	0.5797	0	0	0.8935	-0.08237
37	5	5.507	0	0	0.4262	-1.397
37	5	0.1451	0	0	0.2809	0.1586
37	5	1.006	0	1	-1.953	1.481
37	5	5.549	0	0	-0.06877	-1.405
37	5	0.2644	1	1	-0.1148	0.1184
37	5	0.409	1	1	0.05652	0.0583
37	5	0.1558	0	1	-0.07254	1.115
37	5	0.5363	1	0	0.8463	1.279
37	5	1.871	0	0	1.009	-0.6531
37	5	1.857	1	1	-0.609	-0.6599
37	5	0.2723	1	1	0.792	0.1585
37	5	5.577	1	1	0.1564	-1.402
37	5	5.134	0	0	0.01687	-1.379
37	5	1.935	1	1	0.8122	-0.6798
37	5	1.887	1	1	-0.8006	-0.6125
37	5	0.2244	1	1	-0.5776	0.1389
37	5	0.1191	0	1	-1.364	0.9749
37	5	1.978	0	1	-0.5927	2.017
37	5	0.1861	0	1	0.7454	1.05
37	5	0.5192	0	0	0.7286	0.01374
37	5	5.584	1	1	-0.006385	-1.402
37	5	0.894	0	0	0.8621	-0.1956
37	5	0.4954	0	0	-1.551	-0.04299
37	5	1.21	1	1	-1.066	-0.4047
37	5	0.2838	1	0	-0.1569	1.108
37	5	0.9799	0	1	-0.5368	1.488
38	5	2.09	0	0	-1.155	-0.7114
38	5	5.456	0	0	0.2081	-1.391
38	5	1.933	1	1	0.3963	-0.6352
38	5	0.662	0	0	-0.04223	-0.09257
38	5	5.315	1	1	1.629	-1.392
38	5	5.019	0	0	-0.3114	-1.364
38	5	0.5034	0	1	-0.1692	1.288
38	5	1.742	1	1	-0.7545	-0.5772
38	5	0.6036	1	1	-0.2218	-0.02571
38	5	0.6085	1	1	-0.2602	-0.08592
38	5	5.717	0	0	0.7719	-1.405
38	5	1.729	0	1	-0.7831	1.737
38	5	0.2079	1	1	0.3003	0.1337
38	5	0.8773	1	0	-0.8909	1.34
38	5	0.09494	1	0	-0.216	0.1323
38	5	0.4026	0	1	1.318	1.204
38	5	5.741	1	1	-0.6902	-1.409
38	5	1.944	0	0	-0.1502	-0.6541
38	5	0.2133	1	1	-0.3334	1.184
38	5	1.901	0	1	-1.09	1.856
38	5	5.344	1	1	-1.578	-1.387
38	5	1.045	1	1	0.1899	-0.3198
38	5	0.5416	1	1	0.9161	-0.03511
38	5	0.3558	1	0	0.1903	1.096
38	5	2.127	1	1	-0.1626	-0.7445
38	5	5.803	1	1	-0.4892	-1.413
38	5	1.152	1	1	0.1161	-0.3308
38	5	0.1206	0	0	-0.7292	0.1396
38	5	0.09118	0	1	-0.02956	0.2189
38	5	0.7458	1	1	0.1995	-0.07242
38	5	1.084	0	1	-1.227	1.556
38	5	0.2498	1	1	-0.07829	0.1145
38	5	1.879	0	0	-1.945	-0.6785
38	5	5.393	0	0	0.1423	-1.388
38	5	5.11	1	1	-0.8568	-1.369
38	5	1.114	1	1	1.083	-0.2937
38	5	0.9777	1	1	-0.4321	-0.2358
38	5	0.01723	1	0	-0.8523	1.013
38	5	0.5761	0	1	0.1459	1.336
38	5	1.242	1	1	0.4012	-0.3535
38	5	1.996	0	0	0.1928	-0.6926
38	5	0.4814	0	1	-0.9647	1.289
38	5	0.42	1	0	-0.5334	1.218
38	5	1.663	0	0	-0.1698	-0.5355
38	5	5.248	1	1	-0.5162	-1.386
38	5	0.6082	0	1	-2.225	1.272
38	5	0.4665	0	0	0.8099	-0.006086
38	5	0.4921	0	0	-0.7372	-0.03955
38	5	0.6201	0	1	0.1383	1.262
38	5	0.05067	0	0	-0.08624	0.2209
39	5	0.006498	0	0	-0.2176	1.017
39	5	0.5378	1	1	-0.3726	0.0115
39	5	0.4171	0	0	-1.484	0.03489
39	5	0.2527	1	1	0.9304	0.1254
39	5	0.4079	1	1	-0.5098	0.00927
39	5	0.5034	0	1	1.081	1.248
39	5	1.15	1	0	-1.409	1.646
39	5	1.057	0	0	-0.52	-0.2756
39	5	5.354	0	0	-0.1226	-1.391
39	5	1.864	0	0	-0.3594	-0.6606
39	5	0.5737	0	1	-0.6998	1.236
39	5	2.163	0	0	0.655	-0.7483
39	5	0.1364	0	1	0.02475	0.9968
39	5	0.2957	1	0	0.0296	1.121
39	5	5.621	0	0	-0.1916	-1.407
39	5	5.014	1	1	-0.9858	-1.36
39	5	2.182	0	0	0.5893	-0.7648
39	5	0.2934	1	1	2.433	0.09306
39	5	0.02679	0	0	-1.381	1.022
39	5	5.43	1	1	0.151	-1.394
39	5	2.298	1	1	-0.0619	-0.7798
39	5	5.276	1	1	0.02025	-1.389
39	5	1	0	0	0.9567	-0.2572
39	5	0.5923	1	0	0.3523	1.26
39	5	0.5489	1	1	0.6257	-0.008384
39	5	1.644	1	1	0.2176	-0.5471
39	5	0.2956	0	0	-0.6052	0.05486
39	5	1.509	0	1	-0.6218	1.791
39	5	1.046	0	0	-0.0285	-0.3046
39	5	5.205	1	1	-0.3001	-1.38
39	5	0.6939	0	1	0.1214	1.377
39	5	1.802	0	0	1.227	-0.6252
39	5	0.4732	0	1	0.1054	1.189
39	5	0.2023	1	1	-0.2242	0.1681
39	5	0.2544	0	1	0.2224	1.167
39	5	0.2332	1	1	-1.144	0.1012
39	5	1.611	0	0	1.476	-0.513
39	5	0.6811	0	1	-0.6047	1.311
39	5	5.532	1	1	1.654	-1.396
39	5	1.907	1	0	-1.375	2.015
39	5	1.511	1	1	-0.1268	-0.5163
39	5	1.327	1	1	-1.718	-0.4019
39	5	5.11	1	1	0.04631	-1.374
39	5	0.4732	0	0	0.6667	-0.0161
39	5	0.9255	0	1	0.4301	1.506
39	5	0.492	1	1	-0.422	-0.03484
39	5	5.375	0	0	0.2813	-1.391
39	5	5.089	1	1	0.7145	-1.383
39	5	1.035	0	1	0.836	1.355
39	5	0.7141	0	1	-1.162	1.369
40	6	1.833	0	0	1.032	-0.6186
40	6	1.742	1	1	-0.285	-0.6051
40	6	1.518	1	1	0.664	-0.49
40	6	0.3685	1	1	0.7273	1.256
40	6	0.5094	0	0	-0.09715	-0.006899
40	6	1.162	1	1	-0.06585	-0.3145
40	6	0.4064	0	1	-0.9316	1.195
40	6	0.687	1	1	-0.1847	-0.117
40	6	5.328	1	1	-1.112	-1.393
40	6	0.2396	0	1	-0.489	1.05
40	6	0.5577	0	0	-0.3542	-0.0621
40	6	1.052	1	1	-0.9178	-0.2617
40	6	0.2013	0	1	-0.8095	1.106
40	6	5.614	0	0	0.7125	-1.406
40	6	5.301	1	1	0.5733	-1.387
40	6	1.695	0	0	1.344	-0.5769
40	6	1.128	1	1	2.518	-0.3109
40	6	0.542	0	0	0.3886	-0.02721
40	6	1.254	1	1	-0.3332	-0.3783
40	6	0.296	0	0	0.6198	0.06803
40	6	0.5231	0	0	-0.3344	-0.05298
40	6	1.691	1	1	-0.2772	-0.5637
40	6	1.728	0	1	2.524	1.704
40	6	5.806	0	0	1.643	-1.42
40	6	1.575	1	1	0.571	-0.508
40	6	0.1682	0	1	0.2041	1.053
40	6	1.046	0	0	3.271	-0.3103
40	6	5.164	0	0	0.4206	-1.371
40	6	0.1768	1	0	-0.3259	1.15
40	6	1.383	1	1	0.5332	-0.4376
40	6	1.518	1	1	-0.6032	-0.4888
40	6	5.567	1	1	2.348	-1.402
40	6	0.1316	1	1	-0.4442	1.151
40	6	0.2598	1	0	0.2162	1.049
40	6	0.1896	1	0	-0.4855	0.1274
40	6	5.264	1	1	0.3857	-1.383
40	6	1.007	0	0	0.05135	-0.2707
40	6	0.1135	0	1	-0.7766	0.2052
40	6	0.2908	1	1	1.042	0.08555
40	6	0.6566	1	1	-0.2511	-0.06057
40	6	1.011	0	0	1.841	-0.1991
40	6	1.98	0	0	1.224	-0.6843
40	6	5.413	1	1	-0.07284	-1.39
40	6	0.3421	0	0	-2.31	0.0191
40	6	0.9917	1	1	-1.373	-0.2943
40	6	0.07236	0	1	-0.1522	0.2017
40	6	5.481	1	1	-1.027	-1.392
40	6	5.44	0	0	-1.625	-1.39
40	6	0.7825	0	1	0.9101	1.395
40	6	0.01835	1	1	1.028	0.2043
41	6	5.212	1	1	1.817	-1.382
41	6	1.544	1	0	0.2942	1.638
41	6	0.1449	1	0	0.7165	0.9952
41	6	0.5812	1	1	-0.09497	-0.0401
41	6	0.558	1	1	0.6652	-0.03069
41	6	5.783	0	0	-1.004	-1.413
41	6	0.7034	1	1	0.6591	-0.1489
41	6	5.454	1	1	0.003327	-1.407
41	6	1.063	0	1	-0.29	1.572
41	6	0.2289	1	0	0.8804	1.168
41	6	5.342	1	1	0.1774	-1.383
41	6	0.4667	1	0	0.143	1.211
41	6	5.492	1	1	-1.208	-1.398
41	6	0.5117	1	0	1.619	1.238
41	6	0.1217	0	0	-0.1345	0.1784
41	6	5.591	0	0	0.5802	-1.405
41	6	0.1537	0	1	0.369	0.1538
41	6	0.4771	0	1	0.04665	1.213
41	6	0.0246	1	1	0.7346	0.9869
41	6	0.3268	0	0	-0.1679	0.05473
41	6	0.05307	0	1	0.6126	0.1903
41	6	1.518	1	1	-0.03648	-0.5124
41	6	0.4588	1	1	-0.08263	0.03927
41	6	0.577	1	1	-0.5075	-0.04491
41	6	0.1765	1	0	0.8601	1.135
41	6	5.789	0	0	-0.9747	-1.413
41	6	0.2683	0	0	-0.8459	0.08712
41	6	2.177	0	0	-0.2836	-0.7268
41	6	0.31	0	0	0.6242	0.07962
41	6	0.07343	0	1	0.1854	1.049
41	6	0.3045	0	1	0.538	1.099
41	6	0.3696	1	1	1.459	0.002107
41	6	0.6245	1	0	0.2902	1.219
41	6	0.8028	0	1	0.02864	1.405
41	6	0.7006	0	1	0.3808	1.332
41	6	1.689	1	1	0.01528	-0.5561
41	6	1.776	0	0	2.274	-0.5745
41	6	1.759	1	1	0.2227	-0.5915
41	6	0.2848	1	1	0.7644	0.05653
41	6	5.342	1	1	-2.103	-1.392
41	6	0.9235	0	1	-1.395	1.437
41	6	1.102	0	1	-0.2303	1.639
41	6	5.159	0	0	-0.5542	-1.375
41	6	1.952	0	0	-1.837	-0.6724
41	6	1.925	0	1	-1.009	1.931
41	6	0.811	0	0	0.263	-0.1709
41	6	2.11	0	1	-1.488	1.934
41	6	0.5017	0	1	-0.5774	1.23
41	6	5.351	1	1	-1.048	-1.385
41	6	1.617	0	0	-1.839	-0.5299
42	6	1.82	1	0	1.215	1.814
42	6	5.505	1	1	-0.408	-1.394
42	6	0.3062	1	1	1.308	0.04523
42	6	5.305	1	1	0.1734	-1.394
42	6	0.9517	0	0	0.4549	-0.262
42	6	5.416	0	0	0.6158	-1.393
42	6	1.63	1	0	-0.07819	1.862
42	6	0.4438	0	1	0.6626	1.328
42	6	5.183	0	0	0.3688	-1.375
42	6	0.5727	1	1	1.197	-0.04137
42	6	0.7683	0	1	0.1897	1.361
42	6	5.383	0	0	1.177	-1.393
42	6	0.163	0	0	-1.845	0.1657
42	6	0.4223	1	1	0.5405	0.04952
42	6	0.5007	1	0	0.006596	1.239
42	6	0.1938	1	1	-1.249	0.1047
42	6	1.798	1	1	1.783	-0.6112
42	6	0.4059	0	1	-2.82	1.181
42	6	1.921	0	1	0.3914	1.9
42	6	2.037	0	0	0.8962	-0.688
42	6	0.8474	0	1	-0.7236	1.367
42	6	0.2211	0	0	0.2324	0.1495
42	6	5.583	0	0	0.7503	-1.4
42	6	0.6475	0	0	0.0552	-0.08541
42	6	0.4333	1	1	1.276	0.03831
42	6	0.5621	1	1	-0.3494	-0.03883
42	6	5.078	0	0	-0.6555	-1.37
42	6	2.101	0	1	0.2372	1.929
42	6	2.145	1	0	-0.8198	1.907
42	6	5.189	1	1	0.6137	-1.384
42	6	1.14	0	0	-1.557	-0.3504
42	6	1.745	1	1	-0.5719	-0.5806
42	6	1.071	1	1	0.8269	-0.3317
42	6	0.3093	1	1	0.3407	0.06832
42	6	0.2055	0	1	0.2328	1.061
42	6	0.1454	1	1	-0.5961	0.1357
42	6	2.045	1	1	0.7665	-0.6973
42	6	5.542	0	0	2.07	-1.395
42	6	1.18	1	1	0.2668	-0.3296
42	6	0.1614	1	1	-0.4962	0.1691
42	6	0.6892	0	1	0.2068	1.443
42	6	0.3853	0	1	-0.0687	1.131
42	6	2.176	1	1	1.166	-0.7521
42	6	1.308	1	1	-0.4152	-0.4179
42	6	0.1024	0	0	0.8202	0.1606
42	6	0.2967	0	0	1.909	0.09682
42	6	0.7483	1	1	1.6	-0.1643
42	6	0.6016	0	1	0.2863	1.284
42	6	0.3476	1	0	-0.2217	1.132
42	6	5.692	0	0	0.4378	-1.409
43	6	5.175	0	0	1.527	-1.381
43	6	0.9393	1	1	-0.1937	-0.2457
43	6	5.498	0	0	-1.719	-1.395
43	6	5.357	0	0	-2.213	-1.388
43	6	0.3698	1	1	0.08529	0.06873
43	6	5.382	1	1	-0.4297	-1.389
43	6	0.9321	0	1	0.5349	1.488
43	6	5.655	1	1	-0.3652	-1.402
43	6	0.571	0	1	0.2585	1.285
43	6	2.22	0	0	0.2634	-0.7906
43	6	0.5238	1	1	0.05136	-0.06953
43	6	0.425	0	0	-1.2	-0.01158
43	6	0.8213	1	1	0.5943	-0.1445
43	6	0.4223	1	1	1.267	0.02057
43	6	5.544	0	0	-1.535	-1.401
43	6	1.723	1	1	-0.4764	-0.5821
43	6	0.09402	1	1	1.072	0.1783
43	6	5.368	1	1	-0.6872	-1.39
43	6	1.886	1	1	0.4017	-0.6785
43	6	1.752	1	1	1.34	-0.6152
43	6	1.568	0	0	-0.8613	-0.5128
43	6	1.962	1	1	0.9685	-0.6338
43	6	0.6613	0	1	-0.83	1.339
43	6	5.204	1	1	-0.01835	-1.371
43	6	0.1924	1	1	0.4842	0.1252
43	6	0.3652	0	0	0.8153	0.04706
43	6	0.4713	0	1	-0.4746	1.204
43	6	2.14	1	1	-0.2472	-0.7454
43	6	0.1014	0	0	-0.7545	1.064
43	6	0.7728	0	1	0.02513	1.355
43	6	1.859	0	1	0.8557	1.775
43	6	0.2764	0	0	0.4057	0.1381
43	6	0.4032	0	0	0.1093	0.02492
43	6	0.7429	0	0	2.558	-0.1261
43	6	0.0766	1	1	0.8362	0.1561
43	6	2.05	0	1	0.4042	1.978
43	6	0.5858	0	1	-0.131	1.333
43	6	0.4745	1	0	-0.8636	1.199
43	6	0.655	1	0	-0.3529	1.363
43	6	0.2227	0	1	1.626	1.038
43	6	0.9327	0	0	-0.5175	-0.2508
43	6	0.9253	1	0	0.516	1.521
43	6	0.2446	0	1	-0.9603	0.1404
43	6	0.3178	1	1	1.151	0.08668
43	6	2.127	0	0	1.017	-0.7451
43	6	5.654	0	0	-0.6691	-1.405
43	6	0.2884	1	1	-0.3421	0.1071
43	6	0.3755	0	1	-0.7356	1.17
43	6	0.8151	0	1	1.301	1.398
43	6	5.457	1	1	-0.3988	-1.397
44	6	0.02092	1	1	0.8606	0.962
44	6	1.688	1	0	0.5851	1.835
44	6	5.486	0	0	1.721	-1.394
44	6	0.6799	1	1	0.4712	-0.06357
44	6	0.2243	0	0	-0.02819	0.09509
44	6	0.3054	0	1	-1.864	1.113
44	6	0.118	1	1	0.6797	0.1958
44	6	0.4176	0	0	2.025	0.01011
44	6	5.245	1	1	-0.04463	-1.372
44	6	1.025	1	1	-0.725	-0.2491
44	6	5.73	1	1	-0.2618	-1.405
44	6	5.335	0	0	-0.02741	-1.388
44	6	0.5205	1	0	0.7403	1.191
44	6	0.9056	0	1	0.5159	1.36
44	6	1.057	0	0	-0.03052	-0.2876
44	6	5.47	1	1	-0.0668	-1.4
44	6	0.5007	1	1	-1.193	-0.02122
44	6	5.661	1	1	-0.9709	-1.405
44	6	0.6712	1	1	-0.01822	-0.1127
44	6	0.4633	1	0	-0.04168	1.211
44	6	2.056	0	0	0.3123	-0.7007
44	6	0.21	0	1	-0.2199	1.112
44	6	5.519	1	1	-1.818	-1.404
44	6	5.341	0	0	0.3516	-1.396
44	6	2.186	1	1	-0.7328	-0.7365
44	6	0.2854	0	0	0.2221	0.06582
44	6	0.5856	0	0	-0.8103	-0.07258
44	6	0.3148	0	1	0.8533	1.137
44	6	1.755	0	0	-0.313	-0.5977
44	6	0.007101	1	1	0.4009	1.023
44	6	0.9089	1	1	-1.601	-0.2204
44	6	1.095	1	1	-1.605	-0.3129
44	6	2.063	0	0	-1.031	-0.7054
44	6	1.785	1	1	-1.102	-0.6007
44	6	0.1575	1	1	-0.4604	0.1097
44	6	1.828	0	1	0.1876	1.868
44	6	0.3991	1	1	-0.6534	0.0118
44	6	5.288	0	0	0.7956	-1.379
44	6	1.195	0	1	-0.9157	1.587
44	6	0.1416	0	1	1.179	0.107
44	6	1.063	0	0	0.6261	-0.2658
44	6	0.1857	0	1	-1.116	1.052
44	6	0.395	1	1	-0.8955	0.02105
44	6	1.728	1	1	-1.135	-0.5576
44	6	5.276	1	1	-0.02343	-1.385
44	6	0.6081	0	0	-0.9105	-0.0647
44	6	0.2203	1	1	-0.2819	0.1948
44	6	1.041	0	1	-0.2192	1.49
44	6	0.349	0	0	-1.095	1.179
44	6	1.779	0	1	-0.1026	1.891
45	6	1.637	0	0	0.06177	-0.5398
45	6	0.8482	1	1	-1.574	-0.1891
45	6	0.1575	1	0	-0.5161	1.007
45	6	5.544	0	0	-2.069	-1.403
45	6	0.5378	0	0	-0.6659	-0.06182
45	6	5.258	1	0	-0.6257	3.261
45	6	5.317	0	0	1.467	-1.39
45	6	1.842	0	0	0.227	-0.6226
45	6	0.08631	0	1	0.02905	0.1675
45	6	1.723	1	1	-0.09452	-0.5655
45	6	1.618	0	0	0.3285	-0.5344
45	6	0.09899	1	1	-0.373	0.1747
45	6	0.03757	0	1	-1.05	0.2121
45	6	1.864	1	1	0.0602	-0.6475
45	6	5.596	0	0	0.2239	-1.407
45	6	0.5725	0	1	0.09828	1.356
45	6	0.1455	1	0	-1.016	0.1548
45	6	0.6131	0	1	-0.3161	1.304
45	6	0.3684	0	0	-0.9096	0.07122
45	6	0.7504	1	1	0.9215	-0.171
45	6	2.049	0	0	-1.203	-0.7083
45	6	1.586	1	1	-0.6697	-0.5117
45	6	1.051	1	1	0.5633	-0.3061
45	6	0.2373	1	1	-1.071	0.1744
45	6	0.4428	1	1	0.1552	0.01517
45	6	5.549	0	0	0.05587	-1.405
45	6	0.9073	0	0	-0.5594	-0.189
45	6	0.533	1	1	0.5623	-0.02688
45	6	0.2838	1	1	-0.8756	0.02098
45	6	1.776	1	1	-0.01768	-0.6041
45	6	5.635	1	1	1.39	-1.41
45	6	1.355	1	1	0.0009511	-0.4363
45	6	1.174	0	0	0.3219	-0.3283
45	6	1.852	1	1	0.02518	-0.6521
45	6	0.6354	0	1	-0.4118	1.424
45	6	0.8391	0	0	0.4941	-0.202
45	6	1.1	1	1	1.524	-0.3049
45	6	5.456	1	1	-0.8403	-1.399
45	6	0.4884	0	1	0.2127	1.269
45	6	0.2772	0	0	-0.4816	0.04053
45	6	0.6413	0	0	-0.08383	-0.104
45	6	0.4323	1	1	-1.256	0.01986
45	6	1.983	0	0	0.3809	-0.6362
45	6	0.9193	0	0	0.361	-0.2209
45	6	0.07838	0	1	1.442	1.086
45	6	5.553	1	1	0.4741	-1.405
45	6	0.6387	1	1	0.3803	-0.09498
45	6	5.454	0	0	1.112	-1.401
45	6	0.5891	0	1	-1.702	1.243
45	6	5.26	1	1	0.247	-1.387
46	6	1.656	0	0	-0.8418	-0.5499
46	6	5.44	0	0	-0.09967	-1.389
46	6	0.4079	1	0	-0.7378	1.093
46	6	1.276	1	0	-0.2943	1.625
46	6	0.6741	1	0	0.2398	1.293
46	6	1.96	1	1	-1.858	-0.664
46	6	0.705	0	1	-0.8456	1.386
46	6	1.175	0	0	0.7002	-0.3168
46	6	0.3796	0	0	-0.5682	0.06747
46	6	5.308	0	0	-0.02371	-1.393
46	6	5.389	1	1	0.1221	-1.387
46	6	5.419	0	0	-3.431	-1.389
46	6	5.359	0	0	0.1183	-1.391
46	6	0.727	0	1	0.8678	1.343
46	6	0.1941	0	1	-0.3156	1.132
46	6	5.192	0	0	0.7525	-1.387
46	6	1.154	0	0	-0.8761	-0.3323
46	6	0.3862	0	1	-1.048	1.168
46	6	0.3148	1	0	-1.992	1.208
46	6	1.019	1	0	0.4025	1.457
46	6	0.5172	0	1	1.341	1.178
46	6	1.941	0	0	1.82	-0.644
46	6	0.3513	0	0	0.3204	0.01317
46	6	0.849	0	0	2.131	-0.19
46	6	0.5492	0	0	-0.5309	-0.04918
46	6	1.642	1	1	-0.8731	-0.5528
46	6	0.4711	1	1	-0.1754	0.008196
46	6	0.4382	0	0	-0.1082	0.02498
46	6	1.174	1	0	-0.1845	1.587
46	6	1.9	0	0	-0.5475	-0.64
46	6	0.8623	0	0	0.755	-0.1821
46	6	5.611	0	0	-0.1822	-1.405
46	6	5.496	1	1	-1.841	-1.395
46	6	1.572	1	1	-0.4842	-0.5253
46	6	0.631	1	1	-0.9099	-0.1091
46	6	1.645	1	0	-0.2924	1.841
46	6	1.781	0	0	-0.8587	-0.562
46	6	1.587	1	0	-1.637	1.753
46	6	0.05504	0	1	-0.03518	0.2101
46	6	0.2046	0	0	-0.91	0.1663
46	6	5.099	0	0	0.1184	-1.373
46	6	0.5623	1	1	0.7871	-0.07064
46	6	5.317	1	1	-0.6118	-1.387
46	6	1.941	1	1	0.02332	-0.6648
46	6	0.3277	1	1	-0.6328	0.06026
46	6	0.3919	1	1	-0.1905	-0.012
46	6	0.02816	1	0	-0.8284	0.9464
46	6	0.2429	1	1	-0.579	0.1445
46	6	0.616	1	1	-1.042	-0.1432
47	6	0.2744	1	1	1.209	0.0923
47	6	0.1127	1	0	0.4166	1.058
47	6	1.989	1	0	-0.5569	2.122
47	6	2.193	0	1	-0.5009	2.025
47	6	5.772	1	1	-0.9105	-1.411
47	6	1.052	1	0	0.2286	1.416
47	6	0.564	1	1	0.3098	-0.07212
47	6	0.01746	1	0	0.07613	1.016
47	6	0.4814	0	1	1.298	1.359
47	6	0.3502	0	0	-0.783	0.01234
47	6	0.8308	1	1	0.326	-0.1566
47	6	2.015	0	1	-0.425	1.917
47	6	0.4082	1	0	-0.07655	1.11
47	6	2.101	1	1	-0.7828	-0.6977
47	6	0.06071	0	0	1.187	0.2782
47	6	0.1624	0	0	-0.2658	0.1311
47	6	5.471	1	1	0.005955	-1.392
47	6	0.8536	0	1	-2.103	1.381
47	6	5.137	0	0	-0.2591	-1.372
47	6	0.4547	1	1	-0.07747	-0.002519
47	6	0.2378	1	1	0.417	0.06593
47	6	5.139	0	0	-1.257	-1.371
47	6	0.2413	0	0	-0.3945	0.1096
47	6	1.99	1	1	0.4664	-0.7036
47	6	1.536	1	1	1.807	-0.5189
47	6	0.8027	0	0	-0.2074	-0.1865
47	6	5.186	0	0	-1.532	-1.38
47	6	0.3097	1	0	-0.2064	1.213
47	6	2.014	0	0	-1.836	-0.6906
47	6	5.413	0	0	1.4	-1.397
47	6	5.361	0	0	-0.2701	-1.394
47	6	0.9928	0	1	1.344	1.467
47	6	0.2382	1	0	1.132	1.14
47	6	0.8846	0	0	-0.6845	-0.2411
47	6	0.8528	0	0	-0.6111	-0.1793
47	6	0.7813	0	1	0.3996	1.241
47	6	0.1145	0	1	0.701	1.024
47	6	2.046	1	1	0.2577	-0.7037
47	6	0.1152	0	0	-0.4942	0.1658
47	6	0.8075	1	1	-0.6108	-0.1848
47	6	0.2025	0	1	0.5705	1.145
47	6	1.374	1	1	-0.7948	-0.4156
47	6	0.2836	1	1	1.418	0.06976
47	6	1.018	0	1	-0.9102	1.58
47	6	1.916	1	1	0.4984	-0.6419
47	6	0.6016	1	1	-0.7185	-0.06944
47	6	5.178	1	0	1.185	3.229
47	6	0.7755	1	1	2.162	-0.1783
47	6	5.53	0	0	-1.309	-1.403
47	6	5.495	0	0	0.9339	-1.394
48	6	1.891	1	1	1.377	-0.6409
48	6	0.2411	0	1	-0.5644	1.105
48	6	0.4704	1	0	1.136	1.135
48	6	0.1152	1	1	-0.09329	0.2014
48	6	0.6712	0	0	0.6863	-0.07392
48	6	0.5319	1	0	0.02626	1.232
48	6	0.8909	1	1	-0.1551	-0.2073
48	6	1.811	0	0	0.8034	-0.6258
48	6	0.5225	0	0	0.07107	-0.009946
48	6	0.9547	1	1	-0.1576	-0.2302
48	6	0.4114	1	1	-0.3009	0.04632
48	6	0.1996	1	1	-0.4991	0.1303
48	6	1.667	0	0	0.609	-0.5469
48	6	1.936	1	1	0.2717	-0.6864
48	6	5.641	0	0	-0.4788	-1.404
48	6	1.925	0	0	-1.339	-0.6417
48	6	5.344	0	0	-0.3159	-1.387
48	6	5.485	1	1	0.5088	-1.405
48	6	0.6571	0	0	-1.474	-0.106
48	6	0.6189	1	0	1.563	1.344
48	6	4.895	1	1	-0.4058	-1.349
48	6	0.613	1	1	-1.162	-0.1143
48	6	0.0881	0	1	0.4271	1.014
48	6	0.8081	1	1	-0.08113	-0.156
48	6	1.94	0	0	0.7472	-0.6587
48	6	1.59	0	1	-0.622	1.822
48	6	0.3853	1	1	0.8581	0.01529
48	6	0.2773	0	0	-0.554	0.09073
48	6	5.45	0	0	1.162	-1.398
48	6	0.05847	0	1	-0.5258	0.2167
48	6	0.1599	1	1	-1.943	0.05375
48	6	0.3757	1	0	1.022	1.191
48	6	5.488	1	1	1.683	-1.403
48	6	0.7484	1	1	-1.11	-0.1694
48	6	1.169	0	0	-0.7895	-0.3387
48	6	0.503	1	1	-0.3699	0.00848
48	6	1.588	1	1	0.8547	-0.499
48	6	1.207	0	0	-0.7258	-0.3558
48	6	5.107	0	0	-1.116	-1.367
48	6	5.189	0	0	-0.9429	-1.376
48	6	0.5614	0	1	-0.3952	1.205
48	6	1.719	0	1	-0.4233	1.776
48	6	0.0277	0	1	-1.937	0.9549
48	6	1.79	0	0	-0.01998	-0.6261
48	6	0.9755	0	1	-0.552	1.412
48	6	5.711	1	1	-0.06329	-1.407
48	6	1.177	1	1	1.602	-0.3454
48	6	5.312	0	0	-0.7144	-1.378
48	6	0.2391	0	1	1.202	1.067
48	6	0.8194	1	1	0.06407	-0.184
49	6	0.45	0	0	2.02	0.03113
49	6	1.463	1	0	-1.044	1.59
49	6	0.3211	0	0	0.4029	0.05895
49	6	1.798	0	1	0.1956	1.662
49	6	0.23	0	1	0.8078	0.9963
49	6	0.5388	1	1	1.16	-0.05082
49	6	0.9307	0	0	0.2986	-0.2415
49	6	0.8807	1	1	-0.9063	-0.1687
49	6	1.926	1	0	0.1043	1.868
49	6	5.762	1	1	0.2996	-1.413
49	6	5.407	1	1	-0.9024	-1.397
49	6	5.418	0	0	-1.117	-1.396
49	6	1.807	1	1	0.6	-0.6045
49	6	0.3426	0	1	-2.161	1.186
49	6	2.032	1	0	0.5786	2.02
49	6	0.9976	1	1	0.8519	-0.21
49	6	0.7073	1	1	1.077	-0.1208
49	6	5.428	0	0	-0.03273	-1.387
49	6	1.841	0	0	1.066	-0.6419
49	6	5.548	0	0	0.3112	-1.399
49	6	0.008027	1	0	0.805	0.2205
49	6	5.488	0	0	-0.4088	-1.393
49	6	0.2386	0	1	-0.2881	1.069
49	6	0.1863	1	1	0.07756	0.1558
49	6	1.032	0	0	-1.607	-0.3014
49	6	5.11	1	1	0.3257	-1.373
49	6	0.4454	0	1	0.3683	1.194
49	6	1.99	0	0	1.522	-0.6942
49	6	1.145	0	1	1.687	1.664
49	6	0.1865	0	0	0.3926	1.041
49	6	0.297	1	1	0.8198	0.07874
49	6	0.6194	1	0	2.325	1.291
49	6	0.8927	0	1	0.4899	1.339
49	6	0.1923	1	1	-0.5016	0.1525
49	6	0.1059	0	1	-0.442	1
49	6	0.8138	0	1	-0.3527	1.43
49	6	0.532	1	0	2.466	1.245
49	6	1.636	1	1	2.418	-0.6066
49	6	1.99	1	1	1.702	-0.7141
49	6	0.4396	1	1	-0.5289	0.02618
49	6	0.3568	0	1	0.6564	1.095
49	6	5.468	0	0	-1.366	-1.391
49	6	0.255	0	0	1.205	0.05295
49	6	1.059	1	1	-0.5964	-0.3036
49	6	1.744	0	1	2.224	2.026
49	6	5.318	1	1	1.205	-1.391
49	6	0.6816	0	0	-1.051	-0.07584
49	6	0.8479	1	0	-0.9788	1.526
49	6	5.414	1	1	-0.4794	-1.389
49	6	0.6751	1	1	0.4017	-0.06854
