0	2	3.71	1	1
0	2	0.852	1	0
0	2	1.977	1	0
0	2	1.745	1	1
0	2	0.6627	1	0
0	2	3.568	1	0
0	2	2.081	1	0
0	2	5.387	0	0
0	2	3.657	0	0
0	2	1.761	0	0
0	2	1.699	0	0
0	2	5.368	1	1
0	2	5.414	1	1
0	2	5.417	0	0
0	2	0.4001	0	0
0	2	3.54	0	0
0	2	3.737	0	0
0	2	0.4252	1	0
0	2	5.615	1	1
0	2	1.11	1	1
0	2	0.9506	1	0
0	2	0.7339	1	1
0	2	2.043	1	0
0	2	5.386	1	1
0	2	0.5893	0	0
0	2	1.069	0	0
0	2	5.112	0	0
0	2	5.163	0	0
0	2	0.2689	0	0
0	2	0.3157	0	0
0	2	0.5751	1	0
0	2	1.034	0	1
0	2	1.67	1	0
0	2	5.479	0	0
0	2	5.563	1	0
0	2	1.896	0	0
0	2	0.404	0	0
0	2	0.8552	1	0
0	2	0.7332	0	0
0	2	3.718	0	0
0	2	0.6652	1	1
0	2	3.808	0	0
0	2	0.9006	0	0
0	2	0.3826	1	0
0	2	3.702	0	0
0	2	1.918	1	0
0	2	3.688	0	0
0	2	0.2941	1	0
1	2	3.553	0	0
1	2	1.734	0	0
1	2	0.655	0	0
1	2	5.377	1	1
1	2	1.978	1	1
1	2	3.583	0	0
1	2	5.765	1	0
1	2	1.844	0	0
1	2	3.572	0	0
1	2	0.3711	0	0
1	2	0.6753	1	1
1	2	0.7448	0	0
1	2	0.4924	1	0
1	2	1.042	1	0
1	2	0.7645	0	0
1	2	0.9888	0	0
1	2	2.088	0	0
1	2	5.425	0	0
1	2	1.934	1	1
1	2	1.978	1	0
1	2	3.468	0	0
1	2	1.653	0	0
1	2	3.511	1	1
1	2	0.1918	1	0
1	2	1.571	0	0
1	2	5.242	1	1
1	2	5.589	1	1
1	2	5.221	0	0
1	2	3.767	0	0
1	2	3.49	0	0
1	2	5.525	1	1
1	2	1.733	0	0
1	2	2.007	1	1
1	2	5.335	1	1
1	2	0.2051	0	0
1	2	0.8629	1	0
1	2	1.165	1	0
1	2	0.3757	0	0
1	2	0.5885	1	0
1	2	3.77	1	1
1	2	0.4647	0	0
1	2	0.4032	1	1
1	2	3.559	0	0
1	2	0.7902	0	1
1	2	5.476	1	1
1	2	5.452	1	1
1	2	0.9662	0	0
1	2	0.8308	1	0
1	2	0.2973	1	0
1	2	3.789	1	0
2	2	0.5364	0	1
2	2	5.413	1	1
2	2	1.791	1	0
2	2	2.052	0	0
2	2	0.345	0	0
2	2	1.891	1	0
2	2	1.955	1	0
2	2	5.376	0	0
2	2	0.4589	0	0
2	2	3.751	1	0
2	2	3.757	0	0
2	2	3.777	1	1
2	2	1.086	1	1
2	2	5.246	0	0
2	2	0.6665	0	0
2	2	5.238	0	0
2	2	0.7401	0	0
2	2	0.8224	1	1
2	2	0.232	1	0
2	2	0.7246	1	0
2	2	1.228	1	1
2	2	3.457	0	0
2	2	3.264	0	0
2	2	1.847	1	0
2	2	0.3562	0	0
2	2	3.726	0	0
2	2	3.41	0	0
2	2	5.296	1	1
2	2	0.4031	0	1
2	2	3.723	1	1
2	2	5.435	0	0
2	2	5.436	1	1
2	2	1.709	0	0
2	2	5.362	1	1
2	2	0.716	1	0
2	2	0.8497	0	1
2	2	1.006	0	0
2	2	0.4671	1	1
2	2	1.93	0	0
2	2	0.9051	0	0
2	2	5.499	1	1
2	2	3.567	1	1
2	2	1.026	0	0
2	2	2.174	1	1
2	2	1.733	1	1
2	2	0.5738	1	0
2	2	5.41	0	0
2	2	3.451	0	0
2	2	1.151	1	1
2	2	1.926	1	1
3	2	0.4497	0	1
3	2	5.437	1	1
3	2	1.664	0	0
3	2	3.751	1	1
3	2	5.185	1	1
3	2	0.4929	0	0
3	2	0.5552	0	1
3	2	0.3478	1	0
3	2	3.439	1	1
3	2	5.31	1	1
3	2	1.174	1	1
3	2	0.5088	1	0
3	2	0.345	0	0
3	2	1.885	0	0
3	2	0.4617	1	0
3	2	5.239	0	0
3	2	3.715	0	0
3	2	1.117	0	1
3	2	5.226	0	0
3	2	0.4868	1	0
3	2	0.9592	0	1
3	2	1.988	1	1
3	2	3.769	1	1
3	2	2.074	1	0
3	2	2.064	1	1
3	2	5.151	1	1
3	2	1.767	0	0
3	2	0.328	1	1
3	2	1.788	0	0
3	2	0.7916	0	0
3	2	3.445	0	0
3	2	0.3964	1	0
3	2	0.8924	0	0
3	2	3.719	0	0
3	2	3.602	1	0
3	2	0.994	0	0
3	2	5.478	1	1
3	2	3.43	0	0
3	2	5.276	0	0
3	2	0.9163	0	0
3	2	1.065	1	1
3	2	1.808	1	1
3	2	1.77	1	1
3	2	1.089	0	0
3	2	1.952	1	0
3	2	3.331	0	0
3	2	5.208	1	1
3	2	1.279	0	0
3	2	3.336	0	0
3	2	5.4	1	0
4	2	1.025	0	0
4	2	0.3703	1	1
4	2	3.553	1	1
4	2	1.675	0	1
4	2	1.054	0	1
4	2	1.667	1	0
4	2	1.059	1	1
4	2	0.5324	1	0
4	2	1.007	1	0
4	2	0.3248	1	0
4	2	3.543	1	0
4	2	1.792	0	0
4	2	0.2008	0	0
4	2	0.6304	1	1
4	2	1.615	0	0
4	2	5.504	1	1
4	2	3.641	0	0
4	2	0.6739	0	1
4	2	0.806	1	1
4	2	5.439	0	0
4	2	5.323	0	0
4	2	3.46	0	0
4	2	5.571	0	0
4	2	1.856	1	0
4	2	1.128	1	0
4	2	2.107	1	1
4	2	0.7901	1	0
4	2	1.758	0	0
4	2	3.817	1	1
4	2	3.608	1	1
4	2	3.481	0	0
4	2	1.842	0	0
4	2	1.114	0	0
4	2	0.5734	1	0
4	2	3.673	0	0
4	2	0.4538	0	0
4	2	5.262	0	0
4	2	5.203	0	0
4	2	3.464	0	0
4	2	0.4403	1	1
4	2	5.392	0	0
4	2	0.3447	0	0
4	2	0.3629	0	0
4	2	5.309	1	1
4	2	1.588	1	1
4	2	3.955	1	0
5	2	5.304	0	0
5	2	1.958	1	1
5	2	1.866	0	0
5	2	2.008	1	0
5	2	0.8691	0	0
5	2	0.206	0	1
5	2	3.467	0	0
5	2	0.4064	1	0
5	2	1.111	1	0
5	2	0.7052	1	1
5	2	0.8301	1	0
5	2	5.404	1	1
5	2	1.093	1	1
5	2	1.566	0	1
5	2	0.4139	0	0
5	2	3.492	0	0
5	2	5.601	1	1
5	2	1.816	0	0
5	2	1.088	1	0
5	2	5.361	0	0
5	2	5.226	0	0
5	2	1.366	1	0
5	2	0.2743	0	0
5	2	0.7688	0	0
5	2	3.976	1	0
5	2	0.4421	0	0
5	2	1.421	0	0
5	2	4.004	1	0
5	2	3.547	0	0
5	2	5.339	0	0
5	2	3.471	1	1
5	2	3.506	0	0
5	2	1.865	1	0
5	2	3.634	0	0
5	2	1.089	1	1
5	2	0.8433	1	1
5	2	0.3986	0	0
5	2	3.706	1	1
5	2	5.436	1	1
5	2	5.602	0	0
5	2	1.622	0	0
5	2	1.995	1	1
5	2	1.707	1	1
5	2	0.4076	0	0
5	2	0.434	1	0
5	2	0.6861	1	0
5	2	5.14	0	0
5	2	0.8889	0	0
5	2	3.881	1	1
6	2	3.494	1	0
6	2	1.608	0	0
6	2	1.552	0	0
6	2	5.182	0	0
6	2	0.6783	0	0
6	2	0.8585	0	0
6	2	0.6285	0	0
6	2	0.4852	0	1
6	2	3.591	0	0
6	2	3.597	1	0
6	2	5.389	0	0
6	2	0.5754	0	0
6	2	5.399	1	1
6	2	1.192	1	0
6	2	3.83	1	1
6	2	3.673	1	1
6	2	5.528	1	0
6	2	3.297	1	1
6	2	5.053	0	0
6	2	3.85	1	0
6	2	1.064	1	1
6	2	1.285	1	0
6	2	2.096	1	1
6	2	0.6349	0	0
6	2	5.763	1	1
6	2	0.2697	0	1
6	2	0.6969	1	1
6	2	1.897	1	0
6	2	5.569	0	0
6	2	1.773	0	0
6	2	1.538	1	0
6	2	1.666	0	0
6	2	0.4878	0	1
6	2	0.967	0	0
6	2	5.429	0	0
6	2	0.7976	1	0
6	2	5.559	1	1
6	2	1.818	1	1
6	2	0.08155	0	0
6	2	1.957	1	1
6	2	1.759	0	0
6	2	3.668	1	0
6	2	0.3002	1	1
6	2	0.6625	1	1
6	2	3.421	1	0
6	2	3.777	1	1
6	2	0.9964	0	0
6	2	0.3675	0	0
6	2	5.26	0	0
6	2	0.6743	0	0
7	2	5.654	1	0
7	2	3.664	0	0
7	2	1.794	1	0
7	2	1.978	1	1
7	2	3.974	1	1
7	2	0.8436	1	0
7	2	0.6149	1	0
7	2	1.66	0	0
7	2	5.357	1	1
7	2	0.3942	0	1
7	2	0.8512	0	1
7	2	5.486	0	0
7	2	3.542	0	0
7	2	0.5215	1	1
7	2	5.264	0	0
7	2	3.599	1	1
7	2	1.537	0	0
7	2	3.449	1	0
7	2	1.681	1	1
7	2	5.647	1	1
7	2	1.082	1	0
7	2	1.743	0	0
7	2	0.3191	0	1
7	2	0.3926	0	0
7	2	5.378	0	0
7	2	0.7781	0	0
7	2	1.537	0	1
7	2	5.198	0	0
7	2	0.4771	1	1
7	2	0.422	1	0
7	2	0.885	0	0
7	2	1.264	1	0
7	2	3.88	0	0
7	2	3.631	1	1
7	2	0.7308	1	1
7	2	5.548	1	1
7	2	5.267	0	0
7	2	3.829	1	1
7	2	3.639	1	1
7	2	1.087	1	0
7	2	0.3395	0	0
7	2	3.56	0	0
7	2	0.3236	0	1
7	2	0.7155	0	0
7	2	5.575	1	0
7	2	1.925	0	1
7	2	0.637	0	1
7	2	1.828	1	1
7	2	1.058	1	1
7	2	1.501	0	0
8	2	3.452	0	1
8	2	5.402	0	0
8	2	3.616	1	1
8	2	1.76	0	0
8	2	5.908	1	1
8	2	5.407	0	0
8	2	1.046	0	0
8	2	3.838	1	0
8	2	0.7893	1	0
8	2	1.923	1	0
8	2	5.636	0	0
8	2	3.625	0	0
8	2	1.008	1	1
8	2	1.757	1	0
8	2	0.1643	0	0
8	2	0.3292	0	0
8	2	5.78	1	0
8	2	3.202	0	0
8	2	0.2305	0	0
8	2	3.625	0	0
8	2	5.336	1	1
8	2	2.276	1	1
8	2	0.7129	1	0
8	2	0.457	1	0
8	2	3.611	1	1
8	2	5.579	1	1
8	2	2.043	1	0
8	2	0.1646	0	0
8	2	0.7477	1	0
8	2	1.098	1	1
8	2	1.86	0	0
8	2	0.7606	1	1
8	2	3.624	0	1
8	2	5.327	0	0
8	2	5.54	1	1
8	2	1.954	1	1
8	2	1.955	1	1
8	2	0.4017	1	1
8	2	0.8442	0	0
8	2	1.845	1	0
8	2	3.343	0	0
8	2	0.4134	0	0
8	2	1.126	1	0
8	2	3.372	0	0
8	2	5.802	1	1
8	2	0.8955	0	0
8	2	0.3402	0	0
8	2	0.9709	0	0
8	2	1.789	0	0
8	2	0.4274	0	0
9	2	0.4598	1	1
9	2	1.002	1	0
9	2	0.7259	0	1
9	2	0.629	1	0
9	2	0.7569	1	0
9	2	0.4902	0	0
9	2	2.094	1	1
9	2	1.775	0	0
9	2	5.326	0	0
9	2	3.618	0	0
9	2	1.853	0	0
9	2	3.433	0	0
9	2	0.8038	0	0
9	2	0.4185	1	0
9	2	5.167	0	0
9	2	5.342	1	1
9	2	3.584	0	0
9	2	0.8246	1	0
9	2	0.5529	1	0
9	2	5.454	1	1
9	2	3.679	1	1
9	2	5.532	1	1
9	2	1.673	0	0
9	2	1.668	1	0
9	2	1.044	1	0
9	2	3.531	1	0
9	2	0.7443	0	0
9	2	3.444	0	0
9	2	1.911	0	0
9	2	5.383	1	0
9	2	0.2656	0	0
9	2	3.58	0	0
9	2	0.6178	1	0
9	2	0.3587	0	0
9	2	1.003	1	0
9	2	3.549	0	0
9	2	1.659	0	0
9	2	5.369	1	1
9	2	3.723	1	1
9	2	1.858	1	0
9	2	3.526	1	1
9	2	5.561	1	1
9	2	0.6859	0	0
9	2	1.657	0	0
9	2	1.061	1	0
9	2	5.391	0	0
9	2	5.397	1	1
9	2	1.898	0	0
9	2	0.2887	0	0
10	3	0.9508	0	1
10	3	5.372	0	0
10	3	0.2425	1	1
10	3	3.425	0	0
10	3	0.7609	1	0
10	3	3.63	0	0
10	3	0.6068	0	0
10	3	3.645	0	0
10	3	1.749	0	0
10	3	1.824	1	1
10	3	3.282	1	0
10	3	1.717	1	0
10	3	3.285	0	0
10	3	0.358	0	0
10	3	0.6606	1	0
10	3	3.773	1	1
10	3	5.442	1	1
10	3	0.4898	1	1
10	3	3.793	1	1
10	3	1.199	1	0
10	3	3.519	0	0
10	3	0.4841	0	1
10	3	0.4349	1	1
10	3	0.6287	0	0
10	3	1.946	1	1
10	3	1.239	1	0
10	3	3.656	1	1
10	3	1.901	1	1
10	3	5.488	1	0
10	3	0.6644	1	0
10	3	5.271	1	1
10	3	5.3	0	0
10	3	0.9679	0	0
10	3	1.165	1	0
10	3	1.011	0	1
10	3	2.011	1	0
10	3	4.968	1	0
10	3	1.706	1	1
10	3	0.3028	0	0
10	3	5.3	0	0
10	3	5.274	1	0
10	3	5.257	0	0
10	3	3.406	0	0
10	3	1.872	0	0
10	3	0.891	0	0
10	3	0.5757	0	0
10	3	1.55	0	0
10	3	5.403	0	0
10	3	1.233	1	1
10	3	1.753	0	0
11	3	1.741	0	1
11	3	0.8585	0	0
11	3	0.5288	0	0
11	3	3.381	0	0
11	3	5.568	1	1
11	3	3.544	0	0
11	3	5.622	0	0
11	3	1.882	0	0
11	3	0.8782	1	0
11	3	3.41	0	0
11	3	0.7097	0	1
11	3	5.374	1	1
11	3	3.337	0	1
11	3	3.962	1	1
11	3	0.3186	0	1
11	3	0.8821	1	1
11	3	1.642	1	1
11	3	1.162	1	1
11	3	0.4211	1	0
11	3	3.394	0	0
11	3	1.639	0	1
11	3	5.742	1	0
11	3	3.819	1	1
11	3	5.216	0	0
11	3	5.408	1	1
11	3	5.538	1	1
11	3	0.8966	0	1
11	3	5.51	1	1
11	3	1.178	1	1
11	3	0.3737	0	0
11	3	3.649	1	1
11	3	0.3425	1	0
11	3	0.4111	0	0
11	3	0.6155	0	0
11	3	0.7791	1	1
11	3	1.884	1	1
11	3	1.554	0	0
11	3	3.608	1	1
11	3	1.772	1	1
11	3	0.2273	0	1
11	3	1.021	1	0
11	3	0.5003	0	0
11	3	5.503	0	0
11	3	5.334	1	1
11	3	1.803	0	0
11	3	0.5918	0	0
11	3	3.656	1	1
11	3	1.89	1	1
12	3	0.6574	0	0
12	3	1.902	1	0
12	3	0.6963	0	0
12	3	1.839	1	0
12	3	3.397	0	0
12	3	3.568	1	0
12	3	0.9384	1	1
12	3	1.642	0	0
12	3	0.408	1	1
12	3	1.125	1	1
12	3	0.8382	0	1
12	3	3.461	1	0
12	3	5.534	0	0
12	3	3.746	1	1
12	3	0.1532	1	0
12	3	3.715	1	1
12	3	1.7	0	0
12	3	5.663	0	0
12	3	5.423	0	0
12	3	0.2892	0	0
12	3	1.798	1	0
12	3	1.724	0	0
12	3	3.86	1	1
12	3	3.881	1	0
12	3	3.705	1	0
12	3	1.925	0	0
12	3	0.9171	1	0
12	3	5.425	1	1
12	3	4.999	0	0
12	3	0.2524	0	0
12	3	0.5407	0	0
12	3	5.538	1	1
12	3	0.7872	0	0
12	3	0.7445	0	0
12	3	1.786	0	0
12	3	0.992	0	0
12	3	1.021	1	0
12	3	0.5033	0	1
12	3	3.534	0	1
12	3	1.998	1	1
12	3	0.4262	1	1
12	3	1.677	0	1
12	3	0.5626	1	0
12	3	0.7908	0	0
12	3	5.473	0	0
12	3	5.497	1	0
12	3	5.328	1	0
12	3	5.099	0	0
12	3	0.5092	1	0
13	3	0.4307	1	0
13	3	5.286	0	0
13	3	1.851	1	1
13	3	3.626	1	1
13	3	0.6622	0	1
13	3	5.439	1	1
13	3	0.5476	0	0
13	3	3.768	1	1
13	3	3.567	0	0
13	3	3.474	0	0
13	3	2.077	1	0
13	3	0.1941	0	1
13	3	0.5217	0	0
13	3	3.601	1	0
13	3	1.998	1	1
13	3	5.271	1	1
13	3	0.9551	1	1
13	3	0.3477	1	0
13	3	5.372	0	0
13	3	5.145	0	0
13	3	3.723	1	0
13	3	3.749	0	0
13	3	1.207	0	0
13	3	1.766	0	0
13	3	5.268	0	0
13	3	1.146	1	1
13	3	1.856	1	0
13	3	2.012	0	1
13	3	0.4138	1	0
13	3	0.8152	1	1
13	3	0.7946	1	0
13	3	0.9161	0	0
13	3	0.4245	0	1
13	3	1.69	0	1
13	3	2.045	1	0
13	3	3.286	0	0
13	3	0.6277	1	0
13	3	1.754	1	0
13	3	3.633	1	1
13	3	5.356	0	0
13	3	0.7103	0	0
13	3	5.41	0	0
13	3	3.44	1	1
13	3	5.241	0	0
13	3	0.8568	0	1
13	3	1.037	1	0
13	3	0.3075	0	1
13	3	0.865	1	1
13	3	1.789	0	0
13	3	5.591	1	1
14	3	5.673	1	1
14	3	3.572	0	0
14	3	3.942	1	1
14	3	0.4841	0	1
14	3	0.2844	0	0
14	3	0.4594	0	1
14	3	5.2	0	0
14	3	0.08096	1	1
14	3	5.283	1	1
14	3	1.911	1	1
14	3	3.547	1	1
14	3	0.8227	0	1
14	3	0.4635	1	1
14	3	5.3	1	1
14	3	0.9119	1	1
14	3	1.815	1	0
14	3	0.6773	1	1
14	3	2.034	1	0
14	3	5.37	1	1
14	3	3.644	1	0
14	3	0.4134	0	1
14	3	1.628	0	1
14	3	1.611	0	0
14	3	0.9417	1	1
14	3	1.044	1	0
14	3	5.452	1	1
14	3	0.7417	0	0
14	3	0.8161	0	0
14	3	3.837	0	0
14	3	3.712	0	0
14	3	1.692	0	0
14	3	5.227	0	0
14	3	0.6715	0	0
14	3	1.617	0	1
14	3	1.776	0	0
14	3	0.463	0	0
14	3	3.843	1	1
14	3	0.6857	1	0
14	3	0.3696	1	1
14	3	1.691	0	0
14	3	1.904	1	0
14	3	5.22	0	0
14	3	0.5972	0	0
14	3	3.378	1	0
14	3	3.822	1	1
14	3	3.649	1	0
14	3	0.7729	1	1
14	3	5.334	0	0
14	3	5.432	0	0
14	3	0.6787	1	0
15	3	2.051	1	0
15	3	0.3728	0	0
15	3	3.596	0	0
15	3	1.933	1	1
15	3	3.666	0	1
15	3	5.623	1	1
15	3	3.933	1	1
15	3	0.4323	1	0
15	3	0.5105	1	1
15	3	0.7808	1	1
15	3	0.4936	1	0
15	3	5.426	1	1
15	3	5.335	1	1
15	3	5.107	0	0
15	3	3.595	1	1
15	3	0.723	0	0
15	3	0.3083	0	1
15	3	0.5675	1	1
15	3	1.812	0	0
15	3	0.6126	0	0
15	3	0.5366	1	0
15	3	3.618	0	1
15	3	3.758	1	1
15	3	0.5447	0	0
15	3	0.1751	0	1
15	3	1.946	0	1
15	3	1.829	1	1
15	3	0.8368	1	0
15	3	5.413	0	0
15	3	5.691	1	1
15	3	5.355	1	1
15	3	1.84	0	0
15	3	0.9387	1	1
15	3	1.004	0	1
15	3	3.793	1	1
15	3	1.767	0	1
15	3	0.9184	1	0
15	3	3.475	0	0
15	3	1.439	0	0
15	3	0.5185	1	1
15	3	0.9663	1	0
15	3	0.6824	0	0
15	3	3.928	1	1
15	3	5.371	0	0
15	3	1.891	0	0
15	3	1.974	0	1
15	3	0.4623	0	1
15	3	5.184	0	0
15	3	3.518	0	0
16	3	3.793	1	1
16	3	0.3711	1	1
16	3	3.788	1	1
16	3	0.424	1	0
16	3	0.2183	1	1
16	3	1.03	1	0
16	3	3.301	0	0
16	3	0.8304	1	1
16	3	5.626	1	0
16	3	1.759	0	1
16	3	0.9072	1	1
16	3	1.857	0	0
16	3	1.758	0	0
16	3	5.347	0	0
16	3	0.6803	0	0
16	3	3.804	1	1
16	3	5.563	1	0
16	3	1.616	0	0
16	3	5.639	1	1
16	3	0.396	0	0
16	3	0.3646	0	0
16	3	1.789	0	0
16	3	0.7787	0	0
16	3	0.4247	0	0
16	3	3.708	1	1
16	3	3.668	1	0
16	3	1.908	1	0
16	3	3.617	0	1
16	3	3.777	1	0
16	3	0.757	0	0
16	3	1.702	0	0
16	3	0.5426	1	1
16	3	1.849	1	1
16	3	1.948	1	0
16	3	5.315	0	0
16	3	5.389	0	0
16	3	3.573	0	0
16	3	1.726	0	0
16	3	3.748	1	0
16	3	1.018	0	0
16	3	0.8453	1	0
16	3	0.9276	0	0
16	3	5.777	1	1
16	3	5.3	1	1
16	3	5.341	0	0
16	3	0.6988	0	1
16	3	0.5149	1	0
16	3	0.4824	0	0
16	3	5.203	0	0
16	3	1.047	1	1
17	3	5.211	0	0
17	3	1.574	0	0
17	3	0.2203	0	0
17	3	1.021	1	0
17	3	0.3194	0	0
17	3	1.725	0	0
17	3	0.7637	0	0
17	3	1.676	0	0
17	3	1.643	0	0
17	3	3.553	0	0
17	3	1.932	0	0
17	3	5.898	1	1
17	3	1.124	1	0
17	3	5.496	1	1
17	3	6.062	1	1
17	3	5.48	1	1
17	3	3.696	1	1
17	3	2.036	1	1
17	3	3.556	0	0
17	3	3.548	0	0
17	3	1.161	1	0
17	3	1.823	0	0
17	3	5.47	1	1
17	3	5.606	0	0
17	3	0.4858	1	0
17	3	3.555	0	0
17	3	0.4605	1	1
17	3	5.652	1	1
17	3	0.8274	1	1
17	3	0.7597	0	1
17	3	5.572	1	1
17	3	0.2597	1	1
17	3	0.9455	1	1
17	3	0.445	0	1
17	3	0.5763	1	1
17	3	3.348	0	0
17	3	0.3364	0	1
17	3	2.154	1	1
17	3	0.7531	0	0
17	3	0.8592	0	1
17	3	3.537	1	1
17	3	0.6748	0	0
17	3	5.311	1	1
17	3	2.011	1	1
17	3	3.549	1	1
17	3	3.645	0	0
17	3	0.5991	1	0
17	3	1.607	0	0
17	3	0.6349	1	0
17	3	3.38	0	0
18	3	0.27	0	1
18	3	0.8966	1	1
18	3	1.894	0	0
18	3	0.03599	0	1
18	3	1.678	0	0
18	3	0.2936	0	0
18	3	5.499	1	1
18	3	0.92	1	1
18	3	1.572	1	1
18	3	1.377	1	0
18	3	0.4253	1	1
18	3	5.414	1	1
18	3	0.4743	1	0
18	3	5.578	1	1
18	3	1.842	0	0
18	3	3.552	1	1
18	3	3.669	1	1
18	3	5.45	1	1
18	3	5.528	0	0
18	3	3.595	0	0
18	3	1.134	0	0
18	3	0.6978	0	1
18	3	0.7278	1	1
18	3	0.3434	0	1
18	3	3.733	1	1
18	3	0.8203	1	1
18	3	1.513	0	1
18	3	3.712	0	0
18	3	5.395	0	0
18	3	1.785	0	0
18	3	0.3211	1	0
18	3	0.3461	0	1
18	3	1.531	1	0
18	3	5.367	1	1
18	3	5.568	1	1
18	3	5.148	0	0
18	3	3.203	0	0
18	3	1.89	0	0
18	3	0.7771	0	0
18	3	1.906	1	1
18	3	3.427	0	0
18	3	1.915	0	0
18	3	3.841	1	1
18	3	0.8858	0	0
18	3	3.756	0	1
18	3	5.381	1	1
18	3	1.162	1	1
18	3	0.4772	0	1
18	3	0.8738	1	1
18	3	3.678	1	1
19	3	0.6815	0	1
19	3	0.3701	0	0
19	3	0.4146	1	1
19	3	1.894	1	0
19	3	1.101	1	1
19	3	5.604	1	1
19	3	1.86	1	1
19	3	0.9955	0	0
19	3	3.56	0	0
19	3	0.4276	0	1
19	3	5.368	1	1
19	3	1.72	1	0
19	3	3.687	0	0
19	3	5.173	0	0
19	3	0.3429	0	0
19	3	5.67	1	1
19	3	5.385	1	1
19	3	5.27	1	0
19	3	0.8302	0	1
19	3	0.3104	0	0
19	3	2.016	1	1
19	3	0.2055	0	0
19	3	5.422	0	0
19	3	0.333	0	1
19	3	3.804	1	1
19	3	5.654	1	1
19	3	1.807	0	0
19	3	0.9967	1	0
19	3	0.2408	0	1
19	3	1.822	1	0
19	3	3.883	1	1
19	3	0.1665	0	1
19	3	3.475	0	0
19	3	3.504	0	0
19	3	1.068	1	0
19	3	0.7942	0	0
19	3	3.644	0	0
19	3	3.356	0	0
19	3	1.846	0	0
19	3	1.896	1	1
19	3	3.382	0	0
19	3	5.41	1	1
19	3	1.741	0	0
19	3	1.142	1	1
19	3	0.8867	1	0
19	3	5.773	1	1
19	3	1.232	1	1
19	3	3.775	1	1
19	3	0.2635	1	0
19	3	1.56	0	0
20	4	1.049	0	0
20	4	5.262	0	0
20	4	3.581	0	0
20	4	5.373	1	1
20	4	0.447	0	0
20	4	5.172	0	0
20	4	1.166	1	0
20	4	0.7444	1	1
20	4	1.795	0	0
20	4	0.6552	0	0
20	4	1.699	0	0
20	4	0.5838	1	0
20	4	3.455	0	0
20	4	1.645	0	0
20	4	0.4532	0	0
20	4	3.31	0	0
20	4	3.633	1	1
20	4	1.801	1	1
20	4	1.524	1	1
20	4	1.583	1	1
20	4	0.8969	1	0
20	4	1.71	0	0
20	4	3.506	1	1
20	4	3.686	0	0
20	4	0.6527	1	1
20	4	5.348	1	1
20	4	0.8932	1	0
20	4	0.3176	0	0
20	4	3.535	1	1
20	4	5.367	1	1
20	4	0.8687	1	0
20	4	5.601	1	1
20	4	1.767	0	1
20	4	0.4756	0	0
20	4	0.8941	1	0
20	4	3.524	0	0
20	4	3.663	0	0
20	4	1.88	0	0
20	4	5.355	0	0
20	4	0.4002	1	1
20	4	4.18	1	1
20	4	1.056	0	0
20	4	1.857	1	0
20	4	0.8958	1	1
20	4	0.8016	0	1
20	4	5.451	1	1
20	4	0.5077	1	1
20	4	0.6415	1	1
20	4	5.398	0	0
20	4	5.612	0	1
21	4	0.8508	0	0
21	4	3.644	0	0
21	4	1.632	0	0
21	4	1.847	1	0
21	4	5.633	1	1
21	4	0.778	1	1
21	4	5.426	1	1
21	4	0.5961	1	0
21	4	5.503	1	1
21	4	3.338	1	1
21	4	1.832	0	1
21	4	3.353	1	1
21	4	1.952	0	1
21	4	1.779	1	1
21	4	0.3876	0	1
21	4	4.002	1	1
21	4	0.6101	0	0
21	4	5.56	0	0
21	4	3.437	1	0
21	4	1.065	1	0
21	4	1.587	0	1
21	4	1.828	0	0
21	4	5.324	0	0
21	4	0.6471	1	1
21	4	1.064	1	1
21	4	3.355	0	0
21	4	0.5433	1	1
21	4	3.605	1	1
21	4	3.548	1	1
21	4	1.277	0	1
21	4	0.4336	0	0
21	4	5.384	1	1
21	4	0.4708	1	1
21	4	0.91	1	1
21	4	1.606	1	1
21	4	2.013	0	1
21	4	3.519	0	0
21	4	0.4773	0	0
21	4	3.784	1	1
21	4	0.3709	0	1
21	4	0.6006	0	0
21	4	0.8824	0	0
21	4	5.451	0	0
21	4	5.774	0	0
21	4	5.124	1	1
21	4	0.956	0	0
21	4	0.278	0	1
21	4	5.144	0	0
21	4	1.537	1	1
21	4	0.9594	1	1
22	4	2.281	0	1
22	4	0.8531	0	0
22	4	3.441	0	0
22	4	1.773	1	0
22	4	0.6219	0	1
22	4	1.025	1	1
22	4	5.378	0	0
22	4	3.614	1	1
22	4	1.938	1	1
22	4	1.927	0	0
22	4	0.6163	0	0
22	4	1.692	1	1
22	4	4.952	1	0
22	4	0.5949	0	1
22	4	0.7033	0	1
22	4	3.669	1	0
22	4	5.349	1	1
22	4	1.581	0	0
22	4	0.7618	1	1
22	4	1.032	0	1
22	4	3.461	0	0
22	4	0.9677	1	1
22	4	0.5069	0	0
22	4	0.6085	0	1
22	4	0.9658	1	0
22	4	1.618	0	0
22	4	1.822	1	0
22	4	5.221	1	0
22	4	3.865	1	1
22	4	5.424	0	0
22	4	0.7517	1	1
22	4	5.542	1	0
22	4	3.398	1	1
22	4	1.994	0	1
22	4	1.753	0	0
22	4	3.354	0	0
22	4	0.2061	0	0
22	4	5.384	0	0
22	4	0.7511	0	0
22	4	0.8632	0	0
22	4	3.546	1	0
22	4	5.345	1	1
22	4	0.8004	0	0
22	4	3.536	1	1
22	4	0.85	0	0
22	4	3.504	1	1
22	4	0.9188	1	1
22	4	5.779	1	1
22	4	5.322	1	1
22	4	0.8354	1	1
23	4	3.998	0	0
23	4	0.4423	0	1
23	4	1.828	0	0
23	4	5.211	1	1
23	4	0.6873	0	1
23	4	4.967	1	1
23	4	5.422	1	1
23	4	5.418	1	1
23	4	3.207	1	1
23	4	1.93	0	0
23	4	1.087	0	1
23	4	3.466	0	0
23	4	5.372	1	1
23	4	0.6227	0	1
23	4	5.475	0	0
23	4	0.6801	1	1
23	4	1.956	0	0
23	4	0.1524	0	0
23	4	3.659	1	1
23	4	3.585	0	0
23	4	3.614	1	0
23	4	0.7561	0	0
23	4	0.6915	0	1
23	4	0.673	1	1
23	4	0.2724	1	0
23	4	4.997	0	0
23	4	1.769	0	0
23	4	1.673	0	0
23	4	5.303	0	0
23	4	1.023	0	0
23	4	0.7827	1	0
23	4	0.6922	1	1
23	4	3.572	1	1
23	4	0.06399	0	1
23	4	1.98	0	0
23	4	0.5732	1	0
23	4	4.053	1	1
23	4	5.835	1	1
23	4	3.402	1	1
23	4	1.521	0	0
23	4	0.7966	1	1
23	4	2.013	1	0
23	4	5.187	1	1
23	4	0.1454	0	0
23	4	0.9808	0	0
23	4	3.479	1	1
23	4	0.5823	1	1
23	4	1.551	0	0
23	4	1.597	1	1
23	4	0.7172	0	0
24	4	5.543	1	0
24	4	3.384	0	0
24	4	1.758	0	0
24	4	0.6497	0	1
24	4	3.365	1	1
24	4	3.484	0	0
24	4	0.5244	0	0
24	4	1.195	0	0
24	4	3.995	0	0
24	4	0.3155	1	0
24	4	0.8505	1	0
24	4	0.449	1	1
24	4	3.317	0	0
24	4	1.801	1	1
24	4	5.804	0	0
24	4	1.837	1	1
24	4	5.181	1	1
24	4	0.4156	1	1
24	4	0.6296	0	0
24	4	1.898	0	0
24	4	3.836	0	0
24	4	3.498	0	0
24	4	3.626	1	1
24	4	1.024	1	1
24	4	3.927	1	1
24	4	1.578	1	1
24	4	1.969	0	0
24	4	1.477	1	1
24	4	1.807	1	0
24	4	3.491	1	1
24	4	5.588	0	0
24	4	1.008	0	0
24	4	5.115	1	1
24	4	1.656	0	0
24	4	0.1575	1	1
24	4	5.168	0	0
24	4	1.027	0	0
24	4	5.703	1	1
24	4	5.082	0	0
24	4	0.3505	0	0
24	4	0.5763	1	0
24	4	0.4493	0	0
24	4	0.9921	0	0
24	4	0.744	0	0
24	4	1.825	1	1
24	4	5.115	1	0
24	4	0.9677	1	1
24	4	1.003	1	0
24	4	5.036	0	0
24	4	0.3437	1	0
25	4	2.102	1	1
25	4	2.187	0	1
25	4	1.665	1	1
25	4	0.9634	0	0
25	4	0.3559	0	0
25	4	3.433	0	0
25	4	0.7318	1	1
25	4	0.9471	1	0
25	4	0.3224	1	1
25	4	0.9618	1	0
25	4	5.749	1	1
25	4	0.8036	1	1
25	4	2.083	0	1
25	4	0.3826	0	1
25	4	3.731	0	0
25	4	5.539	1	1
25	4	1.829	0	0
25	4	0.8157	1	0
25	4	5.247	0	0
25	4	5.368	0	0
25	4	0.8308	1	0
25	4	0.4909	0	0
25	4	0.8617	0	1
25	4	3.835	1	1
25	4	0.4104	0	0
25	4	1.732	0	0
25	4	3.424	1	0
25	4	3.728	0	0
25	4	5.583	0	0
25	4	3.614	1	1
25	4	3.496	0	0
25	4	1.854	1	0
25	4	3.46	0	0
25	4	1.126	1	0
25	4	0.8994	1	0
25	4	0.3874	0	1
25	4	3.217	1	1
25	4	5.132	1	1
25	4	5.361	0	0
25	4	1.765	0	0
25	4	5.089	1	1
25	4	1.724	1	1
25	4	1.946	1	1
25	4	0.385	0	0
25	4	0.331	1	1
25	4	0.65	1	0
25	4	5.554	0	0
25	4	1.057	0	0
25	4	3.541	1	1
26	4	3.685	1	1
26	4	1.444	0	0
26	4	1.336	0	0
26	4	5.51	0	0
26	4	0.1472	0	1
26	4	1.481	0	1
26	4	0.9354	0	1
26	4	0.4141	0	0
26	4	3.847	0	0
26	4	4.008	1	1
26	4	5.257	0	0
26	4	0.5065	0	0
26	4	5.098	1	1
26	4	1.287	1	0
26	4	3.926	1	1
26	4	3.688	1	1
26	4	5.408	1	1
26	4	3.457	1	1
26	4	5.518	0	0
26	4	3.996	1	1
26	4	1.127	1	0
26	4	0.6386	1	1
26	4	1.429	1	1
26	4	1.032	0	0
26	4	5.633	1	1
26	4	0.01657	0	0
26	4	0.5191	1	1
26	4	2.106	1	1
26	4	5.48	0	0
26	4	1.756	0	0
26	4	1.964	1	1
26	4	1.913	0	0
26	4	0.002	0	0
26	4	0.9131	0	1
26	4	5.496	0	0
26	4	0.6011	1	1
26	4	5.276	1	1
26	4	1.541	1	1
26	4	0.5178	0	0
26	4	1.851	1	1
26	4	1.928	0	0
26	4	3.71	1	1
26	4	0.3891	1	0
26	4	0.9561	1	1
26	4	3.487	1	1
26	4	3.878	1	1
26	4	1.054	0	0
26	4	0.5596	0	0
26	4	5.377	0	0
26	4	1.112	0	0
27	4	5.297	1	1
27	4	3.698	0	1
27	4	1.793	1	1
27	4	1.828	1	1
27	4	3.376	1	0
27	4	0.9463	1	1
27	4	0.6974	1	1
27	4	1.842	0	1
27	4	5.605	1	1
27	4	0.5848	0	1
27	4	1.246	0	1
27	4	5.677	0	0
27	4	3.426	0	0
27	4	0.8629	1	1
27	4	5.027	0	0
27	4	3.431	1	1
27	4	1.916	0	0
27	4	1.452	1	1
27	4	5.357	1	1
27	4	0.9294	1	0
27	4	1.97	0	0
27	4	0.1754	0	1
27	4	0.3034	0	1
27	4	5.278	0	0
27	4	0.9978	0	0
27	4	1.788	0	0
27	4	5.373	0	0
27	4	0.4435	1	1
27	4	0.6391	1	0
27	4	0.8389	0	0
27	4	0.9947	1	1
27	4	3.676	0	1
27	4	3.556	1	1
27	4	0.4672	1	1
27	4	5.359	1	1
27	4	5.54	0	0
27	4	3.538	1	1
27	4	3.465	1	1
27	4	0.8116	1	1
27	4	0.414	0	1
27	4	3.489	0	0
27	4	0.2906	0	0
27	4	0.6991	0	1
27	4	5.501	1	1
27	4	1.967	0	0
27	4	0.9037	0	1
27	4	2.209	1	1
27	4	0.7904	1	1
27	4	1.779	0	0
28	4	3.555	0	0
28	4	5.54	0	0
28	4	3.372	1	1
28	4	1.863	0	1
28	4	5.623	1	1
28	4	5.241	0	0
28	4	0.8686	0	0
28	4	3.063	1	1
28	4	0.515	1	0
28	4	1.606	1	0
28	4	5.214	0	0
28	4	3.814	0	0
28	4	0.8729	1	0
28	4	1.977	1	0
28	4	0.3509	0	0
28	4	0.386	0	1
28	4	5.437	1	1
28	4	4.134	0	0
28	4	0.564	0	0
28	4	3.761	0	1
28	4	5.577	1	1
28	4	1.804	1	1
28	4	0.7543	1	1
28	4	0.7284	1	1
28	4	3.849	1	1
28	4	5.539	1	1
28	4	1.647	1	1
28	4	0.5156	0	0
28	4	0.3777	1	1
28	4	0.629	1	1
28	4	1.604	0	0
28	4	0.8409	1	0
28	4	3.487	0	0
28	4	5.218	0	0
28	4	5.533	1	1
28	4	1.577	1	0
28	4	1.887	1	1
28	4	0.4448	1	0
28	4	0.8925	0	0
28	4	1.943	1	1
28	4	3.135	0	0
28	4	0.6795	0	0
28	4	0.8257	1	1
28	4	3.488	0	0
28	4	5.1	1	1
28	4	1.112	0	0
28	4	0.3783	0	1
28	4	0.7157	0	0
28	4	1.629	0	0
28	4	0.3441	0	0
29	4	0.5325	1	1
29	4	0.9436	1	0
29	4	1.355	0	0
29	4	0.515	1	0
29	4	0.5282	1	1
29	4	0.5583	0	1
29	4	1.94	1	1
29	4	1.974	0	0
29	4	5.446	0	0
29	4	3.515	0	1
29	4	1.707	0	0
29	4	3.677	0	0
29	4	0.8761	0	1
29	4	0.5481	1	0
29	4	5.353	0	0
29	4	5.587	1	1
29	4	3.252	0	0
29	4	1.095	1	0
29	4	0.4732	1	0
29	4	5.316	1	1
29	4	3.823	1	1
29	4	5.488	1	1
29	4	1.76	0	0
29	4	1.89	1	1
29	4	0.5348	1	1
29	4	3.641	1	1
29	4	0.8125	0	1
29	4	3.694	0	0
29	4	1.868	0	0
29	4	5.851	1	1
29	4	0.6074	0	1
29	4	3.371	0	0
29	4	1.049	0	0
29	4	0.6906	1	1
29	4	0.5017	0	1
29	4	1.053	1	0
29	4	3.68	0	0
29	4	1.801	0	0
29	4	4.986	1	1
29	4	3.446	1	1
29	4	1.499	1	1
29	4	3.974	1	1
29	4	5.231	1	1
29	4	0.975	0	0
29	4	2.103	0	0
29	4	1.018	1	0
29	4	5.45	0	0
29	4	5.656	1	1
29	4	1.571	0	0
29	4	0.5143	0	0
30	5	0.3546	0	0
30	5	5.088	0	0
30	5	1.713	0	1
30	5	5.681	1	1
30	5	0.2092	0	1
30	5	5.615	0	0
30	5	0.1766	1	0
30	5	0.5769	1	0
30	5	0.791	0	0
30	5	0.09849	1	0
30	5	1.435	0	0
30	5	0.7326	1	0
30	5	1.445	0	0
30	5	1.295	0	1
30	5	0.376	0	0
30	5	1.625	0	0
30	5	2.184	1	0
30	5	1.031	1	0
30	5	1.08	1	0
30	5	1.045	1	0
30	5	0.5132	1	0
30	5	0.7803	0	0
30	5	1.696	1	1
30	5	2.124	0	0
30	5	0.1084	0	1
30	5	5.297	1	1
30	5	0.2776	1	0
30	5	0.23	0	0
30	5	1.826	1	0
30	5	5.529	1	1
30	5	0.4336	1	1
30	5	5.793	1	1
30	5	1.251	0	0
30	5	0.07655	1	1
30	5	0.3081	1	0
30	5	1.856	0	1
30	5	1.925	0	0
30	5	1.084	0	0
30	5	5.479	0	0
30	5	0.1952	1	0
30	5	1.714	1	1
30	5	0.6796	0	0
30	5	0.8666	1	0
30	5	0.2146	1	1
30	5	0.1836	0	0
30	5	5.527	1	0
30	5	0.07395	1	1
30	5	0.6402	1	0
30	5	5.188	0	0
30	5	5.311	0	0
31	5	0.5495	0	1
31	5	1.912	0	0
31	5	1.309	0	0
31	5	0.9154	1	0
31	5	5.493	1	1
31	5	0.2464	1	1
31	5	5.497	1	1
31	5	0.2837	1	0
31	5	5.345	1	1
31	5	2.053	1	0
31	5	0.94	0	0
31	5	2.058	1	1
31	5	0.9627	0	1
31	5	0.6495	1	0
31	5	0.04102	0	0
31	5	1.684	1	0
31	5	0.4071	0	1
31	5	5.621	0	0
31	5	2.218	1	1
31	5	0.1751	0	1
31	5	1.014	0	1
31	5	1.121	0	0
31	5	5.222	0	0
31	5	0.6219	1	1
31	5	0.518	1	0
31	5	1.635	0	0
31	5	0.2132	1	0
31	5	1.724	1	1
31	5	1.77	1	1
31	5	0.3731	0	0
31	5	0.1357	0	0
31	5	5.318	1	1
31	5	0.2662	1	0
31	5	0.6303	1	0
31	5	0.9465	1	1
31	5	1.051	0	1
31	5	1.856	0	0
31	5	0.21	0	1
31	5	2.048	1	0
31	5	0.08855	0	1
31	5	0.3878	0	1
31	5	0.2906	0	0
31	5	5.178	0	0
31	5	5.581	0	0
31	5	5.102	1	1
31	5	0.3116	0	0
31	5	0.05461	0	1
31	5	5.026	0	0
31	5	1.145	1	1
31	5	0.1921	1	0
32	5	1	0	1
32	5	0.4172	0	1
32	5	1.502	0	1
32	5	0.7622	1	1
32	5	0.4313	0	0
32	5	0.168	1	0
32	5	5.126	0	0
32	5	1.972	1	1
32	5	0.9751	1	0
32	5	1.164	0	1
32	5	0.4045	0	1
32	5	0.9356	1	1
32	5	5.378	1	1
32	5	0.3306	0	0
32	5	0.2069	0	0
32	5	1.514	1	1
32	5	5.28	1	1
32	5	0.2034	1	1
32	5	0.6226	0	1
32	5	1.892	0	1
32	5	0.01013	1	1
32	5	0.4567	0	1
32	5	0.1989	0	0
32	5	0.6177	1	1
32	5	1.186	0	0
32	5	0.9832	1	1
32	5	5.343	1	1
32	5	2.239	1	1
32	5	5.638	0	0
32	5	0.4572	1	0
32	5	5.103	1	1
32	5	2.103	1	0
32	5	0.7139	0	0
32	5	0.708	0	1
32	5	1.784	0	0
32	5	0.1923	1	0
32	5	5.49	0	0
32	5	0.1483	0	0
32	5	0.8449	0	0
32	5	2.003	1	1
32	5	5.315	1	1
32	5	0.6361	0	0
32	5	1.813	1	1
32	5	0.8978	0	1
32	5	1.583	1	0
32	5	0.2938	1	1
32	5	5.25	1	1
32	5	5.73	1	1
32	5	0.765	1	1
33	5	0.3814	0	0
33	5	0.7113	1	1
33	5	0.7218	1	0
33	5	0.1645	0	1
33	5	0.9957	1	0
33	5	0.4917	1	0
33	5	1.46	1	1
33	5	0.2993	1	0
33	5	0.9155	0	0
33	5	5.607	1	1
33	5	1.586	0	0
33	5	2	1	1
33	5	0.1956	0	1
33	5	1.651	0	1
33	5	1.522	0	1
33	5	0.6008	0	0
33	5	5.724	0	0
33	5	1.787	0	0
33	5	0.7336	1	0
33	5	1.796	1	1
33	5	5.595	0	0
33	5	0.02449	0	0
33	5	0.844	1	0
33	5	5.73	1	1
33	5	0.4129	1	0
33	5	0.5829	0	1
33	5	5.48	1	1
33	5	0.6376	1	0
33	5	1.85	0	0
33	5	0.0007629	0	0
33	5	0.09645	1	0
33	5	1.917	0	0
33	5	0.01309	1	0
33	5	0.9465	1	1
33	5	0.8092	1	1
33	5	0.09887	1	0
33	5	1.738	0	0
33	5	0.07114	0	1
33	5	5.328	1	1
33	5	0.7001	1	0
33	5	0.09994	0	0
33	5	5.501	0	0
33	5	5.574	1	1
33	5	0.737	1	0
33	5	5.606	0	0
33	5	0.2004	1	0
33	5	0.2085	1	0
33	5	0.6896	0	0
33	5	5.362	0	0
33	5	0.5488	1	0
34	5	0.5116	0	1
34	5	0.513	0	1
34	5	0.8719	0	0
34	5	0.612	0	0
34	5	2.006	0	1
34	5	0.2398	0	0
34	5	0.3697	0	0
34	5	1.138	0	0
34	5	0.5904	1	0
34	5	0.6506	1	0
34	5	1.634	1	0
34	5	0.3948	1	0
34	5	1.361	1	1
34	5	1.084	1	0
34	5	5.547	0	0
34	5	5.702	1	0
34	5	5.522	0	0
34	5	0.4622	0	1
34	5	1.761	1	1
34	5	5.322	1	1
34	5	0.5782	1	0
34	5	1.932	0	1
34	5	0.9367	1	1
34	5	0.347	1	1
34	5	0.29	0	0
34	5	0.3289	1	1
34	5	1.033	1	1
34	5	0.7868	0	1
34	5	5.38	0	0
34	5	0.8864	1	1
34	5	0.5661	0	0
34	5	1.697	0	0
34	5	0.919	0	0
34	5	1.774	1	0
34	5	0.7312	0	0
34	5	5.412	0	0
34	5	0.4684	1	1
34	5	1.692	0	0
34	5	0.3835	0	1
34	5	5.111	1	1
34	5	5.437	1	1
34	5	0.6932	1	1
34	5	5.639	1	1
34	5	2.102	1	0
34	5	1.831	0	0
34	5	1.551	1	1
34	5	0.08643	0	0
34	5	0.3869	0	1
34	5	0.2795	1	1
34	5	5.167	1	1
35	5	0.3609	0	1
35	5	1.069	1	1
35	5	0.1382	0	1
35	5	0.4797	0	1
35	5	0.8408	0	0
35	5	0.2776	1	1
35	5	1.048	1	1
35	5	0.3108	1	1
35	5	0.2141	1	1
35	5	1.115	1	1
35	5	0.4694	0	1
35	5	5.049	0	0
35	5	0.3884	1	1
35	5	0.01645	1	0
35	5	0.7533	1	1
35	5	0.5323	0	1
35	5	1.615	0	1
35	5	0.8284	0	0
35	5	0.01972	0	0
35	5	1.833	0	0
35	5	0.02821	1	1
35	5	1.728	0	0
35	5	5.273	1	0
35	5	0.6313	1	0
35	5	0.5275	1	0
35	5	5.609	0	0
35	5	0.3648	0	1
35	5	1.982	1	1
35	5	2.064	1	1
35	5	0.7992	1	1
35	5	1.072	1	0
35	5	5.571	1	1
35	5	5.499	1	1
35	5	0.02234	0	1
35	5	2.03	1	1
35	5	5.175	0	0
35	5	5.568	0	0
35	5	0.4073	0	0
35	5	5.543	0	0
35	5	0.2649	1	1
35	5	5.267	1	1
35	5	1.366	0	0
35	5	0.5055	1	0
35	5	1.459	0	0
35	5	0.3961	0	0
35	5	0.8476	1	1
35	5	5.679	0	0
35	5	1.999	1	1
35	5	0.1669	1	1
35	5	1.945	1	1
36	5	1.096	0	0
36	5	0.6524	1	1
36	5	2.005	0	0
36	5	1.114	1	1
36	5	0.9208	1	1
36	5	1.85	0	1
36	5	0.5221	0	1
36	5	1.506	0	1
36	5	5.095	0	0
36	5	1.711	0	1
36	5	0.905	1	1
36	5	1.839	1	1
36	5	1.059	1	1
36	5	1.101	1	0
36	5	5.355	1	1
36	5	0.6442	1	1
36	5	0.9974	0	0
36	5	0.2487	1	1
36	5	0.1919	0	1
36	5	0.5545	0	1
36	5	0.6421	1	0
36	5	5.17	1	1
36	5	0.9288	1	0
36	5	1.665	1	1
36	5	0.6893	1	0
36	5	5.845	1	1
36	5	1.721	0	0
36	5	5.648	0	0
36	5	5.888	1	1
36	5	0.6016	0	1
36	5	0.3441	0	0
36	5	0.3165	0	1
36	5	5.21	1	1
36	5	0.3731	0	1
36	5	5.273	0	0
36	5	1.495	0	0
36	5	5.262	1	1
36	5	0.07043	1	0
36	5	0.7849	1	1
36	5	0.001516	1	0
36	5	1.534	0	0
36	5	0.5554	0	0
36	5	5.29	1	1
36	5	1.982	0	1
36	5	0.263	0	0
36	5	0.6492	1	0
36	5	0.6308	1	1
36	5	0.4177	0	1
36	5	0.2319	0	0
36	5	0.3275	0	1
37	5	5.63	1	1
37	5	0.1951	1	1
37	5	5.47	1	1
37	5	0.3911	1	1
37	5	5.404	1	1
37	5	0.7515	0	0
37	5	1.757	1	1
37	5	0.6815	1	1
37	5	0.11	0	1
37	5	0.5399	1	1
37	5	0.0978	1	1
37	5	0.3371	0	1
37	5	0.2112	0	0
37	5	0.5252	1	1
37	5	1.55	0	1
37	5	1.791	0	0
37	5	0.4467	1	1
37	5	1.161	0	1
37	5	0.1743	0	0
37	5	5.494	1	1
37	5	1.983	0	0
37	5	0.3795	0	1
37	5	0.4222	1	0
37	5	2.019	0	1
37	5	0.4355	0	1
37	5	1.406	0	0
37	5	5.298	0	0
37	5	2.17	1	1
37	5	0.9798	1	0
37	5	1.539	1	1
37	5	0.5621	1	0
37	5	0.9473	1	1
37	5	0.05861	1	0
37	5	0.7788	0	1
37	5	5.646	1	1
37	5	1	0	0
37	5	5.772	1	1
37	5	5.46	0	0
37	5	0.8077	1	1
37	5	0.8793	0	0
37	5	0.2238	0	1
37	5	0.9603	0	0
37	5	0.4327	0	1
37	5	0.07111	0	0
37	5	5.393	1	1
37	5	1.402	1	1
37	5	1.178	1	0
37	5	0.4121	1	0
37	5	5.442	0	0
37	5	1.922	0	0
38	5	0.03258	1	0
38	5	0.6883	0	0
38	5	0.6349	1	1
38	5	1.69	1	1
38	5	0.2079	1	1
38	5	0.2567	0	1
38	5	5.558	0	0
38	5	0.2915	1	1
38	5	1.707	0	0
38	5	0.2977	0	1
38	5	1.238	1	0
38	5	0.7694	1	1
38	5	5.537	0	0
38	5	0.3057	0	0
38	5	0.03576	0	1
38	5	0.8925	0	1
38	5	5.427	1	1
38	5	5.525	0	0
38	5	0.3111	0	0
38	5	0.7063	1	1
38	5	5.526	1	1
38	5	5.407	1	1
38	5	0.5633	1	0
38	5	1.506	0	0
38	5	0.2635	1	0
38	5	1.709	0	1
38	5	1.913	1	1
38	5	0.8208	1	1
38	5	0.2514	1	1
38	5	1.672	0	1
38	5	1.825	0	0
38	5	5.534	0	0
38	5	0.6288	1	1
38	5	0.2745	1	1
38	5	5.408	1	1
38	5	1.569	0	0
38	5	0.5331	0	1
38	5	1.096	1	1
38	5	0.7386	1	1
38	5	1	0	1
38	5	0.3027	0	0
38	5	0.7766	1	1
38	5	1.772	0	0
38	5	5.841	1	1
38	5	0.6437	1	1
38	5	0.2483	1	1
38	5	1.01	0	0
38	5	5.187	0	0
38	5	0.132	0	0
38	5	1.779	0	1
39	5	0.4958	0	0
39	5	0.2359	1	0
39	5	0.582	0	0
39	5	0.9963	1	0
39	5	0.8876	1	0
39	5	0.3554	0	1
39	5	0.8286	1	1
39	5	0.2497	1	1
39	5	0.8828	0	1
39	5	5.623	1	1
39	5	5.49	1	1
39	5	0.2442	0	1
39	5	1.037	0	0
39	5	1.558	0	0
39	5	0.7682	1	0
39	5	5.252	1	1
39	5	0.8466	1	1
39	5	0.1107	0	1
39	5	1.821	1	1
39	5	1.115	0	1
39	5	5.204	0	0
39	5	1.769	1	1
39	5	0.2205	1	1
39	5	5.674	1	1
39	5	0.7149	0	0
39	5	0.2052	1	0
39	5	1.756	1	0
39	5	0.8113	1	1
39	5	0.01145	1	0
39	5	1.926	0	0
39	5	0.9669	0	0
39	5	0.6863	0	0
39	5	1.548	1	0
39	5	5.231	1	1
39	5	0.7494	1	0
39	5	5.357	0	0
39	5	5.407	0	0
39	5	5.765	1	1
39	5	4.826	0	0
39	5	0.8585	0	0
39	5	0.2618	0	0
39	5	1.932	0	0
39	5	0.736	0	1
39	5	1.86	0	0
39	5	0.3777	1	1
39	5	0.2878	1	0
39	5	1.808	0	0
39	5	0.4199	0	1
39	5	1.511	0	0
39	5	0.2571	0	1
40	6	1.953	1	0
40	6	0.04753	1	1
40	6	0.01914	0	1
40	6	5.327	1	0
40	6	0.01218	1	1
40	6	1.725	1	0
40	6	0.6845	1	1
40	6	0.2544	0	0
40	6	5.447	0	0
40	6	2.12	0	0
40	6	0.5578	0	0
40	6	0.2251	1	1
40	6	0.8612	0	0
40	6	0.3188	0	0
40	6	1.578	1	1
40	6	0.8623	1	0
40	6	5.597	0	0
40	6	1.604	1	1
40	6	5.071	0	0
40	6	4.993	1	1
40	6	0.808	0	0
40	6	0.7443	1	0
40	6	1.949	1	0
40	6	0.8507	0	0
40	6	0.4744	0	1
40	6	5.541	1	1
40	6	0.3231	0	0
40	6	0.3828	1	1
40	6	0.293	0	0
40	6	0.6252	0	0
40	6	0.8668	1	0
40	6	0.5051	1	0
40	6	1.565	1	1
40	6	1.266	1	1
40	6	5.822	1	0
40	6	5.577	0	0
40	6	0.3131	0	0
40	6	2.053	0	0
40	6	2.005	0	1
40	6	1.921	1	1
40	6	0.53	1	1
40	6	0.5277	0	0
40	6	0.6057	0	0
40	6	0.5608	0	0
40	6	0.09581	0	0
40	6	5.663	0	0
40	6	0.8962	1	1
40	6	0.1399	0	1
40	6	0.2584	1	1
40	6	5.531	1	1
41	6	2.135	0	0
41	6	0.1697	1	0
41	6	1.972	0	0
41	6	0.8269	1	0
41	6	0.6156	0	0
41	6	5.658	0	0
41	6	0.03475	1	0
41	6	0.6573	0	0
41	6	0.6499	0	1
41	6	5.644	1	1
41	6	0.9494	1	0
41	6	0.3784	1	0
41	6	1.052	1	0
41	6	5.167	1	1
41	6	0.4837	0	0
41	6	5.184	0	0
41	6	1.805	0	0
41	6	1.645	0	0
41	6	0.4209	0	1
41	6	1.137	1	0
41	6	2.271	0	0
41	6	0.9433	1	1
41	6	5.339	1	1
41	6	0.7144	0	0
41	6	5.439	1	1
41	6	0.04075	1	0
41	6	1.936	1	1
41	6	1.958	1	0
41	6	5.429	0	0
41	6	0.5991	1	0
41	6	0.1322	0	0
41	6	0.8511	0	0
41	6	2.004	1	0
41	6	0.9385	1	0
41	6	0.625	1	0
41	6	5.185	0	0
41	6	5.39	1	1
41	6	0.4954	1	0
41	6	1.325	0	0
41	6	0.3959	0	0
41	6	0.4826	0	1
41	6	5.429	0	0
41	6	1.87	1	0
41	6	0.09555	1	0
41	6	0.1683	0	0
41	6	0.9697	1	1
41	6	2.042	1	0
41	6	0.6536	0	0
41	6	0.1511	1	1
42	6	0.4848	0	0
42	6	0.2545	0	0
42	6	0.8318	1	1
42	6	1.556	0	1
42	6	1.786	1	1
42	6	0.3457	1	1
42	6	5.435	0	0
42	6	5.655	0	1
42	6	0.9253	1	1
42	6	0.1385	1	0
42	6	1.909	1	0
42	6	1.866	0	1
42	6	0.1642	0	0
42	6	0.3059	0	0
42	6	5.641	1	1
42	6	1.084	0	1
42	6	5.189	1	1
42	6	0.9685	0	1
42	6	5.386	0	0
42	6	0.5754	1	1
42	6	1.069	1	0
42	6	5.365	0	0
42	6	0.3472	0	0
42	6	0.9087	1	0
42	6	0.6106	1	0
42	6	0.2013	1	0
42	6	5.107	0	0
42	6	1.413	0	0
42	6	0.9877	1	0
42	6	0.3618	0	1
42	6	0.3653	1	1
42	6	1.538	1	0
42	6	0.4312	1	1
42	6	0.0144	1	0
42	6	0.1464	1	1
42	6	0.6674	0	0
42	6	1.676	0	1
42	6	2.191	1	0
42	6	0.5885	0	0
42	6	1.815	1	0
42	6	5.039	1	1
42	6	0.7456	0	0
42	6	5.547	0	0
42	6	0.2974	0	1
42	6	1.028	0	0
42	6	0.9977	1	1
42	6	0.8399	0	0
42	6	0.1331	0	0
42	6	5.458	1	1
42	6	1.585	1	0
43	6	1.14	0	0
43	6	1.92	1	1
43	6	5.274	0	0
43	6	1.995	1	1
43	6	0.5697	1	0
43	6	0.447	0	0
43	6	5.517	0	0
43	6	0.5849	1	0
43	6	1.886	0	0
43	6	0.3918	0	0
43	6	0.335	1	0
43	6	1.712	1	0
43	6	0.8878	1	0
43	6	0.9377	0	0
43	6	1.009	1	0
43	6	0.3219	0	0
43	6	0.2946	0	0
43	6	5.248	0	0
43	6	0.3931	0	0
43	6	5.498	0	0
43	6	0.6504	1	0
43	6	0.7407	0	0
43	6	5.32	1	1
43	6	1.707	1	1
43	6	1.608	0	0
43	6	1.12	0	0
43	6	5.425	0	0
43	6	0.3992	0	0
43	6	5.278	1	1
43	6	0.5614	1	0
43	6	5.372	0	0
43	6	5.519	1	0
43	6	0.235	1	0
43	6	0.6015	0	0
43	6	1.833	1	0
43	6	0.729	1	0
43	6	0.8759	1	0
43	6	1.048	0	0
43	6	0.1881	1	1
43	6	0.05661	1	0
43	6	0.02691	0	1
43	6	0.7756	1	1
43	6	0.04985	0	0
43	6	1.873	1	0
43	6	0.4992	0	0
43	6	2.03	0	0
43	6	0.1783	1	1
43	6	5.392	1	1
43	6	1.828	0	0
43	6	0.3761	1	1
44	6	0.5371	1	1
44	6	0.7336	0	0
44	6	5.379	0	0
44	6	0.7002	1	1
44	6	0.9079	1	1
44	6	2.051	0	0
44	6	1.012	0	1
44	6	1.871	1	1
44	6	0.109	0	0
44	6	5.446	0	0
44	6	5.576	0	0
44	6	0.492	0	0
44	6	5.472	0	0
44	6	1.777	1	0
44	6	5.135	0	0
44	6	5.664	1	1
44	6	5.661	1	0
44	6	0.8375	0	0
44	6	0.08774	1	1
44	6	0.08037	0	0
44	6	1.507	0	1
44	6	0.007306	1	0
44	6	0.2155	1	1
44	6	1.484	1	0
44	6	0.3498	1	0
44	6	0.1689	0	0
44	6	0.7457	0	0
44	6	0.2046	1	0
44	6	1.798	1	1
44	6	1.359	0	0
44	6	0.2079	1	1
44	6	5.33	1	1
44	6	1.948	1	0
44	6	1.925	1	1
44	6	0.9302	0	0
44	6	5.276	0	0
44	6	0.0473	0	0
44	6	2.025	0	0
44	6	0.4873	0	1
44	6	0.8158	1	0
44	6	0.8022	1	0
44	6	0.5537	1	1
44	6	0.1699	0	1
44	6	0.5666	1	0
44	6	0.3174	1	1
44	6	5.599	0	0
44	6	0.9023	1	0
44	6	1.922	0	0
44	6	0.2907	0	0
44	6	1.642	1	1
45	6	0.08968	1	1
45	6	0.4835	0	0
45	6	0.2697	1	1
45	6	5.436	1	1
45	6	0.1882	0	1
45	6	0.9569	0	1
45	6	0.04373	0	1
45	6	5.292	0	0
45	6	1.966	0	1
45	6	0.1095	1	0
45	6	0.6596	1	1
45	6	5.208	0	0
45	6	0.5397	0	0
45	6	0.6473	0	1
45	6	1.08	0	0
45	6	1.278	1	1
45	6	1.252	1	1
45	6	1.164	1	1
45	6	1.717	1	1
45	6	5.553	1	1
45	6	0.9789	0	0
45	6	2.364	1	1
45	6	0.1932	1	1
45	6	0.2193	0	1
45	6	0.6479	0	0
45	6	0.3788	1	1
45	6	2.035	1	0
45	6	0.8963	0	0
45	6	0.2231	0	1
45	6	5.563	0	0
45	6	5.286	1	1
45	6	0.8144	1	0
45	6	5.319	1	1
45	6	5.581	0	0
45	6	0.4095	0	0
45	6	1.804	1	1
45	6	1.634	1	1
45	6	0.4258	1	0
45	6	0.9686	0	0
45	6	2.22	1	1
45	6	5.448	0	0
45	6	1.759	1	1
45	6	5.918	1	1
45	6	0.4951	0	0
45	6	0.1985	0	0
45	6	0.4463	1	1
45	6	1.013	0	0
45	6	0.7036	0	0
45	6	1.935	0	0
45	6	2.053	1	0
46	6	0.9267	1	1
46	6	0.7975	0	0
46	6	0.3645	1	1
46	6	0.3009	0	0
46	6	0.417	1	1
46	6	0.09941	1	1
46	6	0.3178	0	1
46	6	0.9817	1	1
46	6	0.8405	1	0
46	6	0.1147	0	1
46	6	0.7724	0	1
46	6	5.5	0	0
46	6	0.1917	1	1
46	6	5.184	0	0
46	6	1.507	1	1
46	6	0.4144	0	0
46	6	0.6019	0	1
46	6	1.82	0	0
46	6	2.038	1	1
46	6	0.1439	1	1
46	6	0.4529	1	1
46	6	5.323	0	0
46	6	0.8152	1	0
46	6	1.692	0	0
46	6	1.273	1	1
46	6	1.652	0	1
46	6	0.3998	1	1
46	6	1.629	0	0
46	6	0.6123	0	0
46	6	0.2238	0	0
46	6	0.2705	1	0
46	6	5.343	1	1
46	6	1.087	0	0
46	6	0.3879	1	0
46	6	1.782	1	1
46	6	5.652	1	1
46	6	1.28	1	1
46	6	0.2324	0	0
46	6	1.659	0	0
46	6	1.918	0	0
46	6	0.1923	0	0
46	6	0.2183	0	0
46	6	0.2937	1	1
46	6	1.614	0	0
46	6	5.257	1	1
46	6	5.022	0	0
46	6	0.8658	0	0
46	6	5.455	0	0
46	6	5.348	0	0
46	6	5.283	1	1
47	6	0.3307	0	1
47	6	5.593	0	0
47	6	5.708	1	1
47	6	0.7622	0	1
47	6	0.1977	1	1
47	6	1.544	0	1
47	6	2.019	0	0
47	6	0.298	1	1
47	6	1.178	1	0
47	6	1.766	0	0
47	6	0.9666	1	0
47	6	0.4595	1	0
47	6	0.2456	0	1
47	6	5.538	0	0
47	6	1.715	0	0
47	6	0.7865	0	1
47	6	0.8528	1	1
47	6	0.9202	1	1
47	6	0.2219	1	0
47	6	6.041	1	1
47	6	1.787	1	1
47	6	0.04706	0	1
47	6	5.492	1	1
47	6	0.3399	0	1
47	6	0.3143	0	1
47	6	0.4415	1	1
47	6	5.883	1	1
47	6	2.147	0	0
47	6	0.4473	1	1
47	6	0.3619	1	1
47	6	1.291	0	0
47	6	0.3963	0	1
47	6	2.041	1	1
47	6	0.7241	0	1
47	6	1.736	1	1
47	6	1.317	0	0
47	6	5.466	0	0
47	6	0.462	0	1
47	6	5.521	0	0
47	6	0.4427	0	0
47	6	0.4717	0	0
47	6	0.1286	1	0
47	6	0.2245	1	1
47	6	0.116	0	0
47	6	0.1051	1	0
47	6	5.228	1	1
47	6	0.8703	1	1
47	6	1.921	1	1
47	6	5.263	1	1
47	6	1.838	1	1
48	6	5.323	1	1
48	6	0.5881	0	1
48	6	0.8537	0	0
48	6	0.8159	1	1
48	6	2.102	1	0
48	6	0.6383	0	0
48	6	0.2674	1	1
48	6	5.285	0	0
48	6	0.6975	1	1
48	6	0.1738	1	1
48	6	0.5254	0	1
48	6	0.01828	1	1
48	6	0.3017	1	1
48	6	1.441	1	1
48	6	2.226	0	0
48	6	1.948	0	0
48	6	0.2601	0	0
48	6	5.391	0	0
48	6	0.7943	0	1
48	6	0.08723	1	1
48	6	1.733	1	1
48	6	5.62	1	1
48	6	0.5148	0	0
48	6	0.3077	1	1
48	6	1.743	0	0
48	6	1.05	0	0
48	6	1.531	0	0
48	6	5.325	0	0
48	6	1.66	0	0
48	6	0.6011	1	1
48	6	0.311	0	0
48	6	0.9452	0	0
48	6	0.4524	1	1
48	6	0.7737	1	0
48	6	1.877	1	0
48	6	0.5587	0	0
48	6	0.7363	1	1
48	6	0.09641	0	1
48	6	0.1542	1	0
48	6	0.2875	1	0
48	6	5.775	1	1
48	6	0.1753	1	0
48	6	5.61	1	1
48	6	5.466	1	1
48	6	0.086	0	0
48	6	5.68	1	1
48	6	1.751	0	0
48	6	5.619	0	0
48	6	1.893	1	1
48	6	0.6861	0	0
49	6	1.092	0	0
49	6	1.813	1	0
49	6	0.4285	0	0
49	6	0.3188	1	0
49	6	0.4327	0	1
49	6	0.1459	1	1
49	6	0.2788	1	0
49	6	5.229	1	1
49	6	1.679	1	1
49	6	1.629	1	0
49	6	0.7917	1	0
49	6	5.235	1	1
49	6	0.7683	1	1
49	6	5.428	1	1
49	6	0.3857	0	0
49	6	1.063	0	1
49	6	0.6315	1	1
49	6	0.2801	0	1
49	6	0.8902	0	1
49	6	0.2754	1	1
49	6	0.3553	1	0
49	6	0.257	1	1
49	6	0.5135	1	0
49	6	2.153	0	1
49	6	0.007437	0	0
49	6	1.547	0	0
49	6	0.875	1	0
49	6	2.053	0	0
49	6	1.602	1	1
49	6	0.5093	0	0
49	6	0.0869	0	0
49	6	0.3069	0	1
49	6	5.123	0	0
49	6	4.885	0	0
49	6	0.0759	1	1
49	6	0.6194	1	0
49	6	1.127	0	0
49	6	5.468	0	0
49	6	5.522	0	0
49	6	5.384	1	1
49	6	2.101	0	0
49	6	5.19	1	1
49	6	0.7792	1	1
49	6	0.1413	0	1
49	6	1.693	0	0
49	6	1.687	0	0
49	6	0.482	1	0
49	6	0.3284	1	0
49	6	0.5182	0	1
49	6	5.669	1	1
