0	2	1.868	0	0	0.2478
0	2	3.568	0	1	-0.351
0	2	3.543	0	0	-5.527
0	2	1.679	0	1	0.2429
0	2	3.807	1	1	-0.4936
0	2	0.2908	1	1	0.1915
0	2	0.3587	0	1	-0.1054
0	2	5.492	0	0	1.663
0	2	5.394	0	0	-0.1055
0	2	0.9116	1	0	0.6912
0	2	3.556	0	1	-0.1072
0	2	0.03818	1	0	0.4128
0	2	3.825	0	0	0.3015
0	2	3.51	0	0	0.1978
0	2	5.279	1	1	-0.07997
0	2	1.907	1	1	0.3596
0	2	0.6519	0	1	0.3247
0	2	0.02703	0	1	0.04287
0	2	0.298	0	0	0.3454
0	2	5.561	1	1	-0.3827
0	2	3.819	1	1	0.1142
0	2	5.274	1	1	0.9926
0	2	5.358	1	1	0.216
0	2	1.548	1	1	-0.1881
0	2	1.618	1	1	-0.4706
0	2	2.102	1	1	0.3898
0	2	0.3194	0	1	-0.03509
0	2	0.8676	0	1	2.505
0	2	5.132	1	1	1.637
0	2	1.49	0	0	0.112
0	2	0.4624	1	1	0.0792
0	2	5.16	0	0	0.3995
0	2	0.3045	1	1	0.6818
0	2	0.8349	1	1	0.7633
0	2	1.863	0	0	0.3756
0	2	3.731	1	1	0.9259
0	2	0.8437	1	0	0.474
0	2	5.315	1	1	0.2244
0	2	0.1713	0	1	0.4699
0	2	5.621	1	1	0.6252
0	2	0.9724	1	0	0.2156
0	2	0.4825	0	1	-0.05131
0	2	3.534	0	0	-0.135
0	2	0.9528	0	0	0.1845
0	2	1.448	1	1	0.49
0	2	0.8572	1	1	0.1207
0	2	0.8247	0	0	0.5531
0	2	1.05	1	1	1.267
0	2	1.91	0	1	-0.2783
0	2	3.631	0	0	1.1
1	2	5.479	0	0	-1.02
1	2	5.388	0	0	0.477
1	2	0.939	0	1	0.5163
1	2	0.36	1	1	0.2786
1	2	1.821	1	1	0.9421
1	2	1.842	1	1	0.4018
1	2	1.668	0	0	0.2406
1	2	0.7903	1	1	0.3343
1	2	5.558	0	0	1.192
1	2	3.573	1	1	-1.711
1	2	0.3243	1	1	0.1766
1	2	1.006	0	1	-0.2154
1	2	3.443	1	1	0.7884
1	2	1.58	0	0	-3.929
1	2	3.587	0	0	1.689
1	2	1.553	1	1	-0.2536
1	2	3.339	0	0	0.7699
1	2	5.334	0	0	0.8906
1	2	0.3337	1	1	0.2085
1	2	5.266	1	1	-0.1133
1	2	0.1602	0	0	-0.4612
1	2	3.979	0	0	-0.2244
1	2	3.675	1	1	-0.5281
1	2	1.042	0	1	0.5444
1	2	0.5538	1	1	-0.9761
1	2	3.488	1	1	1.292
1	2	3.498	0	0	0.2285
1	2	1.247	0	1	-0.1111
1	2	2.019	0	1	0.8404
1	2	5.186	1	1	0.4043
1	2	1.73	1	1	0.6686
1	2	5.412	0	0	0.7044
1	2	5.064	0	0	0.6518
1	2	1.038	0	0	0.1682
1	2	0.7543	0	1	0.6189
1	2	3.634	0	0	-0.08624
1	2	1.676	0	1	0.3657
1	2	0.2851	1	1	0.8868
1	2	5.569	1	1	-0.006798
1	2	0.5547	1	1	1.417
1	2	3.98	1	1	-0.3281
1	2	0.9092	1	0	-0.04139
1	2	1.827	1	1	1.468
1	2	1.461	1	1	2.127
1	2	1.053	0	1	0.3888
1	2	1.094	1	1	1.065
1	2	0.827	0	0	0.6111
1	2	0.1412	0	1	-0.2187
1	2	5.559	1	1	-0.7955
1	2	0.1372	0	1	-0.03963
2	2	0.8135	0	1	0.7332
2	2	0.741	0	0	0.2951
2	2	3.741	0	0	-0.08508
2	2	1.115	0	1	0.2515
2	2	0.5423	1	0	0.1327
2	2	0.7186	1	0	0.8523
2	2	3.295	0	0	0.06903
2	2	3.193	1	1	0.577
2	2	3.585	0	0	0.9938
2	2	1.521	1	1	0.2428
2	2	5.552	0	0	-1
2	2	0.2935	0	1	0.5985
2	2	1.078	0	1	0.6139
2	2	0.1366	1	1	0.06749
2	2	3.664	1	1	0.5577
2	2	0.6997	0	1	0.5764
2	2	2.022	0	0	-0.154
2	2	5.131	0	0	-0.5782
2	2	0.7607	0	1	-0.2382
2	2	0.236	0	0	0.5802
2	2	1.848	1	1	0.5456
2	2	5.336	0	0	0.3217
2	2	5.657	1	1	-0.01726
2	2	0.3649	1	1	1.835
2	2	5.339	0	0	-1.526
2	2	0.7266	1	1	0.9934
2	2	1.991	1	1	0.2493
2	2	3.212	0	0	0.2902
2	2	0.7469	1	1	0.1245
2	2	5.559	1	1	-1.172
2	2	0.9449	0	1	0.1336
2	2	5.219	0	0	0.7354
2	2	5.465	1	1	-0.3341
2	2	3.373	1	1	-0.7914
2	2	1.607	1	1	-0.1738
2	2	5.551	1	1	0.353
2	2	0.1154	1	1	-0.3635
2	2	1.624	0	0	0.301
2	2	1.9	1	1	-0.3315
2	2	3.734	1	1	0.3549
2	2	5.167	0	0	-0.459
2	2	0.7873	0	1	-0.3622
2	2	1.008	0	1	-0.2905
2	2	0.7806	1	1	-0.3956
2	2	3.564	1	1	-0.9452
2	2	1.829	1	1	-0.2693
2	2	0.6623	1	1	0.7047
2	2	2.004	0	0	-0.198
2	2	1.71	1	0	1.919
2	2	3.474	0	0	-0.4507
3	2	0.2412	0	0	1.35
3	2	1.077	0	0	-0.0146
3	2	5.313	1	1	0.8618
3	2	0.2439	0	1	0.4838
3	2	1.95	1	1	-0.5466
3	2	1.997	0	1	0.3916
3	2	0.7002	1	0	0.7852
3	2	0.4204	1	1	-0.04784
3	2	3.407	0	0	-0.3394
3	2	3.738	1	1	1.729
3	2	3.556	1	1	0.01674
3	2	0.8152	1	1	1.544
3	2	0.918	1	1	0.141
3	2	1.002	1	1	-0.4663
3	2	0.9976	1	1	0.7705
3	2	5.32	1	1	0.8764
3	2	5.391	0	0	2
3	2	0.5031	0	1	0.4075
3	2	0.1838	1	1	0.724
3	2	1.754	1	1	0.138
3	2	0.5364	0	1	0.6611
3	2	3.654	1	1	1.967
3	2	3.746	1	1	-0.6309
3	2	5.499	0	0	1.022
3	2	3.741	0	0	0.1757
3	2	1.604	0	0	1.13
3	2	3.593	1	1	0.1049
3	2	1.49	1	1	0.5644
3	2	0.6314	1	1	0.9014
3	2	2.152	0	1	-0.3893
3	2	2.109	1	1	1.304
3	2	3.639	0	0	-0.4281
3	2	5.509	0	0	-3.149
3	2	2.119	0	1	1.159
3	2	0.6237	0	0	0.3814
3	2	5.313	0	0	1.52
3	2	1.077	1	1	0.5977
3	2	1.058	0	1	-0.5092
3	2	5.602	0	0	1.362
3	2	5.465	0	0	1.059
3	2	5.389	1	1	-0.6045
3	2	3.45	1	1	0.9763
3	2	0.7887	0	0	-0.3768
3	2	0.4612	0	1	1.601
3	2	0.8945	0	1	-0.1663
3	2	3.913	1	1	0.6006
3	2	5.101	0	1	0.1075
3	2	1.823	1	1	1.189
3	2	1.887	1	1	0.8775
3	2	0.3086	0	1	0.6684
4	2	5.362	1	1	-1.211
4	2	1.574	0	0	1.111
4	2	1.616	1	1	0.4839
4	2	0.5844	0	1	0.2861
4	2	2.114	1	1	0.1848
4	2	3.795	0	0	0.816
4	2	3.677	1	1	0.5829
4	2	1.882	0	1	1.143
4	2	5.663	0	0	0.5728
4	2	3.728	0	0	0.7523
4	2	3.41	0	0	-0.6573
4	2	5.516	1	1	1.071
4	2	0.8135	0	0	0.8798
4	2	0.9376	1	1	1.749
4	2	5.509	1	1	-0.1571
4	2	0.5486	1	1	0.1741
4	2	0.8748	1	1	0.727
4	2	1.802	0	0	-0.01331
4	2	0.4292	1	0	-0.6183
4	2	0.4305	1	1	0.09884
4	2	3.678	1	1	0.7176
4	2	0.7898	0	1	0.7156
4	2	2.161	1	1	-0.194
4	2	1.149	1	1	-0.3429
4	2	3.917	1	1	1.425
4	2	0.03033	1	1	0.4014
4	2	5.844	1	1	0.09808
4	2	3.558	1	1	0.62
4	2	0.578	1	1	0.06086
4	2	5.331	0	0	0.7885
4	2	1.749	0	0	-0.3961
4	2	3.797	1	1	0.0901
4	2	1.624	0	0	-0.9406
4	2	3.672	0	1	0.06377
4	2	1.067	1	0	0.01921
4	2	0.777	1	1	0.1754
4	2	5.103	0	0	-0.4212
4	2	5.346	0	0	-0.3029
4	2	5.407	0	0	-0.9732
4	2	0.8346	0	1	-0.3212
4	2	1.119	1	0	0.5811
4	2	5.62	0	0	-2.105
4	2	0.6251	0	1	-0.1717
4	2	1.533	0	0	0.6719
4	2	0.3869	0	1	0.7864
4	2	0.7729	0	1	-0.8302
4	2	0.3336	1	1	-0.5627
4	2	0.3545	0	1	0.9137
4	2	3.472	0	1	0.1939
4	2	1.864	1	1	0.5252
5	2	1.051	0	1	0.5003
5	2	0.2069	0	1	0.882
5	2	5.172	0	0	0.5007
5	2	1.748	1	1	0.08132
5	2	0.5839	0	1	0.3709
5	2	5.396	0	0	-0.6463
5	2	3.371	1	1	0.744
5	2	0.9798	0	0	-2.031
5	2	0.715	1	1	0.5348
5	2	5.365	1	1	0.4799
5	2	1.958	0	0	0.6319
5	2	0.8397	0	1	-0.2545
5	2	1.847	1	1	-0.04582
5	2	1.008	1	1	-3.915
5	2	3.284	1	1	1.3
5	2	0.401	0	1	0.1848
5	2	3.56	0	0	1.421
5	2	5.447	0	0	0.3879
5	2	0.1963	1	1	1.335
5	2	0.5667	0	1	0.6001
5	2	1.899	1	1	0.4801
5	2	5.089	0	0	0.6199
5	2	1.023	1	1	-0.1714
5	2	0.9507	1	1	1.006
5	2	0.6368	1	1	0.4906
5	2	5.543	0	0	-0.3751
5	2	1.83	1	1	0.2285
5	2	0.6847	1	1	1.053
5	2	3.553	1	1	0.3449
5	2	0.5619	1	1	-0.7503
5	2	5.012	1	1	-0.06241
5	2	3.623	1	1	-0.7398
5	2	0.5645	0	1	0.01048
5	2	5.284	0	0	-0.1187
5	2	1.242	1	1	0.4783
5	2	5.433	0	0	0.1498
5	2	5.297	1	1	0.1304
5	2	2.098	0	1	0.2227
5	2	0.7621	0	0	1.511
5	2	3.329	0	0	0.86
5	2	0.8498	0	1	0.5381
5	2	3.513	0	0	1.475
5	2	2.045	0	0	-0.337
5	2	0.5371	1	1	1.837
5	2	3.26	1	1	-0.8475
5	2	1.777	0	1	1.938
5	2	3.734	0	0	1.647
5	2	1.597	1	1	0.4355
5	2	3.503	1	1	-0.4399
5	2	0.8449	1	0	-1.742
6	2	0.4924	0	1	0.3411
6	2	3.478	1	1	-0.4524
6	2	0.8045	0	1	-0.03451
6	2	1.082	0	1	0.6334
6	2	1.456	1	1	0.8127
6	2	1.262	0	1	0.1568
6	2	5.614	1	1	-0.3435
6	2	3.806	1	1	0.2947
6	2	1.77	0	0	0.1095
6	2	1.105	0	0	0.5317
6	2	0.6129	0	1	0.7771
6	2	0.5493	0	1	1.458
6	2	0.795	0	1	0.904
6	2	3.425	1	1	1.015
6	2	1.651	0	0	0.1729
6	2	5.021	1	1	1.273
6	2	1.012	1	1	-0.2082
6	2	0.6452	1	1	1.214
6	2	3.593	0	0	-0.05896
6	2	1.849	0	1	0.4121
6	2	0.5659	1	0	-0.2936
6	2	3.572	0	0	0.2659
6	2	1.941	1	1	0.8106
6	2	1.585	0	0	0.0122
6	2	0.4395	1	1	1.764
6	2	0.2894	1	1	-0.179
6	2	1.711	1	1	0.3732
6	2	5.337	1	1	-0.04855
6	2	0.2855	0	1	0.0125
6	2	1.652	0	0	0.5939
6	2	1.501	1	1	0.02991
6	2	4.931	1	0	-0.6566
6	2	0.5852	1	1	0.2538
6	2	3.727	0	0	0.5227
6	2	0.6667	1	1	-0.02534
6	2	0.7256	1	1	-0.02813
6	2	0.3922	1	0	1.248
6	2	1.54	1	1	0.07054
6	2	0.7092	0	0	1.993
6	2	3.945	0	0	1.016
6	2	5.379	1	1	0.05841
6	2	5.348	0	0	-3.693
6	2	5.417	1	1	0.7838
6	2	3.372	1	1	0.7693
6	2	0.5449	1	1	-0.6289
6	2	5.159	0	0	0.6246
6	2	5.521	0	0	-0.4306
7	2	5.293	1	1	0.5424
7	2	1.083	0	1	-0.7531
7	2	3.702	0	0	1.133
7	2	5.462	1	1	0.1515
7	2	5.283	1	1	0.1791
7	2	2.201	1	1	0.03996
7	2	3.992	1	1	-0.3677
7	2	0.3378	1	1	0.1496
7	2	2.071	0	1	0.1643
7	2	5.346	0	0	1.835
7	2	1.029	0	1	-0.4363
7	2	2.126	1	0	0.5238
7	2	5.548	0	0	0.8626
7	2	3.655	0	0	0.5183
7	2	1.531	0	0	-0.02737
7	2	0.8648	1	1	0.04388
7	2	0.809	0	0	-0.3194
7	2	0.5538	1	1	0.258
7	2	5.52	0	0	-0.133
7	2	3.536	1	1	-0.2569
7	2	1.832	0	0	-0.02026
7	2	3.854	1	1	0.3774
7	2	3.993	1	1	-0.508
7	2	0.5684	0	1	0.4274
7	2	5.35	0	0	1.074
7	2	2.028	1	1	-0.1696
7	2	0.2856	0	1	0.04096
7	2	0.7319	1	1	-0.01381
7	2	0.4252	1	1	0.06002
7	2	2.122	1	0	-0.1794
7	2	1.312	1	1	0.05537
7	2	0.5173	0	1	0.06372
7	2	5.241	0	0	0.7818
7	2	1.874	0	1	-0.911
7	2	3.575	1	1	-0.3092
7	2	0.9159	1	1	-0.2996
7	2	2.097	0	1	0.3109
7	2	0.6855	0	0	-0.5751
7	2	0.7429	1	1	0.1859
7	2	0.1382	0	1	0.2841
7	2	0.9761	1	1	-0.004566
7	2	5.596	1	1	0.04078
7	2	3.81	1	1	0.9204
7	2	3.812	0	0	-0.2463
7	2	3.812	0	1	0.01935
7	2	0.6128	1	1	0.0521
7	2	0.351	0	1	0.463
7	2	0.5602	0	1	1.037
7	2	5.601	0	0	0.4529
7	2	2.18	0	0	1.369
8	2	1.755	1	1	1.171
8	2	1.21	1	1	-0.05967
8	2	5.629	0	0	0.2076
8	2	5.419	0	0	-0.3652
8	2	0.3772	0	1	-0.205
8	2	0.503	1	0	0.5503
8	2	0.5995	0	1	-0.3458
8	2	0.3388	1	0	0.8482
8	2	1.702	1	1	-0.04493
8	2	5.842	0	0	-0.3007
8	2	0.213	0	1	-0.8257
8	2	1.761	1	1	0.1028
8	2	5.415	1	0	-0.5416
8	2	0.1606	1	1	-1.34
8	2	1.695	0	0	0.5197
8	2	3.686	1	0	0.7547
8	2	0.04144	1	1	0.564
8	2	2.154	1	1	-0.2185
8	2	1.765	1	1	-0.03123
8	2	0.7286	0	1	0.07907
8	2	2.058	1	1	-0.3763
8	2	4.947	1	1	0.3243
8	2	0.7296	0	1	0.8587
8	2	3.973	1	0	0.2189
8	2	5.461	0	0	1.808
8	2	3.725	0	0	-0.8941
8	2	5.461	0	0	1.322
8	2	0.6821	1	1	-0.4011
8	2	1.828	1	1	0.3654
8	2	1.669	1	1	-0.1283
8	2	3.735	1	1	-0.04374
8	2	0.3333	0	1	0.1871
8	2	5.705	0	0	0.4535
8	2	5.201	1	1	-0.133
8	2	3.344	0	0	0.6629
8	2	5.007	0	0	0.2643
8	2	1.026	1	1	-0.7218
8	2	3.894	0	0	1.023
8	2	0.8996	1	1	0.7215
8	2	0.931	0	1	0.5174
8	2	3.167	0	0	0.4054
8	2	0.8121	0	0	0.4601
8	2	1.881	0	0	-0.01968
8	2	3.863	0	1	-1.374
8	2	3.563	0	0	1.158
8	2	1.223	0	0	-1.336
8	2	3.914	1	0	0.5673
8	2	1.243	0	0	-0.9025
8	2	1.096	1	0	-0.004112
8	2	0.363	1	1	0.1775
9	2	3.811	0	0	0.8545
9	2	0.02332	1	0	-0.477
9	2	5.57	0	0	0.2927
9	2	5.605	0	1	-0.712
9	2	0.3636	1	0	-0.3196
9	2	0.6625	0	1	0.01439
9	2	3.645	0	0	-0.2467
9	2	5.428	0	0	-0.6712
9	2	0.2997	0	1	1.018
9	2	2.186	0	0	-1.428
9	2	5.64	1	1	-0.04065
9	2	0.5804	1	1	-0.309
9	2	5.443	0	0	0.848
9	2	0.5376	0	0	-0.5341
9	2	1.806	1	0	-0.2666
9	2	0.9913	1	1	-0.6487
9	2	3.383	1	0	0.6231
9	2	3.509	0	0	-0.465
9	2	1.69	1	1	0.4912
9	2	3.236	1	1	0.8598
9	2	1.063	0	0	2.152
9	2	5.449	1	1	0.02333
9	2	3.499	0	0	0.794
9	2	5.685	0	0	0.5722
9	2	3.418	1	1	0.01272
9	2	0.3814	0	1	1.028
9	2	4.003	1	0	-0.5747
9	2	0.5815	1	1	1.123
9	2	0.58	1	1	-0.48
9	2	5.037	0	0	-0.8767
9	2	0.8815	1	1	-0.3013
9	2	0.8515	1	1	1.838
9	2	0.9081	1	1	-1.326
9	2	5.547	1	1	-1.15
9	2	1.863	1	1	0.1484
9	2	0.7185	0	1	2.318
9	2	0.1553	0	0	0.4965
9	2	1.857	0	0	-0.7693
9	2	0.7046	0	1	-0.7837
9	2	3.409	1	1	-0.9467
9	2	5.646	1	1	0.3281
9	2	0.5565	0	1	0.2502
9	2	1.745	1	1	-0.4897
9	2	0.6491	0	0	-0.5847
9	2	1.861	1	1	-1.488
9	2	2.188	0	0	-1.603
9	2	0.6344	0	1	0.05348
9	2	1.69	0	0	-0.2199
9	2	1.962	1	1	-1.315
9	2	3.551	1	1	0.8118
10	3	0.9442	0	0	0.5075
10	3	5.48	0	0	-0.4223
10	3	0.7577	0	1	-0.05894
10	3	5.66	1	1	1.353
10	3	3.991	1	1	-0.05396
10	3	0.4244	1	1	0.04611
10	3	1.866	1	1	0.8851
10	3	3.511	0	0	-4.477
10	3	1.725	0	0	-0.2615
10	3	0.5565	1	1	-0.2734
10	3	5.105	0	0	-0.4088
10	3	1.802	1	1	0.5915
10	3	0.6811	0	0	0.4294
10	3	5.215	0	0	-1.13
10	3	0.9331	1	1	0.7787
10	3	5.255	1	1	0.3344
10	3	3.872	1	1	0.4333
10	3	1.606	1	1	0.8151
10	3	1.581	1	0	0.8417
10	3	0.2101	0	0	0.5126
10	3	0.3788	1	1	0.07682
10	3	3.74	1	1	0.4468
10	3	5.436	1	1	0.1801
10	3	3.574	1	1	0.5176
10	3	0.816	0	0	0.7934
10	3	5.299	0	0	0.2927
10	3	5.395	0	0	0.5305
10	3	5.448	1	1	-0.4238
10	3	0.4255	0	0	0.6028
10	3	1.75	0	0	-2.001
10	3	1.058	0	0	0.05361
10	3	0.3992	0	0	0.8512
10	3	0.6173	1	0	0.7469
10	3	0.6675	0	1	0.9309
10	3	1.08	1	0	-0.9179
10	3	0.3743	1	0	-1.088
10	3	1.905	0	0	0.8966
10	3	1.022	1	1	1.409
10	3	3.084	1	1	-0.5633
10	3	0.9466	0	0	0.1345
10	3	3.354	1	1	-0.8642
10	3	0.4407	1	1	-0.703
10	3	3.477	0	0	0.508
10	3	5.546	1	1	0.4859
10	3	3.553	0	0	-0.2578
10	3	1.561	0	0	0.9453
10	3	0.8533	1	0	0.5945
10	3	1.968	0	1	3.107
10	3	3.454	0	0	1.225
10	3	1.53	0	1	-4.833
11	3	0.5127	1	1	6.876
11	3	1.044	1	1	0.5144
11	3	5.296	1	1	-0.8692
11	3	3.615	0	0	0.8959
11	3	1.657	0	0	0.2765
11	3	1.76	0	0	0.1355
11	3	0.8078	0	0	0.791
11	3	3.793	0	0	-0.1156
11	3	0.5919	0	0	-2.667
11	3	1.946	1	1	-0.9426
11	3	1.618	1	1	-0.4981
11	3	1.6	1	1	0.1408
11	3	0.8821	0	0	0.04334
11	3	5.61	1	1	0.4019
11	3	0.5705	1	1	-0.3058
11	3	5.251	0	0	0.02942
11	3	1.458	1	1	0.8177
11	3	0.8152	0	1	-0.4841
11	3	0.06241	1	1	-0.1081
11	3	5.607	1	1	-0.2233
11	3	5.341	0	0	0.112
11	3	3.509	1	1	0.164
11	3	0.8888	0	0	0.3714
11	3	3.921	0	0	-0.7365
11	3	1.715	0	1	0.3771
11	3	1.021	1	0	-0.0672
11	3	5.469	1	1	-0.2181
11	3	3.417	1	1	0.4328
11	3	1.172	0	0	-3.817
11	3	0.5706	1	1	-0.5675
11	3	0.9557	1	1	-0.537
11	3	0.4706	0	1	1.437
11	3	3.786	1	1	0.8781
11	3	3.555	0	0	0.4872
11	3	5.157	0	0	-5.055
11	3	0.9823	1	1	0.6023
11	3	0.2357	1	1	-1.076
11	3	5.491	1	1	1.001
11	3	0.2319	0	1	0.3234
11	3	0.6339	1	1	-0.1469
11	3	3.866	0	0	0.3446
11	3	3.378	0	0	-0.5242
11	3	1.031	0	0	-0.583
11	3	1.811	1	1	0.1272
11	3	1.866	1	1	1.848
11	3	0.8582	1	1	-0.1817
11	3	5.149	0	0	-0.01114
11	3	3.439	0	0	0.1489
11	3	5.451	0	0	-0.08651
11	3	1.804	0	1	0.6217
12	3	5.372	0	0	-0.5665
12	3	1.104	0	1	0.3313
12	3	1.418	1	1	-0.03892
12	3	3.596	1	1	0.3318
12	3	3.416	1	1	-0.3045
12	3	1.232	0	1	0.5632
12	3	5.16	0	0	0.1195
12	3	3.36	1	1	0.07859
12	3	3.857	1	1	0.005777
12	3	0.814	0	1	-0.03923
12	3	5.536	1	1	-0.29
12	3	1.101	1	1	-0.3696
12	3	0.3222	1	0	0.941
12	3	1.584	1	1	-0.01254
12	3	3.754	0	0	0.6527
12	3	0.9876	0	0	-0.1837
12	3	2.29	1	1	0.4719
12	3	5.44	0	0	-0.6151
12	3	0.2371	0	0	-1.176
12	3	3.684	1	1	0.04496
12	3	5.494	1	1	0.2885
12	3	5.16	0	0	-2.457
12	3	5.439	0	0	0.6406
12	3	3.694	1	1	-0.2087
12	3	0.364	1	0	0.5891
12	3	4.97	1	1	-0.08401
12	3	0.9533	1	1	-0.04943
12	3	1.643	1	0	-0.363
12	3	0.7677	0	1	0.3748
12	3	5.343	0	1	0.3399
12	3	5.773	1	1	1.004
12	3	1.793	0	0	-2.243
12	3	1.085	0	1	-0.4788
12	3	0.1566	1	1	-0.2895
12	3	1.81	1	1	-1.34
12	3	3.991	1	1	1.45
12	3	3.842	0	0	0.4554
12	3	0.423	0	1	-0.04981
12	3	1.044	0	0	0.8737
12	3	0.7263	1	1	0.3385
12	3	1	0	0	0.05277
12	3	2.023	0	0	1.352
12	3	0.6627	1	0	0.3887
12	3	3.686	1	1	-0.7287
12	3	0.965	0	1	-0.2388
12	3	1.482	1	1	-0.07963
12	3	1.118	0	1	0.3889
12	3	2.013	1	1	-0.254
12	3	0.6256	0	1	-1.6
12	3	1.376	0	0	-0.06672
13	3	5.443	1	1	-0.3485
13	3	3.482	1	1	-0.6936
13	3	0.7171	1	1	-1.01
13	3	0.09547	0	0	-1.568
13	3	1.831	0	1	-0.3301
13	3	5.479	0	0	0.4038
13	3	1.92	1	1	-0.307
13	3	1.531	0	1	-0.3929
13	3	0.4881	0	1	-0.1475
13	3	1.094	1	1	-0.2237
13	3	0.4685	1	1	-0.3178
13	3	1.683	0	0	-0.03023
13	3	3.765	0	0	-1.406
13	3	3.508	1	1	0.1773
13	3	3.493	0	0	0.4548
13	3	3.738	0	0	-0.3161
13	3	0.8462	0	0	-0.7957
13	3	5.107	1	0	-0.1106
13	3	0.7369	0	1	1.267
13	3	0.2266	1	1	-0.2791
13	3	2	0	0	-0.9818
13	3	1.799	0	0	0.3126
13	3	0.3015	0	1	-0.2138
13	3	2.007	1	1	-2.2
13	3	5.205	1	1	-1.242
13	3	3.706	0	0	-0.6627
13	3	0.7932	1	1	-0.2535
13	3	0.7955	1	1	0.7323
13	3	3.391	0	0	-0.6355
13	3	5.154	1	1	-0.5118
13	3	3.522	1	1	0.1179
13	3	5.28	1	1	-0.965
13	3	0.4908	0	1	0.07729
13	3	1.605	0	0	-0.7948
13	3	5.588	1	1	0.5415
13	3	5.446	0	0	-0.08942
13	3	0.2061	0	1	-0.051
13	3	0.493	1	1	-1.121
13	3	0.8913	1	1	-2.243
13	3	0.7054	1	0	1.254
13	3	1.037	1	1	-0.2807
13	3	0.9167	0	0	-2.56
13	3	5.497	0	0	-0.794
13	3	0.8529	1	0	0.4461
13	3	3.244	1	1	-1.006
13	3	1.851	1	1	1.909
13	3	1.911	0	0	-0.0689
13	3	5.65	0	0	-0.9724
13	3	3.59	1	0	0.2097
13	3	0.3545	1	1	-0.4357
14	3	1.77	1	1	0.06873
14	3	5.244	1	1	0.5917
14	3	2.254	0	0	-0.3607
14	3	5.588	1	1	-1.197
14	3	3.159	0	0	-0.9707
14	3	3.608	1	1	0.5429
14	3	3.468	1	1	0.04994
14	3	5.618	1	1	-0.008182
14	3	5.227	0	0	0.2626
14	3	0.6367	1	0	0.6049
14	3	0.4987	0	1	1.08
14	3	1.017	0	0	-0.8334
14	3	1.819	0	1	-0.334
14	3	5.502	0	0	-1.091
14	3	0.8888	1	1	-1.101
14	3	5.486	0	0	0.1122
14	3	1.025	0	1	-0.1232
14	3	0.4841	0	0	-0.6498
14	3	3.636	1	1	-1.395
14	3	5.177	1	0	-1.035
14	3	3.043	1	1	0.6879
14	3	1.862	0	0	-0.4327
14	3	5.199	1	1	-2.665
14	3	5.305	0	0	1.248
14	3	3.249	1	1	0.5027
14	3	0.7139	0	1	0.1004
14	3	3.601	0	0	-1.135
14	3	1.667	1	1	-0.04388
14	3	2.03	1	0	-0.2515
14	3	0.5539	1	1	-0.9733
14	3	0.06535	0	1	0.491
14	3	0.8169	0	0	0.2251
14	3	1.784	0	0	-0.2605
14	3	0.8372	1	1	1.715
14	3	0.427	0	1	-0.3748
14	3	5.538	0	0	-0.5714
14	3	0.2156	0	1	-0.2337
14	3	1.042	0	0	0.07046
14	3	0.4962	0	1	-0.1077
14	3	3.444	1	1	-1.73
14	3	0.1669	1	1	-0.8436
14	3	1.655	0	0	0.8776
14	3	3.463	0	0	1.739
14	3	0.9909	1	1	-0.3374
14	3	0.4524	0	0	-0.7436
14	3	3.554	0	0	1.335
14	3	0.9704	1	1	0.2902
14	3	0.5469	1	1	-0.6707
14	3	1.504	1	0	0.2513
14	3	2.158	1	1	0.5659
15	3	0.6457	1	0	-0.4296
15	3	1.03	0	1	0.8245
15	3	0.6193	0	0	-0.2391
15	3	0.8043	0	0	0.2035
15	3	0.6137	1	1	-2.261
15	3	3.713	1	1	-1.472
15	3	3.638	1	1	0.4743
15	3	0.7446	0	0	0.5424
15	3	0.596	0	1	0.5257
15	3	1.763	1	1	0.001006
15	3	0.4764	1	1	-0.4944
15	3	0.08752	0	1	0.1526
15	3	1.702	0	0	0.1572
15	3	0.4773	0	0	0.1708
15	3	5.214	1	1	-0.1615
15	3	5.323	1	1	0.4742
15	3	0.5559	1	1	-0.001314
15	3	1.899	0	0	-2.402
15	3	5.185	0	0	-0.04701
15	3	3.799	1	1	-0.3957
15	3	1.926	1	1	-0.3574
15	3	5.379	0	0	-0.2347
15	3	3.696	1	1	-0.2707
15	3	5.428	1	1	-0.6361
15	3	1.022	1	1	-1.107
15	3	3.489	0	0	-1.2
15	3	3.476	0	0	0.6512
15	3	1.167	1	0	0.3142
15	3	5.512	1	1	-0.5213
15	3	0.9322	1	1	-0.07453
15	3	1.644	0	0	0.6063
15	3	3.531	1	1	-1.92
15	3	1.859	0	0	-2.422
15	3	0.7346	1	1	-0.7137
15	3	5.146	0	0	-1.141
15	3	5.502	0	0	0.03729
15	3	0.6074	0	1	-0.6673
15	3	1.969	1	1	0.09646
15	3	1.438	0	1	0.07762
15	3	1.574	0	0	-0.9854
15	3	3.534	1	1	-0.3543
15	3	5.404	0	0	0.2044
15	3	0.1371	0	1	0.4386
15	3	1.107	0	1	0.5078
15	3	0.8854	1	1	-0.6987
15	3	1.872	0	0	-0.6828
15	3	3.724	0	0	-0.3802
15	3	5.591	1	1	0.8078
15	3	0.386	1	1	-0.1057
15	3	3.304	0	0	0.281
16	3	1.576	0	0	0.7836
16	3	3.543	1	1	-0.9418
16	3	0.1527	0	1	-1.597
16	3	0.3156	0	1	0.5348
16	3	1.857	1	1	0.1798
16	3	0.5799	1	1	-0.07694
16	3	0.7492	0	1	0.535
16	3	1.182	0	1	0.4484
16	3	0.3189	0	1	0.465
16	3	0.7787	0	0	0.2161
16	3	5.384	0	0	0.8956
16	3	5.756	0	0	-0.1097
16	3	0.9861	1	1	0.4623
16	3	1.805	1	0	-0.1818
16	3	5.369	1	1	0.5743
16	3	3.669	1	1	-3.026
16	3	1.022	0	1	0.2767
16	3	0.5379	1	0	0.4838
16	3	0.8528	1	1	-0.168
16	3	2.205	0	0	-0.758
16	3	1.136	0	1	0.04479
16	3	0.3632	0	0	-0.1034
16	3	0.9175	1	1	-0.4829
16	3	1.895	0	0	-0.08105
16	3	5.76	1	1	0.3309
16	3	3.327	0	0	0.3245
16	3	3.737	1	1	-0.3991
16	3	0.7469	1	1	-0.1207
16	3	1.777	0	0	-0.2476
16	3	1.876	0	0	-1.088
16	3	3.254	1	1	0.1835
16	3	1.967	1	1	0.4651
16	3	5.09	1	1	0.3628
16	3	0.6132	1	0	2.514
16	3	3.585	0	0	2.224
16	3	1.723	1	1	0.2769
16	3	5.273	1	1	-0.3731
16	3	0.1053	0	1	0.4269
16	3	5.805	0	0	0.7615
16	3	3.726	0	0	1.328
16	3	5.351	0	0	0.595
16	3	5.216	1	1	-0.09129
16	3	0.5276	0	1	0.01715
16	3	3.746	1	1	-0.6595
16	3	0.9867	1	1	1.016
16	3	5.099	1	1	-0.4044
16	3	3.695	0	0	0.59
16	3	1.578	0	0	1.538
16	3	0.5418	1	1	-0.9757
16	3	3.508	0	0	0.506
17	3	3.477	0	0	-0.2056
17	3	3.729	0	0	-0.08221
17	3	1.002	0	1	0.2335
17	3	1.866	0	1	0.2245
17	3	2.076	0	1	0.2527
17	3	3.528	0	0	0.07496
17	3	0.2477	1	1	-0.8372
17	3	5.612	1	1	-0.5507
17	3	5.201	0	0	-1.155
17	3	0.9615	1	1	0.4004
17	3	3.754	0	0	-1.281
17	3	5.541	1	1	-0.6403
17	3	1.852	1	1	-0.9078
17	3	3.537	1	1	-0.358
17	3	0.321	1	1	-0.001762
17	3	0.3361	1	1	-0.3016
17	3	0.7717	1	0	-0.2492
17	3	5.357	0	0	-0.4172
17	3	3.689	0	0	-0.5444
17	3	0.6239	1	1	-0.9142
17	3	0.5997	1	1	0.4499
17	3	0.9053	1	0	-0.223
17	3	3.634	1	1	0.02404
17	3	0.9775	0	1	0.1794
17	3	1.654	0	0	-0.182
17	3	1.904	1	1	0.06561
17	3	5.424	0	0	1.154
17	3	0.5611	1	1	0.09801
17	3	0.01788	0	1	0.8142
17	3	0.5943	0	0	-0.09319
17	3	2.025	1	1	0.2592
17	3	1.534	0	0	0.02491
17	3	0.8844	0	0	0.2688
17	3	1.858	0	0	-0.6525
17	3	0.2732	0	1	-0.3944
17	3	0.9249	1	1	-0.2906
17	3	3.655	0	0	-0.4884
17	3	0.8107	0	1	0.1099
17	3	5.654	0	0	-0.8694
17	3	3.642	1	1	0.8408
17	3	3.673	1	1	0.5831
17	3	5.166	0	0	-1.834
17	3	1.652	1	0	1.878
17	3	0.6793	0	0	-0.6443
17	3	0.3272	1	1	-1.775
17	3	5.234	0	0	-1.577
17	3	1.102	1	1	-1.036
17	3	1.766	1	0	-2.728
17	3	5.574	0	0	0.4028
17	3	5.249	0	0	0.8703
18	3	1.196	1	1	0.4494
18	3	1.737	0	0	-0.5232
18	3	3.652	0	1	-0.01933
18	3	3.43	1	0	-2.899
18	3	0.5192	0	1	-0.5812
18	3	0.7643	1	0	-0.2332
18	3	3.375	0	0	1.888
18	3	1.738	0	0	-0.09913
18	3	0.8781	1	0	-0.4404
18	3	1.11	1	1	-0.867
18	3	0.3784	0	0	-0.8246
18	3	5.228	1	1	-0.06452
18	3	1.152	0	0	-0.3255
18	3	1.478	0	0	0.2186
18	3	0.8226	1	1	-0.4694
18	3	5.231	1	1	-0.1336
18	3	3.653	1	1	0.08965
18	3	3.646	1	1	-0.03299
18	3	0.4768	1	0	0.2349
18	3	0.177	0	0	0.04301
18	3	3.578	1	1	0.07004
18	3	1.911	0	0	-1.949
18	3	0.4209	0	1	-0.8853
18	3	0.7518	0	1	-0.2878
18	3	1.592	0	0	1.667
18	3	0.3157	0	1	-1.794
18	3	2.06	1	1	-0.2196
18	3	1.865	1	1	-0.4645
18	3	0.9233	0	1	0.5993
18	3	5.374	0	0	0.6158
18	3	1.743	0	0	0.362
18	3	1.149	1	1	0.315
18	3	0.468	0	1	-0.1298
18	3	5.234	0	0	0.7302
18	3	2.312	0	0	0.2339
18	3	5.001	1	1	-0.5063
18	3	3.834	0	0	0.7899
18	3	5.915	1	1	-2.644
18	3	0.7896	1	0	-1.1
18	3	5.453	1	1	-0.7663
18	3	3.64	0	0	1.404
18	3	1.73	1	1	0.5822
18	3	1.031	1	1	-0.3008
18	3	5.49	1	1	-1.66
18	3	3.438	1	1	-0.2062
18	3	5.371	0	0	0.674
18	3	0.335	0	1	-0.1981
18	3	0.1859	0	0	0.08519
18	3	5.75	1	1	-0.5336
18	3	3.536	0	0	-0.2179
19	3	0.9899	1	1	-0.1971
19	3	0.8231	0	1	-0.04094
19	3	3.54	1	1	0.5873
19	3	0.8542	0	1	-3.077
19	3	3.629	1	1	-0.3558
19	3	1.497	1	1	0.5318
19	3	5.074	0	0	1.405
19	3	5.355	0	0	1.018
19	3	5.595	0	0	0.7053
19	3	0.9152	0	1	-0.5202
19	3	0.4446	0	0	0.7726
19	3	0.6173	0	1	-0.5594
19	3	3.296	1	1	-0.05473
19	3	0.4823	1	1	-0.03257
19	3	0.6965	0	1	-0.9256
19	3	3.665	1	1	0.02823
19	3	0.6895	1	1	-0.1393
19	3	0.3987	1	0	1.778
19	3	5.286	1	1	0.3827
19	3	0.5367	0	1	-0.3965
19	3	1.63	1	0	1.581
19	3	1.025	0	0	0.229
19	3	3.302	0	0	-0.05146
19	3	0.9087	0	1	-1.232
19	3	5.39	1	0	-0.4084
19	3	1.741	1	1	0.7748
19	3	1.888	0	0	-0.3648
19	3	5.23	0	0	-3.96
19	3	0.2842	0	1	-0.1563
19	3	2.193	0	0	-0.584
19	3	3.639	1	1	-0.9981
19	3	1.032	1	1	-0.02677
19	3	0.7398	1	1	-1.231
19	3	5.231	1	1	1
19	3	3.809	0	0	0.6886
19	3	1.63	0	1	1.039
19	3	5.419	1	1	0.1001
19	3	3.485	0	0	-0.8167
19	3	1.805	1	1	0.6292
19	3	0.5023	0	1	-0.03028
19	3	0.784	1	0	-2.136
19	3	5.326	1	1	0.4529
19	3	3.486	1	1	0.59
19	3	1.989	1	1	-0.1088
19	3	5.561	1	1	-0.2562
19	3	0.4274	0	0	-0.4711
19	3	0.8537	1	1	0.8906
19	3	3.692	0	0	0.2328
19	3	1.791	0	0	-0.1077
19	3	1.59	0	1	-0.959
20	4	5.511	0	0	-8.473
20	4	0.08727	0	1	-0.8678
20	4	0.7943	1	0	-1.006
20	4	0.9494	0	1	-2.421
20	4	1.21	1	1	0.2661
20	4	3.518	0	1	-0.2398
20	4	0.5157	1	1	-0.6623
20	4	1.471	1	1	0.3804
20	4	0.8671	0	1	0.5884
20	4	3.634	1	1	0.3914
20	4	0.7305	0	1	0.1121
20	4	3.674	0	0	-0.2211
20	4	3.582	1	1	-0.445
20	4	1.721	0	0	-0.1609
20	4	5.157	0	0	-0.722
20	4	5.298	1	1	-0.171
20	4	1.481	0	0	-0.2253
20	4	0.8665	1	1	0.3006
20	4	0.5546	0	0	-0.02285
20	4	0.4022	0	1	-0.2728
20	4	3.636	0	0	0.5027
20	4	1.849	0	0	0.04661
20	4	0.6013	0	0	0.03382
20	4	0.4827	0	0	0.3114
20	4	3.793	0	0	-2.628
20	4	0.4997	0	0	-1.492
20	4	3.395	1	1	-0.2446
20	4	1.916	1	1	0.7345
20	4	3.495	1	1	-1.472
20	4	0.8483	1	1	0.3935
20	4	1.766	1	1	-1.582
20	4	1.026	0	1	0.7198
20	4	0.6992	1	0	-0.9349
20	4	0.9566	1	1	0.3568
20	4	3.602	1	1	-1.523
20	4	1.743	1	1	-1.186
20	4	1.985	0	0	-0.1134
20	4	5.453	1	1	0.1697
20	4	5.315	0	0	0.4813
20	4	5.346	1	1	-0.101
20	4	0.4236	1	1	0.03524
20	4	0.2686	1	1	-0.3603
20	4	5.494	0	0	-0.2809
20	4	0.5936	1	1	0.0959
20	4	4.715	0	0	1.449
20	4	4.039	0	1	-0.8675
20	4	2.033	0	0	0.1501
20	4	5.45	1	1	-0.8306
20	4	1.022	1	1	-0.7161
20	4	5.868	1	1	-1.358
21	4	1.944	1	1	0.1268
21	4	0.393	1	0	-0.3734
21	4	3.474	0	0	-0.6837
21	4	1.839	1	1	0.4021
21	4	3.299	0	0	0.7151
21	4	1.107	1	1	0.6468
21	4	3.824	0	0	0.1786
21	4	0.9854	1	1	-0.5836
21	4	0.6392	0	1	0.1155
21	4	0.1921	1	0	-0.2202
21	4	0.9191	0	1	0.4906
21	4	1.801	0	0	0.0465
21	4	5.409	1	1	-1.543
21	4	4.013	1	1	-1.556
21	4	5.649	1	1	0.06892
21	4	5.496	1	1	-1.36
21	4	3.767	1	1	-0.8782
21	4	5.338	1	1	0.4317
21	4	0.7651	0	0	1.015
21	4	5.294	0	0	0.03186
21	4	3.657	1	1	-0.5181
21	4	5.204	0	0	0.422
21	4	0.574	1	0	-0.2554
21	4	3.526	1	1	0.2964
21	4	3.597	1	1	0.5686
21	4	3.561	1	0	-1.343
21	4	0.5178	0	1	-0.5675
21	4	0.6416	0	1	0.3751
21	4	0.6352	0	0	0.1183
21	4	2.131	1	1	-2.28
21	4	3.586	0	0	0.9673
21	4	0.633	0	0	-0.8748
21	4	0.9345	0	0	-0.5551
21	4	0.9794	0	0	-0.04377
21	4	0.4177	0	0	-0.7018
21	4	1.72	0	1	-1.029
21	4	1.846	0	0	-1.285
21	4	5.282	0	0	-1.318
21	4	1.965	1	1	-0.001237
21	4	1.058	1	1	-0.06288
21	4	5.249	0	0	-0.9665
21	4	1.784	1	0	0.05527
21	4	0.3831	1	1	-1.17
21	4	0.9936	0	0	-0.2446
21	4	1.718	0	0	-0.01615
21	4	5.087	0	0	1.04
21	4	1.485	1	1	0.2057
21	4	0.268	0	0	-2.366
21	4	0.7764	1	1	-0.0677
21	4	5.32	1	1	0.3837
22	4	1.842	0	0	0.401
22	4	0.7133	1	1	0.4332
22	4	5.539	0	0	0.9614
22	4	0.2427	1	1	0.5508
22	4	3.487	1	1	1.471
22	4	0.5818	1	1	-1.39
22	4	1.515	1	1	0.3727
22	4	5.618	0	0	-0.716
22	4	5.628	0	0	-0.05206
22	4	3.622	1	1	0.4232
22	4	3.369	0	0	-0.2387
22	4	0.1922	0	0	1.177
22	4	2.091	1	1	-0.2245
22	4	1.669	0	0	-2.763
22	4	1.537	0	0	-0.4518
22	4	5.581	0	1	0.5656
22	4	5.484	0	0	-0.3155
22	4	1.716	1	1	0.1475
22	4	1.71	1	1	-0.6112
22	4	3.546	1	1	-0.971
22	4	0.498	1	1	0.9789
22	4	3.729	1	1	-0.04816
22	4	1.824	0	1	0.1023
22	4	0.9827	1	1	-0.4537
22	4	1.56	1	1	0.09348
22	4	1.044	0	0	1.362
22	4	0.363	1	1	0.3505
22	4	3.976	0	0	0.4652
22	4	3.857	0	0	0.446
22	4	0.3206	1	1	5.148
22	4	0.5951	1	1	-0.06773
22	4	5.899	0	0	-0.3992
22	4	3.42	1	1	1.068
22	4	0.8016	0	0	0.4914
22	4	1.816	0	1	1.308
22	4	4.981	1	1	-0.5037
22	4	3.481	1	1	0.4237
22	4	0.9196	0	1	1.453
22	4	0.7545	0	1	0.5211
22	4	3.522	1	1	0.495
22	4	0.4917	1	0	-0.4725
22	4	0.3062	1	1	1.287
22	4	1.685	0	0	-0.2274
22	4	0.6655	0	0	1.679
22	4	5.432	0	0	-1.757
22	4	5.65	1	1	0.6733
22	4	5.001	1	1	-0.3116
22	4	0.8104	0	0	1.65
22	4	0.3753	0	1	1.053
22	4	0.8805	0	1	0.1474
23	4	0.9473	0	0	0.6829
23	4	3.402	1	1	0.3479
23	4	1.9	0	0	-0.3586
23	4	3.248	0	0	0.3517
23	4	1.69	1	1	0.3791
23	4	2.024	1	1	0.3762
23	4	1.934	0	0	0.07504
23	4	5.514	1	1	0.3147
23	4	0.4279	0	1	0.201
23	4	5.605	1	1	-0.1167
23	4	1.074	1	1	0.9031
23	4	1.076	1	0	0.1874
23	4	0.91	0	0	-0.9345
23	4	5.534	1	1	0.7488
23	4	0.5984	1	0	0.1312
23	4	0.6785	0	1	-0.3594
23	4	1.862	0	0	0.09729
23	4	3.721	1	1	0.4721
23	4	5.281	1	1	0.7426
23	4	5.385	0	0	0.1142
23	4	1.051	0	0	0.4393
23	4	1.452	1	1	0.165
23	4	0.5219	1	1	-1.362
23	4	1.058	1	0	0.8888
23	4	3.509	0	0	-0.2138
23	4	0.6181	0	0	-0.9319
23	4	3.235	0	1	-0.1428
23	4	2.183	0	0	-0.01824
23	4	0.6038	1	1	-0.06904
23	4	3.593	0	0	-0.5391
23	4	1.664	0	0	-0.2593
23	4	1.982	1	1	1.401
23	4	0.9359	1	0	1.148
23	4	5.6	1	1	0.5512
23	4	3.695	0	0	0.3555
23	4	3.822	0	0	-0.3991
23	4	1.806	0	0	-0.162
23	4	0.02196	1	1	-0.82
23	4	5.611	0	0	1.076
23	4	3.826	0	1	0.302
23	4	5.902	1	1	0.3513
23	4	0.5266	0	1	0.8718
23	4	0.5067	0	0	0.2537
23	4	0.8817	1	0	0.667
23	4	0.3935	0	1	0.9794
23	4	3.788	1	1	0.6067
23	4	1.113	1	1	-0.001193
23	4	5.684	0	0	0.5257
23	4	5.631	1	1	0.7578
23	4	0.8169	1	0	-0.4176
24	4	0.3626	1	1	-0.261
24	4	1.811	0	0	0.04129
24	4	0.5571	0	1	0.4735
24	4	3.774	1	1	0.01398
24	4	0.7348	0	1	0.1931
24	4	3.412	1	1	0.2378
24	4	0.9162	1	0	0.5423
24	4	3.682	0	0	0.4356
24	4	1.918	1	1	0.1667
24	4	5.289	1	1	-0.3842
24	4	5.542	1	1	0.2374
24	4	0.04572	0	1	0.4923
24	4	5.547	0	0	0.1916
24	4	4.956	0	0	0.3268
24	4	3.906	0	0	-0.5083
24	4	0.6129	1	1	0.1744
24	4	0.7183	1	1	0.2387
24	4	2.065	1	1	-0.211
24	4	3.658	1	1	0.5444
24	4	5.188	1	1	0.7982
24	4	0.7805	0	0	4.781
24	4	5.066	0	0	0.2098
24	4	3.791	1	1	0.451
24	4	4.982	1	1	-0.7308
24	4	0.828	0	1	0.7356
24	4	5.125	1	1	0.009403
24	4	1.948	1	1	0.02465
24	4	0.8903	1	1	-0.02243
24	4	3.692	0	0	-0.1255
24	4	5.44	0	0	-1.516
24	4	0.2798	0	1	0.5932
24	4	1.227	0	0	0.1041
24	4	1.714	0	0	-1.271
24	4	2.067	1	1	-2.139
24	4	1.022	0	0	0.5947
24	4	3.397	0	0	-0.1149
24	4	2.043	1	1	1.186
24	4	3.679	1	1	0.2441
24	4	0.1708	0	1	0.6425
24	4	0.5205	0	1	0.8614
24	4	5.344	1	1	-0.5218
24	4	1.566	1	1	-0.1705
24	4	0.7196	1	0	0.2661
24	4	1.345	0	1	0.4299
24	4	0.9282	1	1	-0.7645
24	4	3.342	0	0	1.077
24	4	1.458	0	1	1.672
24	4	1.775	1	0	0.5967
24	4	0.6395	0	1	0.3542
24	4	0.9308	1	1	-0.328
25	4	1.801	0	0	0.07913
25	4	1.051	0	0	0.08137
25	4	0.958	1	1	0.7752
25	4	0.3653	0	1	-11.72
25	4	0.9476	0	1	1.046
25	4	0.6525	0	0	0.1808
25	4	5.371	0	0	0.5543
25	4	5.835	1	1	1.041
25	4	1.915	1	1	0.5973
25	4	5.307	0	0	-0.1691
25	4	3.662	0	0	1.77
25	4	5.349	0	0	0.5461
25	4	1.803	0	1	-0.1526
25	4	0.2476	1	1	0.5344
25	4	0.6513	1	0	0.8542
25	4	3.761	0	0	0.159
25	4	1.922	0	0	-1.212
25	4	1.061	1	1	-1.508
25	4	0.6139	1	1	0.6445
25	4	1.586	1	1	1.185
25	4	5.194	0	0	1.06
25	4	0.2293	0	0	1.426
25	4	0.9908	0	1	-0.589
25	4	0.8243	1	1	1.032
25	4	3.742	0	0	1.113
25	4	0.7541	1	1	1.639
25	4	1.744	1	1	-0.706
25	4	0.643	0	0	0.06388
25	4	3.455	1	1	-0.4573
25	4	5.367	0	0	0.08497
25	4	2.03	1	1	0.8018
25	4	5.202	1	1	-1.272
25	4	3.377	0	0	-0.1095
25	4	1.377	1	1	-1.483
25	4	4.124	1	1	-5.648
25	4	5.227	0	0	0.275
25	4	0.2271	1	1	0.9523
25	4	1.807	1	1	0.7597
25	4	1.966	1	1	0.7088
25	4	0.3642	1	0	1.131
25	4	1.613	1	1	0.7625
25	4	0.06379	0	0	-0.4099
25	4	3.637	1	1	0.5188
25	4	3.484	0	0	-0.7071
25	4	3.56	1	1	0.4043
25	4	3.446	0	0	0.6541
25	4	0.9902	0	0	-0.05233
25	4	5.62	1	1	-4.757
25	4	5.47	1	1	0.5549
25	4	1.086	1	1	-0.6618
26	4	1.785	1	1	0.6731
26	4	0.5547	1	1	-0.09743
26	4	1.12	1	1	-0.2541
26	4	1.944	0	0	1.05
26	4	0.8696	1	1	0.4262
26	4	4.832	1	1	0.1339
26	4	3.316	1	1	-1.097
26	4	0.3337	1	0	0.8611
26	4	4.033	1	1	-1.347
26	4	0.5178	0	1	0.2286
26	4	1.577	1	0	-0.2208
26	4	1.601	1	0	-0.04719
26	4	0.2998	1	1	0.5444
26	4	0.5138	0	1	-0.7499
26	4	5.769	1	1	-0.3689
26	4	1.845	0	1	0.3401
26	4	0.9926	1	0	-0.3783
26	4	1.448	0	0	-0.435
26	4	2.113	1	1	-0.694
26	4	1.072	0	0	0.5871
26	4	0.8536	0	0	0.3435
26	4	0.8149	0	0	0.2
26	4	5.108	1	1	-0.2624
26	4	0.5725	1	0	0.8211
26	4	0.6074	0	1	-0.2961
26	4	0.3552	0	0	-0.07964
26	4	1.03	0	0	0.4976
26	4	3.651	0	0	0.8429
26	4	5.025	1	1	1.497
26	4	3.761	0	0	0.9841
26	4	5.383	0	0	-2.146
26	4	3.333	1	1	0.02069
26	4	3.57	1	1	-0.7039
26	4	5.209	0	0	-0.1671
26	4	0.5606	1	1	-0.1045
26	4	0.6099	1	0	-0.1677
26	4	2.283	1	1	0.3063
26	4	1.76	1	1	0.1322
26	4	5.07	0	0	-0.1093
26	4	5.309	0	0	-1.239
26	4	3.376	1	1	0.3793
26	4	0.8585	0	1	0.3081
26	4	0.5891	0	0	0.4502
26	4	0.6777	0	1	0.8284
26	4	3.543	0	0	0.781
26	4	3.596	1	1	-2.419
26	4	5.274	0	0	1.354
26	4	3.748	0	0	0.788
26	4	1.716	1	1	0.4978
26	4	5.513	0	0	-0.7771
27	4	1.62	1	1	0.1529
27	4	0.3106	0	1	0.171
27	4	1.055	1	1	-0.3013
27	4	2.137	1	1	0.5554
27	4	1.13	0	1	-0.03459
27	4	0.4272	1	0	0.1597
27	4	3.666	1	1	-0.724
27	4	5.55	1	1	0.8085
27	4	3.262	1	1	0.5046
27	4	0.6074	0	0	0.5925
27	4	0.7907	1	1	-0.3372
27	4	4.957	0	0	-0.965
27	4	0.9178	0	0	-0.2706
27	4	1.525	1	0	1.155
27	4	1.671	1	1	-0.4563
27	4	1.964	1	0	0.3918
27	4	0.837	0	0	-0.4924
27	4	5.592	1	1	-0.1979
27	4	5.554	1	1	0.7428
27	4	5.098	0	0	0.4039
27	4	1.788	0	0	-0.05721
27	4	0.5103	1	0	-0.2541
27	4	5.682	1	1	-0.1532
27	4	1.88	1	1	0.6975
27	4	0.5148	0	1	0.1462
27	4	0.639	0	1	0.05985
27	4	3.535	1	1	0.3796
27	4	5.718	0	0	0.2951
27	4	0.22	1	0	0.9722
27	4	0.7063	0	1	0.5948
27	4	0.1966	0	0	0.4682
27	4	1.085	0	0	-0.4438
27	4	1.671	1	0	0.1574
27	4	3.454	1	1	-0.02848
27	4	0.4114	0	0	1.144
27	4	1.471	1	0	1.723
27	4	3.62	0	0	0.5279
27	4	0.7672	0	0	-1.161
27	4	1.623	1	0	1.383
27	4	5.246	1	1	-1.342
27	4	3.484	1	1	1.43
27	4	0.9908	0	0	-1.101
27	4	5.457	0	0	-0.8876
27	4	3.573	1	1	-0.5035
27	4	3.659	1	1	-1.535
27	4	5.841	0	0	1.503
27	4	3.378	0	0	0.5913
27	4	0.7926	0	0	0.7718
27	4	1.121	0	0	0.8353
27	4	3.571	0	0	-0.2548
28	4	1.82	1	1	-0.698
28	4	0.7068	0	1	-0.4849
28	4	0.9628	1	1	-0.5702
28	4	1.263	0	1	0.3729
28	4	0.9755	0	0	0.02368
28	4	0.4672	1	0	-0.001658
28	4	0.8937	1	0	0.2289
28	4	0.5455	0	0	-0.2356
28	4	3.484	1	1	-0.6678
28	4	5.301	0	0	-1.106
28	4	0.4888	1	0	-0.6576
28	4	3.424	1	1	-1.392
28	4	5.435	0	1	-0.4018
28	4	1.707	1	1	-0.448
28	4	5.315	1	1	-0.09139
28	4	1.898	0	0	-0.1756
28	4	5.191	0	0	-0.2659
28	4	0.08934	0	1	0.8382
28	4	0.4349	0	0	-0.76
28	4	5.324	1	1	0.3533
28	4	3.575	1	1	1.229
28	4	1.653	1	1	-1.04
28	4	3.657	1	1	1.295
28	4	5.457	1	1	-0.2693
28	4	5.724	0	0	-0.7864
28	4	1.015	0	1	1.191
28	4	0.4857	1	0	0.1646
28	4	3.634	0	1	1.175
28	4	3.612	0	0	-0.6577
28	4	0.918	0	1	0.006308
28	4	1.89	0	0	-0.8898
28	4	1.663	0	1	-0.4105
28	4	1.979	1	1	-0.5626
28	4	3.276	1	0	-0.02956
28	4	3.494	1	1	-1.175
28	4	5.277	1	1	-1.662
28	4	3.816	1	1	0.3337
28	4	1.851	1	0	0.9891
28	4	0.6467	0	1	-0.4155
28	4	5.303	0	0	-0.3429
28	4	1.169	0	0	-1.413
28	4	3.818	1	1	-0.005502
28	4	2.098	0	1	-2.089
28	4	0.9752	0	1	0.9356
28	4	0.7095	0	0	-1.159
28	4	0.7635	0	0	-0.7986
28	4	0.2922	1	0	-0.6886
28	4	1.082	0	0	-0.3988
28	4	5.484	0	0	-0.1355
28	4	1.773	1	0	1.181
29	4	3.755	1	1	1.937
29	4	1.641	0	0	-0.247
29	4	0.2613	0	0	-0.6324
29	4	1.818	1	1	-6.048
29	4	2.033	0	0	0.02592
29	4	0.9525	0	0	-0.548
29	4	0.5184	1	1	-0.2961
29	4	2.087	0	1	0.2584
29	4	0.7438	0	1	-0.3409
29	4	5.177	0	0	0.3006
29	4	3.704	1	1	0.2172
29	4	2.008	1	0	-0.07365
29	4	0.4648	1	0	0.5493
29	4	0.4473	0	1	0.3523
29	4	5.311	0	0	0.1278
29	4	5.569	0	0	-0.3571
29	4	0.6821	0	1	-0.04237
29	4	5.149	1	1	-0.01059
29	4	5.582	1	1	0.2383
29	4	3.615	0	0	-1.758
29	4	5.119	0	0	-2.177
29	4	0.148	1	1	0.02553
29	4	3.462	0	0	1.913
29	4	3.885	1	1	-1.229
29	4	1.571	1	0	-0.2628
29	4	1.643	1	1	-0.00668
29	4	3.818	1	1	-4.845e-06
29	4	1.916	0	0	-0.3039
29	4	0.5084	1	0	-0.4764
29	4	0.9653	0	1	0.321
29	4	5.384	0	0	0.08439
29	4	1.306	0	1	0.5786
29	4	0.5433	1	1	-0.908
29	4	3.473	1	1	-0.5891
29	4	0.7051	1	1	-0.2334
29	4	0.7121	1	1	0.9556
29	4	5.541	1	1	-3.708
29	4	0.9641	1	0	0.1969
29	4	0.856	0	0	-0.4208
29	4	3.685	1	1	-0.5623
29	4	0.8727	0	1	-0.404
29	4	1.975	0	0	-0.5889
29	4	0.649	1	1	-1.142
29	4	1.065	0	0	-1.222
29	4	3.647	1	1	-1.422
29	4	5.601	1	1	0.15
29	4	0.5051	0	0	-1.664
29	4	5.626	1	1	-2.17
29	4	1.987	1	1	-0.2266
29	4	3.072	0	0	-0.8846
30	5	0.5354	1	1	2.823
30	5	2.303	1	1	-0.03497
30	5	5.545	1	1	-2.942
30	5	1.648	1	1	-1.858
30	5	0.6636	0	0	-0.9672
30	5	0.223	1	1	-0.8037
30	5	0.9724	0	1	-0.1279
30	5	5.44	0	0	-1.24
30	5	3.743	0	0	-0.9651
30	5	1.998	0	1	-0.8563
30	5	0.111	1	1	0.2227
30	5	5.357	0	0	-1.477
30	5	0.8237	1	1	-0.621
30	5	3.421	0	0	0.1884
30	5	1.112	0	0	0.3694
30	5	5.585	0	0	0.3679
30	5	0.6192	0	0	0.7972
30	5	5.481	0	0	-0.896
30	5	5.19	0	0	-1.704
30	5	1.629	1	1	-1.388
30	5	1.273	1	1	0.02736
30	5	4.259	1	1	-1
30	5	1.192	0	0	-0.5805
30	5	5.726	0	0	-0.8801
30	5	5.255	1	1	-0.7768
30	5	3.85	1	1	-0.4341
30	5	0.2203	0	0	0.4991
30	5	0.7734	0	0	-0.7153
30	5	1.942	0	0	-1.382
30	5	1.619	1	1	0.3403
30	5	3.589	1	1	0.1044
30	5	0.3804	0	1	1.643
30	5	0.9956	1	0	0.7455
30	5	1.821	0	1	0.3303
30	5	3.646	1	1	0.3977
30	5	1.963	0	0	0.2183
30	5	1.129	1	1	-0.858
30	5	0.2064	1	1	-0.08545
30	5	0.6775	1	1	-0.8694
30	5	1.502	0	0	-0.5173
30	5	1.87	0	0	-0.7658
30	5	5.087	1	1	-0.1364
30	5	3.389	0	0	-0.9301
30	5	5.599	0	0	-0.7622
30	5	3.608	1	1	-0.6112
30	5	0.3627	1	1	-0.6624
30	5	3.321	1	1	0.5768
30	5	3.353	1	1	-0.9273
30	5	0.8844	1	1	-0.1561
31	5	0.2541	0	0	1.316
31	5	0.9145	0	1	0.1129
31	5	3.697	0	0	0.1489
31	5	5.483	1	1	-0.2707
31	5	3.559	0	0	0.03708
31	5	0.3106	1	1	0.2875
31	5	0.7359	1	1	0.05281
31	5	5.212	1	1	-0.1909
31	5	1.157	0	0	-0.06172
31	5	3.558	1	1	-0.003999
31	5	5.254	0	0	-0.01237
31	5	3.564	1	1	0.4267
31	5	5.348	0	0	-0.7265
31	5	1.98	0	1	0.3148
31	5	0.4912	1	1	0.1934
31	5	1.8	1	1	0.5727
31	5	0.9335	1	1	0.5418
31	5	3.569	1	1	0.6797
31	5	1.057	1	1	0.1776
31	5	5.29	0	0	0.04733
31	5	5.249	1	1	-0.07926
31	5	1.659	1	1	-1.339
31	5	3.814	0	0	-0.3354
31	5	0.825	0	1	0.8746
31	5	3.486	0	0	1.629
31	5	1.689	0	0	0.3221
31	5	5.217	0	0	0.4481
31	5	5.428	0	0	-0.2923
31	5	0.5822	1	1	0.559
31	5	2.122	1	1	-0.3121
31	5	1.885	1	1	0.6107
31	5	0.5368	0	1	0.3542
31	5	0.5533	1	1	1.022
31	5	5.519	0	0	0.3615
31	5	0.6445	1	0	0.4527
31	5	0.4886	0	0	0.3122
31	5	1.663	0	0	-0.08889
31	5	0.288	0	1	0.4842
31	5	5.178	1	1	-3.525
31	5	0.8037	0	0	0.3984
31	5	0.7216	0	1	0.2407
31	5	1.862	0	0	-0.1209
31	5	0.5782	0	0	0.1113
31	5	1.751	1	1	-0.7055
31	5	3.512	1	1	-0.3879
31	5	3.305	0	0	1.187
31	5	1.284	1	1	0.5677
31	5	1.79	1	1	1.138
31	5	3.954	1	1	0.3225
31	5	0.8243	0	1	0.3522
32	5	0.253	1	1	0.02383
32	5	1.663	1	1	-0.4534
32	5	0.848	1	1	0.5037
32	5	1.783	0	0	0.1751
32	5	1.852	1	1	-0.1003
32	5	0.6077	1	1	0.06699
32	5	3.289	0	0	0.05611
32	5	5.143	0	0	-0.5637
32	5	0.6428	0	1	0.3443
32	5	2.415	0	0	-0.9167
32	5	1.655	1	0	-0.3982
32	5	0.9889	1	1	-0.5168
32	5	0.3339	0	1	-0.01331
32	5	0.3832	1	1	-1.052
32	5	1.779	0	0	-0.1006
32	5	0.4109	0	1	1.412
32	5	1.461	1	1	-1.695
32	5	5.412	0	0	0.07984
32	5	5.9	0	0	-0.621
32	5	3.646	0	0	-0.4254
32	5	1.995	0	0	-0.5318
32	5	1.453	1	1	-0.01167
32	5	3.556	1	1	-0.149
32	5	0.8886	1	1	-0.4485
32	5	1.205	0	0	-0.4308
32	5	3.916	1	1	-0.1622
32	5	0.5101	0	1	-0.3732
32	5	0.9937	0	0	-0.5855
32	5	3.7	1	1	0.1457
32	5	3.285	0	0	-0.0549
32	5	3.421	1	1	-0.9135
32	5	0.6266	1	1	0.2283
32	5	5.352	0	0	0.3688
32	5	0.8624	0	1	-0.1066
32	5	0.1675	0	1	-0.4773
32	5	5.38	1	1	-0.05894
32	5	3.639	0	0	0.4529
32	5	0.3904	1	1	-0.5412
32	5	2.025	1	1	-1.372
32	5	0.5901	1	1	0.376
32	5	1.382	1	1	0.02737
32	5	3.395	0	0	-1.256
32	5	0.6757	1	1	-0.8271
32	5	0.02103	0	1	0.06896
32	5	5.817	1	1	0.5809
32	5	3.631	0	0	0.1078
32	5	5.483	0	0	0.09813
32	5	5.177	1	1	-1.179
32	5	5.684	1	1	-0.501
32	5	5.292	0	0	0.4139
33	5	3.661	1	1	1.348
33	5	1.952	0	0	0.3532
33	5	0.388	0	1	0.3628
33	5	5.314	0	0	-0.63
33	5	0.7711	0	0	-1.185
33	5	0.7528	1	1	-1.189
33	5	3.612	1	1	-1.184
33	5	1.161	0	1	0.6765
33	5	0.2366	0	1	0.34
33	5	0.9475	1	0	0.758
33	5	1.843	0	0	0.03478
33	5	1.23	1	1	0.444
33	5	0.397	0	1	0.04851
33	5	0.3983	0	0	0.2098
33	5	3.476	0	0	1.168
33	5	3.827	1	1	0.6186
33	5	5.599	1	1	0.4097
33	5	1.917	1	1	0.7417
33	5	1.497	1	1	0.3497
33	5	0.636	1	1	-0.3903
33	5	3.78	0	0	-0.2184
33	5	1.111	0	0	0.5624
33	5	0.3771	0	0	-0.95
33	5	1.964	0	1	1.058
33	5	5.539	1	1	-1.158
33	5	3.869	1	1	0.04442
33	5	5.033	1	1	-3.02
33	5	1.779	0	0	-0.3575
33	5	0.3772	0	0	-0.2696
33	5	1.709	0	0	-1.388
33	5	0.9992	1	1	0.6717
33	5	5.603	1	1	-1.001
33	5	5.591	1	1	-0.3501
33	5	1.555	0	0	-0.4003
33	5	3.378	1	1	-0.7132
33	5	5.469	1	1	-0.439
33	5	3.445	0	0	0.6951
33	5	5.91	1	1	-0.2533
33	5	5.03	0	0	-1.257
33	5	1.09	1	1	-0.3598
33	5	0.8293	0	1	0.6018
33	5	0.7391	0	0	0.5802
33	5	3.696	1	1	-0.6613
33	5	1.915	0	0	-0.3962
33	5	0.8558	1	1	-0.394
33	5	2.023	0	0	-1.645
33	5	5.323	0	0	0.3439
33	5	0.4842	1	1	-0.8354
33	5	0.4162	1	1	1.367
33	5	3.956	1	1	0.1733
34	5	1.797	1	1	1.448
34	5	2	1	1	-0.02364
34	5	0.2708	1	0	-0.08501
34	5	2.323	1	1	-0.1838
34	5	5.288	0	0	0.1278
34	5	3.701	0	0	0.4557
34	5	5.389	0	0	0.326
34	5	0.6841	0	1	0.4539
34	5	0.9795	1	1	0.0431
34	5	0.654	1	0	-0.1951
34	5	5.324	0	0	0.2035
34	5	1.612	0	1	-0.4087
34	5	3.981	1	1	1.624
34	5	3.916	1	1	-0.2089
34	5	3.923	0	0	0.4705
34	5	0.3278	0	1	-0.3803
34	5	5.325	1	1	-0.485
34	5	3.685	0	0	0.377
34	5	1.707	0	1	0.7286
34	5	1.245	1	1	-0.6101
34	5	1.245	0	0	0.8096
34	5	5.394	1	1	-0.4848
34	5	3.499	1	1	-0.2357
34	5	0.7889	0	0	0.4551
34	5	2.062	0	1	-0.1045
34	5	0.4612	1	0	0.6827
34	5	5.313	0	0	-0.3373
34	5	3.845	0	0	-0.9679
34	5	3.53	0	0	0.2964
34	5	0.9331	1	1	-0.5604
34	5	3.796	1	1	0.6416
34	5	0.819	0	0	0.1503
34	5	1.018	0	1	-0.2233
34	5	2.105	1	1	0.6308
34	5	1.853	1	1	0.5875
34	5	0.5751	0	1	0.3653
34	5	5.584	1	1	0.139
34	5	0.5976	0	0	-0.3928
34	5	0.546	0	0	0.08732
34	5	5.535	1	1	-0.7464
34	5	0.917	1	0	0.5996
34	5	0.6109	1	0	0.1621
34	5	2.058	0	0	0.5616
34	5	5.597	0	0	-0.6281
34	5	3.453	1	1	-0.9938
34	5	0.7556	1	1	0.4957
34	5	5.187	0	0	0.4559
34	5	1.627	1	1	0.3374
34	5	0.9862	0	0	0.4449
34	5	0.4139	0	0	0.2522
35	5	0.8535	0	1	1.294
35	5	5.54	1	1	0.9931
35	5	1.839	1	1	-1.723
35	5	0.5118	0	1	0.1384
35	5	0.6708	0	1	-0.004254
35	5	0.4975	0	0	-1.038
35	5	5.473	1	1	-0.8672
35	5	3.505	1	1	0.05809
35	5	1.915	1	0	0.5609
35	5	0.5573	1	1	-0.4872
35	5	1.791	0	0	1.402
35	5	3.609	0	0	0.2406
35	5	3.485	0	0	-0.8671
35	5	0.8467	0	1	0.8123
35	5	0.8485	0	0	-1.111
35	5	3.684	1	1	-0.9136
35	5	1.769	1	1	0.582
35	5	0.1265	0	1	1.312
35	5	1.547	1	1	-1.141
35	5	2.053	0	0	0.8238
35	5	1.094	1	1	0.5283
35	5	3.449	0	0	-2.23
35	5	0.2946	1	1	-0.07192
35	5	0.6425	0	0	-0.7857
35	5	3.926	1	1	0.6536
35	5	5.347	0	0	-0.4329
35	5	5.106	1	1	0.7779
35	5	5.523	0	0	0.3244
35	5	5.107	1	1	-0.6577
35	5	5.804	1	1	0.9293
35	5	3.507	1	1	0.04891
35	5	5.745	1	1	-1.393
35	5	1.24	0	0	-0.5555
35	5	0.5803	1	0	1.171
35	5	1.049	1	0	0.3899
35	5	1.711	1	1	-1.299
35	5	1.618	1	1	0.5469
35	5	1.075	0	0	0.6629
35	5	1.83	0	0	0.1043
35	5	0.9221	0	1	0.3869
35	5	0.5474	0	0	0.2241
35	5	1.698	1	1	0.4445
35	5	0.475	0	0	-0.773
35	5	0.639	0	1	0.1915
35	5	5.347	0	0	0.5903
35	5	0.8795	0	0	0.7248
35	5	3.314	1	1	-0.1071
35	5	5.445	0	0	-1.463
35	5	3.829	1	1	0.1496
35	5	3.777	1	1	-1.753
36	5	3.788	0	0	0.8462
36	5	1.859	0	0	0.01834
36	5	1.983	0	0	-0.01654
36	5	1.066	1	1	-0.2927
36	5	0.3123	0	1	0.808
36	5	0.9239	0	1	0.6281
36	5	5.223	1	1	-0.116
36	5	3.814	0	0	0.8507
36	5	1.831	1	1	-1.886
36	5	1.009	1	1	0.5149
36	5	3.508	0	0	0.06335
36	5	0.8048	1	1	0.3038
36	5	3.134	0	0	0.4914
36	5	0.2797	0	1	0.08967
36	5	1.924	0	0	-0.252
36	5	5.399	1	1	-0.6137
36	5	5.037	0	0	0.5281
36	5	4.976	0	0	0.6646
36	5	0.6465	0	0	0.7878
36	5	5.52	1	1	-1.054
36	5	0.6367	1	0	0.6123
36	5	0.8623	1	1	0.674
36	5	0.8257	1	0	0.3796
36	5	1.687	1	1	0.215
36	5	5.222	0	0	0.06773
36	5	5.169	0	0	-0.6563
36	5	0.4174	0	1	0.8358
36	5	1.098	0	0	0.1768
36	5	0.3649	1	1	0.7517
36	5	2.253	0	0	-0.4299
36	5	3.712	1	1	0.07895
36	5	1.591	1	0	0.4689
36	5	3.445	0	1	-0.279
36	5	0.3717	0	0	-0.5235
36	5	0.8984	0	0	-0.1034
36	5	3.892	1	1	0.2904
36	5	0.9725	1	1	0.5035
36	5	0.1606	1	1	1.276
36	5	4.876	1	1	0.4499
36	5	1.497	1	1	-1.624
36	5	3.775	1	1	0.2187
36	5	1.844	0	1	0.01497
36	5	1.955	1	0	0.1686
36	5	0.3723	0	0	-0.06051
36	5	5.358	1	1	-0.1428
36	5	5.477	0	0	-1.588
36	5	3.224	1	1	-0.9224
36	5	0.03618	1	0	-0.2346
36	5	3.834	0	0	0.3639
36	5	0.1979	1	1	-0.4338
37	5	0.5258	1	0	0.3508
37	5	1.162	0	0	-0.09434
37	5	3.586	1	1	-0.09823
37	5	5.597	1	1	0.09167
37	5	0.8403	0	0	0.203
37	5	1.799	1	1	-0.09751
37	5	1.019	0	1	0.6827
37	5	1.606	0	0	0.04078
37	5	5.124	1	1	-0.1351
37	5	0.4934	0	0	0.1594
37	5	5.5	1	1	-0.09719
37	5	1.879	1	1	-1.289
37	5	3.877	0	0	0.05441
37	5	5.46	0	0	0.1388
37	5	1.517	1	1	0.01523
37	5	0.1099	0	0	0.4836
37	5	2.093	0	0	0.2557
37	5	0.5721	0	1	0.2188
37	5	1.838	0	0	4.675
37	5	0.8401	1	1	-0.3407
37	5	5.434	0	0	-1.023
37	5	1.227	0	0	0.641
37	5	3.339	0	0	0.4661
37	5	5.229	0	0	0.02136
37	5	3.442	0	0	0.174
37	5	0.6675	1	1	0.05688
37	5	0.388	1	0	-0.6155
37	5	0.9665	1	1	0.1445
37	5	1.525	0	0	-0.1503
37	5	0.8589	0	0	-0.2502
37	5	3.671	1	1	-0.4427
37	5	1.169	1	0	0.02107
37	5	0.8127	0	0	-0.8366
37	5	0.3605	1	1	1.817
37	5	1.962	0	0	0.6635
37	5	5.124	0	0	0.7719
37	5	1.585	1	1	-2.819
37	5	1.85	1	1	0.4848
37	5	0.1714	0	0	-0.5964
37	5	0.6563	0	0	-0.4694
37	5	0.2102	0	1	-0.217
37	5	5.524	1	1	0.5107
37	5	5.122	1	1	0.04108
37	5	3.283	1	1	0.7466
37	5	4.067	1	1	-0.651
37	5	0.3827	1	0	-0.2863
37	5	3.337	1	1	0.3695
37	5	3.627	1	0	0.03071
37	5	5.217	1	1	0.852
37	5	3.578	0	0	0.3135
38	5	0.8154	0	1	-0.1412
38	5	5.525	0	0	0.2633
38	5	0.2497	0	0	-0.05504
38	5	1.989	1	1	0.5794
38	5	2.074	1	1	1.391
38	5	5.087	0	0	0.2475
38	5	1.901	0	1	0.3725
38	5	0.6088	1	0	0.4668
38	5	3.279	0	0	-0.1484
38	5	0.1386	0	0	-0.1557
38	5	0.3565	1	1	0.01164
38	5	5.136	1	1	-0.8463
38	5	0.4775	1	1	0.3855
38	5	0.8297	0	0	-1.079
38	5	0.3688	1	1	-0.1428
38	5	1.81	0	0	0.08531
38	5	3.562	1	1	0.5778
38	5	3.462	1	1	-0.8382
38	5	3.747	1	1	0.201
38	5	0.6683	1	1	-0.5879
38	5	3.197	0	0	-0.2564
38	5	3.956	0	0	0.223
38	5	0.4404	1	0	0.3062
38	5	5.577	0	0	-0.1952
38	5	5.572	0	0	0.9974
38	5	5.334	1	1	-2.12
38	5	2.191	1	1	-0.671
38	5	0.8704	1	1	-0.1922
38	5	0.7147	0	0	-1.483
38	5	3.722	0	0	0.3666
38	5	1.739	0	0	-0.3943
38	5	5.341	1	1	0.1514
38	5	1.777	1	0	0.1295
38	5	0.8088	0	1	-0.7537
38	5	3.558	1	1	1.08
38	5	3.679	1	1	1.06
38	5	5.32	1	1	-0.2685
38	5	5.391	0	0	2.25
38	5	0.994	0	1	-0.1061
38	5	1.683	0	0	0.4513
38	5	1.863	0	0	1.746
38	5	1.106	0	0	1.47
38	5	0.8002	1	1	0.9119
38	5	0.137	0	1	-0.1579
38	5	1.923	1	1	0.5175
38	5	0.9426	0	1	1.38
38	5	3.421	1	1	1.048
38	5	5.185	1	1	-0.1414
38	5	1.227	0	0	0.5104
38	5	0.6568	0	1	2.326
39	5	5.648	1	1	1.133
39	5	3.499	0	0	-0.3303
39	5	3.526	1	1	0.1606
39	5	1.883	1	1	0.5857
39	5	1.088	0	0	0.3706
39	5	0.207	0	0	-0.7338
39	5	3.905	1	1	-0.1368
39	5	1.061	0	0	0.1148
39	5	1.168	1	0	0.1779
39	5	0.4849	0	0	-0.6624
39	5	3.813	1	1	-1.367
39	5	0.6277	0	0	2.553
39	5	3.843	0	0	-4.563
39	5	1.905	1	1	0.1909
39	5	3.804	1	0	0.4625
39	5	5.529	0	0	0.5663
39	5	5.395	0	0	-1.332
39	5	1.86	0	0	-3.688
39	5	1.759	0	0	0.5782
39	5	1.806	0	0	-0.1519
39	5	5.606	1	1	-0.2011
39	5	1.027	1	1	1.502
39	5	0.6636	1	1	0.1998
39	5	1.721	0	1	0.5788
39	5	5.439	1	0	-1.539
39	5	2.009	1	1	0.2735
39	5	3.639	0	0	0.07993
39	5	0.9462	1	1	-0.5685
39	5	0.7914	1	0	0.3531
39	5	0.2341	0	1	-0.3401
39	5	3.506	0	0	1.242
39	5	1.047	1	1	2.158
39	5	0.7705	0	0	-0.0331
39	5	0.876	1	0	0.2894
39	5	0.4066	0	0	0.2692
39	5	0.8459	0	0	0.7601
39	5	1.868	0	0	1.582
39	5	3.61	0	0	0.3126
39	5	1.528	0	0	-0.6347
39	5	0.3878	1	0	0.6913
39	5	5.489	1	1	-0.1655
39	5	0.6326	0	1	-0.0384
39	5	5.077	0	0	0.4303
39	5	0.4486	0	1	0.4514
39	5	0.8486	1	1	0.2
39	5	5.583	1	1	-1.089
39	5	5.518	1	1	0.1679
39	5	1.826	0	0	-0.6027
39	5	3.415	1	1	-0.1999
39	5	5.288	1	1	1.193
40	6	1.224	0	1	0.5922
40	6	5.036	0	0	-0.3913
40	6	5.285	0	0	-0.8823
40	6	3.792	1	1	1.817
40	6	0.9665	0	0	1.006
40	6	0.4307	1	1	-0.4674
40	6	0.2687	0	0	-0.8117
40	6	1.582	0	1	-0.5325
40	6	3.388	1	1	-0.2358
40	6	3.598	1	1	-1.581
40	6	5.266	1	1	-0.1493
40	6	0.6175	1	1	-1.522
40	6	3.686	1	1	0.7226
40	6	2.073	0	0	-0.6588
40	6	0.5148	1	0	-0.5791
40	6	0.7904	1	0	-0.1024
40	6	5.53	0	0	-1.58
40	6	3.584	1	1	-1.943
40	6	1.053	1	1	-0.1588
40	6	2.034	0	0	0.742
40	6	0.9333	0	0	-0.5154
40	6	5.296	0	0	-1.898
40	6	0.9411	0	0	-1.822
40	6	3.733	1	1	-1.712
40	6	3.505	1	1	-0.7144
40	6	1.585	1	1	0.4995
40	6	2.17	0	0	1.098
40	6	3.321	1	1	-2.47
40	6	0.7358	0	0	-1.5
40	6	1.762	0	0	0.4833
40	6	5.55	0	0	-0.2728
40	6	0.1693	0	1	-2.417
40	6	0.4695	1	1	-0.7382
40	6	0.496	1	1	-1.966
40	6	5.351	1	1	-0.5195
40	6	0.4463	0	0	-0.07365
40	6	3.67	1	1	-0.4861
40	6	3.56	0	0	-0.6219
40	6	1.713	0	1	-0.9178
40	6	0.5322	1	1	-0.5206
40	6	5.471	1	1	-0.4691
40	6	0.6919	1	1	-0.3567
40	6	0.4136	0	0	-3.766
40	6	5.496	1	1	-0.08471
40	6	5.418	0	0	2.344
40	6	2.196	0	0	-0.9653
40	6	1.971	1	1	-1.365
40	6	1.802	0	0	-0.6112
40	6	1	0	0	-3.614
40	6	0.3462	1	0	-0.6133
41	6	5.885	0	0	-2.464
41	6	5.427	1	1	-0.07223
41	6	1.668	0	0	-2.118
41	6	0.522	1	0	-2.188
41	6	1.648	0	0	0.07196
41	6	1.854	0	0	-2.224
41	6	2.083	1	1	-1.355
41	6	3.589	0	0	0.01381
41	6	1.704	1	1	-2.303
41	6	5.484	0	0	-1.399
41	6	3.733	1	1	-0.5785
41	6	5.464	1	1	-0.1186
41	6	3.609	1	1	-1.023
41	6	0.6503	1	1	0.5973
41	6	2.005	1	1	-0.9399
41	6	0.1258	0	0	-1.002
41	6	0.609	1	1	1.461
41	6	1.668	0	0	-0.6585
41	6	1.229	0	0	-1.745
41	6	0.103	1	1	-0.3235
41	6	3.612	0	0	-0.2652
41	6	1.861	1	1	-1.497
41	6	3.582	1	1	0.08305
41	6	0.939	1	0	3.3
41	6	1.68	1	0	0.3747
41	6	1.165	0	0	1.043
41	6	0.28	0	0	-0.4804
41	6	0.4678	0	0	-0.4125
41	6	1.527	0	0	-0.7174
41	6	0.4669	0	0	-1.954
41	6	0.7434	0	0	-0.5395
41	6	3.627	1	0	-2.83
41	6	3.811	1	1	-0.7964
41	6	5.512	1	1	-0.6196
41	6	3.312	1	1	-2.407
41	6	5.064	1	1	-0.0303
41	6	1.23	0	0	-1.87
41	6	0.7738	0	0	0.05643
41	6	0.8432	1	0	-1.277
41	6	0.7722	1	0	-0.5749
41	6	0.8535	0	1	-0.2744
41	6	0.7791	1	1	0.7568
41	6	3.561	0	0	-0.07518
41	6	5.654	0	0	-1.932
41	6	0.4233	0	1	0.6002
41	6	1.009	0	0	1.285
41	6	5.451	0	0	4.056
41	6	5.686	1	1	-1.646
41	6	3.984	1	1	-0.01343
41	6	5.242	0	0	1.381
42	6	0.4813	1	0	0.5323
42	6	5.7	0	0	-1.267
42	6	5.372	0	0	0.5159
42	6	5.371	0	0	0.4036
42	6	0.4464	1	1	1.801
42	6	1.597	1	1	-0.6649
42	6	3.635	0	0	0.2813
42	6	3.416	0	0	0.3986
42	6	1.557	1	0	-0.08862
42	6	0.5756	1	0	0.2873
42	6	0.2677	0	1	-0.5609
42	6	1.926	0	0	1.999
42	6	0.6525	1	0	-0.2446
42	6	5.691	0	0	-0.4143
42	6	1.089	1	0	1.523
42	6	3.908	0	0	3.294
42	6	1.048	0	1	1.423
42	6	3.411	0	0	0.6917
42	6	1.026	1	1	0.1384
42	6	0.6912	0	0	-1.395
42	6	0.6099	0	0	-0.8026
42	6	3.679	0	0	1.954
42	6	1.046	0	0	1.463
42	6	0.363	0	0	2.079
42	6	1.392	0	0	1.245
42	6	0.04808	0	0	1.439
42	6	3.755	1	0	-0.1975
42	6	0.6708	0	0	0.5857
42	6	5.369	0	0	1.035
42	6	3.792	1	1	0.1053
42	6	1.067	0	0	-0.3079
42	6	1.972	1	1	-0.2008
42	6	1.88	1	1	0.5648
42	6	5.477	0	0	-0.2007
42	6	5.02	1	1	1.07
42	6	5.741	1	1	0.4241
42	6	5.124	0	0	-0.1504
42	6	1.61	1	1	0.06206
42	6	3.585	1	1	-0.2215
42	6	0.5488	1	0	-1.344
42	6	1.541	1	1	-1.395
42	6	0.7735	1	1	-0.3571
42	6	1.94	1	1	0.6887
42	6	5.349	0	0	-0.8222
42	6	1.725	1	1	0.1957
42	6	3.998	1	1	0.4814
42	6	0.05893	0	0	-0.2387
42	6	2.043	1	1	-0.7305
42	6	0.5245	1	0	0.05175
42	6	3.752	1	1	0.1632
43	6	0.374	1	0	1.119
43	6	1.757	0	0	-1.104
43	6	5.458	1	1	0.18
43	6	0.4547	1	0	-1.06
43	6	1.722	1	1	-0.06157
43	6	0.6649	0	0	-0.3874
43	6	1.013	1	0	0.7833
43	6	2.124	0	0	0.8314
43	6	3.783	0	0	2.083
43	6	0.6772	1	0	0.257
43	6	3.634	0	0	0.7353
43	6	5.534	0	0	-0.3194
43	6	1.929	1	1	0.2866
43	6	0.4334	1	1	0.4501
43	6	5.209	1	1	0.3883
43	6	1.755	0	0	-0.1122
43	6	5.501	0	0	0.3372
43	6	3.705	1	1	-0.7284
43	6	3.169	0	0	0.1229
43	6	3.541	0	0	0.2705
43	6	1.605	0	0	0.3294
43	6	0.7949	0	0	1.276
43	6	3.61	0	0	-0.9942
43	6	0.2355	1	1	0.054
43	6	3.563	1	1	1.422
43	6	5.642	1	1	1.026
43	6	5.338	1	1	0.5761
43	6	1.803	0	0	0.4209
43	6	5.17	0	0	1.351
43	6	0.6435	1	1	1.433
43	6	0.6822	0	0	0.1832
43	6	0.2498	1	1	1.109
43	6	5.19	0	0	-1.948
43	6	0.6628	0	0	-0.4966
43	6	5.74	0	0	0.8667
43	6	0.281	0	1	-0.5876
43	6	2.085	0	0	-0.8588
43	6	1.819	1	1	-0.9985
43	6	0.419	1	1	-0.6209
43	6	1.693	0	1	-0.6323
43	6	0.9572	1	1	0.8247
43	6	3.727	1	1	0.8557
43	6	0.699	0	1	0.6463
43	6	0.8402	1	0	0.07172
43	6	3.936	1	1	0.225
43	6	5.437	1	1	2.194
43	6	0.578	0	1	0.6098
43	6	0.8545	1	0	0.9654
43	6	3.677	1	1	-1.143
43	6	0.4658	0	1	-0.8368
44	6	0.9676	0	0	-0.1588
44	6	0.4145	0	0	1.648
44	6	5.465	1	1	-0.7774
44	6	0.2892	1	1	0.4207
44	6	3.469	1	1	-1.057
44	6	0.9244	1	1	0.05083
44	6	2.118	1	1	1.177
44	6	5.19	0	0	-0.1394
44	6	0.8969	0	0	-0.2245
44	6	1.729	1	1	0.3987
44	6	0.7644	0	0	-0.1365
44	6	0.5249	1	0	0.9529
44	6	0.2369	1	0	-1.592
44	6	1.113	1	0	-0.0289
44	6	2.071	0	0	1.335
44	6	0.4051	0	1	0.5386
44	6	0.4525	1	0	3.176
44	6	5.487	0	0	-0.7023
44	6	0.5398	1	0	0.03398
44	6	5.572	0	0	0.7257
44	6	1.663	1	1	0.7958
44	6	0.9669	0	0	0.9595
44	6	0.9593	0	0	0.7867
44	6	5.314	0	0	1.533
44	6	3.549	0	0	-0.3007
44	6	5.433	0	0	-1.716
44	6	1.658	1	1	0.9636
44	6	3.385	0	0	-0.4688
44	6	1.755	0	0	1.63
44	6	1.025	1	1	-0.02727
44	6	2.005	0	0	0.9337
44	6	1.623	0	1	-0.5907
44	6	0.8134	1	1	0.9064
44	6	3.382	0	0	-1.132
44	6	0.1538	1	1	-0.5644
44	6	0.9519	1	1	3.158
44	6	0.867	1	1	-1.193
44	6	3.544	1	1	1.666
44	6	1.665	0	0	0.1648
44	6	5.157	1	1	-0.02797
44	6	0.5087	1	0	-1.335
44	6	1.274	1	0	0.0699
44	6	3.732	1	1	-1.106
44	6	3.867	0	0	2.57
44	6	5.219	1	1	0.241
44	6	3.385	0	0	-0.544
44	6	3.454	0	0	1.061
44	6	5.687	0	0	-1.801
44	6	3.043	1	1	-0.6912
44	6	5.658	1	1	-0.3494
45	6	0.1121	1	1	0.04717
45	6	5.409	0	0	2.021
45	6	0.5506	0	1	1.119
45	6	0.5007	1	1	-0.1373
45	6	0.3622	1	1	2.33
45	6	1.301	1	1	-0.2897
45	6	3.801	0	0	1.112
45	6	5.319	1	1	0.1236
45	6	1	0	0	-0.324
45	6	1.818	0	0	0.9497
45	6	5.56	1	1	-0.0267
45	6	0.5215	0	0	0.3358
45	6	0.5628	1	1	1.475
45	6	1.691	0	0	0.877
45	6	5.428	1	1	-0.3039
45	6	5.308	0	0	-0.3617
45	6	1.823	0	1	-0.2628
45	6	1.803	0	0	0.1998
45	6	0.8519	1	1	0.5137
45	6	3.915	0	0	0.4292
45	6	0.7159	0	0	0.8718
45	6	0.3992	0	1	0.009591
45	6	3.628	1	1	0.2889
45	6	5.329	0	0	0.8819
45	6	0.7986	0	0	0.5813
45	6	3.586	1	1	2.085
45	6	3.779	1	1	-0.8383
45	6	1.72	1	1	-0.607
45	6	3.955	1	1	-1.592
45	6	0.2691	1	1	0.5957
45	6	1.386	1	1	0.0471
45	6	3.886	1	1	0.7906
45	6	0.5437	0	0	0.02161
45	6	0.5817	0	1	0.2447
45	6	3.622	1	1	1.924
45	6	1.727	1	1	0.6803
45	6	3.608	0	0	1.424
45	6	1.067	1	1	1.405
45	6	5.194	0	0	0.05475
45	6	5.518	1	1	-0.6561
45	6	5.934	1	1	-0.9789
45	6	0.7783	0	0	0.4077
45	6	1.777	0	1	0.2943
45	6	0.8315	0	0	1.036
45	6	1.805	1	1	1.647
45	6	5.511	0	0	-0.1118
45	6	0.2838	0	0	0.01702
45	6	0.7135	0	1	0.3421
45	6	1.561	0	0	0.8217
45	6	3.232	1	1	2.075
46	6	0.5116	0	1	1.296
46	6	2.214	0	0	-0.2062
46	6	0.2726	0	0	1.379
46	6	5.362	1	1	1.533
46	6	0.692	1	0	-0.2936
46	6	0.7879	0	0	0.4341
46	6	3.668	0	0	-0.9114
46	6	0.4166	1	0	0.3531
46	6	3.335	1	1	0.251
46	6	5.376	0	0	-1.423
46	6	1.222	0	0	0.9978
46	6	0.6455	0	0	0.7234
46	6	3.657	1	1	0.6096
46	6	5.348	1	1	-0.7879
46	6	1.673	1	0	0.1899
46	6	3.217	1	1	-0.01523
46	6	0.1147	0	0	-1.039
46	6	4.157	0	0	-1.201
46	6	0.3908	0	0	-0.000635
46	6	1.007	1	0	-0.155
46	6	5.344	1	1	1.279
46	6	3.681	0	0	0.7163
46	6	1.071	1	1	0.7727
46	6	2.02	0	0	-1.064
46	6	0.1935	0	1	0.3684
46	6	1.649	1	1	0.3387
46	6	0.9864	0	0	-1.686
46	6	0.7205	1	1	-0.0733
46	6	5.555	1	1	0.1497
46	6	0.06473	1	0	-1.837
46	6	1.863	0	1	-0.3
46	6	1.743	1	0	-1.454
46	6	5.837	1	1	-0.2168
46	6	3.786	0	0	1.08
46	6	0.8837	1	0	1.127
46	6	5.319	0	0	0.9406
46	6	1.811	1	1	1.115
46	6	0.8974	0	0	-0.5365
46	6	3.633	0	0	0.09662
46	6	5.229	0	0	-0.4869
46	6	0.1202	1	0	-1.492
46	6	1.977	1	1	-1.153
46	6	3.302	0	0	-0.8422
46	6	0.9928	0	0	-0.1031
46	6	5.445	0	0	-1.097
46	6	5.173	0	0	0.3762
46	6	1.96	1	0	0.1013
46	6	3.536	0	0	0.6226
46	6	0.7433	1	1	-0.918
46	6	1.328	1	0	-2.596
47	6	0.8806	0	1	0.4211
47	6	0.235	1	0	0.04307
47	6	3.595	1	1	1.096
47	6	1.802	0	0	-0.05207
47	6	1.874	0	0	0.5515
47	6	0.002035	0	1	-0.2216
47	6	5.616	0	0	0.2377
47	6	1.884	0	1	-0.08239
47	6	3.681	0	0	-1.146
47	6	0.8858	1	1	2.008
47	6	0.8777	1	1	0.009921
47	6	0.6484	0	1	-0.2357
47	6	5.358	0	0	1.079
47	6	5.37	0	0	0.001232
47	6	3.628	1	1	-1.027
47	6	0.3517	1	1	-0.6195
47	6	1.782	1	1	-0.02187
47	6	5.083	0	0	1.156
47	6	3.55	0	0	0.3304
47	6	0.7009	0	0	-2.338
47	6	0.6932	0	0	-0.8773
47	6	0.3673	1	1	0.696
47	6	5.561	0	0	0.2912
47	6	0.5434	1	1	-0.7491
47	6	1.512	1	1	0.5187
47	6	3.711	1	1	0.4296
47	6	0.9974	1	1	-0.4402
47	6	0.8279	1	1	-0.1283
47	6	0.4499	0	0	0.9778
47	6	0.7697	1	1	0.8489
47	6	5.414	1	1	0.8747
47	6	3.551	0	0	0.6922
47	6	5.212	1	1	0.2675
47	6	1.38	1	0	0.3226
47	6	5.752	1	1	-1.063
47	6	0.9122	1	1	-0.3077
47	6	3.902	0	0	1.704
47	6	1.62	0	0	-0.9043
47	6	0.006928	1	1	0.06934
47	6	1.907	1	0	0.1495
47	6	0.3885	0	0	-0.09406
47	6	0.8406	1	1	-0.1471
47	6	3.462	0	0	0.4854
47	6	3.452	0	0	0.3944
47	6	0.3565	1	1	-0.3035
47	6	1.663	0	0	-0.4816
47	6	3.657	1	1	0.1145
47	6	1.582	0	0	0.8882
47	6	5.496	0	0	0.1094
47	6	5.356	1	1	0.7743
48	6	1.5	1	1	-0.4062
48	6	3.795	1	0	2.287
48	6	0.1581	1	1	0.1275
48	6	1.73	1	1	0.4878
48	6	3.235	1	1	2.015
48	6	1.797	1	1	-0.1821
48	6	2.004	0	0	0.03981
48	6	1.652	0	0	0.2162
48	6	5.259	0	0	-0.3238
48	6	5.108	1	1	2.177
48	6	0.9979	0	0	0.7911
48	6	0.2896	0	0	-0.6893
48	6	5.207	0	0	0.4657
48	6	0.5541	1	1	-1.36
48	6	3.705	1	1	-0.977
48	6	1.976	0	0	1.548
48	6	0.8307	0	0	0.9685
48	6	0.5694	1	1	1.357
48	6	3.579	1	1	1.028
48	6	3.654	0	0	-0.0475
48	6	1.801	1	1	0.1651
48	6	0.7266	0	1	-1.029
48	6	5.327	1	1	0.5749
48	6	5.858	1	1	-0.3433
48	6	0.7787	0	0	-0.1002
48	6	0.7314	1	0	-0.3172
48	6	3.664	0	0	0.1605
48	6	1.964	0	0	-0.5951
48	6	0.6623	1	0	0.5779
48	6	5.606	0	0	0.08773
48	6	1.92	1	0	-2.02
48	6	0.4963	0	0	1.009
48	6	3.335	0	0	-1.015
48	6	1.799	1	1	-1.002
48	6	3.707	1	1	1.528
48	6	0.4267	1	0	0.5086
48	6	0.6932	0	0	-0.904
48	6	1.117	0	0	-0.5454
48	6	0.521	0	1	-0.6137
48	6	5.151	0	0	0.6182
48	6	0.3246	1	1	-1.622
48	6	5.748	1	1	2.091
48	6	0.7499	1	1	-1.547
48	6	3.5	0	0	0.8391
48	6	5.172	0	1	-0.3645
48	6	0.7713	0	0	0.647
48	6	3.605	1	1	-0.3093
48	6	5.759	1	1	1.384
48	6	0.4621	0	0	0.9259
48	6	1.209	1	0	-0.5117
49	6	5.603	1	1	0.3853
49	6	5.538	0	0	-0.6126
49	6	5.551	1	1	1.707
49	6	0.4292	1	1	-1.343
49	6	3.773	1	1	-1.269
49	6	0.8562	1	1	-0.5454
49	6	0.3562	0	1	0.3552
49	6	1.734	1	1	-1.041
49	6	1.174	0	0	0.2824
49	6	1.137	0	1	-1.528
49	6	2.028	1	0	1.198
49	6	2.041	1	0	-0.06025
49	6	0.8399	1	1	-1.4
49	6	5.715	0	0	-1.812
49	6	0.993	0	0	-1.998
49	6	3.119	1	1	1.075
49	6	3.815	1	0	-0.2869
49	6	1.62	0	0	-1.488
49	6	0.1982	0	1	-0.06737
49	6	1.765	1	1	-0.4255
49	6	0.9336	1	1	-0.04021
49	6	0.906	0	0	0.9145
49	6	0.8314	1	1	0.02043
49	6	3.732	1	1	-0.4963
49	6	3.557	0	0	-1.243
49	6	0.3905	1	1	-1.026
49	6	0.6208	1	0	-1.664
49	6	3.472	1	1	-1.295
49	6	3.603	1	1	-1.943
49	6	3.94	0	0	-0.6693
49	6	5.401	1	1	-1.997
49	6	0.2384	0	0	0.1202
49	6	0.9252	0	0	-0.01592
49	6	0.6924	1	0	0.8298
49	6	1.098	0	0	0.3605
49	6	5.402	0	0	0.7371
49	6	3.709	0	0	-0.2418
49	6	1.878	0	0	-0.4699
49	6	0.1216	0	1	0.1693
49	6	3.515	1	1	-1.846
49	6	5.517	1	1	-0.2964
49	6	1.081	0	1	0.6921
49	6	0.1419	0	1	0.918
49	6	2.09	0	1	-0.228
49	6	1.658	0	0	0.7733
49	6	5.422	0	0	1.24
49	6	1.654	1	1	-1.869
49	6	5.202	0	0	1.085
49	6	5.185	1	1	0.1947
49	6	1.66	1	1	-0.8289
