0	2	0.6462	0	0	0.7589	1.468
0	2	5.448	0	0	0.03831	-0.7436
0	2	1.998	0	1	-1.834	0.2322
0	2	5.831	1	1	-0.4034	-0.7436
0	2	0.02818	1	1	-1.823	0.1592
0	2	5.073	0	0	-1.209	-0.9781
0	2	0.35	1	1	-2.142	-0.6349
0	2	0.6566	1	1	-2.24	-0.2468
0	2	0.6731	0	1	0.955	2.53
0	2	0.2072	0	0	-2.619	1.296
0	2	0.9458	0	0	-1.726	1.012
0	2	0.549	1	1	-1.75	0.7433
0	2	1.704	0	0	1.518	0.6261
0	2	1.159	0	1	0.3324	-0.4324
0	2	0.5818	0	1	0.6106	1.341
0	2	1.731	0	0	0.3328	0.3714
0	2	1.864	1	1	1.516	0.6855
0	2	0.6287	1	0	0.363	0.5024
0	2	1.014	1	1	-0.4089	1.062
0	2	1.263	1	1	-0.6273	-0.2468
0	2	0.5254	1	1	-0.5971	-0.4324
0	2	1.082	0	0	0.6203	0.6855
0	2	1.992	1	1	0.2854	0.9083
0	2	1.637	0	0	0.07254	-0.9781
0	2	0.4686	1	0	0.5691	0.3714
0	2	5.194	1	1	-0.007819	0.5024
0	2	0.3132	1	0	-0.8461	-0.9781
0	2	0.1687	0	1	0.3513	1.062
0	2	1.412	1	1	-0.07759	-0.3376
0	2	5.279	1	1	-0.3667	-0.07541
0	2	0.6368	1	0	0.483	-0.7436
0	2	5.467	1	1	-1.298	-0.6349
0	2	1.063	0	0	-0.7566	-0.5314
0	2	0.304	0	1	-0.6952	-0.7436
0	2	0.5977	1	0	-0.4783	0.08369
0	2	1.555	0	0	0.09084	-0.2468
0	2	1.518	0	0	-0.02754	-2.287
0	2	0.8243	0	0	0.4417	-0.7436
0	2	5.603	0	0	-0.06744	-0.2468
0	2	0.2755	1	0	0.2448	-0.7436
0	2	1.728	1	1	0.1841	0.3029
0	2	0.2329	0	1	-0.2872	0.3029
0	2	1.189	1	1	-1.268	1.627
0	2	0.3134	1	1	-0.8263	0.3714
0	2	0.1662	0	0	0.8227	-0.7436
0	2	5.627	1	1	0.4858	0.5024
0	2	0.2195	1	0	-1.934	-2.287
0	2	0.1686	0	1	-0.8343	1.296
0	2	5.145	0	0	-0.5212	-2.287
0	2	5.539	0	0	0.5386	-0.9781
1	2	0.4648	0	1	0.192	-0.4622
1	2	1.964	0	1	0.2559	-0.7294
1	2	0.8575	0	0	0.2363	-1.796
1	2	1.169	1	1	0.1054	0.1904
1	2	5.495	1	1	0.2186	0.9128
1	2	0.2379	1	1	1.256	0.09384
1	2	5.99	1	1	0.9088	-1.032
1	2	0.005042	0	0	0.1033	-1.796
1	2	5.311	1	1	0.3814	-0.2232
1	2	1.755	1	1	-1.546	-0.4622
1	2	0.7599	0	0	-1.252	-0.2232
1	2	1.978	1	0	-1.966	-0.1125
1	2	0.9161	0	1	0.1821	-0.2232
1	2	0.7123	1	0	0.4714	1.988
1	2	0.2163	0	1	0.3936	0.5401
1	2	1.984	1	1	0.9428	-0.007001
1	2	0.4287	0	1	0.6453	0.9128
1	2	4.875	0	0	-1.991	0.843
1	2	1.545	1	1	0.1309	-1.382
1	2	0.2273	1	1	-1.163	0.6966
1	2	0.6998	0	1	0.1857	0.9806
1	2	1.039	0	1	-0.3195	-0.8758
1	2	5.369	0	0	0.8079	-0.4622
1	2	0.3487	1	1	-0.3309	2.153
1	2	0.9103	1	1	-0.2128	-0.007001
1	2	1.741	0	0	0.1334	0.5401
1	2	0.4489	1	1	-0.901	1.172
1	2	2.192	1	1	0.1541	-0.007001
1	2	1.965	1	1	-1.659	0.09384
1	2	0.501	0	1	0.1982	-1.579
1	2	0.08249	0	0	1.35	0.9128
1	2	5.669	1	1	-1.606	0.6966
1	2	0.3453	1	1	-0.4028	-1.032
1	2	0.6866	1	1	-0.03759	0.09384
1	2	1.019	1	1	-0.06953	-0.7294
1	2	0.9196	0	1	-0.7305	-0.8758
1	2	1.731	0	0	1.234	-0.8758
1	2	0.2553	0	1	1.544	2.835
1	2	1.857	1	1	-0.6342	0.283
1	2	0.2059	0	0	-0.9974	0.9128
1	2	0.02438	1	0	0.7149	1.405
1	2	0.5032	0	0	0.7283	0.09384
1	2	5.555	0	0	-2.19	-1.2
1	2	5.585	0	0	-0.5699	0.4576
1	2	5.255	1	0	0.5361	-1.796
1	2	0.4048	0	1	1.249	-0.4622
1	2	0.4741	0	1	0.2616	-0.1125
1	2	5.369	0	0	-2.057	-0.2232
1	2	0.8938	1	0	-1.723	-0.007001
1	2	0.09395	1	1	-2.074	-0.1125
2	2	0.6959	0	0	0.4626	1.404
2	2	0.6561	0	1	-0.1179	-0.6254
2	2	1.957	0	0	0.9672	-0.6254
2	2	0.8365	1	1	2.041	1.404
2	2	0.1105	0	1	0.3553	1.404
2	2	0.5584	1	1	0.6563	-2.521
2	2	5.557	0	0	0.2017	-1.07
2	2	1.421	1	1	-1.299	-0.7656
2	2	0.8447	1	1	0.9325	-0.2431
2	2	0.8525	0	1	-0.3376	0.5732
2	2	0.2298	0	1	0.598	0.4836
2	2	0.6424	1	1	-0.629	-0.4919
2	2	5.204	1	1	-0.3965	-1.236
2	2	0.3518	0	0	-1.335	0.9052
2	2	0.3291	0	0	-1.184	0.6601
2	2	1.918	1	1	0.1915	1.057
2	2	5.5	1	1	0.5552	-1.412
2	2	0.6729	0	0	-0.4284	0.5732
2	2	0.5026	1	1	-1.096	-0.3647
2	2	0.08794	0	0	-0.03761	0.6601
2	2	1.847	0	0	-1.124	-0.3647
2	2	0.2884	1	1	-1.352	0.9052
2	2	0.3423	0	0	-0.3597	1.27
2	2	0.008383	0	0	-0.5543	1.592
2	2	0.5427	1	0	1.461	0.4836
2	2	0.6903	0	0	0.06937	-0.2431
2	2	0.753	1	1	0.5981	0.5732
2	2	5.329	1	1	0.8639	-0.6254
2	2	1.615	1	1	-0.2373	-0.9135
2	2	5.536	0	0	1.307	-1.601
2	2	0.2777	1	1	-0.04794	0.1954
2	2	5.776	1	1	0.9893	-1.412
2	2	1.428	1	1	2.289	-1.07
2	2	0.811	0	0	-0.4501	0.4836
2	2	0.7217	0	1	0.02219	0.7442
2	2	1.781	0	0	-0.8807	0.9052
2	2	0.3975	0	1	2.087	0.9052
2	2	5.37	0	0	1.092	-1.07
2	2	0.3473	0	1	0.9895	2.141
2	2	0.8791	0	0	-1.158	-0.1267
2	2	1.841	1	1	-2.084	0.3908
2	2	5.119	1	1	0.454	-0.3647
2	2	0.3808	0	1	1.629	0.2949
2	2	1.812	1	1	-0.9759	-0.6254
2	2	0.6491	0	0	-0.3329	0.1954
2	2	1.939	1	0	0.9553	-0.2431
2	2	0.3247	1	1	-0.4848	1.057
2	2	5.339	1	1	0.8241	-0.7656
2	2	5.428	1	1	1.849	-1.412
2	2	0.2816	1	1	-0.2623	-1.07
3	2	1.879	0	0	1.378	-0.002411
3	2	0.5518	0	1	-0.112	-0.9796
3	2	0.9188	0	0	-0.848	-0.4442
3	2	5.365	1	1	0.8141	-0.8347
3	2	0.2328	0	1	0.4563	1.188
3	2	5.514	1	1	0.1646	-1.862
3	2	5.189	1	1	-0.06559	-0.9796
3	2	5.188	1	1	-0.5501	-1.862
3	2	1.605	1	1	0.3225	0.3736
3	2	0.9676	0	1	0.271	-0.2137
3	2	0.8155	0	1	1.039	1.058
3	2	2.251	0	0	-1.854	0.2847
3	2	5.511	1	1	0.147	-0.9796
3	2	0.4288	0	0	1.457	-0.002411
3	2	5.42	0	0	1.42	-0.8347
3	2	0.4329	1	0	-0.1105	-0.2137
3	2	0.9515	0	0	-0.4048	0.4595
3	2	0.09895	0	1	-0.1028	1.597
3	2	1.722	1	1	-0.336	-0.6978
3	2	1.738	0	0	0.1272	-0.9796
3	2	1.844	1	1	0.1836	-0.3263
3	2	0.8978	0	0	0.002327	0.6231
3	2	0.6152	0	1	1.323	2.173
3	2	0.32	1	1	0.5102	1.754
3	2	0.129	1	1	-1.87	1.995
3	2	5.299	0	0	-1.386	-0.2137
3	2	0.8529	0	0	1.556	-1.297
3	2	0.849	0	1	1.944	1.058
3	2	5.661	0	0	-0.622	1.487
3	2	0.5179	0	1	0.5006	1.124
3	2	0.09333	1	0	-2.908	1.188
3	2	0.009421	1	1	0.8558	-1.659
3	2	1.665	1	1	0.1168	0.1926
3	2	0.1921	1	1	0.5041	-0.5678
3	2	0.8399	0	0	-0.391	-0.2137
3	2	0.002597	0	1	1.338	-0.2137
3	2	1.657	1	1	-0.7517	-0.8347
3	2	5.496	1	1	-0.03763	-1.297
3	2	1.889	1	1	0.4163	-0.002411
3	2	0.4704	0	0	1.496	0.8501
3	2	0.3447	1	0	0.5434	1.188
3	2	0.9716	1	1	-1.213	-0.002411
3	2	5.161	1	1	-0.3449	-0.8347
3	2	0.0515	0	0	-1.904	0.3736
3	2	0.4224	0	0	0.5152	-0.3263
3	2	1.719	1	1	-0.2764	-0.6978
3	2	0.3626	1	0	-1.837	0.1926
3	2	1.123	0	0	1.454	-0.5678
3	2	1.456	1	1	-0.591	0.9909
3	2	0.3735	0	1	0.09688	-0.2137
4	2	5.459	1	1	0.7573	-0.8331
4	2	1.927	0	0	-1.541	-0.8331
4	2	1.191	0	0	-0.9586	-1.326
4	2	0.2677	0	1	0.7043	-1.149
4	2	1.945	1	1	0.6608	0.1118
4	2	1.724	0	1	-0.651	-0.1972
4	2	0.179	0	1	-0.2892	1.443
4	2	0.3806	0	1	0.4402	1.39
4	2	1.789	0	0	1.19	1.828
4	2	0.05406	0	0	-0.8143	1.691
4	2	0.6895	1	1	0.4521	1.738
4	2	0.00395	1	1	1.556	-0.8331
4	2	1.847	0	0	-0.8171	0.5466
4	2	1.144	1	1	-0.04855	0.5466
4	2	5.472	0	0	1.196	-0.8331
4	2	1.102	1	0	-1.272	0.2961
4	2	5.149	1	1	-0.6903	-0.3106
4	2	0.01913	1	0	0.5604	0.4662
4	2	0.5018	0	1	-1.372	0.2058
4	2	0.836	0	0	-0.5232	-0.4301
4	2	1.698	0	0	-1.405	0.6991
4	2	1.839	0	0	1.093	1.828
4	2	1.526	1	1	1.871	0.4662
4	2	0.5006	1	0	-0.8362	0.0135
4	2	1.948	1	1	-0.8108	-0.5564
4	2	0.6221	1	1	-2.366	0.0135
4	2	0.7762	0	1	-0.3055	0.4662
4	2	0.7989	1	1	-0.2565	0.2961
4	2	0.7841	1	1	-0.381	-0.1972
4	2	1.923	1	1	1.111	-0.4301
4	2	5.213	0	0	-0.2173	-0.5564
4	2	0.4359	0	0	0.09407	-1.729
4	2	5.337	1	1	2.337	-0.6904
4	2	1.212	0	0	-0.176	0.5466
4	2	0.2359	1	1	0.05371	-0.8331
4	2	5.515	0	0	-0.8688	-1.149
4	2	0.7346	0	1	-0.0973	1.957
4	2	5.1	1	1	-0.4522	0.6241
4	2	5.218	0	0	-1.529	-0.5564
4	2	0.168	0	0	-0.2817	0.2961
4	2	0.4667	1	1	-0.4118	0.9758
4	2	0.4346	0	0	-1.786	-1.326
4	2	0.8075	0	1	-1.244	-0.4301
4	2	0.8525	0	0	0.3033	-1.729
4	2	0.8486	1	1	-0.3035	-0.5564
4	2	5.549	1	1	-0.881	-1.326
4	2	0.4497	1	1	0.01883	0.4662
4	2	0.4528	1	0	-0.9245	1.335
4	2	5.59	0	0	-2.163	-1.729
4	2	0.358	1	1	-1.153	0.2961
5	2	5.771	0	0	-0.3132	-0.02149
5	2	1.194	1	1	-1.148	-1.976
5	2	0.6975	0	1	-0.3412	-0.9938
5	2	0.7687	1	0	-0.02616	0.7896
5	2	0.6246	0	1	-0.09138	1.933
5	2	0.1402	0	0	0.109	0.0936
5	2	1.921	0	1	-0.1531	0.0936
5	2	0.3832	1	1	-0.1766	-0.2668
5	2	0.3765	1	1	-0.07782	-0.8326
5	2	0.3157	1	1	-1.03	-0.9938
5	2	0.5776	1	1	0.05928	2.317
5	2	5.158	1	1	-0.09948	0.7896
5	2	0.614	1	1	0.04539	-0.398
5	2	0.4557	0	1	1.304	0.3106
5	2	0.1889	0	0	0.222	1.274
5	2	1.482	0	0	0.8163	0.0936
5	2	5.37	1	1	-0.1526	-0.9938
5	2	0.8616	0	1	-0.7855	0.5121
5	2	0.5319	1	0	-1.435	0.6077
5	2	5.109	0	0	-0.2082	0.0936
5	2	5.809	0	0	-0.8549	0.3106
5	2	0.3218	1	1	-1.045	0.6077
5	2	0.2145	0	0	-1.554	0.6077
5	2	0.5512	0	1	0.9663	0.7896
5	2	2.073	1	1	-0.591	0.0936
5	2	0.245	0	1	0.07963	1.042
5	2	0.6492	0	1	-0.09313	-0.02149
5	2	1.776	1	1	-0.2462	0.3106
5	2	1.734	0	0	-0.3019	-0.5355
5	2	5.411	0	0	-0.07366	-0.1415
5	2	1.745	1	1	-0.873	-0.9938
5	2	1.881	0	0	1.588	0.6077
5	2	0.8896	1	1	-0.9848	0.8764
5	2	1.861	0	0	1.17	-0.6802
5	2	0.1465	1	0	-0.164	-0.8326
5	2	0.4876	1	1	-0.9114	-0.5355
5	2	0.01323	0	0	2.192	1.274
5	2	1.796	1	1	-1.244	-0.8326
5	2	5.671	1	1	-0.01688	-1.347
5	2	5.058	0	0	-0.07387	-2.49
5	2	0.7719	0	0	0.1603	0.0936
5	2	5.669	1	1	-0.09784	-0.8326
5	2	1.125	1	0	-0.894	0.2042
5	2	0.9167	1	0	-3.167	-2.49
5	2	0.355	0	0	0.2075	1.873
5	2	0.3249	1	0	1.085	-0.02149
5	2	0.1265	1	0	-0.7813	-0.1415
5	2	5.474	0	0	-1.355	-0.5355
5	2	0.7634	0	1	0.7742	0.6077
5	2	1.905	1	1	-1.545	0.7001
6	2	2.097	1	1	0.8533	-1.51
6	2	0.8597	0	1	-1.294	1.595
6	2	0.9452	0	0	-0.2736	-1.301
6	2	5.041	0	0	0.115	0.1227
6	2	0.2712	0	1	-2.032	-0.3424
6	2	0.8315	0	1	0.8394	-0.2166
6	2	0.5414	0	0	1.01	-1.51
6	2	0.3731	0	1	-0.8508	1.247
6	2	2.005	0	0	0.09894	0.5065
6	2	1.624	1	1	0.2804	0.01535
6	2	5.133	0	0	0.02608	-1.301
6	2	0.3617	0	0	-0.9338	2.282
6	2	5.465	1	1	0.4115	-0.09755
6	2	0.4187	1	1	0.4058	-0.3424
6	2	1.665	1	1	1.549	-0.2166
6	2	1.765	1	1	-1.218	-0.2166
6	2	5.533	1	1	1.293	0.323
6	2	1.701	1	1	0.5713	0.6759
6	2	5.412	0	0	-0.188	-1.51
6	2	1.617	1	1	-0.6674	0.01535
6	2	0.577	1	1	-0.8032	-0.2166
6	2	0.8153	1	1	0.8399	0.01535
6	2	1.072	1	1	-0.3287	0.8332
6	2	0.2264	0	0	0.7841	-1.301
6	2	5.48	1	1	0.4656	-0.7697
6	2	0.2997	0	0	-0.3434	0.1227
6	2	0.204	1	0	-1.237	1.428
6	2	0.7985	1	1	-1.799	0.01535
6	2	5.463	0	0	-0.1073	-0.3424
6	2	0.9165	0	1	-0.4676	2.359
6	2	0.6686	1	1	-0.3044	-0.09755
6	2	1.129	0	0	-0.6626	0.01535
6	2	0.3482	0	1	0.3008	0.01535
6	2	0.7233	0	0	0.09143	0.01535
6	2	4.983	0	0	-0.7259	-1.109
6	2	0.1594	1	0	-1.171	-1.51
6	2	5.648	1	1	0.1525	-0.2166
6	2	0.8362	1	1	1.433	1.247
6	2	0.1682	0	1	0.6773	0.5929
6	2	1.131	1	0	-0.141	-1.51
6	2	1.119	0	0	0.4833	1.118
6	2	1.842	1	1	-1.232	0.2251
6	2	0.1621	0	1	-1.665	1.309
6	2	0.2032	1	1	-0.2718	0.98
6	2	1.646	1	1	-0.3501	1.485
6	2	2.116	1	1	1.116	0.1227
6	2	0.5159	0	0	1.776	-0.9329
6	2	0.4737	0	0	0.7279	0.01535
6	2	5.795	0	0	-0.04485	-0.6179
6	2	0.3517	0	0	-0.8631	-1.51
7	2	5.49	1	1	1.561	-1.675
7	2	1.577	0	0	0.5107	0.4234
7	2	0.9509	1	1	-2.054	-0.4306
7	2	0.85	1	1	-0.633	-0.693
7	2	1.785	1	1	0.4875	0.4234
7	2	0.174	1	0	1.749	-0.191
7	2	0.4072	1	0	-0.5789	-0.693
7	2	0.8638	0	1	-0.3999	1.216
7	2	5.583	1	1	0.2709	-1.675
7	2	0.2176	0	1	-0.3258	2.377
7	2	0.4218	0	1	-0.9372	-0.693
7	2	5.165	0	0	0.4501	-0.4306
7	2	1.637	0	0	0.2043	-0.693
7	2	0.2017	1	0	-0.003611	-1.675
7	2	5.484	0	0	-0.006229	-0.3082
7	2	1.422	1	1	-0.05429	0.9254
7	2	0.6753	0	1	0.0002153	-0.9831
7	2	1.664	1	1	-0.6361	1.35
7	2	1.092	1	1	-2.311	0.6011
7	2	5.657	1	1	-0.981	-0.5587
7	2	0.503	1	1	-0.2106	0.33
7	2	0.9736	0	0	2.356	1.884
7	2	0.5122	0	1	-2.009	-1.485
7	2	0.1816	0	0	-1.177	0.1333
7	2	5.339	0	0	0.7111	0.4234
7	2	0.5013	0	1	-0.2699	2.092
7	2	0.8877	0	0	-0.7586	-0.3082
7	2	5.6	0	0	-1.01	-1.307
7	2	0.2153	1	1	-0.5933	0.6011
7	2	0.3559	1	0	1.747	1.216
7	2	0.7978	0	0	-0.2365	-0.191
7	2	0.3709	1	1	-0.6229	-0.693
7	2	1.704	0	0	0.5093	-0.191
7	2	2.204	1	1	-0.7308	0.8478
7	2	0.343	1	1	0.1411	0.8478
7	2	5.456	1	1	-1.607	0.6011
7	2	5.162	0	0	-0.01745	-1.307
7	2	1.878	1	1	0.301	-0.8343
7	2	1.553	1	1	-0.1801	-0.3082
7	2	0.5438	1	1	-0.5745	-0.3082
7	2	0.4062	0	0	0.008734	1.6
7	2	1.749	0	0	-0.9404	-0.9831
7	2	0.1204	0	1	-0.6393	0.1333
7	2	0.1307	0	1	1.397	-0.07862
7	2	5.504	1	1	-0.3147	0.2334
7	2	0.8132	0	0	-2.652	-0.4306
7	2	0.261	0	1	0.231	-0.4306
7	2	1.139	1	1	-1.462	0.33
7	2	0.2714	1	1	-1.104	-0.693
7	2	0.9409	0	1	-1.35	1.66
8	2	1.602	0	0	-0.4949	-0.8759
8	2	5.109	0	0	-0.2936	-0.3139
8	2	1.95	1	1	0.9119	-0.3139
8	2	0.7606	0	0	0.6871	-1.036
8	2	5.529	1	1	-0.1052	-0.1894
8	2	5.524	0	0	0.1102	-0.1894
8	2	0.4537	0	0	-0.6644	2.041
8	2	1.742	1	1	0.3695	-0.4442
8	2	0.6756	1	1	-0.3431	0.1539
8	2	0.7884	1	1	-0.3556	0.9864
8	2	5.048	0	0	-0.4679	-1.787
8	2	1.758	0	0	-1.832	-0.7245
8	2	0.3818	1	1	0.9959	0.3615
8	2	1.135	1	1	-0.02605	-0.3139
8	2	0.5191	0	0	1.454	0.04409
8	2	0.297	0	0	0.3962	-2.011
8	2	5.651	1	1	-0.1296	-0.5808
8	2	1.606	0	0	-0.1274	0.04409
8	2	0.1753	0	0	0.4125	-0.1894
8	2	1.808	0	0	1.332	0.2596
8	2	5.271	1	1	0.3345	-1.387
8	2	1.051	1	1	-2.106	-1.58
8	2	0.4346	1	1	-0.09464	0.9864
8	2	0.1435	1	1	-0.4351	0.8216
8	2	1.854	1	1	0.0001068	2.201
8	2	5.777	1	1	0.01188	0.04409
8	2	0.9199	1	1	-0.136	0.4598
8	2	0.148	0	0	0.2554	0.9864
8	2	0.1159	1	1	0.7045	0.5547
8	2	0.337	1	1	-0.4073	-1.206
8	2	1.425	0	0	1.52	0.7354
8	2	0.4999	1	1	-1.049	-1.036
8	2	2.064	0	1	1.137	0.04409
8	2	5.456	0	0	0.913	-0.8759
8	2	5.297	1	1	-0.5763	-0.8759
8	2	0.6232	1	0	2.414	1.142
8	2	0.8445	1	0	-0.7568	0.9864
8	2	0.1886	1	1	-0.8393	1.36
8	2	0.4897	0	0	-0.2428	0.8216
8	2	0.8529	1	1	2.063	1.563
8	2	1.775	0	0	1.133	-1.206
8	2	0.2663	0	0	-1.392	-0.4442
8	2	0.848	1	1	1.194	-0.1894
8	2	1.885	0	0	1.471	-0.4442
8	2	5.688	1	1	0.07185	0.4598
8	2	0.2242	0	0	-1.468	-2.011
8	2	0.256	0	0	0.1448	0.4598
8	2	0.7046	0	1	0.4536	0.9864
8	2	0.8159	0	0	1.961	0.7354
8	2	0.3926	0	1	0.136	0.9864
9	2	0.1091	0	0	1.504	-0.7186
9	2	0.493	1	0	0.2458	0.4644
9	2	0.3532	0	1	0.003528	0.7338
9	2	0.3029	1	0	-0.9698	-0.05929
9	2	0.2981	1	1	0.1615	2.506
9	2	0.5516	0	1	-1.176	1.27
9	2	0.8925	1	1	0.6831	-0.4342
9	2	0.9516	0	1	-0.2267	0.2676
9	2	5.455	0	0	-0.2393	1.338
9	2	1.369	0	0	0.4048	0.2676
9	2	0.7618	0	0	-0.1418	1.128
9	2	1.496	0	0	-0.8667	-1.405
9	2	0.6318	0	0	-0.2275	-1.215
9	2	0.4965	1	1	1.114	1.654
9	2	5.475	0	0	0.2285	-0.4342
9	2	5.289	1	1	1.425	-1.215
9	2	2.072	0	0	1.57	0.05438
9	2	0.5048	1	0	-1.393	1.2
9	2	0.03161	1	1	-0.1274	-0.303
9	2	6.057	1	1	0.534	0.2676
9	2	1.685	1	1	-2.088	0.3679
9	2	5.226	1	1	-1.815	0.05438
9	2	0.9053	0	0	-0.9628	-2.075
9	2	1.043	1	0	-0.09804	1.2
9	2	0.6047	1	1	0.4915	1.2
9	2	1.859	1	1	-2.919	0.6471
9	2	0.2082	0	1	1.658	-1.039
9	2	1.64	0	0	1.244	-1.609
9	2	0.5909	0	0	-0.1939	-0.7186
9	2	5.576	1	1	0.8422	-0.303
9	2	0.4595	0	0	1.017	-0.303
9	2	1.619	0	0	0.9992	0.3679
9	2	0.5144	0	0	0.7553	-0.8736
9	2	0.5155	1	0	-0.552	0.5574
9	2	0.5372	0	0	0.9047	0.5574
9	2	0.3348	1	0	0.9249	-0.4342
9	2	1.997	0	0	-0.4061	0.2676
9	2	0.8256	0	0	0.2018	0.8988
9	2	5.298	1	1	0.6412	-0.303
9	2	1.768	1	1	-1.783	-2.075
9	2	1.201	1	1	-0.2774	0.05438
9	2	1.846	1	1	-1.978	-0.7186
9	2	5.326	1	1	0.828	-1.215
9	2	0.4817	0	0	-1.272	-1.832
9	2	0.6372	0	1	0.005523	0.4644
9	2	0.05945	1	1	1.138	0.9775
9	2	5.293	0	0	-1.869	-0.05929
9	2	5.369	1	1	-0.7794	-0.7186
9	2	1.131	0	1	1.058	0.6471
9	2	0.4846	0	1	-1.219	0.6471
10	3	0.3479	0	0	0.291	1.294
10	3	3.572	0	0	-1.25	-0.9244
10	3	0.8121	0	1	-0.09812	1.363
10	3	3.337	1	1	-0.3389	-0.1956
10	3	0.3098	0	1	0.03088	-0.9244
10	3	3.486	0	0	-0.4313	1.363
10	3	0.07434	1	1	-0.8409	0.9952
10	3	0.6287	1	1	-0.2489	-0.4625
10	3	0.3282	0	0	0.01227	-0.4625
10	3	0.1023	0	1	-0.4996	0.6569
10	3	0.2081	0	0	0.02696	0.3698
10	3	0.1219	1	0	0.1543	0.1585
10	3	0.9846	0	1	-0.04098	1.431
10	3	0.3197	0	0	0.2181	-0.1956
10	3	0.01312	0	1	0.3387	0.9148
10	3	1.107	0	1	-0.1991	0.6569
10	3	1.065	1	1	0.2142	0.3698
10	3	0.5535	1	0	0.1027	-0.1956
10	3	0.6424	1	1	-0.3391	0.3698
10	3	0.2449	1	1	0.3367	-0.6073
10	3	0.03986	1	1	-0.1577	-1.287
10	3	0.2324	0	0	0.5574	-0.1956
10	3	0.8061	1	1	0.05246	1.859
10	3	1.231	0	0	2.161	-1.952
10	3	0.1468	1	0	1.118	-0.7609
10	3	3.974	1	1	-0.7069	0.3698
10	3	0.2221	1	0	1.084	-0.6073
10	3	0.1428	0	1	-0.06736	0.8317
10	3	1.071	1	0	-0.2332	-0.7609
10	3	3.881	1	1	0.1141	0.04589
10	3	0.138	1	0	0.4997	0.7458
10	3	3.533	1	1	-1.539	-0.4625
10	3	0.2763	0	0	-0.6063	-0.4625
10	3	0.4456	0	0	-0.1484	0.9952
10	3	0.6657	1	0	0.2898	0.2663
10	3	0.9736	0	0	1.026	0.5647
10	3	1.313	0	0	-1.318	-0.4625
10	3	0.889	0	0	0.9271	2.367
10	3	3.669	0	0	0.2372	-0.6073
10	3	0.06767	0	0	-1.825	-1.952
10	3	1.12	1	0	0.9078	1.431
10	3	0.4904	0	0	1.836	0.04589
10	3	0.1775	1	1	-0.3739	-0.7609
10	3	0.0621	1	1	-1.294	0.6569
10	3	0.1993	0	0	-0.5153	-1.952
10	3	3.699	1	1	-1.367	-0.9244
10	3	0.01973	1	0	-1.095	-0.4625
10	3	0.0898	1	0	-1.292	0.2663
10	3	3.872	0	0	-4.042	-1.71
10	3	3.835	0	0	0.2812	-1.099
11	3	0.02407	0	0	-0.531	-1.28
11	3	0.9615	0	0	1.036	-0.9326
11	3	0.2952	0	0	0.9104	0.9795
11	3	0.3956	1	1	0.1535	-0.4905
11	3	3.421	1	1	-0.5319	-0.235
11	3	0.04424	0	1	-1.568	-0.9326
11	3	3.484	1	1	-0.5699	-1.474
11	3	0.2387	1	1	-0.3166	-0.6291
11	3	3.93	1	1	-3.867	-1.28
11	3	0.95	1	1	-0.1743	0.6661
11	3	0.3268	0	1	0.8421	0.104
11	3	1.177	1	1	-0.8023	0.3062
11	3	0.545	0	1	-0.1045	1.446
11	3	0.7516	1	1	2.168	-0.4905
11	3	0.09894	0	1	-0.4894	-0.3594
11	3	0.5492	1	0	1.372	1.506
11	3	0.2405	1	1	2.005	1.122
11	3	3.64	0	0	-0.07332	0.3062
11	3	0.8078	1	1	-0.6527	1.322
11	3	0.336	1	1	-0.978	1.122
11	3	0.6284	0	1	0.9301	-0.235
11	3	0.1748	0	0	1.233	0.581
11	3	3.252	0	0	-0.4901	0.9795
11	3	0.4686	1	0	1.641	0.3062
11	3	0.03726	0	0	-0.8763	0.6661
11	3	1.051	0	0	0.945	-0.003827
11	3	0.09927	1	1	0.5164	-1.916
11	3	0.908	1	1	-0.3622	0.3062
11	3	0.7985	1	1	-0.2744	0.104
11	3	0.1946	0	0	0.2322	-1.28
11	3	0.2101	1	0	-3.272	0.6661
11	3	3.512	1	1	2.018	-1.685
11	3	0.2983	1	0	0.2454	-0.4905
11	3	0.008464	1	1	0.09678	1.987
11	3	0.6132	1	1	0.4564	1.122
11	3	0.6235	0	0	-0.4271	-1.916
11	3	1.203	0	0	0.202	0.9795
11	3	0.2178	0	1	1.189	0.7483
11	3	0.5581	1	1	-0.4607	1.257
11	3	0.2019	0	1	-1.614	-1.1
11	3	0.1477	0	1	-2.204	-0.6291
11	3	0.6927	0	0	0.4469	-0.4905
11	3	3.654	0	0	0.1035	-1.28
11	3	3.794	0	1	0.6469	0.2072
11	3	3.446	1	1	-1.09	-0.1166
11	3	0.623	0	0	0.7372	1.191
11	3	0.2001	0	1	0.9518	-0.235
11	3	3.679	0	0	1.377	-1.474
11	3	0.1187	1	1	0.39	0.3062
11	3	0.3005	0	0	0.7528	0.6661
12	3	0.4574	0	0	-0.08007	-0.8031
12	3	0.6807	0	0	0.7095	0.8344
12	3	0.819	0	0	-0.3034	0.1867
12	3	0.1259	1	1	1.411	-1.057
12	3	0.03355	0	0	-0.1238	-1.34
12	3	0.1861	0	1	0.342	-0.6849
12	3	3.945	0	0	1.12	-0.9271
12	3	0.7122	1	1	0.4328	0.9584
12	3	0.3839	1	1	0.5273	1.018
12	3	0.4578	0	1	-0.136	0.4951
12	3	0.04927	0	1	-0.06718	-1.34
12	3	0.1366	1	0	0.6332	-1.658
12	3	3.629	1	1	-0.8994	-1.34
12	3	0.1011	0	1	1	-0.8031
12	3	0.2351	0	0	-0.261	2.068
12	3	0.989	1	0	-0.2483	-0.4637
12	3	3.48	1	1	-0.6413	-2.022
12	3	0.1944	0	1	-1.617	1.19
12	3	0.3166	1	1	1.003	-0.9271
12	3	0.2365	0	1	1.814	-0.5719
12	3	0.8832	0	0	-2.848	-0.9271
12	3	0.4563	1	1	-0.2428	0.2673
12	3	0.259	0	1	0.2738	0.4951
12	3	0.354	0	1	-0.7206	-0.36
12	3	0.4895	1	0	0.277	0.1033
12	3	0.2543	0	0	0.1418	-0.2603
12	3	0.4498	1	0	0.8487	2.145
12	3	3.706	1	1	-0.5188	-0.9271
12	3	0.9325	1	0	0.8935	-0.6849
12	3	3.868	0	0	0.7056	-0.5719
12	3	0.3062	1	0	1.222	-0.36
12	3	3.734	1	1	0.2841	-0.2603
12	3	0.9438	1	1	1.019	0.6363
12	3	0.4556	0	0	-1.402	1.244
12	3	0.3544	0	1	0.2838	1.19
12	3	0.8281	0	0	1.138	1.865
12	3	0.2918	0	1	2.361	1.644
12	3	3.47	0	0	-0.8973	-0.36
12	3	0.1708	0	0	2.621	-0.36
12	3	0.2186	0	1	0.71	-0.6849
12	3	0.7982	1	1	1.816	-0.072
12	3	3.693	1	1	-0.8145	0.01718
12	3	0.2515	0	1	-0.3274	0.5667
12	3	0.802	1	1	0.4059	0.4214
12	3	0.1399	1	0	0.6154	1.644
12	3	0.4774	1	1	0.06502	0.4214
12	3	0.3578	1	0	0.9727	1.077
12	3	3.765	1	1	-0.2353	-0.36
12	3	3.554	1	1	0.4719	0.1033
12	3	0.3881	1	1	-0.1035	-0.4637
13	3	0.6942	0	0	-0.9459	1.131
13	3	0.009481	1	0	-1.046	-0.5576
13	3	0.249	0	0	0.1091	-1.111
13	3	3.653	1	1	-0.208	-1.111
13	3	0.2683	1	1	0.008781	0.1964
13	3	3.285	1	1	-0.4822	-0.9616
13	3	3.523	1	1	1.107	-0.6855
13	3	3.702	1	1	1.426	-1.62
13	3	0.4238	1	1	0.5015	1.259
13	3	0.5863	0	1	-0.2587	2.06
13	3	0.07763	1	1	-0.4594	-0.4357
13	3	0.7851	0	0	0.7092	1.44
13	3	3.82	1	1	2.527	0.2884
13	3	0.2744	0	0	0.549	0.7053
13	3	3.573	0	0	1.141	-0.9616
13	3	0.3192	1	1	-1.291	-0.4357
13	3	0.2705	0	1	1.592	-0.8199
13	3	0.1661	0	0	0.9204	-0.6855
13	3	0.9467	1	1	1.64	-0.1006
13	3	0.7769	0	0	-1.576	-0.1006
13	3	0.6049	1	0	-1.474	0.002187
13	3	0.2384	0	0	-1.354	-0.9616
13	3	0.1187	0	0	1.589	0.5464
13	3	0.2952	1	1	0.4565	-1.815
13	3	0.06751	0	0	1.143	0.6271
13	3	3.988	0	0	-0.635	1.259
13	3	0.3877	0	1	-0.223	-0.1006
13	3	0.2601	0	0	0.4279	0.1011
13	3	3.359	0	0	0.5507	-0.3192
13	3	0.5625	0	1	0.8485	0.3773
13	3	0.09867	1	1	-1.048	0.6271
13	3	0.045	0	1	-0.6327	-1.815
13	3	1.064	1	1	-2.169	0.4632
13	3	0.1518	1	1	0.6854	1.554
13	3	0.789	0	0	1.31	0.7813
13	3	0.1628	1	0	-1.044	0.6271
13	3	0.6337	1	1	0.8588	-0.1006
13	3	3.531	1	1	-0.303	-1.111
13	3	0.9509	1	1	-0.7505	0.002187
13	3	0.4914	0	0	0.5075	0.7813
13	3	0.2634	1	1	0.0008282	2.105
13	3	0.004967	1	1	0.4898	-0.1006
13	3	3.61	1	1	0.2525	-2.024
13	3	0.2856	0	0	1.366	1.498
13	3	0.4916	0	1	-0.8349	0.7813
13	3	0.775	1	1	0.1768	-0.4357
13	3	0.2799	1	1	1.602	-0.1006
13	3	0.4516	0	1	0.6769	-0.5576
13	3	0.5827	1	0	0.9693	-1.111
13	3	0.1099	0	0	-0.314	0.9269
14	3	3.604	1	1	0.5014	2.756
14	3	0.7024	0	1	1.015	-1.175
14	3	0.5346	0	0	1.041	0.3455
14	3	0.2445	0	1	0.1407	1.028
14	3	0.6037	1	1	-0.4767	0.8408
14	3	0.66	0	0	0.3476	0.4965
14	3	0.02509	0	1	1.851	-1.617
14	3	0.519	0	1	0.2551	0.6395
14	3	0.9654	0	1	-0.2183	-0.3596
14	3	0.1083	1	1	0.124	0.3455
14	3	0.3157	1	1	-1.109	-1.175
14	3	0.2662	1	1	-0.338	0.4965
14	3	0.724	0	1	0.8846	1.473
14	3	0.3428	1	1	0.4217	1.622
14	3	3.912	0	0	0.5588	-1.957
14	3	0.5665	1	0	0.8182	-1.957
14	3	3.579	1	1	-0.6057	-1.042
14	3	0.3466	1	1	0.9044	0.3455
14	3	0.3013	0	0	0.1016	-1.617
14	3	0.3596	0	0	-1.244	1.315
14	3	0.711	0	0	-0.4516	0.102
14	3	1.206	0	0	1.601	-0.2608
14	3	0.9835	1	0	0.7034	0.4965
14	3	0.1821	1	1	-0.3389	-0.7953
14	3	1.14	1	1	0.2968	0.5689
14	3	0.4729	1	1	0.5655	-0.4622
14	3	0.5215	0	0	-0.9915	0.4965
14	3	0.656	1	0	0.8785	1.524
14	3	0.3658	1	1	0.2529	-0.3596
14	3	1.123	1	1	-0.1133	-0.7953
14	3	3.841	0	0	0.4327	-0.07335
14	3	0.387	0	1	0.008374	0.6395
14	3	3.612	1	1	-0.6787	-0.916
14	3	0.3646	0	0	1.529	-0.07335
14	3	0.3201	1	0	-1.143	0.3455
14	3	3.811	0	0	0.0182	-0.916
14	3	0.4559	0	0	0.8773	0.5689
14	3	3.553	1	1	1.302	0.102
14	3	3.704	0	0	-0.4375	-0.5687
14	3	0.1393	0	0	0.599	-0.2608
14	3	0.5112	1	1	-0.1055	-0.07335
14	3	0.3186	0	0	-1.348	-0.916
14	3	0.4502	0	0	-1.523	-0.6796
14	3	0.06082	1	0	-1.74	0.9672
14	3	0.4965	1	0	0.6225	0.2667
14	3	3.604	1	1	0.2281	0.4965
14	3	0.09361	0	1	0.6529	-0.6796
14	3	0.07341	1	0	0.4879	-0.6796
14	3	3.413	0	0	0.2478	-0.6796
14	3	0.07277	0	1	-0.4621	1.81
15	3	0.1436	1	1	-1.701	-2.209
15	3	0.405	1	1	0.005072	0.9018
15	3	3.496	0	0	0.1336	-0.573
15	3	0.7458	0	0	5.397e-05	-1.115
15	3	3.757	1	1	-0.4314	-1.269
15	3	0.03598	1	1	-0.1959	-0.1223
15	3	0.3532	1	1	0.933	-0.2281
15	3	0.2122	0	0	-0.07693	0.5211
15	3	4.054	0	0	0.5376	-0.1223
15	3	3.47	1	1	-0.8255	1.107
15	3	0.1632	1	1	-0.8374	-1.269
15	3	0.1168	0	1	0.7629	0.3524
15	3	0.7657	0	0	0.7183	-1.607
15	3	0.01411	1	0	-1.403	0.9018
15	3	0.8388	1	1	1.305	-1.432
15	3	0.6638	0	1	0.1109	-0.4531
15	3	0.7223	0	0	-1.066	1.475
15	3	0.06692	1	0	1.018	0.07771
15	3	0.04783	0	1	0.6192	0.07771
15	3	0.9465	1	0	0.1511	0.6016
15	3	0.3854	1	0	-0.1247	-0.1223
15	3	0.3568	0	0	-0.404	1.04
15	3	0.4855	1	1	1.864	0.2639
15	3	0.2442	1	0	0.08267	0.3524
15	3	0.3263	1	1	-1.054	2.179
15	3	1.063	1	0	-0.1608	0.1724
15	3	0.02862	0	1	-0.5137	2.55
15	3	3.475	1	1	-0.5632	-0.573
15	3	0.363	0	0	1.263	0.9718
15	3	0.7936	1	1	-1.987	-0.4531
15	3	0.06616	1	0	1.139	1.532
15	3	0.6788	1	1	-0.048	0.9718
15	3	3.657	1	1	1.84	-0.1223
15	3	0.2314	0	1	-0.3367	-0.02042
15	3	3.644	0	0	0.7928	-0.2281
15	3	0.0664	0	0	1.037	0.6798
15	3	0.6831	0	0	-1.591	-0.1223
15	3	0.3394	0	1	1.942	0.7559
15	3	3.583	1	1	-0.8224	-0.573
15	3	0.1265	0	0	3.379	0.8298
15	3	0.5009	0	0	-0.886	-0.2281
15	3	0.675	1	1	0.6048	0.6016
15	3	3.812	0	0	1.358	0.3524
15	3	3.974	0	0	0.6716	-1.993
15	3	0.3155	0	0	-1.636	-0.2281
15	3	0.571	1	1	-1.006	-0.3382
15	3	1.051	1	1	0.5441	-1.269
15	3	0.2554	1	0	-0.4652	-0.8302
15	3	0.7139	1	0	0.1396	-0.3382
15	3	0.229	0	0	-0.4147	-1.432
16	3	0.1616	1	1	-0.6342	-0.2446
16	3	0.1059	0	0	-0.1839	0.4953
16	3	0.1252	1	1	1.072	0.8432
16	3	0.3036	0	0	-0.1107	0.9985
16	3	0.2406	0	1	1.016	0.1563
16	3	3.755	0	0	0.7142	0.3659
16	3	3.464	1	1	0.3749	0.3659
16	3	0.7242	1	1	-1.571	0.3659
16	3	0.002563	0	1	0.8953	0.5572
16	3	0.9719	0	0	0.8197	1.143
16	3	0.2626	0	1	-0.4656	0.7332
16	3	0.3049	0	1	-0.4272	-0.7352
16	3	0.0287	0	1	0.4085	0.8432
16	3	3.857	1	1	0.5833	0.7332
16	3	0.1634	0	1	2.684	0.9479
16	3	0.5422	1	0	-0.2465	-0.7352
16	3	0.1607	1	1	1.736	1.048
16	3	3.649	1	1	-1.391	0.2982
16	3	3.583	1	1	1.441	-0.7352
16	3	0.9072	1	1	0.1634	0.4315
16	3	0.229	0	0	0.9781	-2.259
16	3	0.007777	1	0	-0.4581	0.4315
16	3	0.7539	1	1	2.951	0.5572
16	3	3.559	0	0	1.144	0.1563
16	3	3.571	0	0	-0.06276	-1.093
16	3	0.534	0	1	-1.128	1.408
16	3	0.06612	0	1	2.224	1.048
16	3	0.1861	0	1	-0.02728	-1.368
16	3	0.6364	1	1	1.519	0.1563
16	3	0.5808	0	0	-2.462	0.4315
16	3	0.7455	0	0	3.35	1.143
16	3	0.162	0	0	-1.084	0.1563
16	3	0.1442	0	0	-1.825	-0.7352
16	3	0.9926	0	0	0.7275	-0.4279
16	3	1.109	1	1	-0.8351	-0.2446
16	3	0.1844	0	0	0.1608	-2.259
16	3	0.0559	0	1	2.224	0.3659
16	3	3.798	1	1	-0.7032	-0.2446
16	3	0.2918	1	1	-0.237	-0.1583
16	3	3.588	1	1	-1.838	1.28
16	3	0.08233	1	1	2.261	0.2284
16	3	1.031	1	1	-0.5525	1.568
16	3	0.4483	0	0	-1.307	-1.52
16	3	3.657	0	0	0.9004	-2.259
16	3	0.3688	0	0	0.4749	-0.1583
16	3	0.6313	0	0	-0.2444	-0.4279
16	3	0.9179	1	0	0.6291	-1.682
16	3	0.1257	0	1	1.191	-0.07535
16	3	0.6038	1	1	0.4868	0.3659
16	3	0.6565	1	0	0.9874	-2.259
17	3	0.5168	1	1	0.2655	-1.175
17	3	0.2575	0	0	-0.5169	-0.5807
17	3	0.09924	1	1	-0.9883	-0.384
17	3	0.5303	1	1	0.1931	0.9011
17	3	0.2864	1	1	-0.5514	1.352
17	3	0.3209	0	0	0.7853	0.8501
17	3	3.333	1	1	-1.052	0.8501
17	3	0.6973	0	1	-0.7707	1.311
17	3	0.1108	1	1	-0.7014	-0.9162
17	3	1.128	0	1	0.5478	0.7979
17	3	3.896	1	1	0.4595	-0.1201
17	3	0.2148	0	1	-0.573	1.139
17	3	3.543	1	1	-0.1352	-0.1201
17	3	0.3831	1	0	1.452	1.581
17	3	1.168	1	1	0.3371	0.6326
17	3	0.4173	0	1	0.1809	1.183
17	3	1.117	0	0	0.8181	-0.7982
17	3	0.3698	0	0	-0.6391	0.5745
17	3	3.654	0	0	-0.02054	-0.48
17	3	0.1983	1	0	0.4835	1.884
17	3	3.734	0	0	-0.307	-0.03914
17	3	0.6895	1	0	-1.803	-0.5807
17	3	0.9184	1	0	-1.859	0.6892
17	3	0.1471	0	0	0.1004	0.2563
17	3	3.912	1	1	0.8163	-0.9162
17	3	0.2877	1	0	0.2526	0.7442
17	3	1.005	1	1	-0.1271	1.269
17	3	1.066	0	0	0.689	-0.9162
17	3	0.06357	1	1	-0.09767	0.6892
17	3	3.687	0	0	0.7168	-1.175
17	3	1.013	1	1	1.025	-0.384
17	3	3.444	1	1	-0.6307	-0.2922
17	3	0.866	1	1	1.436	0.8501
17	3	0.5756	1	0	2.157	-0.6866
17	3	0.4014	1	0	-1.835	0.9011
17	3	3.487	1	1	-0.1894	-0.5807
17	3	0.6927	0	0	-1.526	0.7442
17	3	0.05932	0	0	0.1351	-0.03914
17	3	0.3987	0	0	-0.084	-2.012
17	3	0.2945	1	1	1.193	-2.012
17	3	0.1005	1	0	0.8598	-0.1201
17	3	0.9709	0	0	0.785	-1.635
17	3	0.1423	0	0	0.2137	-0.7982
17	3	3.92	0	0	-0.5774	1.581
17	3	0.1603	1	0	0.312	-0.48
17	3	0.01319	0	0	0.6715	0.7442
17	3	0.3809	0	0	-0.7429	-1.47
17	3	0.03961	1	0	1.261	-0.9162
17	3	0.01396	1	1	1.235	-1.317
17	3	0.6297	0	0	0.9164	-0.5807
18	3	3.98	1	1	1.032	-0.7071
18	3	0.05007	1	1	-0.3397	1.274
18	3	3.561	1	1	-0.3331	-0.07592
18	3	0.8978	1	1	1.193	1.604
18	3	0.3401	0	0	0.2244	0.8137
18	3	3.504	1	1	0.716	-0.1885
18	3	0.2195	1	1	1.934	0.4998
18	3	1.084	1	0	1.659	-1.597
18	3	0.4954	0	0	0.1281	2.26
18	3	0.5544	0	1	-0.4915	0.03114
18	3	0.6578	0	1	0.7304	-0.07592
18	3	0.2293	0	0	0.2552	0.1332
18	3	0.1741	1	1	-0.3075	0.6624
18	3	0.8022	0	0	-1.106	0.2307
18	3	0.3974	0	0	0.1987	-0.5655
18	3	0.5144	0	1	-1.816	0.4998
18	3	0.1063	0	0	1.36	-1.021
18	3	0.6253	1	0	-0.0944	-0.8585
18	3	0.5024	1	1	1.483	-0.7071
18	3	3.663	1	1	-0.3404	0.4137
18	3	0.2504	0	0	0.8277	1.703
18	3	0.2481	1	0	-0.1731	1.214
18	3	0.1926	0	0	-0.2077	-0.3071
18	3	0.7985	0	1	-1.887	1.445
18	3	0.032	1	0	0.9739	-1.597
18	3	0.9692	0	0	0.6073	0.03114
18	3	0.908	1	1	0.4053	0.9554
18	3	0.3603	1	1	-0.8612	-0.07592
18	3	3.644	0	0	-1.765	-1.197
18	3	0.9566	1	0	0.4441	-1.597
18	3	0.6794	0	0	-0.02175	0.6624
18	3	3.767	1	0	-0.8664	-1.597
18	3	0.1022	0	1	-0.4741	1.088
18	3	0.6022	1	1	-0.1486	0.4137
18	3	3.73	0	0	0.2753	-0.4325
18	3	3.271	0	0	-0.5177	-1.597
18	3	1.02	0	0	-0.1113	-0.7071
18	3	0.817	1	1	0.7224	-0.8585
18	3	3.545	1	1	0.01622	-0.4325
18	3	0.09261	0	1	-0.7856	0.1332
18	3	0.9593	0	0	-0.5485	-0.07592
18	3	4.058	1	1	1.967	-1.597
18	3	0.7523	1	0	-1.67	-1.021
18	3	0.09144	0	1	0.5438	0.4137
18	3	0.8647	0	0	-1.628	-1.197
18	3	0.01748	0	0	1.213	-0.3071
18	3	0.1854	1	0	-0.9315	1.332
18	3	0.07158	1	0	0.5652	0.5826
18	3	0.3053	0	0	0.2377	0.6624
18	3	0.08032	0	1	0.4133	1.332
19	3	0.7369	0	0	-0.9195	0.1018
19	3	0.4098	0	0	-0.8582	0.2798
19	3	0.05125	1	1	0.4479	-0.3036
19	3	3.592	1	1	-0.3067	0.007177
19	3	0.1512	0	0	0.7985	-1.097
19	3	0.2737	0	1	0.7344	0.5979
19	3	0.2808	0	0	0.2702	0.007177
19	3	0.1408	0	0	-0.4326	-1.261
19	3	0.8455	1	1	-0.3293	0.5979
19	3	0.06503	0	1	0.1294	1.643
19	3	0.2764	0	1	0.4763	2.025
19	3	0.8022	0	1	-0.1079	1.003
19	3	0.548	1	0	1.208	-0.3036
19	3	0.4125	1	1	-1.767	-0.09166
19	3	0.1505	0	0	0.8944	0.2798
19	3	3.451	1	1	-0.1941	-0.3036
19	3	0.3032	1	0	1.194	0.9407
19	3	0.2886	0	1	1.033	1.821
19	3	0.1461	1	0	-0.4451	0.4445
19	3	3.372	0	0	0.7411	-0.09166
19	3	0.4805	1	1	0.7194	1.238
19	3	0.2627	0	0	0.03542	-1.261
19	3	3.421	0	0	-0.1306	-0.1951
19	3	0.1023	0	0	-1.241	0.4445
19	3	0.2071	0	1	1.257	-0.5378
19	3	0.8466	1	1	0.1447	0.5979
19	3	0.5509	1	0	0.5565	0.007177
19	3	0.9752	1	1	-0.82	0.1926
19	3	0.2262	0	0	-0.4053	-0.5378
19	3	0.486	1	1	0.8397	0.8762
19	3	0.3911	0	0	-0.5583	-1.633
19	3	0.1078	1	1	-1.365	-0.3036
19	3	0.8892	1	0	1.091	1.821
19	3	4.034	0	0	0.3189	-1.439
19	3	3.57	0	0	-0.1509	-1.633
19	3	0.8253	1	0	1.275	0.2798
19	3	0.5902	1	0	0.5922	-0.9432
19	3	0.3617	1	0	0.02811	0.5979
19	3	0.4349	1	1	-0.06699	0.6709
19	3	0.5691	0	1	-2.987	0.5979
19	3	3.528	1	1	-0.4193	0.1926
19	3	1.156	0	0	-1.379	-0.9432
19	3	0.4262	0	0	0.4053	-0.5378
19	3	0.1201	0	0	-0.4408	-1.845
19	3	3.882	1	1	-0.5362	-1.845
19	3	3.381	0	0	0.8209	0.3637
19	3	3.251	1	1	2.068	-1.439
19	3	1.077	0	0	1.239	1.821
19	3	1.039	0	1	-0.06982	-1.097
19	3	0.3476	1	0	0.8085	0.1926
20	4	0.3552	0	1	-0.5014	1.623
20	4	3.567	0	0	-1.485	0.3012
20	4	0.8142	0	0	0.7687	-1.528
20	4	3.362	1	1	-1.053	-0.8356
20	4	0.3092	0	1	-0.6803	0.1659
20	4	3.493	0	0	-0.7	-0.2877
20	4	0.07822	1	0	0.02552	0.3012
20	4	0.6277	1	0	-0.2141	0.9936
20	4	0.3307	0	0	-0.2236	1.458
20	4	0.1032	0	0	0.04182	1.995
20	4	0.2074	0	0	0.7389	0.3012
20	4	0.1263	1	1	0.5418	0.43
20	4	0.9795	0	1	1.073	0.9936
20	4	0.3211	0	0	-1.226	-0.6401
20	4	0.01531	0	0	-0.2217	0.8901
20	4	1.103	0	1	-0.2383	1.925
20	4	1.067	1	1	-1.191	0.9936
20	4	0.5481	1	0	1.64	-1.528
20	4	0.6361	1	1	-0.4331	0.3012
20	4	0.2378	1	0	0.6224	0.5527
20	4	0.04154	1	0	0.5272	0.3012
20	4	0.2358	0	0	0.8014	0.5527
20	4	0.8036	1	0	1.65	-0.2877
20	4	1.227	0	0	0.3624	0.9936
20	4	0.1446	1	0	0.5822	-0.458
20	4	3.98	1	1	-0.3114	-0.6401
20	4	0.2211	1	0	0.6692	-0.8356
20	4	0.1435	0	0	0.1712	-0.6401
20	4	1.075	1	0	0.2317	0.5527
20	4	3.889	1	1	-1.528	-1.047
20	4	0.1429	1	0	1.304	-0.8356
20	4	3.545	1	1	-0.01736	-1.528
20	4	0.2783	0	0	1.032	-0.458
20	4	0.4545	0	0	0.2509	-1.047
20	4	0.6709	1	0	-1.801	-0.8356
20	4	0.9735	0	0	1.064	-0.8356
20	4	1.312	0	0	-0.2008	-1.528
20	4	0.8937	0	0	0.5019	0.5527
20	4	3.672	0	0	0.7573	-1.528
20	4	0.07411	0	0	0.2165	0.3012
20	4	1.13	1	1	-1.532	-1.528
20	4	0.4883	0	0	-0.006195	0.1659
20	4	0.1784	1	0	2.108	0.6701
20	4	0.06381	1	0	0.6259	0.3012
20	4	0.1911	0	0	0.5619	0.1659
20	4	3.711	1	1	-2.129	0.43
20	4	0.01748	1	1	-0.8685	0.43
20	4	0.08601	1	0	-0.5027	-0.458
20	4	3.882	0	0	-2.287	2.196
20	4	3.84	0	0	-2.728	-1.528
21	4	0.03284	0	0	-1.219	-0.03793
21	4	0.9558	0	0	-1.635	-1.332
21	4	0.2998	0	0	0.1189	-1.332
21	4	0.399	1	0	0.3449	0.8386
21	4	3.415	1	1	0.5791	-0.8298
21	4	0.05122	0	0	-0.7591	-0.6095
21	4	3.483	1	1	-1.327	-1.332
21	4	0.2406	1	0	-0.345	-1.332
21	4	3.929	1	1	-1.805	0.5763
21	4	0.9451	1	1	-0.5978	1.599
21	4	0.3234	0	0	0.01346	-0.4055
21	4	1.178	1	1	-0.8227	0.5763
21	4	0.5504	0	0	-1.444	0.5763
21	4	0.7553	1	1	0.9355	0.5763
21	4	0.09811	0	0	-0.8319	-0.2156
21	4	0.5469	1	1	0.8906	-0.2156
21	4	0.2361	1	0	-0.6286	0.7106
21	4	3.644	0	0	-0.1488	-0.2156
21	4	0.8087	1	1	0.2965	1.402
21	4	0.3327	1	0	-0.1255	1.692
21	4	0.6383	0	0	0.6273	2.037
21	4	0.1775	0	0	-0.02094	0.1289
21	4	3.26	0	0	0.3182	-1.332
21	4	0.467	1	0	0.8014	-1.332
21	4	0.03283	0	0	-0.8823	0.1289
21	4	1.052	0	0	0.8578	0.5763
21	4	0.09796	1	1	0.009017	1.298
21	4	0.8993	1	0	-0.6631	-0.4055
21	4	0.7967	1	1	-1.23	-0.6095
21	4	0.1919	0	0	0.5502	0.2863
21	4	0.2102	1	0	-1.52	0.2863
21	4	3.512	1	1	-0.01495	0.2863
21	4	0.2982	1	0	1.477	0.1289
21	4	0.008486	1	1	-1.138	-0.2156
21	4	0.6204	1	1	-0.2158	1.078
21	4	0.6196	0	0	-0.3747	2.484
21	4	1.205	0	1	1.309	0.961
21	4	0.2212	0	0	-0.2035	0.2863
21	4	0.5609	1	1	-0.947	0.5763
21	4	0.2007	0	0	1.237	0.8386
21	4	0.1462	0	0	1.167	-0.8298
21	4	0.6939	0	0	1.18	-1.332
21	4	4.039	0	0	-1.488	-1.332
21	4	3.799	0	0	-0.1723	-1.332
21	4	3.353	1	1	-0.1411	-1.332
21	4	0.1989	0	0	-0.7805	0.5763
21	4	0.3775	0	0	-1.866	0.1289
21	4	3.715	0	0	-0.05886	-1.069
21	4	0.4623	1	0	0.929	-0.8298
21	4	0.1821	1	1	-1.899	-0.8298
22	4	0.7312	0	0	-1.196	-1.029
22	4	0.3777	0	0	0.2452	0.1443
22	4	0.8977	0	0	-0.3388	-0.2698
22	4	0.3142	1	0	0.7119	-1.029
22	4	0.09155	0	0	-1.181	-1.029
22	4	0.4431	1	0	1.361	-0.2698
22	4	3.581	0	0	0.649	-1.029
22	4	0.9891	1	1	-0.3986	1.381
22	4	0.1858	1	0	0.6504	-1.029
22	4	0.5677	0	0	-0.7188	-0.2698
22	4	0.2245	1	0	1.169	-1.029
22	4	0.2128	1	1	0.6078	2.757
22	4	3.625	1	0	0.6409	-1.029
22	4	0.3185	0	1	-0.1959	0.3311
22	4	0.1995	0	0	0.5184	0.672
22	4	0.8895	1	1	-0.7877	1.381
22	4	3.916	1	1	-0.2595	-1.029
22	4	0.2631	0	0	-0.2511	-0.5015
22	4	0.9158	1	0	0.6148	0.1443
22	4	0.6825	0	0	-0.3961	-1.029
22	4	0.9369	0	0	0.1607	2.426
22	4	0.09845	0	1	-0.6663	-0.5015
22	4	0.5434	0	0	0.4033	0.672
22	4	0.01941	1	1	1.003	1.253
22	4	0.08724	1	0	0.6113	-1.029
22	4	0.6654	0	1	-0.8813	1.118
22	4	0.5474	1	0	-0.3026	0.1443
22	4	4.134	1	1	0.3562	-1.029
22	4	1.016	1	0	2.557	-0.2698
22	4	3.357	0	0	1.102	0.1443
22	4	0.02296	1	0	0.04545	1.381
22	4	3.866	1	1	0.4144	0.1443
22	4	0.9223	1	0	1.919	0.9769
22	4	0.2654	0	1	1.053	-0.5015
22	4	0.3494	0	0	-0.1821	0.9769
22	4	0.9648	0	0	0.2102	-0.2698
22	4	0.2466	0	0	-1.797	-1.029
22	4	3.883	0	0	1.07	-1.029
22	4	0.3323	0	0	-1.053	-1.029
22	4	0.3249	0	0	1.057	-1.029
22	4	0.9101	1	0	1.229	-1.029
22	4	3.828	1	1	-0.6285	-0.5015
22	4	0.2456	0	0	-1.271	0.1443
22	4	0.8031	1	1	-0.5071	0.9769
22	4	0.1424	1	0	-0.09263	0.9769
22	4	0.4813	1	1	0.1498	0.5065
22	4	0.3597	1	0	0.2544	0.1443
22	4	3.765	1	1	0.5166	-1.029
22	4	3.561	1	1	-0.003161	1.381
22	4	0.3844	1	1	0.8077	0.672
23	4	0.8554	1	1	-0.3683	0.6382
23	4	0.5745	0	0	0.3613	-0.8477
23	4	0.3377	1	1	-1.603	0.9816
23	4	4.117	1	1	-0.2472	-1.655
23	4	3.66	1	1	-0.9643	0.9816
23	4	0.5674	0	1	-0.7289	-1.655
23	4	0.1152	1	0	-0.3418	0.544
23	4	1.139	1	1	-0.6498	-1.427
23	4	0.5305	0	1	-0.7974	1.419
23	4	1.084	0	0	0.5788	1.672
23	4	0.3814	0	0	0.4009	-1.026
23	4	0.03084	1	1	-1.393	0.2372
23	4	3.82	1	1	-0.9581	0.3439
23	4	0.7101	1	1	1.72	-1.026
23	4	0.4134	1	0	0.1192	0.7287
23	4	3.36	0	0	-0.5701	-0.6821
23	4	0.02466	1	0	2.293	-1.655
23	4	0.3516	1	1	0.8221	1.137
23	4	0.39	0	1	-0.1951	-0.3817
23	4	0.7305	0	0	0.1443	-1.026
23	4	0.3389	0	0	0.5925	2.645
23	4	3.73	1	1	-0.02246	1.21
23	4	0.02958	0	0	2.025	0.446
23	4	0.3107	0	0	-1.412	-0.8477
23	4	3.595	0	0	-0.7845	-0.5272
23	4	0.1899	0	1	0.3565	0.544
23	4	0.2137	0	0	-0.5263	0.544
23	4	3.784	0	0	-0.5551	-0.1147
23	4	0.6014	1	0	-0.4876	-0.6821
23	4	0.12	1	1	-0.6044	-0.5272
23	4	0.6895	0	0	0.03019	-0.6821
23	4	3.606	0	0	-0.1991	-1.655
23	4	0.3288	1	0	2.828	-0.8477
23	4	0.3966	1	0	-0.154	0.2372
23	4	1.106	0	0	0.4974	-0.5272
23	4	0.9901	1	1	-0.563	0.544
23	4	0.1144	0	0	-0.3648	0.446
23	4	3.67	1	1	2.092	0.1255
23	4	0.2162	1	0	0.9974	-1.218
23	4	0.4986	0	0	0.3712	0.9816
23	4	0.4061	1	0	-0.8555	0.816
23	4	1.357	0	0	-0.0229	0.7287
23	4	0.9344	1	1	-1.285	1.485
23	4	3.59	0	0	-1.51	0.008401
23	4	0.03094	0	0	-1.538	-0.5272
23	4	0.05872	1	0	-0.3594	0.008401
23	4	0.07841	0	0	0.4727	0.7287
23	4	0.9806	0	1	-1.45	0.544
23	4	0.7309	1	0	0.334	-1.427
23	4	0.7878	1	0	-0.2583	0.2372
24	4	3.629	0	0	0.1844	-0.9588
24	4	1.04	0	0	0.6305	-0.06834
24	4	0.7192	1	0	0.4801	1.322
24	4	1.01	0	0	0.5609	0.2289
24	4	0.001533	1	1	0.614	-0.1765
24	4	0.102	0	1	-0.3409	0.03501
24	4	0.1791	1	0	-0.1811	1.202
24	4	0.1223	0	1	0.2393	1.379
24	4	0.02385	1	1	0.05668	1.322
24	4	3.612	0	0	-0.2251	-1.291
24	4	0.1871	1	0	1.627	-0.5349
24	4	0.08572	0	0	0.4459	1.322
24	4	0.3024	0	0	0.2941	0.6527
24	4	0.3623	0	0	-0.5252	1.595
24	4	0.844	1	1	0.906	0.3201
24	4	0.1671	0	0	0.1301	0.729
24	4	1.066	0	0	-0.8376	0.4923
24	4	3.636	1	1	0.1611	0.4078
24	4	3.624	1	1	-0.05361	0.4078
24	4	3.611	1	1	-1.117	0.03501
24	4	3.655	1	1	0.0678	0.4923
24	4	3.895	1	1	-0.4937	1.202
24	4	1.059	1	0	1.453	0.4078
24	4	3.385	1	1	0.05567	-0.5349
24	4	0.8406	1	0	0.5632	-0.4092
24	4	0.08496	1	0	-1.572	1.322
24	4	0.1917	1	0	0.09659	-0.9588
24	4	0.5753	1	0	-1.718	-1.478
24	4	1.246	1	1	-0.3246	-0.5349
24	4	3.808	1	1	0.7474	0.8743
24	4	0.3079	1	0	-1.601	-1.119
24	4	0.1868	1	0	-0.286	0.03501
24	4	0.7458	0	0	2.05	-1.291
24	4	0.5803	0	0	-3.093	-1.68
24	4	0.207	1	0	-1.506	0.6527
24	4	0.475	0	0	0.3103	-1.119
24	4	0.4042	0	0	-0.1513	-1.478
24	4	1.034	1	0	1.586	1.697
24	4	0.0541	1	0	0.9416	-0.2899
24	4	0.1971	0	0	-1.191	-0.9588
24	4	1.002	0	0	-0.9345	-0.5349
24	4	0.5636	0	0	-0.1132	-0.06834
24	4	3.875	0	0	-2.218	-1.478
24	4	0.0001516	0	0	-1.416	-1.901
24	4	0.0087	0	1	-0.8923	-0.6678
24	4	0.2654	1	0	0.2088	-1.291
24	4	0.5537	1	0	-0.3199	1.011
24	4	0.3288	0	0	-2.766	1.011
24	4	0.2327	1	0	-1.043	-0.4092
24	4	0.3734	0	0	-0.2253	1.077
25	4	0.2229	1	0	1.518	-0.7933
25	4	3.354	1	1	-0.2996	0.01771
25	4	0.231	0	1	-1.205	0.01771
25	4	3.671	0	0	-0.8916	-0.9644
25	4	0.9167	0	0	-0.1681	-0.3496
25	4	3.745	1	1	-0.344	0.688
25	4	0.217	0	0	-0.3127	1.132
25	4	0.9311	1	1	-0.1324	1.442
25	4	0.9527	0	0	0.07734	0.1273
25	4	3.733	1	1	-0.3182	-0.9644
25	4	0.1097	1	0	-0.4259	-0.9644
25	4	0.1913	1	1	-0.2995	1.499
25	4	0.6126	0	0	-0.4042	-0.9644
25	4	0.3419	0	0	-0.4217	0.426
25	4	0.5988	1	0	-0.2099	0.2316
25	4	0.5715	1	1	-0.2296	-1.15
25	4	1.035	0	0	0.3714	-1.354
25	4	3.712	0	0	-0.1135	-0.6349
25	4	0.3464	0	0	-0.3737	-1.354
25	4	0.1434	0	0	1.87	-0.9644
25	4	0.2905	1	1	0.2157	-0.22
25	4	0.2103	1	0	-0.4006	1.132
25	4	0.848	0	0	0.2417	0.1273
25	4	0.3466	0	1	0.4864	-0.9644
25	4	0.1715	0	0	0.3705	-1.354
25	4	1.078	1	1	-0.8803	1.132
25	4	0.07965	0	0	0.09137	0.01771
25	4	0.1181	0	0	-0.2018	0.6042
25	4	0.9151	1	1	0.9715	-0.22
25	4	0.6558	0	0	-1.472	-0.09783
25	4	1.246	1	1	0.9678	1.261
25	4	0.5771	0	0	-0.2837	-1.15
25	4	0.2107	1	0	0.7521	-0.3496
25	4	0.09785	0	1	-0.7562	1.064
25	4	0.908	1	0	1.717	-1.354
25	4	0.5214	1	0	-0.7496	-0.22
25	4	0.5346	1	1	-0.4097	0.1273
25	4	0.4171	1	0	-0.3333	-1.15
25	4	0.3674	0	0	-0.9419	-0.09783
25	4	3.466	0	0	-1.257	0.1273
25	4	3.546	0	0	-0.8655	-1.354
25	4	3.649	1	1	-0.6587	0.6042
25	4	3.509	0	0	0.288	-0.4875
25	4	0.7392	1	0	0.2781	-1.15
25	4	0.6796	0	0	-0.9614	2.086
25	4	0.2123	1	0	0.5726	2.21
25	4	3.683	0	0	-0.5036	0.6042
25	4	0.458	1	0	0.3237	1.198
25	4	0.3087	0	0	-0.8741	1.198
25	4	0.09659	0	0	-0.1968	1.555
26	4	0.1452	0	1	1.375	-0.4064
26	4	0.03146	1	0	-0.9047	-1.841
26	4	0.4282	0	0	-0.5612	-0.2917
26	4	0.6534	1	0	-0.2535	-0.0787
26	4	0.8923	1	1	0.6112	1.844
26	4	0.4461	0	0	-1.564	-0.9348
26	4	0.1013	1	1	0.3923	1.201
26	4	0.6975	0	0	-0.7807	0.3791
26	4	0.9466	1	0	0.7173	-0.655
26	4	0.3736	0	0	0.07064	-0.655
26	4	0.6839	1	0	-0.556	1.618
26	4	0.5129	1	0	-0.6799	-1.255
26	4	0.4458	1	1	-1.741	-1.089
26	4	0.09883	1	0	-1.94	0.8276
26	4	0.5721	1	1	-0.3064	1.022
26	4	0.09232	1	0	-0.001731	-0.2917
26	4	3.793	0	0	-0.253	-1.841
26	4	3.551	0	0	-0.6855	-0.1827
26	4	3.783	0	0	-1.537	-0.5272
26	4	0.1972	0	1	0.2532	1.083
26	4	0.0591	1	1	1.197	1.083
26	4	1.22	0	0	0.5448	-1.434
26	4	3.585	1	1	0.001773	0.6146
26	4	3.312	1	1	-1.4	-0.2917
26	4	3.785	1	1	0.2542	0.1158
26	4	0.8562	1	0	-1.007	0.207
26	4	1.068	1	0	0.3832	1.887
26	4	3.501	0	0	-2.046	-1.841
26	4	0.5792	1	1	0.2953	0.4603
26	4	0.4955	1	1	-1.905	1.143
26	4	0.3348	0	0	-0.2501	-0.2917
26	4	1.239	1	0	0.2336	-0.9348
26	4	0.09132	1	0	-0.6273	-0.0787
26	4	3.556	1	1	-1.129	1.258
26	4	1.18	1	0	0.5665	1.313
26	4	1.058	0	0	-1.283	0.9591
26	4	0.241	0	0	-0.8204	0.6146
26	4	0.652	0	0	0.2193	-0.655
26	4	0.1907	0	0	-0.2277	0.1158
26	4	0.1128	0	0	-1.872	-0.2917
26	4	3.848	0	0	-1.638	-1.434
26	4	0.1049	1	0	0.1623	-0.0787
26	4	0.3681	1	1	1.066	1.367
26	4	1.105	0	0	0.5702	-1.255
26	4	0.4142	0	0	-0.3122	-0.7905
26	4	0.1868	1	0	-2.715	-0.655
26	4	0.2615	1	0	-1.605	0.4603
26	4	0.04528	0	0	-1.655	0.5388
26	4	3.341	0	0	-1.18	-0.7905
26	4	0.7628	0	1	-1.019	0.7588
27	4	0.3476	1	0	-0.1434	-0.8968
27	4	0.4922	1	0	-0.7453	0.2528
27	4	0.04095	0	0	-0.0567	-0.08114
27	4	3.856	1	1	-0.5009	1.069
27	4	0.5372	1	0	-1.17	-1.414
27	4	0.3898	0	0	0.5071	0.9064
27	4	0.4877	0	1	-0.8275	0.8218
27	4	0.9721	0	0	-0.5803	0.6445
27	4	0.5331	0	0	0.1425	0.03461
27	4	0.5418	0	0	-1.382	-1.059
27	4	0.2038	1	0	0.0119	-1.231
27	4	0.1134	1	0	-0.3645	-0.3278
27	4	0.2887	0	1	0.3969	-0.2018
27	4	0.08079	1	0	-0.1585	1.437
27	4	3.951	0	0	-0.3566	-0.2018
27	4	0.8797	0	0	-0.3563	-1.059
27	4	0.1921	0	0	1.434	-0.8968
27	4	0.06855	1	0	-0.3554	0.9886
27	4	1.265	0	1	0.1967	0.3559
27	4	0.3485	0	0	-1.423	-0.7435
27	4	0.1713	1	1	-1.207	0.9886
27	4	0.09097	1	0	0.06482	0.03461
27	4	0.9761	1	0	0.8168	1.367
27	4	3.477	1	1	0.6276	0.03461
27	4	0.171	0	0	-1.262	1.701
27	4	0.686	0	0	1.046	0.7345
27	4	0.2866	1	0	0.6628	-0.5981
27	4	1.085	1	1	0.3784	0.5516
27	4	0.251	0	0	-0.03214	-1.059
27	4	3.944	0	0	1.509	-1.414
27	4	0.3683	0	0	0.8575	-1.609
27	4	3.618	0	0	-0.8894	-1.414
27	4	1.191	1	1	2.117	0.1458
27	4	0.001052	0	0	-2.545	-0.2018
27	4	0.5352	1	0	-0.1056	0.5516
27	4	0.5483	1	0	-0.08518	0.3559
27	4	0.7915	0	0	-2.193	-1.414
27	4	0.4594	0	0	-1.221	-0.8968
27	4	3.797	0	0	0.4845	-1.414
27	4	1.181	1	0	-0.06936	1.146
27	4	0.2725	1	0	-0.4535	1.572
27	4	0.1994	0	0	-0.8935	-2.046
27	4	0.4473	1	0	-1.691	1.295
27	4	0.3292	1	0	-0.1357	1.824
27	4	3.651	1	1	0.4085	0.03461
27	4	3.691	1	1	0.3939	-0.2018
27	4	3.739	1	1	1.575	0.03461
27	4	0.1357	1	1	0.256	1.222
27	4	3.256	1	1	-0.6127	-0.08114
27	4	0.2498	0	0	-0.9781	0.3559
28	4	0.8355	1	0	0.6351	0.3959
28	4	0.05333	0	0	-0.3436	0.9064
28	4	0.9362	1	1	-0.4651	0.6653
28	4	0.6742	0	0	-0.3898	-0.5318
28	4	0.5509	0	0	-0.9949	-0.2623
28	4	0.01417	1	0	0.4786	0.9064
28	4	0.266	0	0	0.123	1.054
28	4	0.5881	0	0	0.4278	-0.02125
28	4	0.009089	0	0	-0.6149	0.1968
28	4	0.3648	0	0	-1.832	-0.02125
28	4	1.094	0	0	0.3305	-0.6794
28	4	0.2058	1	0	0.4334	-0.2623
28	4	0.5164	1	1	-0.7229	-0.1386
28	4	0.1359	0	0	-0.03487	-0.8373
28	4	3.256	1	1	0.1209	0.09037
28	4	0.3923	1	0	1.01	-1.607
28	4	3.53	0	0	-0.5774	-1.007
28	4	0.5552	0	0	-0.1784	-1.007
28	4	3.841	1	1	0.07681	-0.1386
28	4	0.2141	0	0	1.296	0.4893
28	4	0.6355	0	0	0.1164	0.6653
28	4	3.806	0	0	0.7072	-1.607
28	4	0.428	0	0	-0.1488	-0.3931
28	4	0.185	1	1	0.2748	4.078
28	4	0.6337	1	1	-1.162	1.884
28	4	0.2722	0	0	-0.9294	-0.02125
28	4	0.5249	0	1	-0.003795	-0.2623
28	4	0.6135	0	1	-2.026	1.621
28	4	1.085	1	0	-0.4227	-0.6794
28	4	0.1103	1	0	0.213	-0.2623
28	4	3.4	1	1	-0.9164	0.4893
28	4	3.987	1	1	-0.5274	-0.1386
28	4	0.1936	0	1	-0.1914	0.6653
28	4	1.305	0	0	0.2031	-0.6794
28	4	0.1338	1	0	-2.224	-0.6794
28	4	3.601	1	1	0.03072	0.579
28	4	3.745	1	1	0.163	0.09037
28	4	3.474	1	1	-0.113	0.09037
28	4	0.5371	1	0	-1.093	-1.19
28	4	0.3253	1	0	-0.279	-0.2623
28	4	0.2537	0	0	0.4608	-1.19
28	4	0.2535	0	0	-0.5055	-0.1386
28	4	3.714	0	0	0.3506	-0.8373
28	4	0.09808	1	0	-0.09182	-0.1386
28	4	0.01863	1	1	-0.3818	-0.6794
28	4	0.7293	0	0	1.038	0.2985
28	4	0.5851	0	0	0.461	-0.5318
28	4	0.1261	1	1	0.2004	1.386
28	4	0.9446	1	0	-0.2671	-1.607
28	4	0.9853	1	1	0.03495	1.259
29	4	0.1563	0	0	0.1012	-0.5348
29	4	0.06125	0	0	0.2655	0.08502
29	4	0.2457	0	0	-0.2795	-1.84
29	4	0.0151	0	0	-0.3384	0.3497
29	4	3.267	1	1	1.726	-1.84
29	4	0.1117	1	1	-0.1776	-0.2076
29	4	0.4853	0	0	-0.8348	-0.2076
29	4	0.278	1	1	0.4493	0.4732
29	4	1.05	0	0	0.1841	0.2205
29	4	0.2394	1	1	-1.201	1.639
29	4	3.661	0	0	0.4658	0.08502
29	4	1.146	0	0	-0.3854	-0.2076
29	4	0.1074	0	1	1.35	1.559
29	4	0.5491	0	0	-2.761	-0.9056
29	4	3.696	1	1	-1.485	0.08502
29	4	1.157	0	0	0.3348	-1.84
29	4	0.2961	1	0	-1.013	-1.84
29	4	0.1014	1	0	0.413	1.94
29	4	0.8115	0	0	-0.2374	0.08502
29	4	0.7884	1	1	0.5082	0.7048
29	4	3.332	1	1	0.007898	2.01
29	4	0.0211	0	0	0.5206	0.9185
29	4	0.4155	1	0	0.06786	1.302
29	4	0.7383	1	0	-0.2071	-0.3664
29	4	0.09959	0	1	0.01357	-0.5348
29	4	0.05206	0	0	-0.7668	-0.2076
29	4	0.02425	1	1	0.5543	0.5914
29	4	3.304	1	1	-1.132	-0.3664
29	4	0.4705	0	0	0.6827	-0.714
29	4	0.6676	1	1	-0.5096	0.9185
29	4	3.792	0	0	-2.148	-1.84
29	4	0.2971	0	1	-0.3895	0.4732
29	4	0.9774	0	0	-0.5263	0.7048
29	4	0.9009	0	0	0.7629	-0.714
29	4	0.5117	1	0	2.824	0.4732
29	4	3.662	0	0	0.2827	-0.9056
29	4	4.068	1	1	1.489	-1.111
29	4	0.5382	1	0	-0.6238	-0.714
29	4	0.09992	1	1	0.5194	-0.2076
29	4	0.2798	0	0	1.737	-0.714
29	4	3.194	1	1	-2.732	0.08502
29	4	0.5721	0	0	-0.5698	-1.334
29	4	0.277	1	1	-0.2756	0.3497
29	4	0.5339	1	0	-0.04996	1.02
29	4	3.529	1	1	0.2869	0.08502
29	4	0.9238	1	1	0.05963	-0.3664
29	4	0.1772	1	0	-0.9642	0.7048
29	4	0.9031	0	0	-0.5135	0.7048
29	4	0.9179	1	0	-2.737	0.08502
29	4	0.1726	1	1	1.479	1.868
30	5	0.356	0	1	1.307	0.4617
30	5	3.566	0	0	0.4024	-1.435
30	5	0.8183	0	0	0.243	0.7692
30	5	3.364	1	1	0.6051	-0.1587
30	5	0.3103	0	1	-1.356	-0.8041
30	5	3.492	0	0	1.558	-0.1587
30	5	0.07592	1	1	-1.236	-0.1587
30	5	0.6261	1	1	0.3674	-0.1587
30	5	0.3318	0	0	-1.27	0.7692
30	5	0.1048	0	0	0.07323	1.208
30	5	0.2083	0	0	0.6248	-0.3045
30	5	0.1256	1	0	0.07425	-0.02113
30	5	0.982	0	0	0.2916	1.208
30	5	0.3209	0	0	0.9219	0.3497
30	5	0.01441	0	0	-1.398	-1.435
30	5	1.104	0	0	0.1589	0.109
30	5	1.063	1	0	-0.4117	1.839
30	5	0.5515	1	1	1.05	-1.435
30	5	0.6372	1	0	0.6688	0.7692
30	5	0.2403	1	0	-0.373	-0.9967
30	5	0.03996	1	0	-3.229	2.577
30	5	0.2344	0	0	1.282	1.579
30	5	0.8035	1	0	0.3774	2.531
30	5	1.226	0	0	1.094	0.2324
30	5	0.1402	1	0	-0.6413	1.9
30	5	3.977	1	1	1.723	0.671
30	5	0.2181	1	0	-2.327	-0.4598
30	5	0.1417	0	0	-0.1012	0.5686
30	5	1.076	1	0	0.4122	0.4617
30	5	3.891	1	1	-1.26	-0.8041
30	5	0.1439	1	0	0.3133	-0.4598
30	5	3.542	1	0	-0.0666	-1.435
30	5	0.2774	0	0	0.6036	-0.4598
30	5	0.4568	0	0	0.03437	-0.1587
30	5	0.6722	1	1	0.3969	0.5686
30	5	0.9722	0	0	-0.7146	-0.9967
30	5	1.313	0	0	0.2889	-1.435
30	5	0.8956	0	0	1.098	0.2324
30	5	3.673	0	0	0.01158	-0.4598
30	5	0.07325	0	0	-1.505	0.2324
30	5	1.132	1	0	-0.348	0.2324
30	5	0.4878	0	1	0.7738	-0.9967
30	5	0.1797	1	0	-0.05353	-0.8041
30	5	0.06254	1	0	-0.3973	-0.02113
30	5	0.1906	0	1	-0.005768	-0.8041
30	5	3.71	1	1	-0.1979	0.3497
30	5	0.01735	1	0	1.107	-0.8041
30	5	0.08567	1	0	0.5945	-0.4598
30	5	3.882	0	0	-1.484	-0.9967
30	5	3.84	0	0	1.526	-0.9967
31	5	0.03055	0	0	0.2311	-1.611
31	5	0.9523	0	0	0.6081	-0.6388
31	5	0.2983	0	0	0.2345	-1.611
31	5	0.3985	1	1	0.7273	0.3861
31	5	3.415	1	1	-0.5607	-0.3387
31	5	0.05298	0	0	1.259	-1.383
31	5	3.482	1	1	0.3584	-1.611
31	5	0.2432	1	1	-0.6855	1.023
31	5	3.934	1	1	-0.4808	-0.6388
31	5	0.946	1	1	-1.406	0.2795
31	5	0.3251	0	1	1.862	-0.6388
31	5	1.178	1	1	-1.527	0.5861
31	5	0.5506	0	1	2.158	-1.383
31	5	0.7591	1	0	1.283	0.4882
31	5	0.09768	0	1	0.3589	2.685
31	5	0.5483	1	0	1.326	1.023
31	5	0.2355	1	0	-0.8812	0.3861
31	5	3.644	0	0	-1.179	-0.8043
31	5	0.811	1	1	0.08396	-0.3387
31	5	0.332	1	0	-1.022	-0.982
31	5	0.639	0	1	-1.859	-0.3387
31	5	0.1778	0	0	2.256	0.6801
31	5	3.26	0	0	0.1833	-0.3387
31	5	0.4678	1	1	-1.845	0.3861
31	5	0.03311	0	0	-2.58	-0.3387
31	5	1.051	0	1	-0.2601	0.5861
31	5	0.09795	1	0	1.354	-1.174
31	5	0.8972	1	1	-0.2219	1.393
31	5	0.7979	1	1	-0.9241	0.5861
31	5	0.1927	0	0	0.6917	0.051
31	5	0.2096	1	1	0.4718	2.15
31	5	3.512	1	1	-1.072	-0.3387
31	5	0.3025	1	0	1.202	0.2795
31	5	0.008173	1	0	0.6036	2.1
31	5	0.6226	1	1	-0.2413	-0.4841
31	5	0.622	0	0	0.8504	1.178
31	5	1.203	0	0	-1.37	-1.174
31	5	0.2203	0	0	1.625	1.83
31	5	0.5604	1	1	0.6237	-0.982
31	5	0.2041	0	1	-1.105	0.4882
31	5	0.1458	0	0	-1.502	0.051
31	5	0.6934	0	0	-0.9183	0.5861
31	5	4.037	0	0	2.007	-0.8043
31	5	3.799	0	0	-1.153	-0.2016
31	5	3.353	1	1	2.688	0.2795
31	5	0.2008	0	0	0.7821	0.4882
31	5	0.3739	0	0	-0.5061	-0.6388
31	5	3.714	0	0	-1.795	-0.2016
31	5	0.4632	1	0	-0.6485	-0.3387
31	5	0.1806	1	1	1.703	-0.6388
32	5	0.7332	0	0	-0.5159	-1.661
32	5	0.377	0	0	0.3474	-0.5091
32	5	0.8972	0	1	1.299	-2.072
32	5	0.3104	1	1	0.712	-1.158
32	5	0.09419	0	1	0.9602	-0.5091
32	5	0.4425	1	0	0.872	-1.158
32	5	3.581	0	0	0.01002	-1.158
32	5	0.9882	1	1	0.333	-0.8755
32	5	0.1821	1	0	-1.123	-1.661
32	5	0.5675	0	1	0.4264	-0.3991
32	5	0.2259	1	1	0.2234	-0.00595
32	5	0.2109	1	0	0.1069	-0.6247
32	5	3.627	1	1	-0.5662	-1.48
32	5	0.3155	0	0	0.09858	0.62
32	5	0.1989	0	1	1.604	1.465
32	5	0.8926	1	0	-0.2569	1.054
32	5	3.916	1	1	-1.461	0.62
32	5	0.2646	0	0	-0.1631	0.3287
32	5	0.9169	1	0	-0.1139	0.9967
32	5	0.6838	0	0	0.0763	1.109
32	5	0.9346	0	0	-1.974	2.005
32	5	0.1011	0	1	0.8153	1.164
32	5	0.5437	0	0	-0.07569	1.054
32	5	0.02314	1	0	0.4327	0.5507
32	5	0.08731	1	0	1.161	1.054
32	5	0.6669	0	0	0.3076	1.465
32	5	0.5502	1	0	0.2517	0.4791
32	5	4.134	1	1	-0.1493	-0.6247
32	5	1.016	1	0	1.596	0.4051
32	5	3.36	0	0	-1.354	-1.158
32	5	0.02571	1	0	0.005433	-1.012
32	5	3.866	1	1	0.5585	-0.8755
32	5	0.9237	1	1	0.1791	-0.194
32	5	0.2608	0	0	-1.297	-0.6247
32	5	0.3464	0	0	0.2643	-0.2942
32	5	0.9662	0	0	0.1908	0.4051
32	5	0.2489	0	0	0.6549	0.2496
32	5	3.881	0	0	-0.4938	-0.5091
32	5	0.3335	0	1	1.208	-1.158
32	5	0.3253	0	0	3.5	0.1676
32	5	0.9109	1	0	0.1979	1.164
32	5	3.738	1	1	0.1933	-0.8755
32	5	0.02531	0	0	-0.15	-0.194
32	5	0.8017	1	0	0.6735	1.465
32	5	0.1478	1	0	0.06845	0.1676
32	5	0.4818	1	1	0.8971	0.7527
32	5	0.3617	1	0	-0.008846	1.688
32	5	3.765	1	1	0.5886	0.2496
32	5	3.559	1	1	-1.545	-0.5091
32	5	0.3837	1	0	0.1033	0.62
33	5	0.6897	0	0	-0.2733	-2.666
33	5	0.007354	1	0	0.8048	-1.099
33	5	0.251	0	0	0.8344	-0.7047
33	5	3.659	1	1	0.1843	-1.44
33	5	0.2719	1	0	0.9034	1.369
33	5	3.286	1	1	-0.7444	-1.565
33	5	3.53	1	1	1.41	-1.099
33	5	3.697	1	1	0.3501	-0.7047
33	5	0.4341	1	0	-0.3787	0.5083
33	5	0.593	0	1	-0.3606	-0.7047
33	5	0.08037	1	0	0.02027	0.5083
33	5	0.7866	0	0	-0.6782	1.449
33	5	3.826	1	1	-0.2039	1.067
33	5	0.2726	0	1	-0.9519	0.9745
33	5	3.576	0	0	0.1889	-0.7047
33	5	0.3149	1	0	0.288	1.526
33	5	0.2752	0	0	-1.607	0.5083
33	5	0.1637	0	0	-0.09065	0.5645
33	5	0.9519	1	0	1.328	0.4509
33	5	0.7735	0	0	0.5202	0.3921
33	5	0.6013	1	1	-1.001	0.5645
33	5	0.2365	0	0	-0.4112	-0.7047
33	5	0.1214	0	1	1.327	-0.4445
33	5	0.2911	1	0	1.095	-1.208
33	5	0.06604	0	0	0.3193	-0.1342
33	5	3.996	0	0	0.9062	-0.9945
33	5	0.3949	0	0	0.9333	-0.3633
33	5	0.2584	0	0	1.252	-0.06219
33	5	3.361	0	0	1.239	-0.615
33	5	0.5603	0	0	0.657	-0.7977
33	5	0.09612	1	0	-0.0263	0.2072
33	5	0.0554	0	0	1.296	1.244
33	5	1.056	1	1	-1.404	-0.5283
33	5	0.1565	1	0	0.2002	-0.3633
33	5	0.7988	0	0	-0.6202	0.1425
33	5	0.1625	1	1	0.7582	1.113
33	5	0.6315	1	1	0.7078	-0.9945
33	5	3.533	1	1	0.2716	-0.2083
33	5	0.9476	1	1	0.7971	-0.5283
33	5	0.4995	0	1	-2.273	-0.9945
33	5	0.2637	1	0	-1.057	1.409
33	5	0.005881	1	0	0.4759	0.9267
33	5	3.61	1	1	-0.4303	-0.9945
33	5	0.2807	0	0	0.667	1.328
33	5	0.4976	0	0	0.03011	1.638
33	5	0.7741	1	0	-0.8408	1.021
33	5	0.2764	1	0	-2.578	0.2072
33	5	0.4525	0	1	0.595	0.7777
33	5	0.5836	1	0	-0.6544	1.526
33	5	0.1093	0	0	0.9986	-0.7977
34	5	3.606	1	1	-0.08549	-0.09064
34	5	0.6918	0	0	-0.4533	0.1668
34	5	0.5378	0	0	1.136	-1.559
34	5	0.2577	0	0	1.648	0.5138
34	5	0.6111	1	1	0.7817	0.9188
34	5	0.6581	0	0	-1.044	0.6725
34	5	0.02455	0	0	0.4446	0.7736
34	5	0.5188	0	0	0.503	-0.3739
34	5	0.9633	0	0	-0.7692	0.04101
34	5	0.1027	1	0	0.8692	-0.09064
34	5	0.3253	1	0	-0.5571	0.9188
34	5	0.2608	1	0	1.216	0.04101
34	5	0.7192	0	1	0.9574	-0.4494
34	5	0.3411	1	0	-0.4143	-0.6066
34	5	3.913	0	0	0.1811	-0.8602
34	5	0.5619	1	0	-0.4907	0.7736
34	5	3.574	1	1	1.67	-2.489
34	5	0.3607	1	1	-0.222	1.588
34	5	0.3025	0	1	0.2895	0.3456
34	5	0.3594	0	0	0.2246	-1.921
34	5	0.7107	0	1	0.4266	0.5677
34	5	1.202	0	0	0.7647	0.3456
34	5	0.9789	1	0	1.093	-1.795
34	5	0.1806	1	0	-0.5676	0.8228
34	5	1.142	1	1	-1.042	-1.341
34	5	0.4852	1	0	1.324	0.04101
34	5	0.5292	0	1	-1.014	-0.3004
34	5	0.6532	1	0	-0.1338	0.5677
34	5	0.3611	1	1	-0.309	-0.3739
34	5	1.112	1	1	0.2643	0.9188
34	5	3.844	0	0	1.682	-1.043
34	5	0.3858	0	0	-1.059	0.1046
34	5	3.613	1	1	0.6015	-0.8602
34	5	0.3612	0	0	0.3164	0.2277
34	5	0.3207	1	0	-0.07899	1.273
34	5	3.82	0	1	0.3092	0.04101
34	5	0.4571	0	1	1.735	1.803
34	5	3.557	1	1	2.621	-0.6066
34	5	3.706	0	0	0.07604	-1.341
34	5	0.1491	0	1	-0.5499	-0.02405
34	5	0.5117	1	1	1.022	-0.4494
34	5	0.3142	0	0	0.6882	0.2277
34	5	0.4578	0	0	0.1823	1.145
34	5	0.06339	1	0	-1.004	-0.7732
34	5	0.5003	1	0	-0.3382	0.6725
34	5	3.608	1	1	-1.375	-1.238
34	5	0.09222	0	1	0.2707	1.625
34	5	0.07886	1	1	0.5047	1.435
34	5	3.421	0	0	-0.06123	-1.341
34	5	0.07643	0	0	0.4799	1.355
35	5	3.569	0	0	-1.922	-1.812
35	5	0.2851	1	1	-0.7534	1.338
35	5	0.6118	0	0	1.377	-0.8857
35	5	0.5397	1	1	0.6297	-0.6686
35	5	0.002131	1	1	-0.5535	0.44
35	5	0.01514	0	0	-0.9399	-0.1026
35	5	0.7457	0	0	0.00628	0.2201
35	5	0.07259	0	1	-1.263	0.9542
35	5	0.2517	1	0	-0.6313	0.5776
35	5	0.05525	1	0	0.2555	-0.4671
35	5	0.01176	1	1	-0.3038	0.2201
35	5	3.426	1	1	0.431	0.2953
35	5	0.4207	1	0	-0.001631	0.3685
35	5	0.03277	0	1	0.4002	1.488
35	5	0.05667	1	1	-0.3022	0.44
35	5	0.7605	0	0	1.56	-0.4671
35	5	3.537	1	1	0.517	-1.121
35	5	0.3571	0	0	0.5688	1.338
35	5	0.394	1	1	-0.1586	0.2953
35	5	3.648	0	0	-1.065	-0.8857
35	5	3.337	0	0	0.2986	-1.66
35	5	0.1674	1	0	-1.274	1.069
35	5	0.4296	0	1	1.228	1.18
35	5	0.09558	1	1	0.2885	1.18
35	5	1.049	1	1	0.1946	-0.1026
35	5	0.1739	0	1	1.365	-0.3715
35	5	0.3222	0	0	0.5325	0.5776
35	5	0.9406	1	1	0.172	0.7722
35	5	0.749	0	0	0.9602	-1.121
35	5	3.946	0	0	-0.5617	-0.279
35	5	0.7327	1	1	1.364	-1.973
35	5	1.003	0	0	0.0288	-0.8857
35	5	0.6735	1	1	-0.6026	-0.3715
35	5	0.7593	0	0	0.9508	2.213
35	5	0.6808	1	1	0.486	-1.121
35	5	0.7052	1	1	1.262	0.7088
35	5	0.4682	0	0	0.2361	0.1428
35	5	1.179	1	1	-0.5588	0.06333
35	5	3.559	1	1	0.5745	-1.66
35	5	4.108	0	0	2.227	-0.279
35	5	0.4886	0	0	1.1	1.338
35	5	3.921	1	1	-0.6314	-0.4671
35	5	0.1307	1	1	1.001	1.895
35	5	0.3264	1	1	0.09849	0.5096
35	5	0.002238	1	0	-1.476	-0.8857
35	5	0.4625	1	1	0.5649	0.06333
35	5	0.3013	1	1	0.6865	0.44
35	5	3.611	0	0	0.3923	-1.515
35	5	0.5937	0	1	0.1496	0.2201
35	5	0.8916	1	0	-1.648	-1.246
36	5	1.021	1	1	0.6744	-1.193
36	5	0.4978	0	1	-0.2833	1.028
36	5	0.3498	0	0	-0.4203	0.08594
36	5	3.837	0	0	-1.792	-0.4245
36	5	0.1408	0	0	0.6982	0.08594
36	5	0.031	0	0	1.659	-0.1072
36	5	0.03226	0	0	0.8893	1.028
36	5	0.04415	0	1	0.8315	0.1777
36	5	1.132	0	0	-0.37	-0.008967
36	5	0.8564	1	1	0.9397	0.08594
36	5	3.072	0	0	0.3855	-0.9125
36	5	0.4463	0	0	1.021	2.688
36	5	3.811	1	1	-0.7238	-1.344
36	5	0.2592	1	1	0.0008648	0.1777
36	5	1.155	1	0	-0.817	0.3527
36	5	1.026	1	1	-0.954	-0.1072
36	5	3.6	1	1	-0.4827	-1.854
36	5	1.171	1	0	-0.7182	-1.049
36	5	3.603	0	0	0.9777	-0.5387
36	5	0.8065	1	0	0.1745	0.3527
36	5	0.2393	1	0	1.061	-0.4245
36	5	0.03512	1	1	0.4793	0.3527
36	5	0.5855	1	0	-0.2282	0.8204
36	5	0.2099	0	0	0.6613	1.516
36	5	3.673	1	1	-0.3651	-0.7823
36	5	0.09357	0	0	-0.1961	-0.9125
36	5	0.07726	1	0	-1.587	-0.209
36	5	0.4264	1	0	0.9757	1.679
36	5	3.885	0	0	-0.4957	-0.6579
36	5	0.617	0	0	0.3012	-0.5387
36	5	0.4216	1	0	1.303	0.8913
36	5	0.06013	0	0	-1.341	-0.6579
36	5	0.3277	1	1	1.176	0.673
36	5	0.1503	0	0	0.02416	-0.209
36	5	3.735	0	0	0.1588	-1.344
36	5	0.01717	0	0	0.2424	1.028
36	5	3.105	1	1	1.496	-0.7823
36	5	0.4405	1	0	-0.2431	-0.008967
36	5	0.4148	1	0	-0.5088	-1.193
36	5	0.2628	1	0	0.9353	-0.5387
36	5	0.4061	0	0	-0.3643	2.163
36	5	0.84	1	0	0.9843	2.026
36	5	0.4763	1	1	1.02	-0.6579
36	5	0.1446	1	0	-0.783	-0.3147
36	5	0.8	1	1	0.8879	0.8913
36	5	1.109	1	0	-0.2494	0.8913
36	5	0.1795	0	1	0.4781	-1.344
36	5	0.3061	0	1	0.3074	0.673
36	5	3.329	0	0	-0.8365	-1.344
36	5	0.03608	0	0	-0.3895	-0.209
37	5	3.624	1	1	1.349	-0.6533
37	5	1.256	0	0	0.1545	-0.2617
37	5	0.7555	1	1	0.6642	1.089
37	5	0.6168	1	1	1.059	0.6682
37	5	0.7276	1	0	-0.4959	0.2177
37	5	0.4448	1	1	0.1499	0.4224
37	5	0.00525	0	0	1.874	1.811
37	5	0.4378	0	1	-0.2109	0.4224
37	5	3.661	1	1	-0.25	0.1448
37	5	0.1941	0	0	-1.932	-0.00865
37	5	0.1953	0	0	-0.2747	0.2177
37	5	3.857	0	0	-0.2819	-0.08972
37	5	0.6587	0	0	0.5981	1.272
37	5	0.1005	0	1	0.1554	0.2177
37	5	3.572	0	0	0.06914	0.7254
37	5	0.9902	1	0	-0.1153	-1.002
37	5	0.6435	0	0	-0.8509	-1.133
37	5	0.7898	1	1	1.166	1.399
37	5	0.3254	1	0	-1.402	-0.3531
37	5	3.396	1	1	-0.6752	-0.4486
37	5	0.0134	0	0	-0.6484	-1.579
37	5	0.1951	0	1	1.038	0.8356
37	5	0.1166	0	0	-0.05927	-0.08972
37	5	0.3521	0	1	0.3841	2.888
37	5	3.524	0	0	-0.1578	-1.271
37	5	0.2645	0	1	-0.8811	1.315
37	5	0.5764	0	0	0.1218	0.1448
37	5	3.532	0	0	-0.3699	-1.271
37	5	0.1913	1	0	-1.491	0.4865
37	5	0.1124	1	1	-0.01857	-1.271
37	5	0.08862	1	1	1.407	-0.7635
37	5	0.2578	1	0	0.2222	1.879
37	5	0.9206	0	0	-1.578	-0.4486
37	5	0.9266	1	1	0.4848	-0.4486
37	5	0.02611	1	0	-2.342	0.3563
37	5	3.411	1	1	-0.1328	0.1448
37	5	3.49	0	0	-0.1124	-1.271
37	5	0.7536	1	1	0.4705	-0.6533
37	5	0.7635	1	1	0.6028	-1.002
37	5	0.1108	1	0	0.3602	-1.002
37	5	0.03113	1	1	0.6261	0.06947
37	5	0.9835	0	0	-0.2283	-0.8796
37	5	0.3367	0	0	-3.719	-0.6533
37	5	0.2965	0	0	1.583	0.7254
37	5	3.472	1	1	1.371	-1.419
37	5	0.5554	0	0	-0.4803	1.089
37	5	0.2266	0	0	0.3241	0.9404
37	5	0.1576	1	1	-0.4422	0.7254
37	5	0.1431	1	0	-0.1453	-0.6533
37	5	0.4026	0	1	-0.8766	-1.579
38	5	0.7804	0	0	-1.218	-0.04542
38	5	3.665	0	0	0.2801	0.2846
38	5	0.9057	1	0	0.386	-0.746
38	5	0.186	0	1	1.116	1.693
38	5	3.955	1	1	-0.3803	-0.04542
38	5	3.582	0	0	-0.6276	0.1247
38	5	0.05633	0	0	-0.005964	-0.04542
38	5	0.8449	1	1	0.1654	1.301
38	5	0.1772	1	1	-0.7138	0.6464
38	5	0.1879	1	1	1.448	-0.5261
38	5	3.496	0	0	-0.2782	0.361
38	5	0.46	0	0	-0.4766	1.138
38	5	0.1968	1	1	0.3287	0.9038
38	5	0.8402	1	1	-0.6757	1.405
38	5	0.21	0	0	-1.435	-0.04542
38	5	0.0432	1	0	0.6745	-1.25
38	5	3.621	1	1	-0.3583	-1.115
38	5	1.046	0	0	0.2426	-0.1348
38	5	0.379	1	1	0.3268	-0.4227
38	5	1.091	0	0	-1.444	-1.873
38	5	3.663	1	1	0.6542	-1.703
38	5	0.5917	1	0	-0.09767	-0.8632
38	5	0.2478	1	0	-0.3909	0.1247
38	5	0.1905	1	1	-0.1368	0.9038
38	5	1.064	1	1	-0.04318	0.1247
38	5	3.312	1	1	-1.17	0.1247
38	5	0.4137	1	1	-0.4088	0.361
38	5	0.2431	1	0	-0.7472	0.5075
38	5	0.2489	1	0	-1.401	-0.3232
38	5	0.4997	1	0	-0.1787	1.138
38	5	0.4735	0	1	-0.6833	-0.5261
38	5	0.161	1	0	-0.7481	0.2059
38	5	0.5276	0	0	1.322	-1.392
38	5	3.907	0	0	-1.801	-2.461
38	5	3.585	1	1	0.5532	-0.04542
38	5	0.5035	1	0	0.7789	-1.392
38	5	0.4792	1	1	-0.2093	-1.703
38	5	0.4954	1	1	1.204	-0.5261
38	5	0.1081	0	1	0.02101	0.1247
38	5	0.2583	1	1	-0.7145	1.301
38	5	0.8576	0	0	0.4252	0.5779
38	5	0.1619	0	0	0.6153	1.693
38	5	0.1234	1	0	0.1807	2.112
38	5	0.9687	0	0	-0.6808	-1.115
38	5	3.76	1	1	2.181	-0.04542
38	5	0.3572	0	1	-0.312	0.7131
38	5	0.222	0	0	-0.1535	0.361
38	5	0.4878	0	0	1.436	-0.746
38	5	0.1364	0	0	0.07005	0.9038
38	5	0.1934	0	0	-0.1915	-0.04542
39	5	0.1679	1	1	1.413	-1.292
39	5	0.6219	1	1	0.4518	-0.8719
39	5	0.02261	1	1	-1.391	0.6196
39	5	0.07047	0	1	-1.195	2.647
39	5	0.1061	1	1	0.6056	0.9141
39	5	0.03969	0	0	-1.184	-0.5051
39	5	0.7008	1	1	1.066	0.9832
39	5	0.4628	0	0	-0.2442	-1.612
39	5	3.692	0	0	0.1526	-0.5051
39	5	0.7554	0	1	0.2041	1.306
39	5	0.2681	0	0	-0.8648	0.01792
39	5	0.8138	0	1	0.3426	0.01792
39	5	0.2591	0	1	-2.093	-0.5051
39	5	0.219	1	0	1.271	1.306
39	5	3.323	0	0	-0.03308	-0.7443
39	5	4.07	1	1	2.219	-1.005
39	5	1.059	0	0	-0.4851	-1.612
39	5	0.1136	1	1	0.7279	-0.5051
39	5	0.1013	0	1	-0.1943	0.6961
39	5	3.333	1	1	0.2715	-0.2843
39	5	1.07	1	0	-0.583	2.006
39	5	3.813	1	1	-1.487	-0.5051
39	5	0.4752	0	0	1.063	1.757
39	5	0.7493	1	1	1.242	0.4602
39	5	0.1584	1	1	0.7973	2.407
39	5	0.8243	1	0	0.1987	0.8432
39	5	0.5392	0	0	-0.1399	-1.145
39	5	1.078	0	0	0.3881	-0.6222
39	5	0.6294	0	0	-0.01696	-0.18
39	5	3.626	1	1	1.399	-0.2843
39	5	0.2218	0	0	0.6935	0.2031
39	5	0.8834	0	0	-0.7276	-0.8719
39	5	0.03645	0	0	0.05467	-0.7443
39	5	0.1276	1	1	-1.902	0.2914
39	5	0.2726	0	1	-0.2265	0.6196
39	5	0.01595	1	1	0.9645	0.6196
39	5	0.6339	0	0	0.2428	-0.6222
39	5	0.1607	0	0	-0.619	-1.145
39	5	3.66	1	1	1.022	-0.5051
39	5	0.7265	1	0	1.021	0.7706
39	5	0.6733	1	0	0.9536	0.541
39	5	1.071	1	1	-0.5013	0.2914
39	5	3.652	1	1	-0.03475	-0.2843
39	5	0.4458	0	0	0.05398	0.2031
39	5	0.6238	0	1	2.088	0.01792
39	5	0.2096	1	0	-1.338	0.377
39	5	3.594	0	0	-2.551	-1.448
39	5	3.454	1	1	1.002	-1.292
39	5	0.2242	0	0	-0.2141	-0.7443
39	5	0.5062	0	0	2.063	-0.07934
40	6	0.3553	0	1	0.6206	0.8966
40	6	3.565	0	0	0.1004	-2.404
40	6	0.8219	0	1	-0.2322	-0.5313
40	6	3.368	1	1	0.06118	-0.689
40	6	0.3094	0	1	-0.03234	0.2692
40	6	3.493	0	0	0.561	-1.872
40	6	0.0723	1	0	0.646	-0.8558
40	6	0.63	1	0	0.3661	0.02596
40	6	0.3315	0	0	-0.1627	-1.033
40	6	0.1091	0	0	-0.7879	-1.033
40	6	0.2049	0	0	-0.1053	0.3836
40	6	0.1226	1	0	-0.8246	-0.689
40	6	0.9795	0	1	0.07207	2.405
40	6	0.3212	0	0	0.3104	0.801
40	6	0.01936	0	0	-0.01586	0.2692
40	6	1.104	0	1	-0.04844	0.5997
40	6	0.5512	1	1	-0.03717	0.02596
40	6	0.6407	1	0	-0.03986	0.801
40	6	0.2439	1	0	-0.009934	-0.1037
40	6	0.0472	1	1	2.042	0.5997
40	6	0.2415	0	0	3.019	0.5997
40	6	0.8059	1	0	-0.574	0.4937
40	6	1.226	0	0	3.9	0.1501
40	6	0.1347	1	1	0.07026	-1.221
40	6	3.978	1	1	0.5296	-0.2394
40	6	0.2115	1	0	0.0701	1.984
40	6	0.1396	0	1	0.797	1.64
40	6	1.07	1	0	1.766	0.9892
40	6	3.891	1	1	-0.2205	-0.1037
40	6	0.1447	1	0	0.1297	-0.1037
40	6	3.546	1	1	-0.1396	-0.689
40	6	0.2744	0	0	0.4413	0.7021
40	6	0.4587	0	0	0.006092	-0.5313
40	6	0.6684	1	0	0.06768	-0.689
40	6	0.9723	0	1	-0.1212	0.801
40	6	1.312	0	0	0.5796	-0.5313
40	6	0.8907	0	1	-0.2271	0.02596
40	6	3.673	0	0	0.6695	-0.1037
40	6	0.07093	0	0	2.773	-1.221
40	6	1.13	1	1	0.4184	-0.3817
40	6	0.4896	0	0	0.1266	-1.638
40	6	0.1806	1	0	-0.9192	1.413
40	6	0.06607	1	0	0.5974	0.9892
40	6	0.1894	0	0	-1.563	-0.8558
40	6	3.711	1	1	0.3945	0.1501
40	6	0.01886	1	0	-1.133	1.166
40	6	0.08541	1	0	-0.3139	1.079
40	6	3.885	0	0	-0.6959	-1.638
40	6	3.842	0	0	0.7094	-0.1037
41	6	0.02525	0	0	-0.2298	-1.277
41	6	0.9524	0	0	1.378	-0.7733
41	6	0.3006	0	1	-0.4789	-1.099
41	6	0.4005	1	0	-0.3426	-0.4824
41	6	3.417	1	1	-0.0886	-0.2191
41	6	0.01016	1	0	1.574	0.6375
41	6	3.48	1	1	2.739	0.3465
41	6	0.2436	1	0	-0.3286	-1.893
41	6	3.933	1	1	-0.04011	-2.133
41	6	0.9466	1	0	0.6529	-0.4824
41	6	0.3227	0	0	0.4457	-0.2191
41	6	1.177	1	1	1.278	-0.9312
41	6	0.5507	0	0	0.3224	-0.7733
41	6	0.7611	1	0	-1.204	1.063
41	6	0.1017	0	0	-0.2268	1.063
41	6	0.5464	1	1	-0.025	1.217
41	6	0.2357	1	1	-0.7752	-0.09635
41	6	3.644	0	0	-1.008	-0.7733
41	6	0.8133	1	1	0.8405	-0.9312
41	6	0.3339	1	1	-0.9552	1.818
41	6	0.6382	0	0	-1.472	0.4469
41	6	0.1692	0	0	-1.079	0.1339
41	6	3.261	0	0	-3.796	0.3465
41	6	0.4635	1	0	0.0647	1.5
41	6	0.03705	0	0	0.1944	0.8157
41	6	1.055	0	0	1.553	1.632
41	6	0.09707	1	1	-0.2283	0.5439
41	6	0.8957	1	1	-0.2874	1.362
41	6	0.7984	1	0	-0.1642	-0.9312
41	6	0.1927	0	0	-1.211	-0.4824
41	6	0.2111	1	0	-0.07168	0.4469
41	6	3.515	1	1	0.3855	-1.672
41	6	0.3044	1	0	0.1323	-0.2191
41	6	0.01497	1	0	-1.406	0.1339
41	6	0.6242	1	0	1.965	0.3465
41	6	0.6208	0	0	0.2054	0.6375
41	6	1.2	0	0	0.5104	1.217
41	6	0.2238	0	1	0.6141	1.877
41	6	0.5627	1	1	-0.1717	0.6375
41	6	0.2034	0	1	0.1203	0.1339
41	6	0.1423	0	1	0.03333	-1.672
41	6	0.6925	0	0	0.5963	-1.099
41	6	4.041	0	0	0.4487	0.6375
41	6	3.799	0	0	-0.7118	-0.4824
41	6	3.351	1	1	0.2693	-1.277
41	6	0.1968	0	1	0.6193	0.6375
41	6	0.3726	0	1	1.296	0.6375
41	6	3.714	0	0	0.3848	-0.9312
41	6	0.4666	1	1	0.2538	0.1339
41	6	0.182	1	0	-0.4331	0.4469
42	6	0.7324	0	0	-1.381	-2.271
42	6	0.3762	0	0	0.2299	-0.3571
42	6	0.8925	0	1	0.3841	0.05906
42	6	0.3146	1	1	0.1945	0.05906
42	6	0.09237	0	1	-0.9571	-0.8529
42	6	0.444	1	1	-0.8975	1.76
42	6	3.582	0	0	0.342	0.05906
42	6	0.9928	1	1	-0.07512	-0.7198
42	6	0.1794	1	0	-0.733	0.946
42	6	0.5603	0	0	-0.3163	0.3325
42	6	0.2271	1	1	-0.5414	2.532
42	6	0.2085	1	1	0.1911	1.906
42	6	3.63	1	1	-0.2681	0.6573
42	6	0.3128	0	0	-0.199	0.2445
42	6	0.1938	0	0	-0.8724	2.845
42	6	0.8968	1	1	0.5138	0.1534
42	6	3.916	1	1	-0.8281	0.1534
42	6	0.2681	0	0	-0.816	-0.4725
42	6	0.9174	1	1	0.5803	-0.3571
42	6	0.6779	0	0	-3.008	-0.4725
42	6	0.9379	0	0	-1.288	-0.2466
42	6	0.1027	0	1	-1.452	-0.4725
42	6	0.5425	0	0	0.4432	-1.142
42	6	0.02452	1	0	-0.8908	0.1534
42	6	0.08754	1	0	0.3021	-1.299
42	6	0.6681	0	1	-0.7217	-0.1407
42	6	0.551	1	0	1.184	0.05906
42	6	4.134	1	1	-0.3935	-1.466
42	6	1.018	1	0	-1.264	0.946
42	6	3.36	0	0	1.496	-0.4725
42	6	0.03041	1	0	2.11	-0.3571
42	6	3.866	1	1	0.5487	-0.8529
42	6	0.9196	1	1	-2.431	-0.2466
42	6	0.2649	0	0	1.674	-0.9933
42	6	0.3471	0	0	2.419	0.7326
42	6	0.9655	0	0	-0.4195	-0.03889
42	6	0.251	0	0	-1.4	-0.1407
42	6	3.882	0	0	-2.805	-0.4725
42	6	0.3355	0	0	0.1616	-0.8529
42	6	0.3244	0	0	1.001	-0.8529
42	6	0.9138	1	0	1.348	0.8768
42	6	3.738	1	1	0.04018	-0.4725
42	6	0.02312	0	0	0.8827	0.946
42	6	0.8021	1	1	0.4688	2.258
42	6	0.1446	1	0	0.4009	0.2445
42	6	0.4783	1	1	-0.02393	-0.8529
42	6	0.3615	1	1	-1.017	-0.1407
42	6	3.769	1	1	-1.82	-0.2466
42	6	3.563	1	1	0.902	-0.7198
42	6	0.3775	1	0	0.3878	0.05906
43	6	0.9742	0	0	-0.6339	-1.678
43	6	0.1623	0	0	0.4508	0.03052
43	6	0.7759	0	0	0.359	0.4516
43	6	3.639	1	1	-1.642	0.7283
43	6	0.05725	0	0	0.4339	-0.3365
43	6	3.29	1	1	0.2057	-0.2084
43	6	3.534	1	1	-0.9003	-1.092
43	6	3.696	1	1	-0.4881	-0.3365
43	6	0.4332	1	1	-0.2354	0.2495
43	6	0.5969	0	0	1.982	0.8978
43	6	0.08598	1	1	-0.3347	-0.08622
43	6	0.7872	0	0	0.5984	-0.08622
43	6	3.831	1	1	-0.2774	0.4516
43	6	0.279	0	0	-0.3328	0.8978
43	6	3.579	0	0	0.08736	-0.3365
43	6	0.3168	1	1	-1.653	2.32
43	6	0.2724	0	0	0.1262	1.349
43	6	0.1634	0	0	-1.197	-0.3365
43	6	0.9534	1	1	2.911	0.4516
43	6	0.7752	0	0	-1.101	0.6393
43	6	0.6025	1	1	-4.033	-0.6132
43	6	0.2335	0	0	2.14	-0.3365
43	6	0.1201	0	0	0.3731	-0.4712
43	6	0.2854	1	0	0.1564	0.5471
43	6	0.06697	0	1	-0.6753	-2.157
43	6	3.996	0	0	1.454	-1.468
43	6	0.3959	0	1	1.262	-0.7633
43	6	0.2524	0	0	0.5088	-1.468
43	6	3.359	0	0	-0.2154	-0.08622
43	6	0.5612	0	0	0.7655	0.7283
43	6	0.09183	1	1	0.7631	-0.4712
43	6	0.05403	0	0	-1.817	-1.678
43	6	1.055	1	0	-0.9613	0.03052
43	6	0.1574	1	1	0.3279	-0.08622
43	6	0.7966	0	0	-0.7127	-1.092
43	6	0.1632	1	0	0.2239	-0.9225
43	6	0.634	1	0	-1.628	-0.7633
43	6	3.532	1	1	-0.2206	-0.4712
43	6	0.9528	1	0	-0.234	-0.6132
43	6	0.5031	0	0	-0.9082	1.612
43	6	0.2612	1	0	-2.665	-0.08622
43	6	0.00733	1	1	-0.5359	-1.092
43	6	3.61	1	1	0.178	0.7283
43	6	0.2802	0	0	0.03485	0.03052
43	6	0.4962	0	0	-0.8698	2.592
43	6	0.7735	1	0	-1.791	0.8978
43	6	0.2773	1	0	2.242	-0.08622
43	6	0.4526	0	0	0.5837	0.8978
43	6	0.5862	1	1	-1.049	0.8978
43	6	0.1046	0	1	-1.065	1.793
44	6	3.611	1	0	1.565	-0.6708
44	6	0.6906	0	0	0.3564	-1.136
44	6	0.5383	0	0	0.2147	0.1678
44	6	0.255	0	0	1.708	-1.136
44	6	0.6094	1	1	0.5995	1.668
44	6	0.6619	0	0	0.9366	-0.8167
44	6	0.01908	0	0	-0.1289	-0.1585
44	6	0.5195	0	0	-0.6289	0.6332
44	6	0.9584	0	1	0.6844	0.06359
44	6	0.09861	1	0	0.05451	0.3643
44	6	0.3252	1	0	0.2588	-0.8167
44	6	0.2551	1	0	-0.5123	-0.04505
44	6	0.7233	0	1	0.08881	1.303
44	6	0.3431	1	0	0.2118	0.7169
44	6	3.917	0	0	-0.2122	-0.04505
44	6	0.5604	1	0	0.3822	-0.1585
44	6	3.577	1	1	0.3579	-0.6708
44	6	0.3627	1	0	0.4143	-0.2773
44	6	0.3065	0	0	-0.2629	1.237
44	6	0.3541	0	0	-0.408	0.6332
44	6	0.7107	0	0	0.449	2.134
44	6	1.2	0	0	1.234	0.5467
44	6	0.9787	1	0	-1.472	-0.6708
44	6	0.1773	1	0	0.5334	-0.4018
44	6	1.145	1	1	0.4127	0.06359
44	6	0.4896	1	0	0.5711	-0.5328
44	6	0.5289	0	0	-1.317	0.1678
44	6	0.6555	1	1	0.7925	2.316
44	6	0.3614	1	1	-0.8217	1.724
44	6	1.11	1	0	-0.3331	1.492
44	6	3.847	0	0	2.203	0.798
44	6	0.3868	0	1	1.499	1.779
44	6	3.62	1	1	0.2596	-0.6708
44	6	0.3614	0	0	-0.1434	-0.8167
44	6	0.3207	1	0	-0.9769	-0.5328
44	6	3.82	0	0	0.6007	0.06359
44	6	0.457	0	0	0.2387	0.3643
44	6	3.557	1	1	2.607	-0.6708
44	6	3.705	0	0	-1.541	-0.6708
44	6	0.1465	0	0	0.1785	0.4571
44	6	0.511	1	0	-0.3271	-0.1585
44	6	0.311	0	1	0.501	-1.136
44	6	0.4561	0	0	0.6948	-0.8167
44	6	0.05786	1	0	-1.274	-1.136
44	6	0.5013	1	0	0.9469	0.6332
44	6	3.61	1	1	-2.448	0.4571
44	6	0.09158	0	0	0.7063	-1.136
44	6	0.07797	1	1	1.108	-0.4018
44	6	3.422	0	0	1.224	-1.928
44	6	0.06746	0	0	-0.09148	-2.171
45	6	3.571	0	0	-0.5258	-1.842
45	6	0.2867	1	1	-0.4443	0.6184
45	6	0.6106	0	0	0.3677	-1.52
45	6	0.5432	1	1	0.1595	-2.02
45	6	0.0006933	0	0	1.265	-0.05717
45	6	0.01741	0	1	-0.06493	-0.2348
45	6	0.7425	0	0	0.03066	-0.5267
45	6	0.06979	0	0	-0.1119	-0.5267
45	6	0.248	1	1	-1.041	0.5516
45	6	0.05488	1	0	-0.3782	0.6836
45	6	0.01657	1	0	1.199	2.05
45	6	3.433	1	1	0.4083	-0.5267
45	6	0.4233	1	0	1.864	0.3398
45	6	0.03315	0	0	-0.4436	-0.1445
45	6	0.05851	1	1	-0.4961	1.153
45	6	0.763	0	0	1.136	-0.7414
45	6	3.538	1	1	0.6572	0.109
45	6	0.3607	0	0	0.5935	1.359
45	6	0.399	1	1	0.8247	0.3398
45	6	3.648	0	0	0.7645	-1.101
45	6	3.338	0	0	0.2588	-0.4257
45	6	0.1669	1	0	-0.1878	1.504
45	6	0.4279	0	0	0.5641	0.7472
45	6	0.09655	1	0	-0.06239	0.8093
45	6	1.05	1	0	0.5788	1.099
45	6	0.1771	0	0	-0.4668	0.4829
45	6	0.3255	0	0	-0.1671	0.3398
45	6	0.9432	1	1	0.7573	0.8699
45	6	0.745	0	0	-0.3764	-0.7414
45	6	3.948	0	0	1.411	-0.7414
45	6	0.7316	1	1	-0.6865	1.258
45	6	1.002	0	0	-0.4947	-0.7414
45	6	0.6731	1	0	0.2647	-0.2348
45	6	0.7569	0	0	-1.449	-1.52
45	6	0.6826	1	0	-0.649	-0.8559
45	6	0.7054	1	1	0.7363	0.109
45	6	0.4664	0	0	1.044	-0.9757
45	6	1.181	1	1	0.4323	0.7472
45	6	3.559	1	1	0.446	-0.4257
45	6	4.105	0	0	0.1652	-0.8559
45	6	0.4863	0	0	-0.8933	-0.2348
45	6	3.923	1	1	-1.026	0.109
45	6	0.1307	1	0	0.9575	0.1883
45	6	0.3242	1	0	0.3699	1.153
45	6	0.0008678	1	0	1.008	2.302
45	6	0.4598	1	0	-0.2528	0.1883
45	6	0.3003	1	1	0.1122	0.109
45	6	3.61	0	0	-0.7899	-1.842
45	6	0.5929	0	0	0.6452	-1.373
45	6	0.892	1	1	-0.455	0.987
46	6	1.025	1	1	-0.4146	-1.075
46	6	0.5031	0	0	1.442	-1.528
46	6	0.3482	0	1	-1.581	0.3518
46	6	3.84	0	0	-0.2908	-1.407
46	6	0.1404	0	1	1.568	0.05138
46	6	0.03311	0	0	0.6668	-0.8778
46	6	0.03187	0	1	-1.24	-0.2927
46	6	0.04372	0	0	0.784	0.812
46	6	1.129	0	0	2.046	0.3518
46	6	0.8529	1	1	-0.8636	0.9474
46	6	3.072	0	0	-0.07168	-1.181
46	6	0.4475	0	0	0.8078	-0.08033
46	6	3.807	1	1	-0.7694	-0.4457
46	6	0.2488	1	1	-0.6324	1.076
46	6	1.153	1	0	0.7089	0.3518
46	6	1.023	1	1	-0.3567	0.5153
46	6	3.605	1	1	-0.5125	-0.526
46	6	1.171	1	1	1.564	1.034
46	6	3.602	0	0	-1.795	-1.181
46	6	0.8033	1	1	0.8606	-0.08033
46	6	0.2378	1	0	-0.2213	1.662
46	6	0.03352	1	0	-0.3109	0.5153
46	6	0.5863	1	0	1.251	-0.149
46	6	0.2086	0	0	1.537	-0.8778
46	6	3.673	1	1	-0.376	-0.4457
46	6	0.09393	0	0	1.692	0.9031
46	6	0.0741	1	0	-2.654	-0.368
46	6	0.4272	1	1	-0.2512	0.9031
46	6	3.884	0	0	-0.2857	-0.526
46	6	0.6225	0	0	0.3939	-0.6092
46	6	0.4208	1	0	0.3309	-0.8778
46	6	0.06491	0	0	0.224	-0.2927
46	6	0.3243	1	0	-0.6762	-0.2927
46	6	0.1491	0	0	0.1612	-1.075
46	6	3.738	0	0	1.7	-1.792
46	6	0.02036	0	0	1.377	-2.617
46	6	3.107	1	1	1.424	-0.6092
46	6	0.4468	1	0	-1.033	0.5674
46	6	0.4114	1	0	-0.6728	-0.8778
46	6	0.2652	1	0	0.1461	1.313
46	6	0.4107	0	0	-0.6732	1.563
46	6	0.8404	1	1	1.891	0.9909
46	6	0.4793	1	0	1.424	0.05138
46	6	0.1433	1	0	-0.3623	1.423
46	6	0.8044	1	0	-1.319	0.2362
46	6	1.108	1	1	-0.7915	1.034
46	6	0.1769	0	1	0.6133	1.197
46	6	0.3058	0	0	-0.5244	1.459
46	6	3.337	0	0	0.1891	-0.7849
46	6	0.03836	0	0	-0.2453	1.563
47	6	3.627	1	1	-0.1076	-1.628
47	6	1.259	0	0	0.06252	-1.401
47	6	0.7528	1	1	0.7654	-0.244
47	6	0.6205	1	0	0.5283	1.319
47	6	0.7273	1	1	0.8583	-1.191
47	6	0.4432	1	0	0.1863	-0.244
47	6	0.006465	0	1	-0.5511	0.8501
47	6	0.4408	0	0	0.5936	0.6937
47	6	3.662	1	1	-1.166	-0.03105
47	6	0.1937	0	1	0.7134	0.3536
47	6	0.1974	0	0	0.8214	2.01
47	6	3.859	0	0	-0.3801	-1.628
47	6	0.6573	0	0	-0.3047	0.6937
47	6	0.1017	0	0	0.4524	0.5286
47	6	3.57	0	0	3.302e-05	-0.03105
47	6	0.9872	1	0	-0.9101	0.8501
47	6	0.6453	0	0	-2.68	0.4714
47	6	0.7878	1	1	-0.7333	0.7468
47	6	0.3295	1	0	0.2646	-1.401
47	6	3.4	1	1	-0.8629	-0.7226
47	6	0.01945	0	0	-0.7503	-1.294
47	6	0.1918	0	0	0.6331	-0.6372
47	6	0.1188	0	0	1.809	0.4131
47	6	0.3487	0	0	0.8765	-0.4736
47	6	3.524	0	0	-0.6689	-0.9946
47	6	0.1058	0	1	-0.6443	-0.03105
47	6	0.608	0	0	1.598	-1.874
47	6	3.532	0	0	-0.7813	-2.285
47	6	0.1885	1	0	-0.9539	-0.4736
47	6	0.1143	1	0	0.7814	0.5286
47	6	0.09282	1	1	0.4432	0.7468
47	6	0.2604	1	1	0.4984	1.607
47	6	0.9189	0	0	-0.6242	-1.401
47	6	0.9282	1	0	-1.856	0.4131
47	6	0.02415	1	0	0.5853	-0.4736
47	6	3.416	1	1	-2.39	-0.244
47	6	3.49	0	0	0.4778	-0.5543
47	6	0.7497	1	0	2.137	0.4131
47	6	0.7647	1	1	0.4025	1.186
47	6	0.1139	1	0	0.3306	0.5286
47	6	0.03171	1	1	-0.4621	1.487
47	6	0.9834	0	0	1.485	-1.091
47	6	0.3355	0	0	-0.316	-0.244
47	6	0.3003	0	0	-0.4186	0.9499
47	6	3.473	1	1	0.8162	0.2309
47	6	0.5592	0	0	0.05788	1.14
47	6	0.2252	0	0	-0.3695	0.5847
47	6	0.1594	1	0	0.4962	1.275
47	6	0.1446	1	0	0.6459	0.1028
47	6	0.4065	0	0	-1.898	0.4714
48	6	0.7803	0	0	-0.1469	-2.347
48	6	3.664	0	0	-0.9919	-1.912
48	6	0.9063	1	1	-0.6906	-0.4525
48	6	0.1878	0	0	0.7081	-0.06693
48	6	3.956	1	1	-0.133	-0.3712
48	6	3.587	0	0	-0.5204	-1.781
48	6	0.05442	0	0	-0.6027	0.5214
48	6	0.8434	1	1	0.8926	1.062
48	6	0.1773	1	1	-0.1081	0.9098
48	6	0.1874	1	0	-1.468	0.07426
48	6	3.501	0	0	0.4943	-0.9929
48	6	0.4614	0	0	0.5775	-1.654
48	6	0.1963	1	0	-0.8212	-1.197
48	6	0.8416	1	1	-0.05355	0.4003
48	6	0.214	0	1	-0.001422	1.062
48	6	0.03891	1	1	0.3754	0.7495
48	6	3.623	1	1	-1.133	-0.2922
48	6	1.05	0	0	1.255	-0.7104
48	6	0.3747	1	0	-0.9397	-1.197
48	6	1.095	0	0	1.599	-1.533
48	6	3.665	1	1	-2.174	-0.06693
48	6	0.596	1	1	-1.491	1.389
48	6	0.25	1	0	-0.01772	1.344
48	6	0.1885	1	0	-1.777	-1.305
48	6	1.063	1	1	-0.2958	0.209
48	6	3.316	1	1	0.8414	0.209
48	6	0.4168	1	0	-1.435	0.3379
48	6	0.2445	1	0	1.468	1.299
48	6	0.25	1	0	0.003967	-0.1401
48	6	0.5009	1	0	-0.608	0.8039
48	6	0.4757	0	0	-0.1117	-0.536
48	6	0.1601	1	0	0.1318	0.8039
48	6	0.5299	0	0	0.453	0.9613
48	6	3.905	0	0	0.5535	-0.7104
48	6	3.585	1	1	0.7145	-0.536
48	6	0.5059	1	0	-0.7611	0.4003
48	6	0.478	1	0	0.1911	1.602
48	6	0.4918	1	0	0.6312	0.8039
48	6	0.1055	0	1	-0.8455	0.209
48	6	0.2598	1	0	-0.9582	0.4615
48	6	0.8605	0	0	-0.9073	0.5214
48	6	0.1611	0	0	1.393	0.07426
48	6	0.1221	1	0	0.1136	0.7495
48	6	0.9698	0	0	-2.55	1.299
48	6	3.759	1	1	1.531	0.004503
48	6	0.3605	0	1	-1.183	1.723
48	6	0.2207	0	0	-0.1049	0.1424
48	6	0.4874	0	0	0.2342	-1.093
48	6	0.1342	0	0	0.1755	0.07426
48	6	0.1931	0	0	0.006002	-1.305
49	6	0.1667	1	1	2.171	0.4389
49	6	0.6215	1	0	0.2758	-0.2076
49	6	0.02286	1	0	1.214	-1.128
49	6	0.07058	0	1	0.7011	1.127
49	6	0.1075	1	0	0.5127	-0.7543
49	6	0.03996	0	0	-1.185	0.08402
49	6	0.7043	1	0	0.612	0.9125
49	6	0.4637	0	0	-0.3697	1.762
49	6	3.696	0	0	0.4117	-0.3104
49	6	0.7595	0	0	0.6306	0.5224
49	6	0.2654	0	0	0.3325	1.988
49	6	0.8145	0	0	-0.4141	-0.999
49	6	0.2654	0	1	-0.02025	0.1761
49	6	0.222	1	0	-2.675	-0.999
49	6	3.324	0	0	1.003	-0.999
49	6	4.075	1	1	-0.09881	-0.01056
49	6	1.06	0	0	2.368	-0.4163
49	6	0.115	1	1	0.7536	1.933
49	6	0.1026	0	0	0.1436	-0.3104
49	6	3.332	1	1	0.2232	-0.638
49	6	1.069	1	1	0.1162	-0.4163
49	6	3.813	1	1	0.03721	-0.3104
49	6	0.4747	0	0	-0.296	1.196
49	6	0.7559	1	0	-0.2315	-0.638
49	6	0.1605	1	0	-0.2265	1.264
49	6	0.8256	1	1	-0.1441	1.33
49	6	0.5357	0	0	-0.642	0.7616
49	6	1.081	0	0	0.8551	-1.128
49	6	0.6308	0	0	0.3761	-1.401
49	6	3.624	1	1	0.7892	-0.01056
49	6	0.2234	0	0	-0.08342	-0.999
49	6	0.8824	0	0	-0.7105	-1.546
49	6	0.03507	0	0	0.8571	-0.4163
49	6	0.1304	1	0	-0.2735	0.5224
49	6	0.2706	0	0	0.2522	0.9856
49	6	0.01468	1	1	-0.4637	-1.128
49	6	0.6375	0	0	0.5405	-2.192
49	6	0.1601	0	0	-0.2598	0.4389
49	6	3.663	1	1	-0.2336	0.4389
49	6	0.7308	1	0	-1.651	1.82
49	6	0.671	1	0	1.588	-0.4163
49	6	1.076	1	1	1.163	0.6039
49	6	3.652	1	1	1.241	-0.638
49	6	0.4482	0	0	0.2874	-1.401
49	6	0.6281	0	0	2.677	-1.128
49	6	0.21	1	1	0.3897	-0.01056
49	6	3.59	0	0	2.53	1.057
49	6	3.453	1	1	-0.6789	0.2659
49	6	0.2296	0	1	2.838	0.8378
49	6	0.5077	0	0	1.241	0.08402
