0	2	0.855	0	1	-1.506
0	2	5.548	0	0	-0.01174
0	2	1.564	0	0	-0.041
0	2	5.345	1	1	-0.3605
0	2	0.09461	0	1	0.1577
0	2	4.896	0	0	-0.5141
0	2	0.281	1	1	0.0462
0	2	0.1611	1	1	-0.0113
0	2	1.082	0	1	0.4186
0	2	0.3572	0	0	0.2156
0	2	0.7077	0	1	0.6372
0	2	0.3026	1	1	-0.6454
0	2	1.85	0	1	-1.696
0	2	1.03	0	1	0.009771
0	2	0.3553	0	0	0.007318
0	2	1.654	0	1	-0.1955
0	2	2.011	1	1	-0.211
0	2	0.9037	1	1	-0.0957
0	2	0.8919	1	0	-2.006
0	2	0.755	1	1	0.4113
0	2	0.4328	1	0	-0.3012
0	2	0.5023	0	1	-0.7265
0	2	1.724	1	1	-0.2675
0	2	1.896	0	1	0.4014
0	2	0.2864	1	1	-0.5764
0	2	5.396	1	1	0.03156
0	2	0.6085	1	1	-0.1708
0	2	0.04365	1	1	-2.301
0	2	1.69	1	1	-2.893
0	2	5.518	1	1	0.2209
0	2	0.7195	1	1	0.7744
0	2	5.653	1	1	0.4954
0	2	1.067	0	0	-0.8734
0	2	0.1755	0	1	-0.6937
0	2	0.1478	1	0	-0.5179
0	2	1.922	0	0	-0.3594
0	2	1.312	0	1	0.3207
0	2	0.9128	0	0	-0.834
0	2	5.551	0	0	0.1557
0	2	0.07738	0	1	-1.239
0	2	1.994	1	1	-0.46
0	2	0.4321	0	1	-0.5075
0	2	0.9632	1	1	-0.5052
0	2	0.5345	1	0	-3.689
0	2	0.2226	0	1	1.279
0	2	5.691	1	1	-2.732
0	2	0.1228	0	1	-3.231
0	2	0.2136	1	1	1.069
0	2	5.611	0	0	1.533
0	2	5.488	0	0	0.02935
1	2	0.4353	1	1	-1.128
1	2	0.4424	0	1	-0.669
1	2	1.724	0	1	0.3512
1	2	0.8655	0	1	-0.1937
1	2	5.449	1	1	0.08587
1	2	0.5224	1	0	-0.1671
1	2	0.9912	1	1	-0.9263
1	2	0.2148	0	1	1.618
1	2	1.61	1	1	-0.2289
1	2	2.203	1	1	-0.07409
1	2	1.781	0	0	-0.4359
1	2	0.2272	0	0	2.376
1	2	1.106	0	0	-0.3497
1	2	1.942	0	0	1.173
1	2	5.743	1	1	-0.347
1	2	1.305	0	0	0.5276
1	2	1.113	0	1	-1.466
1	2	0.315	0	0	0.3373
1	2	0.4441	0	0	1.464
1	2	0.1822	1	0	0.5311
1	2	1.657	1	1	-2.365
1	2	5.642	1	1	0.333
1	2	0.7897	1	1	-1.914
1	2	0.1898	0	1	-2.467
1	2	2.039	1	1	0.1999
1	2	0.287	0	0	0.3792
1	2	0.2448	1	1	0.09263
1	2	5.48	1	1	-2.678
1	2	0.2893	1	1	2.29
1	2	0.2176	1	0	-0.906
1	2	1.885	0	1	-1.719
1	2	5.611	0	0	-0.1297
1	2	0.3125	1	1	-0.6937
1	2	1.038	0	1	-0.05925
1	2	5.195	1	1	0.7282
1	2	1.646	0	1	-0.592
1	2	2.051	1	1	0.2886
1	2	0.1516	1	1	2.954
1	2	5.253	0	0	-0.7697
1	2	0.4816	0	1	0.979
1	2	5.834	0	0	-0.024
1	2	0.8425	1	1	0.9209
1	2	5.408	1	1	-1.368
1	2	5.552	1	1	-2.431
1	2	0.07586	1	1	1.443
1	2	0.3202	1	1	-0.6385
1	2	1.064	1	0	-1.097
1	2	0.26	1	0	0.603
1	2	0.4247	0	1	-1.601
1	2	0.8299	0	1	-1.832
2	2	0.6089	0	1	-0.08907
2	2	0.6465	1	0	0.3747
2	2	0.1939	0	1	-0.2886
2	2	5.289	0	0	1.175
2	2	1.738	0	0	-0.5187
2	2	0.2794	1	1	-0.129
2	2	0.5288	1	1	-0.1316
2	2	5.137	1	1	-2.621
2	2	0.8695	0	0	-0.794
2	2	0.8669	0	0	-0.2894
2	2	0.2065	0	1	-0.04422
2	2	1.025	0	1	0.8701
2	2	1.746	0	0	0.05285
2	2	1.408	1	1	0.1881
2	2	0.4981	1	1	-0.6287
2	2	1.811	1	1	-0.5371
2	2	0.804	0	0	-0.2319
2	2	0.2831	0	0	0.6282
2	2	0.009483	0	0	-0.03831
2	2	0.8815	1	1	0.3465
2	2	1.787	0	0	0.1977
2	2	0.1329	0	0	0.5852
2	2	0.9214	1	1	-0.1291
2	2	5.283	1	1	1.01
2	2	0.1857	1	1	-0.2862
2	2	1.975	1	1	-0.6623
2	2	1.018	0	1	-0.5752
2	2	5.454	0	0	-0.08051
2	2	2.111	0	1	0.08187
2	2	5.553	0	0	0.1702
2	2	0.4899	1	0	-1.33
2	2	1.374	0	0	-0.9427
2	2	0.02534	1	1	-0.1416
2	2	0.7664	0	1	1.281
2	2	0.9779	0	0	0.341
2	2	0.1326	1	0	1.161
2	2	2.183	1	1	1.83
2	2	5.223	1	1	0.1918
2	2	0.3721	1	1	0.1554
2	2	0.8508	0	0	2.229
2	2	5.368	1	1	1.077
2	2	0.5984	1	1	0.1539
2	2	0.836	1	1	-0.4625
2	2	5.394	0	0	0.4425
2	2	0.5294	0	0	-1.019
2	2	5.564	1	1	0.8185
2	2	1.677	1	1	0.01288
2	2	0.3019	1	1	1.504
2	2	0.1052	0	1	-0.229
2	2	5.495	1	1	1.076
3	2	1.459	0	0	-1.137
3	2	0.1382	0	1	0.4771
3	2	0.6569	0	1	-0.3075
3	2	5.093	1	1	0.3644
3	2	0.2859	0	1	0.02186
3	2	5.595	1	0	0.8385
3	2	5.523	1	1	-0.3512
3	2	5.393	1	1	-0.3435
3	2	1.883	1	1	0.4006
3	2	1.103	0	1	-0.04094
3	2	0.4588	0	0	0.6774
3	2	1.904	0	0	0.7856
3	2	5.139	1	1	0.2622
3	2	0.2767	0	0	-0.1616
3	2	5.373	0	0	-0.3229
3	2	0.7109	1	0	-0.2432
3	2	1.068	0	1	-1.182
3	2	0.3966	0	1	-0.08385
3	2	2.114	1	1	-0.03994
3	2	1.666	0	0	0.03056
3	2	1.703	1	1	-0.7433
3	2	0.3927	0	1	-1.037
3	2	0.6439	0	1	0.5751
3	2	0.6656	1	0	0.8085
3	2	0.1935	1	0	-0.2104
3	2	5.679	0	0	1.033
3	2	0.9084	0	0	0.2292
3	2	1.114	0	0	1.494
3	2	5.626	0	0	-0.2759
3	2	0.06652	0	1	0.9953
3	2	0.5394	1	0	-0.8793
3	2	0.2363	1	0	0.3136
3	2	1.432	1	0	-0.3208
3	2	0.3616	1	1	0.17
3	2	1.017	0	0	-0.9242
3	2	0.1609	1	1	-0.8194
3	2	1.818	1	1	-0.1081
3	2	5.822	1	1	0.3575
3	2	1.764	1	1	-0.7477
3	2	1.048	0	1	-1.961
3	2	0.2331	1	1	-0.9883
3	2	0.9668	1	1	-0.8614
3	2	5.069	1	1	-0.5078
3	2	0.5975	0	1	0.7976
3	2	0.3975	0	0	0.5475
3	2	1.941	1	1	-0.7269
3	2	0.04046	1	1	-0.2207
3	2	1.088	0	0	0.1039
3	2	1.165	1	1	1.163
3	2	0.2169	0	1	-0.1819
4	2	5.211	1	1	-0.2194
4	2	1.631	0	1	0.4669
4	2	1.097	0	0	-0.2679
4	2	0.2322	1	1	0.5359
4	2	1.597	1	1	0.1593
4	2	1.871	0	1	0.4831
4	2	0.3151	0	1	0.4303
4	2	0.6994	0	0	-0.5109
4	2	1.929	0	0	0.5561
4	2	0.5701	1	1	-0.04599
4	2	0.7719	1	1	-0.1312
4	2	0.3465	1	1	-0.1994
4	2	1.645	0	0	-0.4656
4	2	0.9901	1	1	0.2858
4	2	5.722	0	0	-0.6
4	2	0.8458	1	1	-0.3215
4	2	5.796	1	1	0.3049
4	2	0.3083	1	0	0.04351
4	2	0.5543	0	1	0.6549
4	2	0.8112	0	1	-0.02109
4	2	1.883	0	1	-0.08584
4	2	1.267	0	0	0.3276
4	2	1.62	1	1	0.312
4	2	0.3553	1	1	-0.335
4	2	1.717	1	1	1.355
4	2	1.035	1	1	-0.8738
4	2	0.9365	0	1	-1.3
4	2	1.413	1	0	1.142
4	2	0.7398	1	1	-1.862
4	2	1.626	1	1	0.2399
4	2	5.361	0	0	-0.9284
4	2	0.5694	0	1	2.359
4	2	5.762	1	1	0.7116
4	2	1.255	0	1	2.369
4	2	0.1568	1	0	2.867
4	2	5.578	0	0	-1.303
4	2	0.3565	0	0	1.286
4	2	5.351	1	0	1.564
4	2	5.179	0	0	2.548
4	2	0.3504	0	1	1.422
4	2	0.5477	1	0	-2.832
4	2	0.1069	1	0	1.127
4	2	0.4647	0	1	1.226
4	2	0.4312	0	1	1.951
4	2	1.35	1	0	-2.648
4	2	5.304	1	1	0.3666
4	2	0.5136	1	1	0.8375
4	2	0.4847	1	1	0.3395
4	2	5.126	0	0	-0.8777
4	2	0.5211	1	0	-0.02077
5	2	5.438	1	1	0.2592
5	2	1.188	0	0	0.4801
5	2	0.03478	1	0	-0.03331
5	2	2.075	1	1	0.09884
5	2	5.246	0	0	-0.1347
5	2	0.5636	1	1	-2.068
5	2	0.2713	1	1	0.1897
5	2	2.139	0	0	-0.43
5	2	1.882	0	1	-0.7352
5	2	5.389	1	1	0.4746
5	2	5.201	1	1	0.2869
5	2	0.4329	1	0	0.4744
5	2	5.4	1	1	-0.2174
5	2	0.483	0	1	0.172
5	2	0.07478	0	0	0.1255
5	2	0.7833	0	1	-0.007815
5	2	1.865	0	0	1.096
5	2	0.7667	0	1	-0.3716
5	2	1.935	1	1	0.9816
5	2	1.25	1	0	0.223
5	2	1.646	1	0	-1.016
5	2	0.2945	0	0	1.288
5	2	0.5709	1	0	0.1825
5	2	2.003	1	1	0.3431
5	2	0.361	0	0	0.06419
5	2	0.624	1	1	0.05341
5	2	0.06252	0	1	-0.3768
5	2	0.4812	0	1	-1.182
5	2	0.5578	0	0	-0.3341
5	2	0.5479	0	0	-0.1254
5	2	5.621	0	0	-0.1244
5	2	5.214	0	0	-0.127
5	2	5.156	1	1	-0.1292
5	2	0.9639	0	1	-0.1353
5	2	0.9964	1	1	-0.7277
5	2	0.5961	0	1	0.7503
5	2	1.523	1	1	0.07384
5	2	0.3452	0	1	-1.559
5	2	1.959	1	1	0.1187
5	2	0.2054	0	1	-0.7429
5	2	5.496	0	0	1.069
5	2	1.671	1	1	0.1114
5	2	0.8572	1	1	0.4681
5	2	0.155	0	0	0.9506
5	2	0.5774	0	0	1.07
5	2	5.215	0	0	0.3107
5	2	0.5888	1	1	0.1672
5	2	0.6342	1	1	-0.115
5	2	1.186	1	1	0.1381
6	2	0.7069	1	1	0.2676
6	2	0.9203	0	1	-0.7873
6	2	1.912	1	1	-0.07427
6	2	0.3825	0	1	-0.2367
6	2	1.551	1	1	0.8164
6	2	0.1706	0	1	-0.4874
6	2	0.03827	0	1	0.2893
6	2	0.2802	1	1	1.484
6	2	1.65	0	1	0.5809
6	2	0.4047	1	1	0.7223
6	2	5.253	0	0	0.1207
6	2	0.2483	1	0	0.8081
6	2	5.313	1	1	0.1199
6	2	1.726	0	0	-2.901
6	2	1.931	1	1	-0.8687
6	2	0.1502	0	1	0.2556
6	2	0.2748	0	1	0.3635
6	2	1.921	1	1	0.4776
6	2	0.7291	0	0	-0.8968
6	2	5.522	0	0	-1.033
6	2	1.782	0	0	0.05214
6	2	5.582	1	1	1.607
6	2	0.6316	1	1	-1.99
6	2	0.1673	0	1	1.272
6	2	1.033	1	1	-0.8585
6	2	1.063	0	0	1.496
6	2	0.7679	0	1	0.6212
6	2	5.599	1	1	-1.408
6	2	2.12	1	1	0.9245
6	2	0.06182	0	1	0.1982
6	2	0.2595	0	1	-0.4031
6	2	0.5493	1	0	0.6955
6	2	0.2365	1	0	0.7774
6	2	0.002845	0	0	-0.8823
6	2	0.8454	0	0	0.4523
6	2	1.844	1	1	0.7972
6	2	1.252	1	1	1.072
6	2	0.5056	0	1	-0.2749
6	2	5.554	1	1	-0.7747
6	2	0.05052	0	1	0.811
6	2	2.202	0	0	0.35
6	2	5.793	0	0	1.269
6	2	0.7253	1	0	-0.3384
6	2	5.645	0	0	0.546
6	2	0.9217	0	1	1.266
6	2	0.5336	1	1	0.5275
6	2	0.7912	0	1	0.2074
6	2	5.119	1	1	0.8657
6	2	0.3626	0	1	0.7547
6	2	5.758	1	1	-1.266
7	2	1.682	0	1	-0.5713
7	2	5.525	0	0	0.2297
7	2	0.6939	0	1	3.357
7	2	0.4584	1	1	-0.2789
7	2	2.007	0	1	0.2445
7	2	0.2811	0	1	0.8142
7	2	0.5045	1	1	0.1788
7	2	1.977	1	1	-2.312
7	2	0.6604	1	1	-0.3283
7	2	0.6311	0	0	0.2047
7	2	0.5209	1	1	0.07335
7	2	1.396	1	1	0.2643
7	2	0.7516	1	1	-0.06916
7	2	0.1946	1	1	0.6164
7	2	0.3223	0	1	0.5363
7	2	5.829	0	0	-0.6507
7	2	0.04856	0	1	-0.2712
7	2	2.152	0	1	1.224
7	2	1.649	1	1	0.3685
7	2	5.412	0	0	-0.343
7	2	1.084	0	1	0.241
7	2	5.306	1	1	0.4338
7	2	1.862	1	1	0.173
7	2	0.5252	0	1	0.06614
7	2	0.3211	0	1	0.116
7	2	0.4985	0	0	-0.7672
7	2	5.497	1	1	-0.02133
7	2	0.2205	1	1	0.6067
7	2	0.9285	0	0	0.2498
7	2	1.686	0	0	-0.7854
7	2	0.9892	0	0	-0.5069
7	2	0.7871	0	1	0.6116
7	2	0.4187	0	0	0.1155
7	2	5.497	1	1	-0.1011
7	2	0.5571	1	1	1.759
7	2	0.1479	0	0	-1.655
7	2	1.673	1	1	0.4865
7	2	0.2101	1	1	0.4138
7	2	1.3	1	1	-0.8246
7	2	5.478	1	1	-2.318
7	2	0.9515	1	1	1.311
7	2	0.3314	0	1	-1.946
7	2	2.228	1	1	2.284
7	2	5.288	0	0	-0.5202
7	2	0.8056	1	1	-1.821
7	2	5.715	1	1	2.457
7	2	0.1899	0	0	-0.01786
7	2	0.7548	1	1	-1.14
7	2	0.406	1	1	2.307
7	2	5.25	0	0	-0.4444
8	2	1.451	0	1	-0.1636
8	2	5.347	0	0	0.1525
8	2	1.775	1	1	0.9888
8	2	1.185	0	0	-0.5765
8	2	5.376	1	1	1.87
8	2	5.238	0	0	-1.158
8	2	0.1266	0	1	-0.0175
8	2	2.083	1	1	0.4
8	2	0.2968	1	1	-4.911
8	2	1.082	1	1	0.05096
8	2	5.49	0	0	0.02995
8	2	1.872	0	0	0.1298
8	2	0.5788	1	1	0.3874
8	2	0.8502	1	1	-0.6491
8	2	0.4891	0	1	0.6359
8	2	0.1846	0	1	0.311
8	2	5.69	1	1	-0.02984
8	2	1.745	0	1	1
8	2	0.1698	0	1	0.8886
8	2	1.682	0	0	-0.3964
8	2	5.258	1	1	0.5449
8	2	0.8249	1	1	-0.6047
8	2	0.5545	1	1	1.848
8	2	0.5704	1	1	-0.268
8	2	1.489	1	1	-0.6818
8	2	5.37	1	1	-0.2809
8	2	1.127	1	1	-1.528
8	2	0.03193	1	1	1.564
8	2	0.2283	1	1	-0.3018
8	2	0.4656	1	1	0.6443
8	2	0.836	0	0	-1.193
8	2	0.5672	1	1	1.001
8	2	1.662	0	0	-0.8828
8	2	5.171	0	0	0.04369
8	2	5.224	1	1	1.429
8	2	0.9163	1	1	0.4756
8	2	0.9906	1	1	-2.009
8	2	0.2983	1	1	-0.2087
8	2	0.646	0	1	-0.2612
8	2	1.154	1	1	0.3599
8	2	1.647	0	0	-0.3148
8	2	0.4381	0	0	-0.2956
8	2	0.4297	1	1	1.295
8	2	1.351	0	0	1.189
8	2	5.448	1	1	0.1938
8	2	0.306	0	0	-2.082
8	2	0.2222	0	1	-0.2398
8	2	0.554	0	1	0.1614
8	2	0.7988	0	1	1.428
8	2	0.07299	0	0	0.4196
9	2	0.01524	0	1	-0.3978
9	2	2	0	0	-0.5873
9	2	1.03	1	0	-0.6201
9	2	5.066	0	0	0.421
9	2	0.8469	1	0	-0.5906
9	2	5.304	0	1	0.21
9	2	0.8453	0	0	-0.2356
9	2	0.4115	1	1	0.05768
9	2	1.85	0	0	-0.09378
9	2	0.02905	1	1	-0.2733
9	2	1.742	0	0	-0.298
9	2	0.1749	1	1	1.152
9	2	0.9697	1	1	0.03762
9	2	1.534	1	1	-0.01536
9	2	0.1824	1	1	0.4011
9	2	0.1397	0	1	0.2963
9	2	0.02277	1	1	0.475
9	2	5.577	1	1	0.451
9	2	5.401	1	1	0.443
9	2	5.494	0	0	-1.956
9	2	1.017	0	1	-0.1425
9	2	1.792	0	0	0.984
9	2	0.1327	0	1	2.603
9	2	0.3097	1	1	-1.705
9	2	5.149	0	0	-0.1416
9	2	5.184	0	0	0.1636
9	2	1.582	0	0	0.101
9	2	1.057	0	0	0.9929
9	2	0.1021	1	1	-0.5248
9	2	0.4112	0	1	-0.2255
9	2	5.524	0	1	1.758
9	2	0.4247	0	0	-2.866
9	2	0.01936	0	0	-2.318
9	2	0.5085	0	1	-1.227
9	2	0.2377	1	1	0.06127
9	2	0.187	1	1	0.1292
9	2	1.216	1	1	-1.932
9	2	0.4466	1	1	-0.5541
9	2	2.114	1	1	-0.6584
9	2	2.034	1	1	1.694
9	2	0.9825	1	0	-1.628
9	2	0.7315	0	0	1.576
9	2	0.07313	0	1	-1.523
9	2	0.9239	1	1	1.509
9	2	0.5245	1	1	1.448
9	2	0.5147	0	1	0.4442
9	2	1.678	1	1	0.556
9	2	5.53	0	0	1.265
9	2	1.985	1	1	-2.233
9	2	5.359	1	1	-0.2744
10	3	0.6526	1	1	-0.2431
10	3	0.07202	1	1	0.4547
10	3	0.07412	1	1	-0.464
10	3	5.447	1	1	-0.6906
10	3	5.381	0	0	-0.3306
10	3	0.2569	0	1	-0.9592
10	3	0.05828	0	1	0.3868
10	3	1.388	0	0	0.01553
10	3	0.09314	0	1	0.2333
10	3	5.202	1	1	-0.5829
10	3	0.8084	1	0	-0.9487
10	3	1.72	0	0	-0.08841
10	3	5.234	0	0	0.339
10	3	0.897	1	0	-0.1265
10	3	5.28	1	1	-0.3812
10	3	5.18	1	1	0.3195
10	3	1.647	0	1	-0.07232
10	3	1.032	1	1	-0.3486
10	3	1.011	0	0	0.09657
10	3	1.888	0	0	0.1658
10	3	2.015	0	0	0.6174
10	3	0.3852	0	0	0.1659
10	3	0.3118	1	1	0.2242
10	3	1.999	1	1	-0.8689
10	3	5.484	1	1	0.2246
10	3	1.126	1	1	1.226
10	3	0.1771	1	1	0.5531
10	3	0.4613	1	1	1.495
10	3	0.1286	0	0	0.5011
10	3	5.605	0	0	1.132
10	3	0.4885	1	0	-0.3926
10	3	2.12	0	0	1.186
10	3	0.3872	0	1	-0.9892
10	3	0.1272	1	0	-0.0534
10	3	1.989	0	0	0.4703
10	3	0.7289	1	1	-1.433
10	3	2.109	0	1	-0.4127
10	3	0.3975	1	1	-0.3628
10	3	0.4574	0	0	-0.6908
10	3	1.705	1	1	-0.8873
10	3	0.9015	1	1	-0.7879
10	3	0.7093	0	0	0.7443
10	3	0.3709	1	1	-1.194
10	3	5.867	0	0	-0.492
10	3	0.1082	0	1	-0.5823
10	3	5.68	0	0	-0.8387
10	3	0.6788	0	0	0.3447
10	3	0.127	0	1	0.6492
10	3	0.7767	0	0	1.541
10	3	0.03894	0	0	0.03491
11	3	0.1998	0	1	-0.01612
11	3	0.1476	0	1	0.2471
11	3	0.453	0	1	-0.4471
11	3	0.1338	1	1	0.3626
11	3	1.743	0	0	-0.5631
11	3	0.8333	1	1	0.2873
11	3	0.1619	1	1	-0.7614
11	3	1.033	1	0	-0.6248
11	3	0.005354	1	1	-0.8782
11	3	0.1325	0	1	0.04455
11	3	1.73	0	0	-1.221
11	3	0.5218	1	1	-0.2981
11	3	0.672	1	1	-0.6242
11	3	1.898	1	1	1.048
11	3	1.729	1	1	0.04761
11	3	5.476	1	1	-0.6123
11	3	1.078	0	0	0.5212
11	3	0.02198	0	0	-0.4318
11	3	5.058	0	0	1.072
11	3	0.4357	1	0	-0.6382
11	3	0.3908	0	1	-0.5535
11	3	1.733	0	0	-0.9804
11	3	5.053	1	1	-0.5595
11	3	5.309	0	0	-0.4513
11	3	0.3151	1	0	0.9923
11	3	5.336	0	0	-0.3644
11	3	1.127	0	1	0.5772
11	3	0.2393	1	1	1.366
11	3	0.08932	0	1	0.153
11	3	1.014	0	0	1.522
11	3	0.2443	1	1	0.9849
11	3	5.682	1	1	0.2413
11	3	1.422	1	1	-0.8704
11	3	5.144	0	0	2.353
11	3	0.6496	0	1	0.4171
11	3	0.4646	1	1	-0.2309
11	3	0.8561	0	1	0.4732
11	3	0.5328	1	1	0.3851
11	3	5.379	0	0	-1.365
11	3	2.128	0	0	-0.0001469
11	3	1.994	1	1	-0.1966
11	3	2.073	0	0	-0.6334
11	3	0.9244	1	1	-0.2843
11	3	1.186	0	0	1.05
11	3	0.9148	0	0	-0.4075
11	3	1.721	1	1	-0.5481
11	3	5.242	1	1	-0.0118
11	3	0.5449	1	1	1.276
11	3	0.4424	1	1	-0.7319
11	3	5.491	0	0	-1.415
12	3	0.06381	0	1	-1.483
12	3	0.9445	0	0	0.5018
12	3	5.52	1	1	0.2074
12	3	0.4935	0	0	-0.7347
12	3	0.8254	1	1	-0.05922
12	3	5.314	0	0	0.258
12	3	0.9336	1	1	0.1809
12	3	0.3819	1	1	1.186
12	3	0.9151	0	1	-0.4046
12	3	0.8827	1	1	0.49
12	3	5.285	1	1	-0.6896
12	3	0.2311	0	0	-0.1651
12	3	0.3308	1	1	-0.06854
12	3	5.289	0	0	-0.007209
12	3	2.229	1	1	-0.9198
12	3	0.6879	0	1	-0.09105
12	3	1.908	0	1	-0.5751
12	3	0.9238	0	1	0.1842
12	3	1.985	1	1	0.2173
12	3	0.6845	1	1	0.9417
12	3	1.612	1	1	0.1835
12	3	0.3551	1	1	-0.6329
12	3	0.6243	0	0	0.306
12	3	0.252	0	0	-0.2396
12	3	5.67	0	0	0.2574
12	3	0.04844	1	0	-0.5343
12	3	1.073	1	1	-0.2587
12	3	1.953	0	0	-1.19
12	3	0.318	1	1	0.6079
12	3	0.481	0	0	-0.2589
12	3	5.464	1	1	0.8024
12	3	1.647	1	1	-0.1013
12	3	0.4979	1	1	-1.013
12	3	2.031	0	1	0.3203
12	3	5.725	0	0	-3.74
12	3	1.893	1	1	0.9027
12	3	2.082	0	0	-3.493
12	3	1.111	0	0	1.749
12	3	2.135	0	0	1.69
12	3	5.618	0	0	1.301
12	3	5.644	0	0	2.378
12	3	5.362	0	0	-2.513
12	3	0.386	1	0	0.03376
12	3	0.5175	1	0	-0.3158
12	3	0.1459	1	0	-1.705
12	3	1.112	0	0	0.9233
12	3	0.4838	0	0	0.5123
12	3	0.03555	0	0	-1.678
12	3	0.5563	1	1	-2.485
12	3	0.9073	1	1	1.301
13	3	0.01028	0	1	0.5657
13	3	0.05312	1	1	0.01024
13	3	5.546	1	1	0.06278
13	3	0.312	1	0	-0.7396
13	3	0.8178	1	1	0.7315
13	3	0.6122	1	1	-0.001348
13	3	5.652	0	0	-0.7323
13	3	1.08	0	0	-0.001645
13	3	5.25	0	0	0.3347
13	3	1.748	0	0	0.6165
13	3	0.06534	1	0	-0.2916
13	3	0.3735	0	1	0.2115
13	3	1.97	1	1	0.1941
13	3	0.1693	0	0	0.7803
13	3	5.587	0	0	0.4032
13	3	1.882	1	1	0.09044
13	3	0.5388	0	0	0.001682
13	3	0.392	1	0	0.1554
13	3	2.172	0	0	1.147
13	3	1.097	1	0	1.701
13	3	1.773	1	1	-1.412
13	3	0.4012	1	1	1.14
13	3	0.1408	0	0	1.08
13	3	0.6055	1	1	-2.878
13	3	5.257	0	0	0.5308
13	3	0.141	0	1	0.8757
13	3	5.342	1	1	-2.69
13	3	2.124	0	0	0.9235
13	3	1.484	1	1	0.4772
13	3	1.056	0	1	1.426
13	3	0.2619	0	0	0.648
13	3	0.9814	0	0	1.045
13	3	0.8975	1	1	0.9832
13	3	0.9293	1	1	0.4038
13	3	0.3662	1	1	0.2037
13	3	0.5501	1	1	1.097
13	3	1.885	1	0	0.243
13	3	5.787	0	0	-0.2899
13	3	0.5407	0	0	1.359
13	3	1.377	0	0	2.164
13	3	0.4045	0	1	-0.0602
13	3	5.487	1	1	0.3582
13	3	5.424	0	0	-0.9197
13	3	1.655	0	1	-0.7139
13	3	0.5358	0	1	-0.3155
13	3	0.05391	0	1	0.4202
13	3	5.184	1	1	1.023
13	3	0.7362	0	0	1.17
13	3	0.5513	0	0	-1.706
13	3	0.7731	1	1	0.02744
14	3	5.167	1	1	0.2635
14	3	0.6927	1	1	0.9601
14	3	2.039	1	1	0.008059
14	3	0.3005	1	1	-0.2697
14	3	5.591	1	1	0.1471
14	3	1.839	0	1	1.191
14	3	5.382	1	1	0.09745
14	3	0.519	0	1	0.2686
14	3	0.09989	1	0	0.299
14	3	0.7362	0	0	-0.5691
14	3	0.5703	0	0	-0.3015
14	3	0.4984	0	1	0.02999
14	3	1.006	1	1	0.9564
14	3	0.3948	1	0	-0.1714
14	3	0.2942	0	1	-0.3848
14	3	1.584	0	0	-0.3738
14	3	0.1892	1	1	0.2257
14	3	5.507	0	0	-0.1126
14	3	5.276	1	1	-0.08677
14	3	0.8999	0	1	-0.5531
14	3	5.16	1	1	-0.2141
14	3	0.7446	0	1	2.5
14	3	0.7149	0	0	-0.9452
14	3	0.5115	1	1	-0.109
14	3	5.204	1	1	0.3662
14	3	0.5793	0	0	0.3325
14	3	5.512	0	0	0.3001
14	3	0.8263	1	0	0.6775
14	3	0.8846	1	0	0.0624
14	3	2.028	0	0	-0.06222
14	3	1.098	1	1	1.002
14	3	1.068	0	0	6.602
14	3	2.02	0	0	0.6129
14	3	0.09953	1	1	0.4245
14	3	0.9986	1	0	-0.3694
14	3	0.7896	0	0	1.209
14	3	1.007	0	0	2.778
14	3	2.167	1	1	-1.22
14	3	2.203	0	0	2.854
14	3	5.313	1	1	0.6573
14	3	1.971	0	0	-0.7217
14	3	5.144	0	0	0.1021
14	3	2.316	1	0	0.5957
14	3	0.1275	1	0	1.721
14	3	0.5755	1	0	1.777
14	3	0.07391	0	0	-0.7189
14	3	0.08639	1	0	1.729
14	3	0.5145	0	0	0.7131
14	3	1.834	0	0	-0.5735
14	3	0.6983	1	1	-1.331
15	3	0.3364	1	1	0.9493
15	3	0.621	0	0	0.1935
15	3	5.247	0	0	-0.5813
15	3	5.263	1	1	0.2019
15	3	5.44	0	0	0.1466
15	3	5.532	0	0	-0.6878
15	3	1.547	1	1	0.3151
15	3	5.359	1	1	-0.4177
15	3	0.6947	0	0	0.03563
15	3	1.787	1	1	-0.1048
15	3	1.948	1	1	0.7907
15	3	5.481	0	0	0.1103
15	3	0.5582	1	1	-0.874
15	3	0.3494	1	1	0.4732
15	3	1.5	1	1	0.6954
15	3	0.6563	1	1	0.01924
15	3	0.3774	0	1	0.003275
15	3	1.628	0	0	0.72
15	3	0.5511	0	1	-0.3482
15	3	2.005	1	1	1.123
15	3	0.9008	0	1	-0.6722
15	3	0.5457	0	0	-0.8405
15	3	1.964	0	0	0.9974
15	3	1.094	1	1	0.1648
15	3	0.2553	1	0	-0.3624
15	3	0.2139	1	0	0.8638
15	3	0.969	1	1	-0.8235
15	3	1.17	0	0	0.1318
15	3	0.3463	1	0	-0.2501
15	3	1.146	0	0	1.074
15	3	0.4017	1	1	1.341
15	3	5.066	1	1	-1.434
15	3	0.5766	1	1	0.1684
15	3	0.7706	0	0	-0.7901
15	3	0.12	0	1	0.685
15	3	1.66	0	1	0.4613
15	3	5.448	0	0	-1.94
15	3	0.4632	0	0	1.582
15	3	0.3509	0	0	1.463
15	3	5.226	0	0	1.289
15	3	0.3326	0	1	0.4864
15	3	0.6999	0	1	1.706
15	3	0.6761	1	0	1.442
15	3	0.4648	0	0	-0.3059
15	3	0.936	0	1	0.1053
15	3	0.2477	1	1	0.1259
15	3	1.653	1	1	1.05
15	3	5.268	1	1	0.9462
15	3	1.452	1	1	0.2654
15	3	0.7607	1	1	0.9927
16	3	1.648	1	1	0.2899
16	3	1.789	1	1	0.3078
16	3	5.225	1	1	0.1653
16	3	1.648	1	1	-0.5291
16	3	5.307	0	0	-0.1723
16	3	5.28	1	1	-1.177
16	3	0.5241	0	0	0.9561
16	3	0.5876	0	1	1.138
16	3	0.5404	0	0	-0.4027
16	3	1.302	1	1	0.07137
16	3	0.9425	1	1	-0.1539
16	3	5.634	0	0	-0.6508
16	3	1.345	1	1	-0.2418
16	3	1.793	0	0	1.353
16	3	5.423	0	0	-0.2271
16	3	0.5478	0	0	0.2677
16	3	0.6314	1	1	1.148
16	3	0.1525	1	1	-0.2726
16	3	1.876	1	1	0.08106
16	3	0.3715	0	1	-0.8209
16	3	0.9859	1	1	0.1113
16	3	0.658	0	1	-0.03265
16	3	0.04338	0	0	-0.2858
16	3	1.905	0	0	0.7994
16	3	5.263	1	1	0.4614
16	3	0.9181	0	0	0.03067
16	3	0.8592	0	0	0.5987
16	3	1.281	1	1	0.6857
16	3	0.3723	0	1	0.692
16	3	1.142	0	0	-0.1293
16	3	0.473	1	0	1.032
16	3	0.9136	1	0	-1.243
16	3	0.2702	1	1	-3.656
16	3	1.944	0	0	2.511
16	3	0.648	0	0	-0.4682
16	3	5.251	1	1	0.9316
16	3	0.03295	1	0	2.283
16	3	2.251	0	0	-0.02912
16	3	5.335	1	1	-0.3005
16	3	0.5919	0	0	1.057
16	3	0.1091	1	1	0.3247
16	3	0.4224	1	0	0.08482
16	3	1.858	1	1	0.8637
16	3	0.3474	0	0	0.7472
16	3	1.386	1	1	-1.389
16	3	5.428	0	0	-4.047
16	3	5.503	1	1	0.06781
16	3	1.839	0	0	0.8478
16	3	0.2219	0	1	0.4654
16	3	0.4608	1	0	0.02559
17	3	1.027	0	0	-1.75
17	3	0.403	1	1	-0.5301
17	3	0.9252	1	1	0.0581
17	3	0.7386	1	1	0.1949
17	3	0.2475	0	1	-0.5394
17	3	0.6753	1	1	-0.0953
17	3	0.004653	0	1	0.5726
17	3	5.179	1	1	0.8411
17	3	0.1817	0	0	0.1914
17	3	0.4338	1	1	-2.054
17	3	1.384	1	1	-1.102
17	3	0.1389	0	1	-0.893
17	3	0.5657	1	1	-0.1168
17	3	0.3564	1	1	0.616
17	3	2.204	1	1	-0.4805
17	3	0.02068	0	1	0.8957
17	3	5.542	0	0	0.4744
17	3	0.2549	0	1	-0.2972
17	3	0.8307	1	1	2.32
17	3	5.507	0	0	-0.424
17	3	0.3528	1	1	-0.5027
17	3	0.2711	1	1	-1.055
17	3	1.817	0	0	0.7496
17	3	0.4612	1	1	-0.108
17	3	0.8877	1	1	-0.2206
17	3	1.813	0	1	-0.324
17	3	1.883	0	0	0.5557
17	3	1.628	0	0	-0.7643
17	3	5.644	1	1	-1.345
17	3	5.288	1	1	0.233
17	3	5.592	0	0	-4.514
17	3	5.085	0	0	-1.778
17	3	1.149	0	1	0.9651
17	3	1.692	1	1	-1.726
17	3	0.6936	1	0	-0.294
17	3	0.354	0	1	-0.08989
17	3	1.568	0	0	-0.8525
17	3	1.807	1	0	1.859
17	3	0.8375	0	0	0.9681
17	3	0.7711	1	1	0.9853
17	3	5.405	1	1	-3.083
17	3	1.566	1	1	-1.931
17	3	5.63	0	0	1.12
17	3	0.05785	0	0	-1.208
17	3	5.352	0	0	0.9381
17	3	0.1996	0	1	2.229
17	3	0.389	0	0	1.935
17	3	1.143	1	1	-3.482
17	3	0.8011	0	0	3.552
17	3	1.64	0	0	-0.9864
18	3	1.021	0	1	1.296
18	3	0.9755	0	1	-0.6152
18	3	5.535	1	1	0.3232
18	3	0.5869	1	1	-0.1087
18	3	0.7491	0	0	0.3754
18	3	0.3416	1	1	0.4945
18	3	0.8625	0	0	0.849
18	3	1.949	0	0	-0.4978
18	3	0.2508	0	0	0.2955
18	3	0.5898	0	0	-0.08911
18	3	1.539	1	1	-0.252
18	3	5.442	1	1	0.004344
18	3	1.965	0	0	0.375
18	3	1.163	0	0	-0.8027
18	3	0.3385	1	1	1.92
18	3	1.968	1	1	-0.09722
18	3	0.9196	0	0	-1.024
18	3	0.3314	1	1	-0.3944
18	3	2.084	0	1	-0.6673
18	3	0.7389	1	1	0.1557
18	3	0.5005	0	1	-0.1418
18	3	0.04469	0	0	0.7855
18	3	5.301	0	0	-0.5112
18	3	0.1177	1	0	0.2389
18	3	1.003	0	0	0.3012
18	3	0.1562	1	0	1.411
18	3	0.1921	1	1	0.3451
18	3	0.7709	0	1	0.266
18	3	5.14	1	1	-0.2869
18	3	0.4476	0	0	1.936
18	3	1.789	1	1	-0.07453
18	3	0.6271	1	0	1.369
18	3	1.923	0	1	-1.851
18	3	1.704	1	1	1.082
18	3	5.225	0	0	0.6114
18	3	0.5712	1	1	1.969
18	3	1.974	0	0	-0.1663
18	3	5.735	1	1	0.4992
18	3	5.203	1	1	0.62
18	3	0.5669	1	1	1.562
18	3	0.9409	1	1	-1.987
18	3	5.635	0	0	0.6067
18	3	0.3603	1	0	-0.3897
18	3	1.003	1	1	1.787
18	3	1.547	0	0	1.31
18	3	0.3061	0	0	-0.4296
18	3	0.6786	0	0	0.1912
18	3	0.211	1	0	1.2
18	3	5.392	1	1	-0.8576
18	3	5.777	1	1	0.3513
19	3	0.1677	0	1	-0.001878
19	3	0.2163	1	1	0.01239
19	3	0.2345	1	1	-0.05804
19	3	5.393	0	0	0.07395
19	3	5.307	0	0	0.1597
19	3	0.2954	0	1	-0.03933
19	3	0.6554	0	0	0.55
19	3	1.881	1	1	0.04565
19	3	5.681	1	1	-0.3004
19	3	0.3886	0	1	1.353
19	3	0.8575	0	0	0.7954
19	3	0.5702	0	1	0.1663
19	3	2.051	0	0	-0.9015
19	3	0.5644	0	0	0.6423
19	3	0.4939	0	1	0.2906
19	3	0.07742	1	1	0.3031
19	3	0.1289	0	1	0.1043
19	3	0.2002	0	1	0.8556
19	3	0.3854	1	1	0.8705
19	3	2.22	1	0	1.895
19	3	0.5719	0	0	-1.176
19	3	4.971	1	1	-0.3753
19	3	5.475	0	0	1.039
19	3	0.1387	0	1	-0.5765
19	3	0.8854	1	1	0.6493
19	3	5.729	0	0	-0.049
19	3	0.3094	1	0	0.2691
19	3	0.6458	1	1	0.7632
19	3	1.969	1	1	-0.7727
19	3	0.6625	0	0	1.175
19	3	1.286	0	0	0.7673
19	3	5.471	1	1	-0.2762
19	3	1.559	0	0	1.335
19	3	5.463	0	0	-1.099
19	3	0.08169	1	0	2.045
19	3	5.727	0	0	0.4127
19	3	0.7932	0	1	-1.217
19	3	0.9885	1	1	1.428
19	3	0.9841	1	0	-0.834
19	3	0.9276	1	0	0.3065
19	3	0.454	1	1	0.1509
19	3	5.641	1	1	1.631
19	3	1.401	1	1	-0.00739
19	3	0.5285	1	1	1.434
19	3	2.03	0	0	0.2158
19	3	1.629	1	1	-0.1117
19	3	0.217	1	1	-0.08563
19	3	1.736	0	0	-0.6903
19	3	0.474	1	0	1.605
19	3	1.281	1	1	0.4531
20	4	0.8522	0	1	-0.427
20	4	5.549	0	0	-0.2362
20	4	1.568	0	1	-0.6579
20	4	5.34	1	1	-0.3269
20	4	0.09349	0	1	-0.302
20	4	4.896	0	0	0.1822
20	4	0.2779	1	0	-0.07708
20	4	0.1601	1	1	0.08002
20	4	1.079	0	1	-0.71
20	4	0.3547	0	0	0.06854
20	4	0.7104	0	0	0.085
20	4	0.3037	1	1	0.0663
20	4	1.849	0	0	-0.2342
20	4	1.034	0	1	-1.594
20	4	0.3549	0	0	-0.0206
20	4	1.651	0	0	0.0156
20	4	2.005	1	1	-0.05086
20	4	0.905	1	1	-0.1454
20	4	0.8907	1	1	0.2066
20	4	0.7494	1	1	0.3479
20	4	0.4351	1	1	-0.7002
20	4	0.5051	0	0	-0.1101
20	4	1.728	1	1	-0.4608
20	4	1.896	0	1	0.1706
20	4	0.2851	1	1	-0.7559
20	4	5.393	1	1	0.4857
20	4	0.611	1	1	0.5215
20	4	0.04534	1	1	-0.7586
20	4	1.69	1	1	0.6057
20	4	5.513	1	1	-0.1037
20	4	0.7218	1	1	1.792
20	4	5.655	1	1	-0.5079
20	4	1.061	0	0	-1.274
20	4	0.1753	0	1	-1.761
20	4	0.1434	1	0	0.1865
20	4	1.919	0	0	0.2259
20	4	1.312	0	0	0.4834
20	4	0.9161	0	0	0.6056
20	4	5.551	0	0	0.1151
20	4	0.07653	0	1	-0.3575
20	4	1.992	1	1	-0.09172
20	4	0.4258	0	0	0.2728
20	4	0.9622	1	1	-0.559
20	4	0.5327	1	0	-0.2895
20	4	0.2239	0	1	-0.3229
20	4	5.684	1	1	-1.968
20	4	0.1249	0	1	0.5449
20	4	0.2186	1	1	-0.2326
20	4	5.609	0	0	-0.8191
20	4	5.486	0	0	-0.605
21	4	0.6613	0	1	-0.8233
21	4	1.829	0	0	1.094
21	4	0.7717	0	0	-0.4662
21	4	0.8627	1	1	-0.1881
21	4	5.706	1	1	-1.692
21	4	0.4236	1	1	0.7164
21	4	5.418	1	1	0.05799
21	4	0.708	1	0	0.5618
21	4	5.108	1	1	0.2083
21	4	2.121	1	1	-0.2656
21	4	0.9213	0	1	0.2095
21	4	2.054	1	0	1.527
21	4	0.7349	0	0	-0.8643
21	4	1.169	1	1	-0.3066
21	4	0.1652	0	0	-0.5313
21	4	1.848	1	1	0.07751
21	4	0.4394	0	1	-0.6259
21	4	5.431	0	0	-1.32
21	4	1.937	1	1	-1.44
21	4	0.6801	1	1	0.6765
21	4	1.024	0	0	1.062
21	4	1.252	0	0	0.5252
21	4	5.134	0	0	0.09535
21	4	0.5955	1	0	-1.499
21	4	0.8615	1	0	-4.055
21	4	1.654	0	0	0.2549
21	4	0.4554	1	0	-0.3961
21	4	1.999	1	1	-0.8978
21	4	2.209	1	1	-2.708
21	4	0.3805	0	0	-0.665
21	4	0.3478	0	0	-0.482
21	4	5.265	1	1	-0.02118
21	4	0.1484	1	0	0.7884
21	4	0.4018	1	1	-0.1353
21	4	0.8227	1	1	0.4815
21	4	0.7794	0	0	0.382
21	4	1.564	0	0	-2.919
21	4	0.3937	0	1	0.3753
21	4	1.728	1	1	2.712
21	4	0.2379	0	0	0.6065
21	4	0.152	1	1	2.053
21	4	0.04216	0	0	0.03181
21	4	5.605	0	0	0.1507
21	4	5.39	0	0	0.1854
21	4	5.57	1	1	0.2571
21	4	0.5638	0	0	0.3338
21	4	0.4229	0	0	0.02465
21	4	5.218	0	0	0.5306
21	4	1.101	1	0	0.7417
21	4	0.3045	1	1	0.4128
22	4	0.8978	0	0	-1.114
22	4	0.3853	0	1	0.1995
22	4	1.609	0	1	-1.111
22	4	0.5456	1	1	0.09623
22	4	0.3325	0	1	0.2285
22	4	0.5921	1	1	-0.2133
22	4	5.612	0	0	0.231
22	4	1.759	1	1	-1.239
22	4	1.021	1	1	0.04411
22	4	0.7388	0	1	-0.1206
22	4	0.3575	0	0	-0.06484
22	4	1.069	1	1	1.501
22	4	5.146	1	1	-0.7039
22	4	0.28	0	1	-0.2388
22	4	0.4432	0	0	-0.2353
22	4	1.789	1	1	-0.02872
22	4	5.481	1	1	-0.081
22	4	1.275	0	0	-0.5934
22	4	0.1168	1	1	0.7521
22	4	0.253	0	0	0.1055
22	4	1.845	0	1	0.2625
22	4	0.173	0	1	0.7076
22	4	0.07405	0	0	-0.01521
22	4	0.1387	0	1	-0.05883
22	4	0.4744	1	1	1.129
22	4	0.8184	0	1	0.7744
22	4	0.8477	1	1	0.888
22	4	5.478	1	1	0.2672
22	4	1.625	1	1	1.733
22	4	5.148	0	0	0.4261
22	4	0.4341	1	0	0.4155
22	4	5.511	1	1	0.2862
22	4	2.074	1	1	1.239
22	4	0.8879	0	1	0.5645
22	4	0.7311	0	0	1.185
22	4	1.84	0	0	0.186
22	4	0.00068	0	0	-0.8458
22	4	5.728	0	0	-3.017
22	4	0.4549	0	1	1.674
22	4	0.3874	0	0	-0.1167
22	4	1.996	1	0	0.5621
22	4	5.385	1	1	0.8468
22	4	0.6799	0	0	0.04513
22	4	1.507	1	1	0.2742
22	4	0.2335	0	0	-0.8028
22	4	1.904	1	1	1.621
22	4	0.1075	0	0	0.5661
22	4	5.618	1	1	0.03418
22	4	5.579	1	1	-0.2835
22	4	0.8949	1	1	1.026
23	4	1.646	0	1	0.2538
23	4	0.1747	0	1	-0.2755
23	4	0.461	0	1	-0.08112
23	4	5.148	1	1	-0.2359
23	4	0.2361	0	1	0.3011
23	4	5.504	1	1	0.1697
23	4	6.07	1	1	0.2196
23	4	5.315	1	1	0.2107
23	4	1.89	1	1	0.06673
23	4	0.777	0	0	-0.1484
23	4	0.625	0	0	-0.06218
23	4	1.696	0	1	0.2371
23	4	5.642	1	1	-0.5331
23	4	0.3758	0	0	-0.06567
23	4	5.324	0	0	-0.4118
23	4	0.5269	1	1	-0.09119
23	4	1.033	0	1	-0.2442
23	4	0.2378	0	0	-0.3891
23	4	1.448	1	1	-0.03661
23	4	2.023	0	0	1.132
23	4	1.661	1	1	0.6694
23	4	0.3066	0	1	0.3
23	4	0.3449	0	1	0.1476
23	4	0.6111	1	0	0.584
23	4	0.1306	0	0	-0.04831
23	4	5.744	0	0	-0.5173
23	4	0.8475	0	1	1.789
23	4	0.5327	0	0	0.1752
23	4	5.361	0	0	1.428
23	4	0.5171	0	0	0.1114
23	4	0.1442	1	0	0.9029
23	4	0.565	1	0	0.3766
23	4	1.912	1	0	0.6231
23	4	0.1583	0	0	0.3271
23	4	0.8287	0	0	0.5821
23	4	0.2517	1	0	2.544
23	4	1.973	1	0	0.004248
23	4	5.615	1	1	-0.208
23	4	1.847	1	0	1.901
23	4	1.306	0	0	0.6331
23	4	0.7187	1	0	0.8861
23	4	0.643	1	0	0.1829
23	4	5.674	1	1	-1.949
23	4	0.6082	0	0	-1.453
23	4	0.1859	0	0	2.53
23	4	2.054	1	1	-3.671
23	4	0.2166	1	1	1.562
23	4	0.9809	0	0	1.336
23	4	0.8693	1	1	0.3934
23	4	0.2777	0	1	-1.347
24	4	5.429	1	1	0.8672
24	4	1.839	0	0	-0.02
24	4	0.7782	0	0	0.6885
24	4	0.4418	0	0	0.4871
24	4	1.759	1	1	-1.002
24	4	1.821	0	1	-0.1904
24	4	0.3487	0	1	0.03992
24	4	0.5488	0	0	-0.2888
24	4	1.741	0	0	0.3928
24	4	0.3168	1	1	-0.5027
24	4	0.2106	1	1	-0.1004
24	4	0.2976	1	0	-0.5434
24	4	2.078	0	0	-0.5202
24	4	0.9051	1	1	0.0326
24	4	5.217	0	0	-0.4055
24	4	0.8481	1	1	-1.804
24	4	5.296	1	1	0.5097
24	4	0.07213	0	1	0.6786
24	4	0.2351	0	1	-0.1081
24	4	0.6082	0	1	-0.2394
24	4	1.619	0	0	-0.1396
24	4	2.364	0	0	-0.8049
24	4	1.34	1	1	0.8243
24	4	0.2005	1	1	-0.1026
24	4	2.021	1	1	-0.04945
24	4	0.7737	1	1	-1.247
24	4	0.797	0	0	0.678
24	4	0.9775	1	0	1.071
24	4	0.8834	1	0	-0.6232
24	4	1.915	1	1	-0.3789
24	4	5.142	0	0	-0.6449
24	4	0.01704	0	0	0.994
24	4	5.686	1	1	0.2249
24	4	0.5933	0	1	-1.806
24	4	0.3494	1	0	1.105
24	4	5.434	0	0	-1.31
24	4	0.6153	0	0	-1.918
24	4	5.383	1	1	1.253
24	4	5.502	0	0	0.1081
24	4	0.353	0	0	-0.3204
24	4	0.3811	1	0	0.3026
24	4	0.02472	1	0	0.1306
24	4	0.3198	0	0	0.7976
24	4	0.7473	0	0	-0.4841
24	4	1.083	1	1	0.9885
24	4	5.134	1	1	-2.683
24	4	0.6123	1	0	-1.159
24	4	0.03616	1	1	0.1729
24	4	5.524	0	0	0.441
24	4	0.09482	1	0	2.299
25	4	5.588	0	0	0.8336
25	4	0.8644	1	1	0.3615
25	4	1.223	0	0	-0.0264
25	4	0.9028	1	1	0.4045
25	4	0.4197	0	0	0.1864
25	4	0.1652	0	1	-0.3401
25	4	2.008	0	0	0.2226
25	4	0.1906	1	1	-0.04258
25	4	0.1	1	0	0.116
25	4	0.1104	0	1	1.164
25	4	0.3457	1	0	-0.6984
25	4	5.654	1	1	0.1376
25	4	0.5958	1	0	-3.169
25	4	1.134	0	0	1.455
25	4	0.3826	0	1	-0.7596
25	4	1.744	0	0	0.2137
25	4	5.127	1	1	0.8226
25	4	0.6254	0	0	-1.257
25	4	0.4357	1	0	1.129
25	4	5.377	0	0	0.1083
25	4	5.101	0	0	0.6321
25	4	0.3973	1	0	0.2227
25	4	0.4276	0	0	-0.274
25	4	0.5193	0	1	1.197
25	4	1.92	1	1	0.1327
25	4	0.1997	0	1	-0.2036
25	4	0.6375	0	0	-1.899
25	4	1.647	1	1	0.9299
25	4	1.359	0	0	1.237
25	4	5.273	0	0	1.228
25	4	1.765	1	0	0.1064
25	4	1.662	0	0	1.516
25	4	0.6416	1	0	0.3617
25	4	1.858	0	0	0.1794
25	4	0.4503	1	0	-1.552
25	4	0.434	1	0	0.1338
25	4	0.1419	0	0	0.1553
25	4	1.562	1	0	0.5801
25	4	5.412	1	0	1.026
25	4	5.312	0	0	0.887
25	4	0.5646	0	0	-1.151
25	4	5.415	1	1	0.9293
25	4	0.9195	1	0	1.037
25	4	1.023	1	1	-0.1955
25	4	0.2551	0	1	0.2655
25	4	0.225	1	0	-0.08711
25	4	0.3372	1	0	-0.04114
25	4	5.554	0	0	0.1799
25	4	0.2559	0	1	-0.1408
25	4	1.99	1	1	-1.667
26	4	1.384	1	1	0.5127
26	4	1.219	0	0	-0.01033
26	4	0.8725	0	0	-0.2408
26	4	5.422	0	0	0.1789
26	4	0.6058	0	0	0.009512
26	4	0.39	0	0	0.1503
26	4	0.6085	0	1	-0.0574
26	4	0.08364	0	1	0.03174
26	4	1.802	0	0	-1.602
26	4	1.438	1	1	0.6316
26	4	5.512	0	0	-3.863
26	4	0.4614	0	0	-0.3599
26	4	5.066	1	1	-0.02862
26	4	0.4218	1	1	-0.1488
26	4	2.139	1	0	0.1696
26	4	2.223	1	1	1.219
26	4	5.679	1	1	0.02326
26	4	1.417	1	1	0.2927
26	4	5.566	0	0	-0.589
26	4	1.639	1	0	1.414
26	4	0.5405	1	1	-0.3232
26	4	0.3623	1	1	-0.314
26	4	1.123	1	0	0.002367
26	4	0.5252	0	0	-0.3927
26	4	5.587	1	1	-1.431
26	4	0.5799	0	0	-0.2451
26	4	0.3415	1	1	-0.2486
26	4	0.9442	1	1	0.8643
26	4	5.205	0	0	0.3222
26	4	0.8094	0	0	0.2823
26	4	1.114	1	1	1.417
26	4	0.8973	0	0	-0.6994
26	4	0.1388	0	0	0.5506
26	4	0.3544	0	0	0.162
26	4	5.581	0	0	-0.1237
26	4	0.5061	1	1	-0.05918
26	4	5.341	1	1	-2.021
26	4	0.9591	1	1	-0.2123
26	4	0.2804	0	0	0.3532
26	4	0.9436	1	1	-0.06613
26	4	0.7046	0	1	-0.4032
26	4	1.963	1	1	-0.9397
26	4	0.2669	1	1	-0.2096
26	4	0.5566	1	0	3.316
26	4	2.15	1	0	0.2292
26	4	2.011	1	1	-0.3334
26	4	0.7433	0	0	0.9201
26	4	0.1143	0	1	-0.1047
26	4	5.337	0	0	-0.1639
26	4	0.7993	0	0	-0.07454
27	4	5.069	1	1	0.08127
27	4	1.96	0	0	-0.9482
27	4	0.5828	1	1	0.3754
27	4	0.8657	1	1	-1.059
27	4	2.073	1	0	0.3784
27	4	0.8518	1	0	0.08956
27	4	0.358	1	0	0.6574
27	4	0.9343	0	0	-0.8107
27	4	5.679	1	1	0.04517
27	4	0.3125	0	0	0.3862
27	4	0.7586	0	0	0.1021
27	4	5.25	0	0	0.02696
27	4	1.798	0	0	0.5149
27	4	0.2118	1	0	0.0999
27	4	5.534	0	0	0.4663
27	4	1.493	1	1	-0.1129
27	4	1.239	0	0	-0.7379
27	4	1.845	1	0	0.02742
27	4	1.271	1	1	0.2903
27	4	5.498	1	1	0.02864
27	4	0.4441	1	1	0.8877
27	4	0.826	0	0	0.5828
27	4	0.05012	0	0	-0.9153
27	4	0.5704	0	0	-0.3063
27	4	5.507	0	0	-0.04631
27	4	0.1661	0	0	0.1748
27	4	1.101	0	0	0.06666
27	4	5.47	0	0	-1.789
27	4	0.2686	1	0	0.5388
27	4	0.02028	0	0	-0.4489
27	4	0.3181	0	0	0.1121
27	4	0.382	1	0	-1.793
27	4	1.499	0	0	-0.1
27	4	2.112	1	0	0.4707
27	4	0.2748	1	0	-1.273
27	4	5.716	1	0	0.2883
27	4	5.173	0	0	0.47
27	4	1.958	1	0	-0.06953
27	4	1.898	1	0	0.3751
27	4	0.2542	1	1	0.647
27	4	1.983	0	0	-1.771
27	4	0.1836	0	0	-0.03028
27	4	0.5127	0	0	-0.02783
27	4	5.596	1	0	-1.574
27	4	0.9086	0	0	-0.4721
27	4	0.5021	0	1	0.3692
27	4	1.211	1	1	0.7549
27	4	0.2898	1	0	0.6999
27	4	0.9741	0	1	-0.7596
28	4	2.126	0	0	0.6075
28	4	5.472	0	0	-0.7298
28	4	1.923	1	1	-0.3916
28	4	0.6791	0	0	-0.4219
28	4	5.363	1	1	-0.1571
28	4	5.036	0	0	0.2588
28	4	0.4822	0	0	-0.03504
28	4	1.68	1	1	-0.7382
28	4	0.6299	1	1	0.5197
28	4	0.8315	1	1	-0.1969
28	4	5.736	0	0	-0.01868
28	4	1.723	0	0	-1.103
28	4	0.2152	1	0	0.2525
28	4	0.8737	1	0	-0.1327
28	4	0.1108	1	1	0.512
28	4	0.3962	0	0	0.7135
28	4	5.755	1	1	-0.6616
28	4	1.949	0	0	-0.3279
28	4	0.1877	1	1	1.045
28	4	1.908	0	0	-0.607
28	4	5.349	1	1	-0.1088
28	4	1.055	1	0	0.1098
28	4	0.5337	1	1	-1.626
28	4	0.3474	1	0	0.08728
28	4	2.133	1	1	-0.8429
28	4	5.841	1	1	1.096
28	4	1.178	1	1	-0.4761
28	4	0.1119	0	1	0.2346
28	4	0.09112	0	0	-0.7485
28	4	0.7501	1	0	0.2507
28	4	1.081	0	0	-0.07495
28	4	0.2297	1	0	0.3274
28	4	1.895	0	0	-0.8121
28	4	5.419	0	0	0.54
28	4	5.117	1	1	-0.06705
28	4	1.11	1	1	0.4262
28	4	1.005	1	1	-0.1562
28	4	0.3031	1	1	-1.684
28	4	1.076	0	0	-0.7764
28	4	0.9175	1	0	-0.1409
28	4	1.722	0	1	-0.2194
28	4	0.1128	0	1	0.2669
28	4	0.8141	1	1	-1.021
28	4	1.642	0	1	-0.1598
28	4	5.909	1	1	-0.04179
28	4	0.7445	0	0	0.4059
28	4	0.05092	1	0	0.8286
28	4	0.8442	0	0	-0.5064
28	4	0.9039	0	0	-1.017
28	4	0.3138	0	0	-0.5989
29	4	0.05946	0	1	0.5303
29	4	0.4594	1	0	0.1197
29	4	0.01359	0	0	-0.04483
29	4	0.1013	1	0	-0.08906
29	4	0.0865	0	0	0.01099
29	4	0.6809	0	0	-0.7776
29	4	1.277	0	0	0.2669
29	4	5.326	0	0	5.078
29	4	1.708	0	0	-0.8895
29	4	0.9844	0	0	0.8591
29	4	1.653	0	0	-0.7781
29	4	0.8599	0	1	0.2347
29	4	0.04381	1	0	-0.1518
29	4	5.253	0	0	-0.2676
29	4	5.039	1	1	-0.8851
29	4	1.775	0	0	-0.9187
29	4	0.5106	1	1	-0.8733
29	4	0.4139	1	0	-0.6361
29	4	5.531	1	1	-0.1767
29	4	1.737	1	1	-0.6957
29	4	5.598	1	1	-0.2123
29	4	0.8469	0	1	-2.473
29	4	1.086	1	0	0.5898
29	4	0.2306	1	0	0.296
29	4	1.996	1	1	-0.6435
29	4	0.6314	0	1	0.4571
29	4	2.343	0	0	-0.7836
29	4	0.5886	0	0	0.7896
29	4	5.245	1	1	0.5541
29	4	0.1499	0	0	0.1232
29	4	1.616	0	0	-1.113
29	4	0.5125	0	1	1.361
29	4	0.1104	1	0	0.1167
29	4	0.4159	0	0	1.216
29	4	0.7709	1	0	0.9694
29	4	2.127	0	0	-0.9601
29	4	0.794	0	0	-2.401
29	4	5.697	1	1	0.2019
29	4	1.898	1	1	1.688
29	4	0.9093	1	0	0.1657
29	4	1.855	1	0	1.881
29	4	5.116	1	1	-1.261
29	4	0.2077	0	0	0.8667
29	4	1.328	0	0	1.623
29	4	0.312	1	0	-1.26
29	4	5.413	0	0	-0.7158
29	4	5.674	1	1	0.4719
29	4	0.9571	0	0	-1.052
29	4	0.1354	0	0	0.6771
30	5	0.8528	0	1	0.5606
30	5	5.548	0	0	0.3574
30	5	1.567	0	0	-0.3513
30	5	5.34	1	1	-0.07587
30	5	0.09436	0	0	-0.4758
30	5	4.895	0	0	0.3434
30	5	0.2779	1	1	-0.4972
30	5	0.1635	1	0	0.7275
30	5	1.079	0	1	-0.2471
30	5	0.3555	0	0	-0.4727
30	5	0.7125	0	1	-0.8747
30	5	0.3044	1	1	0.05579
30	5	1.034	0	0	1.471
30	5	0.3556	0	1	0.3572
30	5	1.65	0	0	0.124
30	5	2.004	1	1	-0.2585
30	5	0.9067	1	1	-2.431
30	5	0.8912	1	1	0.03846
30	5	0.7502	1	1	0.6076
30	5	0.4339	1	0	0.02866
30	5	0.5038	0	1	0.7857
30	5	1.73	1	1	-0.3857
30	5	1.894	0	0	0.8478
30	5	0.2856	1	0	-0.6118
30	5	5.396	1	1	0.7355
30	5	0.6135	1	0	-0.6895
30	5	0.04452	1	0	0.5108
30	5	1.689	1	0	-0.08908
30	5	5.514	1	1	0.2899
30	5	0.7232	1	0	-3.497
30	5	5.656	1	1	-0.08297
30	5	1.062	0	0	-0.09106
30	5	0.1738	0	1	0.1432
30	5	0.1419	1	0	0.09501
30	5	1.919	0	0	-0.7231
30	5	1.313	0	0	0.8824
30	5	0.9159	0	0	0.04943
30	5	5.552	0	0	1.169
30	5	0.0791	0	0	-0.2219
30	5	1.991	1	1	-1.647
30	5	0.4255	0	0	0.9275
30	5	0.96	1	0	0.2859
30	5	0.5308	1	0	0.9122
30	5	0.2254	0	1	-0.4457
30	5	5.683	1	1	-0.707
30	5	0.1243	0	1	1.439
30	5	0.2197	1	1	-2.993
30	5	5.609	0	0	-0.1297
30	5	5.486	0	0	0.1665
31	5	0.661	0	1	0.06916
31	5	1.831	0	0	0.9858
31	5	0.7707	0	0	-0.6195
31	5	0.8619	1	0	0.1944
31	5	5.704	1	1	-0.1508
31	5	0.425	1	0	0.01065
31	5	5.421	1	1	0.0193
31	5	0.7083	1	0	0.751
31	5	5.109	1	1	1.279
31	5	2.123	1	0	0.182
31	5	0.9222	0	0	-0.05676
31	5	2.054	1	1	0.06762
31	5	0.7349	0	0	-0.3128
31	5	1.17	1	0	-0.3734
31	5	0.1663	0	0	-0.03955
31	5	1.851	1	0	0.8374
31	5	0.4416	0	1	-0.0816
31	5	5.427	0	0	-0.2386
31	5	1.936	1	1	0.7234
31	5	0.6774	1	0	-1.396
31	5	1.023	0	0	0.02771
31	5	1.253	0	0	0.2242
31	5	5.133	0	0	-1.214
31	5	0.5961	1	0	-0.002344
31	5	0.86	1	0	-1.764
31	5	1.653	0	0	0.1067
31	5	0.4571	1	0	0.9062
31	5	1.999	1	0	-0.05062
31	5	2.209	1	1	0.2358
31	5	0.3812	0	0	-0.7402
31	5	0.3478	0	0	-1.239
31	5	5.266	1	1	0.4464
31	5	0.1478	1	0	-0.04725
31	5	0.4006	1	1	1.358
31	5	0.82	1	1	-0.8167
31	5	0.7793	0	0	0.08337
31	5	1.561	0	0	0.6431
31	5	0.3929	0	0	1.083
31	5	1.728	1	0	-0.4518
31	5	0.2402	0	0	-0.7096
31	5	0.1528	1	0	1.317
31	5	0.04036	0	0	-1.406
31	5	5.604	0	0	0.5853
31	5	5.39	0	0	-0.766
31	5	5.569	1	1	-1.288
31	5	0.5643	0	0	0.1237
31	5	0.4224	0	0	-0.4855
31	5	5.217	0	0	0.5044
31	5	1.101	1	0	-0.6798
31	5	0.3047	1	1	-0.4321
32	5	0.898	0	0	0.5763
32	5	0.3855	0	0	-0.3182
32	5	1.61	0	0	-0.3058
32	5	0.543	1	0	-0.2998
32	5	0.3338	0	0	0.8987
32	5	0.5899	1	0	-0.2293
32	5	5.613	0	0	-0.07442
32	5	1.759	1	1	-0.3348
32	5	1.022	1	0	0.3355
32	5	0.7381	0	0	0.1086
32	5	0.3568	0	0	0.7192
32	5	1.071	1	0	0.5572
32	5	5.437	1	1	-0.02076
32	5	0.1447	0	1	0.6418
32	5	0.3999	0	0	0.2297
32	5	1.746	1	0	1.109
32	5	5.14	1	1	0.6947
32	5	0.8889	0	0	-1.667
32	5	0.08234	1	0	-3.052
32	5	0.615	0	0	0.6331
32	5	1.782	0	0	0.1951
32	5	0.178	1	0	-0.4024
32	5	0.3176	0	1	0.5419
32	5	0.09898	0	0	-0.306
32	5	0.4612	1	0	-0.8316
32	5	0.8088	0	0	-0.06789
32	5	0.8814	1	0	-0.7684
32	5	5.332	1	1	0.01455
32	5	1.877	1	1	0.5403
32	5	5.368	0	0	-0.4922
32	5	0.4368	1	0	-3.977
32	5	5.434	1	1	1.514
32	5	1.902	1	0	0.8165
32	5	0.6266	0	0	-1.455
32	5	0.8961	0	0	-1.103
32	5	1.957	0	0	0.2806
32	5	0.03216	0	0	0.7776
32	5	0.0587	1	0	0.692
32	5	0.5238	0	0	-1.625
32	5	1.659	1	0	0.5192
32	5	5.727	1	1	0.5369
32	5	0.676	0	0	-0.3878
32	5	1.994	1	0	-2.053
32	5	0.1677	0	0	-0.845
32	5	2.135	1	1	-0.1173
32	5	0.3737	1	0	-1.24
32	5	5.052	1	1	-0.4568
32	5	5.484	1	1	-0.2644
32	5	0.4963	1	1	-0.2038
33	5	1.716	0	0	-2.177
33	5	0.1164	0	0	0.2738
33	5	0.9644	0	0	-0.03889
33	5	5.392	1	1	-0.2326
33	5	0.3717	0	0	-0.8321
33	5	4.88	1	1	-0.748
33	5	5.622	1	1	-0.3679
33	5	5.35	1	1	-0.7544
33	5	1.764	1	1	0.2089
33	5	0.8583	0	0	0.6737
33	5	0.5963	0	0	0.3635
33	5	1.702	0	0	-0.09457
33	5	5.483	1	1	-0.2424
33	5	0.2627	0	0	0.1313
33	5	5.735	0	0	-1.404
33	5	0.4124	1	0	-0.1381
33	5	1.117	0	0	0.2051
33	5	0.2153	0	0	-0.3447
33	5	1.305	1	0	-1.383
33	5	1.48	0	0	-0.7074
33	5	2.201	1	1	-2.184
33	5	0.4323	0	0	-0.8247
33	5	0.4695	0	1	0.4298
33	5	0.4206	1	0	-0.01331
33	5	0.2071	1	0	-0.1978
33	5	5.339	0	0	-0.003151
33	5	0.7936	0	0	0.1894
33	5	1.056	0	0	0.4083
33	5	5.233	0	0	-5.677
33	5	0.5837	0	1	-0.246
33	5	0.3081	1	0	-0.1763
33	5	0.2026	0	1	0.5991
33	5	2.095	1	0	-0.7595
33	5	0.3917	1	1	0.2078
33	5	1.06	0	0	0.4142
33	5	0.1989	1	0	0.6301
33	5	1.874	1	0	0.8542
33	5	5.521	1	1	0.3262
33	5	2.087	1	0	-0.5362
33	5	1.206	0	0	-0.9711
33	5	0.6932	1	1	0.8937
33	5	0.7484	1	0	-2.725
33	5	5.29	1	0	-0.4833
33	5	0.18	0	0	2.2
33	5	0.6348	0	0	1.639
33	5	1.723	1	1	-0.7006
33	5	0.6838	1	0	0.1059
33	5	0.8668	0	0	1.204
33	5	0.9134	1	1	-0.1108
33	5	0.3311	0	0	0.9721
34	5	5.343	1	1	0.6745
34	5	1.492	0	0	-1.091
34	5	1.132	0	0	-0.5966
34	5	0.2572	0	0	-1.435
34	5	1.941	1	0	-0.2879
34	5	1.637	0	0	-0.3551
34	5	0.1822	0	0	-0.08665
34	5	0.7311	0	0	-0.05025
34	5	2.169	0	0	0.06153
34	5	0.04249	0	1	0.5919
34	5	0.6802	1	0	0.8949
34	5	0.4461	1	0	0.6614
34	5	1.806	0	0	0.116
34	5	1.519	1	0	-1.826
34	5	5.47	0	0	0.8521
34	5	0.5013	1	0	0.7253
34	5	5.175	1	1	0.2526
34	5	0.1227	1	0	-0.2699
34	5	0.4056	0	0	-0.2356
34	5	0.8281	0	0	0.4611
34	5	1.752	0	0	1.247
34	5	1.822	0	0	-0.6928
34	5	2.022	1	1	1.018
34	5	0.3367	1	0	-0.7761
34	5	1.851	1	1	-0.6254
34	5	0.9545	1	1	0.5078
34	5	1.009	0	0	0.062
34	5	0.9956	1	0	-0.5159
34	5	0.8047	1	0	0.5046
34	5	1.454	1	0	-0.5294
34	5	5.478	0	0	-0.1236
34	5	0.5907	0	0	-0.9017
34	5	5.093	1	1	0.03655
34	5	0.7968	0	0	0.5063
34	5	0.2786	1	0	1.112
34	5	5.525	0	0	0.4225
34	5	0.1712	0	0	-1.493
34	5	5.463	1	1	-0.2855
34	5	5.565	0	0	0.7168
34	5	0.5158	0	0	-2.025
34	5	0.3714	1	0	1.79
34	5	0.2278	0	0	-1.391
34	5	0.2001	0	0	-2.938
34	5	0.003465	0	0	0.05783
34	5	0.9583	1	1	-0.9861
34	5	5.491	1	1	0.6532
34	5	0.4481	1	0	-0.9471
34	5	0.1442	1	0	-0.8999
34	5	5.43	0	0	-1.439
34	5	0.3593	1	0	0.1764
35	5	5.644	0	0	0.9243
35	5	0.939	1	1	0.3224
35	5	0.8894	0	0	-0.3406
35	5	0.8428	1	0	-0.4017
35	5	0.241	0	0	-0.1998
35	5	0.2191	0	0	-0.1932
35	5	1.854	0	0	0.09882
35	5	0.6447	1	0	-0.4079
35	5	0.7183	1	0	-0.3211
35	5	0.6237	1	1	1.713
35	5	0.4649	1	0	-0.1136
35	5	5.696	1	1	-0.006397
35	5	0.3749	1	1	0.05755
35	5	0.7133	0	0	0.09077
35	5	0.191	0	0	-0.3229
35	5	1.628	0	0	0.1121
35	5	5.214	1	1	-0.071
35	5	1.001	0	0	0.9579
35	5	0.3264	1	0	0.2609
35	5	5.184	0	0	0.01693
35	5	5.6	0	0	0.5633
35	5	0.4031	1	0	-0.2518
35	5	0.2257	0	0	-0.323
35	5	0.08881	0	0	0.8465
35	5	1.726	1	0	-0.1027
35	5	0.5341	0	0	-0.2976
35	5	0.6791	0	0	0.8224
35	5	1.57	1	0	-0.7586
35	5	1.797	0	0	0.6193
35	5	5.132	0	0	-0.6575
35	5	1.482	1	0	-0.7263
35	5	2.191	0	0	1.056
35	5	0.9483	1	0	0.727
35	5	1.976	0	0	-1.684
35	5	0.5102	1	0	0.1163
35	5	0.4532	1	0	1.339
35	5	0.2256	0	0	-1.927
35	5	1.948	1	0	0.1337
35	5	5.699	1	1	0.1321
35	5	5.738	0	0	-0.04634
35	5	0.6263	0	0	0.2388
35	5	5.154	1	1	0.4816
35	5	0.5371	1	0	0.9723
35	5	1.18	1	1	0.4829
35	5	0.4451	0	1	1.449
35	5	0.3185	1	0	0.4403
35	5	0.302	1	0	2.651
35	5	5.625	0	0	-1.198
35	5	0.7571	0	0	0.4888
35	5	1.951	1	0	1.439
36	5	1.927	1	1	1.802
36	5	0.733	0	0	0.42
36	5	0.7074	0	0	-0.168
36	5	5.305	0	0	0.6649
36	5	0.4425	0	0	0.1573
36	5	0.686	0	0	0.004287
36	5	0.6014	0	0	0.1295
36	5	0.03607	0	0	-0.5479
36	5	1.64	0	0	-0.4008
36	5	1.846	1	0	1.094
36	5	5.569	0	0	0.7587
36	5	0.1114	1	1	-0.2976
36	5	4.865	1	1	-0.4731
36	5	0.5096	1	0	1.632
36	5	1.876	1	0	0.5026
36	5	1.342	1	0	-1.22
36	5	5.601	1	1	0.1036
36	5	2.015	1	1	-3.604
36	5	5.305	0	0	0.0729
36	5	1.725	1	1	0.6544
36	5	0.55	1	1	-1.715
36	5	0.4509	1	0	2.383
36	5	1.036	1	0	-0.938
36	5	0.4291	0	0	1.16
36	5	4.973	1	1	1.223
36	5	0.1799	1	0	1.888
36	5	0.1242	1	0	0.3411
36	5	0.8985	1	0	1.08
36	5	5.431	0	0	0.7554
36	5	0.7572	0	0	1.752
36	5	0.9203	1	0	-0.5196
36	5	0.9586	0	0	-1.57
36	5	0.07378	0	0	0.7844
36	5	0.3762	0	0	1.693
36	5	5.549	0	0	1.462
36	5	0.3451	1	0	0.3641
36	5	5.345	1	1	-0.7061
36	5	1.062	1	1	-0.01707
36	5	0.1275	0	0	-0.6433
36	5	0.9388	1	1	-0.4222
36	5	0.6857	0	0	1.029
36	5	1.533	1	0	0.3744
36	5	0.04138	1	0	-1.934
36	5	0.5146	1	0	0.8321
36	5	1.956	1	1	0.9854
36	5	1.985	1	1	-0.3454
36	5	0.1187	1	0	-0.01463
36	5	0.2904	0	0	0.9631
36	5	5.328	0	0	-1.14
36	5	0.4639	0	0	0.4842
37	5	5.203	1	1	1.308
37	5	1.757	0	0	-0.7769
37	5	0.8616	1	0	0.0101
37	5	0.7835	1	0	-0.01813
37	5	1.826	1	1	0.3766
37	5	0.3325	1	0	-0.1017
37	5	0.2871	1	0	0.2292
37	5	0.642	0	0	0.3661
37	5	5.356	1	1	0.156
37	5	0.4281	0	0	0.4264
37	5	0.3405	0	0	-4.333
37	5	5.644	0	0	-1.495
37	5	1.937	0	0	-0.4404
37	5	0.06649	1	1	-0.03511
37	5	5.159	0	0	1.082
37	5	1.88	1	1	0.1822
37	5	0.7543	0	0	-2.507
37	5	1.917	1	1	1.033
37	5	1.236	1	0	0.1637
37	5	5.52	1	1	0.2935
37	5	0.3579	1	0	-0.435
37	5	0.6922	0	0	-1.049
37	5	0.03823	1	0	0.5109
37	5	0.2909	0	0	-0.4144
37	5	5.566	0	0	-0.1514
37	5	0.5575	0	0	-2.597
37	5	0.3888	0	0	0.3426
37	5	5.399	0	0	0.4955
37	5	0.4457	1	1	1.355
37	5	0.09609	1	0	-0.2911
37	5	0.2388	0	0	0.6741
37	5	0.4269	1	0	-2.328
37	5	1.469	0	0	-0.4454
37	5	1.855	1	1	0.6038
37	5	0.137	1	0	0.9626
37	5	5.495	1	0	-0.3369
37	5	5.016	0	0	0.3788
37	5	2.05	1	0	0.7631
37	5	1.649	1	0	-0.07311
37	5	0.1595	1	0	0.5398
37	5	0.06865	1	0	0.6282
37	5	1.789	0	0	0.3444
37	5	0.5203	0	0	-0.3711
37	5	0.6086	0	0	-0.9238
37	5	5.44	1	1	1.93
37	5	0.9577	0	0	1.105
37	5	0.4084	0	0	0.3055
37	5	1.122	1	0	-0.05904
37	5	0.8967	1	0	-0.5123
37	5	0.9637	0	0	-0.06797
38	5	1.67	0	0	-0.001615
38	5	5.54	0	0	-0.4198
38	5	1.899	1	0	0.1445
38	5	0.5592	0	0	-0.2532
38	5	5.495	1	1	0.09514
38	5	5.288	0	0	-0.04421
38	5	0.7507	0	0	0.7501
38	5	1.58	1	0	-0.384
38	5	0.5502	1	0	-0.3236
38	5	0.7002	1	0	-0.8697
38	5	5.602	0	0	-0.3844
38	5	1.901	0	0	-0.5081
38	5	0.2922	1	0	-0.6647
38	5	0.6821	1	1	0.7858
38	5	0.2717	0	0	0.06865
38	5	0.215	0	0	-1.465
38	5	5.92	1	1	0.4829
38	5	1.651	0	0	0.5818
38	5	0.05893	1	0	-0.6779
38	5	1.823	0	0	-0.2238
38	5	5.346	1	1	-0.6735
38	5	1.055	1	1	0.7355
38	5	0.5349	1	1	0.9938
38	5	0.3471	1	0	0.0461
38	5	2.135	1	1	0.4598
38	5	5.841	1	1	-1.481
38	5	1.18	1	0	0.6667
38	5	0.1112	0	0	0.05808
38	5	0.09097	0	0	0.2546
38	5	0.7502	1	0	0.3705
38	5	1.082	0	0	-1.963
38	5	0.2308	1	0	0.3952
38	5	1.895	0	0	-0.8035
38	5	5.416	0	0	-1.177
38	5	5.117	1	1	2.329
38	5	1.112	1	0	-0.7758
38	5	1.006	1	0	1.454
38	5	0.3069	1	1	2.021
38	5	1.077	0	0	-0.6387
38	5	0.9172	1	1	0.6518
38	5	1.722	0	0	1.605
38	5	0.1157	0	0	-2.918
38	5	0.8133	1	0	0.3989
38	5	1.642	0	0	0.7497
38	5	5.907	1	1	-0.628
38	5	0.7508	0	0	-0.2715
38	5	0.05186	1	0	0.1862
38	5	0.8442	0	0	-0.8404
38	5	0.9045	0	0	1.453
38	5	0.3154	0	0	-0.6375
39	5	0.06079	0	1	0.05011
39	5	0.4608	1	1	0.5114
39	5	0.01382	0	0	1.209
39	5	0.1014	1	0	-0.7784
39	5	0.08658	0	0	0.09195
39	5	0.6816	0	0	-0.5029
39	5	0.6861	1	1	0.01754
39	5	1.274	0	0	-1.244
39	5	5.326	0	0	0.2001
39	5	1.709	0	0	-0.1944
39	5	0.9849	0	0	-0.687
39	5	1.655	0	0	-0.5586
39	5	0.8598	0	0	-0.918
39	5	0.04263	1	0	0.466
39	5	5.253	0	0	0.8257
39	5	5.041	1	1	-0.02456
39	5	1.774	0	0	0.6695
39	5	0.5089	1	0	-0.4411
39	5	0.4156	1	0	-0.3063
39	5	5.529	1	1	-1.2
39	5	1.735	1	1	1.177
39	5	5.595	1	1	0.8084
39	5	0.8483	0	0	-0.3474
39	5	1.086	1	1	0.2009
39	5	0.2321	1	1	0.6107
39	5	1.997	1	1	1.086
39	5	0.6314	0	0	0.3981
39	5	2.342	0	0	1.808
39	5	0.5894	0	1	1.265
39	5	5.245	1	1	1.668
39	5	0.1487	0	0	1.699
39	5	1.614	0	0	1.609
39	5	0.5139	0	0	-1.007
39	5	0.1117	1	0	1.733
39	5	0.4139	0	0	-2.669
39	5	0.7719	1	0	1.184
39	5	2.125	0	0	-0.106
39	5	0.7928	0	0	1.086
39	5	5.698	1	1	2.471
39	5	1.901	1	1	0.3322
39	5	0.9095	1	0	0.6185
39	5	1.853	1	1	0.1965
39	5	5.114	1	1	0.2703
39	5	0.2083	0	0	0.1382
39	5	1.328	0	1	0.1863
39	5	0.3115	1	0	-1.341
39	5	5.414	0	0	1.085
39	5	5.674	1	1	0.8916
39	5	0.9566	0	0	-1.151
39	5	0.1341	0	0	-0.6564
40	6	0.8545	0	0	0.01323
40	6	5.549	0	0	-0.3074
40	6	1.568	0	0	0.101
40	6	5.341	1	1	-0.5283
40	6	0.09349	0	0	-0.3207
40	6	4.896	0	0	-0.1488
40	6	0.2774	1	0	-0.9572
40	6	0.1601	1	0	0.7601
40	6	1.079	0	0	0.1373
40	6	0.3547	0	1	0.02273
40	6	0.7104	0	0	-0.3808
40	6	0.3037	1	1	-0.2423
40	6	1.849	0	0	-0.687
40	6	1.034	0	0	-0.3054
40	6	0.3558	0	1	0.2837
40	6	1.651	0	0	-0.1463
40	6	2.007	1	0	-0.06518
40	6	0.9046	1	0	-0.5054
40	6	0.8905	1	1	0.3638
40	6	0.7494	1	0	-0.0123
40	6	0.4361	1	1	-0.2522
40	6	0.5057	0	0	-0.3134
40	6	1.728	1	1	-1.14
40	6	1.896	0	0	-0.3105
40	6	0.2851	1	0	-0.2562
40	6	5.394	1	1	0.03218
40	6	0.6098	1	0	-0.4141
40	6	0.04529	1	0	-0.4706
40	6	1.69	1	1	-0.3453
40	6	5.514	1	1	0.06091
40	6	0.7218	1	0	-0.9748
40	6	5.655	1	1	-0.2205
40	6	1.061	0	0	-0.9058
40	6	0.1753	0	0	-0.5423
40	6	0.1473	1	0	0.2092
40	6	1.919	0	0	-0.1256
40	6	1.312	0	0	1.677
40	6	0.9161	0	0	0.8309
40	6	5.551	0	0	-0.2575
40	6	0.07865	0	1	2.612
40	6	1.992	1	1	-0.1232
40	6	0.428	0	0	1.056
40	6	0.962	1	1	0.6721
40	6	0.5318	1	0	0.4508
40	6	0.2248	0	0	-1.836
40	6	5.684	1	1	-0.2234
40	6	0.1249	0	0	-0.8374
40	6	0.2186	1	0	0.3453
40	6	5.609	0	0	1.051
40	6	5.486	0	0	0.4843
41	6	0.6618	0	1	-0.2324
41	6	1.83	0	0	-0.05537
41	6	0.7718	0	0	-0.4861
41	6	0.8616	1	0	0.5684
41	6	5.706	1	1	-0.7661
41	6	0.423	1	0	0.03678
41	6	5.418	1	1	0.1205
41	6	0.708	1	1	0.4153
41	6	5.108	1	1	0.9503
41	6	2.121	1	1	-1.3
41	6	0.9219	0	0	-0.6414
41	6	2.055	1	1	-0.8118
41	6	0.7349	0	1	-0.6562
41	6	1.168	1	1	-0.4041
41	6	0.165	0	1	0.5727
41	6	1.848	1	1	-0.23
41	6	0.4397	0	0	0.3194
41	6	5.432	0	0	-0.2045
41	6	1.937	1	1	-1.331
41	6	0.6782	1	0	1.69
41	6	1.026	0	0	-1.442
41	6	1.252	0	0	0.6912
41	6	5.134	0	0	0.5427
41	6	0.5956	1	0	0.2838
41	6	0.8619	1	0	0.4071
41	6	1.654	0	0	1.04
41	6	0.4554	1	0	-0.2699
41	6	2	1	0	0.008169
41	6	2.209	1	1	-3.841
41	6	0.3815	0	0	-0.1633
41	6	0.3467	0	0	-0.147
41	6	5.266	1	1	0.8493
41	6	0.1484	1	0	-3.138
41	6	0.4024	1	1	-0.2856
41	6	0.8227	1	0	1.158
41	6	0.78	0	1	0.1255
41	6	1.564	0	0	-2.321
41	6	0.394	0	1	-1.059
41	6	1.728	1	0	0.145
41	6	0.2379	0	0	0.009403
41	6	0.1521	1	0	-0.8741
41	6	0.04224	0	0	1.27
41	6	5.605	0	0	-2.782
41	6	5.39	0	0	0.3438
41	6	5.57	1	1	-0.8922
41	6	0.5641	0	0	0.5447
41	6	0.4225	0	0	0.4664
41	6	5.22	0	0	-0.04336
41	6	1.101	1	0	1.475
41	6	0.3045	1	1	0.4648
42	6	0.8978	0	0	-0.6675
42	6	0.3851	0	1	0.03715
42	6	1.609	0	0	-1.369
42	6	0.5467	1	0	1.882
42	6	0.3321	0	0	-0.8545
42	6	0.5914	1	0	-0.1478
42	6	5.612	0	0	2.703
42	6	1.76	1	1	-0.2978
42	6	1.021	1	1	0.3321
42	6	0.7388	0	0	-0.4551
42	6	0.3577	0	1	-1.057
42	6	1.068	1	1	0.3051
42	6	5.146	1	1	0.2477
42	6	0.28	0	0	0.8803
42	6	0.4437	0	0	0.1565
42	6	1.79	1	1	-0.8624
42	6	5.481	1	1	-3.659
42	6	1.275	0	0	-0.5107
42	6	0.1167	1	0	1.132
42	6	0.2533	0	1	-0.1275
42	6	1.845	0	0	0.1576
42	6	0.1734	0	0	-0.5078
42	6	0.07485	0	1	-0.7531
42	6	0.1389	0	0	0.6211
42	6	0.4745	1	1	-1.961
42	6	0.8184	0	0	-5.477e-05
42	6	0.8471	1	1	-2.036
42	6	5.478	1	1	-0.06996
42	6	1.625	1	1	-0.1432
42	6	5.149	0	0	0.4238
42	6	0.434	1	1	-0.4747
42	6	5.511	1	1	-1.172
42	6	2.074	1	1	-0.4872
42	6	0.8878	0	0	-1.003
42	6	0.7311	0	0	-2.935
42	6	1.84	0	1	-1.398
42	6	0.0008783	0	0	0.3459
42	6	5.728	0	0	0.09018
42	6	0.4549	0	0	-0.7927
42	6	0.3881	0	0	0.5054
42	6	1.996	1	1	0.3571
42	6	5.385	1	1	0.04185
42	6	0.6796	0	0	-1.18
42	6	1.507	1	1	0.8445
42	6	0.2338	0	1	-0.1061
42	6	1.904	1	1	-0.07101
42	6	0.1078	0	1	0.1822
42	6	5.618	1	1	-0.404
42	6	5.577	1	1	-0.4247
42	6	0.8935	1	0	-0.9741
43	6	1.649	0	0	0.5655
43	6	0.1747	0	1	0.233
43	6	0.4614	0	0	0.3889
43	6	5.149	1	1	0.1664
43	6	0.236	0	0	0.009828
43	6	5.504	1	1	-0.2013
43	6	6.07	1	1	0.5104
43	6	5.314	1	1	-0.7203
43	6	1.89	1	1	0.5307
43	6	0.777	0	0	0.1066
43	6	0.625	0	1	0.04196
43	6	1.696	0	0	0.5172
43	6	5.643	1	1	-0.06466
43	6	0.3758	0	0	0.6093
43	6	5.325	0	0	-2.343
43	6	0.5269	1	0	-0.006782
43	6	1.034	0	0	0.2106
43	6	0.2378	0	0	-0.4448
43	6	1.449	1	1	1.025
43	6	2.023	0	0	0.175
43	6	1.661	1	1	-0.1994
43	6	0.3046	0	0	-0.6225
43	6	0.3449	0	0	0.3361
43	6	0.6108	1	0	-0.3032
43	6	0.129	0	0	2.26
43	6	5.744	0	0	-0.2661
43	6	0.8458	0	0	-0.5112
43	6	0.5327	0	0	-0.4979
43	6	5.362	0	0	-0.7596
43	6	0.5142	0	0	-0.6002
43	6	0.1442	1	0	0.2349
43	6	0.5647	1	0	-0.6194
43	6	1.911	1	0	-1.278
43	6	0.1583	0	1	0.138
43	6	0.8284	0	0	0.4048
43	6	0.2505	1	0	0.09185
43	6	1.972	1	0	1.755
43	6	5.615	1	1	1.501
43	6	1.847	1	1	1.516
43	6	1.306	0	0	1.131
43	6	0.7183	1	0	1.014
43	6	0.6427	1	0	1.749
43	6	5.674	1	1	0.3741
43	6	0.6085	0	0	1.001
43	6	0.1856	0	0	-1.793
43	6	2.055	1	0	0.8339
43	6	0.2166	1	0	-0.8024
43	6	0.98	0	0	-2.15
43	6	0.8689	1	0	-1.616
43	6	0.2777	0	0	-3.44
44	6	5.428	1	1	0.2716
44	6	1.838	0	0	-1.012
44	6	0.7782	0	0	-0.1101
44	6	0.441	0	0	-0.6071
44	6	1.758	1	0	1.315
44	6	1.82	0	0	-0.4797
44	6	0.3488	0	0	0.2793
44	6	0.5488	0	0	-0.1396
44	6	1.741	0	0	1.728
44	6	0.3168	1	0	0.1506
44	6	0.2106	1	0	-0.08718
44	6	0.2976	1	0	2.741
44	6	2.079	0	0	-1.138
44	6	0.9063	1	0	-0.2439
44	6	5.216	0	0	1.563
44	6	0.8478	1	0	-2.037
44	6	5.297	1	1	1.423
44	6	0.07174	0	0	3.507
44	6	0.2351	0	0	-0.7422
44	6	0.6082	0	0	2.788
44	6	1.618	0	0	-0.9938
44	6	2.364	0	0	0.2162
44	6	1.34	1	1	1.013
44	6	0.2009	1	0	-1.586
44	6	2.021	1	1	-0.5276
44	6	0.7737	1	0	0.8579
44	6	0.7972	0	0	-0.4161
44	6	0.9775	1	0	-2.897
44	6	0.8827	1	0	1.495
44	6	1.915	1	0	0.481
44	6	5.142	0	0	-0.5832
44	6	0.01705	0	0	-1.189
44	6	5.686	1	1	-0.5989
44	6	0.5933	0	0	0.07896
44	6	0.3491	1	1	-0.398
44	6	5.434	0	0	0.1291
44	6	0.6165	0	0	-0.7824
44	6	5.383	1	1	0.6169
44	6	5.502	0	0	-1.602
44	6	0.353	0	0	-0.4782
44	6	0.3809	1	1	-0.3323
44	6	0.02471	1	0	0.3872
44	6	0.3198	0	0	-0.5745
44	6	0.7482	0	0	1.807
44	6	1.083	1	0	0.2292
44	6	5.135	1	1	-2.942
44	6	0.6123	1	0	-0.06147
44	6	0.03617	1	0	-0.2292
44	6	5.524	0	0	0.3982
44	6	0.09482	1	0	-1.214
45	6	5.588	0	0	-0.4373
45	6	0.8643	1	1	0.5206
45	6	1.222	0	0	0.1762
45	6	0.9032	1	0	-0.2472
45	6	0.4197	0	0	0.09827
45	6	0.164	0	0	-0.3223
45	6	2.008	0	0	0.1302
45	6	0.1906	1	1	0.2196
45	6	0.1004	1	0	-0.117
45	6	0.1103	0	0	-0.5237
45	6	0.3457	1	1	-1.193
45	6	5.654	1	1	-0.611
45	6	0.5958	1	0	0.4648
45	6	1.134	0	0	-0.4492
45	6	0.3822	0	0	-0.09006
45	6	1.744	0	1	-0.1418
45	6	5.127	1	1	-0.4556
45	6	0.6247	0	0	-0.3411
45	6	0.4357	1	0	-0.2822
45	6	5.377	0	0	0.5933
45	6	5.101	0	0	-0.2571
45	6	0.3979	1	1	-0.1233
45	6	0.4276	0	1	-0.1494
45	6	0.5174	0	0	-1.57
45	6	1.92	1	0	0.3028
45	6	0.1994	0	0	1.061
45	6	0.6375	0	0	0.8473
45	6	1.647	1	0	1.775
45	6	1.359	0	0	-2.932
45	6	5.272	0	0	-0.6047
45	6	1.765	1	1	-0.8347
45	6	1.661	0	0	1.892
45	6	0.6426	1	0	-1.869
45	6	1.858	0	0	1.216
45	6	0.4505	1	0	0.9579
45	6	0.434	1	0	-2.36
45	6	0.1412	0	0	0.4932
45	6	1.562	1	0	-0.05097
45	6	5.413	1	1	2
45	6	5.312	0	0	-2.555
45	6	0.5651	0	0	0.4941
45	6	5.416	1	1	-0.3079
45	6	0.9192	1	0	-0.117
45	6	1.023	1	1	-0.038
45	6	0.2533	0	1	1.558
45	6	0.225	1	0	0.7573
45	6	0.3372	1	0	-0.01289
45	6	5.554	0	0	-0.968
45	6	0.2559	0	0	-0.4184
45	6	1.991	1	1	-0.6485
46	6	1.384	1	1	0.03133
46	6	1.22	0	0	-0.2948
46	6	0.8718	0	0	-0.2243
46	6	5.422	0	0	0.02507
46	6	0.6074	0	0	-0.02116
46	6	0.3911	0	0	-0.3832
46	6	0.6079	0	0	-2.327
46	6	0.08388	0	0	-1.253
46	6	1.802	0	0	-0.1369
46	6	1.438	1	0	-0.8774
46	6	5.512	0	0	0.1973
46	6	0.4615	0	0	-0.2778
46	6	5.066	1	1	-0.05062
46	6	0.4195	1	1	1.092
46	6	2.137	1	0	-0.001489
46	6	2.223	1	1	-1.202
46	6	5.679	1	1	1.527
46	6	1.418	1	0	-0.7995
46	6	5.567	0	0	0.5563
46	6	1.639	1	1	1.086
46	6	0.539	1	0	-0.7702
46	6	0.3623	1	0	-0.2508
46	6	1.123	1	0	0.7756
46	6	0.5252	0	0	1.305
46	6	5.588	1	1	-2.024
46	6	0.5799	0	0	0.5663
46	6	0.3419	1	0	-0.6088
46	6	0.9441	1	1	-0.592
46	6	5.205	0	0	0.5872
46	6	0.8098	0	0	0.9004
46	6	1.112	1	0	1.37
46	6	0.897	0	0	0.1268
46	6	0.1403	0	0	2.027
46	6	0.3545	0	0	0.06663
46	6	5.582	0	0	1.501
46	6	0.5065	1	0	1.672
46	6	5.341	1	1	1.662
46	6	0.959	1	0	-0.2989
46	6	0.2804	0	0	0.3429
46	6	0.9429	1	0	-0.9546
46	6	0.7046	0	0	1.118
46	6	1.963	1	1	-0.7889
46	6	0.265	1	0	0.6182
46	6	0.5566	1	1	1.393
46	6	2.15	1	0	0.3461
46	6	2.011	1	1	-0.7018
46	6	0.7433	0	0	1.271
46	6	0.1143	0	0	-1.026
46	6	5.336	0	0	-0.8349
46	6	0.7993	0	1	0.7618
47	6	5.069	1	1	0.4079
47	6	1.963	0	0	0.1981
47	6	0.5823	1	1	0.3462
47	6	0.8657	1	1	0.1062
47	6	2.073	1	1	-0.3342
47	6	0.8541	1	1	-0.1702
47	6	0.358	1	0	-0.02916
47	6	0.9343	0	0	-0.7819
47	6	5.679	1	1	0.3567
47	6	0.3128	0	0	-1.177
47	6	0.7586	0	0	0.2042
47	6	5.25	0	0	0.1058
47	6	1.798	0	0	1.072
47	6	0.2118	1	1	-0.9223
47	6	5.534	0	0	-0.3317
47	6	1.492	1	1	0.8389
47	6	1.238	0	0	-0.1699
47	6	1.845	1	0	0.3922
47	6	1.271	1	1	-0.5261
47	6	5.498	1	1	-1.043
47	6	0.4438	1	0	-0.8709
47	6	0.8259	0	0	0.2765
47	6	0.05012	0	0	-1.333
47	6	0.5704	0	0	0.1858
47	6	5.508	0	0	0.5689
47	6	0.1668	0	0	-0.3992
47	6	1.101	0	0	0.1047
47	6	5.471	0	0	-0.5105
47	6	0.2689	1	0	1.113
47	6	0.01982	0	0	-1.267
47	6	0.3179	0	0	-0.1543
47	6	0.382	1	0	-1.261
47	6	1.498	0	0	0.3022
47	6	2.112	1	1	0.738
47	6	0.2752	1	0	-0.3022
47	6	5.716	1	0	0.9057
47	6	5.173	0	0	-0.8904
47	6	1.957	1	1	-3.901
47	6	1.897	1	1	-0.4509
47	6	0.2545	1	0	1.442
47	6	0.1107	0	0	2.028
47	6	1.983	0	0	-1.094
47	6	0.1836	0	0	-1.147
47	6	0.5125	0	0	0.144
47	6	5.596	1	1	0.9348
47	6	0.9086	0	0	0.1806
47	6	0.5028	0	1	1.367
47	6	1.211	1	0	1.657
47	6	0.2896	1	0	1.235
47	6	0.9741	0	0	-0.05099
48	6	2.127	0	0	0.2702
48	6	5.472	0	0	-0.3615
48	6	1.923	1	1	0.1546
48	6	0.6792	0	0	-0.232
48	6	5.364	1	1	0.8312
48	6	5.035	0	0	-0.2745
48	6	0.4827	0	0	-0.01269
48	6	1.681	1	1	0.1192
48	6	0.6301	1	1	-0.6831
48	6	0.8313	1	1	-0.741
48	6	5.736	0	0	-0.6723
48	6	1.723	0	0	0.5193
48	6	0.2148	1	1	-0.522
48	6	0.8732	1	1	0.05905
48	6	0.1108	1	0	-0.6148
48	6	0.3962	0	0	-0.7274
48	6	5.755	1	1	-1.19
48	6	1.949	0	0	-0.234
48	6	0.1885	1	0	0.1861
48	6	1.908	0	0	0.1865
48	6	5.35	1	1	-0.1049
48	6	1.056	1	1	0.2624
48	6	0.5337	1	1	-0.4962
48	6	0.3461	1	0	-0.1744
48	6	2.132	1	1	0.3366
48	6	5.841	1	1	0.3929
48	6	1.178	1	0	-1.422
48	6	0.1121	0	0	0.9816
48	6	0.09333	0	0	1.034
48	6	0.7503	1	1	0.4818
48	6	1.081	0	0	0.3555
48	6	0.2296	1	0	-1.985
48	6	1.896	0	0	-0.1921
48	6	5.419	0	0	-1.586
48	6	5.117	1	1	0.8101
48	6	1.114	1	1	0.862
48	6	1.006	1	0	0.2437
48	6	0.3039	1	0	0.3081
48	6	1.076	0	0	0.02316
48	6	0.9175	1	0	0.4965
48	6	1.722	0	0	0.7874
48	6	0.113	0	0	-1.338
48	6	0.8139	1	1	0.2109
48	6	1.642	0	0	-2.079
48	6	5.909	1	1	0.3174
48	6	0.7445	0	1	1.022
48	6	0.05144	1	0	0.6934
48	6	0.8442	0	0	1.558
48	6	0.9045	0	0	0.4402
48	6	0.3134	0	0	-1.121
49	6	0.05946	0	0	-0.3803
49	6	0.4589	1	1	0.08949
49	6	0.01357	0	0	0.4276
49	6	0.1017	1	0	-0.5036
49	6	0.08916	0	1	1.173
49	6	0.6809	0	0	0.0363
49	6	0.685	1	1	-0.03727
49	6	1.277	0	0	-0.1531
49	6	5.326	0	0	-0.8329
49	6	1.708	0	0	1.37
49	6	0.9843	0	0	-1.84
49	6	1.654	0	0	-1.157
49	6	0.86	0	0	0.1814
49	6	0.04381	1	0	0.4095
49	6	5.252	0	0	0.2154
49	6	5.039	1	1	-0.2716
49	6	1.775	0	0	0.8016
49	6	0.51	1	0	0.2592
49	6	0.4139	1	0	-0.4149
49	6	5.531	1	1	-0.2499
49	6	1.737	1	0	-0.4469
49	6	5.598	1	1	0.559
49	6	0.8469	0	0	0.7576
49	6	1.086	1	0	0.5508
49	6	0.2306	1	1	-0.4572
49	6	1.996	1	1	-0.1128
49	6	0.6314	0	1	-0.6569
49	6	2.342	0	0	-0.5031
49	6	0.5886	0	0	-0.7307
49	6	5.244	1	1	-0.755
49	6	0.1499	0	0	0.1232
49	6	1.617	0	0	0.09395
49	6	0.5125	0	0	-0.2855
49	6	0.1126	1	0	-1.294
49	6	0.4179	0	0	0.02248
49	6	0.7719	1	1	0.2569
49	6	2.127	0	1	-0.1722
49	6	0.794	0	0	0.5707
49	6	5.698	1	1	0.07314
49	6	1.899	1	1	2.342
49	6	0.9085	1	1	1.017
49	6	1.855	1	1	-0.6943
49	6	5.116	1	1	-0.4859
49	6	0.2087	0	0	-0.173
49	6	1.328	0	0	-0.4065
49	6	0.3124	1	0	0.3649
49	6	5.413	0	0	0.1931
49	6	5.674	1	1	0.03636
49	6	0.958	0	0	-0.6638
49	6	0.135	0	0	0.1347
