0	2	0.9078	0	1	0.2744	0.002568
0	2	5.606	0	0	0.004075	-0.6535
0	2	5.565	0	0	-1.102	-0.09924
0	2	3.671	1	1	-1.425	-0.3114
0	2	0.8104	0	0	0.001422	-0.536
0	2	0.54	1	1	-0.6083	0.5622
0	2	0.48	0	1	-1.096	-1.302
0	2	1.839	0	0	-0.3368	0.3846
0	2	3.847	1	1	-0.1196	0.1017
0	2	3.366	1	1	-0.4681	-0.7747
0	2	5.339	1	1	-0.2859	0.814
0	2	0.8192	1	1	1.035	-0.09924
0	2	3.588	1	1	0.1133	-0.422
0	2	1.818	0	1	-0.1778	0.1984
0	2	0.2609	1	1	-0.5856	-0.09924
0	2	0.9319	1	1	-0.1149	-0.422
0	2	5.454	0	0	-2.023	-0.536
0	2	3.423	1	1	0.4743	0.1984
0	2	0.6028	1	1	2.843	-0.2038
0	2	2.102	0	0	0.3236	1.126
0	2	0.4616	0	0	0.8668	0.3846
0	2	5.566	0	0	-0.7758	-1.596
0	2	1.096	0	1	0.9937	0.1984
0	2	3.758	1	1	-0.2987	-0.422
0	2	3.361	1	1	-0.2102	-1.029
0	2	1.711	1	1	-1.353	-1.029
0	2	2.026	0	0	0.2137	0.814
0	2	3.711	1	1	-0.242	-1.596
0	2	0.2069	0	1	-0.1335	-0.6535
0	2	1.511	0	1	0.1183	1.2
0	2	5.447	0	0	-0.9079	-0.09924
0	2	0.1284	0	1	2.171	1.809
0	2	1.003	1	0	2.199	1.344
0	2	0.8907	1	1	0.4551	3.121
0	2	5.415	1	1	-0.4151	-0.536
0	2	0.5034	0	0	2.687	0.4745
0	2	3.579	1	1	0.5976	-0.09924
0	2	3.446	0	0	2.037	-1.163
0	2	1.776	0	1	0.9617	-1.302
0	2	0.6861	1	1	1.065	0.1017
0	2	5.294	1	1	0.1118	0.1984
0	2	1.09	1	1	0.08278	-0.3114
0	2	0.2127	0	1	1.014	0.002568
0	2	5.318	1	1	-0.3996	-0.422
0	2	5.501	0	0	-0.4003	-0.2038
0	2	2.14	0	0	-1.526	0.1017
0	2	1.75	1	1	-0.5788	0.5622
0	2	1.44	0	1	-0.8491	-0.8998
0	2	1.189	0	0	0.1107	-0.536
0	2	0.5377	1	1	3.177	3.658
1	2	5.303	0	0	2.02	0.3747
1	2	5.026	1	1	-0.2964	-1.915
1	2	1.656	0	1	0.9165	0.7731
1	2	0.7395	1	1	1.178	-0.0742
1	2	2.091	0	0	1.07	0.2019
1	2	1.751	0	0	0.2199	-1.19
1	2	1.409	1	1	-0.9241	-0.5884
1	2	3.797	0	0	0.7749	-0.817
1	2	2.048	1	1	-0.5862	-1.061
1	2	5.474	0	0	-0.6659	-0.3737
1	2	3.402	1	1	-0.2888	-0.271
1	2	5.65	1	1	0.8904	-1.19
1	2	3.572	1	1	1.529	-0.0742
1	2	0.5807	1	1	-1.598	-0.4794
1	2	1.611	1	1	1.479	-0.271
1	2	0.5284	0	1	1.595	-0.5884
1	2	0.3894	1	0	0.2521	-0.817
1	2	1.709	0	1	0.6748	0.2019
1	2	0.6819	0	1	0.5399	0.9207
1	2	0.3316	1	0	0.9507	2.029
1	2	3.716	0	0	-1.802	-0.5884
1	2	1.54	1	1	-0.8898	-0.271
1	2	3.706	1	1	0.3785	-0.3737
1	2	1.079	1	1	-0.9419	-1.463
1	2	2.026	1	0	-0.9418	0.02025
1	2	1.016	0	1	0.2049	-1.19
1	2	0.6742	0	1	-0.004549	2.521
1	2	0.546	0	1	-0.7562	1.697
1	2	1.74	0	0	-1.034	-0.5884
1	2	0.3738	0	1	-0.5663	-0.7008
1	2	0.346	0	0	-0.7232	0.7731
1	2	3.174	1	1	0.3976	-0.0742
1	2	3.59	1	1	-1.322	0.3747
1	2	5.064	1	1	0.9829	0.5395
1	2	3.964	1	1	1.286	0.02025
1	2	5.307	1	1	0.3316	-0.3737
1	2	0.7258	0	1	3.134	-0.5884
1	2	0.4197	0	1	0.8255	0.2019
1	2	1.107	1	1	-0.9171	0.1122
1	2	0.3087	1	1	0.5567	0.5395
1	2	0.5867	0	1	-0.4925	0.9207
1	2	1.097	1	1	-0.6826	-0.1712
1	2	3.539	0	0	1.898	2.521
1	2	5.29	0	0	-0.1765	-1.463
1	2	0.3045	0	0	2.589	0.2894
1	2	0.8348	0	1	-0.3605	2.029
1	2	5.698	0	0	-0.8414	-0.817
1	2	4.867	1	1	-0.189	-0.4794
1	2	3.441	1	1	-0.4394	1.867
1	2	5.367	0	0	0.7735	-0.0742
2	2	0.7414	1	1	0.7214	-0.2482
2	2	5.511	0	0	0.7261	-1.814
2	2	5.619	0	0	1.788	-1.388
2	2	5.117	0	0	0.9078	2.16
2	2	0.4934	1	1	-2.618	-0.5541
2	2	1.334	1	1	-0.5667	-0.2482
2	2	3.567	0	0	1.073	-0.2482
2	2	3.468	0	0	-2.235	-1.129
2	2	1.605	1	1	1.127	0.6933
2	2	0.2235	1	1	0.3578	0.7679
2	2	0.4812	0	0	0.4431	-0.1518
2	2	1.852	0	0	-0.9371	-1.388
2	2	0.8466	1	1	1.087	0.7679
2	2	5.103	0	0	-0.09509	-0.8882
2	2	1.138	1	1	-0.6286	-0.4492
2	2	3.746	0	0	-1.81	0.03379
2	2	1.138	0	0	-0.9612	-0.8882
2	2	3.809	0	0	1.076	1.315
2	2	0.8997	1	0	0.9923	1.378
2	2	0.5792	0	1	0.8121	-0.3473
2	2	0.629	0	0	-0.6017	0.03379
2	2	3.923	0	0	-0.9346	-1.256
2	2	0.5888	0	0	-0.1216	2.356
2	2	0.0739	0	0	1.351	0.9828
2	2	0.858	0	1	-0.1531	-0.5541
2	2	0.3576	0	1	-1.007	0.03379
2	2	3.504	1	1	1.046	1.119
2	2	0.6897	0	1	-1.657	0.2103
2	2	5.266	0	0	-0.5265	-1.256
2	2	3.749	1	1	1.15	1.315
2	2	0.7647	0	0	-0.179	1.44
2	2	1.57	1	1	-0.8618	-0.4492
2	2	1.822	1	1	-0.379	0.03379
2	2	5.724	0	0	1.153	-1.129
2	2	5.813	1	1	-0.8702	0.2103
2	2	5.547	1	1	0.9025	-0.2482
2	2	5.034	0	0	0.7811	0.4598
2	2	2.125	1	1	-0.8843	-0.7734
2	2	3.878	1	1	1.175	-1.007
2	2	0.1711	1	1	1.393	-1.524
2	2	1.72	1	1	0.3359	-0.8882
2	2	0.7885	1	0	0.5449	-0.4492
2	2	1.78	1	1	-1.014	0.03379
2	2	5.201	0	0	-1.485	-0.3473
2	2	1.82	1	1	0.2149	-0.05779
2	2	3.347	1	1	-0.1552	1.119
2	2	0.5685	0	1	-2.412	-0.7734
2	2	1.887	1	0	-0.5945	1.119
2	2	0.9756	1	0	1.064	1.315
2	2	3.695	1	1	1.228	1.56
3	2	0.6699	1	1	2.041	-0.2394
3	2	1.792	0	0	0.6843	-0.3778
3	2	5.632	1	1	-0.1711	0.6231
3	2	0.5242	1	1	-0.3864	0.02491
3	2	1.704	1	1	-0.9593	-0.2394
3	2	1.018	0	1	0.8675	-0.6686
3	2	0.9874	1	1	0.6618	0.7334
3	2	1.605	0	0	1.092	0.1513
3	2	3.433	0	0	0.9357	0.3936
3	2	0.8902	1	0	0.4215	-0.2394
3	2	3.759	0	0	0.72	-0.2394
3	2	5.375	0	0	0.2016	-0.8215
3	2	2.046	1	1	0.7783	0.8411
3	2	0.4378	1	1	0.6708	-0.5208
3	2	5.457	1	1	-1.096	-0.2394
3	2	1.733	0	1	0.3807	0.3936
3	2	5.532	0	0	0.06059	-1.145
3	2	3.665	1	1	1.777	-0.1052
3	2	3.542	0	0	2.627	3.701
3	2	3.45	0	0	-0.4844	0.1513
3	2	1.721	0	1	-1.484	1.149
3	2	1.054	0	0	0.3384	0.02491
3	2	3.285	0	0	0.05294	-0.6686
3	2	0.4183	1	1	1.394	0.8411
3	2	3.473	1	0	-0.8006	-0.5208
3	2	5.353	1	1	-0.556	-0.9801
3	2	5.431	1	1	1.064	0.2741
3	2	1.624	0	0	0.2073	0.02491
3	2	5.554	0	0	1.723	-0.1052
3	2	0.8464	1	1	1.187	0.7334
3	2	0.8754	0	0	-0.4415	-0.2394
3	2	0.3078	1	1	-0.1034	-2.288
3	2	5.532	0	0	0.2996	-1.873
3	2	0.8286	0	1	0.6349	0.3936
3	2	5.508	0	0	2.42	-2.076
3	2	0.5239	0	1	0.9113	0.3936
3	2	1.839	0	0	0.4088	-1.145
3	2	1.577	1	1	0.09246	1.343
3	2	0.9573	1	1	1.874	-0.6686
3	2	1.892	0	0	-0.04543	-0.2394
3	2	1.453	1	1	-0.2302	0.3936
3	2	3.698	1	1	-1.073	1.049
3	2	0.5001	0	1	0.3102	-1.494
3	2	0.7504	1	1	1.488	0.3936
3	2	3.49	1	0	-1.007	1.877
3	2	5.787	1	1	-1.15	-0.1052
3	2	0.2374	0	1	1.687	0.2741
3	2	0.3688	1	0	1.306	0.7334
3	2	3.611	1	1	-0.1055	-0.8215
3	2	0.03091	0	1	0.862	1.149
4	2	1.033	0	1	2.977	-3.288
4	2	0.2877	0	0	1.658	-2.122
4	2	5.757	1	1	-0.3278	-0.6158
4	2	0.004183	1	1	-0.2433	0.585
4	2	3.594	1	1	-0.8306	-0.2168
4	2	0.3365	1	0	0.0866	0.2606
4	2	2.025	1	1	-0.1447	0.02892
4	2	5.749	0	0	0.8246	-0.758
4	2	1.063	0	0	-0.5367	1.427
4	2	1.775	1	0	0.815	2.051
4	2	1.286	0	1	0.1047	-1.058
4	2	0.2707	1	1	1.159	1.51
4	2	0.5783	1	1	-0.5251	1.427
4	2	1.075	1	1	-0.5587	0.1464
4	2	1.878	0	1	0.6651	-0.2168
4	2	0.7077	0	0	-0.3236	0.6876
4	2	0.7001	1	1	0.8627	1.592
4	2	5.156	0	0	-0.5074	-0.9054
4	2	0.2285	1	1	-2.194	0.3716
4	2	5.254	0	1	0.3159	-0.2168
4	2	1.977	1	1	-1.163	0.1464
4	2	0.8379	0	0	-0.3536	0.1464
4	2	0.8159	0	1	1.28	0.6876
4	2	5.245	0	0	1.818	-0.2168
4	2	3.29	0	0	-1.585	1.074
4	2	5.707	0	0	-1.076	-0.6158
4	2	1.836	1	1	1.14	0.6876
4	2	3.808	0	1	-0.1757	1.51
4	2	1.86	0	1	0.4294	-0.9054
4	2	0.7876	1	1	-0.3343	-0.2168
4	2	1.528	0	1	1.881	0.2606
4	2	1.698	0	0	0.9632	-0.9054
4	2	0.9167	1	1	-0.008964	0.6876
4	2	3.408	0	0	-0.4499	0.02892
4	2	0.2553	1	1	0.3601	-1.383
4	2	1.058	1	1	1.869	0.585
4	2	1.168	1	1	0.01069	-0.2168
4	2	3.51	1	1	0.5064	-0.4784
4	2	1.83	0	0	0.2748	1.592
4	2	5.37	1	1	-2.924	-1.217
4	2	0.2732	1	1	0.4207	-0.2168
4	2	1.699	1	0	2.075	0.2606
4	2	3.332	1	1	-0.3518	-0.2168
4	2	3.136	0	1	-1.052	0.2606
4	2	5.422	1	1	0.051	0.3716
4	2	3.595	0	0	-1.888	-1.735
4	2	3.993	0	1	-0.458	0.1464
4	2	5.334	0	0	-1.541	-0.4784
4	2	3.542	1	1	0.5232	-0.4784
4	2	5.686	1	1	1.022	0.1464
5	2	0.4565	1	1	1.351	-0.116
5	2	5.056	0	0	0.02943	-1.124
5	2	0.6045	0	1	0.04542	-0.2702
5	2	0.5163	1	1	0.4801	1.205
5	2	0.4758	1	0	-0.005828	1.319
5	2	1.08	1	1	-1.169	-0.4295
5	2	3.649	0	0	-0.6047	0.5891
5	2	5.245	1	1	-0.1128	0.7186
5	2	0.8966	0	1	0.2079	0.9677
5	2	1.698	0	0	1.249	1.088
5	2	5.32	1	1	-2.026	0.3192
5	2	0.9805	0	1	0.03691	0.5891
5	2	0.7107	1	1	0.5511	-0.116
5	2	1.591	0	1	-0.8638	-1.315
5	2	5.211	1	1	-0.4921	0.8448
5	2	5.11	0	0	-1.892	0.03342
5	2	1.897	0	0	0.5304	1.431
5	2	1.6	0	0	0.2789	-0.4295
5	2	0.9812	1	0	0.5089	-0.4295
5	2	3.649	0	0	0.5782	0.456
5	2	1.276	0	1	-1.004	-1.315
5	2	0.2704	0	0	-0.5819	0.3192
5	2	3.664	1	1	-1.668	0.5891
5	2	5.2	0	0	-2.904	-1.936
5	2	1.058	0	1	-1.412	-0.5941
5	2	3.671	1	1	-0.6262	0.9677
5	2	3.342	1	1	-0.9708	-0.7646
5	2	1.78	1	1	0.8934	0.8448
5	2	3.67	1	1	-0.328	-0.9412
5	2	0.478	1	1	0.4335	0.1784
5	2	1.777	1	1	-1.022	0.7186
5	2	3.381	1	1	0.884	0.5891
5	2	0.4297	0	1	-0.9249	-0.4295
5	2	0.6624	0	1	-0.6294	0.8448
5	2	3.786	1	0	-0.3907	-0.116
5	2	1.994	1	0	0.6736	1.205
5	2	3.623	0	0	-1.229	2.242
5	2	1.187	1	1	1.084	-1.315
5	2	5.223	0	0	-0.2011	-1.315
5	2	5.425	1	1	1.015	0.456
5	2	5.189	1	1	1.326	-0.7646
5	2	1.011	0	1	1.086	0.5891
5	2	1.822	0	0	-0.9897	-0.9412
5	2	0.6491	0	1	-0.9218	-0.4295
5	2	1.813	1	1	-1.981	0.5891
5	2	5.448	0	0	-0.1516	-1.315
5	2	0.6812	0	1	-1.146	-2.399
5	2	1.005	0	1	0.7054	-1.936
5	2	1.743	0	0	1.532	1.319
5	2	3.111	1	1	-1.025	-0.2702
6	2	0.4737	0	0	0.3271	-1.771
6	2	1.815	0	1	2.694	-0.3288
6	2	0.626	0	0	0.6956	1.224
6	2	5.307	1	1	-0.5544	2.143
6	2	0.9111	1	1	0.9484	-0.1466
6	2	0.9342	0	0	-2.033	0.9387
6	2	3.418	0	1	-0.3379	2.984
6	2	0.3302	1	1	0.4942	-0.6263
6	2	3.593	1	1	-1.51	0.1064
6	2	5.388	0	0	0.266	-0.1466
6	2	0.7886	0	1	-0.9935	0.7525
6	2	0.8327	0	1	-1.211	0.4834
6	2	3.535	1	1	-0.3413	0.4119
6	2	5.614	1	1	0.2593	0.2633
6	2	1.649	1	1	0.6795	0.6211
6	2	3.746	1	1	0.1543	0.5531
6	2	0.6206	0	1	-0.4822	0.2633
6	2	3.63	0	1	1.2	-0.6263
6	2	0.5844	0	0	1.299	0.3386
6	2	1.095	1	1	1.444	-0.05974
6	2	5.152	1	1	0.8109	-1.204
6	2	3.918	0	0	0.3856	1.721
6	2	1.086	1	1	1.235	-0.1466
6	2	1.768	0	1	0.02119	0.1859
6	2	0.1712	0	0	-0.7905	1.382
6	2	1.927	1	0	-1.613	0.6211
6	2	0.9079	0	1	0.2115	-1.204
6	2	1.165	1	1	0.5876	0.2633
6	2	5.372	1	1	0.8926	-0.6263
6	2	0.4612	1	1	-0.07317	0.2633
6	2	1.84	0	0	1.878	-0.1466
6	2	1.619	1	1	2.184	0.4119
6	2	5.456	1	1	0.631	-0.1466
6	2	3.452	0	0	0.5771	-1.079
6	2	0.9893	1	1	-0.4178	0.02454
6	2	5.015	0	0	0.473	-1.204
6	2	1.905	1	1	0.4133	-1.336
6	2	0.9496	0	1	0.4639	0.6876
6	2	3.652	0	0	-1.308	-0.6263
6	2	5.586	0	0	0.6164	-0.9588
6	2	0.5767	1	0	1.34	1.721
6	2	1.819	1	1	0.1131	-1.771
6	2	3.873	0	0	-0.07998	-0.3288
6	2	0.8019	0	0	0.2394	1.224
6	2	5.617	0	0	0.4675	-0.8436
6	2	5.494	0	0	-0.8866	-0.6263
6	2	1.712	1	1	0.7629	-0.3288
6	2	3.616	0	0	1.143	-1.618
6	2	0.6188	1	1	-0.8934	-0.8436
6	2	1.712	1	1	1.524	-0.8436
7	2	0.8764	0	1	0.1653	-1.536
7	2	0.5958	1	0	1.991	0.9963
7	2	3.311	1	1	0.2454	-0.8111
7	2	1.868	0	0	-0.3614	-0.9195
7	2	1.879	0	0	-0.5585	-0.2372
7	2	0.2983	1	1	-0.4075	0.7051
7	2	5.827	0	1	1.118	1.105
7	2	2.214	0	1	-0.1743	2.621
7	2	3.595	0	0	-0.2763	-0.06964
7	2	0.7008	1	0	-1.112	-1.273
7	2	0.7917	1	1	-1.051	0.3096
7	2	0.7724	0	1	-1.164	0.8253
7	2	5.259	0	1	1.432	-0.06964
7	2	5.52	0	0	0.3145	-2.153
7	2	3.518	1	1	0.543	0.01049
7	2	0.593	1	1	1.087	0.8253
7	2	1.915	1	0	0.5598	0.5144
7	2	5.484	0	0	-0.4883	0.01049
7	2	3.519	0	0	0.8441	-0.4156
7	2	0.4283	0	1	-0.2702	-0.7068
7	2	0.3337	0	1	0.9684	1.407
7	2	0.5363	1	1	-0.0004777	-0.325
7	2	0.4767	1	1	-0.3913	0.1641
7	2	2.005	1	1	-1.6	0.9405
7	2	3.38	1	1	-2.064	-0.5093
7	2	0.8541	1	1	2.024	0.01049
7	2	0.8812	1	0	2.494	-1.032
7	2	0.3625	0	1	1.118	2.261
7	2	0.7357	1	1	0.7075	-2.522
7	2	5.323	1	1	0.2549	0.01049
7	2	3.473	0	1	0.2417	-0.06964
7	2	5.318	1	1	-0.07309	0.7051
7	2	1.733	1	0	1.788	0.8253
7	2	5.724	1	1	0.3641	0.643
7	2	1.117	1	0	0.4465	1.209
7	2	4.02	0	1	1.828	-1.273
7	2	1.544	0	0	-0.7496	-0.325
7	2	0.08038	0	1	0.5198	-0.1522
7	2	1.537	1	1	-1.585	0.1641
7	2	0.7237	0	1	1.764	-0.2372
7	2	0.8379	1	1	-0.4546	1.407
7	2	3.704	0	0	-0.1908	-0.2372
7	2	3.681	0	0	1.488	-0.325
7	2	0.2766	1	1	2.551	0.5144
7	2	1.724	0	0	1.603	-0.2372
7	2	3.635	1	1	-0.08038	-0.4156
7	2	1.397	0	0	0.3369	0.2378
7	2	5.645	0	0	-1.918	-1.032
7	2	5.106	1	1	0.2253	-1.536
8	2	1.991	1	1	1.513	-0.8448
8	2	3.536	1	1	0.4807	0.02034
8	2	0.4584	1	1	-0.9078	-0.5522
8	2	2.083	1	1	-0.3805	-2.184
8	2	3.649	1	1	-0.5452	-0.4619
8	2	1.726	1	1	0.7791	-0.5522
8	2	1.901	0	0	0.008733	1.884
8	2	1.997	0	1	1.833	0.6607
8	2	5.297	0	0	-0.5882	-1.061
8	2	5.481	1	1	-0.09161	-0.2091
8	2	0.9735	0	1	-0.2651	-0.3748
8	2	0.7244	0	1	-0.6649	0.1623
8	2	5.755	0	0	-1.238	-2.783
8	2	0.4864	1	0	0.01162	-0.5522
8	2	3.572	1	0	-0.08172	-1.061
8	2	1.895	0	0	0.5639	-0.2091
8	2	0.6941	0	1	-0.1388	0.1623
8	2	0.1751	1	1	1.643	-0.5522
8	2	3.437	1	1	0.5399	0.2304
8	2	3.396	0	0	0.6175	-0.5522
8	2	1.136	1	1	1.295	0.2304
8	2	0.9151	0	1	0.1842	0.09233
8	2	5.166	1	1	1.03	0.3611
8	2	5.448	1	1	-3.024	-0.1302
8	2	0.7034	0	1	1.83	0.3611
8	2	0.262	1	1	0.3275	-0.1302
8	2	3.587	0	0	0.7112	0.6607
8	2	1.985	0	0	0.3361	0.2304
8	2	0.3649	1	1	1.689	1.347
8	2	5.502	0	0	-0.7396	-0.8448
8	2	1.772	1	1	1.031	0.5452
8	2	0.4653	0	0	1.955	1.076
8	2	3.751	0	0	-2.054	0.6036
8	2	1.902	1	0	-0.4289	-0.3748
8	2	3.705	1	1	-1.485	-1.061
8	2	0.6038	1	1	-1.629	-0.4619
8	2	0.08213	0	0	1.092	2.675
8	2	0.8731	0	0	1.57	1.076
8	2	0.5417	0	1	0.5481	2.466
8	2	5.475	0	0	0.1628	-0.2905
8	2	0.1838	1	1	-1.107	-0.05381
8	2	5.424	1	1	-1.234	-0.7434
8	2	1.191	1	1	-0.2163	0.3611
8	2	3.51	0	0	-1.13	0.4853
8	2	5.626	0	0	-0.6401	-0.9505
8	2	0.7743	0	1	-0.8094	-0.2905
8	2	3.317	1	0	-0.6205	0.6607
8	2	5.673	1	0	0.177	1.742
8	2	0.8677	0	1	-2.84	-1.298
8	2	0.7591	1	0	-0.9985	0.4853
9	2	5.59	1	1	1.155	-1.321
9	2	5.231	0	0	-0.936	-1.808
9	2	5.297	1	1	0.4859	0.2692
9	2	0.5285	1	0	1.237	0.356
9	2	3.623	1	1	0.1514	-1.175
9	2	0.8786	1	1	-1.475	-0.2075
9	2	0.1232	0	1	-0.8554	-0.7745
9	2	1.812	1	1	-0.4014	-0.5347
9	2	0.9061	0	0	0.5573	-0.7745
9	2	0.4909	0	0	0.611	-0.1059
9	2	1.317	1	1	-0.07726	-0.7745
9	2	1.574	1	1	0.5628	-0.7745
9	2	0.3999	1	0	0.9875	1.484
9	2	5.265	0	0	0.5181	-0.2075
9	2	0.8014	0	1	0.6018	0.2692
9	2	3.726	1	1	-0.1325	1.042
9	2	3.729	1	1	-0.04772	-0.4216
9	2	1.68	0	0	-0.5223	0.5225
9	2	0.6248	0	1	0.2689	-0.6522
9	2	1.83	1	0	0.828	1.817
9	2	1.009	1	1	-0.8928	1.364
9	2	0.8885	0	0	1.66	0.1797
9	2	0.6366	1	1	2.441	0.6803
9	2	3.625	1	1	-1.314	0.08751
9	2	3.531	0	1	0.4804	0.1797
9	2	0.554	1	1	1.189	1.971
9	2	0.2963	1	0	0.7458	0.6024
9	2	3.782	1	1	1.114	0.08751
9	2	3.511	1	1	0.8212	-0.1059
9	2	3.465	0	0	1.089	-0.5347
9	2	5.035	1	1	-0.9944	-1.175
9	2	0.6026	0	1	0.7776	-0.2075
9	2	0.7318	0	0	1.051	-0.6522
9	2	0.5036	1	0	0.2639	-3.112
9	2	0.8475	0	1	-0.2602	0.5225
9	2	5.154	0	0	-0.5115	1.042
9	2	3.669	0	1	1.474	0.7561
9	2	1.501	0	0	1.143	-1.989
9	2	0.312	0	0	1.685	0.8301
9	2	3.437	1	1	-0.2462	-0.6522
9	2	5.361	1	1	0.5738	0.4404
9	2	0.6906	0	1	0.4873	0.2692
9	2	0.2307	0	1	0.7215	1.175
9	2	1.579	0	0	0.6649	0.08751
9	2	1.631	0	0	0.12	-0.7745
9	2	5.331	0	0	1.901	0.4404
9	2	1.977	1	1	-1.259	0.5225
9	2	5.223	0	0	-0.06492	2.164
9	2	5.536	1	1	0.05176	-0.00762
9	2	2.036	1	1	1.427	-0.4216
10	3	0.4577	0	1	1.193	-1.18
10	3	5.255	1	1	0.03953	-0.6766
10	3	0.4338	1	0	0.01232	-0.1432
10	3	3.777	1	1	0.4438	-0.7951
10	3	5.25	1	1	-0.539	-0.6766
10	3	3.412	1	1	0.375	-1.046
10	3	3.475	0	0	0.4742	0.2266
10	3	5.153	0	0	-0.1382	-0.3458
10	3	1.577	1	1	-2.34	-2.129
10	3	1.608	1	1	-0.4747	0.1382
10	3	1.579	1	1	0.6354	-0.04656
10	3	3.659	1	1	1.034	-0.1432
10	3	2.108	0	0	0.4588	-0.1432
10	3	1.496	0	1	-0.9412	2.082
10	3	1.964	0	1	-1.81	1.614
10	3	3.496	1	1	0.6538	-0.3458
10	3	0.9542	0	1	0.2027	1.441
10	3	5.625	0	0	0.9037	-1.32
10	3	0.7012	0	1	0.5572	-0.3458
10	3	3.242	1	1	-0.8378	1.557
10	3	5.301	0	0	0.22	-0.6766
10	3	1.01	0	1	0.3812	0.3127
10	3	5.339	1	0	4.094	0.4779
10	3	0.2988	0	1	-0.2011	-0.6766
10	3	0.06345	0	0	0.4071	0.2266
10	3	5.5	0	0	0.9329	-1.32
10	3	1.679	1	1	-1.394	0.1382
10	3	0.5038	1	1	-1.362	0.3964
10	3	0.86	0	1	-0.12	-0.04656
10	3	3.986	1	1	-1.119	0.7106
10	3	5.291	0	0	-1.184	0.635
10	3	1.574	1	1	-0.5314	-1.046
10	3	5.463	0	0	-0.992	-0.1432
10	3	1.997	0	0	0.6762	0.1382
10	3	3.444	1	1	-1.549	-0.9182
10	3	1.9	1	1	0.2684	-0.6766
10	3	0.9954	1	1	0.3254	0.04717
10	3	0.7497	0	1	-0.1208	0.1382
10	3	3.765	0	1	-0.0333	0.4779
10	3	0.7832	0	1	-1.102	3.068
10	3	5.413	1	1	0.327	-0.6766
10	3	1.12	0	1	1.007	0.1382
10	3	0.7249	1	1	0.233	-1.32
10	3	0.5884	1	0	1.656	1.5
10	3	1.128	1	1	0.212	-0.5624
10	3	3.536	0	1	0.3574	0.4779
10	3	0.733	1	0	0.6986	1.557
10	3	0.2016	1	1	0.2523	-0.7951
10	3	0.1002	0	1	2.269	-0.9182
10	3	0.4123	0	1	3.662	1.614
11	3	0.6475	0	1	1.463	-1.208
11	3	5.247	0	0	1.127	1.043
11	3	3.687	0	0	-1.05	-0.8137
11	3	0.7987	1	0	-0.3971	-0.3511
11	3	0.8797	0	0	1.082	-0.6919
11	3	5.48	0	0	-1.672	1.747
11	3	4.92	1	1	-0.6452	0.05533
11	3	1.015	1	1	-1.377	0.5852
11	3	1.46	1	1	0.3019	-0.2448
11	3	2.023	0	1	-0.5743	-0.4609
11	3	3.526	1	1	0.007188	-0.1417
11	3	3.141	1	1	-1.563	-1.655
11	3	5.478	0	0	0.09519	-1.071
11	3	3.584	1	1	-1.372	-0.5744
11	3	3.446	1	1	-0.2807	-0.1417
11	3	3.475	0	0	-1.01	-1.208
11	3	5.475	1	1	-0.113	0.05533
11	3	0.5234	1	0	-0.9938	-0.6919
11	3	1.156	1	1	-0.06342	-0.4609
11	3	3.383	1	1	-0.9639	-1.071
11	3	0.9599	0	1	-2.383	-0.04175
11	3	0.7748	0	1	0.1485	0.8969
11	3	1.763	1	1	-0.8433	-2.172
11	3	0.9987	1	1	0.2005	0.05533
11	3	0.6442	0	1	-0.9519	1.381
11	3	1.765	1	1	-0.1973	0.5025
11	3	1.657	0	0	1.435	0.05533
11	3	5.108	0	0	1.137	-1.208
11	3	1.849	1	1	0.3133	0.6659
11	3	0.2916	0	1	-0.113	0.6659
11	3	0.5978	0	0	0.988	0.6659
11	3	0.2415	0	0	-0.04775	1.182
11	3	1.046	1	1	0.6259	-0.1417
11	3	0.3262	1	0	-0.1322	0.2414
11	3	1.963	1	1	0.9502	-0.4609
11	3	1.447	0	0	0.8383	0.4177
11	3	5.386	0	0	-0.3857	-1.071
11	3	5.444	0	0	2.325	2.947
11	3	0.4301	1	1	0.9358	-0.5744
11	3	3.677	1	1	-1.051	-0.2448
11	3	1.762	1	1	-1.516	-1.5
11	3	0.512	0	0	-0.9241	0.05533
11	3	5.541	0	0	0.527	-0.04175
11	3	0.5693	1	1	0.3377	1.747
11	3	5.409	0	0	1.691	-0.3511
11	3	1.954	0	0	0.4186	0.6659
11	3	0.2794	0	1	1.431	1.445
11	3	3.578	0	0	1.337	1.97
11	3	3.296	1	1	0.308	0.2414
11	3	0.9626	0	1	0.5377	-0.6919
12	3	3.809	1	1	0.6944	-1.167
12	3	0.8253	0	1	-0.5058	-1.167
12	3	0.3824	1	1	-0.8321	0.726
12	3	5.232	0	0	0.1813	-0.6252
12	3	0.8711	1	1	0.4138	-0.2661
12	3	0.5774	1	1	-0.4994	0.2636
12	3	1.309	0	0	0.7745	-1.024
12	3	3.845	1	1	-0.8521	-0.04491
12	3	3.435	1	1	-0.5929	0.2636
12	3	5.414	0	1	0.7551	1.213
12	3	1.682	0	1	1.554	1.136
12	3	0.5989	1	1	1.079	0.548
12	3	1.769	1	0	-0.1137	2.263
12	3	1.791	1	1	0.6129	0.8957
12	3	1.098	0	0	0.08121	0.726
12	3	1.928	0	0	1.43	1.434
12	3	3.716	1	1	-0.5966	1.058
12	3	0.6663	0	0	0.3699	1.058
12	3	0.6638	0	0	0.06895	1.776
12	3	0.9258	1	1	-1.068	-2.168
12	3	0.2474	1	0	-0.5934	-1.024
12	3	3.559	0	1	-0.9099	-1.471
12	3	1.668	0	0	-0.2654	-0.7532
12	3	0.965	0	1	1.999	0.6381
12	3	0.5036	1	0	-0.5863	1.058
12	3	0.5919	0	1	0.158	0.3609
12	3	1.813	1	0	-0.08699	2.263
12	3	5.475	0	1	-0.08052	-0.5015
12	3	0.4665	0	0	0.9176	0.726
12	3	0.3327	1	1	-1.275	-0.04491
12	3	3.382	0	0	-0.7672	0.2636
12	3	5.128	0	0	-1.082	-0.7532
12	3	0.4248	0	0	0.5036	-0.1538
12	3	3.321	0	0	0.6848	-0.5015
12	3	5.451	0	0	-0.5226	-0.5015
12	3	3.307	0	0	0.1569	-1.024
12	3	0.937	1	1	0.9006	0.548
12	3	1.119	1	1	0.0813	-0.2661
12	3	5.323	1	1	-0.09942	-0.5015
12	3	5.512	1	1	-0.3913	-0.5015
12	3	5.423	1	1	-0.03393	0.2636
12	3	2.011	0	0	1.032	-0.6252
12	3	3.266	1	1	1.633	0.3609
12	3	1.84	1	1	-1.356	0.2636
12	3	5.66	0	0	-0.4308	-0.5015
12	3	0.5849	0	1	1.772	-1.316
12	3	5.408	0	0	-1.058	0.06084
12	3	1.748	1	1	-0.6652	-1.633
12	3	3.549	0	0	0.5747	-1.633
13	3	0.2513	0	1	-0.292	-0.08344
13	3	3.657	0	0	0.3605	-1.907
13	3	0.4574	1	0	0.9138	0.4044
13	3	1.851	1	1	-0.2428	1.064
13	3	5.43	0	0	-0.3285	-1.029
13	3	1.776	0	1	-0.007909	1.497
13	3	3.564	0	0	0.2937	0.8187
13	3	1.038	0	0	-0.5716	0.4779
13	3	0.7403	1	1	-0.8446	0.1712
13	3	3.468	1	1	-0.2466	-0.4643
13	3	5.059	1	1	-0.8059	-0.4643
13	3	2.177	0	1	0.2738	-1.029
13	3	0.7836	0	0	-1.141	1.179
13	3	5.512	1	1	-0.4659	1.343
13	3	5.56	1	1	0.5021	-0.1739
13	3	5.236	1	1	0.8017	0.6193
13	3	5.179	0	0	-0.1115	-0.9064
13	3	0.662	0	1	-0.6288	-0.4643
13	3	1.52	1	1	0.6658	-1.907
13	3	5.57	1	1	1.119	-0.2673
13	3	3.617	0	0	0.459	-0.1739
13	3	2.035	0	0	0.4825	1.064
13	3	3.834	0	1	-0.6067	0.004095
13	3	3.761	0	1	0.1339	-1.029
13	3	1.632	0	0	-1.273	0.3288
13	3	0.8597	1	1	0.2603	0.4044
13	3	0.867	0	1	2.047	-0.7891
13	3	3.383	1	1	-2.641	-0.2673
13	3	5.35	1	1	0.3324	-0.4643
13	3	1.697	0	1	-0.6021	0.1712
13	3	0.668	1	1	0.09304	0.004095
13	3	0.9865	1	1	-0.9616	-0.1739
13	3	0.7718	0	1	0.6295	-0.1739
13	3	3.28	0	1	-1.945	0.1712
13	3	1.884	0	0	-0.4812	0.6874
13	3	0.8522	1	1	0.8628	-0.1739
13	3	0.5716	0	1	0.103	0.004095
13	3	0.4446	1	0	0.8417	0.004095
13	3	1.463	0	0	0.4797	-1.292
13	3	3.631	0	0	-0.2695	-2.7
13	3	5.175	1	1	-1.581	0.2512
13	3	0.6386	0	0	-1.267	-1.292
13	3	5.096	1	1	0.008494	-0.1739
13	3	0.4933	1	1	-2.752	0.4779
13	3	0.5994	0	0	-0.7649	1.289
13	3	3.455	1	1	0.9484	3.28
13	3	1.732	1	1	0.6035	-0.3641
13	3	0.872	1	0	0.904	1.064
13	3	0.4265	0	1	0.9865	-0.4643
13	3	1.051	1	1	-0.6555	1.447
14	3	3.69	1	1	0.01611	0.2715
14	3	0.8265	0	1	0.1724	-0.5153
14	3	5.768	1	0	-0.4418	0.8126
14	3	0.3647	0	1	0.752	-0.6318
14	3	5.105	0	0	-0.8082	0.2715
14	3	0.9065	0	0	1.146	-1.801
14	3	0.767	0	1	-1.104	-0.4037
14	3	0.5476	0	0	1.583	2.333
14	3	3.745	1	1	0.5067	0.4373
14	3	1.712	0	0	-0.9847	0.002241
14	3	3.56	0	1	1.257	-0.7533
14	3	3.61	0	0	-0.6814	-1.014
14	3	0.8048	1	0	0.7282	1.08
14	3	1.643	1	1	-0.9113	-1.302
14	3	1.896	0	1	-0.158	0.4373
14	3	5.25	1	1	1.185	1.323
14	3	0.4774	0	0	0.8131	0.9493
14	3	5.081	1	1	-1.093	-0.4037
14	3	0.7079	0	1	-1.105	0.5936
14	3	5.813	0	1	0.2122	0.8126
14	3	5.049	1	1	1.456	0.2715
14	3	0.8428	0	1	0.6435	0.2715
14	3	0.4423	1	1	0.3873	-1.99
14	3	3.594	1	1	-0.2722	0.09496
14	3	3.755	0	0	-0.7367	-0.7533
14	3	5.737	1	1	-1.582	-1.014
14	3	1.69	1	1	-0.4054	-0.1932
14	3	1.918	1	0	0.4126	1.492
14	3	1.704	1	1	-0.7173	0.09496
14	3	1.991	0	0	0.3	1.264
14	3	5.264	1	1	1.033	2.489
14	3	5.348	0	0	-2.466	-0.2964
14	3	0.6122	0	0	0.1479	-0.09374
14	3	0.8083	0	1	-0.3874	-0.1932
14	3	0.6412	0	1	0.4895	0.2715
14	3	1.576	1	1	0.4262	0.4373
14	3	5.357	1	1	1.476	-1.801
14	3	0.345	1	1	-0.6667	-0.6318
14	3	1.071	0	1	-0.7381	-2.649
14	3	3.665	0	0	0.3654	-0.5153
14	3	0.378	0	1	-1.319	0.2715
14	3	0.1416	1	0	1.097	-0.7533
14	3	0.6279	0	1	-0.5526	-1.302
14	3	0.5751	0	1	0.06248	0.002241
14	3	1.781	1	1	-0.7625	0.09496
14	3	1.825	0	0	0.6009	0.8126
14	3	3.495	1	1	-0.007744	0.2715
14	3	3.739	1	1	-0.8699	0.4373
14	3	0.2383	1	1	0.9609	0.5166
14	3	3.331	1	1	-0.3577	0.5936
15	3	5.428	1	1	0.7977	-0.3559
15	3	0.6912	0	0	0.5973	0.182
15	3	1.476	1	1	-1.527	-1.168
15	3	1.962	1	0	-0.01671	1.44
15	3	0.7067	0	1	-1.257	0.182
15	3	0.7592	1	0	1.149	1.286
15	3	5.439	1	0	0.2249	1.065
15	3	0.6374	1	0	-0.3938	2.556
15	3	1.964	0	1	0.5413	0.182
15	3	3.698	1	0	-0.3859	3.134
15	3	3.643	0	0	0.2209	1.007
15	3	5.422	0	0	-0.898	0.4141
15	3	4.862	0	0	-0.5558	-0.2582
15	3	1.507	0	0	0.9041	0.6944
15	3	2.06	1	1	0.4662	0.339
15	3	2	0	0	-0.5718	-0.7886
15	3	0.9694	0	1	1.318	-1.036
15	3	3.407	0	0	0.1355	0.339
15	3	1.586	0	0	0.3355	0.6944
15	3	0.7511	1	1	-0.08003	0.01477
15	3	0.1765	1	1	-1.892	-0.07304
15	3	0.9266	0	1	0.1947	-0.1639
15	3	3.821	1	1	-0.6389	-0.07304
15	3	0.2135	0	1	-0.5301	0.4871
15	3	0.5303	0	1	1.066	0.01477
15	3	3.578	1	1	0.7476	-0.7886
15	3	0.7265	0	1	-0.7095	0.01477
15	3	5.164	0	0	0.5487	0.558
15	3	0.3754	1	1	1.058	-1.168
15	3	5.243	1	1	-0.2241	-0.7886
15	3	4.946	0	0	-0.4872	0.339
15	3	5.201	1	1	-0.07353	-0.9092
15	3	0.4418	1	1	-1.26	0.09971
15	3	0.8476	0	0	-3.082	-0.6735
15	3	3.421	0	0	0.8311	-1.036
15	3	1.682	1	1	-0.3217	-1.168
15	3	1.532	1	1	1.635	-1.781
15	3	1.126	0	1	0.4249	-0.4575
15	3	1.2	1	1	0.8363	-1.457
15	3	5.689	1	1	-2.026	-1.036
15	3	0.6455	0	0	1.312	-0.07304
15	3	1.752	0	0	0.7816	1.178
15	3	3.81	0	0	-1.035	-1.168
15	3	3.405	0	1	0.5807	1.853
15	3	3.479	1	1	1.533	-0.6735
15	3	1.034	1	1	1.715	-1.036
15	3	0.7349	0	1	-0.955	-0.4575
15	3	3.462	0	0	-0.05779	1.007
15	3	5.531	1	1	-3.353	-0.6735
15	3	0.2527	1	1	-1.158	0.182
16	3	3.783	0	0	1.61	-1.082
16	3	3.917	1	1	0.4553	-0.9141
16	3	0.6332	0	1	2.241	0.5087
16	3	5.45	1	1	1.214	1.162
16	3	3.835	0	0	-0.5995	0.2938
16	3	1.689	1	1	-0.9791	0.2938
16	3	0.7823	1	1	0.8564	0.9889
16	3	0.9871	1	1	0.1052	0.9889
16	3	1.355	1	1	-0.4449	-1.261
16	3	1.948	1	1	-1.475	0.7098
16	3	0.5619	0	1	-0.1908	-0.4574
16	3	3.649	0	0	-1.199	-0.3189
16	3	3.216	0	0	0.8983	0.8986
16	3	1.286	0	1	-0.08827	-0.1864
16	3	0.6837	1	1	-0.1616	-0.3189
16	3	0.2932	1	1	-0.4349	0.7098
16	3	3.772	1	1	0.4597	-0.1864
16	3	3.187	0	0	-0.8836	0.7098
16	3	3.63	0	0	-0.869	0.1805
16	3	5.52	0	0	0.8157	-0.9141
16	3	0.1518	1	1	-0.8077	-0.7543
16	3	3.8	1	1	-0.4007	-1.449
16	3	1.872	0	0	-1.356	2.869
16	3	1.874	0	0	-0.07582	0.7098
16	3	5.13	0	0	-0.7608	0.4031
16	3	1.197	1	1	-0.3724	-0.0592
16	3	1.329	0	1	-0.7452	1.973
16	3	5.367	1	1	-2.342	-0.0592
16	3	5.407	1	1	-0.4566	-1.261
16	3	0.7399	0	0	-0.6477	0.5087
16	3	5.368	1	1	-0.1213	-0.1864
16	3	0.4283	0	1	0.3226	0.1805
16	3	0.7537	1	1	1.054	1.162
16	3	0.07027	0	0	0.9855	0.5087
16	3	5.242	0	0	-0.1008	-0.1864
16	3	3.557	0	0	-0.6706	-0.4574
16	3	5.491	1	1	-0.7561	-1.261
16	3	0.9941	0	1	1.264	0.8986
16	3	0.6333	1	1	0.8416	1.557
16	3	0.1306	0	0	-0.03342	-1.261
16	3	0.5821	0	0	-0.06585	-0.4574
16	3	5.045	0	0	-0.7991	-2.346
16	3	0.4054	0	0	-0.01669	0.4031
16	3	2.32	1	1	0.5268	0.5087
16	3	1.939	1	1	-0.6117	-0.7543
16	3	1.865	1	1	-0.1393	-0.1864
16	3	1.629	1	1	0.2912	-0.0592
16	3	0.625	1	1	0.4181	0.5087
16	3	5.346	0	0	0.8957	-2.346
16	3	1.874	1	1	-0.4575	-0.9141
17	3	2.211	0	0	2.547	-0.8264
17	3	0.5736	0	1	-0.9879	-0.8264
17	3	5.435	0	0	0.1767	-1.882
17	3	0.4444	0	1	-0.3683	-1.142
17	3	2.037	1	1	1.007	-0.5379
17	3	0.9446	1	1	-0.1964	0.4159
17	3	1.801	0	0	-0.8308	-0.8264
17	3	1.909	1	1	-0.239	-0.1474
17	3	5.641	0	0	-0.3848	-1.312
17	3	1.117	1	1	-0.08505	0.8065
17	3	5.599	0	0	-0.2814	-0.9806
17	3	0.8654	1	1	0.9448	-0.5379
17	3	3.665	1	1	0.8943	0.7131
17	3	1.491	1	1	-0.4096	1.318
17	3	5.179	0	0	0.6058	-0.8264
17	3	0.8774	0	1	1.756	0.8973
17	3	1.052	0	0	1.769	0.4159
17	3	5.567	1	1	-0.1092	-0.1474
17	3	0.8467	1	1	-0.601	0.8065
17	3	0.9279	1	1	-0.7876	-0.4025
17	3	0.1017	1	1	0.4274	-0.02679
17	3	3.596	0	0	0.0827	-2.836
17	3	0.502	0	0	-0.2165	-0.4025
17	3	1.953	0	0	0.361	0.4159
17	3	3.758	0	0	-0.9236	-0.02679
17	3	1.004	1	0	-0.1157	0.7131
17	3	1.271	0	1	0.4105	-0.2725
17	3	3.868	1	1	0.1971	1.318
17	3	0.4394	0	1	-0.5645	0.4159
17	3	1.907	0	0	-0.2554	-0.5379
17	3	3.63	1	0	1.043	1.156
17	3	3.528	1	1	0.1355	1.829
17	3	2.02	1	1	-3.89	0.3107
17	3	5.206	0	0	-0.2913	-1.492
17	3	0.7769	1	0	0.6494	0.08956
17	3	5.254	0	0	0.554	-1.312
17	3	5.4	0	0	0.4353	0.617
17	3	1.185	1	0	1.865	1.318
17	3	3.587	1	1	0.9069	0.7131
17	3	3.577	1	1	-0.5182	0.4159
17	3	0.2833	0	0	1.002	1.072
17	3	3.563	0	0	1.05	0.3107
17	3	5.406	0	0	-0.5642	-0.1474
17	3	5.29	1	1	0.5605	-0.5379
17	3	0.8829	1	1	-0.2906	-1.142
17	3	0.2421	1	1	0.6402	2.816
17	3	0.6328	1	1	0.8694	0.4159
17	3	3.364	0	0	-0.8678	0.518
17	3	1.806	1	1	0.558	-0.1474
17	3	0.5314	0	1	1.626	-0.5379
18	3	1.363	0	0	2.796	-0.7557
18	3	3.459	0	1	-0.3248	0.2351
18	3	3.657	0	0	0.1938	-0.9591
18	3	5.64	0	1	-1.76	0.04384
18	3	1.844	0	1	0.222	1.523
18	3	3.642	0	0	0.3715	-0.4829
18	3	1.08	1	1	-1.407	0.7234
18	3	0.127	1	1	-0.3072	0.2351
18	3	3.67	1	1	-0.1579	0.1732
18	3	3.768	1	1	-0.06303	0.04384
18	3	0.7412	0	0	-0.2877	0.1732
18	3	1.769	1	0	-1.084	-0.1662
18	3	5.275	0	0	-1.473	-0.57
18	3	1.875	1	1	-1.302	-0.1662
18	3	0.7899	0	1	0.2199	-1.573
18	3	5.262	1	1	-0.8272	-0.2411
18	3	0.1344	0	1	-0.3271	-0.1662
18	3	3.661	1	0	0.2019	-0.09388
18	3	1.022	1	0	0.5646	1.774
18	3	3.921	0	0	-1.452	0.04384
18	3	5.428	0	0	-1.517	0.466
18	3	4.953	1	1	-0.4543	-0.1662
18	3	5.198	0	0	-0.4497	-0.7557
18	3	0.3842	0	0	-2.228	0.7234
18	3	0.9612	0	1	-0.2252	2.755
18	3	0.985	1	1	0.2636	1.455
18	3	0.7185	1	0	-0.08043	0.4105
18	3	1.755	1	1	0.2008	0.2952
18	3	1.657	0	1	-0.4067	1.238
18	3	1.635	0	0	0.6941	3.002
18	3	1.132	1	0	-0.3798	0.1095
18	3	0.657	1	1	-0.1252	-0.4829
18	3	1.973	0	0	-0.328	-1.306
18	3	1.632	1	0	-0.13	-0.7557
18	3	2.1	1	1	-1.022	-1.306
18	3	0.7791	0	1	0.6254	0.2351
18	3	2.091	0	0	-0.8568	-2.438
18	3	5.532	1	1	-0.651	-0.09388
18	3	3.591	1	1	-0.3614	0.5727
18	3	0.7902	0	0	-0.755	0.04384
18	3	5.138	1	1	0.4604	-0.57
18	3	3.191	1	1	-1.216	0.6241
18	3	0.2164	1	1	-3.39	-0.6608
18	3	5.551	0	1	0.08997	-1.069
18	3	3.52	0	0	1.097	-1.069
18	3	0.3838	1	1	-0.7611	-1.306
18	3	5.19	1	1	-1.172	-0.57
18	3	0.3631	1	1	1.061	0.3536
18	3	0.5703	0	1	-0.6392	0.953
18	3	0.9339	1	0	0.08304	-0.4829
19	3	5.281	1	1	2.524	0.361
19	3	5.585	1	1	-0.182	-0.3341
19	3	3.619	1	1	-0.7538	-0.8441
19	3	1.798	1	1	-0.5306	0.153
19	3	0.4893	0	1	0.5425	1.841
19	3	5.409	0	0	0.5946	-0.427
19	3	0.531	1	1	0.8735	0.2939
19	3	1.155	0	1	-0.5222	-0.245
19	3	0.7119	1	1	1.225	-0.07701
19	3	0.2622	1	1	-0.543	0.8875
19	3	0.6176	1	1	-0.1635	-0.1594
19	3	1.639	1	1	-1.334	0.4262
19	3	4.951	0	0	0.8224	-0.9621
19	3	0.397	0	0	1.932	-1.511
19	3	1.799	1	0	0.1209	-0.8441
19	3	6.011	0	1	0.2026	-0.07701
19	3	0.672	0	1	0.3666	0.4895
19	3	3.475	0	0	-2.027	0.2246
19	3	1.527	0	1	-0.1681	2.267
19	3	1.883	1	0	1.156	1.971
19	3	3.835	0	1	0.3057	2.969
19	3	1.889	1	1	0.322	-1.087
19	3	0.495	0	1	0.2092	0.361
19	3	3.536	1	1	-1.449	-1.673
19	3	1.024	1	1	0.2119	-0.3341
19	3	0.8217	1	1	0.6817	-0.245
19	3	3.731	1	1	0.5737	-0.5241
19	3	0.6371	0	0	-0.7976	1.086
19	3	1.655	1	1	-0.5374	-0.7321
19	3	3.558	0	0	1.002	0.8875
19	3	0.63	0	1	0.7747	0.002378
19	3	0.6834	1	0	-0.6279	0.4895
19	3	5.439	1	1	-1.087	-0.427
19	3	0.5666	0	1	-1.714	-0.8441
19	3	3.337	0	1	-0.8521	0.4895
19	3	1.948	1	0	-0.09675	0.4262
19	3	3.589	0	0	0.04911	0.002378
19	3	3.606	0	0	-0.439	0.2939
19	3	5.223	1	1	-0.09233	0.2939
19	3	5.662	1	1	0.928	0.4262
19	3	5.323	1	1	-1.641	0.07898
19	3	0.9048	0	1	0.08998	0.6108
19	3	5.399	0	0	0.4198	-0.7321
19	3	1.095	0	0	-0.2556	-2.037
19	3	0.6309	1	1	-1.258	-0.6256
19	3	1.905	0	0	0.7431	0.153
19	3	1.931	0	1	-1.047	0.9389
19	3	0.4369	0	0	-2.682	-0.07701
19	3	0.557	0	0	0.6092	-2.245
19	3	3.594	1	1	-1.431	-1.36
20	4	0.7811	0	1	0.9845	-1.884
20	4	5.38	0	0	-0.3192	-2.429
20	4	5.026	0	0	0.2022	-1.722
20	4	3.646	1	1	-0.3229	-1.284
20	4	0.8227	0	1	-0.1124	-0.5634
20	4	0.5479	1	1	-0.1763	0.1035
20	4	0.4885	0	1	-0.7377	-0.4585
20	4	1.839	0	0	-1.628	0.4269
20	4	3.852	1	1	-0.5676	-0.6721
20	4	3.293	1	1	-0.4428	0.01687
20	4	5.041	1	1	0.7098	-0.4585
20	4	0.8646	1	1	-0.1629	0.5764
20	4	3.591	1	1	1.312	-0.1643
20	4	1.816	0	1	1.776	0.01687
20	4	0.2734	1	0	-0.2855	2.088
20	4	0.9302	1	1	-0.1013	-0.1643
20	4	5.468	0	0	-1.357	0.6484
20	4	3.443	1	1	0.4779	-0.1643
20	4	0.7006	1	1	-0.6147	-0.6721
20	4	1.987	0	0	1.742	1.169
20	4	0.7371	0	1	-0.7139	1.954
20	4	5.478	0	0	-0.6234	1.109
20	4	0.9753	0	1	-0.1231	-0.9021
20	4	3.631	1	1	2.839	-0.07235
20	4	3.793	1	1	0.4208	-1.884
20	4	1.792	1	1	3.41	-0.5634
20	4	1.602	0	0	-0.08171	0.8546
20	4	3.573	1	1	0.1783	0.1035
20	4	0.322	0	1	-0.8621	-0.6721
20	4	1.7	0	0	0.2978	0.6484
20	4	5.285	0	0	0.334	-1.151
20	4	0.5146	0	1	1.582	0.1035
20	4	0.1133	1	0	0.9899	0.8546
20	4	1.14	1	1	-0.01081	1.287
20	4	5.554	1	1	1.304	0.9845
20	4	0.4174	0	1	0.3348	0.2696
20	4	3.451	1	1	-0.957	0.2696
20	4	3.514	0	0	-0.2862	-0.7849
20	4	1.838	0	0	0.2976	0.5764
20	4	0.5606	1	1	0.8517	-0.6721
20	4	5.502	1	1	0.993	0.5026
20	4	1.098	1	1	0.2039	-0.1643
20	4	0.2134	0	1	0.2527	-0.3572
20	4	5.322	1	1	-0.1593	0.1035
20	4	5.505	0	0	0.3146	-0.9021
20	4	2.019	0	0	-1.537	2.536
20	4	1.736	1	1	0.08195	0.01687
20	4	1.895	0	1	-1.564	0.01687
20	4	0.8376	0	1	-0.5321	0.01687
20	4	0.3739	1	0	1.393	1.508
21	4	5.511	0	0	2.309	-1.561
21	4	5.556	1	1	0.3131	-1.185
21	4	1.67	0	1	-0.1006	0.8494
21	4	0.7704	1	0	-0.8696	2.208
21	4	1.604	0	0	-0.1775	0.4491
21	4	1.941	0	0	0.7135	0.9115
21	4	1.567	1	1	0.2002	-1.185
21	4	3.724	0	0	-1.033	0.7861
21	4	1.737	1	1	0.9929	-0.6412
21	4	5.491	0	0	0.9135	-0.1769
21	4	3.081	1	1	0.8641	0.3038
21	4	5.38	1	0	-0.04688	0.2285
21	4	3.416	1	1	-0.04183	1.908
21	4	1.069	1	0	0.0392	-0.3546
21	4	1.836	1	1	0.4239	0.5194
21	4	0.4298	0	0	1.944	-0.1769
21	4	0.3023	1	0	0.1482	0.4491
21	4	1.96	0	1	0.6338	1.625
21	4	0.7838	0	0	1.059	-1.185
21	4	0.5516	1	1	0.864	-1.431
21	4	3.91	0	0	0.01754	-0.8476
21	4	2.112	1	1	0.05341	0.07246
21	4	3.612	1	1	-0.2863	-1.068
21	4	0.9361	1	1	-1.375	2.736
21	4	1.955	1	1	-0.494	1.261
21	4	1.149	0	1	2.174	0.4491
21	4	0.7079	0	1	1.492	-0.1769
21	4	0.6105	0	1	-0.3926	-0.6412
21	4	1.685	0	0	0.8336	-0.3546
21	4	0.4652	0	1	-0.2896	-0.8476
21	4	0.2955	0	1	1.616	-0.8476
21	4	3.808	1	1	0.8675	-0.1769
21	4	3.531	1	1	-0.007716	-0.2645
21	4	5.546	1	1	1.365	-1.988
21	4	3.563	1	1	-0.571	0.1514
21	4	5.517	1	1	-1.12	0.07246
21	4	0.6775	0	1	1.949	0.7215
21	4	1.199	0	0	0.8983	1.091
21	4	0.93	1	1	0.4519	0.7215
21	4	0.1617	1	1	-2.854	-0.1769
21	4	1.115	0	1	-0.05445	0.2285
21	4	1.154	1	1	-0.535	-0.4473
21	4	3.877	0	1	0.5133	0.7861
21	4	5.524	0	0	-1.353	-1.697
21	4	0.5993	0	1	0.9167	0.7215
21	4	1.067	0	1	-2.794	-1.431
21	4	5.205	0	0	0.2449	0.3773
21	4	5.063	1	1	0.7718	0.2285
21	4	3.505	1	1	1.168	-0.3546
21	4	5.081	0	0	0.3503	-0.6412
22	4	0.08875	1	0	1.576	-1.07
22	4	5.524	0	0	0.2102	-1.504
22	4	5.237	0	0	0.6318	0.2148
22	4	5.486	0	0	1.223	-0.1297
22	4	0.6636	1	1	-1.662	-0.05745
22	4	1.715	1	1	-0.5662	-1.07
22	4	3.597	0	1	1.172	0.1491
22	4	3.441	0	0	1.438	0.08186
22	4	1.599	1	1	1.41	-0.3577
22	4	0.5817	1	1	0.4607	0.08186
22	4	0.5501	0	1	2.756	0.8018
22	4	1.39	0	0	0.5489	1.335
22	4	0.9841	1	1	0.5217	-0.3577
22	4	5.587	0	0	0.5931	-0.7824
22	4	0.984	1	1	2.698	-0.5203
22	4	3.612	0	0	1.959	1.199
22	4	0.9498	0	0	-0.708	-0.1297
22	4	3.593	0	0	0.8327	-0.2037
22	4	0.796	1	1	1.315	0.6934
22	4	0.3837	0	0	0.3895	1.748
22	4	0.1546	0	0	1.645	2.04
22	4	3.423	0	0	-1.238	-0.9711
22	4	1.13	0	0	0.2847	0.523
22	4	0.8656	0	1	-0.02595	-1.173
22	4	0.7557	0	0	0.859	0.9063
22	4	0.6628	0	1	0.2365	-0.2037
22	4	3.762	1	1	-0.2706	-0.3577
22	4	0.7956	0	0	-0.008	-0.5203
22	4	5.499	0	0	1.006	-1.624
22	4	3.515	1	1	-1.466	0.01303
22	4	1.025	0	1	2.298	-1.279
22	4	1.809	1	1	-1.546	0.2791
22	4	1.856	1	1	-0.0985	1.105
22	4	5.524	0	0	1.092	-0.3577
22	4	5.28	1	1	-0.3034	-0.2037
22	4	5.855	1	1	-0.3905	-1.878
22	4	5.526	0	0	2.246	0.523
22	4	1.668	1	1	1.035	0.4639
22	4	3.666	1	0	2.439	1.245
22	4	0.7273	1	0	1.929	1.007
22	4	1.804	1	1	0.1228	-2.157
22	4	0.7228	1	1	-1.279	0.1491
22	4	1.957	1	1	-0.137	-0.2037
22	4	5.326	0	0	-0.2721	-0.1297
22	4	1.725	1	1	0.4929	-0.05745
22	4	3.355	1	1	0.9577	0.01303
22	4	0.4198	0	0	1.358	1.007
22	4	1.869	1	1	0.1918	-0.7824
22	4	1.202	1	0	1.222	3.108
22	4	3.294	1	1	0.5605	-0.605
23	4	0.5836	1	1	0.7334	-0.5015
23	4	1.882	0	0	0.02618	0.0153
23	4	5.505	1	1	1.817	0.4376
23	4	0.6256	1	1	-0.6978	-0.05184
23	4	2.014	1	1	-1.02	0.3818
23	4	0.7535	0	0	0.6713	0.144
23	4	0.7303	1	0	-0.3464	-0.5857
23	4	1.969	0	0	-0.06677	0.4921
23	4	3.513	0	0	-0.2783	0.4921
23	4	0.7619	1	0	-0.1807	1.34
23	4	3.805	0	0	-3.481	0.6483
23	4	5.403	0	0	0.0001907	0.4376
23	4	1.835	1	1	0.6344	-0.4202
23	4	0.2428	1	1	-0.5731	-0.764
23	4	5.367	1	1	-1.478	-0.3417
23	4	1.901	0	1	1.759	0.3246
23	4	5.59	0	0	-0.3615	-1.281
23	4	3.745	1	0	0.2574	-0.05184
23	4	3.569	0	0	1.179	-1.281
23	4	3.766	0	0	-0.617	-1.4
23	4	1.519	0	1	-0.4051	0.4376
23	4	0.5948	0	0	1.078	0.6981
23	4	3.884	0	0	0.4415	-0.3417
23	4	0.3925	1	1	0.151	-0.2658
23	4	3.562	1	1	0.8166	0.7468
23	4	5.417	1	1	0.2834	-0.764
23	4	5.336	1	1	0.7775	-0.05184
23	4	1.758	0	0	-0.9526	0.4376
23	4	5.369	0	0	1.311	-0.1922
23	4	0.7537	1	1	-0.3276	-1.525
23	4	0.8942	0	0	0.1781	-0.8585
23	4	0.7528	1	1	-0.9077	0.144
23	4	5.711	0	0	-0.5502	-1.525
23	4	0.9352	0	0	1.011	-0.1922
23	4	5.21	0	0	0.9464	-0.5857
23	4	0.6625	0	1	-0.7429	-0.5857
23	4	1.562	0	1	0.06085	0.0153
23	4	1.507	1	1	1.324	3.037
23	4	1.064	1	1	0.4127	0.5453
23	4	1.715	0	0	1.24	1.264
23	4	0.5806	1	0	0.8636	0.3818
23	4	3.474	1	1	-0.8599	-0.05184
23	4	0.4914	0	1	-0.08789	-2.279
23	4	1.141	1	1	0.3783	0.4376
23	4	3.531	1	1	0.1886	0.2659
23	4	5.22	1	1	-0.4931	-0.1922
23	4	0.5676	0	0	0.6515	-0.05184
23	4	0.542	1	1	-0.61	-0.5857
23	4	3.545	1	1	0.7445	-0.1922
23	4	0.3448	0	0	0.1217	3.795
24	4	0.7738	0	0	2.719	1.68
24	4	0.5122	0	0	0.3021	1.047
24	4	5.302	1	1	-0.2878	-0.4616
24	4	0.4732	1	1	-0.774	0.2506
24	4	3.683	1	0	0.6017	-0.4616
24	4	0.9111	1	1	0.01223	0.06327
24	4	1.627	1	1	0.2487	0.4271
24	4	5.466	0	0	-0.998	0.3401
24	4	0.7029	0	1	0.2589	0.2506
24	4	1.812	1	1	-0.5755	0.9034
24	4	1.339	0	0	0.3358	-0.4616
24	4	0.8566	1	1	-0.8944	3.763
24	4	0.5601	1	1	-0.755	0.06327
24	4	0.9408	1	1	0.4322	-0.4616
24	4	1.729	0	0	0.4436	-0.4616
24	4	0.6308	0	1	0.1034	0.3401
24	4	0.5606	1	0	0.4106	0.06327
24	4	5.294	0	0	-0.08427	-0.8255
24	4	0.4599	1	1	-1.341	-1.094
24	4	4.971	0	0	0.03039	-2.277
24	4	1.902	1	1	0.9634	-1.547
24	4	1.201	0	0	-0.6842	0.7526
24	4	0.9804	0	0	0.1211	1.442
24	4	5.604	0	0	0.4171	-0.6994
24	4	3.352	0	0	0.3102	1.047
24	4	5.218	0	0	-0.05329	-0.2408
24	4	1.983	1	1	-0.2676	-0.1361
24	4	3.907	0	0	-0.9188	-1.389
24	4	1.694	0	1	-0.2314	0.06327
24	4	0.7463	1	1	-0.4638	-0.4616
24	4	1.301	0	1	-0.2723	0.1583
24	4	1.966	0	0	0.7383	0.5118
24	4	1.017	1	1	-0.2018	0.976
24	4	3.681	0	0	-1.243	-0.2408
24	4	0.1947	1	0	0.226	0.6744
24	4	0.8962	1	1	-0.6638	0.06327
24	4	0.4477	1	1	-0.3958	-0.4616
24	4	3.691	1	1	0.7618	-0.957
24	4	1.823	0	1	-0.04995	-0.6994
24	4	5.916	1	1	-0.2871	0.7526
24	4	0.5536	1	1	-0.03485	-0.8255
24	4	1.451	1	1	-0.2057	0.2506
24	4	3.437	1	1	1.618	0.9034
24	4	3.634	0	0	0.2888	-1.714
24	4	5.242	1	1	-0.3781	-1.094
24	4	3.41	0	1	-1.754	-1.389
24	4	3.774	0	0	0.04034	1.047
24	4	5.385	0	0	-0.2527	0.9034
24	4	3.24	1	1	-1.268	-0.2408
24	4	5.393	1	1	2.236	-0.1361
25	4	0.702	1	1	2.211	-0.7306
25	4	4.896	0	0	-0.2493	-1.423
25	4	0.6424	0	1	0.6831	0.682
25	4	0.7731	1	0	-0.4654	0.04896
25	4	0.605	1	0	0.3843	0.9968
25	4	0.7467	1	1	0.6071	1.215
25	4	3.724	0	0	0.1669	0.3349
25	4	5.328	1	1	-0.3349	0.2422
25	4	0.7439	0	1	0.4309	-0.3743
25	4	2.204	0	0	0.3261	0.5129
25	4	5.195	1	1	-1.55	-0.8582
25	4	1.153	0	1	-0.8052	-0.7306
25	4	0.4838	1	1	0.7382	0.04896
25	4	1.853	0	0	-0.2905	-0.7306
25	4	5.342	1	1	0.3193	-0.6076
25	4	5.526	0	0	0.01704	-0.2634
25	4	1.901	0	1	-0.7812	3.488
25	4	1.482	0	0	-0.229	-0.156
25	4	0.7303	1	0	0.9986	0.2422
25	4	3.866	0	0	-0.03534	3.026
25	4	1.059	0	1	-0.2668	-0.6076
25	4	0.4093	0	0	0.4939	0.147
25	4	3.988	1	1	1.211	0.04896
25	4	5.027	0	0	0.3003	-0.156
25	4	0.882	0	0	2.991	0.5985
25	4	3.672	1	1	-0.9879	0.3349
25	4	3.719	1	1	-0.5848	-0.9908
25	4	1.717	1	1	-0.7246	0.3349
25	4	3.58	1	1	0.8905	0.04896
25	4	0.2695	1	0	0.08985	-0.7306
25	4	1.76	1	1	0.1608	-0.7306
25	4	3.819	1	1	0.8407	-0.4889
25	4	0.3397	0	1	0.1855	-0.156
25	4	0.5666	0	1	-0.733	-0.156
25	4	3.606	1	1	0.04156	-0.4889
25	4	2.022	1	1	0.3689	0.147
25	4	3.833	0	0	-0.9896	-1.745
25	4	0.9852	1	0	0.003299	-0.9908
25	4	5.448	0	0	0.08147	-1.919
25	4	5.413	1	1	-0.07787	-0.3743
25	4	5.242	1	1	-0.07455	0.682
25	4	0.5054	0	0	1.405	1.796
25	4	1.273	0	0	1.622	0.8431
25	4	1.13	0	0	2.123	1.353
25	4	1.952	1	1	0.1266	-1.423
25	4	5.411	0	0	0.9985	-0.156
25	4	0.2284	0	0	0.1206	-0.4889
25	4	0.9868	0	0	1.424	-0.156
25	4	1.819	0	1	0.459	-0.05199
25	4	3.775	1	1	-0.8721	0.5129
26	4	0.1632	0	1	1.173	-1.242
26	4	1.7	0	0	-0.4609	0.2252
26	4	0.3369	0	0	0.5467	1.4
26	4	5.854	1	1	-2.165	-1.384
26	4	1.083	1	1	-0.1772	0.7428
26	4	1.133	0	1	1.052	-0.625
26	4	3.971	0	0	-0.7514	-0.4122
26	4	0.6359	1	0	-0.006594	0.6745
26	4	3.546	1	1	-0.8688	-0.3117
26	4	5.46	0	0	0.8444	-0.03025
26	4	1.242	0	1	-0.5084	0.4589
26	4	0.4571	0	0	-0.2771	0.8094
26	4	3.729	1	1	0.09735	0.6745
26	4	5.225	1	1	-0.3435	-0.4122
26	4	1.635	1	1	1.37	-0.625
26	4	3.538	1	1	0.3815	0.3053
26	4	0.4429	0	1	-0.7779	-0.8555
26	4	3.534	0	0	-1.253	-0.2146
26	4	0.5358	0	1	0.4827	1.346
26	4	0.8934	1	0	1.632	1.886
26	4	5.51	1	1	0.3489	-1.384
26	4	3.898	0	0	-0.3052	0.1426
26	4	0.7619	1	1	0.01353	-0.8555
26	4	2.236	0	0	0.6071	1.504
26	4	0.2595	0	0	1.196	3.263
26	4	1.753	1	1	-1.858	-0.2146
26	4	0.8713	0	0	0.4199	-0.1209
26	4	0.9968	1	1	1.377	-1.242
26	4	5.191	1	1	-0.4667	0.3832
26	4	0.6229	1	0	0.7569	2.222
26	4	1.331	0	0	0.03734	0.6745
26	4	1.754	1	1	-0.1739	-0.3117
26	4	5.214	1	1	-1.374	-0.625
26	4	3.877	0	0	1.275	-0.4122
26	4	1.032	1	1	-0.5936	0.2252
26	4	5.409	0	1	0.7064	-0.625
26	4	1.987	1	1	1.072	0.8094
26	4	0.6544	0	0	0.1368	0.3053
26	4	3.611	0	1	0.4324	-0.7379
26	4	5.297	0	0	-0.4399	-0.625
26	4	0.5001	1	1	-0.6641	-0.1209
26	4	2.117	1	1	-1.073	0.5327
26	4	3.798	0	0	-1.074	-2.037
26	4	0.6481	0	1	-0.0212	-1.533
26	4	5.757	0	0	-0.5002	-0.1209
26	4	5.618	0	0	0.007526	-0.3117
26	4	1.788	1	1	1.748	-0.4122
26	4	3.377	0	1	-0.1685	-1.384
26	4	0.2361	1	1	2.284	0.4589
26	4	1.713	1	1	0.04789	0.1426
27	4	1.013	0	0	1.743	0.8561
27	4	0.6919	1	1	0.6411	-0.06947
27	4	3.631	1	1	-0.4161	-0.3885
27	4	1.769	0	0	-1.181	-1.322
27	4	1.608	0	0	1.168	1.127
27	4	0.5948	1	1	-1.294	-1.661
27	4	5.539	0	0	1.216	1.599
27	4	1.529	0	1	1.017	1.253
27	4	3.624	0	0	-0.102	0.474
27	4	0.6616	1	1	-0.1551	0.1241
27	4	0.9423	1	1	1.03	-1.322
27	4	1.066	0	1	1.807	1.314
27	4	5.295	0	0	-0.767	-0.8822
27	4	5.474	0	0	1.277	-1.168
27	4	3.919	1	1	0.9593	-0.06947
27	4	0.3201	1	1	-0.5535	-0.2779
27	4	1.869	1	0	0.734	1.191
27	4	5.458	0	0	-0.2265	-0.6241
27	4	3.607	0	0	-0.2722	0.3047
27	4	0.2461	0	1	-2.507	-2.759
27	4	0.4552	0	0	0.3502	-0.06947
27	4	0.2297	1	0	2.037	-0.7501
27	4	5.54	0	1	-0.6983	-1.322
27	4	1.109	1	1	-0.2594	0.2159
27	4	1.86	1	0	1.33	-0.1717
27	4	3.451	1	1	2.614	1.191
27	4	0.8012	1	1	-1.316	0.3047
27	4	1.007	1	0	1.478	0.7096
27	4	0.1072	0	1	-0.3673	1.191
27	4	0.9947	1	1	-1.494	1.653
27	4	5.228	1	1	-1.726	-0.6241
27	4	3.572	0	1	-0.5054	-1.021
27	4	5.521	1	0	1.274	1.599
27	4	2.105	1	1	-1.228	-1.661
27	4	5.219	1	1	-0.2036	0.2159
27	4	0.7047	1	1	0.8378	-0.7501
27	4	3.628	0	0	-1.411	-0.2779
27	4	1.754	0	0	1.304	-0.5037
27	4	0.3166	0	1	1.032	-0.06947
27	4	2.116	1	1	-1.256	0.5548
27	4	0.4203	0	1	-0.6207	-0.5037
27	4	0.569	1	0	-0.6818	0.7096
27	4	3.594	0	1	-0.2625	0.8561
27	4	3.666	0	1	0.2249	0.3907
27	4	0.4743	1	1	0.1754	-0.06947
27	4	1.823	0	0	0.2669	-0.3885
27	4	3.527	1	1	-0.2462	1.253
27	4	1.686	0	0	-0.2135	1.432
27	4	5.511	0	0	0.09712	-1.168
27	4	5.297	1	1	-1.015	-0.6241
28	4	1.572	1	1	2.095	-0.7033
28	4	3.792	1	1	0.8433	-0.7033
28	4	0.9442	1	1	0.947	0.8466
28	4	1.63	1	1	-0.4049	0.08806
28	4	3.643	1	1	1.307	0.08806
28	4	1.802	1	1	-0.5029	-0.2225
28	4	1.971	0	1	-0.5035	-0.2225
28	4	2.127	0	0	-0.6103	-0.452
28	4	5.251	0	0	0.101	-0.3347
28	4	5.272	1	1	-0.8848	-0.8385
28	4	1.138	0	1	0.712	-0.3347
28	4	0.4387	0	1	0.4149	3.173
28	4	5.477	0	0	-0.115	-1.462
28	4	0.3899	1	0	-0.6903	1.605
28	4	3.767	1	1	0.2275	0.08806
28	4	1.732	0	0	-0.2064	0.08806
28	4	1.01	0	1	0.4307	0.08806
28	4	0.8522	1	1	0.67	0.08806
28	4	3.469	1	0	0.1283	-0.3347
28	4	3.736	0	0	-0.2904	1.058
28	4	1.838	1	1	-1.07	0.08806
28	4	1.03	0	0	0.1089	2.322
28	4	5.523	1	1	-0.8615	0.5361
28	4	5.115	1	1	-0.1165	0.08806
28	4	0.6559	0	0	-0.5068	1.816
28	4	0.3066	1	0	-0.3887	-0.2225
28	4	3.522	0	0	0.5509	-0.5746
28	4	1.812	0	0	-1.223	0.5361
28	4	0.4518	1	1	-0.3338	0.08806
28	4	5.287	0	0	-0.7071	-1.132
28	4	1.567	1	1	-1.372	-1.462
28	4	0.2856	0	1	0.5358	-1.462
28	4	3.727	0	0	-2.159	-0.01146
28	4	1.894	1	1	0.335	1.058
28	4	4.03	1	1	-1.563	-0.1149
28	4	0.305	1	0	-1.276	0.08806
28	4	0.324	0	1	-0.5538	-0.5746
28	4	1.008	0	1	-0.6823	-0.2225
28	4	0.1712	0	0	1.418	-2.05
28	4	5.642	0	0	-0.7325	-0.01146
28	4	0.5799	1	1	-1.169	-0.7033
28	4	5.325	1	1	-2.412	-1.292
28	4	1.029	1	1	-0.2296	0.184
28	4	3.537	0	0	-1.192	1.124
28	4	5.59	0	0	-0.6434	-0.8385
28	4	0.8853	0	0	-1.458	0.08806
28	4	3.506	1	1	-0.1649	1.605
28	4	5.254	1	1	-1.314	-1.292
28	4	0.8879	0	0	1.16	-0.452
28	4	0.8558	1	1	-0.1992	1.19
29	4	5.079	1	1	-0.307	-0.7399
29	4	5.454	0	0	0.09932	-2.145
29	4	5.231	1	1	-0.5125	-0.836
29	4	0.5563	1	1	0.6785	0.1671
29	4	3.429	1	1	-0.4384	-0.315
29	4	0.8467	1	1	0.2132	-0.7399
29	4	0.4499	0	1	-2.204	-0.2392
29	4	1.755	1	1	1.682	0.561
29	4	1.258	0	0	0.156	-1.269
29	4	0.9014	0	1	-0.7263	-0.1659
29	4	1.706	1	0	0.2038	1.695
29	4	1.381	1	0	0.7109	0.804
29	4	0.6181	1	1	-0.6799	-0.648
29	4	5.341	0	0	0.4672	-0.5598
29	4	1.118	0	0	-0.1657	-0.3935
29	4	3.494	1	1	0.3425	-0.1659
29	4	3.371	1	0	1.271	-0.648
29	4	1.824	0	1	1.46	-0.3935
29	4	0.6119	0	1	-1.15	-0.7399
29	4	1.634	1	0	-0.2533	1.144
29	4	0.7442	1	1	-0.2415	0.2872
29	4	0.8966	0	1	-0.513	0.228
29	4	0.7464	1	0	-0.1022	1.926
29	4	3.893	1	1	0.1512	-0.5598
29	4	3.359	0	0	-0.703	-0.836
29	4	1.011	1	1	-1.203	2.661
29	4	0.2974	1	1	-0.4199	-0.4751
29	4	3.775	1	1	-1.237	-0.1659
29	4	3.376	1	1	-1.299	-0.836
29	4	3.74	0	1	1.362	-0.648
29	4	5.714	1	0	0.4038	-0.02649
29	4	0.6731	0	0	0.2795	2.324
29	4	0.8078	0	0	-0.02696	1.842
29	4	0.2831	1	1	0.005795	0.6615
29	4	0.9238	0	1	-0.4237	1.633
29	4	5.967	0	0	-0.2106	-0.9365
29	4	3.684	0	0	-0.2833	0.03998
29	4	1.438	0	1	-0.3114	0.1671
29	4	0.5209	0	1	0.1039	-1.153
29	4	3.911	1	1	-1.876	-0.1659
29	4	5.478	1	1	-0.7135	-0.02649
29	4	1.099	0	0	1.174	1.471
29	4	0.3827	0	0	-1.059	-0.3935
29	4	1.88	0	0	-0.5773	1.437
29	4	1.869	0	0	0.6851	-0.1659
29	4	5.517	0	0	0.02203	-0.3935
29	4	1.774	1	1	-2.59	-0.3935
29	4	5.357	0	0	-0.7774	-0.648
29	4	5.239	1	1	-0.4331	-1.393
29	4	1.411	1	1	-0.7033	0.1671
30	5	2.091	1	0	1.203	-0.6962
30	5	2.074	1	1	-0.9706	-0.2918
30	5	0.441	0	1	0.07523	3.319
30	5	1.967	0	0	-0.7897	-0.2
30	5	3.71	1	1	-1.289	-0.026
30	5	1.494	1	0	0.3774	0.1368
30	5	0.6655	1	1	-0.431	-0.1115
30	5	0.6761	1	1	0.1984	-1.049
30	5	0.7031	1	1	-0.6602	0.1368
30	5	3.6	1	1	0.5464	-0.4859
30	5	5.226	0	0	0.4307	0.1368
30	5	0.9606	1	1	0.545	-0.2918
30	5	3.53	0	0	-1.025	-1.459
30	5	5.45	1	1	0.3044	-0.4859
30	5	4.924	1	1	-0.03255	-0.8083
30	5	0.882	0	0	-0.06006	-1.314
30	5	0.9085	0	0	0.6066	0.4339
30	5	3.872	0	0	0.4139	-0.3869
30	5	3.243	1	1	-0.5585	-0.026
30	5	3.238	0	0	-0.4018	-0.4859
30	5	1.839	0	0	0.5031	0.5702
30	5	5.268	1	1	-2.284	-1.459
30	5	0.6313	0	1	0.1262	2.51
30	5	0.9883	1	0	0.1894	1.262
30	5	1.197	0	0	-0.7543	1.106
30	5	0.3012	0	1	0.1324	0.503
30	5	5.259	0	0	0.7331	-0.3869
30	5	2.079	0	1	0.08563	1.106
30	5	0.7386	0	0	-0.9576	-0.2
30	5	5.423	1	1	2.213	0.4339
30	5	5.057	0	0	-0.999	-0.8083
30	5	0.6732	1	1	1.578	-0.9256
30	5	3.719	1	1	-0.6127	-0.1115
30	5	0.1861	0	0	0.1427	-0.1115
30	5	0.6079	1	1	-0.9528	-0.8083
30	5	2.204	1	0	1.648	0.1368
30	5	1.829	1	1	1.313	0.2144
30	5	1.538	0	1	-1.63	0.503
30	5	0.3695	0	0	0.6504	0.5702
30	5	5.511	1	0	0.6249	0.0567
30	5	3.191	0	1	1.213	1.963
30	5	0.688	1	0	0.8264	2.251
30	5	0.09519	1	1	1.39	-0.5888
30	5	0.7779	0	1	2.04	-1.774
30	5	5.322	0	0	1.204	0.1368
30	5	0.9528	0	1	0.3552	-1.049
30	5	1.957	1	1	-3.328	0.0567
30	5	3.38	1	1	-0.3525	-1.314
30	5	3.938	1	1	0.7719	0.1368
30	5	5.401	0	0	0.9149	-0.026
31	5	0.4047	0	0	-0.1517	-2.2
31	5	0.5601	0	1	0.5442	-0.2725
31	5	0.5843	0	0	0.07047	-1.463
31	5	5.456	0	0	1.011	-1.63
31	5	3.456	0	0	2.157	2.12
31	5	5.371	1	1	-2.063	0.4893
31	5	3.557	1	1	1.13	0.4042
31	5	1.759	0	0	-0.7111	-0.06271
31	5	3.728	1	1	0.671	0.3166
31	5	0.6322	1	0	0.958	1.024
31	5	3.575	1	0	-1.287	0.3166
31	5	1.079	0	1	0.1193	-0.2725
31	5	1.682	1	1	0.5299	-0.8736
31	5	5.374	0	0	-0.8202	-0.3832
31	5	1.064	0	0	1.197	-0.2725
31	5	0.3914	1	0	2.102	-0.2725
31	5	3.596	0	1	1.138	-0.8736
31	5	2.266	1	0	-0.6794	-0.3832
31	5	1.987	1	1	1.15	1.355
31	5	3.537	1	0	0.9393	1.651
31	5	5.272	0	0	-1.526	0.572
31	5	0.582	1	0	0.03674	-0.4984
31	5	3.926	0	1	-0.1776	-0.4984
31	5	3.841	1	1	0.403	-0.2725
31	5	0.5874	1	1	-0.3077	0.0368
31	5	5.678	0	0	-0.584	-1.304
31	5	5.523	0	0	0.3199	-0.2725
31	5	0.947	1	1	-0.7796	0.3166
31	5	1.094	1	1	0.9225	-1.63
31	5	1.693	0	1	-1.084	-0.1657
31	5	0.4411	1	1	-0.3025	1.093
31	5	2.075	1	1	0.1585	0.3166
31	5	2.197	0	0	0.7039	-0.6182
31	5	3.574	0	0	-0.8435	2.168
31	5	0.6693	1	1	2.269	-0.8736
31	5	5.129	0	0	0.4755	-0.2725
31	5	0.9382	1	1	0.822	0.4042
31	5	0.4508	0	0	-0.3053	-1.153
31	5	1.662	0	0	0.2037	0.6524
31	5	1.84	0	1	0.09514	0.2262
31	5	5.711	1	1	0.7296	-0.6182
31	5	0.1502	1	0	1.191	-0.8736
31	5	5.441	1	1	1.073	-1.63
31	5	0.9431	0	0	2.259	0.9537
31	5	5.359	0	1	-0.8557	1.024
31	5	1.168	0	0	-1.194	-0.2725
31	5	0.9859	0	0	0.5487	2.306
31	5	1.95	0	0	1.144	0.6524
31	5	3.756	1	1	-1.737	0.4893
31	5	0.3677	1	0	-0.6351	1.024
32	5	1.014	1	0	0.9684	0.01499
32	5	0.4616	1	1	1.649	-0.6266
32	5	3.807	1	1	0.7024	-2.043
32	5	0.7637	0	1	0.07311	0.01499
32	5	1.821	0	0	-1.599	0.1289
32	5	3.719	1	1	-1.25	1.882
32	5	5.368	0	0	0.4028	-0.354
32	5	3.509	1	1	-0.5895	-0.354
32	5	5.712	1	1	0.7726	0.01499
32	5	1.33	0	0	-0.02835	0.5473
32	5	0.3934	0	1	0.283	-1.086
32	5	5.563	0	0	0.2278	-1.434
32	5	5.47	1	1	-0.3194	-1.086
32	5	1.109	0	1	-0.6761	0.4478
32	5	1.781	0	1	0.9324	1.752
32	5	3.58	1	0	0.06564	0.3451
32	5	1.086	1	1	-0.004302	-0.2261
32	5	0.02921	1	0	0.2409	0.01499
32	5	5.362	1	1	-0.2222	-0.2261
32	5	0.5337	0	0	-1.267	1.167
32	5	0.8601	0	1	-1.638	-0.6266
32	5	3.748	1	1	-0.6644	1.246
32	5	0.2974	1	1	-0.02928	1.246
32	5	0.9403	0	0	-0.3822	-0.2261
32	5	5.463	0	0	-0.3411	-0.9252
32	5	3.499	0	0	-0.05739	0.5473
32	5	5.703	1	1	-0.3868	-0.2261
32	5	0.4886	1	0	-0.6602	1.167
32	5	1.803	1	0	-0.3234	0.6437
32	5	3.676	0	1	-0.4688	-1.255
32	5	3.321	0	0	0.9062	-1.624
32	5	1.904	1	1	0.669	0.9163
32	5	1.089	0	0	0.2539	1.324
32	5	5.606	1	1	1.331	-0.4874
32	5	3.479	0	0	0.3103	0.01499
32	5	1.62	0	0	-1.353	0.5473
32	5	1.991	1	1	-0.2785	1.002
32	5	1.438	1	1	1.68	-3.097
32	5	5.381	0	0	-2.708	0.01499
32	5	0.6065	1	1	0.1751	0.5473
32	5	1.911	0	0	-0.3224	-2.043
32	5	0.4775	1	0	0.1413	0.5473
32	5	1.586	0	0	-0.6382	1.002
32	5	3.599	0	1	2.077	1.002
32	5	0.8376	1	1	0.4968	-0.4874
32	5	1.717	1	1	1.129	0.1289
32	5	0.5415	1	1	0.8015	0.2389
32	5	0.6921	0	1	-0.4532	-0.2261
32	5	0.8421	0	0	0.2226	0.5473
32	5	5.368	0	0	0.6658	-0.354
33	5	3.251	1	1	2.481	-0.5409
33	5	5.517	1	1	0.6619	0.1329
33	5	3.576	1	1	0.8948	0.2536
33	5	5.645	1	1	-0.9672	0.4834
33	5	3.513	1	1	0.5574	0.2536
33	5	0.9389	1	1	1.41	0.2536
33	5	3.534	1	1	-0.1065	0.1329
33	5	1.811	1	1	-0.1119	0.3704
33	5	5.446	0	0	-1.337	-1.016
33	5	1.754	0	0	-0.5154	0.593
33	5	0.8592	0	0	1.43	1.188
33	5	3.298	0	0	0.1291	-0.1215
33	5	1.013	1	1	0.37	-0.5409
33	5	5.459	0	0	0.3781	-1.769
33	5	5.414	1	1	1.635	0.1329
33	5	4.898	1	1	-0.8862	0.9028
33	5	3.757	0	0	0.3735	0.593
33	5	1.267	1	1	-1.13	0.4834
33	5	0.6327	0	1	-0.2773	-3.658
33	5	1.91	0	0	-0.5626	1.617
33	5	1.022	0	0	-0.3394	1.852
33	5	0.5312	1	0	1.221	1.188
33	5	5.344	0	0	0.8081	-0.5409
33	5	5.614	1	1	-0.2871	-1.19
33	5	5.453	0	0	-2.753	1
33	5	0.6319	1	0	1.208	1.095
33	5	0.9275	1	1	0.7789	-1.19
33	5	5.437	0	0	-0.08157	0.2536
33	5	1.759	0	0	-0.1818	0.8025
33	5	1.663	1	1	0.04817	-0.1215
33	5	0.1016	0	0	0.3679	-1.565
33	5	3.376	0	0	0.1414	-0.8507
33	5	1.352	0	1	-0.01729	-0.3956
33	5	3.373	1	0	-0.9815	0.593
33	5	1.716	0	0	-0.7268	0.6993
33	5	0.4077	1	1	0.2958	-0.5409
33	5	0.7069	1	1	-0.1	1.697
33	5	0.8568	1	1	1.686	-0.8507
33	5	0.703	0	1	-0.8462	0.2536
33	5	0.1862	1	1	1.344	-0.2559
33	5	3.655	0	0	1.213	-0.8507
33	5	0.5209	0	0	0.2071	-1.19
33	5	1.988	1	1	1.79	0.1329
33	5	0.4513	1	1	0.6629	0.1329
33	5	0.2651	0	1	-1.406	-1.016
33	5	1.036	0	0	1.191	1
33	5	1.682	0	0	1.291	0.9028
33	5	3.416	0	0	0.8353	-0.2559
33	5	1.447	0	0	0.2012	0.4834
33	5	1.263	1	1	-0.9883	-1.016
34	5	2.123	0	0	2.088	-1.636
34	5	3.499	0	0	0.8891	-0.1953
34	5	0.8831	0	1	-0.2226	-0.08618
34	5	1.642	0	0	-0.2997	0.4013
34	5	0.4267	0	0	1.953	2.209
34	5	1.194	1	0	0.8651	0.5738
34	5	1.882	1	1	-0.2735	-0.5523
34	5	1.765	0	0	-0.1902	-0.08618
34	5	5.499	1	1	1.008	0.1196
34	5	0.8305	1	1	-0.7959	0.01868
34	5	0.324	0	0	0.02212	-0.6828
34	5	5.189	1	1	1.477	-1.279
34	5	5.316	1	1	1.668	-0.3091
34	5	0.9682	1	0	-0.2241	-0.9644
34	5	0.4327	0	1	-0.5983	-2.048
34	5	3.499	1	1	-1.424	0.7359
34	5	4.051	1	1	-0.3191	-0.8199
34	5	1.08	1	1	-0.3328	0.7359
34	5	0.824	1	1	-0.6653	-0.4279
34	5	3.885	1	1	0.4228	0.5738
34	5	5.01	0	0	-0.1571	0.1196
34	5	2.248	1	0	-0.3311	0.2168
34	5	0.6406	0	0	-0.2874	3.483
34	5	5.625	0	0	1.37	-1.636
34	5	3.301	0	0	0.1733	-1.279
34	5	3.651	1	1	0.8833	0.4013
34	5	0.4732	1	1	0.3451	0.962
34	5	1.004	0	1	-0.699	0.1196
34	5	5.082	1	1	-1.032	-0.9644
34	5	3.745	0	0	-0.9164	0.01868
34	5	5.229	0	0	-0.8482	1.103
34	5	0.9816	1	1	-1.612	-0.08618
34	5	3.323	0	0	0.6108	-1.117
34	5	0.1045	0	1	-0.8368	0.1196
34	5	0.4234	1	1	-1.37	-0.9644
34	5	0.6208	1	1	-1.044	1.301
34	5	1.552	0	0	-0.001697	1.103
34	5	3.804	0	1	1.221	-0.1953
34	5	1.886	1	0	-0.901	-0.08618
34	5	0.5452	0	0	-0.4034	-0.5523
34	5	5.4	0	0	-1.14	0.3106
34	5	0.231	0	1	0.1993	0.962
34	5	0.6805	1	1	-0.08848	1.236
34	5	2.007	1	1	1.131	-1.452
34	5	1.749	0	1	0.7395	1.301
34	5	5.451	1	1	0.6354	0.1196
34	5	5.361	0	0	-1.828	-0.4279
34	5	4.011	0	1	-0.4218	-0.4279
34	5	0.1325	1	0	-1.466	0.1196
34	5	1.792	1	1	0.9877	-0.08618
35	5	0.5945	0	0	0.3635	0.7031
35	5	5.72	1	1	-0.7925	0.4949
35	5	1.209	0	0	-0.1633	-0.4873
35	5	3.588	1	1	0.008101	-0.215
35	5	0.8468	0	1	0.05479	-1.277
35	5	5.075	0	0	-0.5497	-0.9396
35	5	0.2644	0	1	-0.5341	-0.9396
35	5	0.556	1	0	-0.3001	-0.215
35	5	5.867	0	0	-0.1764	0.3861
35	5	1.617	1	1	-0.01626	0.7031
35	5	3.58	1	1	0.2219	0.8028
35	5	1.542	0	1	0.3881	-0.215
35	5	0.2952	0	0	-0.8132	1.965
35	5	3.504	0	0	-1.154	0.8997
35	5	3.499	0	1	0.7141	-0.4873
35	5	1.398	1	0	-0.5116	1.348
35	5	1.72	1	1	-0.1741	-0.08635
35	5	0.7916	0	0	-0.02013	2.302
35	5	0.7209	0	1	0.4294	3
35	5	3.553	0	0	0.008392	-0.4873
35	5	5.428	1	1	-0.1727	0.3861
35	5	0.9611	0	0	0.2239	0.0378
35	5	0.6405	0	1	-0.3263	-1.277
35	5	0.6569	1	1	-0.6423	1.746
35	5	0.7343	1	1	0.6186	0.8997
35	5	3.575	1	1	-0.8917	1.513
35	5	3.695	0	0	0.7146	0.6006
35	5	1.031	1	1	-0.5164	0.0378
35	5	5.484	1	1	0.8247	-0.6317
35	5	0.5303	1	1	-0.8411	0.0378
35	5	1.683	1	0	-1.702	0.6006
35	5	5.575	1	1	-0.02932	-0.9396
35	5	0.6959	0	1	-0.4249	-1.852
35	5	3.844	0	0	-1.671	-0.4873
35	5	1.911	1	1	1.282	-1.277
35	5	3.739	1	1	0.2398	-2.295
35	5	5.299	0	0	-1.764	-0.7823
35	5	1.903	0	1	1.961	-0.4873
35	5	0.5704	0	0	1.035	-0.4873
35	5	0.2504	1	1	-1.165	0.0378
35	5	1.468	0	1	0.1859	-0.4873
35	5	1.817	0	0	-2.592	-0.215
35	5	1.73	1	0	1.59	-0.3485
35	5	1.05	1	1	-0.2146	-0.3485
35	5	5.335	1	1	0.5195	-0.08635
35	5	3.509	0	0	0.00812	0.3861
35	5	5.568	1	1	0.4899	-0.4873
35	5	5.55	1	1	1.496	-0.215
35	5	0.4756	0	1	-0.2233	-0.4873
35	5	1.72	1	1	0.3025	-0.3485
36	5	0.5437	0	0	0.4942	-1.422
36	5	0.7123	1	1	0.3685	-0.3697
36	5	1.836	0	0	0.3956	-0.5262
36	5	3.828	0	0	-0.1497	1.619
36	5	1.781	1	1	-1.028	1.619
36	5	1.004	1	0	-0.147	-0.5262
36	5	5.272	1	1	2.364	0.5766
36	5	0.5524	0	0	-1.423	-1.422
36	5	0.5481	1	0	0.6895	-1.422
36	5	5.464	1	1	-0.4473	-0.2193
36	5	3.727	0	0	-0.4274	-1.225
36	5	0.5684	0	0	0.4765	0.809
36	5	0.7049	1	1	1.1	0.5766
36	5	0.1679	1	1	0.3588	-0.8597
36	5	5.743	1	1	-1.568	0.4549
36	5	5.379	1	1	-1.232	0.809
36	5	1.16	0	0	-1.27	-0.07467
36	5	0.7513	1	1	-1.099	-0.3697
36	5	3.595	0	0	1.386	0.6945
36	5	0.8534	1	1	1.861	-0.07467
36	5	3.611	1	1	1.09	-1.225
36	5	1.96	0	1	-2.593	-0.07467
36	5	0.5769	1	0	0.6013	-0.8597
36	5	0.5875	0	1	-0.2193	-0.07467
36	5	0.5239	0	1	1.319	-0.5262
36	5	1.979	1	1	-0.1681	-0.8597
36	5	1.101	0	0	-2.71	3.05
36	5	1.717	0	0	0.8194	0.1992
36	5	0.9612	0	0	0.838	1.527
36	5	4	1	1	1.141	-1.225
36	5	3.593	1	1	-1.133	-0.3697
36	5	1.568	1	1	0.09897	0.5766
36	5	3.783	1	1	0.3012	-0.6893
36	5	3.883	1	1	-1.969	1.527
36	5	0.8727	1	1	-0.3445	0.1992
36	5	1.696	0	1	-1.014	1.028
36	5	5.167	0	0	-1.863	-2.328
36	5	3.818	0	0	0.5781	-0.6893
36	5	3.684	1	1	-2.678	0.6945
36	5	5.468	0	0	0.8245	-0.07467
36	5	5.026	0	0	-1.033	0.3292
36	5	0.3836	0	1	0.9238	1.335
36	5	5.466	1	1	-0.6007	-0.2193
36	5	2.254	1	1	-0.5312	-0.3697
36	5	0.3945	0	0	-1.8	-1.225
36	5	2.12	0	1	-2.619	1.133
36	5	2.104	1	0	-0.1242	-0.3697
36	5	1.165	0	1	-0.2821	-0.07467
36	5	5.755	0	0	-1.744	0.1992
36	5	5.288	1	1	0.3139	0.809
37	5	5.228	0	0	1.622	-0.5311
37	5	0.8053	0	1	-2.569	0.8388
37	5	3.37	0	1	0.002804	3.224
37	5	3.749	1	1	1.295	-0.5311
37	5	0.5788	1	1	-0.4336	0.5155
37	5	3.372	1	1	-0.02401	-0.5311
37	5	0.3911	0	0	-1.4	0.3718
37	5	0.1483	1	1	-0.5999	0.2182
37	5	1.542	1	1	-0.2134	-1.172
37	5	5.059	1	1	0.8114	-0.3188
37	5	5.396	0	0	-0.1135	-0.6453
37	5	0.6882	0	1	-0.7144	1.012
37	5	5.436	0	0	-1.534	-0.5311
37	5	0.08621	0	1	-0.893	2.665
37	5	0.5181	1	0	-0.06677	-0.2199
37	5	5.498	1	1	0.8066	0.3718
37	5	0.9097	0	1	-0.6682	-0.7657
37	5	0.5331	1	0	-2.087	2.227
37	5	3.419	1	1	-1.622	-1.172
37	5	5.325	1	1	0.6035	-0.6453
37	5	1.873	1	1	-0.04265	-0.03419
37	5	3.504	0	0	-1.852	0.2963
37	5	1.405	1	0	-1.75	0.7778
37	5	3.976	0	0	0.6615	-0.1251
37	5	1.835	0	0	1.493	0.7151
37	5	1.925	1	1	-0.1547	-2.075
37	5	0.9952	0	1	0.5112	-1.669
37	5	1.152	1	0	-0.3183	-0.5311
37	5	2.066	1	1	-0.4919	-0.5311
37	5	1.688	0	0	0.9576	0.2963
37	5	3.668	0	0	1.167	1.275
37	5	5.378	0	0	-0.9937	-0.6453
37	5	0.2584	1	1	0.2069	-1.49
37	5	1.863	1	1	-0.158	-0.1251
37	5	1.572	1	1	0.5325	-0.4224
37	5	5.197	0	0	-1.166	-1.325
37	5	1.983	1	1	1.161	-1.172
37	5	3.906	0	0	-0.1688	-0.3188
37	5	0.5754	0	1	0.6025	0.1372
37	5	0.8242	0	0	0.2094	0.1372
37	5	0.6831	0	1	-0.2744	0.5155
37	5	0.4468	0	1	-1.868	-0.6453
37	5	3.479	1	1	0.4822	0.8388
37	5	0.9969	0	0	-0.3219	0.5155
37	5	3.784	1	1	-0.5505	0.2963
37	5	5.151	1	1	-1.231	0.5155
37	5	5.242	1	1	-0.4539	0.1372
37	5	0.971	0	1	0.3312	0.1372
37	5	0.6761	1	0	-0.7327	0.1372
38	5	3.458	1	1	2.455	-1.044
38	5	0.7986	0	1	-0.5327	0.1373
38	5	3.241	0	0	0.1762	-0.5921
38	5	0.292	1	1	-0.6728	0.6262
38	5	5.321	1	1	-0.2901	0.2422
38	5	3.431	0	1	0.176	-0.5921
38	5	1.702	0	0	-0.07174	-0.3271
38	5	3.79	1	1	0.5502	0.4408
38	5	0.625	1	1	-1.121	0.5351
38	5	0.8155	1	0	0.5067	0.5351
38	5	0.5304	0	1	-1.098	-0.3271
38	5	0.5807	0	0	0.4078	-1.392
38	5	4.039	1	1	-0.3466	0.883
38	5	1.022	0	0	-0.476	0.9636
38	5	5.429	0	0	-0.3135	-0.4565
38	5	0.3954	0	1	-0.6286	-2.519
38	5	1.034	1	0	-0.3833	1.335
38	5	3.516	0	0	-1.145	3.797
38	5	3.441	0	0	0.1516	0.7145
38	5	1.823	0	1	0.2997	-1.79
38	5	5.507	0	0	-1.259	-1.044
38	5	0.2686	1	1	1.383	-1.044
38	5	1.71	0	1	-0.9544	0.6262
38	5	1.546	0	0	-0.546	-0.08526
38	5	1.785	1	1	0.07695	0.3433
38	5	2.046	1	1	1.053	0.02822
38	5	5.21	1	1	-0.5637	-0.08526
38	5	1.189	1	1	0.02333	-0.2036
38	5	0.9573	0	1	-0.08328	-0.885
38	5	1.772	1	1	-1.777	0.7145
38	5	5.608	1	1	-0.8647	-0.885
38	5	2.004	1	1	-0.004319	0.3433
38	5	3.519	1	1	-0.5637	-0.3271
38	5	0.4848	0	0	-0.5169	0.02822
38	5	0.9592	0	0	-0.5094	2.22
38	5	0.687	0	1	-1.646	0.7145
38	5	5.646	1	1	0.4469	0.3433
38	5	5.55	0	0	-2.374	0.2422
38	5	5.506	0	0	1.139	-0.7347
38	5	3.654	1	1	-1.093	0.2422
38	5	0.7092	0	1	-0.8023	0.02822
38	5	0.2973	1	1	-0.8765	0.6262
38	5	0.04196	0	0	-0.01401	-1.392
38	5	5.449	1	1	0.04282	0.883
38	5	1.722	0	0	0.7132	-0.2036
38	5	1.966	0	1	0.3548	0.3433
38	5	5.325	1	1	-0.2506	-1.392
38	5	0.09757	1	1	0.6008	-0.2036
38	5	3.661	1	1	-1.696	-0.3271
38	5	0.3927	1	1	0.7384	-0.08526
39	5	0.8422	0	0	1.63	0.5749
39	5	0.4887	0	1	1.354	0.2849
39	5	2.001	1	1	-0.8485	2.056
39	5	1.097	1	1	-0.6415	-0.1968
39	5	0.6645	0	0	-0.04251	0.5749
39	5	0.8725	0	1	-0.7198	-0.1968
39	5	1.001	1	1	-0.8703	1.215
39	5	1.702	0	1	-0.06608	-1.9
39	5	1.677	0	1	-0.1208	0.2849
39	5	0.6862	1	0	-0.5569	0.7119
39	5	5.623	1	1	-0.2301	0.4326
39	5	5.453	1	1	-0.3117	0.131
39	5	0.4519	1	1	-1.675	0.131
39	5	0.9888	1	0	0.7906	-1.64
39	5	3.549	1	1	-1.259	0.4326
39	5	3.482	1	1	-1.39	0.2849
39	5	0.3821	0	0	-1.026	-1.168
39	5	1.687	0	1	0.5112	0.5749
39	5	0.7639	0	0	0.1667	1.215
39	5	5.602	0	0	-1.541	-0.7492
39	5	1.934	1	1	-0.4598	-2.481
39	5	1.683	0	0	-0.1985	-0.02932
39	5	5.306	1	1	-0.8538	-0.1968
39	5	3.824	0	0	-0.4598	0.5749
39	5	0.711	1	1	0.8309	-0.5559
39	5	5.057	0	0	0.8263	-0.9529
39	5	1.799	0	1	-1.115	-0.9529
39	5	3.71	0	0	-1.243	1.331
39	5	3.719	1	0	0.2334	0.5749
39	5	5.157	1	1	0.5169	0.5749
39	5	5.3	0	0	-0.5242	-1.64
39	5	0.3302	0	1	-1.862	-0.5559
39	5	1.792	1	1	0.6341	-0.3721
39	5	0.3935	1	1	-0.4726	0.131
39	5	5.365	1	1	-1.391	-0.1968
39	5	3.862	0	0	0.3948	-1.64
39	5	3.643	0	0	-0.4509	-1.64
39	5	1.836	1	1	-1.042	0.5749
39	5	0.5966	1	1	0.1914	1.215
39	5	3.647	0	0	-0.6302	0.7119
39	5	5.297	0	0	-0.05449	-0.3721
39	5	0.8447	1	0	-2.413	2.328
39	5	0.8786	0	0	0.191	-0.1968
39	5	3.746	0	1	-0.02771	-0.5559
39	5	1.862	1	1	-0.3249	1.762
39	5	1.248	0	1	-1.343	-0.1968
39	5	0.7471	0	1	0.437	-0.02932
39	5	0.7605	1	0	1.465	-0.5559
39	5	5.392	1	1	-0.5146	-0.5559
39	5	3.89	0	0	1.248	0.8441
40	6	1.017	1	1	-0.4913	-0.03003
40	6	1.297	1	1	0.6848	-1.212
40	6	1.691	0	0	-0.2887	-0.03003
40	6	5.294	1	1	-1.313	-0.5767
40	6	0.9047	0	0	-0.4803	0.5971
40	6	5.643	0	0	-0.4113	-1.702
40	6	0.4211	1	1	0.1366	-0.5767
40	6	3.624	1	1	-0.2818	1.382
40	6	1.893	1	0	-0.2624	-0.9888
40	6	0.5307	1	1	-0.5406	-1.212
40	6	5.773	1	1	-0.07122	-0.3858
40	6	0.3347	1	1	0.04604	-0.9888
40	6	5.505	0	0	-0.7286	-1.212
40	6	1.142	1	1	-0.547	-0.5767
40	6	3.679	1	0	0.0403	0.7393
40	6	5.478	0	0	-3.18	-0.7773
40	6	0.5057	1	1	0.1701	0.1364
40	6	1.239	1	0	-1.532	-0.7773
40	6	5.331	0	1	-0.707	1.262
40	6	0.9045	0	0	0.691	-0.03003
40	6	0.4914	0	0	0.6539	-0.3858
40	6	0.5873	1	0	-0.3264	-0.03003
40	6	1.606	0	0	0.31	0.4495
40	6	3.486	0	0	-1.692	3.308
40	6	2.002	0	1	-0.2848	1.137
40	6	3.328	1	1	1.587	0.5971
40	6	5.287	1	1	0.1506	1.934
40	6	0.5151	0	1	-0.9977	0.5971
40	6	5.251	1	1	0.1258	1.137
40	6	0.4733	1	1	0.03006	0.1364
40	6	0.7921	1	1	-2.135	-1.702
40	6	3.694	0	0	-0.2687	-0.5767
40	6	3.708	1	1	0.02325	-0.2039
40	6	0.7848	0	1	-0.4043	-1.212
40	6	0.7035	1	0	1.041	0.5971
40	6	0.5771	1	1	0.0254	-0.7773
40	6	3.16	1	1	-0.1181	0.5971
40	6	3.311	0	0	0.7375	-0.2039
40	6	1.583	0	0	0.2258	0.8766
40	6	3.655	0	0	0.8749	-0.9888
40	6	0.3965	0	1	0.488	-0.03003
40	6	5.611	1	1	2.896	-0.9888
40	6	1.69	0	0	-0.3514	-0.2039
40	6	1.623	0	1	-0.587	1.009
40	6	1.892	0	0	1.057	-0.03003
40	6	1.621	0	1	-0.5383	1.934
40	6	0.2387	1	0	-0.5969	0.4495
40	6	2.271	0	1	-2.496	0.4495
40	6	5.471	0	0	0.9338	-1.212
40	6	3.719	0	0	1.219	0.2961
41	6	0.3834	0	0	2.748	-1.188
41	6	3.548	0	0	-0.8844	0.7528
41	6	3.541	0	0	-1.062	-0.2382
41	6	3.869	1	1	0.4058	-0.2382
41	6	1.675	0	0	-0.6471	0.07656
41	6	3.428	0	0	0.9254	-0.7748
41	6	5.492	0	0	-0.2933	-1.925
41	6	5.441	0	0	-0.111	-0.7748
41	6	5.345	1	1	-0.2614	-1.416
41	6	2.164	1	1	-0.8285	0.2233
41	6	5.6	1	1	-1.27	0.9887
41	6	1.219	1	0	1.446	-0.07705
41	6	3.64	1	1	1.481	-0.2382
41	6	0.9072	0	1	-1.339	1.314
41	6	3.433	1	0	0.5557	0.3639
41	6	0.5255	1	0	-0.4735	1.793
41	6	0.227	1	1	-1.856	0.07656
41	6	1.978	1	1	-0.3895	0.6282
41	6	0.7589	0	0	-0.8187	-1.661
41	6	5.291	0	0	0.9736	-0.4075
41	6	0.4341	1	1	-1.049	0.07656
41	6	1.98	1	1	0.5565	0.8729
41	6	5.291	0	0	-1.968	0.07656
41	6	2.169	0	0	0.1141	-1.661
41	6	1.071	0	1	-0.6724	0.07656
41	6	3.63	1	1	-0.8379	-0.2382
41	6	1.36	0	0	0.04262	0.6282
41	6	5.357	0	0	0.01838	0.3639
41	6	0.6385	0	0	-1.354	1.415
41	6	1.307	1	1	0.1532	0.3639
41	6	0.426	0	0	-0.1272	-1.925
41	6	0.6673	1	1	-0.5512	-0.7748
41	6	5.21	0	0	-0.416	-1.188
41	6	1.451	0	1	-0.3535	1.101
41	6	3.223	1	1	-1.592	0.9887
41	6	0.9421	0	1	-0.3059	-0.7748
41	6	5.59	1	1	-0.1636	0.4987
41	6	0.2112	1	1	0.1727	-0.586
41	6	0.1966	0	1	-1.928	2.365
41	6	0.6639	1	1	-1.148	0.07656
41	6	1.935	1	1	1.022	0.8729
41	6	0.6355	1	1	-0.2635	1.101
41	6	3.478	1	1	-0.7566	0.4987
41	6	1.881	0	1	0.2409	-0.2382
41	6	5.371	1	1	-0.2183	-1.661
41	6	1.446	0	1	-0.3324	1.101
41	6	0.8195	1	1	-0.5754	0.2233
41	6	2.118	1	1	1.04	0.3639
41	6	0.4825	0	1	-0.257	-1.925
41	6	3.498	0	0	-0.1368	0.6282
42	6	5.261	0	0	0.4311	-1.013
42	6	1.42	1	1	0.5239	-0.2715
42	6	0.8353	0	1	0.5069	0.7151
42	6	0.5916	1	1	0.697	-0.6932
42	6	1.544	1	1	-0.8206	0.3177
42	6	1.073	0	1	1.008	0.09627
42	6	3.785	0	1	-0.8068	1.448
42	6	0.9511	1	1	-0.05785	3.139
42	6	5.121	0	0	-0.006	1.145
42	6	5.333	0	1	0.6163	-2.015
42	6	0.8451	0	0	0.4025	1.301
42	6	0.8647	1	0	-1.316	0.09627
42	6	1.669	1	1	0.02687	1.064
42	6	3.517	1	1	-0.4828	-0.2715
42	6	1.605	1	1	-0.6987	1.064
42	6	0.8019	1	1	-0.8485	1.589
42	6	0.1858	0	1	0.0648	-0.8488
42	6	5.258	0	0	-0.0005086	-0.6932
42	6	0.3812	0	1	-0.2442	0.09627
42	6	0.8977	1	1	-0.152	-0.6932
42	6	0.8524	1	1	0.4243	0.8064
42	6	0.6101	1	0	0.197	-1.373
42	6	2.047	1	1	-1.031	0.09627
42	6	3.438	1	1	-0.736	-1.013
42	6	5.173	0	0	1.226	-0.02117
42	6	5.36	0	0	-0.04348	-0.2715
42	6	0.1811	1	1	0.05463	-0.2715
42	6	3.542	0	1	-0.002491	-0.2715
42	6	2.039	1	1	-1.462	0.6208
42	6	0.6948	1	0	-0.5957	-0.2715
42	6	1.396	1	1	-1.156	-0.6932
42	6	3.37	0	0	2.178	-1.373
42	6	3.628	0	0	-0.1429	-1.373
42	6	0.6753	0	1	1.833	-1.373
42	6	5.594	0	0	-1.088	-0.02117
42	6	5.085	1	1	0.3633	-1.013
42	6	3.636	0	0	0.5464	0.09627
42	6	1.012	1	1	0.2478	1.787
42	6	5.458	0	0	-1.35	-1.373
42	6	3.872	0	0	-0.9434	1.224
42	6	1.146	1	1	-0.5249	-0.2715
42	6	4.029	1	1	1.906	0.09627
42	6	1.87	0	1	-0.1678	-0.2715
42	6	3.374	0	0	0.3657	-0.5457
42	6	5.178	0	0	-0.1822	0.5232
42	6	0.862	1	1	-0.3954	0.8064
42	6	0.5754	0	1	0.1205	0.8064
42	6	0.9132	1	1	-0.402	0.3177
42	6	2.255	0	1	-0.6465	0.4223
42	6	1.837	1	1	-1.043	-1.373
43	6	1.581	1	1	1.846	-0.4959
43	6	1.699	1	1	-0.7825	0.2286
43	6	1.593	1	1	0.124	1.192
43	6	0.8166	0	0	-0.1957	0.4731
43	6	1.098	0	0	-0.3396	1.005
43	6	0.7629	0	0	-0.7473	1.533
43	6	0.4003	1	1	-0.03907	1.005
43	6	1.153	0	0	0.01643	-1.475
43	6	5.412	1	1	0.6653	0.698
43	6	5.276	1	1	-0.6106	0.2286
43	6	5.545	0	0	-2.687	-0.6662
43	6	3.441	0	1	2.073	1.281
43	6	0.449	0	1	0.3047	-0.4959
43	6	0.3209	0	1	0.1212	-0.4959
43	6	5.01	0	0	-0.6242	-1.719
43	6	3.677	0	0	-1.424	-0.03924
43	6	5.17	0	0	-1.872	0.09786
43	6	3.741	1	1	0.6439	-0.3353
43	6	1.863	1	1	-2.215	0.5878
43	6	0.5765	0	1	0.6333	-1.987
43	6	0.06995	1	1	0.5643	0.4731
43	6	5.267	0	0	1.177	-0.03924
43	6	3.288	1	1	0.7564	0.2286
43	6	0.8715	1	1	1.465	-1.719
43	6	5.611	0	0	0.6643	-1.25
43	6	0.969	1	0	-1.455	-1.475
43	6	4.136	1	1	0.3411	0.09786
43	6	1.116	0	0	-0.4483	-0.8476
43	6	0.1503	0	1	0.1556	2.591
43	6	1.787	0	1	-0.09352	-1.041
43	6	0.5495	1	1	0.7101	1.281
43	6	1.269	0	0	-0.1574	0.2286
43	6	5.254	0	0	-0.01077	0.2286
43	6	0.5729	1	1	0.4401	-0.4959
43	6	1.933	1	1	-0.1313	-0.4959
43	6	0.6358	0	1	-0.2701	0.9062
43	6	0.4966	0	0	0.5576	0.804
43	6	1.798	1	1	-1.125	-0.03924
43	6	3.249	1	1	0.2657	0.4731
43	6	3.467	0	0	-0.7221	-1.25
43	6	5.599	0	0	1.197	-0.4959
43	6	1.104	1	1	-1.099	1.689
43	6	3.537	0	0	0.6273	-1.475
43	6	1.821	1	1	0.3946	-0.8476
43	6	5.063	0	0	1.302	-0.8476
43	6	3.758	1	1	0.7133	0.2286
43	6	1.815	1	1	-0.4158	-0.03924
43	6	0.7158	1	1	-0.5093	0.2286
43	6	3.298	1	1	0.1252	0.5878
43	6	1.341	1	1	-0.3911	1.689
44	6	5.63	0	0	0.6605	-1.36
44	6	2.221	1	1	0.3567	-0.5378
44	6	1.813	1	1	0.6151	-0.6823
44	6	0.5858	0	0	0.1552	-0.03079
44	6	0.6486	1	1	0.1822	-0.4012
44	6	5.267	1	1	-1.463	-0.03079
44	6	3.519	0	0	0.7111	0.5786
44	6	3.731	1	1	-0.9231	-2.023
44	6	3.679	1	1	-0.109	-0.2716
44	6	0.9522	1	1	-0.05501	0.7529
44	6	5.496	1	1	0.3555	-1.562
44	6	1.664	0	0	0.6865	0.1891
44	6	5.388	1	1	-2.01	-0.6823
44	6	5.134	1	1	-0.3238	0.916
44	6	0.5466	0	0	0.5679	0.916
44	6	0.4503	0	0	0.312	-0.4012
44	6	1.219	1	1	-0.5193	-1.562
44	6	1.254	0	1	-1.216	0.7529
44	6	1.706	0	0	-0.08591	0.3913
44	6	3.307	0	1	1.323	0.7529
44	6	0.5751	1	1	-0.4548	2.587
44	6	0.6536	1	1	0.2536	0.1891
44	6	1.988	1	1	-0.5369	0.6672
44	6	1.545	0	0	1.525	0.916
44	6	1.185	0	0	0.9861	0.2922
44	6	5.36	1	1	-0.4381	-1.562
44	6	1.521	1	1	0.8116	-0.4012
44	6	5.102	1	1	0.06871	0.1891
44	6	2.029	1	1	-0.8948	-0.8355
44	6	3.734	0	0	1.053	-0.6823
44	6	5.875	0	0	-0.8769	-1.562
44	6	3.942	0	0	0.3728	1.887
44	6	0.1655	0	1	-0.3924	-0.03079
44	6	3.323	0	0	0.9148	-0.9985
44	6	1.928	1	1	1.846	0.9937
44	6	3.949	0	0	-0.8763	-0.9985
44	6	3.399	0	0	0.7173	-0.03079
44	6	0.7376	1	1	-1.131	0.9937
44	6	1.196	0	1	-0.349	0.2922
44	6	3.606	1	1	-0.4521	0.4867
44	6	0.5346	0	0	1.935	2.375
44	6	5.544	0	0	0.02348	0.4867
44	6	1.847	1	1	0.07364	0.4867
44	6	0.342	0	1	-0.7873	-0.4012
44	6	0.6256	0	0	-0.9525	-0.2716
44	6	0.834	1	1	0.1013	0.6672
44	6	0.6642	1	1	-2.027	0.6672
44	6	5.32	0	0	-0.6223	-2.023
44	6	0.787	1	1	-1.083	-0.2716
44	6	0.7376	1	1	-0.1509	0.1891
45	6	1.41	0	0	-0.2147	-1.411
45	6	5.706	0	0	-0.08878	-1.655
45	6	1.756	0	0	-0.3326	-0.577
45	6	0.4615	1	1	0.2265	-0.2237
45	6	0.2626	0	0	0.2611	1.036
45	6	3.89	1	1	-0.06493	0.3919
45	6	0.6781	0	0	0.4329	0.5303
45	6	0.7471	1	1	-0.3276	0.6636
45	6	0.8991	0	0	0.1849	1.58
45	6	3.66	1	1	0.3163	0.6636
45	6	0.3271	1	0	-0.2248	1.263
45	6	0.5865	0	1	-0.5675	0.7919
45	6	5.616	1	1	-0.5028	-0.05942
45	6	0.5041	1	1	0.3333	-0.577
45	6	0.7405	1	1	-0.5459	0.6636
45	6	0.3133	0	1	-0.1291	0.0975
45	6	2.079	0	0	0.3575	0.3919
45	6	3.435	0	0	-0.01437	0.0975
45	6	3.728	1	1	-0.2249	0.6636
45	6	0.7704	1	1	0.2621	-1.655
45	6	5.637	1	1	-0.28	0.9158
45	6	5.04	1	1	0.6247	-1.411
45	6	1.534	0	1	0.6262	0.6636
45	6	0.3318	0	0	-0.8502	-0.3959
45	6	3.584	1	1	-1.573	-0.3959
45	6	0.9771	0	1	-0.9999	1.263
45	6	5.449	1	1	-0.5136	1.036
45	6	3.372	0	0	-0.2906	3.111
45	6	0.8175	1	1	-0.594	1.263
45	6	3.689	1	1	0.528	-0.577
45	6	0.7242	1	1	-0.7698	-0.3959
45	6	2.18	0	1	0.001745	0.3919
45	6	1.813	0	0	0.2259	-1.655
45	6	0.8645	1	1	-0.1498	-0.05942
45	6	0.2191	0	0	-0.6029	-0.3959
45	6	2.27	0	1	-0.2456	-0.2237
45	6	1.636	0	0	0.3844	-0.577
45	6	0.783	0	0	0.2947	-0.05942
45	6	1.787	1	1	1.15	-2.199
45	6	1.829	0	0	0.2477	0.0975
45	6	3.987	1	1	0.7517	-1.655
45	6	5.845	1	1	-2.849	-0.3959
45	6	5.553	1	1	0.3581	-1.917
45	6	3.664	0	0	-0.02701	0.0975
45	6	5.046	1	1	0.2403	-0.05942
45	6	0.8324	1	1	-0.6305	0.3919
45	6	0.5335	1	1	0.1509	0.5303
45	6	5.42	1	1	-1.61	-0.3959
45	6	3.405	0	0	0.3572	0.3919
45	6	5.449	0	0	-4.621	-0.05942
46	6	3.626	1	1	0.7692	1.199
46	6	3.67	1	0	0.1349	0.5774
46	6	5.164	0	0	1.038	-0.5549
46	6	5.206	0	0	-0.1354	-0.3672
46	6	1.344	1	1	0.0006046	0.7114
46	6	0.6085	0	0	0.4475	0.7114
46	6	5.101	0	0	-0.2759	-0.7539
46	6	1.921	1	1	-0.1721	0.4376
46	6	5.494	0	0	-0.8247	-0.02127
46	6	0.2821	1	1	-1.184	1.623
46	6	1.047	0	0	-0.6999	-0.5549
46	6	5.857	1	1	-0.7686	-0.02127
46	6	0.7302	1	0	-0.06117	0.2917
46	6	0.5752	0	1	0.001491	0.1389
46	6	0.4506	1	1	-1.564	0.5774
46	6	2.043	1	1	-0.03476	1.083
46	6	0.5987	0	1	-0.6861	-0.02127
46	6	1.061	0	1	0.451	2.784
46	6	3.577	0	0	-0.8324	-1.436
46	6	1.957	1	1	0.06623	-0.5549
46	6	0.7283	1	1	-0.4537	-0.9658
46	6	0.8771	1	1	-1.335	-1.192
46	6	1.556	1	1	-0.117	2.086
46	6	1.783	0	0	0.05478	-0.5549
46	6	3.694	1	1	0.4557	0.2917
46	6	0.7923	0	1	-0.1401	-0.7539
46	6	3.58	1	1	-0.1773	-1.436
46	6	3.584	1	1	0.2958	-1.192
46	6	0.3847	0	1	0.2855	-0.02127
46	6	1.824	0	0	-0.4187	-0.1897
46	6	1.144	0	0	-1.156	0.5774
46	6	3.877	1	1	0.4841	-0.7539
46	6	3.518	0	0	-0.201	-0.1897
46	6	5.236	1	1	-0.3974	0.8402
46	6	2.139	0	0	0.2834	0.4376
46	6	0.4957	1	1	-1.367	-0.02127
46	6	1.419	1	1	-0.3138	0.1389
46	6	0.939	1	1	-0.729	1.199
46	6	0.5393	0	0	0.5726	0.2917
46	6	5.508	0	0	-1.409	-1.698
46	6	0.8582	0	1	2.448	1.083
46	6	3.326	0	0	1.325	0.7114
46	6	5.697	1	1	0.291	-1.984
46	6	1.096	1	1	-1.033	-0.5549
46	6	3.806	1	1	-0.4452	-2.297
46	6	0.3484	1	1	-0.6782	0.8402
46	6	1.983	0	1	-1.693	0.8402
46	6	5.387	0	0	0.01058	-0.9658
46	6	5.587	0	0	0.7399	-0.5549
46	6	0.4174	0	1	-0.8895	0.1389
47	6	1.042	1	0	0.3231	-0.1272
47	6	3.549	1	1	-0.3299	-0.4153
47	6	5.493	1	1	0.4189	0.2593
47	6	5.2	1	1	-1.698	-0.5704
47	6	0.9937	0	1	-1.67	-0.1272
47	6	3.602	0	0	0.2917	0.492
47	6	3.395	0	1	1.048	1.604
47	6	0.5434	1	0	-1.002	-2.511
47	6	1.815	0	1	-0.6436	0.492
47	6	1.568	1	1	-1.994	-0.1272
47	6	0.661	0	1	-0.5936	0.8105
47	6	0.5082	1	0	-0.07812	-0.4153
47	6	0.3492	0	1	-1.028	2.474
47	6	1.109	0	1	-0.06906	1.099
47	6	1.659	0	1	1.351	1.006
47	6	1.748	1	1	-0.261	0.2593
47	6	1.565	1	1	1.958	0.492
47	6	0.9811	0	0	-1.686	1.604
47	6	1.544	0	1	1.902	-0.5704
47	6	0.8694	1	1	0.3304	-0.9067
47	6	5.478	0	0	-0.864	0.007227
47	6	3.096	1	1	-1.142	0.6019
47	6	5.492	0	0	1.549	-1.285
47	6	0.7574	1	1	-1.229	-0.2678
47	6	3.642	1	1	-0.1553	0.6019
47	6	5.127	1	1	0.5357	-1.96
47	6	2.074	1	1	-0.5	-0.1272
47	6	0.05225	0	0	-1.993	1.828
47	6	5.532	0	0	0.3783	0.3779
47	6	0.6896	1	0	-2.159	-0.4153
47	6	0.2994	1	1	0.9567	-1.285
47	6	3.557	0	0	-0.8146	0.2593
47	6	3.734	0	1	-0.165	0.2593
47	6	1.07	0	1	0.7448	1.362
47	6	1.528	0	0	-0.3321	0.492
47	6	3.705	1	1	0.6137	-0.1272
47	6	0.2547	1	0	-0.5091	0.6019
47	6	5.289	0	0	-2.143	-0.5704
47	6	3.754	0	0	1.107	-2.223
47	6	1.57	0	0	-1.507	-1.494
47	6	1.708	0	0	0.08092	-0.5704
47	6	5.446	1	1	-2.125	1.445
47	6	0.7988	0	0	-0.8618	-0.7339
47	6	1.025	1	1	-0.9222	-0.9067
47	6	0.8623	1	1	-0.4788	0.492
47	6	5.576	0	0	1.463	-0.4153
47	6	0.2081	0	1	-0.6822	-0.9067
47	6	3.892	1	1	-0.07814	0.2593
47	6	0.578	1	0	-0.3949	0.007227
47	6	5.512	1	1	1.101	-0.1272
48	6	0.8738	0	0	-0.525	-0.1878
48	6	1.818	1	1	0.5588	0.2136
48	6	1.677	0	0	-0.9562	0.08596
48	6	5.281	0	0	0.05615	0.4532
48	6	1.66	1	1	-1.286	-1.905
48	6	5.491	1	1	-0.74	0.4532
48	6	3.677	1	1	0.5729	-0.6546
48	6	3.711	0	0	0.005422	-0.6546
48	6	3.843	1	1	0.5142	0.08596
48	6	0.6678	0	1	-0.02761	0.3359
48	6	3.585	1	1	-1.015	-2.179
48	6	0.9683	1	1	-1.233	-0.4905
48	6	1.977	0	0	0.8459	1.943
48	6	5.551	1	1	1.328	1.162
48	6	0.7695	1	1	-1.204	-0.1878
48	6	5.627	1	1	0.7464	-0.04767
48	6	1.891	1	1	-1.336	-0.04767
48	6	1.432	1	0	-0.4591	3.015
48	6	0.8072	1	1	0.2691	-0.4905
48	6	3.372	1	1	-1.004	-0.4905
48	6	3.546	0	0	-0.2429	-0.4905
48	6	5.232	0	0	1.258	-2.179
48	6	1.154	1	1	-0.103	0.08596
48	6	0.8466	0	1	-0.5006	1.336
48	6	3.398	1	1	-0.9365	1.162
48	6	0.8606	0	1	2.372	-0.04767
48	6	3.288	0	0	-0.2013	-1.905
48	6	0.2134	0	1	-0.8105	-1.014
48	6	1.893	1	1	-0.9141	-0.04767
48	6	0.3391	0	0	-1.273	0.8795
48	6	1.035	0	1	0.4809	-0.4905
48	6	1.948	0	0	-0.9195	1.162
48	6	0.3471	1	1	-1.66	1.943
48	6	5.271	1	1	0.006799	-0.6546
48	6	0.527	1	0	-0.6422	-0.4905
48	6	5.272	0	0	0.2317	0.08596
48	6	5.187	0	0	0.5268	0.6742
48	6	0.8895	0	1	-0.8152	-0.6546
48	6	0.38	0	0	-1.622	-0.1878
48	6	0.4178	0	1	-0.5605	0.7787
48	6	1.204	1	1	-1.132	0.2136
48	6	5.318	1	1	-0.09383	-0.6546
48	6	0.5371	0	1	-2.231	1.071
48	6	0.5109	1	0	-0.02143	0.4532
48	6	3.876	0	0	1.686	0.2136
48	6	3.881	0	0	0.6818	-0.6546
48	6	5.25	0	0	-0.2366	-1.014
48	6	1.824	1	1	2.092	0.4532
48	6	0.2975	1	1	-1.87	-0.6546
48	6	0.7241	0	0	1.318	0.2136
49	6	1.65	0	1	-0.07779	-0.2801
49	6	3.978	1	1	0.06246	-1.038
49	6	5.63	1	1	-0.6347	-0.708
49	6	3.264	0	0	-1.295	-0.1516
49	6	5.402	0	0	0.3896	-0.02913
49	6	0.1607	0	1	0.74	0.08792
49	6	3.54	1	1	1.322	-0.02913
49	6	0.668	1	1	-0.1046	-0.4152
49	6	5.449	1	1	0.5297	-1.219
49	6	3.542	0	0	-0.3825	0.9575
49	6	0.4081	1	1	-0.07421	-2.105
49	6	1.748	1	1	-0.8256	-0.4152
49	6	0.9	1	1	0.2103	0.5101
49	6	0.6839	0	1	0.5494	-1.625
49	6	5.41	1	1	-0.8981	2.613
49	6	1.091	1	1	-0.6507	3.235
49	6	0.5466	0	1	-0.8875	-0.708
49	6	1.196	1	1	0.8316	0.6983
49	6	3.544	0	1	0.3548	-0.4152
49	6	1.728	0	0	0.417	0.3075
49	6	1.825	0	0	1.136	-0.02913
49	6	3.816	0	0	-0.1981	-0.2801
49	6	1.568	0	0	0.3097	0.8739
49	6	5.183	0	0	-0.6934	-0.02913
49	6	0.3952	0	1	-0.545	0.3075
49	6	0.9059	1	0	-1.121	-0.4152
49	6	0.8893	1	1	0.1283	-0.02913
49	6	3.4	1	1	0.6648	0.08792
49	6	5.492	1	1	0.2864	-0.4152
49	6	3.719	0	0	-0.4587	-1.414
49	6	0.09108	1	0	1.35	1.193
49	6	0.9496	1	1	-0.8224	-0.4152
49	6	3.485	0	0	0.7594	-0.8677
49	6	1.878	0	1	0.1154	1.34
49	6	2.001	0	0	-0.2609	1.117
49	6	0.7466	0	1	-0.4324	-1.625
49	6	1.718	1	1	-0.6017	0.9575
49	6	5.289	0	0	-0.1574	-1.414
49	6	5.593	1	1	-0.7188	0.08792
49	6	0.7326	1	1	0.4952	-0.4152
49	6	5.236	0	0	0.136	0.5101
49	6	1.768	1	1	-1.003	-0.2801
49	6	5.413	0	0	-0.836	-0.02913
49	6	0.3452	0	1	-1.241	-0.2801
49	6	0.3049	1	1	1.893	0.5101
49	6	3.871	1	1	0.1778	-0.4152
49	6	1.905	1	1	-1.941	-0.02913
49	6	1.338	0	1	0.03863	2.079
49	6	0.6356	1	0	0.2197	0.2
49	6	0.3106	0	1	-0.321	-0.1516
