0	2	0.8936	0	1	-0.4342
0	2	5.776	0	0	0.1091
0	2	2.426	0	1	1.005
0	2	5.323	1	1	-1.142
0	2	0.1159	0	1	-2.089
0	2	5.553	0	0	-0.6585
0	2	0.2	1	1	-0.6598
0	2	0.4859	1	1	-1.262
0	2	0.8414	0	0	-0.7937
0	2	0.3104	0	1	-0.8045
0	2	0.9512	0	1	-0.8542
0	2	0.4917	1	1	-0.04135
0	2	1.961	0	1	-0.9079
0	2	0.9412	0	1	-0.9544
0	2	0.1283	0	0	0.4064
0	2	2.043	0	1	-1.306
0	2	1.463	1	1	-0.9108
0	2	0.7688	1	1	0.9243
0	2	0.8597	1	1	0.6212
0	2	0.9369	1	1	-1.351
0	2	0.3663	1	0	-0.3463
0	2	0.6733	0	0	-1.055
0	2	1.822	1	1	-1.212
0	2	1.818	0	0	0.7969
0	2	0.203	0	1	0.212
0	2	5.414	1	1	-1.68
0	2	0.3105	1	1	-0.05242
0	2	0.4159	0	1	-0.8385
0	2	1.93	1	1	-0.1243
0	2	5.319	1	1	-1.278
0	2	0.3026	1	1	0.1374
0	2	5.326	1	1	-1.348
0	2	0.7727	0	0	-0.03901
0	2	0.1525	0	0	0.8059
0	2	0.288	1	1	-1.136
0	2	1.815	0	0	-0.8637
0	2	1.657	0	1	-0.1808
0	2	0.6414	0	1	0.2435
0	2	5.33	0	0	-0.1021
0	2	0.09098	1	0	0.2659
0	2	1.904	1	1	-1.04
0	2	0.2994	0	1	-0.4756
0	2	0.8859	1	1	1.613
0	2	0.1959	1	0	1.585
0	2	0.09067	0	1	1.556
0	2	5.461	1	1	-0.2113
0	2	0.2269	1	1	-0.7479
0	2	0.04766	1	0	0.2358
0	2	5.299	0	0	-0.491
0	2	5.324	0	0	-0.1361
1	2	0.4877	0	0	-0.6218
1	2	1.811	0	1	-1.491
1	2	1.28	0	0	-0.6566
1	2	1.06	1	1	-0.2816
1	2	5.402	1	1	-1.617
1	2	0.5365	1	0	-0.1087
1	2	5.485	1	1	-0.3855
1	2	0.1962	1	1	-1.978
1	2	5.34	1	1	-0.8284
1	2	1.823	1	1	0.6745
1	2	1.058	0	0	-1.549
1	2	1.95	1	1	0.6511
1	2	0.777	0	0	0.2249
1	2	0.7606	1	0	1.654
1	2	0.2385	0	1	-0.05604
1	2	1.501	1	1	-1.08
1	2	0.4578	0	1	-0.7302
1	2	5.299	0	0	-0.8451
1	2	1.854	1	1	1.142
1	2	0.3298	1	0	-1.28
1	2	0.9103	0	0	0.03329
1	2	0.9263	0	1	0.5169
1	2	5.456	0	0	-0.8817
1	2	0.2953	1	1	-1.32
1	2	0.2682	1	1	-0.7978
1	2	1.887	0	1	-1.501
1	2	0.6408	1	1	0.2616
1	2	1.381	1	0	-0.7379
1	2	1.681	1	1	-1.262
1	2	0.1741	0	1	-0.3761
1	2	0.4805	0	0	-0.8023
1	2	5.507	1	1	-1.346
1	2	0.1044	0	1	0.09997
1	2	0.7342	1	1	-0.2022
1	2	0.5982	1	1	-0.3074
1	2	0.7447	0	0	-1.099
1	2	1.573	0	0	-0.7553
1	2	0.3512	0	1	-1.019
1	2	1.92	1	1	-0.3789
1	2	0.2205	0	0	-0.6549
1	2	0.1683	0	1	-1.525
1	2	0.6375	0	0	1.714
1	2	5.408	0	0	-0.3736
1	2	5.594	0	0	-0.5075
1	2	5.024	1	1	1.09
1	2	0.3495	0	1	-0.778
1	2	0.5404	0	1	-0.1775
1	2	5.6	0	0	0.1014
1	2	0.9009	1	0	-1.621
1	2	0.1126	1	1	-0.593
2	2	0.8644	0	0	-1.2
2	2	0.4626	0	0	-0.4544
2	2	1.947	0	0	-0.05539
2	2	0.9554	1	1	-0.8828
2	2	0.3508	0	1	0.003051
2	2	0.4047	1	1	-0.6953
2	2	5.297	0	0	-0.3187
2	2	1.81	1	1	0.09735
2	2	0.9304	1	1	-1.172
2	2	0.739	0	0	-0.5173
2	2	0.3036	0	0	-0.5822
2	2	1.068	1	1	0.1168
2	2	5.402	1	1	-1.593
2	2	0.04559	1	1	0.1267
2	2	0.4056	0	1	-0.7966
2	2	1.882	1	0	-0.1059
2	2	5.336	1	1	-1.444
2	2	1.121	0	1	2.912
2	2	0.3304	1	1	2.26
2	2	0.4418	0	0	-1.182
2	2	1.778	0	0	-1.279
2	2	0.2733	1	0	1.021
2	2	0.1813	0	1	-0.06435
2	2	0.4296	0	1	-0.6895
2	2	0.2862	1	1	-0.5905
2	2	0.9506	0	1	-0.4577
2	2	0.8199	1	0	0.6309
2	2	5.424	1	1	-1.566
2	2	1.643	1	0	-0.7234
2	2	5.297	0	0	0.0248
2	2	0.2961	1	1	-1.586
2	2	5.178	1	1	-0.7976
2	2	2.012	1	1	1.164
2	2	0.8818	0	1	-0.4508
2	2	0.9149	0	1	0.1223
2	2	1.574	0	0	-0.989
2	2	0.4165	0	1	-0.8002
2	2	5.365	0	0	-1.05
2	2	0.2257	0	1	-0.3572
2	2	0.3244	0	0	-0.4252
2	2	1.541	1	1	-0.5723
2	2	5.705	1	1	-1.341
2	2	0.6083	0	1	-0.58
2	2	1.554	1	1	-1.229
2	2	0.2805	0	1	0.848
2	2	1.956	1	1	-0.8993
2	2	0.4264	1	1	0.2577
2	2	5.428	1	1	-0.617
2	2	5.631	1	1	-1.378
2	2	0.4993	1	1	-0.2482
3	2	1.789	0	0	-0.8389
3	2	0.04679	0	1	-0.916
3	2	1.033	0	0	0.419
3	2	5.284	1	1	-0.4851
3	2	0.02901	1	1	0.7959
3	2	5.402	1	1	-0.769
3	2	5.675	1	1	-1.023
3	2	5.007	1	1	-0.575
3	2	2.066	1	1	-0.4104
3	2	0.8927	0	0	-0.9137
3	2	0.4006	0	1	-0.6314
3	2	1.793	0	0	0.6707
3	2	5.345	1	1	-1.122
3	2	0.4324	0	1	-0.5348
3	2	5.177	0	0	0.00236
3	2	0.4644	1	1	-1.412
3	2	1.255	0	1	-0.3575
3	2	0.4432	0	0	-0.4504
3	2	1.716	1	1	-1.205
3	2	1.887	0	1	-0.4888
3	2	1.647	1	0	-0.1862
3	2	0.6584	0	0	1.646
3	2	0.1053	0	0	0.428
3	2	0.2868	1	0	-0.2639
3	2	0.04764	1	1	-0.5324
3	2	5.361	0	0	-0.6462
3	2	1.055	0	1	0.3993
3	2	1.16	0	1	-0.9184
3	2	5.569	0	0	-0.7942
3	2	0.5234	0	0	1.801
3	2	0.2324	1	0	0.1266
3	2	0.203	1	1	-0.4096
3	2	1.89	1	1	-0.9625
3	2	0.1452	1	1	-0.1149
3	2	0.8301	0	0	-0.8414
3	2	0.3485	1	1	0.894
3	2	1.734	1	1	0.7101
3	2	5.057	1	1	0.8399
3	2	1.894	1	1	-1.037
3	2	0.6877	0	1	-1.256
3	2	0.1553	1	0	0.9445
3	2	0.7592	1	1	0.8513
3	2	5.795	1	1	-0.7086
3	2	0.0549	1	0	0.03047
3	2	0.6588	0	0	0.4997
3	2	1.858	1	0	0.6387
3	2	0.008557	1	0	1.167
3	2	0.64	0	1	0.2521
3	2	0.8789	1	0	1.973
3	2	0.344	0	1	3.084
4	2	5.556	1	1	-1.772
4	2	1.856	0	0	-0.1715
4	2	0.8761	0	0	-0.2742
4	2	0.6098	0	0	2.774
4	2	2.005	1	0	1.717
4	2	1.743	0	0	-0.008571
4	2	0.07169	0	1	-0.786
4	2	0.4714	0	1	1.03
4	2	1.593	0	0	0.03375
4	2	0.3232	1	0	-0.02442
4	2	0.5865	1	0	0.7558
4	2	0.2469	1	0	1.087
4	2	2.164	0	1	3.613
4	2	0.9565	1	1	0.7659
4	2	5.331	0	0	-0.7602
4	2	1.282	1	0	-0.0932
4	2	5.556	1	1	-1.24
4	2	0.221	1	0	-0.3145
4	2	0.5354	0	1	0.6396
4	2	0.7765	0	0	-0.5516
4	2	1.538	0	0	-0.6284
4	2	1.805	0	0	-0.7603
4	2	1.836	1	0	-0.7617
4	2	0.31	1	0	0.8447
4	2	1.711	1	1	-0.1705
4	2	0.9014	1	1	0.7191
4	2	0.8353	0	0	1.604
4	2	0.76	1	0	0.1013
4	2	0.7172	1	0	-0.1145
4	2	1.878	1	1	0.1141
4	2	5.53	0	0	-0.3074
4	2	0.5781	0	0	-0.4323
4	2	5.413	1	1	-0.5302
4	2	0.8157	0	0	0.2726
4	2	0.4541	1	1	-0.8465
4	2	5.347	0	0	-1.705
4	2	0.3244	0	0	1.176
4	2	5.567	1	1	-0.5093
4	2	4.786	0	0	-0.9804
4	2	0.1357	0	1	0.6869
4	2	0.538	1	0	-1.201
4	2	0.6786	0	1	-0.3663
4	2	0.442	0	1	0.8527
4	2	0.6785	0	0	0.0608
4	2	1.115	1	1	1.681
4	2	5.07	1	1	-0.4302
4	2	0.5901	1	0	0.6645
4	2	0.3238	1	1	-1.16
4	2	5.661	0	0	-0.2827
4	2	0.1991	1	0	-1.112
5	2	5.536	0	0	0.04393
5	2	1.325	1	1	-1.497
5	2	0.7089	0	1	-1.469
5	2	0.9696	1	1	3.276
5	2	0.5557	0	0	-1.195
5	2	0.4681	0	0	-0.03057
5	2	2.14	0	0	0.5615
5	2	0.1023	1	1	0.6519
5	2	0.7884	1	1	0.1651
5	2	0.02644	1	1	-0.2114
5	2	0.4745	1	0	0.9306
5	2	5.454	1	1	-0.6129
5	2	0.6786	1	1	-0.2184
5	2	0.9328	0	0	-0.6167
5	2	0.4977	0	0	-0.3821
5	2	1.781	0	0	-0.2904
5	2	5.381	1	1	-0.4971
5	2	0.731	0	0	-0.3602
5	2	0.4576	1	0	0.3877
5	2	5.111	0	0	-1.213
5	2	5.378	0	0	-0.4775
5	2	0.06624	1	0	-0.2743
5	2	0.2078	0	0	2.264
5	2	0.5132	0	0	-0.6316
5	2	1.807	1	0	-0.2633
5	2	0.05291	0	0	-0.6009
5	2	0.8116	0	0	-0.1013
5	2	1.687	1	1	-0.4257
5	2	1.713	0	0	0.6267
5	2	5.174	0	0	-1.206
5	2	2.07	1	1	-1.275
5	2	1.904	0	0	-0.5809
5	2	1.226	1	1	-0.01782
5	2	1.513	0	0	0.6733
5	2	0.2618	1	1	-1.09
5	2	0.3369	1	0	-0.4295
5	2	0.3416	0	1	0.4986
5	2	1.866	1	1	0.564
5	2	5.289	1	1	1.394
5	2	5.529	0	0	-0.634
5	2	0.7847	0	1	1.656
5	2	5.399	1	1	-0.9317
5	2	0.8735	1	1	1.326
5	2	1.087	1	0	2.215
5	2	0.007072	1	0	0.0001116
5	2	0.2623	1	0	-1.202
5	2	0.1649	1	1	-1.275
5	2	5.748	0	0	-0.1205
5	2	0.7551	0	0	-0.05414
5	2	1.699	1	1	-0.8387
6	2	2.039	1	1	-0.5591
6	2	1.197	0	0	0.8919
6	2	0.8253	0	1	-0.501
6	2	5.513	0	0	-0.7578
6	2	0.3494	0	1	2.65
6	2	0.5551	0	0	1.358
6	2	0.4001	0	0	0.9653
6	2	0.3349	0	1	-0.4529
6	2	1.76	0	0	-0.3303
6	2	1.744	1	1	0.04397
6	2	5.287	0	0	-0.4244
6	2	0.1152	0	0	0.2841
6	2	5.526	1	1	-0.6404
6	2	0.4374	1	1	-0.457
6	2	1.745	1	1	-0.27
6	2	1.914	1	1	0.9996
6	2	5.283	1	1	-1.16
6	2	1.889	1	1	-1.316
6	2	5.341	0	0	-0.1732
6	2	2.042	1	0	1.613
6	2	0.09039	1	1	-0.5516
6	2	0.5613	1	1	1.776
6	2	1.036	1	1	2.052
6	2	0.06788	0	0	-0.9148
6	2	5.282	1	1	0.5707
6	2	0.03285	1	0	-0.3895
6	2	0.06484	1	0	-0.2755
6	2	0.8968	1	0	0.9384
6	2	5.719	0	0	-0.7631
6	2	0.6222	0	0	-0.02106
6	2	0.8842	1	1	0.7881
6	2	0.6924	0	0	-0.1256
6	2	0.1388	0	1	0.1629
6	2	0.4361	0	0	1.519
6	2	5.217	0	0	-0.02973
6	2	0.007154	0	0	-0.4433
6	2	5.309	1	1	0.4734
6	2	0.622	1	0	1.379
6	2	0.3474	0	0	-0.3924
6	2	1.195	1	1	-0.7077
6	2	1.175	0	0	0.1794
6	2	1.828	1	1	-1.453
6	2	0.2761	1	1	0.6912
6	2	0.5968	1	1	-0.8916
6	2	1.699	1	0	4.794
6	2	1.503	1	1	-0.315
6	2	0.2267	0	0	-0.8564
6	2	0.05104	0	0	-0.4448
6	2	5.343	0	0	-0.9821
6	2	0.5073	0	0	-0.6851
7	2	5.453	1	0	-0.04256
7	2	1.853	0	0	-0.5034
7	2	1.314	1	1	1.82
7	2	0.7884	1	1	2.828
7	2	2.136	1	1	0.2258
7	2	0.4157	1	1	-0.784
7	2	0.1294	1	0	0.07177
7	2	0.7252	0	1	0.6082
7	2	5.353	1	1	-0.7191
7	2	0.1036	0	1	0.9792
7	2	0.07754	0	1	-0.37
7	2	5.548	0	0	-0.7671
7	2	1.838	0	0	0.2237
7	2	0.07307	1	0	0.1303
7	2	5.589	0	0	-0.5895
7	2	1.72	1	0	-0.01189
7	2	0.7375	0	0	-1.494
7	2	1.503	1	0	2.092
7	2	1.301	1	0	-0.3124
7	2	5.594	1	1	1.081
7	2	0.7702	1	0	0.6551
7	2	0.4308	0	1	-0.1515
7	2	0.09969	0	1	2.276
7	2	0.06083	0	0	-1.054
7	2	5.257	0	0	0.2152
7	2	0.6271	0	1	0.6813
7	2	0.9135	0	0	-1.104
7	2	5.648	0	0	-0.1314
7	2	0.3687	1	0	1.724
7	2	0.4501	1	1	2.961
7	2	0.5765	0	1	-1.043
7	2	0.6044	1	0	6.634
7	2	1.226	0	1	0.1667
7	2	1.695	1	1	1.554
7	2	0.3515	1	1	-0.9406
7	2	5.458	1	1	-0.5269
7	2	5.203	0	0	0.5626
7	2	1.893	1	1	-0.01651
7	2	2.031	1	1	0.2119
7	2	0.203	1	1	1.049
7	2	0.101	0	1	0.9203
7	2	1.659	0	0	2.515
7	2	0.1321	1	1	-1.099
7	2	0.5729	0	1	-0.3917
7	2	5.192	1	1	-0.08414
7	2	1.123	0	0	0.6786
7	2	0.4602	0	0	0.975
7	2	0.6434	1	1	-0.2078
7	2	0.448	1	1	-0.3713
7	2	0.7639	0	1	-0.9004
8	2	1.84	0	0	1.008
8	2	5.455	0	0	-0.6906
8	2	1.685	1	1	-1.382
8	2	0.7556	0	1	-0.9192
8	2	5.175	1	1	-0.3296
8	2	5.64	0	0	-1.136
8	2	0.4038	0	0	1.088
8	2	2.412	1	1	-0.5387
8	2	0.5113	1	1	-0.04346
8	2	0.9108	1	1	0.9103
8	2	5.383	0	0	0.2018
8	2	1.979	0	0	0.2076
8	2	0.5788	1	1	-0.1134
8	2	1.089	1	0	-0.001174
8	2	0.03173	0	0	8.842e-05
8	2	0.05199	0	0	0.212
8	2	5.424	1	1	-0.2384
8	2	1.65	0	0	3.689
8	2	0.3756	0	0	-0.4595
8	2	1.834	0	0	-0.2712
8	2	5.539	1	1	-0.4459
8	2	0.7312	1	1	-0.01191
8	2	0.3828	1	1	-0.7569
8	2	0.08885	1	0	-0.2494
8	2	1.736	1	1	-0.9661
8	2	5.521	1	1	0.4586
8	2	0.9558	1	1	0.9945
8	2	0.139	1	1	2.063
8	2	0.3792	1	0	1.869
8	2	0.4219	1	0	0.5909
8	2	0.9997	0	0	0.9256
8	2	0.6691	1	1	2.205
8	2	1.937	0	0	0.2352
8	2	5.428	0	0	0.5215
8	2	5.236	1	1	-0.3482
8	2	0.8795	1	1	0.5956
8	2	0.9701	1	0	0.4148
8	2	0.2178	0	1	1.52
8	2	0.5925	0	0	0.7809
8	2	0.6682	1	0	-0.1584
8	2	1.883	0	0	0.7029
8	2	0.2615	0	0	1.003
8	2	0.5863	1	1	0.1815
8	2	1.686	0	0	-0.1309
8	2	5.119	1	1	-0.8923
8	2	0.546	0	1	2.851
8	2	0.6281	0	0	1.031
8	2	0.7112	0	1	1.656
8	2	0.978	0	1	-1.025
8	2	0.1942	0	0	1.99
9	2	0.5706	1	0	0.9199
9	2	0.2815	1	0	-1.431
9	2	0.3876	0	1	2.395
9	2	0.1087	1	0	1.319
9	2	0.3283	1	1	-1.695
9	2	0.04338	1	0	-0.9494
9	2	0.9505	1	1	-0.4118
9	2	0.7001	0	1	-0.2497
9	2	5.096	0	0	-0.1016
9	2	2.064	0	0	0.006478
9	2	0.6559	0	0	-0.7867
9	2	1.606	0	0	0.004577
9	2	0.6998	0	1	-0.2278
9	2	0.3451	1	0	-0.7587
9	2	5.832	0	0	-0.7514
9	2	5.091	1	1	-0.156
9	2	1.742	0	0	2.629
9	2	0.2587	1	1	0.7635
9	2	0.2934	1	0	-1.196
9	2	5.443	1	1	-0.8851
9	2	2.136	1	1	1.012
9	2	5.633	1	1	0.2555
9	2	0.571	0	0	-1.449
9	2	0.8845	1	0	5.098
9	2	0.6115	1	0	0.3819
9	2	1.498	1	1	-1.53
9	2	0.6978	0	0	0.1592
9	2	2.03	0	0	-0.6874
9	2	1.359	0	0	-0.331
9	2	5.462	1	1	-0.5645
9	2	0.04761	0	1	0.2394
9	2	1.682	0	1	0.3875
9	2	0.4539	0	0	-0.2947
9	2	0.1939	1	0	0.5722
9	2	0.4434	0	0	0.4535
9	2	0.2182	1	1	-0.1828
9	2	1.642	0	0	1.908
9	2	0.7137	0	1	-0.1152
9	2	5.407	1	1	-1.263
9	2	1.659	1	1	0.04539
9	2	1.297	1	0	1.145
9	2	1.565	1	1	0.2434
9	2	5.268	1	1	3.182
9	2	0.5786	0	1	3.79
9	2	1.039	0	0	-0.2272
9	2	0.463	1	1	2.665
9	2	5.505	0	0	0.03964
9	2	5.246	1	1	-0.8233
9	2	0.3803	0	0	-0.3209
9	2	0.1572	0	0	-0.07937
10	3	0.8735	1	0	-0.3068
10	3	5.786	0	0	-0.2479
10	3	1.063	1	1	1.593
10	3	0.1702	0	1	2.822
10	3	0.196	0	0	-0.251
10	3	5.31	1	1	0.3338
10	3	0.1529	1	0	-0.3783
10	3	0.3497	1	1	0.3489
10	3	0.992	1	1	2.72
10	3	0.6703	1	1	0.3276
10	3	0.8262	1	1	-0.3653
10	3	1.641	0	0	-0.9544
10	3	1.833	1	1	0.6921
10	3	5.426	0	0	-0.1211
10	3	0.05471	1	0	0.795
10	3	0.2317	0	1	0.6796
10	3	0.5583	0	0	3.561
10	3	0.1129	0	0	1.245
10	3	0.05774	1	0	1.202
10	3	5.545	1	1	-0.3334
10	3	1.744	0	0	-0.005642
10	3	0.3232	1	0	0.05433
10	3	4.874	0	0	-0.1765
10	3	1.486	1	1	-1.778
10	3	5.613	1	1	-1.062
10	3	0.774	0	1	-0.5416
10	3	0.3987	0	0	1.067
10	3	0.688	0	1	0.07266
10	3	0.4782	1	1	0.3865
10	3	0.3558	1	1	-0.05536
10	3	0.7789	1	0	-0.0282
10	3	0.387	1	1	-0.1599
10	3	0.909	1	0	3.068
10	3	0.6357	1	0	1.777
10	3	0.8621	0	0	0.1062
10	3	1.268	0	1	1.196
10	3	5.613	0	0	-0.6259
10	3	5.33	1	1	-0.186
10	3	0.5279	0	0	0.1877
10	3	1.706	0	0	0.4665
10	3	1.753	0	0	-0.3016
10	3	1.68	1	1	-0.6431
10	3	1.818	0	0	0.8333
10	3	5.555	0	0	-0.9162
10	3	1.639	1	0	1.75
10	3	0.07463	0	1	1.012
10	3	5.232	0	0	-0.7094
10	3	0.1891	0	0	0.1333
10	3	0.8207	1	1	0.08482
10	3	1.676	0	1	-0.17
11	3	5.349	0	0	-0.6295
11	3	0.8189	0	0	-0.5922
11	3	0.2977	1	1	-0.4917
11	3	0.7709	1	1	-1.293
11	3	0.7869	0	0	-0.4318
11	3	5.159	1	1	-1.46
11	3	5.426	0	0	-0.5139
11	3	1.885	0	1	0.383
11	3	0.6501	1	1	0.3392
11	3	0.3226	1	0	1.472
11	3	0.9026	1	1	-1.561
11	3	0.8446	1	1	-0.0354
11	3	0.7662	0	1	0.2766
11	3	1.063	1	1	-1.206
11	3	5.414	0	0	-0.6504
11	3	1.993	0	0	-0.3721
11	3	0.5621	1	0	-0.4267
11	3	1.018	0	1	0.07177
11	3	0.4905	0	1	-0.3678
11	3	2.198	0	0	1.572
11	3	5.222	0	0	0.8691
11	3	0.5591	0	1	0.225
11	3	1.924	1	1	0.4501
11	3	1.245	1	1	0.6043
11	3	0.1568	0	1	-0.4457
11	3	5.288	1	1	-0.7041
11	3	0.08655	0	1	4.178
11	3	0.1986	1	0	0.4444
11	3	5.544	1	1	-0.7653
11	3	1.73	1	0	1.829
11	3	5.538	1	1	-0.5102
11	3	1.763	1	1	-0.4146
11	3	0.5301	0	0	0.3984
11	3	1.12	0	0	0.7877
11	3	0.1818	1	1	1.318
11	3	1.796	1	1	-0.2694
11	3	0.1229	1	0	0.241
11	3	0.21	1	0	0.8306
11	3	0.2325	1	0	0.9928
11	3	0.05208	0	0	1.084
11	3	1.042	0	1	0.05765
11	3	0.3333	0	0	0.5099
11	3	1.885	0	0	-0.332
11	3	1.886	0	0	-0.005914
11	3	0.6942	0	0	-0.8909
11	3	5.057	0	0	-0.9262
11	3	1.984	1	1	0.1803
11	3	0.2423	1	1	-0.3469
11	3	5.571	0	0	-0.3756
11	3	0.9404	1	1	-0.8219
12	3	1.866	1	0	2.39
12	3	0.8366	1	1	-0.2344
12	3	5.263	1	1	1.042
12	3	1.111	1	0	4.268
12	3	0.784	1	1	-0.5661
12	3	1.694	0	0	-1.969
12	3	5.683	1	1	0.1775
12	3	0.81	1	1	0.5667
12	3	5.259	1	1	-0.9102
12	3	0.4312	1	1	-0.6614
12	3	0.7025	0	1	-0.05511
12	3	0.6721	1	1	-0.7441
12	3	0.3722	0	0	2.854
12	3	0.1956	0	1	-0.4416
12	3	1.026	0	1	0.227
12	3	0.4032	0	1	0.7257
12	3	0.08077	1	1	2.307
12	3	0.3389	0	1	-0.9277
12	3	0.2776	0	0	-0.4337
12	3	0.4429	0	0	-0.01266
12	3	0.1944	0	0	0.2562
12	3	1.882	0	1	0.2272
12	3	5.426	0	0	0.01544
12	3	1.825	0	0	-0.3817
12	3	5.505	0	0	0.476
12	3	0.7957	0	1	-0.1841
12	3	0.7599	1	1	-0.8584
12	3	1.731	1	1	0.1486
12	3	0.01145	0	0	0.4768
12	3	0.5348	1	1	-0.3565
12	3	0.6454	0	1	1.59
12	3	5.396	1	1	-1.014
12	3	0.08998	1	1	0.6785
12	3	0.1676	0	0	0.4473
12	3	5.539	0	0	-0.6439
12	3	1.71	1	1	-0.2457
12	3	0.3303	0	1	-0.207
12	3	2.088	0	0	0.2412
12	3	2.057	1	1	-0.1833
12	3	5.37	1	1	2.666
12	3	0.6849	1	0	3.207
12	3	0.1283	1	0	1.121
12	3	0.2801	0	0	-0.4633
12	3	0.1451	1	1	0.6291
12	3	5.277	1	1	-0.6366
12	3	5.667	1	1	-0.6107
12	3	0.4299	0	1	-1.489
12	3	0.493	0	0	-0.61
12	3	1.615	0	0	-0.7251
12	3	1.477	1	0	0.3329
13	3	0.2801	0	0	-0.9549
13	3	0.2756	0	1	-0.5255
13	3	1.988	0	0	0.8934
13	3	1.096	1	1	-0.147
13	3	0.5675	1	0	-0.8879
13	3	2.07	0	1	-0.51
13	3	1.757	0	0	-0.7195
13	3	1.945	0	0	1.815
13	3	0.911	0	0	-1.229
13	3	1.186	1	1	-1.163
13	3	0.527	0	1	-0.501
13	3	0.1921	0	1	-0.5315
13	3	0.7031	0	1	0.7663
13	3	5.151	1	1	-0.4151
13	3	1.892	1	1	-1.167
13	3	0.4035	0	0	1.485
13	3	0.7995	0	1	-0.5807
13	3	0.4789	0	1	3.112
13	3	0.4959	0	1	0.7166
13	3	0.1878	0	0	1.282
13	3	0.9844	0	1	0.1973
13	3	0.5671	1	0	0.7926
13	3	5.472	0	0	-1.119
13	3	5.619	1	1	-1.313
13	3	0.2528	1	1	-0.7257
13	3	5.26	0	0	-0.06474
13	3	0.6294	1	0	1.273
13	3	0.2533	1	0	0.09047
13	3	1.727	0	1	3.002
13	3	1.871	1	1	2.127
13	3	5.544	1	1	-1.248
13	3	0.01203	1	0	0.3601
13	3	0.857	1	1	-0.2803
13	3	0.5043	1	1	-0.7011
13	3	1.715	0	0	-1.075
13	3	0.09861	0	1	-0.4734
13	3	0.8189	0	0	0.1727
13	3	0.4462	1	1	-1.11
13	3	1.651	1	1	-0.5792
13	3	0.8353	1	1	-0.8468
13	3	1.205	1	1	0.6748
13	3	5.068	0	0	-1.133
13	3	5.678	0	0	-1.184
13	3	5.559	1	1	-1.016
13	3	0.3023	0	1	-0.3823
13	3	1.971	0	0	1.226
13	3	1.163	1	0	0.3869
13	3	0.06163	1	0	0.2434
13	3	5.539	1	1	-1.031
14	3	0.3089	0	1	1.879
14	3	1.003	1	1	0.4043
14	3	0.5277	0	0	4.91
14	3	1.103	0	1	0.4002
14	3	0.4349	1	1	-0.7222
14	3	1.985	0	1	-0.4871
14	3	1.913	1	1	0.1628
14	3	1.189	0	0	0.4431
14	3	0.8676	0	0	1.378
14	3	5.324	1	1	-1.127
14	3	0.7044	1	1	0.01629
14	3	0.2991	1	1	-1.498
14	3	0.1457	0	0	0.7686
14	3	0.6877	0	1	0.8843
14	3	0.05805	0	1	-0.07237
14	3	0.4374	0	1	-0.3626
14	3	5.273	0	0	-1.057
14	3	0.2195	0	0	0.7532
14	3	0.829	1	0	1.329
14	3	1.109	1	1	-0.3882
14	3	5.326	1	1	0.4912
14	3	1.718	0	0	2.036
14	3	1.791	0	0	0.03579
14	3	0.7219	0	1	-1.494
14	3	5.259	1	1	-0.4378
14	3	5.634	1	1	0.8947
14	3	5.253	0	0	-0.9551
14	3	5.248	1	1	-0.8073
14	3	0.5821	0	0	-0.9239
14	3	0.6972	1	0	2.642
14	3	5.391	1	1	-0.5132
14	3	1.909	1	1	-0.1059
14	3	1.02	1	1	-0.4155
14	3	1.582	0	0	-0.2646
14	3	0.455	1	1	-1.145
14	3	0.2938	0	0	-0.03479
14	3	0.1432	1	0	0.7815
14	3	1.39	1	1	-0.4838
14	3	1.022	0	0	0.5045
14	3	5.798	0	0	-0.1813
14	3	1.824	1	1	0.2497
14	3	5.493	1	1	-0.7081
14	3	1.835	1	1	1.023
14	3	0.2742	1	1	-0.3688
14	3	0.6464	0	0	-0.3877
14	3	1.73	0	0	-0.1162
14	3	0.8061	0	0	0.6124
14	3	0.7827	0	0	0.9174
14	3	0.2414	1	0	0.1396
14	3	0.2626	1	1	-0.08229
15	3	1.101	1	0	0.4107
15	3	5.481	0	0	0.02455
15	3	2.176	0	0	1.169
15	3	5.152	0	0	0.2375
15	3	0.5734	0	0	0.0255
15	3	1.896	0	0	0.9801
15	3	0.3595	1	1	-0.7772
15	3	1.872	0	0	1.075
15	3	0.5587	1	1	-1.04
15	3	0.6377	0	0	-0.1189
15	3	5.564	1	1	-1.061
15	3	5.203	0	0	0.4023
15	3	0.4006	0	0	2.264
15	3	0.00569	1	1	-0.5404
15	3	0.08679	0	0	0.25
15	3	1.771	1	1	0.4636
15	3	5.549	1	1	-1.269
15	3	0.3376	1	1	0.03355
15	3	5.695	0	0	0.1804
15	3	0.6362	0	0	0.04676
15	3	0.5186	0	0	-0.4478
15	3	1.702	0	0	-0.3924
15	3	0.7909	1	1	-0.2691
15	3	1.004	1	1	-0.9866
15	3	0.2252	1	0	0.3156
15	3	0.6146	0	0	0.5548
15	3	0.4046	0	0	-0.06105
15	3	1.142	1	1	-1.344
15	3	0.9282	1	1	-1.009
15	3	0.005655	1	1	-0.5252
15	3	1.588	1	1	-0.6267
15	3	0.6971	0	1	1.942
15	3	5.211	1	1	-1.016
15	3	0.5244	1	1	-0.2325
15	3	0.5389	0	0	1.077
15	3	1.657	1	1	-0.7638
15	3	1.839	1	0	0.1669
15	3	5.169	1	1	-0.6562
15	3	0.9278	1	0	1.135
15	3	0.8124	1	0	-0.2214
15	3	5.593	0	0	0.13
15	3	0.1916	1	0	1.572
15	3	0.6033	1	0	0.7777
15	3	1.802	1	1	-1.384
15	3	0.6717	0	1	0.05324
15	3	5.18	1	1	-0.6003
15	3	0.4683	0	0	0.1102
15	3	2.157	0	0	0.3316
15	3	0.3577	0	0	0.3171
15	3	0.5688	0	0	-0.4874
16	3	0.517	0	0	-0.2728
16	3	0.3147	1	0	-0.3932
16	3	1.11	1	0	0.5476
16	3	0.5015	1	0	0.896
16	3	0.3583	0	0	1.319
16	3	5.329	1	1	-0.4187
16	3	1.417	0	1	0.04867
16	3	0.04846	1	1	-0.03766
16	3	0.4881	1	1	-1.175
16	3	2.024	0	1	0.0975
16	3	5.559	0	0	-1.095
16	3	0.1515	1	1	0.1742
16	3	1.613	0	0	-0.1668
16	3	0.1513	0	0	-1.463
16	3	0.426	1	1	0.1876
16	3	5.424	0	0	0.08143
16	3	0.3567	1	1	2.585
16	3	2.172	0	1	-0.6017
16	3	0.6396	0	1	0.2909
16	3	1.709	1	1	0.4195
16	3	0.8455	1	1	-0.4003
16	3	0.3599	1	1	0.09114
16	3	0.479	1	1	-0.3521
16	3	1.191	1	1	0.6025
16	3	0.8846	1	1	0.32
16	3	5.656	1	1	-0.1179
16	3	1.777	1	1	-0.6897
16	3	0.144	0	1	-0.556
16	3	1.268	1	1	-1.06
16	3	5.412	0	0	-0.1167
16	3	0.329	0	0	-0.3092
16	3	0.1723	0	0	0.2264
16	3	1.059	1	0	1.116
16	3	0.8437	0	1	0.6727
16	3	1.77	0	0	-0.3513
16	3	1.645	0	0	-0.04111
16	3	0.8601	1	1	0.5318
16	3	0.04593	1	0	-0.6527
16	3	0.5805	0	0	-0.478
16	3	0.7458	0	0	-1.261
16	3	0.1649	1	0	0.6893
16	3	5.224	1	1	1.084
16	3	2.138	0	0	-0.8803
16	3	1.007	0	0	-0.1648
16	3	5.674	1	1	0.03671
16	3	5.571	1	1	-0.6443
16	3	1.702	0	0	3.419
16	3	5.169	0	0	-0.9071
16	3	5.368	0	0	0.1247
16	3	1.7	0	0	-0.8567
17	3	1.859	1	1	0.8567
17	3	5.727	0	0	0.8669
17	3	1.92	1	0	2.001
17	3	0.6739	0	0	-0.7404
17	3	1.987	0	0	-0.3124
17	3	5.178	0	0	-0.6385
17	3	0.7882	1	1	0.04211
17	3	0.4858	0	1	-0.8257
17	3	0.6459	0	1	1.723
17	3	1.74	1	1	-0.5223
17	3	0.9226	1	0	-0.2052
17	3	0.3987	0	0	0.6842
17	3	1.807	1	1	0.1518
17	3	1.972	1	1	-1.221
17	3	0.2711	0	0	0.2717
17	3	5.247	0	0	0.05172
17	3	0.1866	1	0	-0.02423
17	3	5.715	1	1	-0.813
17	3	0.09019	0	0	0.000156
17	3	5.452	0	0	-1.371
17	3	0.8032	0	0	0.1883
17	3	5.533	0	0	-0.6591
17	3	0.5477	1	0	2.952
17	3	1.351	1	0	1.11
17	3	0.3746	0	1	-1.103
17	3	0.4885	1	1	-0.4556
17	3	1.902	0	0	-1.314
17	3	5.336	1	1	0.2251
17	3	0.7815	0	0	-0.5206
17	3	0.236	1	1	-0.7192
17	3	0.04971	0	1	-1.11
17	3	0.1625	0	1	-0.1554
17	3	1.831	0	0	-0.4917
17	3	2.305	0	1	0.6575
17	3	0.9706	1	1	-0.3901
17	3	0.6727	1	0	-0.3917
17	3	0.09966	0	1	-0.1786
17	3	0.4146	1	0	1.193
17	3	0.5011	1	1	-0.1505
17	3	0.3219	0	1	-0.2261
17	3	5.552	0	0	-0.2302
17	3	1.015	1	1	-0.4073
17	3	0.1943	0	0	-0.8176
17	3	0.7706	0	0	1.374
17	3	5.167	1	1	-0.8571
17	3	4.897	1	1	-0.3086
17	3	0.05601	0	0	2.995
17	3	0.3842	0	1	-1.16
17	3	0.8775	1	0	2.745
17	3	0.8734	1	1	0.09839
18	3	5.365	1	0	0.2403
18	3	0.3695	1	1	-0.9464
18	3	1.445	0	0	-0.2855
18	3	1.611	0	0	0.2595
18	3	0.04211	1	1	-0.04387
18	3	0.9693	1	1	1.264
18	3	1.692	0	0	1.659
18	3	0.95	1	0	0.8186
18	3	2.03	1	1	-0.3791
18	3	0.3757	1	1	-0.8295
18	3	1.564	0	1	0.08155
18	3	0.4972	0	1	-0.5832
18	3	5.297	0	0	1.931
18	3	0.305	1	1	0.08242
18	3	5.123	1	1	-0.7726
18	3	0.1136	1	0	0.8709
18	3	0.06235	1	0	-0.3811
18	3	5.435	0	0	-0.6338
18	3	1.765	1	1	-0.1994
18	3	1.803	1	0	0.7082
18	3	1.906	1	1	1.865
18	3	1.573	0	1	1.222
18	3	0.1911	0	0	0.24
18	3	5.623	1	1	-0.6185
18	3	5.352	1	1	-1.169
18	3	0.05652	0	0	1.029
18	3	0.3365	1	1	-0.4446
18	3	1.012	0	1	1.216
18	3	0.3885	1	0	-0.6415
18	3	0.2707	0	0	0.6027
18	3	0.2812	0	0	1.034
18	3	0.1938	1	0	0.01132
18	3	0.6288	0	1	-0.3877
18	3	5.463	0	0	0.09479
18	3	0.8746	0	0	-0.2782
18	3	0.7602	1	0	-1.132
18	3	0.9091	1	1	-0.7128
18	3	5.202	0	0	-0.3625
18	3	0.176	0	0	0.3301
18	3	5.271	0	0	-0.1589
18	3	1.903	1	1	0.1518
18	3	0.6757	1	1	-0.05397
18	3	0.978	1	0	4.588
18	3	0.2979	0	0	1.241
18	3	0.3199	0	0	0.2724
18	3	1.603	0	0	-0.05709
18	3	0.9075	0	0	0.5141
18	3	0.01875	1	0	-0.2552
18	3	5.38	0	0	-0.2765
18	3	0.762	1	1	-0.3014
19	3	5.403	1	0	0.7791
19	3	1.979	1	1	-0.7932
19	3	0.2965	1	0	-0.7483
19	3	1.727	0	1	0.7462
19	3	1.682	0	0	0.1468
19	3	0.2734	0	0	4.067
19	3	5.205	1	1	-0.802
19	3	0.2105	0	1	0.09833
19	3	0.5651	0	1	0.3512
19	3	0.739	0	0	-0.478
19	3	0.07993	1	1	0.0551
19	3	0.5862	0	0	0.4946
19	3	1.721	0	0	-0.4097
19	3	0.7008	1	1	1.122
19	3	0.6066	0	1	0.02613
19	3	5.085	1	1	-0.9507
19	3	5.352	0	0	0.4337
19	3	0.6515	1	1	-0.7614
19	3	0.6068	0	0	-0.02975
19	3	0.7141	1	1	-0.01606
19	3	5.504	0	0	0.6199
19	3	2.152	1	1	-0.3331
19	3	0.5634	1	0	2.057
19	3	0.2961	1	0	1.221
19	3	5.36	1	1	-0.03969
19	3	0.3146	1	1	-0.5362
19	3	1.586	0	0	-0.8725
19	3	1.933	0	0	-0.9107
19	3	0.4212	1	1	-0.5877
19	3	0.3614	0	1	1.248
19	3	1.06	1	1	-0.2205
19	3	0.2596	1	1	0.1463
19	3	5.297	1	1	-0.7837
19	3	0.06707	0	0	-0.1218
19	3	0.7796	0	0	-0.5022
19	3	4.884	1	0	0.2144
19	3	5.444	0	0	-1.399
19	3	0.7244	0	0	-0.5673
19	3	1.789	1	0	1.646
19	3	1.033	1	1	1.195
19	3	1.813	0	0	0.3454
19	3	0.9083	0	0	-0.127
19	3	0.2336	1	1	2.871
19	3	0.6913	0	1	-0.2356
19	3	0.2958	0	0	1.355
19	3	5.598	0	0	-0.1876
19	3	0.0381	1	1	0.186
19	3	1.221	1	1	-0.6811
19	3	0.2831	1	0	-1.223
19	3	1.708	0	0	-0.1171
20	4	0.8866	0	0	0.4967
20	4	5.771	0	0	0.6575
20	4	2.424	0	1	-0.614
20	4	5.321	1	1	-0.2337
20	4	0.1189	0	0	0.3296
20	4	5.549	0	0	-0.4433
20	4	0.2047	1	1	1.556
20	4	0.4853	1	1	-0.592
20	4	0.8376	0	0	-0.971
20	4	0.3078	0	0	2.667
20	4	0.9499	0	0	-0.1021
20	4	0.4959	1	0	0.468
20	4	1.96	0	0	-0.2645
20	4	0.9416	0	0	0.5743
20	4	0.1272	0	1	-0.1288
20	4	2.041	0	0	-1.425
20	4	1.465	1	0	-0.5504
20	4	0.7693	1	1	2.425
20	4	0.8577	1	0	-0.3434
20	4	0.9348	1	1	-0.2232
20	4	0.3659	1	0	-0.4964
20	4	0.677	0	1	1.223
20	4	1.831	1	1	0.8963
20	4	1.818	0	0	-0.7807
20	4	0.203	0	1	-0.1081
20	4	5.414	1	1	0.004155
20	4	0.3115	1	0	1.058
20	4	0.4173	0	0	2.201
20	4	1.931	1	1	-0.3749
20	4	5.312	1	1	-1.271
20	4	0.302	1	1	-0.08859
20	4	5.325	1	1	-0.01942
20	4	0.7711	0	0	1.238
20	4	0.1596	0	1	-1.22
20	4	0.2856	1	0	-0.6756
20	4	1.813	0	0	-1.146
20	4	1.654	0	1	-0.1306
20	4	0.6407	0	0	-0.7911
20	4	5.329	0	0	-0.1892
20	4	0.08916	1	0	-0.707
20	4	1.9	1	0	1.094
20	4	0.3011	0	1	-1.026
20	4	0.8905	1	1	-0.7827
20	4	0.1974	1	1	-1.013
20	4	0.09488	0	0	0.7662
20	4	5.461	1	1	1.116
20	4	0.2267	1	1	-1.01
20	4	0.04706	1	1	1.254
20	4	5.295	0	0	-0.6489
20	4	5.323	0	0	-0.3772
21	4	0.485	0	1	-0.9325
21	4	1.811	0	0	-0.6286
21	4	1.276	0	0	0.6158
21	4	1.056	1	0	1.305
21	4	5.4	1	1	-1.477
21	4	0.5371	1	0	-0.5318
21	4	5.481	1	1	-0.5954
21	4	0.192	1	1	-0.8378
21	4	5.344	1	1	-0.3094
21	4	1.823	1	0	-0.03791
21	4	1.064	0	0	-1.113
21	4	1.947	1	1	0.3229
21	4	0.7764	0	0	-0.1848
21	4	0.7581	1	0	0.5236
21	4	1.504	1	1	1.83
21	4	0.4601	0	0	-0.8052
21	4	5.296	0	0	-0.2627
21	4	1.856	1	1	-0.1205
21	4	0.3336	1	1	-0.3996
21	4	0.9083	0	1	-0.2024
21	4	0.9255	0	1	-0.03387
21	4	5.453	0	0	0.1296
21	4	0.2999	1	1	-0.1672
21	4	0.27	1	1	-0.6295
21	4	1.887	0	1	-0.4311
21	4	0.6438	1	1	-0.1068
21	4	1.38	1	1	-0.4252
21	4	1.677	1	0	1.394
21	4	0.1752	0	0	0.3766
21	4	0.3032	0	1	-0.9075
21	4	5.42	1	1	-0.8532
21	4	0.1852	1	1	0.2367
21	4	0.3139	1	0	-0.1444
21	4	0.962	1	1	-0.152
21	4	1.032	0	1	0.7167
21	4	1.848	0	0	0.04213
21	4	0.3262	0	0	-0.1378
21	4	1.699	1	0	-0.1969
21	4	0.1081	0	0	-0.3635
21	4	0.1926	0	1	-0.2055
21	4	0.6415	0	0	1.213
21	4	5.406	0	0	-0.7033
21	4	5.589	0	0	-0.009725
21	4	5.019	1	1	-0.4507
21	4	0.3509	0	0	-0.3191
21	4	0.5356	0	0	-0.5571
21	4	5.597	0	0	0.2584
21	4	0.8983	1	1	-0.4718
21	4	0.1131	1	1	0.5915
22	4	0.8651	0	0	-1.803
22	4	0.4619	0	1	-1.518
22	4	1.948	0	0	0.6428
22	4	0.9552	1	1	2.285
22	4	0.3471	0	1	-0.595
22	4	0.405	1	1	1.167
22	4	5.295	0	0	-0.5418
22	4	1.806	1	1	-1.077
22	4	0.9298	1	1	-0.3302
22	4	0.7425	0	1	1.702
22	4	0.3053	0	1	-0.451
22	4	1.068	1	1	0.7925
22	4	5.402	1	1	-0.4239
22	4	0.04861	1	1	-0.1656
22	4	0.4065	0	0	1.588
22	4	1.879	1	1	-0.1809
22	4	5.337	1	1	-0.4017
22	4	1.121	0	1	-1.028
22	4	0.3334	1	1	3.927
22	4	0.443	0	0	2.19
22	4	1.774	0	1	0.9024
22	4	0.2682	1	0	1.206
22	4	0.183	0	0	2.161
22	4	0.4301	0	0	0.1123
22	4	0.2845	1	0	1.766
22	4	0.9514	0	0	0.6938
22	4	0.819	1	0	0.5563
22	4	5.423	1	1	-0.1038
22	4	1.642	1	1	-0.2691
22	4	5.295	0	0	-1.157
22	4	0.2971	1	1	-2.238
22	4	5.172	1	1	-0.4476
22	4	2.012	1	1	0.2406
22	4	0.8837	0	0	0.9592
22	4	0.9127	0	1	0.7174
22	4	1.571	0	1	-0.1758
22	4	0.416	0	0	-0.006568
22	4	5.365	0	0	-0.3818
22	4	0.226	0	1	-0.3234
22	4	0.3268	0	1	1.435
22	4	1.54	1	1	-0.2424
22	4	5.705	1	1	-0.8749
22	4	0.6031	0	1	-0.5296
22	4	1.552	1	1	0.2444
22	4	0.2778	0	1	0.5981
22	4	1.95	1	1	-0.8395
22	4	0.4257	1	1	3.102
22	4	5.422	1	1	-0.1629
22	4	5.629	1	1	-1.151
22	4	0.4952	1	1	0.01596
23	4	1.788	0	0	0.5855
23	4	0.04582	0	0	0.4917
23	4	1.034	0	1	0.6389
23	4	5.281	1	1	0.01037
23	4	0.03398	1	0	-0.3297
23	4	5.4	1	1	0.4408
23	4	5.676	1	1	-1.073
23	4	5.006	1	1	-0.9011
23	4	2.062	1	1	-1.383
23	4	0.8935	0	0	-0.4482
23	4	0.3986	0	0	-0.1459
23	4	1.792	0	1	3.188
23	4	5.348	1	1	0.1821
23	4	0.4354	0	0	-1.038
23	4	5.178	0	0	0.1064
23	4	0.4664	1	1	-0.6615
23	4	1.253	0	0	5.603
23	4	0.4401	0	0	-0.4289
23	4	1.712	1	1	-1.181
23	4	1.888	0	0	0.1075
23	4	1.64	1	1	0.08722
23	4	0.6572	0	0	-0.07034
23	4	0.104	0	1	1.648
23	4	0.2811	1	1	-0.3303
23	4	0.04429	1	1	-0.4506
23	4	5.359	0	0	-0.4816
23	4	1.057	0	1	-1.087
23	4	1.158	0	0	0.7123
23	4	5.57	0	0	2.57
23	4	0.5213	0	0	-0.1454
23	4	0.2318	1	0	0.05645
23	4	0.2085	1	0	1.222
23	4	1.886	1	0	3.026
23	4	0.1458	1	1	0.02098
23	4	0.8315	0	1	2.008
23	4	0.3503	1	0	-0.6931
23	4	1.737	1	1	-0.5721
23	4	5.049	1	1	0.4858
23	4	1.889	1	0	0.5616
23	4	0.6878	0	0	1.613
23	4	0.1517	1	0	-0.2973
23	4	0.7592	1	0	-0.2724
23	4	5.791	1	1	0.1526
23	4	0.05226	1	0	-0.9847
23	4	0.6615	0	0	-0.1491
23	4	1.855	1	0	1.14
23	4	0.006454	1	0	-0.5047
23	4	0.6397	0	0	0.6727
23	4	0.8764	1	1	-0.5444
23	4	0.3468	0	1	0.04706
24	4	5.553	1	1	-0.7431
24	4	1.853	0	0	-1.056
24	4	0.8736	0	0	0.6598
24	4	0.6109	0	1	-1.136
24	4	2.002	1	0	0.3498
24	4	1.74	0	0	0.2422
24	4	0.07148	0	1	0.5168
24	4	0.4724	0	0	1.918
24	4	1.592	0	0	1.612
24	4	0.3175	1	1	0.02122
24	4	0.5823	1	1	-0.9316
24	4	0.2502	1	1	1.059
24	4	2.165	0	0	-1.129
24	4	0.9593	1	1	-1.33
24	4	5.326	0	0	-1.112
24	4	1.283	1	0	-0.5595
24	4	5.557	1	1	-0.5955
24	4	0.2222	1	1	-0.09626
24	4	0.5345	0	1	1.263
24	4	0.7761	0	0	1.068
24	4	1.54	0	0	-0.4691
24	4	1.806	0	0	-1.232
24	4	1.835	1	1	-0.5713
24	4	0.3107	1	0	0.02236
24	4	1.707	1	1	0.6262
24	4	0.9028	1	1	1.264
24	4	0.8353	0	1	-0.3938
24	4	0.7605	1	1	-0.3274
24	4	0.7196	1	0	-0.4331
24	4	1.88	1	0	-0.4804
24	4	5.527	0	0	-0.6847
24	4	0.5766	0	0	1.26
24	4	5.409	1	1	-1.025
24	4	0.8158	0	1	1.339
24	4	0.4569	1	0	0.729
24	4	5.347	0	0	-0.7184
24	4	0.3231	0	1	-0.278
24	4	5.569	1	1	-0.4989
24	4	4.784	0	0	0.1804
24	4	0.1355	0	0	0.2058
24	4	0.5364	1	0	2.196
24	4	0.6734	0	0	0.2942
24	4	0.4404	0	1	-0.8143
24	4	0.6821	0	1	-0.1355
24	4	1.117	1	0	-0.5444
24	4	5.069	1	1	-0.8196
24	4	0.5884	1	0	0.1913
24	4	0.3218	1	1	-0.9874
24	4	5.661	0	0	-0.1087
24	4	0.2012	1	0	1.284
25	4	5.536	0	0	-0.526
25	4	1.332	1	1	-0.6016
25	4	0.7065	0	1	0.3566
25	4	0.969	1	0	-0.01434
25	4	0.5564	0	0	-0.2979
25	4	0.4644	0	0	-1.142
25	4	2.14	0	0	1.453
25	4	0.1029	1	0	1.22
25	4	0.7876	1	0	2.134
25	4	0.02253	1	1	1.362
25	4	0.4771	1	1	-0.5377
25	4	5.454	1	1	-0.9028
25	4	0.6798	1	0	0.4812
25	4	0.9301	0	0	-0.6675
25	4	0.498	0	0	0.5317
25	4	1.781	0	1	0.7028
25	4	5.379	1	1	-1.062
25	4	0.7333	0	1	-1.135
25	4	0.4583	1	0	0.1614
25	4	5.107	0	0	-0.371
25	4	5.38	0	0	-0.6194
25	4	0.06844	1	0	0.3597
25	4	0.2101	0	0	0.9697
25	4	0.5151	0	0	-0.1729
25	4	1.808	1	1	-1.006
25	4	0.05245	0	0	-0.2538
25	4	0.8099	0	1	-1.015
25	4	1.691	1	1	1.227
25	4	1.711	0	0	1.111
25	4	5.171	0	0	-0.01898
25	4	2.068	1	0	0.3208
25	4	1.907	0	0	-0.592
25	4	1.228	1	1	-0.02741
25	4	1.507	0	0	-0.5265
25	4	0.2603	1	1	0.9219
25	4	0.3359	1	1	0.4493
25	4	0.3454	0	0	-0.1468
25	4	1.868	1	1	-0.1257
25	4	5.286	1	1	-0.5412
25	4	5.528	0	0	-0.1122
25	4	0.7841	0	0	-1.092
25	4	5.398	1	1	-0.9885
25	4	0.8736	1	1	-0.2014
25	4	1.085	1	1	-0.6628
25	4	0.01003	1	0	-0.6092
25	4	0.2568	1	1	0.2398
25	4	0.1574	1	0	0.4142
25	4	5.748	0	0	-0.1818
25	4	0.7524	0	0	0.02292
25	4	1.701	1	1	-0.2526
26	4	2.04	1	0	2.552
26	4	1.199	0	1	2.084
26	4	0.822	0	1	-0.7358
26	4	5.511	0	0	-0.2552
26	4	0.3492	0	0	0.709
26	4	0.5592	0	0	0.5391
26	4	0.4007	0	0	1.676
26	4	0.3291	0	0	1.317
26	4	1.756	0	0	0.1897
26	4	1.742	1	0	1.908
26	4	5.281	0	0	0.07529
26	4	0.1137	0	0	1.865
26	4	5.528	1	1	-0.4358
26	4	0.4378	1	1	-0.3523
26	4	1.745	1	1	-0.7957
26	4	1.91	1	1	-0.3013
26	4	5.282	1	1	-0.7147
26	4	1.886	1	0	-0.4115
26	4	5.336	0	0	-0.3303
26	4	2.042	1	1	-0.4437
26	4	0.09055	1	1	0.2626
26	4	0.5619	1	0	-0.03793
26	4	1.039	1	1	0.769
26	4	0.076	0	0	0.7581
26	4	5.286	1	1	-0.3857
26	4	0.03218	1	1	-0.02102
26	4	0.06387	1	0	0.04107
26	4	0.9002	1	1	-0.7926
26	4	5.715	0	0	0.7329
26	4	0.6215	0	0	-0.5491
26	4	0.8829	1	0	0.9508
26	4	0.6971	0	1	0.9824
26	4	0.1374	0	1	0.5691
26	4	0.4368	0	0	0.8436
26	4	5.215	0	0	-0.0619
26	4	0.003434	0	1	-0.348
26	4	5.305	1	1	-0.3425
26	4	0.6228	1	1	-0.8158
26	4	0.3455	0	0	0.3195
26	4	1.198	1	0	1.878
26	4	1.174	0	1	-0.1064
26	4	1.835	1	1	1.396
26	4	0.2751	1	0	0.5109
26	4	0.5982	1	1	-0.5657
26	4	1.703	1	1	-0.08598
26	4	1.505	1	1	1.021
26	4	0.2261	0	0	0.4379
26	4	0.05056	0	0	1.597
26	4	5.34	0	0	-0.6476
26	4	0.5089	0	1	0.9504
27	4	5.455	1	1	-0.4749
27	4	1.856	0	0	-0.2198
27	4	1.314	1	1	-1.316
27	4	0.787	1	1	-0.7466
27	4	2.134	1	1	-1.205
27	4	0.4161	1	1	-0.4248
27	4	0.1328	1	0	-0.5259
27	4	0.7277	0	1	-0.2206
27	4	5.353	1	1	-0.4624
27	4	0.1071	0	1	-0.9645
27	4	0.07861	0	1	0.7436
27	4	5.547	0	0	-0.1776
27	4	1.836	0	0	0.9486
27	4	0.06849	1	0	0.8117
27	4	5.589	0	0	-0.5428
27	4	1.721	1	1	-0.4652
27	4	0.7383	0	0	0.08928
27	4	1.498	1	1	0.2769
27	4	1.294	1	1	-0.2329
27	4	5.588	1	1	-0.9998
27	4	0.7713	1	0	-0.18
27	4	0.4303	0	0	0.07459
27	4	0.09923	0	0	-0.05607
27	4	0.0589	0	0	0.5634
27	4	5.255	0	0	-0.5208
27	4	0.6307	0	1	0.655
27	4	0.9142	0	0	1.205
27	4	5.645	0	0	-1.082
27	4	0.369	1	0	-0.4601
27	4	0.4543	1	1	0.02895
27	4	0.5802	0	0	-0.2348
27	4	0.6042	1	1	-0.666
27	4	1.229	0	1	-0.3893
27	4	1.697	1	0	0.06829
27	4	0.3487	1	1	-1.024
27	4	5.456	1	1	0.5359
27	4	5.201	0	0	-0.3192
27	4	1.892	1	1	1.041
27	4	2.025	1	1	0.4413
27	4	0.1986	1	1	0.1744
27	4	0.09584	0	0	-2.026
27	4	1.658	0	1	2.25
27	4	0.1349	1	0	-0.8525
27	4	0.573	0	0	0.9461
27	4	5.19	1	1	0.2444
27	4	1.122	0	0	-1.131
27	4	0.4671	0	0	-0.2415
27	4	0.6424	1	1	1.068
27	4	0.4441	1	0	-0.1167
27	4	0.7626	0	1	-0.556
28	4	1.834	0	0	3.249
28	4	5.453	0	0	-1.316
28	4	1.686	1	1	-0.4556
28	4	0.7537	0	1	0.9753
28	4	5.174	1	1	-0.3633
28	4	5.64	0	0	0.5363
28	4	0.4078	0	1	1.075
28	4	2.407	1	1	-0.965
28	4	0.513	1	0	0.2334
28	4	0.9085	1	1	1.098
28	4	5.377	0	0	-0.7286
28	4	1.975	0	0	0.4891
28	4	0.5823	1	0	0.0125
28	4	1.088	1	1	-0.6615
28	4	0.03035	0	1	-0.8403
28	4	0.0513	0	0	0.4988
28	4	5.426	1	1	-0.9762
28	4	1.648	0	0	-0.4873
28	4	0.381	0	0	0.1712
28	4	1.835	0	0	0.11
28	4	5.536	1	1	-0.7526
28	4	0.7257	1	1	-0.6282
28	4	0.3832	1	1	-1.042
28	4	0.09061	1	0	-0.1861
28	4	1.731	1	1	0.2857
28	4	5.524	1	1	-0.117
28	4	0.952	1	0	-1.062
28	4	0.1374	1	1	0.4803
28	4	0.3828	1	1	-0.3804
28	4	0.4236	1	0	-1.497
28	4	0.9996	0	1	-0.1747
28	4	0.6638	1	1	0.8493
28	4	1.941	0	0	0.4503
28	4	5.425	0	0	-0.6286
28	4	5.23	1	1	-0.3015
28	4	0.8752	1	0	0.9189
28	4	0.9695	1	0	0.3807
28	4	0.2181	0	1	-0.3195
28	4	0.5951	0	0	1.89
28	4	0.667	1	0	-1.218
28	4	1.884	0	0	-1.182
28	4	0.2612	0	0	-0.4468
28	4	0.5848	1	0	-0.4321
28	4	1.686	0	0	-0.3879
28	4	5.115	1	1	-1.459
28	4	0.5396	0	0	-1.348
28	4	0.6272	0	0	0.0319
28	4	0.7095	0	0	0.1651
28	4	0.9825	0	1	3.227
28	4	0.1974	0	0	-0.3169
29	4	0.5723	1	0	-0.02817
29	4	0.287	1	0	-0.9767
29	4	0.3869	0	1	-1.056
29	4	0.1126	1	0	0.9033
29	4	0.3212	1	0	1.108
29	4	0.04341	1	0	0.2713
29	4	0.9517	1	0	-0.3546
29	4	0.7002	0	1	-0.6333
29	4	5.097	0	0	0.3547
29	4	2.066	0	0	-0.4912
29	4	0.6554	0	1	-1.375
29	4	1.604	0	0	1.044
29	4	0.6971	0	0	1.632
29	4	0.3461	1	0	-0.8729
29	4	5.831	0	0	-0.5789
29	4	5.09	1	1	-0.8258
29	4	1.747	0	0	-0.3026
29	4	0.2577	1	0	-0.7779
29	4	0.2941	1	0	0.1608
29	4	5.443	1	1	-0.3226
29	4	2.14	1	1	1.935
29	4	5.631	1	1	-1.424
29	4	0.5798	0	1	0.4165
29	4	0.8835	1	1	-0.6429
29	4	0.6161	1	0	0.2105
29	4	1.494	1	1	-0.7341
29	4	0.697	0	1	-1.31
29	4	2.029	0	0	0.3472
29	4	1.364	0	0	0.09316
29	4	5.463	1	1	-0.9791
29	4	0.04567	0	1	-0.1305
29	4	1.683	0	0	1.247
29	4	0.4537	0	0	1.146
29	4	0.1941	1	0	2.84
29	4	0.4467	0	0	-0.6604
29	4	0.218	1	0	2.937
29	4	1.643	0	0	-0.6581
29	4	0.7137	0	0	0.02113
29	4	5.4	1	1	-1.112
29	4	1.658	1	1	0.2452
29	4	1.301	1	0	-0.2185
29	4	1.563	1	1	-0.3264
29	4	5.268	1	1	0.2931
29	4	0.5746	0	1	-0.7452
29	4	1.042	0	0	-0.09954
29	4	0.4623	1	0	0.2222
29	4	5.503	0	0	-0.3062
29	4	5.247	1	1	-0.5444
29	4	0.3837	0	0	-0.5985
29	4	0.1556	0	1	0.3269
30	5	0.8862	0	0	-0.6859
30	5	5.771	0	0	-0.546
30	5	2.423	0	0	-0.04217
30	5	5.322	1	1	-0.5489
30	5	0.1197	0	0	-0.04899
30	5	5.549	0	0	-1.237
30	5	0.2024	1	0	0.487
30	5	0.4843	1	0	-0.5725
30	5	0.8398	0	0	-0.6948
30	5	0.3096	0	0	-0.16
30	5	0.9491	0	0	-0.1845
30	5	0.4925	1	0	2.155
30	5	1.959	0	0	-0.1085
30	5	0.9407	0	1	-0.8469
30	5	0.1301	0	1	-0.4767
30	5	2.04	0	1	0.7848
30	5	1.463	1	1	0.2564
30	5	0.7708	1	0	-0.4666
30	5	0.8576	1	0	0.7812
30	5	0.9351	1	1	-0.6285
30	5	0.3665	1	1	1.208
30	5	0.677	0	1	1.685
30	5	1.831	1	1	-0.07076
30	5	1.819	0	1	0.1562
30	5	0.2033	0	1	-0.1373
30	5	5.416	1	1	-1.956
30	5	0.3107	1	0	-0.4211
30	5	0.4171	0	1	0.5786
30	5	1.932	1	1	-0.7101
30	5	5.312	1	1	-0.7609
30	5	0.302	1	1	0.443
30	5	5.326	1	1	-1.638
30	5	0.772	0	0	-0.2451
30	5	0.1568	0	1	0.07316
30	5	0.284	1	0	-0.7194
30	5	1.814	0	1	0.5964
30	5	1.655	0	1	1.423
30	5	0.6424	0	1	-0.03673
30	5	5.328	0	0	-0.8098
30	5	0.08883	1	0	1.311
30	5	1.901	1	1	-0.4172
30	5	0.3009	0	0	0.5388
30	5	0.8879	1	1	0.7405
30	5	0.1964	1	0	1.085
30	5	0.09354	0	1	-0.8237
30	5	5.46	1	1	-0.09305
30	5	0.2275	1	1	0.3722
30	5	0.04577	1	1	-0.8139
30	5	5.295	0	0	0.1895
30	5	5.322	0	0	-1.153
31	5	0.486	0	0	-1.377
31	5	1.81	0	1	-1.643
31	5	1.278	0	0	-0.535
31	5	1.058	1	1	-0.9707
31	5	5.399	1	1	-0.9639
31	5	0.5371	1	1	-0.02262
31	5	5.482	1	1	-0.7096
31	5	0.194	1	0	0.6337
31	5	5.345	1	1	-2.278
31	5	1.827	1	1	-0.4592
31	5	1.063	0	0	-0.02685
31	5	1.947	1	1	-0.7486
31	5	0.7771	0	1	-0.2167
31	5	0.7607	1	1	0.08358
31	5	0.2378	0	0	-0.04656
31	5	1.504	1	1	-0.06037
31	5	0.459	0	0	0.04975
31	5	5.297	0	0	-0.9252
31	5	1.855	1	1	-0.6108
31	5	0.3328	1	1	0.369
31	5	0.9078	0	0	0.0609
31	5	0.9249	0	0	-1.375
31	5	5.455	0	0	-0.7334
31	5	0.297	1	1	-1.919
31	5	0.2683	1	0	0.8556
31	5	1.888	0	0	0.2551
31	5	0.6448	1	0	1.116
31	5	1.38	1	1	-0.3247
31	5	1.678	1	1	-0.2607
31	5	0.1751	0	0	-0.502
31	5	0.3055	0	0	0.4097
31	5	5.419	1	1	-1.135
31	5	0.1856	1	1	0.2697
31	5	0.3157	1	0	0.09905
31	5	0.9622	1	1	0.6799
31	5	1.031	0	0	0.6114
31	5	1.846	0	0	-0.7882
31	5	0.3266	0	0	-0.3666
31	5	1.696	1	0	0.3325
31	5	0.1059	0	1	-0.6581
31	5	0.1967	0	1	-0.4697
31	5	0.6419	0	0	-0.3025
31	5	5.405	0	0	-0.5313
31	5	5.593	0	0	0.0275
31	5	5.022	1	1	-0.9372
31	5	0.3469	0	0	-0.5659
31	5	0.5366	0	1	-0.5407
31	5	5.598	0	0	-0.1277
31	5	0.8986	1	1	-0.1881
31	5	0.1138	1	1	-0.5061
32	5	0.866	0	0	-0.7863
32	5	0.4616	0	0	-0.8654
32	5	1.947	0	0	-1.129
32	5	0.9552	1	1	-1.459
32	5	0.3488	0	1	-0.7327
32	5	0.4051	1	1	-0.2897
32	5	5.296	0	0	-0.5462
32	5	1.809	1	1	1.5
32	5	0.9297	1	1	-0.8643
32	5	0.7389	0	0	1.345
32	5	0.304	0	0	1.641
32	5	1.067	1	1	-0.4603
32	5	5.402	1	1	-0.9774
32	5	0.04644	1	1	-0.3356
32	5	0.4065	0	1	-0.5426
32	5	1.879	1	1	0.5091
32	5	5.337	1	1	-0.9902
32	5	1.123	0	0	0.5269
32	5	0.3339	1	1	-0.9885
32	5	0.4427	0	1	0.01475
32	5	1.776	0	0	-0.2959
32	5	0.2699	1	1	0.1676
32	5	0.184	0	1	-0.8494
32	5	0.4288	0	1	1.883
32	5	0.2853	1	1	-0.5747
32	5	0.9506	0	0	0.1408
32	5	0.8212	1	1	-0.6956
32	5	5.423	1	1	1.267
32	5	1.642	1	1	-1.211
32	5	5.295	0	0	-0.1843
32	5	0.2956	1	1	1.573
32	5	5.177	1	1	-1.553
32	5	2.014	1	1	-1.772
32	5	0.8823	0	0	-0.6932
32	5	0.9147	0	0	1.367
32	5	1.57	0	0	-0.363
32	5	0.4174	0	0	-0.4218
32	5	5.364	0	0	0.569
32	5	0.2264	0	0	-0.8835
32	5	0.3266	0	0	-0.4302
32	5	1.54	1	1	-0.9335
32	5	5.706	1	1	-1.326
32	5	0.6033	0	1	-0.8842
32	5	1.553	1	1	-0.5165
32	5	0.2788	0	1	-1.116
32	5	1.952	1	1	-0.7875
32	5	0.4256	1	0	0.4485
32	5	5.423	1	1	-0.9202
32	5	5.632	1	1	-0.187
32	5	0.4955	1	1	0.4836
33	5	1.79	0	0	-0.8114
33	5	0.04469	0	1	1.354
33	5	1.033	0	1	1.727
33	5	5.28	1	1	-1.45
33	5	0.0346	1	0	-0.4908
33	5	5.4	1	1	-0.8227
33	5	5.675	1	1	-0.7063
33	5	5.008	1	1	-0.6469
33	5	2.062	1	1	0.5919
33	5	0.8935	0	0	-0.5126
33	5	0.4011	0	1	-0.1745
33	5	1.793	0	0	-0.207
33	5	5.345	1	1	-1.123
33	5	0.4357	0	0	0.8063
33	5	5.176	0	0	-0.5126
33	5	0.4642	1	1	-0.9064
33	5	1.251	0	0	0.5795
33	5	0.4417	0	1	0.03749
33	5	1.713	1	1	-0.8124
33	5	1.889	0	0	0.4677
33	5	1.641	1	1	0.4697
33	5	0.6573	0	0	-0.4957
33	5	0.1028	0	1	-0.102
33	5	0.2821	1	0	-0.06841
33	5	0.04548	1	1	-0.3994
33	5	5.359	0	0	-0.5244
33	5	1.057	0	0	-0.493
33	5	1.158	0	1	-0.3371
33	5	5.568	0	0	-0.4659
33	5	0.5229	0	0	0.2611
33	5	0.2285	1	1	0.03247
33	5	0.2057	1	0	0.5601
33	5	1.888	1	1	-1.876
33	5	0.1474	1	0	0.2724
33	5	0.8312	0	1	-0.1563
33	5	0.3514	1	0	1.451
33	5	1.736	1	0	0.7745
33	5	5.049	1	1	-1.063
33	5	1.891	1	0	0.2343
33	5	0.6886	0	0	-0.6704
33	5	0.1535	1	0	0.5498
33	5	0.7594	1	1	-0.1192
33	5	5.792	1	1	-1.594
33	5	0.05325	1	0	0.009469
33	5	0.6633	0	0	-0.615
33	5	1.856	1	1	0.4306
33	5	0.007368	1	0	-0.04761
33	5	0.6392	0	0	-0.3403
33	5	0.879	1	1	1.444
33	5	0.3464	0	0	1.023
34	5	5.555	1	1	-0.911
34	5	1.852	0	0	-1.327
34	5	0.8746	0	0	-0.9164
34	5	0.6092	0	0	2.671
34	5	2.003	1	1	-0.5887
34	5	1.74	0	0	0.0367
34	5	0.07134	0	1	-0.4056
34	5	0.4706	0	1	1.01
34	5	1.592	0	0	-0.8343
34	5	0.3187	1	1	0.333
34	5	0.5845	1	0	1.211
34	5	0.2478	1	1	-0.8723
34	5	2.163	0	0	0.1238
34	5	0.9573	1	1	2.027
34	5	5.327	0	0	-0.1363
34	5	1.282	1	1	0.1489
34	5	5.556	1	1	-1.88
34	5	0.2212	1	1	-0.04789
34	5	0.5311	0	1	0.2776
34	5	0.7751	0	0	1.359
34	5	1.541	0	0	-0.261
34	5	1.807	0	1	-0.2831
34	5	1.837	1	1	-0.6435
34	5	0.3115	1	0	1.279
34	5	1.707	1	1	0.3441
34	5	0.9019	1	1	-0.6377
34	5	0.8356	0	1	-0.3419
34	5	0.7615	1	1	-0.6306
34	5	0.72	1	1	0.9178
34	5	1.88	1	1	-0.7286
34	5	5.529	0	0	-0.5854
34	5	0.5783	0	1	-0.4926
34	5	5.411	1	1	-0.416
34	5	0.8173	0	0	-0.6959
34	5	0.4569	1	1	-0.1491
34	5	5.347	0	0	-0.3738
34	5	0.3238	0	1	4.778
34	5	5.569	1	1	-0.9065
34	5	4.784	0	0	-0.4625
34	5	0.1374	0	1	-0.1484
34	5	0.5357	1	0	-0.1427
34	5	0.6739	0	1	-0.8094
34	5	0.441	0	1	0.4582
34	5	0.6818	0	0	0.07219
34	5	1.117	1	1	-0.306
34	5	5.069	1	1	-0.8143
34	5	0.5884	1	0	-1.166
34	5	0.3234	1	1	-0.8838
34	5	5.66	0	0	-0.42
34	5	0.2007	1	1	1.119
35	5	5.537	0	0	-0.8021
35	5	1.33	1	1	-0.2345
35	5	0.7067	0	1	-0.579
35	5	0.9678	1	1	0.4728
35	5	0.5562	0	1	0.1936
35	5	0.4641	0	1	-0.2159
35	5	2.14	0	1	-0.9274
35	5	0.1022	1	1	1.115
35	5	0.7884	1	0	-0.07605
35	5	0.02725	1	0	0.03539
35	5	0.4775	1	0	0.8432
35	5	5.455	1	1	-0.693
35	5	0.6792	1	1	2.173
35	5	0.9308	0	0	-0.2493
35	5	0.4973	0	0	-0.1382
35	5	1.78	0	0	-0.03323
35	5	5.377	1	1	-1.379
35	5	0.7342	0	0	0.1283
35	5	0.4573	1	0	-0.3186
35	5	5.108	0	0	-0.864
35	5	5.379	0	0	0.5105
35	5	0.06941	1	0	-0.6454
35	5	0.2118	0	0	0.544
35	5	0.5184	0	0	0.04057
35	5	1.808	1	1	-0.8565
35	5	0.05315	0	0	-1.222
35	5	0.8108	0	0	-0.2998
35	5	1.688	1	1	-0.7284
35	5	1.709	0	0	-0.2864
35	5	5.172	0	0	-0.7438
35	5	2.068	1	1	0.6104
35	5	1.908	0	0	-1.479
35	5	1.229	1	1	0.438
35	5	1.509	0	1	1.405
35	5	0.2615	1	1	-0.5089
35	5	0.337	1	1	-0.3031
35	5	0.343	0	1	-0.8962
35	5	1.867	1	1	-0.03071
35	5	5.286	1	1	-0.9426
35	5	5.529	0	0	-1.266
35	5	0.7871	0	0	-0.1692
35	5	5.397	1	1	-0.691
35	5	0.8737	1	0	-0.7104
35	5	1.088	1	1	-0.3074
35	5	0.008302	1	0	-1.576
35	5	0.2601	1	1	-1.727
35	5	0.159	1	0	2.024
35	5	5.747	0	0	-0.9019
35	5	0.7536	0	0	0.2872
35	5	1.702	1	1	-0.8288
36	5	2.041	1	0	-0.3393
36	5	1.198	0	0	-0.07742
36	5	0.8231	0	1	-0.3435
36	5	5.512	0	0	-0.5406
36	5	0.3489	0	0	0.8468
36	5	0.5565	0	0	1.41
36	5	0.402	0	1	-1.241
36	5	0.3296	0	1	1.279
36	5	1.756	0	0	0.637
36	5	1.742	1	1	-0.7497
36	5	5.282	0	0	-0.8005
36	5	0.1149	0	0	1.609
36	5	5.526	1	1	-1.037
36	5	0.4378	1	0	0.3076
36	5	1.744	1	1	-0.5406
36	5	1.911	1	0	-0.788
36	5	5.283	1	1	0.05077
36	5	1.887	1	0	0.1045
36	5	5.338	0	0	-1.379
36	5	2.044	1	1	-1.014
36	5	0.09178	1	0	0.5745
36	5	0.5615	1	1	0.163
36	5	1.038	1	1	-0.4416
36	5	0.0731	0	0	0.4001
36	5	5.286	1	1	-0.6799
36	5	0.03077	1	0	0.5302
36	5	0.06504	1	1	-0.5239
36	5	0.8983	1	1	0.2874
36	5	5.716	0	0	-0.4135
36	5	0.6199	0	1	-0.4443
36	5	0.8841	1	1	-0.2782
36	5	0.6961	0	0	0.4039
36	5	0.1401	0	1	0.7834
36	5	0.4373	0	1	-0.1747
36	5	5.217	0	0	-0.9189
36	5	0.001808	0	1	-0.6815
36	5	5.306	1	1	-0.7853
36	5	0.6208	1	0	-0.5277
36	5	0.3466	0	1	0.01658
36	5	1.195	1	1	-0.8512
36	5	1.175	0	1	0.3854
36	5	1.83	1	1	-0.9094
36	5	0.2775	1	0	-0.4885
36	5	0.5967	1	1	-0.5634
36	5	1.701	1	1	-0.05625
36	5	1.505	1	1	0.6279
36	5	0.2263	0	1	-0.5522
36	5	0.05211	0	0	0.006784
36	5	5.341	0	0	-0.6108
36	5	0.5072	0	0	-0.3981
37	5	5.456	1	0	2.12
37	5	1.857	0	1	-0.3175
37	5	1.313	1	1	-0.3206
37	5	0.7868	1	0	0.02251
37	5	2.135	1	1	0.2138
37	5	0.4171	1	0	-0.3337
37	5	0.1322	1	1	1.03
37	5	0.7285	0	0	0.4134
37	5	5.353	1	1	-0.583
37	5	0.1036	0	0	0.5867
37	5	0.07813	0	0	0.8487
37	5	5.547	0	0	-0.7853
37	5	1.835	0	0	-0.1994
37	5	0.06922	1	0	-0.3738
37	5	5.588	0	0	-0.1699
37	5	1.721	1	1	-0.5741
37	5	0.7376	0	1	0.2631
37	5	1.499	1	1	-0.4276
37	5	1.297	1	1	-0.9924
37	5	5.587	1	1	-1.031
37	5	0.7725	1	1	-0.4386
37	5	0.4296	0	1	-0.4308
37	5	0.1006	0	0	0.8924
37	5	0.05838	0	1	1.434
37	5	5.255	0	0	-0.9334
37	5	0.628	0	1	3.776
37	5	0.9135	0	1	1.183
37	5	5.644	0	0	-0.3289
37	5	0.368	1	0	1.923
37	5	0.4537	1	1	-0.3448
37	5	0.5783	0	0	1.435
37	5	0.6052	1	0	0.4753
37	5	1.226	0	0	3.901
37	5	1.697	1	1	0.7977
37	5	0.3485	1	0	1.358
37	5	5.457	1	1	-0.3835
37	5	5.202	0	0	-0.4905
37	5	1.891	1	0	1.151
37	5	2.028	1	0	-0.2281
37	5	0.1997	1	0	0.0626
37	5	0.09676	0	1	-0.3994
37	5	1.659	0	1	-0.108
37	5	0.1336	1	1	-1.457
37	5	0.5736	0	1	0.4381
37	5	5.189	1	1	-1.004
37	5	1.121	0	0	-0.8775
37	5	0.4666	0	0	1.121
37	5	0.6409	1	0	-0.8856
37	5	0.4456	1	1	0.1315
37	5	0.7641	0	1	-0.1397
38	5	1.838	0	0	-1.286
38	5	5.453	0	0	-1.178
38	5	1.687	1	1	-1.852
38	5	0.752	0	0	1.254
38	5	5.174	1	1	-0.6594
38	5	5.64	0	0	-0.6618
38	5	0.4065	0	0	-0.02907
38	5	2.407	1	1	1.455
38	5	0.5119	1	1	1.374
38	5	0.9081	1	0	0.3464
38	5	5.378	0	0	-0.4651
38	5	1.975	0	0	-0.5427
38	5	0.5813	1	1	-0.8446
38	5	1.088	1	1	-0.7748
38	5	0.02982	0	1	-0.2529
38	5	0.05212	0	0	0.5784
38	5	5.425	1	1	-0.6245
38	5	1.647	0	0	-0.2902
38	5	0.381	0	0	-0.8062
38	5	1.836	0	1	0.6459
38	5	5.538	1	1	-1.111
38	5	0.7263	1	1	0.3379
38	5	0.3832	1	1	0.09532
38	5	0.09188	1	1	0.106
38	5	1.734	1	1	1.206
38	5	5.523	1	1	-1.067
38	5	0.9563	1	1	0.4728
38	5	0.1374	1	0	0.9436
38	5	0.3823	1	0	-0.2999
38	5	0.4221	1	0	1.014
38	5	0.9988	0	0	-0.2784
38	5	0.6665	1	1	0.9041
38	5	1.939	0	0	-0.4528
38	5	5.425	0	0	-0.3248
38	5	5.233	1	1	-0.3934
38	5	0.879	1	0	3.677
38	5	0.9699	1	1	0.016
38	5	0.2187	0	1	-0.5973
38	5	0.5923	0	1	-1.178
38	5	0.6673	1	1	-0.2283
38	5	1.884	0	1	0.599
38	5	0.2623	0	1	0.182
38	5	0.5854	1	1	-0.5311
38	5	1.687	0	0	0.4358
38	5	5.115	1	1	-0.9531
38	5	0.5403	0	0	5.16
38	5	0.6271	0	0	0.4701
38	5	0.7097	0	0	0.202
38	5	0.9839	0	1	2.101
38	5	0.1981	0	0	-0.2371
39	5	0.5705	1	0	-0.7051
39	5	0.284	1	0	-0.4919
39	5	0.3866	0	0	0.1969
39	5	0.1106	1	1	1.385
39	5	0.3229	1	1	-0.7639
39	5	0.0455	1	0	-0.6994
39	5	0.9512	1	1	-0.8983
39	5	0.7014	0	0	-0.6159
39	5	5.096	0	0	0.3132
39	5	2.067	0	0	4.448
39	5	0.6545	0	1	-0.3045
39	5	1.604	0	1	0.3233
39	5	0.6991	0	0	1.254
39	5	0.3467	1	0	0.5481
39	5	5.831	0	0	1.217
39	5	5.092	1	1	-0.7731
39	5	1.743	0	1	0.7253
39	5	0.2577	1	1	-0.6724
39	5	0.295	1	1	0.8697
39	5	5.447	1	1	-0.8892
39	5	2.139	1	1	-0.1283
39	5	5.629	1	1	-0.9359
39	5	0.577	0	1	0.1723
39	5	0.8842	1	1	-0.4878
39	5	0.6127	1	1	-0.4238
39	5	1.497	1	1	-1.508
39	5	0.6963	0	1	-0.2915
39	5	2.029	0	1	0.9976
39	5	1.36	0	1	1.297
39	5	5.463	1	1	0.0411
39	5	0.04539	0	1	-0.9168
39	5	1.683	0	0	-0.3372
39	5	0.4523	0	1	-0.6139
39	5	0.1942	1	1	-0.225
39	5	0.4457	0	0	2.571
39	5	0.2187	1	0	4.968
39	5	1.642	0	0	-0.4212
39	5	0.7145	0	0	0.1687
39	5	5.403	1	1	-0.6031
39	5	1.658	1	1	-0.4279
39	5	1.299	1	0	0.2333
39	5	1.562	1	1	-0.5143
39	5	5.269	1	1	-1.198
39	5	0.5776	0	0	-0.3573
39	5	1.043	0	0	0.4288
39	5	0.4618	1	0	-0.6794
39	5	5.503	0	0	-0.5142
39	5	5.249	1	1	-0.5459
39	5	0.3822	0	1	1.283
39	5	0.1579	0	0	-0.4826
40	6	0.5901	0	1	-0.009961
40	6	3.654	0	0	-0.2927
40	6	0.5068	0	0	1.032
40	6	3.878	1	1	-0.7496
40	6	0.09126	0	1	0.7365
40	6	3.738	0	0	-0.3478
40	6	0.1262	1	1	0.5285
40	6	0.2802	1	1	-1.189
40	6	0.4488	0	1	-0.7132
40	6	0.3647	0	0	-0.7176
40	6	0.4894	0	1	0.05073
40	6	0.07609	1	1	2.954
40	6	1.003	0	0	-0.436
40	6	0.2213	0	0	0.2279
40	6	0.221	1	1	-0.1442
40	6	0.7506	0	0	0.0345
40	6	1.274	1	1	-0.8227
40	6	0.6175	1	1	-0.8264
40	6	0.5594	1	1	1.897
40	6	0.04524	1	1	0.3926
40	6	0.1502	1	0	0.7899
40	6	0.2953	0	0	0.5833
40	6	1.172	1	1	-0.6705
40	6	1.05	0	1	-0.4315
40	6	0.2299	1	1	-0.6278
40	6	3.464	1	1	0.5073
40	6	0.1772	1	1	-0.7854
40	6	0.2009	0	1	-0.2305
40	6	0.4795	1	0	-0.01388
40	6	3.532	1	1	-0.4415
40	6	0.3089	1	1	0.1181
40	6	3.762	1	1	-0.6431
40	6	0.5593	0	0	1.419
40	6	0.1792	0	1	-0.2796
40	6	0.4309	1	1	-1.644
40	6	1.064	0	1	-0.5296
40	6	0.8452	0	0	-0.2871
40	6	0.8734	0	1	-0.01272
40	6	3.748	0	0	1.137
40	6	0.2822	1	1	-0.5913
40	6	0.7556	1	1	-1.687
40	6	0.2014	0	1	0.08078
40	6	0.5222	1	1	-0.4888
40	6	0.4349	1	1	-0.5115
40	6	0.1597	1	0	1.078
40	6	3.884	1	1	-1.143
40	6	0.1274	1	1	-0.288
40	6	0.1708	1	0	-0.3813
40	6	3.511	0	0	-0.02833
40	6	3.621	0	0	0.6587
41	6	0.2972	0	1	-0.4869
41	6	1.114	0	1	1.601
41	6	0.4902	0	0	-1.214
41	6	0.03225	1	1	-0.5946
41	6	3.489	1	1	-0.664
41	6	0.3304	1	1	0.8793
41	6	3.864	1	1	-0.6666
41	6	0.1196	1	1	-1.997
41	6	3.596	1	1	-0.4664
41	6	0.7793	1	1	-0.4759
41	6	0.1307	0	0	0.8084
41	6	1.293	1	1	-0.3317
41	6	0.5043	0	1	-0.3564
41	6	0.4689	1	1	-0.2935
41	6	0.1727	0	0	-0.4222
41	6	1.193	1	1	-0.4469
41	6	0.3	0	0	0.8011
41	6	3.343	0	0	0.09064
41	6	1.006	1	0	-0.4909
41	6	0.1249	1	0	-0.9632
41	6	0.6106	0	0	-0.447
41	6	0.3907	0	0	-0.1982
41	6	3.826	0	0	-1.587
41	6	0.1133	1	1	-0.1838
41	6	0.1911	1	0	-0.5904
41	6	0.6679	0	0	-0.9151
41	6	0.07388	0	0	-0.6295
41	6	1.219	1	1	1.145
41	6	0.9896	1	1	-0.568
41	6	0.5082	0	0	-0.4282
41	6	0.3441	0	1	2.003
41	6	3.543	1	1	-0.704
41	6	0.6093	1	0	0.6769
41	6	0.1863	1	0	-0.1441
41	6	0.2391	1	1	-0.9202
41	6	0.2792	0	1	-0.5874
41	6	1.313	0	0	0.1747
41	6	0.0005703	1	1	-0.03935
41	6	0.9144	1	0	-0.04222
41	6	0.1548	0	0	-0.0122
41	6	0.108	0	0	0.4721
41	6	0.1281	0	0	-0.1445
41	6	3.991	0	0	-0.5671
41	6	3.592	0	0	-0.68
41	6	3.462	1	1	-0.8182
41	6	0.1081	0	0	0.1051
41	6	0.1139	0	0	-0.009726
41	6	3.569	0	0	0.8456
41	6	0.4123	1	1	-0.6544
41	6	0.4656	1	0	-0.461
42	6	0.6679	0	0	-1.036
42	6	0.07336	1	0	0.2824
42	6	0.997	0	1	0.9847
42	6	0.709	1	1	-1.133
42	6	0.3468	1	1	0.8008
42	6	0.135	1	1	-0.9301
42	6	4.013	0	0	-0.8559
42	6	1	1	1	-0.4686
42	6	0.3004	1	1	-1.06
42	6	0.6693	0	1	0.2509
42	6	0.3057	0	1	0.5109
42	6	0.3764	1	0	0.1001
42	6	3.793	1	1	-1.145
42	6	0.4992	0	0	-0.1331
42	6	0.02358	0	1	-0.1984
42	6	0.8446	1	1	0.1232
42	6	3.781	1	1	-0.955
42	6	0.4999	0	0	-0.4368
42	6	0.04888	0	0	0.8479
42	6	0.2787	0	0	1.021
42	6	0.6642	0	0	-0.5103
42	6	0.4195	1	0	1.219
42	6	0.02487	0	1	-1.32
42	6	0.3759	0	0	-0.4186
42	6	0.3093	1	0	0.3715
42	6	0.7716	0	0	0.4775
42	6	0.1649	1	1	-0.6832
42	6	3.642	1	1	-0.732
42	6	1.028	1	1	-0.4431
42	6	3.57	0	0	0.3835
42	6	0.02907	0	1	-0.5681
42	6	3.776	1	1	-0.6908
42	6	1.037	1	0	0.1288
42	6	0.08585	0	1	-0.1775
42	6	0.4701	0	0	-0.4942
42	6	1.159	0	0	1.004
42	6	0.02619	1	0	0.9954
42	6	3.897	0	0	0.7242
42	6	0.5833	0	0	-0.7734
42	6	0.3873	0	0	0.1965
42	6	1.004	1	1	-0.1001
42	6	3.56	1	1	-0.4942
42	6	0.05069	1	0	-0.372
42	6	0.6617	1	0	0.3523
42	6	0.2614	0	1	1.743
42	6	1.067	1	0	0.6377
42	6	0.5222	1	1	-0.944
42	6	3.821	1	1	-0.7746
42	6	3.779	1	1	-0.8602
42	6	0.008252	1	0	0.1913
43	6	0.8202	0	0	-0.4803
43	6	0.425	0	1	-0.6408
43	6	0.456	0	1	-0.2142
43	6	3.696	1	1	-1.692
43	6	0.1501	1	1	-1.11
43	6	3.554	1	1	-0.4128
43	6	3.491	1	1	-0.9174
43	6	3.633	1	1	-1.117
43	6	0.8702	1	0	-0.05815
43	6	0.6156	0	0	-0.5417
43	6	0.5038	0	1	-1.53
43	6	1.011	0	0	-0.9471
43	6	3.786	1	1	-0.7444
43	6	0.1545	0	0	-0.2492
43	6	3.721	0	0	-0.4657
43	6	0.2359	1	1	-0.6119
43	6	0.5407	0	0	0.6663
43	6	0.04396	0	0	0.07842
43	6	0.8126	1	0	-0.4408
43	6	1.059	0	0	1.131
43	6	0.8576	1	0	-0.09632
43	6	0.2188	0	0	-0.5722
43	6	0.2904	0	0	0.514
43	6	0.1792	1	0	0.2338
43	6	0.09679	1	1	0.6623
43	6	3.104	0	0	-1.387
43	6	0.6696	0	0	0.8462
43	6	0.3862	0	0	-0.4702
43	6	3.769	0	0	0.2518
43	6	0.3077	0	0	-0.2651
43	6	0.09225	1	0	0.08223
43	6	0.3317	1	1	-0.6947
43	6	0.8165	1	0	0.6018
43	6	0.08188	1	0	-0.06523
43	6	0.5606	0	0	1.026
43	6	0.2647	1	1	0.2015
43	6	0.8139	1	1	0.03807
43	6	3.663	1	1	-0.306
43	6	0.9489	1	0	1.176
43	6	0.3667	0	0	-0.1792
43	6	0.5403	1	1	-0.7018
43	6	0.06541	1	0	0.2784
43	6	3.136	1	1	-1.062
43	6	0.05863	1	0	-0.4142
43	6	0.01163	1	1	1.493
43	6	0.6849	1	1	-0.06013
43	6	0.1465	0	1	-0.9098
43	6	0.09799	0	1	0.8627
43	6	0.5516	1	1	-0.4297
43	6	0.002208	0	1	-0.8692
44	6	3.647	1	1	0.3287
44	6	0.6591	0	0	-1.807
44	6	0.403	0	0	-0.892
44	6	0.2024	1	0	0.2548
44	6	1.209	1	0	-0.06773
44	6	0.7658	0	0	0.04553
44	6	0.03668	0	1	0.405
44	6	0.3876	0	0	-0.01259
44	6	1.324	0	0	0.1192
44	6	0.2513	0	0	0.3066
44	6	0.1934	1	0	0.3719
44	6	0.1523	1	1	-0.4726
44	6	1.021	0	1	-0.4528
44	6	0.007346	1	1	-1.523
44	6	3.651	0	0	-0.0796
44	6	0.5455	1	1	0.1506
44	6	3.409	1	1	-1.123
44	6	0.07002	1	0	0.2004
44	6	0.246	0	1	-0.4894
44	6	0.7833	0	0	0.2957
44	6	0.9872	0	0	0.835
44	6	0.9397	0	1	-0.3427
44	6	0.869	1	1	-1.667
44	6	0.1173	0	1	-0.06674
44	6	0.5307	1	1	-0.2535
44	6	0.5957	1	0	0.5863
44	6	0.2433	0	1	-0.5393
44	6	0.5489	1	0	-0.02695
44	6	0.3008	1	0	-0.6903
44	6	0.5949	1	1	0.3517
44	6	3.861	0	0	-0.4899
44	6	0.1591	0	1	-0.4569
44	6	3.492	1	1	-0.7006
44	6	0.6281	0	0	1.453
44	6	0.2288	0	1	-0.5671
44	6	3.876	0	0	0.3058
44	6	0.3234	0	0	-0.7169
44	6	3.804	1	1	-0.8449
44	6	3.391	0	0	-0.8318
44	6	0.1581	0	0	3.005
44	6	0.2087	0	1	-0.6663
44	6	0.03475	1	0	0.1325
44	6	0.05875	0	0	0.7176
44	6	0.3142	0	1	-0.7047
44	6	0.5068	1	0	-0.08383
44	6	3.612	1	1	-1.223
44	6	0.281	1	1	-0.1169
44	6	0.1245	1	0	0.1364
44	6	3.359	0	0	0.4558
44	6	0.1783	1	0	1.52
45	6	3.479	0	0	0.4081
45	6	0.6492	1	1	-0.5178
45	6	0.7279	0	1	-1.092
45	6	0.5581	1	0	-0.6379
45	6	0.1488	0	1	0.18
45	6	0.259	0	0	0.3781
45	6	1.009	0	1	1.834
45	6	0.08343	1	1	-0.05545
45	6	0.2804	1	0	0.4809
45	6	0.1444	1	1	2.378
45	6	0.4178	1	0	1.206
45	6	3.384	1	0	1.158
45	6	0.3723	1	0	-0.4982
45	6	0.455	0	0	0.8083
45	6	0.4475	0	0	-1.213
45	6	0.7103	0	0	0.4996
45	6	3.497	1	1	-0.3498
45	6	0.4702	0	0	-0.2519
45	6	0.6733	1	0	0.8852
45	6	3.868	0	0	0.2625
45	6	3.529	0	0	-0.291
45	6	0.3682	1	0	-0.08505
45	6	0.06917	0	0	1.005
45	6	0.2663	0	0	-0.2957
45	6	0.9871	1	0	-0.6332
45	6	0.2093	0	1	0.3583
45	6	0.1727	0	0	1.545
45	6	0.6715	1	1	-0.2653
45	6	1.025	0	0	-1.281
45	6	3.495	0	0	-0.2143
45	6	0.6902	1	1	1.188
45	6	1.169	0	0	-0.353
45	6	0.1646	1	0	-0.1301
45	6	0.6393	0	1	0.5042
45	6	0.1082	1	1	1.876
45	6	0.2947	1	0	0.6703
45	6	0.2376	1	0	-0.4519
45	6	0.9512	1	1	-0.2012
45	6	3.739	1	1	-0.07975
45	6	3.375	0	0	-0.3719
45	6	0.5346	0	0	-0.6981
45	6	3.527	1	1	-1.117
45	6	0.364	1	1	-0.7916
45	6	0.7527	1	1	-0.9183
45	6	0.06486	0	0	2.337
45	6	0.01446	0	1	1.64
45	6	0.06887	1	0	0.165
45	6	3.62	0	0	-0.2939
45	6	0.2499	0	0	0.4202
45	6	0.9297	1	0	0.05684
46	6	1.122	1	0	0.3241
46	6	0.3259	0	1	-0.4204
46	6	0.7612	0	0	-1.074
46	6	3.647	0	0	0.1696
46	6	0.1368	0	0	0.06703
46	6	0.0483	0	0	-0.7085
46	6	0.3505	0	0	-0.2966
46	6	0.07499	0	1	-0.3643
46	6	0.6358	0	0	-0.39
46	6	0.7424	1	1	-0.4826
46	6	3.698	0	0	-1.038
46	6	0.1085	1	1	0.9883
46	6	3.675	1	1	-0.7052
46	6	0.1463	1	1	0.2621
46	6	0.7527	1	0	0.6598
46	6	1.05	1	1	-1.157
46	6	3.701	1	1	0.1852
46	6	0.8715	1	1	0.5869
46	6	3.804	0	0	0.69
46	6	0.8945	1	1	-0.1345
46	6	0.3968	1	1	0.6264
46	6	0.1284	0	0	0.07825
46	6	0.3458	1	1	-0.05584
46	6	0.01285	1	0	-0.4138
46	6	3.658	1	1	0.1753
46	6	0.07701	0	0	1.297
46	6	0.1297	1	1	0.2927
46	6	0.5398	1	1	-1.089
46	6	3.698	0	0	0.2924
46	6	0.5157	0	1	-0.4921
46	6	0.5384	1	0	-0.848
46	6	0.3566	0	1	-0.1492
46	6	0.04219	0	0	-0.6334
46	6	0.03686	1	0	3.652
46	6	3.556	0	0	-0.4264
46	6	0.2102	1	1	-0.2762
46	6	3.796	1	1	-1.12
46	6	0.5862	1	1	-0.3458
46	6	0.1235	0	1	0.6333
46	6	0.4154	1	1	-0.8173
46	6	0.1533	0	1	-0.36
46	6	0.9456	1	1	-0.7987
46	6	0.3106	1	1	-0.3849
46	6	0.003408	1	1	-0.9567
46	6	0.9463	1	1	0.03371
46	6	0.3906	1	1	-0.1269
46	6	0.04825	1	0	-0.4638
46	6	0.235	0	1	-1.063
46	6	3.822	0	0	1.274
46	6	0.3749	0	1	-0.2777
47	6	3.589	1	1	1.932
47	6	0.5708	0	0	1.235
47	6	0.8576	1	0	0.8364
47	6	0.5178	1	1	-0.02867
47	6	1.172	1	0	0.2084
47	6	0.08933	0	0	-0.01595
47	6	0.5498	1	1	-0.8412
47	6	0.546	0	0	0.6965
47	6	3.463	1	1	-1.095
47	6	0.1329	0	0	-0.6207
47	6	0.356	0	0	-0.007955
47	6	3.612	0	0	-0.121
47	6	0.932	0	0	0.1534
47	6	0.1164	0	0	-0.04988
47	6	3.717	0	0	-0.3178
47	6	0.8579	1	1	-1.62
47	6	0.216	0	0	1.01
47	6	1.458	1	1	0.4437
47	6	0.418	1	0	-0.1127
47	6	3.671	1	1	-0.7912
47	6	0.1199	1	1	-0.7998
47	6	0.2317	0	0	-1.415
47	6	0.1506	0	0	0.1135
47	6	0.03754	1	0	-0.1419
47	6	3.268	0	0	-0.4266
47	6	0.3111	0	0	0.1993
47	6	0.1294	0	0	-0.1626
47	6	3.682	0	0	-0.6077
47	6	0.1425	1	0	0.6036
47	6	0.5602	1	1	0.5925
47	6	0.4632	0	1	-1.241
47	6	0.118	1	1	0.4786
47	6	0.9218	0	0	1.45
47	6	0.9888	1	0	-0.3603
47	6	0.08489	0	1	2.848
47	6	3.623	1	1	-0.4876
47	6	4.006	0	0	-0.7887
47	6	1.085	1	1	-1.022
47	6	1.06	1	1	0.482
47	6	0.5913	1	1	2.1
47	6	0.3787	0	1	0.62
47	6	0.9466	0	0	-0.3425
47	6	0.001634	1	1	-0.7609
47	6	0.4296	0	1	-0.845
47	6	3.782	1	1	-0.8405
47	6	0.4695	0	1	1.315
47	6	0.4356	0	0	0.03268
47	6	0.7353	1	0	-0.3545
47	6	0.1472	1	0	0.3815
47	6	0.5007	0	1	0.2137
48	6	0.9209	0	0	-0.6017
48	6	3.659	0	0	0.2045
48	6	0.955	1	0	2.727
48	6	0.3713	0	1	-0.2396
48	6	4.246	1	1	-0.2932
48	6	3.268	0	0	-0.04508
48	6	0.2229	0	0	0.2186
48	6	1.15	1	1	-0.9136
48	6	0.1806	1	0	-0.5161
48	6	0.07276	0	0	0.5869
48	6	3.424	0	0	-0.2245
48	6	0.6562	0	0	-0.4673
48	6	0.1737	1	0	1.523
48	6	0.3211	1	1	-0.3035
48	6	0.02391	1	0	-0.6129
48	6	0.006526	1	1	-0.2105
48	6	4.234	1	1	-0.6966
48	6	0.6967	0	1	0.2104
48	6	0.2913	0	0	1.196
48	6	0.9932	0	0	0.2336
48	6	3.43	1	1	0.1511
48	6	0.1353	1	0	-0.5571
48	6	0.4176	1	0	-0.288
48	6	0.2953	1	1	-0.3499
48	6	0.3309	1	1	1.468
48	6	3.742	1	1	-0.288
48	6	0.7155	1	0	-0.9099
48	6	0.4303	0	0	-0.421
48	6	0.02796	0	0	0.06224
48	6	0.2331	1	0	-0.4538
48	6	0.3433	0	1	-0.4855
48	6	0.4883	1	1	-0.003591
48	6	1.227	0	1	0.4445
48	6	3.313	0	0	-0.3115
48	6	3.564	1	1	-0.6982
48	6	0.5154	1	0	-0.6019
48	6	0.7753	1	0	1.785
48	6	0.03158	1	1	-0.6948
48	6	0.3954	0	1	-0.06338
48	6	0.5436	1	0	-0.3868
48	6	1.101	0	1	0.07667
48	6	0.01429	1	1	-0.977
48	6	0.01858	1	1	0.7054
48	6	0.6741	0	0	4.566
48	6	3.578	1	1	-0.4486
48	6	0.02261	1	1	-0.7205
48	6	0.3949	0	1	5.969
48	6	0.6708	0	0	0.5958
48	6	0.268	0	0	1.378
48	6	0.1747	0	1	2.692
49	6	0.1151	1	0	-0.2369
49	6	0.4555	1	0	-1.119
49	6	0.06484	0	0	1.617
49	6	0.1492	1	1	-0.527
49	6	0.07228	1	0	-0.1628
49	6	0.1809	0	0	-0.1021
49	6	0.548	1	1	-0.6664
49	6	0.6519	0	1	0.176
49	6	3.975	0	0	-0.7298
49	6	0.8823	0	0	-0.02096
49	6	0.4038	0	0	-0.9307
49	6	0.8903	0	0	-0.3737
49	6	0.1036	1	1	0.05306
49	6	0.002339	0	1	0.5089
49	6	3.688	0	0	2.203
49	6	3.881	1	1	-0.6278
49	6	0.9387	0	0	-0.2629
49	6	0.2006	1	1	-0.7796
49	6	0.3159	1	0	0.3157
49	6	3.615	1	1	-0.9628
49	6	1.333	1	1	-0.7276
49	6	3.289	1	1	-0.6501
49	6	0.2349	0	1	-1.189
49	6	0.7722	1	1	0.197
49	6	0.09271	1	1	0.1965
49	6	1.226	1	0	-0.5993
49	6	0.4119	0	1	0.2938
49	6	0.9335	0	0	-0.478
49	6	0.4585	0	0	0.4995
49	6	3.681	1	1	-1.374
49	6	0.3186	1	1	-0.3532
49	6	0.9548	0	0	-0.5492
49	6	0.07166	0	1	-0.7401
49	6	0.04763	0	1	0.4047
49	6	0.1004	0	0	0.5671
49	6	0.2844	1	0	-2.394
49	6	0.8341	0	0	-0.3688
49	6	0.2757	0	0	0.1155
49	6	3.6	1	0	-0.6309
49	6	0.8158	1	0	-0.3771
49	6	0.5229	1	0	-0.2644
49	6	0.959	1	1	-0.6219
49	6	3.521	1	1	-1.125
49	6	0.03775	1	0	1.011
49	6	0.1706	0	0	-0.3964
49	6	0.5543	1	0	0.4628
49	6	3.857	0	0	-0.3945
49	6	3.496	1	1	-1.676
49	6	0.054	0	1	0.9613
49	6	0.3663	0	0	1.318
