0	2	1.011	1	1	1.224
0	2	3.406	0	0	-0.2702
0	2	0.1319	0	0	-1.299
0	2	5.803	1	1	0.6305
0	2	0.167	1	1	-0.3034
0	2	0.4919	0	0	2.46
0	2	3.504	1	1	-0.1012
0	2	0.5251	1	0	-0.3386
0	2	0.1803	1	1	0.3512
0	2	5.614	1	1	-0.2795
0	2	1.777	0	1	0.5811
0	2	5.335	0	0	0.737
0	2	1.59	1	1	1.263
0	2	1.982	1	1	0.2267
0	2	0.7941	0	1	0.8374
0	2	1.012	1	1	-1.288
0	2	3.358	1	1	-0.4394
0	2	0.3488	1	1	-0.8699
0	2	3.727	0	0	0.5811
0	2	3.517	0	0	0.6405
0	2	1.07	1	1	-1.504
0	2	3.967	0	1	-0.5214
0	2	0.6787	0	1	-0.2777
0	2	1.703	0	1	-2.817
0	2	5.256	0	0	1.82
0	2	0.7961	1	1	-2.618
0	2	1.467	0	1	2.567
0	2	1.898	1	1	-0.898
0	2	5.518	1	1	-0.6897
0	2	5.46	0	0	1.118
0	2	1.908	0	1	0.9145
0	2	1.378	1	1	-0.1977
0	2	5.404	0	0	-0.002302
0	2	3.567	1	1	0.5292
0	2	0.8385	0	1	1.481
0	2	0.4459	0	1	-2.782
0	2	1.706	1	1	-0.2042
0	2	0.5924	0	0	0.5182
0	2	5.463	0	0	1.503
0	2	0.614	1	1	0.9848
0	2	3.435	1	1	0.3263
0	2	0.2233	0	1	1.095
0	2	0.814	0	0	-0.3675
0	2	1.035	0	1	-0.5479
0	2	1.725	0	0	1.454
0	2	3.235	0	0	0.6993
0	2	1.91	1	1	-0.2785
0	2	5.456	0	0	0.241
0	2	3.294	1	1	0.7655
0	2	5.129	1	1	-0.2479
1	2	3.508	0	0	0.1904
1	2	0.8798	0	1	2.358
1	2	5.542	0	0	0.1875
1	2	0.5958	1	1	1.522
1	2	5.122	1	1	0.8787
1	2	0.6354	1	1	0.5079
1	2	0.6275	1	0	1.037
1	2	0.6609	1	1	0.03687
1	2	0.5089	0	0	0.9549
1	2	3.744	0	0	0.8068
1	2	5.664	0	0	0.7262
1	2	1.951	0	0	-0.4594
1	2	0.7298	1	0	0.4894
1	2	3.423	0	0	0.9229
1	2	1.103	0	1	1.059
1	2	1.923	1	1	0.01588
1	2	5.171	0	0	0.651
1	2	1.097	1	1	-1.577
1	2	5.091	0	0	-0.4582
1	2	0.8702	1	1	0.9198
1	2	2.062	0	1	-1.068
1	2	0.9184	1	1	-2.083
1	2	5.79	0	0	-0.3926
1	2	5.375	0	0	-0.04308
1	2	3.803	0	0	-0.8548
1	2	3.441	0	0	0.8391
1	2	2.144	1	1	0.1888
1	2	0.9109	0	1	-0.64
1	2	0.9764	0	1	1.228
1	2	3.909	1	1	0.3545
1	2	0.5136	0	1	-0.479
1	2	0.3215	1	1	-2.143
1	2	3.844	1	1	0.04844
1	2	0.3001	1	1	0.7139
1	2	3.743	0	0	-0.8163
1	2	1.822	0	0	-1.594
1	2	1.711	1	1	0.8838
1	2	0.3578	1	1	0.1156
1	2	3.53	1	1	1.276
1	2	0.6308	1	1	-0.1484
1	2	1.924	0	0	-0.7313
1	2	0.3271	1	1	0.1464
1	2	5.54	0	0	-1.075
1	2	0.9151	1	1	1.339
1	2	5.442	1	1	-0.3904
1	2	3.368	0	0	0.2001
1	2	1.634	0	0	-1.501
1	2	1.86	1	1	-0.367
1	2	0.7159	1	1	0.5013
1	2	5.438	1	1	-0.2815
2	2	1.927	1	1	0.7387
2	2	0.7123	0	0	0.5563
2	2	5.306	0	0	0.4084
2	2	1.857	0	1	1.155
2	2	5.482	1	1	-1.038
2	2	3.628	1	1	-0.09154
2	2	0.4088	0	1	0.9225
2	2	0.9363	1	1	-0.05406
2	2	0.2507	0	1	-0.6122
2	2	1.073	1	1	1.09
2	2	0.9141	1	1	0.08689
2	2	5.458	1	1	0.6534
2	2	1.661	1	1	0.7504
2	2	0.608	0	1	0.04569
2	2	0.5614	0	1	-0.9278
2	2	0.3754	1	1	0.2959
2	2	3.362	0	0	1.12
2	2	3.475	0	0	-0.05215
2	2	0.4638	0	1	1.739
2	2	1.994	0	0	-0.5113
2	2	1.938	0	1	0.3185
2	2	1.097	1	1	-0.3783
2	2	3.658	0	1	-0.1885
2	2	0.961	0	1	0.5711
2	2	1.929	0	1	-1.602
2	2	0.207	1	1	1.484
2	2	1.157	1	1	1.245
2	2	0.7209	1	1	0.03588
2	2	5.204	1	1	-1.069
2	2	0.5539	1	1	0.8429
2	2	0.8952	1	1	0.216
2	2	3.434	0	0	2.083
2	2	1.262	1	1	0.2326
2	2	4.896	1	1	-0.1869
2	2	3.487	1	1	0.42
2	2	3.909	1	1	-1.187
2	2	5.192	0	0	-0.2334
2	2	1.775	1	1	2.08
2	2	3.406	1	1	-2.22
2	2	1.169	0	1	-0.5641
2	2	1.598	1	1	-0.4323
2	2	1.597	0	0	-1.141
2	2	5.528	0	0	-0.1489
2	2	5.292	1	1	1.021
2	2	3.332	0	0	0.2785
2	2	3.347	0	0	-1.812
2	2	0.9835	1	1	0.8798
2	2	5.356	1	1	-1.485
2	2	1.575	0	0	-0.8701
2	2	5.313	0	0	-0.1342
3	2	0.9292	0	1	1.219
3	2	0.5107	0	0	-0.1063
3	2	5.171	0	0	-0.1061
3	2	0.9253	1	0	-0.7761
3	2	2.027	0	0	1.024
3	2	0.6459	0	1	-2.839
3	2	3.219	1	1	0.5154
3	2	0.5009	0	1	1.316
3	2	1.975	1	1	1.332
3	2	1.664	0	0	1.591
3	2	2.045	0	0	-0.7755
3	2	1.393	0	0	-0.3852
3	2	5.287	0	0	0.4748
3	2	1.028	1	1	-0.1687
3	2	0.7124	0	0	0.5379
3	2	3.048	1	1	-0.423
3	2	3.468	1	1	0.1218
3	2	3.739	0	0	-0.3699
3	2	3.476	1	1	-1.251
3	2	0.5979	1	1	0.6316
3	2	3.38	0	0	-0.5042
3	2	0.2231	1	1	0.3144
3	2	0.7854	1	1	0.7659
3	2	3.763	1	1	-1.006
3	2	5.572	1	1	-0.06744
3	2	1.611	1	1	1.158
3	2	0.6868	0	1	-0.008169
3	2	0.402	1	0	-0.3914
3	2	1.918	1	1	-2.663
3	2	0.9522	1	1	0.7741
3	2	1.022	1	1	-0.3291
3	2	3.372	1	1	1.415
3	2	0.1056	1	1	-0.8896
3	2	5.577	1	1	-0.2831
3	2	3.287	0	0	0.2809
3	2	5.565	0	0	1.298
3	2	1.762	0	0	-1.24
3	2	5.022	1	1	-1.304
3	2	5.492	0	0	-0.2316
3	2	3.497	1	1	-0.9827
3	2	5.028	1	1	0.9068
3	2	0.6984	0	0	0.453
3	2	1.765	0	0	1.045
3	2	0.5367	0	1	-0.3677
3	2	0.8639	0	0	-0.1021
3	2	5.365	1	1	-0.127
3	2	1.929	0	0	0.4201
3	2	5.531	0	0	-1.5
3	2	0.6026	0	0	1.002
3	2	0.8252	1	1	-0.6178
4	2	3.226	1	1	1.697
4	2	5.739	1	1	0.2301
4	2	0.7855	0	0	-1.58
4	2	0.6445	0	0	-0.5595
4	2	0.4948	1	1	-1.636
4	2	3.485	1	1	-0.5321
4	2	3.64	0	0	0.6358
4	2	5.142	0	0	-0.6364
4	2	1.196	1	1	0.179
4	2	3.017	1	1	0.4599
4	2	1.983	1	1	1.443
4	2	5.49	0	0	-1.981
4	2	0.7641	1	1	-0.3814
4	2	0.8181	1	1	0.3103
4	2	1.692	0	1	0.8251
4	2	0.5141	1	0	-0.1018
4	2	1.635	0	0	0.4081
4	2	0.347	1	1	-0.3868
4	2	1.649	1	1	-0.1939
4	2	5.183	0	0	-0.7173
4	2	0.4936	0	0	1.956
4	2	1.828	0	0	-0.6743
4	2	3.452	1	1	-0.7342
4	2	5.597	1	1	-0.1171
4	2	0.2042	0	1	1.328
4	2	0.48	0	0	1.499
4	2	3.314	0	0	0.27
4	2	1.645	1	1	0.2267
4	2	5.28	0	0	-0.8686
4	2	0.7683	1	1	-1.263
4	2	0.4977	0	1	1.021
4	2	1.78	1	1	-2.573
4	2	3.894	1	1	0.7958
4	2	5.414	1	1	0.8173
4	2	3.711	1	1	-0.08298
4	2	1.192	0	1	0.3933
4	2	3.61	0	0	0.09855
4	2	1.865	0	1	1.956
4	2	1.603	1	1	1.507
4	2	0.5405	0	1	0.1972
4	2	1.595	0	1	-0.1436
4	2	1.51	1	0	1.093
4	2	5.463	1	1	0.3528
4	2	0.5297	0	1	2.321
4	2	0.69	0	1	1.553
4	2	5.175	0	0	-0.7928
4	2	5.368	0	0	0.217
4	2	1.104	0	1	0.8063
4	2	0.7102	1	1	0.3599
4	2	3.563	1	1	-1.376
5	2	0.6348	0	1	0.7419
5	2	0.8283	1	1	0.2369
5	2	0.2773	1	1	1.07
5	2	5.398	1	1	0.9436
5	2	1.621	0	0	1.529
5	2	5.382	1	1	-1.212
5	2	1.029	0	1	0.4517
5	2	0.7693	1	1	-0.009864
5	2	0.4434	1	1	-0.9681
5	2	0.9105	0	1	0.4901
5	2	5.329	0	0	-0.2698
5	2	0.5185	1	1	0.8942
5	2	1.789	0	0	1.847
5	2	5.384	0	0	-2.499
5	2	5.325	1	1	-2.135
5	2	5.415	1	1	-1.271
5	2	1.78	1	1	-0.001215
5	2	3.7	1	1	1.63
5	2	5.235	1	1	-1.128
5	2	3.876	1	1	-0.6239
5	2	1.838	0	0	0.7084
5	2	4.999	1	1	-0.337
5	2	3.551	1	1	0.5158
5	2	3.175	1	1	-0.2594
5	2	0.8697	0	0	-1.558
5	2	0.4773	0	0	-0.4557
5	2	5.921	1	1	-0.09975
5	2	1.051	0	0	0.671
5	2	0.2278	1	0	-0.528
5	2	1.815	0	0	-0.4479
5	2	1.798	1	1	-1
5	2	1.706	0	0	-1.592
5	2	3.507	0	0	1.201
5	2	0.3541	1	0	-1.328
5	2	3.712	0	0	-1.143
5	2	3.521	0	1	0.05475
5	2	1.709	0	0	-0.2383
5	2	0.8329	1	1	0.1331
5	2	0.9774	1	1	-0.8156
5	2	0.279	0	1	0.2037
5	2	5.423	1	1	-0.6556
5	2	0.8501	1	1	0.2162
5	2	0.1087	1	0	-0.4784
5	2	4.055	0	0	0.5365
5	2	0.1339	0	1	1.161
5	2	0.4345	0	1	-0.4287
5	2	3.617	0	0	1.369
5	2	3.609	1	1	0.2596
5	2	2.015	0	0	-1.95
5	2	2.129	0	0	0.08117
6	2	3.454	0	0	1.208
6	2	1.13	0	0	0.5407
6	2	0.651	0	1	-0.4671
6	2	1.611	1	1	-0.006158
6	2	0.5758	1	1	-0.3295
6	2	5.664	0	0	-0.7541
6	2	1.943	1	1	-0.1131
6	2	0.7415	0	0	0.7001
6	2	3.67	0	0	1.024
6	2	5.614	0	0	-0.195
6	2	0.3306	0	0	-0.137
6	2	5.296	1	1	-1.525
6	2	3.413	0	0	0.8683
6	2	3.563	0	0	1.712
6	2	1.63	0	0	1.782
6	2	5.137	1	1	0.2026
6	2	0.9584	1	1	0.5075
6	2	2.097	1	1	1.391
6	2	5.109	0	0	1.2
6	2	3.266	1	1	1.16
6	2	0.2216	0	0	-0.9168
6	2	0.7811	1	1	-0.7628
6	2	0.486	1	1	-0.4441
6	2	0.3657	0	1	0.9327
6	2	0.7098	1	1	0.1271
6	2	5.384	1	1	0.08219
6	2	0.6007	1	1	-0.2922
6	2	5.024	0	0	-0.1524
6	2	0.8355	1	1	0.08735
6	2	3.531	0	0	-0.4623
6	2	5.591	1	1	-0.1653
6	2	1.658	1	1	-1.333
6	2	0.2525	1	0	-0.8426
6	2	0.3834	1	1	-0.0766
6	2	3.811	0	0	0.02059
6	2	0.7629	1	1	-0.2836
6	2	0.05753	0	1	0.5915
6	2	1.697	0	0	0.832
6	2	3.785	0	0	0.1531
6	2	1.872	1	1	1.179
6	2	5.202	1	1	1.152
6	2	1.459	1	1	-0.3757
6	2	2.116	0	0	0.451
6	2	5.651	0	0	0.4112
6	2	3.384	1	1	1.157
6	2	3.75	1	1	-1.397
6	2	1.099	1	1	1.821
6	2	0.1164	0	1	0.5263
6	2	1.969	1	1	-0.6039
6	2	1.078	0	1	-0.3235
7	2	3.671	0	0	-0.06159
7	2	0.5088	1	0	0.5228
7	2	1.097	1	1	0.7167
7	2	1.089	0	0	0.3841
7	2	0.7904	1	1	-0.1012
7	2	0.6252	0	1	-0.05498
7	2	3.352	0	0	0.336
7	2	0.5909	1	1	-1.388
7	2	3.72	1	1	-0.4841
7	2	2.098	0	1	1.696
7	2	5.503	0	0	0.5774
7	2	5.301	0	0	-0.385
7	2	4.962	1	1	-1.391
7	2	3.428	1	1	0.09417
7	2	5.469	1	1	0.6115
7	2	3.712	1	1	-0.2209
7	2	3.56	0	0	0.8421
7	2	3.29	0	1	-0.5324
7	2	0.8154	1	1	-0.3726
7	2	0.9773	0	0	0.5643
7	2	3.528	1	1	0.1509
7	2	0.8071	1	1	0.7154
7	2	1.128	0	1	1.038
7	2	0.5417	0	1	0.2485
7	2	1.592	1	1	-1.997
7	2	0.8041	1	1	0.05462
7	2	0.3105	0	0	-0.195
7	2	5.334	1	1	0.5767
7	2	0.5505	0	0	0.9055
7	2	5.522	1	1	-0.03315
7	2	0.1823	0	0	0.536
7	2	0.9366	1	1	-0.6514
7	2	1.224	1	1	0.8218
7	2	0.1177	0	1	0.2852
7	2	3.43	1	1	0.7017
7	2	1.651	1	1	0.5028
7	2	0.4845	1	1	0.4354
7	2	1.428	1	1	-1.045
7	2	2.084	0	0	-0.5711
7	2	1.637	1	1	0.7651
7	2	4.889	1	1	-0.4734
7	2	5.179	0	0	-0.9939
7	2	1.985	0	1	0.06022
7	2	0.7677	0	0	0.4906
7	2	0.3492	0	1	-1.281
8	2	1.186	0	1	0.3199
8	2	2.155	0	0	0.2481
8	2	0.4857	1	1	0.3282
8	2	0.5671	0	1	0.01401
8	2	5.3	0	0	-1.781
8	2	3.858	0	0	0.6292
8	2	0.5988	1	1	-0.9176
8	2	5.45	1	1	-1.31
8	2	5.577	1	1	-0.07068
8	2	1.637	1	1	0.4364
8	2	1.698	0	1	0.377
8	2	1.479	0	1	0.426
8	2	2.083	0	0	1.163
8	2	3.467	1	1	0.2501
8	2	0.7124	1	1	-2.925
8	2	3.586	0	0	1.471
8	2	1.936	1	1	-0.7638
8	2	1.543	0	1	-0.84
8	2	1.607	1	1	0.1875
8	2	0.2176	1	1	-0.7805
8	2	3.927	1	1	-2.92
8	2	5.694	0	0	0.4023
8	2	0.2145	1	0	-0.2969
8	2	3.825	1	1	-0.05597
8	2	5.576	1	1	1.082
8	2	1.318	1	1	0.6236
8	2	0.2449	1	1	0.2144
8	2	3.532	1	1	0.09259
8	2	5.108	0	0	-1.252
8	2	1.604	0	1	0.7305
8	2	4.996	0	0	0.1622
8	2	0.747	1	1	-0.6965
8	2	1.092	1	1	0.2671
8	2	1.26	0	0	-0.4077
8	2	0.9609	1	1	-1.506
8	2	0.4505	0	1	-0.7146
8	2	3.781	0	0	-0.3859
8	2	5.543	1	1	-0.6178
8	2	5.124	0	0	-0.7839
8	2	0.9785	1	1	0.9868
8	2	0.7313	0	0	1.182
8	2	0.5971	0	1	0.1862
8	2	3.855	0	0	0.01746
8	2	1.975	0	0	0.9228
8	2	3.556	0	0	0.3742
8	2	0.4632	1	1	-1.742
8	2	0.9831	0	0	1.16
8	2	3.407	0	0	0.04743
8	2	0.7381	1	1	0.4646
8	2	5.56	1	1	-0.06556
9	2	5.36	1	1	0.893
9	2	0.8823	0	0	-0.4659
9	2	0.729	1	1	-0.4456
9	2	0.7319	0	1	1.172
9	2	0.8897	0	0	-1.046
9	2	1.511	1	1	-1.259
9	2	3.586	0	0	-0.5608
9	2	3.4	1	1	-1.768
9	2	2.058	0	0	-1.478
9	2	0.6164	0	0	0.8116
9	2	3.784	1	1	-0.9162
9	2	0.2582	0	0	0.9144
9	2	3.472	0	0	-1.119
9	2	5.369	0	0	0.114
9	2	3.288	1	1	1.542
9	2	1.905	1	1	0.1785
9	2	3.683	1	1	-0.9996
9	2	1.93	1	1	-0.15
9	2	0.8564	1	1	1.555
9	2	5.32	1	1	-0.3058
9	2	0.3812	1	1	-0.6726
9	2	3.596	0	0	-0.4169
9	2	3.675	0	0	1.271
9	2	0.1562	0	1	0.2802
9	2	3.615	0	0	-0.1249
9	2	5.427	1	1	-1.317
9	2	0.3295	1	1	0.07558
9	2	1.508	1	1	1.294
9	2	1.719	0	0	-1.938
9	2	0.2015	1	1	-1.296
9	2	1.78	1	1	0.6906
9	2	1.171	1	1	0.675
9	2	1.973	0	0	0.9655
9	2	1.164	1	1	-1.695
9	2	5.536	1	1	-0.4667
9	2	0.9818	1	1	-1.117
9	2	5.479	0	0	0.4993
9	2	1.746	0	0	-0.6143
9	2	0.1321	1	0	2.219
9	2	1.998	0	0	-0.3251
9	2	5.527	1	1	-0.3173
9	2	5.466	0	0	-0.02997
9	2	5.603	0	0	-0.2026
9	2	5.485	0	0	1.304
9	2	0.9253	0	1	-1.027
9	2	1.018	1	1	-0.3865
9	2	0.4602	0	1	-1.224
9	2	0.9711	1	1	0.4119
9	2	3.636	1	1	0.1411
9	2	1.171	0	1	1.098
10	3	0.9364	1	1	1.077
10	3	3.448	0	0	-1.158
10	3	3.619	0	0	0.4515
10	3	3.638	0	0	0.8288
10	3	5.214	0	0	0.2376
10	3	4.87	1	1	-0.4654
10	3	0.4696	0	1	-1.849
10	3	1.239	1	1	-0.1232
10	3	3.548	1	1	-2.648
10	3	0.4875	0	1	0.332
10	3	5.515	0	0	0.1614
10	3	2.074	1	1	-1.628
10	3	0.9382	0	0	0.2417
10	3	1.797	0	0	0.1164
10	3	1.884	0	0	0.254
10	3	1.958	0	1	0.7322
10	3	0.6971	1	1	-0.172
10	3	1.753	0	0	0.9101
10	3	0.4809	1	1	2.605
10	3	5.457	1	1	0.8579
10	3	4.903	1	1	-1.162
10	3	0.7194	1	0	0.9771
10	3	3.674	0	0	-1.44
10	3	3.778	0	0	0.6039
10	3	5.411	1	1	1.884
10	3	3.586	0	0	0.2237
10	3	3.421	1	1	-0.07416
10	3	1.723	1	1	1.346
10	3	1.959	0	0	1.538
10	3	0.9854	0	1	0.6974
10	3	5.442	0	0	-1.606
10	3	1.06	1	1	0.784
10	3	0.9561	0	1	-0.7819
10	3	5.292	1	1	-1.723
10	3	5.549	1	1	0.8626
10	3	0.2822	0	0	0.02476
10	3	1.332	1	1	-0.4256
10	3	2.078	0	0	-0.7082
10	3	1.794	1	1	0.4505
10	3	0.2736	0	0	-0.4439
10	3	0.7646	1	1	0.1377
10	3	5.32	1	1	-1.421
10	3	3.845	1	1	-0.9961
10	3	0.4286	1	1	1.556
10	3	0.9724	1	1	0.2887
10	3	3.721	1	1	0.9109
10	3	2.085	1	1	0.2153
10	3	0.5432	1	1	-1.356
10	3	0.7705	0	0	1.288
10	3	0.6748	0	0	1.599
11	3	0.4736	0	0	2.792
11	3	5.347	1	1	3.175
11	3	3.659	0	0	-0.6167
11	3	5.22	0	0	-0.03328
11	3	1.056	0	1	0.8377
11	3	1.8	0	0	-0.5582
11	3	3.895	0	0	0.3547
11	3	2.037	1	1	0.05681
11	3	1.003	0	0	-1.224
11	3	0.3004	1	0	-0.6152
11	3	3.878	1	1	0.5465
11	3	1.797	0	0	2.871
11	3	5.431	1	1	-2.409
11	3	5.509	0	0	-0.2238
11	3	3.656	0	0	0.6633
11	3	3.537	0	0	-0.6184
11	3	0.7448	1	1	-0.07649
11	3	5.636	1	1	0.2691
11	3	0.2873	1	0	-0.6705
11	3	3.324	1	1	-0.1134
11	3	5.221	0	0	-0.5943
11	3	0.6189	1	0	0.615
11	3	1.982	0	0	0.19
11	3	3.954	1	1	0.2399
11	3	1.002	1	1	1.092
11	3	0.4365	0	0	1.473
11	3	0.716	1	0	-0.04307
11	3	0.2807	1	0	-0.6419
11	3	1.605	1	1	0.33
11	3	1.713	0	0	1.525
11	3	0.5163	1	1	0.08062
11	3	5.228	0	0	-0.4952
11	3	3.784	1	1	-1.381
11	3	0.9905	1	1	0.2073
11	3	3.82	1	1	0.3064
11	3	0.9527	1	1	1.096
11	3	1.544	1	1	1.493
11	3	0.6373	0	0	0.4124
11	3	2.205	0	1	-1.189
11	3	3.536	0	0	-0.4319
11	3	0.3334	0	1	1.184
11	3	1.628	0	0	0.709
11	3	0.9866	1	1	1.24
11	3	5.667	1	1	0.229
11	3	0.7885	1	1	0.2426
11	3	5.134	0	0	0.258
11	3	5.383	1	1	0.4024
11	3	0.3753	0	0	-1.329
11	3	1.5	1	1	-0.4999
11	3	0.1541	0	1	1.262
12	3	3.469	0	0	2.104
12	3	5.372	1	1	-2.194
12	3	3.599	0	0	1.27
12	3	0.5209	0	1	2.308
12	3	5.518	0	0	-1.545
12	3	3.328	0	0	-0.01753
12	3	0.7154	1	1	0.08711
12	3	3.693	0	0	-0.3802
12	3	0.8576	0	0	1.455
12	3	1.848	1	0	-1.801
12	3	0.4773	1	1	-0.03062
12	3	3.537	1	1	-1.709
12	3	1.955	1	1	-0.1174
12	3	2.087	0	0	0.9635
12	3	3.504	0	0	-0.1612
12	3	0.1892	1	0	1.085
12	3	0.4592	1	1	0.5634
12	3	0.5815	1	1	-0.002286
12	3	1.037	0	1	0.9819
12	3	1.586	1	1	1.926
12	3	3.963	0	0	0.318
12	3	5.411	0	0	-0.4794
12	3	0.7863	1	1	0.04318
12	3	5.308	1	1	0.4919
12	3	0.7053	0	0	0.9652
12	3	1.005	1	1	-0.103
12	3	5.555	1	1	-0.3258
12	3	0.3698	0	0	0.127
12	3	3.371	1	1	0.8319
12	3	1.01	0	0	0.712
12	3	2.21	1	1	-1.589
12	3	5.345	1	1	0.2411
12	3	5.599	0	0	-0.908
12	3	1.738	0	0	1.005
12	3	1.664	0	0	0.4675
12	3	3.681	0	0	-1.571
12	3	1.752	0	1	0.2149
12	3	2.113	1	0	0.9705
12	3	0.8598	0	1	-0.9374
12	3	0.5935	1	1	0.1639
12	3	5.297	0	0	-1.765
12	3	3.724	0	0	1.208
12	3	5.11	0	0	0.7044
12	3	0.6501	1	1	-0.9337
12	3	0.3204	1	1	0.6147
12	3	0.5646	0	1	-0.5373
12	3	1.871	0	0	-0.5614
12	3	0.8501	1	1	-0.4221
12	3	4.968	1	1	0.4794
12	3	0.5091	1	1	0.5644
13	3	5.238	0	0	1.085
13	3	1.085	1	0	0.1666
13	3	3.32	1	1	0.6272
13	3	5.036	1	1	-0.7369
13	3	0.6322	0	0	0.03722
13	3	3.929	1	1	0.1147
13	3	4.041	0	0	-0.2778
13	3	5.653	0	0	0.3571
13	3	0.4258	0	0	0.2882
13	3	1.981	0	0	-2.189
13	3	1.673	1	1	-0.77
13	3	3.651	1	1	0.3522
13	3	3.757	0	0	0.5544
13	3	1.803	1	1	-0.2713
13	3	3.877	0	0	-0.3437
13	3	3.193	1	1	-0.283
13	3	5.224	0	0	0.4768
13	3	0.6953	1	1	-0.5749
13	3	1.659	1	0	2.106
13	3	0.7286	1	0	1.032
13	3	1.491	1	1	-0.08747
13	3	3.516	0	0	-0.03467
13	3	0.5946	0	0	0.1654
13	3	5.426	0	0	-0.7391
13	3	1.87	1	1	2.633
13	3	3.671	1	1	-1.1
13	3	0.9158	1	1	-0.1861
13	3	1.994	1	1	-0.9587
13	3	0.9952	0	1	0.484
13	3	0.5703	1	1	-0.6242
13	3	0.8097	1	0	-0.6696
13	3	0.599	0	0	0.8137
13	3	1.177	0	0	-1.588
13	3	0.381	0	1	1.889
13	3	5.604	0	0	-0.2716
13	3	1.174	1	1	-0.1773
13	3	0.4609	0	0	1.271
13	3	5.39	1	1	-0.112
13	3	1.072	0	1	-1.437
13	3	5.437	0	0	0.6362
13	3	0.3588	0	0	-1.656
13	3	0.2212	0	0	1.133
13	3	5.449	1	1	-1.186
13	3	2.295	1	1	0.2156
13	3	0.3563	1	0	-1.069
13	3	1.772	0	0	-1.622
13	3	5.25	1	1	0.3899
13	3	3.636	0	0	0.4255
13	3	0.5274	0	1	-0.7628
13	3	1.784	0	0	-1.012
14	3	3.52	0	0	3.478
14	3	1.021	0	0	-0.3149
14	3	0.6128	0	0	-0.3014
14	3	5.452	1	1	1.003
14	3	0.5281	0	1	0.3545
14	3	0.7105	1	0	-0.2583
14	3	5.477	1	1	1.609
14	3	1.639	0	0	1.738
14	3	5.653	0	0	-0.1569
14	3	1.522	0	1	-0.3786
14	3	0.7112	0	1	0.4286
14	3	0.4169	1	1	-0.608
14	3	1.895	0	0	-0.3867
14	3	0.4672	0	1	-1.101
14	3	5.143	1	1	-1.837
14	3	1.532	1	0	-0.4366
14	3	3.661	0	0	1.908
14	3	1.899	1	1	-0.8197
14	3	1.901	1	1	1.649
14	3	3.562	1	1	0.284
14	3	3.366	0	0	0.9162
14	3	1.885	1	1	-0.4725
14	3	5.646	1	1	0.1545
14	3	1.888	1	1	-1.365
14	3	0.7338	0	0	-0.7447
14	3	0.6898	0	1	0.3899
14	3	5.31	1	1	-0.2418
14	3	3.764	1	1	-0.6863
14	3	0.404	0	0	-1.111
14	3	1.365	0	0	1.114
14	3	3.986	0	0	0.5552
14	3	0.5539	0	0	-0.2661
14	3	1.986	0	0	0.8111
14	3	0.5093	1	1	0.4748
14	3	0.4195	1	0	0.6813
14	3	3.802	1	1	0.1073
14	3	4.987	0	0	0.4178
14	3	1.212	1	1	0.4291
14	3	1.399	1	1	-0.5036
14	3	5.061	0	0	0.4462
14	3	5.141	1	1	0.5168
14	3	0.7965	1	1	-1.441
14	3	3.804	0	0	-0.7032
14	3	3.736	1	1	-0.7159
14	3	5.108	0	0	-2.165
14	3	0.3726	0	0	-1.928
14	3	0.7006	0	1	1.452
14	3	3.586	1	1	-1.705
14	3	1.11	1	1	-0.4741
14	3	1.134	1	1	-0.2395
15	3	0.1615	0	1	0.7529
15	3	2.071	1	1	0.8201
15	3	1.056	1	1	-0.952
15	3	3.501	1	1	-1.597
15	3	5.493	0	0	-0.3654
15	3	0.9028	0	1	-1.514
15	3	0.4149	0	1	-0.6132
15	3	1.903	0	0	1.303
15	3	0.9196	0	0	0.7387
15	3	1.752	1	1	-0.1665
15	3	3.429	1	1	0.6612
15	3	0.09905	1	1	0.105
15	3	2.105	1	1	1.899
15	3	5.282	1	1	0.008401
15	3	0.81	1	0	1.748
15	3	3.444	1	1	-0.9418
15	3	3.584	0	0	2.712
15	3	2.026	0	0	-0.4917
15	3	0.4406	0	1	0.4453
15	3	5.532	1	1	-0.1807
15	3	5.426	0	0	-0.8452
15	3	3.63	1	1	1.621
15	3	0.1809	1	1	-0.7348
15	3	3.7	0	0	-2.592
15	3	0.5889	0	0	-2.815
15	3	0.3293	1	1	-0.5572
15	3	5.112	0	0	-2.286
15	3	3.702	0	0	2.143
15	3	1.817	0	0	-0.4415
15	3	3.734	1	1	0.1195
15	3	0.5027	1	0	0.321
15	3	5.237	0	0	0.001176
15	3	0.6674	1	1	0.02839
15	3	1.684	0	0	0.7222
15	3	0.2808	1	1	0.6724
15	3	0.8439	0	1	0.7173
15	3	5.51	1	1	-0.2762
15	3	0.5116	1	1	1.052
15	3	1.049	0	1	0.09123
15	3	3.43	1	1	0.2278
15	3	1.634	0	0	-0.09102
15	3	3.395	0	0	-0.2207
15	3	5.541	1	1	0.9654
15	3	1.22	0	0	0.3039
15	3	0.4852	1	1	-0.1637
15	3	1	0	1	1.79
15	3	5.415	0	0	-2.112
15	3	1.595	1	1	0.8512
15	3	5.501	1	1	0.7582
16	3	0.2995	1	0	0.7388
16	3	1.619	0	0	0.3046
16	3	1.835	0	0	-0.5935
16	3	3.514	0	0	-0.0421
16	3	5.367	0	0	1.135
16	3	0.511	0	1	-0.2179
16	3	1.531	1	1	0.2305
16	3	3.703	1	1	-0.5177
16	3	1.142	1	1	0.4893
16	3	0.3553	1	1	0.2471
16	3	5.195	0	0	0.7948
16	3	0.4058	0	0	-1.519
16	3	0.5935	0	0	-0.5145
16	3	3.501	0	0	-0.4828
16	3	0.4332	1	1	-1.845
16	3	1.588	0	0	-0.585
16	3	5.434	0	0	-0.2628
16	3	3.605	1	1	-1.853
16	3	1.085	1	1	-0.9891
16	3	2.05	1	1	0.7313
16	3	3.657	1	1	0.6659
16	3	0.573	0	0	-0.2466
16	3	1.205	0	0	0.007196
16	3	0.2651	1	1	-0.5063
16	3	3.656	1	1	-0.3746
16	3	3.613	1	1	-0.6661
16	3	1.438	0	1	-0.4993
16	3	1.6	1	1	-0.4748
16	3	0.5916	0	0	-1.979
16	3	1.767	1	1	0.7036
16	3	5.225	0	0	-0.264
16	3	1.236	1	1	-2.866
16	3	4.936	1	1	-0.4821
16	3	5.447	0	0	-0.9154
16	3	1.161	1	1	-1.034
16	3	3.714	1	1	0.7196
16	3	0.4721	0	1	-2.396
16	3	0.7093	1	1	-0.8857
16	3	1.166	0	0	-0.3192
16	3	1.099	1	1	1.085
16	3	3.663	0	0	0.01503
16	3	1.876	0	1	0.1124
16	3	5.095	1	1	-0.779
16	3	3.569	1	1	0.07703
16	3	5.17	0	0	0.03814
16	3	0.7904	1	1	0.2796
16	3	0.4771	1	1	0.3
16	3	5.39	0	0	1.393
16	3	1.403	0	0	-0.3337
16	3	5.449	0	0	-0.3692
17	3	3.344	1	1	0.3321
17	3	1.685	0	0	-0.351
17	3	0.9826	1	1	0.08934
17	3	1.708	1	1	-0.1121
17	3	3.525	0	0	-0.8269
17	3	3.737	1	1	0.06614
17	3	1.084	1	1	-0.1385
17	3	1.661	0	0	0.3661
17	3	3.983	1	1	0.2815
17	3	1.115	1	1	-0.3093
17	3	0.8179	0	0	1.221
17	3	0.7597	0	0	-1.27
17	3	1.065	1	1	-0.327
17	3	2.026	1	1	-0.2113
17	3	5.289	1	1	0.2674
17	3	0.1984	1	0	1.704
17	3	1.98	0	0	-1.11
17	3	5.292	0	0	-1.358
17	3	0.418	0	0	0.0414
17	3	1.569	0	0	-0.538
17	3	5.34	1	1	0.6866
17	3	1.307	0	0	-0.5881
17	3	3.778	0	0	-0.7193
17	3	5.262	0	0	1.359
17	3	1.883	0	1	-0.03259
17	3	1.15	0	0	-2.209
17	3	1.262	1	1	0.3682
17	3	0.492	0	0	0.2846
17	3	4.195	1	1	-0.4703
17	3	0.857	1	1	0.627
17	3	5.698	0	0	0.3882
17	3	0.5784	0	1	1.685
17	3	0.9726	0	0	-0.3151
17	3	5.378	1	1	-0.6349
17	3	5.186	0	0	-0.2862
17	3	5.554	1	1	0.03288
17	3	0.4516	1	1	0.811
17	3	5.444	1	1	0.1178
17	3	0.6615	1	0	-0.06049
17	3	3.636	0	0	0.447
17	3	3.837	0	0	-0.8276
17	3	0.9082	0	0	-0.3991
17	3	0.3168	1	0	-1.686
17	3	5.417	0	0	-2.174
17	3	3.636	1	1	-1.284
17	3	1.35	1	1	-0.05435
17	3	1.784	1	1	1.052
17	3	0.537	1	1	-0.5732
17	3	3.173	0	0	-1.761
17	3	0.3943	1	1	-0.18
18	3	5.423	0	0	3.907
18	3	5.305	0	0	0.7023
18	3	0.6165	0	0	0.1075
18	3	4.037	1	1	-0.8886
18	3	0.1885	0	1	-0.164
18	3	1.008	1	1	-0.0683
18	3	3.533	0	0	-0.3334
18	3	0.8169	1	1	-0.3987
18	3	0.7236	0	1	0.6136
18	3	0.4821	1	1	0.9819
18	3	5.124	1	1	-0.7922
18	3	0.9286	1	1	-0.6637
18	3	3.316	1	1	0.7428
18	3	0.7932	0	0	1.016
18	3	0.2438	0	0	0.1675
18	3	1.603	0	0	-0.0209
18	3	0.5177	1	1	-0.235
18	3	0.3649	0	0	0.7254
18	3	5.402	1	1	2.101
18	3	5.32	0	0	-0.9255
18	3	3.8	0	0	-0.9411
18	3	0.4541	0	1	-0.5363
18	3	1.603	0	1	-0.094
18	3	0.3798	1	0	-0.1078
18	3	5.585	0	0	-0.1455
18	3	3.581	0	0	0.4057
18	3	3.546	1	1	-0.5483
18	3	0.05408	1	0	-0.1599
18	3	3.353	0	0	-0.9687
18	3	0.7067	1	1	-0.1908
18	3	5.768	1	1	-3.188
18	3	1.872	1	1	-2.99
18	3	1.911	0	0	-1.101
18	3	0.9016	0	1	0.6838
18	3	0.994	1	0	-0.04065
18	3	1.978	0	0	-0.364
18	3	1.608	1	1	0.9611
18	3	5.616	0	0	-0.8344
18	3	1.521	1	1	-0.5123
18	3	2.14	1	1	-0.8951
18	3	0.5779	0	1	0.3997
18	3	3.636	0	0	-1.068
18	3	0.3263	0	1	0.5953
18	3	1.066	1	1	0.3588
18	3	3.821	1	1	1.216
18	3	1.811	1	1	-0.4845
18	3	5.695	1	1	2.205
18	3	1.511	1	1	-0.5644
18	3	3.826	1	1	-0.2038
18	3	5.5	1	1	-0.05317
19	3	1.523	0	0	1.674
19	3	3.364	0	0	1.324
19	3	0.671	1	1	0.005264
19	3	3.777	0	0	-1.15
19	3	1.891	1	1	0.3446
19	3	5.547	1	1	-0.5163
19	3	1.664	0	0	0.3586
19	3	3.734	0	0	0.1081
19	3	0.4523	0	0	0.5846
19	3	3.653	0	0	0.9996
19	3	0.8793	0	0	-0.4578
19	3	0.535	1	1	1.221
19	3	0.8299	0	0	1.332
19	3	5.5	1	1	1.154
19	3	0.7703	0	1	0.7156
19	3	0.261	0	1	-0.6126
19	3	1.872	1	1	-0.4017
19	3	1.595	0	0	0.93
19	3	0.4652	1	0	0.4219
19	3	0.667	1	1	2.055
19	3	2.22	1	1	1.159
19	3	0.9224	1	0	0.1481
19	3	1.657	0	0	0.3919
19	3	0.2271	0	0	-0.2439
19	3	5.84	0	0	0.5567
19	3	1.775	0	0	0.147
19	3	0.3041	1	1	-0.03294
19	3	3.758	0	0	-0.8588
19	3	0.944	0	1	-0.07246
19	3	3.483	1	1	0.2966
19	3	0.7118	1	1	1.042
19	3	0.3297	1	0	0.4821
19	3	3.606	1	1	0.7171
19	3	0.6143	1	1	0.9501
19	3	0.9209	0	0	0.1495
19	3	1.963	0	0	-0.4526
19	3	0.3444	0	0	-0.443
19	3	3.883	0	0	-1.337
19	3	3.758	1	1	0.6265
19	3	0.5571	1	1	-1.028
19	3	5.599	0	0	0.1015
19	3	5.375	1	1	-0.513
19	3	1.937	0	0	0.7913
19	3	5.675	1	1	0.3819
19	3	5.463	0	0	-0.2126
19	3	5.295	1	1	0.389
19	3	5.563	1	1	-1.17
19	3	5.3	0	0	0.2709
19	3	0.963	1	1	-1.168
19	3	3.152	1	1	-0.7402
20	4	2.065	1	1	1.892
20	4	0.01519	0	1	0.02008
20	4	5.273	0	0	-0.5143
20	4	5.286	1	1	-0.7569
20	4	5.498	1	1	-0.4632
20	4	3.661	0	0	-0.4187
20	4	0.9028	1	0	-0.2323
20	4	0.4291	0	0	-1.301
20	4	0.9926	0	0	-0.9774
20	4	0.653	1	1	2.806
20	4	3.831	0	0	0.1337
20	4	1.114	0	0	1.252
20	4	1.163	1	1	0.2329
20	4	3.638	1	1	-0.8643
20	4	0.5666	0	0	-0.06098
20	4	0.2074	0	0	-1.889
20	4	1.448	0	0	-0.2196
20	4	5.087	0	0	-0.3885
20	4	0.451	1	1	0.4802
20	4	0.4795	1	1	-1.26
20	4	1.854	1	1	0.3978
20	4	0.7705	0	1	-1.012
20	4	3.6	0	0	-0.4181
20	4	3.459	0	0	-0.4349
20	4	5.56	1	1	-1.601
20	4	3.722	1	1	-0.6415
20	4	1.525	1	1	-0.8332
20	4	5.146	0	0	0.5001
20	4	5.584	0	0	-0.1594
20	4	3.792	1	1	0.1909
20	4	5.297	0	0	-0.405
20	4	1.077	1	1	0.3271
20	4	2.031	0	0	0.01609
20	4	0.9382	1	1	0.6445
20	4	0.19	0	0	-1.196
20	4	3.842	1	1	-1.672
20	4	1.803	1	1	-0.3397
20	4	5.267	1	1	-0.4284
20	4	0.6493	1	1	-1.176
20	4	1.236	1	0	-1.314
20	4	3.747	0	0	0.1863
20	4	1.929	1	0	-0.2751
20	4	1.914	1	1	-1.02
20	4	0.6346	1	1	0.2051
20	4	0.9994	0	0	-0.9894
20	4	2.144	1	1	-0.3677
20	4	5.262	0	0	0.5543
20	4	3.742	0	0	-0.7242
20	4	0.7465	0	0	-0.6862
20	4	1.653	0	0	-1.55
21	4	1.746	0	0	1.726
21	4	0.3682	1	1	0.7117
21	4	1.109	0	1	0.1984
21	4	1.805	1	1	1.513
21	4	3.517	0	0	-0.6151
21	4	3.629	0	0	-0.8787
21	4	0.5016	0	0	-1.389
21	4	0.6911	0	0	-2.196
21	4	2.082	1	1	1.492
21	4	5.167	1	1	0.1826
21	4	0.8815	1	0	-0.5299
21	4	0.3758	1	0	-0.7813
21	4	1.493	1	1	-0.627
21	4	5.545	1	1	0.2809
21	4	1.668	1	1	-1.524
21	4	5.298	1	1	0.7509
21	4	3.856	0	0	-1.185
21	4	5.223	1	1	-0.569
21	4	0.6907	0	0	-0.1893
21	4	5.127	1	1	0.9588
21	4	0.7667	0	0	-0.7799
21	4	3.634	0	0	1.951
21	4	0.7409	0	0	-0.1705
21	4	1.496	0	0	1.333
21	4	3.496	1	1	0.3888
21	4	1.276	1	1	0.7032
21	4	1.968	0	0	-0.07375
21	4	5.521	1	1	0.8067
21	4	1.979	0	0	-0.7701
21	4	0.8413	1	0	-0.5153
21	4	0.9198	1	0	1.231
21	4	0.2347	0	0	1.697
21	4	0.531	1	0	1.025
21	4	0.5219	1	1	-0.2517
21	4	3.354	0	0	-0.9164
21	4	0.7609	0	0	0.6051
21	4	0.5642	1	1	0.1765
21	4	0.5333	1	1	-0.3988
21	4	3.634	1	1	1.723
21	4	5.305	1	1	0.6559
21	4	5.317	0	0	-0.926
21	4	3.802	0	0	0.06607
21	4	3.975	0	0	1.485
21	4	5.277	1	1	-0.6026
21	4	0.2811	0	0	-1.21
21	4	0.8606	0	1	0.4895
21	4	2.05	1	1	1.222
21	4	5.266	0	0	-1.059
21	4	0.9126	0	0	-0.2241
21	4	3.624	0	0	0.7401
22	4	1.827	1	1	1.59
22	4	0.0245	0	0	0.4553
22	4	0.508	0	0	0.4398
22	4	0.9485	0	0	-1.928
22	4	3.811	0	0	0.8251
22	4	0.9794	1	1	0.04881
22	4	0.8123	1	1	-0.5872
22	4	1.29	1	1	1.566
22	4	5.35	0	0	-1.085
22	4	1.969	1	1	1.031
22	4	1.119	0	0	-1.468
22	4	0.3649	1	0	0.7382
22	4	5.343	0	0	-2.535
22	4	0.84	1	1	1.629
22	4	1.453	0	0	-0.6264
22	4	5.784	1	1	0.1253
22	4	0.3111	1	0	-0.9154
22	4	0.302	0	0	0.7829
22	4	5.174	1	1	1.061
22	4	3.487	0	0	0.7156
22	4	5.181	0	0	0.03733
22	4	0.243	0	0	0.02418
22	4	3.584	0	0	-0.4948
22	4	5.419	1	1	-0.8162
22	4	1.145	0	0	-0.2109
22	4	0.8516	0	0	-1.152
22	4	5.287	1	1	-0.3179
22	4	0.4372	1	1	0.6809
22	4	0.744	0	0	-1.565
22	4	1.764	0	0	0.09958
22	4	0.6236	1	1	-0.2807
22	4	5.383	1	1	0.2212
22	4	1.992	1	0	1.469
22	4	1.629	1	1	-0.7186
22	4	1.523	0	0	0.007154
22	4	3.601	1	1	-2.146
22	4	3.595	1	1	0.608
22	4	1.35	1	1	-0.5907
22	4	0.4612	0	0	-2.063
22	4	1.782	0	0	1.923
22	4	5.405	0	0	-0.1876
22	4	3.611	0	0	-1.579
22	4	1.91	1	1	-0.09866
22	4	1.042	1	1	-0.4948
22	4	3.705	1	1	-0.7877
22	4	3.858	0	0	0.9603
22	4	3.222	0	0	-1.512
22	4	3.608	1	1	0.6751
22	4	5.308	1	1	-0.2031
22	4	0.5235	0	0	0.7555
23	4	0.7269	1	1	1.993
23	4	2.087	1	1	-0.5698
23	4	0.3169	0	1	-0.2629
23	4	3.935	0	0	-0.9699
23	4	1.396	1	1	1.588
23	4	0.8781	0	0	-0.3488
23	4	0.4771	0	0	0.5135
23	4	1.526	0	0	1.54
23	4	0.6884	1	1	-0.9964
23	4	1.017	1	1	0.1199
23	4	5.409	0	0	0.5525
23	4	0.2135	0	1	-0.1508
23	4	0.7714	0	1	-1.775
23	4	0.392	1	1	-1.665
23	4	4.026	0	0	0.418
23	4	0.2529	1	1	0.2385
23	4	5.846	0	0	0.06452
23	4	1.017	1	1	2.687
23	4	0.5135	0	0	0.2226
23	4	1.109	0	0	-1.07
23	4	1.847	0	0	0.1107
23	4	3.527	0	0	-0.05573
23	4	5.143	1	1	-0.6799
23	4	5.464	1	1	0.06202
23	4	0.6195	0	0	0.7295
23	4	1.97	1	1	-0.09153
23	4	3.334	0	0	0.5345
23	4	3.478	1	1	-0.6341
23	4	2.153	1	1	-0.001373
23	4	0.7452	0	0	-0.5216
23	4	3.693	1	1	1.327
23	4	1.932	0	0	-0.1666
23	4	3.314	0	0	0.4387
23	4	1.861	0	0	1.187
23	4	0.08016	0	0	-1.667
23	4	5.29	1	1	-1.292
23	4	0.7713	1	1	0.7251
23	4	3.587	1	1	-0.3918
23	4	1.627	1	1	0.7987
23	4	1.872	0	0	0.4228
23	4	0.292	0	1	0.1952
23	4	0.6255	1	0	0.3486
23	4	5.487	1	1	-0.8952
23	4	3.635	1	1	1.223
23	4	2.229	1	1	0.2664
23	4	5.222	1	1	-0.08137
23	4	5.483	0	0	-0.291
23	4	5.042	1	1	-0.6995
23	4	3.817	1	1	-0.5518
23	4	5.162	1	1	0.3948
24	4	3.917	1	1	1.804
24	4	0.8118	0	0	0.611
24	4	1.548	1	0	0.7199
24	4	0.9405	1	0	-1.196
24	4	5.486	1	1	-0.4389
24	4	3.49	0	0	0.3564
24	4	1.802	1	0	-0.4595
24	4	1.912	0	0	-0.02778
24	4	3.269	0	0	-0.072
24	4	3.756	0	0	0.8889
24	4	3.49	0	0	-0.2128
24	4	5.442	0	0	-1.05
24	4	0.6294	0	0	-1.054
24	4	0.8743	1	1	0.646
24	4	0.457	1	0	-1.762
24	4	1.834	0	0	-1.849
24	4	5.488	1	1	0.9948
24	4	0.3437	1	1	1.182
24	4	1.86	1	0	0.2941
24	4	0.0955	0	0	-1.039
24	4	0.26	0	0	-0.8576
24	4	5.614	1	1	1.136
24	4	2.203	0	0	0.7254
24	4	0.4054	1	0	0.6296
24	4	5.547	1	1	-1.376
24	4	5.232	0	0	-1.727
24	4	3.609	0	0	-1.085
24	4	3.581	0	0	0.1676
24	4	5.418	0	0	-2.896
24	4	3.814	1	1	0.7703
24	4	1.09	1	1	-0.8561
24	4	0.3678	1	0	0.5098
24	4	3.555	0	0	-0.4689
24	4	1.028	1	0	0.6151
24	4	1.509	1	0	-1.157
24	4	1.649	1	1	0.8886
24	4	5.565	0	0	0.327
24	4	1.799	0	0	1.093
24	4	0.5227	1	0	-0.07049
24	4	1.129	0	1	-0.9579
24	4	5.7	1	1	-0.4925
24	4	0.8065	0	0	0.3833
24	4	0.9896	1	1	-0.04909
24	4	1.054	0	0	0.9159
24	4	0.9107	0	0	0.3869
24	4	0.7585	1	0	-3.157
24	4	5.712	1	1	-1.087
24	4	1.161	1	1	0.5236
24	4	1.936	0	0	-0.2201
24	4	3.606	0	0	-0.5786
25	4	3.657	0	0	3.343
25	4	5.144	0	0	0.6701
25	4	0.5998	0	0	0.1948
25	4	0.6983	0	0	0.5092
25	4	1.634	0	0	0.8015
25	4	1.714	1	1	0.9405
25	4	0.9765	0	1	0.7027
25	4	0.5108	1	0	0.8119
25	4	0.4941	1	1	0.1886
25	4	0.4674	1	1	0.9024
25	4	0.5547	1	0	-0.3342
25	4	3.385	1	1	-0.24
25	4	0.5026	0	1	-2.449
25	4	0.6938	1	0	0.7253
25	4	0.69	0	0	-1.573
25	4	3.513	0	0	-0.907
25	4	1.975	1	1	0.4755
25	4	3.675	0	0	0.7911
25	4	1.065	1	1	0.4093
25	4	1.33	1	1	0.657
25	4	0.3869	1	1	1.432
25	4	1.562	1	1	1.207
25	4	3.848	0	0	-0.3801
25	4	1.096	1	1	-0.5628
25	4	0.7585	0	0	0.5646
25	4	3.997	1	1	-1.226
25	4	5.717	0	0	0.09472
25	4	1.77	0	0	-0.01888
25	4	2.027	0	0	0.03943
25	4	1.782	1	1	2.873
25	4	3.482	1	1	-1.386
25	4	5.395	0	0	-0.5584
25	4	3.66	0	0	-0.09
25	4	0.8333	0	0	-1.038
25	4	1.954	0	0	-0.6926
25	4	5.552	1	1	-0.4151
25	4	5.534	0	0	-0.02653
25	4	0.2156	1	0	-0.0005754
25	4	0.7784	0	0	0.06946
25	4	1.614	0	0	-0.9344
25	4	3.615	0	0	0.6325
25	4	5.291	1	1	0.1031
25	4	0.7095	1	1	-0.6608
25	4	2.152	1	1	0.6067
25	4	5.507	1	1	0.5197
25	4	5.126	1	1	-0.939
25	4	0.8499	0	0	-1.227
25	4	5.363	1	1	0.6353
25	4	3.54	0	0	-3.187
25	4	5.306	1	1	-0.4475
26	4	5.426	0	0	1.94
26	4	1.275	0	0	-0.05081
26	4	1.114	1	1	-0.01771
26	4	3.493	1	1	-0.2558
26	4	1.433	1	1	-0.01345
26	4	5.42	1	1	-0.9285
26	4	0.9311	1	0	1.962
26	4	0.7021	0	0	0.03554
26	4	0.8495	0	0	-0.957
26	4	3.418	0	0	-0.1302
26	4	3.428	1	1	-0.05557
26	4	5.099	0	0	0.0111
26	4	0.445	0	1	-1.494
26	4	0.5164	0	1	0.9153
26	4	3.558	1	1	-1.535
26	4	5.331	0	0	-1.03
26	4	5.292	1	1	-0.3576
26	4	1.004	1	1	1.125
26	4	5.292	1	1	-1.568
26	4	1.575	0	0	-0.2471
26	4	0.9342	1	1	-0.6465
26	4	0.4591	0	0	-0.2587
26	4	0.3605	0	0	-0.2266
26	4	3.573	1	1	1.48
26	4	5.038	0	0	-1.99
26	4	5.499	1	1	0.8443
26	4	3.433	0	0	-2.119
26	4	3.624	1	1	1.686
26	4	0.996	1	0	-0.5631
26	4	3.473	0	0	-0.5869
26	4	0.6372	0	1	0.6282
26	4	5.401	0	0	-2.106
26	4	3.638	0	0	-1.125
26	4	0.5088	1	0	-0.2072
26	4	1.635	0	0	-1.379
26	4	0.8852	1	1	1.43
26	4	1.05	1	1	-1.528
26	4	1.802	0	0	-2.839
26	4	1.783	1	1	-1.028
26	4	0.7497	0	1	1.437
26	4	1.603	1	1	-0.0871
26	4	3.718	1	1	-0.2042
26	4	0.7896	1	1	-0.2747
26	4	2.183	0	0	0.9945
26	4	1.568	0	0	0.1507
26	4	0.3912	0	1	0.8148
26	4	5.453	0	0	0.239
26	4	0.96	0	1	0.6978
26	4	1.728	1	1	0.5666
26	4	1.599	1	1	-0.8904
27	4	3.237	1	1	0.4917
27	4	0.4737	1	0	0.6423
27	4	1.777	1	1	0.8055
27	4	0.6374	1	1	0.4219
27	4	0.3624	1	1	0.7285
27	4	1.013	0	1	1.153
27	4	1.78	0	0	0.5862
27	4	1.931	1	1	1.055
27	4	5.55	0	0	0.2419
27	4	1.032	0	0	0.5316
27	4	0.6328	1	1	-0.0184
27	4	5.421	0	0	1.276
27	4	3.865	1	1	0.8197
27	4	5.593	0	0	-0.5292
27	4	0.3582	1	1	2.846
27	4	3.266	1	1	0.2836
27	4	0.9938	1	1	1.761
27	4	3.332	0	0	-0.7231
27	4	1.639	1	1	-0.6412
27	4	0.5216	0	0	2.602
27	4	0.7517	1	1	0.6084
27	4	2.167	0	0	0.928
27	4	0.9915	0	0	-1.136
27	4	0.5072	0	0	0.7422
27	4	5.381	1	1	2.302
27	4	1.847	0	0	-1.098
27	4	1.923	0	0	-0.05303
27	4	0.8561	0	0	-2.446
27	4	3.333	0	0	0.4639
27	4	1.893	1	1	-0.158
27	4	5.278	0	0	-0.965
27	4	0.8706	0	1	1.08
27	4	0.4293	1	0	0.4095
27	4	3.636	1	1	0.2541
27	4	5.237	0	0	-0.4917
27	4	1.982	0	0	1.029
27	4	3.073	1	1	-1.093
27	4	0.7913	1	1	0.5453
27	4	1.642	1	0	2.306
27	4	0.7369	0	0	0.1987
27	4	3.788	0	0	-0.7313
27	4	5.331	0	0	0.3081
27	4	5.068	0	0	0.452
27	4	0.2905	1	1	-0.5227
27	4	3.625	1	1	-0.8021
27	4	0.7132	0	1	-0.7696
27	4	3.388	1	1	-1.294
27	4	5.264	1	1	0.2384
27	4	5.513	1	1	-0.4656
27	4	0.4895	1	1	0.3529
28	4	0.691	0	0	2.714
28	4	0.8469	1	1	0.8143
28	4	1.148	1	1	0.6097
28	4	3.777	1	1	-0.9647
28	4	1.884	0	0	0.396
28	4	0.8986	1	0	0.3859
28	4	0.9399	0	0	1.21
28	4	0.8531	0	0	-0.2136
28	4	1.871	0	0	0.4874
28	4	3.801	0	0	0.01417
28	4	0.4077	0	0	1.513
28	4	5.209	1	1	-1.019
28	4	3.335	1	1	-0.2903
28	4	5.627	1	1	0.7523
28	4	5.362	0	0	0.1589
28	4	1.709	1	0	0.7282
28	4	3.575	0	0	-0.1935
28	4	0.4742	1	0	-0.219
28	4	1.599	1	1	0.2087
28	4	5.223	0	0	-0.1367
28	4	3.675	0	0	-0.4683
28	4	0.3672	0	0	-0.2661
28	4	0.4323	1	1	-0.6023
28	4	1.175	0	0	0.9419
28	4	1.966	1	0	-1.383
28	4	0.5602	1	0	0.3592
28	4	1.881	1	1	-0.749
28	4	5.224	1	1	-0.6169
28	4	3.654	1	1	-1.006
28	4	0.225	0	1	-0.1055
28	4	3.66	0	0	-0.1215
28	4	1.809	1	1	-0.3681
28	4	0.1616	0	0	-0.1065
28	4	5.408	0	0	-0.2829
28	4	1.973	0	0	-0.2831
28	4	1.702	0	0	-0.1467
28	4	5.515	0	0	-0.243
28	4	1.174	1	1	0.4673
28	4	0.5502	0	0	0.7632
28	4	5.569	1	1	0.8718
28	4	0.7898	0	1	0.945
28	4	5.017	1	1	-0.195
28	4	1.824	1	1	0.5684
28	4	4.138	1	1	0.7367
28	4	5.739	0	0	1.539
28	4	0.8409	0	0	-1.104
28	4	3.646	1	1	-1.272
28	4	3.928	0	0	0.563
28	4	0.9415	0	0	-0.437
28	4	0.5789	1	0	1.653
29	4	3.586	0	0	2.573
29	4	5.36	0	0	0.1617
29	4	5.299	1	1	0.7668
29	4	0.6801	1	0	-1.029
29	4	3.528	1	1	-0.009017
29	4	1.656	0	0	-0.5895
29	4	5.474	0	0	0.1703
29	4	3.2	0	0	-0.4564
29	4	5.247	0	0	0.6943
29	4	1.805	0	0	-0.07015
29	4	0.125	0	0	0.2286
29	4	0.9431	1	1	0.01944
29	4	1.56	0	0	1.641
29	4	1.689	1	0	-0.1065
29	4	0.7521	1	0	1.615
29	4	1.141	1	0	1.878
29	4	0.1835	1	0	0.09266
29	4	3.456	1	1	0.1159
29	4	0.406	0	0	-0.2777
29	4	0.5552	1	1	-0.3744
29	4	0.8389	0	0	-0.7392
29	4	1.647	0	0	-0.04823
29	4	0.9419	0	0	-1.375
29	4	1.545	1	1	-1.317
29	4	0.8197	0	1	-1.048
29	4	5.45	0	0	-0.6791
29	4	0.8989	1	0	1.711
29	4	1.509	0	0	1.203
29	4	3.45	1	1	-2.83
29	4	1.088	0	0	-1.375
29	4	0.8036	1	0	0.03814
29	4	5.062	0	0	-0.9868
29	4	0.9539	0	0	-0.895
29	4	5.464	0	0	0.9967
29	4	0.4829	1	1	0.7788
29	4	5.798	1	1	-1.347
29	4	3.38	0	0	0.8696
29	4	0.6744	0	0	-2.067
29	4	1.18	1	1	0.999
29	4	0.5891	1	0	0.1894
29	4	3.499	0	0	-0.1134
29	4	5.187	1	1	-1.556
29	4	3.591	1	1	1.057
29	4	5.162	1	1	0.5004
29	4	0.2102	0	1	0.07446
29	4	3.578	0	0	-0.8536
29	4	3.573	1	1	-0.9885
29	4	1.953	1	1	1.028
29	4	2.013	1	1	-0.09983
29	4	2.152	1	1	1.319
30	5	1.046	0	0	2.334
30	5	5.434	0	0	0.2141
30	5	5.093	0	0	-0.7925
30	5	3.611	1	1	0.3877
30	5	1.228	0	0	0.7381
30	5	0.4889	1	0	-0.4386
30	5	0.5636	0	1	-0.2531
30	5	2.033	0	1	0.9467
30	5	3.673	1	1	-0.5145
30	5	3.752	1	1	0.09156
30	5	5.407	1	1	-0.3045
30	5	0.9518	1	1	-0.007237
30	5	3.494	1	1	-0.8744
30	5	1.751	0	0	-0.7743
30	5	0.6865	1	1	0.2121
30	5	1.209	1	1	-0.3604
30	5	5.578	0	0	0.5943
30	5	3.422	1	1	0.1942
30	5	0.7401	1	0	0.3111
30	5	1.931	0	0	-1.012
30	5	5.199	0	0	-1.929
30	5	0.9539	0	0	-1.158
30	5	3.302	1	1	0.8497
30	5	3.837	1	1	0.5083
30	5	2.036	1	0	-0.7203
30	5	1.576	0	0	-1.29
30	5	3.888	1	1	0.4225
30	5	0.8555	0	0	0.2554
30	5	1.559	0	0	0.8113
30	5	5.272	0	0	0.08814
30	5	0.1248	0	1	2.009
30	5	0.8814	1	0	-1.505
30	5	1.219	1	0	-0.4917
30	5	5.363	1	1	-0.502
30	5	0.6796	0	0	0.1696
30	5	3.654	1	1	-1.338
30	5	3.495	0	0	1.011
30	5	1.741	0	0	-0.5568
30	5	0.3715	1	1	0.8485
30	5	5.548	1	1	-0.03539
30	5	1.062	1	0	0.7956
30	5	0.5618	0	0	1.03
30	5	5.359	1	1	-1.196
30	5	5.46	0	0	1.127
30	5	1.933	0	0	-0.1819
30	5	1.694	1	0	1.034
30	5	1.532	0	0	-1.578
30	5	0.9375	0	0	-0.1597
30	5	0.5885	1	0	0.5656
31	5	5.384	0	0	1.043
31	5	5.308	1	1	0.6986
31	5	1.842	0	0	-0.2603
31	5	0.2136	1	1	0.1667
31	5	1.816	0	0	-0.9744
31	5	1.778	0	0	0.07055
31	5	1.767	1	1	0.6223
31	5	3.521	0	0	-0.2086
31	5	1.738	1	1	-0.2598
31	5	5.106	0	0	0.3089
31	5	3.668	1	1	1.22
31	5	5.264	1	1	-1.013
31	5	3.773	1	1	-1.224
31	5	0.9364	1	1	0.3059
31	5	2.082	1	0	-0.5067
31	5	0.494	0	0	-0.451
31	5	0.8734	1	1	-0.4374
31	5	1.365	0	0	-0.4425
31	5	0.7482	0	0	1.078
31	5	0.695	1	0	0.6181
31	5	3.653	0	0	0.3571
31	5	2.19	1	1	-0.1077
31	5	3.732	1	1	-0.9899
31	5	0.7001	1	0	0.3035
31	5	1.903	1	1	-0.05243
31	5	0.8908	0	0	1.458
31	5	0.993	0	0	0.3858
31	5	0.3398	0	1	-0.2133
31	5	1.833	0	0	-0.2722
31	5	0.2964	0	0	-1.471
31	5	0.2593	0	1	0.1379
31	5	3.777	1	1	0.2768
31	5	3.707	1	1	-1.407
31	5	5.143	1	1	1.318
31	5	3.713	1	1	-1.664
31	5	5.484	1	1	-1.111
31	5	0.774	0	0	-0.1269
31	5	0.8806	0	0	-0.2516
31	5	0.8807	1	0	-0.3115
31	5	0.7946	1	1	-0.422
31	5	0.4719	0	0	0.1264
31	5	0.8046	1	1	-1.586
31	5	3.591	0	0	0.08227
31	5	5.349	0	0	-0.4481
31	5	0.7539	0	0	-0.3117
31	5	0.6982	0	1	-0.02458
31	5	5.576	0	0	1.013
31	5	5.565	1	1	-0.9455
31	5	3.773	1	1	-0.9773
31	5	5.524	0	0	0.4497
32	5	0.7317	1	1	2.644
32	5	5.185	0	0	0.5465
32	5	5.28	0	0	-0.9649
32	5	5.334	0	0	-2.436
32	5	0.5168	1	1	0.586
32	5	2.07	1	1	0.6811
32	5	3.693	0	0	-0.6638
32	5	3.919	0	0	0.1984
32	5	1.811	1	1	0.1387
32	5	0.6232	1	1	-0.009737
32	5	0.5179	0	1	0.2514
32	5	1.847	0	0	0.4869
32	5	0.7374	1	1	-0.993
32	5	5.248	0	0	0.6667
32	5	1.081	1	1	1.047
32	5	3.836	0	0	-0.0898
32	5	1.059	0	0	-1.4
32	5	3.222	0	0	0.06086
32	5	0.8052	1	1	0.4617
32	5	0.6185	0	1	1.393
32	5	0.3825	0	0	0.3285
32	5	3.78	0	0	-0.8428
32	5	0.5122	0	0	0.08579
32	5	0.2134	0	0	-0.2058
32	5	0.5796	0	0	0.9959
32	5	0.2136	0	1	-1.476
32	5	3.383	1	1	-0.6978
32	5	1.08	0	0	-0.8128
32	5	5.326	0	0	-1.191
32	5	3.835	1	1	1.073
32	5	1.064	0	0	-1.472
32	5	1.762	1	1	0.2084
32	5	1.799	1	1	0.06836
32	5	5.417	0	0	0.1282
32	5	5.305	1	1	0.6101
32	5	5.577	1	1	-0.0008449
32	5	5.476	0	0	1.778
32	5	1.828	1	1	0.2691
32	5	3.512	1	1	0.04128
32	5	0.4448	1	1	0.8945
32	5	2.103	1	1	-0.3419
32	5	0.8544	1	0	2.108
32	5	2.093	1	1	-0.09393
32	5	5.416	0	0	0.1795
32	5	1.799	1	1	-0.5061
32	5	3.679	1	1	-1.307
32	5	0.6159	0	1	-0.147
32	5	1.896	1	1	2.244
32	5	0.842	1	1	-1.944
32	5	3.647	1	1	-0.0676
33	5	1.565	0	0	-1.436
33	5	5.198	1	1	-0.2957
33	5	0.3366	1	0	0.1835
33	5	1.853	1	1	-0.8482
33	5	1.156	0	0	-1.206
33	5	1.032	1	0	-0.9123
33	5	2.003	0	0	-1.508
33	5	3.488	0	0	1.103
33	5	0.8052	1	1	0.1718
33	5	3.368	0	0	0.8046
33	5	5.181	0	0	-0.4479
33	5	2.243	1	1	-0.4833
33	5	0.6823	1	1	0.05945
33	5	5.108	1	1	-0.8896
33	5	2.019	0	0	-0.7307
33	5	5.327	0	0	0.8648
33	5	3.559	1	1	-0.1337
33	5	3.677	0	0	0.5244
33	5	3.223	0	0	-1.284
33	5	1.674	0	0	0.7916
33	5	0.8095	0	0	-0.2932
33	5	3.601	0	0	0.7563
33	5	0.3419	1	1	-2.876
33	5	3.744	1	1	-0.3835
33	5	5.239	1	1	-0.388
33	5	5.217	1	1	-2.036
33	5	2.14	0	0	0.3741
33	5	5.294	0	0	0.4412
33	5	1.107	1	1	-0.8669
33	5	0.822	0	0	-0.8863
33	5	0.3121	1	1	-0.552
33	5	5.54	0	0	-0.1069
33	5	1.003	0	0	-1.193
33	5	5.229	0	0	0.6092
33	5	0.64	0	0	1.079
33	5	1.623	0	0	0.7349
33	5	1.738	1	1	-1.149
33	5	0.9876	1	1	0.854
33	5	1.616	0	0	-0.07669
33	5	0.9139	1	1	1.259
33	5	3.496	1	1	0.3786
33	5	0.18	0	0	-0.6586
33	5	1.148	1	1	-1.115
33	5	3.538	1	1	-0.5276
33	5	5.452	1	1	-1.322
33	5	0.4667	0	0	-0.145
33	5	0.3673	1	0	1.281
33	5	3.36	1	1	-1.642
33	5	0.2851	0	0	0.09975
34	5	0.8061	0	0	1.578
34	5	0.1453	0	1	1.017
34	5	5.659	1	1	0.7533
34	5	0.4272	1	0	-0.1825
34	5	3.687	1	1	-0.1318
34	5	0.589	1	0	0.5018
34	5	1.769	1	1	-0.3939
34	5	5.301	0	0	-1.534
34	5	0.7506	0	0	1.743
34	5	1.945	1	1	0.8344
34	5	0.7333	0	0	-0.5348
34	5	0.3031	1	0	-0.635
34	5	0.7717	1	1	0.601
34	5	1.057	1	1	0.04291
34	5	1.811	0	0	1.167
34	5	0.7029	0	0	0.6887
34	5	0.4899	1	0	-2.587
34	5	5.336	0	0	-1.384
34	5	0.2268	1	0	-0.4878
34	5	5.399	0	0	0.7262
34	5	1.716	1	1	1.405
34	5	0.9995	0	0	1.022
34	5	0.9257	0	0	-0.4001
34	5	5.563	0	0	-0.5986
34	5	3.425	0	0	-0.8156
34	5	5.317	0	0	-0.6946
34	5	1.751	1	1	-0.4062
34	5	3.479	0	0	0.3822
34	5	1.807	0	0	-0.6103
34	5	0.7239	1	1	0.7488
34	5	1.785	0	0	-0.1822
34	5	1.697	0	0	0.1329
34	5	0.8406	1	1	-0.8573
34	5	3.825	0	0	-0.9547
34	5	0.4146	1	0	-0.9279
34	5	0.5427	1	1	0.2046
34	5	1.054	1	1	-0.2533
34	5	3.477	1	1	0.3575
34	5	1.762	0	0	-0.192
34	5	5.456	1	1	0.6044
34	5	0.3932	1	0	-0.7267
34	5	1.74	1	0	-1.42
34	5	3.79	1	1	-0.1881
34	5	3.734	0	0	0.3111
34	5	5.271	1	1	-0.37
34	5	3.825	0	0	0.271
34	5	3.634	0	0	0.12
34	5	5.514	0	0	-1.41
34	5	3.838	1	1	-1.536
34	5	5.542	1	1	0.3777
35	5	0.8588	1	0	3.178
35	5	5.983	0	0	0.3694
35	5	0.5019	0	0	-0.2061
35	5	0.5327	1	1	0.3371
35	5	0.5702	1	0	0.5382
35	5	1.076	1	0	-0.2296
35	5	3.061	0	0	-2.328
35	5	5.012	1	1	0.6987
35	5	0.8682	0	0	-1.01
35	5	1.641	0	0	0.4378
35	5	5.629	1	1	-0.9532
35	5	0.7714	0	0	-0.1951
35	5	0.5354	1	0	-1.397
35	5	1.747	0	0	0.2239
35	5	5.568	1	1	0.2716
35	5	5.291	0	0	0.8037
35	5	1.693	0	0	-0.3768
35	5	1.805	0	0	2.084
35	5	0.6985	1	0	-0.475
35	5	3.473	0	0	1.252
35	5	0.7254	0	0	1.535
35	5	0.4429	0	0	1.258
35	5	3.816	1	1	-0.5306
35	5	5.333	0	0	-1.787
35	5	0.956	0	0	0.3221
35	5	3.307	1	1	0.9108
35	5	3.456	1	1	-0.8604
35	5	1.709	1	1	0.1912
35	5	3.413	1	1	0.1862
35	5	0.7355	1	1	1.593
35	5	1.61	1	1	-1.076
35	5	3.498	1	1	1.058
35	5	0.5082	0	0	-1.069
35	5	0.4851	0	0	0.3097
35	5	3.672	1	1	0.959
35	5	1.884	1	1	-0.2709
35	5	3.327	0	0	-0.5808
35	5	0.8292	1	1	0.655
35	5	5.178	0	0	0.476
35	5	5.104	1	1	0.6002
35	5	5.546	1	1	-0.7671
35	5	0.8674	0	0	0.5771
35	5	1.627	0	0	0.5617
35	5	0.7291	0	0	-0.8214
35	5	1.711	1	1	-0.5469
35	5	5.424	0	0	1.761
35	5	0.3623	0	0	0.5082
35	5	1.353	0	0	-0.697
35	5	1.586	0	0	-0.5899
35	5	3.445	1	1	-0.3098
36	5	0.1095	0	0	1.479
36	5	1.617	0	0	0.7932
36	5	0.8399	0	0	0.07563
36	5	5.266	1	1	0.1712
36	5	0.4606	1	0	1.59
36	5	0.5323	0	0	0.06609
36	5	3.878	0	0	-0.626
36	5	0.4012	1	1	0.1787
36	5	3.276	1	1	0.243
36	5	5.417	0	0	-0.06117
36	5	1.081	0	0	-0.3035
36	5	0.3452	0	0	-1.097
36	5	3.682	1	1	-0.2652
36	5	5.651	1	1	-0.7554
36	5	1.699	1	1	1.008
36	5	3.717	1	1	-0.4515
36	5	0.2886	0	0	-0.8225
36	5	3.491	0	0	-1.279
36	5	0.4583	0	0	0.1155
36	5	0.8409	1	0	1.26
36	5	4.957	1	1	0.6309
36	5	3.139	0	0	-2.066
36	5	1.185	1	0	0.8127
36	5	1.992	0	0	0.4678
36	5	0.6284	0	0	1.46
36	5	1.941	1	0	-0.2017
36	5	0.6239	0	0	-0.01451
36	5	0.7165	1	1	0.7158
36	5	5.324	1	1	0.8693
36	5	0.3933	1	1	0.2049
36	5	1.917	0	0	1.25
36	5	1.626	1	1	0.3827
36	5	5.653	1	1	-0.557
36	5	3.564	0	0	0.0145
36	5	0.9873	1	0	1.431
36	5	5.174	0	0	-0.5905
36	5	1.847	1	1	0.8864
36	5	1.104	0	0	0.3896
36	5	3.592	0	0	0.8385
36	5	5.6	0	0	-0.33
36	5	0.1106	1	0	-0.237
36	5	1.989	1	1	-1.349
36	5	3.264	0	0	-0.2376
36	5	0.9854	0	0	-2.771
36	5	5.223	0	0	-0.2895
36	5	5.519	0	0	-0.176
36	5	1.67	1	1	-0.2411
36	5	3.651	0	0	-0.6516
36	5	0.6515	1	1	0.8806
36	5	2.17	1	1	-0.7033
37	5	0.6782	0	0	0.5865
37	5	0.5669	1	0	2.048
37	5	3.227	1	1	-0.7056
37	5	1.713	0	0	1.051
37	5	1.943	0	0	-1.767
37	5	0.2019	1	0	-0.2768
37	5	5.584	0	0	-3.991
37	5	1.712	0	1	0.1929
37	5	3.863	0	0	0.8923
37	5	0.9775	1	1	-0.2294
37	5	0.9101	1	0	-0.8135
37	5	0.8688	0	0	-0.2881
37	5	5.422	0	0	-1.367
37	5	5.273	0	0	0.511
37	5	3.457	1	1	-0.9721
37	5	0.5528	1	0	1.473
37	5	1.712	1	1	-0.2143
37	5	5.168	0	0	0.6273
37	5	3.863	0	0	1.317
37	5	0.5633	0	0	1.101
37	5	0.3383	0	0	1.124
37	5	0.8634	1	1	1.679
37	5	5.337	0	0	-2.752
37	5	0.6223	1	1	1.232
37	5	1.897	1	1	-2.615
37	5	3.365	1	1	0.9582
37	5	0.9982	1	1	-1.211
37	5	1.291	1	1	-0.9676
37	5	0.452	0	0	-0.854
37	5	0.682	1	1	0.7972
37	5	5.661	1	1	-0.4952
37	5	3.438	0	0	1.048
37	5	5.122	1	1	0.9751
37	5	1.619	1	1	0.09726
37	5	5.178	1	1	-0.8674
37	5	0.8883	1	1	-0.5906
37	5	3.733	0	0	-0.756
37	5	2.128	0	0	0.5713
37	5	0.6585	0	0	-1.043
37	5	1.758	1	1	-0.4551
37	5	0.1858	0	0	0.2323
37	5	1.039	1	1	-0.2993
37	5	3.555	0	0	0.4826
37	5	3.526	0	0	1.627
37	5	0.7686	1	0	-0.6118
37	5	1.595	0	0	0.2668
37	5	3.701	1	1	0.5539
37	5	1.703	0	0	1.261
37	5	5.33	0	0	-0.8786
37	5	5.281	1	1	-0.3056
38	5	1.565	1	1	2.082
38	5	3.44	1	1	0.3058
38	5	3.583	1	1	0.1957
38	5	1.532	1	0	-0.7701
38	5	1.884	0	0	-0.1976
38	5	1.612	0	0	-1.22
38	5	5.828	0	0	-0.2051
38	5	5.303	1	1	0.4577
38	5	1.011	0	0	0.2962
38	5	0.3875	0	0	-1.377
38	5	5.562	0	0	-1.294
38	5	0.5434	1	1	0.3519
38	5	3.59	1	1	-0.6245
38	5	1.882	0	0	-0.6806
38	5	1.005	0	1	1.73
38	5	1.112	1	1	0.02498
38	5	3.397	1	1	0.2276
38	5	3.729	0	0	-0.02234
38	5	1.743	1	1	1.468
38	5	0.5581	0	0	-1.487
38	5	5.522	1	1	0.006924
38	5	5.413	1	1	0.1343
38	5	0.8047	0	0	-0.1629
38	5	0.492	1	0	-1.253
38	5	3.731	0	0	1.169
38	5	1.995	0	0	-0.576
38	5	0.5642	1	1	-1.357
38	5	5.699	0	0	0.3826
38	5	1.868	1	1	0.2957
38	5	0.3915	0	0	-0.9264
38	5	3.761	0	0	-0.3752
38	5	1.491	1	1	-0.1635
38	5	3.467	1	1	0.05193
38	5	0.7916	1	0	-0.02412
38	5	0.2718	0	0	-1.898
38	5	0.9069	0	0	2.323
38	5	0.5107	0	1	0.4804
38	5	5.428	0	0	-1.688
38	5	0.7748	1	1	-0.1415
38	5	5.575	1	1	0.5689
38	5	0.5094	1	1	-0.4611
38	5	3.095	0	0	0.6522
38	5	5.268	0	0	-0.4395
38	5	1.02	0	0	0.004349
38	5	3.346	1	1	-0.5122
38	5	4.986	1	1	-1.09
38	5	1.018	0	0	-0.1039
38	5	0.9085	1	1	-0.4233
39	5	5.703	1	1	2.505
39	5	5.44	0	0	-0.3782
39	5	5.65	1	1	0.2116
39	5	0.6902	1	0	0.5245
39	5	3.585	1	1	-1.878
39	5	0.6003	1	1	0.6916
39	5	0.5159	0	1	0.08227
39	5	2.087	1	1	0.3019
39	5	1.047	0	0	2.57
39	5	0.8409	0	1	1.239
39	5	2.034	1	1	-1.091
39	5	1.369	1	1	1.277
39	5	0.4769	1	1	0.201
39	5	5.317	0	0	0.4425
39	5	1.126	0	0	0.7312
39	5	3.486	1	1	-2.807
39	5	3.606	1	1	-0.4433
39	5	1.532	0	0	-0.04608
39	5	0.4083	0	0	0.6638
39	5	2.005	1	1	-0.1473
39	5	0.8704	1	1	-1.311
39	5	0.6877	0	0	-0.7407
39	5	0.6562	1	0	-0.6157
39	5	3.884	1	1	-0.06511
39	5	3.447	0	0	-0.6934
39	5	0.9552	1	1	0.1447
39	5	0.62	1	1	1.039
39	5	3.828	1	1	0.3927
39	5	3.728	1	1	0.6806
39	5	3.621	0	0	-0.6718
39	5	5.248	1	1	0.008969
39	5	0.4297	0	0	-0.4448
39	5	0.7002	0	0	-1.873
39	5	0.466	1	0	0.6802
39	5	0.5928	0	0	-0.9348
39	5	5.431	0	0	0.02864
39	5	3.36	0	0	0.2208
39	5	1.985	0	0	0.7453
39	5	0.6471	0	0	-1.472
39	5	3.457	1	1	1.852
39	5	5.432	1	1	-0.05182
39	5	1.32	0	1	1.749
39	5	0.2441	0	0	0.9131
39	5	1.743	0	0	-0.1151
39	5	1.629	0	0	0.1171
39	5	5.469	0	0	-2.213
39	5	1.666	1	1	-0.2173
39	5	5.395	0	0	0.9414
39	5	5.214	1	1	0.2776
39	5	1.537	1	0	-0.7217
40	6	1.049	0	1	2.952
40	6	5.426	0	0	1.573
40	6	5.084	0	0	-3.607
40	6	3.609	1	1	1.165
40	6	1.228	0	1	0.1597
40	6	0.5269	1	1	0.2241
40	6	0.5643	0	1	-1.959
40	6	2.029	0	1	2.13
40	6	3.663	1	1	-2.13
40	6	3.753	1	1	-1.584
40	6	5.397	1	1	-0.7469
40	6	0.9427	1	1	0.8775
40	6	3.491	1	1	0.7735
40	6	1.755	0	0	-0.2522
40	6	0.6816	1	1	0.6195
40	6	1.213	1	1	-1.615
40	6	5.572	0	0	0.5775
40	6	3.427	1	1	0.4377
40	6	0.7368	1	1	-0.4417
40	6	1.936	0	0	-0.4628
40	6	0.6388	0	0	0.1035
40	6	5.197	0	0	-0.676
40	6	0.9547	0	0	-0.3358
40	6	3.3	1	1	-3.504
40	6	3.839	1	1	-1.082
40	6	2.036	1	1	0.1106
40	6	1.576	0	0	-1.155
40	6	3.884	1	1	-0.9369
40	6	0.8423	0	0	-1.096
40	6	1.556	0	0	-1.142
40	6	0.4845	0	0	0.4447
40	6	1.018	1	1	-0.9188
40	6	1.215	1	0	-0.3038
40	6	5.362	1	1	0.1438
40	6	0.6835	0	0	0.03422
40	6	3.661	1	1	0.6413
40	6	3.495	0	0	0.6724
40	6	1.744	0	0	0.8967
40	6	0.3723	1	1	1.214
40	6	5.543	1	1	-1.362
40	6	1.055	1	0	0.09245
40	6	0.5661	0	0	-1.868
40	6	5.362	1	1	0.5119
40	6	5.454	0	0	-0.0147
40	6	1.926	0	0	0.8799
40	6	1.698	1	1	0.5851
40	6	1.533	0	0	-0.7265
40	6	0.9325	0	0	-0.4917
40	6	0.5942	1	1	0.2231
41	6	5.266	0	0	-0.6092
41	6	5.558	1	1	1.119
41	6	1.588	0	0	-0.3088
41	6	0.5239	1	1	-0.08148
41	6	2.172	0	0	-0.2599
41	6	1.579	0	0	-0.5248
41	6	1.257	1	1	0.3012
41	6	3.478	0	0	-0.9162
41	6	1.714	1	1	0.121
41	6	5.445	0	0	0.02198
41	6	3.845	1	1	-0.5277
41	6	5.532	1	1	-0.8121
41	6	3.649	1	1	0.1089
41	6	1.07	1	1	-0.1225
41	6	1.975	1	1	0.2463
41	6	0.3058	0	0	-1.034
41	6	0.1087	1	1	1.43
41	6	1.382	0	0	-0.5444
41	6	1.039	0	0	0.06505
41	6	0.3396	1	0	-0.6037
41	6	3.478	0	0	-0.5986
41	6	1.834	1	0	0.7115
41	6	3.239	1	1	0.3995
41	6	1.048	1	0	0.5428
41	6	1.998	1	1	0.15
41	6	0.7388	0	0	-0.3014
41	6	0.2694	0	0	-1.04
41	6	0.4736	0	0	0.3639
41	6	1.846	0	1	1.626
41	6	0.7042	0	0	0.3867
41	6	0.493	0	1	0.7385
41	6	3.575	1	1	1.764
41	6	3.661	1	1	-1.342
41	6	5.328	1	1	-0.6031
41	6	3.753	1	1	0.7133
41	6	5.571	1	1	-0.2615
41	6	0.6532	0	0	0.07459
41	6	0.8292	0	0	-0.2034
41	6	0.7852	1	0	-0.1372
41	6	0.6053	1	1	-0.07398
41	6	1.167	0	0	-0.08837
41	6	1.103	1	1	-1.127
41	6	3.658	0	0	-1.465
41	6	5.386	0	0	-1.166
41	6	0.3243	0	0	1.731
41	6	1.084	0	0	0.2028
41	6	5.154	0	0	1.358
41	6	4.898	1	1	0.5405
41	6	3.787	1	1	0.269
41	6	5.576	0	0	-0.11
42	6	0.4025	1	1	2.271
42	6	5.28	0	0	0.1427
42	6	5.298	0	0	0.1328
42	6	5.216	0	0	-0.3141
42	6	0.2566	1	0	1.641
42	6	1.676	1	1	-0.1091
42	6	3.784	0	0	-1.668
42	6	3.487	0	0	0.234
42	6	2.04	1	1	0.7973
42	6	0.5751	1	1	0.5908
42	6	0.5089	0	0	0.05044
42	6	1.876	0	0	-0.6838
42	6	0.6639	1	1	0.4147
42	6	5.382	0	0	1.626
42	6	0.6667	1	1	0.538
42	6	3.595	0	0	1.133
42	6	0.7229	0	0	-0.7818
42	6	3.685	0	0	1.043
42	6	1.018	1	0	-0.114
42	6	0.7276	0	0	-0.1169
42	6	0.6734	0	0	-0.2642
42	6	3.567	0	0	-0.8195
42	6	0.8503	0	0	0.03111
42	6	0.3355	0	0	-0.3213
42	6	0.8846	0	0	-1.066
42	6	0.6062	0	0	0.8413
42	6	3.774	1	1	-0.2144
42	6	0.7066	0	1	2.662
42	6	5.386	0	0	-1.042
42	6	3.472	1	1	0.8151
42	6	0.9326	0	0	1.025
42	6	1.542	1	1	0.1293
42	6	1.93	1	1	0.4944
42	6	5.119	0	0	-2.283
42	6	5.544	1	1	0.1177
42	6	5.548	1	1	-0.01936
42	6	5.603	0	0	-1.863
42	6	1.615	1	1	-0.8491
42	6	3.612	1	1	-0.9621
42	6	0.5487	1	0	1.857
42	6	1.669	1	1	0.2198
42	6	1.124	1	1	-0.8601
42	6	1.618	1	1	0.4575
42	6	5.29	0	0	0.06612
42	6	1.915	1	1	-0.9037
42	6	3.801	1	1	0.2373
42	6	0.8556	0	0	0.5953
42	6	1.631	1	1	0.7097
42	6	0.5685	1	0	-0.06728
42	6	4.019	1	1	0.2786
43	6	0.177	1	1	1.18
43	6	1.972	0	0	0.4816
43	6	5.256	1	1	-1.492
43	6	0.6245	1	0	3.872
43	6	2.006	1	1	-0.4838
43	6	1.189	0	0	-0.5568
43	6	0.7207	1	1	-0.3035
43	6	1.89	0	0	-1.624
43	6	3.61	0	0	0.008149
43	6	1.141	1	1	0.9138
43	6	3.486	0	0	0.4984
43	6	4.907	0	0	-0.009354
43	6	2.148	1	1	-0.5412
43	6	0.4655	1	1	-0.1175
43	6	5.153	1	1	-1.12
43	6	1.611	0	0	-0.006103
43	6	5.361	0	0	0.1072
43	6	3.328	1	1	-0.9321
43	6	3.635	0	0	-0.04712
43	6	3.749	0	0	-0.5923
43	6	1.791	0	0	-1.173
43	6	1.068	0	0	1.212
43	6	3.85	0	0	-0.769
43	6	0.4453	1	1	0.1613
43	6	3.809	1	1	0.2116
43	6	5.522	1	1	-0.6014
43	6	5.245	1	1	-0.3719
43	6	1.783	0	0	0.4731
43	6	5.133	0	0	-0.01009
43	6	0.925	1	1	-0.0671
43	6	1.054	0	0	-0.9978
43	6	0.4088	1	1	-1.199
43	6	5.85	0	0	-0.8804
43	6	0.984	0	0	0.3725
43	6	5.238	0	0	0.1606
43	6	0.5284	0	0	0.5086
43	6	1.893	0	0	-1.334
43	6	1.918	1	1	1.079
43	6	0.8038	1	1	-0.1205
43	6	1.757	0	0	-0.3527
43	6	0.9901	1	1	-0.5533
43	6	3.284	1	1	-0.6324
43	6	0.6913	0	1	1.433
43	6	1.031	1	1	0.2082
43	6	4.058	1	1	0.868
43	6	5.412	1	1	-0.2951
43	6	0.5211	0	1	1.321
43	6	0.3567	1	0	-0.1708
43	6	3.707	1	1	-0.3598
43	6	0.6208	0	0	0.01002
44	6	1.023	0	0	2.301
44	6	0.4419	0	0	0.389
44	6	5.129	1	1	0.2246
44	6	0.5918	1	0	0.3341
44	6	3.526	1	1	-0.08147
44	6	0.5794	1	0	0.3453
44	6	1.877	1	1	-0.322
44	6	5.469	0	0	-0.08423
44	6	0.8187	0	0	-0.08488
44	6	1.658	1	1	0.5388
44	6	0.7589	0	0	0.4632
44	6	0.2451	1	1	-0.6384
44	6	0.5882	1	0	-0.1814
44	6	1.165	1	1	0.535
44	6	1.902	0	0	-1.146
44	6	0.4372	0	1	0.89
44	6	0.4373	1	1	0.3509
44	6	5.674	0	0	-0.6657
44	6	0.4612	1	1	2.478
44	6	5.201	0	0	-0.8899
44	6	1.762	1	1	-0.7477
44	6	0.6292	0	0	1.737
44	6	1.036	0	0	-0.4679
44	6	5.037	0	0	-0.09419
44	6	3.171	0	0	0.1464
44	6	5.297	0	0	1.344
44	6	1.69	1	1	-0.8155
44	6	3.418	0	0	1.173
44	6	2.014	0	0	0.3637
44	6	0.7277	1	1	-0.2524
44	6	1.717	0	0	-1.144
44	6	1.732	0	0	0.4057
44	6	0.7955	1	1	0.1045
44	6	3.611	0	0	-0.4507
44	6	0.6456	1	0	-0.9634
44	6	0.9377	1	1	0.1664
44	6	0.8537	1	1	-0.4941
44	6	3.741	1	1	-1.759
44	6	1.982	0	0	0.1557
44	6	5.56	1	1	-0.1112
44	6	0.542	1	1	-0.4648
44	6	1.539	1	1	0.8435
44	6	3.659	1	1	0.2569
44	6	3.322	0	0	-1.046
44	6	5.581	1	1	-1.265
44	6	3.307	0	0	0.8354
44	6	3.423	0	0	-2.341
44	6	5.441	0	0	-0.01895
44	6	3.591	1	1	-0.5053
44	6	5.015	1	1	-0.06623
45	6	0.586	1	1	2.469
45	6	5.191	0	0	-0.5498
45	6	0.1115	0	1	0.7819
45	6	0.486	1	1	0.01222
45	6	0.618	1	0	0.7603
45	6	0.8348	1	1	0.4848
45	6	3.65	0	0	1.393
45	6	5.183	1	1	-1.128
45	6	0.7702	0	0	-0.3689
45	6	2.03	0	0	-1.557
45	6	5.438	1	1	0.2956
45	6	0.909	0	0	-0.04149
45	6	0.5521	1	0	0.6878
45	6	1.323	0	0	-0.0008668
45	6	5.37	1	1	-1.788
45	6	4.908	0	0	2.01
45	6	1.905	0	0	-0.7956
45	6	1.498	0	0	-1.621
45	6	1.001	1	1	-1.011
45	6	3.784	0	0	2.015
45	6	0.94	0	0	1.265
45	6	0.6739	0	0	0.505
45	6	3.659	1	1	0.04316
45	6	5.585	0	0	-1.484
45	6	0.8085	0	0	2.683
45	6	3.678	1	1	0.4016
45	6	3.672	1	1	0.6028
45	6	1.646	1	1	0.964
45	6	3.823	1	1	-0.1259
45	6	0.6566	1	1	1.301
45	6	1.634	1	0	2.472
45	6	3.983	1	1	-0.3049
45	6	0.259	0	0	1.033
45	6	0.5407	0	1	-0.1377
45	6	3.752	1	1	-1.052
45	6	1.864	1	1	-0.5568
45	6	3.697	0	0	1.123
45	6	0.4758	1	0	-1.834
45	6	5.117	0	0	-1.667
45	6	5.335	1	1	-0.5085
45	6	5.554	1	1	-1.229
45	6	0.9599	0	0	0.3885
45	6	1.845	0	0	0.06517
45	6	0.8741	0	0	-1.325
45	6	1.68	1	1	-0.5962
45	6	5.378	0	0	0.3678
45	6	0.604	0	1	0.5638
45	6	1.205	0	0	2.353
45	6	2.051	0	0	-0.5642
45	6	3.267	1	1	0.7088
46	6	0.3984	0	1	3.093
46	6	1.554	0	0	0.2851
46	6	0.2922	0	1	-0.7146
46	6	5.505	1	1	0.3274
46	6	1.168	1	1	0.1472
46	6	0.8015	0	0	1.475
46	6	3.255	0	0	1.521
46	6	0.3399	1	0	0.307
46	6	3.568	1	1	0.4254
46	6	5.39	0	0	-1.914
46	6	0.6946	0	0	-0.8389
46	6	0.6183	0	0	-0.6812
46	6	3.315	1	1	-1.097
46	6	5.49	1	1	-0.4517
46	6	1.922	1	1	-0.5414
46	6	3.589	1	1	-0.6091
46	6	0.4789	0	1	0.4737
46	6	3.294	0	0	1.088
46	6	0.6618	0	0	-0.8282
46	6	0.6573	1	1	0.6703
46	6	5.447	1	1	0.2149
46	6	3.624	0	0	0.04153
46	6	0.9559	1	0	-0.6634
46	6	1.528	0	0	-1.271
46	6	0.2036	0	0	0.2429
46	6	1.547	1	1	0.6028
46	6	1.074	0	1	-0.6343
46	6	1.106	1	1	-0.452
46	6	5.59	1	1	-0.5037
46	6	0.3972	1	1	-0.1152
46	6	1.989	0	0	1.808
46	6	1.559	1	1	1.599
46	6	5.368	1	1	-1.081
46	6	3.242	0	0	-0.3197
46	6	1.275	1	0	-0.6273
46	6	5.45	0	0	-0.0108
46	6	2.095	1	1	-0.2102
46	6	1.123	0	1	-0.91
46	6	3.497	0	0	-0.8908
46	6	5.373	0	0	-1.257
46	6	0.722	1	1	0.4607
46	6	1.94	1	1	-1.291
46	6	3.517	0	0	-0.576
46	6	1.104	0	0	-0.5631
46	6	5.386	0	0	-0.8014
46	6	5.626	0	0	-0.6321
46	6	1.529	1	1	-1.722
46	6	3.372	0	0	-1.184
46	6	0.4382	1	1	-0.7615
46	6	1.749	1	1	0.9207
47	6	0.8397	0	0	2.873
47	6	0.407	1	1	0.3281
47	6	3.663	1	1	-0.4877
47	6	2.096	0	0	-0.1885
47	6	1.637	0	0	0.8632
47	6	0.2485	1	1	1.288
47	6	5.495	0	0	-1.466
47	6	1.621	0	0	-0.3519
47	6	3.506	0	0	-0.9763
47	6	0.7332	1	0	1.26
47	6	1.205	1	1	0.04497
47	6	0.9951	0	1	0.5025
47	6	5.297	0	0	-0.4556
47	6	5.61	0	0	-0.0114
47	6	3.115	1	1	-0.6244
47	6	0.5688	1	1	2.57
47	6	1.617	1	1	-0.8796
47	6	5.436	0	0	-0.08608
47	6	3.476	0	0	-0.7955
47	6	0.2069	1	0	0.3947
47	6	0.3218	0	1	0.5894
47	6	0.3545	1	1	-1.283
47	6	5.042	0	0	1.118
47	6	0.8479	1	1	0.1863
47	6	1.603	1	1	-0.6161
47	6	3.601	1	1	-1.403
47	6	1.154	1	1	1.158
47	6	0.8462	1	1	0.5434
47	6	0.1605	0	1	0.7794
47	6	0.7259	1	1	0.3035
47	6	5.393	1	1	-0.9805
47	6	3.81	0	0	-2.74
47	6	5.266	1	1	-0.1647
47	6	1.769	1	1	-0.2995
47	6	5.205	1	1	-1.956
47	6	1	1	0	-0.4926
47	6	3.618	0	0	-0.7392
47	6	1.836	0	0	-0.5523
47	6	0.3462	0	1	0.2796
47	6	1.923	1	0	1.399
47	6	0.22	0	0	-1.232
47	6	0.9135	1	1	-1.505
47	6	3.564	0	0	1.485
47	6	3.344	0	0	-0.4482
47	6	0.393	1	0	-0.5999
47	6	1.753	0	0	-0.4844
47	6	3.895	1	1	0.5933
47	6	1.879	0	0	1.393
47	6	5.389	0	0	0.1724
47	6	5.266	1	1	-1.883
48	6	1.685	1	1	1.169
48	6	3.636	1	1	-0.1308
48	6	0.4072	1	1	1.511
48	6	1.82	1	1	0.3433
48	6	3.551	1	1	0.6777
48	6	1.841	1	1	1.125
48	6	1.906	0	0	-0.9745
48	6	1.874	0	0	0.5074
48	6	5.534	0	0	1.062
48	6	5.536	1	1	-1.655
48	6	0.9087	0	0	0.1911
48	6	0.4903	0	0	0.4472
48	6	5.293	0	0	-0.8808
48	6	0.4847	1	1	1.275
48	6	3.623	1	1	-0.1918
48	6	1.483	0	0	0.9397
48	6	0.8056	0	0	1.313
48	6	0.8828	1	1	1.209
48	6	3.623	1	1	1.026
48	6	3.733	0	0	0.1767
48	6	1.661	1	1	-1.304
48	6	0.5744	0	0	0.2898
48	6	5.224	1	1	-0.9287
48	6	5.247	1	1	-0.6112
48	6	1.15	0	0	0.4721
48	6	0.5148	1	0	0.8219
48	6	3.792	0	0	-0.204
48	6	1.69	0	1	0.05538
48	6	0.6338	1	1	0.4974
48	6	5.37	0	0	0.2843
48	6	1.745	1	1	1.709
48	6	0.2018	0	0	0.4851
48	6	3.406	0	0	-2.512
48	6	2.114	1	1	0.03114
48	6	3.625	1	1	1.465
48	6	0.5171	1	1	0.9989
48	6	0.2246	0	0	1.123
48	6	0.8234	0	0	0.6853
48	6	0.2225	0	0	-0.08545
48	6	5.681	0	0	-0.01306
48	6	0.7762	1	1	-0.4073
48	6	5.682	1	1	-0.6987
48	6	0.9849	1	0	1.268
48	6	3.568	0	0	-0.5444
48	6	5.238	0	0	0.2601
48	6	1.161	0	0	-0.03351
48	6	3.69	1	1	-0.4935
48	6	5.383	1	1	0.1735
48	6	0.9321	0	0	0.6477
48	6	0.9365	1	0	0.5188
49	6	5.592	1	1	2.237
49	6	5.294	0	0	0.8454
49	6	5.281	1	1	-0.4026
49	6	0.4846	1	1	-0.04125
49	6	3.626	1	1	0.2106
49	6	0.5998	1	1	0.1611
49	6	0.3799	0	0	-0.9614
49	6	1.603	1	1	-0.173
49	6	0.9936	0	0	-0.9403
49	6	1.082	0	0	1.263
49	6	1.839	1	1	-1.663
49	6	1.727	1	1	1.088
49	6	0.4908	1	1	0.0396
49	6	5.607	0	0	0.4793
49	6	1.392	0	0	0.06933
49	6	3.361	1	1	-0.4518
49	6	3.42	1	1	1.584
49	6	1.829	0	0	-1.253
49	6	0.7075	0	0	-0.2389
49	6	1.697	1	1	0.6301
49	6	0.4802	1	1	-1.344
49	6	0.6063	0	0	-0.2946
49	6	0.3791	1	0	1.34
49	6	3.577	1	1	-0.04464
49	6	3.431	0	0	1.229
49	6	0.7453	1	1	0.8723
49	6	0.6425	1	1	-1.383
49	6	3.479	1	1	-0.7406
49	6	3.158	1	1	2.458
49	6	3.697	0	0	-0.7506
49	6	5.51	1	1	-1.423
49	6	0.6689	0	1	1.816
49	6	1.114	0	0	0.2075
49	6	0.5664	1	1	0.006764
49	6	0.7473	0	1	1.15
49	6	5.483	0	0	-0.2821
49	6	3.627	0	0	1.062
49	6	1.889	0	0	0.873
49	6	0.1823	0	0	0.5948
49	6	3.382	1	1	0.07013
49	6	5.699	1	1	-0.314
49	6	0.6589	0	0	0.5741
49	6	0.4251	0	1	1.471
49	6	1.953	0	0	-0.9375
49	6	2.016	0	0	1.173
49	6	5.275	0	0	-1.349
49	6	1.643	1	1	-0.01573
49	6	5.031	0	0	0.8838
49	6	5.284	1	1	0.5823
49	6	2.193	1	1	0.8338
