0	2	0.5386	0	0	3.665
0	2	5.244	0	0	1.044
0	2	3.498	0	0	2.918
0	2	5.526	1	1	1.147
0	2	0.3093	0	1	1.009
0	2	5.239	0	1	1.425
0	2	1.103	1	0	2.559
0	2	1.031	1	0	2.739
0	2	1.821	0	0	1.667
0	2	0.3505	0	0	1.905
0	2	1.753	0	0	1.079
0	2	1.105	1	0	1.813
0	2	3.619	0	0	1.244
0	2	1.831	0	0	1.147
0	2	0.3307	0	1	2.621
0	2	3.563	0	0	3.296
0	2	3.538	1	0	1.18
0	2	1.96	1	1	0.74
0	2	1.692	1	1	1.079
0	2	2.184	1	0	1.079
0	2	0.7692	1	0	1.244
0	2	1.339	0	0	-0.5747
0	2	3.845	1	1	0.11
0	2	3.463	0	0	0.2216
0	2	0.6994	1	1	-0.2016
0	2	5.526	1	1	0.5674
0	2	1.228	1	1	1.306
0	2	0.1623	0	1	-0.8398
0	2	3.59	1	1	0.3776
0	2	5.462	1	1	-2.831
0	2	1.009	1	1	-0.659
0	2	5.56	1	1	-2.578
0	2	1.648	0	1	1.366
0	2	0.5714	0	1	0.4749
0	2	0.8353	1	0	0.5674
0	2	3.292	0	0	1.453
0	2	3.729	0	1	0.74
0	2	1.896	0	0	1.59
0	2	5.229	0	0	-0.2016
0	2	0.5717	1	1	0.11
0	2	3.68	1	1	0.3776
0	2	0.8899	0	0	-0.07077
0	2	1.985	1	1	0.11
0	2	0.8539	1	1	-0.9371
0	2	0.3021	0	1	0.8981
0	2	5.663	1	1	-1.385
0	2	0.4246	1	1	-1.263
0	2	0.4551	1	1	0.11
0	2	5.367	0	0	-0.3422
0	2	5.314	0	0	-1.04
1	2	0.8746	0	1	0.6556
1	2	3.63	0	0	0.8207
1	2	1.45	0	0	-1.657
1	2	1.898	1	1	-0.9371
1	2	5.496	1	1	-0.2706
1	2	0.4097	1	1	-0.5747
1	2	5.621	1	1	-2.154
1	2	0.4753	1	1	-0.4166
1	2	5.468	1	1	-1.657
1	2	3.603	1	1	-0.8398
1	2	1.597	0	0	-0.2016
1	2	3.579	1	1	-0.8398
1	2	1.7	0	1	0.3776
1	2	1.732	1	1	-0.9371
1	2	0.3565	0	0	-0.1351
1	2	3.564	1	1	-0.9371
1	2	0.9125	0	1	-0.07077
1	2	5.398	0	1	1.563
1	2	3.933	1	1	-0.3422
1	2	0.9521	1	1	-0.8398
1	2	1.658	0	1	-1.657
1	2	1.97	0	0	-0.4166
1	2	5.361	0	0	-0.5747
1	2	0.93	1	1	0.11
1	2	1.027	1	1	-0.5747
1	2	3.49	0	0	-0.8398
1	2	1.069	1	1	0.8981
1	2	3.487	1	1	0.275
1	2	3.674	1	1	0.3776
1	2	0.7757	0	0	-5.207
1	2	0.2625	0	0	-0.2016
1	2	5.415	1	1	-0.659
1	2	0.4871	1	0	-4.438
1	2	0.9968	1	0	0.05164
1	2	1.896	1	1	-0.9371
1	2	1.777	0	0	-0.2016
1	2	3.388	0	0	-0.07077
1	2	0.4212	0	0	0.9357
1	2	3.88	1	1	-1.148
1	2	0.4056	0	1	-1.263
1	2	0.24	0	1	1.396
1	2	0.8064	0	1	0.327
1	2	5.206	0	0	-2.354
1	2	5.219	0	0	-1.809
1	2	5.606	1	1	-1.809
1	2	0.8972	0	1	-0.4166
1	2	0.5143	0	1	-1.385
1	2	5.627	0	0	0.4269
1	2	2.087	1	1	-1.809
1	2	0.7819	1	1	0.6556
2	2	1.667	0	1	-1.04
2	2	0.7136	0	1	-0.2016
2	2	3.504	0	0	2.116
2	2	1.759	1	1	0.2216
2	2	0.1297	0	1	1.396
2	2	0.8622	1	0	2.445
2	2	5.297	0	0	-0.8398
2	2	3.76	1	1	-0.1351
2	2	1.897	1	1	0.05164
2	2	2.12	0	1	0.3776
2	2	0.2688	0	0	3.007
2	2	1.993	1	1	-1.657
2	2	5.382	1	1	-1.385
2	2	0.06454	0	1	-0.5747
2	2	0.3384	0	0	-0.2016
2	2	3.84	1	1	-1.516
2	2	5.41	1	1	0.8598
2	2	1.461	0	1	1.147
2	2	0.4772	1	1	0.2216
2	2	0.8593	0	1	1.949
2	2	3.564	0	0	0.5674
2	2	0.687	1	1	-0.07077
2	2	0.4489	0	0	0.5217
2	2	0.493	0	1	2.055
2	2	1.309	1	1	1.147
2	2	1.83	0	1	0.2216
2	2	2.023	1	1	1.536
2	2	5.805	1	1	-1.04
2	2	3.781	1	1	-0.2706
2	2	5.525	0	0	-0.07077
2	2	1.248	1	1	-0.4166
2	2	5.202	1	1	-1.657
2	2	3.67	1	1	-1.04
2	2	1.559	0	0	0.4269
2	2	1.583	0	0	0.2216
2	2	3.206	0	0	0.1666
2	2	0.5777	0	1	-0.1351
2	2	5.314	0	0	-0.2016
2	2	0.9844	0	0	0.74
2	2	0.7852	0	0	1.992
2	2	3.822	1	1	-0.5747
2	2	5.665	1	1	-0.5747
2	2	0.6569	0	0	0.2216
2	2	3.7	1	1	-0.9371
2	2	1.005	0	0	1.992
2	2	3.67	1	1	-1.04
2	2	0.5658	1	0	-0.8398
2	2	5.732	1	1	-1.263
2	2	5.478	1	1	-1.263
2	2	0.8683	1	1	0.1666
3	2	3.621	0	0	-1.974
3	2	0.5327	0	1	1.079
3	2	1.824	0	1	0.8981
3	2	5.438	1	1	-0.4166
3	2	0.1765	0	1	0.7807
3	2	5.623	1	1	-0.2706
3	2	5.499	1	1	-0.4166
3	2	5.41	1	1	-0.9371
3	2	3.855	1	1	-1.516
3	2	1.75	0	0	0.275
3	2	0.7059	0	0	0.7807
3	2	3.541	0	0	-0.5747
3	2	5.689	1	1	-1.263
3	2	0.6274	0	0	-1.148
3	2	5.231	0	0	0.9357
3	2	0.7783	1	1	0.2216
3	2	1.677	0	0	-0.494
3	2	0.2391	0	0	0.05164
3	2	3.639	1	1	-0.7473
3	2	3.274	0	0	0.612
3	2	3.658	1	1	-0.5747
3	2	0.729	0	0	-0.5747
3	2	0.744	0	1	-0.3422
3	2	0.9754	1	1	-0.659
3	2	0.5733	1	1	0.05164
3	2	5.297	0	0	0.4749
3	2	1.494	0	1	0.8207
3	2	1.552	0	0	-0.2016
3	2	5.548	0	0	-0.659
3	2	0.9162	0	1	-0.7473
3	2	0.3758	1	0	0.4749
3	2	0.5742	1	1	-0.2706
3	2	3.931	1	1	-2.154
3	2	0.4553	1	1	2.287
3	2	1.622	0	0	0.5217
3	2	0.4602	1	1	-1.148
3	2	3.94	1	1	-0.659
3	2	5.655	1	1	-0.7473
3	2	3.63	1	1	1.366
3	2	1.516	0	0	0.4749
3	2	0.9838	1	1	-0.7473
3	2	1.725	1	1	-0.8398
3	2	5.339	1	1	-1.657
3	2	0.05799	0	1	0.6983
3	2	0.8591	0	1	0.327
3	2	3.412	1	1	-0.5747
3	2	0.3752	1	1	2.213
3	2	1.636	0	0	-0.2706
3	2	1.745	1	1	-0.3422
3	2	0.6869	0	1	1.244
4	2	5.426	1	1	-1.148
4	2	3.556	0	0	-0.1351
4	2	1.735	0	0	-2.578
4	2	0.2833	0	0	-0.2016
4	2	3.927	1	1	-0.9371
4	2	3.524	0	0	1.396
4	2	0.5812	0	1	-1.148
4	2	0.786	0	0	0.6983
4	2	3.342	0	0	-0.2016
4	2	0.5423	1	1	-0.07077
4	2	0.7314	1	1	-0.9371
4	2	0.5228	1	1	1.275
4	2	3.589	0	0	0.7807
4	2	2.133	1	1	-2.154
4	2	5.502	0	0	-0.8398
4	2	1.63	1	1	-1.809
4	2	5.454	1	1	-1.148
4	2	0.5524	1	0	2.621
4	2	1.485	0	1	-0.4166
4	2	3.432	0	0	1.244
4	2	3.299	0	0	-0.008575
4	2	3.482	1	1	-1.516
4	2	1.136	1	1	-0.1351
4	2	3.749	1	1	-0.9371
4	2	1.885	1	1	0.6556
4	2	1.706	0	0	1.642
4	2	2.108	1	1	-1.809
4	2	1.998	1	1	-1.148
4	2	3.962	1	1	-0.5747
4	2	5.245	0	1	1.481
4	2	0.725	0	1	-0.07077
4	2	5.515	1	1	-0.4166
4	2	2.086	0	0	-0.7473
4	2	0.4874	1	1	-0.4166
4	2	5.381	0	0	0.11
4	2	0.9568	0	0	0.2216
4	2	5.534	1	1	-0.494
4	2	5.243	0	0	-1.385
4	2	0.2568	0	1	-1.148
4	2	1.083	1	1	0.05164
4	2	0.3005	0	1	0.2216
4	2	0.886	0	0	0.74
4	2	0.8408	0	0	0.8207
4	2	1.626	1	1	-0.2016
4	2	5.677	1	1	-1.809
4	2	1.117	1	1	0.05164
4	2	0.556	1	1	-0.8398
4	2	5.392	0	0	-0.4166
4	2	0.3092	1	0	0.5674
5	2	5.229	0	0	-1.04
5	2	1.946	1	1	0.11
5	2	1.802	0	0	-0.2706
5	2	1.818	1	1	-1.657
5	2	0.7501	0	0	-0.2016
5	2	0.3994	0	1	-0.659
5	2	3.574	0	0	1.306
5	2	0.6374	1	1	1.742
5	2	0.8843	1	1	0.6983
5	2	0.4133	1	1	-0.7473
5	2	1.04	1	1	-1.385
5	2	5.292	1	1	-1.809
5	2	1.387	1	1	-1.04
5	2	1.784	0	1	0.4269
5	2	0.1322	0	1	1.306
5	2	3.4	0	0	1.212
5	2	5.509	1	1	-0.659
5	2	1.692	0	1	-0.4166
5	2	0.9275	1	1	0.9725
5	2	5.106	0	0	0.5674
5	2	5.409	0	0	-0.07077
5	2	0.9305	1	1	0.05164
5	2	0.4964	0	0	0.612
5	2	0.938	0	0	0.11
5	2	3.723	1	1	-0.8398
5	2	0.4788	0	0	1.667
5	2	1.486	0	1	0.6556
5	2	3.733	1	1	1.079
5	2	3.541	0	0	0.4749
5	2	5.341	0	0	-0.07077
5	2	3.815	1	1	-0.494
5	2	3.459	0	0	-0.4166
5	2	1.929	1	1	-0.2706
5	2	3.558	0	0	-0.1351
5	2	0.9657	1	1	-0.07077
5	2	0.9484	1	1	-0.2706
5	2	0.4931	0	0	0.8981
5	2	3.605	1	1	-2.154
5	2	5.559	1	1	-0.659
5	2	5.211	0	0	0.2216
5	2	2.021	0	0	0.6983
5	2	5.56	1	1	-0.659
5	2	2.059	1	1	-1.385
5	2	2.083	1	1	-0.07077
5	2	0.6054	0	1	1.396
5	2	0.6774	1	1	0.2216
5	2	0.4349	1	1	0.327
5	2	5.444	0	0	-0.07077
5	2	0.9815	0	1	0.4749
5	2	3.766	1	1	-0.2706
6	2	3.488	1	1	-1.385
6	2	2.103	0	0	2.155
6	2	1.736	0	0	1.59
6	2	5.283	0	0	0.74
6	2	0.583	0	0	-0.07077
6	2	0.8945	0	1	-0.4166
6	2	0.7303	0	1	1.59
6	2	0.2729	0	1	0.275
6	2	3.442	0	0	-0.2016
6	2	3.862	1	1	0.8598
6	2	5.308	0	0	0.4269
6	2	0.3424	0	0	0.612
6	2	5.557	1	1	-0.2016
6	2	1.041	1	1	-0.3422
6	2	3.98	1	1	-1.657
6	2	3.524	1	1	-1.263
6	2	5.321	1	1	-0.4166
6	2	3.775	1	1	-0.494
6	2	5.444	0	0	-0.2706
6	2	3.825	1	1	-0.8398
6	2	0.9176	1	1	1.079
6	2	1.088	1	0	-0.07077
6	2	1.868	1	1	-0.494
6	2	0.7812	0	0	-1.809
6	2	5.481	1	1	-1.385
6	2	0.3443	0	0	0.4749
6	2	0.3477	1	1	0.6556
6	2	1.734	1	1	0.2216
6	2	5.443	0	0	-0.008575
6	2	1.69	0	0	-1.263
6	2	1.764	1	0	1.481
6	2	1.765	0	0	0.9725
6	2	0.4241	0	0	-0.8398
6	2	0.7699	0	0	0.9357
6	2	5.09	0	0	-0.2706
6	2	0.4629	1	1	0.2216
6	2	5.661	1	1	-1.809
6	2	1.901	1	1	-1.263
6	2	0.4042	0	1	-0.494
6	2	1.793	1	1	-0.2016
6	2	1.746	0	1	1.453
6	2	3.483	1	1	-1.04
6	2	0.4307	1	0	1.79
6	2	0.9814	1	1	-2.154
6	2	4.069	1	1	-1.809
6	2	4.005	1	1	-2.154
6	2	0.9072	0	1	2.269
6	2	0.4273	0	1	-0.5747
6	2	5.395	0	0	0.5674
6	2	0.6868	0	0	-0.3422
7	2	5.455	1	1	-1.809
7	2	3.512	0	0	-2.154
7	2	1.898	1	1	-2.154
7	2	1.702	1	1	0.6556
7	2	3.622	1	1	0.4749
7	2	1.073	1	0	0.05164
7	2	0.4793	1	1	0.275
7	2	1.66	0	0	-0.8398
7	2	5.405	1	1	-0.7473
7	2	0.4547	0	0	0.612
7	2	0.7702	0	0	-0.008575
7	2	5.337	0	0	-0.07077
7	2	3.547	0	0	-1.148
7	2	0.6525	1	1	0.05164
7	2	5.554	0	0	-1.516
7	2	3.526	1	1	-1.385
7	2	1.45	0	0	-1.04
7	2	3.883	1	1	-0.2706
7	2	1.913	1	0	-2.578
7	2	5.309	1	1	-1.04
7	2	0.867	1	0	-0.659
7	2	1.609	0	0	0.8981
7	2	0.3065	0	1	0.05164
7	2	0.1453	0	1	0.11
7	2	5.114	0	1	1.79
7	2	0.6366	0	1	1.453
7	2	1.746	0	1	3.241
7	2	5.479	0	0	0.4749
7	2	0.5449	1	1	-0.5747
7	2	0.524	1	1	0.2216
7	2	0.804	0	1	-1.04
7	2	1.068	1	1	-0.2706
7	2	3.671	0	0	1.147
7	2	3.76	1	1	-1.974
7	2	0.6963	1	1	-1.657
7	2	5.466	1	1	-0.9371
7	2	5.331	0	0	0.2216
7	2	3.687	1	1	-4.438
7	2	3.781	1	1	-0.659
7	2	1.161	1	1	-0.3422
7	2	0.2627	0	1	-1.974
7	2	3.501	0	0	-0.8398
7	2	0.6147	0	0	-0.008575
7	2	0.7028	0	0	1.336
7	2	5.467	1	1	-1.657
7	2	1.885	0	1	-1.657
7	2	0.635	0	0	-0.4166
7	2	1.939	1	1	0.3776
7	2	0.9353	1	1	1.244
7	2	1.796	0	0	0.6983
8	2	3.737	0	0	1.244
8	2	5.191	0	0	-1.148
8	2	3.44	1	1	-1.516
8	2	1.685	0	1	-0.494
8	2	5.377	1	1	-2.354
8	2	5.375	0	0	-1.148
8	2	0.6864	0	1	0.8981
8	2	3.637	1	1	-2.831
8	2	0.6623	1	1	-0.07077
8	2	1.899	1	1	-0.9371
8	2	5.508	0	0	-0.1351
8	2	3.653	0	0	-0.659
8	2	1.079	1	1	0.327
8	2	1.893	1	1	0.1666
8	2	0.2964	0	1	-0.4166
8	2	0.1837	0	0	0.6983
8	2	5.654	1	1	-1.516
8	2	3.603	0	0	-0.659
8	2	0.2876	0	0	-0.07077
8	2	3.818	0	0	-0.008575
8	2	5.407	1	1	-2.831
8	2	1.805	1	1	-1.263
8	2	0.9132	1	1	-0.2706
8	2	0.315	1	1	-1.385
8	2	3.903	1	1	-2.154
8	2	5.714	1	1	-1.148
8	2	1.868	1	1	-1.974
8	2	0.1074	0	0	-0.2016
8	2	0.5031	1	1	-0.659
8	2	0.808	1	1	0.5217
8	2	1.577	0	1	-0.7473
8	2	1.002	1	1	-0.4166
8	2	3.595	0	0	-0.07077
8	2	5.374	0	0	0.2216
8	2	5.556	1	1	-1.974
8	2	2.211	1	1	-1.809
8	2	2.151	1	1	0.7807
8	2	0.3303	1	0	0.4269
8	2	0.6051	0	0	0.4749
8	2	1.954	1	0	-0.659
8	2	3.617	0	0	-1.148
8	2	0.6458	0	1	-1.516
8	2	0.9523	1	1	-0.8398
8	2	3.638	0	0	-1.516
8	2	5.508	1	1	-0.07077
8	2	0.8526	0	1	-0.2016
8	2	0.5934	0	0	-0.659
8	2	0.8617	0	0	0.5674
8	2	1.625	0	0	-1.263
8	2	0.3397	0	1	-0.659
9	2	0.7448	1	1	1.396
9	2	0.923	1	1	1.244
9	2	0.4274	0	1	1.18
9	2	0.4735	1	1	0.5674
9	2	0.4443	1	0	-0.2016
9	2	0.3769	0	0	0.2216
9	2	2.051	1	1	1.044
9	2	1.773	0	0	-0.4166
9	2	5.408	0	0	-3.123
9	2	3.528	0	0	-3.469
9	2	1.612	0	0	1.079
9	2	3.555	0	0	1.366
9	2	0.8999	0	0	1.079
9	2	0.6245	1	1	-0.3422
9	2	5.429	0	0	-0.494
9	2	5.655	1	1	-1.04
9	2	3.707	0	0	-1.657
9	2	1.122	1	1	0.6983
9	2	0.475	1	0	-1.657
9	2	5.697	1	1	-1.974
9	2	3.684	1	1	-2.154
9	2	5.336	1	1	-0.8398
9	2	2.071	0	1	-3.123
9	2	1.758	1	1	1.859
9	2	0.9931	1	0	0.9725
9	2	3.596	1	1	0.8598
9	2	0.9878	0	1	-0.8398
9	2	3.529	0	0	-0.7473
9	2	1.597	0	0	-2.154
9	2	5.534	1	1	0.11
9	2	0.4556	0	1	0.5674
9	2	3.634	0	0	1.481
9	2	0.6495	0	0	-0.2016
9	2	0.5355	1	1	-0.2706
9	2	0.4218	0	0	0.05164
9	2	1.191	1	1	1.667
9	2	3.459	0	0	-1.385
9	2	1.559	0	0	-1.385
9	2	5.437	1	1	-0.9371
9	2	3.536	1	1	-0.2706
9	2	2.121	1	0	1.18
9	2	3.722	1	1	-0.494
9	2	5.273	1	1	0.275
9	2	0.9735	0	0	-2.154
9	2	1.837	0	0	-0.2016
9	2	1.247	1	0	0.3776
9	2	5.333	0	0	-2.831
9	2	5.505	1	1	-0.3422
9	2	1.793	0	0	0.4749
9	2	0.1374	0	1	-0.8398
10	3	0.4322	0	0	1.044
10	3	5.428	0	0	0.4749
10	3	1.751	0	0	1.563
10	3	5.5	1	1	0.7807
10	3	0.1729	0	0	0.612
10	3	5.345	0	0	0.8981
10	3	0.5905	1	1	1.044
10	3	0.5342	1	1	0.7807
10	3	0.5765	0	1	0.6983
10	3	0.3511	0	1	0.2216
10	3	1.092	0	0	1.667
10	3	0.4072	1	1	0.2216
10	3	1.878	0	1	0.5674
10	3	0.8144	0	0	1.882
10	3	0.1166	1	0	1.009
10	3	1.751	0	1	0.7807
10	3	1.584	1	1	1.147
10	3	0.945	1	1	-0.4166
10	3	0.7991	1	0	-0.4166
10	3	0.8417	1	1	1.396
10	3	0.6942	1	0	2.511
10	3	0.6378	0	0	1.113
10	3	1.805	1	0	0.612
10	3	1.802	0	0	0.5217
10	3	0.2287	1	0	0.8207
10	3	5.243	1	1	0.6983
10	3	0.6053	1	0	0.5674
10	3	0.2603	0	1	2.116
10	3	1.857	1	1	0.327
10	3	5.228	1	1	0.1666
10	3	0.5737	1	0	0.9725
10	3	5.379	1	1	-0.4166
10	3	0.56	0	1	0.5674
10	3	0.2594	1	1	0.11
10	3	2.115	0	1	0.6556
10	3	2.001	0	1	-1.657
10	3	0.8056	0	0	1.536
10	3	5.433	0	0	1.336
10	3	0.4161	1	1	0.4749
10	3	1.768	1	1	0.05164
10	3	0.3345	0	0	0.7807
10	3	0.4667	1	1	0.74
10	3	0.4701	1	1	0.7807
10	3	0.01874	0	0	0.1666
10	3	5.749	1	1	0.11
10	3	0.3735	1	0	0.4749
10	3	0.138	1	1	-1.516
10	3	5.445	0	0	-0.1351
10	3	5.267	0	0	0.9357
11	3	0.5161	0	1	0.05164
11	3	1.866	0	0	0.5674
11	3	0.8567	0	0	0.6983
11	3	0.6535	1	0	0.8981
11	3	5.396	1	1	-1.04
11	3	0.2241	1	1	-0.5747
11	3	5.695	1	1	0.8981
11	3	0.1913	1	1	0.1666
11	3	5.508	1	1	0.05164
11	3	1.939	1	1	-1.263
11	3	0.741	0	0	0.4749
11	3	1.96	1	1	0.2216
11	3	0.825	0	0	0.2216
11	3	0.7948	1	1	0.05164
11	3	0.195	0	1	1.396
11	3	1.913	1	1	0.3776
11	3	0.2722	0	1	1.453
11	3	5.471	0	0	-0.659
11	3	1.861	1	1	-0.07077
11	3	0.4938	1	1	-0.5747
11	3	0.9381	0	0	-0.07077
11	3	0.8196	0	0	-0.494
11	3	5.493	0	0	-0.9371
11	3	0.4864	1	1	0.4269
11	3	0.4795	1	0	0.1666
11	3	1.671	0	0	0.612
11	3	0.4101	1	0	0.74
11	3	1.9	1	1	-0.659
11	3	1.74	1	1	0.9357
11	3	0.3577	0	0	0.5674
11	3	0.2131	0	0	0.5674
11	3	5.501	1	1	-0.008575
11	3	0.3447	1	1	-1.148
11	3	0.4965	1	1	0.7807
11	3	0.8975	1	0	-0.5747
11	3	0.691	0	0	0.8981
11	3	1.594	0	0	0.3776
11	3	0.4302	0	1	1.009
11	3	1.666	1	1	1.536
11	3	0.2474	0	0	0.9357
11	3	0.3609	0	1	-1.385
11	3	0.3207	0	0	0.8981
11	3	5.315	0	0	1.509
11	3	5.381	1	1	0.612
11	3	0.5015	0	1	1.212
11	3	0.1736	0	0	0.275
11	3	5.34	0	0	0.5217
11	3	0.9102	1	0	0.8207
11	3	0.1438	1	1	0.4749
12	3	0.6712	0	1	1.18
12	3	0.404	0	0	1.667
12	3	1.842	0	0	0.7807
12	3	0.8521	1	1	1.079
12	3	0.1205	0	0	1.079
12	3	0.2705	1	1	-0.4166
12	3	5.574	0	0	-0.07077
12	3	2.013	1	1	-0.4166
12	3	1.009	1	1	0.05164
12	3	0.6336	0	0	-0.008575
12	3	0.1433	0	0	0.327
12	3	0.9091	1	1	0.4269
12	3	5.304	1	1	-0.8398
12	3	0.1116	0	1	0.11
12	3	0.417	0	0	0.3776
12	3	1.9	1	1	-1.04
12	3	5.181	1	1	0.05164
12	3	0.8899	0	0	0.4749
12	3	0.1263	1	1	-0.4166
12	3	0.4248	0	0	0.6983
12	3	1.851	0	1	-1.385
12	3	0.06251	0	0	0.4749
12	3	0.09421	0	0	0.8598
12	3	0.03571	1	1	0.2216
12	3	0.6543	1	0	0.8207
12	3	0.9828	0	1	0.4269
12	3	1.144	1	0	0.6983
12	3	5.481	1	1	-0.008575
12	3	1.756	1	1	-0.8398
12	3	5.334	0	0	0.8981
12	3	0.2621	1	1	0.6983
12	3	5.361	1	1	-0.5747
12	3	1.777	1	0	-0.2016
12	3	0.7807	0	0	0.4749
12	3	0.8096	0	0	0.3776
12	3	1.475	0	0	-0.8398
12	3	0.3218	0	0	0.612
12	3	5.389	0	0	0.4269
12	3	0.3503	0	0	-0.5747
12	3	0.5396	0	0	0.612
12	3	1.818	1	1	0.612
12	3	5.643	1	1	-0.2016
12	3	0.5076	0	0	0.2216
12	3	1.774	1	1	0.4749
12	3	0.48	0	0	2.305
12	3	1.766	1	1	-1.04
12	3	0.05754	1	0	0.74
12	3	5.467	1	1	-0.2706
12	3	5.434	1	1	-0.2016
12	3	0.6838	1	1	0.3776
13	3	1.689	0	0	-0.5747
13	3	0.02948	0	0	0.3776
13	3	0.7671	0	1	0.6983
13	3	5.592	1	1	1.59
13	3	0.232	0	0	0.7807
13	3	5.417	1	1	-0.008575
13	3	5.858	1	1	-0.008575
13	3	5.438	1	1	-2.154
13	3	1.684	1	1	-0.008575
13	3	0.8647	0	0	0.5674
13	3	0.261	0	1	-0.4166
13	3	1.678	0	0	0.05164
13	3	5.348	1	1	0.4749
13	3	0.4198	0	0	0.05164
13	3	5.412	0	0	0.612
13	3	0.27	1	0	0.4749
13	3	1.044	0	0	0.74
13	3	0.1116	1	0	0.05164
13	3	1.672	1	1	0.1666
13	3	1.552	0	1	0.4749
13	3	1.882	1	1	0.275
13	3	0.3412	0	0	0.275
13	3	0.3251	0	0	0.612
13	3	0.4336	1	1	0.327
13	3	0.397	1	0	0.1666
13	3	5.462	0	0	-0.07077
13	3	1.045	0	0	0.9357
13	3	0.8059	0	0	1.044
13	3	5.411	0	0	-0.2706
13	3	0.2577	0	0	-0.07077
13	3	0.2712	1	0	0.05164
13	3	0.4394	1	1	0.9725
13	3	1.806	1	1	-0.8398
13	3	0.429	1	0	0.11
13	3	0.8842	0	1	-1.148
13	3	0.2302	1	1	0.5674
13	3	1.998	1	1	-1.809
13	3	5.48	1	1	-0.4166
13	3	1.982	1	1	-0.2706
13	3	1.04	0	1	-0.2016
13	3	0.3858	1	0	-0.659
13	3	0.8927	1	0	0.4749
13	3	5.381	1	1	-0.07077
13	3	0.3971	0	0	0.1666
13	3	0.2895	0	0	-0.8398
13	3	1.852	1	1	-0.3422
13	3	0.2776	1	0	-0.008575
13	3	0.8094	0	1	-0.008575
13	3	0.9935	1	1	0.11
13	3	0.5456	0	1	0.1666
14	3	5.359	1	1	-1.385
14	3	1.827	0	0	1.044
14	3	0.9883	0	0	1.453
14	3	0.4234	0	0	0.4749
14	3	1.905	1	0	0.9725
14	3	1.751	0	0	-0.2706
14	3	0.431	0	0	0.05164
14	3	0.1443	0	0	0.1666
14	3	1.758	0	0	1.536
14	3	0.2026	1	0	1.18
14	3	0.349	1	1	0.05164
14	3	0.3092	1	0	1.009
14	3	1.884	0	0	0.5674
14	3	0.9374	1	0	0.05164
14	3	5.278	0	0	0.2216
14	3	1.156	1	1	1.244
14	3	5.693	1	1	-0.9371
14	3	0.3154	1	1	0.2216
14	3	0.1656	0	0	0.4749
14	3	0.9469	0	0	0.8981
14	3	1.75	0	1	0.8598
14	3	1.721	0	0	0.612
14	3	2.066	1	0	1.306
14	3	0.7083	1	1	1.079
14	3	2.087	1	1	-0.494
14	3	0.8586	1	1	-0.07077
14	3	0.6546	0	0	1.536
14	3	0.9693	1	1	0.11
14	3	0.8186	1	1	0.6983
14	3	1.915	1	0	0.4749
14	3	5.444	0	0	1.481
14	3	0.3227	0	0	0.6983
14	3	5.424	1	1	-0.659
14	3	0.725	0	0	-0.7473
14	3	0.257	1	0	0.2216
14	3	5.302	0	0	0.2216
14	3	0.4568	0	0	0.327
14	3	5.47	1	1	-0.659
14	3	5.313	0	0	0.327
14	3	0.1012	0	0	0.8207
14	3	0.6995	1	0	0.4269
14	3	0.4438	0	1	0.05164
14	3	0.3821	0	1	0.11
14	3	0.3358	0	1	1.079
14	3	0.88	1	1	1.425
14	3	5.362	1	1	-0.07077
14	3	0.5796	1	0	0.11
14	3	0.1944	1	0	0.4749
14	3	5.292	0	0	0.612
14	3	0.1933	1	0	0.4749
15	3	5.332	0	0	-2.154
15	3	0.8004	1	0	-0.4166
15	3	1.059	0	1	1.147
15	3	0.9257	1	1	-1.04
15	3	0.532	0	0	0.612
15	3	0.4124	0	0	1.079
15	3	1.866	0	0	-0.07077
15	3	0.3206	1	0	0.327
15	3	0.797	1	1	0.05164
15	3	0.1888	1	0	0.6983
15	3	0.4664	1	1	0.74
15	3	5.625	1	1	-0.3422
15	3	0.33	1	1	-1.04
15	3	0.9818	0	0	0.1666
15	3	0.03676	0	0	-0.5747
15	3	1.93	0	1	0.4749
15	3	5.776	1	1	-1.657
15	3	0.9502	0	0	0.7807
15	3	0.7838	1	1	-1.657
15	3	5.156	0	0	0.6983
15	3	5.583	0	0	0.4269
15	3	0.453	1	0	0.2216
15	3	0.08635	1	0	1.244
15	3	0.3261	0	0	0.6556
15	3	1.699	1	1	-0.2706
15	3	0.1213	1	0	1.18
15	3	0.7004	0	0	-0.4166
15	3	1.695	1	1	-0.008575
15	3	1.811	0	0	0.2216
15	3	5.479	0	0	0.3776
15	3	1.531	1	0	1.642
15	3	1.752	0	0	-0.2706
15	3	0.8498	1	1	0.2216
15	3	1.818	0	0	-0.4166
15	3	0.5002	1	0	0.4269
15	3	0.2762	1	0	0.6983
15	3	0.2806	0	1	-0.494
15	3	1.726	1	1	0.327
15	3	5.345	1	1	0.1666
15	3	5.33	0	0	0.8207
15	3	0.9276	0	1	-0.4166
15	3	5.358	1	1	0.11
15	3	0.8703	1	0	1.453
15	3	1.075	1	0	0.612
15	3	0.2704	0	1	-0.5747
15	3	0.1721	1	1	0.275
15	3	0.1863	1	0	1.079
15	3	5.193	0	0	0.9725
15	3	0.2903	0	0	1.667
15	3	1.659	1	1	-0.8398
16	3	1.917	1	1	-0.3422
16	3	0.7546	0	0	0.612
16	3	0.503	0	0	0.327
16	3	5.288	0	0	0.7807
16	3	0.2016	0	0	1.336
16	3	0.5888	0	1	0.5217
16	3	0.3506	0	1	-1.385
16	3	0.2039	0	0	1.453
16	3	1.738	0	0	1.453
16	3	1.686	1	1	-1.974
16	3	5.074	0	0	1.079
16	3	0.1273	0	1	0.74
16	3	5.609	1	1	-1.385
16	3	0.4458	1	1	1.306
16	3	1.761	1	1	0.1666
16	3	1.575	1	1	0.612
16	3	5.481	1	1	-0.4166
16	3	1.882	1	1	0.11
16	3	5.343	0	0	-0.4166
16	3	1.745	1	1	-0.4166
16	3	0.4752	1	1	-0.8398
16	3	0.44	1	1	0.8207
16	3	0.8685	1	0	0.8207
16	3	0.5253	0	1	-0.07077
16	3	5.498	1	1	-0.4166
16	3	0.2032	0	0	0.6983
16	3	0.1898	1	0	0.4749
16	3	1.294	1	1	0.5674
16	3	5.393	0	0	-1.148
16	3	1.006	0	0	-0.4166
16	3	0.6452	1	1	-0.5747
16	3	0.8194	0	1	0.7807
16	3	0.2336	0	1	0.11
16	3	0.2322	0	1	0.74
16	3	5.404	0	0	0.4269
16	3	0.005447	1	0	0.9725
16	3	5.493	1	1	-0.4166
16	3	0.7289	1	1	0.11
16	3	0.3326	0	1	0.1666
16	3	0.8719	1	1	0.11
16	3	0.7651	0	1	0.8207
16	3	1.874	1	1	-0.2706
16	3	0.3096	1	1	0.11
16	3	0.6025	1	1	-0.4166
16	3	1.757	1	0	0.6983
16	3	2.008	1	1	0.8981
16	3	0.5184	0	0	0.3776
16	3	0.315	0	1	-0.2016
16	3	5.352	0	0	0.327
16	3	0.3295	0	1	-1.04
17	3	5.544	1	1	-3.123
17	3	1.758	0	0	-0.07077
17	3	0.9164	1	0	-1.974
17	3	0.8623	1	1	-0.5747
17	3	1.836	1	1	-0.659
17	3	0.6253	1	1	-0.659
17	3	0.2679	1	1	0.4749
17	3	0.9825	0	1	0.4749
17	3	5.752	1	1	-0.2706
17	3	0.2472	0	1	0.5674
17	3	0.2584	0	0	0.3776
17	3	5.588	0	0	1.044
17	3	1.701	0	0	0.7807
17	3	0.3262	1	0	-0.4166
17	3	5.423	0	0	0.4749
17	3	1.801	1	1	0.8981
17	3	0.6059	0	1	0.11
17	3	1.81	1	0	0.8207
17	3	0.977	1	1	-0.5747
17	3	5.532	1	1	-0.8398
17	3	0.513	1	0	0.5674
17	3	0.9278	0	1	-0.1351
17	3	0.00358	0	0	0.2216
17	3	0.2962	0	0	-0.9371
17	3	5.273	0	0	-0.494
17	3	0.0972	0	1	0.275
17	3	1.066	0	0	0.6556
17	3	5.474	0	0	0.5674
17	3	0.01398	1	0	1.692
17	3	0.1356	1	1	0.3776
17	3	0.1413	0	1	-0.2706
17	3	0.2889	1	0	-0.8398
17	3	1.818	0	0	-0.07077
17	3	1.827	1	1	-0.4166
17	3	0.321	1	1	0.4749
17	3	5.442	1	1	-0.2706
17	3	5.484	0	0	0.275
17	3	1.73	1	0	1.244
17	3	1.974	1	1	0.74
17	3	0.4516	1	0	1.009
17	3	0.2682	0	0	0.612
17	3	1.685	0	0	0.7807
17	3	0.3202	0	0	0.612
17	3	0.5907	0	1	0.8598
17	3	5.566	1	1	-1.148
17	3	0.8587	0	0	-0.3422
17	3	0.3398	0	0	0.9725
17	3	0.8001	1	1	-0.07077
17	3	0.9204	1	1	0.5217
17	3	0.7598	0	1	-0.1351
18	3	1.574	0	1	-0.1351
18	3	5.262	0	0	0.6556
18	3	1.621	1	1	-1.148
18	3	0.7554	0	1	-0.659
18	3	5.514	1	1	-0.2016
18	3	5.363	0	0	0.6556
18	3	0.7064	0	1	0.4749
18	3	2.099	1	1	-1.809
18	3	0.4351	1	1	0.5674
18	3	0.7493	1	1	1.366
18	3	5.126	0	0	-1.148
18	3	1.664	0	0	0.6983
18	3	0.5694	1	1	0.2216
18	3	1.049	1	1	-0.2016
18	3	0.3986	0	1	0.5217
18	3	0.2314	0	1	0.275
18	3	5.668	1	1	-0.4166
18	3	1.76	0	0	0.275
18	3	0.02834	0	0	1.244
18	3	1.855	0	1	0.4269
18	3	5.544	1	1	-0.659
18	3	0.9524	1	1	-1.809
18	3	0.3943	1	0	1.59
18	3	0.2392	1	0	0.5674
18	3	1.833	1	1	-0.659
18	3	5.518	1	1	-0.1351
18	3	0.936	1	0	0.8207
18	3	0.2292	0	1	-0.2016
18	3	0.1708	1	0	1.079
18	3	0.3505	1	0	1.306
18	3	0.7801	0	1	1.079
18	3	0.5295	1	1	-0.2016
18	3	1.75	0	0	0.6983
18	3	5.418	0	0	0.6983
18	3	5.453	1	1	0.2216
18	3	1.079	1	1	0.11
18	3	1.119	1	0	0.327
18	3	0.3836	1	1	-0.07077
18	3	0.4406	0	1	-0.07077
18	3	0.9614	1	1	0.8598
18	3	1.751	0	0	-0.5747
18	3	0.2685	0	1	-0.5747
18	3	0.3038	1	1	0.327
18	3	1.516	0	1	0.327
18	3	5.506	1	1	-0.1351
18	3	0.4918	0	0	0.7807
18	3	0.2409	0	0	1.306
18	3	0.4011	0	1	-0.2016
18	3	0.5799	0	1	0.2216
18	3	0.391	0	0	0.327
19	3	0.3189	1	0	0.11
19	3	0.4986	1	1	1.044
19	3	0.226	0	0	0.4749
19	3	0.05007	1	1	-0.4166
19	3	0.2043	1	1	0.612
19	3	0.3402	0	0	0.5674
19	3	0.9611	1	0	0.9725
19	3	1.08	0	1	0.3776
19	3	5.469	0	0	-0.2016
19	3	1.699	0	0	1.481
19	3	0.8438	0	0	0.327
19	3	1.772	0	0	0.2216
19	3	0.6627	0	1	0.5674
19	3	0.1669	1	1	0.2216
19	3	5.242	0	0	-0.2016
19	3	5.148	1	1	-0.1351
19	3	1.701	0	0	0.612
19	3	0.5245	1	1	-0.1351
19	3	0.3429	1	1	0.612
19	3	5.504	1	1	-0.5747
19	3	1.822	1	1	-0.4166
19	3	5.445	1	1	-0.659
19	3	1.052	0	0	0.6556
19	3	0.8748	1	1	0.7807
19	3	0.3621	1	0	-0.3422
19	3	1.936	1	1	-1.04
19	3	0.3728	0	0	1.044
19	3	1.945	0	0	0.2216
19	3	0.6394	0	1	0.9357
19	3	5.515	1	1	-0.4166
19	3	0.3151	0	0	0.4749
19	3	1.851	0	0	0.2216
19	3	0.5249	0	1	1.147
19	3	0.198	1	0	-0.07077
19	3	0.1147	0	1	1.453
19	3	0.5187	1	1	-0.1351
19	3	1.975	0	0	0.4749
19	3	0.8418	0	0	0.4269
19	3	5.37	1	1	-0.7473
19	3	1.763	1	1	-0.8398
19	3	0.8751	1	0	0.612
19	3	2.092	1	1	0.05164
19	3	5.332	1	1	-1.385
19	3	0.2314	0	0	-0.07077
19	3	0.7161	0	1	0.5217
19	3	0.4311	1	1	1.563
19	3	5.314	0	0	0.4749
19	3	5.742	1	1	1.97
19	3	0.9987	0	0	1.244
19	3	0.2683	0	0	1.244
20	4	0.4323	0	0	-1.04
20	4	5.428	0	0	0.05164
20	4	1.751	0	0	-0.494
20	4	5.498	1	1	-2.154
20	4	0.1731	0	0	0.327
20	4	5.345	0	0	-0.3422
20	4	0.5881	1	0	0.2216
20	4	0.533	1	1	0.5217
20	4	0.5769	0	0	0.5674
20	4	0.351	0	0	0.8207
20	4	1.093	0	1	-0.659
20	4	0.4078	1	1	0.4749
20	4	1.877	0	0	0.05164
20	4	0.8158	0	0	-0.2016
20	4	0.1159	1	1	-0.008575
20	4	1.752	0	0	-0.1351
20	4	1.583	1	1	0.9357
20	4	0.9448	1	1	-0.07077
20	4	0.7982	1	1	-0.659
20	4	0.8411	1	1	-0.2016
20	4	0.6939	1	1	0.74
20	4	0.6381	0	0	-0.8398
20	4	1.804	1	0	0.1666
20	4	1.801	0	0	0.6983
20	4	0.2285	1	0	0.2216
20	4	5.241	1	1	-0.8398
20	4	0.6051	1	1	0.275
20	4	0.2605	0	0	0.3776
20	4	1.856	1	0	0.6556
20	4	5.226	1	1	-0.8398
20	4	0.5708	1	1	1.009
20	4	5.378	1	1	0.05164
20	4	0.5602	0	1	0.8207
20	4	0.2645	0	0	0.11
20	4	0.2584	1	1	0.2216
20	4	2.115	0	0	-0.4166
20	4	2.002	0	0	0.05164
20	4	0.8054	0	1	0.3776
20	4	5.433	0	0	0.5674
20	4	0.4142	1	0	1.244
20	4	1.768	1	1	-0.008575
20	4	0.3364	0	1	-0.07077
20	4	0.4663	1	0	1.113
20	4	0.4653	1	0	1.009
20	4	0.01899	0	0	1.336
20	4	5.748	1	1	-0.4166
20	4	0.3734	1	0	0.05164
20	4	0.136	1	1	0.275
20	4	5.445	0	0	0.11
20	4	5.268	0	0	-0.07077
21	4	0.517	0	1	0.5217
21	4	1.865	0	1	1.616
21	4	0.8569	0	1	1.244
21	4	0.6533	1	1	0.2216
21	4	5.396	1	1	0.4269
21	4	0.2234	1	0	0.4749
21	4	5.695	1	1	1.18
21	4	0.1904	1	1	0.6983
21	4	5.508	1	1	0.74
21	4	1.939	1	1	0.4749
21	4	1.959	1	1	0.9357
21	4	0.8252	0	0	0.8981
21	4	0.7946	1	1	-0.5747
21	4	0.1978	0	1	1.336
21	4	1.913	1	1	0.275
21	4	0.2724	0	1	1.453
21	4	5.471	0	0	0.1666
21	4	1.86	1	1	0.4749
21	4	0.4931	1	0	-0.07077
21	4	0.9396	0	1	1.992
21	4	0.8202	0	1	0.3776
21	4	5.493	0	0	-0.07077
21	4	0.4856	1	0	1.79
21	4	0.4793	1	0	1.667
21	4	1.671	0	0	1.79
21	4	0.4098	1	1	-0.2016
21	4	1.9	1	1	0.3776
21	4	1.739	1	1	-0.07077
21	4	0.3582	0	0	0.8981
21	4	0.2136	0	1	-0.008575
21	4	5.501	1	1	0.2216
21	4	0.3447	1	1	0.4749
21	4	0.4958	1	0	0.275
21	4	0.8963	1	0	1.536
21	4	0.6912	0	0	0.5674
21	4	1.594	0	0	0.7807
21	4	0.43	0	0	0.5674
21	4	1.666	1	1	-0.2016
21	4	0.2467	0	1	-0.2706
21	4	0.3606	0	1	0.2216
21	4	0.3215	0	1	2.075
21	4	5.32	0	0	0.6556
21	4	5.316	0	0	-0.008575
21	4	5.379	1	1	0.2216
21	4	0.5007	0	1	0.6983
21	4	0.1747	0	0	1.59
21	4	5.34	0	0	0.05164
21	4	0.9109	1	1	0.8981
21	4	0.1433	1	1	0.7807
22	4	0.6716	0	1	-0.494
22	4	0.4044	0	0	0.327
22	4	1.842	0	0	0.4749
22	4	0.8519	1	0	0.11
22	4	0.1225	0	1	-0.4166
22	4	0.2701	1	1	-0.07077
22	4	5.575	0	0	-0.07077
22	4	2.012	1	1	0.6983
22	4	1.008	1	1	0.4749
22	4	0.6339	0	0	0.5217
22	4	0.144	0	1	0.8981
22	4	0.909	1	1	1.396
22	4	5.305	1	1	-0.7473
22	4	0.1134	0	0	0.4269
22	4	0.4178	0	1	1.009
22	4	1.901	1	1	0.4749
22	4	5.18	1	1	-0.2706
22	4	0.8903	0	0	0.6983
22	4	0.1262	1	0	0.8207
22	4	0.4262	0	0	1.079
22	4	1.853	0	0	0.612
22	4	0.06194	0	0	0.275
22	4	0.09478	0	1	0.2216
22	4	0.03549	1	1	1.113
22	4	0.6543	1	1	1.244
22	4	0.9825	0	0	0.2216
22	4	1.144	1	1	-0.8398
22	4	5.481	1	1	-0.494
22	4	1.756	1	1	-0.5747
22	4	5.334	0	0	0.5217
22	4	0.2601	1	1	0.4269
22	4	5.36	1	1	0.11
22	4	1.777	1	1	0.275
22	4	0.781	0	1	0.1666
22	4	0.81	0	0	0.6983
22	4	1.476	0	0	0.612
22	4	0.3217	0	0	0.7807
22	4	5.389	0	0	0.7807
22	4	0.3505	0	0	0.7807
22	4	0.5396	0	0	0.4749
22	4	1.817	1	1	1.836
22	4	5.642	1	1	-0.3422
22	4	0.5091	0	0	-0.2706
22	4	1.775	1	1	0.4269
22	4	0.4801	0	0	0.5217
22	4	1.764	1	1	0.2216
22	4	0.05576	1	0	0.612
22	4	5.466	1	1	-0.2706
22	4	5.433	1	1	0.2216
22	4	0.3845	1	1	1.453
23	4	1.633	0	1	0.612
23	4	0.4102	0	0	0.8981
23	4	1.044	0	0	1.481
23	4	5.468	1	1	0.5674
23	4	0.01735	1	0	0.5674
23	4	5.293	1	1	1.079
23	4	5.65	1	1	-0.5747
23	4	5.647	1	1	0.327
23	4	1.768	1	1	-1.385
23	4	1.016	0	0	-0.659
23	4	0.4481	0	0	0.4269
23	4	1.714	0	0	-0.07077
23	4	5.394	1	1	0.74
23	4	0.3884	0	0	0.11
23	4	5.674	0	0	-0.4166
23	4	0.6528	1	0	0.4749
23	4	1.059	0	0	-0.2016
23	4	0.1463	0	0	-1.809
23	4	1.756	1	1	0.11
23	4	1.768	0	0	0.327
23	4	1.855	1	1	-1.385
23	4	0.3517	0	0	0.05164
23	4	0.2543	0	0	-0.07077
23	4	0.5965	1	0	0.2216
23	4	0.1678	1	0	0.612
23	4	5.415	0	0	0.327
23	4	1.043	0	0	0.612
23	4	0.8826	0	1	1.044
23	4	5.572	0	0	-0.8398
23	4	0.2433	0	0	1.079
23	4	0.4071	1	1	0.3776
23	4	0.3294	1	0	-0.008575
23	4	1.975	1	1	-0.659
23	4	0.2871	1	1	0.05164
23	4	0.8261	0	0	0.4269
23	4	0.05506	1	1	0.1666
23	4	1.77	1	1	-1.148
23	4	5.469	1	1	-1.385
23	4	1.655	1	1	-2.354
23	4	0.9596	0	0	0.327
23	4	0.4195	1	0	-0.4166
23	4	0.8829	1	1	-0.494
23	4	5.334	1	1	-0.5747
23	4	0.2875	0	1	-0.9371
23	4	0.5873	0	0	-0.2016
23	4	1.59	1	1	-0.008575
23	4	0.307	1	0	0.1666
23	4	0.8985	0	0	0.5674
23	4	0.7395	1	0	0.6983
23	4	0.3229	0	1	1.859
24	4	5.701	1	1	-0.2706
24	4	1.846	0	0	0.11
24	4	0.8774	0	0	0.6556
24	4	0.1229	0	0	0.8598
24	4	1.782	1	1	0.6556
24	4	1.83	0	0	-0.659
24	4	0.3582	0	1	0.275
24	4	0.4423	0	0	1.244
24	4	1.842	0	0	-0.3422
24	4	0.5786	1	0	0.612
24	4	0.6658	1	0	0.5674
24	4	0.6132	1	0	0.8207
24	4	1.696	0	0	1.079
24	4	0.926	1	1	0.327
24	4	5.295	0	0	-0.1351
24	4	0.9441	1	1	-0.659
24	4	5.544	1	1	-1.385
24	4	0.2641	1	1	0.05164
24	4	0.4241	0	0	0.11
24	4	1.055	0	0	-0.4166
24	4	1.774	0	0	0.2216
24	4	1.819	0	0	-0.008575
24	4	1.83	1	0	-0.8398
24	4	0.6201	1	1	1.453
24	4	1.656	1	0	0.1666
24	4	1.099	1	1	1.18
24	4	0.6442	0	0	-0.4166
24	4	0.9955	1	1	0.4269
24	4	1.089	1	0	-0.8398
24	4	1.898	1	1	-0.659
24	4	5.5	0	0	0.6556
24	4	0.3652	0	1	0.3776
24	4	5.392	1	1	-2.578
24	4	0.8253	0	1	1.766
24	4	0.2343	1	0	0.1666
24	4	5.499	0	0	1.717
24	4	0.3287	0	0	-0.4166
24	4	5.435	1	1	-1.657
24	4	5.471	0	0	0.4749
24	4	0.1303	0	1	-0.07077
24	4	0.4825	1	1	0.7807
24	4	0.4884	0	0	0.275
24	4	0.3767	0	0	1.536
24	4	0.3232	0	1	0.7807
24	4	0.9485	1	1	0.8207
24	4	5.224	1	1	-1.148
24	4	0.5674	1	0	1.009
24	4	0.3857	1	0	1.667
24	4	5.333	0	0	-0.4166
24	4	0.002851	0	1	0.8981
25	4	5.605	0	0	-0.8398
25	4	1.225	1	0	1.336
25	4	0.7822	0	0	1.396
25	4	1.021	1	1	1.079
25	4	0.5103	0	1	0.3776
25	4	0.04656	0	1	1.616
25	4	1.639	0	0	1.859
25	4	0.2582	1	1	1.18
25	4	0.581	1	0	0.612
25	4	0.2433	1	0	1.396
25	4	0.781	1	0	1.147
25	4	5.402	1	1	-0.1351
25	4	0.3342	1	1	0.74
25	4	0.8093	0	1	-0.07077
25	4	0.1436	0	1	0.327
25	4	2.105	0	0	-0.2016
25	4	5.412	1	1	-0.4166
25	4	1.031	0	0	0.7807
25	4	0.77	1	0	0.6556
25	4	5.351	0	0	-0.07077
25	4	5.332	0	0	-0.2706
25	4	0.4054	1	0	0.275
25	4	0.1244	0	1	0.6983
25	4	0.4007	0	1	0.8981
25	4	1.515	1	1	0.5674
25	4	0.2237	0	1	0.74
25	4	0.9134	0	1	0.2216
25	4	1.795	1	1	-0.07077
25	4	1.823	0	0	1.616
25	4	5.451	0	0	-0.2016
25	4	1.777	1	1	1.244
25	4	1.692	0	1	0.4749
25	4	0.7856	1	0	0.2216
25	4	1.942	0	0	0.6983
25	4	0.4765	1	0	0.8207
25	4	0.3254	1	1	0.7807
25	4	0.2433	0	1	1.009
25	4	1.762	1	1	0.6983
25	4	5.123	1	1	0.05164
25	4	5.41	0	0	0.4749
25	4	1.006	0	0	0.8598
25	4	5.358	1	1	-1.385
25	4	0.9097	1	1	0.2216
25	4	1.014	1	0	0.4749
25	4	0.03716	0	1	-0.4166
25	4	0.2856	1	0	1.97
25	4	0.1342	1	1	1.147
25	4	5.481	0	0	1.18
25	4	0.3423	0	0	0.2216
25	4	1.761	1	0	1.927
26	4	1.805	1	1	0.05164
26	4	0.9021	0	0	0.4269
26	4	0.8231	0	0	0.327
26	4	5.206	0	0	-0.4166
26	4	0.08064	0	0	1.244
26	4	0.3647	0	1	1.717
26	4	0.3681	0	0	-0.008575
26	4	0.181	0	0	0.275
26	4	1.92	0	0	-0.8398
26	4	1.699	1	1	-0.3422
26	4	5.256	0	0	-0.9371
26	4	0.1902	0	0	0.3776
26	4	5.451	1	1	-1.04
26	4	0.3559	1	1	-0.1351
26	4	1.976	1	1	0.4269
26	4	1.627	1	1	0.7807
26	4	5.269	1	1	-0.2706
26	4	1.71	1	1	0.4749
26	4	5.236	0	0	-0.2016
26	4	2.032	1	1	-1.385
26	4	0.6	1	1	0.6983
26	4	0.444	1	1	0.612
26	4	1.03	1	1	-1.148
26	4	0.1507	0	0	2.956
26	4	5.445	1	1	-1.04
26	4	0.05119	1	0	0.8207
26	4	0.2529	1	1	-1.809
26	4	0.9247	1	1	0.275
26	4	5.123	0	0	-0.07077
26	4	0.8315	0	1	-1.385
26	4	0.894	1	1	1.147
26	4	0.7634	0	0	0.3776
26	4	0.05049	1	1	0.275
26	4	0.4633	0	0	-0.1351
26	4	5.155	0	0	0.05164
26	4	0.4556	1	1	0.5674
26	4	5.358	1	1	-0.7473
26	4	0.8502	1	0	0.8207
26	4	0.1935	0	1	0.2216
26	4	0.8772	1	1	0.3776
26	4	0.7488	0	1	1.306
26	4	2.003	1	1	1.009
26	4	0.4045	1	0	-1.385
26	4	0.3875	1	0	1.079
26	4	1.915	1	1	0.4269
26	4	2.108	1	1	-0.07077
26	4	0.3649	0	1	1.009
26	4	0.08673	1	0	-0.4166
26	4	5.345	0	0	1.044
26	4	0.5264	0	0	1.667
27	4	5.654	1	1	-1.04
27	4	1.854	0	0	0.11
27	4	0.8828	1	0	0.5217
27	4	0.8566	1	0	1.147
27	4	1.923	1	1	0.5674
27	4	0.5151	1	1	0.1666
27	4	0.1647	1	1	0.6556
27	4	0.843	0	1	0.5674
27	4	5.531	1	1	-0.07077
27	4	0.6199	0	0	1.949
27	4	0.4466	0	0	0.4749
27	4	5.281	0	0	-0.2706
27	4	1.734	0	0	0.2216
27	4	0.117	1	0	0.6556
27	4	5.315	0	0	-0.1351
27	4	1.937	1	1	0.1666
27	4	1.088	0	0	0.5674
27	4	1.733	1	0	0.8207
27	4	0.9881	1	1	0.5674
27	4	5.503	1	1	-0.8398
27	4	0.3458	1	0	1.044
27	4	0.5993	0	0	-0.4166
27	4	0.202	0	0	-0.4166
27	4	0.07507	1	1	0.11
27	4	5.487	0	0	0.3776
27	4	0.3473	0	0	1.481
27	4	0.5267	0	0	0.1666
27	4	5.325	0	0	-1.148
27	4	0.2472	1	0	0.7807
27	4	0.2907	1	0	1.366
27	4	0.5282	0	1	1.836
27	4	0.2992	1	1	1.212
27	4	1.681	0	0	-0.008575
27	4	1.841	1	1	1.59
27	4	0.186	1	1	0.4749
27	4	5.458	1	1	0.1666
27	4	5.398	0	0	-0.2706
27	4	1.905	1	1	0.11
27	4	1.841	1	1	0.2216
27	4	0.5026	1	0	0.05164
27	4	0.00513	1	0	1.113
27	4	1.568	0	1	0.9725
27	4	0.02184	0	0	-0.5747
27	4	0.4888	0	1	1.079
27	4	5.64	1	1	-0.4166
27	4	1.061	0	0	-0.2706
27	4	0.3078	0	1	0.4269
27	4	1.009	1	1	0.05164
27	4	0.6144	1	0	1.18
27	4	0.8008	0	0	0.2216
28	4	1.663	0	0	-1.809
28	4	5.298	0	0	-0.5747
28	4	1.816	1	1	-3.123
28	4	0.5784	0	0	0.4749
28	4	5.423	1	1	-0.494
28	4	5.397	0	0	-1.809
28	4	0.3989	0	0	0.9357
28	4	1.865	1	1	0.11
28	4	0.4025	1	1	0.4749
28	4	0.8934	1	0	2.982
28	4	5.376	0	0	0.5674
28	4	1.734	0	0	0.05164
28	4	0.4537	1	1	0.8598
28	4	1.004	1	0	1.009
28	4	0.05019	0	1	0.612
28	4	0.1421	1	0	0.6556
28	4	5.431	1	1	-0.494
28	4	1.725	0	0	-0.4166
28	4	0.01602	1	0	1.79
28	4	1.957	0	0	0.7807
28	4	5.233	1	1	0.275
28	4	1.061	1	0	0.74
28	4	0.601	1	1	0.05164
28	4	0.3722	1	0	0.8981
28	4	1.9	1	0	2.213
28	4	5.53	1	1	-1.809
28	4	1.076	1	0	1.079
28	4	0.01029	1	0	2.075
28	4	0.3791	1	1	-0.008575
28	4	0.8753	1	1	0.2216
28	4	1.194	0	0	-0.494
28	4	0.4991	1	0	1.667
28	4	1.681	0	0	0.2216
28	4	5.571	0	0	-0.3422
28	4	5.365	1	1	0.612
28	4	0.7178	1	0	0.612
28	4	0.9066	1	1	-2.154
28	4	0.2702	1	0	0.612
28	4	0.36	0	0	0.7807
28	4	0.7636	1	1	-0.4166
28	4	1.461	0	0	0.11
28	4	0.313	0	0	-0.659
28	4	0.599	1	1	0.4269
28	4	1.829	0	0	-0.4166
28	4	5.633	1	1	-0.5747
28	4	0.3234	0	0	0.5217
28	4	0.002427	1	0	0.11
28	4	0.5572	0	0	-0.659
28	4	1.077	0	0	0.2216
28	4	0.2988	0	0	0.3776
29	4	0.2834	1	1	0.8207
29	4	0.3049	1	0	0.4749
29	4	0.4279	0	0	-0.5747
29	4	0.2587	1	0	0.5217
29	4	0.1817	1	0	0.05164
29	4	0.1132	0	1	0.8981
29	4	0.9399	1	0	1.481
29	4	0.7234	0	0	0.11
29	4	5.295	0	0	-0.5747
29	4	1.501	0	0	-0.4166
29	4	0.8766	0	0	1.147
29	4	1.867	0	0	0.5217
29	4	0.5164	0	0	1.836
29	4	0.3386	1	0	0.6983
29	4	5.297	0	0	0.2216
29	4	5.272	1	1	-0.3422
29	4	2.014	0	0	-0.1351
29	4	0.4916	1	1	1.079
29	4	0.06541	1	1	0.327
29	4	5.468	1	1	0.4269
29	4	1.724	1	0	1.481
29	4	5.156	1	1	-0.2706
29	4	0.9141	0	0	1.481
29	4	0.8774	1	0	-0.2016
29	4	0.353	1	0	0.9725
29	4	2.121	1	1	-0.1351
29	4	0.3957	0	0	-0.2706
29	4	1.62	0	0	-0.2706
29	4	0.947	0	0	-0.07077
29	4	5.359	1	1	-1.809
29	4	0.1752	0	0	-1.809
29	4	1.724	0	0	-0.4166
29	4	0.3631	0	0	-1.04
29	4	0.299	1	0	-0.4166
29	4	0.5275	0	1	0.05164
29	4	0.6312	1	1	0.327
29	4	1.976	0	0	0.612
29	4	0.7511	0	0	-0.07077
29	4	5.588	1	1	0.4749
29	4	1.603	1	1	-0.659
29	4	0.9062	1	1	-0.5747
29	4	1.74	1	1	-1.04
29	4	5.203	1	1	0.05164
29	4	0.4714	0	0	1.453
29	4	0.7889	0	0	0.3776
29	4	0.5994	1	0	0.8207
29	4	5.523	0	0	-0.2016
29	4	5.734	1	1	-1.809
29	4	0.7982	0	0	0.05164
29	4	0.0547	0	0	-1.809
30	5	0.4339	0	0	-1.809
30	5	5.429	0	0	-0.4166
30	5	1.752	0	0	1.366
30	5	5.495	1	1	-1.04
30	5	0.175	0	0	0.327
30	5	5.347	0	0	-1.04
30	5	0.5887	1	0	0.5217
30	5	0.5312	1	0	-0.494
30	5	0.5777	0	0	0.5217
30	5	0.3523	0	0	0.275
30	5	1.095	0	0	0.4749
30	5	0.4066	1	0	0.6983
30	5	1.88	0	0	0.2216
30	5	0.8186	0	0	0.05164
30	5	0.1141	1	0	1.147
30	5	1.754	0	0	-0.2016
30	5	1.583	1	1	-0.4166
30	5	0.9437	1	0	0.5674
30	5	0.7964	1	1	0.275
30	5	0.8401	1	1	-0.659
30	5	0.6899	1	1	-1.385
30	5	0.6402	0	1	0.6983
30	5	1.802	1	1	-0.07077
30	5	1.802	0	0	0.05164
30	5	0.2252	1	0	1.306
30	5	5.237	1	1	0.05164
30	5	0.6047	1	0	-0.07077
30	5	0.262	0	0	0.5217
30	5	1.852	1	1	-0.07077
30	5	5.222	1	1	-1.148
30	5	0.5682	1	0	0.5217
30	5	5.376	1	1	-0.07077
30	5	0.5617	0	0	0.11
30	5	0.2679	0	0	-0.4166
30	5	0.255	1	1	1.927
30	5	2.117	0	1	0.8207
30	5	2.003	0	0	0.05164
30	5	0.8052	0	0	0.8207
30	5	5.435	0	0	0.11
30	5	0.4131	1	1	0.3776
30	5	1.766	1	1	-0.8398
30	5	0.3385	0	1	-0.008575
30	5	0.465	1	0	0.8207
30	5	0.4639	1	1	0.4269
30	5	0.02016	0	0	0.327
30	5	5.744	1	1	-0.2706
30	5	0.3726	1	0	1.147
30	5	0.1324	1	0	-0.07077
30	5	5.446	0	0	0.2216
30	5	5.268	0	0	0.4749
31	5	0.5166	0	1	-0.5747
31	5	1.864	0	0	0.2216
31	5	0.8582	0	0	1.009
31	5	0.6499	1	1	0.6556
31	5	5.39	1	1	-0.8398
31	5	0.2223	1	1	-0.4166
31	5	5.691	1	1	-1.148
31	5	0.1876	1	0	0.74
31	5	5.506	1	1	-0.4166
31	5	1.933	1	1	0.4749
31	5	0.745	0	0	0.74
31	5	1.958	1	1	0.327
31	5	0.8269	0	0	0.8207
31	5	0.7934	1	1	0.275
31	5	0.1999	0	0	-0.2706
31	5	1.911	1	0	0.275
31	5	0.2753	0	0	0.612
31	5	5.471	0	0	0.2216
31	5	1.859	1	0	0.327
31	5	0.4926	1	1	0.4749
31	5	0.9418	0	0	-0.07077
31	5	0.8221	0	0	-0.008575
31	5	5.496	0	0	0.6983
31	5	0.4852	1	1	0.4269
31	5	0.4768	1	1	-0.659
31	5	1.672	0	0	0.5217
31	5	0.406	1	1	-0.3422
31	5	1.895	1	1	0.2216
31	5	1.739	1	1	0.11
31	5	0.3568	0	0	0.327
31	5	0.2174	0	1	0.7807
31	5	5.497	1	1	-0.2706
31	5	0.3442	1	1	1.009
31	5	0.4925	1	0	0.05164
31	5	0.8933	1	0	-1.148
31	5	0.6935	0	0	0.6983
31	5	1.595	0	0	-0.4166
31	5	0.4307	0	1	0.4749
31	5	1.664	1	0	-0.07077
31	5	0.2505	0	0	1.18
31	5	0.3648	0	1	1.306
31	5	0.322	0	0	1.882
31	5	5.321	0	0	-1.148
31	5	5.318	0	0	-0.2706
31	5	5.375	1	1	-0.2016
31	5	0.5035	0	0	-1.809
31	5	0.1769	0	0	0.4749
31	5	5.342	0	0	-0.008575
31	5	0.908	1	1	-1.385
31	5	0.1411	1	0	0.05164
32	5	0.6756	0	1	0.7807
32	5	0.4084	0	1	1.536
32	5	1.844	0	0	-1.974
32	5	0.8504	1	1	-0.2016
32	5	0.1242	0	0	-0.5747
32	5	0.2676	1	1	0.3776
32	5	5.576	0	0	-0.8398
32	5	2.011	1	1	0.4269
32	5	1.005	1	1	1.642
32	5	0.6383	0	0	-1.04
32	5	0.1445	0	0	0.7807
32	5	0.9068	1	1	-0.4166
32	5	5.304	1	1	-0.2706
32	5	0.1151	0	1	0.2216
32	5	0.4213	0	0	-0.8398
32	5	1.898	1	0	-0.07077
32	5	5.179	1	1	0.5217
32	5	0.8909	0	0	0.4749
32	5	0.1245	1	0	-0.2016
32	5	0.4285	0	0	-0.8398
32	5	1.853	0	0	0.8981
32	5	0.06438	0	1	0.05164
32	5	0.09487	0	0	0.9725
32	5	0.03384	1	0	0.2216
32	5	0.6505	1	0	0.6983
32	5	0.9855	0	0	1.009
32	5	1.141	1	0	-2.154
32	5	5.479	1	1	-0.07077
32	5	1.752	1	1	0.2216
32	5	5.335	0	0	-0.07077
32	5	0.2544	1	0	-0.008575
32	5	5.359	1	1	1.642
32	5	1.775	1	1	0.7807
32	5	0.7825	0	0	-0.2016
32	5	0.8117	0	1	0.327
32	5	1.477	0	0	-0.8398
32	5	0.323	0	1	0.6983
32	5	5.39	0	0	-2.154
32	5	0.3527	0	1	0.6983
32	5	0.5414	0	1	1.481
32	5	1.815	1	1	0.612
32	5	5.64	1	1	0.11
32	5	0.5102	0	1	1.113
32	5	1.77	1	0	0.8207
32	5	0.4839	0	0	0.4749
32	5	1.758	1	0	1.536
32	5	0.05269	1	1	0.9357
32	5	5.462	1	1	-0.3422
32	5	5.43	1	1	-1.385
32	5	0.3839	1	0	1.079
33	5	1.636	0	0	-1.809
33	5	0.4102	0	0	-1.516
33	5	1.048	0	1	1.306
33	5	5.466	1	1	-0.07077
33	5	0.01184	1	0	0.327
33	5	5.292	1	1	0.5217
33	5	5.647	1	1	-1.385
33	5	5.645	1	1	-0.7473
33	5	1.766	1	1	0.4749
33	5	1.018	0	0	-0.659
33	5	0.4506	0	0	0.2216
33	5	1.716	0	0	-0.008575
33	5	5.39	1	1	-0.07077
33	5	0.3909	0	0	-1.263
33	5	5.674	0	0	-0.2706
33	5	0.6502	1	0	-0.2016
33	5	1.063	0	0	-1.385
33	5	0.1468	0	0	-0.9371
33	5	1.754	1	0	0.8981
33	5	1.769	0	0	1.009
33	5	1.851	1	1	-0.5747
33	5	0.3526	0	0	-0.2706
33	5	0.257	0	0	-0.1351
33	5	0.5939	1	0	0.5674
33	5	0.1656	1	0	0.11
33	5	5.417	0	0	-0.659
33	5	1.043	0	0	-1.148
33	5	0.8842	0	0	0.1666
33	5	5.574	0	0	-0.494
33	5	0.2437	0	0	-0.008575
33	5	0.407	1	0	-1.809
33	5	0.3252	1	1	0.5217
33	5	1.974	1	1	-0.9371
33	5	0.283	1	0	0.11
33	5	0.8272	0	0	1.044
33	5	0.05247	1	1	-0.8398
33	5	1.767	1	0	0.8207
33	5	5.464	1	1	-0.07077
33	5	1.655	1	0	1.009
33	5	0.9604	0	0	0.4749
33	5	0.4172	1	0	0.275
33	5	0.8789	1	0	1.667
33	5	5.326	1	1	-1.04
33	5	0.2889	0	0	0.8207
33	5	0.5916	0	0	2.636
33	5	1.588	1	1	-0.7473
33	5	0.3061	1	1	0.8981
33	5	0.9025	0	0	0.2216
33	5	0.7379	1	1	0.2216
33	5	0.3232	0	0	0.5674
34	5	5.7	1	1	-0.8398
34	5	1.847	0	0	-1.04
34	5	0.8816	0	0	-0.659
34	5	0.1232	0	0	-0.8398
34	5	1.779	1	1	-0.5747
34	5	1.83	0	0	-0.2016
34	5	0.3582	0	1	0.275
34	5	0.4443	0	0	-0.2016
34	5	1.845	0	0	-0.659
34	5	0.577	1	0	0.3776
34	5	0.6629	1	1	-0.7473
34	5	0.6122	1	0	0.7807
34	5	1.698	0	0	0.05164
34	5	0.9196	1	1	-2.831
34	5	5.296	0	0	-1.385
34	5	0.9416	1	1	-4.438
34	5	5.545	1	1	-0.4166
34	5	0.2613	1	0	1.009
34	5	0.4239	0	0	-0.8398
34	5	1.053	0	0	-0.494
34	5	1.774	0	1	-0.8398
34	5	1.821	0	0	-1.974
34	5	1.829	1	1	-2.154
34	5	0.6189	1	0	0.74
34	5	1.653	1	1	0.05164
34	5	1.097	1	0	0.4749
34	5	0.6446	0	0	0.5217
34	5	0.9935	1	0	0.5674
34	5	1.087	1	1	2.155
34	5	1.895	1	1	-0.07077
34	5	5.502	0	0	0.3776
34	5	0.3684	0	0	1.18
34	5	5.387	1	1	-1.148
34	5	0.8286	0	0	1.009
34	5	0.2329	1	0	-0.07077
34	5	5.501	0	0	0.4749
34	5	0.3322	0	0	-1.385
34	5	5.429	1	1	-1.263
34	5	5.472	0	0	-1.974
34	5	0.1309	0	1	0.2216
34	5	0.4802	1	1	1.113
34	5	0.4895	0	1	-0.4166
34	5	0.3781	0	0	0.2216
34	5	0.3239	0	0	1.147
34	5	0.9476	1	1	-0.2706
34	5	5.221	1	1	-0.8398
34	5	0.5651	1	0	-0.008575
34	5	0.3844	1	0	0.6983
34	5	5.335	0	0	-0.07077
34	5	0.004321	0	1	1.079
35	5	5.606	0	0	-1.809
35	5	1.224	1	0	0.5674
35	5	0.7846	0	0	-2.831
35	5	1.02	1	1	-0.1351
35	5	0.5131	0	0	-0.4166
35	5	0.04896	0	1	0.7807
35	5	1.642	0	0	-1.04
35	5	0.2571	1	1	-0.2706
35	5	0.5791	1	1	-0.659
35	5	0.2408	1	0	-1.974
35	5	0.7787	1	1	0.3776
35	5	5.4	1	1	-0.9371
35	5	0.3301	1	1	-0.4166
35	5	0.8093	0	0	0.275
35	5	0.1449	0	0	0.4269
35	5	2.107	0	0	1.212
35	5	5.409	1	1	-2.831
35	5	1.034	0	0	-0.659
35	5	0.7683	1	0	-1.516
35	5	5.353	0	0	-1.385
35	5	5.334	0	0	-0.07077
35	5	0.404	1	1	0.5674
35	5	0.1258	0	0	-0.2016
35	5	0.4077	0	1	0.6983
35	5	1.512	1	1	-0.659
35	5	0.2247	0	0	-0.008575
35	5	0.9169	0	0	0.4749
35	5	1.786	1	1	-0.8398
35	5	1.825	0	0	-1.385
35	5	5.452	0	0	-0.1351
35	5	1.773	1	0	1.044
35	5	1.695	0	0	-0.5747
35	5	0.7845	1	1	-0.659
35	5	1.944	0	0	-1.04
35	5	0.4747	1	1	-0.008575
35	5	0.3229	1	0	0.275
35	5	0.2439	0	0	0.327
35	5	1.761	1	1	0.1666
35	5	5.12	1	1	-1.385
35	5	5.41	0	0	-1.809
35	5	1.009	0	0	-0.2706
35	5	5.355	1	1	-1.809
35	5	0.9066	1	1	1.147
35	5	1.012	1	1	-0.1351
35	5	0.03961	0	0	0.1666
35	5	0.28	1	0	-0.3422
35	5	0.1304	1	1	1.396
35	5	5.482	0	0	-2.154
35	5	0.3468	0	0	0.2216
35	5	1.759	1	1	-0.4166
36	5	1.802	1	1	-1.657
36	5	0.904	0	0	-2.154
36	5	0.8252	0	0	-1.657
36	5	5.206	0	0	-2.578
36	5	0.08354	0	1	1.009
36	5	0.3674	0	0	0.2216
36	5	0.3704	0	0	0.4269
36	5	0.182	0	1	0.05164
36	5	1.922	0	1	1.396
36	5	1.696	1	1	-0.659
36	5	5.257	0	0	0.11
36	5	0.1898	0	0	1.336
36	5	5.447	1	1	-1.385
36	5	0.3526	1	0	-0.2016
36	5	1.974	1	1	-2.154
36	5	1.624	1	1	-0.8398
36	5	5.266	1	1	-1.516
36	5	1.709	1	0	-0.8398
36	5	5.237	0	0	-0.5747
36	5	2.03	1	1	-1.04
36	5	0.5994	1	0	0.4749
36	5	0.4421	1	1	0.6983
36	5	1.026	1	1	1.18
36	5	0.1544	0	0	1.009
36	5	5.441	1	1	-1.263
36	5	0.04867	1	0	-0.07077
36	5	0.2514	1	1	0.275
36	5	0.9224	1	0	-0.3422
36	5	5.125	0	0	-1.148
36	5	0.8321	0	1	1.147
36	5	0.8909	1	0	1.425
36	5	0.7676	0	0	0.5217
36	5	0.04933	1	1	-0.1351
36	5	0.4655	0	0	0.4749
36	5	5.157	0	0	-0.8398
36	5	0.4547	1	1	0.6556
36	5	5.352	1	1	-1.657
36	5	0.8473	1	0	-0.8398
36	5	0.1955	0	1	0.7807
36	5	0.8761	1	1	0.1666
36	5	0.7499	0	0	1.212
36	5	2.002	1	1	1.079
36	5	0.4032	1	0	0.4749
36	5	0.3841	1	1	0.8981
36	5	1.913	1	1	0.612
36	5	2.11	1	1	0.3776
36	5	0.3658	0	0	-0.7473
36	5	0.08493	1	0	0.7807
36	5	5.346	0	0	-1.809
36	5	0.5273	0	0	0.05164
37	5	5.652	1	1	-2.831
37	5	1.856	0	0	-1.657
37	5	0.8832	1	0	0.8981
37	5	0.8558	1	0	1.97
37	5	1.92	1	1	-1.516
37	5	0.5143	1	0	0.612
37	5	0.1609	1	1	-0.659
37	5	0.8452	0	0	0.8981
37	5	5.528	1	1	-1.516
37	5	0.6214	0	0	0.4749
37	5	0.4477	0	0	-0.2706
37	5	5.284	0	0	-1.148
37	5	1.737	0	0	-0.5747
37	5	0.1164	1	0	-1.385
37	5	5.316	0	0	-1.657
37	5	1.934	1	1	-1.04
37	5	1.09	0	1	1.079
37	5	1.729	1	1	0.8981
37	5	0.985	1	0	0.8981
37	5	5.499	1	1	-0.8398
37	5	0.3389	1	0	-0.2016
37	5	0.5998	0	0	0.9357
37	5	0.203	0	1	-1.04
37	5	0.07248	1	0	-0.8398
37	5	5.488	0	0	-1.263
37	5	0.3493	0	0	-0.3422
37	5	0.5295	0	0	-1.04
37	5	5.326	0	0	-4.438
37	5	0.2453	1	0	-0.8398
37	5	0.2868	1	1	-0.4166
37	5	0.5298	0	0	-2.578
37	5	0.2952	1	0	-0.2016
37	5	1.685	0	0	-1.385
37	5	1.839	1	1	0.6983
37	5	0.185	1	0	-0.07077
37	5	5.455	1	1	-1.04
37	5	5.4	0	0	-3.892
37	5	1.904	1	1	0.11
37	5	1.839	1	1	1.396
37	5	0.5016	1	0	0.7807
37	5	0.003594	1	1	2.013
37	5	1.57	0	1	1.079
37	5	0.02604	0	1	1.079
37	5	0.491	0	0	1.905
37	5	5.635	1	1	-0.4166
37	5	1.062	0	0	-1.04
37	5	0.3114	0	1	-0.2016
37	5	1.006	1	1	-0.008575
37	5	0.6125	1	1	1.212
37	5	0.8031	0	0	-1.04
38	5	1.664	0	0	-1.657
38	5	5.298	0	0	-3.892
38	5	1.81	1	1	0.1666
38	5	0.5805	0	1	-0.008575
38	5	5.421	1	1	-2.354
38	5	5.397	0	0	-3.892
38	5	0.3994	0	0	-3.469
38	5	1.863	1	1	-3.469
38	5	0.4007	1	1	-0.4166
38	5	0.8904	1	1	1.212
38	5	5.377	0	0	-1.657
38	5	1.736	0	0	-0.2016
38	5	0.4494	1	0	1.336
38	5	1.001	1	1	-0.4166
38	5	0.05209	0	0	-0.4166
38	5	0.1417	1	0	-0.3422
38	5	5.423	1	1	-0.8398
38	5	1.728	0	0	-0.07077
38	5	0.01353	1	1	0.8207
38	5	1.959	0	0	0.4749
38	5	5.231	1	1	-0.9371
38	5	1.057	1	1	0.8598
38	5	0.5998	1	0	0.8598
38	5	0.3692	1	1	0.11
38	5	1.899	1	1	-0.8398
38	5	5.525	1	1	-0.5747
38	5	1.072	1	0	-0.008575
38	5	0.007262	1	0	0.11
38	5	0.3776	1	1	-0.5747
38	5	0.8727	1	0	0.327
38	5	1.197	0	0	0.4749
38	5	0.4966	1	0	0.327
38	5	1.682	0	0	0.8207
38	5	5.573	0	0	-1.263
38	5	5.357	1	1	-0.494
38	5	0.7154	1	1	1.147
38	5	0.9041	1	0	1.18
38	5	0.27	1	1	-1.385
38	5	0.3609	0	1	-0.008575
38	5	0.7622	1	0	0.5217
38	5	1.463	0	0	-0.8398
38	5	0.3158	0	0	-0.07077
38	5	0.5987	1	0	1.079
38	5	1.831	0	0	-1.148
38	5	5.631	1	1	-2.154
38	5	0.3275	0	0	0.5674
38	5	0.00118	0	0	-0.659
38	5	0.562	0	0	-0.2706
38	5	1.079	0	0	-4.438
38	5	0.3013	0	0	-0.7473
39	5	0.2819	1	1	-0.07077
39	5	0.3025	1	0	0.7807
39	5	0.4306	0	0	-1.809
39	5	0.2516	1	1	0.4749
39	5	0.1798	1	0	-0.2016
39	5	0.1147	0	0	-1.148
39	5	0.9373	1	0	-0.8398
39	5	0.7254	0	0	-0.07077
39	5	5.296	0	0	-2.578
39	5	1.505	0	0	-0.5747
39	5	0.8784	0	0	-0.07077
39	5	1.868	0	0	-2.354
39	5	0.5174	0	0	1.044
39	5	0.3355	1	0	-0.659
39	5	5.299	0	0	-2.354
39	5	5.27	1	1	-0.659
39	5	2.019	0	0	-2.578
39	5	0.4919	1	0	-1.148
39	5	0.06498	1	1	-0.5747
39	5	5.465	1	1	-0.8398
39	5	1.718	1	0	0.327
39	5	5.155	1	1	-0.07077
39	5	0.9147	0	0	-0.3422
39	5	0.875	1	0	-2.154
39	5	0.3528	1	0	0.6556
39	5	2.119	1	1	-0.2016
39	5	0.3965	0	0	0.275
39	5	1.622	0	0	0.327
39	5	0.9478	0	1	-0.1351
39	5	5.355	1	1	-0.5747
39	5	0.1764	0	0	-0.659
39	5	1.725	0	0	-2.154
39	5	0.366	0	0	-0.494
39	5	0.2983	1	1	-0.07077
39	5	0.5296	0	0	0.4749
39	5	0.6303	1	0	0.8981
39	5	1.978	0	0	-0.5747
39	5	0.756	0	0	-0.5747
39	5	5.584	1	1	-0.8398
39	5	1.603	1	1	0.2216
39	5	0.9038	1	0	-0.4166
39	5	1.736	1	1	-0.659
39	5	5.201	1	1	-1.385
39	5	0.4766	0	0	-0.7473
39	5	0.7893	0	0	-1.809
39	5	0.598	1	0	-3.123
39	5	5.524	0	0	-4.438
39	5	5.73	1	1	-0.8398
39	5	0.7995	0	0	-2.578
39	5	0.05857	0	0	-1.04
40	6	0.401	0	0	-1.974
40	6	5.404	0	1	-0.4166
40	6	1.716	0	0	1.244
40	6	5.553	1	1	-0.07077
40	6	0.1257	0	0	1.079
40	6	5.309	0	0	-1.04
40	6	0.6398	1	1	0.9725
40	6	0.5853	1	1	0.9725
40	6	0.5413	0	0	-0.8398
40	6	0.31	0	0	0.05164
40	6	1.058	0	0	-0.7473
40	6	0.4592	1	0	0.327
40	6	1.841	0	0	0.4749
40	6	0.7715	0	0	-0.2016
40	6	0.1501	1	0	0.05164
40	6	1.709	0	0	0.9725
40	6	1.638	1	1	0.11
40	6	0.9926	1	1	0.6983
40	6	0.8351	1	0	1.079
40	6	0.8872	1	1	0.2216
40	6	0.746	1	0	0.74
40	6	0.5879	0	0	0.4269
40	6	1.845	1	1	0.5674
40	6	1.769	0	0	0.3776
40	6	0.2866	1	1	0.4749
40	6	5.298	1	1	0.11
40	6	0.6455	1	0	0.8598
40	6	0.2116	0	0	0.3776
40	6	1.902	1	1	0.11
40	6	5.267	1	1	0.327
40	6	0.615	1	1	1.009
40	6	5.443	1	1	0.05164
40	6	0.9295	0	0	0.8207
40	6	0.1396	0	1	0.4749
40	6	0.3745	1	1	1.396
40	6	1.841	0	0	0.6983
40	6	1.672	0	0	0.4269
40	6	1.02	0	0	1.18
40	6	5.404	0	0	0.4269
40	6	0.4658	1	0	-0.4166
40	6	1.816	1	1	0.275
40	6	0.2936	0	0	-0.659
40	6	0.5169	1	0	0.9725
40	6	0.518	1	0	0.4749
40	6	0.01941	1	0	0.3776
40	6	5.8	1	1	0.11
40	6	0.4244	1	0	0.11
40	6	0.2858	1	0	-0.7473
40	6	5.422	0	0	0.3776
40	6	5.242	0	0	0.1666
41	6	0.4813	0	0	-0.8398
41	6	1.824	0	0	0.9357
41	6	0.8257	0	0	0.4749
41	6	0.6955	1	0	0.7807
41	6	5.44	1	1	0.3776
41	6	0.2628	1	0	0.3776
41	6	5.759	1	1	0.4269
41	6	0.2251	1	0	0.8207
41	6	5.563	1	1	0.4749
41	6	0.7081	0	0	2.287
41	6	2	1	1	0.1666
41	6	1.047	0	1	1.18
41	6	1.13	1	0	0.4749
41	6	0.1593	0	1	0.9725
41	6	2.033	1	1	1.009
41	6	0.5149	0	0	0.327
41	6	5.342	0	0	-0.4166
41	6	1.679	1	1	0.612
41	6	0.3963	1	0	1.212
41	6	0.7874	0	0	1.509
41	6	0.83	0	0	0.9725
41	6	5.479	0	0	-0.07077
41	6	0.697	1	1	1.536
41	6	0.8169	1	0	1.18
41	6	1.756	0	0	0.7807
41	6	0.7368	1	1	0.5674
41	6	1.824	1	1	0.8981
41	6	1.817	1	1	0.5674
41	6	0.6281	0	0	-0.07077
41	6	0.05832	0	0	1.306
41	6	5.428	1	1	1.009
41	6	0.3298	1	1	0.5674
41	6	0.5447	1	1	0.5674
41	6	1.105	1	1	0.8207
41	6	0.8495	0	0	0.11
41	6	1.847	0	0	1.044
41	6	0.001787	1	0	1.147
41	6	1.705	1	1	0.612
41	6	0.08996	0	0	0.05164
41	6	0.01888	0	1	0.6556
41	6	0.342	0	0	1.453
41	6	5.274	0	0	1.275
41	6	5.499	0	0	0.2216
41	6	5.455	1	1	0.05164
41	6	0.4146	0	0	-0.008575
41	6	0.06291	0	0	0.3776
41	6	5.484	0	0	0.1666
41	6	0.8957	1	0	-1.04
41	6	0.2434	1	1	0.7807
42	6	0.7514	0	0	0.9725
42	6	0.1829	0	1	1.667
42	6	1.828	0	0	-0.8398
42	6	0.9145	1	1	-0.4166
42	6	0.1222	0	1	-0.07077
42	6	0.4995	1	1	1.481
42	6	5.286	0	0	-0.4166
42	6	1.79	1	1	1.079
42	6	0.8153	1	1	0.11
42	6	0.8238	0	0	-0.659
42	6	0.02118	0	0	0.275
42	6	0.8406	1	1	0.3776
42	6	5.51	1	1	-0.07077
42	6	0.006929	0	1	0.327
42	6	0.1318	0	1	-0.5747
42	6	1.932	1	1	-0.2706
42	6	5.435	1	1	-0.07077
42	6	0.7369	0	0	0.2216
42	6	0.1358	1	1	0.612
42	6	0.09968	0	1	1.563
42	6	1.733	0	0	-0.1351
42	6	0.4583	1	1	-0.4166
42	6	0.05818	1	1	-0.4166
42	6	0.2867	1	0	0.5674
42	6	0.7593	1	1	0.2216
42	6	0.5895	0	0	-1.148
42	6	0.799	1	1	0.8207
42	6	5.682	1	1	-1.04
42	6	1.827	1	1	0.4269
42	6	5.305	0	0	-0.4166
42	6	0.4405	1	0	-0.659
42	6	5.324	1	1	-0.4166
42	6	2.061	1	1	0.275
42	6	0.6539	0	0	1.079
42	6	1.03	0	0	-1.385
42	6	1.549	0	0	-0.4166
42	6	0.2009	0	0	-0.07077
42	6	5.172	0	0	-0.7473
42	6	0.2973	0	1	-0.659
42	6	0.3378	0	0	0.11
42	6	1.905	1	1	-0.7473
42	6	5.442	1	1	0.05164
42	6	0.4657	0	0	0.3776
42	6	1.634	1	0	0.2216
42	6	0.4427	0	0	-0.07077
42	6	1.695	1	1	-0.7473
42	6	0.3436	1	1	-0.659
42	6	5.371	1	1	0.05164
42	6	5.443	1	1	-1.04
42	6	0.6591	1	1	0.612
43	6	1.939	0	0	-1.974
43	6	0.04106	0	0	-1.04
43	6	0.6764	0	0	-2.154
43	6	5.458	1	1	-0.07077
43	6	0.1901	0	1	0.275
43	6	5.647	1	1	-0.07077
43	6	5.411	1	1	-0.494
43	6	5.506	1	1	-0.07077
43	6	1.757	1	1	0.4749
43	6	0.53	0	0	0.275
43	6	0.149	0	0	-1.263
43	6	1.78	0	0	-0.494
43	6	5.22	1	1	-0.494
43	6	0.4652	0	1	0.9357
43	6	5.22	0	0	-0.07077
43	6	0.6781	1	0	0.3776
43	6	0.7375	0	0	0.05164
43	6	0.1348	0	1	-0.8398
43	6	1.688	1	1	0.7807
43	6	1.712	0	0	-0.659
43	6	1.84	1	1	-0.07077
43	6	0.5931	0	0	-0.5747
43	6	0.4146	0	0	-0.4166
43	6	0.5146	1	0	-0.659
43	6	0.2069	1	1	0.2216
43	6	5.327	0	0	-1.516
43	6	0.794	0	0	0.4749
43	6	0.5121	0	0	-1.04
43	6	5.365	0	0	-0.07077
43	6	0.2878	0	0	-0.2016
43	6	0.4151	1	1	-0.659
43	6	0.2561	1	1	0.05164
43	6	1.812	1	1	0.4269
43	6	0.3844	1	0	-1.148
43	6	0.7555	0	0	0.8981
43	6	0.3865	1	1	0.05164
43	6	1.685	1	0	0.8207
43	6	5.591	1	1	-0.2016
43	6	2.01	1	1	0.05164
43	6	0.6577	0	1	0.11
43	6	0.4241	1	0	0.8207
43	6	0.9422	1	1	0.6983
43	6	5.448	1	1	-0.8398
43	6	0.3505	0	0	0.4269
43	6	0.2504	0	0	-0.2706
43	6	1.9	1	0	-0.3422
43	6	0.3316	1	1	1.509
43	6	0.77	0	0	-1.04
43	6	1.038	1	1	0.1666
43	6	0.5146	0	0	0.327
44	6	5.417	1	1	-0.3422
44	6	1.791	0	0	-1.263
44	6	0.9529	0	0	-1.657
44	6	0.3782	0	1	0.1666
44	6	1.959	1	1	-0.494
44	6	1.718	0	0	-1.148
44	6	0.381	0	1	0.05164
44	6	0.1118	0	0	0.11
44	6	1.678	0	0	0.6983
44	6	0.2289	1	1	1.079
44	6	0.5505	1	1	0.6983
44	6	0.3619	1	1	0.4749
44	6	1.733	0	0	-1.148
44	6	0.9791	1	1	0.4749
44	6	5.225	0	0	-3.892
44	6	1.204	1	1	-0.1351
44	6	5.75	1	1	-0.9371
44	6	0.3575	1	0	0.11
44	6	0.1231	0	0	0.4269
44	6	0.9047	0	0	0.05164
44	6	1.713	0	1	-0.07077
44	6	1.684	0	0	-0.8398
44	6	2.109	1	0	-3.469
44	6	0.749	1	1	0.1666
44	6	1.863	1	1	-0.5747
44	6	0.9585	1	1	0.7807
44	6	0.6348	0	0	-1.04
44	6	1.28	1	0	1.079
44	6	1.039	1	1	-0.4166
44	6	1.926	1	1	0.5674
44	6	5.359	0	0	-0.8398
44	6	0.3697	0	0	-0.659
44	6	5.694	1	1	-1.809
44	6	0.643	0	0	-6.522
44	6	0.3432	1	0	-0.3422
44	6	5.232	0	0	-1.385
44	6	0.4743	0	1	0.327
44	6	5.371	1	1	-0.659
44	6	5.564	0	0	-1.385
44	6	0.002576	0	1	0.612
44	6	0.7639	1	0	-0.3422
44	6	0.4043	0	0	-0.1351
44	6	0.3405	0	0	0.05164
44	6	0.2772	0	1	0.5674
44	6	0.9161	1	0	0.8598
44	6	5.415	1	1	-0.5747
44	6	0.6313	1	1	0.5674
44	6	0.225	1	0	-0.8398
44	6	5.262	0	0	-1.657
44	6	0.2448	1	0	0.4749
45	6	5.301	0	0	-3.469
45	6	0.847	1	0	-0.2016
45	6	1.028	0	0	-0.1351
45	6	0.9621	1	1	-1.148
45	6	0.4934	0	1	-0.7473
45	6	0.3717	0	1	0.4749
45	6	1.826	0	0	0.05164
45	6	0.3604	1	1	0.11
45	6	0.8394	1	1	-0.5747
45	6	0.357	1	0	-0.07077
45	6	0.2627	1	1	0.74
45	6	5.541	1	1	-0.4166
45	6	0.4804	1	0	-0.07077
45	6	0.5971	0	0	-1.385
45	6	0.1224	0	0	0.4749
45	6	1.899	0	0	-0.07077
45	6	5.72	1	1	-1.263
45	6	1.042	0	0	-1.148
45	6	0.7539	1	1	-0.4166
45	6	5.446	0	0	-0.5747
45	6	5.462	0	0	-0.4166
45	6	0.7092	1	1	-0.2016
45	6	0.1164	0	0	0.05164
45	6	0.3825	0	0	-0.7473
45	6	2.096	1	0	0.5674
45	6	0.1905	0	0	-1.385
45	6	0.9478	0	0	-0.07077
45	6	1.766	1	1	-0.2016
45	6	1.767	0	0	-0.659
45	6	5.456	0	0	-0.2706
45	6	1.587	1	1	-1.657
45	6	1.72	0	0	0.1666
45	6	0.9051	1	1	-0.659
45	6	1.775	0	0	0.2216
45	6	0.5505	1	0	-0.4166
45	6	0.3196	1	1	0.4749
45	6	0.2339	0	0	-0.008575
45	6	1.769	1	1	-0.659
45	6	5.405	1	1	-1.04
45	6	5.309	0	0	-2.831
45	6	0.8901	0	0	0.4269
45	6	5.414	1	1	-0.8398
45	6	0.9145	1	0	-1.04
45	6	1.121	1	1	-0.5747
45	6	0.2207	0	0	-0.1351
45	6	0.2044	1	0	-0.2706
45	6	0.2348	1	0	-0.07077
45	6	5.17	0	0	-1.148
45	6	0.2468	0	0	0.9357
45	6	1.71	1	1	-2.154
46	6	1.963	1	0	0.612
46	6	0.7205	0	0	-1.809
46	6	0.5443	0	1	-0.494
46	6	5.162	0	0	-1.385
46	6	0.1045	0	1	0.4749
46	6	0.5443	0	0	0.8981
46	6	0.2987	0	0	-1.04
46	6	0.1624	0	1	-1.04
46	6	1.696	0	0	-0.008575
46	6	1.729	1	1	0.11
46	6	5.041	0	0	-3.123
46	6	0.08172	0	0	0.4749
46	6	5.675	1	1	-0.7473
46	6	0.4921	1	1	-0.5747
46	6	1.805	1	1	0.8598
46	6	1.617	1	0	0.11
46	6	5.552	1	1	-0.4166
46	6	1.936	1	0	0.5217
46	6	5.324	0	0	-0.5747
46	6	1.813	1	1	0.275
46	6	0.5156	1	1	0.327
46	6	0.4813	1	0	0.327
46	6	0.9196	1	1	0.9357
46	6	0.4813	0	0	0.5674
46	6	5.556	1	1	-0.5747
46	6	0.1639	0	0	-0.1351
46	6	0.2374	1	1	-0.07077
46	6	1.346	1	1	1.244
46	6	5.375	0	0	-0.8398
46	6	0.9589	0	0	-0.659
46	6	0.7035	1	0	0.05164
46	6	0.7768	0	0	-0.008575
46	6	0.1915	0	0	-0.07077
46	6	0.2038	0	0	0.7807
46	6	5.429	0	0	-0.7473
46	6	0.3209	1	0	-1.809
46	6	5.749	1	1	-0.4166
46	6	1.138	1	0	0.2216
46	6	0.07896	0	0	0.5217
46	6	1.052	1	1	0.05164
46	6	0.8473	0	0	-1.148
46	6	1.923	1	1	-0.07077
46	6	0.3526	1	0	-0.07077
46	6	0.648	1	1	0.74
46	6	1.807	1	1	0.2216
46	6	2.06	1	0	0.612
46	6	0.3136	0	0	-0.4166
46	6	0.02944	1	0	0.6983
46	6	5.311	0	0	-0.4166
46	6	0.3761	0	0	-0.8398
47	6	5.555	1	1	-1.148
47	6	1.585	0	0	-2.354
47	6	1.043	1	1	0.05164
47	6	1.038	1	1	0.05164
47	6	1.892	1	1	0.05164
47	6	0.6466	1	1	-0.07077
47	6	0.4027	1	1	0.3776
47	6	0.8877	0	0	0.74
47	6	5.931	1	1	-0.2706
47	6	0.3134	0	0	-0.659
47	6	0.3988	0	0	0.4749
47	6	5.055	0	0	-0.4166
47	6	1.707	0	0	0.6556
47	6	0.1895	1	0	0.7807
47	6	5.375	0	0	-0.1351
47	6	2.075	1	1	-0.659
47	6	0.8213	0	0	-1.385
47	6	1.509	1	1	0.2216
47	6	0.9158	1	1	-1.516
47	6	5.596	1	1	-0.2016
47	6	0.5499	1	0	-0.5747
47	6	0.8876	0	0	-0.5747
47	6	0.04046	1	0	-0.1351
47	6	0.2433	0	0	-0.008575
47	6	5.247	0	0	-0.5747
47	6	0.05987	0	0	-0.008575
47	6	1.023	0	0	-2.154
47	6	5.443	0	0	-1.385
47	6	0.05801	1	0	-0.8398
47	6	0.1845	1	0	0.5217
47	6	0.1039	0	1	0.11
47	6	0.342	1	0	0.3776
47	6	1.786	0	0	0.11
47	6	1.87	1	1	-1.385
47	6	0.3762	1	0	0.327
47	6	5.499	1	1	-0.3422
47	6	5.466	0	0	-1.148
47	6	1.784	1	1	-1.04
47	6	2.027	1	1	-0.659
47	6	0.5018	1	0	0.612
47	6	0.216	0	0	1.396
47	6	1.651	0	0	-0.07077
47	6	0.2899	0	0	-1.385
47	6	0.5507	0	0	0.4269
47	6	5.623	1	1	-0.659
47	6	0.6831	0	0	0.4269
47	6	0.3055	0	0	0.8981
47	6	0.8428	1	1	0.11
47	6	0.9713	1	0	0.3776
47	6	0.723	0	1	0.3776
48	6	1.53	0	0	-3.469
48	6	5.464	0	0	-1.148
48	6	1.67	1	0	-0.07077
48	6	0.713	0	1	1.366
48	6	5.563	1	1	-0.8398
48	6	5.334	0	0	0.05164
48	6	0.6669	0	1	0.74
48	6	2.147	1	1	1.079
48	6	0.4824	1	1	0.5674
48	6	0.7934	1	0	-0.4166
48	6	5.103	0	0	-0.8398
48	6	1.632	0	0	-0.3422
48	6	0.6169	1	1	-0.494
48	6	1.094	1	1	0.5674
48	6	0.3552	0	0	-1.04
48	6	0.1897	0	0	-0.5747
48	6	5.725	1	1	-1.385
48	6	1.732	0	0	-0.494
48	6	0.02248	1	0	-1.148
48	6	1.741	0	1	0.5217
48	6	5.428	1	1	-0.4166
48	6	0.8433	1	0	-0.8398
48	6	0.5049	1	1	-0.494
48	6	0.1425	1	0	-1.516
48	6	1.933	1	1	1.113
48	6	5.283	1	1	-0.3422
48	6	0.8613	1	0	0.3776
48	6	0.2193	0	0	-0.659
48	6	0.2239	1	0	-1.263
48	6	0.3954	1	1	-0.5747
48	6	0.7408	0	0	-0.2016
48	6	0.4798	1	0	1.009
48	6	1.749	0	0	-0.659
48	6	5.378	0	0	-0.9371
48	6	5.691	1	1	0.4749
48	6	1.036	1	1	-0.659
48	6	0.9698	1	1	-1.385
48	6	0.3383	1	0	0.8981
48	6	0.5685	0	0	0.6983
48	6	0.7928	1	1	-0.2016
48	6	1.56	0	0	-1.516
48	6	0.05179	0	0	0.612
48	6	0.6177	1	0	-0.4166
48	6	1.712	0	0	-2.578
48	6	5.392	1	1	-1.657
48	6	0.3245	0	0	-0.4166
48	6	0.1315	1	1	-0.4166
48	6	0.2812	0	0	1.244
48	6	0.6381	0	0	0.05164
48	6	0.2583	0	0	-1.657
49	6	0.3617	1	0	-0.8398
49	6	0.5416	1	0	-1.263
49	6	0.1868	0	0	-0.07077
49	6	0.1026	1	0	-1.04
49	6	0.4479	1	0	0.9725
49	6	0.09827	0	1	0.3776
49	6	1.037	1	1	0.612
49	6	0.7079	0	0	-1.385
49	6	5.329	0	0	-2.154
49	6	1.743	0	0	0.4269
49	6	0.7078	0	0	0.11
49	6	1.786	0	0	0.327
49	6	0.4951	0	0	0.2216
49	6	5.16	0	0	-1.516
49	6	5.299	1	1	-0.2016
49	6	1.965	0	0	-0.4166
49	6	0.5464	1	0	-0.3422
49	6	0.1062	1	1	-0.8398
49	6	5.533	1	1	-0.2706
49	6	1.77	1	1	-0.7473
49	6	5.22	1	1	-0.7473
49	6	0.8741	0	0	-1.148
49	6	0.9276	1	1	-0.2016
49	6	0.3995	1	1	-0.1351
49	6	2.17	1	1	-0.2706
49	6	0.3464	0	0	-0.8398
49	6	1.58	0	0	-0.5747
49	6	0.9106	0	0	-0.8398
49	6	5.361	1	1	-0.8398
49	6	0.1565	0	1	-2.154
49	6	1.691	0	0	-1.263
49	6	0.3265	0	0	0.275
49	6	0.3461	1	1	0.3776
49	6	0.4892	0	0	-2.578
49	6	0.6717	1	0	-0.2706
49	6	1.857	0	1	0.5674
49	6	0.9362	0	1	1.336
49	6	5.471	1	1	-0.7473
49	6	1.933	1	1	-1.385
49	6	1.13	1	0	-0.5747
49	6	1.877	1	1	1.147
49	6	5.319	1	1	-1.263
49	6	0.5191	0	0	-0.3422
49	6	0.5202	0	0	0.2216
49	6	0.3392	1	0	-1.657
49	6	5.342	0	0	0.5674
49	6	5.39	1	1	-0.7473
49	6	0.9189	0	1	-0.07077
49	6	0.2661	0	0	-0.2706
