0	2	0.025	0	1
0	2	0.3	0	0
0	2	0.1	0	1
0	2	0.3	1	1
0	2	0.0125	0	1
0	2	0.3	0	0
0	2	0.025	1	1
0	2	0.025	1	1
0	2	0.05	0	0
0	2	0.0125	0	1
0	2	0.05	0	1
0	2	0.025	1	1
0	2	0.1	0	1
0	2	0.05	0	1
0	2	0.0125	0	0
0	2	0.1	0	1
0	2	0.1	1	1
0	2	0.05	1	1
0	2	0.05	1	1
0	2	0.05	1	1
0	2	0.025	1	0
0	2	0.05	0	0
0	2	0.1	1	1
0	2	0.1	0	0
0	2	0.0125	1	1
0	2	0.3	1	1
0	2	0.025	1	1
0	2	0.0125	0	1
0	2	0.1	1	1
0	2	0.3	1	1
0	2	0.025	1	1
0	2	0.3	1	1
0	2	0.05	0	0
0	2	0.0125	0	0
0	2	0.025	1	1
0	2	0.1	0	0
0	2	0.1	0	1
0	2	0.05	0	1
0	2	0.3	0	0
0	2	0.0125	1	0
0	2	0.1	1	1
0	2	0.025	0	1
0	2	0.05	1	1
0	2	0.025	1	0
0	2	0.0125	0	1
0	2	0.3	1	1
0	2	0.0125	1	1
0	2	0.0125	1	0
0	2	0.3	0	0
0	2	0.3	0	0
1	2	0.025	0	0
1	2	0.1	0	1
1	2	0.05	0	0
1	2	0.05	1	1
1	2	0.3	1	1
1	2	0.0125	1	0
1	2	0.3	1	1
1	2	0.0125	1	1
1	2	0.3	1	1
1	2	0.1	1	1
1	2	0.05	0	0
1	2	0.1	1	1
1	2	0.05	0	0
1	2	0.05	1	0
1	2	0.0125	0	1
1	2	0.1	1	1
1	2	0.025	0	1
1	2	0.3	0	0
1	2	0.1	1	1
1	2	0.025	1	0
1	2	0.05	0	0
1	2	0.05	0	1
1	2	0.3	0	0
1	2	0.025	1	1
1	2	0.025	1	1
1	2	0.1	0	1
1	2	0.025	1	1
1	2	0.1	1	0
1	2	0.1	1	1
1	2	0.025	0	1
1	2	0.0125	0	0
1	2	0.3	1	1
1	2	0.0125	1	1
1	2	0.025	1	1
1	2	0.05	1	1
1	2	0.05	0	0
1	2	0.1	0	0
1	2	0.0125	0	1
1	2	0.1	1	1
1	2	0.0125	0	0
1	2	0.0125	0	1
1	2	0.025	0	0
1	2	0.3	0	0
1	2	0.3	0	0
1	2	0.3	1	1
1	2	0.025	0	1
1	2	0.0125	0	1
1	2	0.3	0	0
1	2	0.05	1	0
1	2	0.0125	1	1
2	2	0.05	0	0
2	2	0.025	0	0
2	2	0.1	0	0
2	2	0.05	1	1
2	2	0.0125	0	1
2	2	0.025	1	1
2	2	0.3	0	0
2	2	0.1	1	1
2	2	0.05	1	1
2	2	0.05	0	0
2	2	0.0125	0	0
2	2	0.05	1	1
2	2	0.3	1	1
2	2	0.0125	0	1
2	2	0.0125	0	1
2	2	0.1	1	0
2	2	0.3	1	1
2	2	0.05	0	1
2	2	0.0125	1	1
2	2	0.025	0	0
2	2	0.1	0	0
2	2	0.0125	1	0
2	2	0.0125	0	1
2	2	0.0125	0	1
2	2	0.025	1	1
2	2	0.05	0	1
2	2	0.05	1	0
2	2	0.3	1	1
2	2	0.1	1	0
2	2	0.3	0	0
2	2	0.025	1	1
2	2	0.3	1	1
2	2	0.1	1	1
2	2	0.05	0	1
2	2	0.05	0	1
2	2	0.1	0	0
2	2	0.0125	0	1
2	2	0.3	0	0
2	2	0.025	0	1
2	2	0.025	0	0
2	2	0.1	1	1
2	2	0.3	1	1
2	2	0.025	0	1
2	2	0.1	1	1
2	2	0.025	0	1
2	2	0.1	1	1
2	2	0.0125	1	1
2	2	0.3	1	1
2	2	0.3	1	1
2	2	0.025	1	1
3	2	0.1	0	0
3	2	0.0125	0	1
3	2	0.05	0	0
3	2	0.3	1	1
3	2	0.0125	0	1
3	2	0.3	1	1
3	2	0.3	1	1
3	2	0.3	1	1
3	2	0.1	1	1
3	2	0.05	0	0
3	2	0.025	0	1
3	2	0.1	0	0
3	2	0.3	1	1
3	2	0.025	0	1
3	2	0.3	0	0
3	2	0.025	1	1
3	2	0.05	0	1
3	2	0.0125	0	0
3	2	0.1	1	1
3	2	0.1	0	1
3	2	0.1	1	0
3	2	0.025	0	0
3	2	0.025	0	0
3	2	0.025	1	0
3	2	0.0125	1	1
3	2	0.3	0	0
3	2	0.05	0	1
3	2	0.05	0	1
3	2	0.3	0	0
3	2	0.025	0	0
3	2	0.0125	1	0
3	2	0.0125	1	1
3	2	0.1	1	1
3	2	0.0125	1	1
3	2	0.05	0	0
3	2	0.0125	1	1
3	2	0.1	1	1
3	2	0.3	1	1
3	2	0.1	1	1
3	2	0.05	0	1
3	2	0.025	1	0
3	2	0.05	1	1
3	2	0.3	1	1
3	2	0.0125	0	0
3	2	0.025	0	0
3	2	0.1	1	0
3	2	0.0125	1	0
3	2	0.05	0	1
3	2	0.05	1	0
3	2	0.025	0	1
4	2	0.3	1	1
4	2	0.1	0	0
4	2	0.05	0	0
4	2	0.0125	0	0
4	2	0.1	1	0
4	2	0.1	0	0
4	2	0.0125	0	1
4	2	0.025	0	1
4	2	0.1	0	0
4	2	0.0125	1	0
4	2	0.025	1	0
4	2	0.0125	1	0
4	2	0.1	0	1
4	2	0.05	1	1
4	2	0.3	0	0
4	2	0.05	1	0
4	2	0.3	1	1
4	2	0.0125	1	0
4	2	0.025	0	1
4	2	0.05	0	0
4	2	0.1	0	0
4	2	0.1	0	0
4	2	0.1	1	0
4	2	0.025	1	0
4	2	0.1	1	1
4	2	0.05	1	1
4	2	0.05	0	0
4	2	0.05	1	0
4	2	0.05	1	0
4	2	0.1	1	1
4	2	0.3	0	0
4	2	0.025	0	0
4	2	0.3	1	1
4	2	0.05	0	0
4	2	0.0125	1	1
4	2	0.3	0	0
4	2	0.025	0	0
4	2	0.3	1	1
4	2	0.3	0	0
4	2	0.0125	0	1
4	2	0.025	1	0
4	2	0.0125	0	1
4	2	0.025	0	1
4	2	0.025	0	0
4	2	0.05	1	1
4	2	0.3	1	1
4	2	0.025	1	0
4	2	0.0125	1	1
4	2	0.3	0	0
4	2	0.0125	1	0
5	2	0.3	0	0
5	2	0.05	1	1
5	2	0.05	0	1
5	2	0.05	1	1
5	2	0.025	0	0
5	2	0.0125	0	0
5	2	0.1	0	0
5	2	0.0125	1	1
5	2	0.025	1	1
5	2	0.0125	1	1
5	2	0.025	1	0
5	2	0.3	1	1
5	2	0.025	1	1
5	2	0.05	0	0
5	2	0.0125	0	0
5	2	0.1	0	0
5	2	0.3	1	1
5	2	0.05	0	0
5	2	0.025	1	0
5	2	0.3	0	0
5	2	0.3	0	0
5	2	0.025	1	0
5	2	0.0125	0	0
5	2	0.025	0	0
5	2	0.1	1	0
5	2	0.0125	0	0
5	2	0.05	0	0
5	2	0.1	1	1
5	2	0.1	0	0
5	2	0.3	0	0
5	2	0.1	1	1
5	2	0.1	0	0
5	2	0.05	1	1
5	2	0.1	0	0
5	2	0.025	1	1
5	2	0.025	1	0
5	2	0.0125	0	1
5	2	0.1	1	1
5	2	0.3	1	1
5	2	0.3	0	0
5	2	0.05	0	1
5	2	0.3	1	1
5	2	0.05	1	1
5	2	0.05	1	0
5	2	0.0125	0	0
5	2	0.0125	1	0
5	2	0.0125	1	1
5	2	0.3	0	0
5	2	0.025	0	0
5	2	0.1	1	1
6	2	0.1	1	1
6	2	0.05	0	0
6	2	0.05	0	1
6	2	0.3	0	0
6	2	0.0125	0	1
6	2	0.025	0	0
6	2	0.025	0	0
6	2	0.0125	0	1
6	2	0.1	0	0
6	2	0.1	1	1
6	2	0.3	0	0
6	2	0.0125	0	0
6	2	0.3	1	1
6	2	0.025	1	1
6	2	0.1	1	1
6	2	0.1	1	1
6	2	0.3	1	1
6	2	0.1	1	1
6	2	0.3	0	0
6	2	0.1	1	0
6	2	0.025	1	1
6	2	0.025	1	1
6	2	0.05	1	1
6	2	0.025	0	0
6	2	0.3	1	1
6	2	0.0125	0	0
6	2	0.0125	1	0
6	2	0.05	1	0
6	2	0.3	0	0
6	2	0.05	0	0
6	2	0.05	1	1
6	2	0.05	0	0
6	2	0.0125	0	1
6	2	0.025	0	0
6	2	0.3	0	0
6	2	0.0125	1	0
6	2	0.3	1	1
6	2	0.05	1	0
6	2	0.0125	0	0
6	2	0.05	1	1
6	2	0.05	0	0
6	2	0.1	1	1
6	2	0.0125	1	1
6	2	0.025	1	1
6	2	0.1	1	0
6	2	0.1	1	1
6	2	0.025	0	0
6	2	0.0125	0	0
6	2	0.3	0	0
6	2	0.025	0	0
7	2	0.3	1	0
7	2	0.1	0	0
7	2	0.05	1	1
7	2	0.05	1	1
7	2	0.1	1	1
7	2	0.025	1	1
7	2	0.0125	1	0
7	2	0.05	0	1
7	2	0.3	1	1
7	2	0.0125	0	1
7	2	0.025	0	1
7	2	0.3	0	0
7	2	0.1	0	0
7	2	0.0125	1	0
7	2	0.3	0	0
7	2	0.1	1	0
7	2	0.05	0	0
7	2	0.1	1	0
7	2	0.05	1	0
7	2	0.3	1	1
7	2	0.025	1	0
7	2	0.05	0	1
7	2	0.0125	0	1
7	2	0.0125	0	0
7	2	0.3	0	0
7	2	0.025	0	1
7	2	0.05	0	0
7	2	0.3	0	0
7	2	0.0125	1	0
7	2	0.0125	1	1
7	2	0.025	0	1
7	2	0.025	1	0
7	2	0.1	0	1
7	2	0.1	1	1
7	2	0.0125	1	1
7	2	0.3	1	1
7	2	0.3	0	0
7	2	0.1	1	1
7	2	0.1	1	1
7	2	0.025	1	1
7	2	0.0125	0	1
7	2	0.1	0	0
7	2	0.0125	0	1
7	2	0.025	0	1
7	2	0.3	1	1
7	2	0.05	0	0
7	2	0.025	0	0
7	2	0.05	1	1
7	2	0.025	1	1
7	2	0.05	0	1
8	2	0.1	0	0
8	2	0.3	0	0
8	2	0.1	1	1
8	2	0.05	0	1
8	2	0.3	1	1
8	2	0.3	0	0
8	2	0.025	0	0
8	2	0.1	1	1
8	2	0.025	1	1
8	2	0.05	1	1
8	2	0.3	0	0
8	2	0.1	0	0
8	2	0.025	1	1
8	2	0.05	1	0
8	2	0.0125	0	0
8	2	0.0125	0	0
8	2	0.3	1	1
8	2	0.1	0	0
8	2	0.0125	0	0
8	2	0.1	0	0
8	2	0.3	1	1
8	2	0.05	1	1
8	2	0.025	1	1
8	2	0.0125	1	0
8	2	0.1	1	1
8	2	0.3	1	1
8	2	0.05	1	1
8	2	0.0125	0	1
8	2	0.0125	1	0
8	2	0.025	1	0
8	2	0.05	0	0
8	2	0.025	1	1
8	2	0.1	0	0
8	2	0.3	0	0
8	2	0.3	1	1
8	2	0.05	1	1
8	2	0.05	1	0
8	2	0.0125	1	1
8	2	0.025	0	0
8	2	0.05	1	0
8	2	0.1	0	0
8	2	0.0125	0	0
8	2	0.025	1	1
8	2	0.1	0	0
8	2	0.3	1	1
8	2	0.025	0	1
8	2	0.0125	0	0
8	2	0.025	0	1
8	2	0.05	0	1
8	2	0.0125	0	0
9	2	0.0125	1	0
9	2	0.025	1	0
9	2	0.025	0	1
9	2	0.0125	1	0
9	2	0.0125	1	1
9	2	0.0125	0	0
9	2	0.05	1	1
9	2	0.05	0	1
9	2	0.3	0	0
9	2	0.1	0	0
9	2	0.05	0	0
9	2	0.1	0	0
9	2	0.025	0	1
9	2	0.0125	1	0
9	2	0.3	0	0
9	2	0.3	1	1
9	2	0.1	0	0
9	2	0.025	1	1
9	2	0.0125	1	0
9	2	0.3	1	1
9	2	0.1	1	1
9	2	0.3	1	1
9	2	0.05	0	0
9	2	0.05	1	0
9	2	0.025	1	0
9	2	0.1	1	1
9	2	0.025	0	0
9	2	0.1	0	0
9	2	0.05	0	0
9	2	0.3	1	1
9	2	0.0125	0	1
9	2	0.1	0	1
9	2	0.025	0	0
9	2	0.0125	1	0
9	2	0.0125	0	0
9	2	0.025	1	1
9	2	0.1	0	0
9	2	0.05	0	1
9	2	0.3	1	1
9	2	0.1	1	1
9	2	0.05	1	0
9	2	0.1	1	1
9	2	0.3	1	1
9	2	0.025	0	1
9	2	0.05	0	0
9	2	0.025	1	1
9	2	0.3	0	0
9	2	0.3	1	1
9	2	0.05	0	0
9	2	0.0125	0	0
10	3	0.05	1	0
10	3	0.3	0	0
10	3	0.05	1	1
10	3	0.0125	0	1
10	3	0.0125	1	0
10	3	0.3	1	1
10	3	0.025	1	0
10	3	0.0125	1	1
10	3	0.05	1	1
10	3	0.05	1	1
10	3	0.0125	1	1
10	3	0.1	0	0
10	3	0.1	1	1
10	3	0.3	0	0
10	3	0.0125	1	0
10	3	0.025	0	1
10	3	0.0125	0	0
10	3	0.025	0	0
10	3	0.0125	0	0
10	3	0.3	1	1
10	3	0.1	0	0
10	3	0.0125	1	0
10	3	0.3	0	0
10	3	0.1	1	1
10	3	0.3	1	1
10	3	0.025	0	1
10	3	0.025	0	0
10	3	0.025	0	1
10	3	0.025	1	1
10	3	0.025	1	1
10	3	0.05	1	0
10	3	0.025	1	1
10	3	0.05	1	0
10	3	0.05	1	0
10	3	0.05	0	0
10	3	0.05	0	1
10	3	0.3	0	0
10	3	0.3	1	1
10	3	0.025	0	0
10	3	0.1	0	0
10	3	0.1	0	0
10	3	0.1	1	1
10	3	0.1	0	0
10	3	0.3	0	0
10	3	0.1	1	0
10	3	0.0125	0	1
10	3	0.3	0	0
10	3	0.0125	0	0
10	3	0.05	1	1
10	3	0.1	0	1
11	3	0.3	0	0
11	3	0.05	0	0
11	3	0.025	1	1
11	3	0.05	1	1
11	3	0.025	0	0
11	3	0.3	1	1
11	3	0.3	0	0
11	3	0.1	0	1
11	3	0.0125	1	1
11	3	0.025	1	0
11	3	0.05	1	1
11	3	0.025	1	1
11	3	0.05	0	1
11	3	0.05	1	1
11	3	0.3	0	0
11	3	0.1	0	0
11	3	0.025	1	0
11	3	0.05	0	1
11	3	0.025	0	1
11	3	0.1	0	0
11	3	0.3	0	0
11	3	0.0125	0	1
11	3	0.1	1	1
11	3	0.05	1	1
11	3	0.0125	0	1
11	3	0.3	1	1
11	3	0.0125	0	1
11	3	0.0125	1	0
11	3	0.3	1	1
11	3	0.1	1	0
11	3	0.3	1	1
11	3	0.1	1	1
11	3	0.025	0	0
11	3	0.05	0	0
11	3	0.0125	1	1
11	3	0.1	1	1
11	3	0.0125	1	0
11	3	0.025	1	0
11	3	0.0125	1	0
11	3	0.0125	0	0
11	3	0.05	0	1
11	3	0.0125	0	0
11	3	0.1	0	0
11	3	0.1	0	0
11	3	0.025	0	0
11	3	0.3	0	0
11	3	0.1	1	1
11	3	0.025	1	1
11	3	0.3	0	0
11	3	0.05	1	1
12	3	0.1	1	0
12	3	0.05	1	1
12	3	0.3	1	1
12	3	0.05	1	0
12	3	0.05	1	1
12	3	0.1	0	0
12	3	0.3	1	1
12	3	0.05	1	1
12	3	0.3	1	1
12	3	0.0125	1	1
12	3	0.05	0	1
12	3	0.025	1	1
12	3	0.0125	0	0
12	3	0.0125	0	1
12	3	0.05	0	1
12	3	0.025	0	1
12	3	0.0125	1	1
12	3	0.0125	0	1
12	3	0.0125	0	0
12	3	0.025	0	0
12	3	0.025	0	0
12	3	0.1	0	1
12	3	0.3	0	0
12	3	0.1	0	0
12	3	0.3	0	0
12	3	0.05	0	1
12	3	0.05	1	1
12	3	0.1	1	1
12	3	0.0125	1	0
12	3	0.05	1	1
12	3	0.025	0	1
12	3	0.3	1	1
12	3	0.0125	1	1
12	3	0.025	0	0
12	3	0.3	0	0
12	3	0.1	1	1
12	3	0.025	0	1
12	3	0.1	0	0
12	3	0.1	1	1
12	3	0.3	1	1
12	3	0.05	1	0
12	3	0.0125	0	0
12	3	0.025	0	0
12	3	0.025	1	1
12	3	0.3	1	1
12	3	0.3	1	1
12	3	0.0125	0	1
12	3	0.025	0	0
12	3	0.1	0	0
12	3	0.1	1	0
13	3	0.0125	0	0
13	3	0.0125	0	1
13	3	0.1	0	0
13	3	0.05	1	1
13	3	0.025	1	0
13	3	0.1	0	1
13	3	0.1	0	0
13	3	0.1	0	0
13	3	0.05	0	0
13	3	0.05	1	1
13	3	0.025	0	1
13	3	0.0125	0	1
13	3	0.05	0	1
13	3	0.3	1	1
13	3	0.1	1	1
13	3	0.025	0	0
13	3	0.025	0	1
13	3	0.0125	0	1
13	3	0.025	0	1
13	3	0.0125	1	0
13	3	0.05	0	1
13	3	0.025	1	0
13	3	0.3	0	0
13	3	0.3	1	1
13	3	0.0125	1	1
13	3	0.3	0	0
13	3	0.025	1	0
13	3	0.0125	1	0
13	3	0.1	0	1
13	3	0.1	1	1
13	3	0.3	1	1
13	3	0.0125	0	0
13	3	0.05	1	1
13	3	0.0125	1	1
13	3	0.1	0	0
13	3	0.025	1	1
13	3	0.025	0	0
13	3	0.05	1	1
13	3	0.1	1	1
13	3	0.05	1	1
13	3	0.05	1	1
13	3	0.3	0	0
13	3	0.3	0	0
13	3	0.3	1	1
13	3	0.025	0	1
13	3	0.1	0	0
13	3	0.05	1	0
13	3	0.0125	1	0
13	3	0.3	1	1
14	3	0.0125	0	1
14	3	0.05	1	1
14	3	0.025	0	0
14	3	0.05	0	1
14	3	0.0125	1	1
14	3	0.1	0	1
14	3	0.1	1	1
14	3	0.05	0	0
14	3	0.05	0	0
14	3	0.3	1	1
14	3	0.0125	1	1
14	3	0.0125	1	1
14	3	0.0125	0	0
14	3	0.025	0	1
14	3	0.0125	0	1
14	3	0.025	0	1
14	3	0.3	0	0
14	3	0.0125	0	0
14	3	0.05	1	0
14	3	0.05	1	1
14	3	0.3	1	1
14	3	0.1	0	0
14	3	0.1	0	0
14	3	0.025	0	1
14	3	0.3	1	1
14	3	0.3	1	1
14	3	0.3	0	0
14	3	0.3	1	1
14	3	0.05	0	0
14	3	0.025	1	0
14	3	0.3	1	1
14	3	0.1	1	1
14	3	0.05	1	1
14	3	0.1	0	0
14	3	0.025	1	1
14	3	0.025	0	0
14	3	0.0125	1	0
14	3	0.1	1	1
14	3	0.05	0	0
14	3	0.3	0	0
14	3	0.1	1	1
14	3	0.3	1	1
14	3	0.1	1	1
14	3	0.0125	1	1
14	3	0.025	0	0
14	3	0.1	0	0
14	3	0.05	0	0
14	3	0.025	0	0
14	3	0.025	1	0
14	3	0.0125	1	1
15	3	0.05	1	0
15	3	0.3	0	0
15	3	0.1	0	0
15	3	0.3	0	0
15	3	0.025	0	0
15	3	0.1	0	0
15	3	0.025	1	1
15	3	0.1	0	0
15	3	0.0125	1	1
15	3	0.025	0	0
15	3	0.3	1	1
15	3	0.3	0	0
15	3	0.025	0	0
15	3	0.0125	1	1
15	3	0.0125	0	0
15	3	0.1	1	1
15	3	0.3	1	1
15	3	0.0125	1	1
15	3	0.3	0	0
15	3	0.05	0	0
15	3	0.0125	0	0
15	3	0.1	0	0
15	3	0.05	1	1
15	3	0.05	1	1
15	3	0.0125	1	0
15	3	0.025	0	0
15	3	0.025	0	0
15	3	0.05	1	1
15	3	0.05	1	1
15	3	0.025	0	1
15	3	0.1	1	1
15	3	0.05	0	1
15	3	0.3	1	1
15	3	0.0125	1	1
15	3	0.0125	0	0
15	3	0.1	1	1
15	3	0.1	1	0
15	3	0.3	1	1
15	3	0.05	1	0
15	3	0.05	1	0
15	3	0.3	0	0
15	3	0.025	1	0
15	3	0.0125	1	0
15	3	0.1	1	1
15	3	0.025	0	1
15	3	0.3	1	1
15	3	0.05	0	0
15	3	0.1	0	0
15	3	0.0125	0	0
15	3	0.025	0	0
16	3	0.0125	0	0
16	3	0.0125	1	0
16	3	0.05	1	0
16	3	0.0125	1	0
16	3	0.025	0	0
16	3	0.3	1	1
16	3	0.05	0	1
16	3	0.0125	1	1
16	3	0.025	1	1
16	3	0.1	0	1
16	3	0.3	0	0
16	3	0.025	1	1
16	3	0.1	0	0
16	3	0.0125	0	0
16	3	0.0125	1	1
16	3	0.3	0	0
16	3	0.025	1	1
16	3	0.1	0	1
16	3	0.025	0	1
16	3	0.1	1	1
16	3	0.05	1	1
16	3	0.0125	1	1
16	3	0.025	1	1
16	3	0.05	1	1
16	3	0.05	1	1
16	3	0.3	1	1
16	3	0.1	1	1
16	3	0.0125	0	1
16	3	0.05	1	1
16	3	0.3	0	0
16	3	0.0125	0	0
16	3	0.025	0	0
16	3	0.05	1	0
16	3	0.05	0	1
16	3	0.1	0	0
16	3	0.1	0	0
16	3	0.05	1	1
16	3	0.0125	1	0
16	3	0.025	0	0
16	3	0.025	0	0
16	3	0.025	1	0
16	3	0.3	1	1
16	3	0.1	0	0
16	3	0.05	0	0
16	3	0.3	1	1
16	3	0.3	1	1
16	3	0.1	0	0
16	3	0.3	0	0
16	3	0.3	0	0
16	3	0.1	0	0
17	3	0.1	1	1
17	3	0.3	0	0
17	3	0.1	1	0
17	3	0.05	0	0
17	3	0.1	0	0
17	3	0.3	0	0
17	3	0.025	1	1
17	3	0.025	0	1
17	3	0.0125	0	1
17	3	0.1	1	1
17	3	0.05	1	0
17	3	0.025	0	0
17	3	0.1	1	1
17	3	0.1	1	1
17	3	0.025	0	0
17	3	0.3	0	0
17	3	0.0125	1	0
17	3	0.3	1	1
17	3	0.0125	1	0
17	3	0.3	0	0
17	3	0.05	0	0
17	3	0.3	0	0
17	3	0.025	1	0
17	3	0.1	1	0
17	3	0.0125	0	1
17	3	0.025	1	1
17	3	0.1	0	0
17	3	0.3	1	1
17	3	0.05	0	0
17	3	0.025	1	1
17	3	0.025	1	1
17	3	0.0125	0	1
17	3	0.1	0	0
17	3	0.1	0	1
17	3	0.05	1	1
17	3	0.05	1	0
17	3	0.0125	0	1
17	3	0.0125	1	0
17	3	0.025	1	1
17	3	0.025	0	1
17	3	0.3	0	0
17	3	0.05	1	1
17	3	0.0125	0	0
17	3	0.05	0	0
17	3	0.3	1	1
17	3	0.3	1	1
17	3	0.0125	0	0
17	3	0.0125	0	1
17	3	0.05	1	0
17	3	0.05	1	1
18	3	0.3	1	0
18	3	0.025	1	1
18	3	0.05	0	0
18	3	0.1	0	0
18	3	0.025	1	1
18	3	0.05	1	1
18	3	0.1	0	0
18	3	0.05	1	0
18	3	0.1	1	1
18	3	0.025	1	1
18	3	0.1	0	1
18	3	0.025	0	1
18	3	0.3	0	0
18	3	0.0125	1	1
18	3	0.3	1	1
18	3	0.0125	1	0
18	3	0.0125	0	0
18	3	0.3	0	0
18	3	0.1	1	1
18	3	0.1	1	0
18	3	0.1	1	1
18	3	0.1	0	1
18	3	0.025	0	0
18	3	0.3	1	1
18	3	0.3	1	1
18	3	0.0125	0	0
18	3	0.025	1	1
18	3	0.05	0	1
18	3	0.0125	1	0
18	3	0.025	0	0
18	3	0.0125	0	0
18	3	0.0125	1	0
18	3	0.025	0	1
18	3	0.3	0	0
18	3	0.05	0	0
18	3	0.05	1	0
18	3	0.05	1	1
18	3	0.3	0	0
18	3	0.0125	0	0
18	3	0.3	0	0
18	3	0.1	1	1
18	3	0.025	1	1
18	3	0.05	1	0
18	3	0.0125	0	0
18	3	0.025	0	0
18	3	0.1	0	0
18	3	0.05	0	0
18	3	0.0125	1	0
18	3	0.3	0	0
18	3	0.05	1	1
19	3	0.3	1	0
19	3	0.1	1	1
19	3	0.025	1	0
19	3	0.1	0	1
19	3	0.1	0	0
19	3	0.0125	0	0
19	3	0.3	1	1
19	3	0.025	0	1
19	3	0.0125	0	1
19	3	0.05	0	0
19	3	0.0125	1	1
19	3	0.05	0	0
19	3	0.1	0	0
19	3	0.025	1	1
19	3	0.05	0	1
19	3	0.3	1	1
19	3	0.3	0	0
19	3	0.025	1	1
19	3	0.025	0	0
19	3	0.05	1	1
19	3	0.3	0	0
19	3	0.1	1	1
19	3	0.025	1	0
19	3	0.0125	1	0
19	3	0.3	1	1
19	3	0.025	1	1
19	3	0.1	0	0
19	3	0.1	0	0
19	3	0.0125	1	1
19	3	0.025	0	1
19	3	0.05	1	1
19	3	0.0125	1	1
19	3	0.3	1	1
19	3	0.0125	0	0
19	3	0.05	0	0
19	3	0.3	1	0
19	3	0.3	0	0
19	3	0.05	0	0
19	3	0.1	1	0
19	3	0.05	1	1
19	3	0.1	0	0
19	3	0.05	0	0
19	3	0.025	1	1
19	3	0.025	0	1
19	3	0.0125	0	0
19	3	0.3	0	0
19	3	0.0125	1	1
19	3	0.05	1	1
19	3	0.0125	1	0
19	3	0.1	0	0
20	4	0.025	0	0
20	4	0.3	0	0
20	4	0.1	0	1
20	4	0.3	1	1
20	4	0.0125	0	0
20	4	0.3	0	0
20	4	0.025	1	1
20	4	0.025	1	1
20	4	0.05	0	0
20	4	0.0125	0	0
20	4	0.05	0	0
20	4	0.025	1	0
20	4	0.1	0	0
20	4	0.05	0	0
20	4	0.0125	0	1
20	4	0.1	0	0
20	4	0.1	1	0
20	4	0.05	1	1
20	4	0.05	1	0
20	4	0.05	1	1
20	4	0.025	1	0
20	4	0.05	0	1
20	4	0.1	1	1
20	4	0.1	0	0
20	4	0.0125	1	1
20	4	0.3	1	1
20	4	0.025	1	0
20	4	0.0125	0	0
20	4	0.1	1	1
20	4	0.3	1	1
20	4	0.025	1	1
20	4	0.3	1	1
20	4	0.05	0	0
20	4	0.0125	0	1
20	4	0.025	1	0
20	4	0.1	0	0
20	4	0.1	0	1
20	4	0.05	0	0
20	4	0.3	0	0
20	4	0.0125	1	0
20	4	0.1	1	0
20	4	0.025	0	1
20	4	0.05	1	1
20	4	0.025	1	1
20	4	0.0125	0	0
20	4	0.3	1	1
20	4	0.0125	1	1
20	4	0.0125	1	1
20	4	0.3	0	0
20	4	0.3	0	0
21	4	0.025	0	1
21	4	0.1	0	0
21	4	0.05	0	0
21	4	0.05	1	0
21	4	0.3	1	1
21	4	0.0125	1	0
21	4	0.3	1	1
21	4	0.0125	1	1
21	4	0.3	1	1
21	4	0.1	1	0
21	4	0.05	0	0
21	4	0.1	1	1
21	4	0.05	0	0
21	4	0.05	1	0
21	4	0.1	1	1
21	4	0.025	0	0
21	4	0.3	0	0
21	4	0.1	1	1
21	4	0.025	1	1
21	4	0.05	0	1
21	4	0.05	0	1
21	4	0.3	0	0
21	4	0.025	1	1
21	4	0.025	1	1
21	4	0.1	0	1
21	4	0.025	1	1
21	4	0.1	1	1
21	4	0.1	1	0
21	4	0.025	0	0
21	4	0.0125	0	1
21	4	0.3	1	1
21	4	0.0125	1	1
21	4	0.025	1	0
21	4	0.05	1	1
21	4	0.05	0	1
21	4	0.1	0	0
21	4	0.0125	0	0
21	4	0.1	1	0
21	4	0.0125	0	0
21	4	0.0125	0	1
21	4	0.025	0	0
21	4	0.3	0	0
21	4	0.3	0	0
21	4	0.3	1	1
21	4	0.025	0	0
21	4	0.0125	0	0
21	4	0.3	0	0
21	4	0.05	1	1
21	4	0.0125	1	1
22	4	0.05	0	0
22	4	0.025	0	1
22	4	0.1	0	0
22	4	0.05	1	1
22	4	0.0125	0	1
22	4	0.025	1	1
22	4	0.3	0	0
22	4	0.1	1	1
22	4	0.05	1	1
22	4	0.05	0	1
22	4	0.0125	0	1
22	4	0.05	1	1
22	4	0.3	1	1
22	4	0.0125	0	1
22	4	0.0125	0	0
22	4	0.1	1	1
22	4	0.3	1	1
22	4	0.05	0	1
22	4	0.0125	1	1
22	4	0.025	0	0
22	4	0.1	0	1
22	4	0.0125	1	0
22	4	0.0125	0	0
22	4	0.0125	0	0
22	4	0.025	1	0
22	4	0.05	0	0
22	4	0.05	1	0
22	4	0.3	1	1
22	4	0.1	1	1
22	4	0.3	0	0
22	4	0.025	1	1
22	4	0.3	1	1
22	4	0.1	1	1
22	4	0.05	0	0
22	4	0.05	0	1
22	4	0.1	0	1
22	4	0.0125	0	0
22	4	0.3	0	0
22	4	0.025	0	1
22	4	0.025	0	1
22	4	0.1	1	1
22	4	0.3	1	1
22	4	0.025	0	1
22	4	0.1	1	1
22	4	0.025	0	1
22	4	0.1	1	1
22	4	0.0125	1	1
22	4	0.3	1	1
22	4	0.3	1	1
22	4	0.025	1	1
23	4	0.1	0	0
23	4	0.0125	0	0
23	4	0.05	0	1
23	4	0.3	1	1
23	4	0.0125	0	0
23	4	0.3	1	1
23	4	0.3	1	1
23	4	0.3	1	1
23	4	0.1	1	1
23	4	0.05	0	0
23	4	0.025	0	0
23	4	0.1	0	1
23	4	0.3	1	1
23	4	0.025	0	0
23	4	0.3	0	0
23	4	0.025	1	1
23	4	0.05	0	0
23	4	0.0125	0	0
23	4	0.1	1	1
23	4	0.1	0	0
23	4	0.1	1	1
23	4	0.025	0	0
23	4	0.025	0	1
23	4	0.025	1	1
23	4	0.0125	1	1
23	4	0.3	0	0
23	4	0.05	0	1
23	4	0.05	0	0
23	4	0.3	0	0
23	4	0.025	0	0
23	4	0.0125	1	0
23	4	0.0125	1	0
23	4	0.1	1	0
23	4	0.0125	1	1
23	4	0.05	0	1
23	4	0.0125	1	0
23	4	0.1	1	1
23	4	0.3	1	1
23	4	0.1	1	0
23	4	0.05	0	0
23	4	0.025	1	0
23	4	0.05	1	0
23	4	0.3	1	1
23	4	0.0125	0	0
23	4	0.025	0	0
23	4	0.1	1	0
23	4	0.0125	1	0
23	4	0.05	0	0
23	4	0.05	1	1
23	4	0.025	0	1
24	4	0.3	1	1
24	4	0.1	0	0
24	4	0.05	0	0
24	4	0.0125	0	1
24	4	0.1	1	0
24	4	0.1	0	0
24	4	0.0125	0	1
24	4	0.025	0	0
24	4	0.1	0	0
24	4	0.0125	1	1
24	4	0.025	1	1
24	4	0.0125	1	1
24	4	0.1	0	0
24	4	0.05	1	1
24	4	0.3	0	0
24	4	0.05	1	0
24	4	0.3	1	1
24	4	0.0125	1	1
24	4	0.025	0	1
24	4	0.05	0	0
24	4	0.1	0	0
24	4	0.1	0	0
24	4	0.1	1	1
24	4	0.025	1	0
24	4	0.1	1	1
24	4	0.05	1	1
24	4	0.05	0	1
24	4	0.05	1	1
24	4	0.05	1	0
24	4	0.1	1	0
24	4	0.3	0	0
24	4	0.025	0	0
24	4	0.3	1	1
24	4	0.05	0	1
24	4	0.0125	1	0
24	4	0.3	0	0
24	4	0.025	0	1
24	4	0.3	1	1
24	4	0.3	0	0
24	4	0.0125	0	0
24	4	0.025	1	0
24	4	0.0125	0	0
24	4	0.025	0	1
24	4	0.025	0	1
24	4	0.05	1	0
24	4	0.3	1	1
24	4	0.025	1	0
24	4	0.0125	1	1
24	4	0.3	0	0
24	4	0.0125	1	0
25	4	0.3	0	0
25	4	0.05	1	1
25	4	0.05	0	1
25	4	0.05	1	0
25	4	0.025	0	0
25	4	0.0125	0	0
25	4	0.1	0	0
25	4	0.0125	1	0
25	4	0.025	1	0
25	4	0.0125	1	1
25	4	0.025	1	1
25	4	0.3	1	1
25	4	0.025	1	0
25	4	0.05	0	0
25	4	0.0125	0	0
25	4	0.1	0	1
25	4	0.3	1	1
25	4	0.05	0	1
25	4	0.025	1	0
25	4	0.3	0	0
25	4	0.3	0	0
25	4	0.025	1	0
25	4	0.0125	0	0
25	4	0.025	0	0
25	4	0.1	1	1
25	4	0.0125	0	0
25	4	0.05	0	1
25	4	0.1	1	1
25	4	0.1	0	0
25	4	0.3	0	0
25	4	0.1	1	0
25	4	0.1	0	0
25	4	0.05	1	1
25	4	0.1	0	0
25	4	0.025	1	1
25	4	0.025	1	1
25	4	0.0125	0	0
25	4	0.1	1	1
25	4	0.3	1	1
25	4	0.3	0	0
25	4	0.05	0	0
25	4	0.3	1	1
25	4	0.05	1	1
25	4	0.05	1	1
25	4	0.0125	0	0
25	4	0.0125	1	1
25	4	0.0125	1	0
25	4	0.3	0	0
25	4	0.025	0	0
25	4	0.1	1	1
26	4	0.1	1	0
26	4	0.05	0	1
26	4	0.05	0	1
26	4	0.3	0	0
26	4	0.0125	0	0
26	4	0.025	0	0
26	4	0.025	0	0
26	4	0.0125	0	0
26	4	0.1	0	0
26	4	0.1	1	0
26	4	0.3	0	0
26	4	0.0125	0	0
26	4	0.3	1	1
26	4	0.025	1	1
26	4	0.1	1	1
26	4	0.1	1	1
26	4	0.3	1	1
26	4	0.1	1	0
26	4	0.3	0	0
26	4	0.1	1	1
26	4	0.025	1	1
26	4	0.025	1	0
26	4	0.05	1	1
26	4	0.025	0	0
26	4	0.3	1	1
26	4	0.0125	0	1
26	4	0.0125	1	0
26	4	0.05	1	1
26	4	0.3	0	0
26	4	0.05	0	0
26	4	0.05	1	0
26	4	0.05	0	1
26	4	0.0125	0	1
26	4	0.025	0	0
26	4	0.3	0	0
26	4	0.0125	1	1
26	4	0.3	1	1
26	4	0.05	1	1
26	4	0.0125	0	0
26	4	0.05	1	0
26	4	0.05	0	1
26	4	0.1	1	1
26	4	0.0125	1	0
26	4	0.025	1	1
26	4	0.1	1	1
26	4	0.1	1	1
26	4	0.025	0	0
26	4	0.0125	0	0
26	4	0.3	0	0
26	4	0.025	0	1
27	4	0.3	1	1
27	4	0.1	0	0
27	4	0.05	1	1
27	4	0.05	1	1
27	4	0.1	1	1
27	4	0.025	1	1
27	4	0.0125	1	0
27	4	0.05	0	1
27	4	0.3	1	1
27	4	0.0125	0	1
27	4	0.025	0	1
27	4	0.3	0	0
27	4	0.1	0	0
27	4	0.0125	1	0
27	4	0.3	0	0
27	4	0.1	1	1
27	4	0.05	0	0
27	4	0.1	1	1
27	4	0.05	1	1
27	4	0.3	1	1
27	4	0.025	1	0
27	4	0.05	0	0
27	4	0.0125	0	0
27	4	0.0125	0	0
27	4	0.3	0	0
27	4	0.025	0	1
27	4	0.05	0	0
27	4	0.3	0	0
27	4	0.0125	1	0
27	4	0.0125	1	1
27	4	0.025	0	0
27	4	0.025	1	1
27	4	0.1	0	1
27	4	0.1	1	0
27	4	0.0125	1	1
27	4	0.3	1	1
27	4	0.3	0	0
27	4	0.1	1	1
27	4	0.1	1	1
27	4	0.025	1	1
27	4	0.0125	0	0
27	4	0.1	0	1
27	4	0.0125	0	0
27	4	0.025	0	0
27	4	0.3	1	1
27	4	0.05	0	0
27	4	0.025	0	0
27	4	0.05	1	1
27	4	0.025	1	0
27	4	0.05	0	1
28	4	0.1	0	0
28	4	0.3	0	0
28	4	0.1	1	1
28	4	0.05	0	1
28	4	0.3	1	1
28	4	0.3	0	0
28	4	0.025	0	1
28	4	0.1	1	1
28	4	0.025	1	0
28	4	0.05	1	1
28	4	0.3	0	0
28	4	0.1	0	0
28	4	0.025	1	0
28	4	0.05	1	1
28	4	0.0125	0	1
28	4	0.0125	0	0
28	4	0.3	1	1
28	4	0.1	0	0
28	4	0.0125	0	0
28	4	0.1	0	0
28	4	0.3	1	1
28	4	0.05	1	1
28	4	0.025	1	1
28	4	0.0125	1	0
28	4	0.1	1	1
28	4	0.3	1	1
28	4	0.05	1	0
28	4	0.0125	0	1
28	4	0.0125	1	1
28	4	0.025	1	0
28	4	0.05	0	1
28	4	0.025	1	1
28	4	0.1	0	0
28	4	0.3	0	0
28	4	0.3	1	1
28	4	0.05	1	0
28	4	0.05	1	0
28	4	0.0125	1	1
28	4	0.025	0	0
28	4	0.05	1	0
28	4	0.1	0	0
28	4	0.0125	0	0
28	4	0.025	1	0
28	4	0.1	0	0
28	4	0.3	1	1
28	4	0.025	0	0
28	4	0.0125	0	0
28	4	0.025	0	0
28	4	0.05	0	1
28	4	0.0125	0	0
29	4	0.0125	1	0
29	4	0.025	1	0
29	4	0.025	0	1
29	4	0.0125	1	0
29	4	0.0125	1	0
29	4	0.0125	0	0
29	4	0.05	1	0
29	4	0.05	0	1
29	4	0.3	0	0
29	4	0.1	0	0
29	4	0.05	0	1
29	4	0.1	0	0
29	4	0.025	0	0
29	4	0.0125	1	0
29	4	0.3	0	0
29	4	0.3	1	1
29	4	0.1	0	0
29	4	0.025	1	0
29	4	0.0125	1	0
29	4	0.3	1	1
29	4	0.1	1	1
29	4	0.3	1	1
29	4	0.05	0	1
29	4	0.05	1	1
29	4	0.025	1	0
29	4	0.1	1	1
29	4	0.025	0	1
29	4	0.1	0	0
29	4	0.05	0	0
29	4	0.3	1	1
29	4	0.0125	0	1
29	4	0.1	0	0
29	4	0.025	0	0
29	4	0.0125	1	0
29	4	0.0125	0	0
29	4	0.025	1	0
29	4	0.1	0	0
29	4	0.05	0	0
29	4	0.3	1	1
29	4	0.1	1	1
29	4	0.05	1	0
29	4	0.1	1	1
29	4	0.3	1	1
29	4	0.025	0	1
29	4	0.05	0	0
29	4	0.025	1	0
29	4	0.3	0	0
29	4	0.3	1	1
29	4	0.05	0	0
29	4	0.0125	0	1
30	5	0.025	0	0
30	5	0.3	0	0
30	5	0.1	0	0
30	5	0.3	1	1
30	5	0.0125	0	0
30	5	0.3	0	0
30	5	0.025	1	0
30	5	0.025	1	0
30	5	0.05	0	0
30	5	0.0125	0	0
30	5	0.05	0	0
30	5	0.025	1	0
30	5	0.1	0	0
30	5	0.05	0	1
30	5	0.0125	0	1
30	5	0.1	0	1
30	5	0.1	1	1
30	5	0.05	1	0
30	5	0.05	1	0
30	5	0.05	1	1
30	5	0.025	1	1
30	5	0.05	0	1
30	5	0.1	1	1
30	5	0.1	0	1
30	5	0.0125	1	1
30	5	0.3	1	1
30	5	0.025	1	0
30	5	0.0125	0	1
30	5	0.1	1	1
30	5	0.3	1	1
30	5	0.025	1	1
30	5	0.3	1	1
30	5	0.05	0	0
30	5	0.0125	0	1
30	5	0.025	1	0
30	5	0.1	0	1
30	5	0.1	0	1
30	5	0.05	0	1
30	5	0.3	0	0
30	5	0.0125	1	0
30	5	0.1	1	1
30	5	0.025	0	0
30	5	0.05	1	1
30	5	0.025	1	0
30	5	0.0125	0	1
30	5	0.3	1	1
30	5	0.0125	1	1
30	5	0.0125	1	1
30	5	0.3	0	0
30	5	0.3	0	0
31	5	0.025	0	0
31	5	0.1	0	1
31	5	0.05	0	0
31	5	0.05	1	1
31	5	0.3	1	1
31	5	0.0125	1	1
31	5	0.3	1	1
31	5	0.0125	1	0
31	5	0.3	1	1
31	5	0.1	1	1
31	5	0.05	0	0
31	5	0.1	1	1
31	5	0.05	0	1
31	5	0.05	1	1
31	5	0.0125	0	0
31	5	0.1	1	1
31	5	0.025	0	0
31	5	0.3	0	0
31	5	0.1	1	1
31	5	0.025	1	1
31	5	0.05	0	0
31	5	0.05	0	0
31	5	0.3	0	0
31	5	0.025	1	1
31	5	0.025	1	0
31	5	0.1	0	0
31	5	0.025	1	0
31	5	0.1	1	1
31	5	0.1	1	1
31	5	0.025	0	0
31	5	0.0125	0	0
31	5	0.3	1	1
31	5	0.0125	1	1
31	5	0.025	1	0
31	5	0.05	1	1
31	5	0.05	0	0
31	5	0.1	0	0
31	5	0.0125	0	0
31	5	0.1	1	0
31	5	0.0125	0	1
31	5	0.0125	0	1
31	5	0.025	0	0
31	5	0.3	0	0
31	5	0.3	0	0
31	5	0.3	1	1
31	5	0.025	0	0
31	5	0.0125	0	1
31	5	0.3	0	0
31	5	0.05	1	1
31	5	0.0125	1	1
32	5	0.05	0	0
32	5	0.025	0	0
32	5	0.1	0	0
32	5	0.05	1	1
32	5	0.0125	0	1
32	5	0.025	1	1
32	5	0.3	0	0
32	5	0.1	1	1
32	5	0.05	1	1
32	5	0.05	0	0
32	5	0.0125	0	0
32	5	0.05	1	1
32	5	0.3	1	1
32	5	0.0125	0	1
32	5	0.0125	0	1
32	5	0.1	1	1
32	5	0.3	1	1
32	5	0.05	0	0
32	5	0.0125	1	1
32	5	0.025	0	1
32	5	0.1	0	0
32	5	0.0125	1	1
32	5	0.0125	0	1
32	5	0.0125	0	1
32	5	0.025	1	1
32	5	0.05	0	0
32	5	0.05	1	1
32	5	0.3	1	1
32	5	0.1	1	1
32	5	0.3	0	0
32	5	0.025	1	1
32	5	0.3	1	1
32	5	0.1	1	1
32	5	0.05	0	0
32	5	0.05	0	0
32	5	0.1	0	0
32	5	0.0125	0	0
32	5	0.3	0	0
32	5	0.025	0	0
32	5	0.025	0	0
32	5	0.1	1	1
32	5	0.3	1	1
32	5	0.025	0	1
32	5	0.1	1	1
32	5	0.025	0	1
32	5	0.1	1	1
32	5	0.0125	1	0
32	5	0.3	1	1
32	5	0.3	1	1
32	5	0.025	1	1
33	5	0.1	0	0
33	5	0.0125	0	1
33	5	0.05	0	1
33	5	0.3	1	1
33	5	0.0125	0	0
33	5	0.3	1	1
33	5	0.3	1	1
33	5	0.3	1	1
33	5	0.1	1	1
33	5	0.05	0	0
33	5	0.025	0	1
33	5	0.1	0	0
33	5	0.3	1	1
33	5	0.025	0	0
33	5	0.3	0	0
33	5	0.025	1	1
33	5	0.05	0	0
33	5	0.0125	0	1
33	5	0.1	1	1
33	5	0.1	0	0
33	5	0.1	1	1
33	5	0.025	0	0
33	5	0.025	0	1
33	5	0.025	1	0
33	5	0.0125	1	1
33	5	0.3	0	0
33	5	0.05	0	0
33	5	0.05	0	1
33	5	0.3	0	0
33	5	0.025	0	0
33	5	0.0125	1	1
33	5	0.0125	1	0
33	5	0.1	1	1
33	5	0.0125	1	0
33	5	0.05	0	1
33	5	0.0125	1	0
33	5	0.1	1	0
33	5	0.3	1	1
33	5	0.1	1	0
33	5	0.05	0	0
33	5	0.025	1	0
33	5	0.05	1	1
33	5	0.3	1	1
33	5	0.0125	0	0
33	5	0.025	0	0
33	5	0.1	1	1
33	5	0.0125	1	0
33	5	0.05	0	0
33	5	0.05	1	1
33	5	0.025	0	0
34	5	0.3	1	1
34	5	0.1	0	0
34	5	0.05	0	0
34	5	0.0125	0	0
34	5	0.1	1	1
34	5	0.1	0	0
34	5	0.0125	0	1
34	5	0.025	0	1
34	5	0.1	0	0
34	5	0.0125	1	1
34	5	0.025	1	0
34	5	0.0125	1	1
34	5	0.1	0	0
34	5	0.05	1	1
34	5	0.3	0	0
34	5	0.05	1	1
34	5	0.3	1	1
34	5	0.0125	1	1
34	5	0.025	0	1
34	5	0.05	0	0
34	5	0.1	0	0
34	5	0.1	0	1
34	5	0.1	1	1
34	5	0.025	1	0
34	5	0.1	1	1
34	5	0.05	1	1
34	5	0.05	0	1
34	5	0.05	1	1
34	5	0.05	1	1
34	5	0.1	1	1
34	5	0.3	0	0
34	5	0.025	0	1
34	5	0.3	1	1
34	5	0.05	0	0
34	5	0.0125	1	1
34	5	0.3	0	0
34	5	0.025	0	1
34	5	0.3	1	1
34	5	0.3	0	0
34	5	0.0125	0	1
34	5	0.025	1	0
34	5	0.0125	0	1
34	5	0.025	0	1
34	5	0.025	0	0
34	5	0.05	1	1
34	5	0.3	1	1
34	5	0.025	1	0
34	5	0.0125	1	1
34	5	0.3	0	0
34	5	0.0125	1	1
35	5	0.3	0	0
35	5	0.05	1	1
35	5	0.05	0	1
35	5	0.05	1	1
35	5	0.025	0	1
35	5	0.0125	0	1
35	5	0.1	0	1
35	5	0.0125	1	1
35	5	0.025	1	0
35	5	0.0125	1	0
35	5	0.025	1	0
35	5	0.3	1	1
35	5	0.025	1	1
35	5	0.05	0	0
35	5	0.0125	0	0
35	5	0.1	0	0
35	5	0.3	1	1
35	5	0.05	0	0
35	5	0.025	1	0
35	5	0.3	0	0
35	5	0.3	0	0
35	5	0.025	1	0
35	5	0.0125	0	0
35	5	0.025	0	0
35	5	0.1	1	1
35	5	0.0125	0	0
35	5	0.05	0	0
35	5	0.1	1	1
35	5	0.1	0	0
35	5	0.3	0	0
35	5	0.1	1	1
35	5	0.1	0	0
35	5	0.05	1	1
35	5	0.1	0	1
35	5	0.025	1	1
35	5	0.025	1	1
35	5	0.0125	0	1
35	5	0.1	1	1
35	5	0.3	1	1
35	5	0.3	0	0
35	5	0.05	0	0
35	5	0.3	1	1
35	5	0.05	1	0
35	5	0.05	1	1
35	5	0.0125	0	0
35	5	0.0125	1	1
35	5	0.0125	1	0
35	5	0.3	0	0
35	5	0.025	0	0
35	5	0.1	1	1
36	5	0.1	1	0
36	5	0.05	0	0
36	5	0.05	0	1
36	5	0.3	0	0
36	5	0.0125	0	0
36	5	0.025	0	0
36	5	0.025	0	1
36	5	0.0125	0	1
36	5	0.1	0	0
36	5	0.1	1	1
36	5	0.3	0	0
36	5	0.0125	0	0
36	5	0.3	1	1
36	5	0.025	1	0
36	5	0.1	1	1
36	5	0.1	1	0
36	5	0.3	1	1
36	5	0.1	1	0
36	5	0.3	0	0
36	5	0.1	1	1
36	5	0.025	1	0
36	5	0.025	1	1
36	5	0.05	1	1
36	5	0.025	0	0
36	5	0.3	1	1
36	5	0.0125	0	0
36	5	0.0125	1	1
36	5	0.05	1	1
36	5	0.3	0	0
36	5	0.05	0	1
36	5	0.05	1	1
36	5	0.05	0	0
36	5	0.0125	0	1
36	5	0.025	0	1
36	5	0.3	0	0
36	5	0.0125	1	1
36	5	0.3	1	1
36	5	0.05	1	0
36	5	0.0125	0	1
36	5	0.05	1	1
36	5	0.05	0	1
36	5	0.1	1	1
36	5	0.0125	1	0
36	5	0.025	1	1
36	5	0.1	1	1
36	5	0.1	1	1
36	5	0.025	0	1
36	5	0.0125	0	0
36	5	0.3	0	0
36	5	0.025	0	0
37	5	0.3	1	0
37	5	0.1	0	1
37	5	0.05	1	1
37	5	0.05	1	0
37	5	0.1	1	1
37	5	0.025	1	0
37	5	0.0125	1	1
37	5	0.05	0	0
37	5	0.3	1	1
37	5	0.0125	0	0
37	5	0.025	0	0
37	5	0.3	0	0
37	5	0.1	0	0
37	5	0.0125	1	0
37	5	0.3	0	0
37	5	0.1	1	1
37	5	0.05	0	1
37	5	0.1	1	1
37	5	0.05	1	1
37	5	0.3	1	1
37	5	0.025	1	1
37	5	0.05	0	1
37	5	0.0125	0	0
37	5	0.0125	0	1
37	5	0.3	0	0
37	5	0.025	0	1
37	5	0.05	0	1
37	5	0.3	0	0
37	5	0.0125	1	0
37	5	0.0125	1	1
37	5	0.025	0	0
37	5	0.025	1	0
37	5	0.1	0	0
37	5	0.1	1	1
37	5	0.0125	1	0
37	5	0.3	1	1
37	5	0.3	0	0
37	5	0.1	1	0
37	5	0.1	1	0
37	5	0.025	1	0
37	5	0.0125	0	1
37	5	0.1	0	1
37	5	0.0125	0	1
37	5	0.025	0	1
37	5	0.3	1	1
37	5	0.05	0	0
37	5	0.025	0	0
37	5	0.05	1	0
37	5	0.025	1	1
37	5	0.05	0	1
38	5	0.1	0	0
38	5	0.3	0	0
38	5	0.1	1	1
38	5	0.05	0	0
38	5	0.3	1	1
38	5	0.3	0	0
38	5	0.025	0	0
38	5	0.1	1	1
38	5	0.025	1	1
38	5	0.05	1	0
38	5	0.3	0	0
38	5	0.1	0	0
38	5	0.025	1	1
38	5	0.05	1	1
38	5	0.0125	0	1
38	5	0.0125	0	0
38	5	0.3	1	1
38	5	0.1	0	0
38	5	0.0125	0	0
38	5	0.1	0	1
38	5	0.3	1	1
38	5	0.05	1	1
38	5	0.025	1	1
38	5	0.0125	1	1
38	5	0.1	1	1
38	5	0.3	1	1
38	5	0.05	1	1
38	5	0.0125	0	0
38	5	0.0125	1	0
38	5	0.025	1	0
38	5	0.05	0	0
38	5	0.025	1	1
38	5	0.1	0	0
38	5	0.3	0	0
38	5	0.3	1	1
38	5	0.05	1	0
38	5	0.05	1	1
38	5	0.0125	1	1
38	5	0.025	0	1
38	5	0.05	1	1
38	5	0.1	0	1
38	5	0.0125	0	1
38	5	0.025	1	1
38	5	0.1	0	0
38	5	0.3	1	1
38	5	0.025	0	0
38	5	0.0125	0	0
38	5	0.025	0	0
38	5	0.05	0	1
38	5	0.0125	0	0
39	5	0.0125	1	0
39	5	0.025	1	0
39	5	0.025	0	0
39	5	0.0125	1	1
39	5	0.0125	1	1
39	5	0.0125	0	0
39	5	0.05	1	1
39	5	0.05	0	0
39	5	0.3	0	0
39	5	0.1	0	0
39	5	0.05	0	1
39	5	0.1	0	1
39	5	0.025	0	0
39	5	0.0125	1	0
39	5	0.3	0	0
39	5	0.3	1	1
39	5	0.1	0	1
39	5	0.025	1	1
39	5	0.0125	1	1
39	5	0.3	1	1
39	5	0.1	1	1
39	5	0.3	1	1
39	5	0.05	0	1
39	5	0.05	1	1
39	5	0.025	1	1
39	5	0.1	1	1
39	5	0.025	0	1
39	5	0.1	0	1
39	5	0.05	0	1
39	5	0.3	1	1
39	5	0.0125	0	1
39	5	0.1	0	0
39	5	0.025	0	1
39	5	0.0125	1	1
39	5	0.0125	0	0
39	5	0.025	1	0
39	5	0.1	0	0
39	5	0.05	0	0
39	5	0.3	1	1
39	5	0.1	1	1
39	5	0.05	1	0
39	5	0.1	1	1
39	5	0.3	1	1
39	5	0.025	0	0
39	5	0.05	0	0
39	5	0.025	1	0
39	5	0.3	0	0
39	5	0.3	1	1
39	5	0.05	0	1
39	5	0.0125	0	0
40	6	0.0125	0	1
40	6	0.2	0	0
40	6	0.05	0	0
40	6	0.2	1	1
40	6	0.00625	0	1
40	6	0.2	0	0
40	6	0.0125	1	1
40	6	0.0125	1	1
40	6	0.025	0	1
40	6	0.00625	0	0
40	6	0.025	0	1
40	6	0.0125	1	1
40	6	0.05	0	0
40	6	0.025	0	0
40	6	0.00625	0	1
40	6	0.05	0	0
40	6	0.05	1	1
40	6	0.025	1	1
40	6	0.025	1	1
40	6	0.025	1	1
40	6	0.0125	1	0
40	6	0.025	0	0
40	6	0.05	1	1
40	6	0.05	0	1
40	6	0.00625	1	1
40	6	0.2	1	1
40	6	0.0125	1	1
40	6	0.00625	0	1
40	6	0.05	1	0
40	6	0.2	1	1
40	6	0.0125	1	1
40	6	0.2	1	1
40	6	0.025	0	0
40	6	0.00625	0	1
40	6	0.0125	1	1
40	6	0.05	0	1
40	6	0.05	0	0
40	6	0.025	0	1
40	6	0.2	0	0
40	6	0.00625	1	1
40	6	0.05	1	1
40	6	0.0125	0	1
40	6	0.025	1	1
40	6	0.0125	1	1
40	6	0.00625	0	0
40	6	0.2	1	1
40	6	0.00625	1	1
40	6	0.00625	1	0
40	6	0.2	0	0
40	6	0.2	0	0
41	6	0.0125	0	1
41	6	0.05	0	1
41	6	0.025	0	0
41	6	0.025	1	1
41	6	0.2	1	1
41	6	0.00625	1	1
41	6	0.2	1	1
41	6	0.00625	1	1
41	6	0.2	1	1
41	6	0.05	1	1
41	6	0.025	0	0
41	6	0.05	1	1
41	6	0.025	0	1
41	6	0.025	1	1
41	6	0.00625	0	0
41	6	0.05	1	1
41	6	0.0125	0	0
41	6	0.2	0	0
41	6	0.05	1	0
41	6	0.0125	1	0
41	6	0.025	0	0
41	6	0.025	0	0
41	6	0.2	0	0
41	6	0.0125	1	1
41	6	0.0125	1	0
41	6	0.05	0	0
41	6	0.0125	1	0
41	6	0.05	1	1
41	6	0.05	1	1
41	6	0.0125	0	0
41	6	0.00625	0	1
41	6	0.2	1	1
41	6	0.00625	1	0
41	6	0.0125	1	0
41	6	0.025	1	1
41	6	0.025	0	1
41	6	0.05	0	0
41	6	0.00625	0	1
41	6	0.05	1	0
41	6	0.00625	0	0
41	6	0.00625	0	0
41	6	0.0125	0	0
41	6	0.2	0	0
41	6	0.2	0	0
41	6	0.2	1	1
41	6	0.0125	0	0
41	6	0.00625	0	0
41	6	0.2	0	0
41	6	0.025	1	1
41	6	0.00625	1	0
42	6	0.025	0	0
42	6	0.0125	0	0
42	6	0.05	0	1
42	6	0.025	1	1
42	6	0.00625	0	1
42	6	0.0125	1	1
42	6	0.2	0	0
42	6	0.05	1	1
42	6	0.025	1	1
42	6	0.025	0	1
42	6	0.00625	0	1
42	6	0.025	1	0
42	6	0.2	1	1
42	6	0.00625	0	0
42	6	0.00625	0	1
42	6	0.05	1	1
42	6	0.2	1	1
42	6	0.025	0	0
42	6	0.00625	1	0
42	6	0.0125	0	0
42	6	0.05	0	0
42	6	0.00625	1	0
42	6	0.00625	0	1
42	6	0.00625	0	0
42	6	0.0125	1	0
42	6	0.025	0	0
42	6	0.025	1	1
42	6	0.2	1	1
42	6	0.05	1	1
42	6	0.2	0	0
42	6	0.0125	1	1
42	6	0.2	1	1
42	6	0.05	1	0
42	6	0.025	0	1
42	6	0.025	0	0
42	6	0.05	0	0
42	6	0.00625	0	0
42	6	0.2	0	0
42	6	0.0125	0	0
42	6	0.0125	0	0
42	6	0.05	1	1
42	6	0.2	1	1
42	6	0.0125	0	0
42	6	0.05	1	0
42	6	0.0125	0	1
42	6	0.05	1	0
42	6	0.00625	1	1
42	6	0.2	1	1
42	6	0.2	1	1
42	6	0.0125	1	0
43	6	0.05	0	0
43	6	0.00625	0	1
43	6	0.025	0	1
43	6	0.2	1	1
43	6	0.00625	0	1
43	6	0.2	1	1
43	6	0.2	1	1
43	6	0.2	1	1
43	6	0.05	1	0
43	6	0.025	0	0
43	6	0.0125	0	1
43	6	0.05	0	0
43	6	0.2	1	1
43	6	0.0125	0	0
43	6	0.2	0	0
43	6	0.0125	1	1
43	6	0.025	0	0
43	6	0.00625	0	0
43	6	0.05	1	0
43	6	0.05	0	0
43	6	0.05	1	0
43	6	0.0125	0	0
43	6	0.0125	0	0
43	6	0.0125	1	0
43	6	0.00625	1	1
43	6	0.2	0	0
43	6	0.025	0	0
43	6	0.025	0	0
43	6	0.2	0	0
43	6	0.0125	0	0
43	6	0.00625	1	0
43	6	0.00625	1	1
43	6	0.05	1	0
43	6	0.00625	1	0
43	6	0.025	0	0
43	6	0.00625	1	1
43	6	0.05	1	1
43	6	0.2	1	1
43	6	0.05	1	0
43	6	0.025	0	0
43	6	0.0125	1	1
43	6	0.025	1	0
43	6	0.2	1	1
43	6	0.00625	0	0
43	6	0.0125	0	1
43	6	0.05	1	1
43	6	0.00625	1	1
43	6	0.025	0	1
43	6	0.025	1	1
43	6	0.0125	0	1
44	6	0.2	1	1
44	6	0.05	0	0
44	6	0.025	0	0
44	6	0.00625	0	0
44	6	0.05	1	0
44	6	0.05	0	0
44	6	0.00625	0	1
44	6	0.0125	0	0
44	6	0.05	0	0
44	6	0.00625	1	0
44	6	0.0125	1	0
44	6	0.00625	1	1
44	6	0.05	0	1
44	6	0.025	1	1
44	6	0.2	0	0
44	6	0.025	1	1
44	6	0.2	1	1
44	6	0.00625	1	0
44	6	0.0125	0	1
44	6	0.025	0	0
44	6	0.05	0	0
44	6	0.05	0	1
44	6	0.05	1	1
44	6	0.0125	1	1
44	6	0.05	1	1
44	6	0.025	1	0
44	6	0.025	0	1
44	6	0.025	1	0
44	6	0.025	1	0
44	6	0.05	1	1
44	6	0.2	0	0
44	6	0.0125	0	1
44	6	0.2	1	1
44	6	0.025	0	0
44	6	0.00625	1	1
44	6	0.2	0	0
44	6	0.0125	0	0
44	6	0.2	1	1
44	6	0.2	0	0
44	6	0.00625	0	0
44	6	0.0125	1	1
44	6	0.00625	0	0
44	6	0.0125	0	0
44	6	0.0125	0	1
44	6	0.025	1	0
44	6	0.2	1	1
44	6	0.0125	1	1
44	6	0.00625	1	0
44	6	0.2	0	0
44	6	0.00625	1	0
45	6	0.2	0	0
45	6	0.025	1	1
45	6	0.025	0	1
45	6	0.025	1	0
45	6	0.0125	0	1
45	6	0.00625	0	0
45	6	0.05	0	1
45	6	0.00625	1	1
45	6	0.0125	1	0
45	6	0.00625	1	1
45	6	0.0125	1	0
45	6	0.2	1	0
45	6	0.0125	1	0
45	6	0.025	0	0
45	6	0.00625	0	0
45	6	0.05	0	0
45	6	0.2	1	1
45	6	0.025	0	0
45	6	0.0125	1	0
45	6	0.2	0	0
45	6	0.2	0	0
45	6	0.0125	1	0
45	6	0.00625	0	0
45	6	0.0125	0	0
45	6	0.05	1	0
45	6	0.00625	0	1
45	6	0.025	0	0
45	6	0.05	1	1
45	6	0.05	0	0
45	6	0.2	0	0
45	6	0.05	1	1
45	6	0.05	0	0
45	6	0.025	1	0
45	6	0.05	0	1
45	6	0.0125	1	1
45	6	0.0125	1	0
45	6	0.00625	0	0
45	6	0.05	1	1
45	6	0.2	1	1
45	6	0.2	0	0
45	6	0.025	0	0
45	6	0.2	1	1
45	6	0.025	1	1
45	6	0.025	1	1
45	6	0.00625	0	0
45	6	0.00625	1	1
45	6	0.00625	1	0
45	6	0.2	0	0
45	6	0.0125	0	0
45	6	0.05	1	0
46	6	0.05	1	0
46	6	0.025	0	1
46	6	0.025	0	0
46	6	0.2	0	0
46	6	0.00625	0	0
46	6	0.0125	0	0
46	6	0.0125	0	0
46	6	0.00625	0	1
46	6	0.05	0	0
46	6	0.05	1	1
46	6	0.2	0	0
46	6	0.00625	0	1
46	6	0.2	1	1
46	6	0.0125	1	1
46	6	0.05	1	0
46	6	0.05	1	1
46	6	0.2	1	1
46	6	0.05	1	1
46	6	0.2	0	0
46	6	0.05	1	1
46	6	0.0125	1	1
46	6	0.0125	1	0
46	6	0.025	1	1
46	6	0.0125	0	0
46	6	0.2	1	1
46	6	0.00625	0	0
46	6	0.00625	1	1
46	6	0.025	1	1
46	6	0.2	0	0
46	6	0.025	0	1
46	6	0.025	1	0
46	6	0.025	0	1
46	6	0.00625	0	0
46	6	0.0125	0	0
46	6	0.2	0	0
46	6	0.00625	1	1
46	6	0.2	1	1
46	6	0.025	1	1
46	6	0.00625	0	1
46	6	0.025	1	1
46	6	0.025	0	1
46	6	0.05	1	1
46	6	0.00625	1	1
46	6	0.0125	1	1
46	6	0.05	1	1
46	6	0.05	1	1
46	6	0.0125	0	0
46	6	0.00625	0	1
46	6	0.2	0	0
46	6	0.0125	0	1
47	6	0.2	1	1
47	6	0.05	0	0
47	6	0.025	1	0
47	6	0.025	1	1
47	6	0.05	1	0
47	6	0.0125	1	0
47	6	0.00625	1	1
47	6	0.025	0	0
47	6	0.2	1	1
47	6	0.00625	0	0
47	6	0.0125	0	0
47	6	0.2	0	0
47	6	0.05	0	0
47	6	0.00625	1	0
47	6	0.2	0	0
47	6	0.05	1	1
47	6	0.025	0	0
47	6	0.05	1	1
47	6	0.025	1	0
47	6	0.2	1	1
47	6	0.0125	1	1
47	6	0.025	0	0
47	6	0.00625	0	0
47	6	0.00625	0	0
47	6	0.2	0	0
47	6	0.0125	0	0
47	6	0.025	0	0
47	6	0.2	0	0
47	6	0.00625	1	0
47	6	0.00625	1	1
47	6	0.0125	0	1
47	6	0.0125	1	1
47	6	0.05	0	0
47	6	0.05	1	0
47	6	0.00625	1	1
47	6	0.2	1	1
47	6	0.2	0	0
47	6	0.05	1	1
47	6	0.05	1	1
47	6	0.0125	1	1
47	6	0.00625	0	1
47	6	0.05	0	0
47	6	0.00625	0	1
47	6	0.0125	0	1
47	6	0.2	1	1
47	6	0.025	0	1
47	6	0.0125	0	0
47	6	0.025	1	0
47	6	0.0125	1	0
47	6	0.025	0	1
48	6	0.05	0	0
48	6	0.2	0	0
48	6	0.05	1	0
48	6	0.025	0	1
48	6	0.2	1	1
48	6	0.2	0	0
48	6	0.0125	0	0
48	6	0.05	1	1
48	6	0.0125	1	0
48	6	0.025	1	0
48	6	0.2	0	0
48	6	0.05	0	0
48	6	0.0125	1	0
48	6	0.025	1	1
48	6	0.00625	0	0
48	6	0.00625	0	1
48	6	0.2	1	1
48	6	0.05	0	1
48	6	0.00625	0	0
48	6	0.05	0	0
48	6	0.2	1	1
48	6	0.025	1	0
48	6	0.0125	1	0
48	6	0.00625	1	1
48	6	0.05	1	1
48	6	0.2	1	1
48	6	0.025	1	0
48	6	0.00625	0	0
48	6	0.00625	1	0
48	6	0.0125	1	0
48	6	0.025	0	1
48	6	0.0125	1	1
48	6	0.05	0	1
48	6	0.2	0	0
48	6	0.2	1	1
48	6	0.025	1	0
48	6	0.025	1	0
48	6	0.00625	1	1
48	6	0.0125	0	1
48	6	0.025	1	0
48	6	0.05	0	1
48	6	0.00625	0	1
48	6	0.0125	1	1
48	6	0.05	0	0
48	6	0.2	1	1
48	6	0.0125	0	1
48	6	0.00625	0	1
48	6	0.0125	0	0
48	6	0.025	0	0
48	6	0.00625	0	1
49	6	0.00625	1	0
49	6	0.0125	1	0
49	6	0.0125	0	0
49	6	0.00625	1	1
49	6	0.00625	1	0
49	6	0.00625	0	0
49	6	0.025	1	1
49	6	0.025	0	1
49	6	0.2	0	0
49	6	0.05	0	0
49	6	0.025	0	0
49	6	0.05	0	0
49	6	0.0125	0	1
49	6	0.00625	1	1
49	6	0.2	0	0
49	6	0.2	1	1
49	6	0.05	0	0
49	6	0.0125	1	1
49	6	0.00625	1	0
49	6	0.2	1	1
49	6	0.05	1	1
49	6	0.2	1	1
49	6	0.025	0	1
49	6	0.025	1	1
49	6	0.0125	1	1
49	6	0.05	1	0
49	6	0.0125	0	1
49	6	0.05	0	0
49	6	0.025	0	0
49	6	0.2	1	1
49	6	0.00625	0	1
49	6	0.05	0	0
49	6	0.0125	0	1
49	6	0.00625	1	1
49	6	0.00625	0	0
49	6	0.0125	1	0
49	6	0.05	0	0
49	6	0.025	0	0
49	6	0.2	1	0
49	6	0.05	1	0
49	6	0.025	1	0
49	6	0.05	1	1
49	6	0.2	1	1
49	6	0.0125	0	0
49	6	0.025	0	0
49	6	0.0125	1	0
49	6	0.2	0	0
49	6	0.2	1	1
49	6	0.025	0	1
49	6	0.00625	0	0
