0	5	1.675	1	1
0	5	1.688	0	1
0	5	0.7181	0	0
0	5	1.532	1	1
0	5	5.412	1	1
0	5	5.083	1	0
0	5	3.532	0	0
0	5	3.745	0	0
0	5	3.477	1	1
0	5	5.161	0	0
0	5	0.856	0	0
0	5	1.748	1	0
0	5	0.451	0	0
0	5	0.9293	0	0
0	5	5.442	1	1
0	5	1.077	1	1
0	5	1.034	0	0
0	5	0.6992	1	0
0	5	1.492	0	1
0	5	0.6565	0	0
0	5	0.3719	1	0
0	5	3.934	0	0
0	5	5.058	0	0
0	5	0.8861	1	0
0	5	0.4038	1	1
0	5	0.9335	1	0
0	5	0.4948	1	0
0	5	3.39	0	0
0	5	5.415	0	1
0	5	5.648	1	1
0	5	0.7145	0	0
0	5	3.501	1	1
0	5	3.256	0	0
0	5	3.677	0	0
0	5	0.9694	1	1
0	5	1.694	1	1
0	5	1.998	0	0
0	5	4.004	0	0
0	5	3.53	0	0
0	5	1.552	1	1
0	5	0.464	1	0
0	5	1.969	0	0
0	5	0.6781	0	0
0	5	0.835	0	1
0	5	5.363	0	0
0	5	5.601	1	1
0	5	5.133	1	0
0	5	0.6569	1	0
0	5	2.012	1	0
0	5	0.4335	1	0
1	5	1.463	1	0
1	5	4.937	0	0
1	5	3.858	1	1
1	5	5.199	0	0
1	5	0.9254	1	0
1	5	0.9777	1	1
1	5	1.153	0	0
1	5	0.9014	0	0
1	5	3.818	1	1
1	5	5.571	0	0
1	5	0.2499	0	0
1	5	1.909	1	1
1	5	5.442	0	0
1	5	3.241	0	0
1	5	0.4794	1	1
1	5	0.3634	0	0
1	5	1.864	1	0
1	5	0.7169	0	0
1	5	3.713	0	0
1	5	1.81	1	0
1	5	0.5071	1	1
1	5	1.765	1	0
1	5	1.861	1	1
1	5	4.929	1	1
1	5	0.968	1	1
1	5	1.784	0	0
1	5	1.774	1	1
1	5	0.9813	1	1
1	5	5.179	1	1
1	5	3.849	1	0
1	5	0.9409	0	0
1	5	5.078	0	0
1	5	2.027	0	0
1	5	3.664	0	0
1	5	5.199	0	0
1	5	0.2768	0	0
1	5	0.4995	1	0
1	5	1.042	1	1
1	5	3.399	0	0
1	5	1.288	0	0
1	5	0.979	1	0
1	5	0.7212	0	0
1	5	0.9706	0	0
1	5	3.58	0	0
1	5	0.8766	1	0
1	5	1.857	1	1
1	5	3.834	0	1
1	5	5.129	0	0
1	5	5.156	1	1
1	5	3.373	1	0
2	5	0.9066	0	0
2	5	1.078	0	1
2	5	1.606	1	0
2	5	1.502	0	0
2	5	0.4669	1	0
2	5	0.5822	0	0
2	5	3.763	0	0
2	5	3.3	0	0
2	5	0.411	0	0
2	5	0.4962	0	0
2	5	0.849	1	0
2	5	3.15	1	0
2	5	3.815	1	0
2	5	1.031	0	0
2	5	3.435	0	0
2	5	0.834	1	0
2	5	3.357	1	1
2	5	3.79	0	1
2	5	1.738	1	1
2	5	0.4552	1	0
2	5	3.694	1	1
2	5	1.389	0	0
2	5	4.9	1	0
2	5	5.568	1	0
2	5	5.22	0	0
2	5	1.886	1	0
2	5	5.222	1	0
2	5	3.776	0	0
2	5	0.5701	0	1
2	5	0.3619	0	0
2	5	3.951	0	0
2	5	5.137	0	0
2	5	5.539	1	0
2	5	0.463	1	0
2	5	0.6537	0	1
2	5	2	0	0
2	5	0.4113	1	0
2	5	2.092	1	1
2	5	2.089	1	1
2	5	0.7807	0	0
2	5	0.7173	1	1
2	5	5.284	0	0
2	5	5.277	0	1
2	5	5.417	1	1
2	5	0.286	1	0
2	5	2.197	0	1
2	5	5.579	1	1
2	5	0.1928	1	0
2	5	2.193	0	1
2	5	0.4488	0	0
3	5	0.6806	0	1
3	5	3.588	0	0
3	5	5.39	0	1
3	5	1.606	1	1
3	5	0.8622	0	0
3	5	0.3137	1	0
3	5	5.323	1	1
3	5	5.515	1	1
3	5	1.026	1	1
3	5	3.782	0	0
3	5	3.306	0	1
3	5	1.781	1	1
3	5	1.993	0	0
3	5	5.15	0	0
3	5	1.972	1	1
3	5	0.8395	1	0
3	5	5.397	0	0
3	5	1.735	0	0
3	5	3.452	1	1
3	5	0.5946	1	1
3	5	0.4656	0	0
3	5	0.8086	0	1
3	5	3.272	0	0
3	5	0.7389	1	0
3	5	5.211	1	1
3	5	5.508	0	0
3	5	3.397	0	0
3	5	0.6978	1	0
3	5	1.874	1	1
3	5	3.444	1	1
3	5	3.587	1	1
3	5	0.4238	1	0
3	5	2.152	1	0
3	5	5.639	1	1
3	5	0.6103	0	1
3	5	0.6357	0	0
3	5	0.5116	0	1
3	5	3.758	1	0
3	5	1.494	0	0
3	5	0.3606	0	0
3	5	3.384	1	1
3	5	5.173	0	0
3	5	5.461	0	0
3	5	0.7766	0	0
3	5	0.7896	1	0
3	5	1.011	0	0
3	5	1.707	1	1
3	5	1.803	0	0
3	5	0.2933	1	0
3	5	0.152	1	1
4	5	0.8682	1	1
4	5	0.7271	1	1
4	5	3.572	1	1
4	5	3.392	1	1
4	5	0.6452	1	1
4	5	1.916	0	0
4	5	5.447	1	1
4	5	3.346	0	0
4	5	5.728	1	1
4	5	0.2943	1	0
4	5	0.7732	1	0
4	5	1.189	1	1
4	5	5.321	1	1
4	5	0.9986	1	1
4	5	3.568	0	0
4	5	1.324	1	1
4	5	1.011	0	0
4	5	1.629	1	1
4	5	1.47	0	1
4	5	0.04744	0	1
4	5	2.036	1	1
4	5	3.601	1	1
4	5	3.655	0	0
4	5	1.885	0	0
4	5	2.012	0	1
4	5	1.877	0	1
4	5	3.477	0	0
4	5	0.3743	0	0
4	5	1.041	1	0
4	5	0.7975	0	0
4	5	0.508	1	1
4	5	5.646	1	1
4	5	0.4352	0	1
4	5	5.161	0	0
4	5	0.7349	0	1
4	5	0.2707	0	0
4	5	4.035	0	0
4	5	5.63	1	1
4	5	1.784	0	1
4	5	3.504	1	1
4	5	0.3532	0	0
4	5	5.442	0	0
4	5	0.6861	1	1
4	5	1.801	0	0
4	5	3.71	0	1
4	5	5.432	1	1
4	5	1.642	0	0
4	5	5.444	0	0
4	5	0.6213	1	1
4	5	5.484	1	0
5	5	1.981	1	1
5	5	0.1405	0	0
5	5	3.836	0	0
5	5	0.9073	1	0
5	5	1.713	1	1
5	5	1.643	0	0
5	5	5.416	0	0
5	5	5.28	1	1
5	5	5.062	1	1
5	5	1.035	1	1
5	5	0.7761	1	1
5	5	2.079	1	0
5	5	3.405	1	1
5	5	0.6447	0	1
5	5	0.3105	0	0
5	5	3.716	1	1
5	5	2.19	0	1
5	5	3.46	1	0
5	5	0.5296	1	1
5	5	0.7152	1	1
5	5	3.757	0	0
5	5	5.041	0	1
5	5	1.516	1	1
5	5	5.541	0	0
5	5	0.5052	0	1
5	5	0.5669	1	1
5	5	1.065	0	1
5	5	1.813	0	0
5	5	3.475	0	0
5	5	1.224	1	1
5	5	0.7882	1	1
5	5	0.8786	1	0
5	5	5.066	1	1
5	5	0.4317	1	1
5	5	3.272	0	0
5	5	3.743	0	0
5	5	3.489	0	0
5	5	5.107	0	0
5	5	5.368	1	1
5	5	5.742	0	0
5	5	0.6578	0	1
5	5	1.03	1	1
5	5	3.694	0	0
5	5	1.577	0	1
5	5	5.333	1	1
5	5	1.607	0	1
5	5	0.2984	0	1
5	5	0.6079	1	1
5	5	1.884	0	1
5	5	0.9723	1	1
6	5	0.4189	0	1
6	5	5.279	1	1
6	5	0.9005	0	1
6	5	1.889	0	1
6	5	1.676	1	1
6	5	0.4689	0	0
6	5	3.464	0	0
6	5	5.239	0	0
6	5	0.2337	0	0
6	5	0.5637	1	0
6	5	1.922	0	0
6	5	0.9214	1	1
6	5	3.288	1	1
6	5	0.6297	0	1
6	5	5.023	1	1
6	5	1.991	1	1
6	5	1.715	1	1
6	5	5.451	1	1
6	5	0.779	1	1
6	5	0.583	1	1
6	5	5.292	0	0
6	5	0.8257	0	0
6	5	3.736	1	1
6	5	0.3746	1	0
6	5	0.3819	0	1
6	5	3.548	0	0
6	5	1.013	0	0
6	5	0.3823	0	1
6	5	1.489	1	1
6	5	5.553	0	0
6	5	0.7812	1	1
6	5	0.2928	1	0
6	5	5.567	0	0
6	5	0.1886	1	1
6	5	3.75	1	1
6	5	1.771	1	1
6	5	0.8223	1	0
6	5	2.035	1	1
6	5	1.866	0	0
6	5	3.557	1	1
6	5	5.401	1	1
6	5	3.652	0	0
6	5	1.699	0	0
6	5	0.125	0	1
6	5	5.37	0	0
6	5	3.262	1	1
6	5	3.347	0	0
6	5	4.981	0	0
6	5	3.739	1	0
6	5	0.2586	0	0
7	5	1.778	0	1
7	5	0.4899	0	0
7	5	3.393	0	0
7	5	1.086	1	0
7	5	3.577	0	1
7	5	1.971	0	0
7	5	0.5928	1	1
7	5	3.893	0	1
7	5	0.6233	0	0
7	5	3.796	1	1
7	5	5.443	0	0
7	5	5.469	0	1
7	5	5.511	0	0
7	5	0.8172	1	0
7	5	1.664	1	1
7	5	0.5962	1	0
7	5	5.32	0	0
7	5	1.027	0	1
7	5	3.393	1	1
7	5	0.9886	1	0
7	5	1.25	1	0
7	5	3.617	0	0
7	5	5.317	0	0
7	5	5.49	0	0
7	5	0.4048	1	0
7	5	2.313	1	1
7	5	0.5597	1	1
7	5	4.926	0	1
7	5	1.892	0	1
7	5	0.9628	1	0
7	5	4.909	0	0
7	5	3.478	1	0
7	5	1.02	0	0
7	5	3.604	0	1
7	5	0.1024	1	1
7	5	0.9317	1	1
7	5	1.729	1	1
7	5	3.557	1	1
7	5	0.311	1	1
7	5	1.065	1	1
7	5	0.1819	0	0
7	5	3.81	1	0
7	5	0.7861	0	1
7	5	1.354	1	0
7	5	0.7457	1	1
7	5	5.652	0	0
7	5	1.903	0	1
7	5	1.93	1	1
7	5	5.362	0	0
8	5	0.8436	0	1
8	5	1.237	1	1
8	5	0.3995	0	0
8	5	1.509	1	1
8	5	0.6865	1	0
8	5	0.2702	0	1
8	5	5.652	0	0
8	5	5.596	1	1
8	5	0.5306	0	1
8	5	0.6081	0	0
8	5	1.647	0	0
8	5	5.341	0	0
8	5	0.9374	1	1
8	5	0.4387	1	0
8	5	3.425	1	1
8	5	1.6	1	1
8	5	5.381	0	0
8	5	1.19	1	0
8	5	0.4213	1	1
8	5	0.5143	0	0
8	5	0.7071	0	1
8	5	3.932	0	0
8	5	1.936	1	1
8	5	3.788	1	1
8	5	0.4981	0	0
8	5	3.81	1	1
8	5	3.871	0	0
8	5	1.388	1	1
8	5	1.969	1	0
8	5	5.275	1	0
8	5	1.07	0	0
8	5	5.422	0	0
8	5	3.106	0	0
8	5	3.485	0	0
8	5	5.101	1	1
8	5	0.7553	0	1
8	5	5.304	1	1
8	5	0.9123	1	1
8	5	1.599	0	1
8	5	5.841	1	1
8	5	3.604	0	0
8	5	1.034	1	1
8	5	3.341	1	1
8	5	1.332	1	1
8	5	0.5931	1	1
8	5	1.094	0	0
8	5	1.671	0	1
8	5	2.003	0	1
8	5	3.404	1	1
8	5	5.501	1	1
9	5	1.654	1	0
9	5	5.741	1	1
9	5	5.394	1	1
9	5	0.9196	0	1
9	5	1.592	0	1
9	5	3.673	0	0
9	5	0.8442	0	1
9	5	0.8493	0	0
9	5	0.8055	1	0
9	5	3.581	0	0
9	5	0.2769	0	0
9	5	1.796	0	1
9	5	5.53	1	0
9	5	1.698	0	1
9	5	1.999	0	0
9	5	5.415	1	1
9	5	5.473	1	1
9	5	3.671	1	1
9	5	5.376	1	1
9	5	5.503	0	0
9	5	2.072	1	0
9	5	5.198	1	1
9	5	2.047	1	1
9	5	3.41	0	0
9	5	1.092	1	1
9	5	4.926	1	0
9	5	0.5416	0	1
9	5	0.4914	1	0
9	5	1.773	1	0
9	5	0.5689	1	0
9	5	3.779	0	0
9	5	0.9676	1	0
9	5	3.407	0	1
9	5	0.4917	1	0
9	5	3.434	0	1
9	5	3.763	0	1
9	5	1.264	1	1
9	5	0.4703	0	0
9	5	3.744	0	0
9	5	1.01	0	0
9	5	0.3576	0	0
9	5	5.033	1	1
9	5	1.819	1	0
9	5	1.746	1	1
9	5	0.8473	1	0
9	5	0.7208	0	0
9	5	0.8872	0	1
9	5	0.7037	1	0
9	5	0.1601	0	1
9	5	3.551	0	0
