0	2	0.6471	0	1	-2.558
0	2	5.445	0	0	-1.546
0	2	1.998	0	1	1.445
0	2	5.828	1	1	-0.3685
0	2	0.02766	1	1	-0.2426
0	2	5.071	0	0	-1.152
0	2	0.3518	1	1	-0.7605
0	2	0.6556	1	1	-2.013
0	2	0.6727	0	1	-1.935
0	2	0.2068	0	0	-0.4028
0	2	0.9453	0	0	-1.223
0	2	0.5482	1	1	-0.02988
0	2	1.704	0	0	0.5764
0	2	1.157	0	1	0.1596
0	2	0.5831	0	1	-0.8768
0	2	1.728	0	0	-0.5919
0	2	1.863	1	1	-1.982
0	2	0.6286	1	1	0.08527
0	2	1.013	1	0	-2.102
0	2	1.263	1	0	-1.733
0	2	0.5233	1	0	-0.7109
0	2	1.085	0	0	-0.5056
0	2	1.993	1	1	-1.923
0	2	1.638	0	0	0.8267
0	2	0.4684	1	1	-0.4045
0	2	5.193	1	1	-0.9276
0	2	0.3126	1	1	-0.5903
0	2	0.1699	0	1	0.6696
0	2	1.411	1	0	-1.012
0	2	5.278	1	1	-2.427
0	2	0.6367	1	0	1.026
0	2	5.468	1	1	0.5963
0	2	1.064	0	1	0.08035
0	2	0.3036	0	1	-1.056
0	2	0.5972	1	0	-1.336
0	2	1.552	0	0	-0.4901
0	2	1.521	0	0	0.378
0	2	0.8258	0	0	-0.8006
0	2	5.601	0	0	-0.6014
0	2	0.2718	1	1	-0.4021
0	2	1.726	1	1	-0.7306
0	2	0.2348	0	0	-0.8776
0	2	1.191	1	1	0.788
0	2	0.3151	1	1	1.12
0	2	0.1672	0	1	-2.24
0	2	5.625	1	1	-0.9099
0	2	0.2213	1	1	0.4341
0	2	0.1653	0	1	0.3608
0	2	5.145	0	0	-1.05
0	2	5.539	0	0	-1.29
1	2	0.468	0	1	-1.11
1	2	1.965	0	1	-0.8345
1	2	0.8549	0	1	0.9158
1	2	1.167	1	1	-0.5012
1	2	5.493	1	1	-0.6694
1	2	0.235	1	1	-0.9282
1	2	5.986	1	1	0.2032
1	2	0.004523	0	1	-0.5945
1	2	5.311	1	1	-1.105
1	2	1.757	1	0	-2.606
1	2	0.7588	0	1	-1.295
1	2	1.979	1	1	-0.2304
1	2	0.9125	0	0	0.02963
1	2	0.7128	1	0	0.3133
1	2	0.2147	0	0	-0.06465
1	2	1.984	1	1	0.05189
1	2	0.4323	0	0	-0.53
1	2	4.872	0	0	-0.8355
1	2	1.546	1	1	-0.0379
1	2	0.2264	1	0	-0.8053
1	2	0.6997	0	1	0.2357
1	2	1.036	0	0	-0.1431
1	2	5.365	0	0	-0.5736
1	2	0.348	1	0	-0.3554
1	2	0.9117	1	1	-2.176
1	2	1.743	0	1	-1.618
1	2	0.4483	1	0	0.1392
1	2	2.189	1	1	-0.5901
1	2	1.965	1	1	-0.8943
1	2	0.5015	0	1	-1.879
1	2	0.08414	0	1	-1.639
1	2	5.664	1	1	0.7044
1	2	0.3442	1	1	-2.112
1	2	0.6851	1	1	-2.158
1	2	1.018	1	1	-0.007177
1	2	0.9208	0	1	0.6212
1	2	1.732	0	0	0.1387
1	2	0.2554	0	0	1.26
1	2	1.858	1	1	0.4826
1	2	0.2049	0	1	0.8758
1	2	0.02246	1	1	-0.5662
1	2	0.5021	0	1	1.333
1	2	5.556	0	0	-0.6958
1	2	5.586	0	0	-0.341
1	2	5.254	1	1	-1.338
1	2	0.404	0	1	0.9141
1	2	0.4755	0	1	-1.096
1	2	5.369	0	0	-0.9967
1	2	0.8905	1	1	-0.1126
1	2	0.09291	1	1	-0.8227
2	2	0.699	0	0	-2.552
2	2	0.6552	0	0	-0.9375
2	2	1.957	0	0	0.3238
2	2	0.8349	1	1	-0.9673
2	2	0.1084	0	1	-0.9719
2	2	0.559	1	1	-1.013
2	2	5.556	0	0	0.03761
2	2	1.421	1	1	-0.5505
2	2	0.8436	1	1	0.3468
2	2	0.8543	0	1	-1.028
2	2	0.2278	0	1	0.2242
2	2	0.643	1	1	-1.598
2	2	5.202	1	1	-0.5251
2	2	0.3506	0	1	-1.193
2	2	0.3303	0	1	-1.434
2	2	1.92	1	1	1.735
2	2	5.5	1	1	-0.251
2	2	0.6713	0	1	-1.647
2	2	0.5031	1	1	0.5846
2	2	0.08882	0	0	-0.7239
2	2	1.847	0	0	0.7942
2	2	0.2918	1	1	0.3245
2	2	0.3425	0	0	-1.266
2	2	0.007482	0	0	-0.7649
2	2	0.5416	1	1	0.9228
2	2	0.6901	0	0	-2.445
2	2	0.7524	1	1	-0.6187
2	2	5.329	1	1	-0.5957
2	2	1.615	1	0	0.3749
2	2	5.533	0	0	1.297
2	2	0.2807	1	1	1.552
2	2	5.773	1	1	0.4363
2	2	1.427	1	1	0.1508
2	2	0.8139	0	1	0.7197
2	2	0.7262	0	0	-0.2529
2	2	1.778	0	0	0.07663
2	2	0.3986	0	0	-0.8599
2	2	5.371	0	0	0.5156
2	2	0.3508	0	1	1.288
2	2	0.8791	0	1	1.468
2	2	1.838	1	1	-0.431
2	2	5.12	1	1	0.4468
2	2	0.3846	0	1	0.5821
2	2	1.809	1	1	0.008765
2	2	0.6479	0	1	2.223
2	2	1.938	1	1	-1.038
2	2	0.3249	1	0	1.24
2	2	5.338	1	1	-0.4764
2	2	5.426	1	1	0.9501
2	2	0.2821	1	1	0.2732
3	2	1.878	0	0	-0.5601
3	2	0.55	0	0	-0.6514
3	2	0.9177	0	0	-0.3356
3	2	5.366	1	1	-1.579
3	2	0.2334	0	0	-0.1604
3	2	5.514	1	1	0.544
3	2	5.191	1	1	0.293
3	2	5.188	1	1	0.04296
3	2	1.726	1	1	-0.3831
3	2	0.8317	0	0	-1.254
3	2	0.8155	0	0	0.6433
3	2	2.251	0	0	-1.053
3	2	5.509	1	1	-0.4025
3	2	0.4301	0	0	-0.05791
3	2	5.418	0	0	-0.5341
3	2	0.4292	1	0	-1.405
3	2	0.9487	0	1	-0.6416
3	2	0.09849	0	0	-1.326
3	2	1.725	1	0	-0.5941
3	2	1.735	0	1	-0.2764
3	2	1.843	1	1	2.241
3	2	0.8945	0	0	0.5319
3	2	0.6171	0	1	-3.147
3	2	0.3212	1	0	-0.4886
3	2	0.1284	1	0	-1.848
3	2	5.299	0	0	-0.2389
3	2	0.8532	0	1	-0.4087
3	2	0.8498	0	0	-0.9335
3	2	5.658	0	0	-0.5846
3	2	0.5187	0	0	-1.263
3	2	0.09259	1	0	1.961
3	2	0.008465	1	1	0.1665
3	2	1.666	1	1	-0.07482
3	2	0.1908	1	0	0.006113
3	2	0.8412	0	0	-0.5487
3	2	0.0007963	1	1	1.481
3	2	1.655	1	0	1.923
3	2	5.493	1	1	1.635
3	2	1.888	1	1	1.783
3	2	0.4692	0	1	0.8471
3	2	0.3455	1	0	-0.002386
3	2	0.9704	1	1	0.1616
3	2	5.157	1	1	-0.1174
3	2	0.04883	0	0	1.014
3	2	0.4224	0	0	-1.12
3	2	1.719	1	1	0.6616
3	2	0.3597	1	1	2.546
3	2	1.119	0	1	-0.03287
3	2	1.456	1	0	1.703
3	2	0.3695	0	0	1.619
4	2	5.456	1	1	-0.8799
4	2	1.926	0	0	-1.162
4	2	1.191	0	0	0.2021
4	2	0.2668	0	0	-0.8881
4	2	1.944	1	0	0.1226
4	2	1.726	0	1	0.1064
4	2	0.1765	0	1	0.3494
4	2	0.3816	0	0	-1.143
4	2	1.792	0	0	-0.5188
4	2	0.05539	0	0	0.1434
4	2	0.694	1	1	-1.374
4	2	0.005713	1	1	0.8945
4	2	1.847	0	1	0.2513
4	2	1.143	1	1	-0.5063
4	2	5.471	0	0	0.12
4	2	1.101	1	0	1.547
4	2	5.152	1	1	0.1987
4	2	0.01925	1	1	-0.4625
4	2	0.5028	0	1	0.6347
4	2	0.8338	0	0	-0.8621
4	2	1.697	0	0	0.279
4	2	1.836	0	0	-0.1455
4	2	1.524	1	1	1.202
4	2	0.4995	1	1	-0.8836
4	2	1.949	1	1	-0.4126
4	2	0.6222	1	1	-0.89
4	2	0.7777	0	0	1.017
4	2	0.7989	1	1	1.126
4	2	0.785	1	1	0.2575
4	2	1.923	1	1	0.312
4	2	5.212	0	0	-1.13
4	2	0.439	0	1	-1.285
4	2	5.335	1	1	0.6801
4	2	1.212	0	0	-0.2813
4	2	0.2342	1	1	0.9506
4	2	5.512	0	0	-0.2355
4	2	0.7357	0	0	-0.7339
4	2	5.097	1	1	-0.4748
4	2	5.221	0	0	0.9085
4	2	0.169	0	1	-0.2405
4	2	0.4679	1	0	0.6076
4	2	0.4344	0	1	-0.04206
4	2	0.8068	0	1	-0.4613
4	2	0.8528	0	0	-0.8363
4	2	0.8495	1	1	-0.8735
4	2	5.546	1	1	-0.4837
4	2	0.4497	1	1	-1.904
4	2	0.4475	1	0	-0.4947
4	2	5.586	0	0	0.09496
4	2	0.3556	1	0	0.6557
5	2	5.768	0	0	-2.115
5	2	1.195	1	1	-0.4083
5	2	0.6948	0	0	-0.4318
5	2	0.7659	1	1	-0.743
5	2	0.6251	0	1	-0.05731
5	2	0.1382	0	0	-0.8104
5	2	1.92	0	1	1.184
5	2	0.3832	1	0	0.125
5	2	0.3758	1	1	0.05392
5	2	0.3143	1	1	0.8172
5	2	0.5782	1	1	-0.5928
5	2	5.157	1	1	-0.1493
5	2	0.6088	1	0	-0.4691
5	2	0.4537	0	1	-0.4491
5	2	0.1898	0	0	1.704
5	2	1.483	0	1	-0.412
5	2	5.373	1	1	0.5696
5	2	0.8614	0	1	0.6991
5	2	0.5296	1	0	-0.7889
5	2	5.109	0	0	-1.221
5	2	5.807	0	0	-0.466
5	2	0.3184	1	1	-0.5296
5	2	0.2142	0	1	0.5097
5	2	0.5487	0	0	-1.118
5	2	2.071	1	1	-0.5399
5	2	0.2424	0	1	0.4936
5	2	0.6496	0	0	-0.1819
5	2	1.779	1	0	-0.466
5	2	1.737	0	0	1.205
5	2	5.409	0	0	-0.2205
5	2	1.748	1	1	0.1571
5	2	1.882	0	0	1.58
5	2	0.8878	1	1	2.885
5	2	1.859	0	0	-0.6863
5	2	0.146	1	1	0.512
5	2	0.4851	1	1	1.556
5	2	0.009532	0	1	-1.557
5	2	1.795	1	0	2.039
5	2	5.669	1	1	0.7287
5	2	5.058	0	0	-1.009
5	2	0.7733	0	0	0.8786
5	2	5.668	1	1	0.6692
5	2	1.127	1	1	-0.09685
5	2	0.9193	1	1	-0.1837
5	2	0.3541	0	0	1.68
5	2	0.3253	1	0	0.33
5	2	0.1261	1	1	-0.7033
5	2	5.475	0	0	2.078
5	2	0.761	0	1	0.5298
5	2	1.905	1	1	0.1883
6	2	2.091	1	1	0.1322
6	2	0.8576	0	1	0.266
6	2	0.9447	0	1	-0.378
6	2	5.042	0	0	-0.3647
6	2	0.2698	0	0	0.3618
6	2	0.8316	0	0	-1.172
6	2	0.5412	0	0	-1.364
6	2	0.3733	0	1	1.343
6	2	2.006	0	0	0.8884
6	2	1.623	1	0	0.7563
6	2	5.133	0	0	-0.915
6	2	0.3612	0	1	-0.4932
6	2	5.465	1	1	-1.635
6	2	0.4132	1	1	1.33
6	2	1.665	1	1	-0.1369
6	2	1.767	1	1	-0.2504
6	2	5.534	1	1	0.05079
6	2	1.701	1	1	-1.695
6	2	5.412	0	0	-1.066
6	2	1.616	1	1	-1.558
6	2	0.5797	1	1	-0.5447
6	2	0.8107	1	1	-0.2292
6	2	1.071	1	0	0.8526
6	2	0.2265	0	1	-0.9765
6	2	5.48	1	1	-0.2936
6	2	0.3025	0	1	0.4277
6	2	0.205	1	1	-0.1152
6	2	0.7996	1	0	1.84
6	2	5.464	0	0	-1.488
6	2	0.9147	0	0	-0.4276
6	2	0.6681	1	1	-0.4173
6	2	1.13	0	1	-0.2288
6	2	0.3468	0	1	0.7912
6	2	0.7209	0	1	-0.1927
6	2	4.979	0	0	-0.1201
6	2	0.1583	1	1	-0.6095
6	2	5.643	1	1	-0.2795
6	2	0.8382	1	0	0.3345
6	2	0.1686	0	1	0.803
6	2	1.132	1	1	0.9527
6	2	1.122	0	1	1.299
6	2	1.839	1	0	0.2541
6	2	0.1648	0	1	1.131
6	2	0.2049	1	1	0.04234
6	2	1.647	1	1	0.4719
6	2	2.113	1	1	1.491
6	2	0.5152	0	1	0.9252
6	2	0.4758	0	1	1.306
6	2	5.793	0	0	2.337
6	2	0.3517	0	0	0.399
7	2	5.495	1	1	-0.06858
7	2	1.575	0	0	-0.06281
7	2	0.9509	1	1	-0.4014
7	2	0.8493	1	1	-0.141
7	2	1.786	1	0	1.326
7	2	0.1756	1	1	-0.5055
7	2	0.4047	1	1	-0.4664
7	2	0.8625	0	0	-0.05418
7	2	5.584	1	1	0.8477
7	2	0.2147	0	1	-0.7233
7	2	0.4227	0	1	-0.003343
7	2	5.165	0	0	0.3958
7	2	1.636	0	1	1.656
7	2	0.2021	1	1	0.5784
7	2	5.485	0	0	0.8092
7	2	1.417	1	1	0.3332
7	2	0.6751	0	1	1.047
7	2	1.666	1	1	1.88
7	2	1.093	1	1	0.4905
7	2	5.654	1	1	0.124
7	2	0.5027	1	0	0.3618
7	2	0.9729	0	1	1.704
7	2	0.5127	0	0	0.0902
7	2	0.1833	0	0	0.5906
7	2	5.337	0	0	-0.7148
7	2	0.4995	0	0	-0.4689
7	2	0.8888	0	1	1.144
7	2	5.601	0	0	2.263
7	2	0.2145	1	1	1.29
7	2	0.3548	1	0	2.595
7	2	0.7956	0	0	0.7982
7	2	0.3696	1	1	0.1794
7	2	1.704	0	1	0.2872
7	2	2.201	1	1	2.267
7	2	0.3425	1	1	-1.288
7	2	5.458	1	1	-0.6095
7	2	5.163	0	0	0.3879
7	2	1.877	1	1	0.8879
7	2	1.554	1	0	-0.8834
7	2	0.4645	1	0	0.6183
7	2	0.1442	0	1	0.2794
7	2	2.324	0	0	-0.6365
7	2	0.09647	0	0	-1.567
7	2	0.2033	0	0	1.394
7	2	5.373	1	1	0.3339
7	2	0.8989	0	0	0.7977
7	2	0.1468	0	0	3.381
7	2	0.8958	1	1	0.4701
7	2	0.8474	1	1	2.442
7	2	0.9263	0	0	0.6824
8	2	1.757	0	0	-1.303
8	2	5.352	0	0	-0.8871
8	2	1.663	1	1	-1.907
8	2	0.862	0	1	-1.898
8	2	5.603	1	1	-0.9095
8	2	5.43	0	0	0.6531
8	2	0.3378	0	0	-0.3842
8	2	1.79	1	1	0.8329
8	2	0.5732	1	1	-0.3198
8	2	1.119	1	0	-0.1414
8	2	5.365	0	0	1.353
8	2	1.785	0	0	-0.6711
8	2	0.2718	1	1	0.5978
8	2	0.8988	1	1	1.971
8	2	0.1674	0	1	0.7617
8	2	0.4772	0	0	0.9027
8	2	5.374	1	1	0.2163
8	2	1.889	0	0	-0.2986
8	2	0.7468	0	0	0.1774
8	2	1.628	0	0	0.9574
8	2	5.145	1	1	-0.3293
8	2	1.11	1	1	-0.7157
8	2	0.8222	1	1	-1.062
8	2	0.4981	1	0	-1.291
8	2	1.687	1	0	0.2759
8	2	4.957	1	1	0.4436
8	2	0.8368	1	1	-1.429
8	2	0.3992	0	1	-0.2097
8	2	0.1187	1	0	0.1031
8	2	0.3365	1	1	-1.685
8	2	1.424	0	1	0.1693
8	2	0.5025	1	0	0.006992
8	2	2.065	0	0	1.291
8	2	5.455	0	0	0.6272
8	2	5.298	1	1	-0.4265
8	2	0.6226	1	0	1.204
8	2	0.8451	1	0	0.6208
8	2	0.1893	1	0	-0.7084
8	2	0.4886	0	0	1.158
8	2	0.854	1	0	-0.0318
8	2	1.775	0	1	-0.878
8	2	0.2657	0	0	-0.1836
8	2	0.848	1	0	0.6237
8	2	1.884	0	0	0.05277
8	2	5.686	1	1	-0.7931
8	2	0.2233	0	0	0.8021
8	2	0.2575	0	1	0.1713
8	2	0.7032	0	0	0.3774
8	2	0.8121	0	0	1.727
8	2	0.3937	0	0	-0.7469
9	2	0.1091	0	0	-0.2053
9	2	0.4921	1	1	-1.328
9	2	0.354	0	1	-0.2837
9	2	0.304	1	0	0.5424
9	2	0.2943	1	1	-0.1427
9	2	0.5497	0	0	-0.635
9	2	0.8918	1	1	-0.419
9	2	0.9514	0	1	4.149
9	2	5.455	0	0	0.9017
9	2	1.367	0	0	2.401
9	2	0.7578	0	1	-0.5285
9	2	1.494	0	1	-1.715
9	2	0.6294	0	1	-0.1028
9	2	0.4957	1	1	0.04124
9	2	5.475	0	0	-0.702
9	2	5.286	1	1	-0.7975
9	2	2.075	0	1	0.8794
9	2	0.5025	1	1	-0.8516
9	2	0.0361	1	0	2.029
9	2	6.055	1	1	1.23
9	2	1.686	1	1	-0.01945
9	2	5.227	1	1	-0.6319
9	2	0.9047	0	1	-0.9428
9	2	1.041	1	0	-0.7102
9	2	0.6054	1	1	-1.279
9	2	1.857	1	1	-1.299
9	2	0.2074	0	1	-0.359
9	2	1.639	0	0	-0.4409
9	2	0.5917	0	0	0.2443
9	2	5.578	1	1	-0.6441
9	2	0.4622	0	1	-0.788
9	2	1.618	0	0	1.207
9	2	0.5142	0	1	2.406
9	2	0.5147	1	0	-0.9805
9	2	0.5395	0	1	0.5271
9	2	0.3323	1	0	0.2994
9	2	1.999	0	0	0.8773
9	2	0.8262	0	1	-0.4374
9	2	5.297	1	1	0.2428
9	2	1.764	1	1	1.475
9	2	1.198	1	1	-0.501
9	2	1.845	1	1	0.9593
9	2	5.326	1	1	-0.4251
9	2	0.4836	0	0	1.464
9	2	0.6375	0	0	0.9412
9	2	0.05697	1	0	1.943
9	2	5.291	0	0	-0.3723
9	2	5.37	1	1	0.4526
9	2	1.132	0	1	0.3378
9	2	0.4855	0	0	-0.5876
10	3	0.6477	0	1	-2.539
10	3	5.453	0	0	1.303
10	3	1.995	0	0	-0.2598
10	3	5.833	1	1	-2.434
10	3	0.03464	1	0	0.08881
10	3	5.084	0	0	-0.3391
10	3	0.3495	1	0	-0.7901
10	3	0.6602	1	0	-1.731
10	3	0.6808	0	0	-0.3641
10	3	0.2091	0	0	0.07527
10	3	0.9403	0	0	-1.291
10	3	0.5523	1	0	1.103
10	3	1.703	0	0	-1.717
10	3	1.16	0	0	-1.082
10	3	0.5807	0	0	1.179
10	3	1.732	0	0	-0.09098
10	3	1.869	1	1	-3.105
10	3	0.6301	1	1	-0.9888
10	3	1.02	1	0	0.1304
10	3	1.268	1	0	-2.145
10	3	0.5188	1	1	-0.1135
10	3	1.076	0	0	-1.841
10	3	1.994	1	0	1.111
10	3	1.64	0	0	0.6279
10	3	0.4744	1	0	0.5503
10	3	5.194	1	1	-1.212
10	3	0.3142	1	1	-0.2828
10	3	0.1749	0	1	0.6746
10	3	1.413	1	1	0.3262
10	3	5.283	1	1	-1.527
10	3	0.641	1	1	0.05647
10	3	5.465	1	1	0.2768
10	3	1.066	0	0	-1.206
10	3	0.2998	0	0	-0.01516
10	3	0.5952	1	0	0.2998
10	3	1.556	0	0	0.365
10	3	1.519	0	0	-0.3144
10	3	0.828	0	0	-0.5083
10	3	5.608	0	0	-0.3956
10	3	0.272	1	1	-0.2651
10	3	1.728	1	0	-1.213
10	3	0.2357	0	1	-0.4131
10	3	1.193	1	0	-1.467
10	3	0.3191	1	1	-0.1756
10	3	0.1632	0	1	0.2357
10	3	5.63	1	1	1.994
10	3	0.2219	1	1	-1.023
10	3	0.168	0	1	-1.426
10	3	5.153	0	0	-0.2923
10	3	5.539	0	0	1.975
11	3	0.4666	0	0	-1.487
11	3	1.964	0	0	-2.274
11	3	0.8566	0	1	-0.7588
11	3	1.169	1	1	0.3623
11	3	5.491	1	1	0.06974
11	3	0.2376	1	1	-1.233
11	3	5.996	1	1	-0.318
11	3	0.01192	0	0	-1.411
11	3	5.327	1	1	-0.8779
11	3	1.757	1	1	-0.8431
11	3	0.7583	0	1	-1.216
11	3	1.978	1	1	-0.09362
11	3	0.9124	0	0	0.9254
11	3	0.7135	1	1	-0.02696
11	3	0.2079	0	0	-1.1
11	3	1.98	1	0	0.1887
11	3	0.4262	0	1	-0.1586
11	3	4.879	0	0	-1.233
11	3	1.55	1	1	0.7613
11	3	0.2303	1	1	0.06221
11	3	0.6994	0	1	0.414
11	3	1.033	0	0	-0.8375
11	3	5.374	0	0	-0.222
11	3	0.3496	1	0	0.7218
11	3	0.9117	1	0	0.9958
11	3	1.743	0	0	-0.5736
11	3	0.4496	1	0	-2.379
11	3	2.194	1	1	-1.387
11	3	1.97	1	1	0.5468
11	3	0.5046	0	1	-0.02424
11	3	0.08034	0	0	-1.655
11	3	5.669	1	1	1.74
11	3	0.3438	1	1	0.05735
11	3	0.6899	1	0	-0.009668
11	3	1.018	1	1	-0.04605
11	3	0.9227	0	0	-0.7241
11	3	1.733	0	0	-0.7681
11	3	0.2568	0	1	0.8902
11	3	1.855	1	0	1.117
11	3	0.2095	0	1	-0.2238
11	3	0.0283	1	0	-1.034
11	3	0.5031	0	0	0.8513
11	3	5.557	0	1	1.451
11	3	5.587	0	0	-0.4159
11	3	5.25	1	1	-0.8139
11	3	0.4039	0	1	-0.7122
11	3	0.475	0	0	-1.823
11	3	5.377	0	0	0.3747
11	3	0.8982	1	1	0.6821
11	3	0.09802	1	0	0.5416
12	3	0.6938	0	1	-0.7425
12	3	0.6492	0	0	-1.485
12	3	1.954	0	1	-0.007587
12	3	0.8355	1	0	0.8177
12	3	0.1053	0	1	0.1086
12	3	0.56	1	1	-0.571
12	3	5.564	0	0	-0.1022
12	3	1.418	1	1	-2.317
12	3	0.8434	1	1	-1.094
12	3	0.8528	0	0	0.4614
12	3	0.226	0	1	-0.1507
12	3	0.645	1	0	-0.7733
12	3	5.212	1	1	-0.873
12	3	0.3589	0	1	-0.8145
12	3	0.3264	0	1	-0.3085
12	3	1.918	1	1	0.005631
12	3	5.498	1	1	0.02381
12	3	0.6767	0	0	-0.6183
12	3	0.5042	1	1	-1.336
12	3	0.08705	0	0	0.4724
12	3	1.848	0	0	-0.6857
12	3	0.2862	1	0	1.555
12	3	0.3423	0	1	0.254
12	3	0.007044	0	1	-1.616
12	3	0.551	1	0	1.945
12	3	0.6942	0	1	0.007632
12	3	0.7581	1	0	-0.7271
12	3	5.334	1	1	0.2795
12	3	1.614	1	1	-0.2314
12	3	5.542	0	0	-0.5311
12	3	0.2811	1	0	-1.601
12	3	5.782	1	1	-0.7727
12	3	1.429	1	1	-1.256
12	3	0.8089	0	0	0.8596
12	3	0.7238	0	1	0.7932
12	3	1.781	0	0	0.3012
12	3	0.3999	0	1	-1.159
12	3	5.375	0	0	0.4357
12	3	0.3483	0	0	-1.793
12	3	0.8741	0	0	-0.367
12	3	1.836	1	1	-1.974
12	3	5.126	1	1	-1.722
12	3	0.3821	0	1	1.876
12	3	1.806	1	1	-0.4261
12	3	0.646	0	1	1.667
12	3	1.94	1	1	-0.01584
12	3	0.325	1	0	-0.0865
12	3	5.345	1	1	-0.4824
12	3	5.428	1	1	0.7994
12	3	0.2812	1	1	-0.5775
13	3	1.878	0	0	-0.1467
13	3	0.5575	0	1	0.24
13	3	0.9209	0	0	-0.4256
13	3	5.366	1	1	0.4618
13	3	0.2285	0	0	-0.5133
13	3	5.512	1	1	-1.161
13	3	5.188	1	1	-1.065
13	3	5.187	1	1	0.8844
13	3	1.6	1	1	-0.9363
13	3	0.9691	0	0	0.8269
13	3	0.8138	0	1	-1.156
13	3	2.247	0	0	-0.8392
13	3	5.507	1	1	-1.921
13	3	0.4268	0	1	-0.4051
13	3	5.421	0	0	-1.12
13	3	0.4337	1	0	0.2013
13	3	0.9503	0	0	1.021
13	3	0.09921	0	0	0.7694
13	3	1.72	1	1	-1.277
13	3	1.738	0	0	0.00103
13	3	1.85	1	0	0.9149
13	3	0.9008	0	0	0.5584
13	3	0.6162	0	0	1.094
13	3	0.3163	1	0	2.57
13	3	0.1299	1	1	-0.01137
13	3	5.304	0	0	0.4299
13	3	0.8522	0	0	-1.978
13	3	0.851	0	1	-2.427
13	3	5.664	0	0	1.933
13	3	0.5151	0	0	1.36
13	3	0.09663	1	0	0.3369
13	3	0.006624	1	1	-0.08142
13	3	1.664	1	1	-0.1293
13	3	0.1946	1	0	0.6779
13	3	0.8414	0	0	1.128
13	3	0.00158	0	0	2.175
13	3	1.662	1	1	-0.7386
13	3	5.504	1	1	-0.3928
13	3	1.887	1	1	0.9219
13	3	0.4704	0	0	-1.361
13	3	0.3437	1	1	0.6578
13	3	0.9698	1	0	1.292
13	3	5.163	1	1	-0.5187
13	3	0.04934	0	1	0.7907
13	3	0.4223	0	0	0.739
13	3	1.722	1	1	-0.008645
13	3	0.367	1	1	0.7214
13	3	1.119	0	1	1.616
13	3	1.454	1	1	-0.6929
13	3	0.3716	0	0	2.341
14	3	5.459	1	1	0.146
14	3	1.927	0	0	-0.6398
14	3	1.187	0	0	0.2204
14	3	0.2736	0	0	-1.3
14	3	1.94	1	0	-0.05587
14	3	1.73	0	0	0.444
14	3	0.18	0	1	1.442
14	3	0.3764	0	1	0.7186
14	3	1.789	0	0	1.584
14	3	0.05566	0	0	1.155
14	3	0.6914	1	1	0.07565
14	3	0.0004482	0	0	-0.7625
14	3	1.846	0	0	0.7505
14	3	1.144	1	0	0.01788
14	3	5.473	0	0	0.7047
14	3	1.105	1	1	0.7014
14	3	5.153	1	1	0.0983
14	3	0.02357	1	1	-0.1282
14	3	0.5033	0	0	1.17
14	3	0.8398	0	0	0.9243
14	3	1.701	0	0	0.652
14	3	1.841	0	0	-1.268
14	3	1.527	1	1	-0.3856
14	3	0.5024	1	1	-0.4285
14	3	1.956	1	0	1.424
14	3	0.625	1	0	-0.7545
14	3	0.7712	0	0	0.844
14	3	0.8013	1	1	0.05321
14	3	0.7886	1	1	-0.7036
14	3	1.919	1	1	-0.2534
14	3	5.218	0	0	-0.5315
14	3	0.441	0	1	-0.1138
14	3	5.337	1	1	0.7661
14	3	1.21	0	0	0.7176
14	3	0.238	1	1	0.8567
14	3	5.52	0	0	0.7068
14	3	0.7326	0	0	-0.1478
14	3	5.095	1	1	0.804
14	3	5.225	0	0	-0.9741
14	3	0.1695	0	0	0.3308
14	3	0.4638	1	0	1.593
14	3	0.4305	0	1	-0.7813
14	3	0.8155	0	1	-0.1548
14	3	0.8554	0	1	1.479
14	3	0.8486	1	0	1.13
14	3	5.554	1	1	0.6002
14	3	0.4511	1	1	-1.223
14	3	0.4512	1	1	1.173
14	3	5.594	0	0	1.439
14	3	0.3566	1	0	0.5956
15	3	5.772	0	0	0.1319
15	3	1.192	1	1	-0.4635
15	3	0.6967	0	0	2.748
15	3	0.7659	1	1	-2.304
15	3	0.62	0	0	-1.174
15	3	0.1363	0	0	-0.5564
15	3	1.922	0	0	-0.4244
15	3	0.3811	1	1	0.05401
15	3	0.376	1	1	-1.29
15	3	0.3165	1	1	-0.03481
15	3	0.5816	1	1	1.392
15	3	5.163	1	1	0.2974
15	3	0.61	1	0	-2.005
15	3	0.4656	0	0	-0.7885
15	3	0.1869	0	0	0.1177
15	3	1.477	0	0	-0.363
15	3	5.376	1	1	0.9196
15	3	0.8655	0	0	0.9459
15	3	0.5388	1	0	0.5905
15	3	5.108	0	0	1.366
15	3	5.8	0	0	-0.8481
15	3	0.7364	1	0	2.787
15	3	0.04853	0	1	-0.8079
15	3	0.5277	0	0	-0.5466
15	3	1.805	1	1	-0.9222
15	3	0.007252	0	1	0.445
15	3	0.4891	0	0	-0.9247
15	3	1.696	1	1	-0.1568
15	3	1.794	0	0	-0.3632
15	3	5.214	0	0	-0.958
15	3	1.48	1	1	-1.042
15	3	1.715	0	0	1.18
15	3	1.356	1	1	0.2296
15	3	2.121	0	0	-1.009
15	3	0.2462	1	0	0.1753
15	3	0.09742	1	0	0.8731
15	3	0.2483	1	0	-0.7067
15	3	1.661	1	0	2.982
15	3	4.835	1	1	-1.699
15	3	5.525	0	0	-1.62
15	3	0.9646	0	1	0.2459
15	3	5.41	1	1	0.6038
15	3	0.9603	1	1	-0.117
15	3	1.134	1	1	0.7152
15	3	0.4205	0	1	-0.9213
15	3	0.3239	1	0	-0.2201
15	3	0.1292	1	1	-0.6656
15	3	5.475	0	0	0.2389
15	3	0.7682	0	1	0.2716
15	3	1.907	1	1	0.1001
16	3	2.092	1	1	-0.1767
16	3	0.851	0	0	-0.3162
16	3	0.9421	0	0	-0.8429
16	3	5.042	0	0	-0.164
16	3	0.2695	0	1	0.5018
16	3	0.8299	0	1	0.3712
16	3	0.5424	0	1	0.3552
16	3	0.3703	0	1	-0.07432
16	3	2.007	0	0	-0.882
16	3	1.621	1	1	-1.095
16	3	5.132	0	0	0.03416
16	3	0.3658	0	1	0.7602
16	3	5.467	1	1	0.1799
16	3	0.4161	1	1	-0.6657
16	3	1.662	1	1	-0.3364
16	3	1.755	1	1	-1.654
16	3	5.541	1	1	-0.9697
16	3	1.703	1	1	-0.6244
16	3	5.419	0	0	-0.1355
16	3	1.617	1	1	-1.464
16	3	0.5826	1	0	0.5029
16	3	0.8154	1	0	0.5169
16	3	1.082	1	1	-0.5993
16	3	0.2252	0	1	-0.7411
16	3	5.485	1	1	0.1396
16	3	0.3025	0	0	0.803
16	3	0.2	1	0	0.2247
16	3	0.8004	1	1	-0.07511
16	3	5.464	0	0	-0.4713
16	3	0.9172	0	0	0.4644
16	3	0.6696	1	1	-0.07189
16	3	1.129	0	0	-0.4776
16	3	0.3466	0	1	-0.7472
16	3	0.7266	0	1	0.6899
16	3	4.989	0	0	1.72
16	3	0.1609	1	1	0.3676
16	3	5.655	1	1	0.97
16	3	0.8368	1	0	-0.4685
16	3	0.168	0	0	-0.5049
16	3	1.133	1	1	0.8391
16	3	1.115	0	1	-0.3297
16	3	1.846	1	0	0.995
16	3	0.1538	0	0	0.7408
16	3	0.201	1	1	0.9123
16	3	1.652	1	1	0.2391
16	3	2.122	1	1	1.036
16	3	0.5202	0	0	-0.5377
16	3	0.4751	0	0	1.825
16	3	5.794	0	0	-0.4392
16	3	0.3462	0	1	-0.09911
17	3	5.497	1	1	-0.172
17	3	1.575	0	0	-0.7291
17	3	0.9501	1	1	-0.3985
17	3	0.8484	1	1	0.6538
17	3	1.784	1	1	0.9963
17	3	0.1688	1	0	-0.5578
17	3	0.4086	1	1	0.3463
17	3	0.8647	0	1	-1.444
17	3	5.592	1	1	1.136
17	3	0.2218	0	1	0.7351
17	3	0.4242	0	0	0.06322
17	3	5.167	0	0	0.851
17	3	1.641	0	0	-0.6788
17	3	0.1998	1	0	0.7974
17	3	5.488	0	0	-0.01807
17	3	1.421	1	1	-0.2258
17	3	0.6755	0	1	-0.2115
17	3	1.668	1	1	0.3841
17	3	1.088	1	1	0.8626
17	3	5.66	1	1	0.1836
17	3	0.5054	1	1	-0.5649
17	3	0.9768	0	0	0.5393
17	3	0.5141	0	0	1.14
17	3	0.1873	0	0	0.5086
17	3	5.342	0	0	-0.07129
17	3	0.5022	0	0	0.262
17	3	0.8833	0	0	-1.046
17	3	5.7	0	0	0.06879
17	3	0.4614	1	1	0.07236
17	3	0.2397	1	0	-0.4437
17	3	0.7684	0	1	1.042
17	3	0.3511	1	0	-0.5606
17	3	1.791	0	0	0.3077
17	3	1.791	1	0	0.7899
17	3	0.2375	1	0	-0.03941
17	3	5.283	1	1	-0.8527
17	3	5.268	0	0	0.4399
17	3	1.884	1	1	0.3491
17	3	1.561	1	0	0.1022
17	3	0.5463	1	1	-0.1339
17	3	0.4031	0	1	-0.5948
17	3	1.751	0	0	0.1307
17	3	0.1188	0	0	0.6726
17	3	0.1308	0	0	-0.08047
17	3	5.511	1	1	0.6438
17	3	0.8115	0	0	1.182
17	3	0.2582	0	1	1.166
17	3	1.142	1	1	-0.02069
17	3	0.2749	1	1	-1.063
17	3	0.7899	0	0	-0.0864
18	3	1.634	0	0	-1.253
18	3	5.088	0	0	-0.4768
18	3	2.046	1	1	-0.6699
18	3	0.6385	0	1	-0.9774
18	3	5.716	1	1	-0.842
18	3	5.804	0	0	-0.6204
18	3	0.3723	0	1	-1.385
18	3	1.807	1	1	0.2553
18	3	0.4582	1	1	-0.6281
18	3	0.9618	1	1	-0.6073
18	3	5.31	0	0	-0.2751
18	3	1.935	0	0	-0.9225
18	3	0.8507	1	1	-0.7471
18	3	0.6497	1	1	0.4599
18	3	0.3162	0	0	-1.694
18	3	0.1341	0	0	0.3682
18	3	5.317	1	1	-0.9652
18	3	2.01	0	1	0.1459
18	3	0.09504	0	0	0.4137
18	3	1.585	0	0	-0.3713
18	3	5.406	1	1	-0.6249
18	3	0.8148	1	1	-1.903
18	3	0.4614	1	1	-1.133
18	3	0.1768	1	0	-1.239
18	3	2.281	1	0	0.8869
18	3	5.509	1	1	1.314
18	3	0.814	1	1	1.19
18	3	0.2514	0	0	0.3678
18	3	0.4095	1	0	1.098
18	3	0.486	1	1	-0.7772
18	3	0.9463	0	0	-0.4636
18	3	0.9204	1	1	1.496
18	3	1.826	0	0	1.043
18	3	5.394	0	0	-1.559
18	3	5.361	1	1	0.003145
18	3	0.8912	1	1	-0.3969
18	3	0.7639	1	0	2.246
18	3	0.2506	1	0	-0.4606
18	3	0.5045	0	0	1.476
18	3	0.9289	1	0	-1.005
18	3	1.635	0	1	0.5717
18	3	0.002523	1	1	-0.4839
18	3	0.6299	1	0	0.5913
18	3	2.101	0	0	-1.632
18	3	5.731	1	1	0.1741
18	3	0.5929	0	1	0.05741
18	3	0.1708	0	1	-0.6706
18	3	0.5736	0	0	-0.2645
18	3	1.001	0	0	1.087
18	3	0.15	1	0	0.5924
19	3	0.3252	1	0	-0.1162
19	3	0.4094	1	1	-1.713
19	3	0.495	0	0	-1.098
19	3	0.06145	0	1	0.02081
19	3	0.2115	1	0	-0.8232
19	3	0.1077	0	1	-0.03156
19	3	1.201	1	1	0.1472
19	3	0.8115	0	1	0.641
19	3	1.878	0	0	-0.3784
19	3	0.7208	0	1	0.815
19	3	1.467	0	0	0.7043
19	3	0.2468	0	1	0.4333
19	3	0.09736	1	0	0.6196
19	3	5.825	0	0	-1.266
19	3	5.248	1	1	-0.961
19	3	1.981	0	0	-0.4435
19	3	0.3467	1	1	-0.8173
19	3	0.1742	1	1	0.2672
19	3	5.427	1	1	0.1046
19	3	1.871	1	0	0.306
19	3	5.557	1	1	0.5879
19	3	0.8708	0	0	0.4109
19	3	0.988	1	1	0.7358
19	3	0.401	1	1	0.9578
19	3	1.922	1	0	-0.6355
19	3	0.4363	0	1	0.9585
19	3	1.683	0	0	-0.0924
19	3	0.7683	0	0	-0.178
19	3	5.279	1	1	1.166
19	3	0.1054	0	1	-0.1795
19	3	1.727	0	1	-0.1975
19	3	0.5358	0	0	1.414
19	3	0.07346	1	0	2.098
19	3	0.3345	0	0	0.001134
19	3	0.5901	1	1	0.6727
19	3	1.668	0	0	0.8039
19	3	0.7249	0	1	0.4139
19	3	5.544	1	1	0.7211
19	3	1.675	1	1	0.2914
19	3	0.9871	1	1	0.5977
19	3	1.786	1	1	1.122
19	3	5.374	1	1	0.08711
19	3	0.6142	0	0	0.02342
19	3	0.8304	0	0	-0.9058
19	3	0.1248	1	0	-0.278
19	3	5.516	0	0	1.161
19	3	5.67	1	1	-0.4659
19	3	0.9307	0	0	-0.3448
19	3	0.2833	0	0	0.1855
20	4	0.3533	0	1	-0.1176
20	4	3.569	0	0	0.9736
20	4	0.8141	0	0	0.2535
20	4	3.349	1	1	-0.3124
20	4	0.3119	0	0	0.4209
20	4	3.492	0	0	0.7402
20	4	0.07414	1	1	0.009212
20	4	0.6277	1	0	-0.1841
20	4	0.3317	0	1	0.4327
20	4	0.1064	0	1	0.8812
20	4	0.2078	0	1	0.1533
20	4	0.1218	1	1	1.726
20	4	0.9809	0	1	0.8566
20	4	0.3208	0	0	-0.887
20	4	0.0156	0	0	-0.5447
20	4	1.107	0	0	-1.346
20	4	1.067	1	1	-1.891
20	4	0.5506	1	1	-3.413
20	4	0.6434	1	0	-0.7464
20	4	0.2369	1	0	-0.7991
20	4	0.04723	1	1	-0.4095
20	4	0.2365	0	1	1.523
20	4	0.8064	1	0	-0.01809
20	4	1.227	0	0	0.06079
20	4	0.1478	1	0	-0.2703
20	4	3.976	1	1	1.636
20	4	0.2203	1	0	-1.766
20	4	0.1401	0	1	0.2944
20	4	1.073	1	0	-0.4896
20	4	3.886	1	1	-0.2574
20	4	0.1386	1	0	0.04247
20	4	3.541	1	1	-0.5465
20	4	0.2805	0	0	0.2912
20	4	0.4456	0	0	-0.947
20	4	0.6727	1	0	-0.2247
20	4	0.9726	0	0	-0.8494
20	4	1.31	0	0	0.5028
20	4	0.8898	0	0	0.1899
20	4	3.672	0	0	-0.7325
20	4	0.07512	0	0	-1.158
20	4	1.129	1	1	1.152
20	4	0.4856	0	1	-3.183
20	4	0.1779	1	0	-0.7928
20	4	0.06616	1	1	0.992
20	4	0.1915	0	0	0.8922
20	4	3.706	1	1	0.3677
20	4	0.02154	1	0	0.418
20	4	0.08916	1	0	-0.3814
20	4	3.872	0	0	1.869
20	4	3.839	0	0	-0.8144
21	4	0.02812	0	0	-1.248
21	4	0.9581	0	0	-0.5479
21	4	0.2965	0	0	0.9713
21	4	0.397	1	1	0.6849
21	4	3.417	1	1	-0.2268
21	4	0.04926	0	1	0.09811
21	4	3.483	1	1	0.3969
21	4	0.2394	1	1	0.2073
21	4	3.929	1	1	-0.907
21	4	0.9489	1	0	-0.4532
21	4	0.3263	0	1	0.6991
21	4	1.177	1	1	0.4376
21	4	0.5518	0	0	0.3458
21	4	0.7525	1	1	-0.04885
21	4	0.1038	0	1	-0.5262
21	4	0.5489	1	1	1.625
21	4	0.2375	1	1	-0.2119
21	4	3.643	0	0	-0.5939
21	4	0.8095	1	1	1.009
21	4	0.3351	1	0	-0.2286
21	4	0.6316	0	1	0.7061
21	4	0.1779	0	0	-0.7102
21	4	3.257	0	0	-1.143
21	4	0.4661	1	1	-0.6932
21	4	0.03448	0	1	0.5187
21	4	1.055	0	0	1.091
21	4	0.09649	1	0	-1.214
21	4	0.9037	1	1	-1.104
21	4	0.794	1	1	0.07298
21	4	0.1922	0	1	-0.3903
21	4	0.2111	1	0	-0.7663
21	4	3.513	1	1	-0.5842
21	4	0.2951	1	0	-0.37
21	4	0.009077	1	0	0.3546
21	4	0.618	1	1	0.7982
21	4	0.6195	0	1	-0.1029
21	4	1.202	0	0	0.4126
21	4	0.2192	0	1	0.8375
21	4	0.558	1	1	-0.2725
21	4	0.1997	0	1	1.822
21	4	0.1419	0	0	-1.031
21	4	0.6934	0	1	1.845
21	4	3.656	0	0	0.8117
21	4	3.795	0	0	-0.5077
21	4	3.447	1	1	0.09495
21	4	0.6224	0	0	1.28
21	4	0.1974	0	1	-0.4343
21	4	3.686	0	0	-0.2162
21	4	0.1201	1	0	0.4624
21	4	0.2994	0	0	1.487
22	4	0.4576	0	1	-1.804
22	4	0.6775	0	0	-0.2697
22	4	0.8159	0	0	0.6544
22	4	0.1278	1	1	-1.508
22	4	0.03704	0	1	1.535
22	4	0.1923	0	1	-1.29
22	4	3.948	0	0	1.293
22	4	0.7122	1	1	0.09942
22	4	0.3817	1	1	0.3059
22	4	0.4643	0	0	-0.9074
22	4	0.04462	0	1	0.2584
22	4	0.1421	1	0	0.3767
22	4	3.634	1	1	1.021
22	4	0.1091	0	1	-0.7315
22	4	0.2351	0	1	-0.5318
22	4	0.9952	1	0	1.245
22	4	3.485	1	1	1.022
22	4	0.1952	0	0	2.092
22	4	0.3201	1	1	-1.174
22	4	0.2413	0	1	-0.03901
22	4	0.8811	0	1	-1.314
22	4	0.4605	1	0	0.8471
22	4	0.2587	0	1	-0.3168
22	4	0.3603	0	0	0.5361
22	4	0.4846	1	1	0.3497
22	4	0.2538	0	1	-0.9616
22	4	0.4492	1	1	1.404
22	4	3.701	1	1	0.04602
22	4	0.9357	1	1	-1.703
22	4	3.868	0	1	1.881
22	4	0.3068	1	1	-1.078
22	4	3.737	1	1	1.088
22	4	0.9474	1	1	0.6001
22	4	0.4485	0	0	-0.2232
22	4	0.3519	0	0	0.636
22	4	0.8304	0	0	-0.4084
22	4	0.2886	0	0	-1.578
22	4	3.47	0	0	-0.6269
22	4	0.1685	0	1	0.0007233
22	4	0.2272	0	0	1.097
22	4	0.8023	1	1	0.5688
22	4	3.695	1	1	-0.2229
22	4	0.2528	0	0	-0.8615
22	4	0.8011	1	0	0.007198
22	4	0.1402	1	1	1.493
22	4	0.4782	1	0	-0.7942
22	4	0.3599	1	0	0.37
22	4	3.765	1	1	-1.323
22	4	3.559	1	1	0.8629
22	4	0.386	1	1	0.9236
23	4	0.6949	0	0	0.9182
23	4	0.01253	1	0	-0.391
23	4	0.2497	0	1	0.8048
23	4	3.658	1	1	-0.8367
23	4	0.272	1	1	0.7983
23	4	3.285	1	1	0.5636
23	4	3.523	1	1	-0.8068
23	4	3.699	1	1	-1.074
23	4	0.4304	1	0	0.2483
23	4	0.5893	0	0	0.5585
23	4	0.08042	1	0	0.9179
23	4	0.7867	0	0	1.636
23	4	3.82	1	1	0.6582
23	4	0.2772	0	0	1.434
23	4	3.576	0	0	1.19
23	4	0.3154	1	0	1.397
23	4	0.2719	0	0	1.137
23	4	0.1605	0	0	0.273
23	4	0.9504	1	0	0.4225
23	4	0.7693	0	0	1.126
23	4	0.6043	1	1	0.7903
23	4	0.237	0	0	-0.8746
23	4	0.12	0	0	1.354
23	4	0.2952	1	1	1.653
23	4	0.0672	0	1	-0.9564
23	4	3.99	0	0	1.079
23	4	0.3919	0	0	0.7287
23	4	0.2535	0	0	0.09146
23	4	3.359	0	0	1.048
23	4	0.5621	0	1	-0.6794
23	4	0.09881	1	0	0.1456
23	4	0.05091	0	1	-0.2018
23	4	1.058	1	0	0.52
23	4	0.1583	1	0	-0.4582
23	4	0.7953	0	0	0.4597
23	4	0.1588	1	0	1.43
23	4	0.6332	1	1	-0.1599
23	4	3.526	1	1	1.138
23	4	0.9437	1	1	1.699
23	4	0.4919	0	1	-0.765
23	4	0.2669	1	1	2.434
23	4	0.01014	1	1	3.584
23	4	3.61	1	1	-0.03509
23	4	0.2818	0	0	-0.4093
23	4	0.4934	0	0	1.269
23	4	0.7718	1	1	0.3296
23	4	0.2771	1	0	2.509
23	4	0.4527	0	1	2.715
23	4	0.5821	1	1	1.686
23	4	0.1134	0	1	0.7776
24	4	3.604	1	0	-0.8277
24	4	0.7012	0	1	1.212
24	4	0.5372	0	1	2.18
24	4	0.2535	0	1	0.2885
24	4	0.6079	1	0	-0.01332
24	4	0.658	0	1	-0.164
24	4	0.02261	0	1	0.8054
24	4	0.5179	0	0	-0.265
24	4	0.9659	0	0	1.213
24	4	0.1122	1	0	1.479
24	4	0.3203	1	1	-0.6456
24	4	0.2601	1	1	2.054
24	4	0.7244	0	0	1.731
24	4	0.3428	1	0	-1.096
24	4	3.911	0	0	-0.7256
24	4	0.562	1	0	1.133
24	4	3.572	1	1	-0.1766
24	4	0.3482	1	0	1.52
24	4	0.3013	0	1	0.7899
24	4	0.3611	0	1	2.354
24	4	0.7113	0	0	0.1044
24	4	1.203	0	1	2.044
24	4	0.9828	1	1	1.01
24	4	0.1829	1	1	1.069
24	4	1.141	1	1	0.6413
24	4	0.4787	1	1	-0.3024
24	4	0.5254	0	0	1.58
24	4	0.6557	1	0	-0.3418
24	4	0.3645	1	0	0.1078
24	4	1.116	1	0	0.9159
24	4	3.847	0	0	0.528
24	4	0.3884	0	0	1.468
24	4	3.613	1	1	0.5286
24	4	0.3657	0	0	-0.8716
24	4	0.3203	1	1	-0.2267
24	4	3.813	0	0	1.201
24	4	0.4581	0	0	0.4743
24	4	3.553	1	1	-0.3923
24	4	3.701	0	0	-0.6307
24	4	0.1463	0	0	0.5288
24	4	0.5125	1	0	1.867
24	4	0.313	0	1	0.8903
24	4	0.4555	0	0	0.04016
24	4	0.05888	1	1	1.823
24	4	0.5004	1	0	0.3746
24	4	3.607	1	1	0.5375
24	4	0.09715	0	1	-0.4013
24	4	0.07638	1	1	2.36
24	4	3.419	0	0	1.513
24	4	0.07516	0	0	2.225
25	4	3.563	0	0	-1.456
25	4	0.2834	1	0	1.348
25	4	0.6167	0	1	0.4944
25	4	0.5428	1	1	-0.3639
25	4	0.004956	0	1	0.3093
25	4	0.01048	0	0	1.056
25	4	0.7383	0	1	0.8927
25	4	0.0673	0	0	0.7432
25	4	0.2491	1	1	0.2326
25	4	0.05598	1	1	-0.1908
25	4	0.0109	1	1	0.2288
25	4	3.425	1	1	-0.7044
25	4	0.4188	1	1	-1.742
25	4	0.03843	0	0	-0.8058
25	4	0.05537	1	0	-0.5233
25	4	0.7563	0	1	-0.6523
25	4	3.539	1	1	4.318
25	4	0.3561	0	1	-0.7061
25	4	0.3967	1	1	2.034
25	4	3.648	0	0	-0.2898
25	4	3.336	0	0	0.6933
25	4	0.1721	1	0	0.8489
25	4	0.4317	0	0	0.3956
25	4	0.09417	1	1	-0.8528
25	4	1.042	1	1	0.2836
25	4	0.1707	0	1	-1.096
25	4	0.3218	0	0	1.374
25	4	0.9422	1	1	-0.317
25	4	0.7481	0	1	0.4064
25	4	3.949	0	0	-1.14
25	4	0.7301	1	1	0.2883
25	4	1.002	0	0	-0.4036
25	4	0.6756	1	0	-0.8464
25	4	0.763	0	1	0.804
25	4	0.6795	1	1	-0.1374
25	4	0.7039	1	1	0.6327
25	4	0.4683	0	0	1.683
25	4	1.177	1	1	0.1088
25	4	3.559	1	1	1.292
25	4	4.106	0	0	1.298
25	4	0.489	0	1	0.7141
25	4	3.917	1	1	0.09925
25	4	0.128	1	1	-0.2971
25	4	0.328	1	1	1.403
25	4	0.0002003	1	0	-1.625
25	4	0.4661	1	0	0.4519
25	4	0.3061	1	0	0.8945
25	4	3.614	0	0	0.6343
25	4	0.5922	0	1	0.1606
25	4	0.8951	1	1	0.9028
26	4	1.023	1	1	-0.3607
26	4	0.4958	0	1	0.07655
26	4	0.3474	0	1	0.6642
26	4	3.833	0	0	0.2918
26	4	0.1326	0	1	0.2314
26	4	0.03182	0	0	-0.3488
26	4	0.02622	0	1	-1.028
26	4	0.0409	0	0	0.3882
26	4	1.132	0	1	0.02887
26	4	0.8496	1	0	0.2493
26	4	3.064	0	1	1.264
26	4	0.449	0	0	0.8824
26	4	3.816	1	0	1.193
26	4	0.2533	1	1	0.634
26	4	1.153	1	1	0.4201
26	4	1.025	1	1	0.1617
26	4	3.601	1	1	0.4687
26	4	1.166	1	0	-0.2933
26	4	3.602	0	0	0.8299
26	4	0.8075	1	1	0.3834
26	4	0.2454	1	1	0.9843
26	4	0.03611	1	1	1.508
26	4	0.5798	1	1	0.5282
26	4	0.2079	0	1	0.9557
26	4	3.672	1	0	1.803
26	4	0.09593	0	1	0.4749
26	4	0.07384	1	0	-0.1166
26	4	0.4265	1	1	1.255
26	4	3.882	0	0	0.4575
26	4	0.6152	0	0	0.7677
26	4	0.4211	1	1	-0.545
26	4	0.05932	0	1	0.02431
26	4	0.3288	1	1	-0.02457
26	4	0.1441	0	0	-0.2176
26	4	3.731	0	0	0.2419
26	4	0.01862	0	1	0.2169
26	4	3.099	1	1	1.668
26	4	0.4403	1	1	-0.6959
26	4	0.4145	1	0	-0.4609
26	4	0.2598	1	1	0.4704
26	4	0.4081	0	1	-0.283
26	4	0.8371	1	1	0.049
26	4	0.4814	1	0	-0.4109
26	4	0.144	1	0	1.19
26	4	0.7988	1	1	-0.3654
26	4	1.111	1	1	0.2925
26	4	0.1808	0	0	-0.05991
26	4	0.3113	0	1	2.157
26	4	3.332	0	0	1.35
26	4	0.03812	0	1	0.9205
27	4	3.623	1	1	-1.594
27	4	1.253	0	0	-1.163
27	4	0.7576	1	0	1.172
27	4	0.6158	1	0	-0.5125
27	4	0.7246	1	1	0.1957
27	4	0.4475	1	1	-0.8229
27	4	0.00792	0	1	-0.5277
27	4	0.4408	0	1	-0.4259
27	4	3.655	1	1	1.245
27	4	0.1863	0	1	-0.2698
27	4	0.1949	0	1	0.0003623
27	4	3.853	0	0	-0.6776
27	4	0.6613	0	0	-0.1702
27	4	0.1014	0	0	2.641
27	4	3.564	0	0	0.6815
27	4	0.9905	1	1	0.4231
27	4	0.6434	0	0	-0.09494
27	4	0.7898	1	0	-0.7335
27	4	0.3268	1	1	-0.6819
27	4	3.397	1	1	0.5879
27	4	0.0121	0	0	-0.1556
27	4	0.1954	0	1	-0.187
27	4	0.1188	0	0	0.2291
27	4	0.3523	0	1	1.416
27	4	3.524	0	0	0.09816
27	4	0.2613	0	0	0.009326
27	4	0.5792	0	1	0.1483
27	4	3.533	0	0	-0.1249
27	4	0.1933	1	1	-1.049
27	4	0.1121	1	0	-0.889
27	4	0.0915	1	0	1.325
27	4	0.2632	1	0	1.14
27	4	0.92	0	1	-0.123
27	4	0.9328	1	1	2.541
27	4	0.02541	1	0	2.621
27	4	3.411	1	1	0.385
27	4	3.488	0	1	-0.1636
27	4	0.7554	1	1	0.09875
27	4	0.8621	1	1	0.5648
27	4	0.1778	1	0	-1.419
27	4	0.03049	1	0	-0.524
27	4	0.9833	0	0	1.366
27	4	0.07079	0	1	-0.8398
27	4	0.3786	0	0	1.323
27	4	3.769	1	1	1.173
27	4	0.6215	0	1	-1.135
27	4	0.1981	0	0	0.231
27	4	0.4848	1	0	-2.106
27	4	0.22	1	1	0.1414
27	4	0.5243	0	1	0.3861
28	4	0.9054	0	0	-1.034
28	4	3.55	0	0	-0.338
28	4	0.9913	1	0	0.5933
28	4	0.1777	0	0	1.009
28	4	3.411	1	1	0.0637
28	4	3.667	0	0	-0.1567
28	4	0.4381	0	1	0.2854
28	4	1.081	1	1	0.1342
28	4	0.04856	0	1	0.417
28	4	0.4056	1	0	0.3288
28	4	3.585	0	0	0.4763
28	4	1.013	0	1	-0.5323
28	4	0.2207	1	0	0.4727
28	4	0.2599	1	1	0.07345
28	4	0.1314	0	0	-0.9502
28	4	0.05756	0	1	0.7901
28	4	3.774	1	0	0.3051
28	4	1.052	0	0	0.9699
28	4	0.4942	0	0	0.5822
28	4	1.132	0	1	0.09509
28	4	3.421	1	1	0.2107
28	4	0.3612	1	1	-0.3622
28	4	0.5741	1	1	0.4566
28	4	0.657	1	1	-0.3759
28	4	1.305	1	1	0.1489
28	4	3.466	1	1	-0.3529
28	4	0.4763	1	1	-0.8476
28	4	0.3524	0	1	0.4225
28	4	0.004284	0	0	-0.01814
28	4	0.07385	1	0	0.9331
28	4	0.6734	0	0	-0.4764
28	4	0.3044	1	0	0.5453
28	4	1.117	0	0	-0.05198
28	4	3.561	0	0	1.174
28	4	3.398	1	1	0.485
28	4	0.4944	1	0	0.6362
28	4	0.02804	1	0	0.4557
28	4	0.2107	0	1	0.4201
28	4	0.3628	0	1	0.8141
28	4	0.6916	1	0	-0.6864
28	4	0.8737	0	1	0.2472
28	4	0.1346	1	1	0.1218
28	4	0.1844	1	0	0.1621
28	4	0.9732	0	0	0.2326
28	4	3.504	1	1	0.6368
28	4	0.108	0	1	0.5194
28	4	0.2724	1	0	1.017
28	4	0.0368	0	1	0.9744
28	4	0.6769	0	0	2.312
28	4	0.04427	0	0	0.5067
29	4	0.07666	0	1	0.3261
29	4	0.5272	1	0	-0.1891
29	4	0.1849	0	1	1.026
29	4	0.1249	1	0	1.901
29	4	0.2096	1	1	-0.6515
29	4	0.2402	1	1	0.5872
29	4	0.5772	1	1	-0.387
29	4	0.7012	0	1	2.245
29	4	3.685	0	0	-0.04819
29	4	0.7573	0	0	-0.3607
29	4	0.2701	0	1	-0.0967
29	4	0.8145	0	1	1.871
29	4	0.2599	0	0	1.009
29	4	0.2189	1	1	0.1297
29	4	3.317	0	0	-0.9819
29	4	4.067	1	1	-0.42
29	4	1.057	0	0	-1.15
29	4	0.1117	1	1	0.8395
29	4	0.1009	0	0	1.086
29	4	3.332	1	1	-0.1045
29	4	1.072	1	1	0.4373
29	4	3.81	1	0	-0.1785
29	4	0.4738	0	0	-1.282
29	4	0.754	1	0	-1.248
29	4	0.1596	1	0	1.092
29	4	0.8214	1	1	0.239
29	4	0.541	0	0	0.5882
29	4	1.075	0	0	-0.5484
29	4	0.629	0	0	-0.06421
29	4	3.625	1	1	0.9293
29	4	0.2211	0	1	-0.06773
29	4	0.8824	0	0	-0.2794
29	4	0.03861	0	1	1.079
29	4	0.121	1	1	0.3568
29	4	0.2742	0	0	0.3532
29	4	0.02161	1	1	1.447
29	4	0.6368	0	1	0.4689
29	4	0.1631	0	0	1.035
29	4	3.652	1	0	0.1874
29	4	0.7294	1	1	-0.5686
29	4	0.6744	1	1	0.1002
29	4	1.073	1	1	-1.369
29	4	3.653	1	1	-0.7677
29	4	0.4527	0	0	-0.3405
29	4	0.6199	0	0	-1.008
29	4	0.2132	1	0	0.8661
29	4	3.589	0	0	-0.2001
29	4	3.453	1	0	0.2432
29	4	0.2271	0	1	0.3353
29	4	0.5084	0	1	0.4846
30	5	0.3527	0	1	-1.66
30	5	3.567	0	0	-1.439
30	5	0.8131	0	0	-0.7215
30	5	3.362	1	0	0.4007
30	5	0.3082	0	1	-0.7002
30	5	3.494	0	0	0.9803
30	5	0.07878	1	1	0.876
30	5	0.6286	1	1	-1.843
30	5	0.3306	0	0	-0.1523
30	5	0.1038	0	1	1.637
30	5	0.207	0	0	-1.088
30	5	0.1255	1	0	0.2473
30	5	0.9806	0	1	0.4311
30	5	0.3207	0	0	1.367
30	5	0.01567	0	0	-0.7218
30	5	1.104	0	0	-1.025
30	5	1.064	1	1	-1.341
30	5	0.5486	1	0	0.3742
30	5	0.6367	1	0	1.481
30	5	0.2378	1	1	-1.547
30	5	0.04287	1	1	0.1713
30	5	0.2358	0	1	0.03527
30	5	0.8032	1	0	0.04698
30	5	1.226	0	1	0.4884
30	5	0.1455	1	1	1.506
30	5	3.978	1	1	0.01686
30	5	0.2206	1	0	-0.5797
30	5	0.1435	0	0	0.1733
30	5	1.075	1	0	-2.576
30	5	3.888	1	1	0.2499
30	5	0.141	1	1	-0.1487
30	5	3.541	1	1	-0.2146
30	5	0.2799	0	0	-1.807
30	5	0.4564	0	0	0.4243
30	5	0.669	1	0	-1.125
30	5	0.9703	0	0	0.1211
30	5	1.311	0	0	-1.262
30	5	0.8917	0	0	0.2479
30	5	3.673	0	0	-1.219
30	5	0.07422	0	1	-0.6845
30	5	1.128	1	1	1.511
30	5	0.4892	0	0	0.04951
30	5	0.1787	1	0	-0.5632
30	5	0.06458	1	0	1.257
30	5	0.1901	0	1	0.1783
30	5	3.711	1	0	1.628
30	5	0.01906	1	1	0.3138
30	5	0.08797	1	0	-0.04376
30	5	3.879	0	0	-1.376
30	5	3.841	0	0	-0.2264
31	5	0.03075	0	1	0.9016
31	5	0.9564	0	0	0.2923
31	5	0.2998	0	0	-0.6996
31	5	0.3986	1	0	1.701
31	5	3.416	1	1	0.7698
31	5	0.05059	0	1	0.4592
31	5	3.484	1	1	0.6487
31	5	0.2412	1	0	-1.247
31	5	3.928	1	1	-0.6322
31	5	0.9449	1	0	-1.368
31	5	0.3253	0	1	2.554
31	5	1.176	1	0	2.12
31	5	0.5499	0	1	0.1785
31	5	0.7556	1	0	1.822
31	5	0.09987	0	1	-0.7108
31	5	0.5468	1	1	0.04211
31	5	0.2357	1	1	0.4199
31	5	3.647	0	0	-0.6154
31	5	0.8088	1	0	2.021
31	5	0.3315	1	0	2.131
31	5	0.6363	0	1	1.246
31	5	0.1793	0	1	0.01259
31	5	3.258	0	0	-0.1582
31	5	0.4674	1	0	0.881
31	5	0.0326	0	0	-0.03455
31	5	1.052	0	0	0.04206
31	5	0.0978	1	1	-0.3467
31	5	0.9017	1	1	-0.6635
31	5	0.7966	1	1	0.9004
31	5	0.1924	0	1	-0.2544
31	5	0.2099	1	0	0.2398
31	5	3.513	1	1	0.7222
31	5	0.2981	1	0	-0.09307
31	5	0.009243	1	0	-0.06237
31	5	0.6173	1	1	0.7464
31	5	0.6187	0	1	0.1181
31	5	1.203	0	0	1.313
31	5	0.2206	0	0	2.09
31	5	0.5629	1	0	0.3883
31	5	0.1994	0	1	1.225
31	5	0.1449	0	0	-0.4742
31	5	0.6936	0	1	0.04742
31	5	4.038	0	0	-0.4298
31	5	3.799	0	0	-1.036
31	5	3.355	1	1	-0.1635
31	5	0.1997	0	1	0.3122
31	5	0.3772	0	0	1.499
31	5	3.716	0	0	0.9756
31	5	0.4616	1	1	0.03986
31	5	0.1832	1	1	1.848
32	5	0.7324	0	1	-1.311
32	5	0.3763	0	0	-0.4453
32	5	0.8939	0	0	0.205
32	5	0.3131	1	0	-2.287
32	5	0.09392	0	1	0.321
32	5	0.4397	1	1	0.4354
32	5	3.579	0	0	2.017
32	5	0.9896	1	1	0.2563
32	5	0.1852	1	1	-0.4805
32	5	0.5678	0	1	0.3574
32	5	0.2251	1	1	0.1725
32	5	0.2112	1	0	1.308
32	5	3.624	1	1	-0.09133
32	5	0.3188	0	1	1.912
32	5	0.1996	0	0	0.7892
32	5	0.8913	1	0	0.8207
32	5	3.914	1	0	0.2703
32	5	0.2643	0	0	1.193
32	5	0.9146	1	0	4.336
32	5	0.6816	0	1	0.4164
32	5	0.9364	0	1	0.3304
32	5	0.1001	0	1	3.15
32	5	0.5427	0	0	2.605
32	5	0.01981	1	0	1.068
32	5	0.08691	1	1	-0.3761
32	5	0.6713	0	1	-0.864
32	5	0.5471	1	1	0.6754
32	5	4.135	1	1	2.161
32	5	1.016	1	1	0.2399
32	5	3.357	0	1	1.256
32	5	0.0232	1	0	-0.3785
32	5	3.867	1	1	0.2038
32	5	0.922	1	0	4.933
32	5	0.2675	0	1	0.8295
32	5	0.351	0	0	0.4594
32	5	0.9639	0	0	-0.3383
32	5	0.2456	0	0	1.077
32	5	3.882	0	0	0.4415
32	5	0.3343	0	0	1.979
32	5	0.3229	0	1	0.8973
32	5	0.9091	1	1	0.05814
32	5	3.828	1	1	-0.3475
32	5	0.2452	0	0	0.5129
32	5	0.802	1	0	0.1611
32	5	0.1411	1	1	-0.4035
32	5	0.4808	1	1	-0.611
32	5	0.3584	1	1	0.78
32	5	3.765	1	1	-0.4482
32	5	3.558	1	1	-0.53
32	5	0.3839	1	0	1.25
33	5	0.6881	0	0	-1.845
33	5	0.01065	1	0	0.3826
33	5	0.2489	0	0	-0.2156
33	5	3.659	1	1	-0.9188
33	5	0.2733	1	0	-0.3577
33	5	3.284	1	1	0.9701
33	5	3.528	1	1	-0.8022
33	5	3.698	1	1	0.1021
33	5	0.4348	1	1	-0.1299
33	5	0.5923	0	0	-1.072
33	5	0.08224	1	0	-0.6507
33	5	0.7864	0	1	1.152
33	5	3.821	1	1	0.4772
33	5	0.271	0	0	0.713
33	5	3.577	0	0	-0.0442
33	5	0.3161	1	1	-0.5035
33	5	0.275	0	0	0.3718
33	5	0.1649	0	0	1.31
33	5	0.9508	1	1	0.182
33	5	0.772	0	0	-0.4824
33	5	0.6039	1	0	0.4221
33	5	0.2375	0	1	1.777
33	5	0.1211	0	0	0.04173
33	5	0.2945	1	0	1.143
33	5	0.06788	0	0	-0.1788
33	5	3.992	0	0	-0.4342
33	5	0.3926	0	1	1.248
33	5	0.2559	0	0	-1.776
33	5	3.36	0	0	0.1993
33	5	0.5618	0	1	2.365
33	5	0.09587	1	0	-0.2885
33	5	0.05444	0	0	1.013
33	5	1.057	1	0	0.1122
33	5	0.1578	1	1	-0.2073
33	5	0.7966	0	1	-0.7138
33	5	0.1609	1	1	1.129
33	5	0.634	1	1	-0.8458
33	5	3.529	1	1	0.5051
33	5	0.947	1	1	-0.453
33	5	0.4967	0	0	-1.324
33	5	0.2626	1	1	-0.5626
33	5	0.008817	1	1	0.1723
33	5	3.606	1	1	-0.3515
33	5	0.2822	0	0	-0.8181
33	5	0.4941	0	0	0.7272
33	5	0.7709	1	1	0.6721
33	5	0.2766	1	1	-0.07888
33	5	0.4512	0	0	-0.5545
33	5	0.5816	1	0	-0.8224
33	5	0.1128	0	0	1.72
34	5	3.604	1	0	-1.553
34	5	0.701	0	1	1.143
34	5	0.538	0	1	1.405
34	5	0.2557	0	1	-0.541
34	5	0.6096	1	0	1.655
34	5	0.6564	0	1	-0.005034
34	5	0.02592	0	0	1.07
34	5	0.5208	0	1	-0.3631
34	5	0.9668	0	0	-0.5517
34	5	0.1036	1	1	0.8646
34	5	0.3209	1	1	-1.023
34	5	0.2613	1	1	0.7953
34	5	0.7197	0	0	-0.2424
34	5	0.3407	1	0	0.1226
34	5	3.911	0	0	-0.7821
34	5	0.5579	1	0	2.322
34	5	3.57	1	1	-0.6163
34	5	0.3562	1	1	0.01498
34	5	0.3013	0	1	0.9259
34	5	0.3599	0	0	0.087
34	5	0.7098	0	0	0.8934
34	5	1.204	0	1	0.2973
34	5	0.9788	1	0	0.9099
34	5	0.1803	1	0	0.07169
34	5	1.141	1	1	0.2422
34	5	0.4872	1	1	-1.542
34	5	0.5285	0	1	-0.753
34	5	0.6564	1	1	-0.6461
34	5	0.3618	1	1	1.41
34	5	1.112	1	1	-1.253
34	5	3.845	0	0	0.2139
34	5	0.3876	0	1	-0.4882
34	5	3.612	1	1	-0.4092
34	5	0.3603	0	1	-0.6302
34	5	0.3202	1	1	3.08
34	5	3.819	0	0	-0.1676
34	5	0.4579	0	0	-0.656
34	5	3.555	1	1	1.021
34	5	3.705	0	0	-0.791
34	5	0.1496	0	0	-0.04674
34	5	0.5109	1	0	0.9933
34	5	0.3136	0	1	0.7376
34	5	0.4559	0	1	0.4218
34	5	0.0587	1	0	-0.6049
34	5	0.4985	1	0	2.361
34	5	3.606	1	1	-0.7865
34	5	0.09784	0	0	2.028
34	5	0.07875	1	1	-1.008
34	5	3.422	0	0	-0.2704
34	5	0.07318	0	0	1.36
35	5	3.567	0	0	-0.4001
35	5	0.2855	1	0	0.1185
35	5	0.6137	0	1	-0.8564
35	5	0.5417	1	1	1.723
35	5	0.0002079	0	1	-1.255
35	5	0.01509	0	0	-0.1604
35	5	0.7459	0	0	0.9569
35	5	0.07086	0	1	0.9206
35	5	0.2497	1	1	-1.256
35	5	0.05413	1	0	-0.6445
35	5	0.01145	1	1	-1.191
35	5	3.425	1	1	-0.4228
35	5	0.4183	1	1	1.953
35	5	0.03635	0	0	-1.573
35	5	0.05377	1	0	-0.3703
35	5	0.7596	0	0	-1.426
35	5	3.538	1	1	0.5888
35	5	0.3576	0	0	-0.9488
35	5	0.3932	1	0	-1.167
35	5	3.649	0	0	-1.177
35	5	3.336	0	0	-1.333
35	5	0.1696	1	0	0.8221
35	5	0.4303	0	0	0.08586
35	5	0.09571	1	0	-0.1304
35	5	1.042	1	0	-0.4069
35	5	0.1716	0	1	-0.8238
35	5	0.3208	0	0	-0.07099
35	5	0.9426	1	1	-0.7301
35	5	0.7488	0	1	0.1558
35	5	3.946	0	0	-1
35	5	0.7314	1	1	0.5813
35	5	1.002	0	1	0.8638
35	5	0.672	1	0	0.4817
35	5	0.7597	0	1	-0.2922
35	5	0.6788	1	1	0.8277
35	5	0.7025	1	1	-0.2699
35	5	0.4668	0	0	3.045
35	5	1.178	1	0	0.4827
35	5	3.56	1	1	-1.226
35	5	4.107	0	0	0.2068
35	5	0.4895	0	1	0.958
35	5	3.921	1	1	0.3689
35	5	0.1291	1	1	0.5841
35	5	0.329	1	1	-0.4762
35	5	0.003599	1	1	1.335
35	5	0.465	1	1	-0.1346
35	5	0.3012	1	1	0.5353
35	5	3.613	0	0	0.6182
35	5	0.5951	0	1	4.718
35	5	0.8931	1	0	0.9745
36	5	1.02	1	1	-0.2994
36	5	0.4972	0	0	-2.092
36	5	0.3481	0	1	-1.151
36	5	3.835	0	0	-0.0822
36	5	0.1356	0	0	-0.8227
36	5	0.03298	0	0	0.07663
36	5	0.02651	0	0	-0.3779
36	5	0.04197	0	1	1.499
36	5	1.129	0	1	-0.3079
36	5	0.8536	1	0	-0.1122
36	5	3.07	0	0	-0.2119
36	5	0.4494	0	1	-0.5829
36	5	3.813	1	1	-0.5148
36	5	0.2578	1	1	-1.188
36	5	1.154	1	1	1.609
36	5	1.025	1	1	-1.056
36	5	3.604	1	1	-0.5053
36	5	1.171	1	1	-0.8468
36	5	3.602	0	0	0.2255
36	5	0.8058	1	0	0.4768
36	5	0.2467	1	0	-0.06207
36	5	0.0354	1	0	-0.2664
36	5	0.5797	1	1	-0.4065
36	5	0.2105	0	1	-0.7097
36	5	3.67	1	1	0.2022
36	5	0.09648	0	1	-0.3897
36	5	0.0742	1	0	1.11
36	5	0.4269	1	0	1.476
36	5	3.882	0	1	-0.4443
36	5	0.614	0	0	-0.7748
36	5	0.4208	1	0	-1.402
36	5	0.05911	0	1	-0.2398
36	5	0.3272	1	1	-0.9884
36	5	0.1464	0	0	-0.3055
36	5	3.735	0	0	0.03197
36	5	0.01471	0	1	0.4825
36	5	3.104	1	1	-0.693
36	5	0.4384	1	0	-0.6165
36	5	0.4149	1	0	0.8844
36	5	0.2609	1	1	1.937
36	5	0.4042	0	1	0.499
36	5	0.8365	1	1	-0.7656
36	5	0.4787	1	1	0.09983
36	5	0.1421	1	1	-0.414
36	5	0.8004	1	1	-0.2253
36	5	1.108	1	1	-0.1558
36	5	0.1803	0	0	-2.077
36	5	0.3072	0	1	-0.6766
36	5	3.33	0	0	0.5551
36	5	0.03712	0	1	-0.4658
37	5	3.62	1	0	0.9226
37	5	1.255	0	0	-1.015
37	5	0.757	1	1	-0.1336
37	5	0.6165	1	1	-0.5708
37	5	0.7289	1	1	0.3533
37	5	0.445	1	0	-1.444
37	5	0.007941	0	0	0.3067
37	5	0.4369	0	1	0.6217
37	5	3.658	1	1	1.646
37	5	0.191	0	1	1.106
37	5	0.1955	0	1	0.45
37	5	3.855	0	1	2.287
37	5	0.6599	0	0	0.2139
37	5	0.1029	0	0	-0.2971
37	5	3.568	0	0	0.1171
37	5	0.9897	1	1	-1.864
37	5	0.6459	0	1	-1.055
37	5	0.7913	1	0	0.2713
37	5	0.3247	1	1	0.05918
37	5	3.397	1	1	0.76
37	5	0.01425	0	1	-1.606
37	5	0.194	0	0	-1.036
37	5	0.1194	0	1	1.157
37	5	0.3505	0	0	0.2766
37	5	3.524	0	1	-0.106
37	5	0.2624	0	0	1.169
37	5	0.5746	0	0	-0.03659
37	5	3.533	0	0	0.2905
37	5	0.1907	1	1	0.6924
37	5	0.112	1	1	0.9672
37	5	0.09117	1	1	1.264
37	5	0.2619	1	0	0.8914
37	5	0.9231	0	1	-0.07815
37	5	0.9273	1	0	-0.339
37	5	0.02281	1	1	-0.4251
37	5	3.407	1	1	0.3525
37	5	3.49	0	0	-0.6838
37	5	0.7516	1	0	0.8466
37	5	0.8634	1	0	0.4403
37	5	0.1783	1	1	-1.235
37	5	0.02725	1	1	-0.9796
37	5	0.9815	0	0	-0.3367
37	5	0.06803	0	1	0.6308
37	5	0.3834	0	0	0.7712
37	5	3.768	1	1	0.764
37	5	0.6209	0	0	-0.303
37	5	0.2006	0	0	1.492
37	5	0.4832	1	0	-0.5536
37	5	0.2198	1	0	1.822
37	5	0.5228	0	1	1.04
38	5	0.9094	0	0	-1.185
38	5	3.555	0	0	-0.475
38	5	0.9888	1	0	-1.107
38	5	0.1804	0	1	-1.239
38	5	3.412	1	0	0.007884
38	5	3.668	0	0	-1.818
38	5	0.438	0	0	0.85
38	5	1.078	1	1	-0.982
38	5	0.05166	0	1	-1.551
38	5	0.4109	1	1	-0.4789
38	5	3.586	0	0	-1.763
38	5	1.014	0	0	-0.1561
38	5	0.2209	1	1	0.4675
38	5	0.2607	1	1	-0.0008615
38	5	0.1318	0	1	-0.8691
38	5	0.05649	0	1	0.02661
38	5	3.778	1	1	-1.065
38	5	1.047	0	0	0.5233
38	5	0.4949	0	0	0.5249
38	5	1.133	0	0	-1.716
38	5	3.417	1	1	0.9822
38	5	0.3647	1	1	-1.07
38	5	0.575	1	1	-1.001
38	5	0.66	1	1	-0.7776
38	5	1.306	1	0	-0.3902
38	5	3.468	1	1	-0.6759
38	5	0.4811	1	1	1.057
38	5	0.3533	0	1	0.4371
38	5	0.006705	0	0	-2.142
38	5	0.07568	1	1	1.478
38	5	0.6701	0	0	0.0661
38	5	0.3082	1	1	1.594
38	5	1.121	0	0	0.2179
38	5	3.563	0	0	-0.1148
38	5	3.404	1	1	-0.5819
38	5	0.4928	1	0	-1.555
38	5	0.03174	1	1	0.1909
38	5	0.2135	0	1	-0.9211
38	5	0.3592	0	1	0.2324
38	5	0.6891	1	0	-1.149
38	5	0.8729	0	0	-0.2651
38	5	0.1354	1	0	0.9657
38	5	0.1857	1	0	0.4704
38	5	0.9758	0	0	-0.7269
38	5	3.509	1	1	0.9088
38	5	0.1078	0	1	0.8034
38	5	0.2726	1	0	0.7161
38	5	0.03819	0	0	0.05752
38	5	0.6774	0	1	-0.025
38	5	0.0447	0	0	-0.03215
39	5	0.07508	0	0	-0.219
39	5	0.5247	1	1	-0.3479
39	5	0.1821	0	1	-1.227
39	5	0.1234	1	0	0.3796
39	5	0.2036	1	1	-0.7218
39	5	0.2412	1	1	0.1707
39	5	0.5775	1	0	0.281
39	5	0.7079	0	0	0.2
39	5	3.693	0	0	-0.8273
39	5	0.7567	0	0	-0.0796
39	5	0.2683	0	0	0.03429
39	5	0.8162	0	0	-0.6618
39	5	0.2609	0	0	0.1355
39	5	0.2167	1	0	0.5787
39	5	3.32	0	0	0.3445
39	5	4.067	1	1	-0.6331
39	5	1.06	0	1	0.6161
39	5	0.1113	1	0	1.937
39	5	0.103	0	0	0.7359
39	5	3.333	1	1	-0.4347
39	5	1.074	1	1	0.302
39	5	3.814	1	1	-1.618
39	5	0.4729	0	0	0.3689
39	5	0.752	1	1	0.4348
39	5	0.1566	1	1	-0.299
39	5	0.8199	1	0	-0.2312
39	5	0.5405	0	0	0.4273
39	5	1.08	0	1	2.092
39	5	0.6303	0	0	0.3641
39	5	3.625	1	1	-0.118
39	5	0.2197	0	1	0.804
39	5	0.8827	0	1	0.08192
39	5	0.03651	0	1	-0.4664
39	5	0.1261	1	1	0.9065
39	5	0.2729	0	1	0.4114
39	5	0.01926	1	0	1.148
39	5	0.6369	0	0	1.486
39	5	0.1617	0	0	1.08
39	5	3.656	1	1	-0.1253
39	5	0.7284	1	0	-0.398
39	5	0.6753	1	1	1.751
39	5	3.651	1	0	-0.3561
39	5	0.6206	0	1	0.6075
39	5	0.2098	1	1	-0.3685
39	5	3.592	0	0	-0.2881
39	5	3.451	1	1	1.253
39	5	0.2255	0	1	2.156
39	5	0.5091	0	1	-0.1177
40	6	0.353	0	0	0.5681
40	6	3.568	0	0	1.968
40	6	0.8135	0	0	-0.3431
40	6	3.349	1	1	-0.6682
40	6	0.3123	0	0	-0.7907
40	6	3.491	0	0	-0.7756
40	6	0.07195	1	0	-1.249
40	6	0.6277	1	0	0.2925
40	6	0.3313	0	1	-0.1512
40	6	0.1061	0	1	0.7195
40	6	0.2066	0	0	0.1466
40	6	0.1234	1	0	0.3717
40	6	0.9789	0	0	-1.36
40	6	0.3211	0	0	-0.1378
40	6	0.01661	0	0	-0.5976
40	6	1.108	0	0	-0.6159
40	6	1.067	1	0	-1.021
40	6	0.5505	1	1	0.3203
40	6	0.6356	1	0	-2.515
40	6	0.2365	1	0	-0.2321
40	6	0.04575	1	1	-0.1406
40	6	0.2352	0	1	-1.998
40	6	0.8043	1	0	-0.1802
40	6	1.227	0	0	-0.8168
40	6	0.1476	1	1	-1.641
40	6	3.976	1	1	1.225
40	6	0.2208	1	0	-1.758
40	6	0.1401	0	0	0.1322
40	6	1.073	1	0	-0.209
40	6	3.885	1	1	-0.6874
40	6	0.1397	1	0	-0.2907
40	6	3.542	1	1	0.7722
40	6	0.2805	0	1	0.8205
40	6	0.445	0	1	-0.3251
40	6	0.6693	1	0	-1.247
40	6	0.9728	0	0	-0.6831
40	6	1.31	0	0	-1.272
40	6	0.8901	0	0	0.02505
40	6	3.672	0	0	-0.07892
40	6	0.07703	0	1	-0.9127
40	6	1.129	1	1	0.685
40	6	0.4857	0	1	-1.117
40	6	0.1786	1	0	-0.01808
40	6	0.06668	1	0	0.8202
40	6	0.1891	0	1	-0.7802
40	6	3.708	1	0	-0.5052
40	6	0.02101	1	1	-1.675
40	6	0.08968	1	0	-1.69
40	6	3.873	0	1	-1.396
40	6	3.84	0	0	0.7782
41	6	0.02873	0	1	-2.06
41	6	0.9577	0	0	-0.7517
41	6	0.2968	0	0	-1.097
41	6	0.3991	1	1	-1.486
41	6	3.417	1	1	-1.099
41	6	0.0496	0	1	-0.5141
41	6	3.484	1	1	-0.002794
41	6	0.2381	1	1	-0.2977
41	6	3.929	1	1	-1.465
41	6	0.9475	1	1	-1.638
41	6	0.3261	0	0	-0.7227
41	6	1.176	1	0	-0.02492
41	6	0.5504	0	1	-1.13
41	6	0.7549	1	0	0.3078
41	6	0.1023	0	1	0.2938
41	6	0.5494	1	0	0.6961
41	6	0.2365	1	1	0.6204
41	6	3.643	0	0	-0.7723
41	6	0.8082	1	1	0.5356
41	6	0.3332	1	0	0.138
41	6	0.6333	0	1	0.3232
41	6	0.1776	0	0	-0.4901
41	6	3.257	0	0	0.223
41	6	0.4677	1	0	-0.6468
41	6	0.03467	0	1	1.479
41	6	1.055	0	0	0.2689
41	6	0.09772	1	1	1.847
41	6	0.9052	1	1	-0.5577
41	6	0.7949	1	1	-1.198
41	6	0.1908	0	1	-0.6215
41	6	0.2115	1	1	-0.03606
41	6	3.513	1	0	1.386
41	6	0.2951	1	1	-0.8045
41	6	0.01055	1	1	-0.3879
41	6	0.6183	1	1	0.6867
41	6	0.6177	0	1	-1.431
41	6	1.203	0	0	0.614
41	6	0.2211	0	0	-0.5755
41	6	0.5574	1	1	1.049
41	6	0.2015	0	1	1.663
41	6	0.142	0	0	2.704
41	6	0.6925	0	0	2.268
41	6	3.655	0	1	-0.3587
41	6	3.799	0	0	1.096
41	6	3.447	1	1	-0.3187
41	6	0.6232	0	1	0.6479
41	6	0.1984	0	0	-0.7848
41	6	3.685	0	0	0.2481
41	6	0.1212	1	0	-0.4747
41	6	0.2992	0	0	3.17
42	6	0.4579	0	1	-1.177
42	6	0.6776	0	0	0.1003
42	6	0.8162	0	0	0.0003788
42	6	0.1285	1	1	-2.128
42	6	0.03641	0	1	-1.065
42	6	0.1927	0	1	0.313
42	6	3.949	0	1	0.2056
42	6	0.7111	1	1	-1.809
42	6	0.3817	1	0	-0.1118
42	6	0.4647	0	1	0.2395
42	6	0.04384	0	0	0.1105
42	6	0.1419	1	1	-1.303
42	6	3.636	1	1	0.7705
42	6	0.109	0	1	-0.3546
42	6	0.2345	0	1	-0.8853
42	6	0.9951	1	0	0.5001
42	6	3.484	1	1	-0.4634
42	6	0.1948	0	1	1.536
42	6	0.3193	1	1	-0.1326
42	6	0.2413	0	1	-0.0361
42	6	0.8794	0	1	-0.6024
42	6	0.4609	1	1	0.2401
42	6	0.2582	0	0	0.4405
42	6	0.3629	0	1	-0.4625
42	6	0.485	1	1	1.905
42	6	0.2525	0	1	-0.3661
42	6	0.4503	1	0	-0.8569
42	6	3.7	1	1	1.068
42	6	0.9352	1	1	0.5602
42	6	3.867	0	0	1.143
42	6	0.3062	1	1	-1.457
42	6	3.736	1	1	0.3081
42	6	0.9476	1	0	-1.022
42	6	0.448	0	0	0.336
42	6	0.3509	0	1	0.05194
42	6	0.8315	0	1	-1.5
42	6	0.2884	0	0	0.4365
42	6	3.47	0	0	-1.296
42	6	0.1715	0	1	-0.5592
42	6	0.2277	0	0	1.34
42	6	0.8019	1	1	0.4601
42	6	3.695	1	1	0.2215
42	6	0.2519	0	0	0.7066
42	6	0.7997	1	1	0.02968
42	6	0.1397	1	1	0.4479
42	6	0.4806	1	1	-0.514
42	6	0.3601	1	0	1.023
42	6	3.764	1	1	0.4689
42	6	3.56	1	0	1.272
42	6	0.3854	1	1	-1.214
43	6	0.02934	0	0	-1.088
43	6	1.045	0	0	0.2377
43	6	3.794	1	1	-0.06229
43	6	0.09495	1	1	0.2906
43	6	1.119	0	1	-0.9959
43	6	3.549	0	0	0.1152
43	6	0.1478	0	1	-0.4375
43	6	0.2229	1	1	1.617
43	6	0.9873	0	0	-0.6136
43	6	3.431	1	1	-1.328
43	6	1.11	1	1	-1.864
43	6	0.1181	0	1	-1.205
43	6	0.7399	1	1	0.7127
43	6	0.5306	0	1	0.4129
43	6	1.071	1	0	0.9779
43	6	3.612	1	1	-2.342
43	6	3.571	0	0	-0.3614
43	6	0.4166	1	1	-0.7046
43	6	0.3055	0	0	-0.7292
43	6	0.919	0	0	0.7508
43	6	3.377	0	0	-1.69
43	6	0.3724	1	0	1.348
43	6	1.162	1	1	0.7856
43	6	4.094	0	0	1.303
43	6	0.9239	0	1	-0.1455
43	6	0.4799	1	0	0.02305
43	6	0.6162	1	1	1.206
43	6	0.2404	0	1	0.2737
43	6	0.6062	1	0	0.8992
43	6	0.608	0	0	-0.2485
43	6	0.04566	1	0	0.6838
43	6	0.2487	1	1	0.9329
43	6	0.2871	1	1	0.5281
43	6	0.4789	0	1	0.5474
43	6	0.3758	1	1	0.7098
43	6	0.06667	0	0	1.081
43	6	0.3477	1	1	-1.53
43	6	0.2326	1	1	-0.3263
43	6	0.2825	1	0	0.9162
43	6	3.64	1	1	-1.981
43	6	0.4564	0	1	-0.772
43	6	3.712	1	0	0.7035
43	6	0.6556	1	1	-0.875
43	6	0.2952	0	1	-0.8772
43	6	0.3078	0	0	0.1362
43	6	0.5212	1	0	0.4463
43	6	0.04378	0	0	0.692
43	6	0.3415	1	1	-1.374
43	6	0.4989	0	1	-0.7862
43	6	3.709	0	0	-0.7224
44	6	0.7068	1	0	0.4125
44	6	1.123	0	1	-2.015
44	6	0.3266	1	0	0.2003
44	6	0.2154	1	1	-0.484
44	6	0.6733	0	1	-0.7188
44	6	0.2246	0	1	0.3611
44	6	0.4962	1	0	0.8344
44	6	3.775	1	1	-0.3675
44	6	0.5936	0	1	-0.5363
44	6	3.738	0	0	0.2104
44	6	0.4678	1	1	-0.4445
44	6	3.443	1	1	-0.7354
44	6	0.0002985	1	1	-2.479
44	6	0.1031	0	1	-0.2495
44	6	0.7297	1	0	0.1429
44	6	0.03842	0	1	0.3016
44	6	3.626	0	0	-0.492
44	6	0.9117	1	1	-2.348
44	6	0.159	0	1	-0.7757
44	6	0.01268	0	0	0.8396
44	6	0.2759	1	1	0.6742
44	6	0.5223	1	1	0.03303
44	6	0.897	0	1	-0.2264
44	6	0.6748	1	1	-1.297
44	6	0.08055	1	1	-0.02238
44	6	0.4859	1	1	0.09191
44	6	3.756	0	0	-0.9893
44	6	3.491	0	0	-0.2668
44	6	3.416	0	0	-2.141
44	6	0.411	0	1	-0.8964
44	6	0.8743	0	1	-1.196
44	6	0.3364	1	0	-0.3356
44	6	0.5195	1	1	0.4419
44	6	3.836	0	0	-0.2298
44	6	0.2022	0	0	0.03897
44	6	3.624	0	1	-0.8981
44	6	0.4274	1	1	-0.1795
44	6	0.6133	0	0	-0.313
44	6	0.5302	0	1	-0.9011
44	6	1.002	1	0	0.9538
44	6	0.175	1	1	3.152
44	6	0.3819	1	1	-1.812
44	6	3.919	0	0	1.325
44	6	0.2341	0	0	-0.9891
44	6	0.402	0	0	-0.1197
44	6	0.06529	0	1	-1.111
44	6	0.7589	1	1	-0.9673
44	6	0.633	1	1	0.7134
44	6	0.4175	1	0	-1.128
44	6	0.3153	0	1	0.1624
45	6	0.5285	0	0	-0.4782
45	6	0.2165	0	0	-0.02821
45	6	0.5562	0	1	0.05073
45	6	3.255	1	1	-0.9521
45	6	0.08239	0	1	-0.4525
45	6	0.3613	0	1	-0.4357
45	6	0.01868	0	1	-0.7055
45	6	0.7764	0	1	-0.6539
45	6	3.675	1	1	-0.5213
45	6	0.002959	0	1	-0.1278
45	6	0.8113	0	1	-0.7586
45	6	3.896	1	0	0.08404
45	6	0.1562	0	1	-1.616
45	6	0.5781	0	1	-0.5314
45	6	0.2363	1	1	-0.9091
45	6	0.1591	1	1	0.2618
45	6	3.81	0	1	1.715
45	6	0.2251	1	1	-0.04331
45	6	0.0319	1	1	-0.3605
45	6	0.5429	0	1	-0.04383
45	6	0.1611	1	1	-2.352
45	6	0.3755	1	0	-0.5485
45	6	3.508	0	0	1.728
45	6	0.8426	1	1	0.02077
45	6	0.4322	0	1	-0.7163
45	6	3.831	0	1	-0.5351
45	6	1.06	1	1	0.1667
45	6	0.6627	0	0	1.327
45	6	1.311	1	0	-0.002927
45	6	0.2751	0	1	-0.435
45	6	0.3343	1	1	-0.9983
45	6	0.1366	1	1	-2.329
45	6	1.188	0	1	-0.5939
45	6	0.4992	1	1	0.1566
45	6	3.62	1	1	-0.6967
45	6	3.887	0	1	-0.8789
45	6	0.4362	0	0	-0.9111
45	6	0.03226	1	1	-0.5696
45	6	0.3796	0	1	-1.306
45	6	0.1877	1	0	-1.937
45	6	3.461	0	1	-2.23
45	6	0.712	0	0	-0.3161
45	6	0.4543	1	1	1.401
45	6	0.8896	0	1	-0.1154
45	6	1.14	1	1	0.238
45	6	0.1687	0	0	-1.596
45	6	3.571	0	0	0.3163
45	6	0.2726	0	1	0.2889
45	6	1.172	0	0	-1.04
45	6	0.9035	1	0	0.0009713
46	6	3.698	0	0	-2.603
46	6	0.1823	0	0	-1.487
46	6	0.248	1	0	-1.344
46	6	3.43	1	1	-1.621
46	6	0.7893	0	1	-2.093
46	6	0.03387	1	1	-0.7993
46	6	0.4565	0	1	0.312
46	6	0.1554	0	1	-1.147
46	6	1.197	0	0	0.8056
46	6	0.4526	0	0	-0.3578
46	6	0.184	1	1	-0.4397
46	6	3.982	1	1	-1.133
46	6	3.577	0	1	2.022
46	6	3.517	1	1	0.285
46	6	0.2937	0	1	-0.8706
46	6	0.3743	1	1	-0.696
46	6	3.587	0	0	0.4247
46	6	1.071	0	0	-1.46
46	6	0.02014	0	0	-1.548
46	6	0.1489	1	1	-0.06918
46	6	0.5283	0	1	-0.6943
46	6	0.3953	1	1	0.8468
46	6	1.219	0	1	0.1301
46	6	0.1534	0	1	1.418
46	6	0.02321	1	1	0.478
46	6	3.887	0	0	-1.518
46	6	0.09913	1	0	-0.3734
46	6	0.891	1	1	-1.243
46	6	3.829	0	0	-2.473
46	6	0.3364	0	1	1.607
46	6	0.03042	1	0	-0.7519
46	6	0.2029	1	0	1.559
46	6	3.975	0	0	0.23
46	6	1.037	1	1	-0.1118
46	6	0.1153	1	0	-0.5858
46	6	0.7552	1	1	0.9803
46	6	0.1923	1	1	-0.7555
46	6	0.9861	1	1	-0.4162
46	6	0.418	1	0	-0.04594
46	6	0.01582	0	1	-0.1732
46	6	0.0743	1	0	0.6559
46	6	0.2119	0	0	0.04669
46	6	3.633	0	0	-1.247
46	6	0.3107	0	0	2.805
46	6	0.7605	0	0	0.6598
46	6	1.029	1	1	-0.4728
46	6	0.2677	1	1	1.231
46	6	0.3476	1	1	0.7704
46	6	0.2354	1	0	-1.881
46	6	1.035	1	1	-0.4697
47	6	0.001407	0	1	-1.092
47	6	1.173	0	0	-1.618
47	6	3.634	1	1	-1.224
47	6	0.7084	0	1	-1.618
47	6	0.551	0	1	1.365
47	6	0.4912	0	0	-1.432
47	6	4.222	1	0	-0.9887
47	6	0.2097	0	1	-1.337
47	6	0.9316	0	1	0.461
47	6	1.147	1	1	-0.9197
47	6	0.1747	0	1	-0.1122
47	6	0.9452	0	0	-0.2652
47	6	3.77	1	1	0.002239
47	6	0.3103	1	1	-1.739
47	6	0.5184	1	1	0.3757
47	6	0.3792	1	0	-1.136
47	6	0.04158	1	1	-1.191
47	6	0.2032	0	0	-0.01176
47	6	3.394	1	1	0.3981
47	6	0.7283	0	0	0.09035
47	6	3.365	1	1	0.1086
47	6	0.5209	0	1	-0.6879
47	6	0.8687	1	1	-1.527
47	6	0.009089	0	1	0.05502
47	6	0.2239	1	1	0.7523
47	6	0.109	0	0	-1.156
47	6	0.2307	1	0	-0.329
47	6	3.842	1	1	-0.8269
47	6	0.0808	1	1	0.2646
47	6	3.772	1	1	0.3956
47	6	0.2779	0	1	-1.402
47	6	0.04437	1	0	-0.1299
47	6	0.6289	0	1	-0.5319
47	6	3.723	1	0	-0.5856
47	6	0.8818	0	1	0.5656
47	6	3.649	0	1	-0.2839
47	6	0.1336	1	0	-1.19
47	6	0.003654	1	1	1.237
47	6	0.2599	0	0	-0.8528
47	6	0.3059	1	0	0.1557
47	6	0.2213	0	1	1.328
47	6	0.1664	0	1	0.2978
47	6	4.068	1	1	-0.6509
47	6	0.2099	0	1	-0.1857
47	6	0.9988	0	0	0.4147
47	6	0.3886	1	0	-0.8896
47	6	0.0676	1	0	0.2382
47	6	0.9908	0	0	0.08066
47	6	0.4363	0	1	0.6923
47	6	0.337	0	1	0.936
48	6	0.1221	1	0	-1.928
48	6	3.642	0	1	-1.209
48	6	1.568	0	0	-1.474
48	6	0.6883	0	0	-0.09986
48	6	0.2107	0	0	-0.7525
48	6	0.8221	1	1	-1.318
48	6	3.454	1	1	-1.252
48	6	0.3851	1	1	-1.423
48	6	0.8327	0	0	-1.01
48	6	1.055	0	1	-1.872
48	6	0.6725	1	0	-0.4828
48	6	0.2453	0	0	-0.7444
48	6	0.03805	0	0	0.06703
48	6	3.212	0	0	0.7397
48	6	3.664	1	1	-0.1565
48	6	0.2847	1	1	-1.123
48	6	0.06229	1	0	-0.6584
48	6	0.02269	0	0	0.01311
48	6	3.418	1	0	-0.3269
48	6	0.3036	0	0	-0.1581
48	6	0.6324	1	0	0.8203
48	6	0.7137	0	0	-0.9482
48	6	4.011	1	1	-0.9434
48	6	0.9584	0	1	-1.154
48	6	0.03271	0	0	-0.9513
48	6	0.6328	1	1	-1.061
48	6	0.4751	1	0	-0.3921
48	6	0.1948	0	0	0.2478
48	6	0.1488	0	0	0.7647
48	6	0.3893	0	0	-1.663
48	6	0.5649	1	0	-1.939
48	6	0.5237	0	1	-0.4474
48	6	0.1947	1	1	0.3137
48	6	3.827	1	1	-0.1056
48	6	0.06935	1	0	0.3954
48	6	3.434	1	0	0.01619
48	6	0.2302	1	1	-0.7229
48	6	0.3361	1	1	-0.4206
48	6	0.3105	0	1	-0.3967
48	6	0.6551	1	1	0.2778
48	6	3.921	0	1	0.3137
48	6	1.045	0	1	-0.6583
48	6	0.2349	0	1	-2.969
48	6	1.001	1	0	1.085
48	6	3.307	1	1	-0.9539
48	6	0.1869	1	1	-0.02791
48	6	0.1904	0	1	-1.133
48	6	0.741	0	1	-0.308
48	6	0.4309	0	1	-0.08671
48	6	0.3743	0	1	1.994
49	6	3.727	1	1	-0.8928
49	6	0.1545	1	1	-0.8463
49	6	0.5718	0	1	-1.452
49	6	0.4687	0	0	-0.8355
49	6	0.9753	0	0	-1.078
49	6	3.35	1	1	-1.201
49	6	1.183	1	1	-0.4569
49	6	0.007888	1	0	-1.488
49	6	0.02346	1	1	-0.6203
49	6	0.4745	0	0	-0.3559
49	6	0.8285	0	1	0.6272
49	6	0.6726	0	1	0.08901
49	6	0.2303	0	0	-1.089
49	6	0.007561	0	0	0.1566
49	6	0.66	0	1	-1.626
49	6	3.495	0	0	-0.7069
49	6	3.495	1	1	0.07
49	6	3.932	1	1	-1.298
49	6	0.02199	0	0	-0.4382
49	6	0.4251	1	0	-0.5167
49	6	0.2512	1	1	0.3014
49	6	3.86	0	0	-1.128
49	6	0.4161	0	0	-1.527
49	6	0.6717	1	0	-0.06284
49	6	0.5816	1	0	-0.1749
49	6	0.5669	0	0	1.018
49	6	1.034	0	1	-0.3561
49	6	0.2653	1	0	0.3232
49	6	0.3933	0	0	0.3248
49	6	0.2997	1	0	-0.8678
49	6	3.936	1	1	-0.9975
49	6	3.428	0	0	-0.3947
49	6	0.3423	1	0	0.7421
49	6	0.04349	0	1	0.4551
49	6	3.224	1	1	-0.4889
49	6	0.284	1	0	0.04867
49	6	0.06954	1	1	-1.821
49	6	1.021	0	1	-0.2122
49	6	0.9649	1	1	0.6545
49	6	0.2429	1	1	-1.407
49	6	0.6684	0	1	-0.9
49	6	0.6491	0	0	0.4448
49	6	0.09832	0	0	-1.415
49	6	0.03992	0	0	1.165
49	6	0.4394	0	0	-1.27
49	6	0.2553	1	0	0.6494
49	6	3.774	0	0	0.3378
49	6	0.7935	1	0	-0.4508
49	6	0.9504	0	0	0.695
49	6	0.2563	1	0	1.422
