0	2	0.6916	0	0
0	2	0.2536	0	1
0	2	2.094	0	1
0	2	1.779	0	1
0	2	1.041	0	1
0	2	5.43	1	1
0	2	0.9926	0	1
0	2	3.517	0	0
0	2	3.641	1	1
0	2	0.6908	1	1
0	2	5.279	0	0
0	2	1.682	1	1
0	2	0.7706	0	1
0	2	5.418	1	1
0	2	2.005	1	1
0	2	1.991	1	0
0	2	0.4338	1	0
0	2	0.5478	0	0
0	2	5.221	0	0
0	2	0.7896	0	1
0	2	1.196	1	1
0	2	5.396	1	1
0	2	5.456	0	0
0	2	3.708	1	1
0	2	0.4055	1	0
0	2	1.795	0	1
0	2	5.608	0	0
0	2	3.393	1	1
0	2	3.44	0	1
0	2	3.425	1	1
0	2	3.489	0	0
0	2	5.071	0	0
0	2	2.17	0	0
0	2	0.1741	0	0
0	2	3.676	1	1
0	2	0.6503	1	1
0	2	0.5516	1	1
0	2	1.87	0	1
0	2	1.308	1	1
0	2	3.78	0	0
0	2	0.766	1	0
0	2	5.077	1	1
0	2	0.9858	1	0
0	2	0.3312	1	1
0	2	5.275	0	0
0	2	0.1503	0	1
0	2	1.959	0	1
0	2	0.9787	1	1
0	2	1.56	1	1
0	2	3.577	0	0
1	2	0.9186	1	1
1	2	3.741	0	1
1	2	3.869	1	1
1	2	0.6161	0	1
1	2	1.692	0	1
1	2	5.567	0	0
1	2	5.431	0	0
1	2	5.106	0	0
1	2	3.393	0	1
1	2	0.5904	1	1
1	2	0.4327	1	1
1	2	0.8959	0	0
1	2	1.964	1	1
1	2	0.2444	0	0
1	2	0.7499	1	1
1	2	3.754	0	0
1	2	3.936	1	1
1	2	1.673	1	0
1	2	3.511	0	0
1	2	5.464	1	1
1	2	1.775	1	0
1	2	0.8725	0	0
1	2	5.251	1	1
1	2	5.528	1	1
1	2	0.7129	1	1
1	2	5.426	1	1
1	2	1.794	1	0
1	2	0.9054	0	0
1	2	0.1981	0	0
1	2	1.716	0	0
1	2	3.691	1	1
1	2	2.085	0	0
1	2	0.5259	0	1
1	2	0.4982	1	1
1	2	3.528	1	1
1	2	0.4504	0	1
1	2	5.165	0	0
1	2	0.6613	1	1
1	2	1.854	1	1
1	2	0.2043	1	1
1	2	5.038	1	1
1	2	1.654	0	1
1	2	3.461	1	1
1	2	0.4176	1	1
1	2	1.246	0	1
1	2	1.089	0	0
1	2	1.661	1	1
1	2	5.522	1	1
1	2	0.9962	0	1
1	2	3.505	0	1
2	2	0.4667	0	0
2	2	3.541	0	1
2	2	0.1013	1	1
2	2	3.696	1	1
2	2	0.6969	0	1
2	2	3.394	1	1
2	2	1.824	0	0
2	2	5.398	0	0
2	2	5.36	0	0
2	2	0.294	0	0
2	2	0.1135	0	1
2	2	1.346	0	1
2	2	0.9692	1	1
2	2	1.907	0	1
2	2	1.092	0	1
2	2	3.575	1	1
2	2	2.091	0	0
2	2	3.751	1	1
2	2	3.579	1	1
2	2	5.512	0	0
2	2	0.5424	1	1
2	2	2.008	1	1
2	2	0.763	0	1
2	2	0.1567	1	1
2	2	0.5001	1	0
2	2	1.559	1	1
2	2	2.062	0	1
2	2	0.8538	1	1
2	2	1.726	1	1
2	2	5.358	0	0
2	2	1.229	1	1
2	2	5.146	1	1
2	2	0.8465	0	1
2	2	3.394	0	0
2	2	1.331	0	0
2	2	3.878	1	1
2	2	0.485	1	0
2	2	5.531	0	0
2	2	0.5352	0	1
2	2	3.32	1	1
2	2	1.124	1	0
2	2	3.44	1	1
2	2	5.223	1	1
2	2	5.17	0	0
2	2	2.095	0	1
2	2	5.768	1	1
2	2	1.241	1	1
2	2	1.723	0	0
2	2	5.26	0	0
2	2	1.904	0	0
3	2	5.105	0	0
3	2	1.894	1	1
3	2	1.783	0	1
3	2	0.2483	0	1
3	2	5.296	1	1
3	2	3.438	1	1
3	2	5.486	0	0
3	2	1.031	1	1
3	2	0.4244	1	1
3	2	1.973	0	0
3	2	0.06242	1	1
3	2	1.109	1	0
3	2	3.541	1	1
3	2	1.552	0	1
3	2	0.2195	0	0
3	2	0.3731	0	1
3	2	1.642	1	1
3	2	5.854	0	0
3	2	5.373	1	1
3	2	0.9751	0	1
3	2	1.108	1	0
3	2	0.7026	1	1
3	2	0.5915	0	0
3	2	1.997	1	1
3	2	3.563	0	1
3	2	3.779	1	1
3	2	0.3748	1	1
3	2	3.732	0	0
3	2	3.378	1	1
3	2	5.405	0	0
3	2	0.4865	0	1
3	2	3.827	1	1
3	2	1.039	1	1
3	2	0.3228	0	1
3	2	1.694	0	0
3	2	3.716	1	1
3	2	5.258	1	1
3	2	0.6266	1	1
3	2	1.943	1	1
3	2	1.67	1	0
3	2	5.322	0	0
3	2	1.601	0	0
3	2	3.314	0	0
3	2	5.287	0	0
3	2	3.496	1	1
3	2	0.9367	1	1
3	2	0.8849	1	1
3	2	0.4801	0	0
3	2	0.8848	0	1
3	2	5.411	0	0
4	2	0.1525	0	0
4	2	3.789	0	0
4	2	5.084	1	1
4	2	1.545	0	0
4	2	1.07	1	1
4	2	0.4096	1	1
4	2	5.565	1	1
4	2	1.524	1	1
4	2	2	0	0
4	2	5.511	0	0
4	2	0.6462	1	1
4	2	3.805	0	0
4	2	1.547	0	1
4	2	0.9926	0	1
4	2	0.5909	1	1
4	2	3.565	0	0
4	2	3.692	0	0
4	2	0.4621	1	0
4	2	5.625	1	1
4	2	0.3582	1	1
4	2	3.471	0	0
4	2	0.483	0	0
4	2	1.477	1	1
4	2	5.693	1	1
4	2	3.929	1	1
4	2	0.9023	0	0
4	2	0.07548	0	1
4	2	3.798	1	1
4	2	3.734	1	1
4	2	5.428	0	0
4	2	0.5805	1	0
4	2	5.36	0	0
4	2	5.4	0	0
4	2	3.416	0	0
4	2	1.692	1	1
4	2	1.649	0	0
4	2	1.542	0	1
4	2	0.8329	0	0
4	2	0.04881	0	0
4	2	1.431	1	1
4	2	3.757	1	1
4	2	0.857	0	1
4	2	0.7434	0	0
4	2	0.5627	1	1
4	2	1.947	1	1
4	2	5.04	1	1
4	2	0.2296	1	0
4	2	5.532	0	0
4	2	1.563	1	1
4	2	1.099	0	1
5	2	4.123	1	1
5	2	1.994	1	1
5	2	3.741	1	1
5	2	0.6075	0	1
5	2	5.293	1	1
5	2	1.801	1	1
5	2	3.526	1	1
5	2	3.872	0	0
5	2	3.282	1	1
5	2	5.189	0	0
5	2	3.626	0	0
5	2	0.5858	1	1
5	2	3.698	1	1
5	2	2.127	0	1
5	2	0.5967	1	1
5	2	0.4649	0	0
5	2	5.493	1	1
5	2	1.728	0	0
5	2	0.6547	0	1
5	2	5.489	0	0
5	2	5.191	1	1
5	2	5.1	0	0
5	2	5.307	0	0
5	2	0.7157	1	1
5	2	0.7607	0	1
5	2	1.161	1	1
5	2	0.7491	1	1
5	2	2.125	1	1
5	2	0.9978	1	1
5	2	0.5783	1	1
5	2	0.5786	0	1
5	2	2.203	1	1
5	2	0.8967	0	0
5	2	5.484	0	0
5	2	3.432	0	0
5	2	0.8532	0	0
5	2	0.2636	1	0
5	2	0.7564	1	1
5	2	5.684	0	0
5	2	1.612	0	1
5	2	1.695	0	0
5	2	1.826	0	0
5	2	3.25	0	0
5	2	3.633	0	0
5	2	0.5618	1	1
5	2	0.9232	1	1
5	2	2.089	0	1
5	2	5.19	1	1
5	2	0.5158	0	1
5	2	0.8345	0	1
6	2	0.5917	0	0
6	2	0.6976	0	0
6	2	0.9825	1	1
6	2	0.3844	0	1
6	2	3.959	1	1
6	2	0.9475	1	1
6	2	5.544	1	1
6	2	0.5482	1	1
6	2	1.676	1	1
6	2	0.6334	1	1
6	2	1.708	0	0
6	2	1.856	1	1
6	2	0.8996	1	1
6	2	3.839	1	1
6	2	1.673	0	0
6	2	0.557	0	1
6	2	3.703	0	0
6	2	0.5413	0	0
6	2	1.578	1	1
6	2	0.4005	0	0
6	2	5.302	1	1
6	2	5.233	0	0
6	2	0.7788	1	1
6	2	3.308	1	1
6	2	5.318	1	1
6	2	3.532	1	1
6	2	1.263	0	0
6	2	1.231	0	0
6	2	3.771	1	1
6	2	0.8932	0	0
6	2	5.447	0	0
6	2	0.9019	1	0
6	2	5.317	0	0
6	2	0.5124	1	0
6	2	3.623	0	0
6	2	3.671	0	0
6	2	5.188	0	0
6	2	1.833	0	0
6	2	2.139	1	1
6	2	1.683	0	0
6	2	1.293	0	0
6	2	0.736	1	1
6	2	5.492	1	1
6	2	5.252	1	1
6	2	3.765	0	0
6	2	3.8	1	1
6	2	5.321	1	1
6	2	0.528	0	0
6	2	0.9346	1	0
6	2	0.1867	0	1
7	2	0.7509	1	1
7	2	1.436	0	1
7	2	1.671	1	1
7	2	1.765	1	1
7	2	5.387	1	1
7	2	3.67	0	0
7	2	0.5583	0	1
7	2	0.1587	1	1
7	2	1.039	1	1
7	2	5.737	1	1
7	2	1.226	1	1
7	2	1.563	0	0
7	2	3.566	1	1
7	2	1.868	0	0
7	2	5.37	1	1
7	2	5.294	0	0
7	2	0.1093	0	1
7	2	5.159	0	0
7	2	0.8838	0	0
7	2	0.4761	1	1
7	2	2.006	1	1
7	2	3.659	1	1
7	2	1.55	0	0
7	2	3.553	1	1
7	2	3.488	0	0
7	2	1.886	0	1
7	2	0.4597	0	0
7	2	0.8339	0	0
7	2	5.501	0	0
7	2	0.6164	1	0
7	2	0.6982	1	1
7	2	0.9999	0	0
7	2	5.113	1	1
7	2	3.778	0	0
7	2	3.994	1	1
7	2	0.5876	0	1
7	2	3.803	0	0
7	2	1.048	1	1
7	2	5.649	1	1
7	2	0.7799	0	0
7	2	0.5865	1	1
7	2	1.179	1	0
7	2	0.2389	0	1
7	2	0.0598	1	1
7	2	3.731	0	0
7	2	5.436	0	0
7	2	3.785	0	0
7	2	1.825	1	0
7	2	4.987	1	1
7	2	1.664	1	1
8	2	0.5226	1	1
8	2	0.1098	0	0
8	2	5.126	0	0
8	2	1.785	0	1
8	2	3.709	0	0
8	2	2.15	1	0
8	2	5.469	1	1
8	2	0.9809	0	1
8	2	1.722	1	1
8	2	3.88	0	0
8	2	0.5517	1	1
8	2	5.219	1	0
8	2	1.067	0	1
8	2	1.994	1	1
8	2	0.8126	1	1
8	2	5.854	1	1
8	2	1.907	0	0
8	2	0.8067	1	0
8	2	0.6822	1	1
8	2	0.6813	0	1
8	2	3.992	1	1
8	2	1.864	1	0
8	2	5.429	1	1
8	2	3.359	1	1
8	2	1.822	0	0
8	2	5.564	1	1
8	2	0.4125	1	0
8	2	1.131	1	0
8	2	0.8155	0	0
8	2	5.362	1	1
8	2	0.663	1	1
8	2	0.5137	0	0
8	2	3.473	0	0
8	2	0.8366	0	0
8	2	0.3512	0	1
8	2	1.739	0	1
8	2	3.643	0	0
8	2	1.035	0	1
8	2	3.701	1	1
8	2	5.473	0	0
8	2	1.618	0	1
8	2	3.844	1	1
8	2	1.604	1	1
8	2	5.409	0	0
8	2	0.9341	0	1
8	2	5.299	0	0
8	2	0.1513	0	1
8	2	3.476	1	1
8	2	0.6618	1	1
8	2	3.769	0	0
9	2	5.381	1	1
9	2	3.386	0	0
9	2	3.452	1	1
9	2	0.5365	0	0
9	2	0.6586	0	1
9	2	0.8351	1	1
9	2	1.888	1	1
9	2	5.237	1	1
9	2	3.533	0	0
9	2	0.9061	1	1
9	2	0.7637	1	1
9	2	5.683	1	1
9	2	0.8169	1	1
9	2	2.124	0	1
9	2	0.4746	1	0
9	2	5.322	0	0
9	2	5.395	0	0
9	2	1.941	1	1
9	2	1.597	1	1
9	2	1.083	0	0
9	2	1.774	0	1
9	2	1.925	0	0
9	2	0.9513	1	1
9	2	5.627	1	1
9	2	0.412	0	1
9	2	1.772	1	1
9	2	3.605	1	1
9	2	3.804	0	0
9	2	5.288	0	0
9	2	0.3405	1	1
9	2	5.781	1	1
9	2	0.1228	1	1
9	2	0.5939	1	1
9	2	3.742	0	0
9	2	3.665	1	1
9	2	0.7306	1	1
9	2	0.92	1	1
9	2	5.113	0	0
9	2	1.685	0	0
9	2	3.566	0	1
9	2	0.6461	1	1
9	2	1.984	0	0
9	2	3.383	1	1
9	2	0.06305	0	1
9	2	0.9139	0	0
9	2	1.052	0	0
9	2	2.107	0	1
9	2	0.2243	1	1
9	2	5.343	0	0
9	2	3.832	0	1
10	3	1.61	1	1
10	3	1.957	0	1
10	3	0.3907	0	1
10	3	5.346	1	1
10	3	5.282	1	1
10	3	0.5838	0	1
10	3	5.42	0	0
10	3	2.164	1	1
10	3	5.586	1	1
10	3	0.5405	1	1
10	3	0.5551	1	0
10	3	3.664	0	0
10	3	1.705	1	1
10	3	1.713	0	0
10	3	5.422	0	0
10	3	5.476	0	0
10	3	1.598	1	0
10	3	3.622	0	0
10	3	3.854	1	1
10	3	0.1373	0	1
10	3	0.3956	1	1
10	3	1.239	1	1
10	3	2.082	0	1
10	3	3.747	0	0
10	3	0.6867	1	1
10	3	1.059	1	1
10	3	0.9654	0	0
10	3	1.574	0	1
10	3	3.81	1	1
10	3	5.415	0	0
10	3	3.615	1	1
10	3	0.3713	1	1
10	3	1.069	1	1
10	3	0.7969	0	1
10	3	5	0	0
10	3	3.561	0	0
10	3	3.53	1	1
10	3	3.773	1	1
10	3	0.2785	0	1
10	3	3.977	0	0
10	3	0.6823	0	1
10	3	0.5033	0	1
10	3	1.701	1	1
10	3	0.9796	0	0
10	3	1.757	1	1
10	3	0.5081	0	0
10	3	5.147	0	0
10	3	0.2684	0	0
10	3	0.7883	1	0
10	3	5.311	1	1
11	3	1.85	1	1
11	3	1.913	0	1
11	3	1.809	1	0
11	3	0.9181	1	1
11	3	0.8402	1	1
11	3	5.533	0	0
11	3	1.857	0	1
11	3	5.224	1	1
11	3	1.888	1	1
11	3	0.2513	1	0
11	3	0.6248	0	0
11	3	0.1936	0	0
11	3	0.8866	0	0
11	3	0.8861	1	1
11	3	3.465	0	1
11	3	3.498	1	1
11	3	3.371	0	0
11	3	1.667	0	1
11	3	0.4411	0	1
11	3	0.7002	1	1
11	3	0.3008	0	0
11	3	5.64	0	0
11	3	0.9785	0	1
11	3	3.751	0	0
11	3	5.561	1	1
11	3	0.634	0	0
11	3	3.501	1	1
11	3	3.802	1	1
11	3	3.793	0	0
11	3	1.897	1	1
11	3	0.7015	0	1
11	3	1.567	1	1
11	3	0.5587	1	1
11	3	0.3589	1	1
11	3	5.494	1	1
11	3	0.3661	1	1
11	3	5.355	0	0
11	3	1.116	0	1
11	3	5.185	1	1
11	3	5.161	0	0
11	3	0.7159	0	1
11	3	1.911	0	0
11	3	5.443	1	1
11	3	2	1	1
11	3	3.674	1	1
11	3	0.6096	0	1
11	3	1.043	0	1
11	3	3.677	1	1
11	3	5.305	1	1
11	3	3.672	1	1
12	3	1.753	0	0
12	3	0.7169	1	0
12	3	3.571	1	1
12	3	0.2882	0	0
12	3	1.67	1	1
12	3	3.612	0	0
12	3	0.9114	0	1
12	3	1.011	1	1
12	3	0.1742	1	1
12	3	0.6119	1	1
12	3	5.421	0	0
12	3	3.898	0	0
12	3	0.1405	0	1
12	3	0.538	0	0
12	3	0.9949	1	1
12	3	3.917	0	0
12	3	0.6781	0	1
12	3	1.765	1	1
12	3	2.011	1	1
12	3	0.4135	1	0
12	3	1.689	0	1
12	3	5.214	0	0
12	3	1.039	0	1
12	3	1.796	1	1
12	3	1.512	0	0
12	3	3.76	0	1
12	3	1.952	0	0
12	3	3.887	0	0
12	3	1.587	1	1
12	3	5.515	0	0
12	3	0.994	1	1
12	3	0.92	1	1
12	3	5.215	0	0
12	3	1.046	0	1
12	3	3.705	1	1
12	3	5.649	1	1
12	3	3.499	1	1
12	3	5.732	1	1
12	3	3.579	1	1
12	3	0.8692	0	1
12	3	0.3906	0	1
12	3	5.257	1	1
12	3	5.793	1	1
12	3	3.507	0	0
12	3	5.523	1	1
12	3	0.6194	0	0
12	3	5.244	1	1
12	3	1.102	1	1
12	3	0.4894	1	0
12	3	2.019	0	1
13	3	3.777	0	0
13	3	5.83	1	1
13	3	0.88	1	1
13	3	3.632	0	1
13	3	0.6177	1	1
13	3	1.733	1	0
13	3	0.2903	1	1
13	3	0.8833	1	1
13	3	3.494	0	0
13	3	2.031	1	1
13	3	3.452	0	0
13	3	0.4008	0	1
13	3	3.582	1	1
13	3	3.589	1	1
13	3	1.778	1	0
13	3	5.429	1	1
13	3	0.5691	0	1
13	3	1.12	1	1
13	3	1.81	1	1
13	3	1.895	0	0
13	3	0.3614	0	1
13	3	0.726	1	0
13	3	0.3214	1	1
13	3	5.215	1	1
13	3	5.326	0	0
13	3	0.8162	0	1
13	3	3.718	0	0
13	3	1.833	0	0
13	3	1.037	0	1
13	3	1.028	0	0
13	3	1.398	1	1
13	3	5.263	0	0
13	3	3.529	1	0
13	3	3.682	1	1
13	3	1.626	1	1
13	3	0.512	0	1
13	3	5.832	1	1
13	3	5.43	0	0
13	3	5.448	0	0
13	3	1.902	0	1
13	3	5.066	0	0
13	3	0.2108	0	1
13	3	5.483	1	1
13	3	0.984	1	1
13	3	1.318	0	1
13	3	0.4069	0	1
13	3	1.933	0	0
13	3	0.3734	1	1
13	3	3.872	0	1
13	3	0.1828	1	1
14	3	3.284	0	0
14	3	1.926	0	1
14	3	5.456	0	0
14	3	4.073	1	1
14	3	0.2947	1	1
14	3	1.009	0	0
14	3	0.6763	0	0
14	3	3.634	1	1
14	3	5.531	1	1
14	3	1.686	1	1
14	3	5.06	0	0
14	3	2.074	1	1
14	3	1.551	0	0
14	3	5.369	1	1
14	3	3.428	0	0
14	3	3.495	0	0
14	3	5.357	1	1
14	3	1.001	0	1
14	3	3.732	1	1
14	3	5.647	1	1
14	3	0.7189	1	1
14	3	3.488	1	1
14	3	0.4913	1	0
14	3	0.3013	0	0
14	3	1.781	1	1
14	3	0.8301	1	1
14	3	1.03	0	1
14	3	1.578	0	0
14	3	0.6491	0	0
14	3	1.672	1	1
14	3	3.732	0	0
14	3	0.4174	1	1
14	3	0.8592	0	0
14	3	0.6502	0	0
14	3	3.821	1	1
14	3	0.5054	1	1
14	3	5.792	1	1
14	3	0.5726	0	0
14	3	0.3781	0	1
14	3	1.51	0	0
14	3	5.498	0	0
14	3	5.067	1	1
14	3	0.5695	0	1
14	3	1.874	1	0
14	3	5.68	1	1
14	3	0.8081	1	1
14	3	1.871	0	1
14	3	0.7805	0	1
14	3	3.74	0	0
14	3	1.162	1	0
15	3	1.811	1	1
15	3	1.004	1	1
15	3	5.261	1	1
15	3	1.992	0	0
15	3	2.073	1	0
15	3	5.141	1	1
15	3	5.442	0	0
15	3	5.242	0	1
15	3	0.9965	0	0
15	3	0.5468	1	1
15	3	1.722	0	1
15	3	0.7324	0	1
15	3	1.644	1	1
15	3	1.846	0	0
15	3	3.554	0	0
15	3	1.107	0	1
15	3	5.295	1	1
15	3	0.4141	1	1
15	3	3.662	0	0
15	3	3.496	1	1
15	3	4.01	1	1
15	3	5.495	0	0
15	3	3.414	0	0
15	3	3.789	1	1
15	3	3.155	0	0
15	3	0.1588	0	1
15	3	1.972	0	0
15	3	0.9085	1	1
15	3	5.294	1	1
15	3	1.437	0	0
15	3	0.2641	0	0
15	3	0.7063	1	1
15	3	3.853	0	0
15	3	5.388	0	0
15	3	0.4233	0	1
15	3	3.65	1	1
15	3	3.646	0	0
15	3	5.199	1	1
15	3	1.87	1	1
15	3	5.733	1	1
15	3	0.9289	0	1
15	3	0.265	0	0
15	3	0.8279	0	1
15	3	1.72	1	1
15	3	1.301	1	1
15	3	0.7451	1	1
15	3	0.5519	1	1
15	3	0.1858	0	1
15	3	0.4512	1	0
15	3	0.7124	1	1
16	3	3.422	1	1
16	3	0.39	0	0
16	3	0.9572	1	1
16	3	5.389	0	0
16	3	0.5049	0	0
16	3	1.539	1	1
16	3	0.563	0	1
16	3	0.5643	1	1
16	3	0.4588	0	1
16	3	0.7994	0	1
16	3	5.163	0	0
16	3	1.753	0	1
16	3	3.582	0	0
16	3	0.4033	0	1
16	3	5.651	1	1
16	3	1.792	0	0
16	3	3.82	0	0
16	3	3.628	1	1
16	3	0.9339	1	1
16	3	0.9529	1	1
16	3	5.24	0	0
16	3	3.749	1	1
16	3	0.4503	0	1
16	3	1.887	0	0
16	3	1.617	1	1
16	3	0.5029	1	0
16	3	0.8485	0	1
16	3	2.143	1	0
16	3	3.513	1	1
16	3	5.257	0	0
16	3	3.833	1	1
16	3	0.8149	1	0
16	3	0.5692	1	0
16	3	1.861	0	1
16	3	5.276	1	1
16	3	1.067	0	1
16	3	5.783	0	0
16	3	1.018	0	0
16	3	0.7121	0	0
16	3	5.462	0	0
16	3	1.781	1	1
16	3	0.2376	1	1
16	3	1.923	1	1
16	3	3.278	1	1
16	3	1.307	1	1
16	3	3.539	1	1
16	3	3.489	0	0
16	3	5.389	0	0
16	3	0.9206	1	0
16	3	4.829	0	0
17	3	0.4765	1	0
17	3	5.372	0	1
17	3	5.385	1	1
17	3	5.327	0	0
17	3	0.9677	0	1
17	3	2.274	1	1
17	3	3.544	1	1
17	3	0.3736	1	0
17	3	3.265	0	1
17	3	5.673	1	1
17	3	3.548	1	0
17	3	3.297	1	1
17	3	0.9243	0	1
17	3	5.513	1	1
17	3	1.853	1	1
17	3	5.5	0	0
17	3	0.3959	1	1
17	3	0.2944	1	1
17	3	0.8509	0	0
17	3	0.7439	0	1
17	3	0.8305	0	0
17	3	3.687	0	0
17	3	0.2363	0	1
17	3	0.435	1	1
17	3	0.9177	0	0
17	3	0.4352	1	1
17	3	3.268	1	1
17	3	3.615	1	1
17	3	2.206	0	0
17	3	0.8751	1	1
17	3	3.524	0	0
17	3	0.7443	1	1
17	3	0.8881	1	1
17	3	5.118	1	1
17	3	5.181	0	0
17	3	0.5861	0	1
17	3	1.493	0	1
17	3	5.654	1	1
17	3	0.5868	1	0
17	3	3.669	1	1
17	3	3.544	0	0
17	3	1.525	0	0
17	3	5.148	0	0
17	3	1.905	0	0
17	3	1.504	0	0
17	3	0.2424	0	0
17	3	1.104	1	1
17	3	2.095	0	0
17	3	2.047	0	0
17	3	1.67	1	1
18	3	5.398	1	1
18	3	3.672	1	0
18	3	3.449	0	0
18	3	0.8485	1	0
18	3	2.007	0	1
18	3	0.8047	1	1
18	3	0.6829	1	1
18	3	0.5369	0	1
18	3	1.776	0	0
18	3	1.946	0	0
18	3	1.729	0	0
18	3	0.6599	0	0
18	3	1.832	0	0
18	3	0.2133	1	1
18	3	5.28	0	0
18	3	3.429	1	1
18	3	3.679	0	0
18	3	5.264	1	1
18	3	1.772	0	1
18	3	0.01802	1	1
18	3	1.952	0	0
18	3	0.258	1	1
18	3	0.6771	1	1
18	3	4.069	0	0
18	3	4.885	1	1
18	3	0.9267	1	0
18	3	5.14	1	1
18	3	3.53	0	0
18	3	5.412	0	0
18	3	3.511	0	0
18	3	3.777	1	1
18	3	1.036	1	1
18	3	0.6834	1	1
18	3	1.757	0	1
18	3	0.7319	1	1
18	3	0.6775	1	1
18	3	5.342	1	1
18	3	5.412	0	0
18	3	0.364	0	1
18	3	4.897	1	1
18	3	1.821	1	1
18	3	1.74	0	1
18	3	5.337	0	0
18	3	3.501	1	1
18	3	0.7102	0	0
18	3	0.2227	0	0
18	3	3.996	1	1
18	3	0.6715	1	0
18	3	0.4953	1	1
18	3	1.417	0	0
19	3	0.3308	1	1
19	3	0.09753	1	0
19	3	0.4524	1	1
19	3	0.9864	1	0
19	3	0.4817	0	0
19	3	3.437	0	0
19	3	1.69	1	1
19	3	3.634	1	1
19	3	5.734	1	1
19	3	5.46	0	0
19	3	3.425	0	1
19	3	2.05	1	1
19	3	3.749	0	0
19	3	1.909	1	1
19	3	0.4004	1	1
19	3	5.384	0	0
19	3	0.2939	0	0
19	3	1.626	0	1
19	3	5.55	0	0
19	3	1.979	1	1
19	3	0.8946	0	1
19	3	1.91	1	1
19	3	1.077	0	1
19	3	0.3457	1	1
19	3	5.337	1	1
19	3	0.3309	1	1
19	3	3.804	1	1
19	3	5.272	1	1
19	3	3.795	0	1
19	3	3.516	0	0
19	3	0.9603	0	1
19	3	3.396	0	0
19	3	5.432	1	1
19	3	0.893	1	1
19	3	0.9369	0	0
19	3	0.9948	0	0
19	3	5.473	1	1
19	3	1.107	0	1
19	3	1.727	0	0
19	3	0.6409	1	1
19	3	0.6653	0	1
19	3	5	1	1
19	3	1.924	0	0
19	3	1.71	0	1
19	3	0.4141	0	0
19	3	0.6768	1	1
19	3	3.312	0	0
19	3	3.814	1	1
19	3	5.483	0	0
19	3	1.894	0	1
20	4	3.918	0	0
20	4	5.33	1	1
20	4	1.815	0	0
20	4	5.446	0	0
20	4	1.625	1	0
20	4	3.651	1	1
20	4	5.269	1	1
20	4	5.72	1	1
20	4	0.2524	0	1
20	4	1.718	0	0
20	4	5.376	0	0
20	4	3.615	0	0
20	4	0.8811	0	0
20	4	0.9544	0	0
20	4	5.373	0	0
20	4	0.9302	0	1
20	4	0.6006	1	0
20	4	0.5265	1	1
20	4	5.789	1	1
20	4	0.6407	1	0
20	4	1.899	0	1
20	4	4.148	0	0
20	4	0.9567	1	1
20	4	1.653	0	0
20	4	1.634	0	0
20	4	0.7376	1	1
20	4	3.63	1	1
20	4	1.05	0	1
20	4	2.032	1	0
20	4	3.424	0	0
20	4	0.8064	0	0
20	4	3.45	1	1
20	4	0.6345	1	0
20	4	0.8568	1	1
20	4	3.251	0	0
20	4	3.476	1	1
20	4	5.161	1	1
20	4	1.577	0	1
20	4	0.7419	1	1
20	4	0.7865	1	1
20	4	0.5289	0	0
20	4	1.951	1	1
20	4	5.422	1	1
20	4	5.372	0	0
20	4	1.746	1	1
20	4	0.4209	1	1
20	4	0.4111	0	1
20	4	1.035	1	1
20	4	3.639	0	0
20	4	0.5493	1	1
21	4	3.636	0	0
21	4	0.1411	0	1
21	4	3.324	0	0
21	4	3.602	1	1
21	4	0.3184	1	1
21	4	1.955	1	1
21	4	3.697	1	1
21	4	1.574	1	1
21	4	1.931	1	0
21	4	5.562	0	0
21	4	0.2301	0	1
21	4	0.2914	0	1
21	4	0.4692	1	1
21	4	5.161	0	0
21	4	3.903	0	0
21	4	5.037	1	1
21	4	1.319	1	1
21	4	5.323	0	0
21	4	5.305	0	0
21	4	3.635	0	0
21	4	0.5857	0	1
21	4	3.763	1	1
21	4	2.318	1	1
21	4	1.061	0	0
21	4	0.1895	0	1
21	4	5.471	0	0
21	4	0.5732	1	1
21	4	3.747	1	1
21	4	0.9665	1	1
21	4	0.9538	0	1
21	4	1.705	1	1
21	4	0.7317	1	0
21	4	0.9348	0	1
21	4	5.366	1	1
21	4	0.3234	0	0
21	4	0.09894	1	1
21	4	0.228	1	0
21	4	0.6447	1	1
21	4	3.441	0	0
21	4	1.487	0	0
21	4	3.817	0	1
21	4	0.9736	0	1
21	4	1.657	0	0
21	4	1.034	1	0
21	4	5.404	0	0
21	4	1.822	1	1
21	4	2.117	0	0
21	4	1.808	1	1
21	4	5.659	1	1
21	4	5.195	0	0
22	4	1.434	1	1
22	4	5.31	0	0
22	4	3.541	1	1
22	4	0.531	1	0
22	4	0.4684	1	1
22	4	5.178	0	0
22	4	0.941	0	1
22	4	0.5437	0	1
22	4	1.802	1	0
22	4	0.7509	0	1
22	4	3.626	0	0
22	4	1.492	1	1
22	4	0.9725	1	0
22	4	3.79	0	0
22	4	1.141	1	1
22	4	0.9653	0	1
22	4	1.65	1	1
22	4	3.714	0	0
22	4	3.781	1	1
22	4	5.256	1	1
22	4	0.7154	0	1
22	4	3.221	0	0
22	4	3.846	0	1
22	4	0.7622	1	1
22	4	0.4187	0	1
22	4	0.8384	0	0
22	4	5.259	1	1
22	4	5.11	0	0
22	4	1.835	1	1
22	4	1.128	0	0
22	4	1.911	0	0
22	4	0.9669	1	1
22	4	1.96	1	1
22	4	5.46	1	1
22	4	5.452	0	0
22	4	5.461	0	0
22	4	3.412	1	1
22	4	1.561	0	0
22	4	3.557	0	0
22	4	1.656	1	1
22	4	0.8985	1	1
22	4	0.4253	1	0
22	4	0.6027	1	0
22	4	0.36	0	0
22	4	1.845	0	1
22	4	0.7589	0	0
22	4	5.21	0	1
22	4	1.027	0	0
22	4	5.452	1	1
22	4	3.671	1	1
23	4	3.743	1	1
23	4	5.106	1	1
23	4	0.9822	1	1
23	4	3.252	1	1
23	4	5.645	1	1
23	4	1.057	1	1
23	4	0.8235	0	1
23	4	0.725	0	1
23	4	0.6678	0	1
23	4	3.554	1	1
23	4	5.608	0	0
23	4	1.663	1	1
23	4	5.75	1	1
23	4	0.4006	0	1
23	4	1.577	0	0
23	4	0.6809	0	1
23	4	5.353	1	1
23	4	1.792	1	0
23	4	3.576	0	0
23	4	3.552	0	0
23	4	3.647	0	0
23	4	0.3434	0	0
23	4	5.282	1	1
23	4	1.193	1	1
23	4	0.2206	0	1
23	4	1.665	1	1
23	4	0.647	1	1
23	4	0.1123	0	1
23	4	1.65	0	0
23	4	3.417	1	1
23	4	1.523	1	1
23	4	1.54	0	1
23	4	5.509	1	1
23	4	5.286	0	0
23	4	5.22	0	0
23	4	0.699	1	1
23	4	1.997	1	1
23	4	1.833	0	0
23	4	3.44	0	0
23	4	5.339	0	0
23	4	0.8103	1	0
23	4	0.9392	0	1
23	4	0.29	1	1
23	4	3.391	0	1
23	4	1.027	1	0
23	4	0.988	0	1
23	4	0.3821	1	1
23	4	3.853	1	1
23	4	1.715	0	1
23	4	0.9213	0	0
24	4	0.3538	0	0
24	4	5.592	0	1
24	4	1.084	1	0
24	4	0.7034	1	1
24	4	3.427	1	1
24	4	1.943	1	1
24	4	0.4732	0	0
24	4	0.3406	1	1
24	4	0.4312	0	0
24	4	5.286	0	0
24	4	1.718	1	1
24	4	1.06	1	1
24	4	1.347	0	0
24	4	3.65	0	0
24	4	1.207	1	1
24	4	0.7185	1	1
24	4	0.9878	1	1
24	4	5.281	1	1
24	4	5.452	1	1
24	4	1.786	0	0
24	4	0.5991	0	1
24	4	3.479	1	1
24	4	0.9428	0	0
24	4	1.792	0	1
24	4	3.325	0	0
24	4	4.984	1	1
24	4	0.7647	0	0
24	4	3.588	0	0
24	4	1.749	0	0
24	4	3.504	1	1
24	4	3.853	0	0
24	4	3.498	0	1
24	4	0.4507	1	0
24	4	5.232	0	0
24	4	0.7759	1	1
24	4	1.976	0	1
24	4	2.195	0	0
24	4	0.5579	0	1
24	4	3.704	0	0
24	4	1.249	1	1
24	4	3.692	1	1
24	4	5.786	1	1
24	4	1.784	1	0
24	4	1.281	1	1
24	4	5.247	0	0
24	4	0.1031	1	1
24	4	5.56	0	0
24	4	1.181	1	1
24	4	5.217	1	1
24	4	0.9218	0	1
25	4	0.1659	1	1
25	4	1.86	1	0
25	4	3.802	0	0
25	4	0.8495	0	0
25	4	3.694	1	1
25	4	1.819	1	1
25	4	1.005	1	1
25	4	5.302	1	1
25	4	0.8481	1	1
25	4	3.666	1	1
25	4	3.223	1	1
25	4	5.282	1	1
25	4	2.044	0	1
25	4	3.192	1	1
25	4	5.085	0	0
25	4	5.134	1	1
25	4	1.933	0	0
25	4	1.684	1	0
25	4	0.4979	0	0
25	4	0.2959	0	0
25	4	3.499	0	0
25	4	0.02242	0	0
25	4	0.3239	0	1
25	4	0.9847	0	0
25	4	0.2432	1	0
25	4	0.7284	1	1
25	4	0.9053	1	0
25	4	5.16	0	0
25	4	1.592	0	0
25	4	5.341	0	0
25	4	3.601	0	0
25	4	0.3487	0	1
25	4	0.4999	0	0
25	4	1.702	1	0
25	4	3.379	1	1
25	4	0.9104	1	1
25	4	1.576	0	0
25	4	0.9714	1	0
25	4	0.5066	0	0
25	4	0.6114	1	0
25	4	3.651	1	1
25	4	3.887	0	0
25	4	5.127	1	1
25	4	0.7288	0	0
25	4	5.663	1	1
25	4	0.7321	0	0
25	4	1.841	1	1
25	4	2.139	0	0
25	4	5.513	1	1
25	4	5.292	0	0
26	4	0.785	1	1
26	4	1.063	0	0
26	4	1.684	1	0
26	4	5.507	1	1
26	4	5.485	0	0
26	4	0.7821	1	1
26	4	0.2069	1	1
26	4	2.11	0	1
26	4	0.6489	1	0
26	4	0.4125	0	1
26	4	3.583	0	0
26	4	3.517	1	1
26	4	1.122	1	1
26	4	0.9726	1	1
26	4	0.5748	1	1
26	4	0.8763	0	0
26	4	2.273	0	0
26	4	3.642	1	0
26	4	1.578	0	0
26	4	0.6777	0	1
26	4	3.797	0	0
26	4	2.143	0	0
26	4	0.8591	0	0
26	4	3.637	0	0
26	4	5.839	0	0
26	4	0.8575	0	0
26	4	3.803	0	0
26	4	1.674	1	0
26	4	0.5238	0	0
26	4	2.032	1	0
26	4	0.4308	0	0
26	4	3.481	0	0
26	4	5.619	0	0
26	4	5.157	0	0
26	4	0.7586	1	0
26	4	5.051	1	1
26	4	4.968	0	0
26	4	0.05392	0	0
26	4	3.576	0	0
26	4	4.793	1	0
26	4	1.622	0	0
26	4	0.9782	1	1
26	4	5.881	1	0
26	4	1.474	1	1
26	4	0.4855	1	1
26	4	0.5922	0	0
26	4	3.681	1	1
26	4	3.565	1	1
26	4	5.243	1	1
26	4	1.636	1	0
27	4	5.526	0	0
27	4	5.761	0	0
27	4	3.759	0	0
27	4	1.127	0	0
27	4	0.4822	1	1
27	4	1.472	1	1
27	4	1.946	0	0
27	4	5.415	1	1
27	4	1.103	1	1
27	4	1.639	0	0
27	4	0.6433	0	1
27	4	0.47	1	1
27	4	0.3273	1	1
27	4	1.063	0	0
27	4	1.349	0	0
27	4	5.432	1	1
27	4	3.39	1	1
27	4	5.529	1	1
27	4	3.782	0	0
27	4	5.385	0	0
27	4	0.8494	1	1
27	4	5.462	0	0
27	4	3.53	0	0
27	4	1.888	0	0
27	4	0.3956	0	0
27	4	1.776	1	1
27	4	5.554	0	0
27	4	0.3936	1	1
27	4	1.54	0	0
27	4	1.678	0	0
27	4	1.181	1	1
27	4	1.874	0	0
27	4	0.5779	1	1
27	4	3.742	1	1
27	4	5.419	1	1
27	4	0.9883	1	1
27	4	0.5702	1	1
27	4	3.28	1	1
27	4	0.6653	0	1
27	4	0.6155	1	1
27	4	3.489	0	0
27	4	1.719	0	0
27	4	0.8508	0	1
27	4	3.467	1	1
27	4	0.5319	1	1
27	4	5.615	1	1
27	4	3.76	0	0
27	4	1.838	0	0
27	4	3.736	1	1
27	4	0.588	1	1
28	4	5.516	1	1
28	4	0.4306	1	0
28	4	3.553	1	1
28	4	5.349	1	1
28	4	1.937	0	1
28	4	5.454	1	1
28	4	3.813	1	1
28	4	1.905	0	1
28	4	0.5721	0	0
28	4	5.286	0	0
28	4	0.1128	0	1
28	4	3.492	1	1
28	4	1.618	1	1
28	4	5.632	0	0
28	4	0.7702	0	1
28	4	3.618	0	0
28	4	3.436	0	0
28	4	0.9209	1	0
28	4	3.641	0	0
28	4	1.473	1	1
28	4	1.023	1	1
28	4	1.634	0	0
28	4	5.638	1	1
28	4	0.5567	1	1
28	4	5.42	0	0
28	4	0.9565	0	1
28	4	1.949	0	0
28	4	0.6767	0	0
28	4	0.9684	1	0
28	4	3.716	1	1
28	4	3.396	0	0
28	4	5.334	1	1
28	4	0.9932	1	1
28	4	5.479	0	0
28	4	0.5269	1	1
28	4	3.659	0	1
28	4	0.5317	1	1
28	4	3.425	0	0
28	4	0.1976	0	0
28	4	1.863	1	1
28	4	0.3645	1	0
28	4	0.972	0	1
28	4	0.9465	1	1
28	4	0.7879	1	1
28	4	1.906	0	0
28	4	1.203	0	0
28	4	1.465	0	0
28	4	1.777	0	1
28	4	0.4925	1	1
28	4	5.48	1	1
29	4	3.263	1	1
29	4	5.473	1	1
29	4	3.852	0	0
29	4	0.9885	0	0
29	4	5.521	1	1
29	4	0.6607	1	1
29	4	5.429	1	1
29	4	0.7052	1	0
29	4	0.2456	0	1
29	4	0.8688	1	0
29	4	5.31	0	0
29	4	0.5042	1	1
29	4	1.636	1	0
29	4	0.6491	0	1
29	4	3.769	0	0
29	4	0.2692	0	1
29	4	1.399	1	0
29	4	3.633	1	1
29	4	5.297	0	0
29	4	1.491	0	0
29	4	1.108	1	1
29	4	5.558	1	1
29	4	2.079	0	1
29	4	0.5414	0	1
29	4	5.402	1	1
29	4	1.558	1	1
29	4	1.735	0	1
29	4	3.617	0	0
29	4	3.445	0	0
29	4	3.52	0	0
29	4	0.699	0	1
29	4	1.025	0	0
29	4	1.891	1	1
29	4	5.603	1	1
29	4	1.065	0	1
29	4	0.4605	0	1
29	4	1.135	0	0
29	4	1.256	0	1
29	4	0.6449	1	1
29	4	5.862	0	0
29	4	0.3661	1	1
29	4	3.729	1	1
29	4	3.673	0	0
29	4	3.611	1	1
29	4	0.4526	0	1
29	4	1.987	1	1
29	4	5.42	0	0
29	4	1.971	1	1
29	4	0.25	1	1
29	4	1.778	1	1
30	5	4.877	1	1
30	5	3.766	0	0
30	5	5.352	0	0
30	5	5.377	1	1
30	5	3.667	0	1
30	5	0.3821	0	0
30	5	3.778	1	1
30	5	5.212	0	0
30	5	0.5077	0	0
30	5	3.665	1	1
30	5	0.8624	1	1
30	5	0.6607	1	1
30	5	5.276	0	0
30	5	0.672	0	1
30	5	1.591	0	0
30	5	0.5877	0	1
30	5	3.72	0	0
30	5	1.92	1	1
30	5	1.683	1	1
30	5	3.653	1	1
30	5	2.003	1	1
30	5	0.6949	0	1
30	5	5.664	1	1
30	5	0.881	0	0
30	5	1.6	0	0
30	5	3.679	1	1
30	5	3.635	0	0
30	5	5.915	1	1
30	5	0.8739	1	1
30	5	0.9576	1	1
30	5	3.736	0	0
30	5	0.3953	1	1
30	5	1.648	1	1
30	5	0.8245	1	1
30	5	0.04197	1	1
30	5	0.6125	1	1
30	5	1.615	0	0
30	5	5.471	0	0
30	5	0.9019	1	1
30	5	1.895	1	1
30	5	1.064	1	1
30	5	3.298	0	0
30	5	1.884	0	0
30	5	5.602	0	0
30	5	0.4365	1	0
30	5	0.3002	0	0
30	5	0.2184	0	1
30	5	5.505	1	1
30	5	1.233	0	0
30	5	1.844	0	0
31	5	1.889	0	0
31	5	3.713	0	0
31	5	0.4306	1	1
31	5	0.3357	0	1
31	5	5.808	1	1
31	5	1.436	0	1
31	5	3.585	0	0
31	5	1.727	1	1
31	5	0.5358	0	0
31	5	4.135	0	0
31	5	2.956	1	1
31	5	1.121	1	1
31	5	5.314	0	0
31	5	3.501	0	0
31	5	3.915	1	1
31	5	1.009	0	1
31	5	0.5472	1	0
31	5	3.68	1	1
31	5	5.394	1	1
31	5	5.171	1	1
31	5	3.745	1	1
31	5	0.5496	0	0
31	5	1.765	1	1
31	5	0.2528	1	1
31	5	0.4776	0	0
31	5	0.552	1	1
31	5	1.075	1	1
31	5	1.564	1	1
31	5	0.7706	1	0
31	5	5.689	0	0
31	5	3.91	0	0
31	5	1.803	0	0
31	5	0.764	1	1
31	5	1.772	1	1
31	5	0.4922	1	0
31	5	1.112	0	0
31	5	5.555	1	1
31	5	5.362	0	0
31	5	5.411	0	0
31	5	2.002	1	1
31	5	0.7832	0	0
31	5	0.547	0	0
31	5	5.533	1	1
31	5	1.783	1	1
31	5	1.006	1	1
31	5	3.521	0	0
31	5	1.455	0	0
31	5	0.7007	0	1
31	5	5.485	1	1
31	5	1.107	0	0
32	5	1.978	0	0
32	5	1.836	0	0
32	5	3.703	1	1
32	5	0.7337	0	0
32	5	3.706	0	1
32	5	3.535	0	0
32	5	2.284	1	1
32	5	5.312	0	0
32	5	4.081	0	0
32	5	5.35	1	1
32	5	1.051	0	0
32	5	5.165	1	1
32	5	3.565	0	0
32	5	5.261	1	1
32	5	0.7852	0	1
32	5	3.797	1	1
32	5	0.6719	0	1
32	5	5.647	0	0
32	5	0.9867	1	1
32	5	0.7674	1	1
32	5	0.46	1	1
32	5	0.3884	1	1
32	5	1.683	0	0
32	5	0.7544	1	0
32	5	5.471	0	0
32	5	1.122	1	1
32	5	0.6313	1	1
32	5	3.486	0	1
32	5	3.696	0	0
32	5	1.603	0	0
32	5	1.761	0	1
32	5	0.851	0	1
32	5	5.157	1	1
32	5	1.766	0	0
32	5	0.4594	0	1
32	5	5.472	1	1
32	5	0.8899	1	0
32	5	0.8153	1	0
32	5	1.805	1	1
32	5	1.048	1	1
32	5	3.398	1	1
32	5	5.465	0	0
32	5	2.063	1	1
32	5	3.731	1	1
32	5	0.78	0	0
32	5	0.4342	0	1
32	5	0.3818	0	1
32	5	0.9893	1	1
32	5	5.179	1	1
32	5	1.69	1	1
33	5	0.8072	0	0
33	5	3.75	0	0
33	5	5.527	0	0
33	5	1.572	0	0
33	5	0.5983	0	1
33	5	5.437	1	1
33	5	5.251	0	0
33	5	1.339	1	0
33	5	4.952	1	1
33	5	3.702	0	0
33	5	3.389	1	1
33	5	1.529	0	0
33	5	0.2964	1	1
33	5	1.088	1	1
33	5	5.413	1	1
33	5	1.812	0	1
33	5	5.362	1	1
33	5	5.334	1	1
33	5	0.4885	0	1
33	5	0.3667	1	0
33	5	0.6918	1	0
33	5	1.77	0	1
33	5	3.681	0	0
33	5	5.373	1	1
33	5	2.019	1	1
33	5	0.8879	0	0
33	5	0.7133	0	1
33	5	0.5903	0	1
33	5	3.815	1	1
33	5	0.2141	1	1
33	5	1.127	0	0
33	5	1.034	0	0
33	5	3.629	0	0
33	5	0.8888	0	0
33	5	0.9227	1	0
33	5	1.92	0	1
33	5	0.7379	1	1
33	5	1.6	1	1
33	5	5.644	1	1
33	5	3.887	0	0
33	5	3.528	1	1
33	5	0.6732	1	0
33	5	5.368	1	1
33	5	1.094	0	0
33	5	3.591	1	1
33	5	0.3042	1	0
33	5	2.029	0	1
33	5	3.639	0	0
33	5	2.169	0	0
33	5	0.4083	1	0
34	5	0.837	0	1
34	5	2.013	0	0
34	5	1.796	1	1
34	5	3.541	1	1
34	5	0.8426	0	0
34	5	5.478	0	0
34	5	1.763	1	1
34	5	0.9293	0	0
34	5	3.622	1	1
34	5	0.9533	1	1
34	5	1.757	1	1
34	5	0.7418	1	0
34	5	5.492	0	0
34	5	5.544	0	0
34	5	3.807	1	1
34	5	0.6409	0	1
34	5	0.66	0	0
34	5	5.828	1	1
34	5	5.423	1	1
34	5	3.618	0	0
34	5	3.503	1	1
34	5	1.52	1	1
34	5	5.131	0	0
34	5	1.78	1	1
34	5	0.1782	1	1
34	5	1.594	1	1
34	5	0.6666	0	1
34	5	0.53	0	1
34	5	0.588	0	1
34	5	3.739	0	0
34	5	1.232	1	1
34	5	0.3848	0	1
34	5	5.138	0	0
34	5	0.5126	1	1
34	5	0.1351	1	1
34	5	0.4003	0	1
34	5	1.08	1	1
34	5	0.7035	1	1
34	5	0.4793	1	0
34	5	2.015	0	0
34	5	5.362	1	1
34	5	3.772	1	1
34	5	2.362	0	1
34	5	1.262	0	1
34	5	1.86	0	0
34	5	3.871	1	1
34	5	3.959	0	0
34	5	3.291	0	0
34	5	5.574	0	0
34	5	5.3	0	0
35	5	5.49	0	0
35	5	2.181	1	1
35	5	5.223	0	0
35	5	5.01	1	1
35	5	0.1353	1	1
35	5	1.016	1	1
35	5	0.6119	0	1
35	5	1.671	0	0
35	5	1.861	1	0
35	5	3.578	1	1
35	5	2.087	1	1
35	5	5.494	0	0
35	5	0.0127	0	0
35	5	0.8004	1	1
35	5	0.2824	1	1
35	5	0.4618	1	1
35	5	3.53	0	0
35	5	0.9224	1	0
35	5	0.4518	1	1
35	5	0.9013	1	1
35	5	1.794	0	0
35	5	0.6562	0	0
35	5	1.882	0	1
35	5	0.3827	1	1
35	5	0.8672	0	1
35	5	1.563	0	0
35	5	0.3868	0	1
35	5	0.8033	1	1
35	5	3.715	0	0
35	5	3.725	1	1
35	5	1.259	0	1
35	5	3.468	0	0
35	5	0.6041	0	0
35	5	3.72	0	0
35	5	3.724	0	0
35	5	3.33	1	1
35	5	5.475	0	0
35	5	5.453	1	1
35	5	0.5746	1	1
35	5	1.962	1	1
35	5	1.696	0	0
35	5	5.571	1	1
35	5	1.966	0	0
35	5	0.1716	0	0
35	5	1.039	0	0
35	5	5.583	0	0
35	5	5.653	1	1
35	5	5.358	1	1
35	5	3.937	0	0
35	5	3.264	1	1
36	5	1.352	0	0
36	5	1.51	0	1
36	5	5.515	1	1
36	5	0.8643	0	0
36	5	0.004626	1	0
36	5	1.923	0	0
36	5	3.57	0	0
36	5	0.7814	1	1
36	5	1.941	1	1
36	5	1.194	1	1
36	5	5.315	0	0
36	5	0.7518	0	0
36	5	0.5006	0	0
36	5	1.841	0	0
36	5	1.748	1	1
36	5	1.759	0	0
36	5	5.066	1	1
36	5	3.611	0	0
36	5	1.73	1	1
36	5	3.796	1	1
36	5	3.751	0	0
36	5	5.38	0	0
36	5	5.461	0	0
36	5	3.405	1	1
36	5	1.097	1	1
36	5	0.352	0	0
36	5	0.1161	1	1
36	5	1.793	0	1
36	5	1.063	1	0
36	5	3.559	1	1
36	5	3.677	0	0
36	5	1.195	1	1
36	5	1.038	1	0
36	5	3.423	1	1
36	5	3.69	1	1
36	5	1.021	0	0
36	5	1.663	0	1
36	5	0.6527	0	0
36	5	0.424	0	1
36	5	5.208	1	1
36	5	0.0837	0	1
36	5	0.7955	1	0
36	5	5.519	1	1
36	5	0.7729	1	0
36	5	0.4764	0	0
36	5	5.54	0	0
36	5	3.991	1	1
36	5	0.2963	1	1
36	5	5.606	1	0
36	5	5.37	1	1
37	5	5.328	1	1
37	5	0.496	1	0
37	5	5.23	1	1
37	5	5.479	0	0
37	5	0.9182	0	0
37	5	3.723	0	0
37	5	5.696	0	0
37	5	0.9195	1	0
37	5	3.667	1	1
37	5	1.87	1	1
37	5	1.981	0	0
37	5	0.4085	0	0
37	5	1.153	1	1
37	5	0.9387	0	1
37	5	3.848	0	0
37	5	3.831	1	1
37	5	1.904	0	0
37	5	5.401	0	0
37	5	5.553	0	0
37	5	0.2962	0	1
37	5	5.32	0	0
37	5	3.427	1	1
37	5	1.721	0	1
37	5	0.8748	0	0
37	5	0.5401	1	1
37	5	0.7889	1	1
37	5	0.2736	0	0
37	5	0.7388	1	1
37	5	0.8278	1	1
37	5	0.3366	1	1
37	5	3.734	0	0
37	5	0.01597	1	1
37	5	1.552	0	0
37	5	5.31	1	1
37	5	5.117	1	1
37	5	1.9	0	0
37	5	3.634	0	0
37	5	3.385	1	1
37	5	5.127	1	1
37	5	2.141	1	1
37	5	3.357	0	0
37	5	0.7419	1	0
37	5	0.7272	0	1
37	5	0.8138	0	0
37	5	3.701	0	0
37	5	0.5294	1	1
37	5	1.914	1	1
37	5	1.74	0	1
37	5	0.5253	1	1
37	5	1.992	1	0
38	5	3.656	0	1
38	5	3.621	0	0
38	5	0.4214	1	0
38	5	0.2316	0	0
38	5	0.496	1	0
38	5	0.6599	1	1
38	5	3.497	0	0
38	5	0.6708	1	1
38	5	1.183	1	1
38	5	5.357	0	0
38	5	0.9173	0	1
38	5	1.874	0	0
38	5	5.496	0	0
38	5	3.314	1	1
38	5	1.653	0	0
38	5	0.8209	1	1
38	5	1.982	0	0
38	5	1.801	1	1
38	5	5.71	0	0
38	5	3.656	0	0
38	5	5.414	0	1
38	5	3.545	1	1
38	5	1.871	1	1
38	5	1.261	0	0
38	5	0.7706	1	1
38	5	3.252	0	0
38	5	5.323	1	1
38	5	1.803	1	1
38	5	3.866	1	1
38	5	5.405	1	1
38	5	5.18	0	0
38	5	1.762	0	0
38	5	5.429	0	0
38	5	0.8062	0	1
38	5	5.432	1	1
38	5	0.8424	1	1
38	5	0.2343	1	0
38	5	0.4884	1	0
38	5	1.992	1	1
38	5	0.5932	1	1
38	5	1.647	0	0
38	5	0.8687	1	1
38	5	0.6125	1	1
38	5	2.108	0	0
38	5	0.3708	1	1
38	5	3.513	0	0
38	5	5.29	0	0
38	5	0.2908	0	1
38	5	3.511	1	1
38	5	0.39	1	1
39	5	3.244	1	1
39	5	5.559	0	0
39	5	0.6357	1	1
39	5	1.795	0	0
39	5	0.6975	0	1
39	5	0.7079	0	1
39	5	5.124	1	1
39	5	1.049	1	1
39	5	0.3334	1	1
39	5	3.469	0	0
39	5	3.668	0	0
39	5	5.311	1	1
39	5	0.5054	1	1
39	5	0.7024	1	1
39	5	1.043	0	1
39	5	3.851	1	1
39	5	3.446	0	0
39	5	1.907	1	1
39	5	2.152	0	1
39	5	5.167	0	0
39	5	3.633	1	1
39	5	5.167	1	1
39	5	0.4553	1	0
39	5	1.532	0	0
39	5	1.091	1	0
39	5	1.096	1	0
39	5	3.525	1	1
39	5	5.207	1	1
39	5	0.6786	0	0
39	5	3.613	0	0
39	5	3.469	0	0
39	5	3.397	0	0
39	5	0.3604	0	0
39	5	0.9684	1	0
39	5	5.606	1	1
39	5	0.8587	1	1
39	5	1.801	0	0
39	5	5.359	1	1
39	5	2.076	1	1
39	5	0.4072	0	0
39	5	1.666	1	1
39	5	0.6619	0	1
39	5	1.615	0	1
39	5	1.85	0	0
39	5	0.5767	0	1
39	5	5.418	1	1
39	5	0.6829	0	0
39	5	1.566	0	0
39	5	5.511	0	0
39	5	0.8712	1	1
40	6	0.8143	1	1
40	6	1.768	0	0
40	6	0.6264	1	1
40	6	3.834	1	1
40	6	2.041	1	1
40	6	5.389	1	1
40	6	1.171	1	1
40	6	0.8579	1	1
40	6	0.8452	0	1
40	6	1.089	1	1
40	6	1.776	0	0
40	6	1.855	0	0
40	6	5.121	0	0
40	6	1.743	1	1
40	6	5.251	1	1
40	6	0.5623	0	1
40	6	1.675	0	0
40	6	5.549	1	1
40	6	1.212	0	0
40	6	3.767	0	0
40	6	0.9706	0	0
40	6	4.025	0	0
40	6	1.71	0	1
40	6	3.956	1	1
40	6	0.3115	0	0
40	6	1.264	0	0
40	6	0.1263	1	1
40	6	0.6407	0	0
40	6	5.644	1	1
40	6	5.683	1	1
40	6	0.9372	1	1
40	6	3.683	0	0
40	6	0.6384	0	0
40	6	5.491	1	1
40	6	1.796	1	1
40	6	3.427	0	0
40	6	5.502	1	1
40	6	5.243	0	0
40	6	0.3205	1	1
40	6	0.9337	1	1
40	6	1.626	0	1
40	6	3.623	1	1
40	6	3.572	0	0
40	6	3.502	1	1
40	6	5.373	1	1
40	6	0.8382	1	1
40	6	1.92	0	0
40	6	0.3033	0	1
40	6	0.2468	0	0
40	6	3.539	1	1
41	6	0.5916	1	0
41	6	5.591	1	1
41	6	5.364	1	1
41	6	5.31	1	1
41	6	5.217	0	0
41	6	3.426	1	1
41	6	1.739	1	1
41	6	3.501	0	0
41	6	0.8179	1	1
41	6	1.42	1	1
41	6	3.594	1	1
41	6	2.016	1	0
41	6	0.7048	0	0
41	6	2.006	0	0
41	6	3.459	1	1
41	6	5.577	0	0
41	6	1.78	0	0
41	6	1.746	0	0
41	6	5.468	1	1
41	6	0.434	0	0
41	6	0.7774	1	1
41	6	1.126	0	0
41	6	3.448	0	0
41	6	5.362	0	0
41	6	1.173	0	0
41	6	0.7799	1	1
41	6	1.677	1	1
41	6	3.643	1	1
41	6	0.7507	0	0
41	6	1.794	0	0
41	6	5.084	1	1
41	6	5.051	0	0
41	6	5.541	1	1
41	6	1.132	1	0
41	6	3.578	0	0
41	6	1.266	1	0
41	6	0.7015	0	0
41	6	0.2986	0	1
41	6	3.809	0	0
41	6	0.4845	1	1
41	6	3.791	0	0
41	6	0.5832	0	0
41	6	3.492	0	0
41	6	1.063	0	0
41	6	1.519	1	1
41	6	1.324	0	1
41	6	0.5726	0	0
41	6	0.7428	1	1
41	6	0.3513	1	1
41	6	1.057	0	1
42	6	5.426	1	1
42	6	0.6501	0	0
42	6	1.073	1	1
42	6	0.3067	0	1
42	6	5.661	1	1
42	6	0.8717	1	0
42	6	5.427	1	1
42	6	1.108	1	0
42	6	3.728	1	1
42	6	5.52	0	0
42	6	3.614	1	1
42	6	0.6858	0	0
42	6	0.8588	1	1
42	6	0.2055	0	1
42	6	0.1276	1	0
42	6	3.609	0	0
42	6	1.852	1	1
42	6	1.887	0	0
42	6	5.448	1	1
42	6	0.8211	1	1
42	6	3.3	0	0
42	6	0.8502	0	0
42	6	0.5306	0	0
42	6	5.381	0	0
42	6	5.457	0	0
42	6	1.51	1	1
42	6	3.706	0	0
42	6	0.1221	0	0
42	6	3.565	0	1
42	6	5.058	0	0
42	6	0.2646	0	1
42	6	0.2999	0	1
42	6	0.8038	0	0
42	6	4.05	0	0
42	6	2.001	1	1
42	6	0.8359	1	1
42	6	1.784	0	1
42	6	3.775	1	1
42	6	1.733	1	1
42	6	0.07578	0	1
42	6	3.774	1	1
42	6	2.037	1	1
42	6	5.135	1	1
42	6	1.899	0	1
42	6	1.579	0	0
42	6	0.1464	0	0
42	6	1.011	1	1
42	6	1.93	1	1
42	6	3.735	0	1
42	6	5.251	1	1
43	6	5.249	1	1
43	6	2.186	1	1
43	6	5.478	1	1
43	6	0.66	1	1
43	6	3.738	1	1
43	6	0.367	1	1
43	6	1.856	0	0
43	6	0.9314	1	1
43	6	3.548	0	0
43	6	0.5799	1	1
43	6	1.852	1	1
43	6	3.362	0	0
43	6	1.953	1	1
43	6	0.4302	0	1
43	6	0.7957	1	1
43	6	0.9843	0	1
43	6	3.513	0	0
43	6	3.373	0	0
43	6	3.538	1	1
43	6	1.785	0	1
43	6	5.538	1	1
43	6	1.028	0	0
43	6	2.16	0	0
43	6	5.417	1	1
43	6	0.7203	1	1
43	6	1.172	0	0
43	6	5.081	0	0
43	6	5.271	0	0
43	6	0.5573	1	1
43	6	0.6603	1	0
43	6	0.9031	1	1
43	6	0.5984	0	1
43	6	1.975	0	1
43	6	5.259	1	1
43	6	0.1536	0	0
43	6	1.741	0	0
43	6	1.146	0	0
43	6	5.149	0	0
43	6	5.121	0	0
43	6	0.8008	0	0
43	6	0.3249	1	1
43	6	3.487	1	1
43	6	3.577	1	1
43	6	2.177	0	1
43	6	3.609	1	1
43	6	3.566	1	1
43	6	1.234	0	0
43	6	1.724	0	0
43	6	5.285	1	1
43	6	0.2027	1	0
44	6	0.303	1	0
44	6	0.6291	0	0
44	6	1.909	1	1
44	6	5.314	0	0
44	6	3.592	1	1
44	6	0.4044	1	1
44	6	3.746	0	0
44	6	1.043	0	1
44	6	0.3483	1	1
44	6	0.6846	0	0
44	6	5.16	0	0
44	6	1.115	0	0
44	6	5.584	1	1
44	6	0.3666	1	0
44	6	0.7186	0	0
44	6	0.4652	1	0
44	6	5.268	1	1
44	6	1.767	1	1
44	6	3.523	0	0
44	6	5.188	0	0
44	6	0.3239	1	0
44	6	1.54	0	1
44	6	5.459	1	1
44	6	0.9664	1	1
44	6	5.532	0	0
44	6	3.571	0	0
44	6	0.4051	0	0
44	6	5.464	0	0
44	6	2.252	0	0
44	6	3.439	0	0
44	6	3.629	1	1
44	6	0.4523	1	1
44	6	5.51	0	0
44	6	0.4359	1	1
44	6	0.5214	0	0
44	6	2.193	1	1
44	6	1.926	1	1
44	6	1.872	1	0
44	6	0.9838	1	1
44	6	1.593	1	1
44	6	1.825	1	1
44	6	3.702	0	1
44	6	5.251	1	1
44	6	3.676	0	1
44	6	0.9527	0	0
44	6	1.897	0	0
44	6	3.768	0	0
44	6	0.3596	1	1
44	6	0.9835	1	1
44	6	3.473	0	0
45	6	1.692	0	1
45	6	5.317	0	0
45	6	5.261	1	1
45	6	0.4193	0	1
45	6	0.9753	0	0
45	6	1.655	0	0
45	6	5.264	1	1
45	6	5.13	0	0
45	6	0.2412	1	0
45	6	0.8564	0	1
45	6	0.3512	1	1
45	6	3.61	1	1
45	6	5.096	0	0
45	6	5.184	1	1
45	6	3.458	1	1
45	6	0.8617	1	1
45	6	2.086	1	1
45	6	1.965	1	1
45	6	3.772	1	1
45	6	5.332	1	1
45	6	3.584	0	0
45	6	3.423	1	1
45	6	2.086	0	0
45	6	1.186	1	1
45	6	0.4372	1	0
45	6	1.765	0	0
45	6	1.001	1	0
45	6	0.2543	0	1
45	6	1.783	1	1
45	6	5.54	1	1
45	6	3.813	0	0
45	6	3.371	1	1
45	6	1.715	1	1
45	6	0.5645	0	0
45	6	1.927	1	1
45	6	5.65	0	0
45	6	0.246	1	0
45	6	5.405	1	1
45	6	0.2231	0	0
45	6	3.632	0	0
45	6	1.162	0	1
45	6	0.8907	0	1
45	6	1.486	0	0
45	6	0.6018	0	0
45	6	0.4217	0	1
45	6	0.6004	1	1
45	6	4.122	1	1
45	6	0.6298	1	1
45	6	3.448	0	0
45	6	0.7689	0	1
46	6	1.774	0	0
46	6	1.998	1	1
46	6	5.365	0	0
46	6	0.794	1	1
46	6	2.014	1	1
46	6	3.775	1	1
46	6	0.8485	0	1
46	6	0.6885	0	0
46	6	0.1635	0	1
46	6	0.8748	0	0
46	6	5.305	0	0
46	6	3.647	1	1
46	6	1.869	1	1
46	6	1.834	0	0
46	6	0.5291	1	1
46	6	5.292	0	0
46	6	5.944	0	0
46	6	5.253	1	1
46	6	0.2523	1	0
46	6	5.156	1	1
46	6	3.537	0	0
46	6	3.854	0	0
46	6	0.7767	1	0
46	6	3.758	1	1
46	6	0.827	0	0
46	6	1.929	0	0
46	6	0.9215	1	1
46	6	3.865	1	1
46	6	5.178	1	1
46	6	1.908	0	1
46	6	0.737	0	0
46	6	5.406	1	1
46	6	3.399	0	0
46	6	0.3856	0	0
46	6	0.5074	0	0
46	6	5.279	1	1
46	6	1.137	0	0
46	6	5.412	0	0
46	6	1.767	1	1
46	6	0.512	0	0
46	6	0.6779	1	0
46	6	1.824	1	1
46	6	0.01392	1	0
46	6	3.377	0	0
46	6	0.6194	1	0
46	6	1.649	1	1
46	6	3.797	1	1
46	6	0.8019	1	1
46	6	0.2212	0	0
46	6	3.363	1	1
47	6	5.216	1	1
47	6	0.3168	1	1
47	6	0.3362	1	0
47	6	3.715	1	1
47	6	1.99	0	1
47	6	1.095	0	0
47	6	5.31	1	1
47	6	1.757	0	0
47	6	1.811	0	0
47	6	1.661	1	1
47	6	0.4529	1	1
47	6	0.296	0	0
47	6	5.271	0	0
47	6	0.6053	1	1
47	6	0.8314	1	1
47	6	3.54	1	1
47	6	0.6556	0	1
47	6	1.052	1	0
47	6	1.7	1	1
47	6	3.914	0	0
47	6	3.477	0	0
47	6	5.551	1	1
47	6	1.118	0	0
47	6	0.4955	1	1
47	6	0.4418	0	0
47	6	3.59	0	0
47	6	0.8521	1	1
47	6	0.5874	0	0
47	6	5.738	1	1
47	6	1.896	1	1
47	6	1.604	1	1
47	6	0.5985	1	0
47	6	5.84	1	1
47	6	0.3517	0	1
47	6	5.704	1	1
47	6	0.8135	1	0
47	6	1.045	0	0
47	6	3.316	0	0
47	6	5.256	0	0
47	6	5.542	0	0
47	6	0.6429	0	1
47	6	3.708	0	1
47	6	1.06	0	1
47	6	0.997	1	1
47	6	1.428	0	0
47	6	5.391	1	1
47	6	3.563	0	0
47	6	3.778	0	0
47	6	3.667	1	1
47	6	2.117	1	1
48	6	1.734	1	1
48	6	5.396	1	1
48	6	0.8051	1	1
48	6	3.424	1	1
48	6	0.7755	0	0
48	6	0.6326	0	0
48	6	5.618	0	0
48	6	3.562	0	1
48	6	1.067	1	1
48	6	1.007	1	1
48	6	5.225	1	1
48	6	1.663	1	1
48	6	1.062	0	1
48	6	3.286	0	0
48	6	0.4116	1	1
48	6	0.4845	0	1
48	6	3.492	0	0
48	6	1.651	1	1
48	6	0.6536	1	1
48	6	0.7834	1	1
48	6	0.7371	0	0
48	6	0.9341	0	0
48	6	3.565	0	0
48	6	3.583	1	1
48	6	1.597	1	1
48	6	1.75	1	1
48	6	1.667	0	0
48	6	1.715	0	0
48	6	0.4386	0	0
48	6	1.921	1	1
48	6	3.765	0	0
48	6	5.299	1	1
48	6	5.457	0	0
48	6	5.209	1	1
48	6	2.013	0	0
48	6	0.4682	0	1
48	6	0.5585	0	0
48	6	5.322	1	1
48	6	5.124	0	0
48	6	5.485	0	0
48	6	0.7067	1	1
48	6	3.629	0	0
48	6	3.8	0	1
48	6	5.327	1	1
48	6	0.9107	1	1
48	6	3.423	1	1
48	6	1.465	0	1
48	6	1.087	1	0
48	6	1.126	0	1
48	6	0.4382	1	1
49	6	1.873	0	0
49	6	0.3998	1	1
49	6	5.094	1	1
49	6	1.716	0	0
49	6	0.3838	0	0
49	6	0.6214	0	0
49	6	3.593	0	0
49	6	0.4078	1	0
49	6	1.704	0	0
49	6	0.584	0	0
49	6	1.708	0	0
49	6	1.038	1	0
49	6	1.615	0	1
49	6	1.792	0	0
49	6	3.791	1	1
49	6	0.7411	1	1
49	6	3.431	1	1
49	6	5.606	0	0
49	6	3.784	0	0
49	6	5.449	1	1
49	6	1.1	1	1
49	6	0.06981	1	1
49	6	5.877	0	0
49	6	1.285	0	0
49	6	5.426	0	0
49	6	2.089	1	1
49	6	0.5422	1	1
49	6	3.453	0	1
49	6	3.807	0	0
49	6	3.832	1	1
49	6	1.231	0	0
49	6	5.42	1	1
49	6	5.186	1	1
49	6	0.1091	0	0
49	6	3.751	0	0
49	6	0.8787	1	1
49	6	5.172	1	1
49	6	0.6103	1	1
49	6	0.2197	0	1
49	6	1.749	1	1
49	6	0.8063	1	1
49	6	0.8977	1	1
49	6	0.911	0	0
49	6	1.76	0	0
49	6	5.257	1	1
49	6	1.268	0	1
49	6	0.6494	1	0
49	6	3.344	0	0
49	6	5.451	1	1
49	6	3.752	1	1
