0	2	1.047	0	0	-1.352
0	2	5.437	0	0	1.133
0	2	5.098	0	0	0.9407
0	2	3.613	1	1	0.0818
0	2	1.223	0	1	1.301
0	2	0.4872	1	1	1.424
0	2	0.565	0	1	0.1542
0	2	2.032	0	0	1.497
0	2	3.676	1	1	0.2129
0	2	3.755	1	1	0.7187
0	2	5.413	1	1	-0.5308
0	2	0.958	1	0	-1.288
0	2	3.5	1	0	0.4847
0	2	1.758	0	0	-0.5155
0	2	0.6838	1	0	-0.5103
0	2	1.214	1	0	-0.4885
0	2	5.58	0	0	-0.6838
0	2	3.428	1	1	-0.4557
0	2	0.7391	1	0	0.06376
0	2	1.813	0	0	-0.812
0	2	0.9604	0	0	-0.1855
0	2	5.32	0	0	-0.2494
0	2	0.9147	0	0	-0.2792
0	2	3.863	1	1	2.919
0	2	3.766	1	1	-0.2266
0	2	1.639	1	1	-0.389
0	2	1.77	0	0	-0.5771
0	2	3.623	1	1	1.177
0	2	0.8555	0	0	1.516
0	2	1.569	0	0	0.959
0	2	5.271	0	0	-0.5379
0	2	0.1348	0	0	0.0464
0	2	0.8891	1	1	0.7382
0	2	1.222	1	0	1.184
0	2	5.36	1	1	-0.6058
0	2	0.6794	0	1	-0.9806
0	2	3.659	1	1	1.976
0	2	3.499	0	0	-0.206
0	2	1.747	0	1	-0.5887
0	2	0.3728	1	1	-0.03439
0	2	5.546	1	1	0.314
0	2	1.061	1	0	0.317
0	2	0.569	0	0	1.462
0	2	5.364	1	1	-1.186
0	2	5.464	0	0	-0.9029
0	2	1.938	0	0	-1.899
0	2	1.694	1	1	0.1281
0	2	1.527	0	0	-0.9885
0	2	0.9318	0	0	0.5248
0	2	0.5905	1	0	-0.05697
1	2	5.511	0	0	-1.634
1	2	5.646	1	1	-0.7891
1	2	1.941	0	0	-0.9149
1	2	0.373	1	1	-0.2972
1	2	2.066	0	0	-1.039
1	2	1.585	0	0	-0.8636
1	2	1.896	1	1	-0.8658
1	2	3.596	0	0	-0.2324
1	2	2.026	1	1	0.3363
1	2	5.173	0	0	-1.459
1	2	3.654	1	1	0.09653
1	2	5.364	1	1	-0.5442
1	2	3.354	1	1	-0.438
1	2	0.7523	1	1	-0.7778
1	2	2.099	1	1	-0.5832
1	2	0.5125	0	1	-1.019
1	2	0.0396	1	0	-0.8217
1	2	1.651	0	0	-0.3423
1	2	1.023	0	0	-0.8732
1	2	0.4661	1	1	-1.398
1	2	3.503	0	0	0.5898
1	2	1.582	1	0	1.148
1	2	3.645	1	1	-0.9279
1	2	1.255	1	1	-0.6849
1	2	1.787	1	0	-0.856
1	2	0.6345	0	0	-0.7382
1	2	0.2917	0	0	-0.5233
1	2	0.132	0	1	-0.5274
1	2	1.759	0	0	-0.7703
1	2	0.345	0	1	0.3513
1	2	0.3814	0	0	-0.3712
1	2	3.384	1	1	0.7151
1	2	3.507	1	1	0.8691
1	2	5.063	1	1	-0.4299
1	2	3.792	1	1	-0.2023
1	2	5.47	1	1	-0.1691
1	2	0.8103	0	0	0.7475
1	2	1.148	0	1	0.06308
1	2	0.507	1	1	0.4051
1	2	0.7978	1	0	-0.6296
1	2	1.121	0	1	1.105
1	2	1.29	1	0	-0.137
1	2	3.429	0	0	-0.6153
1	2	5.505	0	0	-2.159
1	2	0.5677	0	0	1.354
1	2	0.8043	0	1	0.1369
1	2	5.442	0	0	-1.464
1	2	5.773	1	1	-0.8039
1	2	3.543	1	1	-0.8477
1	2	5.633	0	0	0.7736
2	2	0.3979	1	0	-1.515
2	2	5.105	0	0	0.09318
2	2	5.422	0	0	-0.02253
2	2	5.166	0	0	-0.1544
2	2	0.581	1	1	0.1652
2	2	1.763	1	1	0.2359
2	2	3.614	0	0	0.00182
2	2	3.325	0	1	0.01076
2	2	1.584	1	1	-0.12
2	2	0.4615	1	1	-0.7708
2	2	0.2109	0	0	1.227
2	2	1.731	0	1	2.335
2	2	0.9994	1	0	1.42
2	2	5.494	0	0	0.1668
2	2	0.9287	1	0	0.9273
2	2	3.843	0	0	-1.268
2	2	0.6355	0	1	0.1245
2	2	4.022	0	0	-0.296
2	2	1.05	1	1	-0.4509
2	2	0.3482	0	0	0.6742
2	2	0.6981	0	1	0.5124
2	2	3.633	0	0	-0.5113
2	2	1.038	0	1	-0.1218
2	2	0.4778	0	1	0.7272
2	2	0.8754	0	0	-1.124
2	2	0.5309	0	0	-0.7035
2	2	3.629	1	0	-0.6277
2	2	0.7028	0	0	-0.1096
2	2	5.064	0	1	-0.2683
2	2	3.405	1	1	0.3007
2	2	0.8011	0	1	-0.09649
2	2	1.86	1	1	-2.087
2	2	1.759	1	1	-0.3614
2	2	5.432	0	0	-2.195
2	2	5.396	1	1	-0.6368
2	2	5.765	1	1	-1.189
2	2	5.238	0	0	-0.5348
2	2	1.838	1	1	0.547
2	2	3.799	1	1	-0.05928
2	2	0.1435	1	0	-0.3308
2	2	1.77	1	1	-0.9278
2	2	0.6763	1	0	0.967
2	2	1.822	1	1	0.6186
2	2	5.313	0	0	-0.3552
2	2	1.871	1	1	-1.102
2	2	3.502	1	1	-0.172
2	2	0.5415	0	0	-0.4936
2	2	1.834	1	1	-0.2692
2	2	1.126	1	0	1.039
2	2	3.092	1	1	-1.227
3	2	0.4174	1	1	-0.276
3	2	1.359	0	0	1.196
3	2	5.331	1	1	0.6272
3	2	0.1289	1	0	1.325
3	2	1.537	1	0	2.139
3	2	1.152	0	0	0.7508
3	2	0.6697	1	0	-1.38
3	2	1.288	0	1	0.4236
3	2	3.684	0	0	0.03641
3	2	0.6658	1	0	0.1082
3	2	3.755	0	0	0.4303
3	2	5.198	0	0	0.5002
3	2	1.8	1	0	-0.525
3	2	0.8316	1	0	0.4904
3	2	5.787	1	0	2.037
3	2	1.731	0	0	0.847
3	2	5.613	0	0	0.2048
3	2	3.517	1	1	-0.5105
3	2	3.822	0	0	-1.237
3	2	3.706	0	0	-1.51
3	2	1.707	0	0	-1.605
3	2	0.828	0	0	-1.252
3	2	3.59	0	0	-1.575
3	2	0.7858	1	0	-0.3625
3	2	3.839	1	1	-0.3555
3	2	5.175	1	1	-0.1777
3	2	5.424	1	1	-0.9477
3	2	1.511	0	0	0.2434
3	2	5.594	0	0	-1.2
3	2	1.028	1	0	-1.07
3	2	0.9382	0	0	-0.5604
3	2	0.4863	1	1	-1.425
3	2	5.351	0	0	-0.1362
3	2	1.113	0	0	-1.099
3	2	5.38	0	0	-1.416
3	2	0.4902	0	0	-0.1111
3	2	1.653	0	0	1.668
3	2	2.102	1	0	1.411
3	2	0.9581	1	1	-0.8108
3	2	2.224	0	0	-0.4636
3	2	0.8516	1	1	-0.778
3	2	3.495	1	1	-1.807
3	2	0.24	0	1	-0.2023
3	2	0.9332	1	0	0.3142
3	2	3.568	1	1	-1.342
3	2	5.674	1	1	0.5205
3	2	0.3943	0	0	-0.09757
3	2	0.4207	1	1	-0.2671
3	2	3.438	1	1	-0.3212
3	2	0.6883	0	0	-0.269
4	2	0.9306	0	1	-1.546
4	2	0.7836	0	1	-0.0461
4	2	5.414	1	1	-0.5062
4	2	0.2244	1	0	0.7071
4	2	3.419	1	0	-0.3716
4	2	0.4952	1	0	-0.1369
4	2	1.919	1	1	-0.3706
4	2	5.553	0	0	-1.567
4	2	0.6643	0	1	-0.3352
4	2	1.877	1	1	-0.356
4	2	0.6752	0	1	-0.6424
4	2	0.5519	1	0	0.66
4	2	0.6732	1	0	0.4131
4	2	1.106	1	1	1.9
4	2	1.955	0	0	-1.035
4	2	0.6682	0	0	-1.211
4	2	0.3597	1	0	-0.8389
4	2	5.18	0	0	-0.9147
4	2	0.4794	1	1	-0.4074
4	2	5.346	0	0	-0.5432
4	2	1.789	1	1	0.6932
4	2	0.762	0	0	-1.045
4	2	0.8943	0	1	-0.7601
4	2	5.532	0	0	-0.5051
4	2	3.869	0	1	0.02473
4	2	5.409	0	0	-1.482
4	2	1.772	1	0	-1.296
4	2	3.628	0	0	0.01299
4	2	1.858	0	0	-0.6799
4	2	0.7221	1	0	-0.01983
4	2	1.81	0	0	-0.575
4	2	1.653	0	1	0.9151
4	2	1.001	1	1	0.1821
4	2	4.163	0	0	-0.3722
4	2	0.4275	1	0	-1.916
4	2	0.9131	1	0	0.3837
4	2	0.8218	1	1	0.1271
4	2	3.675	1	1	-0.1595
4	2	1.985	0	0	-1.155
4	2	5.122	1	1	-1.291
4	2	0.2043	1	0	-0.4748
4	2	1.567	1	1	-0.2755
4	2	3.85	1	1	2.403
4	2	3.55	0	0	-1.522
4	2	5.555	1	1	0.3601
4	2	3.731	0	0	-0.08706
4	2	3.517	0	1	0.5467
4	2	5.195	0	0	-0.4158
4	2	3.508	1	1	-0.789
4	2	5.558	1	1	-0.187
5	2	0.5893	1	1	0.08125
5	2	5.472	0	0	-0.3752
5	2	0.4226	0	0	0.384
5	2	0.4766	1	1	0.4392
5	2	0.6139	1	1	1.613
5	2	0.4836	1	0	-0.2541
5	2	3.832	0	0	-0.7159
5	2	5.07	1	1	-0.3451
5	2	0.7265	0	0	0.3233
5	2	1.912	0	0	0.0955
5	2	5.378	1	1	-0.7508
5	2	0.8194	0	1	-0.9267
5	2	0.2819	1	0	-0.9596
5	2	1.943	0	0	-0.3173
5	2	5.551	1	1	-0.9148
5	2	5.935	0	0	-0.02956
5	2	1.549	0	0	-0.01879
5	2	1.096	0	1	0.2659
5	2	0.8128	1	1	1.682
5	2	3.531	0	0	0.7501
5	2	0.867	0	1	-0.1941
5	2	0.1574	1	1	0.9992
5	2	3.789	1	1	-0.6404
5	2	5.396	0	0	-0.1082
5	2	1.092	0	1	0.6398
5	2	3.331	1	1	0.01867
5	2	3.639	1	1	0.008696
5	2	1.44	1	1	-0.077
5	2	3.485	1	1	0.07231
5	2	0.1203	1	1	-0.5384
5	2	2.053	1	0	0.3358
5	2	3.751	1	1	0.08953
5	2	0.3202	0	0	-0.465
5	2	0.1603	0	0	0.7111
5	2	3.536	1	1	-0.2345
5	2	1.683	1	1	0.3496
5	2	3.509	0	0	-0.6148
5	2	0.6185	1	0	-0.8816
5	2	5.382	0	0	-0.1291
5	2	5.709	1	1	-1.421
5	2	5.657	1	1	-0.6544
5	2	1.066	0	0	-1.051
5	2	1.778	0	0	0.4276
5	2	0.9613	0	0	0.05537
5	2	1.723	1	0	-0.4079
5	2	5.805	0	0	-0.6545
5	2	0.1015	0	0	-1.433
5	2	0.4871	0	0	2.073
5	2	1.773	0	1	1.586
5	2	3.568	1	1	0.4351
6	2	0.5294	0	1	-2.345
6	2	1.474	0	0	0.4116
6	2	0.2435	0	0	1.107
6	2	5.365	1	1	-0.713
6	2	0.8539	1	1	0.8387
6	2	0.6843	0	0	-1.419
6	2	3.524	0	0	-0.4731
6	2	0.5962	1	0	1.182
6	2	3.54	1	1	-0.3655
6	2	5.309	0	0	-0.2681
6	2	1.168	0	0	0.4355
6	2	0.5941	0	0	-1.443
6	2	3.298	1	0	-0.126
6	2	4.959	1	1	-1.156
6	2	1.838	1	1	-0.7999
6	2	4.119	1	1	-0.5089
6	2	0.6354	0	1	-0.7339
6	2	2.887	0	0	-0.5005
6	2	0.2999	0	1	-0.5941
6	2	0.8119	1	0	0.2681
6	2	5.715	1	1	0.5483
6	2	3.347	0	0	-1.308
6	2	0.8998	1	0	-0.8716
6	2	1.997	0	0	0.7808
6	2	0.3773	0	0	-0.2857
6	2	1.671	1	0	1.52
6	2	1.134	0	0	-0.5032
6	2	1.202	1	0	1.224
6	2	5.375	1	1	0.3175
6	2	0.2824	1	0	-0.2233
6	2	2.059	0	0	0.2383
6	2	1.884	1	1	0.7228
6	2	5.201	1	1	-0.5096
6	2	3.895	0	0	-0.1398
6	2	0.5614	1	1	0.7985
6	2	5.413	0	0	-0.5935
6	2	1.401	1	1	-0.2266
6	2	0.821	0	0	-0.5227
6	2	3.372	0	0	-0.8252
6	2	5.318	0	0	-0.4612
6	2	0.07288	1	1	-1.332
6	2	1.679	1	1	-0.04578
6	2	3.751	0	0	0.7516
6	2	0.6334	0	0	0.6078
6	2	5.233	0	0	0.8787
6	2	5.321	0	0	0.1704
6	2	1.846	1	1	-0.5804
6	2	3.454	0	0	-0.3379
6	2	0.1023	1	0	-0.1978
6	2	1.762	1	1	-0.461
7	2	0.7137	0	0	-1.591
7	2	0.2008	1	1	0.0405
7	2	3.517	1	1	-0.4052
7	2	1.901	0	0	0.04094
7	2	1.654	0	0	-0.2372
7	2	0.1399	1	1	-0.1993
7	2	5.445	0	0	-0.3906
7	2	1.706	0	0	-0.5567
7	2	3.705	0	0	0.09181
7	2	1.171	1	1	0.8793
7	2	1.053	1	1	0.1515
7	2	1.031	0	0	-0.1793
7	2	5.565	0	0	-1.484
7	2	5.307	0	0	-0.3586
7	2	3.858	1	1	-1.182
7	2	0.6647	1	1	1.11
7	2	1.559	1	1	0.5602
7	2	5.531	0	0	-0.7725
7	2	3.34	0	0	-0.05191
7	2	0.522	0	0	-0.174
7	2	0.4734	0	1	-1.095
7	2	0.4289	1	1	0.8281
7	2	5.347	0	0	-0.1896
7	2	1.276	1	0	-0.3697
7	2	2.052	1	1	-0.6689
7	2	3.504	1	1	-0.1878
7	2	0.6019	1	0	-0.8717
7	2	0.9553	1	1	-0.675
7	2	0.4168	0	1	-0.01729
7	2	1.094	1	1	1.671
7	2	4.962	1	1	-0.4266
7	2	3.581	0	0	0.1335
7	2	5.6	1	1	0.1046
7	2	1.441	1	1	1.027
7	2	5.263	1	1	-0.7618
7	2	0.7614	1	1	-0.7027
7	2	3.789	0	0	-1.196
7	2	1.627	0	0	0.141
7	2	0.5834	0	1	-0.5664
7	2	1.745	1	1	-0.6147
7	2	0.5611	0	1	-0.3723
7	2	0.9559	1	1	0.3301
7	2	3.858	0	0	-0.7764
7	2	3.734	0	0	-1.063
7	2	0.247	1	0	0.4556
7	2	1.804	0	0	-1.422
7	2	3.737	1	1	0.01858
7	2	1.432	0	0	0.645
7	2	5.634	0	0	1.269
7	2	5.7	1	1	-0.704
8	2	2.279	1	1	-2.041
8	2	3.899	1	1	-1.462
8	2	0.1865	0	0	0.9063
8	2	2	1	1	-0.6924
8	2	3.615	1	1	0.09205
8	2	1.735	1	1	-0.6067
8	2	2.003	0	0	0.5228
8	2	2.035	0	1	0.1206
8	2	5.773	0	0	0.1016
8	2	5.278	1	1	1.051
8	2	0.7036	0	1	0.2057
8	2	0.6649	0	0	-1.449
8	2	4.953	0	0	-0.02704
8	2	0.6572	1	1	-0.8674
8	2	3.837	1	1	-0.3012
8	2	1.949	0	1	-0.4733
8	2	0.8172	0	1	0.2913
8	2	1.046	1	1	-0.2823
8	2	3.21	1	1	-1.076
8	2	3.625	0	0	-0.4731
8	2	1.755	1	1	-0.2532
8	2	0.6993	0	0	-0.7922
8	2	5.43	1	1	-1.001
8	2	5.508	1	1	-1.023
8	2	0.7584	0	0	-0.1486
8	2	0.4635	1	1	-1.612
8	2	4.026	0	0	-0.5707
8	2	2.021	0	0	0.4723
8	2	0.7292	1	0	0.4023
8	2	5.452	0	0	-0.6618
8	2	1.68	1	1	0.1893
8	2	0.4967	0	1	1.675
8	2	3.523	0	0	-0.07425
8	2	1.523	1	1	-0.3281
8	2	4.022	1	1	-0.1009
8	2	0.1396	1	0	-1.205
8	2	0.4238	0	1	-0.03237
8	2	0.9194	0	0	-0.1612
8	2	0.4551	0	0	-0.6499
8	2	5.421	0	0	-0.6906
8	2	0.3905	1	0	-0.6262
8	2	5.474	1	1	-1.305
8	2	0.6395	1	1	-0.5428
8	2	3.425	0	0	-0.1481
8	2	5.388	0	0	-0.8438
8	2	0.7619	0	0	0.5073
8	2	3.606	1	1	-1.061
8	2	5.621	1	1	-1.734
8	2	0.6217	0	1	0.203
8	2	0.8277	1	0	1.418
9	2	5.62	1	1	-1.824
9	2	5.498	0	0	-0.7864
9	2	5.867	1	1	-0.7797
9	2	0.5222	1	0	0.271
9	2	3.613	1	1	-0.1465
9	2	0.7107	1	0	-0.6508
9	2	0.5642	0	0	1.271
9	2	1.543	1	0	0.491
9	2	0.9737	0	0	-0.3507
9	2	0.801	0	0	1.314
9	2	2.117	1	1	-1.212
9	2	1.701	1	1	1.329
9	2	0.2928	1	0	2.478
9	2	5.338	0	0	-0.3479
9	2	0.6353	0	0	-0.9299
9	2	3.815	1	1	-0.9928
9	2	3.539	1	1	-0.6054
9	2	1.757	0	0	-0.1166
9	2	0.3794	0	1	-0.02116
9	2	1.933	1	1	-0.05172
9	2	0.7507	1	1	-0.7117
9	2	0.6159	0	0	0.3594
9	2	0.3519	1	1	-0.09071
9	2	3.854	1	1	1.216
9	2	3.398	0	0	-0.3666
9	2	0.8945	1	1	-0.1495
9	2	0.7474	1	1	0.1774
9	2	4.247	1	0	1.627
9	2	4.137	1	1	-0.7582
9	2	3.658	0	0	-0.7982
9	2	5.612	1	1	0.112
9	2	0.9751	0	0	0.8031
9	2	1.084	0	0	-0.1863
9	2	0.6116	1	1	1.052
9	2	1.082	0	1	-0.3302
9	2	5.546	0	0	-0.2223
9	2	3.532	0	0	-0.4366
9	2	1.846	0	0	-0.3224
9	2	0.1862	0	0	1.197
9	2	3.606	1	1	0.3183
9	2	5.311	1	1	-0.6598
9	2	0.9154	0	0	-0.7383
9	2	0.5229	0	0	-0.3696
9	2	1.701	0	0	-1.638
9	2	1.738	0	0	-0.2381
9	2	5.41	0	0	-0.7734
9	2	1.785	1	1	2.655
9	2	5.25	0	0	1.603
9	2	5.359	1	1	-0.8927
9	2	1.87	1	1	-0.9287
10	3	0.5039	1	1	-1.403
10	3	3.38	1	0	0.4187
10	3	0.4287	1	1	-0.3087
10	3	1.176	0	0	-0.05782
10	3	3.616	0	0	-0.2376
10	3	0.8126	0	0	1.166
10	3	5.271	0	0	-0.3602
10	3	1.895	1	1	-0.2744
10	3	1.176	1	1	0.9078
10	3	5.812	1	1	0.151
10	3	3.479	1	1	-0.9125
10	3	0.518	1	0	-0.2724
10	3	3.734	0	0	-0.1515
10	3	5.439	1	1	-0.1955
10	3	1.474	0	0	-0.3498
10	3	4.955	0	0	-0.6787
10	3	1.713	1	0	1.122
10	3	0.6072	0	0	0.6003
10	3	0.5485	1	1	0.8518
10	3	1.835	0	1	-0.2002
10	3	0.9776	1	1	0.1817
10	3	5.669	0	0	-0.6707
10	3	0.3181	1	1	-1.116
10	3	3.594	0	0	-0.3536
10	3	0.4017	1	0	-0.8581
10	3	1.727	0	0	-1.56
10	3	0.8325	1	1	-0.9771
10	3	0.8969	1	1	-1.224
10	3	0.5656	1	1	-0.0327
10	3	1.506	1	1	-0.6613
10	3	3.655	1	1	-0.2415
10	3	0.5996	0	0	-0.08505
10	3	3.856	0	1	0.1211
10	3	3.397	0	0	-0.1763
10	3	1.866	0	0	-0.2332
10	3	3.802	0	0	0.6156
10	3	0.4772	0	0	2.614
10	3	3.607	1	1	-0.7911
10	3	0.7055	0	1	0.664
10	3	5.099	1	1	-0.3126
10	3	0.7782	0	0	0.2706
10	3	5.207	0	0	-0.5451
10	3	0.5338	0	1	0.7674
10	3	0.08523	0	0	0.0825
10	3	1.534	0	0	0.4058
10	3	5.582	1	1	0.8939
10	3	5.307	0	0	-0.737
10	3	1.991	1	1	-0.04401
10	3	5.508	1	1	-1.125
10	3	1.644	1	1	0.1542
11	3	0.7041	0	1	-1.517
11	3	1.888	1	0	-1.537
11	3	1.674	0	0	0.9186
11	3	3.82	0	0	-1.198
11	3	3.509	0	0	-0.6538
11	3	0.6865	0	1	-0.3698
11	3	1.792	1	0	0.796
11	3	5.337	1	1	0.1183
11	3	0.5006	1	0	-0.686
11	3	5.37	1	1	-0.8003
11	3	0.6957	1	1	-1.161
11	3	2.018	1	1	2.526
11	3	1.428	1	1	-0.5903
11	3	1.838	0	0	-1.469
11	3	1.162	1	1	-0.3654
11	3	3.553	1	1	0.8658
11	3	0.1905	0	0	1.275
11	3	0.6541	1	1	0.9372
11	3	5.41	0	0	-1.143
11	3	0.2108	0	0	-0.8005
11	3	0.789	0	0	0.3167
11	3	0.4239	0	1	0.09297
11	3	3.503	0	0	-0.2057
11	3	5.262	1	1	0.7443
11	3	0.7874	1	0	-0.8263
11	3	3.508	0	0	-0.6729
11	3	3.811	1	1	0.6431
11	3	5.584	0	0	-0.8273
11	3	1.917	0	1	-0.4059
11	3	3.766	1	1	-0.1601
11	3	2.526	0	0	-0.6845
11	3	3.811	0	0	-1.287
11	3	1.291	1	1	1.068
11	3	0.9028	1	0	0.6381
11	3	0.3172	1	0	0.8867
11	3	0.911	0	0	-0.7195
11	3	1.827	1	1	0.05471
11	3	5.198	0	0	1.73
11	3	5.358	1	1	-1.168
11	3	3.241	1	1	-0.9684
11	3	0.7039	0	0	-0.8965
11	3	5.024	1	1	-1.176
11	3	1.16	1	0	0.7258
11	3	5.508	0	0	-1.097
11	3	5.285	0	0	-0.2799
11	3	2.048	1	1	-0.9179
11	3	1.938	0	1	0.7109
11	3	0.8302	1	0	1.539
11	3	3.776	1	1	-0.06371
11	3	0.8402	0	0	0.08343
12	3	3.276	0	1	-1.379
12	3	0.2815	1	0	1.317
12	3	0.2785	1	0	0.9024
12	3	1.757	0	0	-0.4352
12	3	5.309	1	1	0.04568
12	3	3.587	1	1	-0.8316
12	3	5.287	0	0	-0.5229
12	3	0.9306	0	0	-0.3193
12	3	1.885	1	1	-0.9755
12	3	1.318	1	1	-0.171
12	3	0.5119	1	0	0.02442
12	3	0.9655	1	1	-0.5713
12	3	5.533	0	0	-0.7557
12	3	3.841	0	0	-0.6761
12	3	3.285	1	1	-0.6137
12	3	5.194	0	0	-0.3116
12	3	1.03	1	0	0.7495
12	3	1.919	1	0	0.7855
12	3	1.103	1	1	0.6595
12	3	3.685	0	0	0.1739
12	3	0.853	1	0	-0.1597
12	3	0.7643	1	1	0.08394
12	3	5.288	1	1	-0.9261
12	3	0.2551	0	0	1.093
12	3	3.571	0	0	-0.1399
12	3	5.388	1	1	-0.3212
12	3	3.534	0	0	-0.5154
12	3	5.278	1	1	-1.401
12	3	3.442	0	0	-0.252
12	3	1.859	1	1	-0.6245
12	3	1.791	1	1	-1.109
12	3	0.9121	1	1	-0.4026
12	3	0.4448	0	0	0.3371
12	3	0.3018	1	0	0.8625
12	3	5.541	0	0	-1.179
12	3	1.715	0	0	-0.1077
12	3	3.582	0	0	0.7444
12	3	0.1776	0	0	1.425
12	3	1.797	0	0	-0.3248
12	3	0.3362	0	1	-0.8428
12	3	1.468	1	1	-1.191
12	3	5.527	0	0	-0.5571
12	3	0.95	0	0	-0.4764
12	3	5.099	0	0	-0.4993
12	3	0.5597	0	1	0.76
12	3	1.879	0	0	-1.524
12	3	3.558	1	1	-1.172
12	3	0.2482	1	0	0.007361
12	3	1.746	0	0	0.2275
12	3	0.7278	1	0	-0.1128
13	3	5.722	1	1	-1.696
13	3	2.091	1	1	-0.4113
13	3	5.674	1	1	-0.6103
13	3	3.281	1	1	-0.106
13	3	2.115	0	0	-0.843
13	3	0.9241	1	1	0.3773
13	3	0.06827	1	0	-1.837
13	3	0.2738	0	1	0.2509
13	3	3.28	0	0	-0.3822
13	3	1.65	0	0	-0.07712
13	3	1.015	1	1	0.6789
13	3	5.56	1	1	-0.3474
13	3	0.5865	0	0	-0.6513
13	3	3.868	1	1	-0.4058
13	3	0.4913	1	1	-1
13	3	3.632	0	0	-0.8267
13	3	1.949	0	0	-0.6511
13	3	3.621	1	1	0.1427
13	3	0.6969	0	1	0.6827
13	3	1.81	0	0	0.6107
13	3	0.6324	0	0	-0.8654
13	3	3.657	0	0	-0.2162
13	3	0.5798	0	0	1.294
13	3	5.425	1	1	-0.7914
13	3	5.377	0	0	-1.148
13	3	5.329	1	1	-0.3919
13	3	1.695	1	1	-0.1433
13	3	0.8786	1	1	0.08424
13	3	5.289	0	0	0.3096
13	3	3.652	0	0	0.5236
13	3	0.3919	1	1	-0.4558
13	3	0.3936	0	0	-1.277
13	3	1.69	1	1	-0.7822
13	3	5.718	0	0	-0.3166
13	3	5.383	1	1	-0.2774
13	3	1.103	1	0	-0.04363
13	3	3.937	1	1	-0.1314
13	3	1.458	0	0	0.1752
13	3	0.7698	0	0	0.6529
13	3	3.799	0	0	-0.7514
13	3	1.096	0	1	0.9039
13	3	5.075	1	1	0.7161
13	3	0.6754	0	0	-1.886
13	3	1.644	0	0	-0.8847
13	3	1.107	1	0	-0.3033
13	3	0.8497	1	1	1.586
13	3	0.6652	0	1	2.24
13	3	3.453	1	1	-0.1352
13	3	0.365	1	1	0.6989
13	3	1.877	1	1	-0.1207
14	3	5.328	0	0	-1.527
14	3	1.313	1	1	-0.05351
14	3	1.757	0	0	-0.3684
14	3	1.439	0	1	-0.4214
14	3	3.958	0	0	-0.4434
14	3	1.901	1	1	-0.3095
14	3	5.592	1	1	-0.4227
14	3	5.361	0	0	-1.032
14	3	1.892	1	1	0.3697
14	3	0.5873	1	0	-0.7167
14	3	3.464	0	0	-0.8788
14	3	5.505	0	0	0.3801
14	3	1.037	1	1	1.263
14	3	0.8091	1	1	-1.016
14	3	1.741	0	1	2.142
14	3	3.617	1	1	-0.5353
14	3	1.967	1	1	0.849
14	3	3.303	0	1	-0.2134
14	3	1.646	0	0	-0.5658
14	3	5.505	0	0	-0.6873
14	3	0.6588	1	0	2.502
14	3	0.5358	0	1	0.8824
14	3	0.3263	0	1	1.327
14	3	0.975	1	1	-0.35
14	3	0.8129	1	0	-0.9161
14	3	0.4828	1	1	0.6228
14	3	0.3009	0	0	1.475
14	3	3.383	1	1	-0.2693
14	3	5.234	1	1	-0.9667
14	3	0.7451	1	1	-0.4947
14	3	3.948	0	0	-0.293
14	3	1.232	0	0	-0.2026
14	3	3.473	0	0	-0.6691
14	3	0.469	1	1	-0.8425
14	3	1.624	1	1	-0.7752
14	3	5.07	0	0	-1.078
14	3	3.654	0	0	0.02112
14	3	5.46	0	0	-0.5736
14	3	0.4122	0	0	-0.2067
14	3	5.32	0	0	-1.437
14	3	5.225	1	1	-1.984
14	3	1.691	0	0	-0.8578
14	3	0.2366	1	1	-1.004
14	3	0.9029	1	0	0.1255
14	3	1.731	0	0	-1.333
14	3	1.748	1	0	-0.2586
14	3	3.495	0	0	-0.8646
14	3	3.765	1	1	-1.84
14	3	1.054	1	0	0.4878
14	3	0.8552	1	1	-1.116
15	3	3.518	0	0	-0.6216
15	3	1.543	0	1	0.6777
15	3	3.541	1	0	0.2442
15	3	1.892	1	0	3.111
15	3	1.672	1	1	1.694
15	3	1.317	1	1	1.461
15	3	1.911	1	1	-1.109
15	3	0.2915	0	0	1.812
15	3	0.8714	1	1	2.665
15	3	0.8903	0	0	-0.6318
15	3	3.846	1	1	0.2016
15	3	1.495	0	0	0.395
15	3	5.439	1	1	-0.8637
15	3	0.9988	1	0	0.5814
15	3	5.529	0	0	0.2618
15	3	0.9227	1	0	0.7075
15	3	1.782	0	0	0.2842
15	3	0.532	1	1	1.852
15	3	3.458	0	0	-0.3181
15	3	0.4557	1	1	0.3818
15	3	0.7404	1	0	-0.8
15	3	5.685	1	1	-0.04102
15	3	0.8202	1	1	0.8741
15	3	0.6226	1	1	-0.5502
15	3	0.3436	1	1	-0.6925
15	3	3.884	0	0	2.888
15	3	0.5658	0	0	3.168
15	3	1.905	0	1	0.7588
15	3	3.619	0	0	-0.1306
15	3	5.332	0	0	0.1644
15	3	0.4891	0	1	0.3313
15	3	5.305	0	0	-0.8299
15	3	0.6866	0	1	0.9125
15	3	2.085	1	1	0.5115
15	3	5.21	1	1	-1.549
15	3	5.438	0	0	0.9517
15	3	5.509	0	0	-0.747
15	3	0.7024	0	1	-0.06628
15	3	0.6047	1	0	1.061
15	3	1.001	0	0	0.2736
15	3	3.458	1	1	0.1253
15	3	1.123	1	1	0.2002
15	3	1.007	0	0	-0.4334
15	3	3.504	0	0	0.9968
15	3	3.737	0	0	2.46
15	3	1.231	0	1	1.528
15	3	5.658	1	1	-0.4919
15	3	5.755	0	0	0.09337
15	3	3.6	1	1	0.2572
15	3	0.5559	0	1	-0.1531
16	3	3.95	0	0	-0.8041
16	3	3.461	1	1	-0.5084
16	3	3.997	1	1	-0.2304
16	3	5.117	1	1	-0.3292
16	3	0.5252	0	0	1.595
16	3	5.231	0	0	-0.8215
16	3	2.022	0	0	0.009417
16	3	5.537	1	1	0.7431
16	3	0.7538	1	1	-0.439
16	3	1.025	1	1	0.5687
16	3	3.701	0	0	-0.1483
16	3	0.8048	1	1	0.9279
16	3	0.6871	1	1	0.05951
16	3	1.852	0	0	-0.7864
16	3	0.3531	1	1	0.09815
16	3	0.495	1	1	0.6196
16	3	0.625	0	0	1.704
16	3	5.401	0	0	-0.6479
16	3	1.704	1	0	0.2088
16	3	1.929	0	1	1.384
16	3	0.5001	0	1	-0.3315
16	3	1.769	0	0	1.746
16	3	5.665	0	0	-0.9853
16	3	0.8048	0	1	2.768
16	3	1.723	1	1	-0.3632
16	3	5.338	1	1	-0.6463
16	3	5.167	0	0	-1.476
16	3	1.883	1	1	-0.4742
16	3	0.5761	0	0	-0.4633
16	3	5.44	0	0	-0.7892
16	3	5.189	1	1	-1.349
16	3	3.722	1	1	0.3649
16	3	1.271	0	0	-0.6423
16	3	1.73	0	0	0.5112
16	3	3.431	0	0	-2.147
16	3	1.669	0	1	-0.01315
16	3	3.482	1	1	-0.4894
16	3	1.018	0	0	-0.1714
16	3	5.475	1	1	-0.3959
16	3	0.2676	1	1	0.9668
16	3	3.486	0	0	0.2267
16	3	0.8158	0	1	0.3484
16	3	0.5808	1	0	3.056
16	3	1.651	1	0	0.8341
16	3	1.034	1	0	0.8076
16	3	3.446	1	1	-0.318
16	3	0.8418	0	1	-0.3351
16	3	3.727	0	0	0.2731
16	3	0.469	1	1	-1.056
16	3	0.4108	0	1	-0.5853
17	3	5.54	0	0	-1.888
17	3	1.915	0	1	0.997
17	3	5.201	0	0	-0.7687
17	3	0.4009	0	1	0.245
17	3	0.5064	0	0	1.16
17	3	1.506	1	0	1.287
17	3	3.415	1	1	-0.5391
17	3	1.014	0	0	-0.1831
17	3	1.68	0	0	-0.63
17	3	3.414	0	0	-1.435
17	3	3.592	1	1	-0.5751
17	3	1.046	0	0	0.5371
17	3	1.608	0	1	0.4011
17	3	1.844	0	1	-0.6746
17	3	3.635	1	1	0.8899
17	3	0.3172	1	0	0.2641
17	3	3.62	0	0	-1.252
17	3	1.656	1	1	1.873
17	3	0.7011	0	0	-0.4928
17	3	0.695	0	0	-0.0489
17	3	1.228	1	1	-1.107
17	3	1.743	1	1	-1.185
17	3	0.3494	0	0	-0.2004
17	3	1.685	1	1	1.917
17	3	0.6156	1	1	-0.06027
17	3	0.3008	0	0	0.1853
17	3	0.3188	1	0	-0.9194
17	3	5.295	0	0	-0.6113
17	3	1.003	0	0	0.5306
17	3	5.101	0	0	-1.338
17	3	5.336	1	1	-0.9212
17	3	1.128	1	1	0.7616
17	3	3.594	0	0	-0.6426
17	3	5.395	1	1	0.5784
17	3	0.7353	0	1	2.039
17	3	0.9845	1	1	1.978
17	3	5.017	1	1	0.002965
17	3	3.978	1	1	0.5243
17	3	5.501	1	1	0.3399
17	3	5.472	1	1	-0.1407
17	3	1.739	0	0	-0.3273
17	3	3.576	1	1	1.629
17	3	5.532	1	1	-0.3066
17	3	1.676	0	1	0.2897
17	3	1.236	0	1	-0.5336
17	3	0.7077	1	0	1.24
17	3	3.941	1	1	-0.7172
17	3	3.644	1	1	0.5664
17	3	0.2139	0	0	1.453
17	3	0.9297	0	1	-0.5298
18	3	5.437	0	0	-1.631
18	3	0.2236	0	1	0.1219
18	3	2.196	0	1	-0.825
18	3	3.82	0	0	-0.5025
18	3	0.264	0	0	1.637
18	3	1.786	1	1	-0.37
18	3	3.668	1	1	0.8256
18	3	5.539	1	1	-0.1657
18	3	0.9735	0	0	-0.4319
18	3	3.813	0	0	-0.2543
18	3	1.079	0	1	0.3399
18	3	3.72	0	0	-0.215
18	3	1.802	1	1	0.8441
18	3	1.85	0	0	0.08743
18	3	5.809	1	1	0.3227
18	3	0.2536	0	1	0.009659
18	3	1.988	1	1	-0.0381
18	3	3.671	1	1	1.994
18	3	0.7485	1	0	-0.4052
18	3	0.4263	0	1	1.423
18	3	3.527	0	0	0.2429
18	3	0.6109	1	1	3.414
18	3	0.4173	0	1	-0.5595
18	3	1.28	1	1	-0.2512
18	3	0.8348	1	0	-0.8499
18	3	1.68	0	0	-0.2174
18	3	3.243	1	1	0.2047
18	3	5.44	1	1	-1.522
18	3	1.062	0	0	0.4436
18	3	0.5581	0	0	1.024
18	3	3.51	1	1	0.2328
18	3	1.598	0	0	-0.2066
18	3	0.3024	0	0	1.537
18	3	0.9363	0	0	-0.8809
18	3	4.91	0	0	-1.077
18	3	1.23	0	1	-0.7591
18	3	5.216	1	1	-1.501
18	3	0.7781	1	0	1.596
18	3	1.609	0	0	0.91
18	3	5.354	1	1	-1.855
18	3	1.021	1	0	-1.605
18	3	5.519	1	1	-0.177
18	3	5.2	1	1	1.003
18	3	5.699	1	1	-0.9813
18	3	3.477	0	0	-0.2479
18	3	3.979	1	1	-0.5392
18	3	1.873	0	1	0.2799
18	3	0.5838	1	0	-0.1362
18	3	1.254	1	0	1.026
18	3	0.4023	0	0	0.3996
19	3	3.784	0	0	-1.912
19	3	0.5618	0	0	-0.4322
19	3	3.501	0	0	-0.2231
19	3	0.9699	0	0	-0.2087
19	3	5.686	1	1	-0.9504
19	3	0.6037	1	0	1.125
19	3	3.558	1	1	-0.2146
19	3	0.767	1	0	0.1109
19	3	1.69	0	0	0.1386
19	3	1.745	0	0	1.5
19	3	5.246	0	0	-0.4189
19	3	1.868	0	0	-0.3447
19	3	1.022	1	0	0.08881
19	3	5.478	0	0	-0.6482
19	3	0.4984	1	1	2.869
19	3	3.873	0	0	-0.8102
19	3	3.758	0	0	-1.056
19	3	5.197	1	1	0.5561
19	3	5.507	0	0	0.352
19	3	5.563	1	1	-0.1235
19	3	0.844	0	0	-0.7437
19	3	1.722	1	1	-1.192
19	3	0.8056	1	1	2.492
19	3	0.4608	0	1	-0.6176
19	3	0.4646	1	1	0.4013
19	3	0.6943	0	1	0.4225
19	3	1.929	0	1	2.527
19	3	3.375	1	1	-0.2235
19	3	0.652	1	0	1.692
19	3	1.73	1	1	0.2528
19	3	0.9642	1	1	1.17
19	3	3.668	1	1	-1.494
19	3	3.597	0	0	-0.3697
19	3	5.086	1	1	0.03483
19	3	5.182	1	1	-0.455
19	3	1.574	1	1	-0.1452
19	3	3.415	1	1	0.1194
19	3	0.8058	1	0	0.06207
19	3	1.667	0	0	0.6977
19	3	0.6077	0	0	0.3779
19	3	5.541	1	1	-0.1945
19	3	0.6927	0	0	-0.04106
19	3	5.329	0	0	0.1553
19	3	3.625	1	1	-0.5033
19	3	0.6979	0	1	-0.437
19	3	0.5285	0	0	2.03
19	3	1.735	0	0	1.352
19	3	2.059	1	1	1.194
19	3	0.8678	1	1	0.7295
19	3	0.8558	0	0	-1.139
20	4	1.05	0	1	0.6434
20	4	5.429	0	0	-0.2854
20	4	5.087	0	1	1.995
20	4	3.609	1	1	-0.4306
20	4	1.232	0	0	-0.2814
20	4	0.4942	1	1	-0.1796
20	4	0.5659	0	0	-0.3734
20	4	2.033	0	0	-1.054
20	4	3.667	1	1	-1.164
20	4	3.75	1	1	-1.638
20	4	5.399	1	1	-0.8494
20	4	0.9432	1	0	0.8521
20	4	3.494	1	1	-0.4884
20	4	1.758	0	0	-1.057
20	4	0.6857	1	1	0.7049
20	4	1.212	1	1	1.765
20	4	5.573	0	0	-0.6173
20	4	3.423	1	1	-0.2596
20	4	0.74	1	1	-1.31
20	4	1.932	0	0	-2.301
20	4	0.6408	0	1	-1.056
20	4	5.198	0	0	-2.341
20	4	0.9535	0	1	0.6262
20	4	3.299	1	1	-1.895
20	4	3.839	1	1	0.484
20	4	2.035	1	1	-0.3636
20	4	1.573	0	0	-0.2826
20	4	3.885	1	1	-0.3284
20	4	0.8454	0	1	0.5801
20	4	1.56	0	0	0.06269
20	4	5.272	0	0	-1.202
20	4	0.1204	0	1	0.0796
20	4	0.8781	1	0	1.2
20	4	1.215	1	1	0.8191
20	4	5.364	1	1	-0.7365
20	4	0.6826	0	0	2.485
20	4	3.657	1	1	-2.098
20	4	3.493	0	0	-0.8724
20	4	1.74	0	1	0.02267
20	4	0.3724	1	1	1.281
20	4	5.542	1	1	-0.3848
20	4	1.062	1	1	-0.5588
20	4	0.5674	0	0	-0.3458
20	4	5.358	1	1	0.2875
20	4	5.459	0	0	-0.588
20	4	1.93	0	0	-1.861
20	4	1.699	1	1	-0.1528
20	4	1.534	0	0	-0.6564
20	4	0.9325	0	0	1.236
20	4	0.5926	1	1	0.277
21	4	5.472	0	0	-0.9818
21	4	5.644	1	1	-0.779
21	4	1.906	0	0	-0.6005
21	4	0.5513	1	1	-0.9042
21	4	1.901	0	0	-0.8436
21	4	1.534	0	0	-0.09627
21	4	1.764	1	1	-0.8714
21	4	3.357	0	0	-0.5067
21	4	1.891	1	0	-0.4929
21	4	5.557	0	0	-0.4752
21	4	3.981	1	1	-0.1324
21	4	5.436	1	1	-0.7287
21	4	3.203	1	1	-0.5857
21	4	0.5054	1	1	1.02
21	4	1.883	1	1	-0.4686
21	4	0.2914	0	0	-0.6349
21	4	0.6626	1	0	1.496
21	4	2.066	0	1	1.655
21	4	1.029	0	1	1.893
21	4	0.4734	1	1	-0.4614
21	4	4.043	0	0	-0.582
21	4	1.666	1	0	0.8076
21	4	3.43	1	1	-1.865
21	4	0.8214	1	1	1.256
21	4	1.646	1	1	0.5025
21	4	0.7499	0	0	-0.8365
21	4	0.06104	1	0	-0.5216
21	4	0.7486	0	0	0.7755
21	4	1.975	0	0	-0.4172
21	4	0.7239	0	0	2.903
21	4	0.3413	0	1	0.5951
21	4	3.859	1	1	-1.236
21	4	3.82	1	1	-0.8491
21	4	5.814	1	1	-0.7198
21	4	3.565	1	1	-0.1081
21	4	5.271	1	1	-1.505
21	4	0.8167	0	0	-0.224
21	4	0.7504	0	0	-0.3066
21	4	0.7905	1	0	0.06787
21	4	0.5092	1	0	1.165
21	4	0.7603	0	0	-1.232
21	4	0.973	1	1	-1.176
21	4	3.695	0	0	-0.8289
21	4	5.214	0	0	0.1715
21	4	0.6732	0	0	-0.893
21	4	0.8483	0	1	0.9893
21	4	5.412	0	0	-1.97
21	4	5.651	1	1	-2.297
21	4	3.639	1	0	0.7799
21	4	5.753	0	0	1.194
22	4	0.7052	1	0	-0.2402
22	4	5.174	0	0	-1.276
22	4	5.568	0	0	-0.6768
22	4	5.59	0	0	-0.5144
22	4	0.0891	1	0	-0.1211
22	4	1.81	1	1	1.49
22	4	3.625	0	0	-0.8354
22	4	3.774	0	0	-1.131
22	4	1.874	1	1	-0.5284
22	4	0.7358	1	1	2.96
22	4	0.3878	0	0	1.867
22	4	1.653	0	1	-0.02095
22	4	1.003	1	0	-1.71
22	4	5.453	0	0	-0.2412
22	4	0.9971	1	1	0.003723
22	4	3.57	0	0	-0.1606
22	4	0.8282	0	0	-0.3555
22	4	3.71	0	0	0.8822
22	4	0.8568	1	0	0.6095
22	4	0.3467	0	1	2.075
22	4	0.7919	0	1	-1.031
22	4	3.903	0	0	1.579
22	4	1.085	0	0	-0.3477
22	4	0.229	0	1	1.93
22	4	0.7591	0	0	-0.1081
22	4	0.4974	0	1	0.6584
22	4	3.486	1	1	-0.1633
22	4	0.8453	0	1	3.527
22	4	5.544	0	0	-0.7868
22	4	3.755	1	1	0.2835
22	4	1.25	0	0	0.2331
22	4	1.708	1	1	-2.759
22	4	1.438	1	0	0.0156
22	4	5.435	0	0	-0.6016
22	4	5.349	1	1	-0.17
22	4	5.413	1	1	-0.9183
22	4	5.224	0	0	-0.7673
22	4	1.646	1	0	0.9718
22	4	3.59	1	1	0.2607
22	4	0.7677	1	1	1.916
22	4	1.765	1	0	0.6143
22	4	0.8303	1	0	0.1567
22	4	1.596	1	0	2.137
22	4	5.575	0	0	-0.8688
22	4	1.785	1	1	0.265
22	4	3.772	1	1	-0.9658
22	4	0.2931	0	0	0.5318
22	4	1.869	1	1	-1.244
22	4	0.8071	1	1	0.832
22	4	3.577	1	1	-0.2714
23	4	0.6754	1	1	-0.8434
23	4	1.956	0	0	-0.8132
23	4	5.366	1	1	-0.9598
23	4	0.131	1	1	-0.7954
23	4	2.068	1	0	-1.315
23	4	1.16	0	0	-0.01498
23	4	0.6195	1	0	-0.141
23	4	1.882	0	0	0.0576
23	4	3.778	0	0	0.1943
23	4	0.9991	1	1	-0.6354
23	4	3.811	0	0	-0.002076
23	4	5.374	0	0	0.0398
23	4	1.716	1	1	-0.9576
23	4	0.3777	1	0	-0.6954
23	4	4.928	1	1	-0.1815
23	4	1.925	0	0	-0.8942
23	4	5.391	0	0	-0.4665
23	4	3.747	1	1	0.9668
23	4	3.555	0	0	-1.052
23	4	3.513	0	0	-0.1168
23	4	1.637	0	0	-1.02
23	4	1.054	0	0	0.07805
23	4	3.444	0	0	-0.8851
23	4	0.4371	1	0	2.017
23	4	3.77	1	1	-0.2718
23	4	5.254	1	1	-0.8736
23	4	5.357	1	1	-1.393
23	4	1.84	0	0	-0.5849
23	4	5.195	0	0	0.4416
23	4	0.8957	1	1	-1.134
23	4	0.7723	0	0	-0.5902
23	4	0.4537	1	0	-0.8142
23	4	4.986	0	0	-1.532
23	4	1.211	0	1	1.509
23	4	5.561	0	0	-0.3208
23	4	0.3421	0	1	0.5326
23	4	1.944	0	0	-1.686
23	4	1.78	1	0	1.502
23	4	0.6195	1	0	-0.1948
23	4	1.75	0	0	0.3724
23	4	0.525	1	0	0.03408
23	4	3.836	1	1	1.009
23	4	0.4101	0	0	-1.094
23	4	0.9482	1	1	0.114
23	4	3.353	1	1	-0.7667
23	4	5.315	1	1	-0.1655
23	4	0.5846	0	1	0.8446
23	4	0.7182	1	1	-0.1337
23	4	3.494	1	1	0.1497
23	4	0.3531	0	1	1.48
24	4	0.7987	0	1	-1.116
24	4	0.3201	0	0	1.324
24	4	5.206	1	1	-1.224
24	4	0.3747	1	1	-0.9536
24	4	3.445	1	1	0.4647
24	4	0.1241	1	0	-0.403
24	4	1.9	1	1	1.638
24	4	5.45	0	0	-0.511
24	4	0.838	0	0	0.6118
24	4	1.676	1	1	0.6432
24	4	1.121	0	0	0.9979
24	4	0.5955	1	1	1.688
24	4	0.2724	1	0	0.7872
24	4	1.378	1	0	-2.229
24	4	1.972	0	0	-0.5077
24	4	0.715	0	0	0.1918
24	4	0.375	1	1	0.7844
24	4	5.316	0	0	-0.7065
24	4	0.3986	1	0	0.9028
24	4	5.595	0	0	-0.1162
24	4	1.757	1	1	1.716
24	4	1.001	0	0	-0.2873
24	4	0.8751	0	1	1.256
24	4	5.54	0	0	-0.2856
24	4	3.803	0	0	0.2976
24	4	5.292	0	0	-0.4425
24	4	2.004	1	1	0.445
24	4	3.212	0	0	-0.7891
24	4	1.916	0	0	-1.556
24	4	0.6756	1	0	-0.02921
24	4	2.016	0	0	-0.4878
24	4	1.87	0	0	-0.4069
24	4	0.6994	1	1	2.131
24	4	3.51	0	0	1.133
24	4	0.8046	1	0	-0.9285
24	4	0.8153	1	0	0.2361
24	4	0.9391	1	0	-1.251
24	4	3.406	1	1	-1.14
24	4	1.912	0	0	-0.8254
24	4	5.138	1	1	-0.5136
24	4	0.3951	1	1	1.319
24	4	1.619	1	1	1.068
24	4	3.616	1	1	-0.1564
24	4	3.467	0	0	-0.7204
24	4	5.04	1	1	0.2972
24	4	3.909	0	0	-0.6796
24	4	4.002	0	0	-0.4573
24	4	5.184	0	0	-0.8137
24	4	3.592	1	1	-0.9167
24	4	5.156	1	1	0.787
25	4	0.3698	1	1	0.3439
25	4	5.283	0	0	-0.6209
25	4	0.2977	0	1	0.6621
25	4	0.2058	1	1	1.327
25	4	0.1606	1	0	1.72
25	4	0.7099	1	1	0.5627
25	4	3.452	0	0	-0.4131
25	4	5.385	1	1	-0.5753
25	4	1.013	0	0	-1.753
25	4	2.043	0	0	0.03571
25	4	5.322	1	1	-0.3214
25	4	0.5023	0	0	-1.245
25	4	0.6229	1	0	1.765
25	4	2.11	0	0	1.837
25	4	5.664	1	1	-0.316
25	4	5.266	0	0	-1.207
25	4	1.65	0	0	-0.2681
25	4	1.971	0	0	-0.8049
25	4	1.488	1	0	1.651
25	4	3.937	0	1	1.085
25	4	1.05	0	0	-0.2533
25	4	0.379	0	0	0.4394
25	4	3.468	1	1	-0.9653
25	4	5.676	0	0	-0.2919
25	4	1.184	0	0	1.409
25	4	4.161	1	1	-0.8784
25	4	3.75	1	1	-0.154
25	4	1.694	1	1	0.1113
25	4	3.97	1	1	-0.5223
25	4	0.1107	1	0	0.3454
25	4	1.835	1	1	-0.5034
25	4	3.719	1	1	0.8377
25	4	0.5503	0	0	3.052
25	4	0.5103	0	0	0.09939
25	4	3.363	1	1	-0.5639
25	4	1.978	1	0	1.683
25	4	3.34	0	0	-0.02905
25	4	0.9825	1	0	-0.4013
25	4	4.893	0	0	0.1455
25	4	5.163	1	1	-0.07332
25	4	5.639	1	1	-1.815
25	4	0.8312	0	0	-1.105
25	4	1.797	0	0	-0.5094
25	4	0.7104	0	1	0.01516
25	4	1.494	1	1	0.7999
25	4	5.601	0	0	-0.8406
25	4	0.438	0	0	0.7028
25	4	1.354	0	1	0.5245
25	4	1.767	0	0	-0.5157
25	4	3.138	1	1	0.3238
26	4	0.6183	0	1	-2.342
26	4	1.929	0	0	1.16
26	4	0.3929	0	0	2.062
26	4	5.032	1	1	-0.6588
26	4	0.7909	1	0	1.556
26	4	0.7231	0	1	0.1254
26	4	3.686	0	0	-0.4552
26	4	0.7135	1	0	0.5275
26	4	3.736	1	1	-0.1921
26	4	5.486	0	0	-0.6623
26	4	0.7156	0	1	-0.0229
26	4	0.1294	0	0	0.7907
26	4	3.544	1	1	0.3031
26	4	5.525	1	1	-0.3433
26	4	1.827	1	1	-0.1724
26	4	3.397	1	1	0.2052
26	4	0.5812	0	0	-0.5465
26	4	4.002	0	0	-0.4122
26	4	0.5585	0	0	0.4811
26	4	0.8125	1	0	0.246
26	4	5.108	1	1	-0.4892
26	4	3.593	0	0	-0.08081
26	4	0.7826	1	1	0.8148
26	4	1.83	0	0	-0.4025
26	4	0.5823	0	0	0.05312
26	4	1.925	1	1	1.999
26	4	0.6715	0	0	-0.8094
26	4	1.065	1	1	2.414
26	4	5.514	1	0	-0.8652
26	4	0.7965	1	0	-1.36
26	4	1.578	0	0	-0.2736
26	4	1.398	1	1	0.5426
26	4	5.787	1	1	-0.2632
26	4	3.779	0	0	-0.3127
26	4	0.817	1	1	0.5959
26	4	5.195	0	0	-0.6609
26	4	1.622	1	1	-0.06604
26	4	0.4921	0	1	2.919
26	4	3.594	0	0	-0.1079
26	4	5.74	0	0	-0.4835
26	4	0.7655	1	1	2.599
26	4	1.867	1	1	-0.2632
26	4	3.416	0	0	-0.8481
26	4	0.8791	0	1	-0.04758
26	4	5.144	0	0	0.2827
26	4	5.279	0	0	-0.3277
26	4	1.97	1	1	0.003724
26	4	3.72	0	0	-0.2865
26	4	0.5966	1	1	-0.5021
26	4	1.665	1	1	-0.1582
27	4	1.05	0	0	-0.1373
27	4	0.11	1	1	-0.6838
27	4	3.343	1	1	-1.057
27	4	1.813	0	0	-0.2273
27	4	1.742	0	0	1.117
27	4	0.2639	1	1	0.7743
27	4	5.481	0	0	-0.4337
27	4	1.952	0	0	0.7612
27	4	3.774	0	0	-1.091
27	4	0.7363	1	1	2.312
27	4	0.8014	1	1	0.3219
27	4	0.4768	0	0	1.831
27	4	5.214	0	0	-0.9131
27	4	5.514	0	0	-1.242
27	4	3.641	1	1	-0.3508
27	4	0.2011	1	1	0.4687
27	4	1.821	1	1	0.8623
27	4	5.632	0	0	-1.04
27	4	3.674	0	0	-0.4777
27	4	0.4928	0	1	1.687
27	4	0.4879	0	1	1.96
27	4	0.6151	1	1	-1.211
27	4	5.35	0	0	-1.021
27	4	0.9549	1	1	0.5705
27	4	1.829	1	1	-0.1342
27	4	3.669	1	1	-0.5864
27	4	1.168	1	1	-0.03826
27	4	0.5053	1	1	2.737
27	4	0.3151	0	0	-1.752
27	4	1.144	1	1	-0.1947
27	4	5.205	1	1	-0.6987
27	4	3.695	0	0	-1.883
27	4	5.415	1	1	1.269
27	4	1.683	1	1	-0.2587
27	4	5.385	1	1	0.5011
27	4	1.032	1	0	-0.6616
27	4	3.784	0	0	0.2454
27	4	1.511	0	0	0.5501
27	4	0.4666	0	0	0.262
27	4	1.97	1	1	0.5319
27	4	0.4083	0	1	0.1562
27	4	0.7301	1	0	0.5359
27	4	3.766	0	0	-0.9026
27	4	3.695	0	0	0.1178
27	4	0.6086	1	0	0.9487
27	4	2.071	0	0	0.2363
27	4	3.569	1	1	-0.1852
27	4	1.367	0	0	-0.01622
27	4	5.327	0	0	-0.2372
27	4	5.59	1	1	-1.271
28	4	1.7	1	1	-0.3167
28	4	3.397	1	1	0.1433
28	4	0.3698	1	1	-0.3954
28	4	1.533	1	1	-0.195
28	4	3.479	1	1	-0.779
28	4	1.645	1	0	-0.5856
28	4	1.702	0	0	-0.1816
28	4	2.077	0	0	0.6597
28	4	5.295	0	0	-0.241
28	4	5.154	1	1	0.244
28	4	0.6412	0	1	0.2611
28	4	0.5115	0	0	0.7395
28	4	5.61	0	0	0.6005
28	4	0.5092	1	1	1.741
28	4	3.664	1	1	-0.3504
28	4	1.663	0	0	-0.3652
28	4	0.8742	0	1	2.981
28	4	0.8581	1	1	1.252
28	4	3.455	1	1	-1.159
28	4	3.374	0	0	-0.4331
28	4	1.884	1	1	-0.5109
28	4	1.071	0	0	-0.07644
28	4	5.371	1	1	-0.8009
28	4	5.25	1	1	-0.558
28	4	0.9714	0	0	-0.07199
28	4	0.6606	1	1	2.855
28	4	3.592	0	0	-0.5777
28	4	1.755	0	0	2.784
28	4	0.3507	1	1	0.1242
28	4	5.248	0	0	0.322
28	4	1.598	1	1	-0.9084
28	4	0.7174	0	0	0.2321
28	4	3.561	0	0	-0.1597
28	4	1.848	1	1	-0.2953
28	4	3.527	1	0	0.9152
28	4	0.5523	1	0	-1.024
28	4	0.4539	0	0	-0.2603
28	4	0.7453	0	1	-0.9981
28	4	0.5169	0	1	1.072
28	4	5.342	0	0	-0.4084
28	4	0.6036	1	1	-0.1124
28	4	5.086	1	1	-0.05164
28	4	0.9302	1	1	1.54
28	4	3.686	0	0	0.5093
28	4	5.454	0	0	-0.566
28	4	0.9706	0	1	0.1455
28	4	3.629	1	1	0.9281
28	4	5.613	1	1	0.4984
28	4	0.8514	0	0	1.436
28	4	0.8227	1	1	0.06416
29	4	5.659	1	1	-1.069
29	4	5.346	0	0	-1.283
29	4	5.595	1	1	-0.6308
29	4	0.5114	1	0	0.8663
29	4	3.517	1	1	-0.1123
29	4	1.221	1	1	0.6734
29	4	0.2025	0	1	1.545
29	4	2.04	1	1	-0.04407
29	4	1.169	0	0	0.7013
29	4	1.043	0	0	-0.05528
29	4	1.887	1	1	1.093
29	4	1.864	1	1	-0.01346
29	4	0.5628	1	1	-0.3498
29	4	5.47	0	0	-0.7627
29	4	1.07	0	0	1.613
29	4	3.514	1	1	2.417
29	4	3.55	1	1	1.167
29	4	1.753	0	0	-0.2577
29	4	0.4666	0	0	0.5114
29	4	1.776	1	1	0.03149
29	4	0.5424	1	1	2.076
29	4	0.9398	0	0	0.3376
29	4	0.4908	1	1	-0.05139
29	4	3.346	1	1	1.232
29	4	3.681	0	0	0.2641
29	4	1.037	1	1	-0.6877
29	4	0.5787	1	0	1.437
29	4	3.916	1	1	-0.2544
29	4	3.586	1	1	0.4545
29	4	3.551	0	0	-0.9727
29	4	5.514	1	1	1.386
29	4	0.2232	0	1	0.9358
29	4	0.5732	0	0	-0.6376
29	4	0.5919	1	1	-0.5008
29	4	0.9505	0	0	-0.4143
29	4	5.383	0	0	0.4382
29	4	3.393	0	0	-0.4714
29	4	1.577	0	0	-0.5178
29	4	0.1593	0	0	-0.2094
29	4	3.16	1	1	0.2232
29	4	5.49	1	1	-0.5362
29	4	0.4459	0	1	0.01236
29	4	0.5726	0	1	0.6687
29	4	1.799	0	0	0.4851
29	4	1.435	0	0	0.3382
29	4	5.18	0	0	-0.5327
29	4	1.803	1	1	0.9086
29	4	5.089	0	0	-1.275
29	4	5.102	1	1	-0.7587
29	4	1.816	1	1	0.2342
30	5	0.1627	0	1	0.8711
30	5	0.7564	1	1	0.877
30	5	3.933	1	1	-0.06139
30	5	3.342	1	1	2.172
30	5	2.145	0	0	2.016
30	5	0.5934	0	0	1.026
30	5	1.562	0	0	1.578
30	5	3.724	0	0	-0.4595
30	5	1.166	1	1	-0.6965
30	5	1.76	1	1	0.1908
30	5	5.3	1	1	-0.8737
30	5	1.072	1	1	0.7393
30	5	1.583	1	1	-0.792
30	5	3.664	0	0	-0.4937
30	5	3.456	1	1	0.7785
30	5	0.1503	0	1	-0.7146
30	5	5.604	1	1	-1.036
30	5	3.719	0	0	-0.434
30	5	5.101	1	1	-0.4513
30	5	0.4307	1	0	-0.5571
30	5	3.331	0	0	0.03584
30	5	0.8551	0	0	0.8917
30	5	0.9656	0	1	-0.5605
30	5	1.157	0	1	1.646
30	5	0.3719	0	0	0.6054
30	5	1.933	0	0	0.06043
30	5	5.055	0	0	-0.7289
30	5	0.5234	0	1	-0.333
30	5	0.4169	1	0	-0.4942
30	5	3.228	0	0	0.04886
30	5	0.4422	1	1	1.678
30	5	0.4658	1	1	0.6714
30	5	5.234	0	0	-1.096
30	5	5.397	0	0	0.03305
30	5	1.967	1	1	-0.5925
30	5	5.512	1	1	-1.348
30	5	5.357	0	0	0.04786
30	5	5.357	1	1	-0.5154
30	5	2.085	0	0	0.5802
30	5	1.792	0	0	0.8247
30	5	5.145	1	1	-0.07187
30	5	0.6496	1	1	0.6674
30	5	0.7987	0	0	0.4219
30	5	1.101	1	0	-1.167
30	5	3.394	0	0	0.41
30	5	1.774	1	1	0.2396
30	5	0.5135	1	1	0.7797
30	5	2.288	1	1	-0.1078
30	5	0.8642	1	1	-0.187
30	5	3.42	0	0	-0.68
31	5	3.709	0	0	0.1905
31	5	3.813	1	1	0.5161
31	5	1.001	0	1	1.141
31	5	2.029	0	0	0.2677
31	5	5.274	0	0	-0.3102
31	5	5.527	1	1	-0.2092
31	5	1.763	1	1	-0.405
31	5	5.23	1	1	-0.2579
31	5	3.886	0	0	-0.3865
31	5	0.809	0	0	-0.1336
31	5	0.8371	1	1	1.757
31	5	5.49	0	0	-0.5497
31	5	1.85	1	1	-1.248
31	5	3.475	0	0	-0.9832
31	5	0.9286	0	0	1.08
31	5	2.093	1	1	0.352
31	5	5.115	1	1	-0.1719
31	5	5.432	0	0	-1.259
31	5	0.7103	1	1	0.643
31	5	0.3266	1	1	-0.5527
31	5	5.45	1	1	-1.59
31	5	0.2744	1	0	0.1114
31	5	0.3897	0	1	1.401
31	5	5.321	0	0	-1.317
31	5	3.718	0	0	-0.9942
31	5	3.496	1	1	-0.08412
31	5	0.4274	0	0	2.325
31	5	0.2351	0	0	-0.3605
31	5	5.136	0	0	-0.2344
31	5	0.8952	1	1	0.745
31	5	0.9826	1	1	-1.264
31	5	1.992	1	1	0.2034
31	5	0.9296	0	0	0.9375
31	5	1.801	0	1	2.155
31	5	0.7806	0	0	0.006115
31	5	3.717	0	0	0.226
31	5	0.544	0	0	0.04636
31	5	0.9304	1	1	0.5039
31	5	0.8232	1	1	0.2499
31	5	2	1	0	0.1621
31	5	3.663	1	1	-0.01147
31	5	0.943	0	0	0.3852
31	5	2.252	1	0	0.5373
31	5	3.763	1	1	-0.6125
31	5	5.248	0	0	-0.5394
31	5	1.946	1	1	-0.6197
31	5	1.164	1	0	-0.2923
31	5	2.022	0	0	-1.33
31	5	3.526	1	1	-0.05816
31	5	0.5468	0	0	0.1098
32	5	0.7973	1	1	-2.087
32	5	1.88	0	1	0.4087
32	5	0.382	1	1	0.7968
32	5	5.372	1	1	-0.01836
32	5	1.565	0	0	-0.01884
32	5	0.8872	0	0	0.7032
32	5	5.283	0	1	-2.014
32	5	5.553	1	1	-0.3232
32	5	0.683	0	0	-0.3084
32	5	0.2265	1	0	1.625
32	5	3.319	1	1	2.969
32	5	3.509	1	1	0.6954
32	5	5.547	1	1	-0.5632
32	5	0.7141	0	1	-0.7686
32	5	3.752	1	1	0.09557
32	5	1.794	0	0	2.126
32	5	3.453	0	0	-0.04835
32	5	1.159	0	0	0.6348
32	5	2.041	0	0	0.895
32	5	1.099	1	1	0.6574
32	5	0.8096	0	1	0.9996
32	5	0.7266	1	1	-1.354
32	5	5.168	0	0	-0.4466
32	5	3.673	0	1	-0.8307
32	5	0.4737	0	0	-1.093
32	5	5.68	1	1	-1.718
32	5	3.987	1	1	-1.009
32	5	3.521	0	0	-0.3705
32	5	5.002	0	0	-0.1757
32	5	1.395	1	1	1.275
32	5	0.5465	1	1	-0.6274
32	5	1.004	1	1	0.1257
32	5	5.749	0	0	-0.5618
32	5	1.654	1	1	-0.1501
32	5	5.355	0	0	-0.01525
32	5	1.666	0	0	2.402
32	5	3.759	1	1	2.517
32	5	0.6511	1	1	0.6597
32	5	0.2072	0	0	1.858
32	5	5.633	1	1	-1.394
32	5	1.62	1	1	0.3673
32	5	0.8478	0	1	0.6024
32	5	3.686	0	0	-0.07009
32	5	0.2436	0	1	1.677
32	5	1.139	1	1	0.1003
32	5	0.6816	1	0	1.808
32	5	1.715	0	0	-0.2163
32	5	2.016	0	0	0.2576
32	5	0.795	0	1	1.169
32	5	3.897	1	1	-0.6332
33	5	3.973	0	0	-1.048
33	5	5.496	0	0	-0.04601
33	5	0.6626	1	0	1.66
33	5	1.285	1	0	-0.197
33	5	3.345	0	0	-0.3761
33	5	1.187	1	0	3.526
33	5	0.2349	0	0	0.7347
33	5	1.132	0	0	0.4922
33	5	5.542	1	1	0.4615
33	5	0.4744	1	0	0.9055
33	5	1.002	0	0	0.1175
33	5	3.574	1	1	-0.294
33	5	5.405	1	1	1.582
33	5	1.819	1	0	3.017
33	5	3.86	1	1	-0.03285
33	5	5.53	0	0	-0.7663
33	5	6.059	1	1	0.08
33	5	0.4613	0	1	2.524
33	5	2.321	0	0	-0.2279
33	5	3.46	0	0	-0.2167
33	5	0.3838	0	0	-0.7708
33	5	1.874	0	0	0.3652
33	5	5.215	1	1	-0.4663
33	5	0.6324	1	0	2.881
33	5	1.917	0	0	-0.6106
33	5	0.4919	0	1	2.238
33	5	5.5	0	0	-0.4149
33	5	0.7127	1	0	0.4184
33	5	3.704	0	0	-0.8132
33	5	1.346	1	1	1.013
33	5	3.795	0	0	-0.4137
33	5	3.455	1	1	-1.88
33	5	1.75	0	0	-1.729
33	5	0.5042	0	1	1.341
33	5	1.653	0	0	0.8299
33	5	1.698	1	1	0.851
33	5	1.83	1	1	0.4295
33	5	0.8094	1	1	0.3851
33	5	0.6625	1	0	-0.7123
33	5	1.549	0	1	-0.942
33	5	3.641	0	0	0.007313
33	5	5.587	1	1	2.004
33	5	0.4044	1	1	0.6238
33	5	0.885	1	0	-0.3846
33	5	0.7027	1	1	1.449
33	5	1.726	0	1	-0.8658
33	5	5.474	1	1	-0.3883
33	5	0.4542	0	0	1.007
33	5	3.41	0	0	-0.6289
33	5	5.235	0	0	-0.2408
34	5	0.03892	1	0	0.09082
34	5	0.4296	0	1	-0.06947
34	5	3.661	0	0	-0.2919
34	5	3.501	0	0	0.9628
34	5	0.9594	1	1	1.889
34	5	5.521	1	1	-1.564
34	5	1.184	1	1	0.7417
34	5	0.1575	1	1	-0.2774
34	5	1.252	1	0	0.1994
34	5	0.5276	0	1	0.8312
34	5	3.924	0	0	0.09994
34	5	1.983	0	0	-0.7563
34	5	3.585	1	1	-0.1866
34	5	1.615	1	1	0.08142
34	5	5.591	1	1	-0.1373
34	5	5.259	1	1	-0.8974
34	5	0.1501	1	1	-0.2658
34	5	0.5886	0	0	-0.605
34	5	1.816	0	1	-0.0693
34	5	3.631	0	0	0.00628
34	5	0.4146	0	0	0.7623
34	5	0.3965	0	0	-0.1546
34	5	5.414	0	0	2.075
34	5	1.853	1	1	-1.078
34	5	0.875	0	0	0.04126
34	5	1.756	1	0	0.3911
34	5	5.604	1	1	-0.8767
34	5	1.494	0	0	2.274
34	5	0.09697	1	1	0.3062
34	5	0.8159	1	1	-0.3106
34	5	1.893	0	1	0.2405
34	5	0.8528	1	1	0.9492
34	5	3.454	0	0	-0.1511
34	5	3.643	0	0	1.633
34	5	0.8581	1	0	1.587
34	5	0.06288	1	1	0.6816
34	5	3.712	1	1	-1.174
34	5	5.5	0	0	0.3982
34	5	0.2283	1	0	0.7169
34	5	1.777	0	1	-0.2285
34	5	2.08	0	0	-0.3111
34	5	1.513	0	1	3.604
34	5	3.52	0	0	1.305
34	5	5.393	1	1	1.086
34	5	5.111	0	0	-0.9163
34	5	0.7216	1	0	0.5995
34	5	5.357	0	0	-0.1772
34	5	5.1	1	1	-0.8355
34	5	3.67	0	0	-2.147
34	5	0.7889	1	0	-0.6112
35	5	0.6601	1	0	-0.7728
35	5	2.111	1	1	-0.4399
35	5	1.949	0	0	-0.7693
35	5	0.3211	0	0	1.035
35	5	3.51	1	1	0.1161
35	5	3.759	0	0	-0.7543
35	5	0.2895	1	0	2.695
35	5	1.029	1	1	3.315
35	5	3.503	0	0	0.0469
35	5	3.404	0	0	-0.8627
35	5	3.793	0	0	-0.09016
35	5	1.137	0	0	-0.1533
35	5	1.984	1	0	0.09888
35	5	0.5738	0	1	0.981
35	5	5.344	1	1	-0.9207
35	5	0.8146	0	1	2.307
35	5	3.664	1	1	-1.351
35	5	5.108	0	0	-0.4242
35	5	0.3389	1	0	0.3427
35	5	1.236	1	0	2.308
35	5	5.211	0	0	-1.061
35	5	5.199	0	0	-0.5644
35	5	5.634	1	1	-0.1936
35	5	5.215	1	1	0.7292
35	5	1.832	1	0	-0.3968
35	5	0.3448	0	0	-0.1117
35	5	5.237	1	1	0.3373
35	5	3.807	0	0	0.7852
35	5	1.222	1	1	2.976
35	5	3.535	0	0	-0.3221
35	5	0.1854	0	0	1.168
35	5	0.5816	1	1	1.309
35	5	5.484	1	1	-0.2865
35	5	1.029	1	1	1.313
35	5	0.9066	0	1	1.049
35	5	1.9	0	0	-1.12
35	5	3.618	1	1	-1.111
35	5	1.744	1	1	0.6388
35	5	1.143	1	1	0.6219
35	5	5.402	0	0	-0.4814
35	5	1.476	0	0	-0.5949
35	5	0.01224	1	0	2.084
35	5	1.453	0	0	3.244
35	5	0.4736	1	1	1.34
35	5	0.3554	1	1	-0.2971
35	5	5.4	1	1	-0.2895
35	5	3.338	0	0	0.928
35	5	2.238	0	0	0.7208
35	5	0.8544	0	0	0.7889
35	5	1.483	0	0	-1.711
36	5	5.481	0	0	-1.075
36	5	0.8756	0	0	-0.4738
36	5	0.5078	1	1	1.441
36	5	3.731	1	1	-0.6848
36	5	1.16	1	0	5.266
36	5	1.793	0	0	0.1048
36	5	1.875	0	1	1.67
36	5	0.6663	1	1	-0.4523
36	5	3.659	0	0	0.1859
36	5	5.141	0	0	-0.9214
36	5	1.812	1	1	-0.2141
36	5	3.47	0	0	-0.6885
36	5	5.318	1	1	-0.1398
36	5	0.7488	0	0	0.02543
36	5	0.5483	1	1	2.125
36	5	0.8493	1	1	1.474
36	5	1.516	1	0	1.786
36	5	3.216	1	1	-0.4565
36	5	3.492	0	0	0.6128
36	5	5.467	1	1	-0.9497
36	5	5.929	0	0	-0.4912
36	5	1.664	0	0	-0.3887
36	5	3.589	1	1	0.006691
36	5	1.41	1	0	1.43
36	5	5.773	1	1	-0.8307
36	5	1.692	0	0	-0.3898
36	5	0.3165	0	1	2.19
36	5	1.831	0	1	1.088
36	5	1.752	1	1	-0.328
36	5	1.154	1	1	0.8544
36	5	0.9455	1	1	-0.01459
36	5	1.099	0	0	0.1025
36	5	0.5602	1	0	0.06685
36	5	3.515	0	0	-0.2021
36	5	5.459	1	1	-0.4017
36	5	1.119	1	0	1.093
36	5	5.274	1	1	-0.5463
36	5	0.6536	0	1	2.245
36	5	0.4479	0	0	0.07992
36	5	5.512	0	0	-0.06821
36	5	1.359	0	0	0.5717
36	5	0.2336	0	1	0.3225
36	5	5.352	1	1	-0.3143
36	5	0.326	1	0	1.427
36	5	3.826	0	1	2.992
36	5	1.041	0	0	1.778
36	5	0.01398	0	1	-0.9008
36	5	3.434	1	1	-0.2877
36	5	0.6525	0	0	-0.4651
36	5	3.307	0	0	-1.981
37	5	0.935	1	0	-1.429
37	5	1.949	0	0	1.238
37	5	1.606	0	1	2.278
37	5	3.515	1	1	1.963
37	5	5.414	1	1	-0.6436
37	5	3.578	1	1	-0.1487
37	5	3.835	1	1	1.072
37	5	0.4256	1	0	-0.6272
37	5	1.653	0	0	1.497
37	5	5.324	0	0	-0.488
37	5	0.2576	1	1	4.11
37	5	0.4073	0	0	2.335
37	5	1.502	0	1	-0.3898
37	5	3.557	1	0	1.715
37	5	2.046	1	1	-0.4805
37	5	0.5228	0	1	0.3412
37	5	5.38	1	1	0.5905
37	5	0.9396	1	1	1.412
37	5	5.26	1	1	-1.12
37	5	0.3728	0	0	-0.596
37	5	1.234	0	1	0.04563
37	5	5.463	0	0	-0.05753
37	5	1.469	0	1	3.969
37	5	0.85	0	0	-1.371
37	5	3.346	0	0	-0.6341
37	5	0.9759	1	0	1.555
37	5	0.7121	1	0	2.605
37	5	0.3258	0	0	3.521
37	5	0.9903	0	0	2.59
37	5	3.477	1	1	-0.9915
37	5	2.257	1	1	-0.4764
37	5	0.5295	0	0	-0.4875
37	5	5.098	1	1	-0.5206
37	5	0.4508	0	0	-0.2683
37	5	0.7111	0	0	0.1251
37	5	5.214	0	0	-0.3625
37	5	3.506	0	0	-0.1215
37	5	3.318	0	0	-1.439
37	5	0.6398	1	1	1.318
37	5	3.921	0	0	-0.05071
37	5	0.5489	1	1	0.4747
37	5	2.329	1	1	-0.05181
37	5	1.677	0	0	0.0821
37	5	5.467	1	1	-0.796
37	5	0.7902	0	0	3.907
37	5	1.432	1	1	-0.7123
37	5	5.539	0	0	-0.3052
37	5	1.921	1	1	-0.4721
37	5	3.46	1	1	-2.652
37	5	5.579	1	1	-1.087
38	5	0.4667	0	1	-0.1563
38	5	0.5864	0	0	1.034
38	5	0.9014	1	0	0.4513
38	5	5.278	0	0	0.1968
38	5	0.9937	1	1	0.6629
38	5	5.634	0	0	-0.7796
38	5	0.6967	1	1	0.5026
38	5	3.633	1	1	-1.182
38	5	5.49	1	1	-1.013
38	5	5.42	1	1	-1.207
38	5	1.925	0	0	1.485
38	5	3.492	0	0	0.8388
38	5	1.886	1	0	2.332
38	5	3.646	0	0	-0.6862
38	5	0.5253	1	0	0.203
38	5	1.608	0	1	0.6992
38	5	3.558	0	0	-0.4554
38	5	1.739	0	0	2.215
38	5	5.277	0	0	-0.6253
38	5	5.22	0	0	-0.8601
38	5	3.675	0	0	-1.792
38	5	0.7467	0	0	-1.722
38	5	0.1508	1	0	-0.04393
38	5	0.6092	1	1	0.7367
38	5	1.158	0	0	-0.3104
38	5	0.7494	1	1	0.5377
38	5	0.9006	0	1	-0.258
38	5	3.337	1	1	-1.035
38	5	5.303	1	1	-1.212
38	5	0.464	0	1	0.08645
38	5	0.9458	0	0	-1.085
38	5	3.436	0	0	0.6156
38	5	5.292	0	0	-0.1513
38	5	0.2029	1	0	0.8779
38	5	1.643	1	0	0.7235
38	5	5.015	1	1	-0.6739
38	5	0.1739	1	1	-0.07355
38	5	3.655	0	0	-0.7359
38	5	5.245	1	1	2.474
38	5	0.2994	1	1	1.042
38	5	1.503	1	1	1.499
38	5	2.177	1	1	0.03469
38	5	3.734	1	1	1.094
38	5	1.946	0	0	1.774
38	5	1.992	1	1	0.6568
38	5	0.004738	1	0	-0.0967
38	5	0.609	1	1	0.7541
38	5	3.431	0	0	-0.5973
38	5	1.546	0	0	-0.0527
39	5	1.934	0	1	-1.458
39	5	1.619	0	0	0.5468
39	5	1.76	1	0	1.755
39	5	0.7052	0	0	0.4331
39	5	3.464	0	0	-1.005
39	5	1.266	0	1	0.3558
39	5	0.7854	1	0	0.4545
39	5	0.9763	0	0	-0.4959
39	5	5.544	1	1	-0.1033
39	5	3.389	0	0	0.3118
39	5	3.569	1	1	-0.7434
39	5	5.291	1	1	-1.725
39	5	4.845	0	0	-0.8819
39	5	1.926	1	0	2.374
39	5	0.2822	0	0	-0.7282
39	5	0.9846	0	0	-0.6282
39	5	1.789	1	0	3.526
39	5	5.361	0	0	0.3034
39	5	3.649	1	1	1.226
39	5	1.011	1	1	-0.8175
39	5	0.7296	1	1	3.303
39	5	0.6733	1	1	1.449
39	5	1.806	1	1	1.021
39	5	4.029	1	1	-0.8983
39	5	0.1691	0	0	-0.5677
39	5	5.32	0	0	-0.4379
39	5	5.274	0	0	-1.705
39	5	3.502	0	0	-0.1041
39	5	3.796	1	1	-0.006945
39	5	1.689	1	1	1.211
39	5	4.98	0	0	-0.9094
39	5	5.432	0	0	-0.7225
39	5	3.36	0	1	1.923
39	5	3.831	1	1	0.4835
39	5	0.8702	0	0	-0.5751
39	5	5.767	1	1	-1.214
39	5	0.9329	1	0	1.261
39	5	0.6694	0	0	-0.6055
39	5	0.4484	0	1	-0.246
39	5	1.464	1	1	0.4761
39	5	5.126	0	0	-0.2345
39	5	1.694	0	0	0.3008
39	5	0.2848	1	1	0.1637
39	5	2.031	1	1	-0.01729
39	5	0.5917	1	1	1.137
39	5	0.7849	1	1	1.929
39	5	1.017	1	1	-0.0297
39	5	0.8576	1	0	2.19
39	5	0.2037	0	1	2.674
39	5	3.86	0	0	-0.4963
40	6	0.7635	0	1	1.067
40	6	3.475	0	1	-0.2379
40	6	5.053	1	1	1.711
40	6	5.017	1	1	0.4052
40	6	3.415	1	1	-0.1532
40	6	5.532	0	0	0.129
40	6	3.378	1	1	0.05761
40	6	3.509	1	1	-0.04434
40	6	1.327	1	1	0.5716
40	6	0.7933	1	1	0.1315
40	6	1.796	1	0	0.4018
40	6	3.534	0	0	-1.031
40	6	1.231	0	0	1.005
40	6	1.842	0	0	0.06816
40	6	5.412	0	0	1.426
40	6	3.738	0	0	0.01123
40	6	0.06887	0	0	0.4181
40	6	1.609	1	1	0.8233
40	6	0.2603	0	0	1.737
40	6	3.572	0	0	-0.3758
40	6	5.528	1	1	0.175
40	6	3.742	0	0	-0.6097
40	6	3.518	0	0	-0.4589
40	6	1.556	1	1	-0.9909
40	6	0.3986	0	1	-0.3444
40	6	1.995	1	1	1.267
40	6	1.549	1	1	-0.4959
40	6	0.5498	1	1	0.9011
40	6	2	1	1	0.6557
40	6	1.639	0	0	0.8905
40	6	5.646	1	1	-0.1901
40	6	0.1841	0	0	0.07442
40	6	0.313	0	0	0.4417
40	6	0.9876	1	0	-0.2632
40	6	0.8947	1	1	-0.9359
40	6	0.3731	0	0	1.696
40	6	0.6605	0	0	0.395
40	6	0.8386	0	1	-0.133
40	6	5.451	0	0	-0.01844
40	6	0.8083	1	1	-0.2608
40	6	3.807	0	0	-0.04195
40	6	5.563	0	0	-1.205
40	6	5.309	1	1	-0.3862
40	6	0.7325	0	1	-0.7338
40	6	0.566	1	0	-0.3103
40	6	0.9401	1	1	0.1737
40	6	1.626	0	0	-0.3213
40	6	1.128	1	0	1.081
40	6	1.739	1	1	0.5553
40	6	5.499	0	0	-1.119
41	6	1.847	1	1	-0.5268
41	6	3.993	0	0	-0.09972
41	6	1.684	1	1	-0.8735
41	6	3.283	1	1	1.55
41	6	0.9081	0	1	-0.5837
41	6	1.333	0	0	-0.7939
41	6	3.56	0	1	1.132
41	6	0.9114	1	1	-0.5183
41	6	0.4359	0	1	-0.6775
41	6	1.053	0	1	-0.8164
41	6	0.6341	1	1	-0.3487
41	6	3.197	0	0	-0.2886
41	6	3.851	0	0	-0.2468
41	6	3.74	0	0	-1.269
41	6	4.888	1	1	-0.2857
41	6	4.947	0	0	0.1087
41	6	0.7089	1	1	-0.2038
41	6	0.7552	1	0	0.03282
41	6	1.44	1	1	-1.004
41	6	1.59	1	1	0.7127
41	6	5.195	0	0	0.07331
41	6	5.309	0	0	0.9597
41	6	0.7722	1	1	0.4212
41	6	0.3341	0	1	-0.6769
41	6	1.866	0	0	-0.8243
41	6	0.6792	0	0	0.1108
41	6	5.296	0	0	-0.672
41	6	5.326	1	1	3.997
41	6	1.904	1	0	-0.4932
41	6	1.797	0	0	-0.9621
41	6	1.85	0	1	0.1261
41	6	0.7432	0	0	1.442
41	6	5.524	1	1	-1.303
41	6	1.866	0	0	0.563
41	6	1.28	1	0	2.312
41	6	3.555	1	1	-1.111
41	6	1.675	1	1	-0.7357
41	6	0.9841	1	1	0.5336
41	6	0.4628	1	1	0.1011
41	6	3.497	0	0	-0.5678
41	6	0.6072	1	1	-0.06245
41	6	5.071	0	0	-0.9748
41	6	3.55	1	1	-1.024
41	6	5.709	0	0	-1.048
41	6	0.53	0	1	-0.0294
41	6	3.507	1	1	-0.4127
41	6	0.7296	1	0	-0.2982
41	6	5.006	1	1	-0.8038
41	6	1.016	0	1	0.9892
41	6	0.1679	0	1	-0.5565
42	6	3.257	0	0	-0.1756
42	6	1.635	1	1	0.016
42	6	1.869	0	1	0.05673
42	6	5.442	0	0	-0.7206
42	6	5.21	1	1	-0.4652
42	6	1.812	0	0	-0.3272
42	6	1.867	0	0	-0.1526
42	6	1.61	0	0	-0.8404
42	6	3.794	1	1	-0.7898
42	6	0.7465	1	1	-1.203
42	6	0.4043	1	1	-0.8282
42	6	1.018	1	1	-0.2826
42	6	0.4406	1	1	-1.207
42	6	5.228	1	1	-0.9192
42	6	0.598	0	0	0.4056
42	6	2.074	0	0	-0.2493
42	6	3.261	1	1	-0.6006
42	6	0.3962	0	0	0.2046
42	6	0.6168	1	1	0.3995
42	6	3.401	0	0	-1.388
42	6	0.8757	0	1	-0.626
42	6	0.7615	1	1	1.353
42	6	0.1759	0	0	0.31
42	6	1.858	0	1	0.416
42	6	5.635	0	0	0.4857
42	6	5.464	0	0	0.4412
42	6	0.8633	0	0	0.4731
42	6	0.7036	0	0	0.2001
42	6	1.87	1	1	-0.2498
42	6	1.794	0	0	0.1809
42	6	3.567	0	0	-0.5583
42	6	0.3012	1	1	-0.007357
42	6	3.553	0	0	-2.352
42	6	5.393	0	0	-0.9558
42	6	5.417	0	0	-0.8403
42	6	5.237	1	1	-1.512
42	6	1.629	1	1	-0.6759
42	6	5.349	0	1	1.08
42	6	3.533	1	0	-0.1196
42	6	1.23	1	1	0.516
42	6	0.4442	1	1	-0.8785
42	6	1.231	0	0	-0.6038
42	6	0.5982	1	0	0.6359
42	6	5.52	1	1	-1.12
42	6	3.927	1	1	-1.436
42	6	0.9385	0	1	0.2561
42	6	3.652	1	1	1.157
42	6	3.495	1	1	-0.929
42	6	0.3776	1	0	1.021
42	6	0.395	1	0	-1.073
43	6	1.862	0	0	-2.337
43	6	3.359	1	1	-0.06386
43	6	3.568	0	1	0.2058
43	6	3.791	1	1	-0.5847
43	6	3.639	0	0	-0.7877
43	6	1.927	1	0	0.0591
43	6	1.804	0	1	0.4769
43	6	0.4163	1	0	0.8181
43	6	1.793	1	1	-0.7073
43	6	0.782	1	1	0.3188
43	6	3.51	1	1	-0.3424
43	6	3.797	1	1	-0.453
43	6	1.725	1	1	-1.971
43	6	3.723	1	1	-1.462
43	6	5.369	0	0	-1.289
43	6	0.5481	0	0	1.218
43	6	5.613	0	0	-0.7961
43	6	5.23	1	1	-1.145
43	6	0.5665	0	0	0.7769
43	6	5.555	0	0	-0.4345
43	6	0.5143	0	0	-2.629
43	6	5.059	1	1	-0.8297
43	6	0.762	1	0	-1.211
43	6	0.7148	0	0	-0.2551
43	6	1.62	0	1	1.002
43	6	1.884	1	0	-1.087
43	6	1.113	0	1	0.2143
43	6	0.159	0	0	1.693
43	6	0.9058	0	1	0.6482
43	6	0.7242	0	1	0.2416
43	6	5.464	1	1	-0.6094
43	6	0.9603	1	1	-0.5489
43	6	1.676	1	1	0.646
43	6	3.399	1	1	0.1442
43	6	5.563	0	0	-0.2588
43	6	1.024	0	0	0.4433
43	6	3.546	1	1	-0.6078
43	6	1.852	1	1	-0.07684
43	6	0.6488	1	1	-0.6667
43	6	5.276	0	0	-1.01
43	6	0.8417	0	1	-0.1551
43	6	5.268	1	1	-0.7551
43	6	3.948	1	1	-0.3031
43	6	1.589	0	0	-2.5
43	6	1.462	0	0	-0.7135
43	6	0.7328	1	1	0.4592
43	6	5.308	0	0	-0.1884
43	6	0.05465	0	0	-0.05645
43	6	0.515	1	0	2.093
43	6	0.6699	0	0	0.2755
44	6	3.42	1	1	-2.116
44	6	5.481	0	0	-2.095
44	6	0.3784	1	1	-0.9745
44	6	1.878	1	1	0.2921
44	6	1.16	0	0	-0.5844
44	6	2.064	0	0	-0.7861
44	6	0.8458	0	0	0.4267
44	6	5.361	1	1	-0.8653
44	6	5.419	1	1	-0.5057
44	6	3.186	1	1	-0.8523
44	6	3.213	0	0	-0.6564
44	6	0.8353	0	0	1.328
44	6	0.7135	0	0	-0.8604
44	6	1.913	1	0	1.279
44	6	0.6461	0	0	0.5113
44	6	1.99	0	0	-0.6665
44	6	1.698	1	1	-0.4794
44	6	0.7916	0	0	-0.5622
44	6	3.676	1	1	-0.8792
44	6	5.657	1	1	-0.1683
44	6	5.385	1	1	0.3513
44	6	1.036	1	0	-0.4009
44	6	3.787	0	0	0.3493
44	6	3.489	1	1	-0.5007
44	6	1.669	0	0	1.041
44	6	0.8964	1	1	-0.5764
44	6	0.2215	0	1	1.002
44	6	1.94	1	1	-0.1619
44	6	5.127	1	1	-1.016
44	6	0.9347	1	1	-1.446
44	6	5.703	1	1	0.07164
44	6	0.3953	1	0	-0.4256
44	6	3.689	0	0	-0.5616
44	6	5.263	1	1	-0.366
44	6	1.831	1	0	-1.357
44	6	1.834	0	0	-0.5175
44	6	3.471	0	1	-0.9703
44	6	0.6995	1	1	-0.4859
44	6	0.7108	0	0	-0.6574
44	6	1.667	0	0	0.0686
44	6	0.6646	1	1	2.185
44	6	0.4984	0	0	-0.3167
44	6	0.8759	0	0	0.7654
44	6	5.414	0	0	-1.66
44	6	0.4693	0	1	0.03066
44	6	0.7863	0	0	2.44
44	6	3.425	0	0	-0.3309
44	6	5.584	1	1	-0.08098
44	6	0.212	1	1	0.3122
44	6	3.855	0	0	-0.8601
45	6	1.745	0	1	-0.04869
45	6	5.242	1	1	0.5002
45	6	0.5325	0	0	-0.3422
45	6	0.3215	0	0	0.4258
45	6	1.657	1	1	-0.5069
45	6	1.567	1	1	-0.4973
45	6	1.722	1	0	2.038
45	6	3.478	0	0	0.1051
45	6	0.8078	1	0	0.11
45	6	3.557	0	0	-0.9686
45	6	1.133	0	0	3.285
45	6	0.6849	0	0	2.822
45	6	1.004	0	0	-0.6312
45	6	5.457	1	1	0.6244
45	6	0.4262	1	1	0.6944
45	6	5.252	0	0	0.128
45	6	0.8604	0	1	2.489
45	6	5.318	0	0	0.01145
45	6	3.443	1	1	0.3866
45	6	3.761	0	1	1.731
45	6	2.001	1	1	-0.2922
45	6	5.015	1	1	-0.8153
45	6	5.298	1	1	-0.3013
45	6	2.075	0	0	-0.7593
45	6	0.2115	0	0	1.42
45	6	0.04622	0	0	0.29
45	6	3.256	0	0	0.338
45	6	0.5664	1	1	3.474
45	6	1.937	1	0	0.1347
45	6	5.334	0	0	-0.8149
45	6	1.049	1	0	0.705
45	6	1.487	0	0	-0.5229
45	6	5.558	1	1	-1.062
45	6	0.8283	1	1	-0.08311
45	6	5.469	1	1	-1.093
45	6	3.434	1	1	-0.5999
45	6	0.9491	0	0	0.08941
45	6	0.2187	1	1	0.02466
45	6	0.5423	0	1	-0.6652
45	6	5.581	0	0	-0.363
45	6	0.2823	0	0	0.2413
45	6	3.484	0	0	1.158
45	6	1.223	1	1	0.711
45	6	1.78	1	1	-0.1492
45	6	0.4941	1	0	-1.456
45	6	1.662	1	1	-0.3844
45	6	3.572	0	0	-0.394
45	6	3.775	1	1	-1.106
45	6	1.109	1	1	1.02
45	6	3.611	0	0	-0.8282
46	6	3.622	0	0	-1.318
46	6	5.51	1	1	-0.5706
46	6	5.177	0	0	-0.6008
46	6	5.415	0	0	0.2919
46	6	0.4532	0	1	0.7319
46	6	3.535	0	0	-0.1483
46	6	3.439	0	1	3.034
46	6	3.568	1	1	-0.6142
46	6	1.547	1	1	0.5486
46	6	0.9578	1	0	0.3384
46	6	1.927	0	0	0.09169
46	6	0.8169	1	1	-0.321
46	6	1.828	0	1	1.326
46	6	0.6561	1	1	-0.2333
46	6	3.412	1	1	0.2965
46	6	3.34	1	1	-0.6562
46	6	5.476	0	0	-0.1799
46	6	5.615	0	0	-0.6453
46	6	1.052	0	1	-0.4892
46	6	3.639	1	1	-0.5361
46	6	1.045	1	0	0.7282
46	6	1.36	0	0	-1.068
46	6	5.245	1	1	-0.9732
46	6	0.8865	1	1	-0.7291
46	6	1.801	0	0	0.8671
46	6	3.419	1	1	-0.1147
46	6	1.97	1	1	-1.047
46	6	0.7432	0	0	0.07969
46	6	0.5701	0	0	0.02716
46	6	3.572	1	1	-0.5538
46	6	0.5748	0	1	-0.2789
46	6	0.6799	1	0	1.581
46	6	0.4471	1	1	0.5093
46	6	5.371	1	1	-0.7275
46	6	1.847	1	1	1.503
46	6	0.3041	0	1	0.1573
46	6	1.012	0	1	-0.4013
46	6	0.9574	0	0	-0.7911
46	6	1.71	1	0	1.258
46	6	0.9668	1	1	0.7316
46	6	3.759	0	0	-0.3793
46	6	0.273	1	0	-0.3947
46	6	0.654	1	1	-1.001
46	6	1.92	0	0	-0.5957
46	6	0.5359	1	0	0.7094
46	6	1.046	1	0	-0.1428
46	6	5.355	0	0	-0.9078
46	6	1.584	0	0	0.1115
46	6	5.507	1	1	0.6525
46	6	5.337	0	0	-0.1597
47	6	3.485	1	0	-1.065
47	6	1.872	1	1	-1.096
47	6	1.969	1	1	0.6055
47	6	0.9396	1	1	-0.1129
47	6	0.2325	0	1	-0.2726
47	6	5.173	1	1	-0.5738
47	6	1.051	1	1	0.716
47	6	3.586	0	0	-0.6307
47	6	3.486	0	0	-0.4383
47	6	3.481	0	0	-2.411
47	6	5.478	1	1	-0.8061
47	6	3.461	1	1	1.09
47	6	0.4759	1	0	-0.1588
47	6	5.438	0	0	-1.217
47	6	0.3875	0	0	1.87
47	6	1.788	0	0	-0.2638
47	6	3.776	0	0	-0.1244
47	6	0.8431	1	1	1.063
47	6	3.527	0	0	0.2921
47	6	0.2253	1	1	-0.2081
47	6	0.8008	0	0	1.252
47	6	0.9194	1	0	0.4816
47	6	0.7774	1	1	0.1647
47	6	0.6246	1	0	-0.6731
47	6	0.8118	1	0	0.5605
47	6	0.4044	0	0	-0.7763
47	6	5.414	0	0	-0.6286
47	6	0.9402	0	0	1.313
47	6	5.236	0	0	-0.6142
47	6	0.501	0	1	-0.7663
47	6	3.252	1	1	0.7207
47	6	5.502	0	0	-1.259
47	6	0.3378	1	0	1.017
47	6	1.817	1	0	0.06232
47	6	1.418	0	0	0.2154
47	6	0.2864	0	1	-0.2175
47	6	5.381	1	1	-0.2891
47	6	0.2129	0	0	1.526
47	6	3.717	0	0	-0.8075
47	6	1.882	1	1	-0.8056
47	6	0.926	1	0	0.4286
47	6	5.085	1	1	-0.3629
47	6	5.307	0	0	-0.06075
47	6	3.596	1	1	-1.874
47	6	1.785	0	0	-0.4261
47	6	1.802	0	0	-1.103
47	6	5.64	0	0	0.5958
47	6	2.102	1	1	-2.112
47	6	1.008	1	1	-1.299
47	6	1.608	0	0	-1.453
48	6	0.2625	0	0	-2.032
48	6	5.353	1	1	-0.3991
48	6	0.2619	0	0	0.5678
48	6	3.497	1	1	-0.2494
48	6	5.422	1	1	-0.7982
48	6	1.273	0	1	-1.156
48	6	4.956	0	0	-1.202
48	6	1.992	0	0	0.4226
48	6	0.8142	0	0	-1.163
48	6	3.651	1	1	-0.9944
48	6	1.169	1	0	-0.3694
48	6	5.126	1	1	-1.099
48	6	0.5693	0	1	2.347
48	6	0.4456	0	0	-0.4249
48	6	0.4973	0	1	-0.13
48	6	0.8465	1	1	-0.6239
48	6	1.22	1	1	-0.9515
48	6	1.667	0	0	1.132
48	6	0.01203	1	1	1.353
48	6	0.8785	0	0	1.903
48	6	5.34	0	0	0.1208
48	6	5.427	1	1	-1.222
48	6	3.576	1	1	-0.3739
48	6	1.89	1	1	2.447
48	6	0.9391	0	1	0.3112
48	6	1.519	0	0	0.807
48	6	3.819	0	0	-0.3556
48	6	2.028	1	0	1.867
48	6	1.264	1	0	2.382
48	6	5.356	1	1	-0.7534
48	6	3.593	0	0	-0.6169
48	6	5.602	1	1	0.4492
48	6	0.6734	0	1	1.837
48	6	2.1	1	1	1.269
48	6	0.2138	0	0	-0.4864
48	6	1.71	1	1	-0.6541
48	6	3.513	0	0	0.5599
48	6	0.488	1	0	2.695
48	6	3.785	1	1	-0.4548
48	6	1.16	1	0	1.56
48	6	0.9542	1	1	-0.1211
48	6	0.5634	1	0	-0.8457
48	6	3.387	1	1	-0.3014
48	6	5.425	0	0	-1.053
48	6	1.794	0	0	-0.4965
48	6	5.413	0	0	-0.2196
48	6	2.131	1	1	-0.3353
48	6	3.633	0	0	0.7513
48	6	0.6853	0	0	0.6366
48	6	3.525	0	0	0.7519
49	6	0.8125	0	1	0.2994
49	6	0.3002	0	0	-0.0264
49	6	0.1086	1	0	-0.3216
49	6	3.64	0	0	-0.4383
49	6	1.504	0	0	0.1317
49	6	1.233	1	0	-1.051
49	6	1.053	1	1	-0.5155
49	6	3.54	0	0	1.051
49	6	5.718	1	1	-0.06731
49	6	2.249	1	0	2.886
49	6	1.957	1	0	2.471
49	6	0.5799	1	0	0.3613
49	6	0.368	1	1	0.6892
49	6	5.845	1	1	-0.4106
49	6	1.901	0	1	0.8278
49	6	5.481	0	0	-0.6155
49	6	5.134	0	0	-0.8408
49	6	3.421	1	1	2.47
49	6	1.075	0	0	-0.4538
49	6	0.6274	1	1	1.424
49	6	2.109	0	0	-0.574
49	6	5.295	0	0	-0.2934
49	6	1.731	1	0	1.112
49	6	5.472	1	1	0.5842
49	6	0.337	1	0	0.6329
49	6	5.518	0	0	-0.176
49	6	0.3727	0	0	-0.6976
49	6	1.126	0	0	-0.1152
49	6	5.312	1	1	0.3645
49	6	3.851	0	0	-0.3497
49	6	3.402	0	0	-0.05708
49	6	5.847	1	1	-0.966
49	6	5.227	1	1	1.172
49	6	1.959	1	1	0.644
49	6	1.348	1	0	-0.2002
49	6	3.454	0	0	-0.06869
49	6	3.802	0	0	1.087
49	6	1.709	1	1	-0.4269
49	6	1.688	0	0	-0.8614
49	6	1.017	1	0	0.1943
49	6	3.42	1	1	-0.6103
49	6	0.4762	0	0	0.0858
49	6	3.694	0	0	0.2142
49	6	3.113	1	1	-0.9742
49	6	0.4689	0	1	1.105
49	6	0.9244	1	0	3.076
49	6	1.22	0	0	-1.139
49	6	0.7008	0	1	-0.8674
49	6	1.875	0	0	-1.307
49	6	0.2041	1	1	3.155
