0	2	3.557	0	0	2.017
0	2	1.348	1	1	-0.08564
0	2	5.35	0	0	1.807
0	2	0.5157	0	1	-0.322
0	2	1.913	1	0	-1.238
0	2	1.642	0	1	-0.315
0	2	0.1757	1	0	0.07464
0	2	1.404	1	1	-0.06054
0	2	0.7465	1	0	2.154
0	2	0.9643	1	0	-0.3725
0	2	5.021	0	1	0.5857
0	2	0.1278	0	1	-1.843
0	2	0.3393	0	0	1.679
0	2	0.205	1	1	0.2541
0	2	1.73	1	1	0.1018
0	2	3.837	1	0	-1.418
0	2	1.066	0	1	1.81
0	2	0.8893	0	0	1.379
0	2	0.6033	0	0	-1.102
0	2	3.814	1	1	-0.5575
0	2	5.352	0	0	-0.314
0	2	3.548	1	1	-0.2703
0	2	0.2498	0	0	0.05776
0	2	1.198	0	0	-0.01627
0	2	1.454	0	1	0.1435
0	2	1.857	1	0	0.6528
0	2	3.412	1	1	0.5084
0	2	0.8066	0	0	-1.604
0	2	1.799	0	0	-0.8113
0	2	5.511	1	1	-1.025
0	2	5.708	1	1	0.4427
0	2	0.0005846	1	1	-1.384
0	2	1.835	0	0	1.212
0	2	1.742	1	0	0.7569
0	2	3.751	1	1	0.07868
0	2	5.491	1	1	-0.632
0	2	3.687	0	0	1.84
0	2	0.4623	1	0	0.904
0	2	5.355	1	0	-0.1319
0	2	5.389	1	1	-2.974
0	2	5.291	1	1	0.2916
0	2	1.927	1	1	-0.1553
0	2	0.4311	0	0	0.9158
0	2	5.694	0	0	-0.3026
0	2	3.691	0	0	0.303
0	2	3.83	1	1	-0.169
0	2	0.8488	0	0	1.651
0	2	1.473	1	1	0.7236
0	2	0.3096	0	1	0.5184
0	2	3.592	0	0	-2.374
1	2	0.8381	1	1	-0.5023
1	2	3.265	0	0	0.1559
1	2	5.371	1	0	0.3677
1	2	0.9414	0	1	-0.1583
1	2	0.5596	0	1	0.2665
1	2	2.12	0	0	0.3777
1	2	5.736	1	1	0.388
1	2	0.436	0	0	0.2767
1	2	5.597	1	1	-1.824
1	2	0.9572	0	0	1.438
1	2	3.68	1	1	-0.7474
1	2	1.832	1	0	-0.766
1	2	0.6306	1	1	0.3135
1	2	3.543	1	1	-2.058
1	2	1.756	0	1	-1.213
1	2	1.048	0	0	0.8751
1	2	5.363	0	1	0.1793
1	2	0.5588	0	1	-0.6266
1	2	1.202	1	1	-1.227
1	2	5.415	1	1	-0.2355
1	2	5.168	0	0	-1.901
1	2	2.007	0	0	-0.2126
1	2	1.662	0	0	0.6785
1	2	1.615	0	0	-0.428
1	2	0.7208	0	1	1.502
1	2	1.933	0	0	-0.5632
1	2	0.09164	0	1	1.04
1	2	0.7	0	1	-0.7059
1	2	0.7437	1	1	-0.8455
1	2	3.772	1	0	0.3514
1	2	0.635	1	1	0.7962
1	2	5.856	1	1	-0.306
1	2	5.694	0	0	0.5582
1	2	3.817	0	0	-0.03729
1	2	3.604	0	0	-0.5148
1	2	0.3848	1	1	1.063
1	2	0.9431	1	1	1.812
1	2	0.3215	1	0	-0.1614
1	2	5.218	1	1	-0.901
1	2	3.739	1	0	-0.6605
1	2	3.883	0	0	0.3992
1	2	5.185	1	1	0.05524
1	2	3.519	0	0	1.198
1	2	0.6955	1	1	-0.06258
1	2	0.4262	1	0	0.7012
1	2	1.834	0	0	-0.5463
1	2	0.6696	1	0	0.03936
1	2	1.775	1	1	0.4358
1	2	3.519	0	1	-0.02636
1	2	1.697	1	0	-0.3219
2	2	5.39	1	1	0.9095
2	2	5.641	1	1	0.3918
2	2	0.9445	1	1	0.9389
2	2	3.798	1	0	-0.58
2	2	0.4843	0	0	0.1118
2	2	1.586	0	0	0.1584
2	2	5.281	0	0	-0.9186
2	2	2.022	1	1	-0.2772
2	2	0.7564	1	0	0.4716
2	2	0.5064	0	1	-0.0919
2	2	5.358	0	0	-0.1162
2	2	0.8693	1	0	-0.234
2	2	1.734	1	1	-0.0516
2	2	4.89	1	0	0.3803
2	2	0.6866	0	1	-0.1094
2	2	0.4939	0	0	0.4869
2	2	1.623	1	1	0.08227
2	2	0.4661	1	0	1.281
2	2	1.016	0	0	-0.01185
2	2	3.857	1	1	0.7397
2	2	3.665	0	1	0.3685
2	2	3.649	1	1	0.06574
2	2	3.624	1	0	0.3001
2	2	1.071	0	1	-0.5119
2	2	0.9188	1	1	1.303
2	2	3.46	1	1	-0.06273
2	2	0.4129	1	0	0.3226
2	2	1.624	1	1	1.442
2	2	0.9921	0	0	-0.8339
2	2	5.753	1	1	-0.9669
2	2	1.721	0	0	-0.7912
2	2	5.395	1	1	-0.4709
2	2	1.543	0	1	-0.1727
2	2	5.452	1	1	0.9822
2	2	3.63	0	0	-0.2168
2	2	1.747	0	1	2.553
2	2	0.9256	0	1	-1.821
2	2	0.5033	1	1	0.7421
2	2	5.551	0	0	0.213
2	2	1.057	0	0	0.1501
2	2	0.3742	0	0	1.099
2	2	0.7675	0	0	1.775
2	2	5.305	1	1	-2.989
2	2	3.23	0	1	1.406
2	2	2.369	0	0	-0.6837
2	2	3.57	0	0	0.4467
2	2	3.672	0	1	-0.5577
2	2	0.4828	1	0	0.9429
2	2	1.984	1	1	-0.9115
2	2	0.5726	0	1	0.3754
3	2	1.873	0	1	2.277
3	2	5.401	1	0	-0.5113
3	2	3.543	1	1	-1.753
3	2	4.006	0	0	-0.3653
3	2	5.372	0	0	-0.1387
3	2	0.2369	1	0	0.0414
3	2	0.3933	0	1	-0.5816
3	2	3.85	1	1	-0.5413
3	2	5.465	0	0	0.7597
3	2	5.536	1	0	0.403
3	2	3.464	0	0	-0.2191
3	2	5.666	0	0	0.6194
3	2	1.52	1	1	-0.7544
3	2	5.216	1	0	-0.4429
3	2	1.786	1	1	-0.2749
3	2	2.145	0	0	0.8495
3	2	3.926	1	1	0.1123
3	2	0.5259	1	1	-0.9499
3	2	0.3723	0	0	-1.589
3	2	0.2821	1	1	0.4306
3	2	0.9894	1	0	0.8865
3	2	0.9679	1	1	-3.555
3	2	0.7371	0	0	3.121
3	2	1.769	0	0	-0.5206
3	2	1.982	1	1	-0.9922
3	2	0.7978	0	0	-0.4519
3	2	3.703	0	0	-0.2414
3	2	0.6979	1	1	-0.5321
3	2	4.994	1	1	-0.06765
3	2	3.581	1	1	0.2844
3	2	1.204	0	1	-0.1203
3	2	5.688	1	1	-0.004383
3	2	0.4744	0	1	0.4967
3	2	0.9796	0	0	0.05617
3	2	1.838	1	0	-1.791
3	2	1.842	0	0	-0.1287
3	2	0.3845	1	1	-0.9084
3	2	3.881	0	0	0.1406
3	2	5.08	0	0	2.247
3	2	0.9	0	1	-0.4452
3	2	1.949	0	0	0.3734
3	2	5.426	0	0	2.401
3	2	3.731	0	1	-2.416
3	2	3.696	0	0	0.4316
3	2	0.9612	1	0	0.1215
3	2	0.3802	1	0	1.581
3	2	0.2868	0	0	-0.516
3	2	2.093	1	0	0.7436
3	2	1.178	1	1	-1.581
4	2	5.152	1	0	1.331
4	2	5.454	1	1	0.6067
4	2	0.2635	1	0	0.3621
4	2	5.556	0	0	0.1589
4	2	0.1119	1	1	1.016
4	2	0.8162	1	1	0.6057
4	2	3.374	0	0	-0.5201
4	2	0.4319	0	0	0.524
4	2	0.6528	1	1	0.172
4	2	3.489	1	1	-2.418
4	2	0.7678	1	1	0.7289
4	2	0.2877	1	1	0.8392
4	2	5.365	0	0	-0.6798
4	2	5.116	0	0	0.6566
4	2	3.439	0	0	0.2315
4	2	3.645	0	0	-0.7706
4	2	1.661	0	0	0.9315
4	2	1.934	1	0	-1.734
4	2	1.069	0	1	-0.6899
4	2	0.2958	0	0	0.4933
4	2	0.4071	0	0	-0.9623
4	2	3.843	0	0	-0.8739
4	2	0.5503	1	0	0.7875
4	2	3.348	0	0	-1.108
4	2	0.7515	0	1	-0.3415
4	2	0.3383	1	0	0.01594
4	2	3.415	1	1	-0.8293
4	2	1.701	1	1	0.09467
4	2	5.257	1	1	0.08365
4	2	1.758	1	0	0.04875
4	2	1.176	1	0	-0.8653
4	2	2.125	0	0	0.02198
4	2	5.446	0	0	-0.3335
4	2	3.438	0	0	-0.3524
4	2	0.8207	0	1	0.6362
4	2	1.782	1	1	-1.524
4	2	0.5483	0	0	-0.307
4	2	1.646	0	0	-0.4454
4	2	5.58	0	0	-0.1637
4	2	0.7307	0	1	0.2853
4	2	0.5457	0	0	-1.115
4	2	1.963	0	0	-1.042
4	2	0.6814	1	1	0.3079
4	2	0.6444	1	0	-0.0409
4	2	3.564	0	0	0.1461
4	2	5.028	1	0	0.341
4	2	5.478	1	1	-2.091
4	2	1.221	1	1	-1.785
4	2	3.454	1	1	0.3853
4	2	1.824	1	1	0.2318
5	2	5.294	1	1	-0.8528
5	2	5.309	1	1	0.7517
5	2	5.354	0	0	-0.8908
5	2	3.826	0	1	-0.2015
5	2	3.576	1	1	0.04334
5	2	0.5184	1	0	0.2357
5	2	0.6182	0	1	-0.8474
5	2	1.796	0	0	0.3664
5	2	0.6188	0	0	0.4722
5	2	5.49	1	1	-1.577
5	2	0.921	0	0	0.9998
5	2	1.825	1	0	0.3591
5	2	1.808	1	1	-1.308
5	2	0.1468	1	0	0.7018
5	2	0.7778	1	0	0.6619
5	2	5.179	0	0	-0.3599
5	2	0.6662	0	1	0.5983
5	2	3.31	1	1	-0.1911
5	2	3.277	0	1	-0.1396
5	2	3.611	0	0	-0.5172
5	2	5.626	1	1	-0.8579
5	2	0.5035	1	1	0.9153
5	2	5.457	1	1	0.7074
5	2	0.7017	0	1	-1.466
5	2	0.8551	0	1	-1.031
5	2	0.4827	0	0	-1.176
5	2	1.869	0	1	-0.07898
5	2	0.6013	1	1	-0.648
5	2	5.735	1	1	-0.3524
5	2	1.873	0	0	1.66
5	2	5.283	0	0	0.7724
5	2	1.641	1	1	0.3822
5	2	1.637	0	1	0.185
5	2	1.915	0	1	-2.791
5	2	3.819	1	1	0.68
5	2	0.8725	0	0	0.0007887
5	2	0.5124	0	1	-1.895
5	2	3.359	0	0	0.817
5	2	0.8429	1	1	0.08685
5	2	5.433	0	0	0.1702
5	2	1.725	1	0	-0.6897
5	2	1.38	1	0	0.588
5	2	0.5752	1	1	-0.9808
5	2	1.159	0	0	-1.66
5	2	3.614	1	1	2.795
5	2	3.759	1	1	-0.4431
5	2	0.3335	0	0	-0.5607
5	2	1.692	1	0	1.781
5	2	3.951	0	0	-1.019
5	2	0.4196	1	1	1.361
6	2	5.356	1	0	0.7571
6	2	3.884	1	1	0.09385
6	2	0.9869	0	1	-0.9503
6	2	0.6826	1	1	2.009
6	2	5.652	0	0	-0.4641
6	2	3.789	1	1	0.3516
6	2	6.062	1	1	0.2693
6	2	5.134	0	0	3.003
6	2	1.695	0	0	-0.1556
6	2	5.281	1	1	0.3965
6	2	3.861	0	0	-0.2727
6	2	2.013	0	0	0.8074
6	2	5.53	1	0	0.7297
6	2	1.086	0	1	-0.1146
6	2	1.69	0	1	-0.6716
6	2	1.056	1	0	-0.4646
6	2	0.5763	0	0	1.343
6	2	0.8861	0	1	-0.1363
6	2	3.61	0	0	0.2379
6	2	3.28	1	1	-2.012
6	2	1.854	1	0	0.07057
6	2	1.918	0	0	0.558
6	2	0.9141	0	1	0.5978
6	2	0.9388	0	0	-0.8299
6	2	0.6004	0	1	-0.812
6	2	3.461	1	0	2.082
6	2	0.4233	0	0	0.01739
6	2	0.9561	1	1	-0.9637
6	2	5.257	0	0	-2.175
6	2	0.6124	1	1	1.327
6	2	0.5045	1	0	1.361
6	2	2.097	1	1	0.08849
6	2	0.9718	1	1	1.779
6	2	0.3581	1	1	0.002918
6	2	1.048	0	1	0.2463
6	2	1.659	0	1	-1.228
6	2	3.35	1	0	-1.243
6	2	5.337	0	0	-0.7587
6	2	3.448	1	1	-0.8408
6	2	0.1947	1	0	-1.404
6	2	2.368	1	1	-0.8264
6	2	5.465	0	0	1.181
6	2	3.864	0	0	-1.145
6	2	1.948	0	0	-0.3364
6	2	1.949	1	1	-0.03442
6	2	0.8978	1	1	0.5988
6	2	5.224	1	1	-0.3588
6	2	3.803	0	1	0.2732
6	2	0.7094	1	0	-1.266
6	2	1.275	0	1	-0.3756
7	2	3.554	1	1	0.1816
7	2	3.425	0	0	1.88
7	2	1.643	1	1	-0.7038
7	2	5.619	1	1	0.2924
7	2	1.348	1	1	-0.6079
7	2	1.64	1	1	-1.041
7	2	3.619	0	0	0.016
7	2	5.314	1	1	-0.449
7	2	0.9086	0	1	0.7508
7	2	5.795	0	0	0.2043
7	2	1.037	0	1	-0.1026
7	2	0.7398	0	0	-1.143
7	2	3.57	0	0	1.631
7	2	5.621	1	1	1.482
7	2	5.568	1	1	1.262
7	2	5.351	0	0	-0.3073
7	2	2.276	1	1	-0.4262
7	2	0.5593	0	0	-0.3825
7	2	0.228	1	1	1.861
7	2	0.8478	1	1	-0.4993
7	2	5.167	1	1	-0.2391
7	2	0.3172	0	1	-0.4783
7	2	1.664	0	1	-0.1613
7	2	5.605	0	0	0.6499
7	2	1.156	0	0	0.3036
7	2	3.698	1	1	-0.6815
7	2	0.2046	0	1	-2.6
7	2	1.245	1	0	-1.36
7	2	0.3892	1	0	-1.078
7	2	0.7855	0	1	1.152
7	2	1.865	1	0	0.02686
7	2	5.34	1	1	1.199
7	2	1.372	1	1	-0.295
7	2	1.654	0	0	-1.61
7	2	0.9526	1	1	1.852
7	2	1.721	0	0	-0.05184
7	2	3.796	1	1	-1.196
7	2	5.208	1	1	-1.273
7	2	0.3103	0	1	-0.4881
7	2	0.6723	1	1	-0.658
7	2	1.941	0	0	-0.3989
7	2	3.741	0	1	0.8543
7	2	0.8693	0	0	-2.469
7	2	3.537	1	1	-0.3893
7	2	0.7926	0	1	0.1249
7	2	0.6361	0	0	-0.8164
7	2	1.434	1	1	-0.5722
7	2	3.548	0	0	-0.2932
7	2	0.8284	1	0	0.4224
7	2	3.257	0	0	-2.368
8	2	3.869	1	0	1.039
8	2	1.557	0	0	-0.08951
8	2	0.8629	0	0	-0.2815
8	2	1.823	1	1	1.058
8	2	0.363	0	1	-1.836
8	2	0.7707	0	0	0.1488
8	2	5.675	0	0	2.078
8	2	2.038	1	0	1.109
8	2	5.409	0	0	-0.1973
8	2	5.443	1	1	-0.1929
8	2	1.906	1	0	-1.699
8	2	5.458	0	0	0.4622
8	2	3.869	0	1	-1.044
8	2	1.709	0	1	-0.5353
8	2	5.369	0	0	-0.1254
8	2	3.672	1	1	-0.3044
8	2	0.3154	0	1	-1.076
8	2	0.9773	1	1	-0.5184
8	2	0.5518	1	1	-1.546
8	2	5.165	1	1	-0.1964
8	2	0.8021	1	0	0.004137
8	2	0.6209	1	0	0.2591
8	2	0.4812	1	0	-0.6792
8	2	0.4893	1	1	0.09459
8	2	5.233	1	0	0.8391
8	2	1.841	1	1	-1.629
8	2	1.748	1	0	0.03586
8	2	0.4436	1	0	-0.1132
8	2	3.615	1	0	-0.2253
8	2	1.812	0	0	-0.1023
8	2	3.668	0	0	-0.1011
8	2	5.268	1	1	1.672
8	2	1.256	0	1	-0.1133
8	2	1.607	1	0	-1.651
8	2	4.063	0	0	-1.688
8	2	0.9498	0	0	-0.6184
8	2	0.6302	0	1	1.017
8	2	0.3311	0	1	0.3839
8	2	0.7834	0	0	3.112
8	2	0.4498	1	1	1.504
8	2	3.615	1	1	1.209
8	2	3.67	0	0	0.982
8	2	0.6798	1	1	0.7023
8	2	0.5927	0	0	0.6078
8	2	3.659	1	1	-0.7048
8	2	5.391	0	0	0.3243
8	2	5.694	0	0	-0.2504
8	2	1.85	1	1	0.1217
8	2	3.948	0	0	-0.7019
8	2	1.276	0	1	0.3657
9	2	0.5614	0	0	1.192
9	2	3.481	1	1	-0.2087
9	2	3.773	1	1	0.003672
9	2	0.7029	1	1	-0.56
9	2	5.237	1	0	-0.1286
9	2	1.28	1	0	1.188
9	2	5.452	0	0	1.444
9	2	0.6577	1	0	-0.9036
9	2	0.6286	1	1	1.183
9	2	0.6188	0	1	0.06486
9	2	1.749	0	0	-0.1989
9	2	3.905	1	0	1.551
9	2	5.271	1	1	-0.5644
9	2	0.697	0	1	-0.1755
9	2	1.86	0	0	0.2673
9	2	5.576	0	0	0.3357
9	2	1.039	1	1	0.1053
9	2	0.6012	1	1	2.171
9	2	3.758	0	1	-1.302
9	2	1.821	0	0	-0.5986
9	2	5.337	1	1	-1.072
9	2	5.546	1	1	-0.05283
9	2	0.7186	0	1	0.976
9	2	0.7059	1	0	0.03856
9	2	1.441	0	0	-0.2694
9	2	1.752	0	1	0.9356
9	2	5.527	0	0	0.4521
9	2	3.416	1	1	-0.325
9	2	0.3865	0	1	-0.01731
9	2	0.6582	1	1	-1.092
9	2	5.678	0	0	-1.147
9	2	1.691	1	0	-0.3769
9	2	3.42	0	0	1.415
9	2	5.324	1	1	0.283
9	2	0.9716	1	1	-0.1574
9	2	0.3679	1	1	-0.3518
9	2	0.986	0	0	-0.4002
9	2	0.5269	0	0	-0.08416
9	2	3.347	1	1	-1.373
9	2	1.718	0	0	0.7534
9	2	3.446	0	0	0.1763
9	2	3.375	1	1	-0.3092
9	2	0.8241	0	1	-0.3416
9	2	5.754	1	1	-0.03517
9	2	0.1664	1	1	0.6417
9	2	3.662	1	1	0.3477
9	2	0.8478	0	0	0.518
9	2	1.933	0	0	-0.5113
9	2	1.748	0	1	-0.303
10	3	0.8554	0	1	2.424
10	3	5.224	0	0	-0.6855
10	3	3.886	0	0	0.7654
10	3	5.297	1	1	0.677
10	3	0.571	0	1	0.5699
10	3	5.306	0	0	0.7138
10	3	0.7637	1	1	-1.07
10	3	0.9142	1	1	0.4263
10	3	1.679	0	0	-0.1748
10	3	0.436	0	0	0.2169
10	3	1.62	0	0	1.329
10	3	1.3	1	1	-2.269
10	3	3.62	0	0	1.706
10	3	1.876	0	0	0.6588
10	3	0.2685	0	1	-0.09977
10	3	3.641	0	0	-1.126
10	3	3.563	1	1	0.4684
10	3	2.11	1	0	-0.2153
10	3	1.566	1	0	0.3643
10	3	1.515	1	1	0.6802
10	3	1.198	1	1	-0.802
10	3	2.196	0	1	0.4427
10	3	3.523	1	0	-1.034
10	3	3.459	0	1	1.289
10	3	0.8311	1	0	-0.9503
10	3	5.413	1	1	-0.7848
10	3	0.7491	1	0	0.5233
10	3	0.2785	0	1	1.163
10	3	3.842	1	1	0.7416
10	3	5.364	1	0	0.5274
10	3	0.6852	1	1	1.076
10	3	5.1	1	1	0.2364
10	3	1.787	0	0	-0.5415
10	3	0.2002	0	1	-0.1837
10	3	0.5949	1	0	-0.1365
10	3	3.459	0	0	0.2509
10	3	3.443	0	0	-0.1844
10	3	1.876	0	0	-1.004
10	3	5.109	0	0	1.09
10	3	0.3288	1	1	-0.5099
10	3	4.067	1	1	-0.3888
10	3	0.8427	0	0	-0.9636
10	3	1.923	1	1	0.4572
10	3	1.092	1	0	-0.3475
10	3	0.5495	0	1	0.4036
10	3	5.058	1	1	0.1823
10	3	0.5165	1	0	-0.1355
10	3	0.4243	1	1	0.9255
10	3	5.45	0	0	0.2461
10	3	5.6	0	0	-0.03088
11	3	1.113	0	1	1.204
11	3	4.045	0	0	-0.2472
11	3	1.621	0	0	-0.1655
11	3	1.965	1	1	-0.5721
11	3	5.316	1	1	-1.112
11	3	0.351	1	1	-0.2323
11	3	5.296	1	1	0.6776
11	3	0.6712	1	1	0.4472
11	3	5.242	1	1	-0.8891
11	3	3.538	1	1	-0.8476
11	3	1.832	0	1	2.062
11	3	3.574	1	1	0.4877
11	3	1.591	0	1	1.278
11	3	1.807	1	1	-2.24
11	3	0.06552	0	0	-0.5675
11	3	3.658	1	1	0.2758
11	3	0.8155	0	0	-0.06844
11	3	5.435	0	0	0.6985
11	3	3.476	1	1	-0.6747
11	3	0.8552	1	0	0.8234
11	3	1.693	0	0	0.2202
11	3	1.345	0	0	-0.8532
11	3	5.55	0	0	-0.06744
11	3	0.7229	1	1	-0.2056
11	3	0.8844	1	0	0.3106
11	3	3.857	0	0	-0.5752
11	3	1.094	1	0	-0.5226
11	3	3.693	1	0	0.6023
11	3	3.851	1	1	0.5689
11	3	1.045	0	1	0.7494
11	3	0.3687	0	0	-1.074
11	3	5.236	1	0	-0.539
11	3	0.1368	1	0	0.5389
11	3	1.05	1	0	-0.849
11	3	2.019	1	1	1.134
11	3	1.767	0	1	-1.496
11	3	3.68	0	0	0.25
11	3	0.6898	0	1	-0.708
11	3	3.763	1	1	2.12
11	3	0.4013	0	1	0.04453
11	3	0.4284	0	1	-0.4553
11	3	0.9192	0	0	-0.07981
11	3	5.45	0	1	-1.136
11	3	5.336	0	1	1.306
11	3	5.579	1	1	-0.8401
11	3	1.021	0	1	-0.05353
11	3	0.2323	0	1	-0.1111
11	3	5.24	0	0	-0.7751
11	3	1.94	1	1	0.01613
11	3	0.9389	1	1	0.005627
12	3	2.025	0	0	1.81
12	3	1.19	0	1	0.2768
12	3	3.46	0	1	0.369
12	3	1.939	1	1	0.07928
12	3	0.3751	0	0	0.5406
12	3	0.6445	1	1	1.062
12	3	5.409	0	0	-1.549
12	3	3.706	1	0	-0.3785
12	3	1.272	1	0	1.389
12	3	1.668	0	0	0.256
12	3	0.2913	0	1	0.3515
12	3	1.745	1	0	0.0664
12	3	5.443	1	1	0.4483
12	3	0.4676	0	0	0.217
12	3	0.4863	0	1	0.7065
12	3	3.908	1	0	0.8307
12	3	5.495	1	1	-0.07991
12	3	1.702	0	0	-0.2879
12	3	0.6467	1	1	0.5898
12	3	0.8452	0	0	0.01818
12	3	3.294	0	0	-0.5572
12	3	0.6854	1	1	1.697
12	3	0.7405	0	1	-0.04637
12	3	0.3213	0	0	0.2909
12	3	0.5862	1	1	-1.279
12	3	1.686	0	1	-0.5952
12	3	1.728	1	0	0.05237
12	3	5.427	1	0	0.9563
12	3	3.247	1	1	1.119
12	3	5.366	0	0	0.2247
12	3	1.095	1	1	0.1627
12	3	5.22	1	1	-1.78
12	3	3.693	1	1	-1.277
12	3	1.993	0	1	0.7394
12	3	1.983	0	1	1.414
12	3	3.683	0	0	1.313
12	3	0.0005894	0	1	-0.2272
12	3	5.604	0	0	0.8874
12	3	1.036	0	0	-0.7551
12	3	0.987	0	0	0.6489
12	3	3.516	1	1	-0.4866
12	3	5.762	1	1	0.6009
12	3	1.086	0	0	0.1438
12	3	3.627	1	0	2.188
12	3	0.845	0	1	0.1487
12	3	4.017	1	1	2.053
12	3	0.6023	1	0	0.05999
12	3	5.712	1	1	-1.677
12	3	5.648	1	1	0.3714
12	3	0.8133	1	1	0.1266
13	3	3.746	0	0	0.6301
13	3	0.5149	0	1	0.6711
13	3	1.743	0	1	0.1051
13	3	5.698	1	1	-0.2711
13	3	0.5188	0	0	0.8967
13	3	5.615	1	1	-0.0592
13	3	5.687	1	1	-0.4545
13	3	5.11	1	1	0.9947
13	3	3.635	1	1	-0.2513
13	3	1.843	0	0	-0.3563
13	3	0.6084	0	0	0.4201
13	3	3.572	0	1	0.5223
13	3	5.32	1	1	0.07043
13	3	0.8839	0	0	-0.2118
13	3	5.462	0	0	-1.455
13	3	0.7223	1	1	0.8209
13	3	1.797	0	0	-1.07
13	3	0.5358	0	0	-0.6423
13	3	3.61	1	1	0.1392
13	3	3.611	0	0	0.1894
13	3	3.136	1	0	-0.8178
13	3	0.8613	0	1	-0.1487
13	3	1.052	0	0	0.5019
13	3	0.8221	1	1	-1.419
13	3	5.626	0	0	-0.7454
13	3	1.936	0	0	-0.8867
13	3	1.904	0	1	0.0509
13	3	5.475	0	0	2.825
13	3	1.012	0	1	-0.8318
13	3	0.2993	1	0	0.4177
13	3	0.7343	1	1	0.06093
13	3	3.812	1	0	-0.8097
13	3	1.807	0	0	-0.91
13	3	0.2919	1	0	-0.1243
13	3	4.041	1	1	-0.1548
13	3	5.437	1	1	-0.2749
13	3	3.793	1	1	1.231
13	3	1.862	0	0	-1.31
13	3	1.105	1	0	0.3201
13	3	1.762	1	1	-1.5
13	3	5.231	1	1	0.6758
13	3	0.008284	0	0	0.9253
13	3	1.052	0	0	-0.4242
13	3	3.939	1	1	-0.7364
13	3	0.6458	1	0	1.297
13	3	1.98	0	1	0.2461
13	3	1.724	1	1	-0.6793
13	3	0.953	0	0	-0.3754
14	3	5.221	1	1	1.014
14	3	5.446	0	0	1.094
14	3	0.9645	1	0	0.2314
14	3	5.465	0	0	-0.107
14	3	3.742	0	0	0.8165
14	3	1.969	0	0	1.753
14	3	3.644	0	0	-1.134
14	3	0.8495	1	1	-0.8087
14	3	0.647	0	0	-1.729
14	3	5.47	1	1	-1.709
14	3	1.125	1	0	1.767
14	3	0.9742	0	0	1.303
14	3	1.929	0	0	-0.9485
14	3	0.5625	0	0	-0.01735
14	3	0.1158	0	0	1.017
14	3	1.718	1	1	2.653
14	3	3.231	1	1	2.016
14	3	1.852	1	0	-1.195
14	3	1.85	1	0	-0.5435
14	3	0.3857	1	1	0.3079
14	3	1.585	0	0	0.4511
14	3	0.632	0	1	1.242
14	3	0.2619	0	1	-1.13
14	3	0.2413	0	1	-0.6166
14	3	0.8708	1	1	0.5251
14	3	3.707	1	0	1.808
14	3	0.4324	0	0	-1.114
14	3	3.729	1	1	0.4962
14	3	1.472	1	1	-1.295
14	3	3.262	0	1	-0.4826
14	3	5.413	1	1	-0.9335
14	3	0.4363	0	1	0.6656
14	3	0.3313	0	1	-1.113
14	3	5.553	1	1	-0.3901
14	3	0.8721	1	1	0.4316
14	3	5.578	1	1	-1.126
14	3	3.654	0	0	-0.4276
14	3	5.193	1	1	-0.2599
14	3	3.807	0	0	-0.08342
14	3	5.388	0	0	-0.7092
14	3	0.8983	1	0	-0.3275
14	3	1.628	0	1	0.9043
14	3	0.44	1	1	-1.003
14	3	1.916	0	1	-0.7635
14	3	5.418	1	1	1.885
14	3	1.576	1	1	-0.07021
14	3	3.565	0	1	0.003192
14	3	1.807	1	1	0.3893
14	3	3.634	0	0	-0.3282
15	3	5.721	0	0	0.3692
15	3	0.4565	1	1	-0.4296
15	3	0.9093	0	1	-0.8409
15	3	3.715	1	1	2.168
15	3	3.567	0	0	-0.8731
15	3	0.248	0	0	-0.02371
15	3	0.4972	0	0	1.209
15	3	1.731	0	0	-0.2379
15	3	0.6275	1	1	-0.5364
15	3	3.628	0	0	-1.152
15	3	5.127	1	1	-0.8772
15	3	5.256	1	1	-1.17
15	3	1.154	0	0	0.7839
15	3	0.869	0	0	0.1679
15	3	1.767	0	1	0.6671
15	3	1.506	1	1	-1.751
15	3	1.491	0	1	0.4416
15	3	0.937	1	0	0.4294
15	3	1.772	0	0	0.4991
15	3	0.5819	1	1	-1.118
15	3	0.2576	1	1	-1.556
15	3	5.224	0	0	-1.008
15	3	0.5069	1	1	0.4603
15	3	1.724	1	1	-0.6785
15	3	3.958	0	0	-1.149
15	3	0.5015	0	1	-0.3024
15	3	0.2178	0	0	-0.5252
15	3	5.434	1	0	-0.2403
15	3	5.779	1	1	-0.3621
15	3	5.293	0	0	0.02774
15	3	5.585	1	1	-0.2337
15	3	0.9523	0	1	-0.3361
15	3	3.571	1	0	0.7535
15	3	0.9364	1	1	-0.3033
15	3	1.388	1	1	0.2673
15	3	3.638	1	0	0.4816
15	3	2.138	0	1	0.8839
15	3	3.669	0	0	-0.3318
15	3	2.317	1	1	-0.1679
15	3	3.78	1	1	1.246
15	3	1.65	0	0	0.8371
15	3	0.6271	1	1	-0.7443
15	3	3.361	1	1	-1.022
15	3	1.202	0	0	-0.07743
15	3	3.744	1	1	1.704
15	3	5.388	1	0	-0.3386
15	3	1.968	1	1	1.005
16	3	3.854	1	1	1.681
16	3	1.029	0	1	0.06071
16	3	1.522	1	1	-0.6673
16	3	5.6	1	1	1.499
16	3	3.526	1	0	0.2054
16	3	2.012	0	0	-0.3801
16	3	5.669	0	0	1.195
16	3	0.5902	0	0	1.445
16	3	5.359	1	1	-2.772
16	3	1.885	0	0	-0.4879
16	3	1.862	1	0	-0.485
16	3	0.9509	1	0	-1.578
16	3	2.427	1	0	0.2525
16	3	0.4136	0	1	-1.392
16	3	3.776	1	1	-1.265
16	3	3.45	1	1	1.697
16	3	0.6452	0	1	0.8032
16	3	0.2702	0	1	-1.055
16	3	0.6107	0	1	-0.4491
16	3	1.559	0	1	-1.059
16	3	5.748	1	1	-0.304
16	3	0.9102	0	0	-0.8313
16	3	0.4305	1	1	1.223
16	3	0.4583	0	0	-0.864
16	3	3.486	1	1	0.9538
16	3	5.347	1	0	1.682
16	3	3.528	0	0	-0.7439
16	3	3.181	1	1	-0.1823
16	3	5.418	1	1	-0.2978
16	3	5.487	0	0	1.738
16	3	0.4296	0	1	-0.4741
16	3	5.417	0	0	1.431
16	3	0.2053	0	0	-1.993
16	3	5.265	1	0	-0.6113
16	3	5.679	1	1	0.6281
16	3	0.972	1	1	1.17
16	3	3.656	1	1	-0.986
16	3	0.6958	1	0	-2.137
16	3	0.9665	0	0	-0.6398
16	3	0.9485	0	1	1.502
16	3	3.682	0	0	0.02949
16	3	1.861	0	0	-1.609
16	3	0.3971	0	0	-0.5097
16	3	0.5486	0	1	0.3429
16	3	0.8465	0	1	-2.535
16	3	1.689	1	0	0.2348
16	3	2.009	1	1	0.09154
16	3	1.851	0	1	-1.492
16	3	3.753	1	1	-1.188
16	3	0.5861	1	1	1.155
17	3	0.3947	1	0	0.03315
17	3	0.846	1	0	-0.5336
17	3	1.795	0	1	0.6183
17	3	5.356	1	1	0.1691
17	3	5.312	1	1	0.2422
17	3	3.368	0	0	-0.7969
17	3	3.487	0	0	0.2948
17	3	5.31	0	0	0.0018
17	3	0.6777	1	0	1.092
17	3	1.006	0	1	0.4709
17	3	1.74	0	0	0.1137
17	3	5.661	0	0	-1.325
17	3	5.598	1	1	-1.138
17	3	5.169	1	1	-0.6774
17	3	3.144	1	1	0.2626
17	3	5.279	1	1	1.97
17	3	0.3224	1	1	-0.1001
17	3	5.058	0	0	-0.6278
17	3	5.307	1	1	-0.0113
17	3	1.439	1	1	1.346
17	3	0.4626	1	1	0.4871
17	3	1.041	0	0	0.03863
17	3	1.519	0	0	-2.008
17	3	2.04	1	1	0.1013
17	3	3.302	1	1	0.5148
17	3	3.716	0	0	0.05033
17	3	0.515	1	1	-0.9676
17	3	0.8377	0	0	-0.6905
17	3	3.28	1	1	0.04573
17	3	3.932	0	0	0.5206
17	3	1.518	0	1	1.491
17	3	5.178	1	1	0.2643
17	3	0.517	0	0	-0.2389
17	3	0.9146	0	1	-0.5934
17	3	3.348	1	1	0.2731
17	3	1.599	1	1	-0.2753
17	3	0.3496	0	1	1.864
17	3	1.713	1	0	-0.1704
17	3	0.8641	0	0	0.09517
17	3	1.41	0	1	0.8216
17	3	0.5652	0	0	-0.4678
17	3	0.6603	0	0	-0.5894
17	3	0.4027	1	1	0.237
17	3	3.74	0	0	-0.2918
17	3	0.9734	1	1	-1.333
17	3	0.4697	1	1	0.6646
17	3	1.146	1	1	-0.2737
17	3	1.582	0	1	-0.8653
17	3	3.584	0	0	0.9375
17	3	0.9548	0	0	-0.8736
18	3	1.871	1	0	1.069
18	3	0.5146	1	1	-0.1428
18	3	1.588	1	1	-1.022
18	3	5.451	1	0	2.007
18	3	5.82	0	0	0.01176
18	3	3.315	1	1	-0.2554
18	3	0.5391	1	1	-0.03704
18	3	4.007	0	0	0.1516
18	3	0.4658	0	0	-0.008293
18	3	3.604	0	0	1.137
18	3	2.176	0	1	-1.205
18	3	0.4757	1	1	1.001
18	3	5.558	0	0	-0.5117
18	3	0.9384	0	1	-0.07911
18	3	5.194	1	1	-1.844
18	3	0.551	1	1	1.284
18	3	4.095	1	1	1.295
18	3	1.722	0	0	-0.3036
18	3	1.555	1	0	0.2189
18	3	3.593	0	0	-0.6694
18	3	1.819	0	0	0.9369
18	3	0.4381	0	1	0.119
18	3	3.23	0	0	-0.4477
18	3	5.665	0	0	0.2862
18	3	1.291	0	0	1.883
18	3	1.869	0	0	-0.989
18	3	0.7774	1	0	0.06554
18	3	0.8273	1	1	-0.01948
18	3	1.152	0	0	0.1751
18	3	5.383	0	0	-0.4527
18	3	3.806	1	0	0.5621
18	3	1.685	1	1	-0.1513
18	3	0.1828	0	1	-0.1729
18	3	0.3596	1	0	-1.634
18	3	1.123	0	1	0.3688
18	3	0.8472	1	1	-0.925
18	3	5.61	1	1	-1.06
18	3	5.602	1	1	-0.4855
18	3	5.632	0	0	0.9145
18	3	1.738	1	1	0.05472
18	3	0.8396	0	0	0.9887
18	3	3.822	1	1	-0.1634
18	3	0.4651	1	1	0.973
18	3	0.5387	1	0	0.3912
18	3	3.236	0	0	0.07648
18	3	0.4711	1	1	0.07927
18	3	1.776	0	0	0.5525
18	3	5.291	1	1	-1.309
18	3	0.906	0	1	1.222
18	3	3.169	0	0	-0.6165
19	3	0.5583	1	0	0.4638
19	3	0.7731	1	1	-1.339
19	3	0.8375	0	0	0.4027
19	3	0.3693	1	0	0.3556
19	3	0.1248	1	1	-0.1893
19	3	0.5295	0	0	-1.028
19	3	1.761	1	1	1.804
19	3	1.539	0	1	-0.4909
19	3	5.33	0	0	0.4173
19	3	3.521	0	0	-0.4429
19	3	1.957	0	1	0.1112
19	3	3.475	0	0	-1.024
19	3	1.186	0	0	2.553
19	3	0.2531	1	1	-0.3403
19	3	5.747	0	0	-1.577
19	3	5.328	1	1	0.5152
19	3	3.407	0	0	-0.6206
19	3	1.027	1	1	0.1494
19	3	0.4121	1	1	0.5554
19	3	5.116	1	1	0.489
19	3	3.487	1	0	-0.136
19	3	5.441	1	1	0.04316
19	3	1.89	0	0	-1.968
19	3	1.948	1	1	-0.1382
19	3	1.012	1	1	0.08686
19	3	3.925	1	1	0.5849
19	3	0.9688	0	0	0.3808
19	3	3.658	0	0	-0.4111
19	3	1.812	0	1	-0.7258
19	3	5.43	1	0	1.763
19	3	0.5817	0	0	1.117
19	3	3.746	0	0	-0.3475
19	3	1.21	0	0	-1.705
19	3	0.5023	1	0	-0.5467
19	3	0.494	0	0	-0.9584
19	3	0.921	1	0	-0.7751
19	3	3.668	0	0	-0.7352
19	3	2.015	0	0	0.01434
19	3	5.194	1	1	-0.0485
19	3	3.604	1	0	-0.11
19	3	1.363	1	0	1.606
19	3	3.796	1	1	-0.3703
19	3	5.356	1	1	0.163
19	3	0.4656	0	0	0.4339
19	3	1.62	0	0	0.3896
19	3	0.9356	1	1	-1.504
19	3	5.603	0	0	0.4555
19	3	5.47	1	1	-1.372
19	3	2.003	0	0	0.04347
19	3	0.4603	0	0	-1.583
20	4	0.8525	0	1	0.7975
20	4	5.549	0	0	0.0983
20	4	1.567	0	0	-0.6948
20	4	5.341	1	1	0.7543
20	4	0.09346	0	0	-0.0001656
20	4	4.896	0	0	-0.06527
20	4	0.2785	1	1	0.6226
20	4	0.1614	1	1	-0.02658
20	4	1.079	0	0	-0.04547
20	4	0.355	0	1	-0.6345
20	4	0.7128	0	0	-0.4485
20	4	0.3049	1	1	-0.04938
20	4	1.849	0	0	0.2282
20	4	1.035	0	0	-0.06938
20	4	0.3544	0	1	0.2094
20	4	1.651	0	0	-0.572
20	4	2.006	1	0	2.505
20	4	0.9061	1	0	1.944
20	4	0.8912	1	0	0.3
20	4	0.7505	1	0	0.1411
20	4	0.434	1	0	-2.468
20	4	0.5051	0	1	1.102
20	4	1.731	1	0	1.78
20	4	1.894	0	0	1.123
20	4	0.2854	1	0	-1.914
20	4	5.395	1	0	1.889
20	4	0.6135	1	1	0.5252
20	4	0.04465	1	1	-1.673
20	4	1.69	1	0	2.503
20	4	5.513	1	1	-0.1525
20	4	0.7217	1	0	-0.8326
20	4	5.655	1	1	0.5635
20	4	1.061	0	0	1.188
20	4	0.1741	0	0	1.713
20	4	0.1434	1	0	1.002
20	4	1.92	0	0	-0.6935
20	4	1.313	0	0	1.475
20	4	0.917	0	0	-0.1304
20	4	5.552	0	0	-0.3362
20	4	0.07778	0	0	-0.4323
20	4	1.991	1	1	0.9295
20	4	0.4263	0	0	0.05256
20	4	0.9616	1	1	-1.108
20	4	0.5308	1	0	0.8131
20	4	0.2247	0	1	-0.2898
20	4	5.684	1	0	0.8249
20	4	0.1245	0	1	1.446
20	4	0.2183	1	1	2.067
20	4	5.608	0	0	0.8952
20	4	5.486	0	0	0.1183
21	4	0.6618	0	0	0.5863
21	4	1.83	0	0	-0.537
21	4	0.7715	0	0	-0.8805
21	4	0.8611	1	0	0.3122
21	4	5.705	1	1	-0.1355
21	4	0.4253	1	1	-0.206
21	4	5.419	1	0	0.07886
21	4	0.7081	1	1	-0.2728
21	4	5.108	1	1	-0.4405
21	4	2.121	1	0	0.9849
21	4	0.9222	0	1	0.146
21	4	2.054	1	0	-0.7915
21	4	0.7349	0	0	-0.4029
21	4	1.171	1	1	-0.9557
21	4	0.1659	0	1	-0.1554
21	4	1.85	1	1	-2.266
21	4	0.4413	0	0	-2.104
21	4	5.43	0	0	2.531
21	4	1.936	1	0	0.2217
21	4	0.6779	1	1	0.4472
21	4	1.024	0	0	2.196
21	4	1.252	0	1	-1.221
21	4	5.133	0	0	0.349
21	4	0.5963	1	0	-2.125
21	4	0.8615	1	0	-0.8157
21	4	1.652	0	0	0.5003
21	4	0.456	1	0	0.1458
21	4	1.999	1	0	-1.322
21	4	2.208	1	0	-0.497
21	4	0.381	0	0	-0.1468
21	4	0.3463	0	0	-1.042
21	4	5.266	1	1	-0.198
21	4	0.1483	1	0	-0.2482
21	4	0.4006	1	0	-0.6339
21	4	0.8226	1	0	1.232
21	4	0.7796	0	1	0.9877
21	4	1.561	0	0	1.546
21	4	0.3937	0	0	-1.21
21	4	1.73	1	1	-0.2228
21	4	0.2379	0	0	0.5856
21	4	0.1528	1	0	-0.04382
21	4	0.04029	0	0	-1.982
21	4	5.604	0	0	-1.689
21	4	5.389	0	0	0.5385
21	4	5.57	1	0	1.148
21	4	0.5634	0	1	0.06937
21	4	0.4222	0	1	0.04149
21	4	5.218	0	0	-0.9533
21	4	1.101	1	0	0.6647
21	4	0.3059	1	1	0.05567
22	4	0.898	0	0	0.4688
22	4	0.3867	0	0	0.391
22	4	1.609	0	0	-0.1494
22	4	0.5438	1	1	0.2772
22	4	0.3333	0	0	1.148
22	4	0.5896	1	0	0.6946
22	4	5.612	0	0	-0.7624
22	4	1.759	1	0	0.1503
22	4	1.021	1	1	0.561
22	4	0.738	0	1	0.3689
22	4	0.357	0	1	1.728
22	4	1.071	1	0	0.5281
22	4	5.437	1	1	-1.17
22	4	0.1443	0	1	0.1405
22	4	0.3996	0	0	-0.1812
22	4	1.749	1	0	1.297
22	4	5.141	1	1	-0.1552
22	4	0.8898	0	0	-0.308
22	4	0.08019	1	1	1.072
22	4	0.6152	0	0	-0.222
22	4	1.782	0	0	0.9375
22	4	0.1773	1	1	-1.997
22	4	0.3178	0	0	0.767
22	4	0.09818	0	0	-1.171
22	4	0.4615	1	0	-0.8137
22	4	0.8086	0	0	0.5161
22	4	0.8817	1	1	-0.214
22	4	5.333	1	0	-0.9308
22	4	1.876	1	0	1.085
22	4	5.368	0	0	0.3018
22	4	0.4375	1	1	-1.258
22	4	5.433	1	1	-0.8792
22	4	1.902	1	1	2.323
22	4	0.6268	0	1	-1.206
22	4	0.8965	0	0	-1.964
22	4	1.957	0	0	-3.681
22	4	0.03142	0	1	1.621
22	4	5.003	0	0	-0.1158
22	4	0.0586	1	0	0.9107
22	4	0.5229	0	1	1.776
22	4	1.66	1	0	-0.8373
22	4	5.725	1	1	-0.5307
22	4	0.6762	0	1	-0.712
22	4	1.994	1	0	-0.272
22	4	0.1673	0	1	-0.07883
22	4	2.136	1	1	-0.5064
22	4	0.3735	1	0	0.4791
22	4	5.053	1	1	0.7132
22	4	5.483	1	0	0.4483
22	4	0.4968	1	0	0.4669
23	4	1.716	0	0	2.431
23	4	0.1191	0	0	0.8714
23	4	0.9647	0	0	0.9506
23	4	5.393	1	1	1.519
23	4	0.3714	0	0	-0.9661
23	4	4.88	1	1	-0.5266
23	4	5.623	1	1	1.856
23	4	5.351	1	1	0.2589
23	4	1.763	1	0	1.225
23	4	0.8593	0	0	-0.09048
23	4	0.5938	0	1	-1.704
23	4	1.702	0	0	-1.041
23	4	5.483	1	1	0.9859
23	4	0.2631	0	0	-0.1734
23	4	5.735	0	0	-1.535
23	4	0.4124	1	0	0.2358
23	4	1.117	0	1	0.06211
23	4	0.2171	0	0	0.9923
23	4	1.306	1	1	0.01572
23	4	1.476	0	1	0.1646
23	4	2.202	1	0	-0.3399
23	4	0.4335	0	0	0.5924
23	4	0.4696	0	1	-0.7403
23	4	0.4206	1	0	-0.869
23	4	0.206	1	1	-0.5633
23	4	5.339	0	0	-0.5161
23	4	0.7931	0	1	-0.6795
23	4	1.056	0	1	-0.6858
23	4	5.234	0	0	0.4826
23	4	0.5841	0	1	0.1266
23	4	0.3074	1	0	-0.7636
23	4	0.2026	0	1	1.233
23	4	2.093	1	0	-1.864
23	4	0.3921	1	0	-0.09241
23	4	1.06	0	0	-0.03335
23	4	0.199	1	0	-2.174
23	4	1.873	1	1	-0.3048
23	4	5.521	1	1	0.4683
23	4	2.087	1	0	0.4052
23	4	1.206	0	0	-1.379
23	4	0.6938	1	0	1.084
23	4	0.749	1	1	-1.267
23	4	5.291	1	1	1.394
23	4	0.1795	0	1	-0.3529
23	4	0.6353	0	1	0.3992
23	4	1.724	1	1	-0.3584
23	4	0.6817	1	0	0.05825
23	4	0.8675	0	1	0.3959
23	4	0.913	1	1	1.21
23	4	0.3308	0	0	-0.07445
24	4	5.344	1	1	0.9708
24	4	1.493	0	0	0.504
24	4	1.132	0	1	0.5449
24	4	0.2554	0	1	-0.5543
24	4	1.941	1	0	1.059
24	4	1.637	0	0	0.6835
24	4	0.1815	0	0	-0.2799
24	4	0.7313	0	0	-0.1215
24	4	2.169	0	0	-0.007767
24	4	0.04312	0	1	-0.5859
24	4	0.6809	1	0	-0.4946
24	4	0.4461	1	0	0.1119
24	4	1.806	0	0	-0.6262
24	4	1.518	1	0	-0.6576
24	4	5.47	0	0	0.922
24	4	0.5017	1	0	-0.059
24	4	5.174	1	0	1.009
24	4	0.1238	1	1	0.1565
24	4	0.4048	0	1	-0.1921
24	4	0.8275	0	0	-1.03
24	4	1.752	0	0	-0.03804
24	4	1.822	0	0	0.3473
24	4	2.022	1	1	-0.7455
24	4	0.3357	1	0	0.3467
24	4	1.852	1	1	-1.166
24	4	0.9549	1	0	0.6732
24	4	1.008	0	0	0.5713
24	4	0.9952	1	1	-0.1943
24	4	0.8043	1	0	-0.9444
24	4	1.453	1	1	-0.03641
24	4	5.479	0	0	-2.395
24	4	0.5889	0	0	0.5736
24	4	5.093	1	1	0.1794
24	4	0.796	0	0	1.289
24	4	0.2773	1	1	0.5286
24	4	5.525	0	0	0.6963
24	4	0.1707	0	0	-0.8027
24	4	5.463	1	1	-0.1718
24	4	5.565	0	0	-1.482
24	4	0.516	0	0	-1.048
24	4	0.3721	1	0	1.095
24	4	0.2276	0	1	0.7315
24	4	0.2016	0	0	-1.508
24	4	0.004077	0	1	0.7571
24	4	0.9583	1	1	-0.192
24	4	5.493	1	1	0.3619
24	4	0.4487	1	1	-0.8822
24	4	0.1455	1	0	0.4094
24	4	5.431	0	0	-0.6622
24	4	0.3602	1	0	2.025
25	4	5.644	0	0	1.067
25	4	0.939	1	1	0.7763
25	4	0.886	0	0	-0.5019
25	4	0.8435	1	1	0.1754
25	4	0.2413	0	1	-0.045
25	4	0.2186	0	0	0.1304
25	4	1.854	0	0	0.652
25	4	0.6442	1	1	-0.06071
25	4	0.7191	1	0	-2.004
25	4	0.624	1	1	2.271
25	4	0.4652	1	1	0.1547
25	4	5.695	1	1	-0.1693
25	4	0.3768	1	1	-0.3614
25	4	0.7125	0	0	-0.07319
25	4	0.1911	0	1	0.5845
25	4	1.628	0	1	-0.0001215
25	4	5.213	1	1	-0.3828
25	4	1.001	0	1	0.3306
25	4	0.3275	1	1	-0.02873
25	4	5.184	0	1	0.5113
25	4	5.601	0	0	-2.008
25	4	0.4012	1	1	-0.9318
25	4	0.2256	0	1	1.103
25	4	0.08792	0	0	1.739
25	4	1.726	1	1	0.2318
25	4	0.535	0	0	0.0008768
25	4	0.68	0	0	-0.5388
25	4	1.571	1	0	0.1993
25	4	1.797	0	1	0.3938
25	4	5.132	0	0	-0.4184
25	4	1.483	1	0	0.4833
25	4	2.191	0	0	1.103
25	4	0.9483	1	1	-2.043
25	4	1.975	0	0	1.132
25	4	0.5101	1	1	-0.3357
25	4	0.4533	1	1	0.03242
25	4	0.2281	0	1	-0.2236
25	4	1.948	1	1	-2.298
25	4	5.7	1	1	-1.56
25	4	5.738	0	0	-1.373
25	4	0.6244	0	1	1.481
25	4	5.154	1	0	0.7376
25	4	0.5378	1	1	0.4612
25	4	1.18	1	1	-1.752
25	4	0.446	0	1	3.928
25	4	0.3161	1	0	-0.2614
25	4	0.3017	1	0	-1.299
25	4	5.625	0	0	1.045
25	4	0.7566	0	0	1.409
25	4	1.951	1	1	-0.04033
26	4	1.927	1	1	1.054
26	4	0.7319	0	0	-0.6325
26	4	0.7075	0	0	0.1561
26	4	5.304	0	0	-0.4387
26	4	0.4418	0	0	-0.09918
26	4	0.6861	0	0	1.124
26	4	0.6016	0	1	-0.5465
26	4	0.03523	0	1	-0.6014
26	4	1.641	0	0	-1.055
26	4	1.846	1	1	1.145
26	4	5.57	0	0	-0.1867
26	4	0.1132	1	1	0.2701
26	4	4.866	1	1	0.1041
26	4	0.5089	1	1	0.08485
26	4	1.877	1	0	-0.7879
26	4	1.341	1	1	0.08825
26	4	5.601	1	1	-0.2271
26	4	2.015	1	1	-0.7852
26	4	5.305	0	0	-0.8646
26	4	1.724	1	1	0.183
26	4	0.5504	1	1	-0.09209
26	4	0.452	1	1	-0.5601
26	4	1.036	1	0	0.0622
26	4	0.4276	0	1	1.22
26	4	4.974	1	1	-1.399
26	4	0.1803	1	0	0.3102
26	4	0.1235	1	0	1.175
26	4	0.8988	1	1	1.917
26	4	5.431	0	0	-0.9325
26	4	0.7571	0	0	0.4226
26	4	0.9201	1	1	-0.1097
26	4	0.9599	0	0	1.344
26	4	0.0738	0	1	0.07635
26	4	0.3759	0	0	0.3719
26	4	5.55	0	0	-0.935
26	4	0.3452	1	1	0.2705
26	4	5.344	1	1	-1.006
26	4	1.061	1	0	1.141
26	4	0.1277	0	1	1.019
26	4	0.9378	1	1	0.3171
26	4	0.6872	0	0	-1.143
26	4	1.534	1	1	0.07727
26	4	0.04224	1	0	-1.307
26	4	0.5142	1	1	-0.6477
26	4	1.958	1	1	0.3168
26	4	1.986	1	1	0.1676
26	4	0.1202	1	0	-0.05002
26	4	0.2908	0	0	-0.4944
26	4	5.328	0	0	0.01677
26	4	0.4636	0	0	1.156
27	4	5.201	1	1	1.103
27	4	1.757	0	0	0.3445
27	4	0.8626	1	1	-0.5653
27	4	0.7831	1	1	-0.309
27	4	1.825	1	0	2.008
27	4	0.3314	1	1	0.3361
27	4	0.2879	1	0	0.7445
27	4	0.6415	0	0	-1.066
27	4	5.358	1	1	1.056
27	4	0.4277	0	1	0.3112
27	4	0.3398	0	1	-0.627
27	4	5.644	0	0	-0.5676
27	4	1.938	0	0	-0.4915
27	4	0.06662	1	1	-0.7715
27	4	5.158	0	0	0.3308
27	4	1.88	1	1	-0.4149
27	4	0.7557	0	0	-0.6569
27	4	1.915	1	0	0.2649
27	4	1.236	1	1	-0.1161
27	4	5.521	1	1	-0.9228
27	4	0.357	1	0	2.786
27	4	0.6942	0	0	-0.288
27	4	0.03677	1	1	0.2863
27	4	0.2906	0	0	0.3792
27	4	5.566	0	0	-0.2872
27	4	0.5571	0	0	0.6797
27	4	0.3901	0	0	-0.576
27	4	5.399	0	0	1.774
27	4	0.4459	1	0	0.5992
27	4	0.09402	1	0	0.6139
27	4	0.2385	0	0	-0.06966
27	4	0.4248	1	1	0.276
27	4	1.47	0	0	-0.3068
27	4	1.855	1	0	0.09004
27	4	0.1369	1	1	-0.8002
27	4	5.494	1	1	-0.5929
27	4	5.018	0	0	-1.321
27	4	2.051	1	1	1.769
27	4	1.649	1	1	0.001736
27	4	0.1594	1	1	-1.335
27	4	0.07169	1	1	0.3
27	4	1.789	0	0	0.3245
27	4	0.52	0	1	-0.06706
27	4	0.6071	0	0	-1.294
27	4	5.439	1	1	0.04207
27	4	0.9573	0	0	-0.2915
27	4	0.4087	0	0	-0.2574
27	4	1.122	1	1	0.2603
27	4	0.8958	1	1	0.7764
27	4	0.9637	0	0	-0.8225
28	4	1.669	0	1	2.135
28	4	5.541	0	0	1.106
28	4	1.9	1	1	-1.295
28	4	0.5589	0	1	0.2164
28	4	5.493	1	1	-0.7698
28	4	5.287	0	0	-0.2568
28	4	0.7499	0	1	-2.452
28	4	1.579	1	1	2.227
28	4	0.5509	1	1	-0.3044
28	4	0.6999	1	1	-0.4621
28	4	5.604	0	0	-1.945
28	4	1.902	0	0	1.237
28	4	0.2921	1	1	-0.4454
28	4	0.6814	1	1	0.3267
28	4	0.2711	0	0	-0.8896
28	4	0.2154	0	1	0.788
28	4	5.921	1	1	1.718
28	4	1.651	0	1	0.1704
28	4	0.05888	1	0	-0.7582
28	4	1.823	0	0	0.8453
28	4	5.348	1	1	0.05626
28	4	1.055	1	1	-1.655
28	4	0.5341	1	1	1.243
28	4	0.3483	1	0	0.3635
28	4	2.134	1	0	0.4479
28	4	5.84	1	1	-0.4163
28	4	1.18	1	1	-2.168
28	4	0.1115	0	0	2.79
28	4	0.09092	0	0	-0.03183
28	4	0.7504	1	1	-0.5259
28	4	1.081	0	0	0.6661
28	4	0.2315	1	0	-0.01589
28	4	1.895	0	0	0.02154
28	4	5.417	0	0	0.3285
28	4	5.117	1	1	0.2263
28	4	1.111	1	1	-0.2691
28	4	1.006	1	1	-1.48
28	4	0.3056	1	0	1.088
28	4	1.076	0	1	0.3345
28	4	0.9164	1	0	-0.3927
28	4	1.722	0	0	2.313
28	4	0.1136	0	0	0.5765
28	4	0.8133	1	1	-0.5711
28	4	1.642	0	0	-0.05857
28	4	5.907	1	1	-0.9575
28	4	0.7492	0	1	-0.1137
28	4	0.05133	1	0	2.124
28	4	0.8437	0	0	-0.7006
28	4	0.9045	0	0	0.4387
28	4	0.3161	0	1	1.2
29	4	0.05912	0	1	1.581
29	4	0.4606	1	0	0.3108
29	4	0.01298	0	1	-0.165
29	4	0.1015	1	1	-0.3845
29	4	0.08641	0	1	0.307
29	4	0.681	0	1	-0.0622
29	4	0.6862	1	0	0.4087
29	4	1.273	0	1	-0.2929
29	4	5.325	0	0	0.01572
29	4	1.708	0	0	0.2635
29	4	0.9838	0	0	0.3542
29	4	1.653	0	1	0.5845
29	4	0.86	0	0	-0.4603
29	4	0.04376	1	1	-2.148
29	4	5.253	0	0	0.3735
29	4	5.04	1	1	0.2153
29	4	1.775	0	1	0.09937
29	4	0.51	1	1	-0.9174
29	4	0.4156	1	0	0.3106
29	4	5.53	1	1	-1.388
29	4	1.736	1	1	0.3198
29	4	5.595	1	1	-0.7913
29	4	0.8486	0	1	-0.8794
29	4	1.087	1	1	0.873
29	4	0.2315	1	0	1.08
29	4	1.997	1	1	0.3378
29	4	0.6314	0	0	-1.647
29	4	2.342	0	1	2.298
29	4	0.5898	0	1	1.579
29	4	5.245	1	1	-0.6188
29	4	0.1495	0	0	1.034
29	4	1.614	0	1	-0.3049
29	4	0.5122	0	1	0.3881
29	4	0.1105	1	0	-0.2926
29	4	0.4139	0	1	0.2608
29	4	0.7706	1	0	0.7761
29	4	2.126	0	0	0.4042
29	4	0.7937	0	0	-0.3645
29	4	5.697	1	1	0.4627
29	4	1.899	1	1	0.4803
29	4	0.9097	1	0	1.273
29	4	1.856	1	1	0.2246
29	4	5.116	1	1	-1.169
29	4	0.2094	0	0	1.905
29	4	1.328	0	0	1.903
29	4	0.3117	1	1	-1.448
29	4	5.413	0	0	2.078
29	4	5.674	1	1	-1.918
29	4	0.9571	0	1	0.3214
29	4	0.1342	0	1	0.4236
30	5	0.8579	0	1	2.01
30	5	5.548	0	0	1.86
30	5	1.566	0	0	-0.5349
30	5	5.347	1	1	-0.05231
30	5	0.09436	0	0	0.0871
30	5	4.892	0	0	0.7902
30	5	0.2826	1	1	0.04079
30	5	0.1616	1	1	-1.073
30	5	1.082	0	0	1.564
30	5	0.3572	0	1	-1.135
30	5	0.7073	0	1	-0.2316
30	5	0.3008	1	1	-0.2424
30	5	1.849	0	0	-0.7034
30	5	1.032	0	0	-0.1492
30	5	0.3567	0	1	-1.102
30	5	1.655	0	0	-0.293
30	5	2.01	1	1	-0.6052
30	5	0.9038	1	1	-0.2272
30	5	0.8933	1	1	-0.7749
30	5	0.7547	1	0	0.2408
30	5	0.4316	1	1	-0.04
30	5	0.5023	0	1	1.13
30	5	1.721	1	1	1.417
30	5	1.896	0	1	0.6842
30	5	0.2855	1	1	-1.42
30	5	5.397	1	1	0.1398
30	5	0.6105	1	1	1.854
30	5	0.04346	1	1	0.1838
30	5	1.687	1	1	0.05575
30	5	5.52	1	1	-0.2154
30	5	0.7201	1	1	-1.067
30	5	5.652	1	1	-1.259
30	5	1.067	0	1	0.3738
30	5	0.1753	0	1	-1.886
30	5	0.149	1	0	-0.07527
30	5	1.921	0	0	0.3082
30	5	1.315	0	1	-0.7266
30	5	0.9141	0	0	-0.254
30	5	5.552	0	0	-0.7036
30	5	0.0785	0	1	0.4662
30	5	1.994	1	0	0.01955
30	5	0.432	0	1	0.5886
30	5	0.9627	1	1	0.8498
30	5	0.5348	1	1	-0.009582
30	5	0.2233	0	0	0.2984
30	5	5.69	1	1	-1.421
30	5	0.1216	0	1	-0.103
30	5	0.2147	1	0	0.8071
30	5	5.608	0	0	-0.1298
31	5	0.6586	0	1	1.991
31	5	1.836	0	0	0.3104
31	5	0.7709	0	0	0.6226
31	5	0.8552	1	0	-0.4306
31	5	5.709	1	1	0.1581
31	5	0.4752	1	1	-0.361
31	5	5.417	1	1	-0.7252
31	5	0.7094	1	1	0.5287
31	5	5.11	1	1	0.1692
31	5	2.121	1	1	0.03588
31	5	0.9224	0	0	0.4977
31	5	2.059	1	1	-2.521
31	5	0.7373	0	0	0.3764
31	5	1.168	1	1	-0.9626
31	5	0.1643	0	0	0.3245
31	5	1.839	1	1	0.2602
31	5	0.4407	0	0	0.3836
31	5	5.436	0	0	0.1216
31	5	1.939	1	0	-0.2855
31	5	0.6782	1	0	-0.1927
31	5	1.025	0	1	0.101
31	5	1.254	0	0	0.04175
31	5	5.131	0	0	-0.6718
31	5	0.5928	1	0	-0.02812
31	5	0.8575	1	0	0.6366
31	5	1.651	0	0	-0.9139
31	5	0.4583	1	0	-0.9957
31	5	2.001	1	0	-0.0291
31	5	2.207	1	1	0.4461
31	5	0.3853	0	0	-0.511
31	5	0.3445	0	1	-1.422
31	5	5.27	1	1	1.525
31	5	0.1501	1	0	-0.8142
31	5	0.3989	1	0	0.224
31	5	0.8213	1	1	1.062
31	5	0.7799	0	1	0.1927
31	5	1.564	0	0	0.1749
31	5	0.3948	0	0	0.1251
31	5	1.732	1	0	-1.257
31	5	0.2369	0	0	-0.5145
31	5	0.1527	1	0	-2.007
31	5	0.04354	0	0	1.759
31	5	5.607	0	0	-1.541
31	5	5.392	0	0	-0.9212
31	5	5.575	1	1	2.192
31	5	0.5631	0	0	0.421
31	5	0.4224	0	0	2.211
31	5	5.223	0	0	-1.837
31	5	1.102	1	1	0.5531
31	5	0.3049	1	1	0.1248
32	5	0.8954	0	0	1.478
32	5	0.1897	0	1	-0.5133
32	5	1.621	0	0	-1.901
32	5	0.887	1	0	1.664
32	5	0.9002	1	1	-1.177
32	5	5.443	0	1	0.6279
32	5	2.059	1	0	-0.8326
32	5	1.111	1	1	-1.738
32	5	1.167	0	0	2.641
32	5	0.2637	0	1	-1.22
32	5	0.9856	1	1	0.1541
32	5	5.485	1	1	0.4017
32	5	0.3795	0	1	-0.8374
32	5	0.126	0	0	0.06621
32	5	2.071	1	1	-2.258
32	5	5.461	1	0	-1.067
32	5	0.5098	0	0	0.6898
32	5	0.06222	1	1	0.3144
32	5	0.3477	0	0	-0.4292
32	5	1.55	0	1	0.71
32	5	0.3693	1	0	-1.613
32	5	0.4565	0	0	-0.3594
32	5	0.01274	0	1	0.1628
32	5	0.574	1	1	-0.8546
32	5	0.9948	0	0	1.627
32	5	0.9842	1	0	-2.289
32	5	5.696	1	1	-0.9681
32	5	1.706	1	1	0.4624
32	5	5.359	0	0	0.08465
32	5	0.4283	1	1	-1.161
32	5	5.353	1	1	-0.4921
32	5	1.754	1	0	0.6657
32	5	0.9761	0	0	0.5371
32	5	1.095	0	1	-0.2205
32	5	1.61	0	0	0.6272
32	5	0.4388	0	1	0.2124
32	5	5.44	0	0	-0.1452
32	5	0.188	0	0	0.06389
32	5	0.5336	0	0	-0.3867
32	5	2	1	1	0.593
32	5	5.386	1	1	-1.266
32	5	0.6793	0	1	0.08411
32	5	1.509	1	1	0.8614
32	5	0.2332	0	0	-0.5205
32	5	1.898	1	0	0.02103
32	5	0.1088	0	0	0.637
32	5	5.615	1	1	-0.05336
32	5	5.577	1	1	-0.5021
32	5	0.891	1	1	0.7065
33	5	1.652	0	1	0.4304
33	5	0.1791	0	1	1.529
33	5	0.4624	0	0	0.0382
33	5	5.152	1	1	-0.4721
33	5	0.2337	0	1	-0.2907
33	5	5.509	1	1	-0.02818
33	5	6.07	1	1	0.2785
33	5	5.318	1	1	0.3263
33	5	1.891	1	1	-0.1744
33	5	0.7808	0	0	-1.068
33	5	0.621	0	0	1.548
33	5	1.699	0	0	-0.2155
33	5	5.643	1	1	-0.1177
33	5	0.3712	0	0	1.42
33	5	5.327	0	0	-2.192
33	5	0.53	1	0	2.997
33	5	1.035	0	1	-0.2032
33	5	0.2365	0	0	0.8757
33	5	1.448	1	1	-0.2199
33	5	2.022	0	0	-0.5067
33	5	1.658	1	1	-0.7481
33	5	0.3001	0	1	-0.2572
33	5	0.3414	0	1	1.175
33	5	0.6117	1	1	-0.9209
33	5	0.128	0	0	0.8235
33	5	5.746	0	0	-1.266
33	5	0.8472	0	0	-1.063
33	5	0.535	0	0	0.2792
33	5	5.366	0	0	-0.9706
33	5	0.513	0	1	-1.715
33	5	0.1406	1	1	1.701
33	5	0.5633	1	1	-0.1038
33	5	1.911	1	1	-0.9536
33	5	0.1573	0	1	0.8774
33	5	0.8312	0	0	-1.45
33	5	0.2459	1	1	-1.65
33	5	1.975	1	1	-1.125
33	5	5.618	1	1	-0.2457
33	5	1.848	1	1	-0.4524
33	5	1.299	0	0	3.167
33	5	0.712	1	1	1.03
33	5	0.64	1	0	0.01037
33	5	5.677	1	0	-0.0913
33	5	0.6097	0	1	-1.262
33	5	0.1887	0	0	-0.5987
33	5	2.051	1	1	0.6203
33	5	0.214	1	1	0.7195
33	5	0.9826	0	1	0.1713
33	5	0.8667	1	1	-0.2625
33	5	0.2809	0	1	-1.494
34	5	5.434	1	1	-0.04014
34	5	1.836	0	1	-0.03401
34	5	0.7737	0	1	-0.1243
34	5	0.4424	0	0	0.7717
34	5	1.76	1	1	-1.859
34	5	1.819	0	0	-1.162
34	5	0.3463	0	1	0.7427
34	5	0.55	0	1	0.986
34	5	1.74	0	1	0.07853
34	5	0.2105	1	0	0.2832
34	5	0.298	1	1	-0.04411
34	5	2.077	0	0	1.724
34	5	0.906	1	0	2.205
34	5	5.22	0	0	-0.3387
34	5	0.8494	1	1	-0.1894
34	5	5.308	1	1	-0.009211
34	5	0.06609	0	1	-0.2315
34	5	0.2374	0	1	1.326
34	5	0.613	0	0	-0.2104
34	5	1.619	0	0	1.615
34	5	2.364	0	0	-0.9155
34	5	1.336	1	0	1.965
34	5	0.1986	1	1	-1.311
34	5	2.027	1	0	-0.9916
34	5	0.7787	1	1	0.1863
34	5	0.795	0	1	0.2567
34	5	0.9759	1	0	-0.409
34	5	0.881	1	1	-0.7491
34	5	1.917	1	1	2.081
34	5	5.146	0	0	-0.1444
34	5	0.01349	0	0	-1.088
34	5	5.686	1	1	-0.4347
34	5	0.5902	0	0	-1.248
34	5	0.3509	1	0	0.9892
34	5	5.436	0	0	-0.8751
34	5	0.6157	0	0	-1.018
34	5	5.386	1	1	0.718
34	5	5.506	0	0	0.4715
34	5	0.3521	0	0	0.9089
34	5	0.3818	1	0	-0.7808
34	5	0.0253	1	1	-0.2501
34	5	0.3171	0	0	1.991
34	5	0.7509	0	1	-1.761
34	5	1.083	1	1	-0.3262
34	5	5.142	1	0	0.6083
34	5	0.6142	1	1	-0.02386
34	5	0.03496	1	1	0.716
34	5	5.526	0	0	0.3836
34	5	0.09517	1	0	1.3
35	5	5.796	0	0	1.338
35	5	0.7104	1	1	0.6315
35	5	0.8491	0	1	0.4562
35	5	1.049	1	0	1.219
35	5	0.4489	0	0	-0.1432
35	5	0.5486	0	0	-0.5404
35	5	1.558	0	0	0.05945
35	5	0.04319	0	1	0.2339
35	5	0.3299	1	0	0.07844
35	5	0.2034	1	1	-1.052
35	5	0.3232	1	1	1.115
35	5	5.056	1	1	-0.6724
35	5	0.1897	1	0	0.4759
35	5	0.9539	0	1	-2.02
35	5	0.1226	0	1	2.24
35	5	1.677	0	0	0.3607
35	5	5.418	1	1	-1.9
35	5	1.056	0	0	2.615
35	5	0.2008	1	1	-1.772
35	5	5.108	0	0	-1.284
35	5	5.65	0	0	-0.2788
35	5	0.4109	1	1	1.03
35	5	0.5557	0	0	-0.6054
35	5	0.486	0	1	-0.7471
35	5	1.873	1	0	-0.328
35	5	0.1271	0	0	1.163
35	5	0.8752	0	1	0.4099
35	5	2.168	1	1	-1.053
35	5	1.989	0	0	-0.4661
35	5	5.161	0	0	-0.01845
35	5	1.661	1	1	0.1112
35	5	1.974	0	0	-0.2708
35	5	0.9266	1	0	-1.822
35	5	1.618	0	1	1.533
35	5	0.4548	1	1	0.4981
35	5	0.4601	1	1	-0.4136
35	5	0.6412	0	0	-1.097
35	5	1.985	1	1	1.697
35	5	5.689	0	0	0.2778
35	5	0.8336	0	0	-0.4656
35	5	5.237	1	1	1.182
35	5	0.6996	1	0	-0.3527
35	5	0.9835	1	1	0.6231
35	5	0.2809	0	1	-0.1989
35	5	0.2305	1	0	0.7138
36	5	1.521	1	0	-0.5882
36	5	0.8372	1	1	0.2876
36	5	0.6897	1	1	0.1713
36	5	0.6404	1	1	0.21
36	5	0.5614	0	1	-0.3171
36	5	0.1523	1	0	-0.4857
36	5	5.065	0	0	0.3474
36	5	5.354	1	1	0.04209
36	5	0.758	1	1	-0.6617
36	5	5.616	0	0	-0.9113
36	5	0.2651	1	1	1.615
36	5	4.86	1	1	-0.188
36	5	0.9359	1	0	-0.5806
36	5	0.9825	1	1	-0.3408
36	5	1.221	1	1	-1.148
36	5	5.378	1	1	-0.7888
36	5	0.1217	0	1	-1.355
36	5	2.088	1	1	-0.779
36	5	5.341	0	0	-0.4702
36	5	1.967	0	1	0.129
36	5	1.45	1	1	-1.222
36	5	1.985	0	0	1.779
36	5	0.1722	1	1	-1.446
36	5	5.372	1	1	0.02514
36	5	0.9672	0	1	0.4619
36	5	5.137	0	0	-1.657
36	5	5.648	1	1	-0.128
36	5	0.229	0	1	-0.7216
36	5	1.406	0	0	0.2339
36	5	0.3052	0	0	-0.6786
36	5	1.757	0	1	-0.7644
36	5	0.9909	0	0	-0.07012
36	5	0.2253	1	1	-1.717
36	5	0.3481	0	0	-0.08613
36	5	5.691	0	0	0.4544
36	5	0.839	1	0	2.209
36	5	1.846	0	0	-1.222
36	5	1.638	1	0	1.566
36	5	0.1889	0	1	-1.067
36	5	0.9544	1	1	0.5672
36	5	0.2094	1	1	-1.207
36	5	1.085	1	1	2.597
36	5	0.1553	1	0	1.06
36	5	1.727	0	0	0.1071
36	5	0.4397	0	1	1.171
36	5	0.00446	0	1	-2.169
36	5	0.8658	0	1	1.744
36	5	0.4877	0	0	-1.015
36	5	0.8935	0	1	0.4212
37	5	5.649	0	0	0.5124
37	5	0.1204	1	1	-0.2396
37	5	0.4758	1	1	-0.2658
37	5	0.671	1	0	0.8305
37	5	0.1178	0	1	0.9247
37	5	1.073	1	0	-0.8811
37	5	0.9185	0	1	1.083
37	5	0.1433	0	0	0.4929
37	5	0.8227	0	1	-0.2095
37	5	1.987	0	0	-0.2704
37	5	5.455	1	1	-0.3187
37	5	5.574	1	1	-0.3415
37	5	0.5606	1	1	0.6482
37	5	5.639	1	0	0.2714
37	5	1.908	1	1	-1.651
37	5	1.866	0	1	2.378
37	5	0.9698	0	1	-0.523
37	5	5.495	0	0	0.391
37	5	5.312	1	1	-1.422
37	5	0.892	1	1	0.601
37	5	1.2	0	0	-0.08011
37	5	1.874	0	1	1.337
37	5	0.09207	0	1	-0.2334
37	5	0.2351	0	1	0.03471
37	5	1.5	0	0	0.1655
37	5	0.3819	1	1	-0.5859
37	5	1.563	1	1	1.659
37	5	5.181	1	1	-0.4602
37	5	0.2983	0	1	-0.4051
37	5	0.8833	1	1	-0.8046
37	5	1.404	0	1	0.68
37	5	0.1382	1	0	-0.3948
37	5	0.7774	1	0	2.407
37	5	0.8021	0	0	-0.9069
37	5	0.9551	1	1	1.152
37	5	0.8638	1	0	0.4638
37	5	1.847	1	1	-1.161
37	5	0.03953	1	1	0.3681
37	5	0.1205	1	0	-2.031
37	5	5.276	0	0	-0.09266
37	5	5.688	0	0	0.04741
37	5	0.1159	0	1	1.629
37	5	0.4307	1	1	0.2705
37	5	1.715	1	0	-0.9662
37	5	1.604	1	0	0.3615
37	5	0.5863	0	0	-0.2606
37	5	0.7934	0	1	0.3008
37	5	0.3964	1	1	-0.2526
38	5	1.736	0	0	0.2149
38	5	5.84	1	1	1.421
38	5	0.4036	1	1	0.1127
38	5	0.8189	1	1	0.2018
38	5	0.002282	0	1	0.7143
38	5	5.431	1	1	-0.4523
38	5	0.2864	0	1	-0.6285
38	5	0.07356	1	1	0.7995
38	5	0.8053	0	0	-0.8036
38	5	1.516	1	1	0.08273
38	5	0.1297	1	1	-0.7895
38	5	0.866	0	1	0.8231
38	5	5.713	1	1	-0.2937
38	5	0.6429	1	1	-1.537
38	5	0.652	1	1	0.8553
38	5	5.236	0	0	0.6366
38	5	1.86	1	1	-1.261
38	5	0.4057	1	0	-0.1255
38	5	1.198	1	1	1.885
38	5	1.432	0	1	-0.2289
38	5	1.561	1	0	2.344
38	5	1.611	1	1	-0.2641
38	5	0.0252	0	1	-0.3563
38	5	5.209	1	1	0.4665
38	5	0.7205	0	1	1.205
38	5	0.1417	0	0	0.4631
38	5	0.2494	1	1	-3.41
38	5	0.5034	0	0	1.808
38	5	1.111	0	1	-1.349
38	5	1.658	0	0	-1.11
38	5	1.815	0	0	0.6125
38	5	5.284	1	0	3.921
38	5	5.426	0	0	0.4659
38	5	1.757	1	0	2.482
38	5	1.049	0	1	-0.05708
38	5	0.5635	1	1	-1.301
38	5	0.4236	0	1	0.3749
38	5	0.6523	1	0	-1.352
38	5	0.08625	0	1	-1.22
38	5	0.4896	0	1	-0.2993
38	5	5.224	0	0	0.03594
38	5	0.02618	1	0	-1.088
38	5	0.8591	0	1	0.9214
38	5	1.903	1	1	1.429
38	5	5.388	0	0	-0.9204
38	5	1.933	0	1	1.015
38	5	0.4311	0	1	0.7797
38	5	0.4865	0	0	-1.395
38	5	1.023	1	0	-0.9877
38	5	5.523	1	1	1.74
39	5	0.0611	0	0	-0.2984
39	5	5.415	0	0	0.8001
39	5	0.00137	0	0	-0.07415
39	5	0.4316	1	1	0.2226
39	5	0.3196	1	1	0.3324
39	5	5.655	1	1	-0.3998
39	5	1.68	1	1	0.6756
39	5	0.1563	0	0	-0.3931
39	5	0.8691	0	0	-0.6072
39	5	1.705	1	1	0.1373
39	5	1.783	1	1	1.386
39	5	0.7462	0	1	-0.3004
39	5	0.7806	1	0	-0.1499
39	5	1.097	1	0	-0.01478
39	5	0.1705	1	0	0.3721
39	5	1.001	1	1	0.3047
39	5	0.1703	1	1	-0.5362
39	5	0.9898	0	1	-0.3769
39	5	1.034	0	1	-1.199
39	5	5.312	0	0	0.03346
39	5	5.274	1	1	2.054
39	5	0.7367	0	0	0.1559
39	5	5.598	0	0	0.8428
39	5	0.574	0	1	-0.07187
39	5	2.07	0	0	0.3545
39	5	0.5694	1	0	-0.7199
39	5	0.4251	1	1	0.7073
39	5	5.445	1	0	0.6422
39	5	0.4417	1	0	0.8318
39	5	2.126	0	0	-0.1342
39	5	5.457	0	0	-0.1686
39	5	5.447	1	1	-1.821
39	5	0.9001	0	0	1.183
39	5	0.0536	1	0	0.05684
39	5	0.5241	0	0	-1.019
39	5	0.2155	0	0	0.07277
39	5	1.752	0	1	-0.4449
39	5	1.472	0	1	0.6625
39	5	0.3829	0	0	0.6861
39	5	0.7312	1	1	-1.985
39	5	2.086	0	1	1.604
39	5	0.5387	1	1	-0.05949
39	5	0.8551	1	1	-2.982
39	5	0.426	1	0	2.038
39	5	0.04179	1	0	0.341
39	5	0.5711	1	0	-0.5542
39	5	5.374	0	0	-1.382
39	5	1.755	1	1	-1.839
39	5	5.43	0	0	-1.329
39	5	1.718	0	1	1.701
40	6	0.8548	0	1	0.3554
40	6	5.548	0	0	-0.03272
40	6	1.564	0	0	0.3353
40	6	5.345	1	1	-0.4685
40	6	0.09461	0	0	-0.4593
40	6	4.896	0	0	0.4357
40	6	0.2809	1	1	0.3382
40	6	0.1611	1	0	-0.1169
40	6	1.082	0	1	1.69
40	6	0.3571	0	1	0.6697
40	6	0.7076	0	1	-1.198
40	6	0.3026	1	1	2.211
40	6	1.848	0	0	2.125
40	6	1.03	0	0	1.756
40	6	0.3557	0	1	0.6609
40	6	1.653	0	0	-0.863
40	6	2.011	1	0	0.529
40	6	0.9038	1	1	-0.5155
40	6	0.8918	1	1	0.2003
40	6	0.7556	1	0	2.781
40	6	0.4331	1	1	-1.887
40	6	0.5023	0	1	0.1991
40	6	1.725	1	0	0.5103
40	6	1.895	0	1	-0.9364
40	6	0.2862	1	1	0.1013
40	6	5.396	1	1	-1.834
40	6	0.6085	1	0	-0.1181
40	6	0.04365	1	0	-0.5437
40	6	1.69	1	1	-0.6207
40	6	5.518	1	1	-0.9242
40	6	0.7199	1	0	-3.689
40	6	5.653	1	1	-1.858
40	6	1.066	0	1	1.141
40	6	0.1755	0	1	0.8654
40	6	0.1473	1	1	-0.7781
40	6	1.922	0	0	-1.743
40	6	1.312	0	0	-0.2152
40	6	0.9128	0	1	0.8679
40	6	5.552	0	0	0.7753
40	6	0.07738	0	1	-4.018
40	6	1.994	1	1	1.342
40	6	0.4318	0	0	1.176
40	6	0.9633	1	0	-0.1573
40	6	0.5351	1	1	-0.7294
40	6	0.2226	0	0	-0.2016
40	6	5.691	1	1	-0.04077
40	6	0.1228	0	1	-1.505
40	6	0.2143	1	0	0.6739
40	6	5.611	0	0	-0.9518
40	6	5.488	0	0	-0.6681
41	6	0.6609	0	1	1.415
41	6	1.838	0	0	1.192
41	6	0.7688	0	0	0.7047
41	6	0.8576	1	0	-0.711
41	6	5.708	1	1	0.943
41	6	0.4778	1	0	-0.7576
41	6	5.418	1	1	-0.424
41	6	0.7097	1	0	1.634
41	6	5.11	1	1	1.476
41	6	2.119	1	1	-0.7667
41	6	0.9203	0	1	0.4515
41	6	2.057	1	1	-2.522
41	6	0.7375	0	0	0.8006
41	6	1.169	1	1	0.3421
41	6	0.1644	0	0	0.7348
41	6	1.838	1	1	-0.6777
41	6	0.4399	0	0	-0.9896
41	6	5.433	0	0	-0.2661
41	6	1.937	1	0	1.745
41	6	0.6781	1	0	-0.2834
41	6	1.023	0	1	1.58
41	6	1.254	0	0	-0.08945
41	6	5.131	0	0	-2.686
41	6	0.5901	1	1	-0.9412
41	6	0.8586	1	0	-0.02351
41	6	1.649	0	1	0.2644
41	6	0.4577	1	0	-0.9109
41	6	2	1	0	-1.698
41	6	2.207	1	1	0.4406
41	6	0.3854	0	1	0.5288
41	6	0.3446	0	1	-0.4173
41	6	5.268	1	1	-0.3822
41	6	0.1507	1	0	0.4201
41	6	0.3978	1	0	1.209
41	6	0.8218	1	0	-0.2756
41	6	0.7783	0	0	1.2
41	6	1.565	0	0	-3.278
41	6	0.3926	0	0	-0.3246
41	6	1.731	1	1	1.401
41	6	0.2381	0	0	-0.3257
41	6	0.1542	1	1	-1.039
41	6	0.04423	0	0	-0.2369
41	6	5.606	0	0	-0.9659
41	6	5.391	0	0	0.8107
41	6	5.574	1	1	1.221
41	6	0.5627	0	1	-0.1541
41	6	0.4223	0	1	-0.1397
41	6	5.223	0	0	0.1139
41	6	1.103	1	1	-0.08074
41	6	0.305	1	0	0.02676
42	6	0.8942	0	1	-0.1404
42	6	0.1893	0	1	-0.3749
42	6	1.621	0	0	-0.4514
42	6	0.8863	1	0	0.317
42	6	0.01308	1	1	0.4885
42	6	0.9002	1	1	-0.8061
42	6	5.444	0	0	-0.2513
42	6	2.059	1	1	0.6245
42	6	1.114	1	1	-0.04541
42	6	1.169	0	0	-0.5383
42	6	0.2626	0	1	0.2648
42	6	0.9843	1	1	0.7311
42	6	5.487	1	1	-0.4406
42	6	0.3788	0	1	0.1428
42	6	0.1238	0	0	-0.5035
42	6	2.071	1	1	-0.5781
42	6	5.462	1	1	0.6569
42	6	0.5104	0	0	0.1904
42	6	0.06385	1	0	-2.501
42	6	0.3484	0	0	-1.698
42	6	1.525	0	0	1.031
42	6	0.4483	1	1	0.03888
42	6	0.5376	0	0	-0.919
42	6	0.284	0	1	-0.5487
42	6	0.426	1	0	-1.228
42	6	0.9359	0	0	0.06807
42	6	1.179	1	1	0.1338
42	6	5.695	1	1	-0.9942
42	6	1.706	1	1	0.5408
42	6	5.359	0	0	1.693
42	6	0.4278	1	1	-0.5662
42	6	5.352	1	1	1.452
42	6	1.754	1	1	-0.8323
42	6	0.9732	0	1	-1.579
42	6	1.095	0	0	-1.155
42	6	1.614	0	0	1.404
42	6	0.4398	0	1	-1.664
42	6	5.438	0	0	-0.5166
42	6	0.1888	0	1	0.7309
42	6	0.5342	0	0	0.7766
42	6	1.998	1	0	-0.4592
42	6	5.387	1	1	0.3236
42	6	0.6792	0	0	1.114
42	6	1.508	1	1	-1.073
42	6	0.2325	0	0	1.327
42	6	1.899	1	1	-0.8672
42	6	0.1082	0	0	-0.2559
42	6	5.617	1	1	-1.265
42	6	5.578	1	1	-1.243
42	6	0.8914	1	1	0.3258
43	6	1.65	0	1	1.529
43	6	0.1791	0	0	1.269
43	6	0.4602	0	1	-0.5902
43	6	5.155	1	1	-0.5452
43	6	0.2324	0	0	0.188
43	6	5.507	1	1	-0.1301
43	6	6.067	1	1	-0.1727
43	6	5.318	1	1	0.2598
43	6	1.889	1	0	-1.944
43	6	0.7786	0	0	-0.0201
43	6	0.6217	0	1	0.1202
43	6	1.697	0	0	-0.09356
43	6	5.642	1	1	1.027
43	6	0.3724	0	0	-0.1276
43	6	5.328	0	0	-2.285
43	6	0.5299	1	1	-0.5116
43	6	1.035	0	1	0.3124
43	6	0.2356	0	0	-0.07475
43	6	1.449	1	1	1.112
43	6	2.021	0	0	-0.3773
43	6	1.661	1	1	1.664
43	6	0.301	0	1	-1.6
43	6	0.3411	0	0	0.04318
43	6	0.6117	1	0	-1.902
43	6	0.1282	0	0	-1.241
43	6	5.746	0	0	2.36
43	6	0.8474	0	1	1.188
43	6	0.5311	0	0	-0.504
43	6	5.365	0	0	-0.1039
43	6	0.5139	0	0	0.7333
43	6	0.1417	1	1	-1.291
43	6	0.5635	1	1	-0.5848
43	6	1.911	1	1	1.44
43	6	0.1557	0	1	1.839
43	6	0.8296	0	0	0.02853
43	6	0.2465	1	1	0.2093
43	6	1.977	1	1	-1.432
43	6	5.617	1	1	-0.6588
43	6	1.845	1	1	-0.4777
43	6	1.299	0	0	1.514
43	6	0.7129	1	1	-1.796
43	6	0.6365	1	1	0.2365
43	6	5.676	1	1	-0.7857
43	6	0.6107	0	1	0.274
43	6	0.1882	0	0	0.3405
43	6	2.051	1	0	-0.005631
43	6	0.2142	1	0	0.9096
43	6	0.9826	0	1	0.3268
43	6	0.8675	1	0	-0.7495
43	6	0.2809	0	1	0.008269
44	6	5.434	1	1	1.785
44	6	1.837	0	0	0.2493
44	6	0.7761	0	0	-0.3041
44	6	0.4399	0	0	1.688
44	6	1.759	1	1	-0.4999
44	6	1.818	0	1	0.03607
44	6	0.3445	0	1	-0.3918
44	6	0.5513	0	0	1.81
44	6	1.74	0	0	-1.439
44	6	0.3099	1	1	-0.0697
44	6	0.2088	1	1	0.1243
44	6	0.298	1	1	-0.6163
44	6	2.076	0	0	-1.033
44	6	0.9059	1	1	0.007811
44	6	5.22	0	0	0.3909
44	6	0.85	1	0	0.5646
44	6	5.308	1	1	-0.1295
44	6	0.06767	0	1	1.388
44	6	0.2368	0	1	-0.07339
44	6	0.6114	0	0	-0.8401
44	6	1.617	0	0	0.1255
44	6	2.363	0	0	1.759
44	6	1.335	1	1	-0.3164
44	6	0.1985	1	0	0.7567
44	6	2.022	1	1	0.822
44	6	0.7783	1	1	-0.3701
44	6	0.7938	0	1	-0.6488
44	6	0.9772	1	0	0.633
44	6	0.8799	1	0	1.801
44	6	1.918	1	1	-1.98
44	6	5.146	0	0	0.3723
44	6	0.01301	0	1	-1.552
44	6	5.686	1	1	-2.251
44	6	0.5912	0	0	2.668
44	6	0.3486	1	1	-0.5538
44	6	5.434	0	0	-0.8289
44	6	0.6148	0	0	0.9744
44	6	5.385	1	1	-1.25
44	6	5.505	0	0	0.8426
44	6	0.3531	0	1	0.2932
44	6	0.3813	1	0	0.3101
44	6	0.02605	1	1	-0.7408
44	6	0.3174	0	1	-1.632
44	6	0.7492	0	0	-0.02982
44	6	1.082	1	1	-0.8037
44	6	5.14	1	1	-1.603
44	6	0.614	1	1	-1.025
44	6	0.03456	1	0	2.326
44	6	5.524	0	0	0.49
44	6	0.09642	1	1	0.7609
45	6	5.594	0	0	0.7164
45	6	0.8648	1	1	0.26
45	6	1.221	0	1	-0.7719
45	6	0.9042	1	1	-0.01242
45	6	0.4182	0	1	-0.3271
45	6	0.1639	0	0	-0.9949
45	6	2.008	0	0	0.4496
45	6	0.1919	1	1	-1.13
45	6	0.09901	1	1	1.618
45	6	0.1049	0	1	-0.3332
45	6	0.3466	1	1	-2.015
45	6	5.662	1	1	0.6862
45	6	0.5945	1	1	0.6986
45	6	1.133	0	1	-0.04065
45	6	0.3833	0	1	-0.07106
45	6	1.742	0	0	0.09772
45	6	5.126	1	1	0.09449
45	6	0.6277	0	1	-1.508
45	6	0.4411	1	0	0.6666
45	6	5.379	0	1	-0.3021
45	6	5.099	0	0	-0.8871
45	6	0.3951	1	0	-0.5681
45	6	0.4278	0	1	0.09627
45	6	0.5173	0	1	0.2541
45	6	1.919	1	1	-0.2623
45	6	0.1971	0	0	1.933
45	6	0.6369	0	1	-0.4783
45	6	1.647	1	1	0.3399
45	6	1.36	0	0	-0.2755
45	6	5.273	0	0	0.4139
45	6	1.764	1	1	-1.007
45	6	1.658	0	0	-0.3745
45	6	0.6418	1	1	0.4002
45	6	1.856	0	0	-0.7796
45	6	0.4553	1	0	-0.645
45	6	0.4347	1	0	-0.2891
45	6	0.1378	0	0	-1.72
45	6	1.561	1	1	2.068
45	6	5.41	1	1	0.4405
45	6	5.314	0	0	0.09267
45	6	0.5645	0	1	0.4677
45	6	5.416	1	1	1.828
45	6	0.9174	1	1	-1.573
45	6	1.024	1	1	0.6293
45	6	0.2517	0	0	-2.009
45	6	0.2266	1	1	-0.4244
45	6	0.3398	1	1	0.3686
45	6	5.555	0	0	-0.884
45	6	0.2528	0	0	1.28
45	6	1.989	1	0	-0.5094
46	6	1.382	1	1	0.8528
46	6	1.222	0	0	-0.3586
46	6	0.8729	0	1	-0.2662
46	6	5.421	0	0	-0.8173
46	6	0.606	0	1	-0.1713
46	6	0.39	0	1	0.2339
46	6	0.61	0	1	-0.4822
46	6	0.08038	0	1	0.2533
46	6	1.804	0	1	0.1915
46	6	1.44	1	0	0.3591
46	6	5.51	0	0	-1.399
46	6	0.4628	0	1	1.198
46	6	5.072	1	1	0.2828
46	6	0.4216	1	0	-0.1719
46	6	2.139	1	1	0.2113
46	6	2.222	1	1	-0.02828
46	6	5.682	1	1	-1.202
46	6	1.42	1	1	0.103
46	6	5.565	0	0	-1.468
46	6	1.641	1	1	0.6304
46	6	0.5408	1	1	1.223
46	6	0.3636	1	0	-0.6333
46	6	1.125	1	1	-0.05528
46	6	0.531	0	0	0.09296
46	6	5.587	1	1	0.902
46	6	0.585	0	1	-0.9314
46	6	0.3417	1	1	-0.7898
46	6	0.9441	1	1	1.576
46	6	5.206	0	0	-2.579
46	6	0.8147	0	0	-0.002844
46	6	1.113	1	0	0.7322
46	6	0.8961	0	0	2.334
46	6	0.1381	0	1	-0.04121
46	6	0.3527	0	1	0.8774
46	6	5.584	0	0	-0.1402
46	6	0.5091	1	1	-0.465
46	6	5.342	1	1	0.658
46	6	0.7288	1	1	0.5235
46	6	0.3263	0	1	-0.2185
46	6	0.9776	1	1	-0.5238
46	6	0.8436	0	0	-1.299
46	6	1.771	1	1	-0.6204
46	6	0.2699	1	1	-1.167
46	6	0.5567	1	1	-1.37
46	6	2.148	1	1	1.571
46	6	2.01	1	1	-1.182
46	6	0.7448	0	0	-1.714
46	6	0.1103	0	1	0.6052
46	6	5.334	0	0	-0.3959
46	6	0.794	0	1	0.2108
47	6	5.069	1	1	1.099
47	6	1.962	0	0	0.5057
47	6	0.5802	1	1	-0.2425
47	6	0.8666	1	0	-0.2313
47	6	2.072	1	1	1.187
47	6	0.851	1	1	1.108
47	6	0.3564	1	0	-1.101
47	6	0.9376	0	0	0.884
47	6	5.683	1	1	-0.08934
47	6	0.3107	0	1	-0.8931
47	6	0.7583	0	1	1.294
47	6	5.251	0	0	-0.4406
47	6	1.797	0	0	1.785
47	6	0.2075	1	1	-0.7066
47	6	5.536	0	0	-1.198
47	6	1.492	1	1	0.5096
47	6	1.238	0	1	2.338
47	6	1.844	1	0	2.334
47	6	1.272	1	1	-1.394
47	6	5.503	1	1	-2.188
47	6	0.4412	1	1	0.7951
47	6	0.8228	0	0	3.373
47	6	0.05063	0	1	-0.7872
47	6	0.5682	0	0	0.8864
47	6	5.509	0	0	0.2935
47	6	0.1689	0	1	0.6882
47	6	1.097	0	1	-2.027
47	6	5.472	0	0	-0.3929
47	6	0.2691	1	1	0.2043
47	6	0.01978	0	1	-0.002495
47	6	0.3197	0	1	-2.013
47	6	0.3841	1	1	0.931
47	6	1.498	0	0	-0.3061
47	6	2.115	1	1	-0.9893
47	6	0.2737	1	1	-0.9897
47	6	5.719	1	1	0.8718
47	6	5.176	0	0	-0.4218
47	6	1.951	1	1	-0.507
47	6	1.901	1	0	0.1804
47	6	0.2555	1	1	-0.596
47	6	0.1097	0	0	0.1317
47	6	1.986	0	1	-0.8098
47	6	0.1859	0	0	-0.7178
47	6	0.514	0	1	0.4704
47	6	5.595	1	1	-0.236
47	6	0.9069	0	0	0.8724
47	6	0.5052	0	1	-0.507
47	6	1.209	1	0	-1.196
47	6	0.2909	1	1	0.06906
47	6	0.9691	0	0	-0.5201
48	6	2.132	0	0	1.496
48	6	5.473	0	0	0.2117
48	6	1.922	1	1	0.2365
48	6	0.6813	0	0	-0.9476
48	6	5.362	1	1	1.011
48	6	5.036	0	0	-0.6044
48	6	0.486	0	1	1.833
48	6	1.678	1	1	-1.689
48	6	0.631	1	1	-0.3456
48	6	0.8327	1	0	1.031
48	6	5.738	0	1	-0.1519
48	6	1.724	0	0	0.2043
48	6	0.2132	1	1	0.1009
48	6	0.8709	1	1	0.02602
48	6	0.1085	1	0	0.5892
48	6	0.3997	0	0	-1.984
48	6	5.761	1	1	2.008
48	6	1.946	0	0	-0.5989
48	6	0.1848	1	0	0.796
48	6	1.911	0	1	0.4481
48	6	5.352	1	1	0.00749
48	6	1.054	1	0	0.9138
48	6	0.5371	1	1	-0.9871
48	6	0.3404	1	0	0.6372
48	6	2.131	1	1	-2.148
48	6	5.843	1	1	-0.9235
48	6	1.179	1	1	-0.1641
48	6	0.1178	0	0	-0.05402
48	6	0.09184	0	0	-0.4802
48	6	0.7497	1	1	2.23
48	6	1.084	0	0	0.05668
48	6	0.2288	1	1	0.2324
48	6	1.894	0	0	-1.271
48	6	5.419	0	0	-0.6242
48	6	5.121	1	1	-1.131
48	6	1.111	1	0	0.8188
48	6	1.006	1	0	0.7196
48	6	0.31	1	1	-0.3469
48	6	1.077	0	1	-0.03238
48	6	0.9161	1	0	-0.6189
48	6	1.723	0	0	0.2699
48	6	0.1134	0	0	-1.834
48	6	0.8151	1	1	-0.1693
48	6	1.644	0	0	1.316
48	6	5.907	1	1	0.333
48	6	0.743	0	0	-0.653
48	6	0.05154	1	0	0.4062
48	6	0.8469	0	1	0.6258
48	6	0.908	0	0	1.637
48	6	0.3109	0	0	-1.314
49	6	0.06051	0	0	1.922
49	6	0.4548	1	1	1.505
49	6	0.0143	0	0	-0.8494
49	6	0.09996	1	0	0.4091
49	6	0.08977	0	1	0.02259
49	6	0.675	0	1	-1.289
49	6	0.6891	1	0	1.799
49	6	1.274	0	1	-1.205
49	6	5.324	0	0	-0.9402
49	6	1.707	0	0	0.4281
49	6	0.9839	0	0	-0.8129
49	6	1.655	0	0	-0.6183
49	6	0.8637	0	0	0.1102
49	6	0.04232	1	0	0.3422
49	6	5.257	0	0	1.139
49	6	5.039	1	1	-0.1888
49	6	1.774	0	1	0.6878
49	6	0.5107	1	0	-0.854
49	6	0.4161	1	0	-0.7938
49	6	5.532	1	1	-1.587
49	6	1.736	1	0	1.182
49	6	5.603	1	1	1.604
49	6	0.8484	0	0	0.1947
49	6	1.087	1	0	-0.8252
49	6	0.2323	1	0	-0.6327
49	6	2	1	0	1.012
49	6	0.6294	0	0	-1.668
49	6	2.34	0	0	-1.354
49	6	0.5921	0	1	-0.02582
49	6	5.247	1	1	0.4712
49	6	0.1478	0	0	-0.7557
49	6	1.615	0	1	-0.6511
49	6	0.5107	0	1	-1.72
49	6	0.1107	1	0	-1.266
49	6	0.42	0	1	-0.3736
49	6	0.7695	1	0	2.714
49	6	2.127	0	1	0.9751
49	6	0.7931	0	0	0.1924
49	6	5.698	1	1	-0.4404
49	6	1.9	1	0	0.1058
49	6	0.9129	1	1	-0.1401
49	6	1.852	1	1	-0.3445
49	6	5.121	1	1	-0.1917
49	6	0.2118	0	0	0.5165
49	6	1.332	0	0	0.551
49	6	0.3088	1	0	0.4334
49	6	5.417	0	0	-0.2412
49	6	5.669	1	1	1.061
49	6	0.957	0	0	0.3928
49	6	0.131	0	0	-0.4066
