0	2	0.8936	0	1	0.9543
0	2	5.776	0	0	-0.5838
0	2	2.426	0	1	-0.7393
0	2	5.323	1	1	-0.478
0	2	0.1159	0	1	1.997
0	2	5.553	0	0	0.7119
0	2	0.2	1	1	-0.1453
0	2	0.4859	1	1	1.303
0	2	0.8414	0	0	0.2604
0	2	0.3104	0	1	0.1481
0	2	0.9512	0	1	0.4802
0	2	0.4917	1	1	-0.7527
0	2	1.961	0	1	-0.8577
0	2	0.9412	0	1	0.0414
0	2	0.1283	0	0	-0.9266
0	2	2.043	0	1	1.118
0	2	1.463	1	1	0.132
0	2	0.7688	1	1	-2.185
0	2	0.8597	1	1	-1.231
0	2	0.9369	1	1	0.9176
0	2	0.3663	1	0	0.2488
0	2	0.6733	0	0	1.992
0	2	1.822	1	1	0.3512
0	2	1.818	0	0	-1.666
0	2	0.203	0	1	-1.125
0	2	5.414	1	1	0.8873
0	2	0.3105	1	1	-2.096
0	2	0.4159	0	1	-0.1783
0	2	1.93	1	1	-0.6535
0	2	5.319	1	1	0.3937
0	2	0.3026	1	1	-1.182
0	2	5.326	1	1	0.5818
0	2	0.7727	0	0	0.8092
0	2	0.1525	0	0	-0.5691
0	2	0.288	1	1	0.624
0	2	1.815	0	0	0.8514
0	2	1.657	0	1	-0.215
0	2	0.6414	0	1	-1.024
0	2	5.33	0	0	-0.3719
0	2	0.09098	1	0	0.08662
0	2	1.904	1	1	-9.22e-05
0	2	0.2994	0	1	0.5123
0	2	0.8859	1	1	-1.563
0	2	0.1959	1	0	-1.937
0	2	0.09067	0	1	-3.564
0	2	5.461	1	1	-2
0	2	0.2269	1	1	-0.7802
0	2	0.04766	1	0	-1.81
0	2	5.299	0	0	-0.1061
0	2	5.324	0	0	-2.047
1	2	0.4877	0	0	0.7418
1	2	1.811	0	1	1.347
1	2	1.28	0	0	1.908
1	2	1.06	1	1	-0.7561
1	2	5.402	1	1	0.3491
1	2	0.5365	1	0	-1.422
1	2	5.485	1	1	-1.416
1	2	0.1962	1	1	1.961
1	2	5.34	1	1	-0.434
1	2	1.823	1	1	-3.004
1	2	1.058	0	0	0.7106
1	2	1.95	1	1	-1.827
1	2	0.777	0	0	-0.4646
1	2	0.7606	1	0	0.1401
1	2	0.2385	0	1	-1.267
1	2	1.501	1	1	-0.2709
1	2	0.4578	0	1	-1.121
1	2	5.299	0	0	0.2323
1	2	1.854	1	1	-0.7312
1	2	0.3298	1	0	0.7727
1	2	0.9103	0	0	0.4441
1	2	0.9263	0	1	-1.032
1	2	5.456	0	0	0.7677
1	2	0.2953	1	1	0.9318
1	2	0.2682	1	1	0.04863
1	2	1.887	0	1	1.022
1	2	0.6408	1	1	-1.007
1	2	1.381	1	0	1.032
1	2	1.681	1	1	1.601
1	2	0.1741	0	1	-0.539
1	2	0.4805	0	0	0.3387
1	2	5.507	1	1	0.2309
1	2	0.1044	0	1	-0.1753
1	2	0.7342	1	1	-0.4964
1	2	0.5982	1	1	-0.8464
1	2	0.7447	0	0	1.27
1	2	1.573	0	0	-0.06417
1	2	0.3512	0	1	0.3261
1	2	1.92	1	1	0.6884
1	2	0.2205	0	0	0.3185
1	2	0.1683	0	1	0.6199
1	2	0.6375	0	0	0.7182
1	2	5.408	0	0	-0.5657
1	2	5.594	0	0	-1.206
1	2	5.024	1	1	-0.3211
1	2	0.3495	0	1	0.1797
1	2	0.5404	0	1	-0.167
1	2	5.6	0	0	0.5504
1	2	0.9009	1	0	2.27
1	2	0.1126	1	1	0.9723
2	2	0.8644	0	0	1.092
2	2	0.4626	0	0	0.8443
2	2	1.947	0	0	-0.3075
2	2	0.9554	1	1	0.05081
2	2	0.3508	0	1	1.433
2	2	0.4047	1	1	0.5013
2	2	5.297	0	0	-2.197
2	2	1.81	1	1	0.4738
2	2	0.9304	1	1	0.1773
2	2	0.739	0	0	-0.1714
2	2	0.3036	0	0	0.468
2	2	1.068	1	1	0.09602
2	2	5.402	1	1	1.357
2	2	0.04559	1	1	-0.3971
2	2	0.4056	0	1	0.6577
2	2	1.882	1	0	0.2411
2	2	5.336	1	1	0.6091
2	2	1.121	0	1	0.6427
2	2	0.3304	1	1	0.2767
2	2	0.4418	0	0	1.83
2	2	1.778	0	0	1.033
2	2	0.2733	1	0	-1.105
2	2	0.1813	0	1	-1.469
2	2	0.4296	0	1	-0.6701
2	2	0.2862	1	1	-0.7629
2	2	0.9506	0	1	-0.5658
2	2	0.8199	1	0	0.2862
2	2	5.424	1	1	1.766
2	2	1.643	1	0	1.331
2	2	5.297	0	0	-1.626
2	2	0.2961	1	1	2.479
2	2	5.178	1	1	0.02609
2	2	2.012	1	1	-0.9526
2	2	0.8818	0	1	-0.9763
2	2	0.9149	0	1	-0.819
2	2	1.574	0	0	0.3745
2	2	0.4165	0	1	0.9822
2	2	5.365	0	0	-0.03442
2	2	0.2257	0	1	-0.5459
2	2	0.3244	0	0	0.9617
2	2	1.541	1	1	-0.7492
2	2	5.705	1	1	-0.9047
2	2	0.6083	0	1	-0.5274
2	2	1.554	1	1	1.329
2	2	0.2805	0	1	-2.327
2	2	1.956	1	1	-1.11
2	2	0.4264	1	1	-0.6375
2	2	5.428	1	1	-2.028
2	2	5.631	1	1	-0.1879
2	2	0.4993	1	1	-1.289
3	2	1.789	0	0	1.207
3	2	0.04679	0	1	0.9444
3	2	1.033	0	0	0.3505
3	2	5.284	1	1	-0.8959
3	2	0.029	1	1	0.814
3	2	5.402	1	1	-0.828
3	2	5.675	1	1	0.5827
3	2	5.007	1	1	-0.929
3	2	2.066	1	1	-0.9051
3	2	0.8927	0	0	-0.6848
3	2	0.4006	0	1	-0.5577
3	2	1.793	0	0	-1.587
3	2	5.345	1	1	-0.4649
3	2	0.4324	0	1	0.3037
3	2	5.177	0	0	-1.013
3	2	0.4644	1	1	0.3668
3	2	1.255	0	1	-0.3489
3	2	0.4432	0	0	0.621
3	2	1.716	1	1	0.0893
3	2	1.887	0	1	-0.4882
3	2	1.647	1	0	-0.3054
3	2	0.6584	0	0	-0.8628
3	2	0.1053	0	0	-0.4613
3	2	0.2868	1	0	-1.286
3	2	0.04764	1	1	-0.009034
3	2	5.361	0	0	0.2602
3	2	1.055	0	1	-2.281
3	2	1.16	0	1	1.864
3	2	5.569	0	0	-1.358
3	2	0.5234	0	0	-0.001452
3	2	0.2324	1	0	1.048
3	2	0.203	1	1	0.275
3	2	1.89	1	1	0.6097
3	2	0.1452	1	1	0.2947
3	2	0.8301	0	0	0.3901
3	2	0.3485	1	1	0.8514
3	2	1.734	1	1	0.9005
3	2	5.057	1	1	-4.079
3	2	1.894	1	1	0.4471
3	2	0.6877	0	1	0.783
3	2	0.1553	1	0	-0.2049
3	2	0.7592	1	1	0.04559
3	2	5.795	1	1	-0.3164
3	2	0.0549	1	0	0.371
3	2	0.6589	0	0	0.1242
3	2	1.858	1	0	0.07169
3	2	0.008557	1	0	0.1417
3	2	0.64	0	1	-0.5908
3	2	0.8789	1	0	0.61
3	2	0.344	0	1	-0.8093
4	2	5.556	1	1	1.279
4	2	1.856	0	0	-0.5989
4	2	0.8761	0	0	1.071
4	2	0.6098	0	0	0.4399
4	2	2.005	1	0	1.32
4	2	1.743	0	0	-0.1447
4	2	0.07169	0	1	1.212
4	2	0.4714	0	1	-0.5401
4	2	1.593	0	0	0.05925
4	2	0.3232	1	0	0.4629
4	2	0.5865	1	0	0.9668
4	2	0.2469	1	0	-0.7488
4	2	2.164	0	1	1.223
4	2	0.9565	1	1	-1.743
4	2	5.331	0	0	0.3057
4	2	1.282	1	0	-0.2234
4	2	5.556	1	1	-0.119
4	2	0.221	1	0	-0.5022
4	2	0.5354	0	1	0.2665
4	2	0.7765	0	0	-0.3141
4	2	1.538	0	0	0.2879
4	2	1.805	0	0	0.5451
4	2	1.836	1	0	0.9815
4	2	0.31	1	0	1.475
4	2	1.711	1	1	-0.8181
4	2	0.9014	1	1	0.1637
4	2	0.8353	0	0	-0.2688
4	2	0.76	1	0	2.186
4	2	0.7172	1	0	0.3271
4	2	1.878	1	1	-0.4891
4	2	5.53	0	0	-1.303
4	2	0.5781	0	0	0.7057
4	2	5.413	1	1	-0.01284
4	2	0.8157	0	0	0.9562
4	2	0.4541	1	1	0.1594
4	2	5.347	0	0	1.384
4	2	0.3244	0	0	0.942
4	2	5.567	1	1	-0.7145
4	2	4.786	0	0	0.03465
4	2	0.1357	0	1	-0.6755
4	2	0.538	1	0	-0.3991
4	2	0.6786	0	1	1.197
4	2	0.442	0	1	0.241
4	2	0.6785	0	0	-0.7169
4	2	1.115	1	1	0.5479
4	2	5.07	1	1	0.498
4	2	0.5901	1	0	-0.4648
4	2	0.3238	1	1	1.391
4	2	5.661	0	0	0.187
4	2	0.1991	1	0	0.8468
5	2	5.536	0	0	-0.755
5	2	1.325	1	1	1.754
5	2	0.7089	0	1	1.14
5	2	0.9696	1	1	0.9326
5	2	0.5557	0	0	1.516
5	2	0.4681	0	0	0.8481
5	2	2.14	0	0	-0.3277
5	2	0.1023	1	1	-1.135
5	2	0.7884	1	1	0.0781
5	2	0.02644	1	1	-1.024
5	2	0.4745	1	0	0.01534
5	2	5.454	1	1	0.8032
5	2	0.6786	1	1	-1.34
5	2	0.9328	0	0	1.13
5	2	0.4977	0	0	0.525
5	2	1.781	0	0	-0.2694
5	2	5.381	1	1	-0.7301
5	2	0.731	0	0	0.1967
5	2	0.4576	1	0	0.5418
5	2	5.111	0	0	0.2382
5	2	5.378	0	0	-0.8077
5	2	0.06624	1	0	-0.04411
5	2	0.2078	0	0	-0.8546
5	2	0.5132	0	0	0.7263
5	2	1.807	1	0	-0.2186
5	2	0.05291	0	0	-0.494
5	2	0.8116	0	0	0.1797
5	2	1.687	1	1	-0.1167
5	2	1.713	0	0	-0.5195
5	2	5.174	0	0	0.2818
5	2	2.07	1	1	2.243
5	2	1.904	0	0	1.757
5	2	1.226	1	1	-1.01
5	2	1.513	0	0	-2.598
5	2	0.2618	1	1	2.31
5	2	0.3369	1	0	0.1147
5	2	0.3416	0	1	-0.2016
5	2	1.866	1	1	-0.8317
5	2	5.289	1	1	-1.406
5	2	5.529	0	0	0.3208
5	2	0.7847	0	1	1.514
5	2	5.399	1	1	1.156
5	2	0.8735	1	1	-0.5138
5	2	1.087	1	0	1.719
5	2	0.007073	1	0	-0.08675
5	2	0.2623	1	0	2.073
5	2	0.1649	1	1	0.9469
5	2	5.748	0	0	-1.364
5	2	0.7551	0	0	0.1351
5	2	1.699	1	1	1.164
6	2	2.039	1	1	0.9842
6	2	1.197	0	0	-1.466
6	2	0.8253	0	1	1.295
6	2	5.513	0	0	0.2881
6	2	0.3494	0	1	0.7138
6	2	0.5551	0	0	1.248
6	2	0.4001	0	0	1.007
6	2	0.3349	0	1	-0.1225
6	2	1.76	0	0	-1.008
6	2	1.744	1	1	-0.9742
6	2	5.287	0	0	0.3187
6	2	0.1152	0	0	-0.7434
6	2	5.526	1	1	-0.5321
6	2	0.4374	1	1	0.9876
6	2	1.745	1	1	-0.9648
6	2	1.914	1	1	-0.4736
6	2	5.283	1	1	1.04
6	2	1.889	1	1	1.832
6	2	5.341	0	0	-1.67
6	2	2.042	1	0	1.667
6	2	0.09039	1	1	0.0111
6	2	0.5613	1	1	0.8811
6	2	1.036	1	1	-0.1575
6	2	0.06788	0	0	1.705
6	2	5.282	1	1	-1.189
6	2	0.03284	1	0	1.362
6	2	0.06484	1	0	0.7863
6	2	0.8968	1	0	1.574
6	2	5.719	0	0	-0.5693
6	2	0.6222	0	0	1.591
6	2	0.8842	1	1	-0.1509
6	2	0.6924	0	0	0.6905
6	2	0.1388	0	1	1.436
6	2	0.4361	0	0	-0.01133
6	2	5.217	0	0	-1.362
6	2	0.007153	0	0	0.8183
6	2	5.309	1	1	-0.1549
6	2	0.622	1	0	0.1081
6	2	0.3474	0	0	-0.4975
6	2	1.195	1	1	1.606
6	2	1.175	0	0	1.074
6	2	1.828	1	1	1.76
6	2	0.2761	1	1	1.335
6	2	0.5968	1	1	1.072
6	2	1.699	1	0	0.3616
6	2	1.503	1	1	0.1779
6	2	0.2267	0	0	1.492
6	2	0.05104	0	0	0.6253
6	2	5.343	0	0	0.02638
6	2	0.5073	0	0	0.1404
7	2	5.453	1	0	1.946
7	2	1.853	0	0	-0.25
7	2	1.314	1	1	0.6823
7	2	0.7884	1	1	-1.892
7	2	2.136	1	1	0.6419
7	2	0.4157	1	1	1.884
7	2	0.1294	1	0	2.357
7	2	0.7252	0	1	0.05379
7	2	5.353	1	1	-0.06646
7	2	0.1036	0	1	-0.5527
7	2	0.07754	0	1	0.212
7	2	5.548	0	0	-1.013
7	2	1.838	0	0	-0.8111
7	2	0.07307	1	0	2.174
7	2	5.589	0	0	0.2705
7	2	1.72	1	0	-0.669
7	2	0.7375	0	0	2.326
7	2	1.503	1	0	0.4108
7	2	1.301	1	0	1.045
7	2	5.594	1	1	-2.678
7	2	0.7702	1	0	0.5988
7	2	0.4308	0	1	-0.479
7	2	0.09969	0	1	-2.188
7	2	0.06083	0	0	1.112
7	2	5.257	0	0	-2.074
7	2	0.6271	0	1	1.824
7	2	0.9135	0	0	0.9049
7	2	5.648	0	0	0.527
7	2	0.3687	1	0	1.06
7	2	0.4501	1	1	-0.531
7	2	0.5765	0	1	2.777
7	2	0.6044	1	0	-0.9324
7	2	1.226	0	1	0.3074
7	2	1.695	1	1	-0.8108
7	2	0.3515	1	1	0.9941
7	2	5.458	1	1	-0.98
7	2	5.203	0	0	-0.8364
7	2	1.893	1	1	0.5428
7	2	2.031	1	1	0.2676
7	2	0.203	1	1	-1.038
7	2	0.101	0	1	2.359
7	2	1.659	0	0	-0.6514
7	2	0.1321	1	1	1.109
7	2	0.5729	0	1	-0.0747
7	2	5.192	1	1	-0.2912
7	2	1.123	0	0	0.04802
7	2	0.4602	0	0	0.2488
7	2	0.6434	1	1	0.3848
7	2	0.448	1	1	0.2571
7	2	0.7639	0	1	0.5818
8	2	1.84	0	0	0.284
8	2	5.455	0	0	0.1962
8	2	1.685	1	1	1.09
8	2	0.7556	0	1	1.826
8	2	5.175	1	1	-0.8201
8	2	5.64	0	0	1.118
8	2	0.4038	0	0	-1.707
8	2	2.412	1	1	-1.24
8	2	0.5113	1	1	1.079
8	2	0.9108	1	1	0.6532
8	2	5.383	0	0	-1.166
8	2	1.979	0	0	-0.7823
8	2	0.5788	1	1	1.126
8	2	1.089	1	0	0.1358
8	2	0.03173	0	0	-0.6083
8	2	0.05199	0	0	-1.001
8	2	5.424	1	1	-0.3271
8	2	1.65	0	0	-1.939
8	2	0.3756	0	0	-0.4251
8	2	1.834	0	0	-1.06
8	2	5.539	1	1	-0.4678
8	2	0.7312	1	1	0.4435
8	2	0.3828	1	1	0.8798
8	2	0.08885	1	0	1.217
8	2	1.736	1	1	0.849
8	2	5.521	1	1	-1.76
8	2	0.9558	1	1	0.6766
8	2	0.139	1	1	0.05233
8	2	0.3792	1	0	-1.193
8	2	0.4219	1	0	1.218
8	2	0.9997	0	0	-0.1592
8	2	0.6691	1	1	-0.6648
8	2	1.937	0	0	-0.8554
8	2	5.428	0	0	-0.8284
8	2	5.236	1	1	-0.5209
8	2	0.8795	1	1	0.6553
8	2	0.9701	1	0	0.151
8	2	0.2178	0	1	-0.02707
8	2	0.5925	0	0	-0.007496
8	2	0.6682	1	0	1.389
8	2	1.883	0	0	-0.5105
8	2	0.2615	0	0	0.1921
8	2	0.5863	1	1	-0.1248
8	2	1.686	0	0	-0.4784
8	2	5.119	1	1	0.8438
8	2	0.546	0	1	-0.1104
8	2	0.6281	0	0	0.1852
8	2	0.7112	0	1	1.612
8	2	0.978	0	1	0.6986
8	2	0.1942	0	0	-0.8609
9	2	0.5706	1	0	2.074
9	2	0.2815	1	0	1.888
9	2	0.3876	0	1	-0.4375
9	2	0.1087	1	0	0.8914
9	2	0.3283	1	1	2.725
9	2	0.04339	1	0	2.251
9	2	0.9505	1	1	0.7246
9	2	0.7001	0	1	-0.2902
9	2	5.096	0	0	-0.1286
9	2	2.064	0	0	-1.011
9	2	0.6559	0	0	1.069
9	2	1.606	0	0	1.634
9	2	0.6998	0	1	0.6537
9	2	0.3451	1	0	0.2992
9	2	5.832	0	0	-0.4885
9	2	5.091	1	1	-0.7069
9	2	1.742	0	0	-0.2068
9	2	0.2587	1	1	-0.601
9	2	0.2934	1	0	1.068
9	2	5.443	1	1	-0.5246
9	2	2.136	1	1	-1.059
9	2	5.633	1	1	-0.1497
9	2	0.571	0	0	1.5
9	2	0.8845	1	0	-0.301
9	2	0.6115	1	0	-0.004752
9	2	1.498	1	1	1.304
9	2	0.6978	0	0	-0.5657
9	2	2.03	0	0	-1.109
9	2	1.359	0	0	-0.5822
9	2	5.462	1	1	0.1457
9	2	0.04761	0	1	0.6441
9	2	1.682	0	1	1.928
9	2	0.4539	0	0	1.549
9	2	0.1939	1	0	0.08412
9	2	0.4434	0	0	1.5
9	2	0.2182	1	1	1.944
9	2	1.642	0	0	-0.1469
9	2	0.7137	0	1	1.44
9	2	5.407	1	1	1.023
9	2	1.659	1	1	-1.536
9	2	1.297	1	0	0.2001
9	2	1.565	1	1	-1.161
9	2	5.268	1	1	0.2401
9	2	0.5786	0	1	-0.9631
9	2	1.039	0	0	1.269
9	2	0.463	1	1	-0.5564
9	2	5.505	0	0	-1.68
9	2	5.246	1	1	-0.1537
9	2	0.3803	0	0	0.4614
9	2	0.1572	0	0	1.827
10	3	0.8735	1	0	0.9754
10	3	5.786	0	0	0.7667
10	3	1.063	1	1	0.1942
10	3	0.1702	0	1	1.209
10	3	0.196	0	0	-1.136
10	3	5.31	1	1	-0.003863
10	3	0.1529	1	0	-0.3507
10	3	0.3497	1	1	-0.8959
10	3	0.992	1	1	1.359
10	3	0.6703	1	1	0.324
10	3	0.8262	1	1	0.8426
10	3	1.641	0	0	0.2691
10	3	1.833	1	1	0.1269
10	3	5.426	0	0	-1.357
10	3	0.05471	1	0	-0.9225
10	3	0.2317	0	1	-0.6819
10	3	0.5583	0	0	-0.9019
10	3	0.1129	0	0	-0.7024
10	3	0.05774	1	0	1.221
10	3	5.545	1	1	-0.4429
10	3	1.744	0	0	0.5902
10	3	0.3232	1	0	-0.8628
10	3	4.874	0	0	-0.6062
10	3	1.486	1	1	1.679
10	3	5.613	1	1	0.2544
10	3	0.774	0	1	0.3591
10	3	0.3987	0	0	-0.8395
10	3	0.688	0	1	-1.148
10	3	0.4782	1	1	-0.904
10	3	0.3558	1	1	0.09895
10	3	0.7789	1	0	-0.2269
10	3	0.387	1	1	-0.1511
10	3	0.909	1	0	-2.628
10	3	0.6357	1	0	-2.042
10	3	0.8621	0	0	1.175
10	3	1.268	0	1	-0.1085
10	3	5.613	0	0	-0.6535
10	3	5.33	1	1	-1.648
10	3	0.5279	0	0	-0.37
10	3	1.706	0	0	0.7515
10	3	1.753	0	0	-0.01313
10	3	1.68	1	1	0.006536
10	3	1.818	0	0	-1.92
10	3	5.555	0	0	0.1337
10	3	1.639	1	0	-1.603
10	3	0.07463	0	1	0.2346
10	3	5.232	0	0	-0.3931
10	3	0.1891	0	0	0.1821
10	3	0.8207	1	1	0.7006
10	3	1.676	0	1	1.802
11	3	5.349	0	0	-0.3758
11	3	0.8189	0	0	0.9405
11	3	0.2977	1	1	1.225
11	3	0.7709	1	1	1.605
11	3	0.7869	0	0	0.5253
11	3	5.159	1	1	0.1298
11	3	5.426	0	0	0.1131
11	3	1.885	0	1	1.109
11	3	0.6501	1	1	0.5049
11	3	0.3226	1	0	0.6032
11	3	0.9026	1	1	0.7167
11	3	0.8446	1	1	0.1107
11	3	0.7662	0	1	0.3776
11	3	1.063	1	1	0.1732
11	3	5.414	0	0	-0.5928
11	3	1.993	0	0	-0.171
11	3	0.5621	1	0	1.159
11	3	1.018	0	1	0.8063
11	3	0.4905	0	1	1.491
11	3	2.198	0	0	-0.5303
11	3	5.222	0	0	-0.6284
11	3	0.5591	0	1	-0.6955
11	3	1.924	1	1	-0.6885
11	3	1.245	1	1	-0.798
11	3	0.1568	0	1	-1.076
11	3	5.288	1	1	-0.9383
11	3	0.08655	0	1	-0.8658
11	3	0.1986	1	0	0.8913
11	3	5.544	1	1	-0.557
11	3	1.73	1	0	-0.1043
11	3	5.538	1	1	-1.429
11	3	1.763	1	1	0.04499
11	3	0.5301	0	0	1.248
11	3	1.12	0	0	-0.7297
11	3	0.1818	1	1	0.2246
11	3	1.796	1	1	-0.3873
11	3	0.1229	1	0	0.2544
11	3	0.21	1	0	-0.5862
11	3	0.2325	1	0	-0.3923
11	3	0.05208	0	0	-0.4801
11	3	1.042	0	1	-0.1837
11	3	0.3333	0	0	-0.9819
11	3	1.885	0	0	2.808
11	3	1.886	0	0	0.102
11	3	0.6942	0	0	2.697
11	3	5.057	0	0	0.9051
11	3	1.984	1	1	-0.7465
11	3	0.2423	1	1	1.9
11	3	5.571	0	0	0.47
11	3	0.9404	1	1	2.712
12	3	1.866	1	0	0.9674
12	3	0.8366	1	1	1.425
12	3	5.263	1	1	-1.347
12	3	1.111	1	0	1.558
12	3	0.784	1	1	0.7099
12	3	1.694	0	0	2.22
12	3	5.683	1	1	-1.06
12	3	0.81	1	1	-0.3552
12	3	5.259	1	1	-0.4983
12	3	0.4312	1	1	-0.06842
12	3	0.7025	0	1	-0.9371
12	3	0.6721	1	1	0.3676
12	3	0.3722	0	0	-0.259
12	3	0.1956	0	1	0.7272
12	3	1.026	0	1	-1.442
12	3	0.4032	0	1	-1.121
12	3	0.08077	1	1	-2.219
12	3	0.3389	0	1	1.071
12	3	0.2777	0	0	0.9314
12	3	0.4429	0	0	0.2087
12	3	0.1944	0	0	1.936
12	3	1.882	0	1	0.4478
12	3	5.426	0	0	-0.4926
12	3	1.825	0	0	-0.007069
12	3	5.505	0	0	-2.397
12	3	0.7957	0	1	0.7388
12	3	0.7599	1	1	-0.4841
12	3	1.731	1	1	-1.417
12	3	0.01145	0	0	0.8461
12	3	0.5348	1	1	0.3402
12	3	0.6454	0	1	-0.3579
12	3	5.396	1	1	0.8763
12	3	0.08997	1	1	-1.905
12	3	0.1676	0	0	0.7918
12	3	5.539	0	0	-0.5951
12	3	1.71	1	1	-0.455
12	3	0.3303	0	1	1.623
12	3	2.088	0	0	0.3288
12	3	2.057	1	1	0.4575
12	3	5.37	1	1	0.6008
12	3	0.6849	1	0	0.06279
12	3	0.1283	1	0	-0.8149
12	3	0.2801	0	0	-1.203
12	3	0.1451	1	1	-2.425
12	3	5.277	1	1	-0.9112
12	3	5.667	1	1	-0.4503
12	3	0.4299	0	1	1.979
12	3	0.493	0	0	1.403
12	3	1.615	0	0	0.7269
12	3	1.477	1	0	1.919
13	3	0.2801	0	0	1.969
13	3	0.2756	0	1	-0.6121
13	3	1.988	0	0	-0.9736
13	3	1.096	1	1	1.269
13	3	0.5675	1	0	0.7248
13	3	2.07	0	1	0.1496
13	3	1.757	0	0	0.2669
13	3	1.945	0	0	-0.6026
13	3	0.911	0	0	-0.4589
13	3	1.186	1	1	-1.015
13	3	0.527	0	1	0.2211
13	3	0.1921	0	1	-0.5403
13	3	0.7031	0	1	-1.007
13	3	5.151	1	1	-1.615
13	3	1.892	1	1	0.308
13	3	0.4035	0	0	-1.39
13	3	0.7994	0	1	-0.0009183
13	3	0.4789	0	1	-1.122
13	3	0.4959	0	1	-1.387
13	3	0.1878	0	0	-0.5354
13	3	0.9844	0	1	-1.067
13	3	0.5671	1	0	-1.652
13	3	5.472	0	0	0.1361
13	3	5.619	1	1	0.906
13	3	0.2528	1	1	-1.158
13	3	5.26	0	0	-0.5608
13	3	0.6294	1	0	-0.3079
13	3	0.2533	1	0	-0.1248
13	3	1.727	0	1	0.006509
13	3	1.871	1	1	-0.6476
13	3	5.544	1	1	0.9465
13	3	0.01203	1	0	0.7368
13	3	0.857	1	1	0.2485
13	3	0.5043	1	1	0.8272
13	3	1.715	0	0	1.789
13	3	0.09861	0	1	0.8642
13	3	0.8189	0	0	-2.817
13	3	0.4462	1	1	1.828
13	3	1.651	1	1	0.1266
13	3	0.8353	1	1	0.6361
13	3	1.205	1	1	-1.962
13	3	5.068	0	0	0.5524
13	3	5.678	0	0	-0.26
13	3	5.559	1	1	0.5469
13	3	0.3023	0	1	-1.221
13	3	1.971	0	0	0.5075
13	3	1.163	1	0	0.9642
13	3	0.06163	1	0	-0.03008
13	3	5.539	1	1	-0.2206
14	3	0.3089	0	1	2.669
14	3	1.003	1	1	-0.4096
14	3	0.5277	0	0	-0.1779
14	3	1.103	0	1	1.443
14	3	0.4349	1	1	0.6062
14	3	1.985	0	1	0.4554
14	3	1.913	1	1	-1.287
14	3	1.189	0	0	1.529
14	3	0.8676	0	0	-0.3743
14	3	5.324	1	1	0.6603
14	3	0.7044	1	1	-0.1246
14	3	0.2991	1	1	0.5826
14	3	0.1457	0	0	-0.4243
14	3	0.6877	0	1	1.353
14	3	0.05805	0	1	0.3773
14	3	0.4374	0	1	0.3826
14	3	5.273	0	0	0.7032
14	3	0.2195	0	0	0.02404
14	3	0.829	1	0	0.1847
14	3	1.109	1	1	-0.7155
14	3	5.326	1	1	-1.02
14	3	1.718	0	0	-0.3353
14	3	1.791	0	0	0.6315
14	3	0.7219	0	1	2.88
14	3	5.259	1	1	-0.4932
14	3	5.634	1	1	-1.649
14	3	5.253	0	0	0.206
14	3	5.248	1	1	-1.003
14	3	0.5821	0	0	1.705
14	3	0.6972	1	0	-0.8671
14	3	5.391	1	1	-0.7579
14	3	1.909	1	1	-1.335
14	3	1.02	1	1	0.01147
14	3	1.582	0	0	0.7851
14	3	0.455	1	1	0.8056
14	3	0.2938	0	0	0.5148
14	3	0.1432	1	0	-1.572
14	3	1.39	1	1	-0.2672
14	3	1.022	0	0	-0.5961
14	3	5.798	0	0	-1.034
14	3	1.824	1	1	-1.776
14	3	5.493	1	1	-0.4042
14	3	1.835	1	1	0.4739
14	3	0.2742	1	1	-1.134
14	3	0.6464	0	0	1.11
14	3	1.73	0	0	-0.1452
14	3	0.8061	0	0	-1.325
14	3	0.7827	0	0	0.09951
14	3	0.2414	1	0	1.603
14	3	0.2626	1	1	0.6482
15	3	1.101	1	0	-1.917
15	3	5.481	0	0	-1.293
15	3	2.176	0	0	0.44
15	3	5.152	0	0	-0.8079
15	3	0.5734	0	0	2.164
15	3	1.896	0	0	-0.07394
15	3	0.3595	1	1	-0.3024
15	3	1.872	0	0	-0.02416
15	3	0.5587	1	1	1.249
15	3	0.6377	0	0	1.26
15	3	5.564	1	1	-0.07725
15	3	5.203	0	0	-1.886
15	3	0.4006	0	0	1.104
15	3	0.005692	1	1	0.09743
15	3	0.08679	0	0	-0.3844
15	3	1.771	1	1	-1.527
15	3	5.549	1	1	0.3391
15	3	0.3376	1	1	-0.4104
15	3	5.695	0	0	-0.9069
15	3	0.6362	0	0	0.6625
15	3	0.5186	0	0	0.1705
15	3	1.702	0	0	-0.3493
15	3	0.7909	1	1	-0.695
15	3	1.004	1	1	0.6586
15	3	0.2252	1	0	0.4971
15	3	0.6146	0	0	-0.124
15	3	0.4046	0	0	-0.4373
15	3	1.142	1	1	1.175
15	3	0.9282	1	1	0.8099
15	3	0.005654	1	1	1.389
15	3	1.588	1	1	0.3048
15	3	0.6971	0	1	1.485
15	3	5.211	1	1	0.7732
15	3	0.5244	1	1	0.1444
15	3	0.5389	0	0	0.08168
15	3	1.657	1	1	-1.491
15	3	1.839	1	0	-0.7435
15	3	5.169	1	1	-0.2589
15	3	0.9278	1	0	0.6322
15	3	0.8124	1	0	-0.224
15	3	5.593	0	0	-1.346
15	3	0.1916	1	0	-0.2586
15	3	0.6033	1	0	-2.003
15	3	1.802	1	1	2.067
15	3	0.6717	0	1	0.651
15	3	5.18	1	1	0.01704
15	3	0.4683	0	0	-0.1459
15	3	2.157	0	0	0.03878
15	3	0.3577	0	0	-0.8915
15	3	0.5688	0	0	-0.6263
16	3	0.517	0	0	1.353
16	3	0.3147	1	0	0.9605
16	3	1.11	1	0	-0.09891
16	3	0.5015	1	0	-1.65
16	3	0.3583	0	0	0.7039
16	3	5.329	1	1	0.1549
16	3	1.417	0	1	-0.6342
16	3	0.04846	1	1	0.743
16	3	0.4881	1	1	1.855
16	3	2.024	0	1	1.348
16	3	5.559	0	0	0.778
16	3	0.1515	1	1	-0.971
16	3	1.613	0	0	-0.6456
16	3	0.1513	0	0	1.283
16	3	0.426	1	1	1.417
16	3	5.424	0	0	-1.683
16	3	0.3567	1	1	0.9804
16	3	2.172	0	1	1.669
16	3	0.6396	0	1	-0.439
16	3	1.709	1	1	-0.3723
16	3	0.8455	1	1	-0.6416
16	3	0.3599	1	1	0.3932
16	3	0.479	1	1	-0.8227
16	3	1.191	1	1	-2.445
16	3	0.8846	1	1	-0.6491
16	3	5.656	1	1	-0.9909
16	3	1.777	1	1	0.1656
16	3	0.144	0	1	0.5315
16	3	1.268	1	1	0.9903
16	3	5.412	0	0	-0.03955
16	3	0.329	0	0	1.515
16	3	0.1723	0	0	-0.3389
16	3	1.059	1	0	0.848
16	3	0.8437	0	1	1.154
16	3	1.77	0	0	0.1938
16	3	1.645	0	0	0.5625
16	3	0.8601	1	1	-1.17
16	3	0.04593	1	0	2.028
16	3	0.5805	0	0	0.7406
16	3	0.7458	0	0	2.982
16	3	0.1649	1	0	-0.02899
16	3	5.224	1	1	-3.117
16	3	2.138	0	0	-0.8923
16	3	1.007	0	0	-1.86
16	3	5.674	1	1	-1.62
16	3	5.571	1	1	0.1327
16	3	1.702	0	0	0.3602
16	3	5.169	0	0	-0.4698
16	3	5.368	0	0	-1.199
16	3	1.7	0	0	0.8543
17	3	1.859	1	1	-0.6163
17	3	5.727	0	0	-2.615
17	3	1.92	1	0	0.8809
17	3	0.6739	0	0	0.6868
17	3	1.987	0	0	-0.4684
17	3	5.178	0	0	-0.2909
17	3	0.7882	1	1	0.4453
17	3	0.4858	0	1	1.319
17	3	0.6459	0	1	-0.5858
17	3	1.74	1	1	-0.2467
17	3	0.9226	1	0	0.481
17	3	0.3987	0	0	-2.456
17	3	1.807	1	1	-1.476
17	3	1.972	1	1	1.756
17	3	0.2711	0	0	-0.7603
17	3	5.247	0	0	-1.331
17	3	0.1866	1	0	0.8699
17	3	5.715	1	1	0.5578
17	3	0.09019	0	0	1.466
17	3	5.452	0	0	1.996
17	3	0.8032	0	0	0.598
17	3	5.533	0	0	0.03992
17	3	0.5477	1	0	0.6749
17	3	1.351	1	0	0.5263
17	3	0.3746	0	1	1.047
17	3	0.4885	1	1	1.221
17	3	1.902	0	0	2.141
17	3	5.336	1	1	-0.6154
17	3	0.7815	0	0	0.5783
17	3	0.236	1	1	1.459
17	3	0.04971	0	1	0.3003
17	3	0.1625	0	1	-0.6155
17	3	1.831	0	0	0.02867
17	3	2.305	0	1	0.09147
17	3	0.9706	1	1	-0.5425
17	3	0.6727	1	0	0.2335
17	3	0.09966	0	1	-0.9154
17	3	0.4146	1	0	0.02218
17	3	0.5011	1	1	-0.2532
17	3	0.3219	0	1	0.166
17	3	5.552	0	0	-0.5658
17	3	1.015	1	1	0.8479
17	3	0.1943	0	0	0.9289
17	3	0.7706	0	0	1.705
17	3	5.167	1	1	0.03116
17	3	4.897	1	1	-1.585
17	3	0.05601	0	0	0.4578
17	3	0.3842	0	1	0.2764
17	3	0.8775	1	0	0.3247
17	3	0.8734	1	1	0.9523
18	3	5.365	1	0	-0.1906
18	3	0.3695	1	1	0.9558
18	3	1.445	0	0	-0.1005
18	3	1.611	0	0	0.1344
18	3	0.04212	1	1	-1.156
18	3	0.9693	1	1	0.1187
18	3	1.692	0	0	-1.161
18	3	0.95	1	0	1.181
18	3	2.03	1	1	-1.03
18	3	0.3757	1	1	0.9011
18	3	1.564	0	1	0.6693
18	3	0.4972	0	1	-1.223
18	3	5.297	0	0	-2
18	3	0.305	1	1	0.3876
18	3	5.123	1	1	-0.342
18	3	0.1136	1	0	-0.5514
18	3	0.06235	1	0	0.2404
18	3	5.435	0	0	0.008828
18	3	1.765	1	1	-1.072
18	3	1.803	1	0	0.3102
18	3	1.906	1	1	-0.2023
18	3	1.573	0	1	1.554
18	3	0.1911	0	0	0.5359
18	3	5.623	1	1	-0.3743
18	3	5.352	1	1	0.5613
18	3	0.05652	0	0	0.453
18	3	0.3365	1	1	0.08037
18	3	1.012	0	1	-1.365
18	3	0.3885	1	0	-0.01075
18	3	0.2707	0	0	-0.03777
18	3	0.2812	0	0	0.1444
18	3	0.1938	1	0	-0.6109
18	3	0.6288	0	1	0.2315
18	3	5.463	0	0	-1.235
18	3	0.8746	0	0	-0.4825
18	3	0.7602	1	0	1.26
18	3	0.9091	1	1	-0.1064
18	3	5.202	0	0	-0.5291
18	3	0.176	0	0	-0.8265
18	3	5.271	0	0	-0.616
18	3	1.903	1	1	-2
18	3	0.6757	1	1	1.87
18	3	0.978	1	0	1.602
18	3	0.2979	0	0	-0.2069
18	3	0.3199	0	0	0.7789
18	3	1.603	0	0	0.05463
18	3	0.9075	0	0	0.3095
18	3	0.01875	1	0	2.663
18	3	5.38	0	0	-1.587
18	3	0.762	1	1	-0.6967
19	3	5.403	1	0	0.4551
19	3	1.979	1	1	1.34
19	3	0.2965	1	0	1.624
19	3	1.727	0	1	0.3164
19	3	1.682	0	0	-0.4826
19	3	0.2734	0	0	-2.956
19	3	5.205	1	1	0.02371
19	3	0.2105	0	1	-0.02729
19	3	0.5651	0	1	-0.1908
19	3	0.739	0	0	0.7061
19	3	0.07993	1	1	-0.4846
19	3	0.5862	0	0	1.166
19	3	1.721	0	0	0.7768
19	3	0.7008	1	1	-1.201
19	3	0.6066	0	1	-0.001947
19	3	5.085	1	1	-0.2604
19	3	5.352	0	0	-0.91
19	3	0.6515	1	1	0.006087
19	3	0.6068	0	0	0.8994
19	3	0.7141	1	1	-1.428
19	3	5.504	0	0	-1.307
19	3	2.152	1	1	-0.8944
19	3	0.5634	1	0	0.4719
19	3	0.2961	1	0	0.2483
19	3	5.36	1	1	-0.5672
19	3	0.3146	1	1	-0.4713
19	3	1.586	0	0	2.073
19	3	1.933	0	0	0.3535
19	3	0.4212	1	1	-0.1808
19	3	0.3614	0	1	0.4657
19	3	1.06	1	1	-0.7553
19	3	0.2596	1	1	0.1541
19	3	5.297	1	1	-0.8846
19	3	0.06707	0	0	0.5031
19	3	0.7796	0	0	-0.1992
19	3	4.884	1	0	0.2263
19	3	5.444	0	0	0.6448
19	3	0.7244	0	0	-0.4567
19	3	1.789	1	0	2.598
19	3	1.033	1	1	-0.7914
19	3	1.813	0	0	0.1075
19	3	0.9083	0	0	0.2557
19	3	0.2336	1	1	-0.6929
19	3	0.6913	0	1	-0.571
19	3	0.2958	0	0	-0.4135
19	3	5.598	0	0	-1.394
19	3	0.0381	1	1	0.4531
19	3	1.221	1	1	0.4832
19	3	0.2831	1	0	1.355
19	3	1.708	0	0	-0.4441
20	4	0.8866	0	0	0.1242
20	4	5.771	0	0	-2.07
20	4	2.424	0	1	0.3808
20	4	5.321	1	1	-0.743
20	4	0.1189	0	0	0.03134
20	4	5.549	0	0	-0.792
20	4	0.2047	1	1	-0.9699
20	4	0.4853	1	1	0.8897
20	4	0.8376	0	0	0.534
20	4	0.3078	0	0	-0.8179
20	4	0.9499	0	0	-1.103
20	4	0.4959	1	0	0.5977
20	4	1.96	0	0	-0.2265
20	4	0.9415	0	0	-0.521
20	4	0.1272	0	1	-0.7691
20	4	2.041	0	0	0.9486
20	4	1.465	1	0	0.006044
20	4	0.7693	1	1	-1.041
20	4	0.8577	1	0	0.2955
20	4	0.9348	1	1	0.2539
20	4	0.3659	1	0	0.967
20	4	0.677	0	1	-1.132
20	4	1.831	1	1	-0.6698
20	4	1.818	0	0	0.9099
20	4	0.203	0	1	-0.881
20	4	5.414	1	1	-0.9012
20	4	0.3115	1	0	-0.01052
20	4	0.4173	0	0	-0.2011
20	4	1.931	1	1	-1.151
20	4	5.312	1	1	1.127
20	4	0.302	1	1	-0.8855
20	4	5.325	1	1	-1.364
20	4	0.7711	0	0	0.4668
20	4	0.1596	0	1	2.1
20	4	0.2856	1	0	0.5267
20	4	1.813	0	0	0.7849
20	4	1.654	0	1	-0.3036
20	4	0.6407	0	0	0.05255
20	4	5.329	0	0	-1.37
20	4	0.08916	1	0	0.1926
20	4	1.9	1	0	-0.229
20	4	0.3011	0	1	1.035
20	4	0.8905	1	1	1.072
20	4	0.1974	1	1	-0.738
20	4	0.09488	0	0	0.228
20	4	5.461	1	1	-4.475
20	4	0.2267	1	1	1.148
20	4	0.04706	1	1	0.7043
20	4	5.295	0	0	0.2217
20	4	5.323	0	0	-1.076
21	4	0.485	0	1	-0.09511
21	4	1.811	0	0	2.433
21	4	1.276	0	0	-1.809
21	4	1.056	1	0	0.8035
21	4	5.4	1	1	0.9097
21	4	0.5371	1	0	0.4418
21	4	5.481	1	1	0.08019
21	4	0.192	1	1	0.1346
21	4	5.344	1	1	-0.8209
21	4	1.823	1	0	-0.1493
21	4	1.064	0	0	1.418
21	4	1.947	1	1	-1.434
21	4	0.7764	0	0	0.1266
21	4	0.7581	1	0	1.321
21	4	1.504	1	1	-0.3228
21	4	0.4601	0	0	-0.4915
21	4	5.296	0	0	-0.7749
21	4	1.856	1	1	-1.032
21	4	0.3336	1	1	-0.2338
21	4	0.9083	0	1	0.3655
21	4	0.9255	0	1	-0.05497
21	4	5.453	0	0	-1.101
21	4	0.2999	1	1	0.7516
21	4	0.27	1	1	-0.4165
21	4	1.887	0	1	-0.7694
21	4	0.6438	1	1	-0.5248
21	4	1.38	1	1	-0.2644
21	4	1.677	1	0	0.2886
21	4	0.1752	0	0	-0.961
21	4	0.3032	0	1	0.5539
21	4	5.42	1	1	-0.3305
21	4	0.1852	1	1	-0.4904
21	4	0.3139	1	0	-0.8084
21	4	0.962	1	1	-0.8314
21	4	1.032	0	1	-0.4077
21	4	1.848	0	0	-1.024
21	4	0.3262	0	0	1.223
21	4	1.699	1	0	-0.1203
21	4	0.1081	0	0	0.6282
21	4	0.1926	0	1	-1.328
21	4	0.6415	0	0	-0.1178
21	4	5.406	0	0	-0.1998
21	4	5.589	0	0	1.14
21	4	5.019	1	1	0.4754
21	4	0.3509	0	0	0.06765
21	4	0.5356	0	0	0.6131
21	4	5.597	0	0	-0.148
21	4	0.8983	1	1	0.1118
21	4	0.1131	1	1	-0.8023
22	4	0.8651	0	0	2.222
22	4	0.4619	0	1	1.926
22	4	1.948	0	0	0.9183
22	4	0.9552	1	1	-0.6934
22	4	0.3471	0	1	2.038
22	4	0.405	1	1	-0.3281
22	4	5.295	0	0	-0.01873
22	4	1.806	1	1	1.837
22	4	0.9298	1	1	0.6798
22	4	0.7425	0	1	-0.02931
22	4	0.3053	0	1	0.09223
22	4	1.068	1	1	-0.6652
22	4	5.402	1	1	-0.9114
22	4	0.04861	1	1	0.6961
22	4	0.4065	0	0	0.02779
22	4	1.879	1	1	0.4558
22	4	5.337	1	1	-0.1138
22	4	1.121	0	1	0.7833
22	4	0.3334	1	1	-0.689
22	4	0.443	0	0	-1.549
22	4	1.774	0	1	0.4186
22	4	0.2682	1	0	-0.4763
22	4	0.183	0	0	-1.814
22	4	0.4301	0	0	0.5714
22	4	0.2845	1	0	-0.6942
22	4	0.9514	0	0	0.07933
22	4	0.819	1	0	-0.4835
22	4	5.423	1	1	0.0775
22	4	1.642	1	1	0.3658
22	4	5.295	0	0	0.2934
22	4	0.2971	1	1	2.355
22	4	5.172	1	1	-0.568
22	4	2.012	1	1	1
22	4	0.8837	0	0	0.7674
22	4	0.9127	0	1	1.191
22	4	1.571	0	1	0.0204
22	4	0.416	0	0	0.8925
22	4	5.365	0	0	-0.9242
22	4	0.226	0	1	-0.08802
22	4	0.3268	0	1	-2.104
22	4	1.54	1	1	-0.5386
22	4	5.705	1	1	0.5363
22	4	0.6031	0	1	0.1959
22	4	1.552	1	1	-1.737
22	4	0.2778	0	1	-0.6114
22	4	1.95	1	1	0.8198
22	4	0.4257	1	1	-0.691
22	4	5.422	1	1	-0.6612
22	4	5.629	1	1	0.5293
22	4	0.4952	1	1	-1.134
23	4	1.788	0	0	-1.292
23	4	0.04582	0	0	1.16
23	4	1.034	0	1	-1.168
23	4	5.281	1	1	-0.7424
23	4	0.03398	1	0	1.771
23	4	5.4	1	1	-0.5832
23	4	5.676	1	1	0.1429
23	4	5.006	1	1	0.1404
23	4	2.062	1	1	1.457
23	4	0.8935	0	0	0.9744
23	4	0.3986	0	0	0.3701
23	4	1.792	0	1	0.5604
23	4	5.348	1	1	-1.044
23	4	0.4354	0	0	1.398
23	4	5.178	0	0	-0.3491
23	4	0.4664	1	1	0.4172
23	4	1.253	0	0	0.322
23	4	0.4401	0	0	-0.6594
23	4	1.712	1	1	0.8696
23	4	1.888	0	0	0.7326
23	4	1.64	1	1	-1.26
23	4	0.6572	0	0	-0.05315
23	4	0.104	0	1	0.4423
23	4	0.2811	1	1	-0.07072
23	4	0.04429	1	1	0.6454
23	4	5.359	0	0	-0.6945
23	4	1.057	0	1	1.33
23	4	1.158	0	0	0.01643
23	4	5.57	0	0	-0.6647
23	4	0.5213	0	0	-0.5503
23	4	0.2318	1	0	0.644
23	4	0.2085	1	0	0.5272
23	4	1.886	1	0	-0.3077
23	4	0.1458	1	1	1.601
23	4	0.8315	0	1	-1.578
23	4	0.3503	1	0	0.7139
23	4	1.737	1	1	0.07812
23	4	5.049	1	1	-0.06036
23	4	1.889	1	0	-1.101
23	4	0.6878	0	0	-1.575
23	4	0.1517	1	0	0.4682
23	4	0.7592	1	0	-0.1359
23	4	5.791	1	1	-2.087
23	4	0.05226	1	0	1.214
23	4	0.6615	0	0	-0.485
23	4	1.855	1	0	-1.67
23	4	0.006454	1	0	1.239
23	4	0.6397	0	0	-0.4415
23	4	0.8764	1	1	0.007657
23	4	0.3468	0	1	0.8797
24	4	5.553	1	1	1.257
24	4	1.853	0	0	1.52
24	4	0.8736	0	0	0.08841
24	4	0.6109	0	1	1.509
24	4	2.002	1	0	1.584
24	4	1.74	0	0	0.5328
24	4	0.07148	0	1	0.2634
24	4	0.4724	0	0	-2.215
24	4	1.592	0	0	0.9287
24	4	0.3175	1	1	0.6523
24	4	0.5823	1	1	1.669
24	4	0.2502	1	1	-0.3385
24	4	2.165	0	0	0.5616
24	4	0.9593	1	1	2.198
24	4	5.326	0	0	0.628
24	4	1.283	1	0	0.2965
24	4	5.557	1	1	-0.4957
24	4	0.2222	1	1	0.9766
24	4	0.5345	0	1	-0.2682
24	4	0.7761	0	0	0.2439
24	4	1.54	0	0	-0.06469
24	4	1.806	0	0	0.5274
24	4	1.835	1	1	-0.7314
24	4	0.3107	1	0	2.081
24	4	1.707	1	1	0.3835
24	4	0.9028	1	1	0.009785
24	4	0.8353	0	1	1.074
24	4	0.7605	1	1	0.5781
24	4	0.7196	1	0	-0.2488
24	4	1.88	1	0	0.3124
24	4	5.527	0	0	-0.552
24	4	0.5766	0	0	0.9965
24	4	5.409	1	1	0.1683
24	4	0.8158	0	1	-0.1974
24	4	0.4569	1	0	-1.622
24	4	5.347	0	0	-0.2951
24	4	0.3231	0	1	1.348
24	4	5.569	1	1	-0.07902
24	4	4.784	0	0	-1.216
24	4	0.1355	0	0	1.336
24	4	0.5364	1	0	0.5325
24	4	0.6734	0	0	0.1334
24	4	0.4404	0	1	0.4526
24	4	0.6821	0	1	-0.5532
24	4	1.117	1	0	-0.1607
24	4	5.069	1	1	0.1137
24	4	0.5884	1	0	0.1033
24	4	0.3218	1	1	0.712
24	4	5.661	0	0	-0.6583
24	4	0.2012	1	0	-0.5391
25	4	5.536	0	0	0.1296
25	4	1.332	1	1	1.063
25	4	0.7065	0	1	-0.2584
25	4	0.9689	1	0	0.3182
25	4	0.5564	0	0	1.411
25	4	0.4644	0	0	1.137
25	4	2.14	0	0	-1.42
25	4	0.1029	1	0	0.7791
25	4	0.7876	1	0	-0.559
25	4	0.02253	1	1	0.432
25	4	0.4771	1	1	0.9297
25	4	5.454	1	1	-0.1473
25	4	0.6798	1	0	1.111
25	4	0.9301	0	0	0.6596
25	4	0.498	0	0	0.5146
25	4	1.781	0	1	0.7225
25	4	5.379	1	1	0.08246
25	4	0.7333	0	1	0.8357
25	4	0.4583	1	0	1.006
25	4	5.107	0	0	-0.5529
25	4	5.38	0	0	0.6526
25	4	0.06844	1	0	0.5037
25	4	0.2101	0	0	-1.332
25	4	0.5151	0	0	0.4379
25	4	1.808	1	1	-0.002336
25	4	0.05245	0	0	0.5851
25	4	0.8099	0	1	1.997
25	4	1.691	1	1	0.4513
25	4	1.711	0	0	-0.7032
25	4	5.171	0	0	-0.1934
25	4	2.068	1	0	-0.6344
25	4	1.907	0	0	-0.1177
25	4	1.228	1	1	-0.1851
25	4	1.507	0	0	0.512
25	4	0.2603	1	1	0.02897
25	4	0.3359	1	1	-0.8348
25	4	0.3454	0	0	0.6156
25	4	1.868	1	1	-0.4532
25	4	5.286	1	1	-0.5176
25	4	5.528	0	0	-0.2467
25	4	0.7841	0	0	1.128
25	4	5.398	1	1	0.5275
25	4	0.8736	1	1	-0.4212
25	4	1.085	1	1	0.1135
25	4	0.01003	1	0	0.6464
25	4	0.2568	1	1	0.2754
25	4	0.1574	1	0	0.9425
25	4	5.748	0	0	-0.6396
25	4	0.7524	0	0	-1.599
25	4	1.701	1	1	0.3097
26	4	2.04	1	0	0.6285
26	4	1.199	0	1	-1.329
26	4	0.822	0	1	1.438
26	4	5.511	0	0	0.6171
26	4	0.3492	0	0	-0.6579
26	4	0.5592	0	0	0.6044
26	4	0.4007	0	0	0.5386
26	4	0.3291	0	0	-0.1012
26	4	1.756	0	0	0.3294
26	4	1.742	1	0	-0.491
26	4	5.281	0	0	-0.4251
26	4	0.1137	0	0	-1.383
26	4	5.528	1	1	-1.242
26	4	0.4378	1	1	0.9232
26	4	1.745	1	1	-0.4426
26	4	1.91	1	1	-0.6426
26	4	5.282	1	1	-0.2724
26	4	1.886	1	0	1.286
26	4	5.336	0	0	-0.9113
26	4	2.042	1	1	-0.4321
26	4	0.09055	1	1	0.09032
26	4	0.5619	1	0	0.9061
26	4	1.039	1	1	0.5885
26	4	0.076	0	0	-0.2986
26	4	5.286	1	1	-0.8371
26	4	0.03218	1	1	-0.8068
26	4	0.06387	1	0	0.1816
26	4	0.9002	1	1	0.3563
26	4	5.715	0	0	-2.231
26	4	0.6215	0	0	1.138
26	4	0.8829	1	0	1.643
26	4	0.6971	0	1	0.6679
26	4	0.1374	0	1	-0.4989
26	4	0.4368	0	0	0.3461
26	4	5.215	0	0	-0.8061
26	4	0.003434	0	1	1.316
26	4	5.305	1	1	-1.181
26	4	0.6228	1	1	1.383
26	4	0.3455	0	0	-0.01087
26	4	1.198	1	0	0.5389
26	4	1.174	0	1	-0.16
26	4	1.835	1	1	-0.7404
26	4	0.2751	1	0	1.016
26	4	0.5982	1	1	-0.3114
26	4	1.703	1	1	0.3741
26	4	1.505	1	1	-2.448
26	4	0.2261	0	0	0.03836
26	4	0.05056	0	0	-0.9613
26	4	5.34	0	0	1.216
26	4	0.5089	0	1	-0.3297
27	4	5.455	1	1	-0.4373
27	4	1.856	0	0	1.029
27	4	1.314	1	1	0.8214
27	4	0.787	1	1	1.219
27	4	2.134	1	1	2.304
27	4	0.4161	1	1	0.7252
27	4	0.1328	1	0	1.431
27	4	0.7277	0	1	0.3044
27	4	5.353	1	1	-1.406
27	4	0.1071	0	1	1.335
27	4	0.0786	0	1	0.5356
27	4	5.547	0	0	-0.8716
27	4	1.836	0	0	1.086
27	4	0.06849	1	0	-0.2442
27	4	5.589	0	0	0.06226
27	4	1.721	1	1	-1.255
27	4	0.7383	0	0	1.454
27	4	1.498	1	1	0.2856
27	4	1.294	1	1	-0.4111
27	4	5.588	1	1	-0.3254
27	4	0.7713	1	0	0.9471
27	4	0.4303	0	0	-0.0227
27	4	0.09922	0	0	0.0916
27	4	0.0589	0	0	0.3743
27	4	5.255	0	0	-0.01419
27	4	0.6307	0	1	1.737
27	4	0.9142	0	0	0.4973
27	4	5.645	0	0	0.3337
27	4	0.369	1	0	0.639
27	4	0.4543	1	1	0.308
27	4	0.5802	0	0	1.381
27	4	0.6042	1	1	1.629
27	4	1.229	0	1	1.27
27	4	1.697	1	0	0.2903
27	4	0.3487	1	1	1.26
27	4	5.456	1	1	-2.147
27	4	5.201	0	0	-0.7336
27	4	1.892	1	1	-0.154
27	4	2.025	1	1	0.154
27	4	0.1986	1	1	-1.407
27	4	0.09584	0	0	3.024
27	4	1.658	0	1	-1.26
27	4	0.1348	1	0	1.238
27	4	0.573	0	0	-1.507
27	4	5.19	1	1	-0.2479
27	4	1.122	0	0	1.746
27	4	0.4671	0	0	0.4273
27	4	0.6424	1	1	-2.233
27	4	0.4441	1	0	1.544
27	4	0.7626	0	1	-0.1684
28	4	1.834	0	0	0.7061
28	4	5.453	0	0	1.462
28	4	1.686	1	1	1.22
28	4	0.7537	0	1	1.202
28	4	5.174	1	1	-0.4468
28	4	5.64	0	0	-1.755
28	4	0.4078	0	1	0.5095
28	4	2.407	1	1	-0.05639
28	4	0.513	1	0	1.187
28	4	0.9085	1	1	-0.08261
28	4	5.377	0	0	0.3199
28	4	1.975	0	0	-0.2697
28	4	0.5823	1	0	2.195
28	4	1.088	1	1	-0.3453
28	4	0.03035	0	1	0.9143
28	4	0.0513	0	0	-0.3169
28	4	5.426	1	1	-0.5586
28	4	1.648	0	0	0.5354
28	4	0.381	0	0	-0.8627
28	4	1.835	0	0	-0.004564
28	4	5.536	1	1	-0.6932
28	4	0.7257	1	1	0.6852
28	4	0.3832	1	1	1.167
28	4	0.09061	1	0	0.9632
28	4	1.731	1	1	0.1152
28	4	5.524	1	1	-1.169
28	4	0.952	1	0	1.193
28	4	0.1374	1	1	0.6011
28	4	0.3828	1	1	0.6112
28	4	0.4236	1	0	1.935
28	4	0.9996	0	1	0.4469
28	4	0.6638	1	1	-0.3294
28	4	1.941	0	0	-2.421
28	4	5.425	0	0	-0.171
28	4	5.23	1	1	-1.254
28	4	0.8752	1	0	1.179
28	4	0.9695	1	0	0.08259
28	4	0.2181	0	1	-0.2593
28	4	0.5951	0	0	-0.8937
28	4	0.667	1	0	2.341
28	4	1.884	0	0	1.015
28	4	0.2612	0	0	1.323
28	4	0.5848	1	0	1.978
28	4	1.686	0	0	-1.428
28	4	5.115	1	1	0.8669
28	4	0.5396	0	0	1.205
28	4	0.6272	0	0	-0.009093
28	4	0.7095	0	0	0.5095
28	4	0.9825	0	1	-1.351
28	4	0.1974	0	0	0.09401
29	4	0.5723	1	0	1.152
29	4	0.287	1	0	-0.3222
29	4	0.3869	0	1	0.3124
29	4	0.1126	1	0	1.183
29	4	0.3212	1	0	-0.1246
29	4	0.04341	1	0	0.2008
29	4	0.9517	1	0	0.2416
29	4	0.7002	0	1	0.6702
29	4	5.097	0	0	-0.9638
29	4	2.066	0	0	0.7635
29	4	0.6554	0	1	1.037
29	4	1.604	0	0	0.5494
29	4	0.6971	0	0	0.1904
29	4	0.3461	1	0	1.174
29	4	5.831	0	0	-0.8408
29	4	5.09	1	1	-0.7977
29	4	1.747	0	0	-0.3274
29	4	0.2577	1	0	0.5207
29	4	0.2941	1	0	-1.005
29	4	5.443	1	1	-0.7204
29	4	2.14	1	1	0.109
29	4	5.631	1	1	0.5254
29	4	0.5798	0	1	0.9585
29	4	0.8835	1	1	-0.2077
29	4	0.6161	1	0	-0.2471
29	4	1.494	1	1	-0.4029
29	4	0.697	0	1	0.459
29	4	2.029	0	0	-1.574
29	4	1.364	0	0	0.1714
29	4	5.463	1	1	0.8854
29	4	0.04568	0	1	0.4936
29	4	1.683	0	0	-1.367
29	4	0.4537	0	0	-0.1677
29	4	0.1941	1	0	1.17
29	4	0.4467	0	0	0.8553
29	4	0.218	1	0	-0.1973
29	4	1.643	0	0	0.9288
29	4	0.7137	0	0	0.3912
29	4	5.4	1	1	1.356
29	4	1.658	1	1	-0.4969
29	4	1.301	1	0	1.783
29	4	1.563	1	1	-0.06874
29	4	5.268	1	1	-2.359
29	4	0.5746	0	1	1.621
29	4	1.042	0	0	1.04
29	4	0.4623	1	0	1.445
29	4	5.503	0	0	-0.7214
29	4	5.247	1	1	-0.8944
29	4	0.3837	0	0	0.7219
29	4	0.1556	0	1	0.3271
30	5	0.8862	0	0	0.2938
30	5	5.771	0	0	0.5521
30	5	2.423	0	0	-0.6642
30	5	5.322	1	1	-0.3991
30	5	0.1197	0	0	-0.8865
30	5	5.549	0	0	0.5931
30	5	0.2024	1	0	-1.202
30	5	0.4843	1	0	0.8295
30	5	0.8398	0	0	-0.1333
30	5	0.3096	0	0	0.01852
30	5	0.9491	0	0	0.3926
30	5	0.4925	1	0	-1.973
30	5	1.959	0	0	0.4722
30	5	0.9407	0	1	1.81
30	5	0.1301	0	1	0.3498
30	5	2.04	0	1	0.648
30	5	1.463	1	1	-0.8349
30	5	0.7708	1	0	0.06263
30	5	0.8576	1	0	0.4026
30	5	0.9351	1	1	-1.598
30	5	0.3665	1	1	-0.454
30	5	0.677	0	1	0.09933
30	5	1.831	1	1	0.3238
30	5	1.819	0	1	-0.06165
30	5	0.2033	0	1	-0.5629
30	5	5.416	1	1	2.054
30	5	0.3107	1	0	-0.5935
30	5	0.4171	0	1	-0.6057
30	5	1.932	1	1	0.7877
30	5	5.312	1	1	-1.389
30	5	0.302	1	1	-0.1394
30	5	5.326	1	1	1.83
30	5	0.772	0	0	0.0539
30	5	0.1568	0	1	0.7522
30	5	0.284	1	0	0.5927
30	5	1.814	0	1	-0.7464
30	5	1.655	0	1	-0.7909
30	5	0.6424	0	1	-1.114
30	5	5.328	0	0	0.685
30	5	0.08883	1	0	-0.2867
30	5	1.901	1	1	-0.9598
30	5	0.3009	0	0	-0.744
30	5	0.8879	1	1	-2.563
30	5	0.1964	1	0	0.8581
30	5	0.09354	0	1	-0.5641
30	5	5.46	1	1	-1.936
30	5	0.2275	1	1	1.283
30	5	0.04577	1	1	-0.4645
30	5	5.295	0	0	-1.055
30	5	5.322	0	0	-0.3401
31	5	0.486	0	0	0.2432
31	5	1.81	0	1	2.093
31	5	1.278	0	0	-0.08419
31	5	1.058	1	1	-0.5284
31	5	5.399	1	1	-0.4905
31	5	0.5371	1	1	0.8625
31	5	5.482	1	1	-0.2064
31	5	0.194	1	0	-0.798
31	5	5.345	1	1	2.485
31	5	1.827	1	1	-0.9033
31	5	1.063	0	0	-0.7793
31	5	1.947	1	1	-0.09247
31	5	0.7771	0	1	-0.2389
31	5	0.7607	1	1	-0.4894
31	5	0.2378	0	0	-0.001925
31	5	1.504	1	1	-1.477
31	5	0.459	0	0	1.062
31	5	5.297	0	0	-0.02824
31	5	1.855	1	1	0.5184
31	5	0.3328	1	1	0.2311
31	5	0.9078	0	0	-0.2677
31	5	0.9249	0	0	1.237
31	5	5.455	0	0	0.03898
31	5	0.297	1	1	3.001
31	5	0.2683	1	0	-0.3302
31	5	1.888	0	0	0.8571
31	5	0.6448	1	0	0.1163
31	5	1.38	1	1	1.172
31	5	1.678	1	1	-0.03663
31	5	0.1751	0	0	-0.2501
31	5	0.3055	0	0	-0.654
31	5	5.419	1	1	0.1746
31	5	0.1856	1	1	-0.9063
31	5	0.3157	1	0	-1.583
31	5	0.9622	1	1	-1.25
31	5	1.031	0	0	-0.3706
31	5	1.846	0	0	0.1231
31	5	0.3266	0	0	-0.5109
31	5	1.696	1	0	1.031
31	5	0.1059	0	1	0.1339
31	5	0.1967	0	1	-0.007976
31	5	0.6419	0	0	1.544
31	5	5.405	0	0	-1.403
31	5	5.593	0	0	0.6515
31	5	5.022	1	1	-0.7303
31	5	0.3469	0	0	0.8011
31	5	0.5366	0	1	0.4182
31	5	5.598	0	0	0.2643
31	5	0.8986	1	1	-1.478
31	5	0.1138	1	1	-0.08586
32	5	0.866	0	0	0.8299
32	5	0.4616	0	0	0.1531
32	5	1.947	0	0	1.053
32	5	0.9552	1	1	1.982
32	5	0.3488	0	1	0.9049
32	5	0.4051	1	1	-1.831
32	5	5.296	0	0	0.07089
32	5	1.809	1	1	0.7044
32	5	0.9297	1	1	1.345
32	5	0.7389	0	0	-0.6149
32	5	0.304	0	0	-0.2325
32	5	1.067	1	1	-0.2846
32	5	5.402	1	1	0.1931
32	5	0.04644	1	1	-0.279
32	5	0.4065	0	1	-0.2356
32	5	1.879	1	1	0.3375
32	5	5.337	1	1	0.1595
32	5	1.123	0	0	1.461
32	5	0.3339	1	1	0.4969
32	5	0.4427	0	1	-1.183
32	5	1.776	0	0	-0.1892
32	5	0.2699	1	1	0.2714
32	5	0.184	0	1	0.5141
32	5	0.4288	0	1	1.03
32	5	0.2853	1	1	-1.082
32	5	0.9506	0	0	0.6389
32	5	0.8212	1	1	-0.9722
32	5	5.423	1	1	-0.7439
32	5	1.642	1	1	1.209
32	5	5.295	0	0	-1.467
32	5	0.2956	1	1	-0.8311
32	5	5.177	1	1	1.35
32	5	2.014	1	1	1.564
32	5	0.8824	0	0	0.05716
32	5	0.9147	0	0	-0.2467
32	5	1.57	0	0	0.5107
32	5	0.4174	0	0	-0.2711
32	5	5.364	0	0	-1.037
32	5	0.2264	0	0	1.926
32	5	0.3266	0	0	1.213
32	5	1.54	1	1	0.03252
32	5	5.706	1	1	-0.05209
32	5	0.6033	0	1	0.2655
32	5	1.553	1	1	-0.4283
32	5	0.2788	0	1	0.5781
32	5	1.952	1	1	1.285
32	5	0.4256	1	0	0.2268
32	5	5.423	1	1	-0.1392
32	5	5.632	1	1	-1.072
32	5	0.4955	1	1	-0.1685
33	5	1.79	0	0	1.711
33	5	0.04469	0	1	0.9108
33	5	1.033	0	1	-1.039
33	5	5.28	1	1	0.1768
33	5	0.0346	1	0	1.142
33	5	5.4	1	1	-0.5005
33	5	5.675	1	1	-0.4878
33	5	5.008	1	1	-1.377
33	5	2.062	1	1	-2.342
33	5	0.8935	0	0	-0.2296
33	5	0.4011	0	1	2.404
33	5	1.793	0	0	-0.5308
33	5	5.345	1	1	-0.3791
33	5	0.4357	0	0	-0.2625
33	5	5.176	0	0	-0.7475
33	5	0.4642	1	1	0.539
33	5	1.251	0	0	0.63
33	5	0.4417	0	1	-1.13
33	5	1.713	1	1	-0.4195
33	5	1.889	0	0	-1.779
33	5	1.641	1	1	-1.236
33	5	0.6573	0	0	0.9233
33	5	0.1028	0	1	-0.557
33	5	0.2821	1	0	0.5444
33	5	0.04548	1	1	-0.1795
33	5	5.359	0	0	0.2249
33	5	1.057	0	0	-0.1446
33	5	1.158	0	1	0.2539
33	5	5.568	0	0	-0.6781
33	5	0.5229	0	0	-0.3266
33	5	0.2285	1	1	-0.6228
33	5	0.2057	1	0	-0.4165
33	5	1.888	1	1	2.692
33	5	0.1474	1	0	-0.3042
33	5	0.8312	0	1	-0.259
33	5	0.3514	1	0	0.04873
33	5	1.736	1	0	-0.1396
33	5	5.049	1	1	-0.9972
33	5	1.891	1	0	0.2124
33	5	0.6886	0	0	0.5684
33	5	0.1535	1	0	0.05425
33	5	0.7594	1	1	-0.2856
33	5	5.792	1	1	0.7343
33	5	0.05326	1	0	-0.222
33	5	0.6633	0	0	0.01817
33	5	1.856	1	1	-2.175
33	5	0.007368	1	0	-0.9313
33	5	0.6392	0	0	-0.01804
33	5	0.879	1	1	1.113
33	5	0.3464	0	0	-0.212
34	5	5.555	1	1	0.887
34	5	1.852	0	0	1.76
34	5	0.8746	0	0	1.23
34	5	0.6092	0	0	-1.009
34	5	2.003	1	1	0.3163
34	5	1.74	0	0	-0.1033
34	5	0.07134	0	1	0.4974
34	5	0.4706	0	1	-1.216
34	5	1.592	0	0	-0.2663
34	5	0.3187	1	1	-0.7598
34	5	0.5845	1	0	-1.082
34	5	0.2478	1	1	0.1276
34	5	2.163	0	0	0.04106
34	5	0.9573	1	1	-0.117
34	5	5.327	0	0	-0.9629
34	5	1.282	1	1	0.505
34	5	5.556	1	1	1.247
34	5	0.2212	1	1	-1.604
34	5	0.5311	0	1	-1.001
34	5	0.7751	0	0	-1.62
34	5	1.541	0	0	-1.598
34	5	1.807	0	1	0.08755
34	5	1.837	1	1	-1.133
34	5	0.3115	1	0	-1.138
34	5	1.707	1	1	-1.008
34	5	0.9019	1	1	-0.5061
34	5	0.8356	0	1	-0.8244
34	5	0.7615	1	1	-1.139
34	5	0.72	1	1	0.946
34	5	1.88	1	1	-0.3303
34	5	5.529	0	0	0.5598
34	5	0.5783	0	1	0.1642
34	5	5.411	1	1	-1.163
34	5	0.8173	0	0	0.1832
34	5	0.4569	1	1	-0.749
34	5	5.347	0	0	-0.3485
34	5	0.3238	0	1	-0.4425
34	5	5.569	1	1	0.00915
34	5	4.784	0	0	-0.03578
34	5	0.1374	0	1	-1.631
34	5	0.5357	1	0	-0.3991
34	5	0.6739	0	1	-0.4954
34	5	0.441	0	1	0.4214
34	5	0.6818	0	0	-0.2999
34	5	1.117	1	1	-1.181
34	5	5.069	1	1	0.03364
34	5	0.5884	1	0	1.826
34	5	0.3234	1	1	0.2581
34	5	5.66	0	0	-0.2202
34	5	0.2007	1	1	-0.004529
35	5	5.537	0	0	-0.3871
35	5	1.33	1	1	-0.1722
35	5	0.7067	0	1	0.2518
35	5	0.9678	1	1	-1.159
35	5	0.5562	0	1	-0.846
35	5	0.4641	0	1	-1.014
35	5	2.14	0	1	0.8171
35	5	0.1022	1	1	-1.806
35	5	0.7884	1	0	-0.0792
35	5	0.02725	1	0	-0.7206
35	5	0.4775	1	0	-1.937
35	5	5.455	1	1	-0.8
35	5	0.6792	1	1	0.9513
35	5	0.9308	0	0	-0.6091
35	5	0.4973	0	0	-0.4949
35	5	1.78	0	0	-0.4124
35	5	5.377	1	1	-0.8157
35	5	0.7342	0	0	-0.5054
35	5	0.4573	1	0	0.6171
35	5	5.108	0	0	0.667
35	5	5.379	0	0	-0.8481
35	5	0.06941	1	0	0.9389
35	5	0.2118	0	0	0.2463
35	5	0.5184	0	0	0.7343
35	5	1.808	1	1	-0.2388
35	5	0.05316	0	0	0.9626
35	5	0.8108	0	0	0.06554
35	5	1.688	1	1	0.9787
35	5	1.709	0	0	-0.4232
35	5	5.172	0	0	-0.2768
35	5	2.068	1	1	1.568
35	5	1.908	0	0	2.194
35	5	1.229	1	1	-1.535
35	5	1.509	0	1	0.8076
35	5	0.2615	1	1	-1.834
35	5	0.337	1	1	1.225
35	5	0.343	0	1	0.497
35	5	1.867	1	1	-0.9393
35	5	5.286	1	1	-0.3578
35	5	5.529	0	0	1.032
35	5	0.7871	0	0	-0.005338
35	5	5.397	1	1	-0.6055
35	5	0.8737	1	0	1.193
35	5	1.088	1	1	-1.931
35	5	0.008301	1	0	0.5973
35	5	0.2601	1	1	1.039
35	5	0.159	1	0	-0.9461
35	5	5.747	0	0	-1.023
35	5	0.7536	0	0	-1.263
35	5	1.702	1	1	-0.9885
36	5	2.041	1	0	2.318
36	5	1.198	0	0	-0.3796
36	5	0.8231	0	1	0.3586
36	5	5.512	0	0	-0.8196
36	5	0.3489	0	0	0.03005
36	5	0.5565	0	0	-1.033
36	5	0.402	0	1	1.461
36	5	0.3296	0	1	-1.526
36	5	1.756	0	0	0.1078
36	5	1.742	1	1	0.3902
36	5	5.282	0	0	1.019
36	5	0.1149	0	0	-0.9745
36	5	5.526	1	1	-0.2333
36	5	0.4378	1	0	-1.184
36	5	1.744	1	1	-0.3988
36	5	1.911	1	0	2.177
36	5	5.283	1	1	-1.883
36	5	1.887	1	0	-0.4795
36	5	5.338	0	0	-0.1084
36	5	2.044	1	1	-0.276
36	5	0.09178	1	0	0.326
36	5	0.5615	1	1	-1.156
36	5	1.038	1	1	-1.386
36	5	0.0731	0	0	-0.6455
36	5	5.286	1	1	-0.8413
36	5	0.03077	1	0	2.84
36	5	0.06504	1	1	0.7174
36	5	0.8983	1	1	-0.6845
36	5	5.716	0	0	-0.05182
36	5	0.6199	0	1	1.002
36	5	0.8841	1	1	-1.463
36	5	0.6961	0	0	-1.859
36	5	0.1401	0	1	0.2175
36	5	0.4373	0	1	-0.06862
36	5	5.217	0	0	-0.3966
36	5	0.001807	0	1	0.1206
36	5	5.306	1	1	-0.9463
36	5	0.6208	1	0	0.2462
36	5	0.3466	0	1	-0.627
36	5	1.195	1	1	0.3092
36	5	1.175	0	1	-1.335
36	5	1.83	1	1	0.4036
36	5	0.2775	1	0	0.7783
36	5	0.5967	1	1	0.04688
36	5	1.701	1	1	-0.7317
36	5	1.505	1	1	-2.055
36	5	0.2263	0	1	-0.4131
36	5	0.05211	0	0	-0.6575
36	5	5.341	0	0	-0.4386
36	5	0.5072	0	0	1.075
37	5	5.456	1	0	0.9513
37	5	1.857	0	1	0.5957
37	5	1.313	1	1	0.06327
37	5	0.7868	1	0	2.021
37	5	2.135	1	1	-1.918
37	5	0.4171	1	0	0.8538
37	5	0.1322	1	1	-2.542
37	5	0.7285	0	0	2.318
37	5	5.353	1	1	-0.5788
37	5	0.1036	0	0	-0.3319
37	5	0.07813	0	0	0.4923
37	5	5.547	0	0	-0.4908
37	5	1.835	0	0	0.2502
37	5	0.06923	1	0	-0.004647
37	5	5.588	0	0	-1.334
37	5	1.721	1	1	0.2093
37	5	0.7376	0	1	1.153
37	5	1.499	1	1	0.8122
37	5	1.297	1	1	0.2504
37	5	5.587	1	1	0.1126
37	5	0.7725	1	1	-1.497
37	5	0.4296	0	1	-0.3108
37	5	0.1006	0	0	-1.659
37	5	0.05838	0	1	-0.1156
37	5	5.255	0	0	0.6516
37	5	0.628	0	1	1.659
37	5	0.9135	0	1	-1.13
37	5	5.644	0	0	-0.5277
37	5	0.368	1	0	0.5943
37	5	0.4537	1	1	0.4701
37	5	0.5783	0	0	0.9866
37	5	0.6052	1	0	0.2112
37	5	1.226	0	0	-2.207
37	5	1.697	1	1	-0.2253
37	5	0.3485	1	0	-0.1353
37	5	5.457	1	1	-1.072
37	5	5.202	0	0	-1.249
37	5	1.891	1	0	-0.2438
37	5	2.028	1	0	0.2193
37	5	0.1997	1	0	-0.6475
37	5	0.09676	0	1	-0.4503
37	5	1.659	0	1	-0.3132
37	5	0.1336	1	1	1.141
37	5	0.5736	0	1	-0.06407
37	5	5.189	1	1	0.2162
37	5	1.121	0	0	0.2777
37	5	0.4666	0	0	0.08631
37	5	0.6409	1	0	1.384
37	5	0.4456	1	1	-0.3777
37	5	0.7641	0	1	-0.4566
38	5	1.838	0	0	0.7641
38	5	5.453	0	0	0.02984
38	5	1.687	1	1	2.465
38	5	0.752	0	0	-0.1105
38	5	5.174	1	1	-1.237
38	5	5.64	0	0	-0.4509
38	5	0.4065	0	0	-0.6432
38	5	2.407	1	1	0.4474
38	5	0.5119	1	1	1.955
38	5	0.9081	1	0	0.06766
38	5	5.378	0	0	-0.991
38	5	1.975	0	0	0.3197
38	5	0.5813	1	1	0.7304
38	5	1.088	1	1	0.8608
38	5	0.02982	0	1	0.2816
38	5	0.05212	0	0	-1.217
38	5	5.425	1	1	-1.008
38	5	1.647	0	0	0.5614
38	5	0.381	0	0	0.2249
38	5	1.836	0	1	-0.06792
38	5	5.538	1	1	0.1997
38	5	0.7263	1	1	-0.1233
38	5	0.3832	1	1	-0.1442
38	5	0.09188	1	1	-0.1052
38	5	1.734	1	1	0.3664
38	5	5.523	1	1	0.704
38	5	0.9563	1	1	-0.4908
38	5	0.1374	1	0	0.1622
38	5	0.3823	1	0	-0.3809
38	5	0.4221	1	0	-1.056
38	5	0.9988	0	0	-0.3357
38	5	0.6665	1	1	-0.1831
38	5	1.939	0	0	0.5049
38	5	5.425	0	0	-1.043
38	5	5.233	1	1	-1.424
38	5	0.879	1	0	-0.6988
38	5	0.9699	1	1	-0.9665
38	5	0.2187	0	1	1.039
38	5	0.5923	0	1	0.7471
38	5	0.6673	1	1	-0.7153
38	5	1.884	0	1	-0.53
38	5	0.2623	0	1	0.5948
38	5	0.5854	1	1	0.7244
38	5	1.687	0	0	0.8392
38	5	5.115	1	1	0.01816
38	5	0.5403	0	0	-2.239
38	5	0.6271	0	0	-0.3115
38	5	0.7097	0	0	-0.9694
38	5	0.9839	0	1	-0.008566
38	5	0.1981	0	0	-1.38
39	5	0.5705	1	0	1.399
39	5	0.284	1	0	1.902
39	5	0.3866	0	0	-0.8476
39	5	0.1106	1	1	-0.3772
39	5	0.3229	1	1	0.5176
39	5	0.0455	1	0	0.7457
39	5	0.9512	1	1	1.009
39	5	0.7014	0	0	-0.6581
39	5	5.096	0	0	-2.348
39	5	2.067	0	0	-0.2806
39	5	0.6545	0	1	-0.5811
39	5	1.604	0	1	-1.118
39	5	0.6991	0	0	0.9585
39	5	0.3467	1	0	-1.705
39	5	5.831	0	0	-3.408
39	5	5.092	1	1	-0.5177
39	5	1.743	0	1	2.055
39	5	0.2577	1	1	0.2973
39	5	0.295	1	1	-0.1813
39	5	5.447	1	1	-0.412
39	5	2.139	1	1	-0.4844
39	5	5.629	1	1	-0.3689
39	5	0.577	0	1	-0.5818
39	5	0.8842	1	1	-0.7091
39	5	0.6127	1	1	0.5074
39	5	1.497	1	1	1.553
39	5	0.6963	0	1	-0.2914
39	5	2.029	0	1	-0.1405
39	5	1.36	0	1	-0.07196
39	5	5.463	1	1	-0.5502
39	5	0.04539	0	1	-0.07081
39	5	1.683	0	0	-1.126
39	5	0.4523	0	1	0.2686
39	5	0.1942	1	1	-0.3238
39	5	0.4457	0	0	0.2969
39	5	0.2187	1	0	-0.3799
39	5	1.642	0	0	-0.424
39	5	0.7145	0	0	-0.2464
39	5	5.403	1	1	-0.8513
39	5	1.658	1	1	-0.2506
39	5	1.299	1	0	1.081
39	5	1.562	1	1	0.2114
39	5	5.269	1	1	0.03794
39	5	0.5776	0	0	-0.1283
39	5	1.043	0	0	-1.02
39	5	0.4618	1	0	1.229
39	5	5.503	0	0	-0.09141
39	5	5.249	1	1	-0.228
39	5	0.3822	0	1	-0.1095
39	5	0.1579	0	0	0.4653
40	6	0.5901	0	1	0.9783
40	6	3.654	0	0	0.9239
40	6	0.5068	0	0	-2.181
40	6	3.878	1	1	0.2056
40	6	0.09126	0	1	-0.7896
40	6	3.738	0	0	-0.4256
40	6	0.1262	1	1	-0.8782
40	6	0.2802	1	1	-0.08348
40	6	0.4488	0	1	-0.3295
40	6	0.3647	0	0	0.1514
40	6	0.4894	0	1	0.7441
40	6	0.07609	1	1	-0.8282
40	6	1.003	0	0	0.503
40	6	0.2213	0	0	-0.5335
40	6	0.221	1	1	1.207
40	6	0.7506	0	0	1.704
40	6	1.274	1	1	1.166
40	6	0.6175	1	1	-0.5923
40	6	0.5594	1	1	-0.3837
40	6	0.04524	1	1	-0.7106
40	6	0.1502	1	0	0.4557
40	6	0.2953	0	0	-0.245
40	6	1.172	1	1	0.4343
40	6	1.05	0	1	-0.5502
40	6	0.2299	1	1	0.3396
40	6	3.464	1	1	-1.308
40	6	0.1772	1	1	0.4134
40	6	0.2009	0	1	0.109
40	6	0.4795	1	0	-0.6003
40	6	3.532	1	1	-0.1615
40	6	0.3089	1	1	-1.036
40	6	3.762	1	1	-0.1958
40	6	0.5593	0	0	-0.7961
40	6	0.1792	0	1	0.2251
40	6	0.4309	1	1	1.63
40	6	1.064	0	1	-0.3126
40	6	0.8452	0	0	0.5616
40	6	0.8734	0	1	-0.2942
40	6	3.748	0	0	-2.178
40	6	0.2822	1	1	0.2865
40	6	0.7556	1	1	1.585
40	6	0.2014	0	1	-0.9426
40	6	0.5222	1	1	-0.3155
40	6	0.4349	1	1	-0.5521
40	6	0.1597	1	0	-1.386
40	6	3.884	1	1	0.02023
40	6	0.1274	1	1	0.2874
40	6	0.1708	1	0	-0.6057
40	6	3.511	0	0	-0.3086
40	6	3.621	0	0	-2.22
41	6	0.2972	0	1	1.49
41	6	1.114	0	1	-0.9897
41	6	0.4902	0	0	2.085
41	6	0.03225	1	1	0.09895
41	6	3.489	1	1	-0.2284
41	6	0.3304	1	1	-1.845
41	6	3.864	1	1	-0.0494
41	6	0.1196	1	1	3.509
41	6	3.596	1	1	-0.8214
41	6	0.7793	1	1	-0.1089
41	6	0.1307	0	0	-0.5007
41	6	1.293	1	1	-0.9997
41	6	0.5043	0	1	-0.1219
41	6	0.4689	1	1	-0.651
41	6	0.1727	0	0	0.1473
41	6	1.193	1	1	-0.409
41	6	0.3	0	0	-0.8042
41	6	3.343	0	0	0.3445
41	6	1.006	1	0	0.2506
41	6	0.1249	1	0	1.573
41	6	0.6106	0	0	-0.02062
41	6	0.3907	0	0	-0.5689
41	6	3.826	0	0	1.338
41	6	0.1133	1	1	-0.1916
41	6	0.1911	1	0	0.1341
41	6	0.6679	0	0	0.6398
41	6	0.07388	0	0	0.2371
41	6	1.219	1	1	-1.647
41	6	0.9896	1	1	0.7368
41	6	0.5082	0	0	0.2076
41	6	0.3441	0	1	-0.1143
41	6	3.543	1	1	-0.8074
41	6	0.6093	1	0	0.7915
41	6	0.1863	1	0	0.4855
41	6	0.2391	1	1	0.05352
41	6	0.2792	0	1	0.3511
41	6	1.313	0	0	-0.1571
41	6	0.0005703	1	1	-0.9875
41	6	0.9144	1	0	0.9108
41	6	0.1548	0	0	-0.1026
41	6	0.108	0	0	-0.0623
41	6	0.1281	0	0	-0.9877
41	6	3.991	0	0	0.2575
41	6	3.592	0	0	0.3339
41	6	3.462	1	1	-0.08146
41	6	0.1081	0	0	-0.3809
41	6	0.1139	0	0	0.9727
41	6	3.569	0	0	0.7539
41	6	0.4123	1	1	-0.05874
41	6	0.4656	1	0	0.02409
42	6	0.6679	0	0	1.17
42	6	0.07336	1	0	-1.032
42	6	0.997	0	1	0.4994
42	6	0.709	1	1	1.484
42	6	0.3468	1	1	0.5243
42	6	0.135	1	1	0.09993
42	6	4.013	0	0	0.06211
42	6	1	1	1	0.8061
42	6	0.3004	1	1	1.208
42	6	0.6693	0	1	-0.1025
42	6	0.3057	0	1	-1.45
42	6	0.3764	1	0	-0.5048
42	6	3.793	1	1	0.6583
42	6	0.4992	0	0	-0.299
42	6	0.02358	0	1	-0.04272
42	6	0.8446	1	1	-2.257
42	6	3.781	1	1	0.4211
42	6	0.4999	0	0	0.7238
42	6	0.04888	0	0	-2.244
42	6	0.2787	0	0	-1.934
42	6	0.6642	0	0	-0.3211
42	6	0.4195	1	0	-0.7026
42	6	0.02487	0	1	0.8049
42	6	0.3759	0	0	0.3981
42	6	0.3093	1	0	-0.8289
42	6	0.7716	0	0	0.7831
42	6	0.1649	1	1	0.2766
42	6	3.642	1	1	-0.6087
42	6	1.028	1	1	-0.8231
42	6	3.57	0	0	-1.582
42	6	0.02907	0	1	0.4021
42	6	3.776	1	1	-0.821
42	6	1.037	1	0	-1.317
42	6	0.08585	0	1	-0.1369
42	6	0.4701	0	0	-0.01329
42	6	1.159	0	0	-0.06612
42	6	0.02619	1	0	-1.203
42	6	3.897	0	0	-1.395
42	6	0.5833	0	0	0.2799
42	6	0.3873	0	0	-1.216
42	6	1.004	1	1	-0.4112
42	6	3.56	1	1	-0.09188
42	6	0.05069	1	0	0.3973
42	6	0.6617	1	0	-1.271
42	6	0.2614	0	1	-0.4801
42	6	1.067	1	0	-1.156
42	6	0.5222	1	1	0.5598
42	6	3.821	1	1	-0.3928
42	6	3.779	1	1	-1.319
42	6	0.008252	1	0	-0.05463
43	6	0.8202	0	0	-0.3988
43	6	0.425	0	1	0.5033
43	6	0.456	0	1	-0.2554
43	6	3.696	1	1	1.025
43	6	0.1501	1	1	-0.2608
43	6	3.554	1	1	-1.119
43	6	3.491	1	1	0.05207
43	6	3.633	1	1	0.261
43	6	0.8702	1	0	-0.4738
43	6	0.6156	0	0	0.1003
43	6	0.5038	0	1	1.502
43	6	1.011	0	0	0.5337
43	6	3.786	1	1	0.4321
43	6	0.1545	0	0	0.722
43	6	3.721	0	0	-0.3897
43	6	0.2359	1	1	0.5544
43	6	0.5407	0	0	-1.011
43	6	0.04396	0	0	0.06338
43	6	0.8126	1	0	0.3852
43	6	1.059	0	0	-1.599
43	6	0.8576	1	0	0.1657
43	6	0.2188	0	0	0.5464
43	6	0.2904	0	0	-1.111
43	6	0.1792	1	0	-0.946
43	6	0.09679	1	1	0.2108
43	6	3.104	0	0	1.515
43	6	0.6696	0	0	-0.6808
43	6	0.3862	0	0	0.3827
43	6	3.769	0	0	-1.049
43	6	0.3077	0	0	-0.35
43	6	0.09225	1	0	-0.05558
43	6	0.3317	1	1	-0.02617
43	6	0.8165	1	0	-1.019
43	6	0.08188	1	0	-0.7357
43	6	0.5606	0	0	-0.6099
43	6	0.2647	1	1	-0.7876
43	6	0.8139	1	1	-0.9566
43	6	3.663	1	1	-1.216
43	6	0.9489	1	0	-0.6662
43	6	0.3667	0	0	0.8961
43	6	0.5403	1	1	1.131
43	6	0.06541	1	0	0.7714
43	6	3.136	1	1	0.4644
43	6	0.05863	1	0	0.6593
43	6	0.01163	1	1	-1.529
43	6	0.6849	1	1	-2.549
43	6	0.1465	0	1	0.5983
43	6	0.09799	0	1	-1.321
43	6	0.5516	1	1	-0.05246
43	6	0.00221	0	1	-0.1035
44	6	3.647	1	1	1.144
44	6	0.6591	0	0	2.693
44	6	0.403	0	0	0.5799
44	6	0.2024	1	0	-1.103
44	6	1.209	1	0	0.0016
44	6	0.7658	0	0	0.4644
44	6	0.03668	0	1	-1.182
44	6	0.3876	0	0	0.2783
44	6	1.324	0	0	0.1003
44	6	0.2513	0	0	0.05366
44	6	0.1934	1	0	-0.6494
44	6	0.1523	1	1	-0.5028
44	6	1.021	0	1	0.2544
44	6	0.007346	1	1	1.977
44	6	3.651	0	0	-0.7614
44	6	0.5455	1	1	-0.4141
44	6	3.409	1	1	-0.05829
44	6	0.07002	1	0	-1.126
44	6	0.246	0	1	2.763
44	6	0.7833	0	0	-1.569
44	6	0.9872	0	0	0.2223
44	6	0.9397	0	1	0.3564
44	6	0.869	1	1	1.92
44	6	0.1173	0	1	-1.077
44	6	0.5307	1	1	-0.9384
44	6	0.5957	1	0	-0.1555
44	6	0.2433	0	1	0.2844
44	6	0.5489	1	0	-0.3639
44	6	0.3008	1	0	0.4883
44	6	0.5949	1	1	-0.3111
44	6	3.861	0	0	0.07984
44	6	0.1591	0	1	0.1121
44	6	3.492	1	1	-0.8384
44	6	0.6281	0	0	-0.9717
44	6	0.2288	0	1	-0.9036
44	6	3.876	0	0	0.1731
44	6	0.3234	0	0	1.451
44	6	3.804	1	1	0.2754
44	6	3.391	0	0	1.062
44	6	0.1581	0	0	-0.3947
44	6	0.2087	0	1	0.4046
44	6	0.03475	1	0	0.09353
44	6	0.05875	0	0	-2.222
44	6	0.3142	0	1	1.75
44	6	0.5068	1	0	-0.7546
44	6	3.612	1	1	1.697
44	6	0.281	1	1	-0.6177
44	6	0.1245	1	0	0.1297
44	6	3.359	0	0	-1.009
44	6	0.1783	1	0	-1.858
45	6	3.479	0	0	-2.386
45	6	0.6492	1	1	0.8319
45	6	0.7279	0	1	0.7406
45	6	0.5581	1	0	0.7214
45	6	0.1488	0	1	0.7064
45	6	0.259	0	0	0.1117
45	6	1.009	0	1	-1.528
45	6	0.08343	1	1	0.9626
45	6	0.2804	1	0	-1.542
45	6	0.1444	1	1	-1.898
45	6	0.4178	1	0	-0.4456
45	6	3.384	1	0	1.25
45	6	0.3723	1	0	0.5377
45	6	0.455	0	0	-0.8266
45	6	0.4475	0	0	0.447
45	6	0.7103	0	0	-1.345
45	6	3.497	1	1	-0.06796
45	6	0.4702	0	0	0.2341
45	6	0.6733	1	0	-0.9596
45	6	3.868	0	0	-0.6697
45	6	3.529	0	0	-0.3988
45	6	0.3682	1	0	0.8637
45	6	0.06917	0	0	-1.897
45	6	0.2663	0	0	-0.3708
45	6	0.9871	1	0	0.2436
45	6	0.2093	0	1	-1.265
45	6	0.1727	0	0	-2.554
45	6	0.6715	1	1	-0.3645
45	6	1.025	0	0	0.9874
45	6	3.495	0	0	-2.12
45	6	0.6902	1	1	-1.1
45	6	1.169	0	0	0.1501
45	6	0.1646	1	0	0.2853
45	6	0.6393	0	1	0.3184
45	6	0.1082	1	1	-0.8145
45	6	0.2947	1	0	-1.491
45	6	0.2376	1	0	-0.2344
45	6	0.9512	1	1	-0.1611
45	6	3.739	1	1	-1.331
45	6	3.375	0	0	-0.4092
45	6	0.5346	0	0	0.4611
45	6	3.527	1	1	0.2933
45	6	0.364	1	1	-0.3407
45	6	0.7527	1	1	0.269
45	6	0.06486	0	0	0.1564
45	6	0.01446	0	1	-1.88
45	6	0.06887	1	0	0.6886
45	6	3.62	0	0	-1.995
45	6	0.2499	0	0	-0.1172
45	6	0.9297	1	0	-0.01067
46	6	1.122	1	0	0.00592
46	6	0.3259	0	1	-0.1073
46	6	0.7612	0	0	0.4508
46	6	3.647	0	0	-1.714
46	6	0.1368	0	0	-0.3841
46	6	0.0483	0	0	1.238
46	6	0.3505	0	0	-0.1032
46	6	0.075	0	1	-0.1933
46	6	0.6358	0	0	0.3485
46	6	0.7424	1	1	0.5451
46	6	3.698	0	0	2.255
46	6	0.1085	1	1	-1.279
46	6	3.675	1	1	0.7181
46	6	0.1463	1	1	-0.7056
46	6	0.7527	1	0	-0.5101
46	6	1.05	1	1	0.7565
46	6	3.701	1	1	-1.621
46	6	0.8715	1	1	-1.555
46	6	3.804	0	0	-2.202
46	6	0.8945	1	1	-1.257
46	6	0.3968	1	1	0.2064
46	6	0.1284	0	0	-0.6925
46	6	0.3458	1	1	-1.912
46	6	0.01285	1	0	0.6174
46	6	3.658	1	1	-2.439
46	6	0.07701	0	0	-0.7947
46	6	0.1297	1	1	-1.198
46	6	0.5398	1	1	0.9572
46	6	3.698	0	0	-0.334
46	6	0.5157	0	1	0.2845
46	6	0.5384	1	0	-0.1754
46	6	0.3566	0	1	0.3041
46	6	0.04219	0	0	0.417
46	6	0.03686	1	0	-2.8
46	6	3.556	0	0	0.05711
46	6	0.2102	1	1	-0.5734
46	6	3.796	1	1	0.6619
46	6	0.5862	1	1	-0.03543
46	6	0.1235	0	1	-0.5192
46	6	0.4154	1	1	1.565
46	6	0.1533	0	1	-1.18
46	6	0.9456	1	1	0.9149
46	6	0.3106	1	1	-0.3293
46	6	0.003409	1	1	-0.2426
46	6	0.9463	1	1	-0.1181
46	6	0.3906	1	1	-0.09813
46	6	0.04825	1	0	1.171
46	6	0.235	0	1	0.8539
46	6	3.822	0	0	-0.7794
46	6	0.3749	0	1	-0.1917
47	6	3.589	1	1	-0.7815
47	6	0.5708	0	0	1.095
47	6	0.8576	1	0	0.5104
47	6	0.5178	1	1	-0.978
47	6	1.172	1	0	-0.696
47	6	0.08933	0	0	0.07248
47	6	0.5498	1	1	-0.1783
47	6	0.546	0	0	-0.2011
47	6	3.463	1	1	-0.4198
47	6	0.1329	0	0	1.212
47	6	0.356	0	0	-0.4988
47	6	3.612	0	0	-2.466
47	6	0.932	0	0	-0.6742
47	6	0.1164	0	0	0.4898
47	6	3.717	0	0	0.03272
47	6	0.8579	1	1	0.8867
47	6	0.216	0	0	-2.242
47	6	1.458	1	1	-0.4635
47	6	0.418	1	0	0.4118
47	6	3.671	1	1	-0.9747
47	6	0.1199	1	1	-0.7093
47	6	0.2317	0	0	2.526
47	6	0.1506	0	0	-0.06799
47	6	0.03754	1	0	-0.8253
47	6	3.268	0	0	-0.1542
47	6	0.3111	0	0	-2.025
47	6	0.1294	0	0	1.178
47	6	3.682	0	0	-0.2518
47	6	0.1425	1	0	-0.1837
47	6	0.5602	1	1	0.03748
47	6	0.4632	0	1	0.6876
47	6	0.118	1	1	0.7269
47	6	0.9218	0	0	1.454
47	6	0.9888	1	0	0.5316
47	6	0.08489	0	1	-0.9953
47	6	3.623	1	1	-2.059
47	6	4.006	0	0	-0.3595
47	6	1.085	1	1	1.464
47	6	1.06	1	1	-1.148
47	6	0.5913	1	1	-2.087
47	6	0.3787	0	1	-0.03848
47	6	0.9466	0	0	-0.4425
47	6	0.001637	1	1	-0.2039
47	6	0.4296	0	1	1.165
47	6	3.782	1	1	0.1584
47	6	0.4695	0	1	-0.4378
47	6	0.4356	0	0	0.3734
47	6	0.7353	1	0	-0.05028
47	6	0.1472	1	0	-1.472
47	6	0.5007	0	1	-0.0294
48	6	0.9209	0	0	1.406
48	6	3.659	0	0	-0.635
48	6	0.955	1	0	0.6145
48	6	0.3713	0	1	1.193
48	6	4.246	1	1	-0.7364
48	6	3.268	0	0	-0.6371
48	6	0.2229	0	0	-1.211
48	6	1.15	1	1	0.6882
48	6	0.1806	1	0	-0.4475
48	6	0.07275	0	0	0.368
48	6	3.424	0	0	-0.9163
48	6	0.6562	0	0	1.306
48	6	0.1737	1	0	-0.6443
48	6	0.3211	1	1	-0.8236
48	6	0.02391	1	0	1.386
48	6	0.006526	1	1	-1.41
48	6	4.234	1	1	-0.2896
48	6	0.6967	0	1	0.1696
48	6	0.2913	0	0	-1.03
48	6	0.9932	0	0	0.6116
48	6	3.43	1	1	-3.034
48	6	0.1353	1	0	0.244
48	6	0.4176	1	0	1.825
48	6	0.2953	1	1	0.06349
48	6	0.3309	1	1	0.1764
48	6	3.742	1	1	0.1607
48	6	0.7155	1	0	0.8253
48	6	0.4303	0	0	-0.2818
48	6	0.02796	0	0	-1.009
48	6	0.2331	1	0	-0.2888
48	6	0.3433	0	1	-0.2186
48	6	0.4883	1	1	-0.9061
48	6	1.227	0	1	-0.1129
48	6	3.313	0	0	-0.2407
48	6	3.564	1	1	-0.4782
48	6	0.5154	1	0	0.8507
48	6	0.7753	1	0	-3.196
48	6	0.03158	1	1	1.803
48	6	0.3954	0	1	-0.8766
48	6	0.5436	1	0	1.05
48	6	1.101	0	1	-1.363
48	6	0.01429	1	1	0.2191
48	6	0.01858	1	1	-0.5961
48	6	0.6741	0	0	1.262
48	6	3.578	1	1	-0.9843
48	6	0.02261	1	1	0.7092
48	6	0.3949	0	1	-0.5437
48	6	0.6708	0	0	0.3927
48	6	0.268	0	0	0.4556
48	6	0.1747	0	1	-1.738
49	6	0.1151	1	0	-0.2427
49	6	0.4555	1	0	0.5366
49	6	0.06484	0	0	0.1748
49	6	0.1492	1	1	0.8551
49	6	0.07228	1	0	1.11
49	6	0.1809	0	0	-1.002
49	6	0.548	1	1	0.4227
49	6	0.6519	0	1	0.631
49	6	3.975	0	0	0.1353
49	6	0.8823	0	0	-0.5587
49	6	0.4038	0	0	0.3638
49	6	0.8903	0	0	-0.1649
49	6	0.1036	1	1	-0.1012
49	6	0.00234	0	1	0.571
49	6	3.688	0	0	0.2275
49	6	3.881	1	1	-1.186
49	6	0.9387	0	0	-0.4345
49	6	0.2006	1	1	0.01625
49	6	0.3159	1	0	-0.004558
49	6	3.615	1	1	-0.3051
49	6	1.333	1	1	-0.4324
49	6	3.289	1	1	-0.7446
49	6	0.2349	0	1	0.7257
49	6	0.7722	1	1	-1.076
49	6	0.09271	1	1	-0.43
49	6	1.226	1	0	1.072
49	6	0.4119	0	1	-2.093
49	6	0.9335	0	0	0.1985
49	6	0.4585	0	0	-0.8821
49	6	3.681	1	1	0.7053
49	6	0.3186	1	1	-0.05997
49	6	0.9548	0	0	-0.09676
49	6	0.07166	0	1	-0.3188
49	6	0.04763	0	1	0.3918
49	6	0.1004	0	0	-0.518
49	6	0.2844	1	0	3.108
49	6	0.8341	0	0	-0.2013
49	6	0.2757	0	0	0.6808
49	6	3.6	1	0	0.3489
49	6	0.8158	1	0	-0.07142
49	6	0.5229	1	0	-0.3774
49	6	0.959	1	1	0.05297
49	6	3.521	1	1	-0.3243
49	6	0.03775	1	0	-0.4612
49	6	0.1706	0	0	0.1566
49	6	0.5543	1	0	-0.366
49	6	3.857	0	0	-0.2613
49	6	3.496	1	1	0.1169
49	6	0.054	0	1	-0.2667
49	6	0.3663	0	0	-2.463
