0	2	1.047	0	0	1.314
0	2	5.437	0	0	-0.3708
0	2	5.098	0	0	-0.2178
0	2	3.613	1	1	-0.2968
0	2	1.223	0	1	-0.01951
0	2	0.4872	1	1	-0.3763
0	2	0.565	0	1	-0.8291
0	2	2.032	0	0	1.332
0	2	3.676	1	1	-1.359
0	2	3.755	1	1	0.1587
0	2	5.413	1	1	-0.3249
0	2	0.958	1	0	0.5095
0	2	3.5	1	0	0.2953
0	2	1.758	0	0	-1.605
0	2	0.6838	1	0	0.3381
0	2	1.214	1	0	-0.1088
0	2	5.58	0	0	0.4062
0	2	3.428	1	1	-0.4502
0	2	0.7391	1	0	0.4949
0	2	1.813	0	0	0.3208
0	2	0.9604	0	0	1.452
0	2	5.32	0	0	-4.425
0	2	0.9147	0	0	-1.569
0	2	3.863	1	1	-1.254
0	2	3.766	1	1	-0.58
0	2	1.639	1	1	-1.176
0	2	1.77	0	0	0.3031
0	2	3.623	1	1	0.9994
0	2	0.8555	0	0	-0.5831
0	2	1.569	0	0	-0.3302
0	2	5.271	0	0	0.3915
0	2	0.1348	0	0	0.346
0	2	0.8891	1	1	0.07874
0	2	1.222	1	0	1.007
0	2	5.36	1	1	0.5594
0	2	0.6794	0	1	0.3602
0	2	3.659	1	1	0.5785
0	2	3.499	0	0	-0.8591
0	2	1.747	0	1	-0.2992
0	2	0.3728	1	1	0.64
0	2	5.546	1	1	-0.01868
0	2	1.061	1	0	0.7644
0	2	0.569	0	0	0.1738
0	2	5.364	1	1	0.6101
0	2	5.464	0	0	0.6444
0	2	1.938	0	0	1.947
0	2	1.694	1	1	0.4241
0	2	1.527	0	0	1.552
0	2	0.9318	0	0	2.353
0	2	0.5905	1	0	0.1941
1	2	5.511	0	0	-0.2066
1	2	5.646	1	1	0.4495
1	2	1.941	0	0	-0.1882
1	2	0.373	1	1	0.6074
1	2	2.066	0	0	0.4077
1	2	1.585	0	0	0.9374
1	2	1.896	1	1	0.07256
1	2	3.596	0	0	-0.3053
1	2	2.026	1	1	0.5243
1	2	5.173	0	0	0.5066
1	2	3.654	1	1	-1.413
1	2	5.364	1	1	1.241
1	2	3.354	1	1	0.6736
1	2	0.7523	1	1	0.3994
1	2	2.099	1	1	1.241
1	2	0.5125	0	1	0.4498
1	2	0.0396	1	0	0.4579
1	2	1.651	0	0	0.07029
1	2	1.023	0	0	0.4102
1	2	0.4661	1	1	1.225
1	2	3.503	0	0	-0.1285
1	2	1.582	1	0	-0.7024
1	2	3.645	1	1	0.7383
1	2	1.255	1	1	-0.4307
1	2	1.787	1	0	0.02845
1	2	0.6345	0	0	0.7223
1	2	0.2917	0	0	3.035
1	2	0.132	0	1	-0.2306
1	2	1.759	0	0	0.2754
1	2	0.345	0	1	-1.081
1	2	0.3814	0	0	0.8253
1	2	3.384	1	1	-0.5323
1	2	3.507	1	1	-0.07371
1	2	5.063	1	1	1.361
1	2	3.792	1	1	-0.9689
1	2	5.47	1	1	0.3355
1	2	0.8103	0	0	0.05018
1	2	1.148	0	1	-1.206
1	2	0.507	1	1	0.551
1	2	0.7978	1	0	1.044
1	2	1.121	0	1	0.2474
1	2	1.29	1	0	-0.8393
1	2	3.429	0	0	1.33
1	2	5.505	0	0	1.389
1	2	0.5677	0	0	-1.501
1	2	0.8043	0	1	-0.1824
1	2	5.442	0	0	1.336
1	2	5.773	1	1	1.632
1	2	3.543	1	1	0.1805
1	2	5.633	0	0	0.3117
2	2	0.3979	1	0	1.279
2	2	5.105	0	0	0.7387
2	2	5.422	0	0	-0.2454
2	2	5.166	0	0	-0.5621
2	2	0.581	1	1	0.3535
2	2	1.763	1	1	-0.4671
2	2	3.614	0	0	-2.342
2	2	3.325	0	1	1.095
2	2	1.584	1	1	-0.5068
2	2	0.4615	1	1	0.15
2	2	0.2109	0	0	-0.2199
2	2	1.731	0	1	0.9763
2	2	0.9994	1	0	-0.3171
2	2	5.494	0	0	-0.7521
2	2	0.9287	1	0	0.143
2	2	3.843	0	0	-0.01436
2	2	0.6355	0	1	1.956
2	2	4.022	0	0	0.7547
2	2	1.05	1	1	0.7847
2	2	0.3482	0	0	0.9704
2	2	0.6981	0	1	2.1
2	2	3.633	0	0	-2.233
2	2	1.038	0	1	-0.5961
2	2	0.4778	0	1	-1.139
2	2	0.8754	0	0	0.6248
2	2	0.5309	0	0	0.819
2	2	3.629	1	0	0.5017
2	2	0.7028	0	0	0.7602
2	2	5.064	0	1	1.574
2	2	3.405	1	1	0.02476
2	2	0.8011	0	1	-0.2242
2	2	1.86	1	1	0.4734
2	2	1.759	1	1	0.951
2	2	5.432	0	0	-0.4135
2	2	5.396	1	1	0.01006
2	2	5.765	1	1	1.92
2	2	5.238	0	0	-0.1023
2	2	1.838	1	1	-0.5634
2	2	3.799	1	1	-0.4401
2	2	0.1435	1	0	0.6653
2	2	1.77	1	1	0.2522
2	2	0.6763	1	0	1.508
2	2	1.822	1	1	0.5287
2	2	5.313	0	0	0.4428
2	2	1.871	1	1	1.322
2	2	3.502	1	1	0.3385
2	2	0.5415	0	0	-0.2872
2	2	1.834	1	1	0.377
2	2	1.126	1	0	-0.1892
2	2	3.092	1	1	0.9921
3	2	0.4174	1	1	1.511
3	2	1.359	0	0	0.0004102
3	2	5.331	1	1	-0.8349
3	2	0.1289	1	0	-0.4734
3	2	1.537	1	0	0.8837
3	2	1.152	0	0	-0.2046
3	2	0.6697	1	0	0.1217
3	2	1.288	0	1	-0.2971
3	2	3.684	0	0	-0.4156
3	2	0.6658	1	0	0.08265
3	2	3.755	0	0	-0.5766
3	2	5.198	0	0	-0.9378
3	2	1.8	1	0	1.278
3	2	0.8316	1	0	-0.2437
3	2	5.787	1	0	-0.2337
3	2	1.731	0	0	0.5331
3	2	5.613	0	0	-0.7816
3	2	3.517	1	1	1.664
3	2	3.822	0	0	0.6683
3	2	3.706	0	0	0.6485
3	2	1.707	0	0	1.279
3	2	0.828	0	0	0.7641
3	2	3.59	0	0	1.103
3	2	0.7858	1	0	-0.07233
3	2	3.839	1	1	0.8291
3	2	5.175	1	1	-0.1901
3	2	5.424	1	1	1.604
3	2	1.511	0	0	-1.09
3	2	5.594	0	0	0.4911
3	2	1.028	1	0	-0.1581
3	2	0.9382	0	0	0.1057
3	2	0.4863	1	1	2.261
3	2	5.351	0	0	-0.3456
3	2	1.113	0	0	0.956
3	2	5.38	0	0	0.6129
3	2	0.4902	0	0	-1.061
3	2	1.653	0	0	-0.384
3	2	2.102	1	0	0.7483
3	2	0.9581	1	1	0.7168
3	2	2.224	0	0	-0.8919
3	2	0.8516	1	1	1.021
3	2	3.495	1	1	2.162
3	2	0.24	0	1	1.155
3	2	0.9332	1	0	0.8548
3	2	3.568	1	1	1.679
3	2	5.674	1	1	-0.7525
3	2	0.3943	0	0	0.7413
3	2	0.4207	1	1	-0.1518
3	2	3.438	1	1	1.004
3	2	0.6883	0	0	-0.3361
4	2	0.9306	0	1	0.9572
4	2	0.7836	0	1	1.429
4	2	5.414	1	1	0.03348
4	2	0.2244	1	0	0.006216
4	2	3.419	1	0	1.523
4	2	0.4952	1	0	0.57
4	2	1.919	1	1	0.5237
4	2	5.553	0	0	1.635
4	2	0.6643	0	1	2.256
4	2	1.877	1	1	0.4781
4	2	0.6752	0	1	-0.6252
4	2	0.5519	1	0	0.4517
4	2	0.6732	1	0	0.9146
4	2	1.106	1	1	1.201
4	2	1.955	0	0	0.834
4	2	0.6682	0	0	0.6284
4	2	0.3597	1	0	1.269
4	2	5.18	0	0	-0.5121
4	2	0.4794	1	1	1.002
4	2	5.346	0	0	0.7789
4	2	1.789	1	1	-0.7087
4	2	0.762	0	0	1.309
4	2	0.8943	0	1	-0.4143
4	2	5.532	0	0	0.3485
4	2	3.869	0	1	0.7879
4	2	5.409	0	0	-0.1187
4	2	1.772	1	0	0.1598
4	2	3.628	0	0	0.6727
4	2	1.858	0	0	2.062
4	2	0.7221	1	0	-0.7377
4	2	1.81	0	0	0.1272
4	2	1.653	0	1	0.2383
4	2	1.001	1	1	-0.5304
4	2	4.163	0	0	0.4186
4	2	0.4275	1	0	0.7045
4	2	0.9131	1	0	1.821
4	2	0.8218	1	1	0.1478
4	2	3.675	1	1	-0.4353
4	2	1.985	0	0	1.572
4	2	5.122	1	1	2.479
4	2	0.2043	1	0	0.02374
4	2	1.567	1	1	-0.8397
4	2	3.85	1	1	-2.449
4	2	3.55	0	0	1.203
4	2	5.555	1	1	-0.5067
4	2	3.731	0	0	0.7038
4	2	3.517	0	1	-0.7135
4	2	5.195	0	0	-1.21
4	2	3.508	1	1	0.6801
4	2	5.558	1	1	0.3373
5	2	0.5893	1	1	0.7292
5	2	5.472	0	0	0.4051
5	2	0.4226	0	0	-0.5448
5	2	0.4766	1	1	-0.7636
5	2	0.6139	1	1	0.3495
5	2	0.4836	1	0	-0.9052
5	2	3.832	0	0	0.5888
5	2	5.07	1	1	-0.2485
5	2	0.7265	0	0	-0.423
5	2	1.912	0	0	-0.1971
5	2	5.378	1	1	0.8693
5	2	0.8194	0	1	-0.5919
5	2	0.2819	1	0	1.519
5	2	1.943	0	0	1.474
5	2	5.551	1	1	1.157
5	2	5.935	0	0	-1.246
5	2	1.549	0	0	1.514
5	2	1.096	0	1	1.044
5	2	0.8128	1	1	-0.9435
5	2	3.531	0	0	0.4679
5	2	0.867	0	1	0.6629
5	2	0.1574	1	1	0.7529
5	2	3.789	1	1	-0.02166
5	2	5.396	0	0	-1.151
5	2	1.092	0	1	-0.1008
5	2	3.331	1	1	-0.5079
5	2	3.639	1	1	0.7958
5	2	1.44	1	1	0.3072
5	2	3.485	1	1	-0.1113
5	2	0.1203	1	1	0.4056
5	2	2.053	1	0	0.742
5	2	3.751	1	1	0.3478
5	2	0.3202	0	0	-0.1584
5	2	0.1603	0	0	0.666
5	2	3.536	1	1	-0.6992
5	2	1.683	1	1	-0.2723
5	2	3.509	0	0	0.02151
5	2	0.6185	1	0	-0.907
5	2	5.382	0	0	0.09896
5	2	5.709	1	1	1.398
5	2	5.657	1	1	0.2774
5	2	1.066	0	0	2.424
5	2	1.778	0	0	0.5159
5	2	0.9613	0	0	1.498
5	2	1.723	1	0	0.2977
5	2	5.805	0	0	0.8692
5	2	0.1015	0	0	1.086
5	2	0.4871	0	0	-0.1698
5	2	1.773	0	1	1.018
5	2	3.568	1	1	-0.2026
6	2	0.5294	0	1	2.327
6	2	1.474	0	0	0.1158
6	2	0.2435	0	0	1.091
6	2	5.365	1	1	0.1515
6	2	0.8539	1	1	1.537
6	2	0.6843	0	0	1.803
6	2	3.524	0	0	0.4881
6	2	0.5962	1	0	0.07228
6	2	3.54	1	1	-1.07
6	2	5.309	0	0	-1.307
6	2	1.168	0	0	-2.426
6	2	0.5941	0	0	1.152
6	2	3.298	1	0	0.7069
6	2	4.959	1	1	0.1723
6	2	1.838	1	1	-0.2772
6	2	4.119	1	1	0.2159
6	2	0.6354	0	1	-0.4918
6	2	2.887	0	0	-0.1761
6	2	0.2999	0	1	1.385
6	2	0.8119	1	0	-1.339
6	2	5.715	1	1	0.765
6	2	3.347	0	0	-0.4704
6	2	0.8998	1	0	0.9488
6	2	1.997	0	0	-0.5821
6	2	0.3773	0	0	0.9663
6	2	1.671	1	0	-0.3775
6	2	1.134	0	0	-0.8264
6	2	1.202	1	0	-1.006
6	2	5.375	1	1	-0.7424
6	2	0.2824	1	0	-0.7748
6	2	2.059	0	0	-0.07596
6	2	1.884	1	1	-0.8762
6	2	5.201	1	1	0.04307
6	2	3.895	0	0	-0.07471
6	2	0.5614	1	1	1.103
6	2	5.413	0	0	-0.1513
6	2	1.401	1	1	-0.3745
6	2	0.821	0	0	0.3323
6	2	3.372	0	0	0.7655
6	2	5.318	0	0	-0.4529
6	2	0.07288	1	1	0.1681
6	2	1.679	1	1	-0.3336
6	2	3.751	0	0	-0.1513
6	2	0.6334	0	0	-0.07434
6	2	5.233	0	0	-0.4038
6	2	5.321	0	0	-0.7584
6	2	1.846	1	1	1.732
6	2	3.454	0	0	-0.667
6	2	0.1023	1	0	0.1263
6	2	1.762	1	1	0.3317
7	2	0.7137	0	0	2.241
7	2	0.2008	1	1	-0.02894
7	2	3.517	1	1	-0.4155
7	2	1.901	0	0	-0.9864
7	2	1.654	0	0	0.8063
7	2	0.1399	1	1	0.131
7	2	5.445	0	0	-0.602
7	2	1.706	0	0	0.01597
7	2	3.705	0	0	-1.174
7	2	1.171	1	1	0.5918
7	2	1.053	1	1	-1.773
7	2	1.031	0	0	2.141
7	2	5.565	0	0	0.986
7	2	5.307	0	0	-1.491
7	2	3.858	1	1	1.722
7	2	0.6647	1	1	-0.8954
7	2	1.559	1	1	0.9059
7	2	5.531	0	0	0.07449
7	2	3.34	0	0	-0.3675
7	2	0.522	0	0	1.987
7	2	0.4734	0	1	0.7182
7	2	0.4289	1	1	-1.789
7	2	5.347	0	0	-0.7504
7	2	1.276	1	0	-0.07818
7	2	2.052	1	1	0.299
7	2	3.504	1	1	-0.3865
7	2	0.6019	1	0	1.15
7	2	0.9553	1	1	0.8338
7	2	0.4168	0	1	-1.254
7	2	1.094	1	1	1.397
7	2	4.962	1	1	1.312
7	2	3.581	0	0	-1.356
7	2	5.6	1	1	-0.7203
7	2	1.441	1	1	-3.976
7	2	5.263	1	1	-0.2327
7	2	0.7614	1	1	-0.1606
7	2	3.789	0	0	0.1991
7	2	1.627	0	0	-0.4117
7	2	0.5834	0	1	2.169
7	2	1.745	1	1	-0.6608
7	2	0.5611	0	1	1.104
7	2	0.9559	1	1	-2.186
7	2	3.858	0	0	-1.051
7	2	3.734	0	0	0.3369
7	2	0.247	1	0	0.8581
7	2	1.804	0	0	0.3855
7	2	3.737	1	1	-0.5697
7	2	1.432	0	0	-1.502
7	2	5.634	0	0	-2.196
7	2	5.7	1	1	0.2271
8	2	2.279	1	1	2.25
8	2	3.899	1	1	0.4589
8	2	0.1865	0	0	0.1043
8	2	2	1	1	1.18
8	2	3.615	1	1	-0.9009
8	2	1.735	1	1	0.7827
8	2	2.003	0	0	-0.7321
8	2	2.035	0	1	0.1994
8	2	5.773	0	0	-0.8993
8	2	5.278	1	1	-0.6765
8	2	0.7036	0	1	-0.791
8	2	0.6649	0	0	1.41
8	2	4.953	0	0	-1.878
8	2	0.6572	1	1	1.472
8	2	3.837	1	1	-0.9391
8	2	1.949	0	1	0.9417
8	2	0.8172	0	1	0.6262
8	2	1.046	1	1	0.8316
8	2	3.21	1	1	2.223
8	2	3.625	0	0	-0.7059
8	2	1.755	1	1	-0.7042
8	2	0.6993	0	0	0.801
8	2	5.43	1	1	1.228
8	2	5.508	1	1	-0.3729
8	2	0.7584	0	0	-0.01729
8	2	0.4635	1	1	1.649
8	2	4.026	0	0	0.5542
8	2	2.021	0	0	-1.002
8	2	0.7292	1	0	-1.297
8	2	5.452	0	0	-0.1382
8	2	1.68	1	1	-0.6172
8	2	0.4967	0	1	-1.043
8	2	3.523	0	0	-0.4639
8	2	1.523	1	1	-0.6325
8	2	4.022	1	1	-0.7471
8	2	0.1396	1	0	0.8089
8	2	0.4238	0	1	2.51
8	2	0.9194	0	0	1.059
8	2	0.4551	0	0	0.1454
8	2	5.421	0	0	-0.006788
8	2	0.3905	1	0	0.1183
8	2	5.474	1	1	1.458
8	2	0.6395	1	1	-0.9654
8	2	3.425	0	0	1.214
8	2	5.388	0	0	0.7698
8	2	0.7619	0	0	-0.3767
8	2	3.606	1	1	0.1452
8	2	5.621	1	1	1.642
8	2	0.6217	0	1	-0.3082
8	2	0.8277	1	0	-0.7748
9	2	5.62	1	1	1.732
9	2	5.498	0	0	-0.1545
9	2	5.867	1	1	0.6159
9	2	0.5222	1	0	-0.06155
9	2	3.613	1	1	-0.1797
9	2	0.7107	1	0	0.1834
9	2	0.5642	0	0	0.2784
9	2	1.543	1	0	-0.4744
9	2	0.9737	0	0	-0.316
9	2	0.801	0	0	2.304
9	2	2.117	1	1	1.255
9	2	1.701	1	1	-1.266
9	2	0.2928	1	0	-1.349
9	2	5.338	0	0	-0.1043
9	2	0.6353	0	0	0.1885
9	2	3.815	1	1	0.4936
9	2	3.539	1	1	0.3884
9	2	1.757	0	0	-1.482
9	2	0.3794	0	1	0.03176
9	2	1.933	1	1	-0.8091
9	2	0.7507	1	1	-0.2252
9	2	0.6159	0	0	-1.245
9	2	0.3519	1	1	-0.1684
9	2	3.854	1	1	-1.002
9	2	3.398	0	0	-0.4483
9	2	0.8945	1	1	-0.6897
9	2	0.7474	1	1	-0.03374
9	2	4.247	1	0	-0.5381
9	2	4.137	1	1	0.2702
9	2	3.658	0	0	0.801
9	2	5.612	1	1	0.6447
9	2	0.9751	0	0	-0.3496
9	2	1.084	0	0	0.09645
9	2	0.6116	1	1	0.4291
9	2	1.082	0	1	-0.01993
9	2	5.546	0	0	-1.853
9	2	3.532	0	0	-0.4962
9	2	1.846	0	0	-0.3039
9	2	0.1862	0	0	-0.07995
9	2	3.606	1	1	-0.4132
9	2	5.311	1	1	0.03091
9	2	0.9154	0	0	-0.8317
9	2	0.5229	0	0	0.9637
9	2	1.701	0	0	1.94
9	2	1.738	0	0	-1.068
9	2	5.41	0	0	-1.566
9	2	1.785	1	1	1.042
9	2	5.25	0	0	0.2411
9	2	5.359	1	1	-0.1059
9	2	1.87	1	1	-1.441
10	3	0.5039	1	1	1.064
10	3	3.38	1	0	1.04
10	3	0.4287	1	1	-0.7497
10	3	1.176	0	0	-0.05914
10	3	3.616	0	0	-0.8581
10	3	0.8126	0	0	-0.7472
10	3	5.271	0	0	-0.3322
10	3	1.895	1	1	-0.9568
10	3	1.176	1	1	0.07453
10	3	5.812	1	1	-0.5907
10	3	3.479	1	1	-0.0997
10	3	0.518	1	0	-2.105
10	3	3.734	0	0	-1.188
10	3	5.439	1	1	-1.102
10	3	1.474	0	0	-1.126
10	3	4.955	0	0	-0.324
10	3	1.713	1	0	-1.108
10	3	0.6072	0	0	1.541
10	3	0.5485	1	1	-0.754
10	3	1.835	0	1	-0.8838
10	3	0.9776	1	1	-0.1704
10	3	5.669	0	0	0.06574
10	3	0.3181	1	1	-1.643
10	3	3.594	0	0	-1.06
10	3	0.4017	1	0	-0.2699
10	3	1.727	0	0	1.625
10	3	0.8325	1	1	1.556
10	3	0.8969	1	1	1.454
10	3	0.5656	1	1	-0.1737
10	3	1.506	1	1	0.6671
10	3	3.655	1	1	0.7831
10	3	0.5996	0	0	-1.258
10	3	3.856	0	1	0.4332
10	3	3.397	0	0	-0.329
10	3	1.866	0	0	1.467
10	3	3.802	0	0	-0.3103
10	3	0.4772	0	0	-0.4154
10	3	3.607	1	1	-1.055
10	3	0.7055	0	1	0.2526
10	3	5.099	1	1	-0.5849
10	3	0.7782	0	0	-0.8194
10	3	5.207	0	0	-0.545
10	3	0.5338	0	1	0.3588
10	3	0.08523	0	0	-0.1311
10	3	1.534	0	0	-1.733
10	3	5.582	1	1	-2.874
10	3	5.307	0	0	0.7263
10	3	1.991	1	1	4.248
10	3	5.508	1	1	0.7261
10	3	1.644	1	1	-3.619
11	3	0.7041	0	1	2.981
11	3	1.888	1	0	2.79
11	3	1.674	0	0	0.5438
11	3	3.82	0	0	0.008758
11	3	3.509	0	0	0.8252
11	3	0.6865	0	1	-1.408
11	3	1.792	1	0	-0.511
11	3	5.337	1	1	0.4061
11	3	0.5006	1	0	-0.8115
11	3	5.37	1	1	0.9809
11	3	0.6957	1	1	2.631
11	3	2.018	1	1	-2.033
11	3	1.428	1	1	-0.7402
11	3	1.838	0	0	1.56
11	3	1.162	1	1	0.4365
11	3	3.553	1	1	-1.338
11	3	0.1905	0	0	0.8062
11	3	0.6541	1	1	-0.6504
11	3	5.41	0	0	2.058
11	3	0.2108	0	0	0.4088
11	3	0.789	0	0	-1.209
11	3	0.4239	0	1	0.2033
11	3	3.503	0	0	-0.337
11	3	5.262	1	1	-1.169
11	3	0.7874	1	0	0.6758
11	3	3.508	0	0	-0.274
11	3	3.811	1	1	-0.5882
11	3	5.584	0	0	0.02033
11	3	1.917	0	1	-0.3515
11	3	3.766	1	1	0.2315
11	3	2.526	0	0	-0.08369
11	3	3.811	0	0	1.827
11	3	1.291	1	1	-0.04987
11	3	0.9028	1	0	0.6326
11	3	0.3172	1	0	0.2388
11	3	0.911	0	0	1.071
11	3	1.827	1	1	-0.1362
11	3	5.198	0	0	-1.967
11	3	5.358	1	1	0.2913
11	3	3.241	1	1	-0.1324
11	3	0.7039	0	0	1.181
11	3	5.024	1	1	0.7033
11	3	1.16	1	0	-0.9143
11	3	5.508	0	0	0.2723
11	3	5.285	0	0	-1.386
11	3	2.048	1	1	0.6995
11	3	1.938	0	1	0.4987
11	3	0.8302	1	0	0.1314
11	3	3.776	1	1	-1.658
11	3	0.8402	0	0	0.9648
12	3	3.276	0	1	1.444
12	3	0.2815	1	0	1.244
12	3	0.2785	1	0	0.03892
12	3	1.757	0	0	-0.3098
12	3	5.309	1	1	-1.307
12	3	3.587	1	1	0.3024
12	3	5.287	0	0	-0.5646
12	3	0.9306	0	0	0.6694
12	3	1.885	1	1	1.27
12	3	1.318	1	1	0.5968
12	3	0.5119	1	0	0.1722
12	3	0.9655	1	1	0.4843
12	3	5.533	0	0	-0.02858
12	3	3.841	0	0	-0.7045
12	3	3.285	1	1	0.2457
12	3	5.194	0	0	-1.498
12	3	1.03	1	0	-0.5282
12	3	1.919	1	0	-0.6712
12	3	1.103	1	1	1.281
12	3	3.685	0	0	-2.411
12	3	0.853	1	0	0.5586
12	3	0.7643	1	1	-0.006488
12	3	5.288	1	1	1.615
12	3	0.2551	0	0	0.336
12	3	3.571	0	0	-0.1074
12	3	5.388	1	1	0.7451
12	3	3.534	0	0	0.3315
12	3	5.278	1	1	1.218
12	3	3.442	0	0	-0.9954
12	3	1.859	1	1	0.2793
12	3	1.791	1	1	0.9613
12	3	0.9121	1	1	-0.9143
12	3	0.4448	0	0	-0.5498
12	3	0.3018	1	0	-0.8652
12	3	5.541	0	0	0.1061
12	3	1.715	0	0	-0.3314
12	3	3.582	0	0	-0.2971
12	3	0.1776	0	0	-0.7632
12	3	1.797	0	0	-1.023
12	3	0.3362	0	1	-0.7865
12	3	1.468	1	1	1.194
12	3	5.527	0	0	0.1335
12	3	0.95	0	0	0.01986
12	3	5.099	0	0	0.0966
12	3	0.5597	0	1	-0.7243
12	3	1.879	0	0	1.291
12	3	3.558	1	1	0.4917
12	3	0.2482	1	0	0.4312
12	3	1.746	0	0	-0.4656
12	3	0.7278	1	0	-0.04561
13	3	5.722	1	1	2.324
13	3	2.091	1	1	0.4859
13	3	5.674	1	1	0.1504
13	3	3.281	1	1	-0.5091
13	3	2.115	0	0	0.316
13	3	0.9241	1	1	-0.5445
13	3	0.06828	1	0	2.773
13	3	0.2738	0	1	0.5594
13	3	3.28	0	0	0.9912
13	3	1.65	0	0	-0.2583
13	3	1.015	1	1	-0.6432
13	3	5.56	1	1	0.4184
13	3	0.5865	0	0	0.1449
13	3	3.868	1	1	-0.9999
13	3	0.4913	1	1	0.5212
13	3	3.632	0	0	-0.7862
13	3	1.949	0	0	-0.2307
13	3	3.621	1	1	-1.167
13	3	0.6969	0	1	-0.7247
13	3	1.81	0	0	-1.129
13	3	0.6324	0	0	0.9983
13	3	3.657	0	0	-0.2972
13	3	0.5798	0	0	0.2211
13	3	5.425	1	1	0.9105
13	3	5.377	0	0	-0.08452
13	3	5.329	1	1	-0.01315
13	3	1.695	1	1	-1.018
13	3	0.8786	1	1	0.06402
13	3	5.289	0	0	-0.1373
13	3	3.652	0	0	-0.1593
13	3	0.3919	1	1	-1.096
13	3	0.3936	0	0	1.88
13	3	1.69	1	1	0.6366
13	3	5.718	0	0	0.03911
13	3	5.383	1	1	-0.4855
13	3	1.103	1	0	-0.06195
13	3	3.937	1	1	-0.7937
13	3	1.458	0	0	-0.7176
13	3	0.7698	0	0	-0.2047
13	3	3.799	0	0	0.8602
13	3	1.096	0	1	0.6477
13	3	5.075	1	1	2.104
13	3	0.6754	0	0	2.214
13	3	1.644	0	0	1.496
13	3	1.107	1	0	-0.9924
13	3	0.8497	1	1	0.5923
13	3	0.6652	0	1	0.8973
13	3	3.453	1	1	-1.035
13	3	0.365	1	1	0.0797
13	3	1.877	1	1	-0.6168
14	3	5.328	0	0	2.788
14	3	1.313	1	1	0.5818
14	3	1.757	0	0	-0.5016
14	3	1.439	0	1	-0.3273
14	3	3.958	0	0	0.2619
14	3	1.901	1	1	-0.3548
14	3	5.592	1	1	0.3988
14	3	5.361	0	0	0.1047
14	3	1.892	1	1	0.2777
14	3	0.5873	1	0	0.4465
14	3	3.464	0	0	-0.238
14	3	5.505	0	0	-0.7685
14	3	1.037	1	1	-0.672
14	3	0.8091	1	1	1.785
14	3	1.741	0	1	-0.4982
14	3	3.617	1	1	-0.01718
14	3	1.967	1	1	-2.331
14	3	3.303	0	1	-0.3034
14	3	1.646	0	0	1.02
14	3	5.505	0	0	-0.575
14	3	0.6588	1	0	0.03485
14	3	0.5358	0	1	-0.4781
14	3	0.3263	0	1	0.05887
14	3	0.975	1	1	0.4275
14	3	0.8129	1	0	0.7102
14	3	0.4828	1	1	0.5006
14	3	0.3009	0	0	0.05785
14	3	3.383	1	1	-0.9904
14	3	5.234	1	1	0.6692
14	3	0.7451	1	1	-0.1878
14	3	3.948	0	0	-0.4681
14	3	1.232	0	0	0.2191
14	3	3.473	0	0	-1.532
14	3	0.469	1	1	1.853
14	3	1.624	1	1	1.556
14	3	5.07	0	0	1.165
14	3	3.654	0	0	0.04264
14	3	5.46	0	0	0.6772
14	3	0.4122	0	0	0.05312
14	3	5.32	0	0	1.878
14	3	5.225	1	1	1.053
14	3	1.691	0	0	0.3535
14	3	0.2366	1	1	0.6639
14	3	0.9029	1	0	-0.568
14	3	1.731	0	0	0.6312
14	3	1.748	1	0	2.219
14	3	3.495	0	0	0.4832
14	3	3.765	1	1	2.926
14	3	1.054	1	0	-1.633
14	3	0.8552	1	1	2.521
15	3	3.518	0	0	-0.144
15	3	1.543	0	1	0.4637
15	3	3.541	1	0	-0.6377
15	3	1.892	1	0	-0.09965
15	3	1.672	1	1	-0.8234
15	3	1.317	1	1	-1.797
15	3	1.911	1	1	0.3187
15	3	0.2915	0	0	-0.1512
15	3	0.8714	1	1	0.2147
15	3	0.8903	0	0	0.1185
15	3	3.846	1	1	0.1033
15	3	1.495	0	0	-0.06883
15	3	5.439	1	1	0.8621
15	3	0.9988	1	0	-0.7284
15	3	5.529	0	0	-0.4329
15	3	0.9227	1	0	-0.4429
15	3	1.782	0	0	-0.2463
15	3	0.532	1	1	0.7724
15	3	3.458	0	0	-0.6577
15	3	0.4557	1	1	-0.2313
15	3	0.7404	1	0	0.9571
15	3	5.685	1	1	-1.725
15	3	0.8202	1	1	-0.4122
15	3	0.6226	1	1	1.068
15	3	0.3436	1	1	0.3135
15	3	3.884	0	0	0.7419
15	3	0.5658	0	0	-0.5025
15	3	1.905	0	1	-0.9256
15	3	3.619	0	0	1.384
15	3	5.332	0	0	-0.1526
15	3	0.4891	0	1	-1.96
15	3	5.305	0	0	0.1293
15	3	0.6866	0	1	0.1008
15	3	2.085	1	1	-0.4
15	3	5.21	1	1	2.128
15	3	5.438	0	0	-2.877
15	3	5.509	0	0	0.2908
15	3	0.7024	0	1	0.6287
15	3	0.6047	1	0	0.02249
15	3	1.001	0	0	-0.08956
15	3	3.458	1	1	0.4361
15	3	1.123	1	1	-1.757
15	3	1.007	0	0	-0.09049
15	3	3.504	0	0	-1.552
15	3	3.737	0	0	-1.768
15	3	1.231	0	1	-0.6646
15	3	5.658	1	1	0.6931
15	3	5.755	0	0	-0.596
15	3	3.6	1	1	1.322
15	3	0.5559	0	1	0.6937
16	3	3.95	0	0	1.567
16	3	3.461	1	1	-0.1127
16	3	3.997	1	1	-0.04206
16	3	5.117	1	1	0.2225
16	3	0.5252	0	0	-0.3266
16	3	5.231	0	0	-0.02054
16	3	2.022	0	0	0.8619
16	3	5.537	1	1	-0.3777
16	3	0.7538	1	1	1.057
16	3	1.025	1	1	-0.8171
16	3	3.701	0	0	0.03104
16	3	0.8048	1	1	0.8492
16	3	0.6871	1	1	-0.8776
16	3	1.852	0	0	-0.1309
16	3	0.3531	1	1	-0.06114
16	3	0.495	1	1	-1.547
16	3	0.625	0	0	-0.674
16	3	5.401	0	0	-1.596
16	3	1.704	1	0	2.332
16	3	1.929	0	1	-1.028
16	3	0.5001	0	1	0.6193
16	3	1.769	0	0	-0.02439
16	3	5.665	0	0	-0.3082
16	3	0.8048	0	1	-0.2677
16	3	1.723	1	1	0.9924
16	3	5.338	1	1	-0.1463
16	3	5.167	0	0	0.1519
16	3	1.883	1	1	-1.022
16	3	0.5761	0	0	0.4338
16	3	5.44	0	0	0.3256
16	3	5.189	1	1	1.202
16	3	3.722	1	1	-0.6925
16	3	1.271	0	0	0.5546
16	3	1.73	0	0	0.1795
16	3	3.431	0	0	2.66
16	3	1.669	0	1	0.952
16	3	3.482	1	1	-1.98
16	3	1.018	0	0	-1.566
16	3	5.475	1	1	0.6519
16	3	0.2676	1	1	-0.4611
16	3	3.486	0	0	-0.1892
16	3	0.8158	0	1	0.8642
16	3	0.5808	1	0	-0.6106
16	3	1.651	1	0	1.307
16	3	1.034	1	0	-1.594
16	3	3.446	1	1	-0.6603
16	3	0.8418	0	1	-0.3035
16	3	3.727	0	0	-1.233
16	3	0.469	1	1	-0.6241
16	3	0.4108	0	1	0.31
17	3	5.54	0	0	2.917
17	3	1.915	0	1	0.4331
17	3	5.201	0	0	0.06156
17	3	0.4009	0	1	-0.103
17	3	0.5064	0	0	1.153
17	3	1.506	1	0	1.528
17	3	3.415	1	1	0.3877
17	3	1.014	0	0	-0.3249
17	3	1.68	0	0	1.07
17	3	3.414	0	0	1.225
17	3	3.592	1	1	0.205
17	3	1.046	0	0	2.12
17	3	1.608	0	1	-1.096
17	3	1.844	0	1	0.6826
17	3	3.635	1	1	-0.8278
17	3	0.3172	1	0	-1.841
17	3	3.62	0	0	0.3042
17	3	1.656	1	1	-0.4694
17	3	0.7011	0	0	0.9422
17	3	0.695	0	0	-0.5519
17	3	1.228	1	1	1.409
17	3	1.743	1	1	0.5887
17	3	0.3494	0	0	-0.2959
17	3	1.685	1	1	-1.013
17	3	0.6156	1	1	-1.464
17	3	0.3008	0	0	0.1291
17	3	0.3188	1	0	-0.5348
17	3	5.295	0	0	-1.05
17	3	1.003	0	0	0.3069
17	3	5.101	0	0	0.519
17	3	5.336	1	1	0.001637
17	3	1.128	1	1	-0.6472
17	3	3.594	0	0	0.01568
17	3	5.395	1	1	0.6247
17	3	0.7353	0	1	-0.01499
17	3	0.9845	1	1	-0.5206
17	3	5.017	1	1	-0.1495
17	3	3.978	1	1	-2.382
17	3	5.501	1	1	-0.7547
17	3	5.472	1	1	-0.0435
17	3	1.739	0	0	0.1036
17	3	3.576	1	1	-0.7951
17	3	5.532	1	1	0.1827
17	3	1.676	0	1	-1.083
17	3	1.236	0	1	-1.667
17	3	0.7077	1	0	1.272
17	3	3.941	1	1	-0.134
17	3	3.644	1	1	-1.016
17	3	0.2139	0	0	-1.168
17	3	0.9297	0	1	0.2913
18	3	5.437	0	0	0.9804
18	3	0.2236	0	1	0.1323
18	3	2.196	0	1	1.143
18	3	3.82	0	0	-1.255
18	3	0.264	0	0	0.2376
18	3	1.786	1	1	-0.7824
18	3	3.668	1	1	-0.04048
18	3	5.539	1	1	-0.8175
18	3	0.9735	0	0	-0.6312
18	3	3.813	0	0	-0.1526
18	3	1.079	0	1	0.2658
18	3	3.72	0	0	-0.8481
18	3	1.802	1	1	-0.557
18	3	1.85	0	0	-0.9323
18	3	5.809	1	1	-0.1981
18	3	0.2537	0	1	-1.282
18	3	1.988	1	1	-0.05806
18	3	3.671	1	1	-0.3942
18	3	0.7485	1	0	-1.432
18	3	0.4263	0	1	1.417
18	3	3.527	0	0	0.3963
18	3	0.6109	1	1	-0.9218
18	3	0.4173	0	1	-0.2296
18	3	1.28	1	1	-1.081
18	3	0.8348	1	0	-0.0153
18	3	1.68	0	0	-0.6125
18	3	3.243	1	1	-0.8591
18	3	5.44	1	1	0.7556
18	3	1.062	0	0	-0.9191
18	3	0.5581	0	0	0.4529
18	3	3.51	1	1	-1.577
18	3	1.598	0	0	0.09257
18	3	0.3024	0	0	-1.498
18	3	0.9363	0	0	0.9262
18	3	4.91	0	0	-0.006562
18	3	1.23	0	1	-0.8976
18	3	5.216	1	1	0.06983
18	3	0.7781	1	0	0.7492
18	3	1.609	0	0	-0.7764
18	3	5.354	1	1	0.7879
18	3	1.021	1	0	1.508
18	3	5.519	1	1	-1.599
18	3	5.2	1	1	-1.08
18	3	5.699	1	1	-0.4792
18	3	3.477	0	0	-1.386
18	3	3.979	1	1	-0.1274
18	3	1.873	0	1	-1.711
18	3	0.5838	1	0	1.425
18	3	1.254	1	0	0.1546
18	3	0.4023	0	0	2.024
19	3	3.784	0	0	0.2913
19	3	0.5618	0	0	-0.2609
19	3	3.501	0	0	-0.1612
19	3	0.9699	0	0	-1.092
19	3	5.686	1	1	0.4292
19	3	0.6037	1	0	-0.2486
19	3	3.558	1	1	-0.4108
19	3	0.767	1	0	0.3569
19	3	1.69	0	0	-0.5288
19	3	1.745	0	0	-0.2922
19	3	5.246	0	0	-0.8585
19	3	1.868	0	0	-0.9897
19	3	1.022	1	0	-0.14
19	3	5.478	0	0	-0.232
19	3	0.4984	1	1	-0.1668
19	3	3.873	0	0	0.3805
19	3	3.758	0	0	0.4122
19	3	5.197	1	1	-1.335
19	3	5.507	0	0	-0.9367
19	3	5.563	1	1	0.03642
19	3	0.844	0	0	2.443
19	3	1.722	1	1	0.3306
19	3	0.8056	1	1	-0.8749
19	3	0.4608	0	1	-0.1753
19	3	0.4646	1	1	-1.194
19	3	0.6943	0	1	-0.5007
19	3	1.929	0	1	-0.2313
19	3	3.375	1	1	-0.3123
19	3	0.652	1	0	0.5694
19	3	1.73	1	1	-0.2833
19	3	0.9642	1	1	-0.2645
19	3	3.668	1	1	1.472
19	3	3.597	0	0	-0.554
19	3	5.086	1	1	-0.06509
19	3	5.182	1	1	-0.3483
19	3	1.574	1	1	1.367
19	3	3.415	1	1	-1.304
19	3	0.8058	1	0	-0.2137
19	3	1.667	0	0	-2.146
19	3	0.6077	0	0	1.103
19	3	5.541	1	1	-1.123
19	3	0.6927	0	0	-0.2519
19	3	5.329	0	0	-0.587
19	3	3.625	1	1	0.4736
19	3	0.6979	0	1	1.845
19	3	0.5285	0	0	0.6889
19	3	1.735	0	0	1.049
19	3	2.059	1	1	-0.04251
19	3	0.8678	1	1	-0.02677
19	3	0.8558	0	0	0.6119
20	4	1.05	0	1	-0.003807
20	4	5.429	0	0	1.177
20	4	5.087	0	1	0.5692
20	4	3.609	1	1	0.7444
20	4	1.232	0	0	-1.264
20	4	0.4942	1	1	0.2681
20	4	0.5659	0	0	0.3056
20	4	2.033	0	0	-0.6789
20	4	3.667	1	1	0.5772
20	4	3.75	1	1	1.692
20	4	5.399	1	1	-0.4771
20	4	0.9432	1	0	-0.1003
20	4	3.494	1	1	-1.135
20	4	1.758	0	0	-0.2242
20	4	0.6857	1	1	0.3659
20	4	1.212	1	1	1.696
20	4	5.573	0	0	-2.799
20	4	3.423	1	1	1.528
20	4	0.74	1	1	-0.4722
20	4	1.932	0	0	2.266
20	4	0.6408	0	1	0.3487
20	4	5.198	0	0	3.249
20	4	0.9535	0	1	1.168
20	4	3.299	1	1	1.731
20	4	3.839	1	1	-0.145
20	4	2.035	1	1	0.6595
20	4	1.573	0	0	0.2111
20	4	3.885	1	1	0.1451
20	4	0.8454	0	1	-0.7993
20	4	1.56	0	0	-0.01373
20	4	5.272	0	0	0.1164
20	4	0.1204	0	1	-0.4177
20	4	0.8781	1	0	0.202
20	4	1.215	1	1	-0.5236
20	4	5.364	1	1	1.647
20	4	0.6826	0	0	0.1423
20	4	3.657	1	1	1.395
20	4	3.493	0	0	-0.3848
20	4	1.74	0	1	-0.09976
20	4	0.3724	1	1	0.1939
20	4	5.542	1	1	0.198
20	4	1.062	1	1	0.1979
20	4	0.5674	0	0	0.4945
20	4	5.358	1	1	-2.26
20	4	5.459	0	0	-0.3662
20	4	1.93	0	0	-0.287
20	4	1.699	1	1	-0.07064
20	4	1.534	0	0	-0.2692
20	4	0.9325	0	0	0.01648
20	4	0.5926	1	1	-0.2201
21	4	5.472	0	0	0.9841
21	4	5.644	1	1	-0.5913
21	4	1.906	0	0	0.2402
21	4	0.5513	1	1	1.118
21	4	1.901	0	0	-0.5127
21	4	1.534	0	0	-1.245
21	4	1.764	1	1	0.09388
21	4	3.357	0	0	-0.7313
21	4	1.891	1	0	2.523
21	4	5.557	0	0	-0.1178
21	4	3.981	1	1	-1.849
21	4	5.436	1	1	0.4117
21	4	3.203	1	1	0.08913
21	4	0.5054	1	1	-0.5867
21	4	1.883	1	1	0.3794
21	4	0.2914	0	0	-0.09853
21	4	0.6626	1	0	-0.4309
21	4	2.066	0	1	0.02843
21	4	1.029	0	1	0.9502
21	4	0.4734	1	1	-0.4746
21	4	4.043	0	0	-0.5698
21	4	1.666	1	0	1.571
21	4	3.43	1	1	-0.08187
21	4	0.8214	1	1	2.276
21	4	1.646	1	1	0.8754
21	4	0.7499	0	0	0.4482
21	4	0.06104	1	0	0.01211
21	4	0.7486	0	0	-0.04597
21	4	1.975	0	0	0.5321
21	4	0.7239	0	0	-0.1148
21	4	0.3413	0	1	-0.1853
21	4	3.859	1	1	-0.1897
21	4	3.82	1	1	-0.5922
21	4	5.814	1	1	-0.3403
21	4	3.565	1	1	0.004478
21	4	5.271	1	1	0.4027
21	4	0.8167	0	0	0.2222
21	4	0.7504	0	0	0.9482
21	4	0.7905	1	0	-0.2595
21	4	0.5092	1	0	-0.863
21	4	0.7603	0	0	1.2
21	4	0.973	1	1	2.142
21	4	3.695	0	0	0.3925
21	4	5.214	0	0	-1.27
21	4	0.6732	0	0	1.69
21	4	0.8483	0	1	-1.228
21	4	5.412	0	0	2.064
21	4	5.651	1	1	1.059
21	4	3.639	1	0	0.5212
21	4	5.753	0	0	-2.79
22	4	0.7052	1	0	1.935
22	4	5.174	0	0	0.426
22	4	5.568	0	0	0.1383
22	4	5.59	0	0	0.4961
22	4	0.0891	1	0	-0.3031
22	4	1.81	1	1	-0.2707
22	4	3.625	0	0	1.151
22	4	3.774	0	0	0.3849
22	4	1.874	1	1	-0.1582
22	4	0.7358	1	1	0.2808
22	4	0.3878	0	0	0.2167
22	4	1.653	0	1	0.4991
22	4	1.003	1	0	0.9954
22	4	5.453	0	0	-0.7206
22	4	0.9971	1	1	0.4214
22	4	3.57	0	0	-0.9789
22	4	0.8282	0	0	-0.3146
22	4	3.71	0	0	-0.7872
22	4	0.8568	1	0	-0.6977
22	4	0.3467	0	1	-0.8489
22	4	0.7919	0	1	1.223
22	4	3.904	0	0	-0.06736
22	4	1.085	0	0	0.4495
22	4	0.229	0	1	-0.006712
22	4	0.7591	0	0	-0.4119
22	4	0.4974	0	1	-0.1091
22	4	3.486	1	1	-0.8232
22	4	0.8453	0	1	-0.9721
22	4	5.544	0	0	0.5612
22	4	3.755	1	1	0.205
22	4	1.25	0	0	1.783
22	4	1.708	1	1	3.787
22	4	1.438	1	0	1.282
22	4	5.435	0	0	0.4949
22	4	5.349	1	1	0.1911
22	4	5.413	1	1	-0.5826
22	4	5.224	0	0	-0.1501
22	4	1.646	1	0	2.369
22	4	3.59	1	1	1.596
22	4	0.7677	1	1	0.9574
22	4	1.765	1	0	-0.2045
22	4	0.8303	1	0	-0.7056
22	4	1.596	1	0	0.4114
22	4	5.575	0	0	-0.5184
22	4	1.785	1	1	-0.4338
22	4	3.772	1	1	-0.5513
22	4	0.2931	0	0	1.212
22	4	1.869	1	1	1.323
22	4	0.8071	1	1	-0.5565
22	4	3.577	1	1	0.2775
23	4	0.6754	1	1	1.747
23	4	1.956	0	0	-0.5447
23	4	5.366	1	1	1.028
23	4	0.131	1	1	1.754
23	4	2.068	1	0	0.9766
23	4	1.16	0	0	-0.5581
23	4	0.6195	1	0	-0.2912
23	4	1.882	0	0	-0.6936
23	4	3.778	0	0	0.2557
23	4	0.9991	1	1	-0.341
23	4	3.811	0	0	-1.346
23	4	5.374	0	0	-0.2482
23	4	1.716	1	1	-0.459
23	4	0.3777	1	0	-0.0511
23	4	4.928	1	1	-2.353
23	4	1.925	0	0	0.286
23	4	5.391	0	0	-0.337
23	4	3.747	1	1	0.7362
23	4	3.555	0	0	-0.07107
23	4	3.513	0	0	1.069
23	4	1.637	0	0	2.152
23	4	1.054	0	0	-0.0257
23	4	3.444	0	0	2.053
23	4	0.4371	1	0	-0.5886
23	4	3.77	1	1	-0.8704
23	4	5.254	1	1	1.56
23	4	5.357	1	1	1.023
23	4	1.84	0	0	0.3372
23	4	5.195	0	0	-1.042
23	4	0.8957	1	1	0.2754
23	4	0.7723	0	0	0.1193
23	4	0.4537	1	0	0.6048
23	4	4.986	0	0	1.267
23	4	1.211	0	1	-0.6514
23	4	5.561	0	0	-0.7855
23	4	0.3421	0	1	2.532
23	4	1.944	0	0	1.965
23	4	1.78	1	0	0.8342
23	4	0.6195	1	0	-0.03201
23	4	1.75	0	0	0.7158
23	4	0.525	1	0	-0.178
23	4	3.836	1	1	0.08346
23	4	0.4101	0	0	-0.2159
23	4	0.9482	1	1	-0.4566
23	4	3.353	1	1	2.013
23	4	5.315	1	1	-0.7052
23	4	0.5846	0	1	0.01161
23	4	0.7182	1	1	-0.5895
23	4	3.494	1	1	-0.7519
23	4	0.3531	0	1	0.1162
24	4	0.7987	0	1	0.6436
24	4	0.3201	0	0	-0.2484
24	4	5.206	1	1	0.8961
24	4	0.3747	1	1	-0.2951
24	4	3.445	1	1	1.32
24	4	0.1241	1	0	0.1039
24	4	1.9	1	1	-2.168
24	4	5.45	0	0	-0.4469
24	4	0.838	0	0	-2.586
24	4	1.676	1	1	-1.397
24	4	1.121	0	0	0.3755
24	4	0.5954	1	1	-0.6689
24	4	0.2724	1	0	-1.483
24	4	1.378	1	0	1.194
24	4	1.972	0	0	1.158
24	4	0.715	0	0	0.114
24	4	0.375	1	1	-0.369
24	4	5.316	0	0	-0.7775
24	4	0.3986	1	0	-1.036
24	4	5.595	0	0	-2.332
24	4	1.757	1	1	-0.3089
24	4	1.001	0	0	-0.274
24	4	0.8751	0	1	0.71
24	4	5.54	0	0	-0.05423
24	4	3.803	0	0	0.2183
24	4	5.292	0	0	-0.4687
24	4	2.004	1	1	0.001622
24	4	3.212	0	0	-1.008
24	4	1.916	0	0	0.6648
24	4	0.6756	1	0	0.8576
24	4	2.016	0	0	0.2837
24	4	1.87	0	0	0.3581
24	4	0.6994	1	1	1.002
24	4	3.51	0	0	-2.782
24	4	0.8046	1	0	0.07885
24	4	0.8153	1	0	1.001
24	4	0.9391	1	0	0.8459
24	4	3.406	1	1	-0.3391
24	4	1.912	0	0	0.5604
24	4	5.138	1	1	-0.2761
24	4	0.3951	1	1	-0.3065
24	4	1.619	1	1	0.2967
24	4	3.616	1	1	0.08187
24	4	3.467	0	0	-0.5595
24	4	5.04	1	1	-0.9036
24	4	3.909	0	0	0.1765
24	4	4.002	0	0	-0.9379
24	4	5.184	0	0	-0.6895
24	4	3.592	1	1	0.4108
24	4	5.156	1	1	-1.808
25	4	0.3698	1	1	0.3838
25	4	5.283	0	0	-0.2112
25	4	0.2977	0	1	-0.6203
25	4	0.2058	1	1	1.143
25	4	0.1606	1	0	-1.236
25	4	0.7099	1	1	1.481
25	4	3.452	0	0	0.1224
25	4	5.385	1	1	-0.008171
25	4	1.013	0	0	0.1044
25	4	2.043	0	0	-0.8273
25	4	5.322	1	1	-1.428
25	4	0.5023	0	0	0.05513
25	4	0.6229	1	0	-0.1109
25	4	2.11	0	0	-2.689
25	4	5.664	1	1	0.07076
25	4	5.266	0	0	0.6555
25	4	1.65	0	0	-0.4551
25	4	1.971	0	0	-0.1599
25	4	1.488	1	0	-0.09358
25	4	3.937	0	1	0.2701
25	4	1.05	0	0	-2.221
25	4	0.379	0	0	-0.1576
25	4	3.468	1	1	-0.6254
25	4	5.676	0	0	-1.627
25	4	1.184	0	0	0.7294
25	4	4.161	1	1	0.26
25	4	3.75	1	1	-1.21
25	4	1.694	1	1	-0.789
25	4	3.97	1	1	-0.5655
25	4	0.1107	1	0	-0.5528
25	4	1.835	1	1	1.124
25	4	3.719	1	1	-1.265
25	4	0.5503	0	0	0.01189
25	4	0.5103	0	0	-1.435
25	4	3.363	1	1	-0.6148
25	4	1.978	1	0	0.2942
25	4	3.34	0	0	-0.4346
25	4	0.9825	1	0	0.6178
25	4	4.893	0	0	-2.663
25	4	5.163	1	1	1.536
25	4	5.639	1	1	2.225
25	4	0.8312	0	0	0.8634
25	4	1.797	0	0	0.321
25	4	0.7104	0	1	-1.933
25	4	1.494	1	1	0.01766
25	4	5.601	0	0	0.2327
25	4	0.438	0	0	0.1009
25	4	1.354	0	1	-0.703
25	4	1.767	0	0	-0.5197
25	4	3.138	1	1	-0.6126
26	4	0.6183	0	1	2.251
26	4	1.929	0	0	1.164
26	4	0.3929	0	0	0.4405
26	4	5.032	1	1	0.1177
26	4	0.7909	1	0	-0.04373
26	4	0.7231	0	1	0.7175
26	4	3.686	0	0	-1.061
26	4	0.7135	1	0	0.3982
26	4	3.736	1	1	-0.7014
26	4	5.486	0	0	-0.2216
26	4	0.7156	0	1	0.02515
26	4	0.1294	0	0	-0.676
26	4	3.544	1	1	-0.4473
26	4	5.525	1	1	-0.7155
26	4	1.827	1	1	-0.3546
26	4	3.397	1	1	-1.041
26	4	0.5812	0	0	0.1089
26	4	4.002	0	0	-0.4381
26	4	0.5585	0	0	0.9415
26	4	0.8125	1	0	1.178
26	4	5.108	1	1	-0.7096
26	4	3.593	0	0	-1.473
26	4	0.7826	1	1	2.6
26	4	1.83	0	0	0.4213
26	4	0.5823	0	0	-0.249
26	4	1.925	1	1	-0.1497
26	4	0.6715	0	0	0.1476
26	4	1.065	1	1	0.09734
26	4	5.514	1	0	0.3405
26	4	0.7965	1	0	0.8041
26	4	1.578	0	0	-0.2802
26	4	1.398	1	1	0.1779
26	4	5.787	1	1	-1.467
26	4	3.779	0	0	-0.5854
26	4	0.817	1	1	0.5144
26	4	5.195	0	0	0.5131
26	4	1.622	1	1	-0.317
26	4	0.4921	0	1	-0.4827
26	4	3.594	0	0	-0.9238
26	4	5.74	0	0	-0.3146
26	4	0.7655	1	1	0.6311
26	4	1.867	1	1	-1.131
26	4	3.416	0	0	0.6387
26	4	0.8791	0	1	0.6504
26	4	5.144	0	0	0.2805
26	4	5.279	0	0	0.1193
26	4	1.97	1	1	1.464
26	4	3.72	0	0	1.079
26	4	0.5966	1	1	0.1105
26	4	1.665	1	1	0.6352
27	4	1.05	0	0	0.9448
27	4	0.11	1	1	-0.2038
27	4	3.343	1	1	0.382
27	4	1.813	0	0	0.5398
27	4	1.742	0	0	0.2013
27	4	0.2639	1	1	0.7091
27	4	5.481	0	0	-0.8069
27	4	1.952	0	0	0.2903
27	4	3.774	0	0	0.9295
27	4	0.7363	1	1	-0.6219
27	4	0.8014	1	1	-0.554
27	4	0.4768	0	0	0.2424
27	4	5.214	0	0	-0.8988
27	4	5.514	0	0	1.01
27	4	3.641	1	1	-0.747
27	4	0.2011	1	1	0.8299
27	4	1.821	1	1	-0.7342
27	4	5.632	0	0	0.9265
27	4	3.674	0	0	-0.5931
27	4	0.4928	0	1	0.5696
27	4	0.4879	0	1	-0.2398
27	4	0.6151	1	1	1.664
27	4	5.35	0	0	0.1423
27	4	0.9549	1	1	0.8433
27	4	1.829	1	1	-0.1764
27	4	3.669	1	1	0.02051
27	4	1.168	1	1	-0.4595
27	4	0.5053	1	1	-0.5943
27	4	0.3151	0	0	1.654
27	4	1.144	1	1	-0.2602
27	4	5.205	1	1	0.9228
27	4	3.695	0	0	1.822
27	4	5.415	1	1	-3.334
27	4	1.683	1	1	2.363
27	4	5.385	1	1	-0.7199
27	4	1.032	1	0	2.102
27	4	3.784	0	0	-1.363
27	4	1.511	0	0	-1.43
27	4	0.4666	0	0	0.4589
27	4	1.97	1	1	0.6399
27	4	0.4083	0	1	1.336
27	4	0.7301	1	0	-0.3879
27	4	3.766	0	0	0.08105
27	4	3.695	0	0	0.1071
27	4	0.6086	1	0	0.03946
27	4	2.071	0	0	-0.8621
27	4	3.569	1	1	-1.137
27	4	1.367	0	0	0.03243
27	4	5.327	0	0	-1.54
27	4	5.59	1	1	0.5229
28	4	1.7	1	1	1.704
28	4	3.397	1	1	-0.1423
28	4	0.3698	1	1	-0.3445
28	4	1.533	1	1	-0.3465
28	4	3.479	1	1	0.1708
28	4	1.645	1	0	0.3853
28	4	1.702	0	0	-0.1432
28	4	2.077	0	0	-2.406
28	4	5.295	0	0	-0.7093
28	4	5.154	1	1	-0.637
28	4	0.6412	0	1	1.585
28	4	0.5115	0	0	-0.1829
28	4	5.61	0	0	-0.5713
28	4	0.5092	1	1	-1.013
28	4	3.664	1	1	-0.04044
28	4	1.663	0	0	-0.8208
28	4	0.8742	0	1	-0.8499
28	4	0.8581	1	1	-1.139
28	4	3.455	1	1	1.109
28	4	3.374	0	0	-0.009188
28	4	1.884	1	1	-1.047
28	4	1.071	0	0	-0.1863
28	4	5.371	1	1	-0.4997
28	4	5.25	1	1	1.207
28	4	0.9714	0	0	-0.4382
28	4	0.6606	1	1	-1.163
28	4	3.592	0	0	-0.1618
28	4	1.755	0	0	-0.9907
28	4	0.3507	1	1	-0.4875
28	4	5.248	0	0	-1.593
28	4	1.598	1	1	1.023
28	4	0.7174	0	0	-0.5738
28	4	3.561	0	0	-1.113
28	4	1.848	1	1	-0.3728
28	4	3.527	1	0	-0.3676
28	4	0.5523	1	0	0.8856
28	4	0.4539	0	0	-0.8174
28	4	0.7453	0	1	1.795
28	4	0.5169	0	1	0.8351
28	4	5.342	0	0	-0.321
28	4	0.6036	1	1	-0.6198
28	4	5.086	1	1	0.5578
28	4	0.9302	1	1	-0.2226
28	4	3.686	0	0	-0.8043
28	4	5.454	0	0	0.02134
28	4	0.9706	0	1	-1.018
28	4	3.629	1	1	-1.75
28	4	5.613	1	1	-1.954
28	4	0.8514	0	0	0.1396
28	4	0.8227	1	1	-0.1297
29	4	5.659	1	1	1.758
29	4	5.346	0	0	0.5832
29	4	5.595	1	1	0.1279
29	4	0.5114	1	0	-0.5399
29	4	3.517	1	1	-0.8017
29	4	1.221	1	1	0.5167
29	4	0.2025	0	1	0.5655
29	4	2.04	1	1	-0.7792
29	4	1.169	0	0	0.2051
29	4	1.043	0	0	-0.7292
29	4	1.887	1	1	-1.117
29	4	1.864	1	1	-0.1916
29	4	0.5628	1	1	-0.2786
29	4	5.47	0	0	0.4506
29	4	1.07	0	0	0.02633
29	4	3.514	1	1	-1.003
29	4	3.55	1	1	0.2515
29	4	1.753	0	0	-0.1432
29	4	0.4666	0	0	0.3507
29	4	1.776	1	1	-0.6421
29	4	0.5424	1	1	-0.7263
29	4	0.9398	0	0	-1.182
29	4	0.4908	1	1	-0.2533
29	4	3.346	1	1	-1.555
29	4	3.681	0	0	-1.489
29	4	1.037	1	1	2.796
29	4	0.5787	1	0	-0.4956
29	4	3.916	1	1	-0.137
29	4	3.586	1	1	-3.058
29	4	3.551	0	0	1.117
29	4	5.514	1	1	-0.5345
29	4	0.2232	0	1	0.138
29	4	0.5732	0	0	1.299
29	4	0.5919	1	1	-0.8252
29	4	0.9505	0	0	0.5413
29	4	5.383	0	0	-1.545
29	4	3.393	0	0	-0.03271
29	4	1.577	0	0	-0.8965
29	4	0.1593	0	0	-0.9896
29	4	3.16	1	1	-0.6452
29	4	5.49	1	1	-0.6068
29	4	0.4459	0	1	-0.747
29	4	0.5726	0	1	0.5529
29	4	1.799	0	0	-0.09799
29	4	1.435	0	0	-0.1478
29	4	5.18	0	0	-0.2445
29	4	1.803	1	1	-3.765
29	4	5.089	0	0	0.588
29	4	5.102	1	1	0.6889
29	4	1.816	1	1	-0.7219
30	5	0.1627	0	1	1.404
30	5	0.7564	1	1	-0.04125
30	5	3.933	1	1	0.06709
30	5	3.342	1	1	-5.033
30	5	2.145	0	0	-0.2459
30	5	0.5934	0	0	0.07303
30	5	1.562	0	0	0.6118
30	5	3.724	0	0	-0.3107
30	5	1.166	1	1	0.4471
30	5	1.76	1	1	-0.7882
30	5	5.3	1	1	0.4352
30	5	1.072	1	1	-0.04106
30	5	1.583	1	1	0.2766
30	5	3.664	0	0	-0.1063
30	5	3.456	1	1	-1.089
30	5	0.1503	0	1	0.4508
30	5	5.604	1	1	0.9543
30	5	3.719	0	0	-0.5951
30	5	5.101	1	1	-0.7157
30	5	0.4307	1	0	-0.8036
30	5	3.331	0	0	-0.6209
30	5	0.8551	0	0	-2.581
30	5	0.9656	0	1	0.2427
30	5	1.157	0	1	-0.9905
30	5	0.3719	0	0	0.6503
30	5	1.933	0	0	-0.9081
30	5	5.055	0	0	0.1588
30	5	0.5234	0	1	1.313
30	5	0.4169	1	0	-0.4889
30	5	3.228	0	0	-1.27
30	5	0.4422	1	1	-0.7399
30	5	0.4658	1	1	0.5876
30	5	5.234	0	0	-0.04505
30	5	5.397	0	0	-0.6753
30	5	1.967	1	1	0.02345
30	5	5.512	1	1	1.237
30	5	5.357	0	0	0.9925
30	5	5.357	1	1	0.8832
30	5	2.085	0	0	-1.393
30	5	1.792	0	0	2.084
30	5	5.145	1	1	-1.928
30	5	0.6496	1	1	-0.4195
30	5	0.7987	0	0	-1.658
30	5	1.101	1	0	1.252
30	5	3.394	0	0	-0.006688
30	5	1.774	1	1	0.02459
30	5	0.5135	1	1	-0.5406
30	5	2.288	1	1	0.08058
30	5	0.8642	1	1	-0.4855
30	5	3.42	0	0	0.5158
31	5	3.709	0	0	1.152
31	5	3.813	1	1	0.5848
31	5	1.001	0	1	0.156
31	5	2.029	0	0	0.1977
31	5	5.274	0	0	-0.6975
31	5	5.527	1	1	0.3724
31	5	1.763	1	1	0.3623
31	5	5.23	1	1	-0.1561
31	5	3.886	0	0	-0.4718
31	5	0.809	0	0	0.02287
31	5	0.8371	1	1	-0.5031
31	5	5.49	0	0	-0.5131
31	5	1.85	1	1	0.9454
31	5	3.475	0	0	-0.37
31	5	0.9286	0	0	-1.615
31	5	2.093	1	1	-0.05675
31	5	5.115	1	1	-0.6077
31	5	5.432	0	0	0.3851
31	5	0.7103	1	1	0.336
31	5	0.3266	1	1	0.207
31	5	5.45	1	1	1.739
31	5	0.2744	1	0	0.2836
31	5	0.3897	0	1	-1.033
31	5	5.321	0	0	1.257
31	5	3.718	0	0	0.7909
31	5	3.496	1	1	-0.1938
31	5	0.4274	0	0	-2.526
31	5	0.2351	0	0	0.7954
31	5	5.136	0	0	-0.749
31	5	0.8952	1	1	1.102
31	5	0.9826	1	1	0.1444
31	5	1.992	1	1	0.7643
31	5	0.9296	0	0	1.988
31	5	1.801	0	1	-1.486
31	5	0.7806	0	0	0.7502
31	5	3.717	0	0	1.17
31	5	0.544	0	0	-0.3967
31	5	0.9304	1	1	0.0696
31	5	0.8232	1	1	-1.651
31	5	2	1	0	0.6365
31	5	3.663	1	1	-1.028
31	5	0.943	0	0	-0.1338
31	5	2.252	1	0	-0.4367
31	5	3.763	1	1	1.35
31	5	5.248	0	0	-0.2475
31	5	1.946	1	1	0.2209
31	5	1.164	1	0	0.07311
31	5	2.022	0	0	1.633
31	5	3.526	1	1	-0.7684
31	5	0.5468	0	0	0.4695
32	5	0.7973	1	1	2.139
32	5	1.88	0	1	0.1074
32	5	0.382	1	1	1.402
32	5	5.372	1	1	-0.6706
32	5	1.565	0	0	0.2296
32	5	0.8872	0	0	-1.172
32	5	5.283	0	1	2.144
32	5	5.553	1	1	-1.126
32	5	0.683	0	0	0.7507
32	5	0.2265	1	0	-2.422
32	5	3.319	1	1	-2.408
32	5	3.509	1	1	-0.7313
32	5	5.547	1	1	3.655
32	5	0.7141	0	1	-0.39
32	5	3.752	1	1	-2.039
32	5	1.794	0	0	-0.4278
32	5	3.453	0	0	0.5339
32	5	1.159	0	0	0.3225
32	5	2.041	0	0	0.08725
32	5	1.099	1	1	-1.165
32	5	0.8096	0	1	0.8058
32	5	0.7266	1	1	1.397
32	5	5.168	0	0	-0.909
32	5	3.673	0	1	0.7394
32	5	0.4737	0	0	-0.6992
32	5	5.68	1	1	1.601
32	5	3.987	1	1	-0.0624
32	5	3.521	0	0	0.03843
32	5	5.002	0	0	-0.7943
32	5	1.395	1	1	-1.176
32	5	0.5465	1	1	0.5151
32	5	1.004	1	1	-0.4088
32	5	5.749	0	0	-0.618
32	5	1.654	1	1	-0.1465
32	5	5.355	0	0	-0.3427
32	5	1.666	0	0	-0.4653
32	5	3.759	1	1	-0.5092
32	5	0.6511	1	1	-0.7474
32	5	0.2072	0	0	-0.7759
32	5	5.633	1	1	0.479
32	5	1.62	1	1	-2.45
32	5	0.8478	0	1	1.753
32	5	3.686	0	0	-0.5919
32	5	0.2436	0	1	0.1533
32	5	1.139	1	1	-0.274
32	5	0.6816	1	0	-0.7461
32	5	1.715	0	0	-1.38
32	5	2.016	0	0	0.1611
32	5	0.795	0	1	0.5114
32	5	3.897	1	1	1.242
33	5	3.973	0	0	1.64
33	5	5.496	0	0	-0.9817
33	5	0.6626	1	0	0.215
33	5	1.285	1	0	-1.483
33	5	3.345	0	0	-0.4821
33	5	1.187	1	0	-0.0484
33	5	0.2348	0	0	-0.1857
33	5	1.132	0	0	-0.2531
33	5	5.542	1	1	-0.5976
33	5	0.4744	1	0	-1.212
33	5	1.002	0	0	0.05362
33	5	3.574	1	1	-0.4289
33	5	5.405	1	1	-0.576
33	5	1.819	1	0	0.01753
33	5	3.86	1	1	-1.192
33	5	5.53	0	0	0.4944
33	5	6.059	1	1	-1.639
33	5	0.4613	0	1	1.112
33	5	2.321	0	0	-0.2133
33	5	3.46	0	0	-0.02269
33	5	0.3838	0	0	0.2684
33	5	1.874	0	0	-0.1705
33	5	5.215	1	1	-0.4468
33	5	0.6324	1	0	-0.7281
33	5	1.917	0	0	-0.5751
33	5	0.4919	0	1	0.236
33	5	5.5	0	0	-1.847
33	5	0.7127	1	0	-0.2496
33	5	3.704	0	0	0.7708
33	5	1.346	1	1	-0.3839
33	5	3.795	0	0	-0.7941
33	5	3.455	1	1	1.502
33	5	1.75	0	0	2.626
33	5	0.5042	0	1	-0.1493
33	5	1.653	0	0	0.1226
33	5	1.698	1	1	-0.6005
33	5	1.83	1	1	-0.7124
33	5	0.8094	1	1	-1.638
33	5	0.6625	1	0	0.3431
33	5	1.549	0	1	1.585
33	5	3.641	0	0	-0.9103
33	5	5.587	1	1	-0.02771
33	5	0.4044	1	1	-0.931
33	5	0.885	1	0	-0.03944
33	5	0.7027	1	1	-2.044
33	5	1.726	0	1	1.332
33	5	5.474	1	1	0.6734
33	5	0.4542	0	0	-0.7567
33	5	3.41	0	0	-0.1057
33	5	5.235	0	0	-0.805
34	5	0.03892	1	0	0.3346
34	5	0.4296	0	1	1.117
34	5	3.661	0	0	-0.03964
34	5	3.501	0	0	-1.379
34	5	0.9594	1	1	-0.8408
34	5	5.521	1	1	1.58
34	5	1.184	1	1	-0.4676
34	5	0.1575	1	1	0.06232
34	5	1.252	1	0	0.07102
34	5	0.5276	0	1	-0.4328
34	5	3.924	0	0	-1.089
34	5	1.983	0	0	0.07547
34	5	3.585	1	1	-0.6113
34	5	1.615	1	1	0.1969
34	5	5.591	1	1	-1.501
34	5	5.259	1	1	0.1835
34	5	0.1501	1	1	-0.3237
34	5	0.5886	0	0	1.707
34	5	1.816	0	1	-0.8683
34	5	3.631	0	0	1.295
34	5	0.4146	0	0	-0.4593
34	5	0.3965	0	0	1.164
34	5	5.414	0	0	-0.8228
34	5	1.853	1	1	1.565
34	5	0.875	0	0	-0.1413
34	5	1.756	1	0	0.1792
34	5	5.604	1	1	1.399
34	5	1.494	0	0	-1.074
34	5	0.09697	1	1	0.06477
34	5	0.8159	1	1	-0.5409
34	5	1.893	0	1	-0.7151
34	5	0.8528	1	1	-0.5695
34	5	3.454	0	0	0.2067
34	5	3.643	0	0	-0.2284
34	5	0.8581	1	0	-0.193
34	5	0.06288	1	1	0.029
34	5	3.712	1	1	0.3716
34	5	5.5	0	0	0.1162
34	5	0.2283	1	0	-0.7257
34	5	1.777	0	1	0.1373
34	5	2.08	0	0	-0.6382
34	5	1.513	0	1	-1.059
34	5	3.52	0	0	-2.294
34	5	5.393	1	1	-2.54
34	5	5.111	0	0	-0.1525
34	5	0.7216	1	0	1.6
34	5	5.357	0	0	-0.5384
34	5	5.1	1	1	0.1103
34	5	3.67	0	0	2.303
34	5	0.789	1	0	-0.4989
35	5	0.6601	1	0	0.8433
35	5	2.111	1	1	-0.4678
35	5	1.949	0	0	0.1831
35	5	0.3211	0	0	-0.06833
35	5	3.51	1	1	-0.7226
35	5	3.759	0	0	-0.0894
35	5	0.2895	1	0	-0.07455
35	5	1.029	1	1	0.1121
35	5	3.503	0	0	-0.8001
35	5	3.404	0	0	1.832
35	5	3.793	0	0	0.1421
35	5	1.137	0	0	1.441
35	5	1.984	1	0	0.7217
35	5	0.5738	0	1	1.981
35	5	5.344	1	1	0.2515
35	5	0.8146	0	1	-0.893
35	5	3.664	1	1	1.26
35	5	5.108	0	0	0.9734
35	5	0.3389	1	0	0.491
35	5	1.236	1	0	-0.538
35	5	5.211	0	0	-0.0997
35	5	5.199	0	0	-0.5178
35	5	5.634	1	1	-1.417
35	5	5.215	1	1	-0.6946
35	5	1.832	1	0	0.8824
35	5	0.3448	0	0	-0.4519
35	5	5.237	1	1	-0.4681
35	5	3.807	0	0	-0.2152
35	5	1.222	1	1	0.1989
35	5	3.535	0	0	-0.777
35	5	0.1854	0	0	-0.8619
35	5	0.5816	1	1	-0.7784
35	5	5.484	1	1	-0.6109
35	5	1.029	1	1	1.599
35	5	0.9065	0	1	-1.208
35	5	1.9	0	0	0.9974
35	5	3.618	1	1	2.335
35	5	1.744	1	1	-0.7974
35	5	1.143	1	1	0.307
35	5	5.402	0	0	-0.05427
35	5	1.476	0	0	-0.2933
35	5	0.01224	1	0	-1.551
35	5	1.453	0	0	-0.3179
35	5	0.4736	1	1	0.9768
35	5	0.3554	1	1	-0.03989
35	5	5.4	1	1	-0.8546
35	5	3.338	0	0	0.2325
35	5	2.238	0	0	-0.6343
35	5	0.8544	0	0	-0.1715
35	5	1.483	0	0	-1.448
36	5	5.481	0	0	0.4362
36	5	0.8756	0	0	-0.2632
36	5	0.5078	1	1	-0.6223
36	5	3.731	1	1	0.2311
36	5	1.16	1	0	-2.777
36	5	1.793	0	0	0.1481
36	5	1.875	0	1	-0.9718
36	5	0.6663	1	1	-0.6724
36	5	3.659	0	0	-1.388
36	5	5.141	0	0	-0.3545
36	5	1.812	1	1	-1.55
36	5	3.47	0	0	0.4573
36	5	5.318	1	1	-1.691
36	5	0.7488	0	0	-0.419
36	5	0.5483	1	1	0.8208
36	5	0.8493	1	1	-0.2284
36	5	1.516	1	0	-0.3745
36	5	3.216	1	1	-0.9601
36	5	3.492	0	0	-0.3044
36	5	5.467	1	1	-0.9409
36	5	5.929	0	0	-0.2761
36	5	1.664	0	0	0.05573
36	5	3.589	1	1	-1.191
36	5	1.41	1	0	-1.99
36	5	5.773	1	1	0.2588
36	5	1.692	0	0	0.07947
36	5	0.3165	0	1	1.344
36	5	1.831	0	1	1.802
36	5	1.752	1	1	0.8347
36	5	1.154	1	1	1.226
36	5	0.9455	1	1	0.03326
36	5	1.099	0	0	-1.185
36	5	0.5602	1	0	1.43
36	5	3.515	0	0	0.7059
36	5	5.459	1	1	-0.5213
36	5	1.119	1	0	-0.4126
36	5	5.274	1	1	-0.2846
36	5	0.6536	0	1	-1.044
36	5	0.4479	0	0	-0.5552
36	5	5.512	0	0	-0.9756
36	5	1.359	0	0	-0.8138
36	5	0.2336	0	1	0.1874
36	5	5.353	1	1	-0.8326
36	5	0.326	1	0	-2.225
36	5	3.826	0	1	1.73
36	5	1.041	0	0	0.3938
36	5	0.01398	0	1	1.163
36	5	3.434	1	1	-0.8686
36	5	0.6525	0	0	-0.05763
36	5	3.307	0	0	2.433
37	5	0.935	1	0	1.438
37	5	1.949	0	0	0.2816
37	5	1.606	0	1	0.528
37	5	3.515	1	1	-0.1117
37	5	5.414	1	1	-0.1356
37	5	3.578	1	1	-1.456
37	5	3.835	1	1	-0.9284
37	5	0.4256	1	0	-0.1456
37	5	1.653	0	0	-0.1286
37	5	5.324	0	0	-0.06831
37	5	0.2576	1	1	-0.1229
37	5	0.4073	0	0	-0.7371
37	5	1.502	0	1	-0.07805
37	5	3.557	1	0	-0.1164
37	5	2.046	1	1	-0.7696
37	5	0.5228	0	1	-0.1623
37	5	5.38	1	1	-1.146
37	5	0.9396	1	1	-0.269
37	5	5.26	1	1	0.2031
37	5	0.3728	0	0	0.7425
37	5	1.234	0	1	0.1071
37	5	5.463	0	0	-0.2633
37	5	1.469	0	1	0.1191
37	5	0.85	0	0	1.08
37	5	3.346	0	0	0.7905
37	5	0.9759	1	0	0.4746
37	5	0.7121	1	0	-1.17
37	5	0.3258	0	0	-0.6681
37	5	0.9903	0	0	0.6522
37	5	3.477	1	1	0.1666
37	5	2.257	1	1	-1.318
37	5	0.5295	0	0	1.633
37	5	5.098	1	1	-0.3551
37	5	0.4508	0	0	0.3528
37	5	0.7111	0	0	-0.2055
37	5	5.214	0	0	-0.5871
37	5	3.506	0	0	-0.5259
37	5	3.318	0	0	1.187
37	5	0.6398	1	1	2.528
37	5	3.921	0	0	0.41
37	5	0.5489	1	1	-1.284
37	5	2.329	1	1	-0.09556
37	5	1.677	0	0	-0.6291
37	5	5.467	1	1	-0.1834
37	5	0.7902	0	0	0.2807
37	5	1.432	1	1	-1.196
37	5	5.539	0	0	2.005
37	5	1.921	1	1	0.5972
37	5	3.46	1	1	2.364
37	5	5.579	1	1	0.8078
38	5	0.4667	0	1	1.306
38	5	0.5864	0	0	0.2845
38	5	0.9014	1	0	1.044
38	5	5.278	0	0	-0.1557
38	5	0.9937	1	1	0.4397
38	5	5.634	0	0	0.05059
38	5	0.6967	1	1	-0.1101
38	5	3.633	1	1	1.062
38	5	5.49	1	1	0.007772
38	5	5.42	1	1	-0.1488
38	5	1.925	0	0	-1.012
38	5	3.492	0	0	-1.41
38	5	1.886	1	0	-0.4182
38	5	3.646	0	0	-1.21
38	5	0.5253	1	0	0.4681
38	5	1.608	0	1	-0.2241
38	5	3.558	0	0	-0.1898
38	5	1.739	0	0	-1.708
38	5	5.277	0	0	-0.5624
38	5	5.22	0	0	0.217
38	5	3.675	0	0	1.719
38	5	0.7467	0	0	0.9559
38	5	0.1508	1	0	2.043
38	5	0.6092	1	1	-0.2697
38	5	1.158	0	0	0.5422
38	5	0.7494	1	1	-1.663
38	5	0.9006	0	1	-0.02981
38	5	3.337	1	1	1.908
38	5	5.303	1	1	0.6267
38	5	0.464	0	1	0.3972
38	5	0.9458	0	0	1.198
38	5	3.436	0	0	-0.5407
38	5	5.292	0	0	-0.4465
38	5	0.2029	1	0	-0.294
38	5	1.643	1	0	0.2174
38	5	5.015	1	1	-0.3719
38	5	0.1739	1	1	-0.5768
38	5	3.655	0	0	-0.8973
38	5	5.245	1	1	-1.015
38	5	0.2994	1	1	0.07817
38	5	1.503	1	1	0.05451
38	5	2.177	1	1	0.6896
38	5	3.734	1	1	-1.043
38	5	1.946	0	0	-0.513
38	5	1.992	1	1	-0.461
38	5	0.004739	1	0	-0.02536
38	5	0.609	1	1	-0.3209
38	5	3.431	0	0	0.3427
38	5	1.546	0	0	0.7269
39	5	1.934	0	1	2.238
39	5	1.619	0	0	-0.2956
39	5	1.76	1	0	0.02253
39	5	0.7052	0	0	-0.2849
39	5	3.464	0	0	0.5951
39	5	1.266	0	1	-1.169
39	5	0.7854	1	0	-0.1543
39	5	0.9763	0	0	0.5609
39	5	5.544	1	1	-1.841
39	5	3.389	0	0	-0.6889
39	5	3.569	1	1	-0.2009
39	5	5.291	1	1	1.947
39	5	4.845	0	0	0.1432
39	5	1.926	1	0	-0.124
39	5	0.2822	0	0	-1.383
39	5	0.9846	0	0	-0.1589
39	5	1.789	1	0	0.29
39	5	5.361	0	0	0.09114
39	5	3.649	1	1	-0.5791
39	5	1.011	1	1	-0.4994
39	5	0.7296	1	1	-1.122
39	5	0.6733	1	1	0.9678
39	5	1.806	1	1	-1.011
39	5	4.029	1	1	0.9051
39	5	0.1691	0	0	-0.8573
39	5	5.32	0	0	-1.006
39	5	5.274	0	0	-1.066
39	5	3.502	0	0	-1.605
39	5	3.796	1	1	-0.9315
39	5	1.689	1	1	-1.451
39	5	4.98	0	0	-0.08037
39	5	5.432	0	0	-1.394
39	5	3.36	0	1	-0.1675
39	5	3.831	1	1	0.4739
39	5	0.8702	0	0	0.111
39	5	5.767	1	1	1.533
39	5	0.9329	1	0	0.1088
39	5	0.6694	0	0	0.04811
39	5	0.4484	0	1	-1.244
39	5	1.464	1	1	0.7261
39	5	5.126	0	0	-0.3672
39	5	1.694	0	0	-1.307
39	5	0.2848	1	1	0.02666
39	5	2.031	1	1	-1.075
39	5	0.5917	1	1	-0.4195
39	5	0.7849	1	1	-1.235
39	5	1.017	1	1	-0.1547
39	5	0.8576	1	0	0.48
39	5	0.2037	0	1	1.202
39	5	3.86	0	0	-0.7519
40	6	0.7635	0	1	1.053
40	6	3.475	0	1	-0.4763
40	6	5.053	1	1	-2.681
40	6	5.017	1	1	-1.599
40	6	3.415	1	1	-1.337
40	6	5.532	0	0	-1.154
40	6	3.378	1	1	-2.062
40	6	3.509	1	1	-0.959
40	6	1.327	1	1	-1.262
40	6	0.7933	1	1	-1.538
40	6	1.796	1	0	-1.207
40	6	3.534	0	0	1.121
40	6	1.231	0	0	-2.13
40	6	1.842	0	0	-0.6862
40	6	5.412	0	0	-1.502
40	6	3.738	0	0	-1.847
40	6	0.06887	0	0	-1.401
40	6	1.609	1	1	-0.5939
40	6	0.2603	0	0	0.1466
40	6	3.572	0	0	0.8199
40	6	5.528	1	1	0.07599
40	6	3.742	0	0	-0.4071
40	6	3.518	0	0	2.651
40	6	1.556	1	1	1.236
40	6	0.3986	0	1	-0.1806
40	6	1.995	1	1	-0.4223
40	6	1.549	1	1	-0.7172
40	6	0.5498	1	1	-0.2668
40	6	2	1	1	-1.027
40	6	1.639	0	0	-0.5428
40	6	5.646	1	1	0.2168
40	6	0.1841	0	0	0.5395
40	6	0.313	0	0	0.1158
40	6	0.9876	1	0	-0.8266
40	6	0.8947	1	1	1.03
40	6	0.3731	0	0	0.4449
40	6	0.6605	0	0	-0.9883
40	6	0.8386	0	1	0.2025
40	6	5.451	0	0	-0.2777
40	6	0.8083	1	1	0.2922
40	6	3.807	0	0	0.1096
40	6	5.563	0	0	-0.5698
40	6	5.309	1	1	-0.3115
40	6	0.7325	0	1	-0.06304
40	6	0.566	1	0	0.9893
40	6	0.9401	1	1	-0.1777
40	6	1.626	0	0	-0.5538
40	6	1.128	1	0	-0.1952
40	6	1.739	1	1	-0.1222
40	6	5.499	0	0	-1.244
41	6	1.847	1	1	1.186
41	6	3.993	0	0	-0.05208
41	6	1.684	1	1	1.595
41	6	3.283	1	1	0.273
41	6	0.9081	0	1	-0.3738
41	6	1.333	0	0	-0.05513
41	6	3.56	0	1	0.1073
41	6	0.9114	1	1	-0.4068
41	6	0.4359	0	1	-1.205
41	6	1.053	0	1	-0.1131
41	6	0.6341	1	1	-0.03398
41	6	3.197	0	0	1.463
41	6	3.851	0	0	0.7327
41	6	3.74	0	0	0.3328
41	6	4.888	1	1	-0.6154
41	6	4.947	0	0	-0.8719
41	6	0.7089	1	1	-0.4196
41	6	0.7552	1	0	-0.9375
41	6	1.44	1	1	0.413
41	6	1.59	1	1	-0.8531
41	6	5.195	0	0	-0.253
41	6	5.309	0	0	-0.5329
41	6	0.7722	1	1	-0.3876
41	6	0.3341	0	1	0.6035
41	6	1.866	0	0	0.3525
41	6	0.6792	0	0	0.09393
41	6	5.296	0	0	-0.167
41	6	5.326	1	1	-2.381
41	6	1.904	1	0	-0.9395
41	6	1.797	0	0	1.299
41	6	1.85	0	1	-0.3419
41	6	0.7432	0	0	-0.8626
41	6	5.524	1	1	0.1551
41	6	1.866	0	0	-1.449
41	6	1.28	1	0	0.3665
41	6	3.555	1	1	0.3837
41	6	1.675	1	1	-0.35
41	6	0.9841	1	1	-0.3036
41	6	0.4628	1	1	-0.6084
41	6	3.497	0	0	0.2336
41	6	0.6072	1	1	-1.104
41	6	5.071	0	0	0.7511
41	6	3.55	1	1	-0.6063
41	6	5.709	0	0	-0.4809
41	6	0.53	0	1	-0.3424
41	6	3.507	1	1	-0.1066
41	6	0.7296	1	0	-1.478
41	6	5.006	1	1	0.1261
41	6	1.016	0	1	0.1707
41	6	0.1679	0	1	-0.6509
42	6	3.257	0	0	1.105
42	6	1.635	1	1	0.3776
42	6	1.869	0	1	0.9227
42	6	5.442	0	0	0.6003
42	6	5.21	1	1	-0.8381
42	6	1.812	0	0	0.1561
42	6	1.867	0	0	-0.1554
42	6	1.61	0	0	-0.2109
42	6	3.794	1	1	0.6748
42	6	0.7465	1	1	0.02184
42	6	0.4043	1	1	0.672
42	6	1.018	1	1	0.8282
42	6	0.4406	1	1	1.894
42	6	5.228	1	1	-0.3938
42	6	0.598	0	0	0.146
42	6	2.074	0	0	-1.045
42	6	3.261	1	1	0.3014
42	6	0.3962	0	0	-0.5608
42	6	0.6168	1	1	-0.2839
42	6	3.401	0	0	1.38
42	6	0.8757	0	1	-0.3971
42	6	0.7615	1	1	1.499
42	6	0.1759	0	0	-1.53
42	6	1.858	0	1	1.038
42	6	5.635	0	0	0.01341
42	6	5.464	0	0	-0.4944
42	6	0.8633	0	0	-0.9419
42	6	0.7036	0	0	0.2003
42	6	1.87	1	1	-0.4095
42	6	1.794	0	0	-1.016
42	6	3.567	0	0	-0.4651
42	6	0.3012	1	1	0.6627
42	6	3.553	0	0	1.98
42	6	5.393	0	0	0.1701
42	6	5.417	0	0	-0.9917
42	6	5.237	1	1	1.095
42	6	1.629	1	1	-0.284
42	6	5.349	0	1	0.1766
42	6	3.533	1	0	0.02903
42	6	1.23	1	1	-0.6303
42	6	0.4442	1	1	-0.3034
42	6	1.231	0	0	-1.029
42	6	0.5982	1	0	-0.3477
42	6	5.52	1	1	0.6982
42	6	3.927	1	1	1.013
42	6	0.9385	0	1	0.9634
42	6	3.652	1	1	1.118
42	6	3.495	1	1	0.9277
42	6	0.3776	1	0	0.2236
42	6	0.395	1	0	1.291
43	6	1.862	0	0	1.728
43	6	3.359	1	1	0.1442
43	6	3.568	0	1	0.7962
43	6	3.791	1	1	-0.4703
43	6	3.639	0	0	0.1736
43	6	1.927	1	0	0.8142
43	6	1.804	0	1	-0.2766
43	6	0.4163	1	0	-0.1312
43	6	1.793	1	1	1.773
43	6	0.782	1	1	-0.07511
43	6	3.51	1	1	-0.448
43	6	3.797	1	1	0.3467
43	6	1.725	1	1	1.172
43	6	3.723	1	1	1.233
43	6	5.369	0	0	1.226
43	6	0.5481	0	0	-0.1185
43	6	5.613	0	0	-0.5438
43	6	5.23	1	1	0.674
43	6	0.5665	0	0	-1.186
43	6	5.555	0	0	-0.14
43	6	0.5143	0	0	2.878
43	6	5.059	1	1	0.4053
43	6	0.762	1	0	0.6564
43	6	0.7148	0	0	-0.5389
43	6	1.62	0	1	1.281
43	6	1.884	1	0	-0.03089
43	6	1.113	0	1	-0.4386
43	6	0.159	0	0	0.1373
43	6	0.9058	0	1	-1.144
43	6	0.7242	0	1	1.237
43	6	5.464	1	1	0.4356
43	6	0.9603	1	1	-1.079
43	6	1.676	1	1	-0.3242
43	6	3.399	1	1	-2.567
43	6	5.563	0	0	0.7575
43	6	1.024	0	0	-0.9945
43	6	3.546	1	1	-0.0824
43	6	1.852	1	1	0.5151
43	6	0.6488	1	1	-0.7214
43	6	5.276	0	0	0.3829
43	6	0.8417	0	1	0.904
43	6	5.268	1	1	0.4739
43	6	3.948	1	1	-0.9067
43	6	1.589	0	0	2.65
43	6	1.462	0	0	-0.6984
43	6	0.7328	1	1	0.03563
43	6	5.308	0	0	-0.1889
43	6	0.05465	0	0	1.012
43	6	0.515	1	0	-0.3222
43	6	0.6699	0	0	-0.5456
44	6	3.42	1	1	1.731
44	6	5.481	0	0	1.738
44	6	0.3784	1	1	1.439
44	6	1.878	1	1	1.288
44	6	1.16	0	0	-0.7167
44	6	2.064	0	0	-0.4042
44	6	0.8458	0	0	-0.2932
44	6	5.361	1	1	-0.3814
44	6	5.419	1	1	-0.1354
44	6	3.186	1	1	-1.127
44	6	3.213	0	0	1.015
44	6	0.8353	0	0	0.3889
44	6	0.7135	0	0	0.2482
44	6	1.913	1	0	1.003
44	6	0.6461	0	0	0.4404
44	6	1.99	0	0	0.01561
44	6	1.698	1	1	0.6417
44	6	0.7916	0	0	0.1775
44	6	3.676	1	1	0.3056
44	6	5.657	1	1	-0.1807
44	6	5.385	1	1	0.1416
44	6	1.036	1	0	0.4612
44	6	3.787	0	0	-0.5735
44	6	3.489	1	1	-0.3265
44	6	1.669	0	0	-0.2231
44	6	0.8964	1	1	0.09703
44	6	0.2215	0	1	0.009785
44	6	1.94	1	1	-0.6526
44	6	5.127	1	1	-0.3288
44	6	0.9347	1	1	0.9611
44	6	5.703	1	1	-0.4121
44	6	0.3953	1	0	-0.2921
44	6	3.689	0	0	-0.02862
44	6	5.263	1	1	-2.072
44	6	1.831	1	0	1.351
44	6	1.834	0	0	-0.7618
44	6	3.471	0	1	1.649
44	6	0.6995	1	1	1.031
44	6	0.7108	0	0	-0.2915
44	6	1.667	0	0	0.1295
44	6	0.6646	1	1	-1.045
44	6	0.4984	0	0	-0.1583
44	6	0.8759	0	0	-0.2785
44	6	5.414	0	0	2.387
44	6	0.4693	0	1	0.4847
44	6	0.7863	0	0	0.9604
44	6	3.425	0	0	-0.5906
44	6	5.584	1	1	-1.756
44	6	0.212	1	1	2.184
44	6	3.855	0	0	-0.4866
45	6	1.745	0	1	0.3279
45	6	5.242	1	1	-0.1411
45	6	0.5325	0	0	-0.2851
45	6	0.3215	0	0	-0.4493
45	6	1.657	1	1	2.056
45	6	1.567	1	1	0.2161
45	6	1.722	1	0	-1.359
45	6	3.478	0	0	-1.625
45	6	0.8078	1	0	-0.07565
45	6	3.557	0	0	-0.03213
45	6	1.133	0	0	-2.407
45	6	0.6849	0	0	-1.482
45	6	1.004	0	0	0.1703
45	6	5.457	1	1	-0.5766
45	6	0.4262	1	1	-0.9406
45	6	5.252	0	0	-1.473
45	6	0.8604	0	1	-0.8755
45	6	5.318	0	0	-1.405
45	6	3.443	1	1	-0.7277
45	6	3.761	0	1	0.4862
45	6	2.001	1	1	-1.398
45	6	5.015	1	1	-0.6549
45	6	5.298	1	1	-1.008
45	6	2.075	0	0	0.1131
45	6	0.2115	0	0	-0.5246
45	6	0.04622	0	0	-0.5458
45	6	3.256	0	0	-1.278
45	6	0.5664	1	1	-1.306
45	6	1.937	1	0	-1.621
45	6	5.334	0	0	-0.03962
45	6	1.049	1	0	-0.1909
45	6	1.487	0	0	-0.9491
45	6	5.558	1	1	-0.02589
45	6	0.8283	1	1	-1.097
45	6	5.469	1	1	0.07641
45	6	3.434	1	1	0.1644
45	6	0.9491	0	0	-0.7353
45	6	0.2187	1	1	0.5925
45	6	0.5423	0	1	0.1736
45	6	5.581	0	0	-0.478
45	6	0.2823	0	0	0.09675
45	6	3.484	0	0	-1.093
45	6	1.223	1	1	0.115
45	6	1.78	1	1	-0.2352
45	6	0.4941	1	0	0.9252
45	6	1.662	1	1	1.35
45	6	3.572	0	0	-0.5022
45	6	3.775	1	1	0.8695
45	6	1.109	1	1	0.4696
45	6	3.611	0	0	0.9727
46	6	3.622	0	0	1.792
46	6	5.51	1	1	-0.3163
46	6	5.177	0	0	-0.131
46	6	5.415	0	0	-1.764
46	6	0.4532	0	1	-0.1263
46	6	3.535	0	0	-1.109
46	6	3.439	0	1	-1.997
46	6	3.568	1	1	-1.61
46	6	1.547	1	1	-0.7453
46	6	0.9578	1	0	0.4998
46	6	1.927	0	0	-0.107
46	6	0.8169	1	1	0.07301
46	6	1.828	0	1	-2.109
46	6	0.6561	1	1	1.986
46	6	3.412	1	1	-1.95
46	6	3.34	1	1	0.752
46	6	5.476	0	0	-1.097
46	6	5.615	0	0	-0.1476
46	6	1.052	0	1	1.285
46	6	3.639	1	1	-0.02656
46	6	1.045	1	0	-1.465
46	6	1.36	0	0	0.4254
46	6	5.245	1	1	0.2522
46	6	0.8865	1	1	-0.4944
46	6	1.801	0	0	-0.3264
46	6	3.419	1	1	-2.635
46	6	1.97	1	1	0.2433
46	6	0.7432	0	0	0.148
46	6	0.5701	0	0	0.207
46	6	3.572	1	1	-0.49
46	6	0.5748	0	1	0.5127
46	6	0.6799	1	0	-1.611
46	6	0.4471	1	1	-1.898
46	6	5.371	1	1	0.3068
46	6	1.847	1	1	-0.3538
46	6	0.3041	0	1	0.698
46	6	1.012	0	1	-0.544
46	6	0.9574	0	0	0.8405
46	6	1.71	1	0	0.5768
46	6	0.9668	1	1	-0.3817
46	6	3.759	0	0	1.711
46	6	0.273	1	0	-0.5702
46	6	0.654	1	1	0.7665
46	6	1.92	0	0	-0.9792
46	6	0.5359	1	0	-0.3341
46	6	1.046	1	0	-0.471
46	6	5.355	0	0	1.48
46	6	1.584	0	0	0.07877
46	6	5.507	1	1	-2.266
46	6	5.337	0	0	1.24
47	6	3.485	1	0	2.078
47	6	1.872	1	1	0.1438
47	6	1.969	1	1	0.1064
47	6	0.9396	1	1	0.8425
47	6	0.2325	0	1	0.3861
47	6	5.173	1	1	-0.9418
47	6	1.051	1	1	0.4926
47	6	3.586	0	0	0.002213
47	6	3.486	0	0	-0.4771
47	6	3.481	0	0	2.144
47	6	5.478	1	1	0.389
47	6	3.461	1	1	-0.07581
47	6	0.4759	1	0	-0.9402
47	6	5.438	0	0	0.7223
47	6	0.3875	0	0	0.02465
47	6	1.788	0	0	-0.7715
47	6	3.776	0	0	0.5809
47	6	0.8431	1	1	-0.6732
47	6	3.527	0	0	0.1233
47	6	0.2253	1	1	-0.3938
47	6	0.8008	0	0	-0.7762
47	6	0.9194	1	0	-0.4856
47	6	0.7774	1	1	-0.6797
47	6	0.6246	1	0	-0.1451
47	6	0.8118	1	0	-1.045
47	6	0.4044	0	0	0.6591
47	6	5.414	0	0	-0.2394
47	6	0.9402	0	0	-0.7317
47	6	5.236	0	0	1.097
47	6	0.501	0	1	-0.2336
47	6	3.252	1	1	-0.541
47	6	5.502	0	0	-0.06418
47	6	0.3378	1	0	1.853
47	6	1.817	1	0	1.739
47	6	1.418	0	0	-2.63
47	6	0.2864	0	1	-0.4446
47	6	5.381	1	1	-0.5202
47	6	0.2129	0	0	-1.212
47	6	3.717	0	0	-0.1444
47	6	1.882	1	1	2.142
47	6	0.926	1	0	0.8782
47	6	5.085	1	1	0.5564
47	6	5.307	0	0	-1.337
47	6	3.596	1	1	1.015
47	6	1.785	0	0	0.3147
47	6	1.802	0	0	0.3089
47	6	5.64	0	0	-0.5686
47	6	2.102	1	1	2.773
47	6	1.008	1	1	0.6425
47	6	1.608	0	0	-0.1009
48	6	0.2625	0	0	2.266
48	6	5.353	1	1	-0.1913
48	6	0.2619	0	0	0.6751
48	6	3.497	1	1	-0.961
48	6	5.422	1	1	-0.5211
48	6	1.273	0	1	1.115
48	6	4.956	0	0	-0.4052
48	6	1.992	0	0	1.718
48	6	0.8142	0	0	0.05417
48	6	3.651	1	1	0.8271
48	6	1.169	1	0	-0.5267
48	6	5.126	1	1	-0.2329
48	6	0.5693	0	1	-2.036
48	6	0.4456	0	0	0.1103
48	6	0.4973	0	1	0.01854
48	6	0.8465	1	1	-0.1698
48	6	1.22	1	1	-0.9781
48	6	1.667	0	0	-0.1536
48	6	0.01203	1	1	0.4136
48	6	0.8785	0	0	1.716
48	6	5.34	0	0	-1.007
48	6	5.427	1	1	-0.2276
48	6	3.576	1	1	-1.072
48	6	1.89	1	1	-0.605
48	6	0.9391	0	1	0.9777
48	6	1.519	0	0	-0.3448
48	6	3.819	0	0	-0.9149
48	6	2.028	1	0	-0.9481
48	6	1.264	1	0	-1.098
48	6	5.356	1	1	-1.054
48	6	3.593	0	0	-0.3886
48	6	5.602	1	1	-1.354
48	6	0.6734	0	1	0.9715
48	6	2.1	1	1	-2.096
48	6	0.2138	0	0	1.239
48	6	1.71	1	1	0.6656
48	6	3.513	0	0	0.7137
48	6	0.488	1	0	-0.6238
48	6	3.785	1	1	0.5655
48	6	1.16	1	0	0.1015
48	6	0.9543	1	1	0.6954
48	6	0.5634	1	0	0.9093
48	6	3.387	1	1	-0.4289
48	6	5.425	0	0	0.623
48	6	1.794	0	0	2.132
48	6	5.413	0	0	0.05093
48	6	2.131	1	1	-0.4735
48	6	3.633	0	0	0.1673
48	6	0.6853	0	0	-0.8184
48	6	3.525	0	0	0.04274
49	6	0.8125	0	1	0.7112
49	6	0.3002	0	0	0.2144
49	6	0.1086	1	0	0.5149
49	6	3.64	0	0	-0.4225
49	6	1.504	0	0	1.761
49	6	1.233	1	0	-0.7025
49	6	1.053	1	1	-0.3034
49	6	3.54	0	0	-0.361
49	6	5.718	1	1	-1.629
49	6	2.249	1	0	-0.8049
49	6	1.957	1	0	-1.811
49	6	0.5799	1	0	-0.4249
49	6	0.368	1	1	1.514
49	6	5.845	1	1	-4.883
49	6	1.901	0	1	0.7189
49	6	5.481	0	0	0.3142
49	6	5.134	0	0	0.9491
49	6	3.421	1	1	-1.428
49	6	1.075	0	0	-0.6928
49	6	0.6274	1	1	-0.2527
49	6	2.109	0	0	-0.06324
49	6	5.295	0	0	-0.2429
49	6	1.731	1	0	-0.3896
49	6	5.472	1	1	-0.4518
49	6	0.337	1	0	-0.3812
49	6	5.518	0	0	-0.9056
49	6	0.3727	0	0	-0.155
49	6	1.126	0	0	0.0481
49	6	5.312	1	1	-2.283
49	6	3.851	0	0	-2.02
49	6	3.402	0	0	-0.5342
49	6	5.847	1	1	0.7639
49	6	5.227	1	1	-0.7658
49	6	1.959	1	1	-0.8422
49	6	1.348	1	0	0.8451
49	6	3.454	0	0	2.564
49	6	3.802	0	0	-0.04358
49	6	1.709	1	1	2.249
49	6	1.688	0	0	0.07946
49	6	1.017	1	0	0.1214
49	6	3.42	1	1	-0.4527
49	6	0.4762	0	0	-0.2839
49	6	3.694	0	0	-1.075
49	6	3.113	1	1	-1.83
49	6	0.4689	0	1	0.6469
49	6	0.9244	1	0	-1.732
49	6	1.22	0	0	0.7015
49	6	0.7008	0	1	-0.2356
49	6	1.875	0	0	1.591
49	6	0.2041	1	1	-0.7879
