0	2	3.89	1	0	1.254
0	2	3.74	0	0	1.67
0	2	0.8188	0	1	1.978
0	2	1.862	1	1	-0.7815
0	2	1.663	1	0	0.005955
0	2	3.756	1	0	-0.4893
0	2	1.768	0	0	-0.4689
0	2	3.52	1	1	-0.0109
0	2	0.6433	1	0	-0.4732
0	2	3.598	1	1	1.002
0	2	0.5966	0	0	0.9392
0	2	5.488	0	0	-1.079
0	2	5.67	1	0	0.5748
0	2	1.892	0	0	0.02578
0	2	5.14	0	0	-0.1293
0	2	5.7	1	1	1.503
0	2	3.661	1	1	0.3985
0	2	0.6774	1	1	0.4558
0	2	5.069	1	1	-0.02144
0	2	0.7339	0	0	-0.09642
0	2	0.7456	0	0	-0.3781
0	2	5.975	1	1	-0.437
0	2	0.4892	1	1	0.9268
0	2	0.3188	0	0	-1.291
0	2	0.8796	1	1	-0.502
0	2	0.913	0	1	-0.3753
0	2	0.9225	1	0	0.7804
0	2	5.345	0	0	0.05829
0	2	0.7455	1	1	0.7258
0	2	3.874	1	1	-0.2637
0	2	3.764	0	0	-0.3346
0	2	0.692	0	1	-0.5556
0	2	5.353	0	0	0.3356
0	2	0.9738	1	0	-0.1987
0	2	1.207	0	1	0.1875
0	2	0.06156	1	1	0.08203
0	2	1.658	0	0	0.4045
0	2	0.9029	0	1	0.8988
0	2	1.806	1	0	1.728
0	2	1.757	0	0	1.596
0	2	3.777	0	0	1.093
0	2	0.3818	0	1	0.3796
0	2	1.393	0	1	0.6801
0	2	3.692	1	1	2.338
0	2	5.05	0	0	2.831
0	2	5.228	0	0	0.4762
0	2	0.1119	0	1	1.691
0	2	1.785	1	1	1.923
1	2	1.876	1	0	0.845
1	2	2.169	1	1	0.5216
1	2	0.7959	0	0	-0.2318
1	2	3.608	0	0	0.2045
1	2	1.34	1	1	-1.042
1	2	0.6833	0	0	1.063
1	2	5.377	1	1	2.318
1	2	0.5556	0	1	1.565
1	2	0.5384	1	1	1.58
1	2	5.224	1	1	-0.4752
1	2	1.735	1	0	1.071
1	2	1.543	0	0	1.511
1	2	3.585	0	0	0.2227
1	2	1.329	1	0	0.6192
1	2	3.719	0	0	-0.2607
1	2	5.304	0	0	0.5932
1	2	1.688	1	1	0.7714
1	2	1.083	0	0	-0.9091
1	2	3.811	1	1	0.1958
1	2	1.843	1	0	0.08025
1	2	0.4059	1	1	1.021
1	2	0.3493	0	1	0.8087
1	2	0.8405	0	1	0.1832
1	2	2.069	1	0	0.9249
1	2	1.769	0	0	0.1869
1	2	3.696	0	0	-0.287
1	2	3.737	1	0	0.02603
1	2	5.359	0	0	-0.763
1	2	5.273	1	1	-0.008562
1	2	0.8886	0	0	-0.2656
1	2	5.382	1	1	-0.2767
1	2	5.606	1	1	0.1803
1	2	1.479	1	1	0.1055
1	2	0.8703	0	0	0.4539
1	2	0.04933	1	0	1.037
1	2	1.007	0	0	0.3146
1	2	5.26	1	1	0.4446
1	2	3.672	1	0	2.172
1	2	0.5839	1	0	0.04221
1	2	3.191	0	0	0.4499
1	2	0.2919	0	0	1.101
1	2	3.501	1	0	-0.3856
1	2	5.315	0	0	0.7178
1	2	0.131	0	0	1.784
1	2	5.595	0	0	1.378
2	2	3.61	0	0	1.18
2	2	3.57	0	0	0.1679
2	2	0.4576	1	0	0.43
2	2	0.545	1	1	-0.469
2	2	1.745	0	0	0.5056
2	2	1.778	1	0	-0.2609
2	2	1.829	1	1	-0.7573
2	2	0.6284	0	0	0.5261
2	2	1.663	0	0	0.275
2	2	1.098	1	0	0.3439
2	2	0.3102	0	1	0.2523
2	2	5.471	1	1	-0.05422
2	2	0.6882	1	0	0.4079
2	2	5.362	1	0	0.5296
2	2	5.067	1	1	0.5207
2	2	0.7414	1	0	0.1343
2	2	3.415	0	0	0.2115
2	2	0.8322	1	1	2.199
2	2	1.374	0	0	-0.6462
2	2	3.363	0	0	-0.3893
2	2	0.5944	1	0	3.036
2	2	1.867	0	0	-0.7788
2	2	0.8133	0	0	1.597
2	2	0.1304	1	0	0.5954
2	2	0.7612	0	1	0.3721
2	2	3.23	0	0	-0.6288
2	2	5.202	0	0	0.6215
2	2	1.489	1	0	-0.4819
2	2	5.361	1	1	0.08343
2	2	5.23	0	0	0.02516
2	2	3.327	0	0	0.8559
2	2	5.344	1	1	0.5834
2	2	3.78	1	0	0.3776
2	2	1.974	1	0	1.722
2	2	0.887	0	0	0.6224
2	2	3.462	0	0	0.484
2	2	0.8357	0	0	1.718
2	2	0.8047	0	0	1.87
2	2	1.584	1	1	1.415
2	2	1.613	1	0	1.247
2	2	1.782	0	1	0.2484
2	2	5.612	1	1	2.529
2	2	5.379	1	1	0.1983
2	2	0.2781	1	0	0.07912
2	2	3.731	1	1	0.6906
2	2	3.502	0	0	0.104
2	2	1.071	0	0	0.8187
2	2	5.451	0	0	-0.04191
3	2	4.745	0	0	1.87
3	2	1.503	1	0	0.1277
3	2	3.334	1	1	-0.3774
3	2	1.624	1	1	0.8539
3	2	0.6317	1	0	-0.7491
3	2	3.778	0	0	0.7984
3	2	1.669	1	0	0.2195
3	2	5.546	0	0	0.3929
3	2	0.3187	0	0	0.007174
3	2	1.99	0	0	-1.482
3	2	0.7646	0	0	-1.249
3	2	5.658	0	0	-0.8729
3	2	1.139	1	1	2.239
3	2	0.7317	0	1	0.5906
3	2	5.227	0	0	-1.314
3	2	3.64	0	0	0.8372
3	2	5.507	0	0	-0.3272
3	2	3.463	0	0	1.205
3	2	3.467	0	1	-0.06315
3	2	5.465	0	0	0.9048
3	2	2.271	1	1	-0.7622
3	2	2.075	1	0	0.8691
3	2	0.3884	0	0	-0.03551
3	2	0.5769	0	0	1.101
3	2	1.599	1	0	0.1209
3	2	0.8597	0	0	0.1898
3	2	3.304	0	0	-0.5584
3	2	2.016	0	0	-0.1909
3	2	5.38	1	1	1.479
3	2	0.5866	0	0	1.884
3	2	0.6247	1	0	1.719
3	2	3.583	1	1	0.5941
3	2	3.568	1	1	0.3684
3	2	1.618	0	0	1.379
3	2	0.6393	1	1	1.277
3	2	0.3205	1	1	0.7191
3	2	0.2854	0	0	-0.1698
3	2	3.861	1	1	1.641
3	2	0.8169	1	1	0.6174
3	2	5.563	0	0	0.2952
3	2	0.465	1	1	2.608
3	2	0.3868	1	0	1.98
3	2	0.7128	0	1	1.193
3	2	5.514	1	1	-0.952
3	2	3.716	1	0	2.238
3	2	2.068	0	0	-0.6111
3	2	0.3143	0	0	-0.239
3	2	0.6563	1	0	0.2329
4	2	5.487	1	1	1.245
4	2	3.202	1	1	1.501
4	2	1.78	0	0	0.3481
4	2	1.04	1	1	2.561
4	2	0.7591	0	0	0.7014
4	2	0.6129	1	0	1.205
4	2	5.6	1	1	0.9855
4	2	3.601	1	0	0.299
4	2	3.624	0	0	-0.005662
4	2	1.754	1	0	0.9452
4	2	0.1513	0	0	-0.1243
4	2	0.3692	0	0	0.3102
4	2	1.268	0	0	-0.1566
4	2	0.3671	1	1	1.303
4	2	1.703	0	0	1.527
4	2	3.256	0	0	0.1945
4	2	1.652	0	0	0.2739
4	2	3.663	0	0	0.07386
4	2	5.446	1	1	1.877
4	2	3.665	1	0	0.2176
4	2	5.583	0	0	-0.7063
4	2	5.503	1	1	0.3797
4	2	3.496	0	0	-0.2633
4	2	1.206	1	0	0.6563
4	2	1.867	1	0	0.9331
4	2	0.639	1	0	0.3646
4	2	1.872	0	0	0.4329
4	2	0.5139	1	1	-0.3683
4	2	3.673	0	0	-1.236
4	2	1.744	0	0	0.1696
4	2	4.677	1	1	-1.49
4	2	5.383	0	0	0.9809
4	2	1.06	1	1	0.5298
4	2	0.4636	1	0	0.6124
4	2	0.6081	1	1	-2.51
4	2	0.1662	0	0	-0.07534
4	2	5.193	0	0	-0.6535
4	2	3.756	0	0	1.187
4	2	0.5865	0	1	0.353
4	2	0.2501	0	1	0.6781
4	2	0.7074	1	0	0.7342
4	2	0.8419	1	0	0.1084
4	2	1.691	1	1	0.4234
4	2	3.617	0	0	0.06468
4	2	0.4219	0	0	0.1872
4	2	5.334	1	1	0.5713
4	2	2.22	1	1	0.121
5	2	4.981	0	0	2.284
5	2	0.2733	1	1	0.1265
5	2	3.693	0	0	-1.047
5	2	0.4766	0	0	0.588
5	2	3.906	0	0	-0.8629
5	2	1.966	0	1	0.3105
5	2	5.027	1	1	-0.2973
5	2	3.573	0	0	1.121
5	2	1.435	0	1	0.1216
5	2	0.5302	0	0	0.8022
5	2	0.2143	1	0	-1.082
5	2	1.731	1	1	1.413
5	2	0.5092	1	0	0.738
5	2	5.33	0	0	-0.5584
5	2	3.531	1	1	1.342
5	2	5.568	1	1	-0.004106
5	2	3.72	1	1	-0.9856
5	2	3.596	1	1	-0.1295
5	2	0.4788	0	0	-0.04146
5	2	5.56	1	0	0.07263
5	2	1.194	0	0	0.02652
5	2	0.3776	0	0	-1.684
5	2	0.8286	1	0	1.264
5	2	0.8001	1	0	0.05271
5	2	3.416	1	1	-0.06087
5	2	0.696	0	1	0.7254
5	2	1.118	0	0	1.065
5	2	1.654	1	0	-0.2884
5	2	0.8845	0	0	0.3482
5	2	3.867	0	0	0.6402
5	2	5.458	0	0	0.5202
5	2	0.6221	0	0	2.456
5	2	5.232	0	0	0.0804
5	2	1.033	1	1	3.831
5	2	3.523	0	0	-2.721
5	2	3.474	0	0	0.2648
5	2	5.424	0	0	-0.02327
5	2	1.757	1	0	1.266
5	2	0.4873	0	0	1.012
5	2	0.9209	1	1	1.116
5	2	0.1705	0	0	0.9962
5	2	1.637	1	1	0.9869
5	2	1.897	1	1	1.196
5	2	1.918	0	0	-0.5467
5	2	1.985	0	0	-0.5479
6	2	1.797	0	0	0.2698
6	2	0.3386	1	1	0.876
6	2	5.786	0	0	-0.5813
6	2	3.896	1	1	0.3169
6	2	1.045	0	0	-0.09576
6	2	0.9998	0	0	0.5587
6	2	5.33	0	0	-0.3243
6	2	1.964	0	0	0.2213
6	2	0.1973	0	1	0.5991
6	2	5.359	0	0	0.7058
6	2	0.7362	0	0	1.202
6	2	3.384	1	1	0.5199
6	2	3.721	1	0	0.5141
6	2	1.764	1	1	0.03114
6	2	0.4328	1	1	1.22
6	2	0.2017	0	0	0.2389
6	2	0.5132	1	0	0.9718
6	2	3.552	1	1	-0.02456
6	2	3.908	1	0	1.461
6	2	0.851	0	0	-0.2261
6	2	1.598	1	0	0.2428
6	2	1.577	1	1	-0.9219
6	2	3.691	0	0	-0.652
6	2	0.9986	1	0	2.364
6	2	0.4011	1	1	0.5852
6	2	1.658	1	1	0.9827
6	2	0.5736	1	0	0.9019
6	2	1.782	1	1	0.4274
6	2	0.9593	1	0	1.131
6	2	3.541	1	1	-0.4533
6	2	0.656	0	1	1.072
6	2	1.126	0	0	0.2877
6	2	3.49	1	0	0.8738
6	2	0.7228	0	0	-0.4629
6	2	5.302	1	1	0.5286
6	2	0.9402	1	1	0.6282
6	2	0.9784	0	0	-0.1577
6	2	3.228	0	1	1.214
6	2	5.673	0	0	-0.6883
6	2	1.901	1	0	-1.267
6	2	1.883	0	0	0.2148
6	2	0.2026	0	0	2.969
6	2	5.352	1	1	-0.1686
6	2	5.828	0	0	-0.2184
6	2	5.151	0	0	0.9389
6	2	1.44	0	0	0.9083
6	2	3.122	1	1	-0.0841
6	2	0.6057	0	1	3.863
6	2	5.463	1	1	-0.3553
6	2	5.266	0	0	-0.1549
7	2	5.352	0	0	-0.7222
7	2	1.536	1	0	0.8147
7	2	1.895	1	1	-0.3355
7	2	1.637	1	1	0.3539
7	2	0.5153	1	0	0.5585
7	2	3.545	1	1	-1.121
7	2	0.1317	0	1	0.1299
7	2	0.403	1	0	0.6837
7	2	0.8775	0	0	-0.07997
7	2	0.4341	0	0	-0.08484
7	2	5.272	1	1	-0.6162
7	2	0.8933	0	1	-0.2973
7	2	3.723	1	1	-1.077
7	2	0.4623	1	1	0.4084
7	2	5.373	0	0	0.7022
7	2	3.574	0	0	0.7266
7	2	0.6911	0	0	-0.7036
7	2	5.404	1	1	1.123
7	2	3.742	0	0	0.4475
7	2	0.5792	0	0	0.5022
7	2	2.22	1	0	0.1398
7	2	5.404	1	1	-0.8575
7	2	0.7432	0	0	-1.112
7	2	5.554	0	0	1.001
7	2	3.801	0	0	-0.0873
7	2	1.147	0	0	0.2566
7	2	0.6453	1	0	0.2277
7	2	3.625	0	1	2.917
7	2	3.602	1	1	-0.3356
7	2	1.639	1	1	1.806
7	2	5.422	1	1	-0.09202
7	2	3.655	1	1	0.2696
7	2	0.09532	0	0	2.638
7	2	3.486	1	1	-0.2777
7	2	0.8846	0	0	1.166
7	2	1.91	0	1	0.9206
7	2	2.235	1	0	0.185
7	2	0.4052	0	1	0.4554
7	2	3.551	1	1	-0.07612
7	2	0.5612	1	1	-0.005048
7	2	5.484	1	1	-0.732
7	2	1.778	0	0	0.7708
7	2	5.44	0	0	1.029
7	2	0.9191	1	0	0.3012
7	2	1.067	1	0	0.5221
7	2	1.612	0	1	0.03667
7	2	1.735	1	1	-0.5739
7	2	5.805	0	0	0.205
8	2	0.9917	0	1	1.229
8	2	0.9661	0	0	0.4043
8	2	3.507	0	0	0.02749
8	2	1.781	0	0	-0.8176
8	2	1.67	1	0	-0.1162
8	2	1.959	0	0	-0.4448
8	2	3.277	1	1	-0.2612
8	2	1.288	0	0	-1.491
8	2	0.6928	0	0	-0.3809
8	2	3.637	1	0	1.267
8	2	0.7535	0	0	-0.3683
8	2	4.961	1	1	0.7829
8	2	5.263	1	1	-1.659
8	2	3.614	0	0	0.09349
8	2	0.07013	0	0	-0.8206
8	2	2.2	0	0	0.08371
8	2	2.141	1	0	-0.4446
8	2	1.989	0	0	-0.3175
8	2	5.453	0	0	-0.8786
8	2	5.41	1	1	-0.1923
8	2	3.386	1	1	0.6094
8	2	3.572	0	0	-0.5903
8	2	5.438	1	1	1.045
8	2	0.2156	1	1	1.581
8	2	5.409	0	0	-0.9723
8	2	0.4999	1	0	0.2083
8	2	0.4616	1	1	-1.07
8	2	0.9756	0	0	0.4334
8	2	1.957	1	1	-0.7569
8	2	0.4669	1	0	0.6629
8	2	0.5649	0	1	1.643
8	2	0.4154	0	0	-0.135
8	2	0.4135	0	0	0.3697
8	2	1.592	1	1	0.3029
8	2	0.3751	0	0	0.5912
8	2	5.284	0	0	0.334
8	2	1.183	1	0	0.5453
8	2	1.218	0	0	-1.028
8	2	3.37	0	0	0.4552
8	2	3.28	1	1	0.5715
8	2	1.557	1	0	0.413
8	2	0.902	1	0	-0.05868
8	2	0.2838	0	0	0.05315
8	2	3.919	0	0	-1.355
8	2	5.348	0	0	0.7876
8	2	5.516	1	1	0.05676
9	2	0.948	0	0	0.7137
9	2	0.02181	1	0	-0.7494
9	2	1.959	0	0	0.2975
9	2	1.654	0	0	0.4599
9	2	3.543	0	0	-0.03849
9	2	3.46	0	0	-0.1352
9	2	5.762	0	0	0.9695
9	2	1.003	0	1	1.428
9	2	5.184	1	1	-0.754
9	2	3.714	1	1	-0.3979
9	2	0.2646	1	0	1.08
9	2	0.8175	0	0	0.4343
9	2	3.505	0	0	-0.2167
9	2	1.009	1	0	0.5488
9	2	3.544	1	1	0.5664
9	2	0.816	0	1	0.6198
9	2	0.8181	0	0	-0.0002377
9	2	0.7606	0	0	-0.3096
9	2	0.3791	0	0	-0.4003
9	2	5.53	1	0	1.423
9	2	0.4418	0	0	-0.8119
9	2	0.8992	0	0	0.2171
9	2	0.8739	1	0	1.097
9	2	0.4186	0	0	-2.277
9	2	5.231	0	0	0.2272
9	2	5.163	1	1	-1.409
9	2	5.953	1	1	1.21
9	2	1.867	0	0	0.5505
9	2	5.311	1	1	-0.4064
9	2	0.2349	1	0	0.1654
9	2	1.977	1	1	0.4348
9	2	2	0	0	1.475
9	2	2.225	1	1	1.409
9	2	3.486	1	1	0.6758
9	2	1.749	0	0	-0.5202
9	2	3.643	1	1	0.215
9	2	1.031	0	0	0.01341
9	2	5.099	1	1	3.173
9	2	0.8912	0	0	1.439
9	2	1.839	0	0	1.069
9	2	3.507	1	1	0.7606
9	2	0.2796	1	0	0.4266
9	2	1.072	1	0	0.8593
9	2	5.59	0	0	-0.1088
9	2	5.257	1	1	1.504
9	2	1.64	0	1	1.101
9	2	3.582	0	0	1.211
9	2	3.367	1	0	-0.8072
10	3	1.233	0	1	3.736
10	3	5.033	0	0	0.2928
10	3	5.274	0	0	-0.3651
10	3	3.796	1	1	-0.1482
10	3	0.9597	0	0	-0.05614
10	3	0.4212	1	1	0.01283
10	3	0.2389	0	0	-0.5233
10	3	1.692	0	0	-0.5539
10	3	3.731	1	1	-0.212
10	3	3.456	1	1	-0.3604
10	3	5.286	1	1	-2.451
10	3	0.6241	1	1	0.6962
10	3	3.667	1	1	0.788
10	3	2.084	0	0	0.5722
10	3	0.5124	1	0	-0.7308
10	3	0.7977	1	0	1.247
10	3	5.525	0	0	-0.7539
10	3	3.57	1	1	-0.4465
10	3	1.058	1	1	-0.1368
10	3	2.019	0	0	0.5695
10	3	0.9317	0	0	-0.3472
10	3	5.283	0	0	-0.278
10	3	0.9432	0	0	0.004895
10	3	3.718	1	1	-0.302
10	3	3.486	1	1	-0.7571
10	3	1.593	1	0	0.1147
10	3	2.173	0	0	-0.7375
10	3	3.314	1	1	-0.2467
10	3	0.7413	0	1	0.2925
10	3	1.763	0	0	0.7355
10	3	5.558	0	0	-0.6696
10	3	0.1761	0	0	-0.1415
10	3	0.4732	1	0	0.7211
10	3	0.4971	1	1	0.0626
10	3	5.345	1	1	-0.6531
10	3	0.452	0	0	0.02311
10	3	3.641	1	1	-1.529
10	3	3.552	0	0	-0.2217
10	3	1.719	0	0	-0.06929
10	3	0.5307	1	1	2.309
10	3	5.416	1	1	0.02736
10	3	0.6848	1	1	0.05699
10	3	0.4164	0	0	-0.1368
10	3	5.501	1	1	0.7639
10	3	5.411	0	0	0.1422
10	3	2.187	0	0	-0.3264
10	3	1.491	1	0	-0.1734
10	3	1.446	0	0	-1.241
10	3	1.151	0	0	-1.331
10	3	0.3749	1	0	0.443
11	3	5.249	0	0	0.6505
11	3	5.662	1	1	0.7944
11	3	2.12	0	0	-0.5213
11	3	0.4133	1	0	2.23
11	3	2.045	0	1	0.6911
11	3	1.716	0	0	-0.525
11	3	1.509	1	1	-0.275
11	3	3.489	0	0	0.6175
11	3	1.603	1	1	-0.1037
11	3	5.315	0	0	1.661
11	3	3.415	1	1	0.08073
11	3	5.403	1	1	-0.44
11	3	3.767	1	0	0.9491
11	3	0.9944	1	0	-0.9171
11	3	1.623	1	1	1.131
11	3	0.7044	0	0	0.4443
11	3	0.4275	1	1	-0.2048
11	3	2.012	0	0	-0.5518
11	3	0.9071	0	0	0.7503
11	3	0.6505	1	0	1.718
11	3	3.877	0	0	-2.113
11	3	2.351	1	1	-0.04213
11	3	3.786	1	1	0.9398
11	3	0.6759	1	0	-1.959
11	3	1.75	1	0	1.326
11	3	1.035	0	0	-1.732
11	3	0.4981	0	0	1.487
11	3	0.5165	0	0	1.972
11	3	2.141	0	1	1.749
11	3	0.6167	0	0	-0.3659
11	3	0.4346	0	0	0.667
11	3	3.949	1	1	-0.1329
11	3	3.513	1	1	0.2861
11	3	5.14	1	1	0.5878
11	3	3.611	1	1	0.4209
11	3	5.338	1	1	0.9095
11	3	0.5715	0	0	0.8513
11	3	0.8069	0	0	0.1027
11	3	0.6567	1	0	0.5561
11	3	0.4871	1	0	0.08681
11	3	1.009	0	1	-1.898
11	3	0.7573	1	0	-0.5835
11	3	3.646	0	0	-0.2062
11	3	5.544	0	0	-0.8006
11	3	0.5685	0	1	0.07124
11	3	0.8195	0	0	-0.4375
11	3	5.548	0	0	-0.7955
11	3	5.748	1	1	1.206
11	3	3.412	1	1	0.9623
11	3	5.251	0	0	-0.9632
12	3	0.4192	1	1	1.849
12	3	5.31	0	0	-1.988
12	3	5.407	0	0	-0.02054
12	3	5.518	0	0	1.105
12	3	0.3433	1	1	-0.5334
12	3	1.894	1	1	0.7752
12	3	3.808	0	1	0.2742
12	3	3.844	0	0	-0.6162
12	3	1.91	1	1	-0.2527
12	3	0.5388	1	0	-0.9893
12	3	0.5312	0	0	0.05976
12	3	1.707	0	0	-1.969
12	3	0.8383	1	1	1.976
12	3	5.297	0	0	-0.103
12	3	0.7242	1	1	0.03663
12	3	3.585	0	1	0.1756
12	3	0.8548	0	0	-0.1247
12	3	4.221	0	0	0.2666
12	3	0.7107	1	1	0.3152
12	3	0.4543	0	0	-0.645
12	3	0.3965	0	0	-0.771
12	3	3.752	0	0	0.3382
12	3	0.778	0	0	-1.093
12	3	0.4816	0	0	-0.228
12	3	0.9807	0	0	0.471
12	3	0.4317	0	1	0.9392
12	3	3.289	1	1	-1.083
12	3	1.116	0	0	-0.9329
12	3	5.765	0	0	-1.353
12	3	3.478	1	1	-0.04978
12	3	0.789	0	1	1.026
12	3	2.298	1	1	-0.6617
12	3	2.003	1	0	2.039
12	3	5.52	0	0	-2.926
12	3	5.478	1	1	-0.9846
12	3	5.29	1	1	0.2466
12	3	5.59	0	0	-0.8687
12	3	1.733	1	1	-0.5236
12	3	3.527	1	1	1.277
12	3	0.3222	1	0	1.888
12	3	1.873	1	1	-1.086
12	3	0.7384	1	1	-0.258
12	3	1.777	1	1	-0.1974
12	3	5.534	0	0	-0.9964
12	3	1.868	1	1	0.8318
12	3	3.679	1	1	-0.03502
12	3	0.222	0	0	0.9264
12	3	2.122	1	0	1.353
12	3	0.9513	1	1	0.5098
12	3	3.643	1	1	-1.348
13	3	0.6865	1	0	1.358
13	3	1.764	0	0	-0.07991
13	3	5.556	1	1	-0.4181
13	3	0.6567	1	0	0.2182
13	3	1.913	1	1	-0.5706
13	3	1.02	0	0	-1.054
13	3	1.058	1	0	0.5109
13	3	1.885	0	0	0.5377
13	3	3.729	0	0	-1.828
13	3	1.028	1	1	0.9096
13	3	3.687	0	0	-0.00414
13	3	5.389	0	0	-0.2128
13	3	1.577	1	1	-0.7383
13	3	0.7855	1	1	-0.3327
13	3	5.058	1	1	-2.223
13	3	2.132	0	0	0.7935
13	3	5.407	0	0	0.2365
13	3	3.817	1	1	-0.5832
13	3	3.366	0	0	-1.246
13	3	3.67	0	0	-1.326
13	3	1.952	0	0	1.684
13	3	0.8546	0	0	-2.095
13	3	3.41	0	0	-1.108
13	3	0.5946	1	0	0.9739
13	3	3.613	1	1	-1.411
13	3	5.173	1	1	-0.6306
13	3	5.457	1	1	-1.673
13	3	1.995	0	0	0.1891
13	3	5.283	0	0	-0.6864
13	3	0.691	1	1	-0.6561
13	3	0.9698	0	1	0.2848
13	3	0.4027	1	0	-0.6837
13	3	4.976	0	0	-0.84
13	3	0.8523	0	0	1.455
13	3	5.494	0	0	0.7313
13	3	0.4303	0	1	-1.405
13	3	1.97	0	0	0.3798
13	3	1.791	1	1	-0.3998
13	3	1.272	1	1	-1.182
13	3	1.985	0	0	-1.188
13	3	0.9864	1	1	-0.06949
13	3	3.436	1	1	-2.279
13	3	0.4621	0	0	-1.387
13	3	1.306	1	0	-0.5073
13	3	3.484	1	1	-1.238
13	3	5.444	1	1	-1.113
13	3	0.6798	0	0	-0.3317
13	3	0.3932	1	1	0.01381
13	3	3.68	1	1	-0.3643
13	3	0.4818	0	0	-0.07782
14	3	1.01	0	0	0.7384
14	3	0.3939	0	0	-0.2095
14	3	5.38	1	1	0.08911
14	3	0.4969	1	1	0.4964
14	3	3.462	1	1	1.036
14	3	0.8724	1	0	0.2545
14	3	2.148	1	0	0.2578
14	3	5.48	0	0	0.3728
14	3	0.7121	0	0	-0.5079
14	3	1.676	1	0	-0.8848
14	3	0.8694	0	0	-1.337
14	3	0.3582	1	0	1.444
14	3	0.7434	1	0	0.1106
14	3	0.9054	1	1	-0.2941
14	3	1.588	0	0	-1.04
14	3	0.4582	0	0	-0.08217
14	3	0.2242	1	0	0.931
14	3	5.503	0	0	-0.5304
14	3	0.4725	1	1	-0.9226
14	3	5.473	0	0	-0.3201
14	3	1.596	1	1	0.1304
14	3	0.7039	0	0	-1.83
14	3	5.222	0	0	-0.5551
14	3	3.414	0	0	0.2337
14	3	5.336	0	0	0.1909
14	3	1.546	1	1	-0.4057
14	3	3.614	0	0	0.2788
14	3	1.905	0	0	-0.04464
14	3	0.8411	1	0	-0.5171
14	3	2.081	0	1	-0.004392
14	3	1.592	0	0	-0.5755
14	3	0.7329	1	1	1.209
14	3	3.294	0	0	-0.6319
14	3	0.7919	1	0	0.7421
14	3	0.9827	1	1	-0.9567
14	3	0.8256	1	1	-2.143
14	3	3.588	1	1	-0.5144
14	3	1.724	0	0	-0.398
14	3	5.487	1	1	0.2598
14	3	0.1789	1	0	0.5959
14	3	1.795	1	1	0.181
14	3	3.581	1	1	-0.5153
14	3	3.6	0	0	-0.1144
14	3	5.414	1	1	0.407
14	3	3.208	0	0	-1.69
14	3	3.377	0	0	3.181
14	3	5.276	0	0	-0.6599
14	3	3.535	1	1	0.4525
14	3	5.392	1	1	-0.7534
15	3	0.519	1	1	2.231
15	3	5.518	0	0	-0.8937
15	3	0.7073	0	1	-0.04521
15	3	0.3898	1	0	-0.2375
15	3	0.3188	1	1	0.8593
15	3	0.9916	1	1	0.4135
15	3	3.822	0	0	-0.09626
15	3	5.406	1	1	-0.9972
15	3	1.055	0	0	-0.6206
15	3	1.91	0	0	0.117
15	3	5.682	1	1	0.2219
15	3	0.7557	0	0	-0.9641
15	3	0.4643	1	0	1.575
15	3	1.911	0	1	0.7877
15	3	5.298	1	0	0.4126
15	3	5.336	0	0	0.06713
15	3	1.755	0	1	0.8598
15	3	1.778	0	0	-0.569
15	3	1.187	1	0	1.889
15	3	3.32	0	0	0.8504
15	3	0.8495	0	0	-0.2399
15	3	0.4937	0	0	-0.07762
15	3	3.294	1	0	0.6405
15	3	5.725	0	0	-0.4297
15	3	0.776	0	0	-0.205
15	3	3.532	1	0	0.9843
15	3	3.809	1	1	-0.7487
15	3	2.419	1	0	-0.8189
15	3	3.432	1	1	-0.8152
15	3	0.505	1	0	0.3148
15	3	1.749	1	0	-0.448
15	3	3.773	1	1	0.01331
15	3	0.1233	0	1	-0.1537
15	3	3.869	1	1	0.4842
15	3	1.695	1	0	-0.04258
15	3	3.957	0	0	-1.012
15	3	5.206	0	1	1.369
15	3	5.18	1	1	-1.59
15	3	5.499	1	1	-1.427
15	3	0.9962	0	0	0.02572
15	3	2.1	0	0	-0.9022
15	3	0.3758	0	0	-0.04219
15	3	1.535	1	0	3.251
15	3	5.556	0	0	0.1519
15	3	0.6652	0	1	-0.0532
15	3	0.679	0	0	-2.053
15	3	1.848	0	0	0.6863
15	3	3.924	1	1	-0.7367
16	3	0.4635	0	0	-0.2494
16	3	1.766	0	1	-0.003704
16	3	0.2741	0	0	0.1523
16	3	5.285	1	1	0.2988
16	3	0.5936	1	0	1.458
16	3	0.6827	0	1	1.267
16	3	3.603	0	0	-0.4919
16	3	0.0493	1	1	0.9028
16	3	3.905	1	1	-0.2486
16	3	5.682	0	0	0.3968
16	3	0.8617	0	1	0.1282
16	3	0.4347	0	0	-1.12
16	3	3.678	1	1	0.4215
16	3	5.614	1	1	-0.499
16	3	2.088	1	0	-1.365
16	3	3.406	1	0	1.297
16	3	0.3195	0	1	0.3389
16	3	3.42	0	0	-2.464
16	3	0.2369	0	0	1.727
16	3	0.9391	1	0	-0.0001952
16	3	5.524	1	1	-0.04392
16	3	3.435	0	0	-1.351
16	3	0.8506	1	0	0.8462
16	3	1.766	0	0	1.041
16	3	0.8188	0	0	1.783
16	3	1.906	1	1	0.06062
16	3	0.8438	0	0	0.7751
16	3	1.076	1	1	1.4
16	3	5.668	1	1	-0.3766
16	3	0.4381	1	0	1.638
16	3	1.66	0	0	-0.1362
16	3	1.976	1	0	2.087
16	3	4.764	1	1	-0.7727
16	3	3.613	0	0	0.005593
16	3	0.925	1	0	-0.1735
16	3	5.407	0	0	-0.2893
16	3	1.598	1	1	-0.3116
16	3	0.8446	0	0	0.7859
16	3	3.634	0	0	-1.466
16	3	5.43	0	0	1.101
16	3	0.3822	1	0	0.2508
16	3	1.883	1	1	1.981
16	3	3.516	0	0	-1.246
16	3	0.9807	0	0	-0.7115
16	3	5.447	0	0	-0.3153
16	3	5.421	0	0	0.6092
16	3	1.867	1	1	-0.3992
16	3	3.824	0	0	0.2515
16	3	0.2538	1	0	3.033
16	3	2.31	1	1	-0.2733
17	3	0.9578	0	1	0.8197
17	3	0.106	1	0	-0.8823
17	3	3.733	1	1	0.5908
17	3	1.885	0	0	-0.4553
17	3	2.018	0	0	-1.213
17	3	0.6863	1	0	0.4097
17	3	5.267	0	0	-1.157
17	3	1.81	0	0	-0.3869
17	3	3.494	0	0	-1.862
17	3	1.001	1	1	-0.1737
17	3	0.9819	1	1	-0.6158
17	3	0.9931	0	1	0.6577
17	3	5.206	0	0	-0.2945
17	3	5.325	0	0	-1.1
17	3	3.828	1	1	-1.418
17	3	0.1007	1	0	0.256
17	3	1.922	1	1	0.1042
17	3	5.283	0	0	-1.836
17	3	3.691	0	0	0.06127
17	3	0.6209	0	1	1.154
17	3	0.7623	0	1	-0.004633
17	3	0.4825	1	0	-0.01611
17	3	5.462	0	0	-1.522
17	3	0.7499	1	1	-0.06509
17	3	1.74	1	1	-0.8755
17	3	3.393	1	1	-0.5141
17	3	0.6498	1	1	-0.0763
17	3	0.719	1	1	-0.5129
17	3	0.5162	0	0	-0.4942
17	3	0.9433	1	0	0.9276
17	3	5.839	1	1	-1.672
17	3	3.618	0	0	0.4202
17	3	5.565	1	1	-0.92
17	3	1.863	1	1	1.059
17	3	5.072	1	1	-3.706
17	3	0.7562	1	0	-0.7172
17	3	3.585	0	1	-0.02538
17	3	1.716	0	0	-1.693
17	3	0.6234	0	0	-0.1824
17	3	1.7	1	0	-2.313
17	3	0.8552	0	1	-0.7538
17	3	1.193	1	1	-0.4029
17	3	3.57	0	0	1.557
17	3	3.448	0	0	-1.619
17	3	1.889	0	0	0.2662
17	3	3.868	1	1	0.1294
17	3	1.771	0	0	0.03143
17	3	5.47	0	0	-3.012
17	3	5.276	1	1	0.6702
18	3	1.583	1	1	0.04921
18	3	3.8	1	1	0.8721
18	3	0.8445	1	0	1.135
18	3	1.888	1	1	-0.2108
18	3	3.748	1	1	-0.2171
18	3	1.892	1	1	0.1471
18	3	1.639	0	0	-0.8348
18	3	2.076	0	0	-0.09723
18	3	5.584	0	0	-0.9963
18	3	5.348	1	1	-0.08733
18	3	1.02	0	0	1.19
18	3	0.2029	0	1	-0.06706
18	3	5.304	0	0	-1.185
18	3	0.2797	1	0	0.4119
18	3	3.136	1	1	-0.4166
18	3	1.682	0	0	2.157
18	3	0.7721	0	0	-0.6211
18	3	0.8011	1	1	-0.4547
18	3	3.592	1	1	0.2622
18	3	4.049	0	0	2.015
18	3	1.79	1	1	1.177
18	3	1.152	0	0	-1.832
18	3	5.414	1	1	-0.2296
18	3	5.515	1	1	-1.153
18	3	1.066	0	0	-0.09077
18	3	0.2466	1	0	-0.8178
18	3	3.436	0	0	0.382
18	3	1.91	0	0	-0.2152
18	3	0.7762	1	0	-0.04441
18	3	5.411	0	0	1.283
18	3	2.029	1	1	-0.2104
18	3	0.3793	0	0	-1.018
18	3	3.489	0	0	-0.4109
18	3	1.881	1	1	0.6128
18	3	3.698	1	1	0.189
18	3	0.2518	1	0	-0.05929
18	3	0.3706	0	0	-0.6498
18	3	0.6589	0	0	0.2048
18	3	0.06127	0	1	-1.425
18	3	5.119	0	0	-0.9684
18	3	0.4339	1	0	0.6907
18	3	5.449	1	1	0.5602
18	3	0.8941	1	0	1.145
18	3	3.153	0	0	-1.487
18	3	5.74	0	0	-0.1654
18	3	0.851	0	1	0.08805
18	3	3.88	1	1	-1.393
18	3	5.07	1	1	-1.039
18	3	0.6887	0	0	-0.1199
19	3	5.475	1	1	-0.5614
19	3	5.444	0	0	-0.4037
19	3	6.095	1	1	0.2347
19	3	0.2231	1	0	0.1772
19	3	3.577	1	0	0.2217
19	3	0.9037	1	0	-0.4977
19	3	0.4929	0	0	0.08836
19	3	1.415	1	1	0.6338
19	3	0.9108	0	0	-1.392
19	3	0.7122	0	1	0.07523
19	3	1.931	1	1	-0.6844
19	3	1.559	1	1	-0.1122
19	3	0.3878	1	0	0.1287
19	3	5.408	0	0	-0.5061
19	3	0.5612	0	1	0.009911
19	3	3.377	1	1	0.4175
19	3	3.529	1	1	0.6234
19	3	1.527	0	0	-0.2971
19	3	0.3294	0	0	0.4035
19	3	1.755	1	1	-0.9006
19	3	0.9549	1	0	-0.1613
19	3	0.8566	0	0	-1.432
19	3	0.5904	1	0	0.2588
19	3	3.519	1	1	-0.7885
19	3	3.551	0	0	-0.2416
19	3	1.202	1	0	0.7958
19	3	0.3272	1	0	-0.7786
19	3	3.611	1	1	0.2932
19	3	3.812	1	1	-0.6865
19	3	3.321	0	0	-0.2755
19	3	5.338	1	1	-0.9
19	3	0.7175	0	0	-0.6706
19	3	1.069	0	1	1.446
19	3	0.536	1	1	-0.5305
19	3	0.7935	0	0	0.06749
19	3	5.544	0	0	-0.3842
19	3	3.974	0	0	-0.8623
19	3	1.932	0	1	0.15
19	3	0.3088	0	0	0.7779
19	3	3.234	1	1	-2.192
19	3	5.315	1	1	-0.8857
19	3	1.12	0	1	-0.281
19	3	0.3064	0	0	0.4115
19	3	1.644	0	1	-0.03907
19	3	1.712	0	0	1.101
19	3	5.282	0	0	-2.307
19	3	1.982	1	1	0.09259
19	3	5.316	0	0	-0.5995
19	3	5.287	1	1	-3.201
19	3	1.8	1	1	0.6863
20	4	1.624	0	0	1.001
20	4	5.717	0	0	-0.8087
20	4	1.204	0	1	0.6865
20	4	0.7379	0	0	0.1885
20	4	1.92	1	1	1.186
20	4	3.894	1	1	-0.8449
20	4	1.131	1	0	0.6579
20	4	5.712	0	0	-1.694
20	4	0.4153	1	1	-0.2086
20	4	0.517	0	0	-0.2329
20	4	0.9217	0	0	-0.5843
20	4	3.559	1	1	-0.3103
20	4	5.322	1	1	-1.104
20	4	0.8987	1	0	0.6274
20	4	5.464	0	0	-0.4999
20	4	3.497	1	1	3.16
20	4	5.403	1	1	0.1694
20	4	0.4776	0	0	-2.056
20	4	0.6271	1	0	0.03853
20	4	0.8949	0	0	-0.6122
20	4	1.889	0	0	-1.073
20	4	3.667	0	0	-1.223
20	4	3.211	1	1	-0.07114
20	4	0.855	1	0	0.618
20	4	3.655	1	1	-1.631
20	4	1.948	1	0	-0.07287
20	4	0.9085	0	0	-0.6781
20	4	3.693	1	1	-0.1084
20	4	4.813	1	1	0.009809
20	4	1.013	1	0	-0.06613
20	4	1.782	0	0	-0.3734
20	4	2.004	0	0	-0.7392
20	4	5.441	0	0	-1.508
20	4	5.378	0	0	-0.4028
20	4	3.564	0	0	-0.7311
20	4	3.41	1	1	0.2484
20	4	1.873	0	0	-0.487
20	4	1.36	1	1	-0.03791
20	4	0.3755	1	1	-0.4928
20	4	1.54	0	0	-0.7985
20	4	0.9847	0	0	0.3109
20	4	0.68	0	0	-1.107
20	4	5.52	0	0	1.253
20	4	3.373	1	1	0.9871
20	4	0.5752	0	0	-0.3645
20	4	1.636	1	1	-0.108
20	4	0.7611	0	0	0.5469
20	4	0.8152	1	1	-0.2957
20	4	0.4344	0	0	-0.1418
20	4	4.773	1	1	-1.898
21	4	0.2078	0	0	-1.715
21	4	0.2585	0	0	0.5867
21	4	1.009	1	0	0.7762
21	4	5.513	0	0	-1.133
21	4	0.6142	0	1	2.035
21	4	3.811	0	0	-1.965
21	4	3.656	1	1	-0.8966
21	4	0.8778	0	0	-0.4599
21	4	1.079	1	1	-0.9058
21	4	0.7703	1	1	1.36
21	4	1.624	1	1	2.024
21	4	1.839	1	1	-1.179
21	4	5.39	0	0	1.484
21	4	3.336	0	0	-0.6226
21	4	1.936	1	1	-0.7946
21	4	0.7875	0	0	-0.1645
21	4	1.45	1	1	-0.9055
21	4	0.7348	0	0	-0.06685
21	4	3.506	1	1	-1.204
21	4	3.575	1	1	0.01002
21	4	3.727	1	1	0.2704
21	4	0.8638	1	1	0.5236
21	4	0.1786	0	1	1.714
21	4	1.245	0	0	-1.627
21	4	0.7279	0	0	-0.5038
21	4	1.827	1	1	1.169
21	4	5.493	1	1	-1.947
21	4	1.847	1	0	1.093
21	4	5.675	1	1	-1.642
21	4	5.155	0	0	-0.9261
21	4	5.406	1	1	-1.038
21	4	3.264	0	0	-1.499
21	4	1.005	1	0	0.5424
21	4	5.502	0	0	-0.173
21	4	0.4055	0	1	1.688
21	4	0.158	1	1	0.4907
21	4	3.405	1	1	-1.336
21	4	0.5543	0	0	0.09467
21	4	3.3	1	1	0.08126
21	4	5.481	1	1	1.036
21	4	2.033	1	0	0.07234
21	4	1.654	0	0	-0.8746
21	4	0.8401	0	0	2.276
21	4	1.811	0	0	-0.7814
21	4	5.382	1	1	-0.3478
21	4	0.515	0	0	0.2673
21	4	0.8934	1	1	0.358
21	4	3.677	1	1	-0.8098
21	4	1.964	1	1	-1.392
21	4	5.257	0	0	0.4226
22	4	1.72	1	0	1.487
22	4	0.4899	0	0	0.02248
22	4	1.642	1	1	-0.1232
22	4	3.594	0	0	0.1859
22	4	3.632	1	1	-0.0176
22	4	1.893	0	0	-1.287
22	4	5.338	0	0	-0.9582
22	4	3.668	0	0	-0.9574
22	4	5.18	1	1	-0.2277
22	4	0.2693	1	1	0.8837
22	4	0.8875	1	1	0.6028
22	4	0.5404	1	1	0.1755
22	4	0.8953	1	1	0.6775
22	4	0.2974	0	0	0.4891
22	4	5.407	1	1	-0.4343
22	4	5.459	0	0	-0.1101
22	4	0.8258	0	1	0.3016
22	4	0.1091	1	1	0.05714
22	4	0.4689	0	0	0.6649
22	4	3.389	1	1	-0.2564
22	4	1.521	1	1	-0.5439
22	4	5.525	0	0	-0.7086
22	4	0.8601	1	1	-0.7348
22	4	0.2281	0	1	0.7739
22	4	5.017	0	0	-1.05
22	4	3.869	1	1	-0.9303
22	4	3.742	0	1	2.86
22	4	1.595	0	0	0.2314
22	4	5.019	0	0	-2.546
22	4	5.487	0	0	-0.175
22	4	3.776	0	0	-1.481
22	4	0.67	1	0	-1.247
22	4	0.8171	0	0	-0.5537
22	4	0.1901	0	1	0.1924
22	4	1.834	1	1	-1.071
22	4	0.8838	1	1	-0.3698
22	4	1.322	0	0	0.6788
22	4	2.029	0	0	0.747
22	4	0.9625	1	1	0.7171
22	4	5.682	1	1	0.001506
22	4	4.952	1	1	-1.545
22	4	0.1879	1	1	1.779
22	4	0.818	1	1	0.7051
22	4	2.051	0	0	0.9918
22	4	3.842	1	1	-1.301
22	4	3.668	1	1	-0.0675
22	4	3.592	0	0	-1.026
22	4	1.939	0	1	-0.1988
22	4	1.286	0	0	-1.613
22	4	0.7798	0	0	0.4568
23	4	5.361	1	1	-0.02729
23	4	1.864	1	1	0.1534
23	4	3.45	0	0	0.0008793
23	4	0.9225	0	1	0.127
23	4	2.232	0	0	-0.08146
23	4	3.488	1	1	-1.278
23	4	0.4502	0	0	0.1843
23	4	1.311	1	1	-1.023
23	4	1.14	1	1	-0.593
23	4	5.451	0	0	-0.949
23	4	0.2279	0	1	0.001687
23	4	1.952	1	1	1.213
23	4	0.7141	1	1	-1.226
23	4	3.293	1	1	-0.77
23	4	4.86	1	1	-0.2742
23	4	3.603	1	1	1.073
23	4	5.185	0	0	-1.956
23	4	5.496	0	0	-1.235
23	4	0.443	1	1	1.366
23	4	1.529	1	1	0.4312
23	4	0.8349	1	1	-0.4191
23	4	0.9723	1	1	0.4263
23	4	0.668	0	0	-1.611
23	4	5.484	1	1	-1.089
23	4	0.6848	0	1	1.687
23	4	0.5177	0	0	0.3973
23	4	1.826	0	0	-0.361
23	4	1.03	1	0	1.653
23	4	1.928	0	0	-0.5331
23	4	0.508	0	1	0.6624
23	4	0.8841	0	0	-0.3083
23	4	5.052	0	0	-1.085
23	4	3.172	1	1	-0.9477
23	4	1.477	0	0	1.23
23	4	3.674	0	0	-0.6144
23	4	2.092	0	1	0.03001
23	4	1.502	1	0	0.3276
23	4	0.3738	0	0	-0.2334
23	4	0.5652	1	0	0.5412
23	4	0.1957	0	1	-0.6755
23	4	3.726	0	0	-1.792
23	4	3.684	1	1	-1.208
23	4	3.854	1	1	-1.878
23	4	5.443	1	1	-0.9566
23	4	5.449	0	0	-0.303
23	4	1.346	0	0	-0.008013
23	4	1.138	1	1	-0.4579
23	4	5.658	1	1	-0.9118
23	4	3.825	1	1	1.186
24	4	1.672	1	1	-0.09149
24	4	0.5652	0	0	0.5291
24	4	3.544	0	0	-0.485
24	4	3.475	0	0	-0.6315
24	4	3.536	0	0	-0.802
24	4	1.044	0	1	1.837
24	4	5.601	1	1	-1.449
24	4	5.546	1	1	-0.5239
24	4	0.7399	1	0	1.235
24	4	5.641	1	1	-1.077
24	4	3.603	1	1	-0.1707
24	4	3.267	0	0	-0.5544
24	4	0.05259	1	1	0.09251
24	4	5.241	0	0	-0.6638
24	4	1.899	1	1	3.221
24	4	1.723	0	0	-0.5528
24	4	0.2021	0	1	0.9853
24	4	1.057	1	0	0.1322
24	4	1.633	1	1	-1.065
24	4	2.03	0	0	-0.202
24	4	0.4164	0	0	0.1743
24	4	0.4728	0	0	-0.5642
24	4	3.27	0	0	-0.2056
24	4	0.6628	1	0	1.004
24	4	1.739	0	0	0.2157
24	4	0.9774	1	1	-0.7673
24	4	1.776	0	1	0.6314
24	4	1.184	1	1	-0.4079
24	4	0.8623	0	0	-0.07399
24	4	0.7652	1	0	0.6517
24	4	3.702	1	1	-1.465
24	4	5.059	1	1	-2.208
24	4	5.383	0	0	-0.9581
24	4	3.529	0	0	0.557
24	4	5.154	1	1	1.034
24	4	5.443	0	0	-1.353
24	4	5.257	1	1	-1.525
24	4	0.7273	1	1	-1.92
24	4	0.8706	0	0	0.254
24	4	1.576	0	1	-0.3367
24	4	0.5346	1	1	-1.136
24	4	0.9618	1	1	0.7765
24	4	3.566	1	1	-0.06457
24	4	1.751	0	0	-1.606
24	4	0.3322	0	0	-0.261
24	4	0.6802	0	0	0.1343
24	4	3.419	0	0	0.7816
24	4	5.334	1	1	-1.463
24	4	0.4039	1	0	-0.3163
25	4	1.119	0	1	1.625
25	4	1.875	0	0	0.312
25	4	0.8766	1	0	-0.2204
25	4	3.706	0	0	-0.3958
25	4	5.549	1	1	-0.7864
25	4	5.33	1	1	-0.838
25	4	0.3855	1	1	0.8493
25	4	0.9334	0	0	0.2318
25	4	1.129	0	1	1.361
25	4	5.078	0	0	-1.432
25	4	3.586	1	1	0.2231
25	4	0.9657	1	1	0.4553
25	4	0.5049	0	0	-0.02374
25	4	1.856	1	1	0.4645
25	4	3.56	0	0	-0.8308
25	4	3.553	1	1	-0.7683
25	4	0.05199	1	1	0.535
25	4	1.912	0	0	0.4871
25	4	0.6368	0	0	1.729
25	4	0.08426	1	0	0.2235
25	4	0.5003	1	0	-0.5265
25	4	5.783	0	0	-0.1395
25	4	3.538	0	0	-1.42
25	4	5.42	0	0	-0.635
25	4	3.897	1	1	0.506
25	4	1.573	0	0	-0.6265
25	4	1.722	1	1	2.569
25	4	1.875	0	0	-1.28
25	4	5.544	0	0	-0.792
25	4	1.576	1	1	0.784
25	4	0.3763	1	0	1.075
25	4	5.367	1	1	-0.3778
25	4	3.314	1	1	-0.08012
25	4	3.584	1	1	-0.5518
25	4	3.637	0	0	0.1447
25	4	0.6091	0	1	2.974
25	4	5.514	0	0	-0.6137
25	4	0.7201	1	1	-0.322
25	4	5.569	1	1	-0.973
25	4	1.188	1	1	0.8742
25	4	1.745	1	1	0.499
25	4	0.4763	0	0	1.79
25	4	1.745	0	0	1.049
25	4	1.99	0	0	0.3953
25	4	5.528	1	1	0.3662
25	4	0.3609	0	0	1.015
25	4	1.045	0	0	-0.4187
25	4	3.464	1	1	-0.1837
25	4	0.4649	1	0	0.5956
26	4	5.407	1	1	-0.8647
26	4	0.9694	0	0	-0.8181
26	4	0.7272	1	1	0.7312
26	4	3.449	0	0	2.138
26	4	0.5808	1	0	-1.452
26	4	3.569	1	1	-0.2371
26	4	3.473	1	1	-1.283
26	4	5.31	1	1	-0.141
26	4	3.313	0	0	-1.015
26	4	3.859	1	1	2.662
26	4	0.8783	0	0	-0.9445
26	4	5.067	1	1	-0.3112
26	4	1.575	1	1	1.232
26	4	0.1637	1	0	0.09939
26	4	1.845	0	0	-1.108
26	4	0.8753	0	1	0.796
26	4	1.701	0	0	-1.14
26	4	1.37	1	1	1.236
26	4	0.8028	1	0	0.7503
26	4	5.521	1	1	-1.114
26	4	1.761	1	0	-0.1878
26	4	1.723	0	0	0.2842
26	4	0.5423	0	0	-1.305
26	4	3.777	0	0	0.4388
26	4	0.1983	0	1	1.787
26	4	2.028	0	0	-1.445
26	4	3.668	1	1	-0.08727
26	4	0.009711	0	0	1.801
26	4	0.6177	1	0	-2.164
26	4	5.101	0	0	0.007976
26	4	1.561	0	0	0.1173
26	4	2.193	0	0	1.048
26	4	0.187	1	0	0.04115
26	4	3.465	0	0	-1.249
26	4	2.072	0	0	-0.3889
26	4	5.527	0	0	-1.017
26	4	2.112	0	0	-0.01996
26	4	1.398	1	1	1.1
26	4	0.564	0	0	1.329
26	4	0.3128	1	0	-0.2204
26	4	0.903	1	1	0.2202
26	4	5.64	0	0	-1.391
26	4	3.605	0	0	1.307
26	4	0.2314	1	0	-0.7245
26	4	5.354	1	1	-1.597
26	4	0.6452	0	0	1.627
26	4	5.399	0	0	-0.7987
26	4	3.663	1	1	-0.4871
26	4	5.419	1	1	-0.519
26	4	0.6291	1	1	0.02413
27	4	1.495	1	1	-1.3
27	4	1.889	0	0	-0.4911
27	4	0.5248	1	0	0.9185
27	4	5.395	0	0	-0.3149
27	4	0.8572	0	0	0.8871
27	4	3.613	0	0	-0.6039
27	4	5.292	0	0	-0.9322
27	4	2.018	0	0	0.4326
27	4	5.105	1	1	-0.6682
27	4	3.882	1	1	-0.0199
27	4	0.7899	1	1	1.754
27	4	1.941	0	0	-1.592
27	4	0.3127	1	0	1.144
27	4	1.67	1	1	0.04849
27	4	3.366	0	0	-0.3195
27	4	0.1283	1	1	0.1777
27	4	3.772	1	1	0.3957
27	4	0.4478	1	0	0.08519
27	4	5.598	0	0	-0.7034
27	4	1.068	1	1	1.073
27	4	5.531	0	0	-0.1756
27	4	5.353	0	0	-1.826
27	4	5.806	1	1	-1.429
27	4	3.59	0	0	0.2201
27	4	3.358	1	1	-0.3004
27	4	1.617	1	1	1.518
27	4	1.866	0	0	0.7547
27	4	2.105	1	0	1.529
27	4	0.4723	1	0	-0.2198
27	4	5.271	1	1	-2.003
27	4	1.035	0	0	1.524
27	4	0.7725	0	0	-1.226
27	4	0.5417	1	1	0.04573
27	4	0.6053	0	0	1.403
27	4	3.648	1	1	-0.3936
27	4	0.9918	1	0	0.06301
27	4	0.8339	0	1	1.776
27	4	0.9066	0	0	-0.3991
27	4	5.068	1	1	-1.397
27	4	2.938	1	1	-0.08485
27	4	2.029	1	1	1.011
27	4	1.167	1	0	0.4525
27	4	3.831	0	0	-0.109
27	4	3.495	0	0	-1.675
27	4	0.8215	0	0	1.392
27	4	2.039	0	0	-0.5433
27	4	5.493	1	1	-1.097
28	4	5.319	0	0	-0.04513
28	4	1.068	1	1	-0.02442
28	4	5.378	0	0	0.1489
28	4	2.115	1	1	-0.6821
28	4	5.342	1	1	-1.25
28	4	1.133	1	1	2.827
28	4	5.341	1	1	-0.6291
28	4	3.572	0	0	0.1381
28	4	5.236	1	1	-0.3768
28	4	1.663	1	0	0.7344
28	4	3.936	0	0	-1.58
28	4	3.833	0	0	-0.72
28	4	1.594	0	0	1.228
28	4	3.7	1	1	0.9516
28	4	0.3429	1	1	-0.4082
28	4	1.935	1	1	0.368
28	4	0.6423	0	1	0.4476
28	4	0.4912	1	1	0.2399
28	4	2.264	1	0	1.83
28	4	1.705	1	0	0.3523
28	4	2.023	0	0	-1.202
28	4	1.199	0	1	0.1008
28	4	5.005	1	1	-0.2035
28	4	3.379	0	0	-0.08241
28	4	1.734	0	0	1.044
28	4	0.8548	0	0	0.2072
28	4	0.6877	1	1	-0.8215
28	4	5.327	0	0	-0.7469
28	4	5.717	0	0	-1.023
28	4	0.9559	1	1	0.7648
28	4	1.085	1	1	2.596
28	4	5.353	0	0	-0.1573
28	4	0.8828	0	1	2.25
28	4	3.458	1	1	0.4965
28	4	0.4876	0	0	-0.02296
28	4	0.7793	1	0	0.2331
28	4	1.894	1	0	-0.08422
28	4	5.792	1	1	-0.5853
28	4	3.717	0	0	-1.004
28	4	1.935	0	0	1.513
28	4	0.4854	1	1	-1.29
28	4	3.266	1	1	1.167
28	4	3.579	0	0	-0.9601
28	4	0.5758	0	1	0.5652
28	4	0.2798	0	0	0.6791
28	4	0.4838	0	1	1.014
28	4	0.4856	1	1	0.5688
28	4	3.761	1	1	-0.9192
28	4	0.9903	0	0	-0.009767
29	4	0.7692	0	1	1.402
29	4	0.2734	0	0	-0.595
29	4	0.2721	1	0	0.02768
29	4	2.094	0	0	0.1767
29	4	5.505	1	1	-0.6632
29	4	0.3464	0	1	0.06802
29	4	3.589	1	0	-0.4465
29	4	0.5219	1	1	1.596
29	4	4.938	1	1	0.02958
29	4	3.415	1	1	-0.6468
29	4	3.611	1	1	0.2942
29	4	0.8742	1	0	-0.5954
29	4	3.64	0	0	-0.956
29	4	5.46	0	0	-0.2465
29	4	1.413	0	0	0.2989
29	4	5.346	0	0	0.06205
29	4	0.4937	0	1	1.376
29	4	5.593	1	1	1.238
29	4	1.911	0	0	-0.1291
29	4	1.862	0	0	-1.142
29	4	1.769	0	0	-0.5015
29	4	1.891	0	0	-0.2858
29	4	5.322	1	1	0.19
29	4	5.235	0	0	-0.3987
29	4	1.674	0	0	1.148
29	4	1.103	1	1	0.2917
29	4	3.323	0	0	-0.3066
29	4	3.56	0	0	0.008832
29	4	1.962	1	1	-0.2882
29	4	1.928	0	0	0.3486
29	4	1.553	0	0	-0.1207
29	4	5.401	0	0	-2.069
29	4	0.8618	1	0	1.142
29	4	0.9021	0	0	-0.9739
29	4	0.5053	1	1	1.128
29	4	1.007	1	1	-0.674
29	4	3.311	1	1	-1.58
29	4	3.527	0	0	0.0926
29	4	0.9451	1	0	-0.2014
29	4	0.5599	1	1	-0.09447
29	4	0.78	1	1	0.01701
29	4	5.301	1	1	-0.5404
29	4	0.661	1	1	0.7152
29	4	0.4327	0	1	-0.1106
29	4	3.783	1	1	-1.083
29	4	5.651	1	1	-0.4944
29	4	0.7832	0	0	-1.324
29	4	1.01	1	1	0.2516
29	4	3.342	1	1	-0.4578
29	4	1.925	0	0	0.7166
30	5	1.148	0	0	2.505
30	5	1.772	0	0	0.3287
30	5	5.517	1	1	-0.4217
30	5	1.883	1	0	0.4213
30	5	3.331	0	0	0.3579
30	5	5.271	1	1	-1.694
30	5	0.2254	0	1	1.184
30	5	0.5136	0	0	0.2711
30	5	3.446	0	0	-0.5999
30	5	0.7023	0	1	0.9021
30	5	5.422	1	1	-1.14
30	5	3.752	1	1	0.1199
30	5	1.69	0	0	0.2996
30	5	0.587	0	0	-0.5259
30	5	0.4585	1	1	0.2862
30	5	3.62	1	1	0.2794
30	5	1.246	1	1	-0.09432
30	5	0.4336	0	0	-0.3355
30	5	0.2403	0	0	0.1379
30	5	1.757	0	0	0.08804
30	5	0.04691	1	0	1.398
30	5	1.671	1	1	0.5133
30	5	3.263	1	1	0.04231
30	5	5.472	0	0	-0.6098
30	5	5.414	1	1	-0.6525
30	5	0.5682	0	0	0.3696
30	5	1.11	1	1	0.9843
30	5	5.599	0	0	-1.654
30	5	3.47	1	1	-1.561
30	5	0.4071	0	0	-0.8689
30	5	1.405	1	0	1.222
30	5	1.01	0	0	-0.8682
30	5	3.49	1	1	-0.1185
30	5	5.344	1	1	0.2746
30	5	0.8113	1	0	-0.5667
30	5	5.444	1	1	-1.407
30	5	1.758	1	0	1.067
30	5	1.842	1	1	0.08315
30	5	0.7304	0	0	-1.49
30	5	0.9011	0	0	0.5094
30	5	0.785	1	0	-0.4045
30	5	3.42	1	1	1.81
30	5	0.8293	0	0	-2.255
30	5	5.663	0	0	-1.025
30	5	5.319	0	0	-0.3338
30	5	3.928	1	1	-0.06217
30	5	3.896	0	0	-0.8755
30	5	1.845	0	0	0.3536
30	5	0.8031	0	0	-0.2976
30	5	1.752	0	0	0.4363
31	5	0.7072	0	0	1.294
31	5	0.5939	0	0	-0.186
31	5	0.5981	1	1	-0.1936
31	5	5.571	0	0	-0.7664
31	5	0.5726	0	0	-0.3704
31	5	0.6681	1	0	-0.4299
31	5	1.582	1	0	-0.08175
31	5	0.4528	0	1	-0.2644
31	5	1.404	0	0	-1.151
31	5	2.085	0	0	0.8116
31	5	4.091	0	0	-1.22
31	5	1.617	0	1	0.4765
31	5	2.041	1	1	-0.3992
31	5	0.3279	1	1	1.052
31	5	1.771	1	1	0.8565
31	5	1.848	0	0	-0.7255
31	5	3.514	0	0	-0.1996
31	5	1.086	0	0	-1.231
31	5	1.717	0	0	-0.8946
31	5	0.364	1	0	-0.8394
31	5	0.8916	0	0	-1.151
31	5	1.015	0	0	-0.5548
31	5	3.774	1	0	1.171
31	5	3.665	0	0	-2.457
31	5	1.555	1	1	0.8606
31	5	5.638	1	1	-1.088
31	5	3.412	0	0	-0.03829
31	5	3.709	1	1	1.77
31	5	3.961	0	0	-1.11
31	5	0.4788	1	1	0.5558
31	5	5.33	0	0	-2.232
31	5	5.381	0	0	0.2577
31	5	5.04	0	0	-2.647
31	5	3.482	0	0	-0.6085
31	5	5.471	1	1	-1.943
31	5	3.421	1	1	-0.06333
31	5	0.6707	0	0	0.6594
31	5	0.08048	1	0	1.143
31	5	0.949	1	1	1.499
31	5	0.8511	1	1	0.6175
31	5	5.445	1	1	-0.8759
31	5	0.3229	1	0	2.127
31	5	3.707	0	1	-2.366
31	5	0.9856	1	1	0.5354
31	5	0.2451	1	0	0.5752
31	5	1.928	1	1	0.3182
31	5	5.269	0	0	-1.804
31	5	5.527	1	1	-0.3727
31	5	0.1947	1	0	1.14
31	5	5.597	0	0	-0.8352
32	5	0.3911	0	1	0.998
32	5	5.557	1	1	-0.0342
32	5	5.552	1	1	-0.3553
32	5	3.304	1	0	1.58
32	5	2.184	0	0	-1.331
32	5	3.998	0	0	-0.8476
32	5	3.705	0	0	1.555
32	5	0.8559	0	1	1.006
32	5	5.319	0	0	-1.219
32	5	3.446	1	1	0.09081
32	5	0.5343	1	1	0.768
32	5	1.804	1	1	1.565
32	5	2.009	1	0	0.1653
32	5	0.1593	0	0	-0.4855
32	5	0.8573	1	0	0.9656
32	5	5.702	0	0	-1.492
32	5	3.577	1	0	1.244
32	5	2.066	1	1	-0.8092
32	5	3.664	0	0	0.01043
32	5	3.839	0	0	0.6361
32	5	0.485	0	1	2.151
32	5	0.903	1	1	0.1367
32	5	5.4	1	1	-1.162
32	5	5.106	0	0	0.3391
32	5	0.8728	0	1	1.726
32	5	1.882	0	0	-0.5655
32	5	0.6106	0	0	-0.6964
32	5	1.573	1	1	1.08
32	5	0.932	1	0	0.4367
32	5	1.122	1	1	0.06224
32	5	1.495	0	0	0.06706
32	5	0.3859	0	1	0.8787
32	5	3.709	1	1	-0.4512
32	5	1.165	0	0	-1.089
32	5	5.401	0	0	-0.4149
32	5	5.594	1	1	-0.9265
32	5	0.6942	1	0	1.131
32	5	3.695	1	0	1.149
32	5	0.208	1	0	-0.3887
32	5	0.4066	0	0	-0.8817
32	5	0.7866	1	1	-0.1637
32	5	1.687	0	0	-0.4217
32	5	5.684	0	0	1.054
32	5	3.681	1	1	-0.8504
32	5	0.6486	0	1	1.276
32	5	1.89	1	0	0.9692
32	5	1.625	1	0	-0.8578
32	5	0.6099	0	0	-0.6502
32	5	5.688	0	0	-1.817
33	5	5.325	0	0	-0.2318
33	5	2.042	1	0	0.567
33	5	1.193	1	0	-0.401
33	5	1.935	1	1	-0.1878
33	5	1.528	1	1	-0.2662
33	5	0.4115	1	0	1.888
33	5	5.272	0	0	-0.6849
33	5	0.4773	0	1	0.5562
33	5	1.955	1	1	-0.7808
33	5	1.81	0	1	-0.3893
33	5	1.03	0	0	-0.9082
33	5	3.619	0	0	0.1253
33	5	0.1881	0	0	0.0753
33	5	5.609	1	1	-0.8863
33	5	0.4791	0	0	0.3984
33	5	1.543	0	0	0.83
33	5	3.401	1	1	-0.2752
33	5	5.472	0	0	-0.29
33	5	0.6196	1	1	0.000429
33	5	3.452	1	1	0.04516
33	5	0.9432	1	1	1.043
33	5	3.72	0	0	-1.463
33	5	0.2141	0	0	1.93
33	5	0.8376	1	1	-0.8282
33	5	0.8946	1	1	-0.3267
33	5	3.517	1	1	0.4752
33	5	1.847	1	0	1.61
33	5	3.59	0	0	-0.9558
33	5	3.557	1	1	-1.313
33	5	1.021	0	0	0.8687
33	5	3.51	0	0	-0.3844
33	5	5.503	0	0	-2.142
33	5	1.141	0	0	-0.7651
33	5	5.394	1	1	0.04869
33	5	5.165	1	1	-1.359
33	5	1.295	0	0	1.18
33	5	1.622	0	0	-0.2581
33	5	0.6859	1	1	-0.8449
33	5	0.7302	1	1	2.18
33	5	5.384	0	0	-1.919
33	5	0.3831	0	1	0.5244
33	5	3.727	0	0	-2.185
33	5	1.838	1	1	0.2767
33	5	5.687	0	0	-1.08
33	5	3.666	0	0	0.1877
33	5	1.045	1	1	-0.6932
33	5	5.414	0	0	-1.248
33	5	0.4539	1	1	-0.003092
34	5	3.355	0	0	0.521
34	5	0.5016	1	0	0.1017
34	5	1.051	1	1	0.5663
34	5	5.552	1	1	-2.531
34	5	5.534	1	1	-0.9595
34	5	5.346	0	0	-0.7921
34	5	3.79	0	0	-0.7242
34	5	3.766	1	1	-0.9209
34	5	1.958	1	1	0.4225
34	5	1.969	0	0	0.368
34	5	0.7679	1	1	0.5379
34	5	1.372	1	1	-0.3223
34	5	3.603	0	0	-0.4473
34	5	2.059	0	0	0.2804
34	5	0.9743	0	0	-0.4932
34	5	1.772	1	1	0.2534
34	5	0.5336	1	0	1.822
34	5	0.3158	0	0	0.1782
34	5	0.3642	1	1	0.7096
34	5	3.635	1	1	-0.2012
34	5	1.329	1	1	0.09683
34	5	0.8965	1	1	0.09881
34	5	4.131	0	0	-0.4551
34	5	0.9654	0	1	1.489
34	5	1.066	1	0	0.6272
34	5	1.868	0	0	0.2217
34	5	3.512	0	0	-1.582
34	5	5.179	1	1	-1.247
34	5	0.674	0	1	2.262
34	5	0.3238	0	0	0.9025
34	5	5.366	0	0	-1.023
34	5	1.946	1	1	-1.368
34	5	5.403	0	0	-0.03959
34	5	1.768	0	0	0.1685
34	5	5.525	0	0	0.7533
34	5	0.1924	1	1	0.4489
34	5	3.328	1	1	-0.1437
34	5	0.7406	1	1	1.765
34	5	3.724	0	0	-0.7889
34	5	1.966	0	0	0.9702
34	5	0.6852	1	1	1.001
34	5	0.3716	0	1	0.7953
34	5	5.381	1	1	-1.214
34	5	1.237	1	0	1.184
34	5	5.582	0	0	-1.976
34	5	2.099	1	1	-0.09776
34	5	3.69	1	1	0.2428
34	5	0.8909	0	1	1.413
34	5	0.7707	0	0	-1.596
34	5	5.1	0	0	-0.9378
35	5	1.814	0	1	1.893
35	5	2.114	0	1	-1.423
35	5	0.5504	1	1	0.01599
35	5	0.2591	0	1	1.197
35	5	5.236	1	1	-0.02723
35	5	3.741	1	1	-0.7109
35	5	5.528	0	1	1.202
35	5	1.274	0	0	-0.3297
35	5	0.9578	0	0	0.5945
35	5	1.94	1	1	-0.04602
35	5	2.051	0	0	-0.09066
35	5	1.901	1	1	-0.8035
35	5	3.557	1	1	-0.4004
35	5	3.375	1	1	-0.3392
35	5	3.592	1	1	-0.1055
35	5	1.279	1	1	-0.1501
35	5	3.532	1	1	-0.9368
35	5	1.092	1	0	0.4563
35	5	5.427	0	0	-0.3413
35	5	0.8947	1	1	1.089
35	5	3.674	1	1	-0.06611
35	5	5.835	1	1	-0.3742
35	5	5.731	1	1	-1.089
35	5	0.4703	1	0	0.5369
35	5	3.536	0	0	-0.979
35	5	5.371	0	0	-0.2558
35	5	0.4227	1	1	-0.01088
35	5	2.138	1	1	-1.531
35	5	5.338	0	0	-0.233
35	5	5.266	1	1	-0.4398
35	5	0.9352	0	1	2.353
35	5	0.2642	1	0	0.436
35	5	0.2761	0	0	1.454
35	5	3.861	0	0	-0.6458
35	5	0.3843	0	0	-0.7524
35	5	2.111	0	0	0.3372
35	5	3.57	0	0	-1.343
35	5	0.6415	0	0	1.106
35	5	5.424	1	1	-0.1825
35	5	1.733	0	0	-1.141
35	5	1.632	1	0	0.6763
35	5	0.2825	0	0	-0.1287
35	5	0.942	0	0	-0.578
35	5	3.477	0	0	-0.5202
35	5	0.3989	0	1	0.7269
35	5	0.3784	0	0	0.4762
35	5	1.211	1	1	2.512
35	5	1.421	0	1	1.708
35	5	5.467	1	1	-1.195
36	5	0.1479	1	0	0.17
36	5	5.354	1	1	-1.016
36	5	0.6681	0	0	-0.5921
36	5	3.578	1	1	0.6053
36	5	0.4817	0	0	-0.7415
36	5	5.433	1	1	-0.6012
36	5	5.498	0	0	0.3688
36	5	4.311	1	1	-0.35
36	5	0.3287	0	1	1.327
36	5	3.295	1	1	0.9534
36	5	0.707	1	1	1.466
36	5	3.204	1	1	-0.7128
36	5	0.5287	0	0	1.372
36	5	1.532	0	0	-1.164
36	5	0.8966	0	0	-0.5227
36	5	0.7669	0	0	2.784
36	5	1.9	0	0	-0.7067
36	5	0.5316	1	0	1.037
36	5	0.9278	0	0	1.203
36	5	0.5434	0	0	1.03
36	5	0.852	0	1	0.1843
36	5	3.779	1	1	-2.292
36	5	1.754	1	1	-0.3107
36	5	5.392	1	1	0.4057
36	5	3.516	1	1	0.1647
36	5	1.758	0	1	1.619
36	5	1.901	1	0	0.339
36	5	0.3205	1	0	0.0006635
36	5	5.395	0	0	-0.3622
36	5	1.9	1	0	1.358
36	5	2.124	1	1	0.05158
36	5	5.137	1	1	-0.7624
36	5	1.607	0	0	-1.615
36	5	1.414	0	0	0.2471
36	5	0.9448	0	0	-0.7152
36	5	0.8241	1	1	-0.3876
36	5	0.2015	0	0	0.3516
36	5	5.247	1	1	-0.8941
36	5	0.6397	0	0	-0.9554
36	5	3.525	1	1	-0.8298
36	5	1.811	1	1	0.9491
36	5	0.9275	0	0	0.652
36	5	1.082	0	0	-0.1534
36	5	5.116	0	0	-1.541
36	5	0.6788	1	1	1.507
36	5	5.533	1	1	0.2999
36	5	3.638	0	0	-0.9058
36	5	3.669	0	0	-1.819
36	5	5.733	0	0	0.112
37	5	1.917	0	0	1.166
37	5	0.746	1	1	0.2838
37	5	0.9853	1	1	0.1706
37	5	0.5851	0	0	1.036
37	5	1.883	1	1	-0.1462
37	5	1.568	0	0	1.534
37	5	5.269	1	1	-1.317
37	5	0.8272	0	0	1.121
37	5	0.3383	0	0	-0.01986
37	5	3.067	1	1	0.2563
37	5	0.22	1	1	-0.1538
37	5	0.2315	1	0	0.4413
37	5	3.716	0	0	-0.1141
37	5	3.696	1	1	-0.7693
37	5	3.902	0	0	0.794
37	5	5.36	0	0	-0.9996
37	5	3.543	1	1	-0.1602
37	5	5.149	0	0	-0.8333
37	5	0.4065	1	1	1.974
37	5	0.7178	0	0	-0.004707
37	5	5.405	1	1	-1.398
37	5	1.801	1	0	0.1408
37	5	1.498	0	0	0.1872
37	5	0.1501	1	1	-0.2027
37	5	0.9635	1	1	1.032
37	5	0.4309	1	1	0.5298
37	5	0.2379	0	1	-0.1975
37	5	0.6178	0	0	0.1989
37	5	0.7056	1	1	0.7279
37	5	1.557	1	1	-0.4928
37	5	5.282	1	1	-0.4393
37	5	3.464	1	1	0.1762
37	5	5.152	0	0	1.483
37	5	3.614	0	0	-0.1205
37	5	3.37	0	0	0.3757
37	5	1.551	0	0	1.282
37	5	3.645	1	1	-0.7995
37	5	5.338	1	1	1.119
37	5	5.319	1	1	-1.061
37	5	1.181	0	0	-0.6691
37	5	1.952	0	0	-0.4995
37	5	1.967	0	0	1.202
37	5	0.9992	0	0	-0.9152
37	5	5.276	0	0	-1.464
37	5	3.64	0	0	1.412
37	5	1.772	0	0	-1.415
37	5	1.439	1	1	1.635
37	5	1.044	1	1	-0.3088
37	5	5.561	0	0	-0.6515
37	5	0.7829	1	1	-1.027
38	5	0.07481	1	1	0.6083
38	5	0.7615	0	0	-0.01428
38	5	3.824	1	1	-0.1506
38	5	1.938	1	1	-0.05817
38	5	1.157	1	1	0.1829
38	5	5.482	1	1	-0.7921
38	5	3.945	1	1	-0.7697
38	5	0.6146	1	0	1.353
38	5	3.526	1	1	-0.844
38	5	5.592	1	1	-0.4412
38	5	1.026	0	0	-0.2525
38	5	0.8404	0	1	0.7459
38	5	3.631	0	0	-0.5049
38	5	0.7649	1	1	-0.007426
38	5	3.632	0	0	-1.328
38	5	0.5604	1	1	0.3695
38	5	1.088	0	1	2.063
38	5	2.011	1	1	-0.7408
38	5	1.593	0	0	-0.1722
38	5	3.352	0	0	-0.9317
38	5	0.7072	1	0	0.1003
38	5	5.248	1	1	-0.5571
38	5	2.025	1	1	-0.07557
38	5	5.641	0	0	-0.8282
38	5	5.204	1	1	-0.7801
38	5	0.7822	0	1	0.7992
38	5	5.42	1	1	-0.9162
38	5	5.305	0	0	-1.902
38	5	1.349	1	1	0.89
38	5	3.722	0	0	-0.6596
38	5	3.11	0	0	-0.03448
38	5	0.5122	0	1	0.5679
38	5	1.79	0	0	-0.5378
38	5	1.701	1	1	-0.1948
38	5	0.106	1	1	-0.9221
38	5	1.828	0	0	0.987
38	5	1.638	1	1	-1.2
38	5	0.3943	1	1	-0.8277
38	5	5.548	0	0	-0.8228
38	5	0.7996	0	0	1.445
38	5	3.494	1	1	0.09737
38	5	5.423	0	0	1.271
38	5	0.9002	0	1	2.415
38	5	5.613	0	0	-1.513
38	5	2.015	1	1	-1.982
38	5	0.4732	0	1	1.924
38	5	0.4357	0	1	-0.1091
38	5	0.8093	0	0	-0.05971
38	5	3.896	0	0	-0.4578
39	5	0.6066	1	1	0.4796
39	5	1.914	0	1	-0.04849
39	5	5.195	0	0	-0.7812
39	5	5.22	1	1	-1.171
39	5	0.4329	1	0	0.2548
39	5	0.7728	0	0	-0.04776
39	5	0.829	1	1	-0.09915
39	5	0.6002	0	0	-0.7747
39	5	0.5988	1	1	-1.478
39	5	3.734	0	0	0.5472
39	5	0.9108	0	1	2.343
39	5	0.7254	1	1	-0.03507
39	5	5.344	0	0	-0.3248
39	5	1.734	0	0	-0.7838
39	5	5.103	0	0	-0.06996
39	5	0.8957	0	1	1.145
39	5	3.643	0	0	-0.4815
39	5	3.374	0	0	-1.537
39	5	5.331	0	0	-0.5905
39	5	0.7023	0	1	1.518
39	5	3.746	0	0	-0.6891
39	5	4.028	0	0	0.01145
39	5	2.111	1	1	-0.7227
39	5	3.416	1	1	-0.8846
39	5	2.034	1	1	-0.4391
39	5	3.651	0	0	-0.2872
39	5	1.706	0	0	-0.3361
39	5	0.2423	0	1	0.3853
39	5	0.6005	1	1	0.1412
39	5	0.6554	1	0	-0.02011
39	5	0.578	1	0	-0.9087
39	5	1.492	0	0	-0.4076
39	5	1.834	1	1	-0.1375
39	5	0.3367	0	0	-0.7352
39	5	0.4035	1	1	-0.5741
39	5	0.9793	1	1	-0.4966
39	5	2.071	1	1	0.1852
39	5	1.089	0	0	-0.3883
39	5	3.295	1	1	-1.123
39	5	1.636	0	0	0.2617
39	5	1.964	1	1	0.9631
39	5	3.33	1	1	-0.5822
39	5	5.339	1	1	-0.2551
39	5	5.487	0	0	1.773
39	5	5.586	1	1	-1.401
39	5	5.378	1	1	0.7264
39	5	5.146	1	1	-0.5417
39	5	3.54	0	0	2.444
39	5	0.3213	1	1	-1.537
40	6	2.103	0	1	-0.5341
40	6	1.805	1	0	-0.0909
40	6	0.3513	0	1	-0.2742
40	6	3.829	1	1	0.4234
40	6	3.605	0	0	0.5498
40	6	1.066	1	1	-0.2401
40	6	5.678	1	1	-0.91
40	6	1.753	0	1	1.645
40	6	5.508	0	0	-0.6733
40	6	1.116	1	1	1.075
40	6	0.4591	0	0	0.23
40	6	5.176	0	0	0.3863
40	6	0.1592	0	1	-0.5268
40	6	3.589	1	1	-0.8607
40	6	5.272	1	1	0.1713
40	6	1.633	0	0	1.325
40	6	0.6275	1	1	0.7115
40	6	0.92	1	1	0.3134
40	6	2.339	1	1	1.096
40	6	5.303	1	1	-0.2973
40	6	1.622	1	1	0.9692
40	6	0.3291	1	0	1.522
40	6	3.842	1	1	-0.7212
40	6	5.395	0	0	-0.2646
40	6	5.174	0	0	-0.0207
40	6	0.8972	0	0	-0.6317
40	6	0.3154	1	0	1.133
40	6	0.3952	1	1	-8.305
40	6	0.8644	1	1	0.1342
40	6	1.693	0	0	1.571
40	6	0.5834	1	1	1.186
40	6	0.3997	0	0	1.286
40	6	5.349	1	1	-1.163
40	6	1.748	0	1	0.1015
40	6	3.588	0	1	1.28
40	6	0.9131	0	0	-1.312
40	6	3.683	0	0	-1.251
40	6	1.134	0	1	2.907
40	6	3.478	0	0	-1.594
40	6	0.7597	0	0	-1.097
40	6	3.553	1	1	-1.571
40	6	0.9771	0	1	2.108
40	6	5.673	0	0	-2.145
40	6	5.185	1	1	-1.183
40	6	3.239	1	1	0.06787
40	6	1.623	0	1	1.137
40	6	1.161	0	0	-1.018
40	6	0.3561	1	0	0.3929
41	6	5.137	1	1	-1.413
41	6	1.039	0	0	0.5234
41	6	0.6383	0	1	0.3852
41	6	0.9946	0	0	-0.9772
41	6	5.417	1	1	-0.4486
41	6	5.464	1	1	0.7283
41	6	1.122	1	0	0.1518
41	6	5.434	0	0	-1.558
41	6	4.916	1	1	-1.051
41	6	5.069	0	0	2.115
41	6	5.121	0	0	-0.738
41	6	3.398	1	1	0.2577
41	6	0.4917	0	0	1.394
41	6	0.1502	0	1	1.75
41	6	0.5369	0	1	0.4384
41	6	1.886	1	1	0.5064
41	6	2.02	0	0	1.74
41	6	0.7922	0	1	2.111
41	6	1.996	1	0	0.6562
41	6	0.9531	0	0	0.06553
41	6	0.1237	1	0	0.6909
41	6	0.7905	1	1	0.431
41	6	5.43	1	1	-0.7942
41	6	3.77	0	0	1.111
41	6	0.7325	0	1	-0.6159
41	6	3.345	1	1	-0.4546
41	6	0.6431	1	0	2.006
41	6	0.2021	1	0	-0.7147
41	6	5.052	0	0	-1.077
41	6	5.271	0	1	0.2379
41	6	3.644	1	1	-0.6682
41	6	1.797	0	0	-0.1649
41	6	1.943	0	0	-1.388
41	6	3.818	1	0	-0.04269
41	6	1.088	0	1	1.436
41	6	0.8658	1	0	0.1096
41	6	1.636	0	0	-0.5487
41	6	0.3533	0	0	-0.3098
41	6	3.365	0	0	-0.3643
41	6	3.363	0	0	-0.6868
41	6	0.7105	0	1	1.308
41	6	0.3051	1	0	0.5051
41	6	2.047	1	1	-0.858
41	6	1.848	1	1	-1.086
41	6	1.413	1	1	0.1538
41	6	0.9123	1	0	0.5517
41	6	1.706	0	0	-2.334
41	6	3.881	1	1	-1.349
41	6	3.916	0	0	-0.004134
41	6	3.821	1	1	0.6055
42	6	5.115	1	1	1.409
42	6	0.599	0	0	-0.3158
42	6	0.7999	1	1	-1.108
42	6	3.445	1	1	-0.3162
42	6	3.466	1	1	-1.975
42	6	0.3518	0	0	-1.507
42	6	2.047	0	0	0.5356
42	6	3.601	1	1	-1.358
42	6	2.02	1	1	-0.2362
42	6	1.494	0	0	-0.002552
42	6	0.3911	0	0	0.9368
42	6	3.366	0	0	-1.502
42	6	0.2351	0	0	1.492
42	6	0.1388	1	0	0.5244
42	6	0.6535	1	0	-0.3189
42	6	0.9292	0	0	1.366
42	6	1.767	1	1	0.273
42	6	5.058	1	1	-1.216
42	6	0.5222	0	0	2.073
42	6	0.814	1	0	2.271
42	6	0.7788	0	0	-0.4882
42	6	1.013	1	0	0.4292
42	6	5.609	0	0	-2.39
42	6	3.308	1	1	1.609
42	6	3.805	1	1	-0.491
42	6	2.011	1	1	-0.2907
42	6	5	1	1	-1.361
42	6	0.6841	0	0	0.06659
42	6	3.531	1	1	0.4104
42	6	0.6464	0	0	-0.9229
42	6	3.784	1	1	-0.9188
42	6	0.6971	1	0	1.019
42	6	5.26	1	1	-0.2123
42	6	5.78	1	1	-0.8157
42	6	0.3831	1	1	0.6162
42	6	1.015	0	0	-0.4448
42	6	2.069	0	0	-1.396
42	6	5.293	0	0	-1.011
42	6	1.573	0	0	-0.6541
42	6	0.1392	1	1	0.9288
42	6	1.763	0	0	-0.8704
42	6	5.34	0	0	-0.2325
42	6	5.519	0	0	-0.1336
42	6	3.615	0	0	0.06365
42	6	1.312	0	0	0.377
42	6	5.459	0	0	-2.285
42	6	0.1288	0	0	-0.8819
42	6	1.278	1	1	1.401
42	6	1.643	0	0	-0.1287
42	6	3.69	1	1	-1.535
43	6	1.696	0	0	0.888
43	6	1.28	0	0	0.3409
43	6	0.3308	0	0	0.1869
43	6	1.966	1	0	0.3544
43	6	0.1748	1	1	-0.0837
43	6	0.535	1	1	0.7199
43	6	0.3126	0	1	1.031
43	6	1.509	0	0	-0.8681
43	6	0.4022	0	0	-0.7485
43	6	5.587	0	0	-0.09597
43	6	5.086	0	0	-1.252
43	6	1.773	0	0	0.9021
43	6	3.76	1	1	0.485
43	6	3.575	0	0	0.1277
43	6	5.086	1	1	-0.7385
43	6	0.2219	1	0	-0.2631
43	6	0.7656	0	0	0.8562
43	6	5.122	1	1	-1.313
43	6	0.8097	0	0	-1.656
43	6	2.043	1	1	0.4522
43	6	5.423	1	1	-0.3885
43	6	5.506	0	0	1.786
43	6	1.418	1	1	-3.74
43	6	3.586	1	1	0.04418
43	6	3.621	1	1	-0.376
43	6	1.047	0	0	-0.1258
43	6	0.8256	0	0	0.2079
43	6	0.7492	1	0	-0.1516
43	6	0.2341	1	0	0.5804
43	6	3.304	1	1	0.1864
43	6	3.64	0	0	-0.7799
43	6	0.5058	0	0	-1.504
43	6	5.47	1	1	-0.6905
43	6	1.058	1	1	1.649
43	6	0.2051	0	0	-0.466
43	6	5.704	0	0	-0.6391
43	6	3.297	1	1	-0.3466
43	6	5.353	0	0	-0.4846
43	6	3.437	0	0	-1.85
43	6	3.811	1	1	-1.912
43	6	1.704	1	0	1.542
43	6	0.822	0	1	-0.2793
43	6	3.946	0	0	-1.755
43	6	1.817	1	1	1.307
43	6	0.694	0	0	-0.2185
43	6	0.2881	1	1	-0.8496
43	6	2.019	1	1	0.8454
43	6	1.031	1	0	1.185
43	6	1.428	1	0	0.7811
43	6	5.556	0	0	-1.604
44	6	0.1591	1	1	1.073
44	6	0.7052	1	1	-1.741
44	6	5.335	0	0	-0.5323
44	6	5.301	1	1	-0.3683
44	6	3.945	0	0	-0.5459
44	6	5.591	1	1	-0.6262
44	6	1.551	1	1	-0.01106
44	6	0.3245	0	0	2.293
44	6	3.56	0	0	-0.1477
44	6	5.368	0	0	0.2314
44	6	0.9109	0	1	0.5318
44	6	3.374	0	0	-1.182
44	6	1.852	0	0	-0.3302
44	6	5.191	0	0	-1.094
44	6	1.571	1	1	-0.1658
44	6	2.071	1	1	-1.114
44	6	3.435	0	0	-0.06413
44	6	0.4935	1	1	0.3202
44	6	1.782	0	0	0.9018
44	6	0.6986	1	1	0.8167
44	6	5.437	1	1	-1.267
44	6	1.699	0	0	0.06454
44	6	0.7089	1	1	1.356
44	6	5.651	1	1	-0.9118
44	6	0.74	0	0	0.6874
44	6	0.6491	1	0	0.8974
44	6	5.662	0	0	-0.8841
44	6	5.521	1	1	-0.552
44	6	0.97	1	1	0.1738
44	6	2.028	0	1	0.0764
44	6	0.3789	0	0	0.9109
44	6	3.8	0	0	-1.309
44	6	0.3284	0	0	0.9504
44	6	1.136	0	0	-0.1727
44	6	1.21	1	0	3.53
44	6	5.396	0	0	-1.184
44	6	3.448	1	1	0.4103
44	6	3.594	1	1	1.661
44	6	0.7446	0	1	-0.9145
44	6	3.566	0	0	-2.2
44	6	3.772	0	0	-0.3514
44	6	0.7866	1	0	1.113
44	6	0.3609	1	0	-0.4021
44	6	1.504	1	1	0.2549
44	6	0.5319	0	0	-0.2202
44	6	1.988	1	1	-0.6784
44	6	3.832	0	0	0.5278
44	6	0.4923	0	0	-0.8863
44	6	1.143	1	1	-0.9403
44	6	2.16	1	1	1.195
45	6	5.683	1	1	0.8163
45	6	5.771	1	1	-0.8405
45	6	0.5055	0	0	0.05864
45	6	3.693	0	0	-0.4585
45	6	3.742	0	0	-1.054
45	6	5.505	1	1	-0.5654
45	6	3.77	1	1	0.1776
45	6	5.018	0	0	-0.3346
45	6	0.5638	0	1	1.094
45	6	5.439	0	0	0.1234
45	6	0.2831	1	1	0.07185
45	6	3.536	1	1	-0.846
45	6	5.08	1	1	-0.6102
45	6	4.082	0	0	-0.5775
45	6	3.643	1	1	2.424
45	6	1.95	1	1	0.3626
45	6	1.896	0	0	0.1419
45	6	0.9018	1	0	-0.623
45	6	0.4057	0	0	-0.4405
45	6	1.653	1	1	-0.5131
45	6	3.621	1	1	-0.4338
45	6	3.584	0	0	-1.418
45	6	0.7337	1	1	0.4307
45	6	5.827	1	1	-1.189
45	6	1.842	0	0	-0.625
45	6	0.9758	1	1	0.8887
45	6	3.731	0	0	-0.941
45	6	0.3569	1	1	-0.1601
45	6	1.871	0	0	-0.3276
45	6	1.967	0	0	1.033
45	6	0.7473	0	0	-1.144
45	6	5.448	0	0	-1.69
45	6	1.707	0	0	1.182
45	6	0.5683	1	1	0.07493
45	6	0.61	1	1	-0.6465
45	6	1.096	1	1	1.409
45	6	1.041	0	1	0.6008
45	6	0.5652	1	1	-0.7252
45	6	1.519	0	0	-0.1618
45	6	0.5469	0	0	0.4325
45	6	0.9689	0	1	-0.2444
45	6	1.863	0	0	-0.6256
45	6	0.615	1	0	0.3719
45	6	1.763	1	1	-0.04279
45	6	0.8776	0	0	-0.7114
45	6	0.7021	1	0	-0.6147
45	6	3.678	1	1	-0.5967
45	6	5.537	0	0	0.2559
45	6	5.636	0	0	-1.118
45	6	0.2737	0	0	-0.6703
46	6	0.9106	0	1	0.04008
46	6	0.645	0	0	-0.2352
46	6	0.3367	0	0	-0.2242
46	6	0.8517	0	0	0.1188
46	6	5.291	0	0	-1.027
46	6	0.9475	1	1	0.5144
46	6	3.844	1	1	-0.7378
46	6	5.563	1	1	-0.5207
46	6	1.743	1	1	-0.186
46	6	3.159	1	1	0.196
46	6	0.6751	0	1	0.74
46	6	0.4123	1	0	-0.5101
46	6	1.357	0	0	-0.5455
46	6	0.757	0	0	0.6871
46	6	0.5764	0	0	-1.008
46	6	1.742	1	1	-0.6187
46	6	1.868	1	0	1.171
46	6	1.842	0	0	-1.039
46	6	5.057	0	0	-1.214
46	6	0.7697	1	0	0.1407
46	6	3.734	0	0	-0.6433
46	6	5.381	1	1	-0.99
46	6	5.25	1	1	0.06674
46	6	0.6868	1	0	1.805
46	6	0.8186	0	1	-0.4026
46	6	3.586	0	0	-1.046
46	6	0.1449	0	1	-0.4746
46	6	1.804	1	1	-0.2536
46	6	3.695	0	0	-0.211
46	6	3.513	1	1	0.7113
46	6	0.38	0	0	-0.07029
46	6	1.932	0	0	-0.6964
46	6	0.4339	1	0	-0.8319
46	6	0.5625	1	1	-0.4828
46	6	1.821	0	1	2.112
46	6	0.3938	0	0	-1.845
46	6	3.476	1	1	-0.4035
46	6	1.389	1	0	2.105
46	6	3.808	0	0	-0.7773
46	6	3.491	1	1	-1.224
46	6	5.451	1	1	-1.014
46	6	5.367	1	0	-0.6628
46	6	0.6475	0	0	-0.7008
46	6	3.848	0	0	-0.3193
46	6	1.047	1	1	-0.2176
46	6	5.503	1	1	-1.063
46	6	1.984	0	0	-0.9753
46	6	5.816	0	0	-0.4562
46	6	1.735	1	0	0.607
46	6	5.313	0	0	-1.276
47	6	5.181	0	0	0.2376
47	6	3.648	1	1	-0.4918
47	6	0.2705	1	1	0.1952
47	6	3.676	1	1	-0.449
47	6	3.585	0	0	0.3574
47	6	0.3026	0	1	0.4527
47	6	0.7176	0	0	0.3763
47	6	2.073	0	0	0.1006
47	6	1.713	0	1	0.2874
47	6	1.145	1	1	-0.2762
47	6	2.026	1	1	-0.5742
47	6	0.4982	0	1	1.573
47	6	0.3932	1	1	0.6264
47	6	0.8286	0	0	-1.445
47	6	3.651	0	0	0.9205
47	6	1.343	0	0	-0.8435
47	6	1.858	1	1	-0.5094
47	6	3.12	1	1	0.05869
47	6	5.418	0	0	-1.302
47	6	3.708	0	0	0.8693
47	6	1.894	1	1	0.2792
47	6	5.483	0	0	-1.376
47	6	1.951	1	1	0.03195
47	6	1.064	0	1	-0.004
47	6	0.4245	0	1	-0.2959
47	6	5.429	0	0	-0.6095
47	6	0.7171	1	1	-1.622
47	6	3.481	0	0	2.115
47	6	5.476	0	0	-0.976
47	6	1.216	0	0	-0.0813
47	6	5.304	0	0	-2.145
47	6	0.47	1	1	0.0616
47	6	3.598	1	1	-1.235
47	6	0.9809	0	0	-0.4777
47	6	3.283	1	1	0.05822
47	6	1.985	0	0	3.398
47	6	5.443	1	1	-1.492
47	6	0.478	1	1	-0.5885
47	6	1.599	1	0	1.144
47	6	0.8546	1	0	-0.07093
47	6	0.393	0	0	1.141
47	6	0.7511	1	0	-0.008182
47	6	3.778	1	1	-1.504
47	6	5.157	1	1	-0.273
47	6	0.6154	1	0	0.1752
47	6	5.607	0	0	-0.1456
47	6	5.419	0	0	-0.2026
47	6	1.701	1	1	0.07126
47	6	0.217	1	0	-0.09195
47	6	0.768	0	0	-0.9842
48	6	3.532	0	0	0.1615
48	6	0.4208	1	1	0.3765
48	6	0.5838	0	0	0.03571
48	6	5.676	1	1	-0.2987
48	6	0.4797	1	0	1.153
48	6	3.459	0	0	-0.5219
48	6	1.735	1	1	-0.1148
48	6	3.781	0	0	-1.638
48	6	1.483	0	0	0.5156
48	6	5.495	1	1	-0.3932
48	6	0.3808	1	1	1.109
48	6	3.905	1	1	-0.1664
48	6	0.7279	1	0	0.4103
48	6	0.3571	1	0	-0.1368
48	6	1.905	1	1	-1.666
48	6	3.679	1	1	-0.9705
48	6	0.5886	0	0	1.281
48	6	1.898	1	0	-0.8704
48	6	1.847	1	1	-0.09802
48	6	0.6104	0	1	0.5111
48	6	0.6585	0	0	-0.5963
48	6	3.405	0	0	-0.6809
48	6	5.192	0	0	0.07976
48	6	3.828	1	1	-0.09087
48	6	3.771	0	0	-0.08129
48	6	1.097	1	1	-0.6513
48	6	3.812	1	1	0.7919
48	6	1.409	0	0	0.1878
48	6	1.117	0	0	0.4063
48	6	5.443	0	0	-0.9617
48	6	0.681	0	0	0.7244
48	6	2.024	0	0	-0.3797
48	6	5.426	0	0	-0.9709
48	6	1.624	0	0	-0.0773
48	6	0.6234	1	1	-0.9395
48	6	5.197	1	1	-0.9809
48	6	3.835	0	0	-0.6621
48	6	5.409	0	0	0.01633
48	6	0.9617	1	1	-0.8144
48	6	5.284	0	0	-1.091
48	6	0.4696	1	1	-0.8775
48	6	1.859	0	0	4.433
48	6	5.462	1	1	-1.039
48	6	5.512	0	0	1.71
48	6	0.8744	0	0	1.668
48	6	0.3682	0	0	0.189
48	6	0.8918	1	0	0.2431
48	6	1.519	1	1	-0.5875
48	6	1.107	1	1	0.06677
48	6	0.5106	1	0	-0.5119
49	6	0.3664	0	0	0.005457
49	6	5.423	0	0	-0.6324
49	6	5.605	1	1	-2.303
49	6	2.425	1	1	-0.6489
49	6	0.7214	1	1	0.9435
49	6	3.883	1	1	-1.084
49	6	2.193	0	0	1.632
49	6	1.646	0	0	0.596
49	6	5.323	0	0	-0.9141
49	6	0.6671	0	0	1.096
49	6	0.6467	1	1	0.3147
49	6	1.959	0	0	-0.0561
49	6	3.4	0	0	-1.212
49	6	1.759	0	1	0.8547
49	6	5.212	1	1	-1.663
49	6	3.934	1	1	-0.9591
49	6	5.067	1	1	-1.345
49	6	0.2866	0	1	1.135
49	6	3.62	1	1	-0.8477
49	6	1.849	0	0	-1.42
49	6	0.8476	1	1	0.2029
49	6	0.7365	0	0	0.1692
49	6	3.645	1	1	-1.277
49	6	5.167	0	0	-0.995
49	6	3.422	0	0	-0.6169
49	6	5.343	1	1	-1.295
49	6	5.136	0	0	-0.3199
49	6	5.269	0	0	0.8423
49	6	0.4624	1	1	-0.3667
49	6	3.767	1	1	-0.7449
49	6	1.197	1	1	0.8791
49	6	0.006007	1	1	1.012
49	6	0.7271	0	1	-0.468
49	6	1.721	1	1	-0.1854
49	6	0.5032	0	0	-1.538
49	6	3.802	0	0	-0.5269
49	6	0.6457	1	1	-1.066
49	6	3.349	1	1	-0.02915
49	6	5.643	1	1	-0.6565
49	6	1.56	0	0	-0.6493
49	6	0.5134	0	0	0.5853
49	6	2.126	0	0	0.4179
49	6	0.5119	1	0	-0.1558
49	6	0.9276	0	0	-0.2029
49	6	0.7559	1	1	0.6443
49	6	0.2606	1	1	0.2154
49	6	1.988	1	1	-0.416
49	6	3.56	0	1	-0.112
49	6	0.5561	1	1	-0.5045
49	6	0.8072	1	0	0.1305
