0	2	3.532	0	0	1.43
0	2	1.987	0	0	-0.0527
0	2	0.7637	1	0	-0.7142
0	2	3.595	1	1	-0.7914
0	2	3.989	1	1	0.7773
0	2	0.8301	1	0	-0.1763
0	2	5.43	1	1	-1.354
0	2	1.574	0	0	-1.304
0	2	0.539	0	0	-1.461
0	2	1.013	1	1	-0.06321
0	2	1.019	0	0	-4.555
0	2	0.3451	1	0	0.7154
0	2	5.065	1	1	-0.03764
0	2	5.224	0	0	-0.2666
0	2	5.352	1	1	-0.6526
0	2	3.702	0	0	-0.1712
0	2	5.42	0	0	0.1735
0	2	0.4979	1	1	-0.6454
0	2	0.8041	1	0	1.164
0	2	1.772	1	1	-2.449
0	2	5.543	1	1	0.03975
0	2	5.19	0	0	-1.408
0	2	3.626	0	0	1.113
0	2	0.7707	0	1	0.2353
0	2	5.569	1	1	0.006961
0	2	0.06997	0	1	2.125
0	2	1.632	1	1	-1.102
0	2	0.209	0	0	1.433
0	2	3.456	0	0	-0.465
0	2	0.5972	0	0	-0.4607
0	2	3.575	1	1	-0.5105
0	2	0.6978	0	0	-0.03999
0	2	1.071	1	1	-0.9871
0	2	1.779	0	0	-1.473
0	2	0.5554	0	0	-0.8412
0	2	0.7767	0	0	0.3193
0	2	3.632	1	1	-1.201
0	2	5.358	1	1	-2
0	2	0.9132	1	0	1.098
0	2	1.81	0	0	-0.6609
0	2	0.2966	0	0	-0.7617
0	2	1.475	1	1	-0.8074
0	2	1.904	1	0	0.143
0	2	0.1899	0	0	-3.108
0	2	5.466	0	0	-1.101
0	2	1.944	1	0	0.0624
0	2	3.406	1	1	-0.6809
0	2	3.501	1	1	-0.7514
0	2	0.724	0	0	-0.3217
0	2	1.987	0	0	-0.4763
1	2	1.763	0	0	1.677
1	2	5.328	0	0	0.9026
1	2	5.275	1	1	1.288
1	2	1.65	1	0	-2.149
1	2	0.5307	1	0	-0.909
1	2	0.7663	0	0	0.3543
1	2	0.2585	0	1	-0.4347
1	2	1.759	1	0	0.2778
1	2	0.7634	1	1	-0.4044
1	2	0.6705	1	1	-0.127
1	2	0.5565	1	1	0.4723
1	2	2.058	1	1	0.9001
1	2	5.341	1	1	-1.083
1	2	5.134	1	1	0.3586
1	2	5.493	0	0	-1.162
1	2	0.8061	0	0	-2.033
1	2	0.5221	0	1	-0.6879
1	2	0.3089	1	0	0.1571
1	2	3.317	1	1	-0.06882
1	2	1.574	0	0	1.061
1	2	5.157	1	1	-0.4907
1	2	5.238	0	0	-1.287
1	2	0.2042	0	0	0.5967
1	2	1.113	1	1	1.148
1	2	0.9872	1	0	-0.3628
1	2	3.476	0	0	-0.4
1	2	0.9416	0	0	-0.4436
1	2	0.2709	0	0	-1.168
1	2	1.92	1	0	-1.305
1	2	3.344	1	1	0.7627
1	2	0.4175	1	1	0.3126
1	2	1.124	0	0	-1.251
1	2	3.517	0	0	-0.6391
1	2	1.657	1	0	0.8851
1	2	3.265	0	0	0.5102
1	2	3.829	1	1	-0.9247
1	2	5.444	0	0	-0.3079
1	2	1.832	0	0	-0.3845
1	2	3.507	1	1	0.9063
1	2	3.462	0	0	-1.414
1	2	1.538	0	0	-1.773
1	2	0.7948	1	0	0.6458
1	2	5.456	0	0	-0.1092
1	2	0.2542	1	1	0.7136
1	2	0.4145	0	0	-0.2508
1	2	0.2408	0	0	-1.319
1	2	1.783	0	0	-0.5086
1	2	3.498	1	1	0.3185
1	2	3.828	0	0	0.0476
1	2	5.617	1	1	0.77
2	2	0.3815	1	1	1.835
2	2	3.401	0	0	0.5127
2	2	1.893	0	0	0.573
2	2	0.7551	1	0	-1.157
2	2	3.6	1	1	0.3785
2	2	0.9259	1	1	0.1448
2	2	0.6553	0	0	-0.8283
2	2	1.849	0	0	-1.389
2	2	0.04887	0	0	0.8091
2	2	0.4945	1	0	1.352
2	2	0.7104	1	0	-0.8623
2	2	5.484	0	0	0.1762
2	2	1.659	0	0	-1.11
2	2	3.393	0	0	-0.969
2	2	3.728	0	0	-0.4213
2	2	3.639	1	1	0.2501
2	2	5.374	1	1	1.072
2	2	5.544	0	0	-0.00582
2	2	3.317	0	0	-0.9781
2	2	0.9976	0	0	-0.8998
2	2	0.2656	1	0	-0.4033
2	2	0.1164	0	1	-1.822
2	2	1.708	1	1	1.005
2	2	4.799	1	1	-1.521
2	2	3.7	1	1	0.9619
2	2	0.2053	1	0	0.5449
2	2	2.034	1	0	-0.1832
2	2	5.261	0	0	-0.01633
2	2	5.499	1	1	-0.1537
2	2	0.4532	0	0	1.484
2	2	3.752	0	0	0.6415
2	2	0.6364	1	0	0.03391
2	2	1.658	0	0	-1.476
2	2	0.8776	1	1	-2.809
2	2	5.696	1	1	0.9364
2	2	0.09303	0	1	0.1097
2	2	1.52	1	1	-0.3394
2	2	1.216	0	0	-1.662
2	2	0.3925	0	0	-2.772
2	2	1.746	1	1	0.847
2	2	1.731	0	0	0.2891
2	2	5.396	1	1	1.334
2	2	0.6855	1	0	-0.7974
2	2	5.638	1	1	-1.156
2	2	3.591	0	0	-1.971
2	2	3.319	0	0	-0.9138
2	2	1.564	1	1	-0.4473
2	2	0.3789	0	0	-0.773
2	2	4.992	0	0	-0.5281
2	2	0.9954	1	0	0.7661
3	2	3.628	0	0	1.232
3	2	5.353	1	1	0.8772
3	2	0.5786	0	0	-0.1271
3	2	5.287	0	0	0.3178
3	2	5.313	0	0	0.4417
3	2	0.1285	1	0	-1.265
3	2	0.6719	0	0	0.4727
3	2	1.043	1	0	0.7176
3	2	3.448	1	1	0.694
3	2	3.723	0	0	-0.4023
3	2	3.69	0	0	-1.202
3	2	0.4637	0	0	-2.023
3	2	0.6573	0	0	0.4573
3	2	1.06	1	1	-1.03
3	2	0.5349	0	0	-0.5787
3	2	5.728	1	1	0.339
3	2	5.543	1	1	2.315
3	2	0.8507	1	0	0.1012
3	2	1.973	1	1	0.6915
3	2	1.958	1	0	-1.77
3	2	3.061	1	1	-0.5049
3	2	1.876	1	1	1.338
3	2	2.032	0	0	0.2768
3	2	5.071	1	1	0.07639
3	2	1.98	0	0	1.088
3	2	1.162	0	0	-0.5055
3	2	1.162	0	0	1.802
3	2	1.469	1	0	0.4194
3	2	2.15	0	0	-1.926
3	2	1.092	0	0	0.6166
3	2	0.4519	0	1	1.613
3	2	0.6444	0	0	-0.7116
3	2	5.095	1	1	0.6058
3	2	5.339	0	0	-0.5754
3	2	0.6047	1	0	-0.153
3	2	5.775	1	1	0.1671
3	2	0.3585	1	0	0.3956
3	2	1.776	0	0	-2.135
3	2	0.7825	1	0	0.3727
3	2	1.655	0	0	-1.198
3	2	1.042	0	0	-0.4372
3	2	0.6253	0	0	-0.4751
3	2	3.317	1	1	-0.4473
3	2	1.839	1	1	-0.3582
3	2	3.785	1	0	1.538
3	2	3.619	1	1	-0.355
4	2	0.4366	1	0	3.553
4	2	5.487	1	1	-0.5032
4	2	0.1675	0	0	-1.352
4	2	1.08	0	0	-2.737
4	2	3.518	0	0	0.1417
4	2	0.8369	1	0	-1.568
4	2	1.895	0	0	-0.00376
4	2	3.39	0	0	-0.9289
4	2	0.5412	1	0	-0.806
4	2	0.6719	1	0	0.3303
4	2	1.43	1	1	-1.227
4	2	1.882	0	0	1.155
4	2	5.664	0	0	1.057
4	2	1.967	1	0	-0.5863
4	2	3.545	0	0	-1.73
4	2	0.5513	0	0	0.4693
4	2	1.952	0	0	-0.2341
4	2	1.681	0	0	-0.6399
4	2	0.1566	1	0	-2.136
4	2	1.023	0	0	-0.4371
4	2	1.353	1	0	-0.1187
4	2	5.035	0	0	-2.66
4	2	0.3814	1	0	-0.8806
4	2	1.873	0	0	-0.6923
4	2	1.59	0	0	-0.9999
4	2	5.433	0	0	-1.057
4	2	1.109	0	0	-0.2873
4	2	3.264	1	1	0.4572
4	2	0.9158	1	0	0.7448
4	2	5.584	1	1	0.6592
4	2	5.413	0	0	-0.1358
4	2	0.5335	0	0	0.6851
4	2	0.3836	0	0	0.6657
4	2	0.3709	1	0	-0.6004
4	2	0.9915	0	0	0.5125
4	2	3.497	1	0	1.395
4	2	3.909	1	1	0.9077
4	2	3.541	1	1	0.0007802
4	2	5.137	1	1	-0.719
4	2	0.9771	1	1	-0.918
4	2	0.9662	0	0	-0.2979
4	2	0.3277	1	0	-1.655
4	2	5.56	1	1	-1.255
4	2	5.545	1	1	0.8915
4	2	3.631	0	0	-0.1523
4	2	0.6694	0	0	-2.043
4	2	5.381	1	1	0.02707
4	2	3.468	1	1	-0.7137
4	2	3.676	0	0	-0.8023
4	2	1.748	1	0	0.332
5	2	5.507	0	0	0.4311
5	2	0.8334	0	0	0.4406
5	2	0.2698	1	1	0.5642
5	2	3.138	0	0	-0.4081
5	2	2.393	1	1	0.01813
5	2	5.177	1	1	-2.204
5	2	1.008	1	1	0.4341
5	2	1.868	1	1	-1.159
5	2	5.563	1	1	-0.5115
5	2	0.9022	1	0	-0.1784
5	2	0.3279	0	0	-0.9811
5	2	1.317	1	0	0.3581
5	2	1.017	0	0	1.104
5	2	1.479	1	1	0.345
5	2	3.477	0	0	-2.01
5	2	0.7202	1	0	-0.2388
5	2	3.561	0	0	0.04925
5	2	0.8301	0	0	1.336
5	2	3.555	1	1	1.186
5	2	3.354	0	0	0.1194
5	2	5.476	0	0	-2.238
5	2	3.582	0	0	-0.2298
5	2	3.781	0	0	-1.942
5	2	3.534	1	1	0.8008
5	2	1.936	0	0	-1.716
5	2	1.605	0	0	0.3897
5	2	5.355	0	0	-0.1916
5	2	5.658	1	1	0.1656
5	2	3.713	0	0	-0.3351
5	2	1.032	1	1	0.457
5	2	5.393	1	1	0.7683
5	2	0.5182	0	0	0.01462
5	2	0.8681	1	0	-0.2521
5	2	0.09499	0	1	-0.2237
5	2	5.595	0	0	0.1324
5	2	0.6126	0	0	0.8503
5	2	2.021	1	0	-0.09625
5	2	0.9823	1	1	0.3855
5	2	0.5193	1	0	1.257
5	2	5.317	1	1	-0.2752
5	2	1.642	0	0	-0.8949
5	2	0.4218	1	1	0.551
5	2	5.605	0	0	-0.8553
5	2	3.432	0	0	-0.3699
5	2	1.715	0	0	0.1213
5	2	0.5643	0	0	-0.3767
5	2	1.929	1	1	-0.5426
5	2	0.4448	1	0	1.082
5	2	0.6948	1	0	-0.3101
6	2	5.332	0	0	1.76
6	2	1.143	0	0	1.237
6	2	0.6984	0	1	0.1095
6	2	1.787	0	0	-1.041
6	2	3.387	1	1	-1.299
6	2	3.819	0	0	0.09826
6	2	0.3731	0	0	0.5686
6	2	5.722	1	1	0.1593
6	2	0.9865	0	0	0.3288
6	2	5.302	1	1	-0.4357
6	2	1.621	1	1	-0.6946
6	2	1.618	1	1	-2.051
6	2	0.6033	1	0	0.07747
6	2	0.8869	1	1	-1.168
6	2	0.8008	1	0	0.2672
6	2	5.56	1	1	-2.086
6	2	5.288	0	0	1.005
6	2	0.7843	1	0	-0.2483
6	2	3.494	0	0	0.22
6	2	1.083	0	0	1.278
6	2	5.412	0	0	-0.8571
6	2	1.009	1	1	0.1865
6	2	0.5687	1	0	1.161
6	2	0.9742	1	1	-1.221
6	2	1.793	0	0	-0.4359
6	2	3.608	0	0	-1.019
6	2	5.137	0	0	-0.4992
6	2	5.634	0	0	0.8088
6	2	3.454	1	1	-0.4625
6	2	0.4167	1	1	-1.062
6	2	0.1904	0	0	0.05537
6	2	3.095	0	0	0.8814
6	2	1.686	1	0	0.1095
6	2	0.2104	0	0	-0.8633
6	2	3.48	0	0	-0.1723
6	2	5.243	1	1	-0.9239
6	2	1.734	0	0	0.6841
6	2	1.034	1	0	-0.273
6	2	1.877	0	0	0.42
6	2	0.3644	1	0	-0.2161
6	2	1.986	0	0	-0.4582
6	2	3.777	0	0	0.5347
6	2	0.7245	0	0	1.384
6	2	0.4167	1	1	0.06808
6	2	1.715	0	0	-1.5
6	2	3.657	1	1	1.601
6	2	1.728	1	0	-0.391
6	2	0.744	1	0	-0.1323
6	2	3.533	0	0	-1.48
6	2	5.487	1	1	0.4915
7	2	1.897	1	1	0.56
7	2	5.6	1	1	0.3463
7	2	5.371	1	1	0.4615
7	2	3.998	0	0	0.4873
7	2	1.498	1	1	-0.5382
7	2	0.9091	0	0	-2.067
7	2	0.7813	0	0	-0.8449
7	2	0.7321	1	1	1.365
7	2	0.5186	1	0	-0.8342
7	2	0.3087	1	1	-0.607
7	2	2.047	0	0	-1.386
7	2	5.325	0	0	-1.007
7	2	0.8434	0	0	0.4986
7	2	1.185	1	0	-1.374
7	2	0.7779	1	1	-0.7267
7	2	2.162	0	0	0.8384
7	2	0.7217	1	0	0.3329
7	2	1.548	0	0	0.1232
7	2	0.1783	1	1	-0.2589
7	2	0.6469	1	1	-0.4564
7	2	3.478	1	1	1.01
7	2	0.5712	1	0	-0.4255
7	2	5.356	0	0	-0.4803
7	2	0.7905	1	0	-0.8181
7	2	1.429	0	0	0.2571
7	2	0.3967	0	0	0.5938
7	2	0.5361	0	0	0.05319
7	2	0.9842	1	1	0.7717
7	2	5.315	0	0	-1.64
7	2	5.638	1	1	0.42
7	2	1.966	0	0	0.3929
7	2	5.721	1	1	-0.7519
7	2	3.513	0	0	-0.8417
7	2	3.752	0	0	-0.5455
7	2	1.586	0	0	-0.8068
7	2	5.209	1	1	0.3689
7	2	1.717	0	0	0.3086
7	2	3.575	0	0	-0.7959
7	2	3.818	1	1	1.984
7	2	3.427	1	1	-1.789
7	2	5.051	1	1	0.4071
7	2	3.491	1	0	0.4516
7	2	2.095	0	0	-3.005
7	2	0.6047	0	0	-0.3765
7	2	5.195	1	1	1.408
7	2	0.6029	0	0	-1.838
7	2	0.5773	0	0	-0.8478
7	2	3.4	0	0	0.0267
7	2	1.214	0	0	0.524
7	2	3.966	0	0	0.8346
8	2	5.44	1	1	0.8139
8	2	3.414	0	0	0.1312
8	2	3.246	1	1	0.5361
8	2	0.6592	0	0	0.724
8	2	3.591	0	0	0.6619
8	2	0.4048	0	0	0.9807
8	2	1.481	1	1	0.3633
8	2	3.75	0	0	-1.078
8	2	0.3699	1	0	0.6756
8	2	5.847	1	1	0.1419
8	2	1.06	0	0	-1.534
8	2	0.7079	1	0	-0.04662
8	2	5.419	0	0	-1.252
8	2	1.954	0	0	-1.275
8	2	1.007	0	0	-0.3173
8	2	2	1	0	0.9418
8	2	3.846	1	1	0.3383
8	2	1.816	1	0	-0.9719
8	2	3.693	0	0	-0.5377
8	2	5.212	0	0	-0.2839
8	2	3.717	0	0	-2.158
8	2	5.229	0	0	-1
8	2	0.8082	0	0	0.255
8	2	0.7691	1	1	1.955
8	2	0.4231	0	0	1.543
8	2	2.044	0	0	-0.2932
8	2	5.396	1	1	1.403
8	2	1.879	1	1	1.477
8	2	1.402	0	0	-0.1159
8	2	5.214	0	0	0.4578
8	2	0.6568	0	0	0.551
8	2	5.398	1	1	-1.85
8	2	0.3348	1	0	1.264
8	2	0.2422	0	0	-0.738
8	2	3.811	1	1	1.895
8	2	0.351	1	0	-0.5032
8	2	1.082	1	0	-1.195
8	2	0.6024	1	0	-0.8692
8	2	3.678	1	1	-0.3556
8	2	3.543	1	0	0.8456
8	2	1.667	0	0	1.631
8	2	0.3915	1	0	0.3312
8	2	0.6059	1	1	-0.2757
8	2	0.7756	0	0	-1.998
8	2	5.488	1	1	0.3975
8	2	1.483	1	1	1.733
8	2	0.332	0	0	-0.1859
8	2	0.4345	0	0	0.1296
8	2	5.463	1	1	0.5688
8	2	2.177	0	0	0.8689
9	2	2.125	1	0	0.7777
9	2	2.454	0	0	0.5315
9	2	0.8093	0	0	-0.6378
9	2	0.1609	0	0	-0.3078
9	2	1.823	0	0	-0.01332
9	2	5.594	1	1	-0.8148
9	2	0.6879	0	0	-1.236
9	2	5.387	0	0	0.2942
9	2	0.7731	1	0	0.06426
9	2	5.24	0	0	-0.5219
9	2	0.6506	1	0	0.5393
9	2	2.039	0	0	-0.8569
9	2	0.6704	1	1	-0.1126
9	2	0.948	0	0	2.072
9	2	1.757	1	1	-0.4029
9	2	3.841	1	1	-0.336
9	2	1.403	0	0	-0.3944
9	2	0.9011	0	0	0.2887
9	2	1.011	1	0	1.627
9	2	4.969	1	1	0.04672
9	2	0.6081	0	0	0.2935
9	2	1.834	1	1	-0.8215
9	2	0.1915	0	0	-0.1542
9	2	0.1633	0	0	-0.3714
9	2	1.487	0	0	0.8669
9	2	1.806	1	1	0.08189
9	2	5.484	1	1	-0.5502
9	2	3.75	1	1	0.06593
9	2	3.8	1	1	0.6502
9	2	0.8265	1	0	0.2202
9	2	0.6776	1	1	0.6422
9	2	3.551	0	0	-1.838
9	2	5.236	0	0	0.5009
9	2	0.4104	0	1	-1.766
9	2	0.8497	1	1	0.2559
9	2	5.283	0	0	-1.549
9	2	5.466	0	0	-0.3781
9	2	0.5568	1	1	0.4312
9	2	3.6	0	0	-0.9878
9	2	3.438	1	1	0.09679
9	2	1.848	1	0	0.5103
9	2	3.771	1	1	-0.2955
9	2	4.73	0	0	-0.5163
9	2	3.632	0	0	0.5241
9	2	3.476	1	1	1.071
9	2	0.5012	1	0	0.04496
9	2	0.4355	1	1	1.854
9	2	1.082	1	0	0.08985
9	2	5.187	0	0	1.348
9	2	3.7	0	0	0.4945
10	3	5.056	0	0	0.08606
10	3	5.788	1	1	-0.1329
10	3	3.805	0	0	-0.3322
10	3	5.481	1	1	-0.3857
10	3	1.65	0	0	-0.3663
10	3	3.608	1	1	-0.5894
10	3	0.4393	1	0	-0.5534
10	3	0.1481	0	0	1.466
10	3	3.918	1	1	-0.6772
10	3	0.9604	1	0	1.881
10	3	5.486	0	0	-1.097
10	3	1.5	0	0	-0.9115
10	3	0.9325	0	0	-0.09734
10	3	1.386	1	0	-1.176
10	3	3.431	0	0	-1.844
10	3	1.918	1	1	-0.6843
10	3	0.4626	1	0	-0.6633
10	3	3.651	1	0	2.003
10	3	0.9133	1	0	1.182
10	3	4.124	1	1	1.781
10	3	5.627	0	0	-1.325
10	3	3.737	1	1	2.478
10	3	0.5	1	0	2.455
10	3	3.668	0	0	-0.3112
10	3	1.547	1	0	2.547
10	3	1.922	0	0	2.536
10	3	5.415	0	0	-0.5528
10	3	1.86	0	0	-1.153
10	3	0.5466	1	0	-0.5545
10	3	0.8821	0	1	-0.101
10	3	1.191	1	0	-0.3225
10	3	5.371	0	0	-1.505
10	3	1.698	0	0	-2.145
10	3	0.85	0	0	-0.1223
10	3	2.039	0	0	-0.1399
10	3	3.817	0	0	-0.6688
10	3	0.2999	0	0	-0.8026
10	3	0.8292	0	0	-1.922
10	3	0.2137	0	0	-0.8397
10	3	0.4979	1	0	-0.8569
10	3	0.7011	1	0	0.0515
10	3	0.4877	0	0	-1.108
10	3	5.628	1	1	-0.7363
10	3	0.7069	1	1	-0.9181
10	3	1.743	1	0	-0.5155
10	3	5.471	1	1	-0.9735
10	3	3.55	0	0	0.03169
10	3	0.1661	0	0	0.291
10	3	4.869	0	0	-0.8073
10	3	1.128	0	1	-1.463
11	3	0.5222	0	0	1.628
11	3	0.9674	0	0	-2.384
11	3	0.6432	1	0	0.0006366
11	3	1.942	0	0	-1.173
11	3	3.781	0	0	-2.521
11	3	1.9	1	0	1.161
11	3	0.3449	0	0	0.299
11	3	0.7635	1	1	-2.36
11	3	3.702	1	1	-1.357
11	3	5.31	1	1	0.1915
11	3	1.805	0	0	-0.4357
11	3	0.9124	1	1	-1.207
11	3	0.8254	0	0	-0.3457
11	3	1.944	0	0	1.338
11	3	0.6551	1	0	-1.315
11	3	5.531	0	0	-2.786
11	3	0.6523	1	0	-1.209
11	3	1.468	0	0	-0.6656
11	3	3.416	1	1	-0.1254
11	3	3.532	0	0	0.2072
11	3	0.6402	1	0	-1.275
11	3	1.67	0	0	-1.639
11	3	3.587	0	0	-1.463
11	3	1.054	0	0	-1.855
11	3	5.585	0	0	-1.17
11	3	5.115	1	1	1.783
11	3	5.489	0	0	-0.1141
11	3	0.6539	1	0	0.1229
11	3	1.613	1	0	-0.553
11	3	1.633	0	0	-1.962
11	3	2.049	0	0	0.7029
11	3	5.384	0	0	-1.935
11	3	0.4222	1	1	1.573
11	3	3.472	1	1	0.7995
11	3	0.7075	1	0	0.5627
11	3	3.465	0	0	-1.387
11	3	3.728	0	0	0.1735
11	3	5.347	0	0	-0.9658
11	3	5.361	0	0	0.1502
11	3	5.15	1	1	0.2313
11	3	1.035	1	1	0.4035
11	3	0.3783	1	0	-1.517
11	3	0.4926	0	0	-0.6384
11	3	0.8462	1	0	-1.7
11	3	1.231	1	0	-1.492
11	3	0.8636	1	1	0.2081
11	3	5.283	1	1	0.008822
11	3	3.706	1	1	-0.9221
11	3	3.688	1	1	-0.7523
11	3	2.035	1	1	-0.8172
12	3	5.538	1	1	1.607
12	3	5.46	0	0	-0.7119
12	3	0.2524	0	0	-0.7219
12	3	3.261	1	1	1.318
12	3	0.8456	1	0	-0.2135
12	3	1.527	0	0	-2.072
12	3	1.087	0	0	-1.463
12	3	3.628	1	1	2.026
12	3	0.3278	1	1	2.191
12	3	0.6662	0	0	0.7734
12	3	1.171	1	1	-0.6126
12	3	3.663	0	0	-1.125
12	3	3.506	0	0	0.02214
12	3	0.798	0	0	-2.539
12	3	0.2697	1	0	0.02529
12	3	5.44	1	1	-0.2808
12	3	2.018	1	0	1.129
12	3	3.387	0	0	-0.6692
12	3	2.012	1	1	-1.392
12	3	0.9434	0	0	0.5646
12	3	2.177	0	0	-0.79
12	3	5.245	0	0	-0.2725
12	3	1.913	0	0	0.8386
12	3	1.703	1	1	-2.499
12	3	0.4981	1	1	-1.204
12	3	1.665	0	0	0.02229
12	3	5.391	0	0	-0.1249
12	3	1.846	1	1	-0.9391
12	3	0.7637	0	0	-0.508
12	3	0.8647	0	0	-2.285
12	3	3.617	0	0	-0.7004
12	3	3.842	1	1	0.2343
12	3	0.3823	1	1	-0.3088
12	3	0.3212	1	1	2.463
12	3	3.466	1	1	-0.09599
12	3	5.338	1	1	0.9621
12	3	5.201	1	1	-0.2301
12	3	0.5079	0	0	-0.8309
12	3	5.232	1	1	-1.367
12	3	0.2041	0	0	-1.795
12	3	3.498	0	0	0.3501
12	3	0.6182	1	0	2.435
12	3	1.001	0	0	-1.099
12	3	5.483	1	1	0.3343
12	3	1.829	1	0	-0.3835
12	3	0.836	1	1	-0.5974
12	3	3.445	0	0	-0.1519
12	3	5.568	0	0	0.2115
12	3	0.8025	1	0	-0.7986
12	3	2.074	0	0	-1.844
13	3	5.289	1	1	1.74
13	3	3.771	1	1	0.3455
13	3	3.25	0	0	-1.279
13	3	1.755	0	1	0.1655
13	3	5.541	0	0	-0.2986
13	3	0.641	0	0	0.9478
13	3	3.544	1	1	-0.2105
13	3	0.3125	1	0	1.326
13	3	0.2848	1	0	0.849
13	3	1.736	0	0	-1.563
13	3	5.864	1	1	1.019
13	3	0.0163	0	1	1.006
13	3	0.9047	0	0	-0.008827
13	3	3.573	1	1	-1.069
13	3	5.37	0	0	-1.657
13	3	5.535	1	1	-2.041
13	3	3.417	1	1	-1.8
13	3	5.605	1	1	-0.1462
13	3	1.829	1	0	0.9693
13	3	0.4422	0	0	0.4668
13	3	0.6434	1	0	-0.2111
13	3	3.211	0	0	-0.7626
13	3	0.5079	0	0	1.247
13	3	3.308	0	0	1.053
13	3	0.5659	1	0	0.1342
13	3	3.957	0	0	-1.017
13	3	5.402	1	1	1.654
13	3	0.6328	1	1	1.176
13	3	0.2164	0	0	-1.285
13	3	0.4057	0	0	0.05493
13	3	1.733	0	0	-0.5726
13	3	5.394	1	1	-0.1015
13	3	1.06	1	1	-1.435
13	3	1.834	0	0	1.141
13	3	1.625	0	0	0.9241
13	3	5.528	1	1	-0.7168
13	3	0.8548	0	0	-0.1152
13	3	1.875	1	1	-0.06948
13	3	2.05	1	0	-0.02558
13	3	3.344	1	1	1.247
13	3	0.5327	0	0	0.6316
13	3	1.049	0	0	-0.8719
13	3	0.002585	1	1	-1.856
13	3	1.661	0	0	0.7149
13	3	0.6158	1	1	1.371
13	3	1.063	0	0	-0.5287
13	3	0.8944	0	0	-0.4486
13	3	1.779	1	1	1.468
13	3	3.479	1	1	-0.2412
13	3	5.312	1	1	-0.2774
14	3	1.071	0	0	1.816
14	3	1.764	1	1	1.031
14	3	0.2523	0	1	0.07971
14	3	5.191	0	0	-0.1921
14	3	1.683	0	0	0.3415
14	3	1.633	1	1	-0.02905
14	3	3.772	1	1	0.2959
14	3	0.5088	0	0	0.3258
14	3	1.665	0	0	1.137
14	3	0.6424	0	0	0.8859
14	3	0.9572	1	0	-0.5711
14	3	5.499	1	1	0.3086
14	3	5.803	1	1	-0.9598
14	3	5.318	1	1	-1.377
14	3	5.614	1	1	0.326
14	3	1.684	0	0	0.7027
14	3	0.7686	1	1	0.1481
14	3	0.925	0	0	-0.8734
14	3	1.528	0	0	-0.15
14	3	1.815	0	0	0.2012
14	3	3.424	0	0	-2.461
14	3	5.318	1	1	0.2641
14	3	1.211	1	1	2.364
14	3	3.415	0	0	-0.6815
14	3	0.5189	0	0	0.08259
14	3	3.715	1	1	-1.817
14	3	3.423	1	1	0.8718
14	3	3.62	1	1	1.471
14	3	5.228	1	1	-0.2541
14	3	1.664	0	0	-0.3363
14	3	3.484	0	0	-0.04019
14	3	3.532	1	1	-0.6403
14	3	1.913	1	1	0.2346
14	3	5.532	0	0	-0.3753
14	3	0.4762	0	0	1.097
14	3	5.189	0	0	-0.5967
14	3	1.907	1	1	0.4309
14	3	0.8041	1	1	0.1227
14	3	3.799	0	0	-0.6431
14	3	0.5529	1	0	1.475
14	3	0.5588	0	0	-0.4385
14	3	0.504	1	0	-0.8388
14	3	1.342	1	1	-1.942
14	3	0.4227	0	0	1.618
14	3	0.9418	0	0	1.299
14	3	5.259	1	1	-1.34
14	3	0.9712	1	1	0.889
14	3	0.6363	0	0	-1.581
14	3	0.5699	1	1	-0.8017
14	3	3.427	0	0	-0.8188
15	3	1.068	1	0	0.4625
15	3	2.024	0	0	-0.1495
15	3	1.438	1	1	-0.4197
15	3	5.023	0	0	-1.546
15	3	1.777	0	0	-1.475
15	3	0.7957	0	1	1.347
15	3	0.6885	0	0	-0.6003
15	3	4.038	0	0	1.645
15	3	1.751	1	1	2.038
15	3	1.896	1	1	0.9541
15	3	3.668	0	0	-0.1908
15	3	2.038	0	0	-0.8054
15	3	3.868	0	0	0.222
15	3	0.8993	0	0	0.3997
15	3	1.786	0	0	0.6209
15	3	0.3529	1	0	0.9914
15	3	5.692	1	1	-0.8588
15	3	0.536	0	0	0.2546
15	3	5.743	0	0	-0.0819
15	3	3.732	1	1	-0.7031
15	3	0.7517	1	0	-0.2256
15	3	5.354	0	0	-0.576
15	3	0.7903	1	1	-2.855
15	3	0.665	0	0	0.7009
15	3	3.709	1	0	-0.5444
15	3	3.601	1	1	0.8131
15	3	5.499	1	1	-1.73
15	3	1.899	1	0	0.3769
15	3	1.946	0	0	1.026
15	3	0.8309	1	0	1.471
15	3	3.621	0	0	-2.95
15	3	3.485	0	0	0.9953
15	3	3.4	1	1	0.1806
15	3	0.7002	1	0	-0.9779
15	3	5.593	0	0	1.245
15	3	5.221	1	1	1.295
15	3	0.4962	1	0	-0.9457
15	3	5.277	0	0	-0.3857
15	3	1.85	0	0	0.394
15	3	0.1761	1	0	-0.3557
15	3	0.9495	1	0	0.09863
15	3	5.129	1	1	-0.4914
15	3	0.482	1	1	0.5389
15	3	0.5355	1	0	0.3838
15	3	0.9765	0	0	-1.1
15	3	0.3473	0	1	0.09277
15	3	3.09	1	0	-0.1969
15	3	0.7364	1	1	-0.07711
15	3	0.8474	0	0	-1.739
15	3	5.415	0	0	-0.6291
16	3	0.9034	1	0	1.506
16	3	5.542	1	1	-1.525
16	3	1.791	1	1	-0.2045
16	3	3.47	0	0	-2.2
16	3	0.9421	1	1	0.9741
16	3	5.313	1	1	-0.7164
16	3	0.8554	1	1	0.6932
16	3	3.621	1	1	0.0009629
16	3	1.059	1	1	0.8976
16	3	1.673	0	0	0.159
16	3	3.66	0	0	0.3891
16	3	0.6937	0	0	0.06722
16	3	5.532	0	0	0.8189
16	3	5.501	0	0	0.2323
16	3	0.4244	0	0	1.412
16	3	5.365	0	0	-1.38
16	3	5.477	1	1	0.757
16	3	1.878	1	1	0.875
16	3	0.5338	1	0	0.3636
16	3	1.707	0	0	-1.415
16	3	3.287	0	0	-3.333
16	3	1.699	0	0	-0.2731
16	3	3.89	0	0	-1.117
16	3	1.067	1	1	0.7055
16	3	1.118	1	1	0.3288
16	3	2.045	1	1	0.7907
16	3	0.4902	1	1	0.3293
16	3	5.512	0	0	-1.562
16	3	3.556	0	0	-2.396
16	3	0.7116	1	1	0.8158
16	3	1.866	0	0	-0.1813
16	3	3.512	1	1	-1.661
16	3	1.004	0	0	-0.9203
16	3	0.04137	1	1	1.675
16	3	5.629	0	0	-0.06067
16	3	3.971	0	0	-0.6582
16	3	5.696	1	1	-0.732
16	3	2.003	0	0	-0.8662
16	3	1.199	1	1	-0.8811
16	3	0.8766	1	1	0.7355
16	3	3.706	0	0	-0.1754
16	3	1.451	1	1	0.6394
16	3	4.093	0	0	-0.9628
16	3	1.073	0	0	-0.8536
16	3	1.609	1	0	0.4988
16	3	0.9471	0	0	0.02994
16	3	0.1601	1	0	0.7945
16	3	0.6053	1	1	1.006
16	3	5.749	0	0	0.4643
16	3	0.7806	0	1	-0.2634
17	3	3.45	1	1	1.522
17	3	5.346	1	1	0.9559
17	3	3.27	0	0	1.203
17	3	1.843	0	0	0.5535
17	3	0.7393	1	1	1.108
17	3	0.4616	0	0	-1.052
17	3	1.149	0	0	-0.1178
17	3	1.704	1	0	-0.3724
17	3	5.393	1	1	0.2456
17	3	1.646	1	1	-0.149
17	3	1.163	0	0	0.5747
17	3	5.61	0	0	-1.876
17	3	5.283	0	0	0.4311
17	3	3.286	1	1	-0.4004
17	3	3.843	0	0	-0.1888
17	3	3.432	0	0	-0.3037
17	3	5.274	0	0	-2.019
17	3	5.367	0	0	0.2698
17	3	5.167	1	1	-0.1122
17	3	1.556	0	0	-0.9079
17	3	0.4492	1	1	0.9298
17	3	2.136	0	0	-0.7343
17	3	0.9173	1	1	0.07378
17	3	0.5063	0	0	1.589
17	3	1.988	0	0	1.15
17	3	0.8076	1	1	0.3403
17	3	3.488	1	1	-0.04873
17	3	0.4602	1	1	0.8322
17	3	3.475	0	0	-1.223
17	3	0.8604	1	1	0.08662
17	3	3.25	1	1	0.6275
17	3	0.985	0	0	1.598
17	3	0.6964	1	1	-6.823e-06
17	3	5.192	1	1	-0.6087
17	3	1.119	1	1	-0.05387
17	3	0.4396	0	0	-0.5082
17	3	0.9151	1	1	-1.223
17	3	3.634	1	1	-0.04558
17	3	5.367	1	1	0.5174
17	3	3.664	0	0	-0.4581
17	3	2.02	0	0	2.187
17	3	0.5515	0	0	0.6972
17	3	0.4654	1	0	0.581
17	3	0.9394	1	1	0.1439
17	3	1.612	0	0	1.026
17	3	5.321	1	1	0.1408
17	3	0.9589	1	0	0.3572
17	3	1.89	1	1	1.121
17	3	2.044	0	0	1.18
17	3	0.5175	0	0	1.506
18	3	1.126	0	0	1.199
18	3	1.315	0	0	1.122
18	3	0.6172	1	1	2.241
18	3	1.487	1	1	1.674
18	3	0.471	1	0	0.4227
18	3	3.554	1	1	0.07479
18	3	0.8168	0	0	0.7972
18	3	1.568	0	0	0.2211
18	3	3.368	0	0	-0.6675
18	3	5.413	1	1	0.5898
18	3	3.672	0	0	-0.662
18	3	5.651	1	1	0.2594
18	3	3.744	1	1	0.4862
18	3	5.576	0	0	-0.1429
18	3	3.313	0	0	0.6091
18	3	2.01	0	0	0.187
18	3	0.4154	1	1	0.5852
18	3	0.4206	1	0	-0.1014
18	3	1.254	1	0	-0.3028
18	3	0.3641	1	1	0.07224
18	3	0.2794	0	0	-1.49
18	3	1.012	1	1	-2.848
18	3	5.473	1	1	0.2361
18	3	1.812	1	1	-1.179
18	3	0.3581	1	1	-2.278
18	3	0.7347	1	1	0.8853
18	3	5.478	0	0	0.196
18	3	5.356	1	1	-0.3285
18	3	0.4157	0	0	-0.4172
18	3	1.958	1	1	0.4028
18	3	0.07161	1	0	-0.9079
18	3	1.715	0	0	0.002717
18	3	3.289	0	0	0.282
18	3	5.204	1	1	0.5442
18	3	5.848	0	0	-0.487
18	3	3.581	1	1	0.7061
18	3	1.184	0	0	-0.6376
18	3	1.923	0	0	-0.4686
18	3	5.271	0	0	0.2482
18	3	3.54	1	1	0.4982
18	3	5.376	1	1	-0.6545
18	3	1.844	0	0	0.0394
18	3	3.532	0	0	-0.2804
18	3	0.7967	1	0	0.1016
18	3	1.883	0	0	1.891
18	3	3.468	0	0	1.32
18	3	1.673	0	0	-1.156
18	3	0.9301	0	0	-0.02862
18	3	1.08	1	1	-0.3544
18	3	0.6423	1	1	1.308
19	3	0.1783	0	1	2.63
19	3	0.7592	0	0	-2.364
19	3	0.3445	1	1	0.857
19	3	2.054	1	0	1.117
19	3	1.929	1	1	0.3816
19	3	5.854	1	1	-0.6016
19	3	1.146	0	0	0.887
19	3	1.158	0	0	1.206
19	3	1.651	1	1	0.8396
19	3	0.4895	1	1	1.176
19	3	3.385	0	0	2.678
19	3	0.4454	1	0	1.5
19	3	5.26	1	1	-0.02699
19	3	3.313	0	0	-0.812
19	3	1.499	0	0	-2.804
19	3	3.637	0	0	0.001001
19	3	5.279	1	1	1.25
19	3	3.794	1	1	0.5441
19	3	2.053	0	0	0.5124
19	3	0.2599	0	1	1.603
19	3	5.752	1	1	-0.008867
19	3	0.8683	0	1	0.3561
19	3	3.646	0	0	-1.264
19	3	0.9446	1	1	-0.07995
19	3	1.888	1	1	0.251
19	3	5.296	1	1	-0.2917
19	3	3.517	0	0	-1.61
19	3	5.507	0	0	0.04537
19	3	2.037	1	1	-0.782
19	3	0.6026	1	0	-0.3674
19	3	2.213	1	1	-2.869
19	3	0.6023	0	0	-2.292
19	3	3.257	1	1	0.7871
19	3	5.48	0	0	-0.3297
19	3	5.312	0	0	0.3506
19	3	5.496	0	0	0.9139
19	3	5.559	0	0	0.6792
19	3	0.3667	1	0	-0.2365
19	3	2.006	0	0	0.8414
19	3	0.7022	0	0	-0.4573
19	3	3.29	1	1	0.509
19	3	1.263	0	0	-0.6424
19	3	0.7017	1	1	0.7239
19	3	0.6169	1	0	0.399
19	3	0.7319	1	1	-0.2473
19	3	0.2288	1	0	-1.122
19	3	1.843	0	1	0.4251
19	3	3.593	0	0	-1.484
19	3	3.292	0	0	-0.5363
19	3	0.9623	1	1	2.243
20	4	0.6515	1	0	-0.3122
20	4	5.323	0	0	-1.597
20	4	5.351	0	0	-0.7296
20	4	0.4848	0	1	-0.4058
20	4	1.782	0	0	-0.3791
20	4	0.5724	0	0	-1.671
20	4	5.296	0	0	0.7067
20	4	5.006	0	0	-2.42
20	4	1.743	0	0	-0.4691
20	4	0.4667	0	0	-2.707
20	4	1.47	1	0	0.3317
20	4	5.642	1	1	-1.226
20	4	0.6211	1	1	-0.6679
20	4	0.2863	0	0	-0.5204
20	4	1.722	0	0	-0.03775
20	4	3.696	1	1	0.6533
20	4	5.377	1	0	1.984
20	4	0.3689	1	0	-0.4091
20	4	3.793	0	0	-0.3757
20	4	0.7801	1	0	-0.3426
20	4	0.1015	1	1	-0.3366
20	4	0.8706	1	1	-0.03013
20	4	3.756	0	0	-0.625
20	4	5.164	0	0	-1.699
20	4	0.5098	1	1	-0.3414
20	4	3.148	1	1	0.8576
20	4	5.579	0	0	-0.5571
20	4	3.707	1	1	-1.294
20	4	0.637	0	0	-0.9757
20	4	1.866	1	1	0.3727
20	4	0.7828	1	0	0.01309
20	4	0.7838	0	0	-3.289
20	4	2.12	0	1	0.6686
20	4	3.988	1	1	-0.2254
20	4	0.7266	0	0	-0.05913
20	4	1.079	0	0	-0.2577
20	4	0.9666	1	1	1.353
20	4	1.943	0	0	-0.8364
20	4	0.9991	0	0	0.4209
20	4	1.662	1	1	1.279
20	4	3.768	1	1	-0.8989
20	4	1.943	0	0	-1.708
20	4	3.348	0	0	0.5363
20	4	3.646	1	1	-0.5526
20	4	5.409	0	0	-0.01046
20	4	0.4086	1	0	-1.022
20	4	0.3794	1	1	-0.4246
21	4	0.3254	1	1	1.76
21	4	5.48	1	1	0.006845
21	4	2.069	0	0	-0.5827
21	4	3.59	0	0	0.5412
21	4	3.479	1	1	-0.442
21	4	3.574	0	0	1.549
21	4	0.3237	1	0	-0.02939
21	4	0.8727	0	0	0.09067
21	4	5.518	0	0	0.4325
21	4	5.054	1	1	0.4304
21	4	0.7003	0	0	0.0753
21	4	0.8357	1	0	1.392
21	4	0.8298	0	0	0.35
21	4	5.419	0	0	-2.103
21	4	1.731	0	0	-0.1514
21	4	0.5647	0	0	-1.023
21	4	2.059	1	1	-0.06329
21	4	0.6622	1	1	0.6148
21	4	0.6313	1	1	-1.051
21	4	3.444	1	1	1.629
21	4	1.901	1	1	0.4908
21	4	5.13	1	1	1.791
21	4	2.131	1	1	2.153
21	4	0.4247	1	0	0.5688
21	4	0.6562	1	0	-0.09865
21	4	1.726	1	1	0.05798
21	4	3.864	0	0	0.1386
21	4	0.6362	0	0	1.041
21	4	3.212	0	0	-0.2651
21	4	5.38	1	1	-0.8207
21	4	0.404	1	0	1.614
21	4	5.49	0	0	-0.4113
21	4	3.481	0	0	-1.591
21	4	0.8449	1	1	-0.3462
21	4	1.549	0	0	-1.281
21	4	1.012	1	1	-0.7572
21	4	2.053	0	0	-0.8034
21	4	3.799	0	0	-0.6306
21	4	0.2663	1	0	1.811
21	4	3.094	0	0	0.2176
21	4	1.522	0	0	-2.148
21	4	0.9595	0	0	0.09138
21	4	5.351	1	1	-0.4272
21	4	0.7136	1	1	-0.1276
21	4	5.192	0	0	-0.08694
21	4	0.9782	1	1	-0.1783
21	4	1.988	0	1	1.344
21	4	0.8617	1	1	0.723
21	4	3.574	0	0	-0.2069
21	4	5.184	0	0	-0.4755
22	4	1.987	0	0	3.369
22	4	1.638	0	0	-0.1765
22	4	0.5488	0	0	1.219
22	4	3.793	0	0	-0.1792
22	4	0.1518	1	1	-0.02828
22	4	1.691	1	1	-1.67
22	4	0.003529	1	1	-0.09016
22	4	0.901	0	1	-1.861
22	4	0.7277	1	1	0.3709
22	4	1.775	1	1	1.886
22	4	5.505	0	0	0.7051
22	4	5.238	1	1	0.9383
22	4	5.465	1	1	0.6499
22	4	0.9871	0	1	-0.002777
22	4	3.282	0	0	0.2953
22	4	0.816	1	0	1.664
22	4	0.3062	0	0	-0.8594
22	4	0.8798	0	0	0.4236
22	4	1.911	1	1	-0.7259
22	4	0.7556	0	0	0.393
22	4	1.983	0	0	-0.8626
22	4	5.73	0	0	0.8466
22	4	3.782	0	0	-0.5727
22	4	0.4198	0	0	0.4187
22	4	1.758	0	0	0.5631
22	4	3.775	0	0	-0.1438
22	4	5.501	1	1	0.08023
22	4	1.009	1	1	-0.2276
22	4	5.571	1	1	0.2945
22	4	1.656	0	0	0.428
22	4	3.689	1	1	-2.155
22	4	1.784	0	0	0.523
22	4	5.529	0	0	0.9693
22	4	5.626	1	1	-0.827
22	4	0.9328	1	1	0.06527
22	4	0.3671	1	0	0.9394
22	4	3.493	0	0	0.413
22	4	0.9189	1	1	-1.15
22	4	0.2382	0	0	0.9109
22	4	0.5366	1	1	0.8076
22	4	0.9344	0	0	0.5875
22	4	5.293	1	1	0.3466
22	4	3.519	0	0	-0.519
22	4	3.701	1	1	-1.539
22	4	0.2519	1	1	-2.13
22	4	3.503	1	1	0.2508
22	4	1.343	1	1	0.2186
22	4	2.923	1	1	1.202
22	4	2.129	1	1	1.097
22	4	5.738	0	0	0.3481
23	4	1.735	1	1	2.853
23	4	1.918	0	0	-0.2439
23	4	0.9095	1	0	0.8182
23	4	1.917	1	1	0.9003
23	4	1.794	1	1	-0.2034
23	4	0.4401	1	1	-0.4363
23	4	5.603	0	0	0.496
23	4	3.45	0	0	-0.3999
23	4	5.779	0	0	-0.9117
23	4	5.588	0	0	-1.276
23	4	2.15	0	0	-0.6235
23	4	5.492	1	1	1.534
23	4	0.7369	0	0	0.1962
23	4	3.435	1	1	0.9747
23	4	0.03542	1	0	-0.5387
23	4	3.299	1	1	0.00445
23	4	1.3	0	0	0.07142
23	4	0.04608	1	1	0.09284
23	4	2.122	1	1	0.2048
23	4	5.407	1	1	0.2189
23	4	1.857	0	0	1.241
23	4	1.81	0	0	-2.434
23	4	2.046	1	1	0.05939
23	4	5.385	0	0	0.181
23	4	3.623	0	0	0.9943
23	4	5.68	1	1	-0.4748
23	4	3.885	1	1	0.07881
23	4	0.1438	0	0	0.1629
23	4	3.861	1	1	-0.4748
23	4	1.953	0	0	0.6901
23	4	0.02369	0	0	1.382
23	4	0.6912	0	0	1.103
23	4	4.937	1	1	-1.864
23	4	5.051	1	1	0.268
23	4	0.4805	1	0	-0.8557
23	4	3.505	0	0	0.08577
23	4	0.2645	0	0	0.434
23	4	0.9611	0	0	-1.233
23	4	3.661	1	1	0.7723
23	4	0.8095	0	0	0.008405
23	4	0.6799	1	0	-0.1611
23	4	0.7455	0	1	-1.021
23	4	0.5437	1	1	-0.008519
23	4	1.162	1	1	-0.3679
23	4	3.351	0	0	0.8103
23	4	4.039	0	0	1.142
23	4	0.5654	0	1	0.8705
23	4	5.612	0	0	-0.1995
23	4	0.9639	1	0	0.01189
23	4	0.6806	1	1	-0.522
24	4	0.4804	0	0	1.937
24	4	3.642	0	0	-1.055
24	4	0.9749	1	1	0.9206
24	4	1.046	0	1	0.6611
24	4	3.557	1	1	-1.095
24	4	0.6206	0	0	0.001255
24	4	1.711	0	0	-0.1419
24	4	3.074	1	1	-0.234
24	4	5.423	1	1	0.5177
24	4	1.786	1	1	-0.8443
24	4	3.354	0	0	-0.0925
24	4	2.131	0	0	0.5059
24	4	3.499	1	1	0.6471
24	4	0.854	1	1	0.6072
24	4	1.525	1	1	1.221
24	4	0.6308	0	0	1.137
24	4	0.4065	0	0	0.4794
24	4	5.078	1	1	-0.03978
24	4	5.868	0	0	-0.005509
24	4	1.925	1	1	0.0873
24	4	5.461	0	0	0.1164
24	4	3.733	0	0	1.03
24	4	1.868	0	0	0.7396
24	4	2.008	0	1	1.797
24	4	0.6889	0	1	1.151
24	4	3.701	1	1	0.6901
24	4	1.006	0	0	-0.9603
24	4	3.477	1	1	1.295
24	4	5.133	1	1	0.6589
24	4	0.7976	0	0	0.4456
24	4	5.46	0	0	-0.1038
24	4	0.4349	0	1	1.526
24	4	0.2451	1	1	1.117
24	4	0.8228	0	0	0.1094
24	4	0.6417	1	1	0.1109
24	4	5.953	1	1	-1.741
24	4	3.316	1	1	1.696
24	4	0.1111	0	0	-0.3643
24	4	0.7467	1	1	2.128
24	4	0.5299	1	1	0.5458
24	4	5.13	1	1	1.359
24	4	0.6794	1	1	-1.122
24	4	3.938	1	1	2.006
24	4	1.741	1	1	1.132
24	4	5.365	0	0	-1.05
24	4	1.096	0	0	-1.111
24	4	2.047	0	0	-1.298
24	4	0.6616	1	0	1.495
24	4	5.703	1	1	-0.2408
24	4	1.717	0	0	0.8145
25	4	5.501	1	1	0.3036
25	4	0.6075	0	0	0.369
25	4	1.914	1	1	-0.09682
25	4	3.875	1	1	-0.86
25	4	5.146	1	1	0.07531
25	4	0.8474	1	0	0.02526
25	4	5.172	1	1	-0.6423
25	4	0.8291	1	1	0.1245
25	4	1.01	0	0	0.2971
25	4	3.552	0	0	-0.5805
25	4	0.9464	1	0	0.4635
25	4	0.683	0	0	-1.425
25	4	3.489	0	0	1.504
25	4	0.9367	0	0	-0.5141
25	4	5.354	1	1	-0.742
25	4	1.047	0	0	-1.012
25	4	1.81	1	1	-2.48
25	4	3.702	0	0	-0.1394
25	4	0.6003	0	0	0.4532
25	4	0.5768	1	1	-1.374
25	4	3.502	1	1	2.175
25	4	5.474	0	0	-2.007
25	4	0.8734	0	1	-0.9359
25	4	0.4477	1	1	0.7402
25	4	0.9706	1	0	1.411
25	4	1.898	1	1	0.9802
25	4	1.817	0	0	0.7071
25	4	0.7818	1	1	1.025
25	4	1.634	0	0	0.3897
25	4	1.913	0	0	0.8096
25	4	5.499	0	0	0.1728
25	4	5.384	0	0	-0.2791
25	4	3.503	0	0	-0.7007
25	4	3.927	1	1	-0.002102
25	4	1.63	1	1	-0.2635
25	4	3.676	0	0	-3.275
25	4	5.519	0	0	-1.294
25	4	0.5343	1	1	0.6179
25	4	1.879	0	0	0.8398
25	4	0.7375	0	0	1.047
25	4	3.566	0	0	0.03894
25	4	0.4948	1	1	0.6713
25	4	5.591	1	1	0.6206
25	4	1.185	0	0	1.069
25	4	1.376	1	1	1.375
25	4	5.25	1	1	1.485
25	4	1.17	0	0	1.131
25	4	0.3961	0	0	0.4905
25	4	1.544	1	1	1.228
25	4	3.355	1	1	0.07675
26	4	5.228	0	0	1.354
26	4	5.799	0	0	0.38
26	4	1.993	0	0	0.936
26	4	1.087	0	0	1.623
26	4	3.716	0	0	0.4697
26	4	5.382	1	1	-0.3519
26	4	2.082	1	1	0.2034
26	4	0.185	1	0	0.3591
26	4	1.829	0	0	-0.6176
26	4	1.81	0	0	0.2176
26	4	0.4464	0	0	0.1267
26	4	0.7188	1	1	0.7679
26	4	1.936	0	0	-0.5997
26	4	3.91	1	1	-0.2039
26	4	3.714	0	0	0.2926
26	4	5.502	0	0	-0.1033
26	4	0.721	0	0	0.2825
26	4	0.5783	1	0	1.505
26	4	3.766	0	0	-0.8786
26	4	0.7845	1	0	-0.7327
26	4	0.4012	0	0	-0.8667
26	4	0.3904	1	1	1.225
26	4	3.562	1	1	0.1703
26	4	5.731	1	1	0.6556
26	4	0.9435	1	1	1.323
26	4	0.4567	0	0	0.9928
26	4	3.711	0	0	0.1732
26	4	5.779	0	0	-1.785
26	4	0.453	1	1	0.9732
26	4	1.829	0	0	-1.793
26	4	0.5622	1	0	0.3935
26	4	0.8936	0	0	-1.836
26	4	3.9	0	0	0.4934
26	4	5.53	1	1	-0.2408
26	4	3.831	1	1	0.9169
26	4	0.6113	0	0	-0.2622
26	4	0.5719	0	1	0.6979
26	4	1.825	1	1	-0.7102
26	4	5.184	0	0	0.8434
26	4	1.569	1	1	1.17
26	4	0.06516	0	1	1.333
26	4	3.372	1	1	-0.5579
26	4	5.291	1	1	0.4623
26	4	3.762	1	1	-0.1382
26	4	1.596	1	1	0.9279
26	4	0.4997	1	1	0.1934
26	4	1.883	1	1	-0.008176
26	4	5.404	0	0	2.062
26	4	1.725	0	0	0.543
26	4	0.8713	1	1	-3.14
27	4	5.343	1	1	0.09592
27	4	0.6931	0	0	0.1413
27	4	2.211	0	0	-0.8974
27	4	1.99	0	0	0.5066
27	4	0.9586	0	0	-0.6685
27	4	0.7597	0	1	0.03921
27	4	0.8095	0	1	0.6472
27	4	0.8966	1	0	-1.382
27	4	0.6309	1	0	-1.096
27	4	1.518	0	0	0.8975
27	4	5.446	1	1	0.7042
27	4	0.8668	1	1	0.3844
27	4	0.4935	0	0	-0.1295
27	4	1.697	1	1	1.131
27	4	3.456	1	1	-0.9667
27	4	0.3692	1	0	-0.3139
27	4	3.757	0	0	-0.3204
27	4	5.138	0	0	1.683
27	4	0.9967	1	0	-1.648
27	4	0.5395	1	0	-1.178
27	4	3.281	0	0	0.2416
27	4	0.3608	1	1	1.626
27	4	3.281	1	1	0.7043
27	4	5.683	1	1	0.236
27	4	3.27	0	0	-0.2984
27	4	5.494	1	1	-2.483
27	4	0.5727	1	0	1.193
27	4	3.262	1	1	-0.6378
27	4	5.29	0	0	1.024
27	4	0.5139	1	1	-0.9508
27	4	5.341	1	1	-0.6162
27	4	3.694	1	1	-0.09075
27	4	3.692	0	0	1.137
27	4	0.6039	0	0	-2.035
27	4	3.207	0	0	0.2171
27	4	1.772	1	1	-1.453
27	4	5.64	0	0	-0.4133
27	4	5.181	0	0	0.5163
27	4	1.805	1	0	0.8728
27	4	2.035	0	0	-0.9121
27	4	1.828	0	0	-0.8281
27	4	3.962	1	1	1.037
27	4	1.919	0	0	-0.5896
27	4	0.9286	1	1	1.842
27	4	0.5604	0	1	-1.088
27	4	1.741	0	0	-1.724
27	4	0.811	1	1	0.788
27	4	0.4659	0	0	-0.1669
27	4	0.9975	0	0	0.02043
27	4	5.298	0	0	0.5489
28	4	0.9711	1	1	1.128
28	4	0.7846	1	1	-0.05501
28	4	1.127	1	0	2.916
28	4	5.413	0	0	0.2896
28	4	0.846	1	1	0.8972
28	4	0.5274	0	0	-0.7971
28	4	3.704	1	1	1.554
28	4	1.892	1	1	1.39
28	4	0.7292	0	1	0.5904
28	4	0.3227	0	0	-0.6634
28	4	1.499	1	1	0.5475
28	4	0.7203	0	0	-1.05
28	4	3.573	0	0	0.7444
28	4	0.439	0	0	0.5832
28	4	5.27	0	0	-0.2229
28	4	1.021	0	0	0.6189
28	4	2.03	0	0	-0.819
28	4	5.276	1	1	-1.232
28	4	0.2713	1	1	0.5634
28	4	1.048	0	0	0.811
28	4	3.413	0	0	-0.06886
28	4	3.519	0	0	-0.07341
28	4	5.323	0	0	-0.9579
28	4	3.143	1	1	0.5204
28	4	5.015	0	0	0.8979
28	4	3.454	1	1	-0.1595
28	4	0.7589	0	0	0.4147
28	4	5.356	1	1	-0.4567
28	4	1.786	0	0	-0.5074
28	4	1.65	1	1	0.2097
28	4	3.239	0	0	0.3464
28	4	3.416	1	1	0.5559
28	4	0.2731	0	0	0.5185
28	4	1.962	0	0	-0.1347
28	4	5.72	1	1	0.3966
28	4	1.208	1	1	-0.09033
28	4	5.499	1	1	0.4089
28	4	1.717	1	1	0.2508
28	4	1.67	1	1	2.383
28	4	5.492	1	1	-1.294
28	4	0.3906	0	1	0.7042
28	4	5.487	0	0	0.1024
28	4	3.397	0	0	-0.3826
28	4	1.793	0	1	1.117
28	4	3.951	1	1	-0.1055
28	4	0.4802	1	0	-0.8928
28	4	1.972	1	1	0.2304
28	4	0.7645	1	1	0.4265
28	4	0.8161	1	1	0.5515
28	4	0.8117	0	0	-1.275
29	4	0.8989	0	0	2.548
29	4	3.276	0	0	-0.847
29	4	1.827	1	1	-0.8788
29	4	3.801	1	1	0.6427
29	4	3.455	1	1	0.6037
29	4	5.541	1	1	0.3114
29	4	3.723	0	0	-1.067
29	4	1.954	1	1	1.918
29	4	1.672	0	0	0.4785
29	4	1.148	1	1	1.158
29	4	0.3713	1	0	1.766
29	4	0.7922	1	1	-2.344
29	4	0.5951	1	1	1.15
29	4	0.6777	1	0	0.7525
29	4	0.521	1	1	-0.2915
29	4	1.682	0	0	-1.196
29	4	1.031	1	0	0.4058
29	4	5.459	0	0	0.09236
29	4	5.295	0	0	-0.8768
29	4	5.296	1	1	0.3144
29	4	5.688	1	1	-0.5983
29	4	1.915	0	0	0.2432
29	4	3.569	0	0	0.6613
29	4	3.361	1	1	-0.4339
29	4	5.263	0	0	0.8169
29	4	0.5322	1	1	-0.8396
29	4	5.418	0	0	0.1299
29	4	5.743	1	1	-0.2453
29	4	5.516	1	1	-0.1212
29	4	5.427	0	0	0.0881
29	4	0.8934	0	0	-1.897
29	4	2.066	0	0	-0.3242
29	4	0.2636	0	1	-1.33
29	4	0.727	0	0	0.2922
29	4	1.948	0	0	-0.7736
29	4	0.4418	0	0	-0.5569
29	4	3.847	0	0	-0.5298
29	4	2.005	0	0	-0.05867
29	4	0.6059	0	1	1.298
29	4	0.9584	1	0	0.2657
29	4	1.704	0	0	-0.6557
29	4	0.7364	0	0	0.6136
29	4	3.925	1	1	0.3995
29	4	0.5714	0	0	0.07053
29	4	3.718	1	1	-0.2868
29	4	1.549	0	0	1
29	4	0.7367	1	0	0.1819
29	4	3.435	1	1	-0.1803
29	4	0.6405	1	1	1.217
29	4	0.7712	0	0	-1.197
30	5	3.585	1	0	1.208
30	5	3.586	1	1	-0.2771
30	5	0.234	1	0	0.5624
30	5	3.769	0	0	0.4338
30	5	0.4948	0	0	-0.3469
30	5	1.192	1	0	-0.2193
30	5	0.8901	0	1	-0.2098
30	5	1.286	1	1	-0.2886
30	5	0.553	0	0	0.8805
30	5	0.4466	0	0	-0.9169
30	5	5.47	1	1	-1.422
30	5	3.783	1	1	1.396
30	5	1.528	1	1	1.023
30	5	0.8663	0	0	-1.87
30	5	2.023	0	0	-0.899
30	5	5.733	1	1	0.08579
30	5	0.1847	1	1	0.1384
30	5	3.784	1	1	0.6496
30	5	0.658	0	0	-2.875
30	5	5.591	1	1	-0.1005
30	5	5.386	0	0	-0.9611
30	5	1.835	1	0	0.08535
30	5	1.746	1	1	0.1173
30	5	1.861	0	0	0.08582
30	5	5.272	0	0	-0.5304
30	5	0.4991	0	1	0.6419
30	5	3.589	0	0	-1.069
30	5	0.7691	1	0	-0.6002
30	5	5.715	0	0	0.3284
30	5	0.5997	0	0	-0.8192
30	5	3.756	0	0	-0.5889
30	5	5.659	1	1	-0.8674
30	5	0.301	0	1	0.5729
30	5	0.465	1	0	-1.029
30	5	3.502	0	0	-0.4038
30	5	5.354	1	1	-0.568
30	5	3.28	0	0	1.568
30	5	0.489	0	1	0.9514
30	5	1.702	1	0	0.4983
30	5	1.486	1	1	0.3609
30	5	0.6436	1	1	0.6283
30	5	5.112	0	0	0.2998
30	5	0.4275	1	0	0.4803
30	5	3.75	0	0	-0.3073
30	5	5.596	0	0	0.4182
30	5	1.787	0	0	0.9825
30	5	0.1849	0	1	1.211
30	5	1.887	0	0	-1.047
30	5	1.898	1	1	1.478
30	5	0.306	1	1	1.715
31	5	5.326	1	1	0.4578
31	5	3.898	0	0	1.09
31	5	3.544	0	0	-0.6112
31	5	5.3	0	0	0.4789
31	5	2.013	1	1	0.5742
31	5	0.7231	1	1	0.4095
31	5	1.672	0	0	1.107
31	5	5.126	1	1	0.9418
31	5	3.928	1	1	1.793
31	5	5.203	0	0	0.9927
31	5	0.7574	1	0	1.678
31	5	1.684	0	0	-0.1741
31	5	0.9824	1	1	1.431
31	5	1.458	1	1	1.996
31	5	0.4641	0	1	1.351
31	5	1.073	0	1	0.9719
31	5	0.9062	1	0	0.638
31	5	3.659	1	1	1.12
31	5	3.509	0	0	-0.6768
31	5	1.072	0	0	0.1085
31	5	0.8605	1	1	-1.733
31	5	1.466	0	0	0.4433
31	5	0.5801	0	1	-0.1919
31	5	3.12	1	1	1.239
31	5	5.369	1	1	-0.1217
31	5	0.3698	1	1	0.4338
31	5	5.377	1	1	-0.2327
31	5	0.409	1	1	-0.301
31	5	5.134	1	1	0.1461
31	5	3.781	0	0	-0.506
31	5	3.734	0	0	0.009001
31	5	1.742	1	1	0.194
31	5	5.245	1	1	0.756
31	5	1.293	1	1	1.018
31	5	5.237	0	0	0.05557
31	5	1.056	0	1	0.484
31	5	0.1872	1	1	1.041
31	5	0.5572	0	0	-0.4307
31	5	0.651	0	1	-0.4279
31	5	1.831	1	1	0.497
31	5	0.7463	0	0	-0.03219
31	5	5.279	0	0	0.0104
31	5	3.611	1	1	-0.4719
31	5	0.844	1	0	1.769
31	5	1.192	1	1	2.077
31	5	1.007	0	0	0.4399
31	5	1.868	0	1	-0.5317
31	5	1.717	1	1	-0.2503
31	5	0.4339	0	0	-1.361
31	5	3.608	0	0	-0.4344
32	5	0.6341	0	1	2.047
32	5	3.554	0	0	0.46
32	5	3.537	0	0	-0.7926
32	5	5.178	1	1	-0.897
32	5	5.269	0	0	1.124
32	5	1.744	1	1	0.846
32	5	0.5382	0	1	0.3696
32	5	0.6681	1	1	-0.7778
32	5	3.66	1	1	0.6516
32	5	3.597	1	1	-0.2984
32	5	0.9974	0	0	-1.456
32	5	3.635	1	1	-0.5268
32	5	5.212	0	0	-0.3962
32	5	3.462	0	0	-0.07568
32	5	0.5957	1	1	0.4435
32	5	0.821	1	1	-0.703
32	5	1.877	0	0	-0.615
32	5	3.617	0	0	-0.4685
32	5	0.8879	0	1	1.069
32	5	0.7271	0	0	-0.5954
32	5	0.9436	1	1	0.1913
32	5	1.66	1	1	-0.1828
32	5	0.4993	1	1	-2.478
32	5	1.243	0	0	-0.4289
32	5	0.9885	1	1	-0.6551
32	5	1.05	1	1	2.102
32	5	0.3939	0	1	1.234
32	5	1.809	1	1	-1.491
32	5	2.093	1	0	-4.361
32	5	5.442	0	0	-1.337
32	5	0.4446	0	0	0.0406
32	5	1.632	1	0	1.159
32	5	0.6881	1	1	-0.4235
32	5	3.52	0	0	-1.215
32	5	1.633	0	0	1.102
32	5	0.2322	1	0	-0.5913
32	5	0.3234	1	1	-0.6772
32	5	5.376	0	0	-0.1742
32	5	3.655	0	0	-0.5994
32	5	5.717	0	0	-0.279
32	5	5.357	1	1	-0.9589
32	5	1.455	1	1	0.5542
32	5	5.667	1	1	1.239
32	5	1.836	0	0	0.05568
32	5	1.55	1	0	-0.8803
32	5	4.037	1	1	0.3956
32	5	5.837	0	0	-0.8543
32	5	5.444	1	1	0.7955
32	5	0.3618	1	1	-0.2168
33	5	5.626	0	0	0.08851
33	5	3.814	0	0	1.515
33	5	0.4668	1	1	0.6481
33	5	0.8408	0	0	1.045
33	5	1.824	0	0	-0.6773
33	5	5.275	0	0	0.05338
33	5	3.5	0	1	-1.034
33	5	5.118	1	1	-0.06743
33	5	3.823	1	1	0.6262
33	5	5.196	0	0	1.211
33	5	5.38	1	1	-0.7794
33	5	3.406	0	0	-0.0648
33	5	1.622	1	1	-0.04207
33	5	0.2551	0	0	2.141
33	5	1.99	1	1	0.4463
33	5	0.5222	1	1	0.8261
33	5	0.9787	1	0	-0.5862
33	5	1.764	1	0	-0.692
33	5	0.8962	0	0	0.4349
33	5	5.215	1	1	0.5619
33	5	3.943	0	0	-1.061
33	5	1.875	0	0	-0.141
33	5	0.3085	1	1	1.711
33	5	3.669	1	1	1.054
33	5	0.7912	1	1	0.2227
33	5	0.8325	0	0	0.5875
33	5	3.722	1	1	1.658
33	5	0.0889	1	0	0.5308
33	5	0.396	0	1	-0.7208
33	5	1.793	1	0	0.9056
33	5	0.6942	0	0	0.6965
33	5	5.139	0	0	-0.05537
33	5	0.7749	0	0	2.53
33	5	1.059	0	0	1.368
33	5	5.726	0	0	-0.1778
33	5	3.521	1	1	0.8914
33	5	3.685	1	1	-0.08896
33	5	0.9386	1	0	2.58
33	5	1.772	1	1	-0.1675
33	5	1.063	0	0	0.9492
33	5	1.504	1	1	0.5116
33	5	1.393	1	1	1.998
33	5	1.739	0	0	1.272
33	5	0.5222	0	0	1.781
33	5	5.535	1	1	1.095
33	5	0.7999	1	1	-0.02563
33	5	3.735	1	1	0.8275
33	5	5.166	0	0	-0.467
33	5	1.025	0	0	1.639
33	5	0.7426	0	0	-0.6488
34	5	0.705	0	1	1.854
34	5	3.279	1	0	1.448
34	5	0.7928	1	1	-0.9913
34	5	5.245	1	1	0.4702
34	5	5.372	0	0	0.05444
34	5	5.757	0	0	0.006928
34	5	5.329	0	0	0.9212
34	5	5.334	0	0	-0.8223
34	5	0.7753	0	1	0.8369
34	5	3.646	0	0	0.1815
34	5	5.067	1	1	0.3487
34	5	1.761	1	1	0.3955
34	5	1.467	0	0	0.4711
34	5	0.9115	0	1	-1.995
34	5	3.454	1	1	-0.501
34	5	0.9348	1	1	-0.1494
34	5	0.8748	1	1	-1.255
34	5	0.1175	1	0	-0.1181
34	5	3.649	0	0	0.3536
34	5	2.075	1	1	1.224
34	5	5.282	1	1	-0.6817
34	5	0.7563	1	0	1.741
34	5	5.3	1	1	-1.06
34	5	3.478	0	0	-0.2264
34	5	0.7786	0	0	0.07036
34	5	0.7321	0	1	0.6125
34	5	3.471	1	1	0.4563
34	5	0.8849	1	0	0.01903
34	5	5.447	1	1	-1.017
34	5	1.407	0	0	0.1078
34	5	0.6368	1	0	-0.1409
34	5	3.713	0	0	-0.6781
34	5	1.542	0	0	-1.793
34	5	3.186	1	1	-1.606
34	5	2.03	0	0	0.1945
34	5	0.5574	0	0	-1.693
34	5	3.848	1	1	-0.2348
34	5	0.1874	1	0	-0.04954
34	5	1.76	1	1	-0.5637
34	5	3.525	0	0	0.2105
34	5	1.058	0	1	0.6073
34	5	1.879	1	1	0.4117
34	5	1.367	0	0	-0.4313
34	5	0.7052	1	1	0.4177
34	5	0.2969	0	0	0.1133
34	5	0.7199	1	1	-0.9685
34	5	1.912	0	0	-0.2243
34	5	5.187	0	0	0.2211
34	5	0.07995	1	0	0.4308
34	5	0.685	0	0	-1.052
35	5	5.652	1	1	-0.3392
35	5	3.338	0	0	-0.4313
35	5	5.554	1	1	0.3379
35	5	1.781	0	0	0.1159
35	5	3.732	0	0	-0.07172
35	5	5.432	0	0	0.5232
35	5	1.677	1	1	-0.4651
35	5	1.672	0	0	0.3016
35	5	2.092	0	0	0.5635
35	5	3.572	1	1	0.5513
35	5	5.547	1	1	-0.3132
35	5	5.524	0	0	2.306
35	5	5.436	0	0	0.2362
35	5	0.694	1	1	0.1844
35	5	3.662	1	1	1.358
35	5	3.442	0	0	1.343
35	5	0.2351	0	0	1.182
35	5	5.9	1	1	0.2494
35	5	1.253	0	0	-0.2663
35	5	3.668	1	1	-0.2086
35	5	5.198	1	1	-0.0958
35	5	1.862	0	0	-0.124
35	5	3.716	0	0	0.8684
35	5	2.252	1	0	0.3395
35	5	0.5287	1	1	-0.2963
35	5	0.7503	1	1	0.9669
35	5	0.7968	0	0	-0.7013
35	5	0.1818	0	0	-0.626
35	5	0.1175	1	1	0.9484
35	5	0.2037	0	0	-0.6327
35	5	0.8789	1	1	0.7246
35	5	1.889	0	0	1.896
35	5	3.732	0	0	0.4226
35	5	0.3974	1	0	-0.02986
35	5	1.017	1	0	-0.6255
35	5	1.832	1	1	-0.05326
35	5	1.182	1	0	0.9152
35	5	0.6569	1	1	0.3981
35	5	1.192	1	1	1.406
35	5	2.009	0	0	-0.1146
35	5	0.02853	0	0	-0.6505
35	5	0.844	0	1	0.6045
35	5	3.642	0	0	0.1072
35	5	5.439	0	0	-0.8353
35	5	0.4333	0	0	-1.233
35	5	0.5928	0	0	-0.686
35	5	5.688	1	1	-0.3645
35	5	0.664	1	1	1.357
35	5	3.518	0	0	0.1451
35	5	1.547	0	0	-1.258
36	5	1.114	0	0	1.052
36	5	3.723	1	1	-0.7536
36	5	1.003	1	1	0.3155
36	5	1.433	1	0	2.465
36	5	3.604	0	0	0.8774
36	5	2.177	0	0	-0.2802
36	5	0.8602	0	0	0.8068
36	5	1.495	1	1	1.893
36	5	1.343	1	1	1.224
36	5	0.5144	0	0	0.3121
36	5	1.527	1	1	0.6815
36	5	5.31	1	1	0.7712
36	5	0.3211	1	1	0.4246
36	5	0.8622	1	0	1.226
36	5	1.083	1	1	2.515
36	5	3.953	0	0	0.06176
36	5	1.248	1	1	0.675
36	5	0.3032	0	0	0.9357
36	5	0.4193	0	0	1.129
36	5	5.329	1	1	1.077
36	5	2.274	1	0	0.8307
36	5	0.9274	0	0	-0.68
36	5	0.7155	0	1	0.5967
36	5	5.355	0	0	-0.03935
36	5	2.082	1	1	0.6348
36	5	5.615	0	0	-0.7607
36	5	3.463	1	1	1.102
36	5	1.508	0	0	-1.096
36	5	0.2683	0	0	-0.6022
36	5	0.4612	0	0	-0.3679
36	5	5.354	0	0	0.2843
36	5	5.449	1	1	1.138
36	5	3.501	1	1	-1.18
36	5	3.213	0	0	0.1493
36	5	5.433	0	0	-0.1698
36	5	5.641	1	1	-0.1067
36	5	3.87	1	1	0.8137
36	5	1.641	0	0	0.2348
36	5	1.629	1	1	-1.325
36	5	3.785	1	1	-0.1332
36	5	5.393	1	1	0.1296
36	5	0.5822	0	0	0.5464
36	5	1.213	1	1	0.004925
36	5	5.442	0	0	0.4327
36	5	0.7697	0	0	0.3832
36	5	1.389	0	1	0.3807
36	5	3.506	0	0	-0.7597
36	5	0.4285	0	0	-0.3168
36	5	3.521	1	1	-1.048
36	5	0.8164	0	0	-0.4885
37	5	1.925	0	0	0.5815
37	5	3.498	0	0	-0.4143
37	5	5.443	0	0	-0.1358
37	5	1.686	1	1	0.7951
37	5	1.633	1	1	0.9298
37	5	1.905	1	1	0.7815
37	5	1.647	0	0	1.192
37	5	5.614	1	1	0.349
37	5	1.911	0	0	-0.4246
37	5	0.8904	1	0	0.7533
37	5	3.706	0	0	0.02195
37	5	1.092	0	0	-2.662
37	5	1.013	1	1	1.171
37	5	3.485	1	1	-2.766
37	5	3.729	0	0	0.04298
37	5	3.61	0	0	-0.2858
37	5	5.62	1	1	1.168
37	5	0.9989	0	0	-0.1345
37	5	0.08063	0	0	-0.1174
37	5	1.688	0	0	-0.4781
37	5	0.7915	0	1	1.388
37	5	0.5716	1	1	0.2469
37	5	0.4091	0	0	0.0986
37	5	0.8217	1	1	-0.3553
37	5	3.601	1	1	0.06255
37	5	1.538	0	0	0.3014
37	5	5.204	0	0	-1.135
37	5	5.981	1	1	0.3185
37	5	5.502	1	1	0.3137
37	5	0.8156	1	1	-0.871
37	5	1.332	1	1	-0.2078
37	5	1.893	0	0	-0.3205
37	5	0.4158	1	1	-1.651
37	5	5.465	0	0	-2.313
37	5	0.713	0	1	-2.342
37	5	0.5052	1	0	-0.5774
37	5	0.3863	1	1	-0.435
37	5	5.244	0	0	-0.4487
37	5	5.578	1	1	1.57
37	5	3.444	1	1	-0.4264
37	5	3.57	1	1	-0.1695
37	5	3.514	1	1	-0.6246
37	5	0.4848	0	0	0.3722
37	5	3.615	0	0	1.308
37	5	0.8762	1	1	1.195
37	5	5.54	1	1	0.2985
37	5	1.022	1	1	0.9882
37	5	0.2308	0	1	0.2216
37	5	0.4838	0	1	-0.03647
37	5	0.8409	0	0	-1.145
38	5	1.018	1	1	1.149
38	5	3.612	0	0	-0.3772
38	5	2.037	0	0	0.4545
38	5	1.684	1	1	-0.4752
38	5	0.9329	0	1	-0.6435
38	5	5.339	1	1	-0.431
38	5	0.115	0	0	-0.7987
38	5	3.769	0	0	0.5981
38	5	0.4886	0	1	0.782
38	5	1.898	1	1	0.09673
38	5	2.092	0	1	-0.7276
38	5	0.7946	1	1	0.1215
38	5	0.3455	0	1	-0.02774
38	5	3.727	0	0	-0.4922
38	5	1.16	0	0	0.8016
38	5	2.03	0	1	-1.917
38	5	5.213	0	0	-0.3524
38	5	5.302	1	1	0.6239
38	5	1.032	1	1	-2.576
38	5	5.772	0	0	0.3704
38	5	0.209	0	1	0.2445
38	5	5.485	1	1	0.03838
38	5	5.476	1	1	-1.133
38	5	0.4472	1	1	0.4441
38	5	1.734	0	1	-0.3725
38	5	2.813	1	1	-0.7988
38	5	0.3787	0	1	0.7629
38	5	1.625	0	1	-0.3599
38	5	5.307	1	1	-0.3033
38	5	0.1111	0	1	-0.9509
38	5	5.432	0	0	-0.7684
38	5	4.215	1	1	0.217
38	5	0.6628	1	0	0.407
38	5	0.5166	1	0	-0.9154
38	5	1.094	1	1	0.2797
38	5	3.877	0	0	0.5465
38	5	1.03	0	1	0.5235
38	5	0.08346	1	0	-0.6614
38	5	3.337	1	1	-1.068
38	5	3.756	0	0	-0.09747
38	5	1.893	1	1	-1.651
38	5	5.512	1	1	0.3233
38	5	5.298	1	1	-0.6362
38	5	1.483	0	0	1.117
38	5	0.9587	1	1	-1.531
38	5	3.794	1	1	-1.718
38	5	0.8292	1	1	-0.925
38	5	3.787	1	1	-1.196
38	5	2.037	0	0	-0.489
38	5	1.125	0	1	-0.2661
39	5	5.538	1	1	0.4709
39	5	3.633	0	0	-0.4427
39	5	1.831	1	1	1.043
39	5	0.5444	1	1	1.373
39	5	1.987	0	0	0.601
39	5	1.875	0	0	-0.3891
39	5	0.1948	0	0	0.8874
39	5	1.902	0	0	1.379
39	5	3.854	1	1	0.204
39	5	0.1053	0	0	1.259
39	5	5.379	1	1	0.913
39	5	1.676	1	1	0.02109
39	5	3.938	0	0	0.8796
39	5	1.771	0	0	0.2481
39	5	3.547	0	0	0.2924
39	5	0.6711	0	0	0.3896
39	5	0.1936	0	0	0.332
39	5	3.022	1	1	0.1906
39	5	0.3652	1	0	0.8159
39	5	3.489	1	1	-0.2393
39	5	0.4314	1	1	1.399
39	5	0.8868	1	1	0.5735
39	5	1.276	1	1	1.195
39	5	3.836	0	0	0.2977
39	5	5.503	0	0	1.299
39	5	5.301	1	1	0.1481
39	5	5.457	0	0	0.5473
39	5	5.445	1	1	-1.591
39	5	0.03751	0	0	1.324
39	5	0.5248	1	1	0.2348
39	5	0.6963	0	0	0.1494
39	5	3.604	1	1	-0.3813
39	5	2.11	1	1	1.061
39	5	0.8145	0	0	1.08
39	5	1.08	1	1	0.9208
39	5	3.358	0	0	-2.476
39	5	0.3239	1	1	-0.9534
39	5	0.9119	0	0	-0.1313
39	5	5.32	0	0	0.5713
39	5	0.6397	0	0	-0.007674
39	5	2.015	0	0	0.06553
39	5	1.306	1	0	0.4284
39	5	3.33	1	1	-0.9685
39	5	5.465	1	1	1.437
39	5	1.635	1	1	1.864
39	5	5.172	1	1	-0.6162
39	5	0.8594	1	1	0.6798
39	5	5.407	0	0	0.5686
39	5	1.63	0	0	-0.591
39	5	0.3869	0	0	0.4003
40	6	0.881	0	1	1.361
40	6	5.301	0	0	-0.5979
40	6	5.418	0	0	-0.7609
40	6	3.834	1	1	1.397
40	6	0.5832	0	0	-0.01393
40	6	0.3714	1	1	0.47
40	6	0.2302	0	1	-0.9179
40	6	2.018	0	0	1.073
40	6	3.566	1	1	-1.552
40	6	3.637	1	1	-1.99
40	6	5.426	1	1	1.14
40	6	1.173	1	0	1.661
40	6	3.782	1	1	-1.097
40	6	2.188	0	0	0.3879
40	6	0.5567	1	1	-0.06851
40	6	0.8616	1	1	0.5451
40	6	5.135	0	0	0.4968
40	6	3.449	1	1	-1.365
40	6	1.013	1	1	-0.6534
40	6	1.934	0	0	-0.05684
40	6	1.173	0	0	-2.274
40	6	5.588	0	0	-0.5362
40	6	0.8562	0	1	-2.205
40	6	3.259	1	1	0.5973
40	6	3.583	1	1	-0.3355
40	6	1.72	1	1	0.1663
40	6	1.824	0	0	-0.2632
40	6	3.756	1	1	-0.5836
40	6	0.5604	0	1	0.7759
40	6	1.46	0	1	0.4866
40	6	5.097	0	0	-0.6682
40	6	0.1934	0	0	0.2877
40	6	0.8072	1	0	-0.5042
40	6	1.098	1	1	-0.09599
40	6	4.713	1	1	-0.2408
40	6	0.409	0	1	0.6626
40	6	3.789	1	1	0.5466
40	6	3.682	0	0	2.178
40	6	1.624	0	0	1.332
40	6	0.5751	1	1	0.4248
40	6	5.79	1	1	0.9796
40	6	0.6838	1	1	0.3845
40	6	0.502	0	1	-0.456
40	6	5.807	1	1	1.193
40	6	5.208	0	0	-1.714
40	6	1.504	0	0	0.8738
40	6	2.037	1	1	-0.7259
40	6	1.547	0	0	1.674
40	6	0.8322	0	0	-2.767
40	6	0.04262	1	1	1.613
41	6	5.388	0	0	-0.02918
41	6	5.543	1	1	0.9221
41	6	2.002	0	0	-1.023
41	6	0.5758	1	1	-0.8559
41	6	1.788	0	0	-0.3503
41	6	1.495	0	0	0.6719
41	6	1.931	1	1	0.7065
41	6	3.613	0	0	0.4239
41	6	1.855	1	1	1.649
41	6	5.418	0	0	0.4608
41	6	3.558	1	1	1.192
41	6	5.052	1	1	0.3819
41	6	3.528	1	1	1.095
41	6	0.6272	1	1	1.46
41	6	1.565	1	1	-0.9001
41	6	0.5034	0	1	0.115
41	6	0.7371	1	1	0.09335
41	6	1.831	0	0	-0.1408
41	6	0.9913	0	0	1.599
41	6	0.569	1	1	0.5778
41	6	3.474	0	0	1.586
41	6	1.981	1	1	0.3772
41	6	3.782	1	1	0.09457
41	6	0.8369	1	1	0.08601
41	6	1.958	1	1	-0.6839
41	6	0.9466	0	0	0.1918
41	6	0.2534	0	0	-0.9112
41	6	0.4013	0	1	0.9131
41	6	1.564	0	0	-0.5914
41	6	0.4272	0	0	-0.7071
41	6	0.3451	0	0	2.001
41	6	3.324	1	1	0.0474
41	6	3.708	1	1	0.6857
41	6	5.69	1	1	-0.1879
41	6	3.475	1	1	0.6934
41	6	5.611	1	1	0.3458
41	6	1.125	0	0	1.28
41	6	0.9331	0	0	-0.2181
41	6	0.7589	1	1	1.554
41	6	0.2567	1	1	-1.621
41	6	0.8031	0	0	0.45
41	6	0.9335	1	1	0.4386
41	6	3.786	0	0	0.6094
41	6	4.875	0	0	1.199
41	6	0.4347	0	0	0.6562
41	6	0.5832	0	0	1
41	6	5.383	0	0	1.2
41	6	5.203	1	1	1.36
41	6	3.437	1	1	0.4093
41	6	5.42	0	0	0.5224
42	6	0.5112	1	1	2.99
42	6	5.426	0	0	0.3384
42	6	5.415	0	0	-0.06099
42	6	5.277	0	0	1.61
42	6	0.5382	1	0	0.8885
42	6	2.038	1	1	0.781
42	6	3.594	0	0	1.396
42	6	3.696	0	0	-0.08563
42	6	1.945	1	1	0.6979
42	6	0.2553	1	1	-1.097
42	6	0.6095	0	0	0.9909
42	6	1.916	0	0	0.4362
42	6	0.9388	1	1	-0.2353
42	6	5.093	0	0	-0.4325
42	6	0.9801	1	1	-0.9228
42	6	3.298	0	0	0.4107
42	6	0.8169	0	0	0.3658
42	6	3.733	0	0	0.4119
42	6	0.8632	1	0	1.711
42	6	0.6344	0	1	-1.028
42	6	0.5392	0	1	2.305
42	6	3.593	0	0	-0.1765
42	6	1.023	0	0	2.114
42	6	0.5971	0	0	-0.0778
42	6	0.7942	0	1	0.8407
42	6	0.4381	0	0	2.075
42	6	3.437	1	1	-0.2544
42	6	0.9	0	1	-1.966
42	6	5.442	0	0	0.4942
42	6	3.449	1	1	0.3391
42	6	0.5849	0	0	-1.224
42	6	1.994	1	1	-0.2959
42	6	2.026	1	1	0.4588
42	6	5.56	0	0	-0.3799
42	6	5.541	1	1	-1.553
42	6	5.114	1	1	0.1348
42	6	5.583	0	0	0.01132
42	6	1.55	1	1	-2.665
42	6	3.272	1	1	-0.4871
42	6	0.3367	1	0	0.664
42	6	1.941	1	1	-0.6755
42	6	0.7417	1	1	-1.759
42	6	1.68	1	1	0.516
42	6	5.399	0	0	-0.4066
42	6	1.493	1	1	-1.382
42	6	3.489	1	1	1.09
42	6	0.7004	0	0	0.2654
42	6	2.014	1	1	0.183
42	6	0.8978	1	0	0.9944
42	6	3.659	1	1	-0.4136
43	6	0.6302	1	0	1.051
43	6	1.919	0	0	0.08622
43	6	5.745	1	1	0.1751
43	6	0.6029	1	1	0.6023
43	6	1.973	1	1	-0.3867
43	6	1.002	0	0	-1.536
43	6	0.9088	1	0	1.924
43	6	1.77	0	0	-1.593
43	6	3.603	0	0	-0.1195
43	6	1.055	1	1	0.3098
43	6	3.78	0	0	-1.912
43	6	5.373	0	0	-0.008554
43	6	1.846	1	1	-1.055
43	6	0.1929	1	1	-0.2757
43	6	5.709	1	1	0.9483
43	6	1.666	0	0	-2.634
43	6	5.712	0	0	0.1397
43	6	3.504	1	1	-0.2273
43	6	3.619	0	0	0.4429
43	6	3.429	0	0	0.2792
43	6	1.996	0	0	0.7597
43	6	0.9344	0	0	0.5922
43	6	3.678	0	0	0.3137
43	6	0.5056	1	0	0.396
43	6	3.887	1	1	-0.4748
43	6	5.169	1	1	-1.013
43	6	5.184	1	1	-1.181
43	6	1.947	0	0	-0.08606
43	6	5.681	0	0	-0.5491
43	6	0.9537	1	1	-1.192
43	6	1.052	0	0	-0.4355
43	6	0.07474	1	1	0.009263
43	6	5.402	0	0	0.5359
43	6	1.174	0	0	-0.0886
43	6	5.556	0	0	0.6385
43	6	0.5186	0	1	1.104
43	6	1.812	0	0	-1.082
43	6	1.927	1	1	-0.7173
43	6	0.9545	1	1	-0.1829
43	6	1.502	0	0	-0.3156
43	6	0.9009	1	1	-0.7095
43	6	3.691	1	1	-0.4595
43	6	0.4793	0	1	-0.2727
43	6	0.8695	1	1	0.5721
43	6	3.833	1	1	0.2165
43	6	5.654	1	1	0.3061
43	6	0.4105	0	0	-1.048
43	6	0.733	1	1	-1.094
43	6	3.453	1	1	-1.004
43	6	0.4023	0	1	-1.421
44	6	0.8656	0	0	-0.1055
44	6	0.3622	0	1	1.923
44	6	5.498	1	1	-2.508
44	6	0.4484	1	0	1.719
44	6	3.935	1	1	0.8781
44	6	0.584	1	1	1.159
44	6	1.858	1	1	0.8799
44	6	5.55	0	0	0.2499
44	6	0.5174	0	1	0.8153
44	6	1.791	1	1	3.878
44	6	1.096	0	1	-1.384
44	6	0.3339	1	1	-0.1736
44	6	0.5752	1	1	0.8516
44	6	0.9972	1	1	1.006
44	6	1.722	0	0	0.333
44	6	0.3042	0	0	0.5476
44	6	0.4138	1	0	1.272
44	6	5.342	0	0	-0.6756
44	6	0.5269	1	1	0.4163
44	6	5.233	0	0	0.09228
44	6	1.853	1	1	0.5692
44	6	1.087	0	0	1.557
44	6	1.104	0	0	0.6468
44	6	5.531	0	0	1.625
44	6	3.129	0	0	0.6047
44	6	5.625	0	0	-0.5008
44	6	1.827	1	1	0.3181
44	6	3.509	0	0	0.3543
44	6	1.617	0	0	1.074
44	6	0.9588	1	0	0.4606
44	6	2.136	0	0	0.8644
44	6	1.505	0	0	0.8174
44	6	1.042	1	1	-0.0708
44	6	3.638	0	0	-1.22
44	6	0.38	1	1	0.7886
44	6	0.6923	1	0	0.04211
44	6	0.8062	1	1	-0.3496
44	6	3.289	1	1	0.3444
44	6	1.797	0	0	0.9924
44	6	5.38	1	1	0.01728
44	6	0.5683	1	1	0.07256
44	6	1.987	1	1	-0.3421
44	6	3.741	1	1	1.073
44	6	3.506	0	0	-0.2373
44	6	5.176	1	1	-0.3479
44	6	3.579	0	0	0.5079
44	6	3.585	0	0	2.193
44	6	5.363	0	0	1.084
44	6	3.551	1	1	0.1066
44	6	5.663	1	1	-0.08047
45	6	0.5894	1	1	1.053
45	6	5.569	0	0	-0.1178
45	6	0.4355	0	1	0.9915
45	6	0.3681	1	1	0.04744
45	6	0.5171	1	0	1.651
45	6	0.8492	1	1	0.08391
45	6	3.831	0	0	0.01492
45	6	5.318	1	1	0.5373
45	6	1.295	0	0	-0.2384
45	6	1.973	0	1	0.5721
45	6	5.707	1	1	0.6088
45	6	0.7828	0	1	1.59
45	6	0.5288	1	1	0.2448
45	6	1.524	0	1	-0.1261
45	6	5.539	1	1	-0.01125
45	6	5.214	0	0	0.6569
45	6	1.995	0	0	-0.1276
45	6	1.846	0	0	0.3172
45	6	1.299	1	1	0.3138
45	6	3.728	0	0	-0.029
45	6	0.8746	0	1	0.08627
45	6	0.8179	0	1	-0.1627
45	6	3.569	1	1	0.1867
45	6	5.046	0	0	-0.3528
45	6	1.027	0	1	1.199
45	6	3.799	1	1	-0.5285
45	6	3.751	1	1	0.4551
45	6	1.711	1	0	1.1
45	6	3.417	1	1	-0.731
45	6	0.4494	1	1	-0.2044
45	6	1.865	1	1	-0.5692
45	6	3.964	1	1	0.2645
45	6	0.3744	0	1	0.5631
45	6	0.5866	0	1	-0.6497
45	6	3.925	1	1	-0.7191
45	6	1.871	1	1	1.383
45	6	3.644	0	0	0.1697
45	6	0.8626	1	1	-1.684
45	6	5.467	0	0	0.01685
45	6	5.413	1	1	-0.4567
45	6	5.266	1	1	0.2269
45	6	0.7499	0	1	1.456
45	6	1.493	0	0	-1.686
45	6	0.8373	0	0	0.4527
45	6	1.923	1	1	0.1888
45	6	5.472	0	0	0.7435
45	6	0.5237	0	0	-0.05982
45	6	0.7671	0	1	-0.5815
45	6	1.717	0	0	0.2369
45	6	3.42	1	1	-0.8812
46	6	0.4892	0	0	0.3108
46	6	2.087	0	0	0.2487
46	6	0.212	0	1	1.547
46	6	5.377	1	1	-1.129
46	6	0.8118	1	1	0.9228
46	6	0.8333	0	1	0.7331
46	6	3.466	0	0	-0.6282
46	6	0.6234	1	1	0.5331
46	6	3.772	1	1	-3.266
46	6	5.567	0	0	0.9725
46	6	0.8957	0	0	0.8733
46	6	0.5049	0	0	0.9239
46	6	3.753	1	1	0.95
46	6	5.952	1	1	0.9742
46	6	1.822	1	1	0.3732
46	6	3.565	1	1	-0.4527
46	6	0.7268	0	0	0.7996
46	6	3.619	0	0	-0.1574
46	6	0.06472	0	0	0.1564
46	6	0.7567	1	0	0.3632
46	6	5.507	1	1	-0.6562
46	6	3.689	0	0	-1.511
46	6	1	1	1	-0.3425
46	6	1.881	0	0	0.4933
46	6	0.3428	0	1	-1.027
46	6	1.796	1	1	-0.3001
46	6	0.8281	0	0	0.1943
46	6	0.7746	1	1	0.8571
46	6	5.348	1	1	-1.063
46	6	0.5091	1	1	-0.4709
46	6	1.699	0	1	1.36
46	6	2.159	1	1	-0.03597
46	6	5.556	1	1	-0.9107
46	6	3.494	0	0	0.04827
46	6	0.9519	1	1	-0.01616
46	6	5.878	0	0	-1.212
46	6	1.5	1	1	0.1322
46	6	1.248	0	0	0.8779
46	6	3.496	0	0	0.9551
46	6	5.444	0	0	-0.1342
46	6	0.2643	1	1	0.2536
46	6	1.624	1	1	0.6565
46	6	3.702	0	0	0.687
46	6	1.014	0	0	-0.7787
46	6	5.015	0	0	0.7917
46	6	5.393	0	0	0.1
46	6	1.653	1	1	-0.6889
46	6	3.833	0	0	0.2363
46	6	0.5232	1	0	-0.4522
46	6	1.734	1	1	-1.322
47	6	1.222	0	1	1.173
47	6	0.5485	1	0	-0.2617
47	6	3.443	1	1	0.2556
47	6	2.177	0	0	0.2754
47	6	1.842	0	0	1.336
47	6	0.3637	1	1	0.7831
47	6	5.029	0	0	-0.09165
47	6	1.689	0	0	-0.4353
47	6	3.792	0	0	0.4648
47	6	0.6993	1	1	0.6924
47	6	0.7673	1	1	0.3265
47	6	0.7806	0	1	2.986
47	6	5.411	0	0	-0.9808
47	6	5.32	0	0	-0.06912
47	6	3.299	1	1	0.7545
47	6	0.5692	1	1	0.7875
47	6	1.729	1	1	0.1728
47	6	5.128	0	0	0.5857
47	6	3.41	0	0	-2.564
47	6	0.1358	0	1	-0.6443
47	6	0.327	0	1	0.8884
47	6	0.2991	1	1	0.4509
47	6	5.291	0	0	-0.08073
47	6	0.937	1	1	0.8391
47	6	1.666	1	1	-0.9984
47	6	3.385	1	1	0.2671
47	6	0.7549	1	1	-0.4801
47	6	0.7489	1	1	-0.1805
47	6	0.3704	0	0	-0.9998
47	6	0.7658	1	1	-0.2944
47	6	5.183	1	1	0.03627
47	6	3.805	0	0	1.305
47	6	5.504	1	1	0.3111
47	6	1.709	1	1	0.265
47	6	5.848	1	1	0.3289
47	6	0.711	1	1	-1.211
47	6	3.594	0	0	0.1546
47	6	1.617	0	0	-0.7034
47	6	0.6953	0	1	-0.7553
47	6	1.694	1	1	-1.018
47	6	0.6377	0	1	-0.3384
47	6	0.8383	1	1	0.1426
47	6	3.497	0	0	-0.4823
47	6	3.691	0	0	-0.4755
47	6	0.6734	1	1	0.4982
47	6	1.827	0	0	-0.3203
47	6	3.887	1	1	0.327
47	6	1.858	0	0	0.04728
47	6	5.428	0	0	-1.533
47	6	5.182	1	1	0.3859
48	6	1.776	1	1	0.9304
48	6	3.377	1	1	0.1691
48	6	0.6444	1	0	0.2385
48	6	1.853	1	1	0.01771
48	6	3.664	1	1	0.1086
48	6	1.716	1	1	-0.2146
48	6	1.585	0	0	-0.3815
48	6	1.742	0	0	0.3355
48	6	5.32	0	0	0.1258
48	6	5.008	1	1	-0.4154
48	6	0.9678	0	0	-0.4539
48	6	0.5192	0	1	-1.039
48	6	5.253	0	0	-0.8524
48	6	0.5212	1	1	-0.5909
48	6	3.481	1	1	1.88
48	6	1.716	0	0	-1.29
48	6	1.116	0	1	0.3243
48	6	0.9443	1	1	-0.4078
48	6	3.692	1	1	-0.5641
48	6	3.578	0	0	-1.19
48	6	1.823	1	1	0.8866
48	6	0.5828	0	1	-0.8037
48	6	5.429	1	1	-1.397
48	6	5.34	1	1	-0.9045
48	6	0.8016	0	0	0.6466
48	6	0.2622	1	1	0.8806
48	6	3.867	0	0	-1.871
48	6	1.548	0	0	0.221
48	6	0.06284	1	0	0.9218
48	6	5.581	0	0	1.361
48	6	1.59	1	1	-0.9359
48	6	0.5254	0	0	-1.331
48	6	3.847	0	1	-1.461
48	6	1.6	1	1	-0.9504
48	6	3.69	1	1	0.1875
48	6	0.3795	1	1	1.269
48	6	0.6351	0	0	-1.02
48	6	0.7727	0	0	0.5183
48	6	0.3038	0	1	0.2216
48	6	5.442	0	0	-1.457
48	6	0.7788	1	1	-2.003
48	6	5.395	1	1	-2.401
48	6	0.724	1	1	-1.061
48	6	3.57	0	0	1.106
48	6	5.236	0	0	-0.5782
48	6	0.7943	0	0	-0.4323
48	6	3.476	1	1	-0.1307
48	6	5.45	1	1	0.4562
48	6	0.738	0	0	-2.059
48	6	0.9242	1	1	0.4067
49	6	5.381	1	1	-1.465
49	6	5.572	0	0	0.1575
49	6	5.686	1	1	-0.4198
49	6	0.5127	1	0	-0.7403
49	6	3.34	1	1	0.244
49	6	0.789	1	1	-0.6822
49	6	0.06166	0	1	-0.4123
49	6	1.719	1	1	-0.8296
49	6	0.8888	0	0	1.704
49	6	1.031	0	0	-2.571
49	6	1.839	1	1	0.3016
49	6	1.594	1	1	0.7767
49	6	0.3243	1	1	-0.0366
49	6	5.385	0	0	-0.1043
49	6	1.109	0	0	-0.3968
49	6	3.46	1	1	-0.9986
49	6	3.478	1	1	-0.8973
49	6	1.839	0	1	-1.076
49	6	0.7769	0	0	0.1343
49	6	1.587	1	1	0.2406
49	6	0.6447	1	1	-0.7342
49	6	0.538	0	1	-1.438
49	6	0.7884	1	1	0.04206
49	6	3.436	1	1	-0.2215
49	6	3.624	0	0	-0.484
49	6	0.583	1	1	-0.3434
49	6	0.2985	1	0	-0.569
49	6	3.449	1	1	-0.2571
49	6	3.748	1	1	0.7239
49	6	3.681	0	0	-0.2711
49	6	5.576	1	1	-0.7255
49	6	0.2988	0	0	-2.2
49	6	0.796	0	1	-1.251
49	6	0.5334	1	0	-0.08875
49	6	1.052	0	1	1.235
49	6	5.391	0	0	0.1228
49	6	3.474	0	0	-0.6414
49	6	1.59	0	1	1.171
49	6	0.5089	0	0	-0.5572
49	6	3.787	1	1	-0.5645
49	6	5.155	1	1	0.3349
49	6	0.7281	0	1	-0.5252
49	6	0.45	0	1	1.019
49	6	1.764	0	0	-2.727
49	6	1.422	0	0	-0.9099
49	6	5.282	0	0	-0.3044
49	6	1.918	1	1	-0.9341
49	6	5.122	0	0	0.9894
49	6	5.467	1	1	-0.6877
49	6	1.479	1	1	-0.03497
