0	2	3.532	0	0	0.3704
0	2	1.987	0	0	-0.3076
0	2	0.7637	1	0	-0.9426
0	2	3.595	1	1	-1.174
0	2	3.989	1	1	0.2745
0	2	0.8301	1	0	-0.08277
0	2	5.43	1	1	-0.629
0	2	1.574	0	0	-1.202
0	2	0.539	0	0	-0.4334
0	2	1.013	1	1	0.07229
0	2	1.019	0	0	-4.055
0	2	0.3451	1	0	0.7635
0	2	5.065	1	1	-0.05991
0	2	5.224	0	0	0.09033
0	2	5.352	1	1	-0.5702
0	2	3.702	0	0	0.1075
0	2	5.42	0	0	0.473
0	2	0.4979	1	1	-0.4496
0	2	0.8041	1	0	1.099
0	2	1.772	1	1	-2.568
0	2	5.543	1	1	0.05893
0	2	5.19	0	0	-0.7256
0	2	3.626	0	0	1.441
0	2	0.7707	0	1	-0.2395
0	2	5.569	1	1	0.4592
0	2	0.06997	0	1	2.393
0	2	1.632	1	1	-2.013
0	2	0.209	0	0	0.8561
0	2	3.456	0	0	-0.3978
0	2	0.5972	0	0	-0.5357
0	2	3.575	1	1	-0.1178
0	2	0.6978	0	0	-0.1055
0	2	1.071	1	1	-0.6777
0	2	1.779	0	0	-0.2326
0	2	0.5554	0	0	-0.3824
0	2	0.7767	0	0	0.9354
0	2	3.632	1	1	-0.9468
0	2	5.358	1	1	-0.6985
0	2	0.9132	1	0	0.4086
0	2	1.81	0	0	0.4706
0	2	0.2966	0	0	-0.6239
0	2	1.475	1	1	-0.8169
0	2	1.904	1	0	0.736
0	2	0.1899	0	0	-1.837
0	2	5.466	0	0	-0.0779
0	2	1.944	1	0	0.3628
0	2	3.406	1	1	-1.012
0	2	3.501	1	1	-0.5847
0	2	0.724	0	0	-0.3509
0	2	1.987	0	0	-0.01019
1	2	1.763	0	0	1.489
1	2	5.328	0	0	1.619
1	2	5.275	1	1	1.013
1	2	1.65	1	0	-1.466
1	2	0.5307	1	0	-0.495
1	2	0.7663	0	0	0.2123
1	2	0.2585	0	1	0.2421
1	2	1.759	1	0	0.7452
1	2	0.7634	1	1	0.1606
1	2	0.6705	1	1	-0.3611
1	2	0.5565	1	1	0.988
1	2	2.058	1	1	1.229
1	2	5.341	1	1	-0.6972
1	2	5.134	1	1	0.4695
1	2	5.493	0	0	-0.8263
1	2	0.8061	0	0	-1.489
1	2	0.5221	0	1	0.05978
1	2	0.3089	1	0	0.9093
1	2	3.317	1	1	0.4142
1	2	1.574	0	0	-0.3232
1	2	5.157	1	1	0.4899
1	2	5.238	0	0	-0.9914
1	2	0.2042	0	0	0.9042
1	2	1.113	1	1	1.6
1	2	0.9872	1	0	0.2431
1	2	3.476	0	0	-0.4129
1	2	0.9416	0	0	-0.1528
1	2	0.2709	0	0	0.04376
1	2	1.92	1	0	-0.4489
1	2	3.344	1	1	0.8419
1	2	0.4175	1	1	0.4429
1	2	1.124	0	0	0.3484
1	2	3.517	0	0	0.08414
1	2	1.657	1	0	1.213
1	2	3.265	0	0	0.3667
1	2	3.829	1	1	-0.1185
1	2	5.444	0	0	-0.7012
1	2	1.832	0	0	0.7082
1	2	3.507	1	1	1.373
1	2	3.462	0	0	-0.6714
1	2	1.538	0	0	-0.7153
1	2	0.7948	1	0	0.693
1	2	5.456	0	0	0.8496
1	2	0.2542	1	1	0.859
1	2	0.4145	0	0	0.896
1	2	0.2408	0	0	-1.392
1	2	1.783	0	0	-0.4075
1	2	3.498	1	1	0.5948
1	2	3.828	0	0	0.9883
1	2	5.617	1	1	2.914
2	2	0.3815	1	1	1.947
2	2	3.401	0	0	0.829
2	2	1.893	0	0	0.5805
2	2	0.7551	1	0	-1.311
2	2	3.6	1	1	0.757
2	2	0.9259	1	1	0.2463
2	2	0.6553	0	0	-0.5499
2	2	1.849	0	0	-1.407
2	2	0.04887	0	0	0.7359
2	2	0.4945	1	0	1.305
2	2	0.7104	1	0	-1.015
2	2	5.484	0	0	0.2638
2	2	1.659	0	0	-0.5436
2	2	3.393	0	0	-0.6688
2	2	3.728	0	0	-0.02546
2	2	3.639	1	1	0.586
2	2	5.374	1	1	1.567
2	2	5.544	0	0	0.3357
2	2	3.317	0	0	-0.4727
2	2	0.9976	0	0	-0.2889
2	2	0.2656	1	0	-0.1559
2	2	0.1164	0	1	-1.621
2	2	1.708	1	1	1.424
2	2	4.799	1	1	-1.026
2	2	3.7	1	1	1.163
2	2	0.2053	1	0	0.8828
2	2	2.034	1	0	-0.02887
2	2	5.261	0	0	0.4571
2	2	5.499	1	1	0.1283
2	2	0.4532	0	0	1.673
2	2	3.752	0	0	1.241
2	2	0.6364	1	0	-0.003313
2	2	1.658	0	0	-1.245
2	2	0.8776	1	1	-2.256
2	2	5.696	1	1	1.121
2	2	0.09303	0	1	0.4164
2	2	1.52	1	1	0.1477
2	2	1.216	0	0	-1.539
2	2	0.3925	0	0	-2.56
2	2	1.746	1	1	1.073
2	2	1.731	0	0	0.02697
2	2	5.396	1	1	1.837
2	2	0.6855	1	0	-0.5673
2	2	5.638	1	1	-0.6454
2	2	3.591	0	0	-1.684
2	2	3.319	0	0	-0.9162
2	2	1.564	1	1	-1.456
2	2	0.3789	0	0	-0.5599
2	2	4.992	0	0	-0.1466
2	2	0.9954	1	0	0.5358
3	2	3.628	0	0	0.9793
3	2	5.353	1	1	0.992
3	2	0.5786	0	0	0.1033
3	2	5.287	0	0	0.3953
3	2	5.313	0	0	0.32
3	2	0.1285	1	0	-1.006
3	2	0.6719	0	0	-0.2205
3	2	1.043	1	0	0.3151
3	2	3.448	1	1	0.8868
3	2	3.723	0	0	0.01062
3	2	3.69	0	0	0.1415
3	2	0.4637	0	0	-0.5778
3	2	0.6573	0	0	1.023
3	2	1.06	1	1	-0.8612
3	2	0.5349	0	0	-0.1014
3	2	5.728	1	1	0.885
3	2	5.543	1	1	1.635
3	2	0.8507	1	0	0.5956
3	2	1.973	1	1	-0.04013
3	2	1.958	1	0	-0.9985
3	2	3.061	1	1	0.2984
3	2	1.876	1	1	1.468
3	2	2.032	0	0	0.6864
3	2	5.071	1	1	0.6215
3	2	1.98	0	0	0.909
3	2	1.162	0	0	-0.09891
3	2	1.162	0	0	2.008
3	2	1.469	1	0	0.08722
3	2	2.15	0	0	-0.9706
3	2	1.092	0	0	0.9754
3	2	0.4519	0	1	0.6112
3	2	0.6444	0	0	-1.066
3	2	5.095	1	1	1.172
3	2	5.339	0	0	-0.4352
3	2	0.6047	1	0	0.2569
3	2	5.775	1	1	0.6252
3	2	0.3585	1	0	1.038
3	2	1.776	0	0	-1.416
3	2	0.7825	1	0	-0.8797
3	2	1.655	0	0	-1.672
3	2	1.042	0	0	-1.474
3	2	0.6253	0	0	0.1548
3	2	3.317	1	1	-0.6809
3	2	1.839	1	1	1.445
3	2	3.785	1	0	4.052
3	2	3.619	1	1	1.052
4	2	0.4366	1	0	2.342
4	2	5.487	1	1	0.373
4	2	0.1675	0	0	-1.069
4	2	1.08	0	0	-2.162
4	2	3.518	0	0	0.4576
4	2	0.8369	1	0	-1.357
4	2	1.895	0	0	0.2536
4	2	3.39	0	0	-0.5662
4	2	0.5412	1	0	-0.4535
4	2	0.6719	1	0	0.3186
4	2	1.43	1	1	-2.114
4	2	1.882	0	0	1.424
4	2	5.664	0	0	1.827
4	2	1.967	1	0	-0.138
4	2	3.545	0	0	-1.454
4	2	0.5513	0	0	0.911
4	2	1.952	0	0	0.2148
4	2	1.681	0	0	-0.2079
4	2	0.1566	1	0	-2.403
4	2	1.023	0	0	0.04803
4	2	1.353	1	0	-0.3758
4	2	5.035	0	0	-2.363
4	2	0.3814	1	0	0.01322
4	2	1.873	0	0	-0.3325
4	2	1.59	0	0	-0.4495
4	2	5.433	0	0	-0.1685
4	2	1.109	0	0	-0.2048
4	2	3.264	1	1	0.8297
4	2	0.9158	1	0	0.441
4	2	5.584	1	1	1.368
4	2	5.413	0	0	0.3958
4	2	0.5335	0	0	0.9887
4	2	0.3836	0	0	1.14
4	2	0.3709	1	0	-0.3666
4	2	0.9915	0	0	0.04105
4	2	3.497	1	0	1.551
4	2	3.909	1	1	1.05
4	2	3.541	1	1	0.2282
4	2	5.137	1	1	-0.4324
4	2	0.9771	1	1	-0.6664
4	2	0.9662	0	0	0.1495
4	2	0.3277	1	0	-1.338
4	2	5.56	1	1	-1.137
4	2	5.545	1	1	1.344
4	2	3.631	0	0	0.5201
4	2	0.6694	0	0	-1.677
4	2	5.381	1	1	0.1571
4	2	3.468	1	1	-0.1008
4	2	3.676	0	0	-0.8757
4	2	1.748	1	0	1.002
5	2	5.507	0	0	0.487
5	2	0.8334	0	0	-0.9695
5	2	0.2698	1	1	1.108
5	2	3.138	0	0	-0.5884
5	2	2.393	1	1	0.1774
5	2	5.177	1	1	-1.957
5	2	1.008	1	1	0.2827
5	2	1.868	1	1	-1.363
5	2	5.563	1	1	-0.4531
5	2	0.9022	1	0	-0.2804
5	2	0.3279	0	0	-1.21
5	2	1.317	1	0	-0.194
5	2	1.017	0	0	0.8648
5	2	1.479	1	1	-0.1052
5	2	3.477	0	0	-2.311
5	2	0.7202	1	0	-0.5607
5	2	3.561	0	0	0.02077
5	2	0.8301	0	0	1.221
5	2	3.555	1	1	1.282
5	2	3.354	0	0	0.313
5	2	5.476	0	0	-1.569
5	2	3.582	0	0	-0.1829
5	2	3.781	0	0	-1.936
5	2	3.534	1	1	0.7837
5	2	1.936	0	0	-1.378
5	2	1.605	0	0	0.4831
5	2	5.355	0	0	-0.7206
5	2	5.658	1	1	0.2658
5	2	3.713	0	0	-0.2928
5	2	1.032	1	1	-0.4814
5	2	5.393	1	1	0.8984
5	2	0.5182	0	0	0.1204
5	2	0.8681	1	0	-0.3763
5	2	0.09499	0	1	-0.8061
5	2	5.595	0	0	0.01445
5	2	0.6126	0	0	0.5563
5	2	2.021	1	0	-0.1783
5	2	0.9823	1	1	-0.1013
5	2	0.5193	1	0	1.093
5	2	5.317	1	1	-0.09318
5	2	1.642	0	0	-1.074
5	2	0.4218	1	1	0.5929
5	2	5.605	0	0	-0.7583
5	2	3.432	0	0	-0.06525
5	2	1.715	0	0	0.3481
5	2	0.5643	0	0	-0.4643
5	2	1.929	1	1	-0.4235
5	2	0.4448	1	0	0.7115
5	2	0.6948	1	0	-0.7162
6	2	5.332	0	0	1.863
6	2	1.143	0	0	1.439
6	2	0.6984	0	1	-0.4069
6	2	1.787	0	0	-0.9342
6	2	3.387	1	1	-1.078
6	2	3.819	0	0	0.3061
6	2	0.3731	0	0	0.5808
6	2	5.722	1	1	0.4359
6	2	0.9865	0	0	0.3234
6	2	5.302	1	1	-0.06078
6	2	1.621	1	1	-0.5911
6	2	1.618	1	1	-1.834
6	2	0.6033	1	0	0.1108
6	2	0.8869	1	1	-1.332
6	2	0.8008	1	0	0.2344
6	2	5.56	1	1	-2.207
6	2	5.288	0	0	1.268
6	2	0.7843	1	0	-0.164
6	2	3.494	0	0	0.1466
6	2	1.083	0	0	1.166
6	2	5.412	0	0	-0.8321
6	2	1.009	1	1	0.2411
6	2	0.5687	1	0	0.9471
6	2	0.9742	1	1	-0.4463
6	2	1.793	0	0	-0.5226
6	2	3.608	0	0	-1.25
6	2	5.137	0	0	-0.5681
6	2	5.634	0	0	0.6434
6	2	3.454	1	1	-0.1511
6	2	0.4167	1	1	-1.066
6	2	0.1904	0	0	-0.07852
6	2	3.095	0	0	0.9674
6	2	1.686	1	0	-0.1824
6	2	0.2104	0	0	-1.457
6	2	3.48	0	0	-0.3918
6	2	5.243	1	1	-0.996
6	2	1.734	0	0	0.5078
6	2	1.034	1	0	-0.6743
6	2	1.877	0	0	-0.7802
6	2	0.3644	1	0	-0.2294
6	2	1.986	0	0	-0.5515
6	2	3.777	0	0	0.7434
6	2	0.7245	0	0	1.231
6	2	0.4167	1	1	-0.2683
6	2	1.715	0	0	-1.927
6	2	3.657	1	1	0.4094
6	2	1.728	1	0	-1.132
6	2	0.744	1	0	0.2511
6	2	3.533	0	0	-1.59
6	2	5.487	1	1	0.4209
7	2	1.897	1	1	0.6265
7	2	5.6	1	1	0.5573
7	2	5.371	1	1	0.4977
7	2	3.998	0	0	0.2424
7	2	1.498	1	1	-0.4658
7	2	0.9091	0	0	-2.59
7	2	0.7813	0	0	-0.9663
7	2	0.7321	1	1	0.9647
7	2	0.5186	1	0	-1.215
7	2	0.3087	1	1	-0.9714
7	2	2.047	0	0	-1.755
7	2	5.325	0	0	-1.032
7	2	0.8434	0	0	0.3715
7	2	1.185	1	0	-1.681
7	2	0.7779	1	1	-1.043
7	2	2.162	0	0	-0.047
7	2	0.7217	1	0	0.1158
7	2	1.548	0	0	0.04433
7	2	0.1783	1	1	-0.199
7	2	0.6469	1	1	-0.4675
7	2	3.478	1	1	0.8668
7	2	0.5712	1	0	-0.5485
7	2	5.356	0	0	-0.6927
7	2	0.7905	1	0	-0.5105
7	2	1.429	0	0	-0.06319
7	2	0.3967	0	0	0.2655
7	2	0.5361	0	0	-0.4201
7	2	0.9842	1	1	0.3173
7	2	5.315	0	0	-2.264
7	2	5.638	1	1	0.3462
7	2	1.966	0	0	0.1446
7	2	5.721	1	1	-0.9149
7	2	3.513	0	0	-1.433
7	2	3.752	0	0	-0.8742
7	2	1.586	0	0	-1.123
7	2	5.209	1	1	0.3572
7	2	1.717	0	0	0.1836
7	2	3.575	0	0	-1.895
7	2	3.818	1	1	2.318
7	2	3.427	1	1	-2.436
7	2	5.051	1	1	0.7309
7	2	3.491	1	0	0.4947
7	2	2.095	0	0	-3.224
7	2	0.6047	0	0	-0.9482
7	2	5.195	1	1	1.414
7	2	0.6029	0	0	-2.074
7	2	0.5773	0	0	-1.068
7	2	3.4	0	0	0.1291
7	2	1.214	0	0	0.3244
7	2	3.966	0	0	1.087
8	2	5.44	1	1	0.9496
8	2	3.414	0	0	-0.1136
8	2	3.246	1	1	0.42
8	2	0.6592	0	0	0.4543
8	2	3.591	0	0	0.5777
8	2	0.4048	0	0	0.7099
8	2	1.481	1	1	0.2573
8	2	3.75	0	0	-1.17
8	2	0.3699	1	0	0.4182
8	2	5.847	1	1	-0.01303
8	2	1.06	0	0	-1.332
8	2	0.7079	1	0	-0.7527
8	2	5.419	0	0	-1.414
8	2	1.954	0	0	-1.547
8	2	1.007	0	0	-0.4189
8	2	2	1	0	0.6844
8	2	3.846	1	1	0.5097
8	2	1.816	1	0	-1.112
8	2	3.693	0	0	-0.906
8	2	5.212	0	0	-0.3177
8	2	3.717	0	0	-2.404
8	2	5.229	0	0	-1.01
8	2	0.8082	0	0	0.1494
8	2	0.769	1	1	0.9324
8	2	0.4231	0	0	1.441
8	2	2.044	0	0	-0.05181
8	2	5.396	1	1	1.318
8	2	1.879	1	1	1.393
8	2	1.402	0	0	-0.06295
8	2	5.214	0	0	0.02032
8	2	0.6568	0	0	0.6257
8	2	5.398	1	1	-1.957
8	2	0.3348	1	0	1.36
8	2	0.2422	0	0	-0.7748
8	2	3.811	1	1	1.761
8	2	0.351	1	0	-0.5542
8	2	1.082	1	0	-1.175
8	2	0.6024	1	0	-0.9544
8	2	3.678	1	1	-0.2913
8	2	3.543	1	0	0.8222
8	2	1.667	0	0	2.189
8	2	0.3915	1	0	0.0826
8	2	0.6059	1	1	-0.9675
8	2	0.7757	0	0	-2.057
8	2	5.488	1	1	0.2011
8	2	1.483	1	1	0.9223
8	2	0.332	0	0	-0.002379
8	2	0.4345	0	0	-0.2381
8	2	5.463	1	1	0.3695
8	2	2.177	0	0	0.6873
9	2	2.125	1	0	0.8277
9	2	2.454	0	0	0.1591
9	2	0.8093	0	0	-0.7089
9	2	0.1609	0	0	-0.2562
9	2	1.823	0	0	-0.5117
9	2	5.594	1	1	-0.7178
9	2	0.6879	0	0	-1.294
9	2	5.387	0	0	0.1778
9	2	0.7731	1	0	0.03003
9	2	5.24	0	0	-0.7423
9	2	0.6506	1	0	0.6633
9	2	2.039	0	0	-1.306
9	2	0.6704	1	1	-0.1247
9	2	0.948	0	0	3.174
9	2	1.757	1	1	-1.001
9	2	3.841	1	1	-0.5424
9	2	1.403	0	0	-0.6973
9	2	0.9011	0	0	0.1784
9	2	1.011	1	0	1.229
9	2	4.969	1	1	0.03577
9	2	0.6081	0	0	-0.1256
9	2	1.834	1	1	-0.966
9	2	0.1915	0	0	-0.4259
9	2	0.1633	0	0	-0.5298
9	2	1.487	0	0	0.8899
9	2	1.806	1	1	0.02168
9	2	5.484	1	1	-0.2498
9	2	3.75	1	1	0.2574
9	2	3.8	1	1	0.6174
9	2	0.8265	1	0	0.2481
9	2	0.6776	1	1	0.5523
9	2	3.551	0	0	-2.03
9	2	5.236	0	0	0.02108
9	2	0.4104	0	1	-2.531
9	2	0.8497	1	1	-0.8293
9	2	5.283	0	0	-1.433
9	2	5.466	0	0	-0.4562
9	2	0.5568	1	1	0.4118
9	2	3.6	0	0	-1.459
9	2	3.438	1	1	0.07774
9	2	1.848	1	0	-0.1247
9	2	3.771	1	1	-0.289
9	2	4.73	0	0	-0.7929
9	2	3.632	0	0	0.5969
9	2	3.476	1	1	0.985
9	2	0.5012	1	0	-0.3182
9	2	0.4355	1	1	1.381
9	2	1.082	1	0	-0.514
9	2	5.187	0	0	1.209
9	2	3.7	0	0	0.2442
10	3	5.056	0	0	-0.3974
10	3	5.788	1	1	0.1224
10	3	3.805	0	0	-0.2352
10	3	5.481	1	1	-0.2018
10	3	1.65	0	0	-0.3209
10	3	3.608	1	1	-0.2492
10	3	0.4393	1	0	-0.9879
10	3	0.1481	0	0	1.317
10	3	3.918	1	1	-0.4996
10	3	0.9604	1	0	1.681
10	3	5.486	0	0	-1.261
10	3	1.5	0	0	-0.8022
10	3	0.9325	0	0	-0.09037
10	3	1.386	1	0	-1.725
10	3	3.431	0	0	-1.703
10	3	1.918	1	1	-0.7068
10	3	0.4626	1	0	-0.6923
10	3	3.651	1	0	1.117
10	3	0.9133	1	0	0.3067
10	3	4.124	1	1	1.369
10	3	5.627	0	0	-1.425
10	3	3.737	1	1	2.406
10	3	0.5	1	0	2.108
10	3	3.668	0	0	-0.2328
10	3	1.547	1	0	2.325
10	3	1.922	0	0	2.349
10	3	5.415	0	0	-0.2234
10	3	1.86	0	0	-1.232
10	3	0.5466	1	0	-0.7059
10	3	0.8821	0	1	-1.318
10	3	1.191	1	0	-0.5173
10	3	5.371	0	0	-1.524
10	3	1.698	0	0	-2.717
10	3	0.85	0	0	0.01851
10	3	2.039	0	0	-0.5275
10	3	3.817	0	0	-0.4494
10	3	0.2999	0	0	-0.4957
10	3	0.8292	0	0	-2.032
10	3	0.2137	0	0	-1.268
10	3	0.4979	1	0	-1.359
10	3	0.7011	1	0	-0.7152
10	3	0.4877	0	0	-2.163
10	3	5.628	1	1	-0.659
10	3	0.7069	1	1	-0.8482
10	3	1.743	1	0	-1.28
10	3	5.471	1	1	-0.7179
10	3	3.55	0	0	0.2571
10	3	0.1661	0	0	0.1203
10	3	4.869	0	0	-1.04
10	3	1.128	0	1	-1.576
11	3	0.5222	0	0	1.471
11	3	0.9674	0	0	-2.52
11	3	0.6432	1	0	-0.8569
11	3	1.942	0	0	-1.929
11	3	3.781	0	0	-2.51
11	3	1.9	1	0	1.095
11	3	0.3449	0	0	0.1107
11	3	0.7635	1	1	-2.627
11	3	3.702	1	1	-1.546
11	3	5.31	1	1	0.123
11	3	1.805	0	0	-0.4589
11	3	0.9124	1	1	-1.379
11	3	0.8254	0	0	-0.2252
11	3	1.944	0	0	1.325
11	3	0.6551	1	0	-1.506
11	3	5.531	0	0	-3.322
11	3	0.6523	1	0	-1.559
11	3	1.468	0	0	-0.8118
11	3	3.416	1	1	-0.5067
11	3	3.532	0	0	-0.1781
11	3	0.6402	1	0	-1.339
11	3	1.67	0	0	-1.942
11	3	3.587	0	0	-1.714
11	3	1.054	0	0	-1.915
11	3	5.585	0	0	-1.41
11	3	5.115	1	1	2.214
11	3	5.489	0	0	-0.7183
11	3	0.6539	1	0	-0.1337
11	3	1.613	1	0	-0.7343
11	3	1.633	0	0	-2.088
11	3	2.049	0	0	0.4138
11	3	5.384	0	0	-2.101
11	3	0.4222	1	1	1.304
11	3	3.472	1	1	0.357
11	3	0.7075	1	0	0.3189
11	3	3.465	0	0	-1.442
11	3	3.728	0	0	-0.3061
11	3	5.347	0	0	-1.104
11	3	5.361	0	0	0.1358
11	3	5.15	1	1	-0.09387
11	3	1.035	1	1	0.1552
11	3	0.3783	1	0	-1.713
11	3	0.4926	0	0	-0.8999
11	3	0.8462	1	0	-2.111
11	3	1.231	1	0	-1.749
11	3	0.8636	1	1	0.06547
11	3	5.283	1	1	0.04802
11	3	3.706	1	1	-1.006
11	3	3.688	1	1	-0.7379
11	3	2.035	1	1	-1.063
12	3	5.538	1	1	1.521
12	3	5.46	0	0	-0.9612
12	3	0.2524	0	0	-0.9619
12	3	3.261	1	1	1.387
12	3	0.8456	1	0	-0.3785
12	3	1.527	0	0	-2.142
12	3	1.087	0	0	-1.432
12	3	3.628	1	1	1.507
12	3	0.3278	1	1	0.9531
12	3	0.6662	0	0	0.2777
12	3	1.171	1	1	-0.5937
12	3	3.663	0	0	-1.372
12	3	3.506	0	0	0.02866
12	3	0.798	0	0	-2.381
12	3	0.2697	1	0	-0.04383
12	3	5.44	1	1	0.05994
12	3	2.018	1	0	0.547
12	3	3.387	0	0	-0.4712
12	3	2.012	1	1	-1.278
12	3	0.9434	0	0	0.1025
12	3	2.177	0	0	-0.9081
12	3	5.245	0	0	-0.5404
12	3	1.913	0	0	0.4553
12	3	1.703	1	1	-3.072
12	3	0.4981	1	1	-1.012
12	3	1.665	0	0	-0.6153
12	3	5.391	0	0	-0.327
12	3	1.846	1	1	-0.7783
12	3	0.7637	0	0	-0.441
12	3	0.8647	0	0	-2.354
12	3	3.617	0	0	-0.759
12	3	3.842	1	1	-0.07412
12	3	0.3823	1	1	0.1108
12	3	0.3212	1	1	1.752
12	3	3.466	1	1	-0.0663
12	3	5.338	1	1	0.118
12	3	5.201	1	1	-0.3302
12	3	0.5079	0	0	-0.7251
12	3	5.232	1	1	-1.128
12	3	0.2041	0	0	-1.748
12	3	3.498	0	0	-0.6043
12	3	0.6182	1	0	1.459
12	3	1.001	0	0	-1.048
12	3	5.483	1	1	0.07489
12	3	1.829	1	0	-0.5276
12	3	0.836	1	1	-0.5688
12	3	3.445	0	0	-0.1542
12	3	5.568	0	0	0.02385
12	3	0.8025	1	0	-0.705
12	3	2.074	0	0	-1.862
13	3	5.289	1	1	1.904
13	3	3.771	1	1	0.4303
13	3	3.25	0	0	-1.554
13	3	1.755	0	1	-0.5908
13	3	5.541	0	0	-0.1957
13	3	0.641	0	0	0.8814
13	3	3.544	1	1	-0.377
13	3	0.3125	1	0	0.6213
13	3	0.2848	1	0	0.4239
13	3	1.736	0	0	-1.237
13	3	5.864	1	1	1.005
13	3	0.0163	0	1	0.7041
13	3	0.9047	0	0	0.2464
13	3	3.573	1	1	-1.075
13	3	5.37	0	0	-1.498
13	3	5.535	1	1	-2.057
13	3	3.417	1	1	-1.759
13	3	5.605	1	1	-0.402
13	3	1.829	1	0	0.8781
13	3	0.4422	0	0	0.1522
13	3	0.6434	1	0	-0.1641
13	3	3.211	0	0	-0.7131
13	3	0.5079	0	0	1.214
13	3	3.308	0	0	1.095
13	3	0.5659	1	0	0.3678
13	3	3.957	0	0	-1.056
13	3	5.402	1	1	1.642
13	3	0.6328	1	1	1.082
13	3	0.2164	0	0	-1.157
13	3	0.4057	0	0	0.06501
13	3	1.733	0	0	-0.5273
13	3	5.394	1	1	-0.2563
13	3	1.06	1	1	-1.574
13	3	1.834	0	0	0.9681
13	3	1.625	0	0	1.041
13	3	5.528	1	1	-0.9582
13	3	0.8548	0	0	-0.3788
13	3	1.875	1	1	-0.3857
13	3	2.05	1	0	-0.2091
13	3	3.344	1	1	1.265
13	3	0.5327	0	0	0.6886
13	3	1.049	0	0	-1.109
13	3	0.002585	1	1	-1.972
13	3	1.661	0	0	0.5906
13	3	0.6158	1	1	1.219
13	3	1.063	0	0	-0.4219
13	3	0.8944	0	0	-0.4313
13	3	1.779	1	1	0.7135
13	3	3.479	1	1	-0.1512
13	3	5.312	1	1	-0.3973
14	3	1.071	0	0	2.354
14	3	1.764	1	1	0.9212
14	3	0.2523	0	1	0.188
14	3	5.191	0	0	-0.5576
14	3	1.683	0	0	0.09174
14	3	1.633	1	1	-0.1319
14	3	3.772	1	1	0.1497
14	3	0.5088	0	0	0.3329
14	3	1.665	0	0	0.678
14	3	0.6424	0	0	0.6816
14	3	0.9572	1	0	-0.7587
14	3	5.499	1	1	0.2496
14	3	5.803	1	1	-1.226
14	3	5.318	1	1	-1.377
14	3	5.614	1	1	0.3471
14	3	1.684	0	0	0.6303
14	3	0.7686	1	1	0.01398
14	3	0.925	0	0	-1.071
14	3	1.528	0	0	-0.4909
14	3	1.815	0	0	0.1861
14	3	3.424	0	0	-2.546
14	3	5.318	1	1	-0.1758
14	3	1.211	1	1	1.392
14	3	3.415	0	0	-0.8933
14	3	0.5189	0	0	0.02834
14	3	3.715	1	1	-1.448
14	3	3.423	1	1	0.6846
14	3	3.62	1	1	1.573
14	3	5.228	1	1	-0.5552
14	3	1.664	0	0	-1.518
14	3	3.484	0	0	-0.2091
14	3	3.532	1	1	-0.8706
14	3	1.913	1	1	0.396
14	3	5.532	0	0	-0.03468
14	3	0.4762	0	0	0.3727
14	3	5.189	0	0	-0.9006
14	3	1.907	1	1	0.3274
14	3	0.8041	1	1	0.1518
14	3	3.799	0	0	-0.4865
14	3	0.5529	1	0	0.9972
14	3	0.5588	0	0	-0.3217
14	3	0.504	1	0	-0.5487
14	3	1.342	1	1	-2.055
14	3	0.4227	0	0	1.19
14	3	0.9418	0	0	1.308
14	3	5.259	1	1	-1.635
14	3	0.9712	1	1	-0.0599
14	3	0.6363	0	0	-1.493
14	3	0.5699	1	1	-0.9562
14	3	3.427	0	0	-0.6529
15	3	1.068	1	0	0.614
15	3	2.024	0	0	0.1703
15	3	1.438	1	1	-0.2808
15	3	5.023	0	0	-1.171
15	3	1.777	0	0	-1.266
15	3	0.7957	0	1	1.404
15	3	0.6885	0	0	-0.4257
15	3	4.038	0	0	1.829
15	3	1.751	1	1	2.32
15	3	1.896	1	1	1.3
15	3	3.668	0	0	0.2871
15	3	2.038	0	0	-0.4091
15	3	3.868	0	0	0.4412
15	3	0.8993	0	0	0.7377
15	3	1.786	0	0	1.026
15	3	0.3529	1	0	1.125
15	3	5.692	1	1	-0.663
15	3	0.536	0	0	0.512
15	3	5.743	0	0	0.4121
15	3	3.732	1	1	-0.4507
15	3	0.7517	1	0	0.01682
15	3	5.354	0	0	-0.4971
15	3	0.7903	1	1	-2.962
15	3	0.665	0	0	0.3099
15	3	3.709	1	0	-0.4215
15	3	3.601	1	1	0.9687
15	3	5.499	1	1	-1.474
15	3	1.899	1	0	0.2781
15	3	1.946	0	0	1.253
15	3	0.8309	1	0	1.692
15	3	3.621	0	0	-2.853
15	3	3.485	0	0	0.8797
15	3	3.4	1	1	0.3471
15	3	0.7002	1	0	-1.171
15	3	5.593	0	0	1.195
15	3	5.221	1	1	1.622
15	3	0.4962	1	0	-1.095
15	3	5.277	0	0	-0.4699
15	3	1.85	0	0	0.6278
15	3	0.1761	1	0	-0.2665
15	3	0.9495	1	0	-0.03054
15	3	5.129	1	1	-0.3643
15	3	0.482	1	1	0.6729
15	3	0.5354	1	0	0.3604
15	3	0.9765	0	0	-1.797
15	3	0.3473	0	1	0.4936
15	3	3.09	1	0	-0.2292
15	3	0.7364	1	1	0.05161
15	3	0.8474	0	0	-1.865
15	3	5.415	0	0	-0.2721
16	3	0.9034	1	0	1.662
16	3	5.542	1	1	-1.228
16	3	1.791	1	1	-0.2336
16	3	3.47	0	0	-2.176
16	3	0.9421	1	1	0.9986
16	3	5.313	1	1	-0.751
16	3	0.8554	1	1	0.4079
16	3	3.621	1	1	-0.209
16	3	1.059	1	1	0.4715
16	3	1.673	0	0	0.3519
16	3	3.66	0	0	0.3224
16	3	0.6937	0	0	-0.06353
16	3	5.532	0	0	0.8946
16	3	5.501	0	0	0.3836
16	3	0.4244	0	0	1.548
16	3	5.365	0	0	-0.8953
16	3	5.477	1	1	0.5465
16	3	1.878	1	1	0.9077
16	3	0.5338	1	0	0.2109
16	3	1.707	0	0	-1.257
16	3	3.287	0	0	-3.081
16	3	1.699	0	0	0.2596
16	3	3.89	0	0	-0.8085
16	3	1.067	1	1	0.581
16	3	1.118	1	1	-0.4846
16	3	2.045	1	1	0.02391
16	3	0.4902	1	1	0.4688
16	3	5.512	0	0	-1.305
16	3	3.556	0	0	-2.111
16	3	0.7116	1	1	-0.01329
16	3	1.866	0	0	-0.1177
16	3	3.512	1	1	-1.759
16	3	1.004	0	0	-1.162
16	3	0.04137	1	1	1.617
16	3	5.629	0	0	-0.06514
16	3	3.971	0	0	-0.351
16	3	5.696	1	1	-0.5199
16	3	2.003	0	0	-0.7475
16	3	1.199	1	1	-0.8243
16	3	0.8766	1	1	0.5231
16	3	3.706	0	0	0.1455
16	3	1.451	1	1	0.4913
16	3	4.093	0	0	-0.7112
16	3	1.073	0	0	-0.7274
16	3	1.609	1	0	0.1661
16	3	0.9471	0	0	0.192
16	3	0.1601	1	0	0.7333
16	3	0.6053	1	1	0.7834
16	3	5.749	0	0	0.6898
16	3	0.7806	0	1	-1.406
17	3	3.45	1	1	2.018
17	3	5.346	1	1	1.02
17	3	3.27	0	0	1.625
17	3	1.843	0	0	0.5903
17	3	0.7393	1	1	1.158
17	3	0.4616	0	0	-1.007
17	3	1.149	0	0	0.1262
17	3	1.704	1	0	-0.282
17	3	5.393	1	1	0.1586
17	3	1.646	1	1	-0.03169
17	3	1.163	0	0	0.786
17	3	5.61	0	0	-1.599
17	3	5.283	0	0	0.8661
17	3	3.286	1	1	-0.1467
17	3	3.843	0	0	-0.03869
17	3	3.432	0	0	0.02238
17	3	5.274	0	0	-2.179
17	3	5.367	0	0	0.4769
17	3	5.167	1	1	-0.125
17	3	1.556	0	0	-0.9577
17	3	0.4492	1	1	1.038
17	3	2.136	0	0	-0.706
17	3	0.9173	1	1	0.1968
17	3	0.5063	0	0	1.875
17	3	1.988	0	0	1.418
17	3	0.8076	1	1	0.4453
17	3	3.488	1	1	0.08593
17	3	0.4602	1	1	0.8973
17	3	3.475	0	0	-1.085
17	3	0.8604	1	1	-0.02537
17	3	3.25	1	1	0.7607
17	3	0.985	0	0	1.899
17	3	0.6964	1	1	0.182
17	3	5.192	1	1	-0.4572
17	3	1.119	1	1	0.2172
17	3	0.4396	0	0	-0.408
17	3	0.9151	1	1	-0.9608
17	3	3.634	1	1	0.1384
17	3	5.367	1	1	0.6823
17	3	3.664	0	0	-0.3578
17	3	2.02	0	0	2.323
17	3	0.5515	0	0	0.7056
17	3	0.4654	1	0	0.7499
17	3	0.9394	1	1	0.3411
17	3	1.612	0	0	0.7534
17	3	5.321	1	1	0.1769
17	3	0.9589	1	0	0.3985
17	3	1.89	1	1	0.8444
17	3	2.044	0	0	1.201
17	3	0.5175	0	0	1.473
18	3	1.126	0	0	1.414
18	3	1.315	0	0	1.091
18	3	0.6172	1	1	2.08
18	3	1.487	1	1	1.739
18	3	0.471	1	0	0.4441
18	3	3.554	1	1	0.09139
18	3	0.8168	0	0	0.978
18	3	1.568	0	0	0.2823
18	3	3.368	0	0	-0.52
18	3	5.413	1	1	0.7124
18	3	3.672	0	0	-0.4664
18	3	5.651	1	1	0.414
18	3	3.744	1	1	0.5457
18	3	5.576	0	0	-0.06898
18	3	3.313	0	0	0.6899
18	3	2.01	0	0	0.3688
18	3	0.4154	1	1	0.6279
18	3	0.4206	1	0	0.04775
18	3	1.254	1	0	-0.392
18	3	0.3641	1	1	0.2644
18	3	0.2794	0	0	-1.307
18	3	1.012	1	1	-2.844
18	3	5.473	1	1	0.4508
18	3	1.812	1	1	-1.226
18	3	0.3581	1	1	-2.299
18	3	0.7347	1	1	0.7513
18	3	5.478	0	0	0.4069
18	3	5.356	1	1	-0.1599
18	3	0.4157	0	0	-0.3117
18	3	1.958	1	1	0.4388
18	3	0.07161	1	0	-0.9239
18	3	1.715	0	0	0.1213
18	3	3.289	0	0	0.2749
18	3	5.204	1	1	0.3286
18	3	5.848	0	0	-0.37
18	3	3.581	1	1	0.7168
18	3	1.184	0	0	-0.5574
18	3	1.923	0	0	-0.6039
18	3	5.271	0	0	0.4073
18	3	3.54	1	1	0.591
18	3	5.376	1	1	-0.3946
18	3	1.844	0	0	0.1368
18	3	3.532	0	0	-0.2606
18	3	0.7967	1	0	0.2056
18	3	1.883	0	0	1.923
18	3	3.468	0	0	1.523
18	3	1.673	0	0	-1.407
18	3	0.9301	0	0	0.06346
18	3	1.08	1	1	-0.4137
18	3	0.6423	1	1	1.201
19	3	0.1783	0	1	2.862
19	3	0.7592	0	0	-2.168
19	3	0.3445	1	1	0.8079
19	3	2.054	1	0	0.8037
19	3	1.929	1	1	0.6249
19	3	5.854	1	1	-0.2198
19	3	1.146	0	0	0.8343
19	3	1.158	0	0	0.9867
19	3	1.651	1	1	0.8072
19	3	0.4895	1	1	1.424
19	3	3.385	0	0	2.878
19	3	0.4454	1	0	1.252
19	3	5.26	1	1	0.3276
19	3	3.313	0	0	-0.484
19	3	1.499	0	0	-3.021
19	3	3.637	0	0	0.2238
19	3	5.279	1	1	1.326
19	3	3.794	1	1	0.6355
19	3	2.053	0	0	0.6838
19	3	0.2599	0	1	1.499
19	3	5.752	1	1	-0.0886
19	3	0.8683	0	1	-0.1956
19	3	3.646	0	0	-1.246
19	3	0.9446	1	1	0.1744
19	3	1.888	1	1	0.5303
19	3	5.296	1	1	-0.1028
19	3	3.517	0	0	-0.9887
19	3	5.507	0	0	0.4766
19	3	2.037	1	1	-0.8417
19	3	0.6026	1	0	0.004427
19	3	2.213	1	1	-3.031
19	3	0.6023	0	0	-2.154
19	3	3.257	1	1	0.8567
19	3	5.48	0	0	-0.1277
19	3	5.312	0	0	0.7499
19	3	5.496	0	0	1.327
19	3	5.559	0	0	0.8333
19	3	0.3667	1	0	0.287
19	3	2.006	0	0	1.183
19	3	0.7022	0	0	-0.08275
19	3	3.29	1	1	0.6218
19	3	1.263	0	0	-0.3835
19	3	0.7017	1	1	0.7704
19	3	0.6169	1	0	0.7303
19	3	0.7319	1	1	-0.08956
19	3	0.2288	1	0	-1.483
19	3	1.843	0	1	0.5673
19	3	3.593	0	0	-1.104
19	3	3.292	0	0	-0.2044
19	3	0.9623	1	1	2.093
20	4	0.6515	1	0	-0.1707
20	4	5.323	0	0	-1.253
20	4	5.351	0	0	-0.902
20	4	0.4848	0	1	-1.158
20	4	1.782	0	0	-0.1622
20	4	0.5724	0	0	-1.626
20	4	5.296	0	0	0.9763
20	4	5.006	0	0	-2.408
20	4	1.743	0	0	-0.3554
20	4	0.4667	0	0	-2.676
20	4	1.47	1	0	-0.008751
20	4	5.642	1	1	-1.008
20	4	0.6211	1	1	-0.6954
20	4	0.2863	0	0	-0.2736
20	4	1.722	0	0	-0.2879
20	4	3.696	1	1	0.8794
20	4	5.377	1	0	1.297
20	4	0.3689	1	0	-0.7391
20	4	3.793	0	0	-0.1614
20	4	0.7801	1	0	-0.7217
20	4	0.1015	1	1	-0.8949
20	4	0.8706	1	1	-0.9521
20	4	3.756	0	0	-0.7289
20	4	5.164	0	0	-1.411
20	4	0.5098	1	1	-1.47
20	4	3.148	1	1	1.103
20	4	5.579	0	0	-0.9516
20	4	3.707	1	1	-0.983
20	4	0.637	0	0	-0.7438
20	4	1.866	1	1	0.5051
20	4	0.7828	1	0	-0.4173
20	4	0.7838	0	0	-3.46
20	4	2.12	0	1	0.3366
20	4	3.988	1	1	0.2199
20	4	0.7266	0	0	-1.073
20	4	1.079	0	0	-0.1228
20	4	0.9666	1	1	1.414
20	4	1.943	0	0	-0.8587
20	4	0.9991	0	0	0.234
20	4	1.662	1	1	0.3537
20	4	3.768	1	1	-1.333
20	4	1.943	0	0	-1.301
20	4	3.348	0	0	0.9268
20	4	3.646	1	1	-0.3609
20	4	5.409	0	0	0.4159
20	4	0.4086	1	0	-0.858
20	4	0.3794	1	1	-0.1848
21	4	0.3254	1	1	2.226
21	4	5.48	1	1	1.031
21	4	2.069	0	0	-0.3468
21	4	3.59	0	0	0.7926
21	4	3.479	1	1	-0.004057
21	4	3.574	0	0	1.865
21	4	0.3237	1	0	0.1466
21	4	0.8727	0	0	0.423
21	4	5.518	0	0	0.4044
21	4	5.054	1	1	0.8982
21	4	0.7003	0	0	-0.3474
21	4	0.8357	1	0	0.6645
21	4	0.8298	0	0	0.1622
21	4	5.419	0	0	-1.15
21	4	1.731	0	0	-0.1814
21	4	0.5647	0	0	-1.532
21	4	2.059	1	1	-0.2142
21	4	0.6622	1	1	0.9157
21	4	0.6312	1	1	0.1216
21	4	3.444	1	1	1.774
21	4	1.901	1	1	0.9553
21	4	5.13	1	1	2.238
21	4	2.131	1	1	2.12
21	4	0.4247	1	0	0.7983
21	4	0.6562	1	0	-0.1295
21	4	1.726	1	1	0.7332
21	4	3.864	0	0	0.1971
21	4	0.6362	0	0	0.5379
21	4	3.212	0	0	0.4713
21	4	5.38	1	1	-0.635
21	4	0.404	1	0	1.349
21	4	5.49	0	0	-0.4613
21	4	3.481	0	0	-0.7772
21	4	0.8449	1	1	-0.5054
21	4	1.549	0	0	-1.749
21	4	1.012	1	1	-0.5427
21	4	2.053	0	0	-0.5766
21	4	3.799	0	0	-0.7712
21	4	0.2663	1	0	1.879
21	4	3.094	0	0	0.6318
21	4	1.522	0	0	-2.026
21	4	0.9595	0	0	0.2651
21	4	5.351	1	1	-0.4406
21	4	0.7136	1	1	0.2942
21	4	5.192	0	0	0.283
21	4	0.9782	1	1	0.4999
21	4	1.988	0	1	0.8849
21	4	0.8617	1	1	0.4503
21	4	3.574	0	0	0.4356
21	4	5.184	0	0	-0.07284
22	4	1.987	0	0	2.698
22	4	1.638	0	0	0.1662
22	4	0.5488	0	0	1.05
22	4	3.793	0	0	0.176
22	4	0.1518	1	1	0.09466
22	4	1.691	1	1	-1.274
22	4	0.003528	1	1	0.1786
22	4	0.901	0	1	-1.404
22	4	0.7277	1	1	0.1607
22	4	1.775	1	1	1.931
22	4	5.505	0	0	1.144
22	4	5.238	1	1	0.9387
22	4	5.465	1	1	0.5381
22	4	0.9871	0	1	-0.3368
22	4	3.282	0	0	0.4014
22	4	0.816	1	0	0.5163
22	4	0.3062	0	0	-0.7054
22	4	0.8798	0	0	0.661
22	4	1.911	1	1	-0.3185
22	4	0.7556	0	0	0.5708
22	4	1.983	0	0	-0.2045
22	4	5.73	0	0	1.023
22	4	3.782	0	0	-0.08671
22	4	0.4198	0	0	0.2769
22	4	1.758	0	0	0.9204
22	4	3.775	0	0	0.2072
22	4	5.501	1	1	-0.09656
22	4	1.009	1	1	-0.2774
22	4	5.571	1	1	0.2549
22	4	1.656	0	0	0.4604
22	4	3.689	1	1	-2.132
22	4	1.784	0	0	0.7757
22	4	5.529	0	0	1.178
22	4	5.626	1	1	-1.214
22	4	0.9328	1	1	0.02137
22	4	0.3671	1	0	0.9643
22	4	3.493	0	0	0.8111
22	4	0.9189	1	1	-1.152
22	4	0.2382	0	0	0.9427
22	4	0.5366	1	1	0.6847
22	4	0.9344	0	0	0.8365
22	4	5.293	1	1	0.3211
22	4	3.519	0	0	-0.4602
22	4	3.701	1	1	-1.233
22	4	0.2519	1	1	-2.155
22	4	3.503	1	1	0.3249
22	4	1.343	1	1	0.09474
22	4	2.923	1	1	1.169
22	4	2.129	1	1	0.8374
22	4	5.738	0	0	0.4556
23	4	1.735	1	1	2.592
23	4	1.918	0	0	-0.4417
23	4	0.9095	1	0	0.5897
23	4	1.917	1	1	0.8272
23	4	1.794	1	1	0.0587
23	4	0.4401	1	1	0.05618
23	4	5.603	0	0	0.425
23	4	3.45	0	0	-0.194
23	4	5.779	0	0	0.03435
23	4	5.588	0	0	-1.073
23	4	2.15	0	0	-0.2863
23	4	5.492	1	1	0.4701
23	4	0.7369	0	0	0.3964
23	4	3.435	1	1	0.3981
23	4	0.03542	1	0	0.3186
23	4	3.299	1	1	0.6731
23	4	1.3	0	0	-0.08431
23	4	0.04608	1	1	0.4755
23	4	2.122	1	1	0.7917
23	4	5.407	1	1	0.5319
23	4	1.857	0	0	2.069
23	4	1.81	0	0	-1.891
23	4	2.046	1	1	0.6422
23	4	5.385	0	0	0.418
23	4	3.623	0	0	0.3981
23	4	5.68	1	1	0.1636
23	4	3.885	1	1	0.2149
23	4	0.1438	0	0	0.2523
23	4	3.861	1	1	0.5655
23	4	1.953	0	0	1.47
23	4	0.02368	0	0	1.621
23	4	0.6912	0	0	1.113
23	4	4.937	1	1	-2.44
23	4	5.051	1	1	0.1991
23	4	0.4805	1	0	-0.9597
23	4	3.505	0	0	0.5288
23	4	0.2645	0	0	0.8531
23	4	0.9611	0	0	-1.513
23	4	3.661	1	1	0.5272
23	4	0.8095	0	0	0.7989
23	4	0.6799	1	0	-0.7783
23	4	0.7454	0	1	-1.54
23	4	0.5437	1	1	0.8693
23	4	1.162	1	1	-0.462
23	4	3.351	0	0	1.468
23	4	4.039	0	0	1.415
23	4	0.5654	0	1	0.6209
23	4	5.612	0	0	0.4334
23	4	0.9639	1	0	-0.1176
23	4	0.6806	1	1	-0.4163
24	4	0.4804	0	0	2.214
24	4	3.642	0	0	-0.6313
24	4	0.9749	1	1	0.8152
24	4	1.046	0	1	0.7153
24	4	3.557	1	1	-1.147
24	4	0.6206	0	0	-0.6549
24	4	1.711	0	0	-0.07443
24	4	3.074	1	1	-0.1444
24	4	5.423	1	1	0.1507
24	4	1.786	1	1	-1.284
24	4	3.354	0	0	-0.1808
24	4	2.131	0	0	0.1007
24	4	3.499	1	1	0.3631
24	4	0.854	1	1	0.7173
24	4	1.525	1	1	0.4378
24	4	0.6308	0	0	0.9433
24	4	0.4065	0	0	0.4456
24	4	5.078	1	1	0.346
24	4	5.868	0	0	0.02305
24	4	1.925	1	1	-0.1622
24	4	5.461	0	0	-0.1376
24	4	3.733	0	0	0.8568
24	4	1.868	0	0	0.6991
24	4	2.008	0	1	1.684
24	4	0.6889	0	1	0.9091
24	4	3.701	1	1	0.9638
24	4	1.006	0	0	-0.4647
24	4	3.477	1	1	1.164
24	4	5.133	1	1	0.8307
24	4	0.7976	0	0	-0.1813
24	4	5.46	0	0	0.1983
24	4	0.4349	0	1	1.131
24	4	0.2451	1	1	1.128
24	4	0.8228	0	0	-0.02581
24	4	0.6417	1	1	0.2404
24	4	5.953	1	1	-1.729
24	4	3.316	1	1	2.141
24	4	0.1111	0	0	-0.5475
24	4	0.7467	1	1	1.012
24	4	0.5299	1	1	0.2404
24	4	5.13	1	1	0.9703
24	4	0.6794	1	1	-1.229
24	4	3.938	1	1	1.402
24	4	1.741	1	1	0.5047
24	4	5.365	0	0	-1.206
24	4	1.096	0	0	-0.9672
24	4	2.047	0	0	-1.303
24	4	0.6616	1	0	1.067
24	4	5.703	1	1	-0.1448
24	4	1.717	0	0	0.5483
25	4	5.501	1	1	0.6213
25	4	0.6075	0	0	0.5939
25	4	1.914	1	1	-0.03362
25	4	3.875	1	1	-0.781
25	4	5.146	1	1	0.1571
25	4	0.8474	1	0	-0.09568
25	4	5.172	1	1	-0.4101
25	4	0.8291	1	1	0.1605
25	4	1.01	0	0	0.3386
25	4	3.552	0	0	-0.5942
25	4	0.9464	1	0	0.3572
25	4	0.683	0	0	-1.31
25	4	3.489	0	0	1.416
25	4	0.9367	0	0	-0.33
25	4	5.354	1	1	-0.5187
25	4	1.047	0	0	-0.7012
25	4	1.81	1	1	-2.82
25	4	3.702	0	0	0.06864
25	4	0.6003	0	0	0.2781
25	4	0.5768	1	1	-2.063
25	4	3.502	1	1	2.424
25	4	5.474	0	0	-1.722
25	4	0.8734	0	1	-1.693
25	4	0.4477	1	1	0.6428
25	4	0.9707	1	0	1.38
25	4	1.898	1	1	0.8351
25	4	1.817	0	0	0.8203
25	4	0.7818	1	1	0.9685
25	4	1.634	0	0	0.6613
25	4	1.913	0	0	1.21
25	4	5.499	0	0	0.4865
25	4	5.384	0	0	-0.03794
25	4	3.503	0	0	-0.3831
25	4	3.927	1	1	0.1567
25	4	1.63	1	1	-0.1815
25	4	3.676	0	0	-3.096
25	4	5.519	0	0	-0.8416
25	4	0.5343	1	1	0.7668
25	4	1.879	0	0	1.012
25	4	0.7375	0	0	0.7891
25	4	3.566	0	0	0.3071
25	4	0.4948	1	1	0.6085
25	4	5.591	1	1	0.6228
25	4	1.185	0	0	1.279
25	4	1.376	1	1	0.4423
25	4	5.25	1	1	1.449
25	4	1.17	0	0	0.1645
25	4	0.3961	0	0	0.3055
25	4	1.544	1	1	1.216
25	4	3.355	1	1	0.1567
26	4	5.228	0	0	1.432
26	4	5.799	0	0	0.3699
26	4	1.993	0	0	0.6687
26	4	1.087	0	0	1.353
26	4	3.716	0	0	0.1308
26	4	5.382	1	1	-0.6776
26	4	2.082	1	1	0.0708
26	4	0.185	1	0	-0.2153
26	4	1.829	0	0	-0.5439
26	4	1.81	0	0	0.2678
26	4	0.4464	0	0	0.07371
26	4	0.7188	1	1	0.7485
26	4	1.936	0	0	-0.6854
26	4	3.91	1	1	-0.362
26	4	3.714	0	0	0.1645
26	4	5.502	0	0	-0.1708
26	4	0.721	0	0	0.353
26	4	0.5783	1	0	0.9421
26	4	3.766	0	0	-1.56
26	4	0.7845	1	0	-1.29
26	4	0.4012	0	0	-1.042
26	4	0.3904	1	1	1.126
26	4	3.562	1	1	0.2188
26	4	5.731	1	1	0.5851
26	4	0.9435	1	1	1.093
26	4	0.4567	0	0	0.6476
26	4	3.711	0	0	-0.02678
26	4	5.779	0	0	-1.64
26	4	0.453	1	1	0.8074
26	4	1.829	0	0	-2.102
26	4	0.5622	1	0	0.2353
26	4	0.8936	0	0	-1.751
26	4	3.9	0	0	0.3682
26	4	5.53	1	1	-0.4949
26	4	3.831	1	1	0.6368
26	4	0.6113	0	0	-0.2447
26	4	0.5719	0	1	0.03143
26	4	1.825	1	1	-0.8459
26	4	5.184	0	0	0.9061
26	4	1.569	1	1	0.8985
26	4	0.06516	0	1	0.5364
26	4	3.372	1	1	-0.7602
26	4	5.291	1	1	0.3011
26	4	3.762	1	1	-0.2358
26	4	1.596	1	1	0.07595
26	4	0.4997	1	1	-0.06908
26	4	1.883	1	1	-0.1779
26	4	5.404	0	0	2.063
26	4	1.725	0	0	0.464
26	4	0.8713	1	1	-3.313
27	4	5.343	1	1	0.3143
27	4	0.6931	0	0	0.4807
27	4	2.211	0	0	-0.6761
27	4	1.99	0	0	0.364
27	4	0.9586	0	0	-0.8028
27	4	0.7597	0	1	-0.5744
27	4	0.8095	0	1	-0.4134
27	4	0.8966	1	0	-1.444
27	4	0.6309	1	0	-0.9121
27	4	1.518	0	0	1.109
27	4	5.446	1	1	0.4725
27	4	0.8668	1	1	-0.2019
27	4	0.4935	0	0	-0.2862
27	4	1.697	1	1	0.8408
27	4	3.456	1	1	-0.8432
27	4	0.3692	1	0	-0.1102
27	4	3.757	0	0	0.09917
27	4	5.138	0	0	1.883
27	4	0.9967	1	0	-1.765
27	4	0.5395	1	0	-1.04
27	4	3.281	0	0	0.3704
27	4	0.3608	1	1	1.536
27	4	3.281	1	1	0.6902
27	4	5.683	1	1	0.1837
27	4	3.27	0	0	-0.1929
27	4	5.494	1	1	-2.244
27	4	0.5727	1	0	0.6468
27	4	3.262	1	1	-0.4462
27	4	5.29	0	0	1.115
27	4	0.5139	1	1	-1.054
27	4	5.341	1	1	-0.5438
27	4	3.694	1	1	-0.0591
27	4	3.692	0	0	1.224
27	4	0.6038	0	0	-2.32
27	4	3.207	0	0	0.1936
27	4	1.772	1	1	-2.297
27	4	5.64	0	0	-0.4762
27	4	5.181	0	0	0.2561
27	4	1.805	1	0	0.5639
27	4	2.035	0	0	-1.203
27	4	1.828	0	0	-1.081
27	4	3.962	1	1	0.9343
27	4	1.919	0	0	-0.4319
27	4	0.9287	1	1	0.5373
27	4	0.5604	0	1	-2.2
27	4	1.741	0	0	-1.718
27	4	0.811	1	1	0.7267
27	4	0.4659	0	0	-0.1278
27	4	0.9975	0	0	0.04944
27	4	5.298	0	0	0.6838
28	4	0.9711	1	1	1.508
28	4	0.7846	1	1	0.1523
28	4	1.127	1	0	2.44
28	4	5.413	0	0	0.266
28	4	0.846	1	1	0.9221
28	4	0.5274	0	0	-1.018
28	4	3.704	1	1	1.987
28	4	1.892	1	1	1.531
28	4	0.7292	0	1	0.6882
28	4	0.3227	0	0	-0.7983
28	4	1.499	1	1	0.7705
28	4	0.7203	0	0	-0.7556
28	4	3.573	0	0	1.158
28	4	0.439	0	0	0.6913
28	4	5.27	0	0	0.1956
28	4	1.021	0	0	1.11
28	4	2.03	0	0	-0.5615
28	4	5.276	1	1	-1.009
28	4	0.2713	1	1	0.7856
28	4	1.048	0	0	1.024
28	4	3.413	0	0	0.3546
28	4	3.519	0	0	0.2637
28	4	5.323	0	0	-0.8352
28	4	3.143	1	1	0.677
28	4	5.015	0	0	1.378
28	4	3.454	1	1	0.1192
28	4	0.7589	0	0	0.4932
28	4	5.356	1	1	-0.2422
28	4	1.786	0	0	-0.2294
28	4	1.65	1	1	0.4072
28	4	3.239	0	0	0.6129
28	4	3.416	1	1	0.6918
28	4	0.2731	0	0	0.7159
28	4	1.962	0	0	0.00972
28	4	5.72	1	1	0.433
28	4	1.208	1	1	-0.3406
28	4	5.499	1	1	0.653
28	4	1.717	1	1	0.4433
28	4	1.67	1	1	2.776
28	4	5.492	1	1	-1.316
28	4	0.3906	0	1	0.3987
28	4	5.487	0	0	0.5602
28	4	3.397	0	0	0.05921
28	4	1.793	0	1	1.439
28	4	3.951	1	1	0.1403
28	4	0.4802	1	0	-0.491
28	4	1.972	1	1	-0.06382
28	4	0.7645	1	1	0.5739
28	4	0.8161	1	1	0.6224
28	4	0.8117	0	0	-1.622
29	4	0.8989	0	0	2.411
29	4	3.276	0	0	-0.8693
29	4	1.827	1	1	-0.863
29	4	3.801	1	1	0.6665
29	4	3.455	1	1	0.7221
29	4	5.541	1	1	0.3893
29	4	3.723	0	0	-0.9204
29	4	1.954	1	1	1.66
29	4	1.672	0	0	0.4999
29	4	1.148	1	1	1.24
29	4	0.3713	1	0	1.832
29	4	0.7922	1	1	-2.528
29	4	0.5951	1	1	0.8878
29	4	0.6777	1	0	0.8883
29	4	0.521	1	1	-0.142
29	4	1.682	0	0	-1.166
29	4	1.031	1	0	0.1003
29	4	5.459	0	0	0.2058
29	4	5.295	0	0	-0.5583
29	4	5.296	1	1	0.4867
29	4	5.688	1	1	-0.6795
29	4	1.915	0	0	0.3204
29	4	3.569	0	0	0.9686
29	4	3.361	1	1	-0.285
29	4	5.263	0	0	1.125
29	4	0.5322	1	1	-1.075
29	4	5.418	0	0	0.09097
29	4	5.743	1	1	-0.03843
29	4	5.516	1	1	-0.1048
29	4	5.427	0	0	0.04896
29	4	0.8934	0	0	-1.793
29	4	2.066	0	0	-0.07966
29	4	0.2636	0	1	-1.778
29	4	0.727	0	0	0.6735
29	4	1.948	0	0	-0.5119
29	4	0.4418	0	0	-0.332
29	4	3.847	0	0	-0.3811
29	4	2.005	0	0	0.0735
29	4	0.6059	0	1	0.9602
29	4	0.9584	1	0	0.0749
29	4	1.704	0	0	-0.3929
29	4	0.7364	0	0	0.1578
29	4	3.925	1	1	0.5915
29	4	0.5714	0	0	0.01219
29	4	3.718	1	1	-0.3659
29	4	1.549	0	0	1.119
29	4	0.7367	1	0	0.1426
29	4	3.435	1	1	-0.02952
29	4	0.6405	1	1	1.146
29	4	0.7712	0	0	-1.281
30	5	3.585	1	0	1.015
30	5	3.586	1	1	0.1865
30	5	0.234	1	0	0.5744
30	5	3.769	0	0	0.4042
30	5	0.4948	0	0	-0.395
30	5	1.192	1	0	-0.6101
30	5	0.8901	0	1	-0.6512
30	5	1.286	1	1	-0.2368
30	5	0.553	0	0	0.4619
30	5	0.4466	0	0	-1.323
30	5	5.47	1	1	-1.25
30	5	3.783	1	1	0.9242
30	5	1.528	1	1	1.24
30	5	0.8663	0	0	-1.921
30	5	2.023	0	0	-2.201
30	5	5.733	1	1	0.02748
30	5	0.1847	1	1	-0.8783
30	5	3.784	1	1	0.3633
30	5	0.658	0	0	-3.201
30	5	5.591	1	1	-0.4607
30	5	5.386	0	0	-1.032
30	5	1.835	1	0	0.1732
30	5	1.746	1	1	0.4125
30	5	1.861	0	0	0.2537
30	5	5.272	0	0	-0.5232
30	5	0.4991	0	1	0.8692
30	5	3.589	0	0	-0.6987
30	5	0.769	1	0	-0.2815
30	5	5.715	0	0	0.1211
30	5	0.5997	0	0	-0.562
30	5	3.756	0	0	-0.5688
30	5	5.659	1	1	-0.7163
30	5	0.301	0	1	-0.7534
30	5	0.465	1	0	-1.024
30	5	3.502	0	0	-0.005394
30	5	5.354	1	1	-0.2585
30	5	3.28	0	0	1.949
30	5	0.489	0	1	1.058
30	5	1.702	1	0	0.02358
30	5	1.486	1	1	0.5918
30	5	0.6436	1	1	0.8626
30	5	5.112	0	0	0.6378
30	5	0.4275	1	0	0.3668
30	5	3.75	0	0	-0.08211
30	5	5.596	0	0	0.5075
30	5	1.787	0	0	1.061
30	5	0.1849	0	1	1.159
30	5	1.887	0	0	-0.9568
30	5	1.898	1	1	1.575
30	5	0.306	1	1	1.988
31	5	5.326	1	1	0.6982
31	5	3.898	0	0	1.44
31	5	3.544	0	0	-0.223
31	5	5.3	0	0	0.8564
31	5	2.013	1	1	0.5555
31	5	0.7231	1	1	0.4577
31	5	1.672	0	0	1.074
31	5	5.126	1	1	0.7796
31	5	3.928	1	1	1.712
31	5	5.203	0	0	1.036
31	5	0.7574	1	0	1.571
31	5	1.684	0	0	-0.4791
31	5	0.9824	1	1	1.107
31	5	1.458	1	1	1.801
31	5	0.4641	0	1	1.342
31	5	1.073	0	1	0.9069
31	5	0.9062	1	0	0.6132
31	5	3.659	1	1	1.191
31	5	3.509	0	0	-0.7314
31	5	1.072	0	0	0.03289
31	5	0.8605	1	1	-1.534
31	5	1.466	0	0	0.5565
31	5	0.5801	0	1	-0.9324
31	5	3.12	1	1	1.363
31	5	5.369	1	1	-0.4777
31	5	0.3698	1	1	0.3091
31	5	5.377	1	1	-0.2221
31	5	0.409	1	1	-0.3191
31	5	5.134	1	1	0.488
31	5	3.781	0	0	-0.6479
31	5	3.734	0	0	0.2045
31	5	1.742	1	1	0.2353
31	5	5.245	1	1	0.2807
31	5	1.293	1	1	1.128
31	5	5.237	0	0	0.08563
31	5	1.056	0	1	0.2414
31	5	0.1872	1	1	0.6545
31	5	0.5572	0	0	-0.2765
31	5	0.651	0	1	-0.2953
31	5	1.831	1	1	0.6434
31	5	0.7463	0	0	-0.0797
31	5	5.279	0	0	-0.2781
31	5	3.611	1	1	-0.503
31	5	0.844	1	0	1.574
31	5	1.192	1	1	1.993
31	5	1.007	0	0	0.1894
31	5	1.868	0	1	-0.8935
31	5	1.717	1	1	-0.1762
31	5	0.4339	0	0	-2.065
31	5	3.608	0	0	-0.511
32	5	0.6341	0	1	1.89
32	5	3.554	0	0	0.5826
32	5	3.537	0	0	-0.8565
32	5	5.178	1	1	-0.7172
32	5	5.269	0	0	1.343
32	5	1.744	1	1	0.8442
32	5	0.5382	0	1	0.5001
32	5	0.6681	1	1	-1.115
32	5	3.66	1	1	0.6624
32	5	3.597	1	1	-0.2517
32	5	0.9974	0	0	-1.494
32	5	3.635	1	1	-0.449
32	5	5.212	0	0	-0.3132
32	5	3.462	0	0	0.2186
32	5	0.5957	1	1	0.5811
32	5	0.821	1	1	-0.5463
32	5	1.877	0	0	-0.5369
32	5	3.617	0	0	-0.3814
32	5	0.8879	0	1	0.6382
32	5	0.7271	0	0	-0.5572
32	5	0.9436	1	1	0.3802
32	5	1.66	1	1	0.02027
32	5	0.4993	1	1	-2.293
32	5	1.243	0	0	-0.5065
32	5	0.9885	1	1	-0.4914
32	5	1.05	1	1	1.869
32	5	0.3939	0	1	1.049
32	5	1.809	1	1	-1.749
32	5	2.093	1	0	-4.59
32	5	5.442	0	0	-1.325
32	5	0.4446	0	0	0.2863
32	5	1.632	1	0	1.257
32	5	0.6881	1	1	-0.2694
32	5	3.52	0	0	-1.087
32	5	1.633	0	0	1.276
32	5	0.2322	1	0	-0.517
32	5	0.3234	1	1	-0.3634
32	5	5.376	0	0	-0.1428
32	5	3.655	0	0	-0.4168
32	5	5.717	0	0	-0.1908
32	5	5.357	1	1	-0.7154
32	5	1.455	1	1	0.8122
32	5	5.667	1	1	1.642
32	5	1.836	0	0	0.1242
32	5	1.55	1	0	-1.334
32	5	4.037	1	1	0.4882
32	5	5.837	0	0	-1.041
32	5	5.444	1	1	0.8862
32	5	0.3618	1	1	-0.1663
33	5	5.626	0	0	0.3578
33	5	3.814	0	0	1.027
33	5	0.4668	1	1	0.5441
33	5	0.8408	0	0	0.7183
33	5	1.824	0	0	-0.6394
33	5	5.275	0	0	-0.1374
33	5	3.5	0	1	-1.879
33	5	5.118	1	1	-0.07837
33	5	3.823	1	1	0.5441
33	5	5.196	0	0	1.126
33	5	5.38	1	1	-0.5646
33	5	3.406	0	0	-0.9585
33	5	1.622	1	1	-0.2633
33	5	0.2551	0	0	2.054
33	5	1.99	1	1	0.18
33	5	0.5222	1	1	0.8076
33	5	0.9787	1	0	-0.7278
33	5	1.764	1	0	-1.129
33	5	0.8962	0	0	0.2119
33	5	5.215	1	1	0.0778
33	5	3.943	0	0	-1.536
33	5	1.875	0	0	-0.273
33	5	0.3085	1	1	1.268
33	5	3.669	1	1	0.5817
33	5	0.7912	1	1	-0.4257
33	5	0.8325	0	0	0.3147
33	5	3.722	1	1	1.299
33	5	0.0889	1	0	-0.5873
33	5	0.396	0	1	-1.262
33	5	1.793	1	0	0.2482
33	5	0.6942	0	0	0.0969
33	5	5.139	0	0	-0.3305
33	5	0.7749	0	0	2.085
33	5	1.059	0	0	0.8535
33	5	5.726	0	0	-0.6336
33	5	3.521	1	1	0.6535
33	5	3.685	1	1	-0.191
33	5	0.9386	1	0	1.911
33	5	1.772	1	1	-0.1449
33	5	1.063	0	0	0.6575
33	5	1.504	1	1	0.2115
33	5	1.393	1	1	1.506
33	5	1.739	0	0	1.057
33	5	0.5222	0	0	1.48
33	5	5.535	1	1	0.9906
33	5	0.7999	1	1	-0.3993
33	5	3.735	1	1	0.7555
33	5	5.166	0	0	-1.083
33	5	1.025	0	0	1.275
33	5	0.7426	0	0	-1.099
34	5	0.705	0	1	1.4
34	5	3.279	1	0	1.494
34	5	0.7928	1	1	-0.8681
34	5	5.245	1	1	0.501
34	5	5.372	0	0	0.0215
34	5	5.757	0	0	-0.1149
34	5	5.329	0	0	0.7412
34	5	5.334	0	0	-1.076
34	5	0.7753	0	1	0.346
34	5	3.646	0	0	0.1602
34	5	5.067	1	1	0.331
34	5	1.761	1	1	0.4712
34	5	1.467	0	0	0.2325
34	5	0.9115	0	1	-2.627
34	5	3.454	1	1	-0.6253
34	5	0.9348	1	1	-0.3111
34	5	0.8748	1	1	-1.029
34	5	0.1175	1	0	-0.756
34	5	3.649	0	0	-0.4928
34	5	2.075	1	1	0.8772
34	5	5.282	1	1	-0.867
34	5	0.7563	1	0	1.74
34	5	5.3	1	1	-0.6942
34	5	3.478	0	0	-0.06562
34	5	0.7786	0	0	0.0276
34	5	0.7321	0	1	0.5908
34	5	3.471	1	1	0.5493
34	5	0.8849	1	0	-0.1011
34	5	5.447	1	1	-0.8386
34	5	1.407	0	0	0.23
34	5	0.6368	1	0	-0.4612
34	5	3.713	0	0	-0.831
34	5	1.542	0	0	-2.037
34	5	3.186	1	1	-1.648
34	5	2.03	0	0	0.7407
34	5	0.5574	0	0	-2.393
34	5	3.848	1	1	-0.6136
34	5	0.1874	1	0	-0.3382
34	5	1.76	1	1	-0.8329
34	5	3.525	0	0	0.3114
34	5	1.058	0	1	0.5194
34	5	1.879	1	1	0.5478
34	5	1.367	0	0	-0.3668
34	5	0.7052	1	1	-0.02124
34	5	0.2969	0	0	-0.2908
34	5	0.7199	1	1	-1.003
34	5	1.912	0	0	-0.4023
34	5	5.187	0	0	0.0684
34	5	0.07995	1	0	0.1515
34	5	0.685	0	0	-0.8107
35	5	5.652	1	1	-0.1189
35	5	3.338	0	0	-0.4093
35	5	5.554	1	1	0.3892
35	5	1.781	0	0	0.07593
35	5	3.732	0	0	-0.3128
35	5	5.432	0	0	-0.02584
35	5	1.677	1	1	-0.8132
35	5	1.672	0	0	-0.08815
35	5	2.092	0	0	0.3524
35	5	3.572	1	1	0.4134
35	5	5.547	1	1	-0.5316
35	5	5.524	0	0	1.943
35	5	5.436	0	0	-0.009137
35	5	0.694	1	1	0.07144
35	5	3.662	1	1	1.2
35	5	3.442	0	0	1.046
35	5	0.2351	0	0	0.9839
35	5	5.9	1	1	0.0338
35	5	1.253	0	0	-0.2067
35	5	3.668	1	1	-0.1909
35	5	5.198	1	1	-0.000865
35	5	1.862	0	0	-0.161
35	5	3.716	0	0	0.6816
35	5	2.252	1	0	0.247
35	5	0.5287	1	1	-0.2742
35	5	0.7503	1	1	0.5017
35	5	0.7968	0	0	-0.6171
35	5	0.1818	0	0	-0.6213
35	5	0.1175	1	1	0.3438
35	5	0.2037	0	0	-0.8143
35	5	0.8789	1	1	0.5561
35	5	1.889	0	0	1.616
35	5	3.732	0	0	0.3604
35	5	0.3974	1	0	-0.06038
35	5	1.017	1	0	-0.6313
35	5	1.832	1	1	0.01247
35	5	1.182	1	0	0.7496
35	5	0.6569	1	1	0.2657
35	5	1.192	1	1	1.237
35	5	2.009	0	0	-0.104
35	5	0.02853	0	0	-0.6031
35	5	0.844	0	1	-0.5494
35	5	3.642	0	0	-0.0406
35	5	5.439	0	0	-0.9326
35	5	0.4333	0	0	-1.297
35	5	0.5928	0	0	-0.7189
35	5	5.688	1	1	-0.6092
35	5	0.664	1	1	1.159
35	5	3.518	0	0	-0.2915
35	5	1.547	0	0	-1.544
36	5	1.114	0	0	1.34
36	5	3.723	1	1	-0.9496
36	5	1.003	1	1	0.2404
36	5	1.433	1	0	2.162
36	5	3.604	0	0	0.8404
36	5	2.177	0	0	-0.2299
36	5	0.8602	0	0	0.8618
36	5	1.495	1	1	1.819
36	5	1.343	1	1	1.255
36	5	0.5144	0	0	0.416
36	5	1.527	1	1	0.6608
36	5	5.31	1	1	0.7663
36	5	0.3211	1	1	0.2079
36	5	0.8622	1	0	1.209
36	5	1.083	1	1	2.336
36	5	3.953	0	0	0.03832
36	5	1.248	1	1	0.5191
36	5	0.3032	0	0	0.8105
36	5	0.4193	0	0	1.215
36	5	5.329	1	1	1.031
36	5	2.274	1	0	0.6856
36	5	0.9274	0	0	-0.5697
36	5	0.7155	0	1	0.5646
36	5	5.355	0	0	0.1339
36	5	2.082	1	1	0.7675
36	5	5.615	0	0	-0.7091
36	5	3.463	1	1	0.9246
36	5	1.508	0	0	-1.241
36	5	0.2683	0	0	-0.7374
36	5	0.4612	0	0	-0.4426
36	5	5.354	0	0	0.373
36	5	5.449	1	1	1.133
36	5	3.501	1	1	-1.238
36	5	3.213	0	0	0.07244
36	5	5.433	0	0	-0.2871
36	5	5.641	1	1	-0.2289
36	5	3.87	1	1	0.718
36	5	1.641	0	0	0.2593
36	5	1.629	1	1	-1.381
36	5	3.785	1	1	-0.04986
36	5	5.393	1	1	0.1021
36	5	0.5822	0	0	0.4949
36	5	1.213	1	1	0.3702
36	5	5.442	0	0	0.2397
36	5	0.7697	0	0	0.2567
36	5	1.389	0	1	0.09428
36	5	3.506	0	0	-0.6767
36	5	0.4285	0	0	-0.2663
36	5	3.521	1	1	-1.107
36	5	0.8164	0	0	-0.5855
37	5	1.925	0	0	0.5289
37	5	3.498	0	0	-0.462
37	5	5.443	0	0	-0.2362
37	5	1.686	1	1	0.5714
37	5	1.633	1	1	0.9472
37	5	1.905	1	1	0.6417
37	5	1.647	0	0	0.9702
37	5	5.614	1	1	-0.156
37	5	1.911	0	0	-0.5632
37	5	0.8904	1	0	0.2846
37	5	3.706	0	0	-0.5191
37	5	1.092	0	0	-2.462
37	5	1.013	1	1	0.789
37	5	3.485	1	1	-2.642
37	5	3.729	0	0	-0.1854
37	5	3.61	0	0	-0.01869
37	5	5.62	1	1	1.189
37	5	0.9989	0	0	-0.1253
37	5	0.08063	0	0	-0.3736
37	5	1.688	0	0	-0.3212
37	5	0.7915	0	1	0.9574
37	5	0.5716	1	1	0.3656
37	5	0.4091	0	0	0.1707
37	5	0.8217	1	1	-0.2126
37	5	3.601	1	1	0.1885
37	5	1.538	0	0	0.3569
37	5	5.204	0	0	-0.6388
37	5	5.981	1	1	0.4837
37	5	5.502	1	1	0.4973
37	5	0.8156	1	1	-0.7667
37	5	1.332	1	1	-0.2918
37	5	1.893	0	0	-0.3907
37	5	0.4158	1	1	-2.054
37	5	5.465	0	0	-2.167
37	5	0.713	0	1	-2.247
37	5	0.5052	1	0	-0.4317
37	5	0.3863	1	1	-0.4261
37	5	5.244	0	0	-0.2499
37	5	5.578	1	1	1.134
37	5	3.444	1	1	-0.4952
37	5	3.57	1	1	-0.2684
37	5	3.514	1	1	-0.6517
37	5	0.4848	0	0	0.4693
37	5	3.615	0	0	1.521
37	5	0.8762	1	1	1.401
37	5	5.54	1	1	0.4258
37	5	1.022	1	1	1.07
37	5	0.2308	0	1	-0.3904
37	5	0.4838	0	1	-0.1431
37	5	0.8409	0	0	-1.015
38	5	1.018	1	1	1.317
38	5	3.612	0	0	-0.2261
38	5	2.037	0	0	0.5484
38	5	1.684	1	1	-0.3491
38	5	0.9329	0	1	-0.4963
38	5	5.339	1	1	-0.4395
38	5	0.115	0	0	-0.5788
38	5	3.769	0	0	0.6413
38	5	0.4886	0	1	0.725
38	5	1.898	1	1	0.2042
38	5	2.092	0	1	-0.858
38	5	0.7946	1	1	-0.3269
38	5	0.3455	0	1	0.1491
38	5	3.727	0	0	-0.3113
38	5	1.16	0	0	0.7266
38	5	2.03	0	1	-1.771
38	5	5.213	0	0	-0.1052
38	5	5.302	1	1	0.5648
38	5	1.032	1	1	-2.585
38	5	5.772	0	0	0.3412
38	5	0.209	0	1	0.201
38	5	5.485	1	1	0.1309
38	5	5.476	1	1	-1.266
38	5	0.4472	1	1	0.3712
38	5	1.734	0	1	-0.1062
38	5	2.813	1	1	-0.6009
38	5	0.3787	0	1	0.9206
38	5	1.625	0	1	-0.1342
38	5	5.307	1	1	-0.1745
38	5	0.1111	0	1	-0.9625
38	5	5.432	0	0	-0.9128
38	5	4.215	1	1	0.2059
38	5	0.6628	1	0	0.3751
38	5	0.5166	1	0	-0.9151
38	5	1.094	1	1	-0.1849
38	5	3.877	0	0	0.6472
38	5	1.03	0	1	0.5531
38	5	0.08346	1	0	-0.6753
38	5	3.337	1	1	-0.9135
38	5	3.756	0	0	-0.365
38	5	1.893	1	1	-1.584
38	5	5.512	1	1	0.588
38	5	5.298	1	1	-0.3904
38	5	1.483	0	0	1.167
38	5	0.9587	1	1	-1.577
38	5	3.794	1	1	-1.587
38	5	0.8292	1	1	-0.8815
38	5	3.787	1	1	-1.036
38	5	2.037	0	0	-0.7306
38	5	1.125	0	1	-0.5462
39	5	5.538	1	1	0.687
39	5	3.633	0	0	-0.4512
39	5	1.831	1	1	1.225
39	5	0.5444	1	1	1.345
39	5	1.987	0	0	0.6988
39	5	1.875	0	0	-0.2666
39	5	0.1948	0	0	1.061
39	5	1.902	0	0	1.567
39	5	3.854	1	1	0.4246
39	5	0.1053	0	0	1.579
39	5	5.379	1	1	0.8897
39	5	1.676	1	1	-0.1515
39	5	3.938	0	0	0.7408
39	5	1.771	0	0	0.2584
39	5	3.547	0	0	0.5827
39	5	0.6711	0	0	0.614
39	5	0.1936	0	0	0.3422
39	5	3.022	1	1	0.5335
39	5	0.3652	1	0	0.9654
39	5	3.489	1	1	0.05644
39	5	0.4314	1	1	1.175
39	5	0.8868	1	1	0.8063
39	5	1.276	1	1	1.448
39	5	3.836	0	0	0.6139
39	5	5.503	0	0	1.568
39	5	5.301	1	1	0.2897
39	5	5.457	0	0	0.8025
39	5	5.445	1	1	-1.171
39	5	0.03751	0	0	1.34
39	5	0.5248	1	1	0.3317
39	5	0.6963	0	0	-0.05435
39	5	3.604	1	1	-0.1436
39	5	2.11	1	1	1.026
39	5	0.8145	0	0	1.232
39	5	1.08	1	1	1.113
39	5	3.358	0	0	-1.717
39	5	0.3239	1	1	-0.4359
39	5	0.9119	0	0	0.1635
39	5	5.32	0	0	0.75
39	5	0.6397	0	0	0.2496
39	5	2.015	0	0	0.4118
39	5	1.306	1	0	0.714
39	5	3.33	1	1	-0.9968
39	5	5.465	1	1	1.36
39	5	1.635	1	1	2.009
39	5	5.172	1	1	-0.5043
39	5	0.8594	1	1	0.8073
39	5	5.407	0	0	0.9239
39	5	1.63	0	0	-0.5936
39	5	0.3869	0	0	0.4157
40	6	0.881	0	1	1.155
40	6	5.301	0	0	-0.4132
40	6	5.418	0	0	-0.5111
40	6	3.834	1	1	1.333
40	6	0.5832	0	0	0.1016
40	6	0.3714	1	1	0.4688
40	6	0.2302	0	1	-0.7621
40	6	2.018	0	0	0.2328
40	6	3.566	1	1	-1.557
40	6	3.637	1	1	-2.014
40	6	5.426	1	1	0.9341
40	6	1.173	1	0	1.346
40	6	3.782	1	1	-0.5243
40	6	2.188	0	0	0.5397
40	6	0.5567	1	1	0.8757
40	6	0.8616	1	1	0.5447
40	6	5.135	0	0	0.5496
40	6	3.449	1	1	-2.046
40	6	1.013	1	1	-0.6064
40	6	1.934	0	0	0.2564
40	6	1.173	0	0	-1.959
40	6	5.588	0	0	-0.5631
40	6	0.8562	0	1	-1.82
40	6	3.259	1	1	0.2834
40	6	3.583	1	1	-0.5883
40	6	1.72	1	1	0.1515
40	6	1.824	0	0	-0.2171
40	6	3.756	1	1	-0.7049
40	6	0.5604	0	1	0.4891
40	6	1.46	0	1	0.1558
40	6	5.097	0	0	-0.4705
40	6	0.1934	0	0	0.436
40	6	0.8072	1	0	-0.7593
40	6	1.098	1	1	-0.2297
40	6	4.713	1	1	-0.0989
40	6	0.409	0	1	0.7953
40	6	3.789	1	1	0.4379
40	6	3.682	0	0	1.793
40	6	1.624	0	0	1.057
40	6	0.5751	1	1	0.3934
40	6	5.79	1	1	0.6328
40	6	0.6838	1	1	0.272
40	6	0.502	0	1	-0.6701
40	6	5.807	1	1	1.248
40	6	5.208	0	0	-1.477
40	6	1.504	0	0	0.08215
40	6	2.037	1	1	-0.6474
40	6	1.547	0	0	1.114
40	6	0.8322	0	0	-2.558
40	6	0.04262	1	1	1.103
41	6	5.388	0	0	0.6022
41	6	5.543	1	1	0.6301
41	6	2.002	0	0	-1.137
41	6	0.5758	1	1	-0.533
41	6	1.788	0	0	0.05147
41	6	1.495	0	0	1.052
41	6	1.931	1	1	0.8855
41	6	3.613	0	0	0.0954
41	6	1.855	1	1	1.334
41	6	5.418	0	0	0.4826
41	6	3.558	1	1	0.8124
41	6	5.052	1	1	0.6943
41	6	3.528	1	1	0.6321
41	6	0.6272	1	1	1.094
41	6	1.565	1	1	-1.291
41	6	0.5034	0	1	0.6016
41	6	0.7371	1	1	0.6095
41	6	1.831	0	0	-0.1323
41	6	0.9913	0	0	1.658
41	6	0.569	1	1	0.7276
41	6	3.474	0	0	1.189
41	6	1.981	1	1	0.2715
41	6	3.782	1	1	0.4016
41	6	0.8369	1	1	0.583
41	6	1.958	1	1	-0.284
41	6	0.9466	0	0	0.04786
41	6	0.2534	0	0	-0.9597
41	6	0.4013	0	1	0.677
41	6	1.564	0	0	-0.7431
41	6	0.4272	0	0	-0.5239
41	6	0.3451	0	0	1.409
41	6	3.324	1	1	-0.6373
41	6	3.708	1	1	0.03458
41	6	5.69	1	1	-0.5548
41	6	3.475	1	1	0.1612
41	6	5.611	1	1	0.2255
41	6	1.125	0	0	0.4843
41	6	0.9331	0	0	-0.24
41	6	0.7589	1	1	1.502
41	6	0.2567	1	1	-1.788
41	6	0.8031	0	0	0.3345
41	6	0.9335	1	1	0.08681
41	6	3.786	0	0	0.4249
41	6	4.875	0	0	1.21
41	6	0.4347	0	0	0.2277
41	6	0.5832	0	0	1.053
41	6	5.383	0	0	1.137
41	6	5.203	1	1	1.013
41	6	3.437	1	1	0.3828
41	6	5.42	0	0	0.4214
42	6	0.5112	1	1	3.056
42	6	5.426	0	0	0.3343
42	6	5.415	0	0	0.04277
42	6	5.277	0	0	1.707
42	6	0.5382	1	0	0.9218
42	6	2.038	1	1	0.7444
42	6	3.594	0	0	1.594
42	6	3.696	0	0	-0.1732
42	6	1.945	1	1	0.7692
42	6	0.2553	1	1	-0.9674
42	6	0.6095	0	0	0.7933
42	6	1.916	0	0	0.5759
42	6	0.9388	1	1	-0.11
42	6	5.093	0	0	-0.09728
42	6	0.9801	1	1	-1.126
42	6	3.298	0	0	0.7663
42	6	0.8169	0	0	0.1295
42	6	3.733	0	0	0.3087
42	6	0.8632	1	0	1.659
42	6	0.6344	0	1	-0.8605
42	6	0.5392	0	1	2.18
42	6	3.593	0	0	-0.1648
42	6	1.023	0	0	1.891
42	6	0.5971	0	0	0.1173
42	6	0.7942	0	1	0.983
42	6	0.4381	0	0	1.787
42	6	3.437	1	1	-0.3465
42	6	0.9	0	1	-2.338
42	6	5.442	0	0	0.6351
42	6	3.449	1	1	0.3617
42	6	0.5849	0	0	-1.163
42	6	1.994	1	1	0.2049
42	6	2.026	1	1	0.4814
42	6	5.56	0	0	-0.8192
42	6	5.541	1	1	-1.654
42	6	5.114	1	1	-0.01754
42	6	5.583	0	0	0.282
42	6	1.55	1	1	-2.49
42	6	3.272	1	1	-0.3782
42	6	0.3367	1	0	0.02496
42	6	1.941	1	1	-0.545
42	6	0.7417	1	1	-2.326
42	6	1.68	1	1	0.3548
42	6	5.399	0	0	-0.443
42	6	1.493	1	1	-1.409
42	6	3.489	1	1	1.068
42	6	0.7004	0	0	0.4303
42	6	2.014	1	1	0.1575
42	6	0.8978	1	0	0.9615
42	6	3.659	1	1	-0.5696
43	6	0.6302	1	0	1.268
43	6	1.919	0	0	0.2617
43	6	5.745	1	1	0.154
43	6	0.6029	1	1	0.3764
43	6	1.973	1	1	-0.3825
43	6	1.002	0	0	-1.56
43	6	0.9088	1	0	2.019
43	6	1.77	0	0	-1.258
43	6	3.603	0	0	0.3493
43	6	1.055	1	1	0.4764
43	6	3.78	0	0	-1.658
43	6	5.373	0	0	0.02993
43	6	1.846	1	1	-1.087
43	6	0.1929	1	1	-0.2271
43	6	5.709	1	1	0.8615
43	6	1.666	0	0	-2.643
43	6	5.712	0	0	0.1411
43	6	3.504	1	1	-0.1467
43	6	3.619	0	0	0.02907
43	6	3.429	0	0	0.4626
43	6	1.996	0	0	0.4445
43	6	0.9344	0	0	0.3613
43	6	3.678	0	0	0.6196
43	6	0.5056	1	0	0.7641
43	6	3.887	1	1	-0.1845
43	6	5.169	1	1	-0.9289
43	6	5.184	1	1	-1.354
43	6	1.947	0	0	-0.1792
43	6	5.681	0	0	-0.2762
43	6	0.9537	1	1	-1.096
43	6	1.052	0	0	-0.2552
43	6	0.07474	1	1	0.1453
43	6	5.402	0	0	0.7834
43	6	1.174	0	0	-0.1939
43	6	5.556	0	0	1.116
43	6	0.5186	0	1	1.116
43	6	1.812	0	0	-1.058
43	6	1.927	1	1	-0.423
43	6	0.9545	1	1	-0.03515
43	6	1.502	0	0	-0.08793
43	6	0.9009	1	1	-0.5967
43	6	3.691	1	1	-0.4518
43	6	0.4793	0	1	-0.4979
43	6	0.8695	1	1	0.7653
43	6	3.833	1	1	0.4294
43	6	5.654	1	1	0.383
43	6	0.4105	0	0	-1.232
43	6	0.733	1	1	-0.8051
43	6	3.453	1	1	-1.01
43	6	0.4023	0	1	-1.321
44	6	0.8656	0	0	-0.01694
44	6	0.3622	0	1	1.554
44	6	5.498	1	1	-2.937
44	6	0.4484	1	0	1.607
44	6	3.935	1	1	0.9292
44	6	0.584	1	1	1.331
44	6	1.858	1	1	0.976
44	6	5.55	0	0	0.5444
44	6	0.5174	0	1	0.9229
44	6	1.791	1	1	4.126
44	6	1.096	0	1	-1.446
44	6	0.3339	1	1	0.007294
44	6	0.5752	1	1	1.059
44	6	0.9972	1	1	1.152
44	6	1.722	0	0	0.6642
44	6	0.3042	0	0	0.4707
44	6	0.4138	1	0	1.573
44	6	5.342	0	0	-0.476
44	6	0.5269	1	1	0.4927
44	6	5.233	0	0	0.4942
44	6	1.853	1	1	0.852
44	6	1.087	0	0	1.889
44	6	1.104	0	0	0.9556
44	6	5.531	0	0	1.803
44	6	3.129	0	0	0.9045
44	6	5.625	0	0	-0.1386
44	6	1.827	1	1	0.2512
44	6	3.509	0	0	0.566
44	6	1.617	0	0	1.106
44	6	0.9588	1	0	0.3973
44	6	2.136	0	0	0.7838
44	6	1.505	0	0	0.6732
44	6	1.042	1	1	0.04224
44	6	3.638	0	0	-1.171
44	6	0.38	1	1	0.8387
44	6	0.6923	1	0	-0.04356
44	6	0.8062	1	1	-0.1389
44	6	3.289	1	1	0.4989
44	6	1.797	0	0	1.281
44	6	5.38	1	1	-0.06763
44	6	0.5683	1	1	0.2411
44	6	1.987	1	1	-0.0566
44	6	3.741	1	1	1.281
44	6	3.506	0	0	0.03656
44	6	5.176	1	1	-0.08004
44	6	3.579	0	0	0.2469
44	6	3.585	0	0	2.204
44	6	5.363	0	0	1.335
44	6	3.551	1	1	0.05326
44	6	5.663	1	1	-0.2634
45	6	0.5894	1	1	1.079
45	6	5.569	0	0	0.09391
45	6	0.4355	0	1	1.026
45	6	0.3681	1	1	0.2958
45	6	0.5171	1	0	1.411
45	6	0.8492	1	1	-0.3778
45	6	3.831	0	0	0.3159
45	6	5.318	1	1	0.2214
45	6	1.295	0	0	-0.6661
45	6	1.973	0	1	0.1377
45	6	5.707	1	1	0.6113
45	6	0.7828	0	1	1.552
45	6	0.5288	1	1	0.3089
45	6	1.524	0	1	-0.1957
45	6	5.539	1	1	0.2226
45	6	5.214	0	0	0.7019
45	6	1.995	0	0	0.03119
45	6	1.846	0	0	0.5519
45	6	1.299	1	1	0.3572
45	6	3.728	0	0	0.03404
45	6	0.8746	0	1	0.2833
45	6	0.8179	0	1	-0.001776
45	6	3.569	1	1	0.2525
45	6	5.046	0	0	-0.3245
45	6	1.027	0	1	1.409
45	6	3.799	1	1	-0.2499
45	6	3.751	1	1	0.4215
45	6	1.711	1	0	0.9343
45	6	3.417	1	1	-0.564
45	6	0.4494	1	1	0.07071
45	6	1.865	1	1	-0.3277
45	6	3.964	1	1	0.5987
45	6	0.3744	0	1	0.4402
45	6	0.5866	0	1	-0.5754
45	6	3.925	1	1	-0.6054
45	6	1.871	1	1	1.529
45	6	3.644	0	0	0.472
45	6	0.8626	1	1	-1.513
45	6	5.467	0	0	-0.1121
45	6	5.413	1	1	-0.4061
45	6	5.266	1	1	0.37
45	6	0.7499	0	1	1.313
45	6	1.493	0	0	-1.232
45	6	0.8373	0	0	0.5795
45	6	1.923	1	1	-0.04696
45	6	5.472	0	0	1.056
45	6	0.5237	0	0	0.1263
45	6	0.7671	0	1	-0.8596
45	6	1.717	0	0	-0.1606
45	6	3.42	1	1	-0.7474
46	6	0.4892	0	0	0.3478
46	6	2.087	0	0	0.2757
46	6	0.212	0	1	1.433
46	6	5.377	1	1	-0.9603
46	6	0.8118	1	1	1.198
46	6	0.8333	0	1	0.496
46	6	3.466	0	0	-0.5123
46	6	0.6234	1	1	-0.4144
46	6	3.772	1	1	-3.181
46	6	5.567	0	0	1.028
46	6	0.8957	0	0	0.5847
46	6	0.5049	0	0	0.8702
46	6	3.753	1	1	0.8737
46	6	5.952	1	1	0.8917
46	6	1.822	1	1	0.1161
46	6	3.565	1	1	-0.3477
46	6	0.7268	0	0	0.8223
46	6	3.619	0	0	-0.1102
46	6	0.06472	0	0	0.3485
46	6	0.7567	1	0	0.2807
46	6	5.507	1	1	-0.6754
46	6	3.689	0	0	-1.089
46	6	1	1	1	-0.6477
46	6	1.881	0	0	0.2603
46	6	0.3428	0	1	-1.159
46	6	1.796	1	1	0.01572
46	6	0.8281	0	0	0.2218
46	6	0.7746	1	1	0.817
46	6	5.348	1	1	-1.095
46	6	0.5091	1	1	-0.432
46	6	1.699	0	1	1.092
46	6	2.159	1	1	0.2489
46	6	5.556	1	1	-0.8489
46	6	3.494	0	0	0.1006
46	6	0.9519	1	1	0.1167
46	6	5.878	0	0	-1.053
46	6	1.5	1	1	0.1286
46	6	1.248	0	0	0.8563
46	6	3.496	0	0	0.9332
46	6	5.444	0	0	-0.09388
46	6	0.2643	1	1	0.2098
46	6	1.624	1	1	0.5285
46	6	3.702	0	0	0.5228
46	6	1.014	0	0	-0.5026
46	6	5.015	0	0	1.058
46	6	5.393	0	0	0.3122
46	6	1.653	1	1	-0.5978
46	6	3.833	0	0	0.5561
46	6	0.5232	1	0	-0.6985
46	6	1.734	1	1	-1.231
47	6	1.222	0	1	1.079
47	6	0.5485	1	0	-0.03851
47	6	3.443	1	1	0.4625
47	6	2.177	0	0	0.7325
47	6	1.842	0	0	1.016
47	6	0.3637	1	1	0.8716
47	6	5.029	0	0	0.3672
47	6	1.689	0	0	-0.4141
47	6	3.792	0	0	0.6553
47	6	0.6993	1	1	0.6936
47	6	0.7673	1	1	0.2539
47	6	0.7806	0	1	2.772
47	6	5.411	0	0	-0.4757
47	6	5.32	0	0	0.311
47	6	3.299	1	1	0.7298
47	6	0.5692	1	1	0.7144
47	6	1.729	1	1	0.1698
47	6	5.128	0	0	0.4997
47	6	3.41	0	0	-2.264
47	6	0.1358	0	1	-0.5224
47	6	0.327	0	1	0.8783
47	6	0.2991	1	1	0.5458
47	6	5.291	0	0	-0.1391
47	6	0.937	1	1	0.7081
47	6	1.666	1	1	-0.7876
47	6	3.385	1	1	0.5403
47	6	0.7549	1	1	-0.3528
47	6	0.7489	1	1	0.278
47	6	0.3704	0	0	-1.086
47	6	0.7658	1	1	-0.1653
47	6	5.183	1	1	-0.2227
47	6	3.805	0	0	0.9423
47	6	5.504	1	1	0.1017
47	6	1.709	1	1	0.4166
47	6	5.848	1	1	0.2576
47	6	0.711	1	1	-1.726
47	6	3.594	0	0	-0.1107
47	6	1.617	0	0	-0.699
47	6	0.6953	0	1	-0.966
47	6	1.694	1	1	-0.9852
47	6	0.6377	0	1	-0.3873
47	6	0.8383	1	1	-0.2402
47	6	3.497	0	0	-0.6206
47	6	3.691	0	0	-0.5365
47	6	0.6734	1	1	-0.111
47	6	1.827	0	0	-0.1704
47	6	3.887	1	1	0.4636
47	6	1.858	0	0	0.1933
47	6	5.428	0	0	-1.278
47	6	5.182	1	1	0.8267
48	6	1.776	1	1	0.8815
48	6	3.377	1	1	0.09329
48	6	0.6444	1	0	0.2581
48	6	1.853	1	1	-0.1161
48	6	3.664	1	1	0.06976
48	6	1.716	1	1	-0.1615
48	6	1.585	0	0	-0.4222
48	6	1.742	0	0	0.1423
48	6	5.32	0	0	0.164
48	6	5.008	1	1	-0.3977
48	6	0.9678	0	0	-0.3842
48	6	0.5192	0	1	-0.8716
48	6	5.253	0	0	-0.5965
48	6	0.5212	1	1	-0.423
48	6	3.481	1	1	1.928
48	6	1.716	0	0	-1.206
48	6	1.116	0	1	-0.2058
48	6	0.9443	1	1	-0.3355
48	6	3.692	1	1	-0.3792
48	6	3.578	0	0	-1.046
48	6	1.823	1	1	0.4366
48	6	0.5828	0	1	-0.7911
48	6	5.429	1	1	-1.332
48	6	5.34	1	1	-0.857
48	6	0.8016	0	0	0.9362
48	6	0.2622	1	1	1.062
48	6	3.867	0	0	-1.598
48	6	1.548	0	0	0.412
48	6	0.06284	1	0	1.178
48	6	5.581	0	0	1.695
48	6	1.59	1	1	-1.134
48	6	0.5254	0	0	-1.225
48	6	3.847	0	1	-1.775
48	6	1.6	1	1	-0.5736
48	6	3.69	1	1	0.3611
48	6	0.3796	1	1	1.45
48	6	0.6351	0	0	-1.137
48	6	0.7727	0	0	0.637
48	6	0.3038	0	1	0.2825
48	6	5.442	0	0	-1.331
48	6	0.7788	1	1	-1.77
48	6	5.395	1	1	-2.497
48	6	0.724	1	1	-0.9202
48	6	3.57	0	0	1.032
48	6	5.236	0	0	-0.7224
48	6	0.7943	0	0	-0.4622
48	6	3.476	1	1	-0.2398
48	6	5.45	1	1	0.653
48	6	0.738	0	0	-2.053
48	6	0.9242	1	1	0.5066
49	6	5.381	1	1	-1.448
49	6	5.572	0	0	0.2539
49	6	5.686	1	1	-0.6126
49	6	0.5127	1	0	-0.7802
49	6	3.34	1	1	0.2488
49	6	0.789	1	1	-0.641
49	6	0.06166	0	1	-0.2991
49	6	1.719	1	1	-0.791
49	6	0.8888	0	0	1.578
49	6	1.031	0	0	-2.62
49	6	1.839	1	1	0.2331
49	6	1.594	1	1	0.8212
49	6	0.3243	1	1	-0.05496
49	6	5.385	0	0	0.1052
49	6	1.109	0	0	-0.352
49	6	3.46	1	1	-1.045
49	6	3.478	1	1	-0.7521
49	6	1.839	0	1	-1.417
49	6	0.7769	0	0	0.3642
49	6	1.587	1	1	0.2755
49	6	0.6447	1	1	-0.9412
49	6	0.538	0	1	-1.526
49	6	0.7884	1	1	-0.6732
49	6	3.436	1	1	-0.1001
49	6	3.624	0	0	-0.3207
49	6	0.583	1	1	-0.1687
49	6	0.2985	1	0	-0.6585
49	6	3.449	1	1	-0.257
49	6	3.748	1	1	0.9854
49	6	3.681	0	0	-0.113
49	6	5.576	1	1	-0.628
49	6	0.2988	0	0	-2.594
49	6	0.796	0	1	-1.567
49	6	0.5334	1	0	0.06549
49	6	1.052	0	1	0.5215
49	6	5.391	0	0	-0.02908
49	6	3.474	0	0	-0.6411
49	6	1.59	0	1	1.089
49	6	0.5089	0	0	-0.6021
49	6	3.787	1	1	-0.3392
49	6	5.155	1	1	0.4436
49	6	0.7281	0	1	-0.5609
49	6	0.45	0	1	1.014
49	6	1.764	0	0	-2.728
49	6	1.422	0	0	-0.4814
49	6	5.282	0	0	-0.21
49	6	1.918	1	1	-0.9531
49	6	5.122	0	0	1.07
49	6	5.467	1	1	-0.7269
49	6	1.479	1	1	-0.385
