0	5	1.046	0	0
0	5	5.434	0	0
0	5	5.093	0	0
0	5	3.611	1	1
0	5	1.228	0	0
0	5	0.4889	1	0
0	5	0.5636	0	1
0	5	2.033	0	1
0	5	3.673	1	1
0	5	3.752	1	1
0	5	5.407	1	1
0	5	0.9518	1	1
0	5	3.494	1	1
0	5	1.751	0	0
0	5	0.6865	1	1
0	5	1.209	1	1
0	5	5.578	0	0
0	5	3.422	1	1
0	5	0.7401	1	0
0	5	1.931	0	0
0	5	5.199	0	0
0	5	0.9539	0	0
0	5	3.302	1	1
0	5	3.837	1	1
0	5	2.036	1	0
0	5	1.576	0	0
0	5	3.888	1	1
0	5	0.8555	0	0
0	5	1.559	0	0
0	5	5.272	0	0
0	5	0.1248	0	1
0	5	0.8814	1	0
0	5	1.219	1	0
0	5	5.363	1	1
0	5	0.6796	0	0
0	5	3.654	1	1
0	5	3.495	0	0
0	5	1.741	0	0
0	5	0.3715	1	1
0	5	5.548	1	1
0	5	1.062	1	0
0	5	0.5618	0	0
0	5	5.359	1	1
0	5	5.46	0	0
0	5	1.933	0	0
0	5	1.694	1	0
0	5	1.532	0	0
0	5	0.9375	0	0
0	5	0.5885	1	0
1	5	5.384	0	0
1	5	5.308	1	1
1	5	1.842	0	0
1	5	0.2136	1	1
1	5	1.816	0	0
1	5	1.778	0	0
1	5	1.767	1	1
1	5	3.521	0	0
1	5	1.738	1	1
1	5	5.106	0	0
1	5	3.668	1	1
1	5	5.264	1	1
1	5	3.773	1	1
1	5	0.9364	1	1
1	5	2.082	1	0
1	5	0.494	0	0
1	5	0.8734	1	1
1	5	1.365	0	0
1	5	0.7482	0	0
1	5	0.695	1	0
1	5	3.653	0	0
1	5	2.19	1	1
1	5	3.732	1	1
1	5	0.7001	1	0
1	5	1.903	1	1
1	5	0.8908	0	0
1	5	0.993	0	0
1	5	0.3398	0	1
1	5	1.833	0	0
1	5	0.2964	0	0
1	5	0.2593	0	1
1	5	3.777	1	1
1	5	3.707	1	1
1	5	5.143	1	1
1	5	3.713	1	1
1	5	5.484	1	1
1	5	0.774	0	0
1	5	0.8806	0	0
1	5	0.8807	1	0
1	5	0.7946	1	1
1	5	0.4719	0	0
1	5	0.8046	1	1
1	5	3.591	0	0
1	5	5.349	0	0
1	5	0.7539	0	0
1	5	0.6982	0	1
1	5	5.576	0	0
1	5	5.565	1	1
1	5	3.773	1	1
1	5	5.524	0	0
2	5	0.7317	1	1
2	5	5.185	0	0
2	5	5.28	0	0
2	5	5.334	0	0
2	5	0.5168	1	1
2	5	2.07	1	1
2	5	3.693	0	0
2	5	3.919	0	0
2	5	1.811	1	1
2	5	0.6232	1	1
2	5	0.5179	0	1
2	5	1.847	0	0
2	5	0.7374	1	1
2	5	5.248	0	0
2	5	1.081	1	1
2	5	3.836	0	0
2	5	1.059	0	0
2	5	3.222	0	0
2	5	0.8052	1	1
2	5	0.6185	0	1
2	5	0.3825	0	0
2	5	3.78	0	0
2	5	0.5122	0	0
2	5	0.2134	0	0
2	5	0.5796	0	0
2	5	0.2136	0	1
2	5	3.383	1	1
2	5	1.08	0	0
2	5	5.326	0	0
2	5	3.835	1	1
2	5	1.064	0	0
2	5	1.762	1	1
2	5	1.799	1	1
2	5	5.417	0	0
2	5	5.305	1	1
2	5	5.577	1	1
2	5	5.476	0	0
2	5	1.828	1	1
2	5	3.512	1	1
2	5	0.4448	1	1
2	5	2.103	1	1
2	5	0.8544	1	0
2	5	2.093	1	1
2	5	5.416	0	0
2	5	1.799	1	1
2	5	3.679	1	1
2	5	0.6159	0	1
2	5	1.896	1	1
2	5	0.842	1	1
2	5	3.647	1	1
3	5	1.565	0	0
3	5	5.198	1	1
3	5	0.3366	1	0
3	5	1.853	1	1
3	5	1.156	0	0
3	5	1.032	1	0
3	5	2.003	0	0
3	5	3.488	0	0
3	5	0.8052	1	1
3	5	3.368	0	0
3	5	5.181	0	0
3	5	2.243	1	1
3	5	0.6823	1	1
3	5	5.108	1	1
3	5	2.019	0	0
3	5	5.327	0	0
3	5	3.559	1	1
3	5	3.677	0	0
3	5	3.223	0	0
3	5	1.674	0	0
3	5	0.8095	0	0
3	5	3.601	0	0
3	5	0.3419	1	1
3	5	3.744	1	1
3	5	5.239	1	1
3	5	5.217	1	1
3	5	2.14	0	0
3	5	5.294	0	0
3	5	1.107	1	1
3	5	0.822	0	0
3	5	0.3121	1	1
3	5	5.54	0	0
3	5	1.003	0	0
3	5	5.229	0	0
3	5	0.64	0	0
3	5	1.623	0	0
3	5	1.738	1	1
3	5	0.9876	1	1
3	5	1.616	0	0
3	5	0.9139	1	1
3	5	3.496	1	1
3	5	0.18	0	0
3	5	1.148	1	1
3	5	3.538	1	1
3	5	5.452	1	1
3	5	0.4667	0	0
3	5	0.3673	1	0
3	5	3.36	1	1
3	5	0.2851	0	0
4	5	0.8061	0	0
4	5	0.1453	0	1
4	5	5.659	1	1
4	5	0.4272	1	0
4	5	3.687	1	1
4	5	0.589	1	0
4	5	1.769	1	1
4	5	5.301	0	0
4	5	0.7506	0	0
4	5	1.945	1	1
4	5	0.7333	0	0
4	5	0.3031	1	0
4	5	0.7717	1	1
4	5	1.057	1	1
4	5	1.811	0	0
4	5	0.7029	0	0
4	5	0.4899	1	0
4	5	5.336	0	0
4	5	0.2268	1	0
4	5	5.399	0	0
4	5	1.716	1	1
4	5	0.9995	0	0
4	5	0.9257	0	0
4	5	5.563	0	0
4	5	3.425	0	0
4	5	5.317	0	0
4	5	1.751	1	1
4	5	3.479	0	0
4	5	1.807	0	0
4	5	0.7239	1	1
4	5	1.785	0	0
4	5	1.697	0	0
4	5	0.8406	1	1
4	5	3.825	0	0
4	5	0.4146	1	0
4	5	0.5427	1	1
4	5	1.054	1	1
4	5	3.477	1	1
4	5	1.762	0	0
4	5	5.456	1	1
4	5	0.3932	1	0
4	5	1.74	1	0
4	5	3.79	1	1
4	5	3.734	0	0
4	5	5.271	1	1
4	5	3.825	0	0
4	5	3.634	0	0
4	5	5.514	0	0
4	5	3.838	1	1
4	5	5.542	1	1
5	5	0.8588	1	0
5	5	5.983	0	0
5	5	0.5019	0	0
5	5	0.5327	1	1
5	5	0.5702	1	0
5	5	1.076	1	0
5	5	3.061	0	0
5	5	5.012	1	1
5	5	0.8682	0	0
5	5	1.641	0	0
5	5	5.629	1	1
5	5	0.7714	0	0
5	5	0.5354	1	0
5	5	1.747	0	0
5	5	5.568	1	1
5	5	5.291	0	0
5	5	1.693	0	0
5	5	1.805	0	0
5	5	0.6985	1	0
5	5	3.473	0	0
5	5	0.7254	0	0
5	5	0.4429	0	0
5	5	3.816	1	1
5	5	5.333	0	0
5	5	0.956	0	0
5	5	3.307	1	1
5	5	3.456	1	1
5	5	1.709	1	1
5	5	3.413	1	1
5	5	0.7355	1	1
5	5	1.61	1	1
5	5	3.498	1	1
5	5	0.5082	0	0
5	5	0.4851	0	0
5	5	3.672	1	1
5	5	1.884	1	1
5	5	3.327	0	0
5	5	0.8292	1	1
5	5	5.178	0	0
5	5	5.104	1	1
5	5	5.546	1	1
5	5	0.8674	0	0
5	5	1.627	0	0
5	5	0.7291	0	0
5	5	1.711	1	1
5	5	5.424	0	0
5	5	0.3623	0	0
5	5	1.353	0	0
5	5	1.586	0	0
5	5	3.445	1	1
6	5	0.1095	0	0
6	5	1.617	0	0
6	5	0.8399	0	0
6	5	5.266	1	1
6	5	0.4606	1	0
6	5	0.5323	0	0
6	5	3.878	0	0
6	5	0.4012	1	1
6	5	3.276	1	1
6	5	5.417	0	0
6	5	1.081	0	0
6	5	0.3452	0	0
6	5	3.682	1	1
6	5	5.651	1	1
6	5	1.699	1	1
6	5	3.717	1	1
6	5	0.2886	0	0
6	5	3.491	0	0
6	5	0.4583	0	0
6	5	0.8409	1	0
6	5	4.957	1	1
6	5	3.139	0	0
6	5	1.185	1	0
6	5	1.992	0	0
6	5	0.6284	0	0
6	5	1.941	1	0
6	5	0.6239	0	0
6	5	0.7165	1	1
6	5	5.324	1	1
6	5	0.3933	1	1
6	5	1.917	0	0
6	5	1.626	1	1
6	5	5.653	1	1
6	5	3.564	0	0
6	5	0.9873	1	0
6	5	5.174	0	0
6	5	1.847	1	1
6	5	1.104	0	0
6	5	3.592	0	0
6	5	5.6	0	0
6	5	0.1106	1	0
6	5	1.989	1	1
6	5	3.264	0	0
6	5	0.9854	0	0
6	5	5.223	0	0
6	5	5.519	0	0
6	5	1.67	1	1
6	5	3.651	0	0
6	5	0.6515	1	1
6	5	2.17	1	1
7	5	0.6782	0	0
7	5	0.5669	1	0
7	5	3.227	1	1
7	5	1.713	0	0
7	5	1.943	0	0
7	5	0.2019	1	0
7	5	5.584	0	0
7	5	1.712	0	1
7	5	3.863	0	0
7	5	0.9775	1	1
7	5	0.9101	1	0
7	5	0.8688	0	0
7	5	5.422	0	0
7	5	5.273	0	0
7	5	3.457	1	1
7	5	0.5528	1	0
7	5	1.712	1	1
7	5	5.168	0	0
7	5	3.863	0	0
7	5	0.5633	0	0
7	5	0.3383	0	0
7	5	0.8634	1	1
7	5	5.337	0	0
7	5	0.6223	1	1
7	5	1.897	1	1
7	5	3.365	1	1
7	5	0.9982	1	1
7	5	1.291	1	1
7	5	0.452	0	0
7	5	0.682	1	1
7	5	5.661	1	1
7	5	3.438	0	0
7	5	5.122	1	1
7	5	1.619	1	1
7	5	5.178	1	1
7	5	0.8883	1	1
7	5	3.733	0	0
7	5	2.128	0	0
7	5	0.6585	0	0
7	5	1.758	1	1
7	5	0.1858	0	0
7	5	1.039	1	1
7	5	3.555	0	0
7	5	3.526	0	0
7	5	0.7686	1	0
7	5	1.595	0	0
7	5	3.701	1	1
7	5	1.703	0	0
7	5	5.33	0	0
7	5	5.281	1	1
8	5	1.565	1	1
8	5	3.44	1	1
8	5	3.583	1	1
8	5	1.532	1	0
8	5	1.884	0	0
8	5	1.612	0	0
8	5	5.828	0	0
8	5	5.303	1	1
8	5	1.011	0	0
8	5	0.3875	0	0
8	5	5.562	0	0
8	5	0.5434	1	1
8	5	3.59	1	1
8	5	1.882	0	0
8	5	1.005	0	1
8	5	1.112	1	1
8	5	3.397	1	1
8	5	3.729	0	0
8	5	1.743	1	1
8	5	0.5581	0	0
8	5	5.522	1	1
8	5	5.413	1	1
8	5	0.8047	0	0
8	5	0.492	1	0
8	5	3.731	0	0
8	5	1.995	0	0
8	5	0.5642	1	1
8	5	5.699	0	0
8	5	1.868	1	1
8	5	0.3915	0	0
8	5	3.761	0	0
8	5	1.491	1	1
8	5	3.467	1	1
8	5	0.7916	1	0
8	5	0.2718	0	0
8	5	0.9069	0	0
8	5	0.5107	0	1
8	5	5.428	0	0
8	5	0.7748	1	1
8	5	5.575	1	1
8	5	0.5094	1	1
8	5	3.095	0	0
8	5	5.268	0	0
8	5	1.02	0	0
8	5	3.346	1	1
8	5	4.986	1	1
8	5	1.018	0	0
8	5	0.9085	1	1
9	5	5.703	1	1
9	5	5.44	0	0
9	5	5.65	1	1
9	5	0.6902	1	0
9	5	3.585	1	1
9	5	0.6003	1	1
9	5	0.5159	0	1
9	5	2.087	1	1
9	5	1.047	0	0
9	5	0.8409	0	1
9	5	2.034	1	1
9	5	1.369	1	1
9	5	0.4769	1	1
9	5	5.317	0	0
9	5	1.126	0	0
9	5	3.486	1	1
9	5	3.606	1	1
9	5	1.532	0	0
9	5	0.4083	0	0
9	5	2.005	1	1
9	5	0.8704	1	1
9	5	0.6877	0	0
9	5	0.6562	1	0
9	5	3.884	1	1
9	5	3.447	0	0
9	5	0.9552	1	1
9	5	0.62	1	1
9	5	3.828	1	1
9	5	3.728	1	1
9	5	3.621	0	0
9	5	5.248	1	1
9	5	0.4297	0	0
9	5	0.7002	0	0
9	5	0.466	1	0
9	5	0.5928	0	0
9	5	5.431	0	0
9	5	3.36	0	0
9	5	1.985	0	0
9	5	0.6471	0	0
9	5	3.457	1	1
9	5	5.432	1	1
9	5	1.32	0	1
9	5	0.2441	0	0
9	5	1.743	0	0
9	5	1.629	0	0
9	5	5.469	0	0
9	5	1.666	1	1
9	5	5.395	0	0
9	5	5.214	1	1
9	5	1.537	1	0
