0	2	0.586	0	0	0.586
0	2	5.268	0	0	5.268
0	2	3.534	0	1	3.534
0	2	5.459	1	1	5.459
0	2	0.3549	0	0	0.3549
0	2	5.27	0	0	5.27
0	2	1.172	1	0	1.172
0	2	0.9418	1	1	0.9418
0	2	1.745	0	0	1.745
0	2	0.3879	0	0	0.3879
0	2	1.803	0	1	1.803
0	2	1.059	1	0	1.059
0	2	3.656	0	0	3.656
0	2	1.867	0	1	1.867
0	2	0.3889	0	1	0.3889
0	2	3.592	0	1	3.592
0	2	3.468	1	1	3.468
0	2	2.118	1	1	2.118
0	2	1.805	1	0	1.805
0	2	2.074	1	1	2.074
0	2	0.8387	1	0	0.8387
0	2	1.819	0	0	1.819
0	2	3.43	1	1	3.43
0	2	3.419	0	0	3.419
0	2	0.502	1	1	0.502
0	2	5.389	1	1	5.389
0	2	0.8893	1	0	0.8893
0	2	0.5569	0	0	0.5569
0	2	3.668	1	1	3.668
0	2	5.579	1	0	5.579
0	2	1.19	1	0	1.19
0	2	5.323	1	1	5.323
0	2	1.551	0	0	1.551
0	2	0.5058	0	0	0.5058
0	2	0.5724	1	1	0.5724
0	2	3.56	0	0	3.56
0	2	3.381	0	1	3.381
0	2	1.856	0	0	1.856
0	2	5.118	0	0	5.118
0	2	0.4929	1	1	0.4929
0	2	3.779	1	1	3.779
0	2	0.7891	0	0	0.7891
0	2	1.987	1	1	1.987
0	2	1.13	1	0	1.13
0	2	0.3504	0	1	0.3504
0	2	5.489	1	0	5.489
0	2	0.4322	1	0	0.4322
0	2	0.5803	1	0	0.5803
0	2	5.564	0	0	5.564
0	2	5.339	0	0	5.339
1	2	0.9104	0	0	0.9104
1	2	3.655	0	0	3.655
1	2	1.494	0	0	1.494
1	2	1.843	1	1	1.843
1	2	5.616	1	1	5.616
1	2	0.3029	1	1	0.3029
1	2	5.595	1	1	5.595
1	2	0.673	1	1	0.673
1	2	5.557	1	1	5.557
1	2	3.852	1	1	3.852
1	2	1.486	0	0	1.486
1	2	3.663	1	1	3.663
1	2	1.833	0	0	1.833
1	2	1.735	1	1	1.735
1	2	0.5204	0	1	0.5204
1	2	3.605	1	1	3.605
1	2	0.8546	0	1	0.8546
1	2	5.545	0	0	5.545
1	2	3.611	1	1	3.611
1	2	0.9434	1	0	0.9434
1	2	1.833	0	0	1.833
1	2	1.87	0	0	1.87
1	2	5.264	0	0	5.264
1	2	1.13	1	0	1.13
1	2	1.18	1	0	1.18
1	2	3.359	0	0	3.359
1	2	0.8454	1	0	0.8454
1	2	3.625	1	1	3.625
1	2	3.571	1	1	3.571
1	2	0.8498	0	1	0.8498
1	2	0.3725	0	0	0.3725
1	2	5.483	1	1	5.483
1	2	0.487	1	0	0.487
1	2	0.969	1	0	0.969
1	2	1.702	1	1	1.702
1	2	1.889	0	0	1.889
1	2	3.748	0	0	3.748
1	2	0.5211	0	0	0.5211
1	2	3.701	1	0	3.701
1	2	0.4815	0	1	0.4815
1	2	0.1869	0	0	0.1869
1	2	0.4102	0	1	0.4102
1	2	5.568	0	0	5.568
1	2	5.308	0	0	5.308
1	2	5.488	1	1	5.488
1	2	0.8302	0	1	0.8302
1	2	0.2957	0	1	0.2957
1	2	5.436	0	0	5.436
1	2	1.844	1	0	1.844
1	2	0.5476	1	0	0.5476
2	2	1.758	0	0	1.758
2	2	0.8211	0	0	0.8211
2	2	3.589	0	0	3.589
2	2	1.873	1	1	1.873
2	2	0.5992	0	0	0.5992
2	2	0.7607	1	1	0.7607
2	2	5.333	0	0	5.333
2	2	3.864	1	1	3.864
2	2	2.002	1	1	2.002
2	2	1.617	0	0	1.617
2	2	0.1528	0	0	0.1528
2	2	1.785	1	1	1.785
2	2	5.485	1	1	5.485
2	2	0.1891	0	1	0.1891
2	2	0.5541	0	1	0.5541
2	2	3.692	1	1	3.692
2	2	5.504	1	1	5.504
2	2	1.785	0	1	1.785
2	2	0.5536	1	1	0.5536
2	2	0.7856	0	0	0.7856
2	2	3.455	0	0	3.455
2	2	0.4244	1	1	0.4244
2	2	0.5574	0	1	0.5574
2	2	0.3121	0	0	0.3121
2	2	0.9125	1	0	0.9125
2	2	1.515	0	0	1.515
2	2	1.754	1	1	1.754
2	2	5.512	1	1	5.512
2	2	3.526	1	1	3.526
2	2	5.269	0	0	5.269
2	2	1.053	1	0	1.053
2	2	5.298	1	1	5.298
2	2	3.437	1	1	3.437
2	2	1.603	0	0	1.603
2	2	1.622	0	1	1.622
2	2	3.24	0	0	3.24
2	2	0.6244	0	0	0.6244
2	2	5.345	0	0	5.345
2	2	1.017	0	1	1.017
2	2	0.8203	0	1	0.8203
2	2	3.739	1	1	3.739
2	2	5.6	1	1	5.6
2	2	0.6894	0	1	0.6894
2	2	3.648	1	0	3.648
2	2	1.046	0	1	1.046
2	2	3.613	1	1	3.613
2	2	0.5223	1	1	0.5223
2	2	5.663	1	1	5.663
2	2	5.189	1	1	5.189
2	2	0.8339	1	0	0.8339
3	2	3.656	0	0	3.656
3	2	0.5738	0	0	0.5738
3	2	1.869	0	0	1.869
3	2	5.368	1	1	5.368
3	2	0.2112	0	0	0.2112
3	2	5.554	1	0	5.554
3	2	5.453	1	1	5.453
3	2	5.33	1	1	5.33
3	2	3.801	1	1	3.801
3	2	1.789	0	0	1.789
3	2	0.7488	0	1	0.7488
3	2	3.579	0	1	3.579
3	2	5.632	1	1	5.632
3	2	0.6737	0	1	0.6737
3	2	5.253	0	0	5.253
3	2	0.7177	1	1	0.7177
3	2	1.712	0	0	1.712
3	2	0.2913	0	1	0.2913
3	2	3.566	1	1	3.566
3	2	3.299	0	0	3.299
3	2	3.597	1	1	3.597
3	2	0.7651	0	1	0.7651
3	2	0.7986	0	1	0.7986
3	2	0.9305	1	0	0.9305
3	2	0.5258	1	1	0.5258
3	2	5.332	0	0	5.332
3	2	1.54	0	0	1.54
3	2	1.591	0	0	1.591
3	2	5.576	0	0	5.576
3	2	0.9581	0	1	0.9581
3	2	0.3324	1	0	0.3324
3	2	0.526	1	1	0.526
3	2	3.869	1	1	3.869
3	2	0.4024	1	1	0.4024
3	2	1.661	0	0	1.661
3	2	0.4163	1	1	0.4163
3	2	3.882	1	1	3.882
3	2	5.607	1	1	5.607
3	2	3.571	1	1	3.571
3	2	1.56	0	0	1.56
3	2	0.9337	1	1	0.9337
3	2	1.677	1	1	1.677
3	2	5.256	1	1	5.256
3	2	0.1737	0	0	0.1737
3	2	0.6199	0	0	0.6199
3	2	3.35	1	1	3.35
3	2	0.3722	1	0	0.3722
3	2	1.941	0	1	1.941
3	2	1.827	1	1	1.827
3	2	0.9904	0	0	0.9904
4	2	5.184	1	1	5.184
4	2	3.585	0	0	3.585
4	2	1.766	0	1	1.766
4	2	0.3223	0	1	0.3223
4	2	3.869	1	1	3.869
4	2	3.557	0	0	3.557
4	2	0.6206	0	1	0.6206
4	2	0.834	0	0	0.834
4	2	3.37	0	0	3.37
4	2	0.5029	1	1	0.5029
4	2	0.677	1	1	0.677
4	2	0.3779	1	1	0.3779
4	2	3.574	0	0	3.574
4	2	1.822	1	1	1.822
4	2	5.296	0	0	5.296
4	2	1.76	1	1	1.76
4	2	5.571	1	1	5.571
4	2	0.4013	1	0	0.4013
4	2	0.9993	0	0	0.9993
4	2	1.565	0	0	1.565
4	2	3.379	0	0	3.379
4	2	3.252	0	0	3.252
4	2	3.733	1	1	3.733
4	2	0.8931	1	1	0.8931
4	2	3.701	1	1	3.701
4	2	1.823	1	0	1.823
4	2	1.757	0	0	1.757
4	2	2.064	1	0	2.064
4	2	1.999	1	1	1.999
4	2	3.267	1	1	3.267
4	2	5.269	0	0	5.269
4	2	0.7696	0	0	0.7696
4	2	5.443	1	1	5.443
4	2	2.126	0	0	2.126
4	2	0.4354	1	1	0.4354
4	2	5.404	0	0	5.404
4	2	1.003	0	1	1.003
4	2	5.46	1	1	5.46
4	2	5.263	0	0	5.263
4	2	0.2881	0	0	0.2881
4	2	1.03	1	1	1.03
4	2	0.3415	0	1	0.3415
4	2	0.9269	0	0	0.9269
4	2	0.8763	0	0	0.8763
4	2	1.718	1	0	1.718
4	2	5.667	1	1	5.667
4	2	1.111	1	0	1.111
4	2	0.5997	1	0	0.5997
4	2	5.377	0	0	5.377
4	2	0.5151	1	1	0.5151
5	2	5.537	0	0	5.537
5	2	1.894	1	1	1.894
5	2	1.846	0	0	1.846
5	2	1.757	1	0	1.757
5	2	0.7919	0	1	0.7919
5	2	0.4393	0	0	0.4393
5	2	3.604	0	0	3.604
5	2	0.6134	1	1	0.6134
5	2	0.9884	1	1	0.9884
5	2	0.3667	1	0	0.3667
5	2	0.9938	1	0	0.9938
5	2	5.242	1	1	5.242
5	2	1.345	1	0	1.345
5	2	1.809	0	0	1.809
5	2	0.1776	0	1	0.1776
5	2	3.441	0	0	3.441
5	2	5.448	1	1	5.448
5	2	1.737	0	1	1.737
5	2	0.9664	1	1	0.9664
5	2	5.314	0	0	5.314
5	2	5.234	0	0	5.234
5	2	0.6756	1	1	0.6756
5	2	0.1929	0	1	0.1929
5	2	0.8499	0	0	0.8499
5	2	3.665	1	1	3.665
5	2	0.5261	0	1	0.5261
5	2	1.518	0	0	1.518
5	2	3.68	1	1	3.68
5	2	3.577	0	0	3.577
5	2	5.367	0	0	5.367
5	2	3.763	1	1	3.763
5	2	3.496	0	0	3.496
5	2	1.993	1	1	1.993
5	2	3.561	0	0	3.561
5	2	0.9999	1	1	0.9999
5	2	0.868	1	1	0.868
5	2	0.5272	0	0	0.5272
5	2	3.552	1	1	3.552
5	2	5.497	1	1	5.497
5	2	5.237	0	0	5.237
5	2	2.051	0	0	2.051
5	2	5.502	1	1	5.502
5	2	1.83	1	0	1.83
5	2	1.965	1	0	1.965
5	2	0.6526	0	0	0.6526
5	2	0.6424	1	1	0.6424
5	2	0.3883	1	0	0.3883
5	2	5.526	0	0	5.526
5	2	1.029	0	0	1.029
5	2	3.705	1	1	3.705
6	2	3.743	1	0	3.743
6	2	2.139	0	0	2.139
6	2	1.764	0	0	1.764
6	2	5.319	0	0	5.319
6	2	0.6227	0	1	0.6227
6	2	0.938	0	0	0.938
6	2	0.7717	0	1	0.7717
6	2	0.3146	0	0	0.3146
6	2	3.473	0	0	3.473
6	2	3.563	1	0	3.563
6	2	5.366	0	0	5.366
6	2	0.3938	0	1	0.3938
6	2	5.391	1	1	5.391
6	2	0.9964	1	0	0.9964
6	2	3.924	1	1	3.924
6	2	3.464	1	1	3.464
6	2	5.183	1	1	5.183
6	2	3.727	1	0	3.727
6	2	5.472	0	0	5.472
6	2	3.757	1	1	3.757
6	2	0.872	1	1	0.872
6	2	1.031	1	1	1.031
6	2	1.794	1	0	1.794
6	2	0.8979	0	0	0.8979
6	2	5.6	1	1	5.6
6	2	0.6737	0	0	0.6737
6	2	0.6968	1	0	0.6968
6	2	1.971	1	1	1.971
6	2	5.226	0	0	5.226
6	2	1.904	0	0	1.904
6	2	1.869	1	1	1.869
6	2	1.668	0	0	1.668
6	2	0.4648	0	1	0.4648
6	2	0.8009	0	1	0.8009
6	2	5.31	0	0	5.31
6	2	0.4508	1	1	0.4508
6	2	5.476	1	1	5.476
6	2	1.707	1	1	1.707
6	2	0.3581	0	0	0.3581
6	2	1.72	1	1	1.72
6	2	1.91	0	0	1.91
6	2	3.625	1	1	3.625
6	2	0.3857	1	0	0.3857
6	2	0.9312	1	1	0.9312
6	2	4.01	1	1	4.01
6	2	3.938	1	1	3.938
6	2	0.9498	0	0	0.9498
6	2	0.4762	0	0	0.4762
6	2	5.422	0	1	5.422
6	2	0.7296	0	0	0.7296
7	2	5.4	1	1	5.4
7	2	3.542	0	0	3.542
7	2	1.838	1	1	1.838
7	2	1.645	1	1	1.645
7	2	3.558	1	1	3.558
7	2	1.031	1	0	1.031
7	2	0.4384	1	1	0.4384
7	2	1.692	0	0	1.692
7	2	5.336	1	1	5.336
7	2	0.4971	0	0	0.4971
7	2	0.8163	0	1	0.8163
7	2	5.366	0	0	5.366
7	2	3.592	0	0	3.592
7	2	0.597	1	1	0.597
7	2	5.418	0	0	5.418
7	2	3.538	1	1	3.538
7	2	2.069	0	0	2.069
7	2	3.661	1	1	3.661
7	2	1.885	1	1	1.885
7	2	5.287	1	1	5.287
7	2	1.003	1	1	1.003
7	2	1.945	0	0	1.945
7	2	0.4307	0	1	0.4307
7	2	0.4857	0	0	0.4857
7	2	5.265	0	0	5.265
7	2	1.163	0	0	1.163
7	2	1.998	0	0	1.998
7	2	5.507	0	0	5.507
7	2	0.6012	1	0	0.6012
7	2	0.5815	1	0	0.5815
7	2	0.7572	0	0	0.7572
7	2	0.8835	1	1	0.8835
7	2	3.577	0	0	3.577
7	2	3.613	1	1	3.613
7	2	0.5983	1	1	0.5983
7	2	5.168	1	1	5.168
7	2	5.435	0	0	5.435
7	2	3.801	1	1	3.801
7	2	3.721	1	1	3.721
7	2	1.052	1	1	1.052
7	2	0.3273	0	0	0.3273
7	2	3.811	0	0	3.811
7	2	0.4958	0	0	0.4958
7	2	1.094	0	0	1.094
7	2	5.614	1	1	5.614
7	2	1.891	0	0	1.891
7	2	1.032	0	0	1.032
7	2	1.81	1	1	1.81
7	2	1.124	1	1	1.124
7	2	1.669	0	0	1.669
8	2	3.632	0	0	3.632
8	2	5.319	0	0	5.319
8	2	3.681	1	1	3.681
8	2	1.792	0	0	1.792
8	2	5.593	1	1	5.593
8	2	5.129	0	0	5.129
8	2	0.8281	0	0	0.8281
8	2	3.81	1	1	3.81
8	2	0.8595	1	1	0.8595
8	2	1.703	1	0	1.703
8	2	5.242	0	0	5.242
8	2	3.701	0	0	3.701
8	2	0.9506	1	1	0.9506
8	2	1.765	1	1	1.765
8	2	0.8509	0	0	0.8509
8	2	0.2893	0	0	0.2893
8	2	5.443	1	0	5.443
8	2	3.544	0	0	3.544
8	2	0.3025	0	0	0.3025
8	2	3.809	0	0	3.809
8	2	5.501	1	1	5.501
8	2	1.84	1	1	1.84
8	2	1.03	1	1	1.03
8	2	0.251	1	0	0.251
8	2	3.828	1	1	3.828
8	2	5.642	1	1	5.642
8	2	1.812	1	1	1.812
8	2	0.1538	0	0	0.1538
8	2	0.4518	1	0	0.4518
8	2	0.6709	1	1	0.6709
8	2	1.615	0	0	1.615
8	2	0.9557	1	0	0.9557
8	2	3.623	0	0	3.623
8	2	5.398	0	0	5.398
8	2	5.493	1	1	5.493
8	2	2.152	1	1	2.152
8	2	2.092	1	1	2.092
8	2	0.2884	1	1	0.2884
8	2	0.6497	0	0	0.6497
8	2	1.9	1	1	1.9
8	2	3.643	0	0	3.643
8	2	0.4762	0	0	0.4762
8	2	0.7652	1	0	0.7652
8	2	3.536	0	0	3.536
8	2	5.333	1	1	5.333
8	2	0.7412	0	0	0.7412
8	2	0.5288	0	0	0.5288
8	2	0.9836	0	0	0.9836
8	2	1.901	0	1	1.901
8	2	0.7317	0	1	0.7317
9	2	0.4653	1	0	0.4653
9	2	0.7856	1	0	0.7856
9	2	1.036	0	0	1.036
9	2	0.4271	1	1	0.4271
9	2	0.6456	1	1	0.6456
9	2	0.4542	0	0	0.4542
9	2	2.051	1	1	2.051
9	2	1.59	0	0	1.59
9	2	5.428	0	0	5.428
9	2	3.624	0	0	3.624
9	2	1.812	0	0	1.812
9	2	3.603	0	0	3.603
9	2	0.7113	0	1	0.7113
9	2	0.5043	1	1	0.5043
9	2	5.192	0	0	5.192
9	2	5.588	1	1	5.588
9	2	3.736	0	0	3.736
9	2	1.062	1	1	1.062
9	2	0.4308	1	1	0.4308
9	2	5.635	1	1	5.635
9	2	3.634	1	1	3.634
9	2	5.279	1	1	5.279
9	2	2.108	0	0	2.108
9	2	1.71	1	0	1.71
9	2	0.944	1	1	0.944
9	2	3.533	1	1	3.533
9	2	1.046	0	0	1.046
9	2	3.561	0	0	3.561
9	2	1.642	0	0	1.642
9	2	5.46	1	1	5.46
9	2	0.5045	0	0	0.5045
9	2	3.671	0	0	3.671
9	2	0.6912	0	0	0.6912
9	2	0.446	1	1	0.446
9	2	0.4781	0	1	0.4781
9	2	0.8479	1	0	0.8479
9	2	3.709	0	0	3.709
9	2	1.847	0	1	1.847
9	2	5.438	1	1	5.438
9	2	3.478	1	1	3.478
9	2	2.062	1	0	2.062
9	2	3.626	1	1	3.626
9	2	5.207	1	1	5.207
9	2	1.014	0	0	1.014
9	2	1.875	0	1	1.875
9	2	1.206	1	1	1.206
9	2	5.359	0	0	5.359
9	2	5.445	1	1	5.445
9	2	1.861	0	0	1.861
9	2	0.1868	0	1	0.1868
10	3	0.6757	1	0	0.6757
10	3	1.894	1	0	1.894
10	3	1.817	1	1	1.817
10	3	1.009	0	0	1.009
10	3	1.818	0	1	1.818
10	3	5.474	1	0	5.474
10	3	0.4817	0	0	0.4817
10	3	0.8906	0	0	0.8906
10	3	0.6124	0	1	0.6124
10	3	0.1205	0	0	0.1205
10	3	1.713	1	0	1.713
10	3	0.6359	0	1	0.6359
10	3	0.1145	1	0	0.1145
10	3	1.071	0	0	1.071
10	3	0.6463	1	1	0.6463
10	3	1.929	1	1	1.929
10	3	0.3181	0	0	0.3181
10	3	0.9399	1	0	0.9399
10	3	0.04937	1	0	0.04937
10	3	1.698	0	0	1.698
10	3	0.3738	0	0	0.3738
10	3	0.6593	1	1	0.6593
10	3	0.3103	0	0	0.3103
10	3	5.707	0	0	5.707
10	3	0.1312	1	1	0.1312
10	3	1.614	0	1	1.614
10	3	5.599	1	1	5.599
10	3	0.2868	0	0	0.2868
10	3	1.673	0	1	1.673
10	3	5.669	0	0	5.669
10	3	5.552	0	0	5.552
10	3	5.611	1	1	5.611
10	3	0.9083	0	0	0.9083
10	3	1.045	1	1	1.045
10	3	0.6144	1	1	0.6144
10	3	0.1293	1	0	0.1293
10	3	0.8915	1	0	0.8915
10	3	0.358	1	1	0.358
10	3	0.4333	1	0	0.4333
10	3	0.8775	1	1	0.8775
10	3	5.419	0	0	5.419
10	3	0.5552	1	1	0.5552
10	3	5.447	0	0	5.447
10	3	1.364	1	1	1.364
10	3	0.3258	1	1	0.3258
10	3	0.06274	1	0	0.06274
10	3	1.689	1	1	1.689
10	3	5.18	0	0	5.18
10	3	5.403	0	0	5.403
10	3	0.6898	1	1	0.6898
11	3	6.009	1	1	6.009
11	3	5.214	0	0	5.214
11	3	0.7109	1	1	0.7109
11	3	0.1357	0	0	0.1357
11	3	0.03327	0	0	0.03327
11	3	0.8298	1	1	0.8298
11	3	0.1111	1	0	0.1111
11	3	5.481	0	0	5.481
11	3	1.711	0	0	1.711
11	3	0.05265	0	0	0.05265
11	3	0.7551	0	0	0.7551
11	3	1.178	1	0	1.178
11	3	0.4036	0	0	0.4036
11	3	1.025	0	1	1.025
11	3	1.021	0	0	1.021
11	3	0.1348	0	1	0.1348
11	3	5.232	1	1	5.232
11	3	5.346	0	0	5.346
11	3	0.8914	1	1	0.8914
11	3	2.073	0	0	2.073
11	3	1.764	0	0	1.764
11	3	0.02266	0	1	0.02266
11	3	2.006	0	1	2.006
11	3	5.426	0	0	5.426
11	3	1.609	0	0	1.609
11	3	0.05792	0	1	0.05792
11	3	5.381	1	1	5.381
11	3	5.567	1	1	5.567
11	3	0.7295	1	1	0.7295
11	3	0.4758	0	0	0.4758
11	3	0.7047	0	0	0.7047
11	3	0.4002	1	1	0.4002
11	3	1.067	0	0	1.067
11	3	1.65	1	0	1.65
11	3	0.04025	1	0	0.04025
11	3	0.5461	1	1	0.5461
11	3	0.04568	0	0	0.04568
11	3	2.108	0	1	2.108
11	3	1.79	1	0	1.79
11	3	1.087	1	0	1.087
11	3	1.742	1	1	1.742
11	3	0.6089	1	0	0.6089
11	3	0.1763	1	1	0.1763
11	3	1.108	0	0	1.108
11	3	0.9527	1	1	0.9527
11	3	0.1797	0	0	0.1797
11	3	0.5412	1	0	0.5412
11	3	1.497	0	0	1.497
11	3	5.338	1	1	5.338
11	3	5.76	1	1	5.76
12	3	0.06986	1	0	0.06986
12	3	0.1617	0	0	0.1617
12	3	5.589	0	0	5.589
12	3	0.1864	1	0	0.1864
12	3	5.403	1	1	5.403
12	3	1.721	1	1	1.721
12	3	5.853	0	0	5.853
12	3	5.02	1	1	5.02
12	3	1.635	1	1	1.635
12	3	0.4093	1	0	0.4093
12	3	1.848	1	0	1.848
12	3	5.506	0	0	5.506
12	3	0.39	0	0	0.39
12	3	0.04768	1	0	0.04768
12	3	0.6385	0	1	0.6385
12	3	0.5172	0	0	0.5172
12	3	5.797	1	1	5.797
12	3	1.007	0	0	1.007
12	3	2.234	1	1	2.234
12	3	0.7397	1	1	0.7397
12	3	0.09051	1	0	0.09051
12	3	0.2789	0	1	0.2789
12	3	1.561	1	1	1.561
12	3	4.991	0	0	4.991
12	3	0.3884	0	1	0.3884
12	3	5.079	0	0	5.079
12	3	1.008	1	1	1.008
12	3	0.6925	0	1	0.6925
12	3	1.072	1	0	1.072
12	3	0.402	1	0	0.402
12	3	0.9461	0	1	0.9461
12	3	0.1266	1	1	0.1266
12	3	0.4349	0	0	0.4349
12	3	0.249	1	1	0.249
12	3	1.106	0	0	1.106
12	3	0.1032	1	0	0.1032
12	3	1.909	1	0	1.909
12	3	0.3591	1	0	0.3591
12	3	0.5148	0	1	0.5148
12	3	1.915	1	1	1.915
12	3	5.305	0	0	5.305
12	3	0.0352	0	0	0.0352
12	3	0.5407	0	0	0.5407
12	3	5.072	1	1	5.072
12	3	1.95	1	1	1.95
12	3	0.6676	0	0	0.6676
12	3	1.958	1	1	1.958
12	3	2.222	1	1	2.222
12	3	0.8634	0	0	0.8634
12	3	0.5518	0	0	0.5518
13	3	1.088	1	0	1.088
13	3	1.841	1	1	1.841
13	3	0.4484	1	0	0.4484
13	3	1.846	0	0	1.846
13	3	0.969	0	0	0.969
13	3	5.494	0	0	5.494
13	3	2.178	0	0	2.178
13	3	1.83	1	1	1.83
13	3	0.3571	1	0	0.3571
13	3	1.88	1	0	1.88
13	3	0.0002098	0	0	0.0002098
13	3	5.317	1	1	5.317
13	3	1.9	0	0	1.9
13	3	0.7746	1	1	0.7746
13	3	0.5141	1	0	0.5141
13	3	1.318	0	0	1.318
13	3	0.6185	1	0	0.6185
13	3	0.8659	0	0	0.8659
13	3	0.5363	0	0	0.5363
13	3	0.02473	1	0	0.02473
13	3	1.183	1	1	1.183
13	3	0.1726	0	1	0.1726
13	3	0.7646	1	0	0.7646
13	3	5.536	1	1	5.536
13	3	5.603	1	1	5.603
13	3	1.716	0	0	1.716
13	3	0.2201	1	0	0.2201
13	3	1.559	0	0	1.559
13	3	1.368	1	1	1.368
13	3	0.2446	0	0	0.2446
13	3	0.2991	1	0	0.2991
13	3	0.4069	0	1	0.4069
13	3	0.5199	0	1	0.5199
13	3	0.04042	0	0	0.04042
13	3	1.902	0	0	1.902
13	3	0.3415	0	0	0.3415
13	3	5.049	0	0	5.049
13	3	1.047	0	0	1.047
13	3	0.5635	1	1	0.5635
13	3	0.2222	0	0	0.2222
13	3	5.28	1	1	5.28
13	3	5.464	0	0	5.464
13	3	1.201	1	1	1.201
13	3	5.437	0	0	5.437
13	3	0.3006	0	1	0.3006
13	3	0.304	0	1	0.304
13	3	0.1231	1	0	0.1231
13	3	5.331	1	1	5.331
13	3	5.132	0	0	5.132
13	3	0.9719	1	1	0.9719
14	3	0.2121	1	0	0.2121
14	3	1.74	0	0	1.74
14	3	5.068	1	1	5.068
14	3	0.3961	0	0	0.3961
14	3	0.3143	0	0	0.3143
14	3	0.2347	1	0	0.2347
14	3	0.6362	1	0	0.6362
14	3	0.3943	0	1	0.3943
14	3	0.3675	0	0	0.3675
14	3	0.4112	1	0	0.4112
14	3	0.6858	1	0	0.6858
14	3	5.179	1	1	5.179
14	3	0.3243	0	0	0.3243
14	3	1.765	1	0	1.765
14	3	0.2208	1	0	0.2208
14	3	1.776	0	0	1.776
14	3	0.003843	0	0	0.003843
14	3	4.813	0	0	4.813
14	3	0.5599	0	1	0.5599
14	3	0.9426	0	0	0.9426
14	3	1.615	1	1	1.615
14	3	0.007299	1	0	0.007299
14	3	1.952	0	0	1.952
14	3	1.639	0	0	1.639
14	3	0.7674	0	0	0.7674
14	3	0.9271	1	1	0.9271
14	3	0.09655	1	0	0.09655
14	3	2.146	0	0	2.146
14	3	5.277	1	1	5.277
14	3	4.902	1	1	4.902
14	3	0.5453	0	0	0.5453
14	3	5.592	0	0	5.592
14	3	0.5503	1	0	0.5503
14	3	5.562	0	0	5.562
14	3	0.5846	1	1	0.5846
14	3	5.446	1	1	5.446
14	3	1.973	0	0	1.973
14	3	0.5603	1	1	0.5603
14	3	1.99	1	1	1.99
14	3	5.301	1	1	5.301
14	3	1.675	1	1	1.675
14	3	0.7721	1	1	0.7721
14	3	0.7821	1	1	0.7821
14	3	0.641	0	0	0.641
14	3	0.986	0	1	0.986
14	3	0.9547	1	1	0.9547
14	3	0.1624	0	1	0.1624
14	3	5.393	1	1	5.393
14	3	0.776	0	0	0.776
14	3	0.8521	1	1	0.8521
15	3	1.695	1	1	1.695
15	3	1.768	0	0	1.768
15	3	0.6562	1	0	0.6562
15	3	1.003	0	1	1.003
15	3	0.3551	0	1	0.3551
15	3	0.2064	1	0	0.2064
15	3	5.466	1	1	5.466
15	3	0.4754	1	1	0.4754
15	3	1.318	0	1	1.318
15	3	1.776	1	1	1.776
15	3	1.558	0	0	1.558
15	3	0.8312	1	1	0.8312
15	3	1.159	1	0	1.159
15	3	0.5417	0	1	0.5417
15	3	5.904	0	0	5.904
15	3	0.9073	0	0	0.9073
15	3	5.593	0	0	5.593
15	3	1.723	1	1	1.723
15	3	1.742	0	0	1.742
15	3	0.2294	1	1	0.2294
15	3	5.238	0	0	5.238
15	3	0.6323	1	0	0.6323
15	3	0.1014	1	1	0.1014
15	3	0.318	1	0	0.318
15	3	0.3555	1	1	0.3555
15	3	0.8865	0	1	0.8865
15	3	0.3498	1	1	0.3498
15	3	0.4899	1	0	0.4899
15	3	1.74	1	1	1.74
15	3	5.287	1	1	5.287
15	3	0.2815	1	0	0.2815
15	3	0.2812	0	0	0.2812
15	3	0.7631	0	0	0.7631
15	3	0.08146	1	1	0.08146
15	3	0.1927	1	1	0.1927
15	3	1.777	0	0	1.777
15	3	6.023	1	0	6.023
15	3	0.2385	1	0	0.2385
15	3	0.1693	0	1	0.1693
15	3	0.3064	0	0	0.3064
15	3	0.8536	1	1	0.8536
15	3	5.326	1	1	5.326
15	3	0.6897	0	0	0.6897
15	3	0.2872	0	0	0.2872
15	3	5.525	0	0	5.525
15	3	5.56	0	0	5.56
15	3	1.729	0	1	1.729
15	3	0.869	1	1	0.869
15	3	5.575	0	0	5.575
15	3	0.009518	0	0	0.009518
16	3	0.8174	1	0	0.8174
16	3	2.174	0	0	2.174
16	3	5.305	0	0	5.305
16	3	1.678	1	0	1.678
16	3	0.2737	0	1	0.2737
16	3	0.51	0	1	0.51
16	3	1.912	1	1	1.912
16	3	5.46	0	0	5.46
16	3	0.06611	0	1	0.06611
16	3	1.838	0	1	1.838
16	3	1.254	0	1	1.254
16	3	1.2	0	0	1.2
16	3	0.5081	1	1	0.5081
16	3	0.3964	1	1	0.3964
16	3	1.698	0	0	1.698
16	3	5.45	1	1	5.45
16	3	0.4896	1	0	0.4896
16	3	5.25	0	0	5.25
16	3	5.446	1	1	5.446
16	3	1.766	1	1	1.766
16	3	5.649	1	1	5.649
16	3	0.9189	0	0	0.9189
16	3	0.6184	0	1	0.6184
16	3	0.7203	1	1	0.7203
16	3	1.763	1	1	1.763
16	3	0.4428	0	1	0.4428
16	3	5.906	0	0	5.906
16	3	0.5452	1	1	0.5452
16	3	0.1683	0	1	0.1683
16	3	0.3619	0	0	0.3619
16	3	0.1809	0	1	0.1809
16	3	1.183	1	1	1.183
16	3	2.002	1	0	2.002
16	3	0.2088	1	0	0.2088
16	3	0.5333	1	1	0.5333
16	3	5.355	1	1	5.355
16	3	1.483	1	0	1.483
16	3	0.3478	0	0	0.3478
16	3	5.248	1	1	5.248
16	3	5.47	0	0	5.47
16	3	0.1718	0	0	0.1718
16	3	0.1884	0	0	0.1884
16	3	0.4928	0	1	0.4928
16	3	1.36	1	1	1.36
16	3	0.5663	1	0	0.5663
16	3	1.03	1	1	1.03
16	3	0.6947	1	1	0.6947
16	3	0.499	0	0	0.499
16	3	1.895	1	1	1.895
16	3	0.3281	0	0	0.3281
17	3	0.2739	0	0	0.2739
17	3	0.5253	0	0	0.5253
17	3	1.781	1	1	1.781
17	3	1.782	0	0	1.782
17	3	0.3518	0	0	0.3518
17	3	0.9206	0	1	0.9206
17	3	5.76	0	0	5.76
17	3	0.3782	0	1	0.3782
17	3	5.162	0	0	5.162
17	3	0.6866	1	1	0.6866
17	3	0.1674	0	1	0.1674
17	3	5.281	1	1	5.281
17	3	1.59	1	1	1.59
17	3	0.5233	0	0	0.5233
17	3	5.437	1	1	5.437
17	3	0.6629	0	0	0.6629
17	3	0.4072	1	1	0.4072
17	3	0.14	1	1	0.14
17	3	1.828	0	0	1.828
17	3	1.068	1	0	1.068
17	3	1.529	1	1	1.529
17	3	0.8737	1	0	0.8737
17	3	5.412	0	0	5.412
17	3	5.595	1	1	5.595
17	3	1.088	1	1	1.088
17	3	1.783	0	1	1.783
17	3	0.08114	1	1	0.08114
17	3	0.6596	0	0	0.6596
17	3	0.8123	1	1	0.8123
17	3	0.1165	1	0	0.1165
17	3	0.6629	0	0	0.6629
17	3	1.847	1	0	1.847
17	3	1.849	1	1	1.849
17	3	5.648	0	0	5.648
17	3	0.8247	1	1	0.8247
17	3	0.2978	0	1	0.2978
17	3	0.8112	1	0	0.8112
17	3	0.1954	0	0	0.1954
17	3	1.076	1	1	1.076
17	3	1.659	0	0	1.659
17	3	1.02	0	0	1.02
17	3	1.958	0	0	1.958
17	3	1.04	1	1	1.04
17	3	0.4176	1	1	0.4176
17	3	5.314	1	1	5.314
17	3	0.4087	1	0	0.4087
17	3	5.377	0	0	5.377
17	3	5.413	0	0	5.413
17	3	0.2217	1	0	0.2217
17	3	0.5353	0	0	0.5353
18	3	5.413	0	1	5.413
18	3	0.971	1	0	0.971
18	3	5.597	1	1	5.597
18	3	0.5487	0	0	0.5487
18	3	0.3401	1	1	0.3401
18	3	5.474	1	1	5.474
18	3	1.777	0	1	1.777
18	3	1.757	0	0	1.757
18	3	0.1941	1	1	0.1941
18	3	0.05116	0	0	0.05116
18	3	0.01367	1	0	0.01367
18	3	0.1686	1	1	0.1686
18	3	0.3121	1	0	0.3121
18	3	5.591	1	1	5.591
18	3	5.561	0	0	5.561
18	3	0.1323	0	1	0.1323
18	3	0.1795	1	1	0.1795
18	3	2.226	1	1	2.226
18	3	0.4668	0	0	0.4668
18	3	0.7805	1	0	0.7805
18	3	0.9478	1	0	0.9478
18	3	0.3931	0	0	0.3931
18	3	1.895	0	0	1.895
18	3	5.272	1	1	5.272
18	3	1.531	1	1	1.531
18	3	0.5336	1	0	0.5336
18	3	0.8047	1	0	0.8047
18	3	0.5231	1	1	0.5231
18	3	1.018	1	1	1.018
18	3	1.752	0	0	1.752
18	3	0.6934	1	0	0.6934
18	3	0.8481	0	1	0.8481
18	3	5.402	0	0	5.402
18	3	1.13	0	0	1.13
18	3	1.804	0	0	1.804
18	3	5.276	1	1	5.276
18	3	0.3442	1	1	0.3442
18	3	1.649	0	0	1.649
18	3	0.2776	0	1	0.2776
18	3	0.2922	1	1	0.2922
18	3	1.192	1	1	1.192
18	3	1.215	0	0	1.215
18	3	0.4614	0	1	0.4614
18	3	1.06	0	0	1.06
18	3	0.411	1	1	0.411
18	3	5.601	0	0	5.601
18	3	0.764	1	0	0.764
18	3	5.429	0	0	5.429
18	3	1.831	0	0	1.831
18	3	0.01017	1	1	0.01017
19	3	5.129	0	0	5.129
19	3	5.561	0	0	5.561
19	3	5.375	0	0	5.375
19	3	1.64	1	0	1.64
19	3	0.09052	1	1	0.09052
19	3	5.697	1	1	5.697
19	3	5.148	0	0	5.148
19	3	1.985	1	1	1.985
19	3	5.489	0	0	5.489
19	3	0.1559	0	0	0.1559
19	3	0.7881	0	1	0.7881
19	3	5.272	0	0	5.272
19	3	0.3896	1	0	0.3896
19	3	1.781	0	0	1.781
19	3	0.5779	1	1	0.5779
19	3	0.6185	1	1	0.6185
19	3	2.219	1	0	2.219
19	3	5.194	1	1	5.194
19	3	0.4002	1	0	0.4002
19	3	0.8429	0	0	0.8429
19	3	0.09208	1	1	0.09208
19	3	1.605	1	1	1.605
19	3	0.03172	1	1	0.03172
19	3	0.2898	0	0	0.2898
19	3	0.422	0	0	0.422
19	3	0.1659	1	1	0.1659
19	3	1.05	0	0	1.05
19	3	1.697	1	0	1.697
19	3	0.395	1	1	0.395
19	3	0.5011	0	0	0.5011
19	3	0.5086	0	0	0.5086
19	3	0.6814	0	0	0.6814
19	3	2.026	0	0	2.026
19	3	1.905	1	0	1.905
19	3	1.63	1	1	1.63
19	3	0.9443	1	0	0.9443
19	3	0.721	0	0	0.721
19	3	0.3489	1	1	0.3489
19	3	0.4023	0	1	0.4023
19	3	2.014	1	1	2.014
19	3	0.347	0	0	0.347
19	3	0.44	0	0	0.44
19	3	0.782	1	0	0.782
19	3	0.5601	1	0	0.5601
19	3	0.5164	1	1	0.5164
19	3	5.409	0	0	5.409
19	3	0.5576	1	0	0.5576
19	3	5.57	1	1	5.57
19	3	0.9446	0	0	0.9446
19	3	0.7716	1	1	0.7716
20	4	0.2602	0	0	0.2602
20	4	5.515	0	0	5.515
20	4	1.651	0	0	1.651
20	4	5.359	1	1	5.359
20	4	0.2262	0	0	0.2262
20	4	5.446	0	0	5.446
20	4	0.5209	1	0	0.5209
20	4	0.404	1	1	0.404
20	4	1.332	0	0	1.332
20	4	0.3694	0	0	0.3694
20	4	0.9151	0	0	0.9151
20	4	0.47	1	0	0.47
20	4	1.728	0	1	1.728
20	4	0.6408	0	0	0.6408
20	4	0.2648	0	0	0.2648
20	4	2.047	0	0	2.047
20	4	1.837	1	1	1.837
20	4	0.758	1	0	0.758
20	4	0.7576	1	0	0.7576
20	4	0.6801	1	0	0.6801
20	4	0.1882	1	1	0.1882
20	4	1.002	0	0	1.002
20	4	1.729	1	1	1.729
20	4	1.863	0	0	1.863
20	4	0.4228	1	0	0.4228
20	4	5.524	1	1	5.524
20	4	0.4046	1	0	0.4046
20	4	0.01603	0	1	0.01603
20	4	2.026	1	1	2.026
20	4	5.61	1	1	5.61
20	4	0.5386	1	1	0.5386
20	4	5.642	1	1	5.642
20	4	0.7994	0	0	0.7994
20	4	0.2998	0	0	0.2998
20	4	0.4236	1	0	0.4236
20	4	1.944	0	0	1.944
20	4	1.945	0	0	1.945
20	4	0.8134	0	1	0.8134
20	4	5.248	0	0	5.248
20	4	0.6732	1	1	0.6732
20	4	1.681	1	1	1.681
20	4	0.152	0	0	0.152
20	4	0.6371	1	0	0.6371
20	4	0.008822	0	0	0.008822
20	4	0.4454	0	0	0.4454
20	4	5.435	1	1	5.435
20	4	0.2821	1	1	0.2821
20	4	0.08987	1	0	0.08987
20	4	5.907	0	0	5.907
20	4	5.516	0	0	5.516
21	4	0.4047	0	0	0.4047
21	4	1.453	0	0	1.453
21	4	0.9964	0	0	0.9964
21	4	1.077	1	0	1.077
21	4	5.415	1	1	5.415
21	4	0.1382	1	0	0.1382
21	4	5.513	1	1	5.513
21	4	0.3907	1	0	0.3907
21	4	5.172	1	1	5.172
21	4	1.679	1	0	1.679
21	4	0.5091	0	0	0.5091
21	4	1.796	1	0	1.796
21	4	0.9347	0	0	0.9347
21	4	0.9004	1	1	0.9004
21	4	0.01736	0	0	0.01736
21	4	1.798	1	1	1.798
21	4	0.3349	0	0	0.3349
21	4	5.394	0	0	5.394
21	4	1.846	1	1	1.846
21	4	0.5439	1	1	0.5439
21	4	0.9871	0	1	0.9871
21	4	0.8799	0	0	0.8799
21	4	5.365	0	0	5.365
21	4	0.5286	1	1	0.5286
21	4	0.2314	1	0	0.2314
21	4	2.037	0	0	2.037
21	4	0.707	1	1	0.707
21	4	1.792	1	1	1.792
21	4	1.543	1	0	1.543
21	4	0.5438	0	0	0.5438
21	4	0.2416	0	0	0.2416
21	4	5.197	1	1	5.197
21	4	0.01726	1	1	0.01726
21	4	0.7084	1	0	0.7084
21	4	1.004	1	0	1.004
21	4	1.133	0	1	1.133
21	4	1.487	0	0	1.487
21	4	0.3213	0	1	0.3213
21	4	1.945	1	0	1.945
21	4	0.1609	0	0	0.1609
21	4	0.3696	0	0	0.3696
21	4	0.6502	0	0	0.6502
21	4	5.25	0	0	5.25
21	4	5.503	0	0	5.503
21	4	5.181	1	1	5.181
21	4	0.8726	0	1	0.8726
21	4	0.04586	1	1	0.04586
21	4	5.519	0	0	5.519
21	4	0.8837	1	1	0.8837
21	4	0.1412	0	1	0.1412
22	4	1.041	0	1	1.041
22	4	0.4634	0	1	0.4634
22	4	1.932	0	0	1.932
22	4	0.732	1	1	0.732
22	4	0.1453	0	1	0.1453
22	4	0.4357	1	1	0.4357
22	4	5.374	0	0	5.374
22	4	1.846	1	0	1.846
22	4	0.7333	1	0	0.7333
22	4	1.235	0	0	1.235
22	4	0.08436	0	0	0.08436
22	4	0.7416	1	0	0.7416
22	4	5.487	1	1	5.487
22	4	0.5082	0	1	0.5082
22	4	0.2823	0	1	0.2823
22	4	1.828	1	1	1.828
22	4	5.435	1	1	5.435
22	4	0.7644	0	1	0.7644
22	4	0.1451	1	1	0.1451
22	4	0.5425	0	1	0.5425
22	4	1.435	0	0	1.435
22	4	0.2929	1	0	0.2929
22	4	0.2545	0	0	0.2545
22	4	0.1424	0	1	0.1424
22	4	0.7364	1	1	0.7364
22	4	0.7868	0	0	0.7868
22	4	0.7525	1	0	0.7525
22	4	5.507	1	1	5.507
22	4	1.513	1	1	1.513
22	4	5.318	0	0	5.318
22	4	0.7014	1	1	0.7014
22	4	5.649	1	1	5.649
22	4	2.126	1	1	2.126
22	4	1.034	0	1	1.034
22	4	0.8456	0	0	0.8456
22	4	1.913	0	0	1.913
22	4	0.1432	0	0	0.1432
22	4	5.706	0	0	5.706
22	4	0.6131	0	0	0.6131
22	4	0.1842	0	1	0.1842
22	4	1.927	1	1	1.927
22	4	5.246	1	1	5.246
22	4	0.4653	0	0	0.4653
22	4	1.73	1	1	1.73
22	4	0.09264	0	1	0.09264
22	4	1.819	1	1	1.819
22	4	0.198	1	1	0.198
22	4	5.3	1	1	5.3
22	4	5.163	1	1	5.163
22	4	0.3782	1	0	0.3782
23	4	1.814	0	0	1.814
23	4	0.05058	1	1	0.05058
23	4	0.8877	0	0	0.8877
23	4	4.93	1	1	4.93
23	4	0.1549	0	0	0.1549
23	4	5.543	1	1	5.543
23	4	4.869	1	1	4.869
23	4	5.435	1	1	5.435
23	4	1.748	1	1	1.748
23	4	1.258	0	1	1.258
23	4	0.7447	0	0	0.7447
23	4	1.721	0	0	1.721
23	4	5.418	1	1	5.418
23	4	0.2289	0	0	0.2289
23	4	5.321	0	0	5.321
23	4	0.5852	1	0	0.5852
23	4	0.7974	0	1	0.7974
23	4	0.1702	1	0	0.1702
23	4	1.381	1	1	1.381
23	4	1.625	0	0	1.625
23	4	1.998	1	1	1.998
23	4	0.5291	0	0	0.5291
23	4	0.3523	0	0	0.3523
23	4	0.4569	1	0	0.4569
23	4	0.2185	0	0	0.2185
23	4	5.602	0	0	5.602
23	4	0.7839	0	0	0.7839
23	4	1.027	0	1	1.027
23	4	5.274	0	0	5.274
23	4	0.104	0	0	0.104
23	4	0.2568	0	0	0.2568
23	4	0.236	1	1	0.236
23	4	2.014	1	1	2.014
23	4	0.3198	1	1	0.3198
23	4	1.148	0	1	1.148
23	4	0.05696	1	0	0.05696
23	4	1.468	1	1	1.468
23	4	5.432	1	1	5.432
23	4	1.726	1	0	1.726
23	4	0.6969	0	1	0.6969
23	4	0.1751	1	1	0.1751
23	4	0.9614	1	0	0.9614
23	4	5.379	1	1	5.379
23	4	0.0764	0	1	0.0764
23	4	0.5307	0	1	0.5307
23	4	1.861	1	1	1.861
23	4	0.3613	1	1	0.3613
23	4	0.9104	0	0	0.9104
23	4	0.853	1	1	0.853
23	4	0.4755	0	1	0.4755
24	4	5.329	1	1	5.329
24	4	1.958	0	0	1.958
24	4	0.7758	0	0	0.7758
24	4	0.1181	1	1	0.1181
24	4	1.669	1	1	1.669
24	4	1.945	0	0	1.945
24	4	0.4404	0	1	0.4404
24	4	0.5445	0	1	0.5445
24	4	1.757	0	0	1.757
24	4	0.1883	1	0	0.1883
24	4	0.6283	1	0	0.6283
24	4	0.4643	1	1	0.4643
24	4	1.837	0	1	1.837
24	4	0.9376	1	1	0.9376
24	4	5.518	0	0	5.518
24	4	1.127	1	1	1.127
24	4	5.47	1	1	5.47
24	4	0.5949	1	1	0.5949
24	4	0.3956	0	1	0.3956
24	4	1.22	0	1	1.22
24	4	1.594	0	0	1.594
24	4	1.826	0	0	1.826
24	4	1.987	1	1	1.987
24	4	0.6476	1	1	0.6476
24	4	1.551	1	1	1.551
24	4	0.7751	1	1	0.7751
24	4	0.7031	0	1	0.7031
24	4	0.7003	1	1	0.7003
24	4	0.8505	1	1	0.8505
24	4	1.708	1	1	1.708
24	4	5.92	0	0	5.92
24	4	0.7022	0	0	0.7022
24	4	5.303	1	1	5.303
24	4	0.9117	0	0	0.9117
24	4	0.2722	1	1	0.2722
24	4	5.398	0	0	5.398
24	4	0.3157	0	0	0.3157
24	4	5.467	1	1	5.467
24	4	5.246	0	0	5.246
24	4	0.2857	0	1	0.2857
24	4	0.5188	1	0	0.5188
24	4	0.07796	0	0	0.07796
24	4	0.4048	0	0	0.4048
24	4	0.5642	0	0	0.5642
24	4	1.006	1	1	1.006
24	4	5.168	1	1	5.168
24	4	0.01266	1	1	0.01266
24	4	0.321	1	0	0.321
24	4	5.62	0	0	5.62
24	4	0.2212	1	1	0.2212
25	4	5.357	0	0	5.357
25	4	0.6981	1	1	0.6981
25	4	0.9123	0	0	0.9123
25	4	1.119	1	0	1.119
25	4	0.115	0	1	0.115
25	4	0.3079	0	0	0.3079
25	4	1.285	0	0	1.285
25	4	0.001116	0	1	0.001116
25	4	0.1879	1	1	0.1879
25	4	0.049	0	0	0.049
25	4	0.5567	1	0	0.5567
25	4	5.461	1	1	5.461
25	4	0.3356	1	0	0.3356
25	4	0.9831	0	1	0.9831
25	4	0.02551	1	0	0.02551
25	4	1.578	0	0	1.578
25	4	5.373	1	1	5.373
25	4	0.8598	0	0	0.8598
25	4	0.642	1	1	0.642
25	4	5.155	0	0	5.155
25	4	5.221	0	0	5.221
25	4	0.52	1	1	0.52
25	4	0.2212	0	0	0.2212
25	4	0.4376	0	0	0.4376
25	4	1.648	1	0	1.648
25	4	0.3595	0	0	0.3595
25	4	0.8265	0	0	0.8265
25	4	1.969	1	0	1.969
25	4	1.869	0	0	1.869
25	4	5.419	0	0	5.419
25	4	1.677	1	1	1.677
25	4	1.575	0	0	1.575
25	4	0.8184	1	1	0.8184
25	4	1.806	0	0	1.806
25	4	0.3271	1	0	0.3271
25	4	0.1516	1	0	0.1516
25	4	0.288	0	0	0.288
25	4	1.82	1	1	1.82
25	4	5.505	1	1	5.505
25	4	5.225	0	0	5.225
25	4	0.9686	0	0	0.9686
25	4	5.389	1	1	5.389
25	4	1.206	1	0	1.206
25	4	0.6248	1	1	0.6248
25	4	0.3171	0	0	0.3171
25	4	0.1964	1	1	0.1964
25	4	0.1312	0	0	0.1312
25	4	5.638	0	0	5.638
25	4	0.07672	1	1	0.07672
25	4	2.049	1	1	2.049
26	4	1.964	1	1	1.964
26	4	0.7053	0	0	0.7053
26	4	0.8771	0	0	0.8771
26	4	5.545	0	0	5.545
26	4	0.2081	0	1	0.2081
26	4	0.1645	0	0	0.1645
26	4	0.5652	0	1	0.5652
26	4	0.0423	1	0	0.0423
26	4	2.102	0	0	2.102
26	4	2.091	1	1	2.091
26	4	5.194	0	0	5.194
26	4	0.1903	0	0	0.1903
26	4	5.222	1	1	5.222
26	4	0.7194	1	1	0.7194
26	4	2.123	1	1	2.123
26	4	1.847	1	1	1.847
26	4	5.399	1	1	5.399
26	4	1.996	1	1	1.996
26	4	5.372	0	1	5.372
26	4	1.818	1	1	1.818
26	4	0.5163	1	1	0.5163
26	4	0.2398	1	1	0.2398
26	4	0.9459	1	1	0.9459
26	4	0.4521	0	0	0.4521
26	4	5.476	1	1	5.476
26	4	0.4355	1	0	0.4355
26	4	0.176	1	0	0.176
26	4	0.8669	1	1	0.8669
26	4	5.797	0	0	5.797
26	4	0.7999	0	0	0.7999
26	4	0.9574	1	0	0.9574
26	4	0.9734	0	0	0.9734
26	4	0.6028	0	1	0.6028
26	4	0.3952	0	0	0.3952
26	4	5.916	0	0	5.916
26	4	0.01739	1	1	0.01739
26	4	5.462	1	1	5.462
26	4	0.859	1	0	0.859
26	4	0.2627	0	1	0.2627
26	4	0.7398	1	1	0.7398
26	4	1.094	0	0	1.094
26	4	2.289	1	1	2.289
26	4	0.114	1	1	0.114
26	4	0.4116	1	1	0.4116
26	4	1.694	1	0	1.694
26	4	1.884	1	1	1.884
26	4	0.3783	0	0	0.3783
26	4	0.2128	0	1	0.2128
26	4	5.615	0	0	5.615
26	4	0.75	0	1	0.75
27	4	5.409	1	1	5.409
27	4	1.899	0	0	1.899
27	4	1.285	1	1	1.285
27	4	0.9372	1	0	0.9372
27	4	1.903	1	1	1.903
27	4	0.3124	1	0	0.3124
27	4	0.3626	1	1	0.3626
27	4	0.9515	0	1	0.9515
27	4	5.217	1	1	5.217
27	4	0.2943	0	0	0.2943
27	4	0.6214	0	1	0.6214
27	4	5.567	0	0	5.567
27	4	1.581	0	1	1.581
27	4	0.005631	1	1	0.005631
27	4	5.757	0	0	5.757
27	4	1.555	1	1	1.555
27	4	0.6266	0	0	0.6266
27	4	1.9	1	1	1.9
27	4	0.9454	1	1	0.9454
27	4	5.341	1	1	5.341
27	4	0.2325	1	1	0.2325
27	4	0.8376	0	0	0.8376
27	4	0.1454	0	0	0.1454
27	4	0.1997	0	0	0.1997
27	4	5.283	0	0	5.283
27	4	0.5349	0	1	0.5349
27	4	0.5355	0	0	0.5355
27	4	5.397	0	0	5.397
27	4	0.2381	0	0	0.2381
27	4	0.146	1	1	0.146
27	4	0.2049	0	0	0.2049
27	4	0.09669	1	0	0.09669
27	4	1.876	0	0	1.876
27	4	1.999	1	1	1.999
27	4	0.06653	1	1	0.06653
27	4	5.232	1	1	5.232
27	4	5.439	0	0	5.439
27	4	1.583	1	1	1.583
27	4	1.779	1	1	1.779
27	4	0.02349	1	0	0.02349
27	4	0.01416	1	0	0.01416
27	4	1.824	0	0	1.824
27	4	0.3527	0	0	0.3527
27	4	0.4405	0	0	0.4405
27	4	5.455	1	1	5.455
27	4	0.8333	0	1	0.8333
27	4	0.5574	0	1	0.5574
27	4	1.218	1	0	1.218
27	4	0.3876	1	0	0.3876
27	4	0.8782	0	0	0.8782
28	4	1.843	0	0	1.843
28	4	5.323	0	0	5.323
28	4	1.994	1	1	1.994
28	4	0.8077	0	1	0.8077
28	4	5.186	1	1	5.186
28	4	5.182	0	0	5.182
28	4	0.08171	0	1	0.08171
28	4	1.647	1	1	1.647
28	4	0.6126	1	0	0.6126
28	4	0.6829	1	1	0.6829
28	4	5.526	0	0	5.526
28	4	1.762	0	1	1.762
28	4	0.2493	1	1	0.2493
28	4	0.726	1	1	0.726
28	4	0.5618	0	0	0.5618
28	4	0.3513	0	1	0.3513
28	4	5.375	1	1	5.375
28	4	1.859	0	0	1.859
28	4	0.1347	1	1	0.1347
28	4	2.01	0	0	2.01
28	4	5.39	1	1	5.39
28	4	0.8857	1	1	0.8857
28	4	0.4248	1	1	0.4248
28	4	0.02096	1	1	0.02096
28	4	1.91	1	0	1.91
28	4	5.889	1	1	5.889
28	4	0.7934	1	1	0.7934
28	4	0.0591	0	0	0.0591
28	4	0.4182	1	0	0.4182
28	4	0.1763	1	1	0.1763
28	4	1.128	0	1	1.128
28	4	0.4628	1	1	0.4628
28	4	1.862	0	0	1.862
28	4	5.451	0	0	5.451
28	4	5.254	1	1	5.254
28	4	0.4719	1	0	0.4719
28	4	1.028	1	1	1.028
28	4	0.2098	1	0	0.2098
28	4	0.4218	0	1	0.4218
28	4	1.091	1	1	1.091
28	4	1.995	0	0	1.995
28	4	0.3551	0	0	0.3551
28	4	0.07689	1	1	0.07689
28	4	1.448	0	0	1.448
28	4	5.212	1	1	5.212
28	4	0.2061	0	1	0.2061
28	4	0.1278	0	0	0.1278
28	4	0.6881	0	0	0.6881
28	4	0.5055	0	1	0.5055
28	4	0.1431	0	0	0.1431
29	4	0.4184	1	1	0.4184
29	4	0.5553	1	1	0.5553
29	4	0.2416	0	0	0.2416
29	4	0.4432	1	1	0.4432
29	4	0.2678	1	1	0.2678
29	4	0.1842	0	1	0.1842
29	4	1.172	1	0	1.172
29	4	1.183	0	0	1.183
29	4	5.251	0	0	5.251
29	4	1.819	0	1	1.819
29	4	0.8036	0	1	0.8036
29	4	1.716	0	0	1.716
29	4	0.396	0	1	0.396
29	4	0.008342	1	0	0.008342
29	4	5.379	0	0	5.379
29	4	5.542	1	1	5.542
29	4	2.052	0	0	2.052
29	4	0.3876	1	1	0.3876
29	4	0.1869	1	0	0.1869
29	4	5.611	1	1	5.611
29	4	1.785	1	1	1.785
29	4	5.061	1	1	5.061
29	4	1.191	0	1	1.191
29	4	0.8316	1	0	0.8316
29	4	0.2461	1	0	0.2461
29	4	1.744	1	1	1.744
29	4	0.7249	0	1	0.7249
29	4	1.968	0	1	1.968
29	4	0.8735	0	0	0.8735
29	4	5.632	1	1	5.632
29	4	0.3387	0	1	0.3387
29	4	1.724	0	0	1.724
29	4	0.6648	0	0	0.6648
29	4	0.2435	1	0	0.2435
29	4	0.05328	0	0	0.05328
29	4	0.5579	1	1	0.5579
29	4	1.904	0	0	1.904
29	4	1.034	0	1	1.034
29	4	5.468	1	1	5.468
29	4	1.784	1	1	1.784
29	4	1.01	1	1	1.01
29	4	1.794	1	1	1.794
29	4	5.68	1	1	5.68
29	4	0.4698	0	1	0.4698
29	4	0.7997	0	0	0.7997
29	4	0.6879	1	1	0.6879
29	4	5.471	0	0	5.471
29	4	5.816	1	1	5.816
29	4	0.9401	0	1	0.9401
29	4	0.5285	0	1	0.5285
30	5	0.2642	0	1	0.2642
30	5	5.533	0	0	5.533
30	5	1.658	0	0	1.658
30	5	5.363	1	1	5.363
30	5	0.2335	0	0	0.2335
30	5	5.459	0	0	5.459
30	5	0.5268	1	0	0.5268
30	5	0.5878	1	1	0.5878
30	5	1.267	0	0	1.267
30	5	0.3688	0	0	0.3688
30	5	0.904	0	1	0.904
30	5	0.4589	1	1	0.4589
30	5	1.744	0	0	1.744
30	5	0.632	0	0	0.632
30	5	0.2645	0	1	0.2645
30	5	2.058	0	0	2.058
30	5	1.855	1	0	1.855
30	5	0.7876	1	0	0.7876
30	5	0.7585	1	0	0.7585
30	5	0.6879	1	1	0.6879
30	5	0.202	1	1	0.202
30	5	1.009	0	1	1.009
30	5	1.738	1	0	1.738
30	5	1.866	0	0	1.866
30	5	0.4119	1	1	0.4119
30	5	5.529	1	1	5.529
30	5	0.3634	1	1	0.3634
30	5	0.008718	0	0	0.008718
30	5	2.045	1	1	2.045
30	5	5.641	1	1	5.641
30	5	0.5325	1	1	0.5325
30	5	5.665	1	1	5.665
30	5	0.8101	0	0	0.8101
30	5	0.2907	0	1	0.2907
30	5	0.4085	1	1	0.4085
30	5	1.941	0	0	1.941
30	5	1.934	0	1	1.934
30	5	0.8321	0	0	0.8321
30	5	5.291	0	0	5.291
30	5	0.6684	1	1	0.6684
30	5	1.692	1	1	1.692
30	5	0.1414	0	0	0.1414
30	5	0.6416	1	1	0.6416
30	5	0.003482	0	0	0.003482
30	5	0.4559	0	0	0.4559
30	5	5.45	1	1	5.45
30	5	0.2905	1	1	0.2905
30	5	0.0908	1	0	0.0908
30	5	5.916	0	0	5.916
30	5	5.535	0	0	5.535
31	5	0.3867	0	1	0.3867
31	5	1.466	0	0	1.466
31	5	1.005	0	1	1.005
31	5	1.063	1	1	1.063
31	5	5.521	1	1	5.521
31	5	0.4485	1	0	0.4485
31	5	5.347	1	1	5.347
31	5	0.3846	1	0	0.3846
31	5	5.214	1	1	5.214
31	5	1.689	1	1	1.689
31	5	0.5148	0	0	0.5148
31	5	1.859	1	1	1.859
31	5	0.9492	0	1	0.9492
31	5	0.9046	1	1	0.9046
31	5	0.02963	0	1	0.02963
31	5	1.825	1	1	1.825
31	5	0.3343	0	0	0.3343
31	5	5.391	0	0	5.391
31	5	1.842	1	1	1.842
31	5	0.5365	1	1	0.5365
31	5	0.7268	0	1	0.7268
31	5	0.9764	0	0	0.9764
31	5	5.31	0	0	5.31
31	5	0.5729	1	1	0.5729
31	5	0.5288	1	1	0.5288
31	5	1.8	0	1	1.8
31	5	0.2092	1	1	0.2092
31	5	1.81	1	1	1.81
31	5	1.746	1	1	1.746
31	5	0.2905	0	0	0.2905
31	5	0.06257	0	0	0.06257
31	5	5.83	1	1	5.83
31	5	0.1587	1	1	0.1587
31	5	0.1385	1	1	0.1385
31	5	1.315	1	1	1.315
31	5	1.238	0	0	1.238
31	5	2.188	0	0	2.188
31	5	0.138	0	1	0.138
31	5	1.59	1	1	1.59
31	5	0.1646	0	1	0.1646
31	5	0.3761	0	1	0.3761
31	5	0.5263	0	1	0.5263
31	5	5.732	0	0	5.732
31	5	5.386	0	0	5.386
31	5	5.47	1	1	5.47
31	5	0.9141	0	0	0.9141
31	5	0.266	0	0	0.266
31	5	5.258	0	0	5.258
31	5	0.7806	1	1	0.7806
31	5	0.3017	1	1	0.3017
32	5	0.9053	0	1	0.9053
32	5	0.2477	0	1	0.2477
32	5	1.343	0	0	1.343
32	5	0.6272	1	1	0.6272
32	5	0.1481	0	1	0.1481
32	5	0.3748	1	1	0.3748
32	5	5.485	0	0	5.485
32	5	1.733	1	1	1.733
32	5	1.04	1	1	1.04
32	5	0.6959	0	1	0.6959
32	5	0.2754	1	0	0.2754
32	5	0.8728	1	1	0.8728
32	5	5.684	1	1	5.684
32	5	0.01856	1	1	0.01856
32	5	0.2953	0	0	0.2953
32	5	1.626	1	1	1.626
32	5	5.206	1	1	5.206
32	5	1.132	0	0	1.132
32	5	0.01033	0	1	0.01033
32	5	0.3656	0	1	0.3656
32	5	1.89	0	0	1.89
32	5	0.06563	0	1	0.06563
32	5	0.3098	0	1	0.3098
32	5	0.3438	0	1	0.3438
32	5	0.5125	1	1	0.5125
32	5	1.204	0	1	1.204
32	5	1.126	1	0	1.126
32	5	5.615	1	1	5.615
32	5	1.883	1	1	1.883
32	5	5.146	0	0	5.146
32	5	0.3303	1	1	0.3303
32	5	5.657	1	1	5.657
32	5	1.821	1	1	1.821
32	5	0.864	0	0	0.864
32	5	0.8382	0	0	0.8382
32	5	1.461	0	0	1.461
32	5	0.4482	0	1	0.4482
32	5	5.134	0	0	5.134
32	5	0.4956	0	0	0.4956
32	5	0.2368	0	1	0.2368
32	5	2.09	1	1	2.09
32	5	5.47	1	1	5.47
32	5	0.05724	0	1	0.05724
32	5	2.224	1	1	2.224
32	5	0.4201	0	0	0.4201
32	5	1.976	1	1	1.976
32	5	0.3561	1	1	0.3561
32	5	5.553	1	1	5.553
32	5	5.347	1	1	5.347
32	5	0.1911	1	1	0.1911
33	5	1.787	0	0	1.787
33	5	0.01091	0	1	0.01091
33	5	1.022	0	0	1.022
33	5	5.436	1	1	5.436
33	5	0.08393	0	1	0.08393
33	5	5.476	1	1	5.476
33	5	5.903	1	1	5.903
33	5	5.605	1	1	5.605
33	5	1.479	1	1	1.479
33	5	0.7809	0	0	0.7809
33	5	0.2702	0	1	0.2702
33	5	1.962	0	0	1.962
33	5	5.229	1	1	5.229
33	5	0.6265	0	0	0.6265
33	5	5.583	0	0	5.583
33	5	0.1911	1	0	0.1911
33	5	1.292	0	0	1.292
33	5	0.3223	0	0	0.3223
33	5	2.201	1	1	2.201
33	5	2.329	0	1	2.329
33	5	1.864	1	1	1.864
33	5	0.3735	0	1	0.3735
33	5	0.8536	0	1	0.8536
33	5	0.7143	1	0	0.7143
33	5	0.4438	1	0	0.4438
33	5	5.628	0	0	5.628
33	5	0.8784	0	0	0.8784
33	5	1.044	0	0	1.044
33	5	5.2	0	0	5.2
33	5	0.674	0	1	0.674
33	5	0.09932	1	1	0.09932
33	5	0.001061	0	0	0.001061
33	5	2.038	1	1	2.038
33	5	0.1206	1	0	0.1206
33	5	0.5163	0	0	0.5163
33	5	0.4146	1	1	0.4146
33	5	1.881	1	1	1.881
33	5	5.465	1	1	5.465
33	5	1.777	1	1	1.777
33	5	0.9089	0	0	0.9089
33	5	0.4791	1	0	0.4791
33	5	1.396	1	1	1.396
33	5	5.573	1	1	5.573
33	5	0.5049	0	0	0.5049
33	5	0.7783	0	0	0.7783
33	5	2.044	1	1	2.044
33	5	0.2096	1	1	0.2096
33	5	1.038	0	1	1.038
33	5	1.127	1	1	1.127
33	5	0.499	0	1	0.499
34	5	5.409	1	1	5.409
34	5	2.521	0	1	2.521
34	5	1.189	0	0	1.189
34	5	0.1357	0	0	0.1357
34	5	1.868	1	1	1.868
34	5	1.717	0	1	1.717
34	5	0.2792	0	0	0.2792
34	5	0.5142	0	1	0.5142
34	5	1.871	0	0	1.871
34	5	0.0225	1	1	0.0225
34	5	0.4444	1	1	0.4444
34	5	0.06092	1	0	0.06092
34	5	2.029	0	0	2.029
34	5	0.7009	1	1	0.7009
34	5	5.033	0	0	5.033
34	5	1.047	1	1	1.047
34	5	5.417	1	1	5.417
34	5	0.3033	1	0	0.3033
34	5	0.8417	0	0	0.8417
34	5	1.119	0	0	1.119
34	5	1.994	0	0	1.994
34	5	2.099	0	0	2.099
34	5	1.626	1	1	1.626
34	5	0.339	1	1	0.339
34	5	1.564	1	1	1.564
34	5	0.9217	1	1	0.9217
34	5	0.7436	0	0	0.7436
34	5	0.9881	1	1	0.9881
34	5	0.8594	1	1	0.8594
34	5	1.69	1	1	1.69
34	5	5.461	0	0	5.461
34	5	0.5847	0	0	0.5847
34	5	5.211	1	1	5.211
34	5	1.048	0	0	1.048
34	5	0.009996	0	1	0.009996
34	5	5.529	0	0	5.529
34	5	0.2723	0	1	0.2723
34	5	5.473	1	1	5.473
34	5	5.268	0	0	5.268
34	5	0.0448	1	0	0.0448
34	5	0.6042	1	1	0.6042
34	5	0.3001	0	0	0.3001
34	5	0.7491	0	0	0.7491
34	5	0.5304	0	0	0.5304
34	5	1.018	1	1	1.018
34	5	5.397	1	1	5.397
34	5	0.1527	1	1	0.1527
34	5	0.2635	1	0	0.2635
34	5	5.485	0	0	5.485
34	5	0.1632	1	1	0.1632
35	5	5.26	0	0	5.26
35	5	0.7766	1	0	0.7766
35	5	0.6999	0	0	0.6999
35	5	1.023	1	1	1.023
35	5	0.6338	0	0	0.6338
35	5	0.01624	1	1	0.01624
35	5	1.776	0	1	1.776
35	5	0.2479	1	1	0.2479
35	5	0.2376	1	0	0.2376
35	5	0.1913	1	1	0.1913
35	5	0.2965	1	1	0.2965
35	5	5.255	1	1	5.255
35	5	0.1504	1	1	0.1504
35	5	0.7075	0	0	0.7075
35	5	0.1545	0	0	0.1545
35	5	1.743	0	0	1.743
35	5	5.772	1	1	5.772
35	5	0.8781	0	0	0.8781
35	5	0.4015	1	1	0.4015
35	5	5.742	0	0	5.742
35	5	5.107	0	0	5.107
35	5	0.4663	1	1	0.4663
35	5	0.1446	0	0	0.1446
35	5	0.2873	0	1	0.2873
35	5	1.946	1	1	1.946
35	5	0.2837	0	1	0.2837
35	5	0.83	0	0	0.83
35	5	1.846	1	1	1.846
35	5	1.995	0	1	1.995
35	5	5.477	0	0	5.477
35	5	1.309	1	1	1.309
35	5	1.64	0	0	1.64
35	5	1.003	1	0	1.003
35	5	1.941	0	0	1.941
35	5	0.5612	1	0	0.5612
35	5	0.598	1	1	0.598
35	5	0.28	0	0	0.28
35	5	1.669	1	1	1.669
35	5	5.129	1	1	5.129
35	5	5.691	0	0	5.691
35	5	0.9567	0	1	0.9567
35	5	5.049	1	1	5.049
35	5	0.9537	1	1	0.9537
35	5	0.8163	1	1	0.8163
35	5	0.2949	0	0	0.2949
35	5	0.4383	1	0	0.4383
35	5	0.3439	1	1	0.3439
35	5	5.455	0	0	5.455
35	5	0.5668	0	1	0.5668
35	5	1.943	1	1	1.943
36	5	1.787	1	1	1.787
36	5	0.7527	0	0	0.7527
36	5	0.7728	0	0	0.7728
36	5	5.698	0	0	5.698
36	5	0.1721	1	0	0.1721
36	5	0.1958	0	1	0.1958
36	5	0.4428	0	1	0.4428
36	5	0.1104	0	0	0.1104
36	5	1.748	0	0	1.748
36	5	1.229	1	1	1.229
36	5	5.447	0	1	5.447
36	5	0.2958	0	1	0.2958
36	5	5.828	1	1	5.828
36	5	0.2869	1	1	0.2869
36	5	1.578	1	1	1.578
36	5	1.918	1	1	1.918
36	5	5.363	1	1	5.363
36	5	1.817	1	0	1.817
36	5	5.202	0	0	5.202
36	5	2.248	1	1	2.248
36	5	0.7367	1	1	0.7367
36	5	0.4368	1	0	0.4368
36	5	1.019	1	0	1.019
36	5	0.3194	0	0	0.3194
36	5	5.259	1	1	5.259
36	5	0.2863	0	0	0.2863
36	5	0.2402	1	1	0.2402
36	5	1.13	1	1	1.13
36	5	5.505	0	0	5.505
36	5	0.8681	0	0	0.8681
36	5	0.844	1	0	0.844
36	5	0.7428	0	1	0.7428
36	5	0.2149	0	0	0.2149
36	5	0.4501	0	0	0.4501
36	5	5.67	0	0	5.67
36	5	0.3142	1	1	0.3142
36	5	5.795	1	1	5.795
36	5	0.8608	1	1	0.8608
36	5	0.1818	0	1	0.1818
36	5	1.057	1	1	1.057
36	5	1.188	0	0	1.188
36	5	1.838	1	1	1.838
36	5	0.2519	1	1	0.2519
36	5	0.6585	1	1	0.6585
36	5	1.75	1	0	1.75
36	5	2.064	1	1	2.064
36	5	0.008544	0	0	0.008544
36	5	0.3769	0	1	0.3769
36	5	5.174	0	0	5.174
36	5	0.3837	0	1	0.3837
37	5	5.944	1	1	5.944
37	5	1.668	0	0	1.668
37	5	0.8044	1	0	0.8044
37	5	1.07	1	0	1.07
37	5	2.112	1	1	2.112
37	5	0.593	1	1	0.593
37	5	0.3531	1	1	0.3531
37	5	0.8229	0	0	0.8229
37	5	5.151	1	1	5.151
37	5	0.343	1	1	0.343
37	5	0.4059	0	1	0.4059
37	5	5.445	0	0	5.445
37	5	1.902	0	0	1.902
37	5	0.3021	1	1	0.3021
37	5	5.655	0	0	5.655
37	5	1.998	1	1	1.998
37	5	0.7345	0	1	0.7345
37	5	1.639	1	1	1.639
37	5	1.085	1	1	1.085
37	5	5.476	1	1	5.476
37	5	0.3102	1	1	0.3102
37	5	0.4097	0	1	0.4097
37	5	0.2598	0	1	0.2598
37	5	0.3557	0	1	0.3557
37	5	5.155	0	0	5.155
37	5	0.6054	0	0	0.6054
37	5	0.9398	0	0	0.9398
37	5	5.365	0	0	5.365
37	5	0.5393	1	1	0.5393
37	5	0.2436	1	0	0.2436
37	5	0.503	0	1	0.503
37	5	0.8236	1	1	0.8236
37	5	1.879	0	1	1.879
37	5	1.682	1	1	1.682
37	5	0.5145	1	1	0.5145
37	5	5.513	1	1	5.513
37	5	5.452	0	0	5.452
37	5	2.241	1	1	2.241
37	5	1.944	1	1	1.944
37	5	0.3623	1	1	0.3623
37	5	0.1274	0	1	0.1274
37	5	1.845	0	0	1.845
37	5	0.4691	0	1	0.4691
37	5	0.4162	0	0	0.4162
37	5	5.726	1	1	5.726
37	5	0.5547	0	1	0.5547
37	5	0.4895	0	0	0.4895
37	5	1.119	1	1	1.119
37	5	0.5966	1	0	0.5966
37	5	1.091	0	0	1.091
38	5	1.843	0	0	1.843
38	5	5.614	0	0	5.614
38	5	1.717	1	1	1.717
38	5	0.8848	0	0	0.8848
38	5	5.788	1	1	5.788
38	5	4.831	0	0	4.831
38	5	0.4298	0	1	0.4298
38	5	1.95	1	1	1.95
38	5	0.5383	1	1	0.5383
38	5	0.8512	1	0	0.8512
38	5	5.329	0	0	5.329
38	5	1.931	0	0	1.931
38	5	0.469	1	1	0.469
38	5	1.138	1	0	1.138
38	5	0.1424	1	1	0.1424
38	5	0.3799	0	0	0.3799
38	5	5.434	1	1	5.434
38	5	1.591	0	0	1.591
38	5	0.3903	0	0	0.3903
38	5	1.747	0	1	1.747
38	5	5.436	1	1	5.436
38	5	0.8317	1	1	0.8317
38	5	0.2282	1	1	0.2282
38	5	0.2538	1	1	0.2538
38	5	1.476	1	1	1.476
38	5	5.458	1	1	5.458
38	5	1.05	1	1	1.05
38	5	0.2453	0	1	0.2453
38	5	0.3778	1	1	0.3778
38	5	0.4051	1	1	0.4051
38	5	0.725	0	0	0.725
38	5	0.009487	0	1	0.009487
38	5	1.719	0	0	1.719
38	5	5.692	0	0	5.692
38	5	5.499	1	1	5.499
38	5	0.9493	1	0	0.9493
38	5	1.089	1	1	1.089
38	5	0.08908	1	1	0.08908
38	5	0.3645	0	0	0.3645
38	5	1.139	1	1	1.139
38	5	1.856	0	0	1.856
38	5	0.2786	0	0	0.2786
38	5	0.4585	1	1	0.4585
38	5	2.024	0	0	2.024
38	5	5.575	1	1	5.575
38	5	0.4145	0	0	0.4145
38	5	0.1147	1	1	0.1147
38	5	0.1623	0	0	0.1623
38	5	0.6164	0	0	0.6164
38	5	0.02769	1	0	0.02769
39	5	0.2585	1	1	0.2585
39	5	0.4589	1	0	0.4589
39	5	0.02906	0	0	0.02906
39	5	0.405	1	1	0.405
39	5	0.1693	1	1	0.1693
39	5	0.09654	0	0	0.09654
39	5	0.9408	1	1	0.9408
39	5	0.6008	0	1	0.6008
39	5	5.107	0	0	5.107
39	5	1.791	0	1	1.791
39	5	0.9223	0	0	0.9223
39	5	2.062	0	0	2.062
39	5	0.9711	0	0	0.9711
39	5	0.2126	1	1	0.2126
39	5	5.324	0	0	5.324
39	5	5.278	1	1	5.278
39	5	1.726	0	0	1.726
39	5	0.3082	1	1	0.3082
39	5	0.4489	1	0	0.4489
39	5	5.601	1	1	5.601
39	5	1.51	1	1	1.51
39	5	5.581	1	1	5.581
39	5	0.7964	0	0	0.7964
39	5	1.076	1	0	1.076
39	5	0.7182	1	1	0.7182
39	5	1.776	1	0	1.776
39	5	0.778	0	0	0.778
39	5	1.608	0	0	1.608
39	5	0.9885	0	0	0.9885
39	5	5.573	1	1	5.573
39	5	0.2721	0	1	0.2721
39	5	2.043	0	0	2.043
39	5	0.5315	0	1	0.5315
39	5	0.1952	1	1	0.1952
39	5	0.176	0	0	0.176
39	5	0.3807	1	0	0.3807
39	5	1.922	0	0	1.922
39	5	1.007	0	0	1.007
39	5	5.538	1	1	5.538
39	5	2.027	1	1	2.027
39	5	1.225	1	1	1.225
39	5	2.103	1	1	2.103
39	5	5.476	1	1	5.476
39	5	0.1334	0	1	0.1334
39	5	1.057	0	0	1.057
39	5	0.4074	1	1	0.4074
39	5	5.227	0	0	5.227
39	5	5.589	1	1	5.589
39	5	1.009	0	0	1.009
39	5	0.1104	0	0	0.1104
40	6	0.8459	0	0	0.8459
40	6	1.026	1	1	1.026
40	6	3.585	1	1	3.585
40	6	0.04352	1	0	0.04352
40	6	0.824	1	1	0.824
40	6	3.505	1	1	3.505
40	6	0.5852	1	0	0.5852
40	6	0.4372	1	0	0.4372
40	6	0.3903	0	1	0.3903
40	6	0.08502	0	0	0.08502
40	6	0.344	1	0	0.344
40	6	0.9767	0	0	0.9767
40	6	0.3595	0	0	0.3595
40	6	0.009783	1	0	0.009783
40	6	3.52	1	1	3.52
40	6	0.006059	0	0	0.006059
40	6	0.1309	1	1	0.1309
40	6	3.362	1	1	3.362
40	6	0.2293	1	0	0.2293
40	6	0.5212	1	1	0.5212
40	6	0.4902	1	1	0.4902
40	6	0.1742	0	0	0.1742
40	6	0.1035	0	0	0.1035
40	6	0.7576	0	0	0.7576
40	6	3.726	0	0	3.726
40	6	0.08093	0	1	0.08093
40	6	0.4263	1	0	0.4263
40	6	0.5316	0	1	0.5316
40	6	0.2399	0	0	0.2399
40	6	0.192	0	1	0.192
40	6	3.41	1	1	3.41
40	6	0.7458	1	0	0.7458
40	6	0.1929	1	1	0.1929
40	6	3.753	1	1	3.753
40	6	0.735	0	1	0.735
40	6	0.309	1	1	0.309
40	6	0.01997	1	0	0.01997
40	6	3.613	0	0	3.613
40	6	3.786	0	1	3.786
40	6	0.4225	0	1	0.4225
40	6	0.06218	0	1	0.06218
40	6	0.3072	0	1	0.3072
40	6	3.761	0	0	3.761
40	6	0.2733	0	1	0.2733
40	6	0.5622	0	1	0.5622
40	6	0.7856	0	1	0.7856
40	6	0.6584	0	1	0.6584
40	6	0.3034	1	0	0.3034
40	6	0.6934	1	1	0.6934
40	6	0.04523	1	0	0.04523
41	6	3.624	0	0	3.624
41	6	0.3537	0	1	0.3537
41	6	0.8922	0	0	0.8922
41	6	3.483	1	1	3.483
41	6	0.1535	0	1	0.1535
41	6	0.3886	1	1	0.3886
41	6	0.6812	1	1	0.6812
41	6	0.2175	1	1	0.2175
41	6	0.05201	1	0	0.05201
41	6	0.4878	1	1	0.4878
41	6	0.8381	0	0	0.8381
41	6	1.065	0	0	1.065
41	6	0.4785	1	0	0.4785
41	6	0.4551	0	1	0.4551
41	6	0.3408	1	0	0.3408
41	6	0.5336	1	1	0.5336
41	6	0.5986	0	1	0.5986
41	6	3.775	1	1	3.775
41	6	0.1015	0	1	0.1015
41	6	0.723	0	1	0.723
41	6	0.8657	1	0	0.8657
41	6	1.138	0	0	1.138
41	6	0.3129	0	0	0.3129
41	6	0.5184	1	1	0.5184
41	6	3.617	1	1	3.617
41	6	0.3098	0	0	0.3098
41	6	3.381	0	0	3.381
41	6	1.21	0	1	1.21
41	6	1.007	1	1	1.007
41	6	0.11	0	0	0.11
41	6	0.3234	1	0	0.3234
41	6	0.1601	0	1	0.1601
41	6	0.003061	0	1	0.003061
41	6	0.3475	1	1	0.3475
41	6	3.27	0	0	3.27
41	6	1.028	0	0	1.028
41	6	0.5044	1	1	0.5044
41	6	0.3303	1	1	0.3303
41	6	0.2415	0	0	0.2415
41	6	0.8607	0	1	0.8607
41	6	0.9656	0	1	0.9656
41	6	3.984	1	1	3.984
41	6	3.712	0	0	3.712
41	6	0.3078	1	0	0.3078
41	6	0.3786	0	1	0.3786
41	6	0.1238	1	0	0.1238
41	6	0.00847	0	1	0.00847
41	6	3.924	1	1	3.924
41	6	3.555	1	1	3.555
41	6	0.5703	1	1	0.5703
42	6	3.846	0	1	3.846
42	6	0.9458	0	1	0.9458
42	6	1.092	1	1	1.092
42	6	0.06039	1	1	0.06039
42	6	0.2366	0	1	0.2366
42	6	3.788	1	1	3.788
42	6	0.4951	1	0	0.4951
42	6	1.006	1	1	1.006
42	6	3.669	0	0	3.669
42	6	3.483	1	1	3.483
42	6	0.2982	1	0	0.2982
42	6	0.1403	1	1	0.1403
42	6	0.0339	1	0	0.0339
42	6	0.7288	0	0	0.7288
42	6	3.509	0	0	3.509
42	6	0.05694	0	1	0.05694
42	6	0.2329	0	1	0.2329
42	6	0.4417	1	0	0.4417
42	6	0.7411	0	0	0.7411
42	6	3.554	0	0	3.554
42	6	3.887	0	0	3.887
42	6	0.06922	0	0	0.06922
42	6	0.3646	0	1	0.3646
42	6	0.5	1	0	0.5
42	6	0.1849	0	1	0.1849
42	6	0.4551	1	1	0.4551
42	6	0.6901	0	0	0.6901
42	6	0.1101	0	1	0.1101
42	6	0.2504	1	1	0.2504
42	6	0.3757	0	0	0.3757
42	6	0.6094	1	1	0.6094
42	6	0.9851	0	0	0.9851
42	6	1.092	1	1	1.092
42	6	3.539	0	0	3.539
42	6	0.2616	1	0	0.2616
42	6	3.351	0	0	3.351
42	6	0.1657	0	0	0.1657
42	6	0.7394	0	0	0.7394
42	6	0.5741	1	0	0.5741
42	6	0.7338	1	1	0.7338
42	6	0.2327	1	0	0.2327
42	6	0.01565	1	0	0.01565
42	6	0.6876	1	1	0.6876
42	6	0.2998	0	1	0.2998
42	6	0.2953	1	0	0.2953
42	6	0.1796	1	0	0.1796
42	6	0.4254	1	0	0.4254
42	6	0.3608	1	1	0.3608
42	6	3.64	1	1	3.64
42	6	0.1299	1	0	0.1299
43	6	0.329	1	1	0.329
43	6	3.736	1	1	3.736
43	6	0.5863	1	0	0.5863
43	6	0.7937	1	1	0.7937
43	6	0.4857	0	1	0.4857
43	6	0.6578	1	0	0.6578
43	6	0.9161	0	1	0.9161
43	6	3.663	1	1	3.663
43	6	0.07383	1	0	0.07383
43	6	0.9073	0	1	0.9073
43	6	0.1836	0	0	0.1836
43	6	3.502	0	0	3.502
43	6	1.044	1	1	1.044
43	6	0.09562	1	1	0.09562
43	6	0.2276	0	0	0.2276
43	6	0.1334	1	1	0.1334
43	6	4.024	1	1	4.024
43	6	0.763	0	1	0.763
43	6	3.812	0	0	3.812
43	6	0.356	1	1	0.356
43	6	0.4773	1	1	0.4773
43	6	0.293	0	1	0.293
43	6	0.1939	0	1	0.1939
43	6	0.08171	0	0	0.08171
43	6	0.6465	1	1	0.6465
43	6	0.2289	1	0	0.2289
43	6	0.2187	0	1	0.2187
43	6	3.773	0	0	3.773
43	6	3.567	1	1	3.567
43	6	0.5012	0	0	0.5012
43	6	0.1038	1	1	0.1038
43	6	3.949	1	1	3.949
43	6	0.1722	0	0	0.1722
43	6	0.05103	1	0	0.05103
43	6	3.962	1	1	3.962
43	6	1.066	1	1	1.066
43	6	0.2061	0	0	0.2061
43	6	0.2788	0	1	0.2788
43	6	0.3444	0	0	0.3444
43	6	0.8978	1	0	0.8978
43	6	0.2692	0	1	0.2692
43	6	0.5525	0	0	0.5525
43	6	0.7128	1	1	0.7128
43	6	0.1836	1	1	0.1836
43	6	0.05084	0	1	0.05084
43	6	0.7445	1	1	0.7445
43	6	0.1793	1	1	0.1793
43	6	0.6412	0	0	0.6412
43	6	3.562	1	1	3.562
43	6	0.05727	1	0	0.05727
44	6	3.63	1	1	3.63
44	6	3.681	1	1	3.681
44	6	0.2086	0	0	0.2086
44	6	0.1601	1	1	0.1601
44	6	3.655	1	1	3.655
44	6	0.6625	0	0	0.6625
44	6	0.2189	0	0	0.2189
44	6	1.066	1	0	1.066
44	6	1.138	0	0	1.138
44	6	0.4662	0	0	0.4662
44	6	0.3783	0	1	0.3783
44	6	0.8089	1	1	0.8089
44	6	0.6143	1	1	0.6143
44	6	0.3032	0	0	0.3032
44	6	0.0858	0	0	0.0858
44	6	0.1118	1	0	0.1118
44	6	0.3405	0	1	0.3405
44	6	0.4012	1	1	0.4012
44	6	0.05422	1	0	0.05422
44	6	0.2397	0	0	0.2397
44	6	3.729	0	1	3.729
44	6	0.9776	0	1	0.9776
44	6	1.13	1	1	1.13
44	6	0.1188	0	1	0.1188
44	6	0.3771	0	0	0.3771
44	6	0.2684	1	1	0.2684
44	6	0.008424	0	1	0.008424
44	6	0.2474	1	1	0.2474
44	6	0.4923	1	1	0.4923
44	6	0.3758	1	1	0.3758
44	6	3.833	0	0	3.833
44	6	1.245	0	0	1.245
44	6	3.415	1	1	3.415
44	6	3.89	1	1	3.89
44	6	0.2739	0	0	0.2739
44	6	1.111	0	1	1.111
44	6	0.7689	1	1	0.7689
44	6	0.3381	0	0	0.3381
44	6	3.147	1	1	3.147
44	6	0.1146	0	0	0.1146
44	6	0.859	1	1	0.859
44	6	3.57	1	1	3.57
44	6	0.4143	0	0	0.4143
44	6	0.7656	0	0	0.7656
44	6	0.6251	0	0	0.6251
44	6	0.7306	1	1	0.7306
44	6	0.3174	0	1	0.3174
44	6	3.474	1	1	3.474
44	6	0.041	0	0	0.041
44	6	0.5223	1	1	0.5223
45	6	0.1156	1	1	0.1156
45	6	3.47	1	1	3.47
45	6	0.09414	1	0	0.09414
45	6	0.03742	0	0	0.03742
45	6	0.8043	0	0	0.8043
45	6	0.586	1	1	0.586
45	6	1.139	1	0	1.139
45	6	3.742	0	0	3.742
45	6	0.352	0	1	0.352
45	6	0.9257	1	1	0.9257
45	6	0.3548	1	0	0.3548
45	6	0.3844	1	1	0.3844
45	6	0.7349	0	0	0.7349
45	6	0.5015	1	1	0.5015
45	6	3.93	0	0	3.93
45	6	1.183	0	1	1.183
45	6	0.007783	0	1	0.007783
45	6	0.1533	0	0	0.1533
45	6	0.3363	0	0	0.3363
45	6	3.769	1	1	3.769
45	6	0.1861	1	0	0.1861
45	6	0.422	0	1	0.422
45	6	3.662	1	1	3.662
45	6	0.6662	1	1	0.6662
45	6	0.06384	1	1	0.06384
45	6	0.1896	0	0	0.1896
45	6	0.6626	1	1	0.6626
45	6	3.768	0	0	3.768
45	6	0.7846	0	0	0.7846
45	6	0.6458	1	1	0.6458
45	6	0.08216	1	1	0.08216
45	6	0.4035	1	1	0.4035
45	6	3.747	1	1	3.747
45	6	0.3465	0	1	0.3465
45	6	0.3566	0	1	0.3566
45	6	0.4389	1	1	0.4389
45	6	0.3156	1	0	0.3156
45	6	3.669	1	1	3.669
45	6	0.415	0	0	0.415
45	6	0.4796	0	0	0.4796
45	6	0.4119	0	0	0.4119
45	6	0.3638	1	1	0.3638
45	6	1.242	0	1	1.242
45	6	0.949	0	1	0.949
45	6	0.2382	1	1	0.2382
45	6	0.9565	0	0	0.9565
45	6	3.539	0	0	3.539
45	6	0.7878	1	1	0.7878
45	6	0.3381	0	0	0.3381
45	6	3.841	0	0	3.841
46	6	0.447	1	1	0.447
46	6	3.418	0	0	3.418
46	6	0.3005	1	0	0.3005
46	6	0.1529	1	1	0.1529
46	6	0.03122	0	1	0.03122
46	6	0.06394	0	1	0.06394
46	6	1.181	0	1	1.181
46	6	3.659	1	1	3.659
46	6	0.09165	1	1	0.09165
46	6	0.06632	0	1	0.06632
46	6	0.2115	0	0	0.2115
46	6	1.026	0	1	1.026
46	6	3.777	0	0	3.777
46	6	0.5346	0	1	0.5346
46	6	0.3709	1	1	0.3709
46	6	1.323	0	1	1.323
46	6	0.3642	0	0	0.3642
46	6	1.293	0	0	1.293
46	6	0.09211	1	0	0.09211
46	6	0.3353	1	1	0.3353
46	6	0.7311	1	1	0.7311
46	6	0.1726	1	0	0.1726
46	6	0.4623	1	0	0.4623
46	6	0.0911	1	1	0.0911
46	6	0.5786	0	1	0.5786
46	6	3.784	0	0	3.784
46	6	0.4076	0	0	0.4076
46	6	3.756	1	1	3.756
46	6	0.08289	1	1	0.08289
46	6	0.01595	0	1	0.01595
46	6	3.549	1	1	3.549
46	6	0.2893	0	1	0.2893
46	6	3.999	1	1	3.999
46	6	1.109	0	0	1.109
46	6	0.1148	0	1	0.1148
46	6	0.5395	1	1	0.5395
46	6	0.5657	1	0	0.5657
46	6	0.4186	0	0	0.4186
46	6	0.9307	1	1	0.9307
46	6	0.8206	1	0	0.8206
46	6	3.725	1	1	3.725
46	6	3.638	0	1	3.638
46	6	0.2001	1	1	0.2001
46	6	0.8942	1	1	0.8942
46	6	0.2388	1	0	0.2388
46	6	0.5795	0	1	0.5795
46	6	0.07424	0	1	0.07424
46	6	0.1188	0	1	0.1188
46	6	0.7607	1	1	0.7607
46	6	4.128	1	1	4.128
47	6	0.05373	1	1	0.05373
47	6	0.9579	0	1	0.9579
47	6	0.08307	1	1	0.08307
47	6	0.2744	0	0	0.2744
47	6	0.05185	1	1	0.05185
47	6	0.2352	1	1	0.2352
47	6	0.01062	1	1	0.01062
47	6	0.1309	0	1	0.1309
47	6	0.2897	1	1	0.2897
47	6	0.9626	0	1	0.9626
47	6	0.3907	0	1	0.3907
47	6	0.5672	1	1	0.5672
47	6	3.437	1	1	3.437
47	6	0.1388	1	1	0.1388
47	6	0.3972	1	1	0.3972
47	6	0.3389	1	1	0.3389
47	6	3.548	1	1	3.548
47	6	3.418	0	0	3.418
47	6	0.979	0	1	0.979
47	6	0.1146	0	0	0.1146
47	6	0.2008	1	1	0.2008
47	6	0.8331	0	0	0.8331
47	6	3.636	0	0	3.636
47	6	0.9817	0	0	0.9817
47	6	1.115	0	0	1.115
47	6	3.582	1	1	3.582
47	6	3.714	0	0	3.714
47	6	0.01751	1	1	0.01751
47	6	0.4439	1	0	0.4439
47	6	0.6683	1	0	0.6683
47	6	0.7688	1	1	0.7688
47	6	0.07134	0	1	0.07134
47	6	0.0971	1	0	0.0971
47	6	3.269	1	1	3.269
47	6	0.6674	1	1	0.6674
47	6	3.232	1	1	3.232
47	6	3.53	1	1	3.53
47	6	3.547	0	0	3.547
47	6	0.06736	1	1	0.06736
47	6	0.2147	1	0	0.2147
47	6	0.9204	0	0	0.9204
47	6	0.03613	1	0	0.03613
47	6	0.1626	0	1	0.1626
47	6	0.5162	0	0	0.5162
47	6	1.062	1	0	1.062
47	6	0.1965	1	1	0.1965
47	6	0.332	0	0	0.332
47	6	0.4814	1	1	0.4814
47	6	0.8968	1	1	0.8968
47	6	0.3453	0	1	0.3453
48	6	0.02161	1	1	0.02161
48	6	0.4013	1	1	0.4013
48	6	0.2537	1	1	0.2537
48	6	0.7126	0	0	0.7126
48	6	1.004	0	0	1.004
48	6	0.4068	1	1	0.4068
48	6	0.3953	1	1	0.3953
48	6	0.1524	0	0	0.1524
48	6	3.96	0	1	3.96
48	6	0.1052	1	1	0.1052
48	6	0.811	0	1	0.811
48	6	0.9624	1	1	0.9624
48	6	0.06924	1	1	0.06924
48	6	0.07691	0	0	0.07691
48	6	3.452	1	1	3.452
48	6	3.741	0	0	3.741
48	6	0.2471	0	1	0.2471
48	6	0.004627	0	0	0.004627
48	6	1.049	0	0	1.049
48	6	0.5607	1	0	0.5607
48	6	0.943	0	0	0.943
48	6	3.562	1	1	3.562
48	6	0.06853	1	0	0.06853
48	6	0.3707	0	1	0.3707
48	6	0.3768	0	0	0.3768
48	6	0.009952	1	0	0.009952
48	6	0.2825	0	1	0.2825
48	6	0.2222	1	0	0.2222
48	6	0.7121	1	0	0.7121
48	6	3.891	0	0	3.891
48	6	0.01736	1	0	0.01736
48	6	0.9905	1	0	0.9905
48	6	0.2592	0	0	0.2592
48	6	0.4706	0	1	0.4706
48	6	3.607	0	0	3.607
48	6	0.09393	1	1	0.09393
48	6	0.7755	1	1	0.7755
48	6	0.4109	1	1	0.4109
48	6	0.4009	1	1	0.4009
48	6	0.04126	1	1	0.04126
48	6	0.1355	0	1	0.1355
48	6	3.85	1	1	3.85
48	6	3.745	0	0	3.745
48	6	0.2876	0	0	0.2876
48	6	0.2033	1	0	0.2033
48	6	0.2334	0	1	0.2334
48	6	0.438	0	1	0.438
48	6	1.254	0	1	1.254
48	6	3.629	1	1	3.629
48	6	3.284	0	0	3.284
49	6	0.09638	0	1	0.09638
49	6	3.668	1	1	3.668
49	6	0.4757	1	1	0.4757
49	6	0.3227	0	1	0.3227
49	6	0.08577	0	1	0.08577
49	6	0.491	0	0	0.491
49	6	0.01522	0	0	0.01522
49	6	3.726	0	0	3.726
49	6	0.118	0	1	0.118
49	6	0.02858	0	1	0.02858
49	6	0.7737	0	1	0.7737
49	6	1.108	0	1	1.108
49	6	0.1524	0	0	0.1524
49	6	0.3736	1	1	0.3736
49	6	0.3055	0	1	0.3055
49	6	0.4459	1	1	0.4459
49	6	1.169	1	1	1.169
49	6	3.608	0	0	3.608
49	6	0.5072	1	0	0.5072
49	6	0.8726	0	0	0.8726
49	6	0.06784	0	1	0.06784
49	6	0.5505	1	1	0.5505
49	6	0.5306	1	1	0.5306
49	6	0.1642	1	1	0.1642
49	6	0.02603	1	1	0.02603
49	6	0.8198	0	0	0.8198
49	6	3.765	1	1	3.765
49	6	0.7729	0	0	0.7729
49	6	3.536	1	1	3.536
49	6	0.1437	0	1	0.1437
49	6	0.9365	0	1	0.9365
49	6	0.2829	1	0	0.2829
49	6	0.2344	0	0	0.2344
49	6	0.2404	0	1	0.2404
49	6	1.128	0	0	1.128
49	6	0.0476	0	0	0.0476
49	6	0.5067	0	1	0.5067
49	6	0.2559	1	0	0.2559
49	6	0.07607	1	0	0.07607
49	6	3.465	0	0	3.465
49	6	0.3016	0	0	0.3016
49	6	3.604	0	0	3.604
49	6	3.573	1	1	3.573
49	6	0.01283	1	1	0.01283
49	6	3.416	1	1	3.416
49	6	1.057	1	1	1.057
49	6	0.03202	1	0	0.03202
49	6	0.04094	0	0	0.04094
49	6	3.564	0	0	3.564
49	6	0.8963	1	0	0.8963
