0	2	0.2651	0	0	0.6161	3.624
0	2	5.534	0	0	-0.2343	1.52
0	2	1.656	0	0	0.1517	1.446
0	2	5.364	1	1	0.5436	0.1791
0	2	0.2341	0	0	-0.01912	2.416
0	2	5.459	0	0	0.3612	1.131
0	2	0.5273	1	1	0.5719	-0.04907
0	2	0.5884	1	1	0.1878	0.1791
0	2	1.267	0	0	-1.194	0.8729
0	2	0.3677	0	0	0.1349	0.7822
0	2	0.9031	0	1	-0.6031	0.5932
0	2	0.4577	1	1	-0.1273	-1.9
0	2	1.744	0	0	0.3695	0.2876
0	2	0.6324	0	0	-0.4954	0.1791
0	2	0.2634	0	0	0.5231	0.4944
0	2	2.058	0	0	-0.2367	0.06701
0	2	1.855	1	1	0.6688	-0.04907
0	2	0.7889	1	1	1.131	-0.8468
0	2	0.7596	1	1	1.337	-1.332
0	2	0.6889	1	0	0.3112	0.8729
0	2	0.2032	1	0	0.4943	1.131
0	2	1.009	0	0	0.08426	0.3926
0	2	1.738	1	1	-1.236	1.292
0	2	1.867	0	0	0.5583	-0.2942
0	2	0.4115	1	0	-0.06169	0.06701
0	2	5.528	1	1	-4.527	-1.162
0	2	0.3634	1	1	0.4404	0.9611
0	2	0.009953	0	0	1.048	1.131
0	2	2.044	1	1	0.8212	-0.4239
0	2	5.64	1	1	0.006902	-1.511
0	2	0.5328	1	1	-1.044	-0.4239
0	2	5.666	1	1	1.95	-1.511
0	2	0.8094	0	0	2.17	0.4944
0	2	0.2914	0	0	0.3452	-0.8468
0	2	0.4125	1	1	-0.05979	-1.162
0	2	1.941	0	0	-2.281	-0.4239
0	2	1.934	0	0	2.145	-1.001
0	2	0.8324	0	0	-0.1306	2.633
0	2	5.291	0	0	-0.3307	-1.511
0	2	0.668	1	0	0.6338	-0.4239
0	2	1.691	1	1	1.289	-0.1694
0	2	0.1405	0	0	-0.3178	-3.14
0	2	0.6408	1	0	-2.807	-0.4239
0	2	0.001893	0	0	-1.257	-1.001
0	2	0.4559	0	1	1.01	0.3926
0	2	5.45	1	1	0.6495	0.1791
0	2	0.2903	1	0	0.5773	-3.455
0	2	0.09099	1	0	0.1241	-2.587
0	2	5.917	0	0	0.2743	-0.2942
0	2	5.535	0	0	1.023	-1.162
1	2	0.3871	0	1	-0.6771	1.869
1	2	1.466	0	0	0.6644	-0.04907
1	2	1.007	0	0	0.8009	-0.1694
1	2	1.064	1	1	-0.3639	-0.6998
1	2	5.52	1	1	-1.013	-0.4239
1	2	0.4491	1	0	0.1772	-0.1694
1	2	5.346	1	1	-0.4413	-2.114
1	2	0.3846	1	0	0.7188	-1.162
1	2	5.213	1	1	0.719	-2.587
1	2	1.687	1	1	-0.8003	0.4944
1	2	0.5143	0	1	-0.1618	-0.2942
1	2	1.859	1	0	-0.04024	1.292
1	2	0.9489	0	1	0.2735	-3.455
1	2	0.9059	1	0	0.2227	-0.4239
1	2	0.02961	0	0	-0.121	0.1791
1	2	1.826	1	0	0.02134	0.9611
1	2	0.3342	0	0	-0.274	0.1791
1	2	5.392	0	0	1.052	0.5932
1	2	1.842	1	1	-0.8213	-0.8468
1	2	0.537	1	1	-0.1004	-3.455
1	2	0.729	0	0	-0.3938	-0.04907
1	2	0.9735	0	0	1.184	-1.162
1	2	5.31	0	0	0.2865	-0.4239
1	2	0.5716	1	1	0.06647	-2.852
1	2	0.5304	1	1	-0.8873	-1.9
1	2	1.8	0	1	0.7697	0.3926
1	2	0.2085	1	1	-0.6403	-2.587
1	2	1.81	1	1	-1.959	-3.455
1	2	1.744	1	0	2.113	-0.1694
1	2	0.2904	0	1	-0.6614	1.802
1	2	0.06229	0	1	0.8232	1.131
1	2	5.83	1	1	-0.01907	-1.511
1	2	0.1587	1	1	-0.9714	-1.7
1	2	0.1382	1	1	1.348	-2.587
1	2	1.312	1	1	-0.5683	-2.114
1	2	1.238	0	1	1.752	-1.001
1	2	2.187	0	1	0.8423	-0.4239
1	2	0.138	0	0	-0.09261	0.1791
1	2	1.589	1	1	-1.207	-1.162
1	2	0.1648	0	1	1.438	1.37
1	2	0.374	0	1	1.385	-0.1694
1	2	0.528	0	1	1.032	-1.162
1	2	5.732	0	0	1.131	-1.511
1	2	5.386	0	0	0.02489	-1.511
1	2	5.469	1	1	1.403	-2.852
1	2	0.914	0	1	1.191	-1.162
1	2	0.2663	0	1	-1.114	0.6891
1	2	5.258	0	0	0.3513	-0.6998
1	2	0.7808	1	0	1.312	-2.114
1	2	0.3013	1	1	0.8227	-0.8468
2	2	0.9061	0	1	-1.734	-2.852
2	2	0.2477	0	0	0.3125	-1.332
2	2	1.343	0	0	-0.6482	-1.7
2	2	0.6271	1	0	-0.2175	-1.511
2	2	0.1464	0	0	-0.663	-0.8468
2	2	0.374	1	1	0.7668	-2.587
2	2	5.483	0	0	0.03876	-1.511
2	2	1.734	1	1	0.744	-3.455
2	2	1.039	1	1	0.8707	-0.8468
2	2	0.6967	0	0	0.1852	-0.1694
2	2	0.2381	1	0	1.842	-0.6998
2	2	0.8169	1	1	-0.263	0.2876
2	2	5.526	1	1	1.049	-2.852
2	2	0.1013	0	1	1.039	-1.511
2	2	0.2907	0	0	0.304	-0.1694
2	2	1.575	1	1	1.478	-1.7
2	2	5.449	1	1	0.03962	-1.9
2	2	0.6082	0	0	2.15	-0.1694
2	2	0.3624	1	1	0.2609	-1.162
2	2	0.2363	0	1	-0.4732	1.131
2	2	1.576	0	1	0.04279	-0.1694
2	2	0.5399	1	1	0.5913	-0.4239
2	2	0.01718	0	0	-1.723	0.06701
2	2	0.03018	0	1	0.0012	0.1791
2	2	0.4895	1	1	-1.202	0.1791
2	2	0.8717	0	0	-0.669	0.2876
2	2	1.151	1	1	-0.7536	-0.04907
2	2	5.552	1	1	-0.6359	-2.114
2	2	1.884	1	1	1.773	0.6891
2	2	5.146	0	0	-0.542	-0.1694
2	2	0.3297	1	1	0.1921	-1.001
2	2	5.659	1	1	0.4197	-0.4239
2	2	1.821	1	1	-0.5525	-3.455
2	2	0.864	0	1	0.6763	-1.7
2	2	0.838	0	0	0.859	-0.6998
2	2	1.462	0	1	0.1176	-0.4239
2	2	0.4466	0	1	-0.647	-1.511
2	2	5.134	0	0	-0.5095	-0.6998
2	2	0.4939	0	1	-1.628	-0.6998
2	2	0.2362	0	1	-0.9676	-1.511
2	2	2.089	1	1	0.8999	-2.587
2	2	5.469	1	1	-0.7186	-1.511
2	2	0.0584	0	0	1.204	0.1791
2	2	2.223	1	1	-1.104	-2.587
2	2	0.4201	0	1	-2.183	-1.162
2	2	1.974	1	1	3.419	-1.511
2	2	0.3554	1	1	0.2467	-1.162
2	2	5.554	1	1	0.8859	-1.332
2	2	5.347	1	1	0.3964	-1.7
2	2	0.1908	1	1	-2.164	-1.9
3	2	1.787	0	1	0.2554	1.664
3	2	0.01095	0	1	-0.2566	-3.455
3	2	1.022	0	1	0.4479	-0.04907
3	2	5.435	1	1	0.1034	-1.162
3	2	0.08478	0	1	0.6253	0.3926
3	2	5.476	1	1	-0.4137	-2.342
3	2	5.902	1	1	-0.4286	-2.114
3	2	5.605	1	1	-0.6719	-1.511
3	2	1.478	1	1	-0.4293	-2.342
3	2	0.7811	0	0	-0.6359	0.06701
3	2	0.2733	0	1	0.8827	0.6891
3	2	1.962	0	1	0.1511	-0.04907
3	2	5.227	1	1	-0.4224	-1.162
3	2	0.6273	0	0	1.571	0.06701
3	2	5.583	0	0	0.8711	-0.6998
3	2	0.1914	1	1	1.745	-2.587
3	2	1.293	0	1	2.711	-1.9
3	2	0.3228	0	0	0.06216	-0.559
3	2	2.2	1	1	-2.318	-1.162
3	2	2.329	0	0	0.2613	-1.511
3	2	1.863	1	1	1.647	0.1791
3	2	0.3738	0	1	-0.9343	0.8729
3	2	0.8536	0	0	-0.7349	-0.559
3	2	0.7137	1	1	0.3789	-1.162
3	2	0.4445	1	0	0.5292	-0.04907
3	2	5.629	0	0	0.5914	-1.001
3	2	0.8784	0	1	0.3754	-1.7
3	2	1.044	0	0	-0.3712	-0.6998
3	2	5.2	0	0	0.5551	-1.332
3	2	0.6738	0	1	1.707	1.131
3	2	0.09977	1	1	0.08614	-0.559
3	2	0.0002632	0	0	-1.4	0.8729
3	2	2.038	1	1	-1.762	-0.04907
3	2	0.1194	1	1	-1.862	-1.7
3	2	0.5118	0	0	2.279	0.4944
3	2	0.4123	1	1	0.6763	-2.342
3	2	1.881	1	1	0.2607	-2.342
3	2	5.463	1	1	-0.0334	-1.332
3	2	1.777	1	1	-1.792	0.9611
3	2	0.9089	0	0	1.763	0.7822
3	2	0.4798	1	1	-0.2849	0.1791
3	2	1.396	1	1	-0.5202	0.1791
3	2	5.572	1	1	-0.3066	-3.455
3	2	0.5047	0	1	0.5837	-0.559
3	2	0.7789	0	1	-2.68	-0.8468
3	2	2.045	1	1	-2.303	-2.342
3	2	0.2112	1	0	0.09137	1.869
3	2	1.038	0	0	-2.226	-0.1694
3	2	1.126	1	0	0.08533	1.934
3	2	0.4988	0	1	0.04273	-0.1694
4	2	5.431	1	1	0.6891	-1.9
4	2	1.616	0	0	0.9659	-0.04907
4	2	1.111	0	0	0.3004	0.3926
4	2	0.2376	0	1	-1.012	-1.511
4	2	1.784	1	1	-0.129	-1.7
4	2	1.739	0	0	1.159	0.3926
4	2	0.3036	0	0	-0.9661	0.5932
4	2	0.5579	0	0	0.004279	0.5932
4	2	1.861	0	0	0.3302	1.52
4	2	0.03425	0	1	0.8824	-1.162
4	2	0.3776	1	1	-0.06607	0.06701
4	2	0.07325	0	0	0.09175	0.1791
4	2	1.89	0	0	-0.9531	-1.162
4	2	1.051	1	0	0.02827	-1.332
4	2	5.629	0	0	-0.6523	-1.162
4	2	1.082	1	1	-0.05701	0.5932
4	2	5.23	1	1	-2.689	0.8729
4	2	0.2375	1	0	0.0195	0.06701
4	2	0.5725	0	1	0.2774	1.131
4	2	0.9067	0	0	-0.8574	0.4944
4	2	1.418	0	0	-1.123	2.184
4	2	2.263	0	0	0.3755	-1.001
4	2	1.813	1	1	0.547	-1.001
4	2	0.04574	0	1	-0.3488	0.3926
4	2	1.729	1	1	0.646	-1.162
4	2	0.9182	1	0	1.038	1.52
4	2	0.6394	0	1	-0.6426	0.06701
4	2	1.039	1	1	-0.8007	-0.6998
4	2	1.19	1	1	-0.117	-1.332
4	2	1.903	1	0	-0.3309	-1.162
4	2	5.596	0	0	1.333	-0.04907
4	2	0.8155	0	1	-0.5833	-0.559
4	2	5.813	1	1	-1.015	-1.162
4	2	1.026	0	0	0.377	1.131
4	2	0.4184	1	0	1.156	0.7822
4	2	5.033	0	0	-0.6371	-0.8468
4	2	0.9297	0	1	0.7951	0.9611
4	2	5.302	1	1	0.4489	-1.7
4	2	5.734	0	0	0.3623	-0.6998
4	2	0.4373	0	1	-3.117	-1.7
4	2	0.5324	1	1	0.0591	-0.4239
4	2	0.454	0	1	1	-0.4239
4	2	0.2817	0	1	1.112	-0.4239
4	2	0.6187	0	1	-0.5312	1.446
4	2	1.203	1	1	0.4445	0.3926
4	2	5.6	1	1	-0.2633	-1.162
4	2	0.1663	0	1	-1.266	0.3926
4	2	0.2536	1	1	-1.89	-1.162
4	2	5.235	0	0	2.503	-1.162
4	2	0.02527	1	1	-0.1109	-0.6998
5	2	5.588	0	0	-0.3869	-0.04907
5	2	0.644	1	0	0.009729	-0.8468
5	2	0.9725	0	0	-1.688	0.4944
5	2	0.866	1	1	-0.5962	-2.342
5	2	0.3702	0	1	0.189	0.1791
5	2	0.2173	0	1	0.02519	-1.162
5	2	1.863	0	1	-0.378	0.06701
5	2	0.1091	0	1	-0.3418	2.685
5	2	0.6695	1	1	-0.7341	2.472
5	2	0.2353	1	1	0.5511	0.6891
5	2	0.6166	1	1	0.07174	-1.332
5	2	5.481	1	1	0.2712	-1.7
5	2	0.6558	1	1	0.7169	-1.7
5	2	0.9348	0	1	-0.27	1.664
5	2	0.2883	0	1	-0.2164	-1.9
5	2	2.034	0	1	0.237	-2.587
5	2	5.377	1	1	-0.0664	-0.04907
5	2	0.8741	0	1	1.094	0.3926
5	2	0.4576	1	0	-2.285	0.3926
5	2	5.483	0	0	-0.5698	0.4944
5	2	5.452	0	0	-1.021	1.446
5	2	0.651	1	0	1.104	0.8729
5	2	0.04443	0	0	1.026	2.184
5	2	0.4812	0	1	1.109	1.131
5	2	1.907	1	1	-0.5967	-0.2942
5	2	0.3149	0	1	-2.613	0.3926
5	2	1.104	0	0	0.1596	0.06701
5	2	1.575	1	1	0.1616	-0.4239
5	2	1.912	0	0	0.843	0.6891
5	2	5.575	0	0	0.8982	-0.1694
5	2	1.739	1	1	-0.2996	-1.162
5	2	1.842	0	0	-0.3332	-0.1694
5	2	1.228	1	1	0.07321	-1.332
5	2	1.959	0	0	0.7975	-0.8468
5	2	0.4088	1	1	0.33	-1.9
5	2	0.5741	1	1	-0.436	-0.559
5	2	0.4314	0	0	0.003625	-1.7
5	2	1.646	1	1	-0.3962	-1.7
5	2	5.845	1	1	-0.02847	-1.511
5	2	5.682	0	0	-0.3074	-1.162
5	2	1.043	0	1	1.968	1.37
5	2	5.482	1	1	0.4249	-2.852
5	2	0.8404	1	1	-0.13	-2.342
5	2	1.04	1	1	0.6969	-1.162
5	2	0.4944	0	0	-0.5978	0.1791
5	2	0.3052	1	1	-1.305	-1.001
5	2	0.1261	0	1	-2.728	1.212
5	2	5.271	0	0	-1.284	-1.001
5	2	0.1929	0	1	-1.485	-0.6998
5	2	1.963	1	1	0.3657	1.131
6	2	2.17	1	1	-0.5588	-1.162
6	2	0.8051	0	0	-0.03362	1.446
6	2	0.8189	0	0	-0.2054	0.6891
6	2	5.347	0	0	0.7722	-0.4239
6	2	0.04832	1	0	-0.3949	-0.8468
6	2	0.4847	0	0	0.5171	0.6891
6	2	0.5082	0	0	0.8517	0.6891
6	2	0.02045	1	0	0.176	0.8729
6	2	1.898	0	0	-1.823	0.4944
6	2	2.079	1	1	-0.2371	0.4944
6	2	5.206	0	0	0.8446	0.9611
6	2	0.19	0	1	-0.3254	1.292
6	2	5.25	1	1	-2.389	0.2876
6	2	0.7256	1	1	0.777	-0.4239
6	2	2.114	1	1	1.136	-0.04907
6	2	1.855	1	1	1.313	1.934
6	2	5.438	1	1	-0.3722	0.06701
6	2	2.001	1	0	1.127	0.9611
6	2	5.41	0	0	0.561	-0.1694
6	2	1.812	1	1	1.505	-0.6998
6	2	0.5045	1	1	-0.1319	0.7822
6	2	0.2618	1	0	-0.2498	0.9611
6	2	0.9425	1	1	-0.197	0.1791
6	2	0.4423	0	0	-0.8436	0.2876
6	2	5.501	1	1	-0.3166	-0.4239
6	2	0.4465	1	0	0.1883	1.934
6	2	0.1668	1	0	0.1942	0.06701
6	2	0.8962	1	1	-0.2039	-0.1694
6	2	5.798	0	0	-0.8983	-0.8468
6	2	0.8165	0	1	-0.2121	1.52
6	2	1.24	1	1	0.6426	0.9611
6	2	0.6079	0	1	-0.4194	0.1791
6	2	0.4094	0	1	0.8	-0.8468
6	2	0.3969	0	1	-0.2705	0.8729
6	2	5.958	0	0	-0.02301	-0.1694
6	2	0.0254	1	1	1.298	1.52
6	2	5.497	1	1	-0.3272	0.9611
6	2	0.8708	1	0	2.215	3.121
6	2	0.2662	0	1	-1.084	1.292
6	2	0.7478	1	1	-0.945	1.131
6	2	1.099	0	1	1.515	1.131
6	2	2.296	1	1	0.6573	-0.4239
6	2	0.4887	1	1	0.743	-0.1694
6	2	0.4942	1	1	0.3602	-0.6998
6	2	1.789	1	1	1.12	0.3926
6	2	1.593	1	1	1.225	-0.04907
6	2	0.4785	0	0	0.3328	0.6891
6	2	0.2688	0	0	-0.9767	-0.4239
6	2	5.641	0	0	-0.0003138	-0.2942
6	2	0.7435	0	0	1.477	0.3926
7	2	5.42	1	1	-2.248	0.7822
7	2	1.906	0	0	0.2445	-0.04907
7	2	1.288	1	1	-0.2847	0.4944
7	2	0.9331	1	1	-0.3249	1.131
7	2	1.986	1	1	0.1387	0.7822
7	2	0.4706	1	1	0.3	0.8729
7	2	0.2168	1	1	0.02107	1.131
7	2	0.6898	0	0	-0.4222	0.06701
7	2	5.355	1	1	-0.7006	1.802
7	2	0.3039	0	1	-0.4032	1.047
7	2	0.6319	0	0	0.3658	1.446
7	2	5.59	0	0	-0.3311	-0.6998
7	2	1.741	0	1	-2.434	0.6891
7	2	0.08793	0	1	1.696	1.52
7	2	5.778	0	0	-0.9054	-0.559
7	2	1.758	1	1	-0.002064	0.6891
7	2	0.9013	0	1	-0.2626	0.06701
7	2	1.698	1	1	-0.01488	0.9611
7	2	1.054	1	1	-0.4166	0.4944
7	2	5.352	1	1	-0.4801	-0.1694
7	2	0.222	1	0	1.035	2.062
7	2	0.8441	0	1	-0.1858	2.36
7	2	0.1692	0	1	-1.339	-0.1694
7	2	0.1988	0	0	-0.5903	2.123
7	2	5.321	0	0	0.8454	0.6891
7	2	0.5537	0	0	-1.163	0.8729
7	2	0.5498	0	1	-0.4434	0.1791
7	2	5.415	0	0	-0.1221	0.3926
7	2	0.2317	0	1	-0.9166	1.131
7	2	0.138	1	1	1.227	0.2876
7	2	0.1958	0	1	0.2697	0.8729
7	2	0.09997	1	1	-1.469	0.4944
7	2	1.878	0	0	0.841	-0.6998
7	2	1.987	1	1	2.17	-0.6998
7	2	0.08693	1	1	-2.597	1.292
7	2	5.266	1	1	2.027	1.292
7	2	5.454	0	0	0.8502	-0.04907
7	2	1.579	1	1	-0.2652	0.6891
7	2	1.799	1	1	-0.4248	1.734
7	2	0.02823	1	0	-0.4545	-0.1694
7	2	0.01435	1	0	0.7967	1.593
7	2	1.814	0	0	0.4503	-0.4239
7	2	0.3563	0	0	0.6732	0.6891
7	2	0.45	0	0	1.701	2.184
7	2	5.488	1	1	1.826	1.131
7	2	0.7933	0	1	0.3607	0.9611
7	2	0.5506	0	1	-2.767	1.664
7	2	0.7748	1	1	1.132	2.062
7	2	0.46	1	0	2.18	1.047
7	2	0.8452	0	0	0.7562	2.062
8	2	1.765	0	0	0.06068	1.52
8	2	5.451	0	0	-0.1389	-0.4239
8	2	2.155	1	1	0.8061	2.062
8	2	1.407	0	0	-1.854	1.52
8	2	5.374	1	1	0.2306	1.802
8	2	5.629	0	0	0.8156	0.1791
8	2	0.7253	0	0	1.841	-0.04907
8	2	2.198	1	1	0.9667	1.734
8	2	0.3072	1	1	0.2917	0.6891
8	2	0.9282	1	0	-0.6516	3.075
8	2	5.202	0	0	-2.318	0.1791
8	2	2.048	0	0	0.03699	2.184
8	2	0.7241	1	1	0.4258	1.802
8	2	1.021	1	1	0.7487	0.6891
8	2	0.2407	0	0	0.9107	0.6891
8	2	0.01538	0	1	-1.76	1.593
8	2	5.478	1	1	-0.254	2.123
8	2	1.503	0	1	1.165	2.886
8	2	0.1289	0	1	-0.09844	1.292
8	2	1.344	0	0	0.2056	1.446
8	2	5.402	1	1	0.6537	1.446
8	2	0.9356	1	1	-0.1798	0.7822
8	2	0.1718	1	1	0.2935	0.9611
8	2	0.08286	0	0	-0.7548	0.6891
8	2	1.624	1	1	-1.912	-0.4239
8	2	5.907	1	1	0.9146	1.37
8	2	1.06	1	1	-0.6377	0.6891
8	2	0.4103	0	0	-0.7495	1.131
8	2	0.4833	1	0	-0.4353	1.52
8	2	0.4783	1	0	0.03473	0.3926
8	2	0.8683	0	1	0.1952	0.1791
8	2	0.02176	1	1	1.021	0.6891
8	2	1.521	0	0	-0.5589	0.4944
8	2	5.187	0	0	-1.493	-0.04907
8	2	5.232	1	1	-1.002	1.292
8	2	0.7619	1	1	0.565	0.7822
8	2	1.148	1	1	-0.1183	-0.4239
8	2	0.2625	1	0	1.16	1.52
8	2	0.3346	0	1	-0.3243	1.047
8	2	0.727	1	1	0.06248	0.9611
8	2	1.909	0	0	-2.706	0.6891
8	2	0.446	0	0	1.3	0.06701
8	2	0.1636	1	1	-0.696	0.5932
8	2	1.779	0	0	-0.2308	0.4944
8	2	5.378	1	1	-0.5352	0.9611
8	2	0.6073	0	1	-0.2562	1.869
8	2	0.2737	0	0	-2.281	-0.04907
8	2	0.4746	0	0	1.602	0.1791
8	2	1.123	0	0	0.1561	0.9611
8	2	0.2115	0	0	-1.557	1.802
9	2	0.2402	1	1	-0.3037	0.6891
9	2	0.4278	1	0	1.33	2.123
9	2	0.155	0	0	1.24	0.1791
9	2	0.1588	1	1	0.78	1.734
9	2	0.6877	1	1	1.9	0.6891
9	2	0.3353	0	0	-0.4135	0.1791
9	2	1.058	1	1	-0.5316	0.1791
9	2	1.131	0	0	-0.9614	1.37
9	2	5.282	0	0	0.6489	0.1791
9	2	1.484	0	0	0.004421	1.999
9	2	0.6487	0	1	0.6327	1.37
9	2	1.913	0	0	-0.01768	-0.4239
9	2	0.5211	0	1	0.8784	1.52
9	2	0.415	1	0	0.9315	3.166
9	2	5.16	0	0	-0.9398	-0.559
9	2	5.405	1	1	-1.927	-0.4239
9	2	1.97	0	0	-0.6771	0.9611
9	2	0.1661	1	1	-1.034	0.6891
9	2	0.1838	1	0	-1.536	0.2876
9	2	5.025	1	1	0.2841	0.8729
9	2	1.962	1	1	-1.488	1.734
9	2	5.261	1	1	-0.02555	0.1791
9	2	0.5448	0	1	-1.716	1.131
9	2	0.4358	1	1	-0.4432	1.593
9	2	0.6289	1	1	2.118	0.5932
9	2	2.457	1	1	0.875	1.131
9	2	0.7314	0	0	-0.2565	-2.852
9	2	1.993	0	0	-0.7239	-0.8468
9	2	1.135	0	0	-1.282	-1.162
9	2	5.359	1	1	0.7066	1.292
9	2	0.01499	1	0	0.008636	-0.4239
9	2	2.067	0	0	-2.23	-1.9
9	2	0.6062	0	0	0.7603	0.9611
9	2	0.435	1	1	-2.043	-1.162
9	2	0.3269	0	0	-0.383	0.06701
9	2	0.5749	1	0	-0.4708	0.1791
9	2	1.431	0	0	-0.6016	1.446
9	2	0.8686	0	0	0.7974	1.131
9	2	5.601	1	1	-0.247	-0.1694
9	2	1.828	1	1	1.491	0.1791
9	2	0.8674	1	0	-0.5235	0.8729
9	2	1.367	1	1	-0.4223	-0.6998
9	2	5.224	1	1	-0.0007668	-1.511
9	2	0.3516	0	1	0.2569	0.8729
9	2	0.8799	0	1	-2.121	-0.4239
9	2	0.5778	1	0	-0.707	-0.559
9	2	5.808	0	0	0.9965	-0.8468
9	2	5.46	1	1	1.118	0.1791
9	2	0.9442	0	1	0.04248	1.292
9	2	0.1068	0	1	-0.7167	-0.4239
10	3	1.753	0	1	1.02	0.8729
10	3	2.009	1	1	0.7364	-0.1694
10	3	5.33	0	0	0.09462	-0.4239
10	3	0.6399	1	0	-0.482	0.9611
10	3	0.4041	1	0	0.4121	0.8729
10	3	5.374	0	0	-1.812	0.1791
10	3	0.6631	0	0	0.8303	2.58
10	3	0.8694	1	1	-3.628	1.52
10	3	0.1832	0	1	-0.4871	-0.2942
10	3	1.977	0	0	-0.4643	-0.1694
10	3	5.515	1	1	-0.1253	-2.114
10	3	0.5917	0	1	-0.1843	1.999
10	3	5.628	1	1	-0.535	0.1791
10	3	0.8007	1	1	-0.122	-1.7
10	3	0.9516	0	1	-0.2346	1.999
10	3	0.273	1	0	-1.101	-0.4239
10	3	0.9774	0	1	-0.6134	1.212
10	3	0.5952	0	1	-0.5101	1.131
10	3	0.7269	1	1	0.5186	-0.1694
10	3	1.833	1	1	-0.1288	0.1791
10	3	0.4199	0	1	-2.519	-1.332
10	3	1.185	0	0	0.6245	-0.6998
10	3	0.3561	0	0	0.9357	-0.559
10	3	0.1966	1	0	-0.01184	0.8729
10	3	0.3291	1	0	-0.2348	-0.6998
10	3	5.642	0	0	-0.1518	-0.4239
10	3	1.318	1	1	0.4332	0.1791
10	3	0.3501	1	0	-0.9168	-0.04907
10	3	5.389	0	0	0.6889	-0.1694
10	3	0.2493	1	0	0.9302	-0.2942
10	3	0.1474	0	0	-1.437	-1.162
10	3	0.4802	0	0	-0.9965	-0.8468
10	3	0.9765	1	0	-1.194	0.3926
10	3	1.412	0	0	0.2635	-0.1694
10	3	1.588	1	1	-0.08701	-0.1694
10	3	5.671	1	1	-4.266	0.5932
10	3	0.6206	0	0	1.614	2.184
10	3	1.648	1	0	2.153	1.446
10	3	0.5143	0	0	0.5345	1.131
10	3	1.814	1	0	-0.5593	0.6891
10	3	0.1243	1	0	1.07	-0.6998
10	3	1.83	0	0	-0.8589	0.7822
10	3	5.579	1	1	-1.325	-1.162
10	3	0.05223	1	1	-1.062	0.6891
10	3	2.396	1	1	-0.2707	0.1791
10	3	5.252	0	0	0.1639	-0.2942
10	3	0.7615	0	0	0.05826	-0.4239
10	3	0.683	1	0	-0.2313	0.2876
10	3	0.7681	0	0	0.1777	-0.04907
10	3	5.34	0	0	-1.265	-0.6998
11	3	0.1112	1	1	-0.3567	-0.1694
11	3	0.1794	1	0	-0.7414	-2.587
11	3	5.133	0	0	-0.213	-1.332
11	3	0.479	0	0	0.519	0.6891
11	3	0.5069	1	1	-0.501	-0.559
11	3	0.3023	1	1	-0.2869	0.4944
11	3	5.821	1	1	0.5249	-0.8468
11	3	0.04239	1	0	1.429	-1.332
11	3	5.514	0	0	0.3461	-0.6998
11	3	1.654	1	1	1.213	0.3926
11	3	0.8636	1	1	-0.4493	1.047
11	3	0.5806	0	0	0.3006	1.52
11	3	1.053	0	0	0.5025	0.4944
11	3	0.1927	0	0	-1.47	0.1791
11	3	5.614	1	1	2.333	0.5932
11	3	0.4012	0	1	0.3144	0.9611
11	3	1.692	1	1	-0.2149	0.4944
11	3	0.02934	1	1	-1.366	0.9611
11	3	0.9064	1	0	2.195	1.446
11	3	2.015	0	0	-0.2527	1.292
11	3	1.146	1	0	1.109	0.5932
11	3	1.924	1	1	-0.3524	1.292
11	3	1.592	1	0	-0.3769	0.6891
11	3	1.057	1	1	-0.6654	0.2876
11	3	2.081	0	0	-0.6979	-0.6998
11	3	5.511	0	0	0.3934	-0.6998
11	3	0.1771	0	1	0.1164	0.7822
11	3	5.619	1	1	-0.1719	1.047
11	3	5.635	0	0	1.78	-0.8468
11	3	0.6957	0	0	1.754	-1.511
11	3	1.723	0	0	1.825	-1.162
11	3	0.5527	1	0	-1.139	0.8729
11	3	5.484	1	1	-1.124	1.292
11	3	0.6086	1	1	0.3	1.047
11	3	2.134	0	0	0.5555	-0.4239
11	3	1.912	0	0	0.9118	0.06701
11	3	0.04823	0	0	1.302	0.6891
11	3	5.291	0	0	0.055	-0.6998
11	3	0.6388	1	1	0.2159	1.37
11	3	0.5125	1	0	0.09683	-0.1694
11	3	1.883	1	1	-0.00954	0.6891
11	3	0.7962	1	0	1.713	-0.04907
11	3	0.1913	1	1	2.294	1.047
11	3	0.5786	1	1	0.2058	0.7822
11	3	0.5097	0	1	1.974	0.4944
11	3	0.306	0	0	0.07595	-0.6998
11	3	0.1036	0	0	1.99	0.5932
11	3	5.277	1	1	-1.326	0.2876
11	3	0.3221	0	1	-0.1343	0.8729
11	3	0.4351	0	1	0.7125	0.6891
12	3	0.5456	0	0	-0.6614	-0.04907
12	3	0.5853	0	1	0.5992	1.52
12	3	0.9597	1	0	-0.2372	0.6891
12	3	1.613	0	0	0.7444	-0.6998
12	3	1.303	1	1	-0.006227	0.6891
12	3	5.409	0	0	-0.1455	-0.04907
12	3	0.3857	0	0	0.2159	-1.7
12	3	2.013	0	0	-0.6189	-2.587
12	3	5.398	0	0	1.572	-0.8468
12	3	1.132	1	1	0.3276	-0.1694
12	3	1.11	0	0	0.2266	0.9611
12	3	5.375	0	0	-2.062	-1.001
12	3	5.1	1	1	0.4848	0.9611
12	3	0.5936	0	0	1.534	0.1791
12	3	0.1832	0	0	0.02264	-0.8468
12	3	5.291	0	0	-0.007878	-2.114
12	3	2.138	1	1	0.4221	0.06701
12	3	1.654	1	1	-0.2565	-1.7
12	3	0.1204	0	0	0.4087	-0.04907
12	3	1.843	1	1	0.1168	-0.1694
12	3	0.1366	0	0	-0.2069	0.2876
12	3	0.1396	0	1	0.07136	-0.2942
12	3	0.2314	1	1	-0.7864	0.1791
12	3	2.048	1	1	0.5071	-0.1694
12	3	5.322	0	0	0.1602	0.1791
12	3	0.1257	0	1	-0.2219	1.869
12	3	0.8014	1	1	-0.01645	0.8729
12	3	0.5653	0	0	0.5174	0.2876
12	3	0.0174	1	1	0.464	0.8729
12	3	0.5659	1	1	-0.7914	-1.001
12	3	1.883	0	1	-0.2651	0.6891
12	3	2.067	1	1	0.1666	1.446
12	3	1.886	1	0	-0.3711	-0.2942
12	3	0.5017	1	1	0.7432	-0.6998
12	3	0.9425	0	0	0.4058	-0.04907
12	3	1.041	1	1	0.6764	0.7822
12	3	0.6585	1	0	1.851	0.6891
12	3	1.149	1	1	0.4365	0.6891
12	3	5.26	1	1	-0.5266	-0.4239
12	3	0.4196	1	1	1.104	-0.4239
12	3	0.8984	0	1	0.4399	0.2876
12	3	0.3585	1	1	-0.5468	-0.1694
12	3	0.7102	1	1	-1.193	-0.04907
12	3	5.398	0	0	-0.8271	-0.6998
12	3	2.123	1	1	1.785	-0.8468
12	3	5.297	0	0	0.6377	-0.4239
12	3	0.7518	1	1	0.2079	0.06701
12	3	0.5283	0	1	0.3054	1.212
12	3	0.2975	0	1	-0.6364	0.1791
12	3	5.268	0	0	0.795	-0.559
13	3	0.3367	1	1	-2.84	0.06701
13	3	1.795	1	1	0.3139	0.1791
13	3	0.691	0	0	-1.485	-0.1694
13	3	5.188	1	1	0.08218	-0.04907
13	3	5.48	0	0	0.1605	-1.511
13	3	1.131	1	1	-0.6925	0.3926
13	3	0.688	1	1	0.1126	0.9611
13	3	0.3272	1	0	1.67	0.8729
13	3	1.761	1	1	-0.9432	-0.04907
13	3	0.9349	1	0	-0.7766	-1.7
13	3	2.123	0	0	-0.6188	0.8729
13	3	0.8037	0	0	-0.1875	1.131
13	3	5.502	1	1	0.653	0.1791
13	3	0.1624	0	0	0.3776	0.1791
13	3	1.926	1	1	0.8961	-0.1694
13	3	0.5216	1	1	-0.3725	0.5932
13	3	5.576	0	0	-0.1513	0.1791
13	3	0.6632	1	0	-0.3747	1.131
13	3	5.333	1	1	1.207	-0.04907
13	3	0.05291	0	0	2.196	-0.6998
13	3	0.1511	0	1	0.03406	1.131
13	3	5.693	0	0	0.5114	-0.04907
13	3	0.6734	0	0	0.04669	-0.4239
13	3	0.6152	0	1	-1.248	-0.6998
13	3	2.032	0	0	-0.8001	-0.4239
13	3	0.2094	1	0	1.222	-1.162
13	3	5.482	0	0	-0.3386	-1.511
13	3	0.6414	0	0	0.7195	0.6891
13	3	0.03492	1	1	0.8009	0.8729
13	3	0.2181	1	0	1.281	-0.6998
13	3	0.2137	1	1	0.9288	-0.04907
13	3	1.118	1	1	-0.1402	-0.1694
13	3	1.935	0	0	0.3267	-1.332
13	3	5.201	0	0	0.06274	-0.6998
13	3	0.3222	1	0	-0.4738	-0.6998
13	3	0.4306	1	1	0.709	0.6891
13	3	1.789	0	0	-0.06097	-1.162
13	3	5.411	1	1	-0.4855	-1.162
13	3	0.8441	0	0	0.05444	-0.4239
13	3	1.994	0	0	0.4324	-0.559
13	3	0.9303	0	1	0.1514	0.4944
13	3	0.9105	0	1	0.3907	0.7822
13	3	0.5282	0	0	-0.1408	0.2876
13	3	5.129	1	1	-2.881	-1.162
13	3	0.678	1	0	0.1265	-1.001
13	3	1.281	0	0	0.4177	0.6891
13	3	2.03	1	1	0.4987	0.9611
13	3	0.6911	1	1	0.2589	-0.2942
13	3	0.3229	1	0	0.7758	0.3926
13	3	1.882	0	0	0.5222	0.1791
14	3	1.679	0	1	0.06836	1.047
14	3	0.7008	1	1	0.1447	-0.2942
14	3	5.611	1	1	0.2199	-0.4239
14	3	2.401	0	0	-0.6004	0.1791
14	3	0.0392	1	0	-0.2339	-0.04907
14	3	0.3231	0	1	-0.4615	-0.04907
14	3	1.488	1	1	-0.8746	0.1791
14	3	0.6979	0	1	0.6051	-0.04907
14	3	0.06476	0	1	-0.1607	0.1791
14	3	1.089	0	0	1.49	0.3926
14	3	0.6401	1	1	0.3995	1.52
14	3	5.425	0	0	-0.2483	-0.1694
14	3	5.371	0	0	0.2688	-0.8468
14	3	0.597	0	0	0.2672	1.212
14	3	0.1191	1	0	0.8892	0.8729
14	3	0.1451	0	1	-0.5389	0.06701
14	3	0.2663	0	0	-0.2749	-1.511
14	3	0.2312	1	0	0.3161	-0.4239
14	3	1.993	0	0	-0.04859	-1.511
14	3	5.596	0	0	-0.591	-1.162
14	3	0.6044	1	1	-0.5904	0.3926
14	3	0.562	0	1	0.8984	0.3926
14	3	0.5247	1	1	0.1048	-0.1694
14	3	0.3759	0	0	0.0796	-1.162
14	3	5.529	0	0	0.2895	-1.7
14	3	1.81	1	1	-1.607	0.1791
14	3	5.695	1	1	-0.1661	0.3926
14	3	0.4675	0	1	0.4995	0.1791
14	3	2.211	0	1	-0.05408	2.123
14	3	5.009	0	0	-0.7173	-1.7
14	3	0.7236	0	1	0.6216	-0.1694
14	3	1.011	1	1	0.03261	0.1791
14	3	1.909	0	0	0.8386	-0.04907
14	3	0.6735	1	1	0.03051	0.1791
14	3	0.3256	1	1	0.2744	-0.04907
14	3	1.067	0	0	0.7891	-0.1694
14	3	5.222	1	1	0.06075	0.8729
14	3	0.3679	1	0	0.5795	1.047
14	3	1.167	0	0	-0.8228	-0.6998
14	3	0.1555	0	1	0.3351	0.9611
14	3	4.924	1	1	0.0185	0.3926
14	3	0.6658	0	1	0.7049	0.7822
14	3	0.001304	1	1	0.4174	3.424
14	3	1.765	1	1	-0.3926	1.869
14	3	1.88	1	1	0.1743	0.8729
14	3	0.4639	1	1	0.7022	-0.6998
14	3	1.553	1	1	-0.3491	-0.1694
14	3	0.5856	1	0	0.9066	0.3926
14	3	5.484	1	1	-2.08	0.5932
14	3	1.455	1	0	1.443	-1.162
15	3	0.5243	0	1	0.2716	1.131
15	3	1.047	1	1	1.158	0.3926
15	3	5.741	0	0	-2.111	-1.001
15	3	5.39	0	0	-0.1726	-2.114
15	3	5.273	0	0	-0.6688	-1.7
15	3	0.5523	0	1	0.2317	0.06701
15	3	0.3996	1	1	0.8311	-0.1694
15	3	0.9727	0	0	-0.1924	-1.511
15	3	0.4071	1	0	0.5035	1.292
15	3	5.147	0	0	-0.3861	-1.7
15	3	5.299	0	0	0.636	-1.162
15	3	0.183	1	0	0.2302	-0.8468
15	3	0.05425	1	0	0.9513	0.8729
15	3	5.523	0	0	0.5231	-1.001
15	3	0.4386	0	1	-1.053	1.446
15	3	0.2992	1	0	0.6969	-0.6998
15	3	0.2697	1	1	0.2978	0.1791
15	3	1.684	0	0	0.1991	-0.6998
15	3	2.065	1	1	0.8872	-0.6998
15	3	0.5529	1	1	0.4994	1.047
15	3	1.857	0	0	0.002384	-2.852
15	3	1.072	1	0	0.9998	1.292
15	3	5.185	1	1	-0.6371	0.4944
15	3	0.3387	0	1	0.6232	1.734
15	3	0.1	1	1	-1.111	0.3926
15	3	5.27	1	1	0.2938	0.8729
15	3	1.577	1	1	0.59	-0.4239
15	3	1.096	0	0	-0.1708	-0.6998
15	3	1.714	0	0	-0.2852	-1.162
15	3	0.02909	0	0	-0.9173	-2.114
15	3	0.5704	1	1	0.06988	-0.1694
15	3	0.258	0	0	-1.005	-0.8468
15	3	1.325	1	1	0.09321	-0.6998
15	3	0.6397	1	0	-0.1237	0.2876
15	3	5.474	1	0	1.278	-2.587
15	3	0.7104	1	1	-0.3324	0.6891
15	3	1.039	1	1	-0.5501	0.6891
15	3	0.3121	0	1	0.7121	2.062
15	3	0.01169	1	0	-1.584	0.5932
15	3	1.809	1	1	0.5406	-0.1694
15	3	1.614	0	0	0.5399	0.3926
15	3	1.875	1	1	1.214	-0.4239
15	3	0.321	0	0	0.322	-0.559
15	3	5.602	1	1	-0.4611	-0.6998
15	3	1.707	1	1	-0.1738	0.1791
15	3	0.3362	0	0	0.9568	-1.162
15	3	0.4913	1	1	1.248	0.1791
15	3	1.096	1	1	1	-1.162
15	3	1.861	0	0	-0.7484	-0.4239
15	3	0.2812	0	0	0.3973	1.802
16	3	0.8133	1	1	-0.4374	0.6891
16	3	0.4576	1	0	1.672	-1.7
16	3	0.8353	0	0	-0.842	-1.511
16	3	0.9982	1	0	-0.3751	-0.559
16	3	0.8975	0	0	0.4631	-1.511
16	3	5.724	0	0	0.9159	-1.001
16	3	0.5481	1	0	0.2106	0.6891
16	3	0.4986	1	1	-0.02979	-0.559
16	3	0.2392	0	1	-2.765	-0.2942
16	3	0.4767	0	1	0.2935	-0.4239
16	3	0.1035	1	0	0.6632	-1.332
16	3	0.2883	0	1	0.2267	1.212
16	3	0.4221	0	1	0.2526	0.6891
16	3	0.6677	0	1	0.0246	0.9611
16	3	0.7358	0	1	0.4229	0.1791
16	3	0.04765	1	0	-0.6015	0.2876
16	3	1.002	1	1	0.5959	-0.559
16	3	5.393	1	1	-0.08474	-0.4239
16	3	0.6144	0	0	0.1201	0.4944
16	3	1.589	1	1	-0.8227	0.4944
16	3	0.9831	1	0	2.011	-0.1694
16	3	5.514	1	1	-0.2469	-0.1694
16	3	0.5315	0	1	-0.4395	-0.6998
16	3	5.543	0	0	-0.9614	-1.511
16	3	1.568	1	1	1.023	1.212
16	3	0.8801	1	1	0.9702	-1.001
16	3	5.157	0	0	-0.1792	-0.4239
16	3	1.912	0	0	1.524	1.734
16	3	1.657	1	1	-0.2412	-0.559
16	3	5.578	0	0	-1.582	-1.162
16	3	0.1229	0	0	0.3376	0.1791
16	3	1.811	1	1	0.0268	-0.2942
16	3	0.1756	0	1	-0.1612	-0.4239
16	3	5.036	1	1	-0.5222	0.8729
16	3	2.105	0	0	-0.9625	-0.4239
16	3	5.233	0	0	-0.3074	-1.162
16	3	1.712	0	0	0.2856	-0.6998
16	3	0.07409	0	0	0.4306	-0.8468
16	3	2.062	0	0	0.7479	-2.114
16	3	5.46	1	1	0.214	-0.4239
16	3	0.8922	0	0	-0.05407	-1.7
16	3	0.9485	1	1	-0.2468	1.734
16	3	0.2042	1	1	-1.482	1.292
16	3	1.894	0	0	0.6986	0.06701
16	3	1.944	1	1	0.9344	-0.4239
16	3	0.3165	0	0	0.4614	-0.4239
16	3	0.6705	1	0	-0.792	0.8729
16	3	5.778	1	1	0.474	-0.1694
16	3	0.7929	1	1	1.094	-0.2942
16	3	0.6767	0	0	-0.773	-0.1694
17	3	0.1749	0	1	0.4481	0.8729
17	3	1.982	1	0	-0.3953	2.123
17	3	2.091	1	0	-0.3137	1.047
17	3	0.5713	0	1	-0.09142	0.3926
17	3	0.3033	0	1	0.5535	0.06701
17	3	0.4145	1	0	-0.7105	-0.559
17	3	1.871	0	0	-0.8117	-0.04907
17	3	5.213	1	1	-0.6982	0.3926
17	3	0.3172	0	0	-0.9499	-0.6998
17	3	0.563	0	0	-0.8246	0.3926
17	3	1.341	0	1	-0.2391	0.4944
17	3	0.1366	0	0	-0.838	-0.1694
17	3	1.262	1	0	-0.09433	0.1791
17	3	0.631	1	1	-0.3309	0.2876
17	3	5.402	0	0	0.03729	-0.559
17	3	0.1615	0	1	-0.08439	-0.4239
17	3	1.748	1	1	0.02698	-0.559
17	3	5.176	0	0	-1.22	-1.162
17	3	0.8108	1	0	-0.04159	0.6891
17	3	5.447	0	0	-0.2699	-1.7
17	3	0.6705	1	1	0.7209	-0.559
17	3	1.662	0	0	-0.3197	0.1791
17	3	0.7415	1	1	0.5227	0.1791
17	3	0.6976	1	1	-0.3687	-0.4239
17	3	0.2811	1	1	-0.8808	-0.04907
17	3	1.192	0	0	-1.001	-0.4239
17	3	5.655	0	0	-0.312	-2.114
17	3	5.356	1	1	-0.4151	-0.8468
17	3	0.1915	1	1	-1.477	-0.04907
17	3	0.3024	1	1	1.431	1.131
17	3	0.45	1	0	2.3	-0.1694
17	3	0.6447	0	0	0.4646	1.131
17	3	1.474	1	1	-0.5771	-0.4239
17	3	0.6247	1	1	-0.8086	-0.6998
17	3	1.869	1	1	0.08972	0.6891
17	3	0.8872	0	1	0.05287	-1.511
17	3	0.9947	0	0	0.02402	-1.9
17	3	0.1573	1	0	-0.6432	-0.8468
17	3	5.481	0	0	-0.4508	-1.162
17	3	0.934	1	1	-1.533	-1.332
17	3	5.456	0	0	-4.072	-1.001
17	3	1.813	1	0	0.5649	0.06701
17	3	0.4211	0	1	-1.874	-0.04907
17	3	0.2426	0	0	0.5927	-1.511
17	3	1.149	0	1	0.7233	0.3926
17	3	5.492	0	0	1.151	-2.114
17	3	1.684	1	1	1.509	0.1791
17	3	5.666	0	0	-0.3696	-0.4239
17	3	0.3643	1	1	0.751	0.3926
17	3	0.6205	1	1	1.693	-0.4239
18	3	0.5034	0	1	-0.5029	-0.6998
18	3	0.7668	0	0	0.6471	1.131
18	3	0.7389	0	1	-1.781	0.4944
18	3	5.462	1	1	0.3929	-0.04907
18	3	0.09807	1	1	0.7847	0.7822
18	3	5.35	0	0	-0.4032	-2.587
18	3	1.675	1	1	0.06403	0.06701
18	3	1.105	0	0	0.6806	-1.001
18	3	0.7374	0	0	-0.5134	-0.6998
18	3	5.525	0	0	0.2814	-1.162
18	3	5.504	0	0	-0.742	-2.114
18	3	0.3213	0	1	0.9886	-1.162
18	3	0.4832	0	1	0.04101	-1.001
18	3	5.189	1	1	0.2896	-0.4239
18	3	0.932	1	1	-1.3	0.1791
18	3	1.064	1	1	0.7978	-0.6998
18	3	1.632	1	0	0.04901	0.4944
18	3	0.311	1	0	-0.7039	0.6891
18	3	0.4723	1	0	0.4151	0.6891
18	3	0.275	1	1	-0.118	-0.4239
18	3	1.849	1	1	-0.6328	-0.1694
18	3	0.2958	0	0	1.888	0.6891
18	3	1.926	1	1	-1.656	0.06701
18	3	5.657	1	1	0.1616	0.4944
18	3	2.21	1	1	0.51	-0.4239
18	3	0.608	1	1	0.6516	-0.4239
18	3	0.09979	1	1	-0.6268	0.1791
18	3	1.308	0	1	-0.5081	0.6891
18	3	0.1938	0	1	1.289	0.6891
18	3	5.499	0	0	0.357	-1.511
18	3	0.584	0	0	-0.3483	0.1791
18	3	1.133	0	1	-1.6	1.292
18	3	0.6682	0	0	0.9241	0.7822
18	3	0.003099	1	1	0.05039	0.3926
18	3	1.456	1	1	0.6872	-0.8468
18	3	0.3068	0	0	-0.41	1.869
18	3	5.308	1	1	1.379	-1.162
18	3	0.2106	0	1	-0.2261	-0.1694
18	3	0.1058	1	0	1.07	0.5932
18	3	1.874	0	0	0.4857	0.3926
18	3	1.742	0	0	0.1888	-1.162
18	3	0.3156	1	0	-0.04448	-0.8468
18	3	2.06	0	0	0.04379	0.06701
18	3	2.183	1	1	1.6	-1.162
18	3	5.529	1	1	-2.008	0.2876
18	3	0.7352	1	1	0.2664	1.131
18	3	1.376	1	0	-1.024	-0.559
18	3	0.1668	0	1	-1.555	0.2876
18	3	5.581	0	0	-1.242	-1.7
18	3	0.4034	0	1	0.9845	0.1791
19	3	0.3599	1	1	-0.6177	-0.8468
19	3	1.525	1	1	-0.8703	-0.04907
19	3	0.3232	0	0	0.7147	-0.4239
19	3	0.303	0	0	0.8724	0.6891
19	3	0.3691	0	0	0.4821	-1.7
19	3	0.3086	1	0	0.3188	-0.1694
19	3	0.07908	0	0	-0.8363	-1.7
19	3	5.34	1	1	-2.624	-0.559
19	3	5.455	0	0	-1.577	-1.162
19	3	0.7001	1	1	0.4476	0.3926
19	3	0.9372	1	1	0.3102	-0.559
19	3	0.6922	1	0	0.44	0.6891
19	3	1.666	0	1	-0.3968	-0.4239
19	3	0.542	0	0	0.5911	-2.114
19	3	0.5557	1	0	0.2402	-0.1694
19	3	5.422	0	0	-0.5671	-1.162
19	3	1.712	0	0	1.625	-1.9
19	3	5.545	0	0	-0.9796	-2.587
19	3	0.3488	0	0	1.79	-1.001
19	3	5.393	0	0	0.6079	-2.114
19	3	0.6824	1	0	1.273	-2.114
19	3	5.322	1	1	-0.0941	-0.1694
19	3	0.4983	0	1	0.08999	-0.1694
19	3	0.8047	1	1	-0.4039	0.1791
19	3	1.755	1	1	1.306	-0.6998
19	3	1.832	0	0	-0.9339	-0.6998
19	3	1.134	0	0	0.6886	-1.162
19	3	0.2935	1	1	-0.839	-0.04907
19	3	1.812	1	1	-0.3438	-0.6998
19	3	0.6449	0	0	0.2225	-0.04907
19	3	1.666	1	1	-0.7682	-0.1694
19	3	0.2995	0	1	0.5729	0.06701
19	3	0.4554	0	0	1.84	-0.6998
19	3	5.451	1	1	0.8726	-0.6998
19	3	0.9576	1	1	0.2018	-0.1694
19	3	1.315	1	1	-0.9045	-0.4239
19	3	0.4418	0	0	-0.6205	-1.162
19	3	5.279	0	0	-1.104	-1.162
19	3	5.239	0	0	1.196	-2.114
19	3	5.309	0	0	-1.273	-0.6998
19	3	0.1493	0	1	1.33	-0.4239
19	3	0.1811	1	1	0.4124	0.4944
19	3	2.079	1	1	-1.148	-0.6998
19	3	0.7525	1	1	0.4803	-0.8468
19	3	1.342	1	1	-3.173	-0.559
19	3	1.897	0	0	0.3871	-1.162
19	3	0.4054	1	1	0.07252	-0.2942
19	3	0.01515	1	0	0.8153	0.1791
19	3	0.8593	1	1	-1.181	-1.001
19	3	0.8896	1	0	1.045	0.1791
20	4	0.2174	0	0	0.7073	1.999
20	4	3.964	0	0	-0.5033	1.593
20	4	0.9923	0	0	0.3152	1.734
20	4	3.672	1	1	0.4151	0.2876
20	4	0.09376	0	0	-2.428	0.4944
20	4	3.25	0	0	0.7834	-0.4239
20	4	0.3031	1	1	0.1152	-0.4239
20	4	0.4106	1	0	1.73	-0.1694
20	4	0.4789	0	0	-0.4403	0.7822
20	4	0.1968	0	0	0.08363	-1.511
20	4	0.7009	0	0	-1.742	1.047
20	4	0.3801	1	1	1.258	1.292
20	4	0.9649	0	0	0.6136	0.4944
20	4	0.43	0	0	0.0364	0.8729
20	4	0.1821	0	0	-0.387	-0.4239
20	4	0.9861	0	0	0.3831	-0.6998
20	4	0.5162	1	0	0.2713	0.3926
20	4	0.242	1	1	1.116	1.131
20	4	0.2594	1	1	-2.849	0.6891
20	4	0.1713	1	0	0.3205	0.8729
20	4	0.01306	0	1	0.8538	0.4944
20	4	0.6198	0	0	-0.2702	0.3926
20	4	0.9936	1	1	0.6851	1.37
20	4	0.9634	0	0	0.3507	1.047
20	4	0.5391	1	0	0.5736	1.37
20	4	3.29	1	1	0.3481	0.8729
20	4	0.2677	0	1	2.163	0.4944
20	4	0.119	1	1	1.087	0.4944
20	4	1.36	1	1	-0.2467	0.6891
20	4	3.711	1	1	0.3652	0.5932
20	4	0.1946	1	1	0.2654	0.7822
20	4	3.39	1	1	1.239	0.3926
20	4	0.2114	0	1	-0.3262	0.4944
20	4	0.1522	1	1	-0.2572	2.36
20	4	0.4939	1	0	0.5703	-0.1694
20	4	1.2	0	0	-0.9356	1.37
20	4	0.9631	0	0	0.1856	-1.001
20	4	0.4785	0	0	-1.555	0.4944
20	4	3.652	0	0	0.481	-0.4239
20	4	0.3809	1	1	2.253	0.8729
20	4	0.9977	1	1	0.3212	1.37
20	4	0.4168	0	1	0.7397	0.9611
20	4	0.4279	1	1	-0.9169	-0.4239
20	4	0.05203	1	1	-2.452	0.4944
20	4	0.06046	1	0	-0.9309	2.302
20	4	3.471	1	1	-0.7248	0.1791
20	4	0.1329	1	0	-0.9279	0.1791
20	4	0.02448	0	1	0.6961	-0.04907
20	4	3.537	0	0	0.4333	-1.001
20	4	3.412	0	0	0.7628	0.6891
21	4	0.07653	1	1	0.6225	0.5932
21	4	1.03	0	1	0.1363	1.37
21	4	0.51	0	0	-0.2263	-0.559
21	4	0.5802	1	1	0.1777	0.1791
21	4	3.466	1	1	-0.2715	-0.1694
21	4	0.2288	1	0	0.2062	0.6891
21	4	3.873	1	1	-0.2368	0.9611
21	4	0.1952	1	0	-0.6325	0.5932
21	4	3.965	1	1	0.1132	0.5932
21	4	0.9181	1	0	0.1853	0.8729
21	4	0.6673	0	0	0.8131	-0.2942
21	4	0.8685	1	0	-0.07101	0.4944
21	4	0.928	0	0	-1.258	-0.4239
21	4	0.6499	1	0	-0.06821	-0.4239
21	4	0.05862	0	0	0.7365	-1.162
21	4	1.038	1	0	-1.039	-0.6998
21	4	0.2999	0	0	-0.6776	0.3926
21	4	3.29	0	0	1.77	-0.4239
21	4	0.6873	1	0	0.7322	-0.4239
21	4	0.03632	1	1	1.711	0.6891
21	4	0.4005	0	0	0.7924	0.8729
21	4	0.1091	0	0	0.2849	0.8729
21	4	3.789	0	0	0.1087	-0.1694
21	4	0.0633	0	0	-0.07364	-0.4239
21	4	0.3666	1	0	0.3988	-0.8468
21	4	0.8009	0	0	1.22	-2.114
21	4	0.3748	1	0	0.1615	-1.162
21	4	0.8625	1	1	-0.6072	0.3926
21	4	0.9337	1	1	-3.909	0.3926
21	4	0.08926	1	1	0.9328	0.1791
21	4	0.09826	0	0	0.4324	0.1791
21	4	3.595	1	1	0.3606	1.131
21	4	0.098	1	0	-1.034	-0.6998
21	4	0.2147	1	0	-0.07021	1.734
21	4	0.5707	1	1	-2.477	0.1791
21	4	0.3543	0	1	-2.285	-1.001
21	4	0.444	0	0	0.06291	1.37
21	4	0.01503	0	0	0.04278	0.3926
21	4	0.9125	1	1	-0.3	1.734
21	4	0.05814	1	1	0.4822	-0.6998
21	4	0.1802	1	1	-1.17	0.5932
21	4	0.2018	0	0	-0.09465	-0.1694
21	4	3.77	0	0	-0.4248	-0.04907
21	4	3.466	0	0	0.8787	-1.7
21	4	3.653	1	1	0.9904	-0.6998
21	4	0.4022	0	1	1.51	-0.1694
21	4	0.2918	0	0	1.877	1.131
21	4	3.798	0	0	-0.03956	-1.001
21	4	0.6724	1	0	0.4134	1.446
21	4	0.3281	1	1	0.81	1.047
22	4	0.5123	0	1	-0.003426	-0.4239
22	4	0.4223	0	1	-0.2714	0.2876
22	4	1.254	0	1	0.1063	0.3926
22	4	0.4835	1	1	0.6426	0.6891
22	4	0.3169	0	1	0.1685	0.3926
22	4	0.06148	1	0	-0.04196	1.664
22	4	3.416	0	0	-0.275	0.4944
22	4	0.8193	1	0	1.312	1.934
22	4	0.3576	1	1	0.04445	-0.04907
22	4	0.671	0	0	-1.411	0.1791
22	4	0.3785	0	0	0.3091	0.6891
22	4	0.29	1	0	-0.08229	0.3926
22	4	3.581	1	1	-0.3472	0.9611
22	4	0.1338	0	1	-0.4448	0.6891
22	4	0.2393	0	0	-0.3344	-0.4239
22	4	1.19	1	1	-3.301	0.2876
22	4	3.872	1	1	1.653	0.5932
22	4	0.5002	0	1	0.722	-0.559
22	4	0.1615	1	1	-2.862	0.3926
22	4	0.2871	0	0	-0.8325	1.734
22	4	0.8691	0	0	1.037	1.52
22	4	0.403	1	0	0.8098	1.047
22	4	0.353	0	0	-0.2969	-0.2942
22	4	0.0286	0	0	-1.999	-0.1694
22	4	0.05322	1	1	-0.7602	0.1791
22	4	0.1796	0	0	2.697	0.5932
22	4	0.5653	1	1	-0.2102	-0.04907
22	4	3.187	1	1	-0.03421	-0.2942
22	4	0.8459	1	1	0.04087	-0.04907
22	4	3.609	0	0	0.8394	-0.559
22	4	0.1938	1	1	1.327	0.06701
22	4	3.184	1	1	-0.7996	-0.8468
22	4	0.7571	1	1	1.499	0.6891
22	4	0.4513	0	1	-0.6379	0.8729
22	4	0.08568	0	0	1.681	-1.7
22	4	1.309	0	0	0.51	-1.511
22	4	0.09806	1	0	-0.2654	1.664
22	4	3.573	0	0	0.8971	-0.4239
22	4	0.001995	0	0	-0.216	-0.4239
22	4	0.1535	0	1	1.08	2.982
22	4	0.884	1	0	-0.06415	0.4944
22	4	3.739	1	1	-0.3874	0.8729
22	4	0.02001	0	1	0.02067	0.5932
22	4	1.047	1	1	-1.739	0.3926
22	4	0.3953	0	1	0.8232	0.1791
22	4	0.9925	1	1	-0.4903	0.6891
22	4	0.1256	1	1	1.241	2.302
22	4	3.497	1	1	-0.1493	0.1791
22	4	3.659	1	1	1.764	-0.559
22	4	0.3804	1	1	-0.4871	1.131
23	4	0.8644	0	1	-1.023	0.06701
23	4	0.03602	1	1	-0.3097	-0.04907
23	4	0.3829	0	1	0.1754	0.1791
23	4	3.616	1	1	0.07117	0.9611
23	4	0.001142	1	1	0.6059	-0.4239
23	4	3.646	1	1	-0.6173	0.5932
23	4	3.521	1	1	-0.5454	-1.001
23	4	3.259	1	1	-0.5221	0.3926
23	4	0.8746	1	0	1.04	0.7822
23	4	0.3931	0	1	-0.06099	1.131
23	4	0.2173	0	0	0.9954	-0.1694
23	4	0.8856	0	0	1.136	-0.4239
23	4	3.272	1	1	-0.3371	-1.001
23	4	0.3599	0	1	-0.5064	0.1791
23	4	3.586	0	0	-0.4768	-1.7
23	4	0.3244	1	1	-0.1995	-0.04907
23	4	0.2251	0	0	1.425	-0.1694
23	4	0.2498	1	0	0.7424	-0.2942
23	4	1.033	1	1	-0.162	-0.1694
23	4	0.5909	0	0	1.825	-1.162
23	4	0.7055	1	1	0.1521	0.1791
23	4	0.2365	0	1	-0.1508	-0.8468
23	4	0.2083	0	0	0.1777	-0.4239
23	4	0.2215	1	0	-0.4681	0.4944
23	4	0.4091	1	0	0.996	-0.4239
23	4	3.562	0	0	-1.524	-0.8468
23	4	0.6458	0	1	0.8615	0.3926
23	4	0.08729	0	1	0.1095	0.06701
23	4	3.246	0	0	0.1368	-0.4239
23	4	0.3155	0	0	-0.1505	0.6891
23	4	0.02068	0	1	-0.8221	0.1791
23	4	0.1448	1	1	1.59	-0.4239
23	4	0.8345	1	1	0.06729	-0.8468
23	4	0.02174	0	1	3.164	-0.559
23	4	0.6526	0	0	3.313	-1.511
23	4	0.7309	1	0	-0.004783	0.3926
23	4	1.113	1	1	1.639	-0.4239
23	4	3.801	1	1	0.4579	-0.6998
23	4	0.8643	1	1	-0.9618	-1.162
23	4	0.04742	1	0	0.7158	0.5932
23	4	0.3956	1	1	0.6727	0.4944
23	4	0.07868	1	1	0.09582	-1.162
23	4	3.901	1	1	0.2349	0.5932
23	4	0.1351	0	0	0.2552	1.131
23	4	0.03822	0	1	1.027	-0.4239
23	4	0.7518	1	0	0.4052	0.9611
23	4	0.08972	1	1	2.768	1.131
23	4	0.4677	0	1	0.08587	-0.559
23	4	0.4188	1	1	1.623	0.1791
23	4	0.1297	1	0	-0.152	-0.04907
24	4	3.638	1	1	0.1924	-0.4239
24	4	0.8262	0	0	-1.255	0.1791
24	4	0.0826	0	0	-0.4754	-0.4239
24	4	0.2161	0	0	-0.3932	-1.511
24	4	1.081	1	0	0.4289	0.6891
24	4	0.7425	0	0	0.272	0.8729
24	4	0.1829	0	0	0.004273	-0.04907
24	4	0.151	0	0	-0.5851	-1.511
24	4	0.6252	0	0	-0.2593	-0.559
24	4	0.1825	1	0	-0.3728	-0.559
24	4	0.07945	1	0	-0.3043	-0.1694
24	4	0.2443	1	0	0.1676	0.6891
24	4	0.9568	0	1	0.6577	1.999
24	4	0.7576	1	0	0.02639	-0.1694
24	4	3.222	0	0	-0.4169	-1.162
24	4	0.4442	1	1	0.5647	0.6891
24	4	3.507	1	1	-1.121	-0.6998
24	4	0.008516	0	0	-0.6613	-1.7
24	4	0.3613	0	0	1.585	2.886
24	4	0.4644	0	1	-0.3349	-0.4239
24	4	0.5221	0	1	0.7395	-0.4239
24	4	0.8886	0	0	0.3793	0.06701
24	4	0.5759	1	1	-2.367	-1.001
24	4	0.5272	1	1	0.8743	-0.8468
24	4	1.381	1	0	0.8883	0.9611
24	4	0.4505	1	0	2.805	0.9611
24	4	0.4114	0	0	-0.01252	0.1791
24	4	0.003031	0	1	-1.971	0.1791
24	4	0.5694	1	1	-1.132	0.7822
24	4	0.7698	1	1	0.1083	0.1791
24	4	3.29	0	0	0.7262	-0.6998
24	4	0.1261	1	0	-2.74	0.8729
24	4	3.542	1	1	-0.4315	0.6891
24	4	0.1104	0	0	-0.7273	0.2876
24	4	0.4434	1	0	-0.6118	-0.4239
24	4	3.718	0	0	-0.6009	-0.559
24	4	0.1007	0	1	1.225	0.6891
24	4	3.745	1	1	1.226	0.5932
24	4	3.481	0	0	-0.2367	-1.332
24	4	0.3041	0	1	1.839	0.5932
24	4	0.08113	1	0	-0.5247	-0.8468
24	4	0.696	0	1	-0.9724	-0.1694
24	4	0.06167	1	0	-1.774	-0.6998
24	4	0.2839	0	0	-1.047	1.37
24	4	0.34	1	1	1.355	-0.2942
24	4	3.8	1	1	-0.01879	-0.04907
24	4	0.1743	1	0	-0.6708	-0.2942
24	4	0.1017	1	0	0.255	-0.559
24	4	3.679	0	0	0.5022	-1.162
24	4	0.04153	1	0	0.3046	1.131
25	4	3.482	0	0	-1.885	-1.162
25	4	0.3897	1	1	-0.6518	0.3926
25	4	0.6743	0	0	-0.2369	-0.559
25	4	0.3908	1	1	0.04821	1.999
25	4	0.2473	0	1	-0.8283	0.3926
25	4	0.1272	0	0	0.5821	-0.04907
25	4	0.3696	0	0	0.1726	-0.8468
25	4	0.1081	1	0	0.4365	0.6891
25	4	0.3181	1	0	-2.371	0.5932
25	4	0.4247	1	0	0.8037	0.8729
25	4	0.1836	1	0	1.073	0.1791
25	4	3.55	1	1	-0.02101	-0.4239
25	4	0.4914	1	0	-1.375	0.06701
25	4	0.07984	0	0	1.023	0.1791
25	4	0.09314	0	0	-1.346	-0.4239
25	4	0.6795	0	0	-1.018	0.3926
25	4	3.493	1	1	0.4464	0.06701
25	4	0.3675	0	0	-3.303	0.4944
25	4	0.6846	1	1	-0.8478	0.4944
25	4	3.687	0	0	0.261	-0.4239
25	4	4.215	0	0	-0.705	-0.04907
25	4	0.3873	1	0	0.09418	-1.001
25	4	0.02838	0	0	0.03659	0.7822
25	4	0.3823	0	1	-2.575	-0.4239
25	4	0.8847	1	1	-0.05783	0.2876
25	4	0.07119	1	0	1.222	-0.8468
25	4	0.3968	0	0	0.2623	-0.1694
25	4	0.7659	1	1	-0.1381	0.3926
25	4	0.8282	0	1	-0.3089	1.999
25	4	3.849	0	0	-1.303	-1.511
25	4	0.7756	1	1	0.114	0.2876
25	4	0.9652	0	0	-0.4423	-1.162
25	4	0.3171	1	1	0.3016	-0.4239
25	4	0.5112	0	1	-1.033	-0.4239
25	4	0.6036	1	1	0.4207	-0.1694
25	4	0.05993	0	1	-0.5761	-0.8468
25	4	0.2624	0	1	-0.1921	0.1791
25	4	1.081	1	1	-1.193	1.047
25	4	3.529	1	1	-1.847	-0.4239
25	4	3.739	0	0	1.059	-0.4239
25	4	0.3719	0	1	0.694	0.4944
25	4	3.66	1	1	1.312	-0.1694
25	4	0.9497	1	0	1.709	7.851
25	4	0.001071	1	1	0.1452	-0.1694
25	4	0.09107	0	1	-0.09655	0.06701
25	4	0.1912	1	0	-0.01007	0.4944
25	4	0.005076	0	1	-0.795	-0.559
25	4	3.54	0	0	1.757	1.664
25	4	0.2082	0	1	-0.2163	-0.1694
25	4	1.128	1	0	-0.1002	-0.4239
26	4	0.7095	1	1	-0.8237	0.3926
26	4	0.5271	0	0	-0.9192	0.3926
26	4	0.7389	0	1	-0.09647	-0.6998
26	4	3.891	0	0	0.1056	-0.6998
26	4	0.1619	0	1	-0.3301	-0.1694
26	4	0.08534	0	1	0.8518	-0.559
26	4	0.4441	1	1	-0.1469	0.4944
26	4	0.1222	0	1	0.2368	-0.04907
26	4	0.9341	0	0	1.005	0.7822
26	4	0.7694	1	1	0.8491	-0.2942
26	4	3.72	0	0	-0.1509	-0.559
26	4	0.01762	1	1	-0.3182	1.292
26	4	3.332	1	1	-1.091	-0.4239
26	4	0.2642	1	1	0.2567	0.4944
26	4	1.102	1	1	0.6367	-0.6998
26	4	0.9202	1	1	-0.504	-0.6998
26	4	3.83	1	1	1.148	-0.8468
26	4	0.7697	1	1	0.6229	-0.6998
26	4	3.791	0	0	0.08836	0.06701
26	4	1.149	1	1	0.4431	0.06701
26	4	0.2262	1	1	0.6521	0.5932
26	4	0.19	1	0	-0.5487	-0.1694
26	4	0.7979	1	1	0.683	0.6891
26	4	0.07042	0	1	-0.09246	0.9611
26	4	3.71	1	1	-9.845e-05	0.3926
26	4	0.3186	0	1	0.4732	0.3926
26	4	0.2948	1	1	0.04568	2.184
26	4	0.4232	1	1	-0.6788	-0.6998
26	4	3.542	0	0	1.567	0.06701
26	4	0.2614	0	1	1.465	1.212
26	4	0.9353	1	1	0.9604	-0.04907
26	4	0.4451	0	1	-0.2592	-0.8468
26	4	0.2261	0	1	0.4876	0.1791
26	4	0.6191	0	1	0.05341	-0.04907
26	4	3.245	0	0	-0.5884	-1.001
26	4	0.3358	1	1	-0.04885	0.6891
26	4	3.773	1	1	0.6745	-0.8468
26	4	0.9209	1	1	0.1426	0.1791
26	4	0.2662	0	1	-0.6946	0.06701
26	4	0.4568	1	1	0.1088	0.5932
26	4	0.5002	0	0	-1.64	0.3926
26	4	0.5027	1	1	1.391	-1.162
26	4	0.04319	1	1	-1.642	-1.001
26	4	0.7525	1	1	0.8429	-0.6998
26	4	0.4875	1	1	0.6911	-0.4239
26	4	0.9087	1	1	-0.273	-0.559
26	4	0.09993	1	1	0.05544	0.1791
26	4	0.3547	0	1	0.9671	1.212
26	4	3.81	0	0	0.6985	-1.001
26	4	0.2222	0	1	-0.7177	0.06701
27	4	3.729	1	1	-0.09986	-0.559
27	4	0.8161	0	1	-0.3675	-0.6998
27	4	0.3857	1	1	0.4206	0.3926
27	4	0.4544	1	1	0.2733	-0.4239
27	4	0.969	1	1	-0.6025	-0.8468
27	4	0.7738	1	1	-0.2618	-0.1694
27	4	0.1475	0	1	-0.7545	0.3926
27	4	0.5102	0	1	-0.1409	1.52
27	4	3.656	1	1	-0.3394	-0.6998
27	4	0.5455	0	0	0.3313	-0.6998
27	4	0.3671	0	0	0.0762	1.664
27	4	3.636	0	0	-0.02056	-0.1694
27	4	0.8469	0	1	-1.257	0.3926
27	4	0.05565	1	1	0.1271	-0.04907
27	4	3.719	0	0	0.3245	-0.6998
27	4	0.7391	1	1	0.205	-0.04907
27	4	0.2632	0	0	0.5388	0.9611
27	4	0.6555	1	0	0.8185	1.734
27	4	0.579	1	1	0.3502	0.3926
27	4	3.709	1	1	-1.973	-0.4239
27	4	0.02486	1	1	-0.1707	2.184
27	4	0.4797	0	0	0.9174	1.52
27	4	0.1465	1	0	2.206	0.6891
27	4	0.1071	0	0	2.475	-0.6998
27	4	3.704	0	0	-3.777	-0.559
27	4	0.2521	0	0	1.277	-1.9
27	4	0.5106	0	0	1.598	1.131
27	4	3.737	0	0	-3.045	-1.511
27	4	0.5414	1	1	-1.276	0.7822
27	4	0.05816	1	1	-0.2375	-0.04907
27	4	0.008805	0	0	1.526	0.4944
27	4	0.1052	0	1	-0.9367	0.1791
27	4	0.3836	0	0	1.685	-1.001
27	4	0.9164	1	1	-0.9421	-0.4239
27	4	0.3301	1	1	0.1228	-0.1694
27	4	3.477	1	0	1.1	1.37
27	4	3.391	0	0	-0.7932	-1.162
27	4	0.8505	1	0	1.515	1.664
27	4	0.7753	1	1	0.2044	0.4944
27	4	0.2071	1	0	0.9653	-0.8468
27	4	0.1521	0	0	-0.04818	-0.4239
27	4	1.124	0	0	-0.4076	-1.162
27	4	0.1489	0	1	0.2205	-0.6998
27	4	0.3547	0	1	-3.454	-0.4239
27	4	3.539	1	1	-0.3572	0.5932
27	4	0.745	0	1	1.073	0.5932
27	4	0.1422	0	1	-0.356	-0.4239
27	4	0.4252	1	1	-0.156	-0.1694
27	4	0.5133	1	1	-3.973	-0.04907
27	4	0.5321	0	0	-0.2067	0.2876
28	4	0.8823	0	1	0.9978	-0.1694
28	4	3.701	0	0	-0.02769	-1.511
28	4	0.875	1	0	0.821	0.4944
28	4	0.9159	0	0	0.02631	0.6891
28	4	3.661	1	1	-0.1513	0.1791
28	4	4.048	0	0	-0.5201	-1.162
28	4	0.09732	0	1	2.03	-0.2942
28	4	1.129	1	1	1.007	-0.4239
28	4	0.3182	1	1	0.8879	0.6891
28	4	0.5771	1	0	1.352	0.8729
28	4	3.528	0	0	0.3647	-0.4239
28	4	1.182	0	1	-0.218	0.3926
28	4	0.6161	1	1	0.4996	0.06701
28	4	0.2727	1	1	-0.4194	0.3926
28	4	0.2431	0	0	2.049	-0.6998
28	4	0.3453	0	1	0.6394	-0.1694
28	4	3.588	1	1	1.937	-0.1694
28	4	1.13	0	0	0.3771	-0.1694
28	4	0.1618	1	1	-0.7318	-0.04907
28	4	0.4906	0	1	0.2801	0.8729
28	4	3.89	1	1	1.342	-0.8468
28	4	0.06111	1	1	-0.2337	0.8729
28	4	0.2824	1	1	-0.06666	0.6891
28	4	0.2825	1	1	-0.09388	0.2876
28	4	0.9677	1	0	1.575	0.06701
28	4	3.43	1	1	-0.3222	-0.6998
28	4	0.6379	1	0	-0.3604	0.4944
28	4	0.0646	0	1	-2.126	-1.162
28	4	0.1163	1	0	2.106	1.52
28	4	0.516	1	1	0.8732	0.3926
28	4	0.5272	0	0	0.4375	-0.1694
28	4	0.2398	1	0	-1.476	-0.4239
28	4	0.5787	0	0	-2.616	-0.4239
28	4	3.517	0	0	1.864	0.4944
28	4	3.604	1	1	-0.411	-0.4239
28	4	0.05704	1	1	-0.7788	-0.4239
28	4	0.6894	1	1	-0.08443	0.1791
28	4	0.09931	0	1	-1.476	-0.559
28	4	0.1288	0	1	-0.3586	-0.04907
28	4	0.1237	1	1	-0.3482	0.4944
28	4	0.4969	0	0	-0.1138	1.131
28	4	0.07176	1	0	0.1128	-0.2942
28	4	0.5014	1	1	-2.029	-0.6998
28	4	0.9903	0	0	1.15	0.1791
28	4	3.273	1	1	-1.672	-0.8468
28	4	0.00577	0	1	1.039	-0.1694
28	4	0.2337	0	0	0.7231	0.1791
28	4	0.4449	0	1	1.174	0.6891
28	4	0.06268	0	0	-0.6764	0.1791
28	4	0.3848	0	1	-3.467	2.58
29	4	0.3134	1	1	-0.1342	-0.2942
29	4	0.1616	1	0	0.01198	-1.001
29	4	0.04036	0	1	-0.8171	0.4944
29	4	0.06709	1	0	0.3329	1.131
29	4	0.1084	1	0	-0.3065	0.5932
29	4	0.3393	1	0	0.6845	-0.4239
29	4	0.4959	1	0	-0.1355	0.4944
29	4	0.314	0	0	0.9506	-0.4239
29	4	3.851	0	0	1.119	0.06701
29	4	0.9811	0	0	-0.05799	1.734
29	4	0.6546	0	0	-1.823	0.7822
29	4	1.04	0	0	-0.6143	1.52
29	4	0.4447	0	0	-0.1386	0.2876
29	4	0.231	1	0	0.06059	0.3926
29	4	3.5	0	0	-0.005492	-0.6998
29	4	3.358	1	1	-0.02475	-0.4239
29	4	0.9445	0	0	-0.6259	-0.6998
29	4	0.1545	1	1	-0.605	1.52
29	4	0.04699	0	1	0.4988	1.802
29	4	3.808	1	1	-0.2172	0.06701
29	4	1.285	1	0	-0.7174	0.1791
29	4	3.832	1	1	-1.633	-0.4239
29	4	0.7843	0	0	0.9468	0.1791
29	4	0.5237	1	1	0.919	1.869
29	4	0.366	0	1	0.3126	0.1791
29	4	0.6826	1	1	-0.6584	0.06701
29	4	0.2742	0	0	0.6	0.7822
29	4	1.016	0	1	0.3291	0.3926
29	4	0.5391	0	0	1.385	0.8729
29	4	3.763	1	1	0.09312	0.8729
29	4	0.3132	0	0	1.178	-0.559
29	4	0.7774	0	0	0.1545	-0.8468
29	4	0.1653	1	0	2.123	1.131
29	4	0.2997	1	0	-2.429	0.1791
29	4	0.03174	0	0	0.1176	-0.6998
29	4	0.0896	1	0	0.5844	1.047
29	4	1.171	0	0	1.037	-0.4239
29	4	0.2997	0	0	0.2128	-0.6998
29	4	3.622	1	1	1.244	-1.001
29	4	0.7517	1	1	-0.1379	1.999
29	4	0.3122	1	1	-0.4888	-0.1694
29	4	0.6823	1	0	0.9888	0.8729
29	4	3.381	1	1	-0.01184	-0.6998
29	4	0.5298	0	0	0.9122	-0.4239
29	4	0.4085	0	0	-0.2017	-0.1694
29	4	0.3623	1	0	-0.4451	-1.511
29	4	3.429	0	0	0.2591	-1.162
29	4	3.824	1	1	0.04897	-1.162
29	4	0.6112	0	1	-0.7302	0.9611
29	4	0.1208	0	1	-1.379	0.3926
30	5	0.2183	0	0	0.4691	0.9611
30	5	3.964	0	0	-0.6356	0.1791
30	5	0.9943	0	0	0.08762	0.5932
30	5	3.677	1	1	-0.2954	-0.04907
30	5	0.0951	0	0	-0.07411	-0.04907
30	5	3.249	0	0	-0.2232	-0.6998
30	5	0.3038	1	0	0.1092	-0.6998
30	5	0.4118	1	1	0.003621	0.4944
30	5	0.4785	0	0	-0.8159	-1.7
30	5	0.1919	0	0	0.1509	-0.1694
30	5	0.7	0	0	0.5115	0.8729
30	5	0.3817	1	0	0.4663	-0.1694
30	5	0.9664	0	1	-0.3824	0.7822
30	5	0.429	0	0	0.01233	-0.1694
30	5	0.1844	0	0	-1.276	-0.4239
30	5	0.9836	0	0	0.6747	-0.4239
30	5	0.5184	1	0	-0.7661	-0.6998
30	5	0.2412	1	1	-6.085	-0.559
30	5	0.265	1	0	2.434	-2.114
30	5	0.1722	1	1	-0.01691	1.37
30	5	0.01045	0	0	0.7138	0.4944
30	5	0.624	0	0	0.1276	0.1791
30	5	0.9958	1	1	0.2154	0.6891
30	5	0.9685	0	1	0.3449	0.6891
30	5	0.5399	1	1	-0.07652	0.8729
30	5	3.288	1	1	0.05568	-0.4239
30	5	0.2677	0	1	-0.4497	1.52
30	5	0.1112	1	1	-0.4757	0.8729
30	5	1.361	1	1	-0.1708	0.4944
30	5	3.716	1	1	0.05303	0.1791
30	5	0.1902	1	0	-0.3349	0.8729
30	5	3.385	1	1	1.26	-0.1694
30	5	0.2177	0	0	0.1112	0.7822
30	5	0.1536	1	1	0.644	-0.4239
30	5	0.5003	1	1	0.6035	0.1791
30	5	1.192	0	0	-0.04866	-0.6998
30	5	0.9612	0	1	-0.1585	1.212
30	5	0.4828	0	0	0.3429	1.131
30	5	3.651	0	0	2.009	-0.2942
30	5	0.3809	1	1	1.929	1.52
30	5	0.9979	1	1	-0.1566	0.3926
30	5	0.42	0	0	-2.562	-0.2942
30	5	0.429	1	0	-1.069	0.9611
30	5	0.04826	1	0	0.1171	2.062
30	5	0.06526	1	1	1.469	0.3926
30	5	3.471	1	1	0.2777	0.1791
30	5	0.132	1	0	0.1782	-0.04907
30	5	0.02106	0	0	-1.335	0.3926
30	5	3.542	0	0	0.5872	0.5932
30	5	3.42	0	0	0.7257	-0.04907
31	5	0.08031	1	0	-0.9382	-0.4239
31	5	1.028	0	0	0.1037	-0.6998
31	5	0.5107	0	0	1.158	1.292
31	5	0.5819	1	0	0.5506	0.6891
31	5	3.47	1	1	-0.4841	0.3926
31	5	0.2295	1	0	0.2618	-0.4239
31	5	3.872	1	1	-0.5595	-0.559
31	5	0.1985	1	1	-0.3193	0.9611
31	5	3.965	1	1	0.9499	0.1791
31	5	0.9209	1	1	0.7872	1.047
31	5	0.6633	0	0	-2.205	0.1791
31	5	0.8652	1	0	2.011	0.6891
31	5	0.9361	0	0	-1.204	-1.162
31	5	0.6397	1	0	0.5093	0.1791
31	5	0.05643	0	1	0.7766	2.244
31	5	1.034	1	1	0.2104	1.212
31	5	0.2992	0	0	1.499	-1.7
31	5	3.294	0	0	1.138	-1.332
31	5	0.688	1	0	0.4203	0.1791
31	5	0.03652	1	1	1.178	0.3926
31	5	0.3976	0	0	-0.2823	0.5932
31	5	0.1078	0	1	0.6976	1.292
31	5	3.726	0	0	-0.1738	-0.2942
31	5	0.2979	0	1	-0.01483	0.2876
31	5	0.2985	1	1	-0.9987	-0.2942
31	5	0.9791	0	1	-0.05745	0.6891
31	5	0.171	1	1	-0.2832	0.5932
31	5	0.7064	1	0	3.06	2.934
31	5	1.309	1	1	0.3454	0.4944
31	5	0.3303	0	1	-0.7922	0.06701
31	5	0.04529	0	0	1.008	1.131
31	5	3.585	1	1	0.9852	-0.4239
31	5	0.3816	1	0	0.03441	-0.4239
31	5	0.08618	1	0	1.13	0.2876
31	5	0.2008	1	1	0.3414	1.934
31	5	0.4477	0	0	0.8906	1.131
31	5	0.9375	0	0	-0.5972	-0.6998
31	5	0.09141	0	0	-0.3914	-0.04907
31	5	0.9241	1	0	-1.159	1.212
31	5	0.3488	0	0	-0.08915	0.9611
31	5	0.01187	0	0	-0.5468	1.292
31	5	0.4507	0	0	-0.2303	1.292
31	5	3.926	0	0	-0.376	-0.4239
31	5	3.743	0	0	0.6411	-1.162
31	5	3.904	1	1	1.575	0.1791
31	5	0.5476	0	0	0.3275	0.1791
31	5	0.1848	0	0	-0.08122	-0.04907
31	5	3.779	0	0	1.369	-0.4239
31	5	0.2058	1	1	1.126	0.8729
31	5	0.448	1	1	0.7288	1.131
32	5	0.6433	0	1	-1.706	0.06701
32	5	0.1791	0	1	-0.05598	0.3926
32	5	1.132	0	0	-0.0597	0.4944
32	5	0.2353	1	1	-1.194	1.292
32	5	0.3307	0	0	0.07892	-0.8468
32	5	0.1849	1	0	-0.05703	-0.8468
32	5	3.641	0	0	0.7875	-0.1694
32	5	1.025	1	1	0.007233	1.292
32	5	0.6894	1	0	-0.026	1.446
32	5	0.7592	0	1	0.1925	2.36
32	5	0.3441	0	1	1.032	0.5932
32	5	0.2516	1	1	-0.4928	0.1791
32	5	3.872	1	1	-0.5615	-0.1694
32	5	0.1141	0	1	0.6111	0.4944
32	5	0.1029	0	0	0.3054	0.06701
32	5	1.174	1	1	-0.1072	2.062
32	5	3.666	1	1	0.6395	0.06701
32	5	0.6416	0	0	0.2488	0.3926
32	5	0.2091	1	1	-0.7532	0.3926
32	5	0.5953	0	0	-0.03691	-0.1694
32	5	0.8555	0	0	-1.793	0.6891
32	5	0.05913	1	1	-0.8018	0.3926
32	5	0.2403	1	1	-0.5895	0.9611
32	5	0.0736	0	1	0.8221	-0.04907
32	5	0.2852	1	1	-0.5793	1.047
32	5	0.3255	0	1	0.7201	1.593
32	5	0.4815	1	1	-0.162	0.3926
32	5	3.843	1	1	-0.9653	0.6891
32	5	0.6739	1	1	-0.2258	-0.4239
32	5	3.68	0	0	0.2543	0.1791
32	5	0.6916	1	1	-0.2878	1.131
32	5	3.906	1	1	0.5929	-0.1694
32	5	0.9301	1	0	0.8541	-0.1694
32	5	0.6189	0	0	-0.04259	0.9611
32	5	0.09606	0	0	0.129	-0.04907
32	5	1.143	0	0	-0.8027	0.7822
32	5	0.1595	0	0	1.178	1.37
32	5	3.543	0	0	-0.7724	-0.2942
32	5	0.1387	0	0	-1.943	0.3926
32	5	0.3926	0	1	1.928	1.869
32	5	1.16	1	0	-2.299	1.664
32	5	3.573	1	1	-0.9545	0.3926
32	5	0.05581	1	1	-0.301	0.4944
32	5	0.9905	1	1	0.3936	-0.04907
32	5	0.3247	0	0	1.322	0.4944
32	5	0.7756	1	0	-0.02574	0.5932
32	5	0.2811	1	1	1.281	-0.1694
32	5	3.732	1	1	-0.8142	0.1791
32	5	3.409	1	1	-0.1034	-0.4239
32	5	0.324	1	1	-0.2915	-0.6998
33	5	0.6481	0	1	1.285	1.593
33	5	0.1621	0	1	0.2655	0.7822
33	5	0.1306	0	1	0.1793	0.06701
33	5	3.49	1	1	0.03698	0.1791
33	5	0.4591	0	1	0.2115	0.4944
33	5	3.957	1	1	0.657	-0.1694
33	5	3.908	1	1	-0.09044	0.06701
33	5	3.704	1	1	-0.4862	-0.559
33	5	0.8864	1	1	-0.3999	-0.8468
33	5	0.4299	0	1	-1.43	-0.4239
33	5	0.06279	0	1	-1.511	-0.1694
33	5	0.83	0	1	0.3843	-0.1694
33	5	3.551	1	1	-0.9817	-0.4239
33	5	0.5516	0	0	0.6117	0.7822
33	5	3.43	0	0	-0.4505	0.3926
33	5	0.2071	1	1	-0.1663	-0.559
33	5	0.6696	0	1	-0.08005	0.1791
33	5	0.1598	1	0	-0.3036	0.4944
33	5	0.6804	1	1	0.2417	0.1791
33	5	0.9371	0	0	-0.1284	0.2876
33	5	0.9018	1	0	-0.4959	-0.4239
33	5	0.2278	0	1	-0.1956	1.869
33	5	0.3625	0	1	-0.3621	1.52
33	5	0.56	1	1	0.2303	0.9611
33	5	0.304	1	1	-0.2467	-0.04907
33	5	3.672	0	0	0.01727	-0.8468
33	5	0.3808	0	0	1.104	0.2876
33	5	0.4162	0	1	0.5394	0.4944
33	5	3.99	0	0	1.049	-0.6998
33	5	0.2865	0	0	-0.2827	2.184
33	5	0.1657	1	0	0.3882	1.047
33	5	0.01367	1	0	1.084	0.7822
33	5	0.9818	1	1	0.2979	-0.4239
33	5	0.1646	1	1	1.288	-0.8468
33	5	0.3406	0	1	-0.2186	0.6891
33	5	0.2332	1	1	0.9419	0.4944
33	5	0.4021	1	0	0.1101	-0.04907
33	5	4.208	1	1	0.4477	0.4944
33	5	1.062	1	1	-2.162	-0.4239
33	5	0.1153	0	1	0.3321	1.131
33	5	0.5136	1	1	-1.494	1.869
33	5	0.5263	1	1	-0.7191	-0.4239
33	5	3.528	1	1	0.6537	-0.04907
33	5	0.2682	0	1	-0.02777	0.6891
33	5	0.2445	0	0	-0.1358	0.6891
33	5	1.073	1	1	-3.308	0.9611
33	5	0.09984	1	0	-0.6939	-0.4239
33	5	0.4473	0	1	-0.0001128	0.5932
33	5	0.4215	1	1	-2.167	0.4944
33	5	0.2531	0	1	0.5479	2.302
34	5	3.858	1	1	-0.7833	-0.4239
34	5	0.9378	0	0	-2.127	1.212
34	5	0.4677	0	0	0.5599	1.52
34	5	0.07979	0	0	-0.1319	0.6891
34	5	1.066	1	1	-0.6774	-0.2942
34	5	0.7231	0	0	0.1281	-0.04907
34	5	0.1148	1	0	0.01189	2.062
34	5	0.1521	0	1	-0.03998	0.3926
34	5	0.7809	0	0	-2.25	0.06701
34	5	0.01869	1	1	0.108	-0.1694
34	5	0.1319	1	1	0.01207	-0.1694
34	5	0.1517	1	1	-3.162	0.3926
34	5	0.8161	0	0	0.05826	-0.8468
34	5	0.3482	1	1	-1.602	0.06701
34	5	3.489	0	0	0.3417	-1.332
34	5	0.4411	1	0	0.6031	0.5932
34	5	3.526	1	1	-0.4286	0.2876
34	5	0.1288	0	1	-0.06612	0.6891
34	5	0.2638	0	0	0.4357	-0.559
34	5	0.2062	0	0	0.2744	1.664
34	5	1.086	0	0	0.6437	-0.559
34	5	0.7209	0	1	-0.4133	-0.4239
34	5	0.9931	1	1	-0.01862	0.1791
34	5	0.3968	1	1	-0.8501	0.5932
34	5	1.185	1	1	0.7418	-0.8468
34	5	0.4681	1	1	0.4815	0.6891
34	5	0.3141	0	1	-0.4278	-0.4239
34	5	0.4452	1	0	-0.5559	1.734
34	5	0.5738	1	1	-0.7634	-1.332
34	5	0.7698	1	1	1.271	-0.2942
34	5	3.3	0	0	0.51	-1.001
34	5	0.1219	1	0	-0.4636	1.212
34	5	3.539	1	1	0.8072	-1.332
34	5	0.1062	0	0	1.426	-0.8468
34	5	0.4465	1	0	2.477	0.3926
34	5	3.722	0	0	-0.8623	-0.8468
34	5	0.1023	0	1	0.06567	1.52
34	5	3.746	1	1	0.1589	-0.559
34	5	3.482	0	0	0.4225	-1.001
34	5	0.3008	0	1	0.3644	0.4944
34	5	0.09035	1	1	0.1678	-0.559
34	5	0.7039	0	1	0.7915	-0.6998
34	5	0.06978	1	0	0.1694	-0.1694
34	5	0.2904	0	1	-1.417	0.8729
34	5	0.3412	1	1	0.3198	0.3926
34	5	3.802	1	1	0.3739	-0.04907
34	5	0.173	1	0	-1.47	0.4944
34	5	0.09866	1	0	0.4689	1.734
34	5	3.678	0	0	-0.9322	-0.6998
34	5	0.03985	1	0	-0.5316	-0.2942
35	5	3.486	0	0	-0.2153	-1.001
35	5	0.3956	1	1	0.3978	-0.04907
35	5	0.6751	0	0	0.1088	1.212
35	5	0.3941	1	1	0.4312	-0.04907
35	5	0.2574	0	0	0.6039	0.3926
35	5	0.1278	0	1	0.9885	0.9611
35	5	0.3674	0	0	0.01263	1.212
35	5	0.1036	1	1	0.7352	1.047
35	5	0.3184	1	0	1.128	-0.1694
35	5	0.4253	1	0	-0.4622	-0.559
35	5	0.1766	1	0	-0.1632	0.8729
35	5	3.554	1	1	0.3798	-0.04907
35	5	0.4835	1	1	-0.09928	1.999
35	5	0.08148	0	1	-0.2737	1.212
35	5	0.09966	0	1	-0.472	-0.4239
35	5	0.6819	0	1	0.7789	0.06701
35	5	3.496	1	1	-0.3455	-0.4239
35	5	0.3723	0	1	-1.507	-0.04907
35	5	0.6898	1	0	0.4389	1.999
35	5	3.691	0	0	0.9561	-0.4239
35	5	4.218	0	0	-0.4354	-0.8468
35	5	0.3885	1	0	0.5393	0.1791
35	5	0.02515	0	1	-0.3445	-0.6998
35	5	0.3782	0	0	1.069	0.6891
35	5	0.8946	1	0	0.5942	0.6891
35	5	0.07294	1	0	1.34	0.1791
35	5	0.4	0	0	-1.152	-0.4239
35	5	0.7654	1	1	1.438	-0.1694
35	5	0.8271	0	0	-2.306	0.4944
35	5	3.851	0	0	0.4543	-0.8468
35	5	0.7718	1	0	1.023	0.6891
35	5	0.9658	0	0	-0.9253	-1.511
35	5	0.3178	1	0	1.105	-0.2942
35	5	0.5053	0	0	-0.9334	-1.162
35	5	0.6055	1	0	1.378	0.6891
35	5	0.05779	0	0	-0.5961	0.6891
35	5	0.2634	0	0	-0.2016	0.3926
35	5	1.075	1	1	-0.6136	-0.4239
35	5	3.523	1	1	-0.5613	-0.1694
35	5	3.741	0	0	0.06573	-0.2942
35	5	0.3654	0	0	-1.17	0.9611
35	5	3.66	1	1	0.7197	0.06701
35	5	0.9476	1	0	2.51	-0.6998
35	5	0.001009	1	1	0.2108	-0.04907
35	5	0.08666	0	1	-0.2037	-0.1694
35	5	0.1855	1	0	0.08093	2.302
35	5	0.005244	0	1	-2.29	0.6891
35	5	3.545	0	0	-0.5103	-0.559
35	5	0.2102	0	0	-0.3689	1.047
35	5	1.128	1	1	-0.1454	0.3926
36	5	0.7107	1	1	-0.2181	0.1791
36	5	0.5237	0	0	0.4529	-1.511
36	5	0.7348	0	1	-0.154	0.3926
36	5	3.897	0	0	-0.06778	-1.7
36	5	0.1657	0	0	0.8027	-0.04907
36	5	0.08381	0	0	1.037	-0.559
36	5	0.4444	1	1	1.686	0.3926
36	5	0.1231	0	0	-0.1442	-0.4239
36	5	0.9337	0	0	-1.866	0.5932
36	5	0.7696	1	0	-0.4143	0.8729
36	5	3.728	0	0	-0.02017	-0.04907
36	5	0.01565	1	1	0.09922	0.8729
36	5	3.333	1	1	-0.2819	1.292
36	5	0.2648	1	1	1.058	1.37
36	5	1.098	1	1	-2.567	1.131
36	5	0.9239	1	1	0.08317	0.8729
36	5	3.84	1	1	0.9287	0.9611
36	5	0.7693	1	1	1.606	0.8729
36	5	3.79	0	0	-0.0414	0.3926
36	5	1.142	1	1	0.292	0.3926
36	5	0.2253	1	0	-0.5287	1.131
36	5	0.1898	1	1	-0.5786	0.3926
36	5	0.7983	1	1	0.1991	0.3926
36	5	0.07069	0	0	2.479	0.7822
36	5	3.709	1	1	-0.7651	0.1791
36	5	0.3188	0	0	1.391	0.1791
36	5	0.3005	1	1	-1.327	2.062
36	5	0.4221	1	0	0.9632	0.6891
36	5	3.549	0	0	-0.9563	1.131
36	5	0.2598	0	1	-0.0933	0.6891
36	5	0.9353	1	1	0.3065	1.664
36	5	0.4407	0	0	0.3466	-1.162
36	5	0.2196	0	0	-0.4643	0.8729
36	5	0.619	0	0	0.3777	1.131
36	5	3.247	0	0	0.1045	0.4944
36	5	0.3391	1	0	-0.8152	1.446
36	5	3.777	1	1	-0.008157	1.047
36	5	0.9172	1	1	0.4418	0.5932
36	5	0.2647	0	1	-2.242	1.292
36	5	0.4483	1	1	-1.762	0.4944
36	5	0.5004	0	1	0.9507	0.9611
36	5	0.5071	1	1	1.135	0.4944
36	5	0.05064	1	0	-1.283	0.6891
36	5	0.7509	1	0	-1.482	0.5932
36	5	0.4859	1	1	0.454	2.123
36	5	0.9094	1	1	-0.772	0.9611
36	5	0.1027	1	0	-0.3374	0.6891
36	5	0.3599	0	0	1.225	1.446
36	5	3.823	0	0	0.1463	0.7822
36	5	0.221	0	1	-0.2426	0.8729
37	5	3.728	1	1	-1.119	0.6891
37	5	0.8152	0	1	-0.2329	1.802
37	5	0.3904	1	0	-0.2707	1.047
37	5	0.4544	1	1	-0.1124	0.3926
37	5	0.9711	1	1	-2.772	1.131
37	5	0.7715	1	1	0.02957	0.2876
37	5	0.1465	0	1	0.8895	1.734
37	5	0.5064	0	0	-0.08715	-0.8468
37	5	3.658	1	1	0.3694	0.1791
37	5	0.5435	0	1	0.3054	0.4944
37	5	0.3618	0	1	-0.2566	1.212
37	5	3.642	0	0	0.1625	-0.4239
37	5	0.8501	0	1	-0.4602	0.1791
37	5	0.05404	1	1	-0.5305	-0.1694
37	5	3.724	0	0	0.1614	-0.2942
37	5	0.7413	1	1	0.5752	-0.4239
37	5	0.2677	0	0	0.2637	-0.2942
37	5	0.6624	1	1	0.7686	-1.162
37	5	0.5842	1	0	-0.1967	0.1791
37	5	3.711	1	1	0.145	-0.8468
37	5	0.01656	1	1	0.7861	-0.6998
37	5	0.4856	0	1	-0.2227	0.7822
37	5	0.1444	1	1	-1.63	1.52
37	5	0.1026	0	0	0.5628	0.8729
37	5	3.705	0	0	-1.864	-0.1694
37	5	0.2522	0	0	0.103	-1.162
37	5	0.5074	0	1	-0.2581	0.06701
37	5	3.734	0	0	0.4119	-1.511
37	5	0.5466	1	0	0.7402	-0.6998
37	5	0.06096	1	1	1.953	-0.1694
37	5	1.335e-05	0	0	-0.5764	0.1791
37	5	0.09955	0	1	-0.1585	-0.4239
37	5	0.3848	0	0	0.8169	-0.559
37	5	0.9185	1	1	0.3132	-1.332
37	5	0.3271	1	0	0.7885	0.3926
37	5	3.48	1	1	-1.074	-0.4239
37	5	3.389	0	0	-0.4571	0.1791
37	5	0.8469	1	1	-0.4974	-0.4239
37	5	0.7808	1	1	0.9715	-0.04907
37	5	0.2072	1	1	-1.326	-0.1694
37	5	0.1538	0	1	1.069	0.4944
37	5	1.122	0	0	-1.009	-0.1694
37	5	0.1471	0	1	0.7185	0.8729
37	5	0.3573	0	1	-3.364	0.9611
37	5	3.535	1	1	-0.5623	-0.2942
37	5	0.7539	0	1	1.276	1.292
37	5	0.1406	0	1	-1.18	0.6891
37	5	0.4241	1	1	2.22	1.292
37	5	0.5109	1	1	-0.03877	-0.1694
37	5	0.5293	0	0	-2.543	0.1791
38	5	0.8834	0	0	-0.81	-0.4239
38	5	3.705	0	0	0.1589	-0.4239
38	5	0.8707	1	1	-0.09752	0.2876
38	5	0.9117	0	0	-0.3336	-0.4239
38	5	3.663	1	1	-0.7745	0.9611
38	5	4.05	0	0	-2.254	-0.1694
38	5	0.09865	0	0	1.237	2.123
38	5	1.13	1	1	0.3515	0.1791
38	5	0.3189	1	1	0.129	0.3926
38	5	0.5789	1	1	0.8407	0.6891
38	5	3.529	0	0	-0.3863	-0.1694
38	5	1.182	0	0	-1.457	-0.2942
38	5	0.6164	1	1	2.155	-0.04907
38	5	0.2731	1	0	-0.693	0.3926
38	5	0.2424	0	0	-1.087	0.06701
38	5	0.3433	0	1	0.2038	0.06701
38	5	3.59	1	1	0.1143	-0.04907
38	5	1.134	0	0	0.4638	1.131
38	5	0.1618	1	1	-2.154	0.4944
38	5	0.4871	0	1	-2.609	0.3926
38	5	3.892	1	1	-0.8465	0.1791
38	5	0.05637	1	1	0.2708	0.7822
38	5	0.2898	1	0	-1.08	0.7822
38	5	0.2781	1	1	-0.07472	0.06701
38	5	0.9702	1	1	0.4089	-0.2942
38	5	3.428	1	1	-1.096	-0.6998
38	5	0.6313	1	1	0.1456	-0.6998
38	5	0.06416	0	1	-1.036	0.1791
38	5	0.1241	1	1	0.5947	-0.4239
38	5	0.5176	1	1	0.1866	0.3926
38	5	0.5255	0	0	-0.6671	0.6891
38	5	0.2408	1	0	-0.1061	-0.2942
38	5	0.5794	0	0	-0.3126	-1.001
38	5	3.517	0	0	-0.07451	-1.001
38	5	3.611	1	1	0.9033	-0.559
38	5	0.05759	1	0	1.797	-0.04907
38	5	0.6929	1	1	0.2834	-0.04907
38	5	0.09871	0	0	0.8818	-1.001
38	5	0.1285	0	1	1.353	-0.4239
38	5	0.5091	1	0	1.191	-0.04907
38	5	0.9029	0	0	-1.552	-0.2942
38	5	0.01552	1	0	1.888	-0.8468
38	5	0.4999	1	0	0.3156	1.047
38	5	0.9902	0	0	-2.687	1.047
38	5	3.281	1	1	-0.1487	0.2876
38	5	0.005099	0	0	1.805	0.9611
38	5	0.2379	0	0	0.3314	-0.8468
38	5	0.4492	0	0	-2.526	-0.2942
38	5	0.06107	0	0	-1.38	0.3926
38	5	0.3872	0	0	0.6005	-1.162
39	5	0.3138	1	1	0.2652	-0.04907
39	5	0.1661	1	1	0.1384	1.802
39	5	0.04032	0	0	0.5856	0.1791
39	5	0.0711	1	1	-0.3859	-0.1694
39	5	0.1026	1	1	-1.526	-0.559
39	5	0.3388	1	1	-1.355	1.131
39	5	0.4987	1	0	-1.642	-1.162
39	5	0.3133	0	0	0.8679	0.7822
39	5	3.853	0	0	-0.4323	-1.511
39	5	0.9787	0	1	0.7427	0.8729
39	5	0.6516	0	0	0.4395	0.1791
39	5	1.044	0	1	0.2512	-0.04907
39	5	0.4466	0	0	-0.7054	0.4944
39	5	0.2343	1	1	-1.445	0.9611
39	5	3.499	0	0	1.404	-0.559
39	5	3.367	1	1	0.4345	0.06701
39	5	0.9434	0	0	0.3222	-0.4239
39	5	0.1514	1	0	1.526	-0.04907
39	5	0.05195	0	1	0.7497	-1.162
39	5	3.81	1	1	0.298	0.1791
39	5	1.281	1	1	0.7142	-1.332
39	5	3.828	1	1	0.2636	-0.559
39	5	0.7947	0	0	0.7791	-0.04907
39	5	0.5239	1	0	-0.8117	-1.9
39	5	0.3631	0	0	-1.465	1.593
39	5	0.6861	1	0	0.0776	-0.1694
39	5	0.2727	0	0	0.1867	0.3926
39	5	1.012	0	0	-0.2995	-0.4239
39	5	0.5396	0	1	-1.809	0.6891
39	5	3.764	1	1	0.9824	0.1791
39	5	0.3134	0	0	-0.6671	-1.162
39	5	0.7782	0	0	1.356	-1.001
39	5	0.1627	1	0	0.2596	-0.4239
39	5	0.301	1	0	-1.477	-0.4239
39	5	0.03819	0	0	-0.8502	0.3926
39	5	0.09205	1	0	0.27	-2.587
39	5	1.17	0	0	-0.6101	-0.559
39	5	0.2995	0	0	1.143	0.06701
39	5	3.621	1	1	-0.4548	-0.04907
39	5	0.7492	1	0	0.1772	0.8729
39	5	0.3127	1	1	0.3951	0.1791
39	5	0.6819	1	1	-1.589	0.1791
39	5	3.383	1	1	0.2206	-0.8468
39	5	0.5312	0	0	-0.5877	0.6891
39	5	0.4112	0	0	0.05978	0.8729
39	5	0.3604	1	0	-1.074	-0.4239
39	5	3.433	0	0	-0.733	-1.001
39	5	3.819	1	1	0.742	0.06701
39	5	0.6089	0	0	0.6788	0.1791
39	5	0.1181	0	1	-1.458	0.3926
40	6	0.2188	0	0	-0.2934	1.869
40	6	3.967	0	0	-1.604	0.8729
40	6	0.9925	0	0	-0.9102	0.3926
40	6	3.674	1	1	-0.4623	-0.2942
40	6	0.09484	0	0	-0.4988	0.7822
40	6	3.249	0	0	0.4302	-0.2942
40	6	0.3037	1	0	0.5093	0.9611
40	6	0.4113	1	0	-0.844	1.047
40	6	0.4799	0	0	-1.87	0.1791
40	6	0.1946	0	0	0.1316	0.1791
40	6	0.7026	0	0	-0.1238	-0.1694
40	6	0.3788	1	0	-1.299	-0.559
40	6	0.9653	0	1	0.1942	-0.4239
40	6	0.4344	0	1	0.09031	2.062
40	6	0.1809	0	1	0.3966	0.8729
40	6	0.9837	0	0	-0.5799	-0.1694
40	6	0.5154	1	0	0.3019	-1.7
40	6	0.239	1	1	-0.04504	-1.001
40	6	0.2628	1	1	-0.6198	-0.4239
40	6	0.1707	1	1	0.1585	1.52
40	6	0.01154	0	1	-0.4467	0.2876
40	6	0.6242	0	0	0.2559	0.9611
40	6	0.9942	1	1	-1.007	-0.1694
40	6	0.9666	0	1	-0.01751	1.131
40	6	0.5374	1	1	0.8133	-0.04907
40	6	3.288	1	1	-1.738	-0.04907
40	6	0.2706	0	0	1.198	0.2876
40	6	0.1153	1	1	-1.055	-0.4239
40	6	1.362	1	1	0.2854	0.06701
40	6	3.716	1	1	1.232	-1.162
40	6	0.1922	1	1	0.1854	0.9611
40	6	3.39	1	1	-0.2888	-0.6998
40	6	0.2122	0	0	-0.9953	0.1791
40	6	0.1523	1	1	-3.83	-0.2942
40	6	0.4962	1	0	0.8428	-1.162
40	6	1.2	0	0	0.4872	-1.511
40	6	0.964	0	0	0.7134	-1.162
40	6	0.4806	0	0	1.288	-3.455
40	6	3.651	0	0	1.321	0.9611
40	6	0.3806	1	1	-0.4685	-0.6998
40	6	0.9987	1	1	0.7492	1.131
40	6	0.4169	0	0	-1.638	-1.001
40	6	0.4278	1	0	-2.088	-1.9
40	6	0.05094	1	1	-0.4686	0.8729
40	6	0.05886	1	0	-2.416	0.3926
40	6	3.469	1	1	-1.225	-0.2942
40	6	0.1313	1	1	1.44	-0.2942
40	6	0.01937	0	1	-1.204	-0.4239
40	6	3.539	0	0	0.3278	-0.559
40	6	3.413	0	0	-0.2666	-0.2942
41	6	0.07668	1	0	-0.2412	-0.8468
41	6	1.028	0	0	-0.2158	-0.6998
41	6	0.5089	0	0	-0.1858	-1.162
41	6	0.5835	1	0	-0.5996	0.1791
41	6	3.465	1	1	-0.5734	-0.559
41	6	0.2299	1	0	-0.09128	-0.8468
41	6	3.873	1	1	-0.5604	-0.6998
41	6	0.1967	1	0	-0.1938	-0.4239
41	6	3.964	1	1	-0.4852	-0.2942
41	6	0.9184	1	1	0.2587	-0.4239
41	6	0.6647	0	1	-0.07499	-0.1694
41	6	0.8644	1	1	-0.5755	1.664
41	6	0.9306	0	0	-0.1224	-0.1694
41	6	0.6425	1	0	-0.2117	1.212
41	6	0.05617	0	0	-0.4298	0.2876
41	6	1.034	1	0	-1.443	-0.4239
41	6	0.3013	0	1	0.136	0.06701
41	6	3.291	0	0	-0.23	-0.2942
41	6	0.6862	1	1	-0.7258	0.6891
41	6	0.0375	1	1	-0.2021	-1.162
41	6	0.3971	0	0	-2.361	-0.2942
41	6	0.1088	0	0	0.2635	-1.511
41	6	3.787	0	0	-0.6535	-0.1694
41	6	0.06304	0	1	-0.7705	-0.6998
41	6	0.3657	1	0	2.056	-1.9
41	6	0.8062	0	0	-0.3351	-1.001
41	6	0.3718	1	1	0.2293	0.1791
41	6	0.8644	1	1	0.1998	0.1791
41	6	0.9378	1	1	0.8042	-0.559
41	6	0.08741	1	1	0.193	1.37
41	6	0.09405	0	0	-0.3791	-1.162
41	6	3.593	1	1	-0.07456	1.292
41	6	0.09928	1	1	-1.263	-0.4239
41	6	0.2123	1	1	-0.6769	0.6891
41	6	0.5753	1	0	0.4602	0.1791
41	6	0.3539	0	1	0.7962	-0.4239
41	6	0.4465	0	0	-1.564	-0.8468
41	6	0.01354	0	1	0.7374	0.2876
41	6	0.9115	1	0	-0.3692	-0.4239
41	6	0.05549	1	0	1.042	-2.114
41	6	0.1771	1	1	-0.2324	-0.4239
41	6	0.2055	0	0	-0.5043	0.1791
41	6	3.772	0	0	-0.2434	-1.001
41	6	3.467	0	0	-1.132	-1.162
41	6	3.653	1	1	0.6496	-0.1694
41	6	0.4039	0	0	-0.6534	-0.6998
41	6	0.2904	0	1	-1.516	-0.6998
41	6	3.801	0	0	-0.9401	-1.332
41	6	0.6716	1	1	-0.2471	-0.8468
41	6	0.3314	1	0	1.396	-0.4239
42	6	0.5121	0	1	-0.4515	0.6891
42	6	0.4276	0	1	0.3923	-0.559
42	6	1.253	0	0	-0.7083	-0.8468
42	6	0.481	1	1	-0.4554	-1.001
42	6	0.3171	0	0	0.3042	-0.6998
42	6	0.06072	1	0	0.133	-1.7
42	6	3.417	0	0	-0.9086	-2.587
42	6	0.8188	1	0	0.0432	-2.114
42	6	0.3534	1	1	-0.2221	-0.4239
42	6	0.6768	0	0	0.4372	-1.7
42	6	0.3806	0	0	0.3249	-0.6998
42	6	0.286	1	0	-0.4704	-1.7
42	6	3.586	1	1	-0.2748	-2.114
42	6	0.1322	0	0	0.2108	-0.6998
42	6	0.2409	0	0	0.2969	-1.9
42	6	1.191	1	1	0.1691	-0.6998
42	6	3.874	1	1	-0.2629	-0.8468
42	6	0.5034	0	1	-0.2967	-1.162
42	6	0.1616	1	1	-0.3956	0.1791
42	6	0.2868	0	0	-0.0829	-1.511
42	6	0.8681	0	0	0.3164	-2.587
42	6	0.4047	1	1	0.1251	-0.4239
42	6	0.3566	0	0	-0.03613	-0.1694
42	6	0.0242	0	0	-0.4038	-1.7
42	6	0.05383	1	1	-0.07423	0.3926
42	6	0.177	0	0	0.2881	-0.4239
42	6	0.5668	1	1	1.671	-1.332
42	6	3.183	1	1	-0.7147	-0.6998
42	6	0.8481	1	1	0.185	-0.1694
42	6	3.61	0	0	-0.7358	-1.162
42	6	0.1925	1	0	-0.3206	-2.587
42	6	3.193	1	1	0.2572	-0.1694
42	6	0.7559	1	1	-0.8334	-0.4239
42	6	0.4526	0	0	0.7301	-1.9
42	6	0.08465	0	0	-0.09186	-0.6998
42	6	1.306	0	0	0.8357	-3.14
42	6	0.09802	1	1	0.8206	-0.6998
42	6	3.581	0	0	-0.441	-1.162
42	6	0.001382	1	1	0.06082	-0.04907
42	6	0.1534	0	1	-1.256	-1.162
42	6	0.8811	1	1	-1.132	-0.2942
42	6	3.739	1	1	-0.2758	-0.4239
42	6	0.02067	0	1	-0.3443	0.1791
42	6	1.046	1	0	0.6459	1.52
42	6	0.396	0	1	-0.2659	1.047
42	6	0.9937	1	1	-0.7994	-0.2942
42	6	0.1257	1	0	-1.151	-0.4239
42	6	3.496	1	1	0.1905	-0.4239
42	6	3.658	1	1	0.08076	0.1791
42	6	0.3817	1	0	-0.04992	0.3926
43	6	0.8664	0	0	0.6706	-1.7
43	6	0.03732	1	0	0.6619	-0.8468
43	6	0.3805	0	0	0.3687	-0.6998
43	6	3.621	1	1	-0.5664	0.06701
43	6	0.001212	1	0	0.2601	-0.4239
43	6	3.644	1	1	-0.3362	-0.04907
43	6	3.522	1	1	-0.6958	0.4944
43	6	3.263	1	0	0.1645	1.292
43	6	0.8744	1	0	0.2397	-0.559
43	6	0.3921	0	0	-0.249	-3.14
43	6	0.2183	0	0	-0.2679	0.3926
43	6	0.8838	0	0	-0.6532	-1.511
43	6	3.273	1	1	1.048	-0.04907
43	6	0.3607	0	0	1.032	-2.114
43	6	3.583	0	0	1.86	-0.1694
43	6	0.3206	1	0	0.6198	-0.6998
43	6	0.2211	0	0	-0.8773	-0.559
43	6	0.2457	1	0	-0.3287	0.2876
43	6	1.033	1	0	-0.7178	1.52
43	6	0.5952	0	0	-0.1327	0.1791
43	6	0.7085	1	0	1.158	-0.4239
43	6	0.2341	0	0	-0.1999	1.869
43	6	0.2069	0	0	-0.1901	-0.6998
43	6	0.2184	1	0	-0.06893	-1.162
43	6	0.4094	1	0	0.3899	-0.6998
43	6	3.562	0	0	0.04778	-0.6998
43	6	0.6453	0	0	-1.054	0.3926
43	6	0.08984	0	0	1.973	-1.162
43	6	3.249	0	0	0.517	0.06701
43	6	0.3172	0	0	1.473	-1.511
43	6	0.02151	0	1	1.008	-0.6998
43	6	0.1437	1	0	-0.01227	-1.332
43	6	0.8401	1	0	1.249	-0.8468
43	6	0.02269	0	1	1.869	1.292
43	6	0.6492	0	0	-1.356	-0.4239
43	6	0.7306	1	1	-1.671	-0.04907
43	6	1.114	1	0	-0.6701	0.2876
43	6	3.8	1	1	-0.4954	-0.04907
43	6	0.8635	1	1	0.1841	-0.6998
43	6	0.04493	1	0	0.05442	-0.4239
43	6	0.3984	1	1	-0.3185	-0.4239
43	6	0.08319	1	1	0.3924	-0.4239
43	6	3.904	1	1	-1.431	0.2876
43	6	0.1323	0	0	-2.09	1.292
43	6	0.03702	0	1	-2.24	0.6891
43	6	0.7541	1	1	0.3698	0.1791
43	6	0.08634	1	0	-0.9305	0.06701
43	6	0.4686	0	0	-1.58	0.3926
43	6	0.4204	1	1	-0.8201	-0.4239
43	6	0.1268	1	0	0.9484	-0.8468
44	6	3.646	1	1	0.777	-0.6998
44	6	0.828	0	0	1.004	-1.001
44	6	0.08142	0	1	1.504	1.999
44	6	0.2173	0	0	0.1433	-0.1694
44	6	1.085	1	0	1.377	-0.4239
44	6	0.7437	0	0	-0.9828	-1.332
44	6	0.1836	0	0	0.1357	-0.559
44	6	0.1529	0	0	-0.4951	-1.511
44	6	0.6298	0	0	-0.9968	-0.6998
44	6	0.184	1	1	0.3121	1.869
44	6	0.07771	1	0	0.8575	-1.162
44	6	0.2465	1	0	1.499	-1.001
44	6	0.9589	0	1	0.4503	-1.332
44	6	0.7584	1	1	-0.2949	-0.8468
44	6	3.222	0	0	-0.5421	-1.511
44	6	0.4472	1	0	0.3812	-1.162
44	6	3.512	1	1	0.04002	0.6891
44	6	0.01033	0	0	0.2585	-1.162
44	6	0.3593	0	0	0.5965	-1.511
44	6	0.4645	0	0	-1.044	-1.162
44	6	0.5227	0	0	-0.8725	-0.4239
44	6	1.022	0	1	-0.3785	-0.2942
44	6	0.7466	1	0	-0.1495	-1.001
44	6	0.4724	1	1	-0.4883	-0.2942
44	6	0.5837	1	0	-0.2948	-1.511
44	6	0.5477	1	1	0.9619	0.1791
44	6	0.1603	0	0	0.08091	-0.1694
44	6	0.7232	1	0	-0.5712	1.52
44	6	0.574	1	1	1.061	0.1791
44	6	0.7683	1	1	-2.059	0.1791
44	6	3.294	0	0	-1.316	-0.559
44	6	0.128	1	0	0.2864	0.6891
44	6	3.537	1	1	1.477	-0.04907
44	6	0.1084	0	0	-0.7067	-0.04907
44	6	0.4434	1	0	0.1735	0.1791
44	6	3.72	0	0	0.3811	-1.162
44	6	0.1004	0	0	-0.7802	0.8729
44	6	3.745	1	1	-0.5124	-0.6998
44	6	3.482	0	0	-0.0538	-0.4239
44	6	0.3023	0	0	0.6859	-1.162
44	6	0.08591	1	0	-0.4356	-0.8468
44	6	0.7026	0	1	-1.004	-0.1694
44	6	0.06836	1	1	-0.4286	-0.6998
44	6	0.2901	0	0	-1.034	-2.114
44	6	0.3405	1	0	-0.2532	-0.1694
44	6	3.8	1	0	1.019	1.292
44	6	0.1711	1	0	0.1955	-0.559
44	6	0.1032	1	0	-0.8222	0.06701
44	6	3.679	0	0	-0.6041	0.1791
44	6	0.03855	1	0	-2.023	-0.4239
45	6	3.486	0	0	-0.2701	-1.001
45	6	0.3913	1	0	0.6604	1.664
45	6	0.6753	0	0	-0.3177	1.734
45	6	0.3938	1	0	0.2526	-1.511
45	6	0.2565	0	0	0.536	1.664
45	6	0.129	0	1	0.2774	0.6891
45	6	0.3727	0	0	0.03238	-1.162
45	6	0.1036	1	1	-0.1829	0.2876
45	6	0.3197	1	0	0.1561	0.3926
45	6	0.4261	1	1	-0.3331	-0.4239
45	6	0.1778	1	0	-0.08274	0.1791
45	6	3.553	1	1	0.07728	-0.8468
45	6	0.4924	1	0	-0.05002	-0.04907
45	6	0.0797	0	1	-0.1917	-0.8468
45	6	0.09684	0	0	0.5778	0.3926
45	6	0.679	0	1	1.357	-0.04907
45	6	3.492	1	1	-0.443	-0.8468
45	6	0.3678	0	0	1.169	-0.6998
45	6	0.687	1	1	-1.625	-1.001
45	6	3.688	0	0	1.946	-0.8468
45	6	4.216	0	0	-1.302	-1.7
45	6	0.3869	1	0	1.04	-1.7
45	6	0.02504	0	0	0.7004	-0.4239
45	6	0.3824	0	0	-0.09104	-1.9
45	6	0.8928	1	1	-0.3728	-0.559
45	6	0.07065	1	1	0.9617	0.4944
45	6	0.3984	0	0	0.8596	-0.4239
45	6	0.7642	1	0	-0.4385	-0.8468
45	6	0.8267	0	0	0.5182	-1.511
45	6	3.853	0	0	0.3794	-1.9
45	6	0.7712	1	0	0.03971	0.1791
45	6	0.9649	0	0	0.6687	-1.7
45	6	0.3191	1	1	0.3495	0.1791
45	6	0.5089	0	0	0.3757	-2.114
45	6	0.6056	1	0	0.2276	-1.7
45	6	0.06171	0	1	0.5007	-0.04907
45	6	0.2665	0	1	-0.6498	-0.8468
45	6	1.081	1	1	0.6176	-0.04907
45	6	3.529	1	1	0.5029	-0.04907
45	6	3.742	0	0	-0.2147	-1.511
45	6	0.3663	0	1	-2.152	-0.4239
45	6	3.659	1	1	-0.001572	-0.6998
45	6	0.9478	1	0	2.049	-0.4239
45	6	0.0007162	1	1	-0.8407	-0.4239
45	6	0.09056	0	0	0.9303	-1.332
45	6	0.1899	1	0	-0.2784	-1.162
45	6	0.00195	0	0	0.1578	1.37
45	6	3.545	0	0	1.455	-0.4239
45	6	0.2083	0	0	-1.855	-0.4239
45	6	1.125	1	0	1.685	-0.1694
46	6	0.7093	1	1	-1.592	0.1791
46	6	0.5248	0	0	-1.837	-0.04907
46	6	0.7386	0	0	0.2668	0.2876
46	6	3.894	0	0	0.2529	-0.6998
46	6	0.1628	0	0	-0.04791	-1.332
46	6	0.07991	0	0	1.696	0.1791
46	6	0.4444	1	1	1.568	1.52
46	6	0.1223	0	1	0.3512	0.1791
46	6	0.9349	0	0	0.4115	0.9611
46	6	0.7711	1	1	-0.842	-0.4239
46	6	3.725	0	0	-0.356	-0.4239
46	6	0.01791	1	0	2.491	-1.7
46	6	3.333	1	1	0.2207	1.802
46	6	0.2633	1	1	0.05519	0.3926
46	6	1.103	1	1	-0.978	-0.8468
46	6	0.9225	1	1	0.8615	0.1791
46	6	3.836	1	1	2.211	-0.04907
46	6	0.7718	1	1	0.2611	0.3926
46	6	3.792	0	0	0.7208	-0.4239
46	6	1.147	1	1	0.4889	-0.4239
46	6	0.2272	1	1	-0.4653	0.3926
46	6	0.1903	1	1	0.3606	0.7822
46	6	0.797	1	1	-0.1635	-0.1694
46	6	0.0714	0	0	1.55	-0.6998
46	6	3.708	1	1	1.316	-0.6998
46	6	0.3193	0	1	-1.132	-0.6998
46	6	0.2978	1	0	-0.5579	-0.4239
46	6	0.4242	1	0	1.322	1.52
46	6	3.546	0	0	-0.3484	-0.4239
46	6	0.2621	0	1	-1.091	0.8729
46	6	0.9369	1	0	0.5331	0.8729
46	6	0.442	0	1	-0.4074	-0.4239
46	6	0.2263	0	1	1.578	-0.2942
46	6	0.6169	0	0	1.235	-0.6998
46	6	3.244	0	0	-1.113	-0.8468
46	6	0.3383	1	0	-1.255	-1.162
46	6	3.775	1	1	-1.702	0.7822
46	6	0.922	1	1	-0.144	0.6891
46	6	0.2639	0	0	0.5313	0.06701
46	6	0.4557	1	0	-0.7154	-0.2942
46	6	0.5014	0	1	-1.995	-0.2942
46	6	0.5033	1	1	-0.07223	0.5932
46	6	0.04623	1	1	-2.941	-0.4239
46	6	0.7505	1	1	-0.4036	0.2876
46	6	0.4858	1	0	-0.0442	0.3926
46	6	0.9088	1	0	-0.0953	2.123
46	6	0.1026	1	0	-0.7077	-0.8468
46	6	0.3583	0	1	-1.784	0.8729
46	6	3.811	0	0	-1.87	-0.8468
46	6	0.2213	0	1	-1.232	0.7822
47	6	3.731	1	1	1.661	0.4944
47	6	0.8121	0	1	-0.114	0.6891
47	6	0.3886	1	1	-0.9311	0.8729
47	6	0.4574	1	1	-0.5512	-0.04907
47	6	0.9687	1	1	-0.05651	-0.6998
47	6	0.7717	1	1	0.03108	-0.4239
47	6	0.1483	0	1	-0.9452	-0.2942
47	6	0.5089	0	0	-0.006791	0.1791
47	6	3.659	1	1	0.972	-0.559
47	6	0.5486	0	1	0.3485	0.1791
47	6	0.3633	0	1	0.06555	0.1791
47	6	3.642	0	0	-0.6412	-0.6998
47	6	0.8484	0	0	-0.2693	-1.332
47	6	0.0555	1	0	1.827	-0.559
47	6	3.722	0	0	1.34	-1.001
47	6	0.7371	1	1	0.2623	1.047
47	6	0.2636	0	1	0.1114	-0.6998
47	6	0.6615	1	1	-0.4726	0.1791
47	6	0.588	1	1	-0.7173	-0.559
47	6	3.715	1	1	-0.2899	-0.8468
47	6	0.0221	1	0	0.04299	1.869
47	6	0.4864	0	0	0.3294	-0.8468
47	6	0.1451	1	0	0.3051	-0.559
47	6	0.1037	0	0	-1.117	-0.2942
47	6	3.704	0	0	-0.04554	-1.162
47	6	0.253	0	0	0.9226	-1.162
47	6	0.5103	0	0	0.3867	0.1791
47	6	3.736	0	0	-1.892	-1.7
47	6	0.5423	1	1	-0.5689	1.292
47	6	0.06071	1	0	0.69	-1.001
47	6	0.004495	0	1	-0.06459	0.9611
47	6	0.1033	0	1	1.503	-0.1694
47	6	0.3824	0	0	1.46	0.1791
47	6	0.917	1	1	-1.394	-0.1694
47	6	0.331	1	1	-0.4955	-0.1694
47	6	3.479	1	1	0.6166	-0.1694
47	6	3.389	0	0	-0.1869	-1.001
47	6	0.8516	1	1	-1.056	-0.6998
47	6	0.7794	1	1	0.5211	-1.511
47	6	0.2083	1	0	1.999	0.4944
47	6	0.154	0	1	-1.27	0.1791
47	6	1.122	0	0	0.7334	-0.1694
47	6	0.1481	0	0	0.9742	-0.2942
47	6	0.3589	0	1	0.5972	-0.8468
47	6	3.539	1	1	-1.053	0.3926
47	6	0.7505	0	0	0.6328	-0.1694
47	6	0.1421	0	1	-0.2357	0.9611
47	6	0.4233	1	1	0.4253	-0.1694
47	6	0.5099	1	1	-0.76	-0.1694
47	6	0.5302	0	0	-1.661	-0.559
48	6	0.8814	0	1	0.4948	0.7822
48	6	3.707	0	0	0.7896	-0.4239
48	6	0.8712	1	1	-1.121	-0.1694
48	6	0.9135	0	1	-0.1107	0.4944
48	6	3.664	1	1	-0.3201	0.3926
48	6	4.052	0	0	0.2334	-0.1694
48	6	0.09758	0	0	0.6624	1.212
48	6	1.131	1	1	-0.5408	0.9611
48	6	0.3193	1	0	-0.002811	1.446
48	6	0.5768	1	0	0.6466	-0.4239
48	6	3.531	0	1	0.323	0.1791
48	6	1.182	0	0	-0.249	0.5932
48	6	0.6158	1	1	0.2844	0.2876
48	6	0.2732	1	1	0.9237	1.869
48	6	0.2452	0	0	-0.3093	0.8729
48	6	0.3409	0	0	1.08	-0.4239
48	6	3.588	1	1	1.702	0.9611
48	6	1.134	0	0	0.2401	0.9611
48	6	0.1598	1	1	-0.3831	-0.04907
48	6	0.4911	0	1	-0.6283	0.3926
48	6	3.888	1	1	-0.02944	1.131
48	6	0.05839	1	0	0.9474	-0.1694
48	6	0.2846	1	1	2.072	0.8729
48	6	0.2825	1	1	-0.4761	0.06701
48	6	0.97	1	0	1.264	-0.2942
48	6	3.424	1	1	-0.2332	0.6891
48	6	0.6298	1	0	-0.3852	-0.2942
48	6	0.06407	0	1	0.14	0.9611
48	6	0.124	1	0	0.6414	0.5932
48	6	0.5165	1	1	0.121	0.4944
48	6	0.5279	0	0	1.687	0.2876
48	6	0.2372	1	1	0.4589	0.5932
48	6	0.5785	0	0	-0.01134	-0.6998
48	6	3.515	0	0	-0.38	-0.4239
48	6	3.608	1	1	-0.171	0.3926
48	6	0.05347	1	0	0.5648	0.6891
48	6	0.6904	1	1	0.8548	0.1791
48	6	0.1011	0	0	0.1399	0.8729
48	6	0.1277	0	0	-0.3249	0.8729
48	6	0.118	1	0	-0.4862	-0.4239
48	6	0.4903	0	0	0.03561	-0.04907
48	6	0.07021	1	0	-0.5706	-0.8468
48	6	0.4998	1	1	0.06448	0.1791
48	6	0.9912	0	0	0.3287	-0.6998
48	6	3.275	1	1	0.5982	0.1791
48	6	0.004309	0	1	-0.07735	-0.04907
48	6	0.2377	0	0	-0.1761	-0.1694
48	6	0.4452	0	0	-1.851	0.06701
48	6	0.06319	0	0	2.202	0.2876
48	6	0.3851	0	0	-0.1251	0.1791
49	6	0.3154	1	0	1.277	0.3926
49	6	0.1631	1	1	0.792	0.5932
49	6	0.04117	0	0	-0.9514	-0.1694
49	6	0.0684	1	0	1.052	-0.1694
49	6	0.1053	1	1	-0.09469	0.1791
49	6	0.3392	1	1	0.3113	0.2876
49	6	0.4983	1	1	1.056	0.06701
49	6	0.3123	0	1	1.268	1.52
49	6	3.854	0	0	-1.083	0.3926
49	6	0.9807	0	0	1.705	0.2876
49	6	0.654	0	0	-0.08681	0.1791
49	6	1.042	0	1	0.5311	1.131
49	6	0.4444	0	1	-0.02296	1.047
49	6	0.2312	1	0	-0.3559	-0.04907
49	6	3.503	0	0	0.9479	0.1791
49	6	3.36	1	1	1.055	0.1791
49	6	0.944	0	0	2.235	0.4944
49	6	0.1505	1	0	0.9014	0.2876
49	6	0.04953	0	0	-2.482	-0.6998
49	6	3.808	1	1	-1.422	0.6891
49	6	1.284	1	1	1.546	0.8729
49	6	3.831	1	1	-1.238	0.5932
49	6	0.7877	0	0	-0.1286	-0.2942
49	6	0.5233	1	1	-0.07037	2.123
49	6	0.3638	0	0	0.1673	2.302
49	6	0.6854	1	1	-3.349	-0.2942
49	6	0.2731	0	1	-0.04044	-0.2942
49	6	1.015	0	1	0.7586	-0.8468
49	6	0.5417	0	1	-0.8542	-0.4239
49	6	3.761	1	1	-0.334	0.5932
49	6	0.3132	0	1	0.1017	1.212
49	6	0.7774	0	0	-2.603	0.06701
49	6	0.1612	1	1	-2.359	-0.4239
49	6	0.3021	1	1	0.7449	0.1791
49	6	0.03373	0	0	0.3834	-0.1694
49	6	0.08812	1	0	1.073	-0.4239
49	6	1.171	0	0	-0.5913	-0.1694
49	6	0.3001	0	0	1.468	-0.4239
49	6	3.621	1	1	2.937	-0.1694
49	6	0.751	1	0	1.731	1.047
49	6	0.3148	1	0	-1.827	0.3926
49	6	0.6799	1	1	-1.827	0.1791
49	6	3.38	1	1	-1.642	0.8729
49	6	0.5301	0	0	1.366	0.3926
49	6	0.4099	0	1	-0.4685	0.06701
49	6	0.3625	1	0	0.3051	0.3926
49	6	3.431	0	0	0.1058	-0.04907
49	6	3.817	1	1	0.8857	-0.04907
49	6	0.607	0	0	0.097	0.3926
49	6	0.1197	0	1	-0.2902	0.4944
