0	2	3.44	0	0	1.252	-0.536
0	2	2.028	0	1	0.2109	-1.537
0	2	5.207	0	0	0.6185	-0.7228
0	2	1.529	1	1	-0.5625	-0.6843
0	2	3.967	0	0	-0.1267	-0.8417
0	2	1.092	0	0	-0.7302	-0.6091
0	2	0.582	1	1	-0.7207	2.345
0	2	5.611	1	1	-0.03422	-0.04584
0	2	5.6	1	1	-0.9826	-0.7228
0	2	1.868	1	0	-0.2648	1.913
0	2	0.6814	0	0	-0.4983	0.3399
0	2	3.534	1	0	-0.06729	0.01296
0	2	0.512	1	1	-0.5258	1.219
0	2	3.597	0	1	-0.05269	-0.01627
0	2	1.191	1	1	0.1412	0.675
0	2	5.28	0	0	0.1479	-1.332
0	2	1.702	1	1	-1.612	0.4889
0	2	0.5961	0	1	-0.7307	-0.01627
0	2	3.24	0	1	-0.08089	-1.189
0	2	5.625	1	0	0.01537	0.7848
0	2	1.219	1	0	-0.2684	-0.4302
0	2	0.2302	1	0	-1.044	-0.8417
0	2	0.3091	1	1	0.166	-0.8417
0	2	1.827	0	1	0.5421	0.4889
0	2	0.4846	0	0	0.05253	0.9106
0	2	1.941	0	0	0.4637	-0.106
0	2	5.232	1	1	-0.6616	0.8274
0	2	3.189	1	1	0.145	0.7848
0	2	5.279	1	1	-0.6623	-0.5002
0	2	3.419	1	0	0.1173	0.7195
0	2	0.6723	1	1	-1.112	-1.01
0	2	1.811	1	0	-0.1383	-0.3958
0	2	1.691	0	0	-1.086	0.07043
0	2	0.7375	0	0	-1.734	-0.3285
0	2	0.2408	0	1	0.4483	-1.01
0	2	0.8517	1	0	0.5434	-0.465
0	2	3.553	0	0	-0.3905	-1.332
0	2	0.8863	1	0	-0.6852	-0.4302
0	2	3.714	0	0	-0.7346	0.262
0	2	1.908	0	0	-0.4776	-1.879
0	2	5.364	1	1	-1.044	-0.106
0	2	3.741	0	0	-0.5583	0.2355
0	2	0.7688	1	0	3.091	-0.8015
0	2	5.448	1	1	1.229	-1.433
0	2	0.3715	0	1	0.6305	-0.01627
0	2	5.465	1	1	2.33	1.636
0	2	0.3731	0	1	0.9536	1.477
0	2	0.6461	0	1	0.6076	2.333
0	2	0.8381	1	1	1.369	1.164
0	2	1.927	0	1	1.385	1.493
1	2	5.599	0	0	1.879	-0.515
1	2	1.07	1	1	-0.159	0.8388
1	2	1.813	1	1	-1.625	-1.362
1	2	0.1934	0	0	4.463	0.05021
1	2	3.417	1	1	-0.6124	-0.4425
1	2	2.261	0	0	-0.05851	-0.9075
1	2	4.852	0	0	1.245	0.7214
1	2	1.053	1	0	-1.992	0.6239
1	2	2.12	0	0	-1.226	-0.5519
1	2	2.006	0	1	1.122	-0.2688
1	2	3.481	0	1	-0.4526	-1.9
1	2	3.513	1	0	0.6081	-0.337
1	2	5.345	0	0	0.08105	0.523
1	2	1.023	1	0	-0.3471	-0.7046
1	2	5.119	1	0	0.8222	2.779
1	2	1.531	1	0	-0.5536	-0.6273
1	2	0.6757	1	1	-0.3068	0.01985
1	2	3.53	1	1	-0.8998	-0.5894
1	2	1.894	1	0	-0.2828	1.638
1	2	0.69	0	0	0.9128	-0.9928
1	2	1.058	0	0	-0.4563	-0.337
1	2	3.693	0	0	-0.171	-0.6657
1	2	0.6142	1	0	-0.7795	-0.337
1	2	5.24	0	0	0.5708	0.226
1	2	5.389	0	0	-0.3938	-0.3027
1	2	1.872	0	0	-0.9411	1.017
1	2	2.026	0	1	-0.184	1.017
1	2	0.8899	0	0	-0.1269	0.6486
1	2	3.599	1	1	0.28	-1.9
1	2	1.864	0	1	1.839	1.344
1	2	0.1529	0	1	0.8107	1.984
1	2	3.544	1	0	0.08058	0.3101
1	2	0.4978	1	0	-1.887	1.921
1	2	5.268	1	1	-0.7701	-1.218
1	2	0.1883	0	0	-2.141	-0.07321
1	2	0.6827	1	0	-0.9314	0.3648
1	2	5.095	1	1	1.523	-0.9928
1	2	0.2374	0	1	-0.4022	0.8388
1	2	3.547	0	0	-2.661	-0.4785
1	2	0.6542	1	0	-0.4912	0.01985
1	2	1.095	1	1	-0.4494	-1.218
1	2	0.2411	1	0	-0.4083	0.599
1	2	3.66	1	1	-0.1921	-1.362
1	2	0.8379	0	1	0.7309	0.6239
1	2	0.6668	0	0	0.5184	0.5486
1	2	3.402	0	1	-0.4919	-0.337
1	2	5.424	1	1	0.4574	-1.728
1	2	1.85	0	1	0.3143	0.5486
1	2	5.561	1	0	-1.386	0.5486
1	2	0.4836	1	0	-1.336	0.3918
2	2	0.6055	1	1	-0.38	-0.3811
2	2	3.676	1	1	-0.6058	0.4582
2	2	0.9224	0	1	1.052	2.476
2	2	0.3545	1	0	-0.4544	0.8126
2	2	2.005	1	1	-0.3379	0.4327
2	2	0.148	0	1	0.3941	-1.078
2	2	3.46	0	0	1.985	-0.1756
2	2	1.589	0	0	0.3591	0.5821
2	2	1.377	0	0	0.6905	0.4327
2	2	0.8163	1	1	0.2674	1.826
2	2	3.616	0	1	0.2213	1.18
2	2	1.762	1	1	0.822	0.04426
2	2	0.08988	0	0	0.5015	-0.143
2	2	0.8106	1	1	1.657	0.5085
2	2	5.587	1	1	-0.3428	1.516
2	2	1.331	0	1	0.3228	-1.175
2	2	5.399	1	1	0.7846	0.1616
2	2	1.072	1	1	1.72	-1.38
2	2	1.645	1	0	0.8001	-0.07899
2	2	0.8065	0	1	-0.578	0.962
2	2	5.345	1	1	0.4133	-1.327
2	2	3.477	1	1	0.9245	-1.605
2	2	5.324	1	1	-0.8363	-0.8519
2	2	1.02	0	0	-0.978	-0.7255
2	2	1.86	0	0	1.584	0.3545
2	2	3.291	0	0	1.565	-0.1108
2	2	0.4239	1	0	0.1394	-0.6447
2	2	0.4391	1	0	-2.633	0.4582
2	2	3.821	0	0	-0.9714	-0.2087
2	2	0.5326	0	1	-0.06897	-1.49
2	2	0.9319	0	1	-1.406	0.04426
2	2	5.44	1	1	-1.296	-1.605
2	2	3.739	1	1	-0.2974	0.3278
2	2	1.289	1	1	-0.5254	0.3278
2	2	5.471	1	1	0.597	-0.767
2	2	5.377	0	0	-0.3928	-0.6447
2	2	1.684	0	1	-0.4434	-0.01659
2	2	3.283	1	0	0.7847	0.2461
2	2	1.225	1	1	0.05792	-1.851
2	2	3.42	0	0	-0.432	-0.6447
2	2	5.87	1	1	1.002	-0.3457
2	2	1.615	0	1	-1.211	-0.3457
2	2	0.3072	0	1	1.954	1.676
2	2	1.937	1	0	-0.186	0.3808
2	2	1.899	0	0	-3.135	-0.8091
2	2	0.3533	0	1	-0.1711	-0.6447
2	2	5.522	0	0	-0.2241	-0.8519
2	2	0.4389	1	1	0.5194	0.9412
2	2	3.752	0	0	1.569	2.154
2	2	5.159	0	0	1.407	1.597
3	2	5.015	1	1	1.207	-2.522
3	2	1.74	1	1	-0.7365	0.776
3	2	5.281	1	1	0.4945	-0.3339
3	2	1.929	1	1	0.5168	1.122
3	2	0.686	0	0	1.063	0.4613
3	2	1.143	1	1	-0.19	-0.03772
3	2	1.578	0	0	-0.4897	1.222
3	2	0.8618	1	1	0.4542	0.9645
3	2	0.4486	1	0	-1.001	-0.2109
3	2	1.956	0	1	-1.32	0.1235
3	2	0.16	0	0	-0.8017	0.6134
3	2	5.414	0	1	0.2421	-0.01007
3	2	5.568	1	1	0.8993	2.058
3	2	3.391	0	0	-0.5414	-1.07
3	2	0.9356	0	0	-0.7585	2.454
3	2	0.3202	0	0	-0.004529	-0.8631
3	2	3.807	1	1	-0.9137	-1.602
3	2	0.3958	0	1	0.09907	-1.07
3	2	0.8769	0	0	-0.8693	0.571
3	2	0.88	1	1	0.471	0.4836
3	2	3.763	1	1	1.403	-0.985
3	2	5.404	0	0	-0.3186	-0.4973
3	2	0.748	0	0	-0.368	-0.7852
3	2	5.518	0	0	-1.326	-0.8238
3	2	0.3359	0	0	-0.486	-0.673
3	2	3.993	0	0	-1.631	-0.7852
3	2	5.196	1	0	-0.4838	0.3224
3	2	1.851	1	1	-0.2794	-0.566
3	2	3.775	1	1	1.15	-0.566
3	2	3.264	0	0	-0.4629	-0.8631
3	2	3.538	1	0	0.2457	0.8533
3	2	3.98	0	1	0.6178	0.2001
3	2	0.2786	1	0	-0.3777	-0.9437
3	2	5.591	0	0	-0.04462	-0.985
3	2	0.5307	1	0	0.379	-0.241
3	2	3.76	1	1	-0.01769	1.73
3	2	0.04076	0	1	-1.265	0.2742
3	2	3.339	0	0	-0.9622	0.4613
3	2	1.944	0	1	-1.517	0.6344
3	2	1.527	1	1	0.4508	0.01725
3	2	0.5566	1	1	-0.1004	-0.4973
3	2	0.8466	0	0	-1.078	1.73
3	2	1.646	1	1	1.037	-0.5314
3	2	0.4619	1	0	-0.1294	-0.7852
3	2	1.885	0	0	0.5954	0.2985
3	2	0.9293	0	0	-0.3029	1.378
3	2	5.567	1	1	1.917	-1.548
3	2	1.583	1	0	0.8916	1.27
3	2	6.032	1	1	-1.249	-0.6368
3	2	0.2047	1	1	-1.14	0.4159
4	2	3.269	1	1	0.5691	-1.302
4	2	1.011	1	0	0.1315	0.8651
4	2	5.897	1	1	-0.5103	-1.538
4	2	5.024	1	1	0.8957	-0.3807
4	2	2.099	1	1	0.1801	0.03772
4	2	1.585	1	1	-1.6	0.8425
4	2	0.291	1	0	-0.6928	0.9536
4	2	3.494	0	0	1.066	2.153
4	2	5.617	1	0	0.08645	0.1317
4	2	3.68	0	1	-0.5325	0.1622
4	2	0.4108	1	0	0.1369	0.3654
4	2	5.592	1	0	-0.501	1.258
4	2	1.802	0	0	-0.3588	1.529
4	2	0.5331	1	1	0.2971	0.2221
4	2	3.612	0	0	-0.03596	-0.7074
4	2	0.7306	1	0	-0.4215	-0.7966
4	2	1.954	0	0	-0.6451	-2.02
4	2	3.301	0	0	0.76	0.2805
4	2	5.181	0	0	0.6575	-0.8894
4	2	0.4662	0	1	0.7662	-0.9372
4	2	0.8891	1	0	-0.7841	0.4742
4	2	1.872	1	0	0.6084	0.7498
4	2	3.611	0	0	-1.328	0.4475
4	2	1.152	1	1	-2.45	0.2515
4	2	0.4514	0	0	0.612	-0.7074
4	2	5.634	0	0	-0.03076	-1.359
4	2	0.722	0	0	0.4454	-0.1973
4	2	0.7773	1	1	0.36	1.693
4	2	1.664	0	0	3	-1.538
4	2	1.818	0	0	0.2463	-1.192
4	2	5.392	0	0	-1.184	-0.02708
4	2	3.434	1	0	0.9377	0.06946
4	2	3.545	1	0	-0.7335	-0.5795
4	2	1.866	0	1	-0.5681	0.6777
4	2	0.7671	0	0	0.3057	-0.8894
4	2	5.221	1	0	0.05675	1.442
4	2	0.964	1	1	-1.023	0.005541
4	2	3.374	1	0	0.3593	1.991
4	2	0.9969	0	1	1.204	1.801
4	2	3.788	1	1	-0.3689	-1.087
4	2	1.828	0	0	-0.3412	-0.3807
4	2	5.458	0	0	0.1199	-1.192
4	2	0.5388	1	1	-0.3426	1.201
4	2	1.925	1	1	1.044	-1.036
4	2	1.022	1	1	0.1066	-0.3056
4	2	0.8621	0	0	-0.09112	0.702
4	2	0.352	0	0	-1.038	-0.3056
4	2	1.357	1	0	-0.608	0.1008
4	2	5.156	0	0	-0.02428	-0.8426
4	2	0.7005	0	0	0.1197	-0.1973
5	2	1.125	1	1	-0.03832	-1.349
5	2	3.508	0	1	0.4838	1.051
5	2	0.2543	1	1	-1.54	0.5237
5	2	3.449	0	0	0.4737	0.845
5	2	3.504	1	1	0.5978	-0.2518
5	2	0.8931	0	1	-0.7321	0.3717
5	2	1.912	0	1	-0.6576	0.2647
5	2	0.3255	0	1	-1.272	-0.7802
5	2	5.373	0	0	-0.6661	0.3977
5	2	5.291	1	1	0.6567	-0.6568
5	2	0.452	1	1	0.7003	1.673
5	2	0.9782	1	1	-0.5342	-0.5779
5	2	5.297	1	1	1.081	-1.244
5	2	3.554	0	1	-1.459	-1.144
5	2	1.039	1	1	-0.6232	0.06526
5	2	0.192	1	1	-0.6227	-1.573
5	2	0.2427	1	1	1.567	-0.8662
5	2	5.287	1	1	-1.225	-1.144
5	2	5.271	0	0	6.61	0.005108
5	2	2.139	1	1	-0.7609	-0.2181
5	2	0.4204	0	1	0.07125	0.499
5	2	3.675	1	0	0.8543	1.564
5	2	0.1042	0	0	0.7213	1.849
5	2	0.617	0	0	-1.308	-0.5394
5	2	5.205	1	1	1.172	-1.048
5	2	0.8472	1	1	0.09133	-0.3913
5	2	1.866	1	1	-0.195	-0.3913
5	2	1.986	0	0	-1.138	1.611
5	2	1.058	0	1	0.7496	0.9705
5	2	3.79	1	0	-0.1954	1.185
5	2	1.125	0	1	0.1436	1.499
5	2	1.542	0	0	-1.138	-0.9553
5	2	0.6613	1	0	0.7179	0.3977
5	2	4.85	1	1	1.49	-0.8662
5	2	0.3062	0	1	-2.297	1.185
5	2	1.806	0	0	2.339	2.403
5	2	3.886	1	1	-0.4957	0.005108
5	2	3.537	1	1	0.04978	-1.096
5	2	1.938	0	1	-0.439	-1.515
5	2	1.811	0	0	0.2712	1.532
5	2	5.705	0	0	-0.6411	-0.2859
5	2	1.652	1	0	2.759	-0.3913
5	2	5.378	0	0	-1.446	-0.5779
5	2	0.5188	0	0	-1.156	0.3977
5	2	3.73	0	0	0.855	-0.4642
5	2	1.367	0	1	-1.35	0.2919
5	2	0.9323	1	1	0.09347	-1.403
5	2	0.5272	1	1	-1.549	-0.4642
5	2	5.154	1	1	-0.2526	-0.8662
5	2	3.728	0	1	0.7392	0.4741
6	2	3.591	1	1	1.416	-2.298
6	2	0.8705	1	1	1.797	-0.2538
6	2	3.672	1	1	0.6572	-0.4446
6	2	1.032	0	1	2.03	0.4764
6	2	0.4223	0	1	0.5245	-0.228
6	2	1.668	1	1	-1.002	-1.203
6	2	0.4472	1	1	-0.02211	-0.2538
6	2	5.159	0	0	0.6954	1.036
6	2	0.4492	0	1	-0.5633	-1.289
6	2	5.387	0	0	-1.651	-0.5626
6	2	0.8362	0	1	0.07263	-1.042
6	2	1.663	1	1	0.3044	-0.1773
6	2	5.273	0	0	1.06	-0.5626
6	2	0.7367	0	1	2.07	-0.2025
6	2	1.479	1	0	1.19	1.916
6	2	3.363	1	1	-2.234	-0.8219
6	2	0.5437	0	1	0.3236	-1.333
6	2	0.2745	0	1	0.8153	1.141
6	2	3.526	0	0	-1.301	0.2683
6	2	2.051	0	1	0.7912	0.3078
6	2	5.605	1	1	2.333	-1.245
6	2	0.9668	0	0	1.055	-0.2025
6	2	3.785	1	1	-0.7818	-1.571
6	2	5.484	0	0	-0.0697	-0.9656
6	2	0.5942	0	1	2.033	0.166
6	2	0.3695	1	1	0.2265	-0.5027
6	2	5.172	0	1	0.9191	0.8809
6	2	5.522	1	1	0.5302	0.01317
6	2	0.2193	1	1	-0.3597	0.9807
6	2	1.96	1	1	-0.6409	-0.9287
6	2	5.706	0	0	-0.6218	-1.003
6	2	0.8917	0	1	-2.922	-0.5027
6	2	1.197	1	1	-1.485	-0.9287
6	2	3.653	0	0	1.254	0.8954
6	2	0.8083	1	0	0.7958	0.3466
6	2	2.077	1	1	-3.074	-0.2538
6	2	2.028	1	0	2.026	1.95
6	2	1.016	0	0	-0.613	0.2882
6	2	5.479	0	0	-0.5955	1.336
6	2	2.008	0	0	0.3956	0.01317
6	2	2.042	1	1	0.7847	0.5983
6	2	3.343	1	1	0.88	0.9099
6	2	0.6184	1	0	0.9614	-0.7538
6	2	1.663	1	0	-0.04144	1.324
6	2	3.538	0	0	-1.859	-1.042
6	2	0.7304	1	0	0.2104	1.872
6	2	3.799	1	1	-5.233	1.535
6	2	5.528	0	0	0.06037	-0.1773
6	2	0.5757	1	0	1.654	1.627
6	2	3.66	1	0	0.4813	0.8662
7	2	0.779	1	1	0.5026	-0.2764
7	2	0.823	0	0	-0.5436	0.3394
7	2	0.6391	0	0	1.655	1.206
7	2	0.7311	1	1	-0.4338	0.602
7	2	1.615	1	1	1.687	-0.2764
7	2	0.3989	1	0	0.828	0.602
7	2	5.149	0	0	0.2971	-0.894
7	2	3.596	1	1	0.1299	0.602
7	2	0.2954	0	0	-1.015	0.1095
7	2	0.7369	0	1	-0.3099	-0.6065
7	2	4.96	0	0	-0.8976	-0.8087
7	2	0.8586	1	1	1.477	-0.767
7	2	5.309	1	1	-0.5416	-0.982
7	2	1.397	1	0	1.177	0.1095
7	2	0.9549	1	0	0.317	-1.12
7	2	3.582	1	1	1.736	1.863
7	2	1.741	0	0	-0.3638	-0.01317
7	2	2.03	1	0	0.622	0.198
7	2	2.081	1	0	1.326	1.491
7	2	2.082	0	0	1.368	1.527
7	2	3.698	1	1	0.4476	-1.073
7	2	0.5615	1	0	-1.233	-0.6856
7	2	0.5456	0	0	2.425	-1.12
7	2	5.246	1	0	1.923	0.8644
7	2	0.4614	0	0	-0.7613	0.4739
7	2	1.654	0	0	-3.597	-2
7	2	5.091	0	0	0.124	-1.167
7	2	1.658	1	1	0.1479	-0.851
7	2	5.673	0	0	0.8116	-0.2082
7	2	0.2592	0	0	-0.0522	-0.6856
7	2	3.461	0	0	0.7643	-1.073
7	2	3.671	1	0	1.186	1.783
7	2	5.581	0	0	-0.7809	1.75
7	2	5.422	1	1	0.3198	-0.726
7	2	3.65	0	0	-0.3865	0.4209
7	2	0.4969	1	0	0.1714	-0.8087
7	2	1.923	0	0	-0.07123	-1.58
7	2	3.185	0	0	-0.93	-1.073
7	2	3.504	0	0	0.07866	-0.6457
7	2	0.1624	0	0	1.808	0.8644
7	2	1.038	0	0	-1.269	-0.5678
7	2	5.352	1	0	-0.4095	0.5515
7	2	0.4538	0	0	1.231	-0.1089
7	2	4.997	0	0	-1.394	-1.265
7	2	1.681	1	0	1.35	0.8644
7	2	0.8608	0	0	-0.7206	0.5769
7	2	3.778	0	0	-1.413	0.4475
7	2	0.6024	1	0	0.2985	0.4739
7	2	3.907	1	0	-0.5	1.863
7	2	0.3231	1	0	0.1754	1.799
8	2	3.948	1	1	2.312	-1.943
8	2	3.748	0	0	1.115	-0.5328
8	2	3.645	0	0	-0.2045	-0.3728
8	2	0.8926	1	1	-0.5445	-0.8857
8	2	0.8245	0	1	-0.5921	0.6217
8	2	0.2768	0	0	0.2909	0.8644
8	2	3.244	0	0	0.1229	-0.8482
8	2	0.9297	1	0	0.08326	-0.222
8	2	0.2941	1	0	-0.6089	1.225
8	2	0.7831	1	0	-2.009	0.1078
8	2	0.1564	0	0	-1.293	0.3774
8	2	5.281	1	1	-0.414	-0.9624
8	2	5.459	0	0	0.2628	-1.165
8	2	3.331	1	1	2.025	0.9406
8	2	1.464	0	0	0.7329	0.579
8	2	0.8947	0	0	-2.847	0.4006
8	2	0.8489	1	1	0.273	2.09
8	2	2.2	1	0	-0.6079	-0.7033
8	2	5.196	1	1	-0.5074	2.45
8	2	0.1463	1	0	-0.1209	0.1078
8	2	1.837	0	1	-1.183	1.208
8	2	1.892	1	0	1.087	0.6004
8	2	5.295	1	1	-0.7879	-0.7747
8	2	0.177	1	0	0.7634	0.6638
8	2	0.7484	0	0	0.9715	-0.2812
8	2	3.682	0	0	0.8049	0.05568
8	2	5.556	0	1	0.9066	1.585
8	2	3.558	1	1	0.5601	-0.4356
8	2	5.169	0	0	-0.07673	-0.7747
8	2	0.499	0	0	-0.1288	0.3066
8	2	5.575	0	0	1.272	-0.3114
8	2	1.416	1	1	1.687	-1.384
8	2	3.433	0	0	-0.8335	-0.8112
8	2	5.675	0	1	0.1312	1.7
8	2	1.773	1	0	-0.3992	-0.5328
8	2	0.6376	1	0	-0.6008	1.403
8	2	3.198	1	0	0.1266	0.3066
8	2	0.2234	1	1	0.7036	-0.7747
8	2	1.888	0	0	2.704	-0.404
8	2	1.647	0	0	-1.026	0.4913
8	2	5.418	0	0	-0.02361	-0.8112
8	2	3.605	1	0	-1.869	-0.4356
8	2	2.215	0	0	-0.6834	-0.2514
8	2	1.662	0	1	1.042	-0.7033
8	2	5.319	1	0	-0.8064	1.157
8	2	0.6422	1	1	0.2469	-1.041
8	2	0.3422	1	0	0.5154	-0.3728
8	2	0.7522	0	1	-0.84	-1.674
8	2	0.9902	1	0	1.574	1.643
8	2	0.4206	0	1	0.4939	-1.477
9	2	1.824	0	0	1.296	-0.849
9	2	0.479	0	1	-0.3854	0.6674
9	2	0.306	1	1	0.6671	-0.4053
9	2	1.834	1	1	0.5634	1.121
9	2	0.8966	0	0	1.793	2.019
9	2	0.4863	0	0	-0.2232	0.5422
9	2	5.433	1	1	-0.6677	-0.4053
9	2	2.087	1	1	-1.512	-0.9182
9	2	6.038	1	1	0.1658	-1.372
9	2	0.5175	1	0	-0.2224	-1.718
9	2	5.311	0	0	-1.347	-1.628
9	2	3.479	0	0	-0.8778	1.721
9	2	0.21	1	1	0.5716	-0.5254
9	2	3.395	0	0	0.06643	0.3665
9	2	0.9292	1	1	0.3338	-0.6506
9	2	5.553	1	1	0.798	-0.9182
9	2	3.67	1	1	-0.5348	-1.718
9	2	4.892	1	1	-0.1025	-1.291
9	2	1.504	1	1	-0.7368	-1.136
9	2	3.48	0	0	-0.4667	-0.6506
9	2	0.4753	0	1	-1.582	1.291
9	2	1.933	1	0	-0.02257	1.121
9	2	0.7653	0	0	-0.8682	0.1797
9	2	5.482	0	0	1.065	0.3209
9	2	0.8801	0	1	1.145	-0.849
9	2	0.9841	0	0	0.06635	0.03131
9	2	5.232	1	1	0.07322	-0.9891
9	2	5.297	0	0	-0.03325	0.1797
9	2	0.6444	1	1	-1.3	1.663
9	2	0.2327	0	0	0.7339	0.8264
9	2	0.6411	1	1	-0.8038	0.6263
9	2	3.754	0	1	0.5388	-0.01985
9	2	0.8072	1	1	0.9327	0.131
9	2	1.682	0	0	-0.3189	1.05
9	2	0.6957	0	0	0.4739	1.544
9	2	0.5323	0	1	-0.1334	0.6263
9	2	5.279	0	0	-0.7617	-0.2899
9	2	3.446	1	1	-0.2644	-1.062
9	2	1.612	1	1	-0.4372	-0.5873
9	2	1.023	1	1	-0.2037	-0.9182
9	2	3.731	0	0	-0.293	1.721
9	2	3.669	0	0	-1.992	0.1797
9	2	1.319	0	0	-1.328	0.708
9	2	2.051	1	1	-0.7929	-0.9182
9	2	0.9585	1	1	0.9929	-0.1249
9	2	3.003	0	0	-0.5111	-0.4053
9	2	2.062	1	1	0.04849	0.03131
9	2	0.2509	1	1	0.4323	-0.4647
9	2	3.589	0	0	-0.6066	0.1797
9	2	5.394	1	1	-0.578	1.967
10	3	1.047	0	1	1.033	-1.305
10	3	5.434	0	0	-0.36	-2.224
10	3	5.098	0	0	-1.572	-0.9527
10	3	3.607	1	1	-0.3808	-1.251
10	3	1.226	0	0	-0.3463	-1.656
10	3	0.4898	1	1	-0.05047	0.05527
10	3	0.5633	0	0	0.742	0.6419
10	3	2.029	0	1	-0.82	0.5943
10	3	3.679	1	1	-0.9981	1.565
10	3	3.754	1	1	-0.8599	0.7793
10	3	5.413	1	1	-0.1871	0.1735
10	3	0.955	1	0	0.7483	1.349
10	3	3.495	1	0	-0.9337	1.596
10	3	1.753	0	0	-0.7709	0.7116
10	3	0.688	1	1	-0.3687	0.05527
10	3	1.21	1	0	0.3136	1.091
10	3	5.58	0	0	-1.868	-0.3764
10	3	3.422	1	0	1.559	0.2021
10	3	0.7373	1	0	-1.492	0.7116
10	3	1.934	0	1	-1.629	0.8879
10	3	0.6405	0	1	0.8321	-0.0375
10	3	5.202	0	0	0.07671	-0.9065
10	3	0.9539	0	1	2.64	0.93
10	3	3.302	1	1	-1.74	-0.8167
10	3	3.833	1	0	0.037	0.8879
10	3	2.039	1	1	-0.8244	-0.773
10	3	1.576	0	0	0.1771	-0.2695
10	3	3.886	1	1	0.8434	-0.1341
10	3	0.8538	0	1	0.3393	0.521
10	3	1.564	0	0	-0.5264	-1.048
10	3	5.27	0	0	-0.3935	0.05527
10	3	0.1291	0	1	1.572	-1.36
10	3	0.8837	1	1	0.7479	1.596
10	3	1.223	1	1	-0.2372	-0.9527
10	3	5.359	1	1	0.3269	-1.72
10	3	0.678	0	0	-0.4352	-1.147
10	3	3.652	1	1	-1.024	0.1735
10	3	3.494	0	0	0.6371	1.012
10	3	1.746	0	1	2.044	0.9713
10	3	0.3699	1	1	1.882	-0.2695
10	3	5.548	1	1	1.846	1.434
10	3	1.063	1	0	-3.212	0.1445
10	3	0.5656	0	0	-1.599	1.168
10	3	5.367	1	0	0.6663	0.3133
10	3	5.459	0	0	0.1823	-0.5663
10	3	1.933	0	0	-0.6695	-0.8611
10	3	1.689	1	1	0.4527	1.331
10	3	1.532	0	0	-0.4326	0.286
10	3	0.9381	0	0	-0.7019	-1.251
10	3	0.5877	1	0	0.6546	-1.36
11	3	5.414	0	1	1.326	-1.227
11	3	5.554	1	1	-0.2604	-0.9333
11	3	1.677	0	0	-0.4212	-1.105
11	3	0.7059	1	0	-0.3693	1.099
11	3	2.107	0	0	-0.5467	-0.9333
11	3	1.928	0	0	0.8487	-0.6241
11	3	2.035	1	1	0.1339	0.5591
11	3	3.737	0	0	0.3966	0.4706
11	3	1.628	1	1	0.4101	1.479
11	3	5.439	0	0	-0.7409	-0.9892
11	3	3.574	1	0	-0.8889	1.189
11	3	5.316	1	1	-1.251	-0.9892
11	3	4.194	1	1	-0.3121	0.832
11	3	0.5498	1	0	0.1903	1.144
11	3	1.856	1	0	0.6532	0.8829
11	3	0.5907	0	0	-0.8433	0.5005
11	3	0.4653	1	1	2.186	2.031
11	3	1.393	0	0	0.5422	-0.1857
11	3	1.416	0	0	0.7598	-0.3512
11	3	0.3281	1	0	1.623	-0.1461
11	3	3.453	0	0	-0.8003	-0.3945
11	3	1.466	1	1	-0.4571	-0.8788
11	3	3.506	1	0	-0.3793	0.3151
11	3	0.7261	1	0	-0.547	-0.3087
11	3	1.538	1	0	-1.985	-1.165
11	3	0.7693	0	0	-0.54	-0.226
11	3	0.2516	0	1	0.3147	-0.8788
11	3	0.509	0	0	1.732	1.805
11	3	1.881	0	0	-0.5873	0.3151
11	3	0.4679	0	1	1.008	0.8061
11	3	0.6664	0	0	-0.2102	-0.1461
11	3	3.291	1	1	0.5124	-0.4387
11	3	3.927	1	1	0.454	2.359
11	3	5.331	1	1	0.6655	1.555
11	3	3.515	1	0	-0.08532	1.684
11	3	5.205	1	1	0.5925	-1.713
11	3	1.035	0	0	-0.0146	1.855
11	3	1.023	0	0	0.7838	-0.4387
11	3	0.8292	1	0	0.8966	-0.9333
11	3	0.649	1	1	-0.7864	-0.5763
11	3	1.098	0	0	0.4605	-0.5763
11	3	0.938	1	1	0.07608	-0.267
11	3	3.311	0	0	-0.5373	-0.3087
11	3	5.355	0	0	-1.218	-0.7735
11	3	0.7249	0	1	-0.8609	-0.3087
11	3	1.189	0	1	-1.126	-0.6728
11	3	5.449	0	0	-0.07275	-0.1461
11	3	5.561	1	1	-0.4795	-1.356
11	3	3.337	1	1	-0.1311	-0.9333
11	3	5.348	0	0	0.1572	0.04229
12	3	0.419	1	1	0.8735	0.0969
12	3	5.202	0	0	-0.03351	-0.7716
12	3	5.016	0	0	-0.09375	-0.864
12	3	5.433	0	0	0.03425	-1.387
12	3	0.7674	1	0	-0.0948	1.121
12	3	1.702	1	0	0.02666	1.56
12	3	3.848	0	1	-0.9953	0.9022
12	3	3.388	0	0	-0.8925	-1.632
12	3	1.674	1	0	-0.02433	0.06491
12	3	0.4538	1	0	-0.7002	-0.9115
12	3	0.2163	0	0	-0.5658	-0.6392
12	3	1.924	0	0	-0.3537	-1.506
12	3	1.282	1	0	0.4855	0.712
12	3	5.522	0	0	-0.07756	-1.697
12	3	0.9549	1	0	-0.03163	0.1597
12	3	3.75	0	0	-0.3574	-0.864
12	3	0.7962	0	1	0.4521	0.2509
12	3	3.336	0	0	-0.08738	-0.06743
12	3	0.6174	1	0	-1.208	0.2509
12	3	0.5093	0	1	0.3293	0.925
12	3	0.06931	0	0	-3.072	1.917
12	3	3.205	0	1	0.5893	1.079
12	3	1.076	0	0	-0.236	-1.111
12	3	0.03082	0	1	-0.05256	1.507
12	3	1.231	0	1	-1.279	1.902
12	3	5.199	0	1	-0.3782	-0.3178
12	3	5.268	1	1	0.4394	-0.864
12	3	5.767	1	1	-0.4934	-1.009
12	3	5.315	0	0	-0.2871	-0.5548
12	3	1.992	1	1	-0.0197	-0.8173
12	3	3.656	1	1	0.1091	-0.4334
12	3	0.5344	1	1	-0.9678	0.712
12	3	2.007	1	1	0.526	0.9921
12	3	0.5666	1	1	-0.3986	1.162
12	3	1.965	1	1	0.03187	0.9921
12	3	5.265	0	0	-0.6414	-1.009
12	3	1.849	1	1	-0.2505	-0.4732
12	3	3.341	1	1	0.5997	-0.0003661
12	3	0.3915	0	0	0.321	0.559
12	3	1.889	1	1	-0.7097	-0.7267
12	3	1.142	1	0	-0.2739	1.263
12	3	3.473	1	1	-1.585	-0.4732
13	3	0.4932	1	0	2.643	0.5075
13	3	1.985	0	1	0.5436	-0.9273
13	3	5.286	1	1	0.4892	-1.266
13	3	0.5565	1	0	-0.01984	1.688
13	3	1.752	1	1	-0.2865	-0.1985
13	3	1.016	0	1	0.477	-0.4414
13	3	0.7412	1	0	-0.6202	-0.1657
13	3	1.892	0	0	0.4249	1.199
13	3	3.687	0	0	1.391	-1.541
13	3	0.5045	1	1	0.4321	0.0216
13	3	3.676	0	0	-0.1813	-0.839
13	3	5.314	0	0	1.607	-0.4414
13	3	1.586	1	0	-1.353	1.718
13	3	0.1595	1	0	0.1269	-0.4782
13	3	5.61	1	0	0.5322	1.068
13	3	1.862	0	1	0.9734	1.761
13	3	5.499	0	0	-1.2	-0.839
13	3	3.3	1	0	-1.103	-0.5157
13	3	3.74	0	0	-0.3426	-0.1985
13	3	3.405	0	0	-0.3605	-2.138
13	3	2.031	0	0	-1.205	-0.1334
13	3	0.744	0	0	-0.04807	0.9705
13	3	3.505	0	0	0.4475	-0.3694
13	3	0.6	1	0	-0.4271	1.162
13	3	3.636	1	1	0.5976	2.13
13	3	5.098	1	0	-0.3495	0.08085
13	3	5.533	1	1	-0.4367	-0.3694
13	3	1.938	0	0	-0.8901	-0.5157
13	3	5.108	0	0	1.495	0.1099
13	3	0.8088	1	1	-1.291	-0.07019
13	3	0.9882	0	0	-0.2953	-0.7961
13	3	0.2432	1	0	-0.1918	1.718
13	3	5.402	0	0	0.6229	-1.266
13	3	0.6005	0	0	0.09769	-0.9273
13	3	5.221	0	0	0.7227	-0.7961
13	3	0.3612	0	1	0.4105	1.374
13	3	1.608	0	1	-0.9014	1.068
13	3	1.996	1	1	-0.1901	-0.2317
13	3	0.9233	1	0	-0.2972	-1.115
13	3	2.024	0	0	1.626	-0.7539
13	3	0.8738	1	1	-0.2012	0.4583
13	3	3.493	1	1	-0.3798	-0.4414
13	3	0.1288	0	0	0.5787	0.05141
13	3	0.7563	1	0	-0.001541	-0.7961
13	3	3.219	1	0	1.378	-0.9728
13	3	5.408	1	1	-0.6918	2.249
13	3	0.3156	0	0	-0.1248	0.3565
13	3	0.09843	1	1	0.3516	-0.2653
13	3	3.817	1	1	0.04722	-0.2653
13	3	0.3332	0	0	-2.689	0.3824
14	3	0.7613	0	0	0.5912	0.5462
14	3	0.3435	0	1	0.4112	-0.008768
14	3	5.499	1	1	0.8307	-0.9595
14	3	0.1961	1	1	0.7973	1.601
14	3	3.332	1	1	0.1352	1.173
14	3	0.2794	1	0	0.3956	-0.276
14	3	2.099	1	1	-0.5603	-0.4418
14	3	5.612	0	0	-1.127	-0.808
14	3	1.027	0	0	-0.6163	-0.7594
14	3	1.636	1	1	-1.113	2.088
14	3	1.084	0	0	0.04149	1.621
14	3	0.4058	1	1	0.0857	-0.276
14	3	0.1487	1	0	-1.183	0.7448
14	3	0.8024	1	0	-0.1485	-0.1582
14	3	1.252	0	0	0.2145	0.6045
14	3	0.586	0	1	-0.1544	1.054
14	3	0.3799	1	0	0.2483	1.173
14	3	5.725	0	0	0.2188	-0.908
14	3	0.3797	1	1	0.8216	1.287
14	3	5.444	0	0	-0.5554	1.438
14	3	1.706	1	1	-0.2703	1.173
14	3	0.5926	0	0	-0.1353	-0.6186
14	3	0.7788	0	0	0.3548	-0.3993
14	3	5.439	0	0	-0.4463	-1.012
14	3	3.66	0	0	0.1465	-0.2361
14	3	5.444	0	0	-0.5944	0.2994
14	3	2.115	1	1	-0.2666	1.287
14	3	3.461	0	0	-0.477	-1.176
14	3	1.441	0	0	-0.8322	-0.3165
14	3	0.8509	1	1	-0.0955	-0.008768
14	3	1.768	0	0	0.1736	1.219
14	3	1.854	0	1	0.09249	-0.5732
14	3	1.012	1	1	0.0715	-1.176
14	3	3.794	0	0	-0.08488	-0.3576
14	3	0.2905	1	1	0.2748	0.6615
14	3	0.8674	1	0	-0.3111	0.3947
14	3	0.8411	1	1	0.4766	0.878
14	3	3.671	1	1	-0.2776	0.098
14	3	1.506	0	1	-0.2246	-0.1582
14	3	5.178	1	1	-0.4286	-0.3993
14	3	0.1906	1	1	-0.07289	0.6896
14	3	1.729	1	1	-0.06272	-0.08241
14	3	3.792	1	1	-0.42	-0.5732
14	3	3.709	0	0	-1.517	-1.176
14	3	5.321	1	1	-0.378	-2.034
14	3	3.483	0	1	-0.5769	0.8519
14	3	3.559	0	0	-1.719	-0.7116
14	3	5.555	0	0	-0.3694	-1.412
14	3	4.163	1	1	-1.133	-1.671
14	3	5.257	1	1	-1.306	-2.195
15	3	0.5173	1	1	0.4256	0.6197
15	3	5.701	0	0	-0.2073	-1.409
15	3	0.9338	0	0	-0.3177	0.3421
15	3	0.6002	1	1	-0.4912	1.187
15	3	0.3243	1	0	-0.09635	0.2441
15	3	1.027	1	0	-0.04559	-0.1247
15	3	3.587	0	1	-0.3021	-0.2966
15	3	5.28	1	1	-0.07363	-0.3559
15	3	0.8463	0	0	0.597	-1.019
15	3	1.918	0	0	-0.2144	0.5751
15	3	5.378	1	1	0.6445	-0.8052
15	3	1.43	0	1	-0.02249	2.146
15	3	0.6375	1	0	-0.07485	1.333
15	3	1.659	0	0	-0.4898	-1.019
15	3	5.312	1	1	-0.8526	0.7923
15	3	5.7	0	0	1.564	-0.605
15	3	2.395	0	0	-0.09281	-0.5409
15	3	2.06	0	0	-1.862	1.54
15	3	1.038	1	0	-0.6945	1.606
15	3	3.696	0	0	-0.1384	-0.181
15	3	1.115	0	0	-0.2875	3.159
15	3	0.3351	0	1	-0.02923	0.1939
15	3	3.451	1	1	-0.7918	0.09114
15	3	5.085	0	0	0.01196	-0.181
15	3	1.114	0	0	0.003091	-0.181
15	3	3.597	1	1	0.3338	0.2441
15	3	3.693	1	1	-0.03919	-0.946
15	3	1.564	1	1	-0.04072	1.261
15	3	3.746	1	1	-1.166	0.5298
15	3	0.231	1	0	-1.077	0.6637
15	3	1.686	1	1	1.21	-0.01497
15	3	3.763	1	1	0.9139	-0.6704
15	3	0.105	0	0	-1.061	-1.409
15	3	0.7788	0	1	0.3305	0.8753
15	3	3.646	1	1	-0.4224	-1.247
15	3	1.615	1	1	0.009515	-0.946
15	3	3.761	0	0	0.3402	-1.579
15	3	0.954	1	1	-0.4661	-1.247
15	3	5.404	0	0	-0.5938	-0.946
15	3	5.281	1	1	0.3725	1.074
15	3	5.188	1	1	-0.7041	-0.8052
15	3	0.485	0	1	0.06506	-0.946
15	3	1.867	0	0	1.293	-0.5409
15	3	0.6005	0	0	-0.5112	-1.327
15	3	2.013	1	0	-2.395	-0.4781
15	3	5.423	0	0	-1.045	-0.181
15	3	0.3457	0	1	-0.1865	0.5298
15	3	0.7026	0	0	-1.706	0.8341
15	3	1.679	0	1	-1.06	-0.181
15	3	3.356	1	1	-0.7451	0.3421
16	3	0.4186	0	1	1.431	0.3693
16	3	1.79	0	0	-1.697	-0.9376
16	3	0.4887	0	1	0.1948	0.6791
16	3	5.235	1	1	0.8691	-1.05
16	3	0.6698	1	0	1.015	-0.5308
16	3	1.068	0	0	-0.8415	0.3362
16	3	3.545	0	1	0.4395	1.431
16	3	0.06964	1	0	0.5931	0.7651
16	3	3.452	1	0	1.129	0.01644
16	3	5.271	0	0	-4.509	-0.4385
16	3	1.002	0	0	-1.59	1.537
16	3	0.2727	0	0	1.112	1.598
16	3	3.819	1	1	0.9662	-0.1803
16	3	5.632	1	1	0.4135	-0.726
16	3	1.938	1	0	-0.1966	0.199
16	3	3.77	1	0	1.124	1.812
16	3	0.3731	0	1	-0.05775	-0.6758
16	3	3.646	0	0	-1.512	-0.2635
16	3	0.43	0	0	-0.4383	1.431
16	3	1.276	1	1	0.9605	1.132
16	3	5.556	1	1	-1.464	-0.5782
16	3	3.438	0	1	1.052	0.8754
16	3	0.6959	1	1	0.3913	2.661
16	3	1.51	0	1	-1.113	-0.2216
16	3	0.3886	0	0	-0.399	0.2685
16	3	1.888	1	0	2.437	1.737
16	3	1.255	0	0	0.63	-0.7773
16	3	1.144	1	1	-0.6333	-1.356
16	3	5.376	1	1	0.3685	0.3026
16	3	0.5297	1	0	-0.6337	-0.7773
16	3	1.762	0	0	0.6516	-1.559
16	3	1.457	1	1	2.08	1.32
16	3	5.169	1	1	1.211	-0.1803
16	3	3.858	0	0	-0.3282	-1.05
16	3	0.7141	1	1	-1.214	-0.1803
16	3	5.476	0	0	1.074	-0.883
16	3	1.558	1	1	-2.271	-1.168
16	3	1.059	0	0	-0.4921	-1.49
16	3	3.625	0	1	-0.5838	-0.883
16	3	5.245	0	0	-0.5234	-0.9933
16	3	0.3433	1	1	0.31	-0.8296
16	3	1.921	1	1	1.579	1.032
16	3	3.898	0	0	0.2371	-0.883
16	3	0.9123	0	1	0.927	0.05402
16	3	5.142	0	0	-0.4351	-0.5308
16	3	5.142	0	0	1.262	-0.3061
16	3	1.891	1	0	-0.1471	0.7931
16	3	3.542	0	0	-0.6715	-0.4385
16	3	0.5461	1	1	0.2986	0.7081
16	3	2.289	1	1	-1.651	-1.168
17	3	1.073	0	1	0.8613	-0.8238
17	3	0.5086	1	0	-0.7262	-1.118
17	3	3.556	1	1	0.9981	-0.9962
17	3	1.807	0	1	0.4154	-0.7152
17	3	1.772	0	0	1.116	0.99
17	3	0.6757	1	0	2.856	2.392
17	3	5.091	0	0	0.4144	1.34
17	3	1.677	0	0	1.338	0.419
17	3	3.904	0	0	1.066	0.5823
17	3	1.107	1	1	1.158	1.477
17	3	0.876	1	1	-0.2254	0.385
17	3	0.89	0	1	1.035	0.3505
17	3	5.503	0	0	-0.311	-0.7152
17	3	5.457	0	0	0.7348	-0.611
17	3	3.744	1	0	1.136	0.7357
17	3	0.105	1	1	-0.53	-0.9374
17	3	2.081	1	1	0.9559	-1.181
17	3	5.299	0	0	-0.7242	-0.7152
17	3	3.734	0	1	0.1988	1.921
17	3	0.6205	0	0	0.3151	0.3156
17	3	0.6659	0	0	0.1865	0.419
17	3	0.3777	1	1	1.75	0.1707
17	3	5.513	0	0	0.6135	-0.3683
17	3	0.6253	1	0	-1.261	1.095
17	3	1.699	1	0	0.5605	-0.8238
17	3	3.581	1	1	0.7047	0.1331
17	3	0.7141	1	1	0.1456	2.168
17	3	0.6088	1	1	1.249	-0.8238
17	3	0.4879	0	0	-0.5461	2.497
17	3	1.003	1	0	0.6897	-0.4626
17	3	5.409	1	1	0.9403	0.6138
17	3	3.66	0	0	-0.7648	-0.611
17	3	5.485	1	1	0.5228	-0.2774
17	3	1.86	1	0	0.8318	0.2077
17	3	5.302	1	1	-0.5695	-1.118
17	3	0.9689	1	1	0.4673	-1.313
17	3	3.681	0	0	-1.912	-0.2332
17	3	1.4	0	0	1.838	-0.6626
17	3	0.379	0	1	-1.51	-0.611
17	3	2.077	1	1	0.935	-0.9962
17	3	0.3871	0	0	-0.03045	1.196
17	3	1.114	1	0	0.2008	0.3505
17	3	3.461	0	0	-0.705	-0.611
17	3	3.622	0	0	-0.3947	-1.181
17	3	0.6724	1	0	1.073	-0.88
17	3	2.18	0	0	0.7366	-0.9374
17	3	3.533	1	1	0.0458	-0.88
17	3	1.67	0	1	0.009751	1.196
17	3	5.362	0	0	-0.9055	-0.3683
17	3	5.408	1	1	0.898	0.01688
18	3	1.768	1	1	0.8931	-0.2072
18	3	3.699	1	1	-0.6881	-0.9112
18	3	0.5794	1	1	0.1119	-0.9581
18	3	2.002	1	1	-0.8929	0.6793
18	3	3.319	1	0	-0.366	0.2146
18	3	1.965	1	1	0.7274	1.115
18	3	1.777	0	0	0.2477	-0.4541
18	3	1.847	0	0	0.8873	1.719
18	3	5.676	0	0	0.6298	-0.7335
18	3	5.053	1	1	-0.1251	-0.5694
18	3	0.7382	0	1	0.09876	0.5665
18	3	0.2161	0	0	-2.585	1.024
18	3	5.042	0	0	1.291	-0.2072
18	3	0.6448	1	1	-0.001966	-0.1416
18	3	3.564	1	1	-0.5893	-0.8654
18	3	1.937	0	1	-0.5296	2.033
18	3	0.696	0	0	-0.671	1.133
18	3	0.7283	1	0	-0.196	-0.1095
18	3	3.65	1	1	0.2852	-1.434
18	3	4.17	0	0	-0.6466	0.1871
18	3	2.162	1	1	-0.08777	-2.047
18	3	1.078	0	1	0.2747	-0.2749
18	3	5.213	1	1	1.47	-1.006
18	3	5.487	1	1	-0.8206	0.928
18	3	0.8801	0	0	-0.5946	0.6124
18	3	0.4097	1	1	0.02729	-0.9581
18	3	3.447	0	0	0.8056	-0.3448
18	3	1.713	0	1	1.006	0.7443
18	3	0.7897	1	0	1.162	1.024
18	3	5.228	0	0	-0.08107	1.825
18	3	1.894	1	1	-0.07362	0.7229
18	3	0.4617	0	0	0.1382	1.876
18	3	4.021	0	0	-0.4306	0.5665
18	3	1.838	1	1	0.1997	-0.07793
18	3	3.659	1	1	0.3778	-1.319
18	3	0.3391	1	1	-0.1249	-1.209
18	3	0.2227	0	1	-0.6785	-0.8654
18	3	0.756	0	0	-0.9959	0.9084
18	3	0.6069	0	1	-0.01363	-0.8654
18	3	5.491	0	0	0.8153	-0.7335
18	3	0.4769	1	1	-0.08605	-1.105
18	3	5.666	1	0	0.1722	0.8279
18	3	0.7564	1	1	-0.1463	-1.375
18	3	3.49	0	0	0.04459	-1.157
18	3	5.392	0	0	-0.8999	-0.6093
18	3	1.03	0	1	-0.2753	-0.01613
18	3	3.321	1	1	-0.3963	1.706
18	3	5.312	1	1	-0.7822	-0.6499
18	3	0.8386	0	1	1.064	-0.1741
18	3	1.128	1	0	-0.1652	0.9668
19	3	5.561	1	1	-0.2215	-0.8368
19	3	5.07	0	0	0.103	0.05403
19	3	5.342	1	1	-1.83	0.7903
19	3	0.2827	1	1	-1.521	-0.1615
19	3	3.167	1	1	-0.1767	-0.4493
19	3	1.271	1	1	-1.793	0.5025
19	3	0.3262	0	0	1.963	1.466
19	3	1.712	1	1	-2.381	-1.025
19	3	0.6038	0	0	-0.8119	0.01248
19	3	0.546	0	1	-0.7443	-0.9604
19	3	1.837	1	1	0.01374	-0.301
19	3	1.887	1	1	-0.139	-0.2536
19	3	0.6595	1	0	-0.1198	-0.2536
19	3	5.255	0	0	-0.4587	-0.6629
19	3	0.9002	0	0	0.9032	-0.5536
19	3	3.416	1	1	-0.09112	-1.453
19	3	3.963	1	1	-0.02172	-0.7774
19	3	1.855	0	0	0.7721	2.521
19	3	0.5009	0	1	-0.04564	-1.091
19	3	1.682	1	1	-0.1346	1.597
19	3	1.383	1	0	-0.9278	-0.1615
19	3	1.221	0	0	-0.4208	-0.0729
19	3	0.6403	1	0	-0.0481	0.289
19	3	3.726	1	0	2.03	2.647
19	3	3.321	0	0	-0.8195	-0.2071
19	3	1.002	1	1	0.2849	-0.5009
19	3	0.6552	1	1	-0.07331	-1.091
19	3	3.592	1	1	0.4634	-0.7194
19	3	3.575	1	1	-0.2455	-0.8978
19	3	3.277	0	0	-1.023	1.488
19	3	5.724	1	1	0.004257	-0.1615
19	3	0.5753	0	1	-0.4803	-0.8368
19	3	0.4356	0	1	-0.9295	0.05403
19	3	0.4112	1	0	-0.1088	0.4683
19	3	0.5069	0	0	0.04545	1.971
19	3	5.599	0	0	0.4558	0.2514
19	3	3.227	0	0	0.005895	-0.8368
19	3	1.902	0	0	0.06964	0.9077
19	3	0.2996	0	1	0.1095	-0.2536
19	3	3.598	1	0	-0.4222	1.554
19	3	5.478	1	1	0.2419	-1.615
19	3	0.7258	0	1	-0.1368	-1.159
19	3	0.2588	0	0	0.8463	0.5363
19	3	1.761	0	0	0.5819	1.466
19	3	2.006	0	0	0.8898	-0.301
19	3	5.518	0	0	-0.9812	-0.6076
19	3	1.276	1	1	-1.35	1.203
19	3	5.28	0	0	0.07221	-0.2536
19	3	5.348	1	1	-2.465	-0.6629
19	3	1.859	1	1	1.547	-0.6629
20	4	5.311	1	1	2.396	-2.209
20	4	1.543	1	0	-0.214	-0.9325
20	4	1.138	0	1	-0.518	1.608
20	4	1.495	0	1	-0.3672	-0.2943
20	4	0.7195	1	1	-0.1589	0.3803
20	4	1.886	0	0	0.01824	-0.1909
20	4	1.967	0	1	-0.825	0.8449
20	4	0.7227	1	1	-0.4255	0.9964
20	4	3.181	0	0	0.9633	-0.6331
20	4	1.053	1	1	-0.5756	0.2983
20	4	3.538	1	1	0.1668	-0.6331
20	4	0.8495	0	0	0.8209	0.7073
20	4	0.4789	1	1	-0.8958	-0.2943
20	4	0.2293	1	1	-0.9701	-0.715
20	4	2.113	1	1	0.2774	0.6111
20	4	1.562	0	0	-1.248	-0.2593
20	4	5.675	0	0	-0.4475	-0.9783
20	4	1.959	1	1	-0.7812	0.03502
20	4	1.267	1	1	3.687	0.8891
20	4	2.076	1	1	-1.303	-0.02747
20	4	5.304	1	1	-0.3473	-1.171
20	4	0.3071	1	1	-0.456	-0.757
20	4	0.8169	0	0	-1.448	0.8891
20	4	3.418	1	1	-0.3775	-1.606
20	4	5.302	0	0	0.3946	-0.09155
20	4	3.77	0	1	0.3952	-0.9325
20	4	5.321	0	0	0.7791	-1.073
20	4	5.475	1	1	0.4473	-1.49
20	4	0.1546	1	1	-0.0611	-1.325
20	4	0.8619	0	1	-0.2913	-0.09155
20	4	0.5887	0	1	-1.066	2.331
20	4	3.754	0	0	-1.776	-0.715
20	4	5.298	0	0	-0.0691	0.8225
20	4	5.465	0	0	-0.01211	0.3533
20	4	3.389	0	0	-2.014	1.49
20	4	5.122	0	0	-0.8533	-0.5537
20	4	0.6953	1	1	-0.5324	1.888
20	4	5.333	0	0	-0.9947	-0.1909
20	4	0.7939	1	0	-1.151	0.1847
20	4	1.201	0	0	-0.608	0.00397
20	4	3.997	0	0	-1.507	1.558
20	4	3.424	1	0	0.02842	0.6111
20	4	1.806	1	1	0.8967	-0.6331
20	4	0.3369	0	1	-1.292	2.588
20	4	0.5361	1	0	-1.078	-0.7997
20	4	0.8755	0	0	-0.2975	-0.6331
20	4	3.857	1	1	1.388	-0.2249
20	4	0.9821	1	1	1.064	-0.2593
20	4	3.633	0	0	1.402	0.2704
20	4	1.873	0	1	0.3305	0.3533
21	4	1.719	0	1	2.238	-1.084
21	4	5.382	0	0	0.3202	-0.06818
21	4	0.8288	1	0	1.689	0.3719
21	4	3.883	0	0	-1.267	-0.6752
21	4	0.5826	1	1	2.106	-0.2299
21	4	3.301	1	1	0.1753	-0.7724
21	4	3.67	0	0	-0.371	-0.2716
21	4	5.308	1	1	0.103	-0.9765
21	4	0.1649	0	0	-0.7234	0.7573
21	4	1.886	1	1	-0.3451	-0.2716
21	4	5.104	0	0	-2.679	-0.9242
21	4	0.1621	1	1	0.577	0.9901
21	4	0.8203	0	0	-0.3467	1.335
21	4	5.618	1	1	0.3819	-1.492
21	4	0.7111	0	1	-1.178	-0.2299
21	4	3.544	0	0	0.7319	0.1228
21	4	3.507	0	0	-0.8847	-0.06818
21	4	1.298	1	0	-0.8415	1.207
21	4	5.253	0	0	0.2611	1.69
21	4	3.369	0	0	-1.215	0.196
21	4	0.687	0	0	-0.234	-0.06818
21	4	1.823	0	0	-1.642	-0.4893
21	4	3.579	1	0	1.057	1.599
21	4	1.892	0	0	1.332	-0.5809
21	4	5.368	0	0	-1.584	-0.5809
21	4	1.984	0	0	0.9351	-0.3569
21	4	0.9941	1	1	0.2661	-0.8728
21	4	0.8419	0	1	1.979	0.08552
21	4	1.789	0	1	-0.8089	0.009618
21	4	1.339	1	1	0.8718	2.759
21	4	0.3493	1	0	0.9192	0.7874
21	4	3.748	0	0	-0.6595	-1.37
21	4	0.186	0	0	-1.266	-0.7724
21	4	1.247	0	0	0.1685	-0.1887
21	4	0.7415	0	0	0.7957	-0.8222
21	4	1.871	0	1	1.324	1.073
21	4	3.722	1	1	-0.2313	-0.5809
21	4	0.2245	1	0	-0.6042	1.046
21	4	5.32	1	1	-0.2291	2.147
21	4	0.6131	1	0	-2.23	0.08552
21	4	5.314	1	1	0.8753	-0.8728
21	4	3.626	1	1	-0.0539	-1.819
21	4	0.8602	1	1	-0.766	-1.43
21	4	1.766	1	0	1.888	0.4728
21	4	5.341	0	0	-0.2625	-0.4893
21	4	5.381	1	0	0.8947	0.0478
21	4	0.6367	1	1	-0.07212	-1.084
21	4	1.467	1	0	0.6012	0.9619
21	4	0.9156	1	1	0.2435	1.968
21	4	0.5947	1	1	-0.5236	-0.2716
22	4	1.028	1	1	2.999	-1.165
22	4	5.331	1	1	0.8617	-1.071
22	4	0.4365	1	1	-0.2759	-1.117
22	4	0.8278	1	0	1.071	-0.725
22	4	1.797	0	0	1.023	0.606
22	4	1.013	1	0	-1.674	1.15
22	4	1.825	0	1	2.346	-1.117
22	4	5.626	1	1	-0.53	1.532
22	4	0.561	0	0	1.141	-0.7658
22	4	5.455	1	1	0.6863	-0.9799
22	4	1.827	0	0	-1.216	1.82
22	4	0.805	0	0	-0.002943	0.129
22	4	1.717	1	1	-1.25	0.04018
22	4	3.265	1	0	-0.8419	0.07012
22	4	5.074	0	0	-0.9509	-0.6453
22	4	3.727	1	0	0.08379	1.189
22	4	3.442	1	0	-0.8971	2.239
22	4	0.387	1	1	0.6724	0.3519
22	4	0.7256	0	0	-0.8584	-0.42
22	4	0.6303	0	0	-1.442	-0.3142
22	4	1.92	0	0	-1.482	0.1865
22	4	3.477	0	0	2.498	-0.725
22	4	3.603	0	0	-1.652	-0.8072
22	4	5.555	0	0	0.8556	0.04018
22	4	5.71	1	0	1.554	-0.8921
22	4	3.645	0	0	0.03928	-0.02075
22	4	0.3288	1	1	1.999	2.066
22	4	0.8151	0	0	1.189	-0.5302
22	4	0.2942	1	1	0.7323	-0.42
22	4	1.81	1	1	1.238	1.967
22	4	0.2699	1	0	-0.2117	-1.364
22	4	0.8066	0	0	0.6758	-0.02075
22	4	0.5926	0	0	-0.07857	-0.8921
22	4	1.983	0	0	-0.1525	-0.725
22	4	1.868	1	0	0.3328	0.482
22	4	3.381	1	0	-1.059	1.648
22	4	1.8	1	0	0.5655	1.664
22	4	5.03	0	0	-1.589	-1.071
22	4	3.31	0	0	1.323	-1.025
22	4	5.518	1	1	0.7026	-0.6063
22	4	5.185	0	0	0.2846	-0.4929
22	4	3.452	0	0	-1.088	-0.05177
22	4	1.02	0	0	0.2381	-1.117
22	4	5.492	0	0	-0.3426	-1.025
22	4	3.463	0	0	-0.5472	-0.3142
22	4	0.7057	1	0	0.9104	1.463
22	4	0.9456	0	0	-3.319	-0.1471
22	4	1.836	1	0	1.578	0.4047
22	4	0.4661	1	1	-0.05539	0.9878
22	4	0.2746	0	0	-0.003562	0.5323
23	4	2.013	0	0	0.2656	-0.7011
23	4	0.3434	0	1	0.2595	0.9102
23	4	3.881	0	0	1.359	0.5254
23	4	3.737	0	0	1.98	0.0005049
23	4	5.482	1	0	-1.088	0.7975
23	4	3.3	1	1	0.8393	-0.8032
23	4	0.2429	0	0	-0.6736	2.384
23	4	1.945	1	0	0.01548	1.122
23	4	1.364	1	1	-0.2302	-0.4617
23	4	0.7964	1	1	-1.396	1.816
23	4	3.604	0	0	0.8002	0.3615
23	4	1.933	1	1	-1.103	-0.1999
23	4	3.622	1	1	1.308	1.045
23	4	1.635	1	0	-0.2208	-0.8032
23	4	0.5889	1	0	1.451	-0.1586
23	4	0.2165	0	0	-0.7759	1.894
23	4	0.3362	1	0	0.5684	-1.076
23	4	0.6884	0	0	0.3354	0.6498
23	4	3.847	0	0	0.8706	-1.135
23	4	5.585	1	1	0.5018	-1.723
23	4	5.463	1	0	0.8642	-0.3716
23	4	1.934	1	1	1.043	-0.0384
23	4	0.3295	0	0	-1.123	-1.255
23	4	3.691	0	0	-0.08528	-0.4617
23	4	5.767	0	0	1.32	-0.2844
23	4	0.7583	0	0	1.375	-0.1586
23	4	0.4129	1	0	-2.004	-0.3276
23	4	5.436	1	0	0.4194	1.568
23	4	5.439	0	0	-2.039	-0.8032
23	4	0.1537	1	1	-0.7677	-0.9638
23	4	0.5977	0	0	-0.714	0.4283
23	4	0.7037	1	1	0.1878	1.756
23	4	0.8919	0	0	0.283	0.1507
23	4	3.686	0	0	0.2192	-0.2418
23	4	1.701	1	0	0.0592	0.1507
23	4	0.8601	0	0	1.861	0.187
23	4	5.376	0	0	0.05569	0.03886
23	4	5.567	0	0	0.07722	-1.135
23	4	1.908	1	0	-0.3474	-0.1179
23	4	1.876	1	1	1.646	0.114
23	4	1.845	0	0	0.5332	2.628
23	4	5.574	1	1	1.311	0.2931
23	4	1.687	1	1	0.071	-1.02
23	4	3.169	1	1	-0.131	-1.723
23	4	0.9203	0	1	-0.7152	-0.9092
23	4	0.5791	0	0	-1.241	-1.02
23	4	0.3264	1	0	0.5894	-0.3276
23	4	3.559	1	1	-0.01102	-0.9092
23	4	1.208	0	0	0.117	0.68
23	4	5.116	0	0	-0.766	-0.3716
24	4	5.497	0	0	2.912	-1.009
24	4	1.923	1	0	0.6651	-0.8299
24	4	0.3036	0	0	1.538	-0.133
24	4	0.4707	0	0	-0.2235	0.1241
24	4	5.157	0	0	1.334	-0.7304
24	4	3.551	1	1	0.9181	-0.7304
24	4	1.841	1	0	1.07	-0.2277
24	4	3.682	0	0	0.7922	-0.6361
24	4	2.049	0	0	1.382	-1.296
24	4	5.599	0	0	0.4774	-0.7961
24	4	1.716	1	0	-0.3773	0.1241
24	4	1.741	0	0	1.767	-0.6057
24	4	0.52	0	0	0.9268	-1.584
24	4	1.755	1	0	-1.069	-1.087
24	4	0.5545	1	0	1.798	-1.009
24	4	0.2335	0	0	-0.208	-1.167
24	4	1.011	1	0	0.4261	0.0001664
24	4	0.6619	1	0	-1.595	0.7412
24	4	5.905	1	0	0.9002	0.1829
24	4	0.637	1	0	0.4966	0.2399
24	4	5.566	0	0	-0.3204	-1.009
24	4	3.759	1	0	1.783	0.08372
24	4	1.906	1	1	0.9275	2.19
24	4	0.1292	0	1	0.4248	1.355
24	4	0.8761	1	1	0.1142	1.993
24	4	1.084	1	0	0.2857	-0.06519
24	4	1.218	1	0	0.3188	0.8898
24	4	5.697	0	0	-2.403	0.4176
24	4	1.884	1	1	1.047	-0.38
24	4	0.381	1	0	-0.6588	-0.4067
24	4	3.541	1	0	-0.1101	1.698
24	4	1.951	0	1	-1.396	1.384
24	4	0.8195	0	0	-0.3024	1.723
24	4	3.492	0	0	-0.9008	-0.9354
24	4	1.251	0	0	-0.6072	-0.5465
24	4	5.424	0	0	-3.602	-0.667
24	4	0.4957	1	0	0.3884	0.6546
24	4	3.722	0	0	-3.484	-0.9354
24	4	1.891	1	0	0.4164	0.4006
24	4	3.705	1	0	-0.5953	1.778
24	4	0.4827	0	0	-2.209	1.345
24	4	3.684	0	0	-0.3713	-1.533
24	4	3.55	1	0	-1.581	1.48
24	4	5.646	1	0	0.1615	0.9155
24	4	3.453	0	0	-3.354	-0.8996
24	4	0.9503	1	0	0.427	-0.7629
24	4	5.445	1	1	0.4681	0.7412
24	4	0.8232	0	0	0.1305	-0.38
24	4	5.339	0	0	0.4747	-0.7961
24	4	0.7563	1	0	-1.118	0.6984
25	4	3.427	1	1	1.478	-1.404
25	4	0.3823	1	0	0.07957	0.09593
25	4	2.025	1	1	-0.7589	3.538
25	4	5.731	1	0	0.09144	1.563
25	4	3.901	0	0	0.2014	-0.7566
25	4	3.663	1	0	-0.8873	1.675
25	4	1.699	0	0	-0.8197	-0.02251
25	4	5.23	0	0	0.5872	-0.2757
25	4	5.18	1	1	1.414	-0.1887
25	4	0.2653	0	0	-0.007488	0.4578
25	4	1.605	0	0	0.03873	0.6225
25	4	0.8971	0	0	-0.2276	0.8379
25	4	0.9101	1	0	-0.7916	-0.5542
25	4	3.778	1	1	1.521	0.01753
25	4	5.548	0	0	-1.942	-1.275
25	4	3.41	0	0	1.359	-0.1887
25	4	5.469	0	0	-0.8198	-0.1044
25	4	0.8507	0	0	-0.9327	0.5904
25	4	0.4653	1	1	0.03143	-0.5542
25	4	0.801	0	0	1.58	0.5578
25	4	0.5001	0	0	-0.2467	-0.3202
25	4	3.611	0	0	-0.9864	-0.8096
25	4	3.683	1	0	0.3786	-0.1044
25	4	0.562	1	1	-1.595	-1.212
25	4	0.4837	0	0	-1.737	0.4237
25	4	1.748	1	1	-0.4335	-0.4582
25	4	5.279	0	1	2.494	0.9821
25	4	0.6673	1	0	0.6458	-0.7566
25	4	1.779	0	0	0.3918	-0.7046
25	4	1.745	0	0	-0.4431	-0.4114
25	4	0.5097	0	0	-0.3502	0.7476
25	4	0.6841	0	0	0.09477	-0.5058
25	4	0.7416	0	0	-1.131	0.9253
25	4	0.7768	1	1	-2.318	-0.6034
25	4	5.556	1	1	1.566	-0.8637
25	4	1.108	1	0	0.461	-0.02251
25	4	1.793	0	0	3.171	-0.02251
25	4	3.582	1	0	0.1797	2.063
25	4	5.552	1	1	-0.3301	-1.757
25	4	1.377	1	1	-0.6573	1.35
25	4	0.7979	1	1	-0.7792	0.2095
25	4	1.017	0	0	0.04444	1.761
25	4	0.77	1	1	0.9023	0.1722
25	4	1.777	0	0	-0.6539	-0.7046
25	4	5.092	1	1	-0.01259	-1.682
25	4	3.55	0	0	-0.3134	-0.5058
25	4	1.206	1	0	-0.5047	-0.7046
25	4	3.673	0	0	0.1571	-0.5542
25	4	5.717	0	0	-1.415	-0.9188
25	4	0.9825	1	0	0.8462	0.3541
26	4	0.9776	0	0	2.526	-1.103
26	4	0.39	1	1	1.568	0.5743
26	4	0.7379	1	1	0.6907	-0.5495
26	4	3.484	0	1	-0.1865	-1.677
26	4	1.074	1	0	-0.3928	1.077
26	4	0.3955	1	1	-1.048	0.4001
26	4	5.15	1	0	1.067	-0.06395
26	4	3.533	0	0	1.235	1.415
26	4	5.51	0	0	0.1035	-0.4614
26	4	1.721	1	0	0.01026	1.054
26	4	3.413	1	0	0.3175	0.9371
26	4	5.501	0	0	-1.89	-1.341
26	4	3.961	0	0	0.4474	-0.6882
26	4	0.4519	1	1	0.2343	-0.3764
26	4	0.3426	1	1	-0.1803	-1.606
26	4	3.571	1	0	-0.8224	-0.5949
26	4	1.037	0	0	-0.1192	-0.9389
26	4	1.049	0	1	-0.6791	2.138
26	4	3.552	1	1	-1.253	-1.219
26	4	3.679	1	1	0.02982	1.231
26	4	3.67	1	1	0.02206	0.6297
26	4	1.618	0	1	-0.4464	0.5177
26	4	0.7626	1	0	-0.2421	0.5177
26	4	1.933	1	1	-0.6816	-0.5495
26	4	0.7663	0	1	1.069	0.07814
26	4	5.501	0	0	-0.1183	-0.8866
26	4	1.664	1	1	-1.981	2.251
26	4	3.607	0	0	0.4015	-0.2944
26	4	1.879	1	1	0.2422	1.273
26	4	1.919	1	1	-0.1332	-0.6882
26	4	0.4316	1	0	-0.7872	1.335
26	4	5.212	0	0	-1.486	-0.9389
26	4	0.6054	0	0	-0.6419	-0.3764
26	4	0.3328	1	0	0.2698	0.4301
26	4	1.911	0	0	-0.2217	-0.1764
26	4	0.3032	0	0	-0.8361	-0.3764
26	4	1.945	1	0	1.476	0.4596
26	4	0.985	0	0	-0.8817	0.6837
26	4	1.663	0	0	-0.9362	2.049
26	4	0.627	1	0	1.348	-0.7363
26	4	2.035	0	0	0.5498	0.961
26	4	5.218	1	1	1.347	-2.434
26	4	3.316	1	1	-0.0807	-0.4614
26	4	5.344	0	0	-2.383	-0.2151
26	4	0.4231	1	0	-2.45	-0.6882
26	4	0.7265	1	0	-0.3322	0.008153
26	4	5.246	0	0	-1.108	-0.1383
26	4	0.696	0	0	0.8857	0.3698
26	4	5.356	0	0	-1.129	-0.2151
26	4	5.38	0	0	1.297	-0.5949
27	4	3.872	1	1	1.803	1.293
27	4	1.314	0	0	1.691	0.3164
27	4	1.896	0	0	-1.583	-1.05
27	4	3.46	0	0	-0.4033	-0.8854
27	4	0.3944	0	0	0.8097	-0.1192
27	4	5.439	1	0	0.0738	1.225
27	4	3.653	0	0	-0.1844	-1.23
27	4	1.914	1	1	1.793	-0.3028
27	4	1.691	0	1	-1.159	-0.3418
27	4	0.4561	0	0	-1.953	2.145
27	4	0.9848	1	0	-0.09875	0.04812
27	4	5.631	0	0	-1.288	-0.1905
27	4	0.8889	1	1	2.425	-1.816
27	4	1.377	1	1	1.756	-1.429
27	4	1.101	1	0	0.3861	0.9282
27	4	5.604	1	1	-0.5959	-2.195
27	4	1.848	0	0	0.1503	0.2311
27	4	0.8018	1	1	-1.098	-0.1905
27	4	1.857	0	0	-0.1751	0.8249
27	4	3.537	0	1	0.1323	-0.7341
27	4	0.3419	0	1	0.4531	-1.429
27	4	5.472	0	0	0.1086	-0.3816
27	4	0.5135	1	0	0.1856	0.1418
27	4	0.9021	0	0	-1.427	-0.3028
27	4	5.968	1	1	0.8569	-1.429
27	4	5.437	0	0	-0.4912	-0.9934
27	4	5.559	1	1	-0.1614	-0.3418
27	4	0.392	0	1	0.6365	0.9282
27	4	3.58	0	0	0.03052	0.4244
27	4	0.2631	0	1	-0.9253	1.242
27	4	0.3555	1	0	-0.09862	0.5997
27	4	3.862	1	0	-2.003	0.6235
27	4	5.457	0	0	1.146	-0.5941
27	4	1.991	0	1	2.093	0.398
27	4	3.675	0	0	-0.2516	-0.5496
27	4	1.749	0	0	-0.3996	0.8249
27	4	3.595	1	1	-1.814	-0.4637
27	4	0.9624	1	1	0.2321	-0.6396
27	4	0.147	1	1	-0.6885	0.8669
27	4	1.141	1	1	0.7032	-0.3816
27	4	0.7382	1	1	-0.3214	-0.3028
27	4	1.029	0	1	-1.123	1.191
27	4	0.6661	1	1	0.4391	2.003
27	4	1.866	0	1	-0.4728	1.626
27	4	5.156	1	0	-2.574	1.555
27	4	5.311	1	1	-0.3549	-0.5941
27	4	1.002	0	0	0.4184	-0.1192
27	4	0.5285	0	1	0.7569	-0.9386
27	4	3.721	1	0	0.6055	1.342
27	4	3.823	1	1	-0.2346	-0.8336
28	4	3.516	1	1	1.148	0.3819
28	4	0.2973	0	1	-0.3997	0.3819
28	4	1.749	1	0	1.14	1.808
28	4	5.338	1	1	0.9909	-0.4732
28	4	5.946	1	1	0.545	1.102
28	4	0.7297	0	0	-2.119	0.3819
28	4	5.534	0	0	0.2625	-0.5368
28	4	5.103	0	0	-1.709	0.6018
28	4	1.763	1	1	-1.027	-1.358
28	4	3.519	0	0	-0.9889	-0.1759
28	4	0.685	1	1	1.008	-1.189
28	4	5.329	0	0	0.6517	-0.6687
28	4	5.243	0	0	0.008402	-1.272
28	4	5.17	0	0	0.02222	-0.4111
28	4	0.7732	1	1	0.4081	-0.1759
28	4	0.8044	1	0	-0.9774	-0.01199
28	4	3.49	1	1	0.9204	-1.731
28	4	1.673	1	1	-2.277	-0.8795
28	4	3.494	0	0	-1.318	-0.7372
28	4	0.5671	1	1	0.768	-0.6687
28	4	0.05451	1	1	-0.3372	-0.2328
28	4	3.822	0	0	0.05723	-0.06552
28	4	0.0856	1	0	0.03718	1.031
28	4	3.54	0	0	0.4303	0.6437
28	4	5.394	1	1	-0.3707	0.09199
28	4	1.107	0	0	1.284	-0.6687
28	4	0.2232	0	0	1.196	-0.2328
28	4	5.166	1	1	1.026	-1.731
28	4	0.3128	0	1	0.6598	-1.731
28	4	0.9517	0	1	0.1411	-0.8074
28	4	3.767	0	0	-1.867	-0.5368
28	4	0.5766	0	0	0.5631	1.862
28	4	1.012	1	0	-1.272	1.337
28	4	1.596	1	0	-0.4754	1.493
28	4	5.598	0	0	-0.2836	-0.06552
28	4	0.7114	1	0	-0.1565	-0.8074
28	4	0.5512	1	0	-1.257	0.2887
28	4	1.871	0	1	1.814	0.6018
28	4	0.7287	0	0	-1.146	1.066
28	4	1.851	0	1	0.6637	1.583
28	4	1.966	1	1	-1.239	1.369
28	4	3.568	1	1	1.103	0.844
28	4	3.524	1	1	1.195	-1.358
28	4	2.125	1	1	0.2419	-0.3503
28	4	0.5538	1	1	0.6382	-1.538
28	4	1.371	0	0	-0.1014	0.9202
28	4	0.7084	0	0	-0.3683	0.3819
28	4	3.632	1	1	0.2401	-0.6687
28	4	0.5534	0	0	0.07867	1.641
28	4	1.84	0	1	2.03	1.272
29	4	3.539	1	1	2.516	-1.678
29	4	3.857	1	1	-1.142	-1.476
29	4	2.202	1	1	-0.1059	-1.751
29	4	0.7696	0	1	0.4633	-2.263
29	4	1.403	1	0	-2	-0.6717
29	4	0.9858	1	0	-1.018	0.5823
29	4	1.79	0	0	1.09	0.5823
29	4	5.281	0	0	-0.3368	-0.9801
29	4	0.4245	1	0	-0.7262	0.5418
29	4	3.47	0	1	0.2731	-1.131
29	4	0.1452	1	0	-1.581	1.615
29	4	5.373	1	0	0.03213	1.158
29	4	0.5699	1	0	-0.4326	-0.3743
29	4	0.8013	0	1	-1.385	0.7537
29	4	5.173	0	1	-2.057	1.023
29	4	0.8465	1	0	-1.292	0.8074
29	4	0.8159	0	0	-0.3653	1.5
29	4	5.271	0	0	-2.619	-0.7545
29	4	5.578	0	0	0.7445	-0.7126
29	4	1.905	0	0	0.154	0.5004
29	4	3.309	1	0	0.7141	0.4146
29	4	5.456	0	0	-0.8944	-1.184
29	4	0.5334	1	1	0.6956	-0.2109
29	4	1.691	0	1	1.361	0.5212
29	4	5.384	1	1	-1.077	-0.7974
29	4	5.373	1	1	0.6276	0.0229
29	4	2.08	0	0	0.9836	0.1292
29	4	1.045	1	1	-0.1288	0.1032
29	4	5.659	1	1	-0.3064	-1.079
29	4	3.735	1	1	0.08458	-1.541
29	4	1.905	1	0	1.937	0.717
29	4	0.6505	0	0	0.03078	0.8595
29	4	0.7268	0	1	0.3075	-0.7974
29	4	3.818	1	1	0.07504	2.265
29	4	0.6979	1	0	-0.2527	0.1032
29	4	0.5162	1	0	-2.299	-0.2109
29	4	0.4433	0	0	0.361	-0.09016
29	4	0.7471	0	0	1.053	0.4793
29	4	1.386	0	0	-0.02204	-0.1196
29	4	0.7266	1	1	-1.163	0.9914
29	4	1.986	0	0	-0.1434	0.6984
29	4	3.512	1	1	0.6962	-0.3743
29	4	3.5	1	1	-0.7095	-0.5543
29	4	3.612	1	0	-0.3716	-0.1799
29	4	0.4337	0	1	0.6928	-1.541
29	4	3.886	0	0	0.02354	0.3701
29	4	0.1678	1	0	0.8852	0.5418
29	4	5.611	0	0	0.2093	1.475
29	4	1.36	0	0	0.3235	1.692
29	4	1.07	0	1	-1.016	0.0229
30	5	1.675	1	1	0.8212	-1.607
30	5	1.688	0	1	0.7484	1.685
30	5	0.7181	0	0	0.1461	2.156
30	5	1.532	1	1	-0.9949	-0.2069
30	5	5.412	1	1	-1.841	-0.07784
30	5	5.083	1	0	-1.698	1.74
30	5	3.532	0	0	1.234	-1.151
30	5	3.745	0	0	2.691	-0.07784
30	5	3.477	1	1	-0.5343	-0.731
30	5	5.161	0	0	-0.4976	-0.4907
30	5	0.856	0	0	-0.1223	-0.07784
30	5	1.748	1	0	0.5421	-0.5678
30	5	0.451	0	0	-1.451	-0.4162
30	5	0.9293	0	0	-0.8592	-0.5678
30	5	5.442	1	1	-0.1132	0.07332
30	5	1.077	1	1	0.06528	-0.6479
30	5	1.034	0	0	-0.3326	1.958
30	5	0.6992	1	0	-1.625	0.1592
30	5	1.492	0	1	-0.305	0.01412
30	5	0.6565	0	0	-0.5381	1.921
30	5	0.3719	1	0	-0.7738	-0.862
30	5	3.934	0	0	-0.2999	-0.3798
30	5	5.058	0	0	-0.6633	-1.424
30	5	0.8861	1	0	0.8075	-0.4531
30	5	0.4038	1	1	-0.1602	-0.4907
30	5	0.9335	1	0	-0.1869	-0.3798
30	5	0.4948	1	0	-1.112	1.435
30	5	3.39	0	0	0.2156	0.5438
30	5	5.415	0	1	-0.4657	-1.256
30	5	5.648	1	1	-1.315	2.065
30	5	0.7145	0	0	-0.3794	0.1592
30	5	3.501	1	1	-0.09471	1.372
30	5	3.256	0	0	-0.2815	-0.1414
30	5	3.677	0	0	-1.578	1.026
30	5	0.9694	1	1	0.3902	-1.807
30	5	1.694	1	1	-1.143	-0.9075
30	5	1.998	0	0	-0.3029	1.136
30	5	4.004	0	0	-0.3075	-1.1
30	5	3.53	0	0	-0.6317	-0.5289
30	5	1.552	1	1	0.465	-1.151
30	5	0.464	1	0	-1.026	0.5438
30	5	1.969	0	0	0.1616	-0.4907
30	5	0.6781	0	0	-0.6452	0.07332
30	5	0.835	0	1	0.7368	-0.4162
30	5	5.363	0	0	0.8059	-0.6075
30	5	5.601	1	1	-0.7193	-0.5289
30	5	5.133	1	0	0.4408	0.2418
30	5	0.6569	1	0	-0.8782	-0.4162
30	5	2.012	1	0	-0.8573	0.6131
30	5	0.4335	1	0	-0.4366	1.045
31	5	1.463	1	0	2.501	1.306
31	5	4.937	0	0	0.492	0.3884
31	5	3.858	1	1	0.2503	2.351
31	5	5.199	0	0	-0.528	-1.202
31	5	0.9254	1	0	-1.364	0.8119
31	5	0.9777	1	1	-3.584	-1.202
31	5	1.153	0	0	0.9692	-0.9004
31	5	0.9014	0	0	1.34	-0.1576
31	5	3.818	1	1	-0.07664	-1.017
31	5	5.571	0	0	-0.8086	-0.5281
31	5	0.2499	0	0	-0.3766	-0.1147
31	5	1.909	1	1	0.08177	-0.6814
31	5	5.442	0	0	1.143	-1.769
31	5	3.241	0	0	1.005	-1.077
31	5	0.4794	1	1	-1.095	0.6568
31	5	0.3634	0	0	-0.02926	1.306
31	5	1.864	1	0	-1.092	-0.3365
31	5	0.7169	0	0	-0.2958	0.2434
31	5	3.713	0	0	1.94	-0.9581
31	5	1.81	1	0	0.4751	-0.7345
31	5	0.5071	1	1	0.9965	0.4235
31	5	1.765	1	0	0.7638	1.909
31	5	1.861	1	1	-1.106	-0.2906
31	5	4.929	1	1	-0.8109	0.01008
31	5	0.968	1	1	0.1831	-0.9581
31	5	1.784	0	0	-0.3956	-2.195
31	5	1.774	1	1	-0.4067	1.404
31	5	0.9813	1	1	-0.1534	1.097
31	5	5.179	1	1	0.2018	0.1679
31	5	3.849	1	0	-0.2399	-0.03087
31	5	0.9409	0	0	0.07247	-0.2455
31	5	5.078	0	0	0.413	-0.9581
31	5	2.027	0	0	-1.264	-0.3831
31	5	3.664	0	0	-0.2335	-0.4306
31	5	5.199	0	0	-0.5481	-0.1576
31	5	0.2768	0	0	0.5658	-0.5782
31	5	0.4995	1	0	-0.5626	-0.07245
31	5	1.042	1	1	-1.803	0.2804
31	5	3.399	0	0	-0.3808	1.546
31	5	1.288	0	0	2.047	0.3884
31	5	0.979	1	0	-0.3041	0.01008
31	5	0.7212	0	0	1.116	-0.3365
31	5	0.9706	0	0	0.257	0.6886
31	5	3.58	0	0	-0.787	0.1293
31	5	0.8766	1	0	-1.137	0.6568
31	5	1.857	1	1	1.201	-1.202
31	5	3.834	0	1	1.578	2.516
31	5	5.129	0	0	0.04266	-0.2906
31	5	5.156	1	1	0.4443	-0.7887
31	5	3.373	1	0	-0.5248	1.306
32	5	0.9066	0	0	1.496	-0.04617
32	5	1.078	0	1	-0.7334	0.5841
32	5	1.606	1	0	-1.266	0.05372
32	5	1.502	0	0	-0.09679	0.4274
32	5	0.4669	1	0	-0.4074	-0.554
32	5	0.5822	0	0	1.698	0.2401
32	5	3.763	0	0	-0.1888	-0.5024
32	5	3.3	0	0	0.4056	-1.303
32	5	0.411	0	0	-1.109	-0.7748
32	5	0.4962	0	0	0.04929	-1.157
32	5	0.849	1	0	-0.1644	-0.4027
32	5	3.15	1	0	-0.1484	0.2578
32	5	3.815	1	0	-0.2205	-0.8946
32	5	1.031	0	0	0.2215	0.7988
32	5	3.435	0	0	-0.1858	-0.8946
32	5	0.834	1	0	-0.657	-0.607
32	5	3.357	1	1	0.2193	-0.4027
32	5	3.79	0	1	0.4656	0.4915
32	5	1.738	1	1	0.9118	-1.628
32	5	0.4552	1	0	-0.4931	-0.7748
32	5	3.694	1	1	-1.205	1.09
32	5	1.389	0	0	-0.3128	1.752
32	5	4.9	1	0	-0.7806	0.2401
32	5	5.568	1	0	-0.08061	-0.1947
32	5	5.22	0	0	-0.7054	-0.6892
32	5	1.886	1	0	-0.3651	-1.459
32	5	5.222	1	0	0.6927	0.7437
32	5	3.776	0	0	-0.04928	-0.1297
32	5	0.5701	0	1	-0.4696	1.249
32	5	0.3619	0	0	-0.01992	0.9306
32	5	3.951	0	0	-2.611	-1.303
32	5	5.137	0	0	-0.8747	-1.089
32	5	5.539	1	0	-0.156	0.5383
32	5	0.463	1	0	1.504	-0.8338
32	5	0.6537	0	1	0.369	-0.6341
32	5	2	0	0	-1.751	-0.5024
32	5	0.4113	1	0	-0.9631	1.148
32	5	2.092	1	1	0.1934	2.127
32	5	2.089	1	1	-0.5666	1.637
32	5	0.7807	0	0	0.6626	2.106
32	5	0.7173	1	1	0.1368	0.2929
32	5	5.284	0	0	0.9276	-1.123
32	5	5.277	0	1	1.605	0.4274
32	5	5.417	1	1	1.31	-1.379
32	5	0.286	1	0	-1.648	-0.9257
32	5	2.197	0	1	-0.3039	-0.6892
32	5	5.579	1	1	-3.011	-0.2617
32	5	0.1928	1	0	1.745	0.5228
32	5	2.193	0	1	-1.611	1.932
32	5	0.4488	0	0	-0.7176	1.563
33	5	0.6806	0	1	0.7285	-1.447
33	5	3.588	0	0	-0.3029	-1.06
33	5	5.39	0	1	-0.01104	1.159
33	5	1.606	1	1	-1.132	0.05063
33	5	0.8622	0	0	-1.182	2.171
33	5	0.3137	1	0	-0.4783	0.6705
33	5	5.323	1	1	0.08207	0.2317
33	5	5.515	1	1	-1.573	1.906
33	5	1.026	1	1	0.4185	0.6705
33	5	3.782	0	0	-0.1087	-0.3463
33	5	3.306	0	1	-0.5187	2.141
33	5	1.781	1	1	-0.7261	-0.7404
33	5	1.993	0	0	-0.05654	-0.124
33	5	5.15	0	0	-0.626	0.2743
33	5	1.972	1	1	1.611	1.21
33	5	0.8395	1	0	-1.076	1.637
33	5	5.397	0	0	1.815	-0.2598
33	5	1.735	0	0	-2.413	-1.06
33	5	3.452	1	1	-0.3886	-1.676
33	5	0.5946	1	1	1.248	0.4161
33	5	0.4656	0	0	-0.5426	0.2743
33	5	0.8086	0	1	-0.5876	1.159
33	5	3.272	0	0	-0.1929	0.4161
33	5	0.7389	1	0	-0.2351	0.002413
33	5	5.211	1	1	1.011	-0.8538
33	5	5.508	0	0	-0.03165	1.627
33	5	3.397	0	0	0.0699	-0.4372
33	5	0.6978	1	0	0.9593	0.09761
33	5	1.874	1	1	-3.349	-1.017
33	5	3.444	1	1	-1.589	-1.447
33	5	3.587	1	1	-0.01412	-1.243
33	5	0.4238	1	0	-0.0793	-1.342
33	5	2.152	1	0	-0.2671	-0.4685
33	5	5.639	1	1	0.535	-1.196
33	5	0.6103	0	1	1.853	-0.9335
33	5	0.6357	0	0	-1.245	0.5836
33	5	0.5116	0	1	0.4295	-1.06
33	5	3.758	1	0	0.01562	0.7855
33	5	1.494	0	0	-0.8333	-0.2882
33	5	0.3606	0	0	1.394	0.2743
33	5	3.384	1	1	-0.3199	-0.9335
33	5	5.173	0	0	-0.8611	-0.8538
33	5	5.461	0	0	-1.253	-1.292
33	5	0.7766	0	0	0.4776	0.6013
33	5	0.7896	1	0	-0.1275	0.6362
33	5	1.011	0	0	0.179	1.01
33	5	1.707	1	1	0.09721	-0.3761
33	5	1.803	0	0	0.5717	-0.3761
33	5	0.2933	1	0	0.7241	-0.02218
33	5	0.152	1	1	-0.3103	0.8482
34	5	0.8682	1	1	3.106	-0.7684
34	5	0.7271	1	1	-0.4623	-1.031
34	5	3.572	1	1	0.6675	-1.738
34	5	3.392	1	1	0.7727	-0.8524
34	5	0.6452	1	1	-0.2441	-0.7684
34	5	1.916	0	0	1.397	1.052
34	5	5.447	1	1	0.9316	1.29
34	5	3.346	0	0	1.222	0.9042
34	5	5.728	1	1	0.2696	-0.5342
34	5	0.2943	1	0	-0.203	-0.2565
34	5	0.7732	1	0	-0.7763	2.228
34	5	1.189	1	1	1.09	-1.553
34	5	5.321	1	1	2.069	1.123
34	5	0.9986	1	1	1.802	-0.6095
34	5	3.568	0	0	1.164	-0.4975
34	5	1.324	1	1	-0.4747	0.7658
34	5	1.011	0	0	-0.6079	-0.09934
34	5	1.629	1	1	-0.9531	-1.613
34	5	1.47	0	1	1.948	-1.175
34	5	0.04744	0	1	0.7874	0.6826
34	5	2.036	1	1	0.943	1.07
34	5	3.601	1	1	1.676	0.4829
34	5	3.655	0	0	0.9546	0.3636
34	5	1.885	0	0	-0.1478	-0.5342
34	5	2.012	0	1	-0.01055	0.885
34	5	1.877	0	1	-0.2353	0.9609
34	5	3.477	0	0	0.3562	0.1579
34	5	0.3743	0	0	2.008	0.5961
34	5	1.041	1	0	0.4495	-1.175
34	5	0.7975	0	0	0.03343	-0.391
34	5	0.508	1	1	0.534	1.489
34	5	5.646	1	1	0.3205	0.9609
34	5	0.4352	0	1	-0.3164	-0.81
34	5	5.161	0	0	-0.2048	-0.1299
34	5	0.7349	0	1	-0.002786	-0.3566
34	5	0.2707	0	0	-1.396	0.8063
34	5	4.035	0	0	0.08488	-0.01019
34	5	5.63	1	1	1.94	-1.031
34	5	1.784	0	1	-0.7728	-0.3566
34	5	3.504	1	1	-0.3139	-0.7276
34	5	0.3532	0	0	0.806	0.5961
34	5	5.442	0	0	-0.3747	-0.6875
34	5	0.6861	1	1	-0.1839	-1.87
34	5	1.801	0	0	0.9721	2.34
34	5	3.71	0	1	-1.813	0.9042
34	5	5.432	1	1	1.432	-0.9398
34	5	1.642	0	0	-1.237	0.4829
34	5	5.444	0	0	0.2532	-1.078
34	5	0.6213	1	1	0.3616	0.5289
34	5	5.484	1	0	-0.08966	0.9233
35	5	1.981	1	1	1.649	0.2786
35	5	0.1405	0	0	-0.2714	0.9446
35	5	3.836	0	0	-0.05583	-0.6936
35	5	0.9073	1	0	0.5431	-0.7569
35	5	1.713	1	1	0.4356	0.2786
35	5	1.643	0	0	0.07311	1.97
35	5	5.416	0	0	0.0318	-0.4552
35	5	5.28	1	1	0.8916	0.01035
35	5	5.062	1	1	0.6424	-1.028
35	5	1.035	1	1	0.5101	0.7062
35	5	0.7761	1	1	-0.5032	2.196
35	5	2.079	1	0	-0.2881	-0.344
35	5	3.405	1	1	0.04502	-1.869
35	5	0.6447	0	1	-0.5396	-0.344
35	5	0.3105	0	0	0.7095	2.368
35	5	3.716	1	1	-1.008	-1.331
35	5	2.19	0	1	-0.3265	-0.9571
35	5	3.46	1	0	0.1137	1.132
35	5	0.5296	1	1	0.3532	-0.6936
35	5	0.7152	1	1	0.5024	-0.08587
35	5	3.757	0	0	0.4354	-0.2375
35	5	5.041	0	1	-0.04654	-0.1859
35	5	1.516	1	1	-1.095	-0.344
35	5	5.541	0	0	-0.6451	-0.7569
35	5	0.5052	0	1	1.242	-1.771
35	5	0.5669	1	1	-0.1428	1.648
35	5	1.065	0	1	-0.1076	-0.399
35	5	1.813	0	0	-0.9864	0.2358
35	5	3.475	0	0	-0.3923	0.5967
35	5	1.224	1	1	1.116	1.573
35	5	0.7882	1	1	-1.053	-0.5127
35	5	0.8786	1	0	0.02094	1.444
35	5	5.066	1	1	0.2358	-0.399
35	5	0.4317	1	1	0.22	-0.6936
35	5	3.272	0	0	0.22	0.4027
35	5	3.743	0	0	0.1176	0.5967
35	5	3.489	0	0	1.341	0.4821
35	5	5.107	0	0	0.7767	-0.5715
35	5	5.368	1	1	0.826	0.0571
35	5	5.742	0	0	0.4746	-0.1859
35	5	0.6578	0	1	0.575	0.5967
35	5	1.03	1	1	1.256	-0.344
35	5	3.694	0	0	-0.8428	1.25
35	5	1.577	0	1	1.04	-0.1859
35	5	5.333	1	1	0.8879	-1.175
35	5	1.607	0	1	0.6404	-0.8886
35	5	0.2984	0	1	0.5762	-0.5127
35	5	0.6079	1	1	0.3783	-0.4552
35	5	1.884	0	1	0.1652	1.279
35	5	0.9723	1	1	2.372	-1.869
36	5	0.4189	0	1	2.317	-2.933
36	5	5.279	1	1	0.2114	-0.7779
36	5	0.9005	0	1	-0.007069	0.7545
36	5	1.889	0	1	1.581	0.3676
36	5	1.676	1	1	-0.7982	-0.58
36	5	0.4689	0	0	-0.5323	-0.2025
36	5	3.464	0	0	0.4989	0.6127
36	5	5.239	0	0	-0.1962	-0.05161
36	5	0.2337	0	0	-1.433	-0.1714
36	5	0.5637	1	0	-0.9288	0.6542
36	5	1.922	0	0	-0.4524	-0.2987
36	5	0.9214	1	1	1.735	0.2456
36	5	3.288	1	1	-0.2095	-0.1408
36	5	0.6297	0	1	0.4902	-0.4345
36	5	5.023	1	1	0.6753	-0.8199
36	5	1.991	1	1	-1.139	-0.7779
36	5	1.715	1	1	0.1992	-0.6569
36	5	5.451	1	1	0.3579	0.6335
36	5	0.779	1	1	0.1016	-0.6569
36	5	0.583	1	1	-0.4165	-1.044
36	5	5.292	0	0	-1.121	-0.8627
36	5	0.8257	0	0	-1.34	1.826
36	5	3.736	1	1	1.305	-0.1408
36	5	0.3746	1	0	0.1494	2.353
36	5	0.3819	0	1	1.232	0.9593
36	5	3.548	0	0	0.9286	-0.2987
36	5	1.013	0	0	-0.2893	-0.9513
36	5	0.3823	0	1	1.39	-0.0809
36	5	1.489	1	1	0.08247	-0.1106
36	5	5.553	0	0	-0.4167	-0.7367
36	5	0.7812	1	1	1.195	-0.8627
36	5	0.2928	1	0	0.4495	1.971
36	5	5.567	0	0	-0.4335	-0.2341
36	5	0.1886	1	1	1.041	-0.2341
36	5	3.75	1	1	-0.1221	-1.191
36	5	1.771	1	1	0.8372	0.2203
36	5	0.8223	1	0	-1.1	1.271
36	5	2.035	1	1	0.3755	1.445
36	5	1.866	0	0	-0.2438	0.005758
36	5	3.557	1	1	0.1684	2.146
36	5	5.401	1	1	-1.854	-1.191
36	5	3.652	0	0	0.2164	-0.8627
36	5	1.699	0	0	-0.9647	1.619
36	5	0.125	0	1	-0.4416	-0.4699
36	5	5.37	0	0	1.374	-0.8627
36	5	3.262	1	1	-0.5428	-0.4699
36	5	3.347	0	0	0.504	1.193
36	5	4.981	0	0	-1.543	-0.2341
36	5	3.739	1	0	0.6988	0.1947
36	5	0.2587	0	0	-0.4344	0.8688
37	5	1.778	0	1	3.132	0.3978
37	5	0.4899	0	0	-0.598	1.268
37	5	3.393	0	0	1.105	1.741
37	5	1.086	1	0	0.6348	-0.479
37	5	3.577	0	1	0.4239	-0.2851
37	5	1.971	0	0	-0.001869	0.5412
37	5	0.5928	1	1	2.096	-0.3385
37	5	3.893	0	1	0.5296	1.208
37	5	0.6233	0	0	-1.017	-1.691
37	5	3.796	1	1	1.276	-0.2851
37	5	5.443	0	0	1.295	-0.7945
37	5	5.469	0	1	-0.838	-0.3116
37	5	5.511	0	0	-1.071	-0.7945
37	5	0.8172	1	0	0.8608	0.3792
37	5	1.664	1	1	-0.29	-1.012
37	5	0.5962	1	0	0.6814	0.1818
37	5	5.32	0	0	0.7175	-0.5084
37	5	1.027	0	1	0.3631	-0.8291
37	5	3.393	1	1	-0.3068	-1.05
37	5	0.9886	1	0	-1.445	1.646
37	5	1.25	1	0	0.6639	0.6747
37	5	3.617	0	0	-0.2548	-0.5992
37	5	5.317	0	0	0.8419	0.7225
37	5	5.49	0	0	1.175	1.665
37	5	0.4048	1	0	-1.425	0.2229
37	5	2.313	1	1	0.6035	1.566
37	5	0.5597	1	1	-0.7504	1.954
37	5	4.926	0	1	0.07207	0.3792
37	5	1.892	0	1	0.9099	0.008244
37	5	0.9628	1	0	-0.4085	0.07517
37	5	4.909	0	0	-2.766	-1.486
37	5	3.478	1	0	0.009218	0.322
37	5	1.02	0	0	-0.7527	-0.9
37	5	3.604	0	1	0.5664	0.5238
37	5	0.1024	1	1	-0.1428	-1.256
37	5	0.9317	1	1	0.3594	1.406
37	5	1.729	1	1	-0.4937	-0.2851
37	5	3.557	1	1	0.04888	-1.391
37	5	0.311	1	1	-1.224	-1.3
37	5	1.065	1	1	-0.5246	-1.391
37	5	0.1819	0	0	0.06362	0.3792
37	5	3.81	1	0	-0.1571	0.5238
37	5	0.7861	0	1	-0.4289	-0.6304
37	5	1.354	1	0	1.14	0.7691
37	5	0.7457	1	1	0.01724	-0.1823
37	5	5.652	0	0	0.2747	-1.256
37	5	1.903	0	1	2.999	-0.6304
37	5	1.93	1	1	-0.6478	2.067
37	5	5.362	0	0	0.6706	-0.9365
38	5	0.8436	0	1	0.3366	-0.1339
38	5	1.237	1	1	-0.8383	0.3036
38	5	0.3995	0	0	-0.352	0.6125
38	5	1.509	1	1	0.4286	-1.142
38	5	0.6865	1	0	0.5452	1.055
38	5	0.2702	0	1	-0.448	0.9655
38	5	5.652	0	0	1.086	-0.7429
38	5	5.596	1	1	1.328	-1.359
38	5	0.5306	0	1	-0.1435	1.198
38	5	0.6081	0	0	-0.05941	1.487
38	5	1.647	0	0	-0.9387	-0.8651
38	5	5.341	0	0	1.099	-0.9521
38	5	0.9374	1	1	0.2984	-0.7826
38	5	0.4387	1	0	-0.9704	0.6771
38	5	3.425	1	1	-0.4174	0.7239
38	5	1.6	1	1	-0.3536	-0.7826
38	5	5.381	0	0	-0.63	-0.8651
38	5	1.19	1	0	0.08754	1.186
38	5	0.4213	1	1	-0.4745	-1.194
38	5	0.5143	0	0	-0.2324	-1.044
38	5	0.7071	0	1	0.09602	-0.5583
38	5	3.932	0	0	0.2862	0.1562
38	5	1.936	1	1	-0.6368	-0.5583
38	5	3.788	1	1	0.08495	-1.68
38	5	0.4981	0	0	0.1168	0.4747
38	5	3.81	1	1	-0.6068	0.5622
38	5	3.871	0	0	-0.7949	-0.3318
38	5	1.388	1	1	0.3549	0.3036
38	5	1.969	1	0	-1.116	1.81
38	5	5.275	1	0	0.8392	1.198
38	5	1.07	0	0	1.672	-0.1339
38	5	5.422	0	0	-1.066	-1.093
38	5	3.106	0	0	0.542	1.755
38	5	3.485	0	0	1.578	-0.8233
38	5	5.101	1	1	-0.3318	1.921
38	5	0.7553	0	1	-0.5724	0.2211
38	5	5.304	1	1	1.036	0.06536
38	5	0.9123	1	1	-0.009388	-1.359
38	5	1.599	0	1	0.06991	-0.4902
38	5	5.841	1	1	0.1752	-0.3318
38	5	3.604	0	0	-1.601	-0.3318
38	5	1.034	1	1	-1.047	-0.5936
38	5	3.341	1	1	-0.583	-0.9976
38	5	1.332	1	1	-1.715	0.1114
38	5	0.5931	1	1	0.01097	-1.194
38	5	1.094	0	0	0.878	-0.05617
38	5	1.671	0	1	0.8531	1.579
38	5	2.003	0	1	2.017	1.506
38	5	3.404	1	1	-1.15	-1.142
38	5	5.501	1	1	0.4462	1.665
39	5	1.654	1	0	1.628	0.5022
39	5	5.741	1	1	0.1634	-1.232
39	5	5.394	1	1	0.9929	-1.379
39	5	0.9196	0	1	0.7385	-0.9357
39	5	1.592	0	1	0.9366	-0.3165
39	5	3.673	0	0	0.3218	-0.7897
39	5	0.8442	0	1	0.6457	0.6946
39	5	0.8493	0	0	1.853	-0.1949
39	5	0.8055	1	0	0.2002	0.8183
39	5	3.581	0	0	-0.751	-1.014
39	5	0.2769	0	0	-0.3353	0.3801
39	5	1.796	0	1	0.7193	-1.486
39	5	5.53	1	0	2.515	-0.3946
39	5	1.698	0	1	0.2406	0.9325
39	5	1.999	0	0	0.6358	-1.141
39	5	5.415	1	1	0.03905	-0.9357
39	5	5.473	1	1	-0.5455	-1.232
39	5	3.671	1	1	0.5286	1.059
39	5	5.376	1	1	1.902	1.36
39	5	5.503	0	0	-0.8577	-1.141
39	5	2.072	1	0	1.174	0.7328
39	5	5.198	1	1	1.143	-0.7217
39	5	2.047	1	1	1.419	1.448
39	5	3.41	0	0	-2.043	-1.186
39	5	1.092	1	1	-0.2032	-0.6251
39	5	4.926	1	0	-0.1632	0.4271
39	5	0.5416	0	1	1.127	0.3959
39	5	0.4914	1	0	0.9812	-0.2424
39	5	1.773	1	0	0.8968	-0.9357
39	5	0.5689	1	0	0.2907	-1.141
39	5	3.779	0	0	-2.25	-0.6566
39	5	0.9676	1	0	0.5513	-0.9357
39	5	3.407	0	1	1.057	-0.08236
39	5	0.4917	1	0	-0.2415	0.5168
39	5	3.434	0	1	0.2185	2.023
39	5	3.763	0	1	-0.6127	1.401
39	5	1.264	1	1	-0.4607	1.36
39	5	0.4703	0	0	1.825	0.315
39	5	3.744	0	0	0.9486	-0.6888
39	5	1.01	0	0	0.7585	0.3641
39	5	0.3576	0	0	0.5079	-0.449
39	5	5.033	1	1	0.9824	1.509
39	5	1.819	1	0	0.6422	-0.1949
39	5	1.746	1	1	0.7451	0.8535
39	5	0.8473	1	0	-0.2372	1.409
39	5	0.7208	0	0	-0.05127	-1.141
39	5	0.8872	0	1	1.018	-0.4769
39	5	0.7037	1	0	-0.1769	1.479
39	5	0.1601	0	1	-1.128	2.08
39	5	3.551	0	0	1.412	-0.3946
40	6	5.212	1	1	1.666	-1.075
40	6	0.7597	1	0	-0.009768	-0.8961
40	6	5.395	0	0	-0.3594	-0.8961
40	6	5.491	0	0	-0.5226	-0.2285
40	6	3.214	0	0	-0.3265	0.5019
40	6	0.6081	1	1	0.3078	-0.397
40	6	0.3109	0	0	-0.3247	0.6864
40	6	1.85	1	1	-0.1421	1.113
40	6	1.591	0	0	-0.3369	0.5831
40	6	0.6164	1	0	-0.7079	0.736
40	6	1.453	1	1	-0.3282	1.885
40	6	5.444	1	1	-1.316	0.035
40	6	0.03832	1	1	-0.8733	-0.1112
40	6	0.6075	0	0	-0.09105	1.938
40	6	2.058	1	1	0.1133	-0.0005177
40	6	1.719	0	0	0.7958	0.2669
40	6	1.68	1	1	-2.539	-1.138
40	6	5.288	0	0	-3.004	1.031
40	6	0.1756	1	0	-0.2555	-0.7854
40	6	0.9016	0	0	-0.5577	1.173
40	6	0.2402	0	0	-0.3806	1.412
40	6	0.6641	0	0	0.234	0.9884
40	6	4.107	0	0	0.01745	1.73
40	6	1.73	1	1	-0.05614	0.1378
40	6	5.528	1	1	-1.046	-1.075
40	6	0.4398	0	0	0.476	0.7604
40	6	3.71	1	1	-0.3789	-0.07358
40	6	0.683	1	1	-1.952	-1.138
40	6	3.475	0	0	0.8632	-0.1886
40	6	0.3107	1	1	-0.3538	-1.075
40	6	0.8685	0	1	-0.04427	1.529
40	6	1.913	0	0	-0.04278	0.4171
40	6	5.396	0	0	1.068	-0.6808
40	6	3.967	1	1	1.225	-1.739
40	6	3.512	0	0	0.07435	0.1378
40	6	0.3224	1	1	-0.8136	-1.013
40	6	3.865	1	1	-0.8866	-0.8961
40	6	5.304	1	1	0.3436	-1.653
40	6	1.062	0	1	1.015	-2.023
40	6	2.011	0	0	1.259	0.736
40	6	5.438	1	1	0.8993	-0.9539
40	6	3.674	1	1	0.3988	-0.487
40	6	0.9315	1	1	-0.09424	-0.397
40	6	5.615	1	1	-0.36	-0.2285
40	6	3.46	1	1	-1.767	0.035
40	6	1.743	1	1	-0.8838	-0.5337
40	6	1.623	0	0	0.3409	0.5831
40	6	3.7	0	0	2.898	1.898
40	6	1.108	0	1	-0.2743	-0.6305
41	6	1.769	1	1	2.589	-1.652
41	6	5.274	0	0	0.5315	-0.5186
41	6	1.754	0	0	0.3903	0.4741
41	6	0.5479	0	1	-0.6722	-0.7408
41	6	5.269	1	1	0.4824	-1.168
41	6	1.822	0	1	0.07848	1.247
41	6	4.992	1	1	-1.216	-0.7408
41	6	1.994	0	0	0.3875	1.153
41	6	1.846	1	0	0.6119	1.983
41	6	1.846	1	1	-0.9989	-1.229
41	6	5.376	1	1	-0.01672	-1.359
41	6	1.034	0	0	-0.00065	-0.3215
41	6	3.518	1	1	-0.214	2.181
41	6	0.4475	1	1	0.2315	-0.7888
41	6	0.3793	1	1	1.06	-2.104
41	6	0.7849	1	1	-0.08374	0.1355
41	6	0.9218	1	1	-0.7458	0.01661
41	6	1.949	0	1	1.152	0.4741
41	6	1.085	0	1	-0.793	-0.3977
41	6	0.1238	0	0	-0.3808	0.654
41	6	0.6976	0	1	-2.6	1.579
41	6	5.469	1	0	0.15	1.701
41	6	1.058	0	1	0.1035	0.6325
41	6	3.62	1	1	0.1622	-0.2846
41	6	0.423	0	0	0.3272	0.4502
41	6	0.8949	0	0	0.9163	1.502
41	6	5.181	1	1	0.4631	-0.5186
41	6	3.567	1	1	-0.3065	-0.5608
41	6	3.542	1	1	-0.3541	0.717
41	6	3.419	0	0	0.04052	-0.04599
41	6	5.154	0	0	1.021	-0.1109
41	6	0.593	0	1	1.221	1.962
41	6	1.864	1	1	0.4945	-0.5186
41	6	3.653	1	1	0.05918	-0.4371
41	6	5.745	0	0	-0.6572	-0.8381
41	6	1.484	0	0	0.8292	-0.2846
41	6	3.732	0	0	-0.5269	-0.07815
41	6	5.256	0	0	0.4243	-0.6485
41	6	0.4239	1	0	0.291	0.04709
41	6	0.5596	0	0	2.102	-0.694
41	6	0.6183	1	1	-1.01	-1.359
41	6	3.772	1	1	-0.1984	-1.229
41	6	1.172	0	0	0.04692	1.104
41	6	0.862	0	0	-0.07183	-0.213
41	6	3.747	1	1	1.509	0.9842
41	6	5.141	1	1	1.424	-0.3215
41	6	1.762	1	1	0.007331	-0.5608
41	6	1.3	0	0	1.625	1.292
41	6	3.659	0	0	1.367	-0.5186
41	6	0.6456	1	0	-0.8091	-0.04599
42	6	1.948	0	0	3.118	-0.2659
42	6	0.6239	1	0	1.215	-0.5125
42	6	3.717	0	0	1.071	-0.02051
42	6	5.731	0	0	-0.9016	0.06342
42	6	0.7517	1	1	0.7811	-0.6297
42	6	3.404	1	1	-0.1109	-0.4026
42	6	0.5456	0	1	-0.1707	0.9321
42	6	0.5572	1	0	0.7892	2.498
42	6	0.6261	0	0	-0.3766	1.729
42	6	1.815	0	0	1.518	0.2938
42	6	0.8912	0	0	0.726	-0.844
42	6	1.727	1	0	-1.45	0.1951
42	6	3.367	1	1	1.925	-0.07876
42	6	1.324	0	0	0.2319	-0.3674
42	6	3.495	0	0	0.2931	-0.5507
42	6	0.9553	1	1	0.8839	-0.7123
42	6	0.8661	1	0	-1.542	-0.5125
42	6	1.834	1	1	-0.4057	-0.02051
42	6	3.587	1	1	1.443	0.1173
42	6	0.7361	0	1	-0.7215	1.439
42	6	3.597	0	1	-1.145	0.8108
42	6	0.5097	1	1	-0.9723	1.138
42	6	0.531	1	1	0.007767	-1.088
42	6	1.636	0	0	1.03	-0.7551
42	6	1.383	1	1	-0.7184	-0.6705
42	6	5.503	1	1	-0.2464	-0.9375
42	6	0.5874	0	1	-0.7188	0.3176
42	6	1.747	0	1	-0.9122	2.069
42	6	3.577	0	0	1.696	0.2696
42	6	3.732	1	1	0.7446	-1.564
42	6	1.939	1	1	0.508	-1.433
42	6	0.6499	0	1	0.3146	-1.31
42	6	0.9974	1	1	-0.9253	-0.6705
42	6	3.784	0	1	-0.07056	0.03588
42	6	5.078	0	0	-0.01113	-0.4385
42	6	1.822	0	1	-2.186	2.051
42	6	0.8609	0	1	0.8161	0.2451
42	6	5.032	1	1	0.6341	0.8108
42	6	3.769	1	1	0.1733	-1.31
42	6	5.452	1	1	0.5686	-1.37
42	6	1.926	1	1	-0.6818	-0.1086
42	6	5.128	0	0	0.2446	-0.5898
42	6	0.4018	0	1	-1.177	1.652
42	6	0.3525	1	0	0.1513	1.014
42	6	1.152	1	1	-0.3928	-0.7551
42	6	5.287	1	1	-1.494	-1.497
42	6	5.509	0	0	1.225	-0.5125
42	6	5.325	0	0	0.1065	1.501
42	6	0.3236	1	0	0.3981	0.7375
42	6	5.481	0	0	-1.445	0.007908
43	6	3.717	1	1	3.212	-0.5865
43	6	3.692	0	0	-0.1932	-0.724
43	6	0.9965	1	1	-0.7855	-0.724
43	6	1.492	0	0	-0.9147	1.23
43	6	4.984	0	0	-0.343	-0.8732
43	6	3.556	1	1	-0.09727	-1.641
43	6	1.115	0	1	0.868	-1.154
43	6	0.901	1	1	-1.146	0.921
43	6	3.263	0	0	-0.4947	0.03841
43	6	1.926	1	1	-0.6266	-0.8221
43	6	0.5232	1	1	-1.605	-0.3787
43	6	5.119	1	1	0.01667	-1.036
43	6	0.8795	1	0	1.247	0.7014
43	6	0.9177	0	0	1.241	0.8443
43	6	0.8267	1	0	0.003736	1.507
43	6	3.37	1	1	0.009899	-0.5004
43	6	1.151	0	1	1.05	1.661
43	6	5.531	1	1	-0.07409	-0.4183
43	6	0.1478	1	0	-0.5968	1.757
43	6	3.574	1	1	-0.9858	0.8638
43	6	5.246	0	0	0.1519	-0.05698
43	6	5.46	1	1	-1.027	-1.416
43	6	3.325	1	1	1.615	-0.4183
43	6	3.697	0	1	0.4416	1.15
43	6	3.613	0	0	-1.585	1.611
43	6	5.357	1	1	0.1064	-1.154
43	6	1.127	0	1	-0.7783	0.1289
43	6	1.681	0	1	-0.9325	0.06909
43	6	0.8182	0	1	0.2613	-0.8221
43	6	1.784	1	1	-0.8346	-0.5004
43	6	0.3037	0	1	-0.556	1.277
43	6	1.742	0	1	0.6897	-0.05698
43	6	1.009	0	1	-0.1522	1.41
43	6	5.371	0	0	0.547	-0.6311
43	6	3.48	1	1	0.5427	-0.8732
43	6	1.879	1	1	-0.3227	-0.8732
43	6	1.163	0	1	0.2335	-0.5004
43	6	0.3224	0	0	0.6496	0.546
43	6	0.9524	0	1	0.3935	0.1581
43	6	1.829	1	1	-0.3818	-0.5865
43	6	0.1283	0	1	0.1715	-0.3399
43	6	1.714	0	0	0.2971	0.1868
43	6	5.321	1	1	0.1928	0.4989
43	6	0.6673	0	1	0.2731	2.815
43	6	2.128	0	1	-0.3744	-0.9802
43	6	5.34	0	0	-0.2267	-0.1928
43	6	0.276	0	0	-0.2178	1.547
43	6	1.693	1	1	-0.8484	-0.9802
43	6	0.5233	1	1	-0.5651	-0.5865
43	6	5.175	1	1	-0.242	-1.094
44	6	5.504	0	0	-0.8817	-0.4248
44	6	0.5926	1	1	1.477	-1.511
44	6	5.096	1	1	0.5474	-0.8792
44	6	0.6425	1	1	0.2773	0.1337
44	6	1.91	1	1	-0.4786	1.009
44	6	1.971	1	0	-1.252	2.023
44	6	1.838	1	1	0.7324	1.209
44	6	0.3458	1	1	0.1161	-1.356
44	6	1.264	0	1	-1.395	-0.4248
44	6	0.7297	0	1	1.118	2.215
44	6	3.788	0	0	-1.228	-0.3733
44	6	3.591	0	0	0.6203	0.1751
44	6	1.013	1	1	0.03099	-1.433
44	6	1.025	0	1	0.4786	-0.5858
44	6	5.309	1	1	-0.2284	-0.3733
44	6	2.022	1	1	0.1751	-0.08437
44	6	1.985	1	1	-0.5871	1.368
44	6	3.572	0	0	0.3283	0.5563
44	6	0.9266	1	1	1.812	-0.6992
44	6	1.655	0	1	-1.086	0.7275
44	6	5.363	1	1	-0.4345	-0.1771
44	6	0.8105	1	1	0.2919	2.023
44	6	4.059	1	1	1.009	-1.007
44	6	0.7422	0	1	-0.3912	0.5207
44	6	0.496	1	1	1.389	-0.1771
44	6	3.301	1	1	1.227	0.09152
44	6	0.4048	0	1	1.407	-0.2733
44	6	0.3493	0	1	0.5618	-0.3733
44	6	5.544	0	0	0.07587	0.3728
44	6	5.49	0	1	-0.7893	0.8566
44	6	0.7346	1	1	1.264	-0.2733
44	6	0.7296	0	1	0.1694	-0.9421
44	6	1.539	1	1	0.45	-0.5858
44	6	0.6354	0	1	0.4292	0.1337
44	6	1.086	0	1	-0.7518	1.922
44	6	3.608	1	1	0.8287	0.09152
44	6	5.422	1	1	1.255	-1.511
44	6	1.797	1	1	-0.0182	2.102
44	6	5.505	0	0	0.4044	-0.4248
44	6	1.874	0	1	0.2024	-0.5858
44	6	0.4949	1	1	-0.02846	-0.2733
44	6	1.143	0	0	1.327	1.29
44	6	3.581	0	0	-0.2363	-0.2733
44	6	1.805	1	1	-0.09132	-1.676
44	6	3.589	0	0	-0.4903	0.7928
44	6	5.43	0	0	0.9196	-0.03925
44	6	3.243	1	1	1.061	-1.141
44	6	3.796	0	1	1.482	-0.6992
44	6	0.8767	0	1	-1.284	-1.211
44	6	4.908	0	0	-2.033	0.1751
45	6	0.7806	0	1	1.017	-0.4969
45	6	5.502	1	1	-0.996	-2.01
45	6	1.685	1	1	-1.233	-0.593
45	6	5.731	1	1	-2.177	-1.153
45	6	0.8596	0	1	-1.328	0.6385
45	6	5.259	0	0	-0.3196	-0.2742
45	6	3.715	0	0	-0.7029	0.7193
45	6	1.033	1	1	0.8818	-1.826
45	6	1.676	1	1	-1.356	-0.07272
45	6	1.905	0	0	-1.084	-0.4969
45	6	3.433	0	1	0.6441	-0.7994
45	6	3.717	0	1	-0.442	-0.6937
45	6	0.3871	0	1	-0.3701	-0.593
45	6	0.7736	1	1	-0.545	0.4371
45	6	0.7095	0	0	1.823	0.2143
45	6	4.973	1	1	-0.6526	-1.218
45	6	5.727	1	1	0.8703	-0.7994
45	6	3.328	1	1	0.2664	-0.7994
45	6	5.536	0	0	0.1047	0.4066
45	6	5.271	0	0	-1.873	0.3445
45	6	0.2651	0	0	1.091	-0.405
45	6	0.5639	0	1	-0.06636	0.002778
45	6	0.3489	1	1	1.586	-0.2742
45	6	0.16	0	0	-0.02526	2.635
45	6	0.7329	1	1	0.1503	0.002778
45	6	3.962	1	1	-0.5081	0.07568
45	6	1.831	0	1	-0.6122	1.212
45	6	3.604	1	1	1.231	-0.7459
45	6	0.6943	1	0	-0.2677	1.68
45	6	1.635	0	0	-0.487	0.2476
45	6	3.963	0	0	0.02487	-0.151
45	6	3.856	0	1	-1.675	-0.4969
45	6	1.244	1	0	0.9766	-0.1913
45	6	1.711	1	1	-0.3937	0.07568
45	6	0.5462	0	1	1.891	2.313
45	6	0.4151	0	1	-0.7078	0.6658
45	6	0.902	0	1	-1.042	0.4966
45	6	5.75	1	1	1.434	0.03954
45	6	0.5221	0	1	-1.926	1.559
45	6	1.94	1	1	2.233	-0.6428
45	6	0.5206	1	1	-0.6131	-0.03464
45	6	1.646	1	1	-0.01075	-0.3169
45	6	5.256	0	0	1.37	0.4066
45	6	1.658	0	0	0.725	0.07568
45	6	5.194	1	1	-0.3473	-0.1913
45	6	0.9938	0	1	0.4582	2.313
45	6	3.723	1	1	1.307	-1.354
45	6	3.837	0	1	-0.4697	2.005
45	6	1.839	1	1	0.2386	-0.9686
45	6	0.8247	1	1	1.011	-0.9686
46	6	2.099	0	1	1.35	-0.2978
46	6	0.9408	0	0	1.201	0.4894
46	6	0.4934	1	1	2.159	-0.1166
46	6	5.105	1	1	0.7241	-0.3747
46	6	5.559	1	1	0.417	-0.9515
46	6	5.102	0	0	0.04442	0.787
46	6	3.72	0	0	-0.3415	-0.8046
46	6	1.794	0	1	1.256	0.9221
46	6	3.507	1	1	0.486	-0.4543
46	6	0.8675	0	1	-0.9728	0.05106
46	6	1.607	1	1	1.213	1.767
46	6	1.959	1	1	-1.103	-0.9515
46	6	3.676	0	0	0.8945	1.029
46	6	1.711	1	1	-0.3567	-1.164
46	6	1.877	1	1	-0.4244	-0.5368
46	6	5.457	1	1	-0.6905	-1.399
46	6	1.623	1	1	-0.007226	-1.22
46	6	0.4441	0	0	1.006	0.1766
46	6	1.241	0	1	1.232	0.9438
46	6	0.6939	0	1	0.5709	-0.7117
46	6	2.01	1	1	0.2568	-0.8046
46	6	5.103	1	1	-1.205	-1.055
46	6	3.517	1	1	-0.08723	-0.7117
46	6	3.909	0	1	0.5797	0.1147
46	6	0.9317	1	0	0.4411	2.563
46	6	5.762	0	1	0.546	-0.7117
46	6	2.05	0	1	-1.05	-0.7576
46	6	0.9905	0	0	0.8799	-0.4952
46	6	0.7681	0	1	0.5292	0.2369
46	6	1.835	1	0	-0.272	2.086
46	6	0.554	0	0	-1.037	-0.048
46	6	3.42	1	1	0.5592	1.284
46	6	0.4858	1	1	0.2843	1.07
46	6	3.696	1	1	-0.988	-0.048
46	6	0.5495	0	1	-0.9689	-0.9515
46	6	5.249	1	1	0.1881	1.008
46	6	0.2962	1	1	0.2871	0.2955
46	6	3.623	0	0	0.2455	2.829
46	6	0.472	1	1	-0.05496	-0.7576
46	6	0.7762	0	0	0.7748	-0.3747
46	6	3.545	1	1	-0.1992	-1.22
46	6	0.8996	0	0	-0.1848	0.6432
46	6	0.7635	0	0	-0.8865	-0.048
46	6	3.808	1	0	-0.9324	-0.3747
46	6	0.4483	1	1	0.02283	-1.003
46	6	5.469	0	0	0.7772	0.1459
46	6	0.2503	1	1	0.6384	-0.048
46	6	1.129	1	0	-0.7612	1.303
46	6	5.403	0	0	0.3527	-0.01449
46	6	5.3	0	0	0.0741	-1.338
47	6	3.708	1	1	2.178	-0.7026
47	6	0.798	0	0	-1.744	-1.184
47	6	3.537	1	1	0.4613	-2.234
47	6	3.594	0	0	0.4102	-0.04308
47	6	5.561	0	0	-0.8719	-1.184
47	6	1.606	1	1	1.389	-0.9035
47	6	5.318	1	1	-0.3552	-0.5183
47	6	0.2446	0	1	-1.435	0.9909
47	6	2.111	0	1	-1.796	1.303
47	6	0.8704	1	1	0.7852	0.225
47	6	1.043	1	1	0.4227	-0.3896
47	6	1.036	1	1	-0.9403	0.225
47	6	0.5512	1	1	0.8708	0.4923
47	6	5.165	0	0	0.1425	-0.4317
47	6	0.6919	1	1	0.12	1.322
47	6	1.024	0	0	-0.9164	1.434
47	6	1.821	1	1	-0.5425	2.599
47	6	0.6105	0	0	1.133	-0.655
47	6	3.303	1	1	-1.693	-0.7511
47	6	5.356	0	0	-1.453	0.06132
47	6	3.308	0	0	-0.8991	-0.8008
47	6	5.416	0	0	0.6014	-0.9035
47	6	0.4281	0	1	-1.248	1.057
47	6	0.8179	1	1	-0.2221	-0.5183
47	6	2.072	1	1	1.362	0.9229
47	6	0.3743	0	0	0.2527	-0.9568
47	6	5.481	0	0	-0.5127	-1.011
47	6	5.463	0	0	0.722	-1.067
47	6	0.3525	1	0	0.5742	-0.655
47	6	3.62	1	0	-1.135	2.079
47	6	0.3382	1	0	-0.76	1.967
47	6	5.399	1	1	0.9129	0.225
47	6	3.761	0	0	0.5797	-0.655
47	6	1.893	0	0	-0.06807	0.7054
47	6	1.986	0	0	0.1152	-0.1527
47	6	1.039	1	1	0.6135	-1.37
47	6	1.843	1	1	-0.6266	-0.3483
47	6	3.85	1	1	-0.7357	0.4356
47	6	1.59	0	0	0.1149	0.2564
47	6	0.4595	1	1	0.9651	-1.067
47	6	5.456	0	0	-0.9227	-0.8008
47	6	3.496	0	0	-0.03322	-0.2288
47	6	5.546	0	0	-1.131	-1.244
47	6	1.024	1	1	1.109	0.4067
47	6	1.818	0	0	0.964	0.02706
47	6	3.499	0	0	-1.142	0.8764
47	6	1.174	1	0	-0.5151	1.183
47	6	1.879	0	0	0.5833	0.5475
47	6	0.3624	0	0	-0.5027	0.6798
47	6	0.1879	1	0	-0.6542	0.7556
48	6	0.3345	1	1	-0.09093	-2.043
48	6	2.156	1	1	0.08249	0.1109
48	6	0.4468	1	1	-0.8473	-0.8522
48	6	3.513	1	0	0.4171	-0.0538
48	6	0.9518	0	1	-0.3238	-1.1
48	6	1.896	0	1	0.08413	-0.3047
48	6	0.2923	0	1	0.1714	0.2653
48	6	1.514	1	1	0.1717	0.1738
48	6	5.515	0	0	-1.591	-1.262
48	6	1.299	0	1	1.266	-0.0538
48	6	5.402	0	0	0.553	-1.754
48	6	0.7538	1	1	1.405	0.2653
48	6	1.78	1	1	0.5457	1.3
48	6	0.8344	0	1	-0.9561	-0.9484
48	6	3.252	1	1	-0.2793	1.358
48	6	1.883	0	0	1.532	1.052
48	6	5.216	0	0	1.063	1.116
48	6	3.742	1	1	1.908	0.1109
48	6	3.872	1	1	-0.4264	-0.4606
48	6	0.709	1	1	-0.6645	1.339
48	6	0.7649	0	1	-0.165	1.396
48	6	1.707	1	1	-0.07615	-0.8055
48	6	1.591	1	1	-0.1715	-0.5011
48	6	3.542	0	1	0.01097	1.936
48	6	1.654	1	1	-2.162	0.1738
48	6	1.863	0	0	-0.6539	0.6774
48	6	5.142	1	1	-0.7344	-0.8055
48	6	0.672	1	0	0.2494	-0.4207
48	6	5.397	0	0	0.9217	-1.262
48	6	3.563	0	1	0.0207	0.1738
48	6	3.48	0	0	-1.673	-0.6269
48	6	0.9356	1	1	0.05631	1.56
48	6	0.7048	1	1	-0.9398	0.3534
48	6	0.9487	0	1	-0.9872	1.377
48	6	0.9174	1	0	-0.3144	-0.5843
48	6	0.2165	0	1	-0.8851	-0.5423
48	6	0.6342	0	0	0.1942	-0.0538
48	6	0.5962	0	0	0.2424	0.8718
48	6	3.835	0	0	-0.3287	2.301
48	6	5.323	0	0	-0.09212	-0.5843
48	6	3.305	1	1	-0.4868	0.9181
48	6	0.2042	1	0	-0.6613	0.1738
48	6	5.455	0	0	0.5169	-0.194
48	6	1.764	0	1	-1.301	-0.3428
48	6	5.292	0	0	0.5289	-0.5843
48	6	0.3863	1	1	-0.2411	-0.8522
48	6	0.8121	0	0	0.7753	0.295
48	6	3.788	1	1	-0.6692	-1.558
48	6	5.523	0	0	0.2271	1.008
48	6	5.339	1	1	0.4338	-1.754
49	6	1.549	1	1	1.121	-1.022
49	6	1.713	1	1	-0.8276	-0.6671
49	6	5.357	0	1	-1.416	1.871
49	6	3.63	1	1	-1.172	0.4255
49	6	1.833	0	1	-1.848	1.52
49	6	1.758	0	1	0.347	0.8452
49	6	2.026	0	1	-0.929	0.2891
49	6	5.22	1	1	-0.35	0.1809
49	6	0.7658	1	1	-0.1065	-1.295
49	6	0.8086	1	1	0.6214	-0.4101
49	6	3.649	0	0	-1.082	0.8178
49	6	0.3966	1	1	0.5708	-0.7224
49	6	1.776	0	0	0.2887	1.288
49	6	0.7257	0	1	1.485	-0.7224
49	6	5.61	0	0	-0.1717	-0.4592
49	6	0.1678	1	1	0.19	2.246
49	6	0.9368	0	1	0.5064	-1.295
49	6	0.3305	1	0	0.7429	1.266
49	6	0.06586	1	1	-0.8091	-0.9585
49	6	3.654	1	1	1.255	-1.154
49	6	1.968	0	0	-0.584	0.6751
49	6	3.536	0	1	-0.3282	-0.8372
49	6	1.151	0	1	-0.01513	-0.6132
49	6	0.9985	0	0	1.172	1.48
49	6	0.3191	0	1	0.5846	0.1056
49	6	0.23	0	1	-0.2565	1.078
49	6	3.419	0	0	-0.1234	0.9517
49	6	5.012	0	0	-0.8466	-0.9585
49	6	5.5	0	0	-0.6496	-1.154
49	6	0.4541	1	1	0.8514	-0.2693
49	6	0.3274	0	0	-1.164	0.06702
49	6	3.343	1	1	-0.8027	-1.154
49	6	0.2743	1	0	0.2266	-1.154
49	6	1.766	1	1	-1.056	0.6154
49	6	1.017	1	1	0.727	-0.897
49	6	3.758	1	1	-0.3719	-0.3622
49	6	5.132	1	1	-0.03492	-0.09467
49	6	5.391	0	0	-0.09296	-0.3153
49	6	5.341	1	1	-1.063	-1.295
49	6	1.139	1	0	-0.166	0.1436
49	6	5.352	1	1	-0.9094	-1.154
49	6	3.769	0	0	-0.1891	1.102
49	6	0.6898	1	1	0.7447	2.003
49	6	0.9561	0	1	-0.004182	-0.4101
49	6	3.862	1	1	0.2604	-0.5607
49	6	1.004	0	1	-0.003058	-0.7224
49	6	3.56	0	0	0.3759	0.9517
49	6	5.448	1	1	-1.318	-1.154
49	6	2.074	1	0	0.4824	1.243
49	6	1.621	0	0	-0.04773	0.6455
