0	2	0.6562	0	1
0	2	5.493	0	1
0	2	3.702	0	0
0	2	5.433	1	1
0	2	0.547	0	1
0	2	5.781	0	0
0	2	1.016	1	1
0	2	0.9088	1	1
0	2	1.595	0	0
0	2	0.4951	0	1
0	2	1.899	0	1
0	2	1.163	1	1
0	2	3.497	0	0
0	2	1.792	0	1
0	2	0.1681	0	0
0	2	3.677	0	0
0	2	3.6	1	1
0	2	1.968	1	1
0	2	1.856	1	1
0	2	1.676	1	1
0	2	0.7555	1	1
0	2	2.031	0	0
0	2	3.748	1	1
0	2	3.679	0	0
0	2	0.3143	1	1
0	2	5.486	1	1
0	2	1.249	1	1
0	2	0.4615	0	1
0	2	3.832	1	1
0	2	5.089	1	1
0	2	1.142	1	1
0	2	5.433	1	1
0	2	1.69	0	0
0	2	0.4087	0	0
0	2	0.9125	1	0
0	2	4.064	0	1
0	2	3.675	0	0
0	2	1.601	0	0
0	2	5.094	0	0
0	2	0.3837	1	0
0	2	3.661	1	1
0	2	0.455	0	1
0	2	2.044	1	1
0	2	0.3262	1	1
0	2	0.8114	0	0
0	2	5.464	1	1
0	2	0.5515	1	1
0	2	0.6272	1	1
0	2	5.582	0	0
0	2	5.224	0	0
1	2	0.8046	0	1
1	2	3.349	0	0
1	2	2.18	0	0
1	2	1.688	1	1
1	2	5.135	1	1
1	2	0.5004	1	1
1	2	5.409	1	1
1	2	0.335	1	1
1	2	5.381	1	0
1	2	3.499	1	1
1	2	1.852	0	1
1	2	3.944	1	0
1	2	1.789	0	0
1	2	1.69	1	1
1	2	0.6084	0	0
1	2	3.823	1	1
1	2	0.9967	0	1
1	2	5.253	0	1
1	2	3.837	1	1
1	2	0.954	1	1
1	2	1.903	0	0
1	2	1.825	0	1
1	2	5.658	0	0
1	2	0.7352	1	1
1	2	0.9157	1	1
1	2	3.615	0	0
1	2	1.103	1	0
1	2	3.644	1	1
1	2	3.498	1	1
1	2	0.954	0	1
1	2	0.3007	0	1
1	2	5.401	1	1
1	2	0.1058	1	0
1	2	0.9747	1	1
1	2	2.04	1	1
1	2	2.132	0	0
1	2	3.193	0	0
1	2	0.3778	0	1
1	2	3.593	1	1
1	2	0.3321	0	0
1	2	0.3764	0	0
1	2	0.8399	0	1
1	2	5.375	0	0
1	2	5.422	0	0
1	2	5.11	1	1
1	2	1.168	0	0
1	2	0.5167	0	0
1	2	5.173	0	0
1	2	2.169	1	1
1	2	0.5898	1	1
2	2	1.999	0	1
2	2	0.6757	0	1
2	2	3.596	0	0
2	2	1.869	1	1
2	2	0.4938	0	1
2	2	1.005	1	1
2	2	5.462	0	0
2	2	3.601	1	1
2	2	1.822	1	1
2	2	1.507	0	0
2	2	0.809	0	1
2	2	1.722	1	1
2	2	5.301	1	1
2	2	0.6708	0	0
2	2	0.4426	0	1
2	2	3.832	1	1
2	2	5.501	1	1
2	2	2.026	0	1
2	2	0.3302	1	0
2	2	1.083	0	1
2	2	3.691	0	0
2	2	0.1526	1	0
2	2	0.2	0	1
2	2	0.8901	1	1
2	2	1.519	0	1
2	2	1.68	1	1
2	2	5.277	1	1
2	2	3.72	1	1
2	2	5.401	0	0
2	2	0.9991	1	1
2	2	5.375	1	1
2	2	4.128	1	1
2	2	2.002	0	0
2	2	1.664	0	1
2	2	3.657	0	0
2	2	0.9415	0	1
2	2	5.546	0	0
2	2	0.8041	0	1
2	2	0.9071	0	0
2	2	3.911	1	1
2	2	5.097	1	1
2	2	0.9684	0	1
2	2	3.628	1	1
2	2	0.8135	0	1
2	2	3.279	1	0
2	2	0.1253	1	1
2	2	5.056	1	1
2	2	5.294	1	1
3	2	3.835	0	1
3	2	0.3295	0	0
3	2	1.649	0	0
3	2	5.449	1	1
3	2	0.2737	0	1
3	2	5.423	1	1
3	2	5.42	1	1
3	2	5.477	1	1
3	2	3.897	1	1
3	2	1.537	0	0
3	2	0.8821	0	0
3	2	3.277	0	1
3	2	5.301	1	1
3	2	0.83	0	1
3	2	5.359	0	0
3	2	1.381	1	0
3	2	1.624	0	0
3	2	0.4004	0	1
3	2	3.562	1	1
3	2	3.448	0	1
3	2	3.654	1	1
3	2	0.8996	0	1
3	2	0.898	0	1
3	2	0.9405	1	1
3	2	0.431	1	1
3	2	4.997	0	0
3	2	1.78	0	0
3	2	1.691	0	0
3	2	5.493	0	0
3	2	1.173	0	1
3	2	0.3767	1	1
3	2	0.485	1	1
3	2	3.982	1	1
3	2	0.5157	1	1
3	2	1.969	0	0
3	2	0.2964	1	1
3	2	3.586	1	1
3	2	5.529	1	1
3	2	3.805	1	1
3	2	1.939	0	1
3	2	0.8985	1	1
3	2	1.542	1	0
3	2	5.428	1	1
3	2	0.3006	0	1
3	2	0.9738	0	0
3	2	3.498	1	1
3	2	0.7283	1	1
3	2	1.554	0	1
3	2	1.89	1	1
3	2	0.7473	0	0
4	2	5.302	1	1
4	2	3.616	0	0
4	2	1.864	0	0
4	2	0.664	0	0
4	2	3.43	1	1
4	2	3.64	0	0
4	2	0.6028	0	0
4	2	0.8038	0	1
4	2	3.872	0	1
4	2	0.5236	1	0
4	2	0.9113	1	1
4	2	0.7057	1	1
4	2	3.545	0	1
4	2	1.984	1	1
4	2	5.431	0	0
4	2	1.919	1	1
4	2	5.481	1	1
4	2	0.6136	1	1
4	2	0.9436	0	1
4	2	1.72	0	1
4	2	3.254	0	0
4	2	3.615	0	1
4	2	3.169	1	1
4	2	0.6159	1	0
4	2	3.678	1	0
4	2	1.931	1	0
4	2	2.103	0	1
4	2	1.631	1	1
4	2	1.908	1	1
4	2	3.552	1	1
4	2	5.539	0	0
4	2	0.9375	0	1
4	2	5.613	1	1
4	2	1.649	0	0
4	2	0.1744	1	1
4	2	5.53	0	0
4	2	0.6808	0	1
4	2	5.591	1	1
4	2	5.478	0	0
4	2	0.2382	0	0
4	2	1.27	1	1
4	2	0.6037	0	0
4	2	1.046	0	1
4	2	1.09	0	1
4	2	1.64	1	1
4	2	5.179	1	1
4	2	1.153	1	1
4	2	0.1671	1	1
4	2	5.598	0	0
4	2	0.6187	1	1
5	2	5.499	0	0
5	2	1.808	1	1
5	2	1.581	0	0
5	2	1.437	1	1
5	2	0.7819	0	1
5	2	0.127	0	1
5	2	3.553	0	1
5	2	0.414	1	1
5	2	1.334	1	1
5	2	0.4405	1	1
5	2	0.8688	1	1
5	2	5.299	1	1
5	2	1.029	1	1
5	2	1.746	0	1
5	2	0.3582	0	1
5	2	3.446	0	0
5	2	5.12	1	1
5	2	1.964	0	0
5	2	0.9822	1	0
5	2	5.804	0	0
5	2	5.713	0	0
5	2	0.9879	1	1
5	2	0.08456	0	1
5	2	0.7198	0	1
5	2	3.404	1	1
5	2	0.3851	0	0
5	2	2.023	0	1
5	2	3.715	1	1
5	2	4.007	0	1
5	2	5.136	0	0
5	2	3.717	1	0
5	2	3.718	0	1
5	2	1.799	1	0
5	2	3.391	0	1
5	2	1.123	1	1
5	2	1.523	1	1
5	2	0.6461	0	1
5	2	3.703	1	1
5	2	5.166	1	1
5	2	5.632	0	0
5	2	1.844	0	1
5	2	5.187	1	1
5	2	2.028	1	1
5	2	1.599	1	0
5	2	0.1637	0	1
5	2	0.6108	1	1
5	2	0.5049	1	0
5	2	5.077	0	0
5	2	0.8999	0	0
5	2	3.687	1	1
6	2	4.093	1	1
6	2	2.133	0	0
6	2	1.78	0	0
6	2	5.469	0	1
6	2	0.581	0	1
6	2	1.13	0	0
6	2	0.8551	0	1
6	2	0.3962	0	1
6	2	3.721	0	0
6	2	3.7	1	1
6	2	5.515	0	0
6	2	0.2926	0	0
6	2	5.794	1	1
6	2	0.8253	1	1
6	2	3.937	1	1
6	2	3.742	1	1
6	2	5.537	1	1
6	2	3.525	1	1
6	2	5.438	0	0
6	2	3.777	1	0
6	2	1.266	1	1
6	2	1.138	1	0
6	2	1.77	1	1
6	2	1.108	0	1
6	2	5.697	1	1
6	2	0.2608	0	1
6	2	0.7623	1	0
6	2	1.787	1	0
6	2	5.538	0	0
6	2	1.843	0	0
6	2	1.944	1	0
6	2	1.704	0	0
6	2	0.5373	0	1
6	2	0.8659	0	1
6	2	5.647	0	1
6	2	0.5543	1	1
6	2	5.603	1	0
6	2	1.728	1	1
6	2	0.5151	0	0
6	2	2.084	1	1
6	2	1.632	0	0
6	2	3.57	1	1
6	2	0.7047	1	0
6	2	0.8583	1	1
6	2	3.898	1	1
6	2	3.786	1	1
6	2	0.9505	0	1
6	2	0.5808	0	0
6	2	5.448	0	0
6	2	1.523	0	1
7	2	5.705	1	1
7	2	3.711	0	1
7	2	1.433	1	1
7	2	1.964	1	1
7	2	3.656	1	1
7	2	0.7143	1	1
7	2	0.5632	1	1
7	2	1.72	0	1
7	2	5.533	1	1
7	2	0.7032	0	0
7	2	1.052	0	1
7	2	5.255	0	0
7	2	4.061	0	0
7	2	0.3908	1	1
7	2	5.265	0	0
7	2	3.643	1	1
7	2	2.018	0	1
7	2	3.565	1	1
7	2	1.664	1	1
7	2	5.091	1	1
7	2	0.9921	1	0
7	2	2.355	0	0
7	2	0.3139	0	0
7	2	0.4724	0	1
7	2	5.294	0	0
7	2	1.187	0	1
7	2	1.604	0	0
7	2	5.488	0	0
7	2	0.3483	1	1
7	2	0.8158	1	1
7	2	0.9819	0	1
7	2	0.9798	1	1
7	2	4.054	0	0
7	2	3.713	1	1
7	2	0.4588	1	1
7	2	5.318	1	1
7	2	5.421	0	0
7	2	3.43	1	1
7	2	3.641	1	1
7	2	1.031	1	0
7	2	0.3852	0	1
7	2	3.659	0	0
7	2	0.3072	0	0
7	2	0.8316	0	0
7	2	5.164	1	1
7	2	1.619	0	0
7	2	0.5967	0	0
7	2	1.908	1	1
7	2	0.9445	1	1
7	2	1.757	0	1
8	2	3.644	0	0
8	2	5	0	0
8	2	3.587	1	1
8	2	2.126	0	1
8	2	5.58	1	1
8	2	5.845	0	0
8	2	0.8499	0	0
8	2	3.882	1	1
8	2	0.8254	1	1
8	2	1.648	1	1
8	2	5.595	0	0
8	2	3.328	0	0
8	2	0.9939	1	1
8	2	1.574	1	0
8	2	0.194	0	0
8	2	0.6695	0	0
8	2	5.025	1	1
8	2	3.764	0	0
8	2	0.3047	0	0
8	2	3.738	0	0
8	2	5.447	1	1
8	2	1.669	1	1
8	2	1.183	1	0
8	2	0.5237	1	0
8	2	3.693	1	0
8	2	5.564	1	1
8	2	1.558	1	1
8	2	0.3425	0	0
8	2	0.5602	1	1
8	2	0.8944	1	1
8	2	1.581	0	0
8	2	0.7767	1	1
8	2	3.787	0	0
8	2	5.499	0	0
8	2	5.289	1	1
8	2	2.153	1	1
8	2	1.948	1	0
8	2	0.3831	1	0
8	2	0.7132	0	0
8	2	1.82	1	1
8	2	3.472	0	0
8	2	0.1004	0	0
8	2	0.7921	1	0
8	2	3.762	0	0
8	2	5.625	1	1
8	2	0.8645	0	1
8	2	0.4298	0	0
8	2	1.139	0	0
8	2	1.763	0	0
8	2	0.3925	0	1
9	2	0.5951	1	1
9	2	0.9458	1	1
9	2	0.9903	0	0
9	2	0.6329	1	1
9	2	0.7405	1	0
9	2	0.5425	0	1
9	2	1.776	1	0
9	2	2.213	0	1
9	2	5.318	0	0
9	2	3.283	0	0
9	2	1.812	0	0
9	2	3.69	0	0
9	2	0.9863	0	1
9	2	0.2706	1	1
9	2	5.208	0	0
9	2	5.314	1	1
9	2	2.932	0	0
9	2	1.072	1	0
9	2	0.7039	1	1
9	2	5.33	1	1
9	2	3.397	1	1
9	2	5.035	1	1
9	2	1.887	0	0
9	2	2.033	1	0
9	2	0.7567	1	0
9	2	3.466	1	1
9	2	1.102	0	1
9	2	3.55	0	0
9	2	2.014	0	1
9	2	5.671	1	1
9	2	0.2207	0	1
9	2	3.477	0	0
9	2	0.6087	0	1
9	2	0.5057	1	1
9	2	0.7508	0	1
9	2	1.297	1	1
9	2	3.588	0	1
9	2	2.191	0	0
9	2	5.619	1	1
9	2	3.343	1	1
9	2	1.84	1	0
9	2	3.384	1	1
9	2	5.25	1	1
9	2	0.8837	0	0
9	2	1.592	0	0
9	2	0.8411	1	0
9	2	5.317	0	0
9	2	5.22	1	1
9	2	2.143	0	0
9	2	0.5018	0	0
10	3	0.661	0	0
10	3	5.494	0	0
10	3	3.704	0	0
10	3	5.442	1	1
10	3	0.5495	0	1
10	3	5.78	0	0
10	3	1.02	1	1
10	3	0.9116	1	1
10	3	1.597	0	1
10	3	0.4914	0	1
10	3	1.899	0	0
10	3	1.163	1	0
10	3	3.501	0	0
10	3	1.795	0	0
10	3	0.1677	0	1
10	3	3.684	0	1
10	3	3.605	1	1
10	3	1.964	1	1
10	3	1.721	1	1
10	3	1.627	1	0
10	3	0.9376	1	1
10	3	1.546	0	0
10	3	3.692	1	1
10	3	3.678	0	0
10	3	0.3101	1	0
10	3	5.495	1	1
10	3	1.252	1	1
10	3	0.4616	0	1
10	3	3.836	1	1
10	3	5.091	1	1
10	3	1.141	1	1
10	3	5.441	1	1
10	3	1.693	0	0
10	3	0.41	0	0
10	3	0.9092	1	0
10	3	4.064	0	0
10	3	3.68	0	0
10	3	1.594	0	1
10	3	5.1	0	0
10	3	0.3775	1	1
10	3	3.658	1	1
10	3	0.4574	0	0
10	3	2.04	1	1
10	3	0.3317	1	1
10	3	0.8176	0	0
10	3	5.47	1	1
10	3	0.5481	1	1
10	3	0.6282	1	1
10	3	5.581	0	0
10	3	5.229	0	0
11	3	0.8023	0	1
11	3	3.352	0	0
11	3	2.186	0	1
11	3	1.692	1	1
11	3	5.135	1	1
11	3	0.5011	1	0
11	3	5.412	1	1
11	3	0.3321	1	0
11	3	5.382	1	0
11	3	3.395	1	1
11	3	2.033	0	1
11	3	3.644	1	1
11	3	1.936	0	0
11	3	1.883	1	1
11	3	0.5163	0	1
11	3	3.808	1	1
11	3	0.8641	0	1
11	3	5.345	0	1
11	3	3.764	1	1
11	3	0.9653	1	1
11	3	1.933	0	0
11	3	2.198	0	0
11	3	5.353	0	0
11	3	0.735	1	0
11	3	0.9169	1	1
11	3	3.617	0	1
11	3	1.093	1	1
11	3	3.649	1	1
11	3	3.493	1	1
11	3	0.952	0	0
11	3	0.3067	0	1
11	3	5.401	1	0
11	3	0.1093	1	0
11	3	0.9752	1	1
11	3	2.045	1	1
11	3	2.133	0	1
11	3	3.194	0	0
11	3	0.3755	0	0
11	3	3.6	1	1
11	3	0.338	0	0
11	3	0.3718	0	0
11	3	0.8456	0	0
11	3	5.372	0	0
11	3	5.426	0	0
11	3	5.11	1	1
11	3	1.164	0	0
11	3	0.5222	0	1
11	3	5.177	0	0
11	3	2.17	1	1
11	3	0.5936	1	0
12	3	2.002	0	1
12	3	0.6837	0	1
12	3	3.6	0	1
12	3	1.871	1	1
12	3	0.4902	0	1
12	3	1.01	1	1
12	3	5.467	0	0
12	3	3.601	1	1
12	3	1.819	1	1
12	3	1.507	0	1
12	3	0.8053	0	0
12	3	1.724	1	1
12	3	5.312	1	1
12	3	0.6729	0	0
12	3	0.4439	0	1
12	3	3.831	1	1
12	3	5.503	1	1
12	3	2.025	0	1
12	3	0.3351	1	0
12	3	1.086	0	1
12	3	3.689	0	1
12	3	0.1574	1	0
12	3	0.5649	0	1
12	3	0.4497	0	0
12	3	1.11	1	1
12	3	1.871	0	0
12	3	1.873	1	1
12	3	5.547	1	1
12	3	3.864	1	1
12	3	5.181	0	0
12	3	1.086	1	1
12	3	5.59	1	1
12	3	3.107	1	1
12	3	1.95	0	0
12	3	1.663	0	1
12	3	3.657	0	1
12	3	0.9435	0	1
12	3	5.545	0	0
12	3	0.8013	0	1
12	3	0.9077	0	0
12	3	3.916	1	1
12	3	5.097	1	1
12	3	0.9699	0	0
12	3	3.636	1	0
12	3	0.8232	0	0
12	3	3.448	1	0
12	3	0.1278	1	1
12	3	5.06	1	1
12	3	5.299	1	1
12	3	0.8289	1	0
13	3	3.834	0	0
13	3	0.3307	0	0
13	3	1.648	0	0
13	3	5.459	1	1
13	3	0.2765	0	0
13	3	5.423	1	1
13	3	5.417	1	1
13	3	5.481	1	1
13	3	3.897	1	1
13	3	1.536	0	0
13	3	0.8838	0	0
13	3	3.271	0	0
13	3	5.305	1	1
13	3	0.8258	0	0
13	3	5.356	0	0
13	3	1.382	1	1
13	3	1.632	0	1
13	3	0.4025	0	0
13	3	3.566	1	1
13	3	3.448	0	0
13	3	3.657	1	1
13	3	0.9015	0	0
13	3	0.8982	0	0
13	3	0.9322	1	0
13	3	0.4306	1	1
13	3	4.997	0	0
13	3	1.783	0	1
13	3	1.695	0	0
13	3	5.498	0	1
13	3	1.168	0	1
13	3	0.3802	1	0
13	3	0.4855	1	1
13	3	3.988	1	1
13	3	0.5122	1	1
13	3	1.969	0	0
13	3	0.2979	1	0
13	3	3.584	1	1
13	3	5.535	1	1
13	3	3.801	1	1
13	3	1.952	0	0
13	3	0.901	1	0
13	3	1.543	1	0
13	3	5.435	1	1
13	3	0.3028	0	1
13	3	0.9739	0	1
13	3	3.501	1	1
13	3	0.7551	1	0
13	3	1.763	0	0
13	3	1.517	1	0
13	3	0.9553	0	0
14	3	5.611	1	1
14	3	3.658	0	0
14	3	1.483	0	0
14	3	0.4993	0	0
14	3	3.402	1	1
14	3	4.163	0	1
14	3	0.6346	0	1
14	3	1.11	0	1
14	3	3.65	0	1
14	3	0.5817	1	1
14	3	1.026	1	0
14	3	0.2415	1	1
14	3	3.983	0	1
14	3	1.574	1	1
14	3	5.333	0	0
14	3	1.874	1	1
14	3	5.499	1	1
14	3	0.8085	1	1
14	3	0.739	0	0
14	3	1.573	0	0
14	3	3.703	0	0
14	3	3.828	0	0
14	3	3.744	1	1
14	3	1.086	1	1
14	3	3.62	1	1
14	3	1.972	1	1
14	3	1.743	0	0
14	3	1.434	1	0
14	3	1.656	1	1
14	3	3.795	1	1
14	3	5.006	0	0
14	3	0.9879	0	0
14	3	5.132	1	1
14	3	1.515	0	0
14	3	0.4573	1	1
14	3	5.51	0	0
14	3	1.061	0	1
14	3	5.028	1	1
14	3	5.593	0	0
14	3	0.2383	0	1
14	3	0.8321	1	1
14	3	0.4255	0	0
14	3	0.8685	0	0
14	3	0.6843	0	1
14	3	1.723	1	0
14	3	5.388	1	1
14	3	1.023	1	1
14	3	0.1286	1	1
14	3	5.602	0	0
14	3	0.6171	1	0
15	3	5.503	0	0
15	3	1.812	1	1
15	3	1.582	0	0
15	3	1.441	1	0
15	3	0.7855	0	1
15	3	0.1307	0	1
15	3	3.563	0	1
15	3	0.4098	1	0
15	3	1.349	1	1
15	3	0.4397	1	1
15	3	0.8799	1	0
15	3	5.3	1	1
15	3	1.032	1	0
15	3	1.734	0	1
15	3	0.3376	0	1
15	3	3.705	0	1
15	3	5.129	1	1
15	3	1.97	0	0
15	3	0.9828	1	1
15	3	5.807	0	0
15	3	5.715	0	0
15	3	0.9885	1	1
15	3	0.08401	0	0
15	3	0.715	0	1
15	3	3.409	1	1
15	3	0.3884	0	1
15	3	2.023	0	0
15	3	3.719	1	1
15	3	4.012	0	0
15	3	5.14	0	0
15	3	3.724	1	1
15	3	3.718	0	0
15	3	1.8	1	1
15	3	3.39	0	0
15	3	1.124	1	0
15	3	1.52	1	1
15	3	0.6433	0	1
15	3	3.697	1	1
15	3	5.164	1	0
15	3	5.635	0	0
15	3	1.843	0	0
15	3	5.183	1	1
15	3	2.031	1	0
15	3	1.601	1	1
15	3	0.1563	0	0
15	3	0.6053	1	1
15	3	0.5061	1	1
15	3	5.076	0	0
15	3	0.9077	0	0
15	3	3.688	1	1
16	3	4.095	1	1
16	3	2.139	0	0
16	3	1.78	0	0
16	3	5.47	0	0
16	3	0.5854	0	0
16	3	1.133	0	0
16	3	0.8593	0	1
16	3	0.3964	0	0
16	3	3.728	0	0
16	3	3.7	1	1
16	3	5.512	0	0
16	3	0.2965	0	0
16	3	5.799	1	1
16	3	0.8284	1	1
16	3	3.936	1	1
16	3	3.742	1	1
16	3	5.535	1	1
16	3	3.525	1	1
16	3	5.436	0	0
16	3	3.783	1	1
16	3	1.268	1	0
16	3	1.141	1	1
16	3	1.772	1	1
16	3	1.111	0	0
16	3	5.705	1	1
16	3	0.2604	0	1
16	3	0.7639	1	0
16	3	1.788	1	1
16	3	5.54	0	0
16	3	1.848	0	1
16	3	1.944	1	1
16	3	1.708	0	0
16	3	0.5367	0	0
16	3	0.8674	0	0
16	3	5.655	0	0
16	3	0.5542	1	0
16	3	5.607	1	0
16	3	1.729	1	0
16	3	0.5147	0	1
16	3	2.086	1	1
16	3	1.631	0	1
16	3	3.57	1	1
16	3	0.7071	1	0
16	3	0.8632	1	1
16	3	3.907	1	1
16	3	3.796	1	1
16	3	0.9449	0	0
16	3	0.5869	0	0
16	3	5.452	0	0
16	3	1.526	0	1
17	3	5.708	1	0
17	3	3.717	0	0
17	3	1.431	1	1
17	3	1.969	1	1
17	3	3.65	1	1
17	3	0.7194	1	1
17	3	0.5634	1	0
17	3	1.723	0	1
17	3	5.538	1	1
17	3	0.7013	0	1
17	3	1.054	0	0
17	3	5.256	0	0
17	3	4.068	0	0
17	3	0.3847	1	0
17	3	5.264	0	0
17	3	3.645	1	1
17	3	2.02	0	0
17	3	3.571	1	1
17	3	1.667	1	0
17	3	5.088	1	1
17	3	0.9871	1	1
17	3	2.36	0	0
17	3	0.3117	0	0
17	3	0.4658	0	1
17	3	5.298	0	0
17	3	1.195	0	1
17	3	1.605	0	0
17	3	5.494	0	0
17	3	0.348	1	1
17	3	0.8141	1	0
17	3	0.9841	0	0
17	3	0.9742	1	1
17	3	4.063	0	0
17	3	3.714	1	1
17	3	0.4665	1	1
17	3	5.322	1	1
17	3	5.424	0	0
17	3	3.434	1	1
17	3	3.646	1	1
17	3	1.029	1	0
17	3	0.3819	0	1
17	3	3.664	0	0
17	3	0.3108	0	0
17	3	0.8384	0	0
17	3	5.176	1	1
17	3	1.62	0	0
17	3	0.6002	0	1
17	3	1.906	1	1
17	3	0.9491	1	1
17	3	1.759	0	1
18	3	3.647	0	0
18	3	4.999	0	0
18	3	3.598	1	1
18	3	2.127	0	0
18	3	5.581	1	1
18	3	5.851	0	0
18	3	0.8559	0	0
18	3	3.883	1	1
18	3	0.824	1	1
18	3	1.654	1	1
18	3	5.601	0	0
18	3	3.334	0	0
18	3	0.989	1	1
18	3	1.578	1	1
18	3	0.196	0	0
18	3	0.6698	0	0
18	3	5.033	1	1
18	3	3.766	0	0
18	3	0.3023	0	0
18	3	3.741	0	0
18	3	5.45	1	1
18	3	1.671	1	1
18	3	1.179	1	1
18	3	0.5238	1	1
18	3	3.7	1	1
18	3	5.562	1	1
18	3	1.561	1	0
18	3	0.3447	0	1
18	3	0.5597	1	0
18	3	0.8987	1	1
18	3	1.579	0	0
18	3	0.7788	1	1
18	3	3.79	0	0
18	3	5.498	0	0
18	3	5.29	1	1
18	3	2.15	1	1
18	3	1.942	1	1
18	3	0.3899	1	1
18	3	0.7116	0	0
18	3	1.818	1	1
18	3	3.477	0	1
18	3	0.09818	0	1
18	3	0.7929	1	1
18	3	3.762	0	0
18	3	5.632	1	1
18	3	0.8619	0	0
18	3	0.4289	0	0
18	3	1.147	0	0
18	3	1.762	0	0
18	3	0.3968	0	0
19	3	0.5881	1	0
19	3	0.9451	1	1
19	3	0.9887	0	0
19	3	0.6339	1	0
19	3	0.997	1	0
19	3	0.1362	0	1
19	3	1.701	1	0
19	3	1.71	0	0
19	3	5.215	0	0
19	3	3.292	0	0
19	3	1.81	0	0
19	3	3.698	0	0
19	3	0.9905	0	0
19	3	0.2697	1	1
19	3	5.212	0	0
19	3	5.312	1	1
19	3	2.931	0	0
19	3	1.067	1	1
19	3	0.7037	1	1
19	3	5.331	1	1
19	3	3.397	1	1
19	3	5.046	1	1
19	3	1.888	0	0
19	3	2.046	1	1
19	3	0.7559	1	1
19	3	3.471	1	1
19	3	1.098	0	1
19	3	3.549	0	0
19	3	2.011	0	0
19	3	5.669	1	1
19	3	0.2134	0	0
19	3	3.48	0	0
19	3	0.6085	0	0
19	3	0.4967	1	0
19	3	0.7553	0	1
19	3	1.295	1	1
19	3	3.595	0	0
19	3	2.198	0	1
19	3	5.618	1	1
19	3	3.341	1	1
19	3	1.842	1	1
19	3	3.388	1	1
19	3	5.25	1	1
19	3	0.8821	0	1
19	3	1.587	0	0
19	3	0.8406	1	1
19	3	5.323	0	0
19	3	5.221	1	1
19	3	2.147	0	0
19	3	0.5084	0	1
20	4	0.2659	0	0
20	4	5.532	0	1
20	4	1.66	0	1
20	4	5.365	1	1
20	4	0.2342	0	0
20	4	5.461	0	0
20	4	0.5269	1	1
20	4	0.5886	1	0
20	4	1.269	0	1
20	4	0.367	0	0
20	4	0.9062	0	1
20	4	0.4615	1	1
20	4	1.747	0	0
20	4	0.6329	0	0
20	4	0.2688	0	1
20	4	2.059	0	1
20	4	1.854	1	1
20	4	0.788	1	0
20	4	0.757	1	0
20	4	0.6905	1	1
20	4	0.2028	1	1
20	4	1.008	0	0
20	4	1.742	1	1
20	4	1.867	0	0
20	4	0.4111	1	0
20	4	5.528	1	1
20	4	0.364	1	0
20	4	0.01252	0	1
20	4	2.046	1	1
20	4	5.644	1	1
20	4	0.5329	1	1
20	4	5.67	1	1
20	4	0.8113	0	0
20	4	0.2897	0	0
20	4	0.4083	1	1
20	4	1.942	0	1
20	4	1.932	0	0
20	4	0.8324	0	1
20	4	5.294	0	0
20	4	0.6763	1	1
20	4	1.692	1	1
20	4	0.1412	0	1
20	4	0.6415	1	1
20	4	0.004328	0	1
20	4	0.4556	0	0
20	4	5.453	1	1
20	4	0.08948	1	1
20	4	5.917	0	0
20	4	5.536	0	0
21	4	0.386	0	0
21	4	1.467	0	0
21	4	1.006	0	0
21	4	1.063	1	1
21	4	5.524	1	1
21	4	0.4493	1	0
21	4	5.348	1	1
21	4	0.3868	1	0
21	4	5.216	1	1
21	4	1.69	1	1
21	4	0.5129	0	1
21	4	1.86	1	0
21	4	0.9528	0	1
21	4	0.9051	1	0
21	4	0.02743	0	0
21	4	1.826	1	1
21	4	0.3324	0	0
21	4	5.391	0	0
21	4	1.843	1	1
21	4	0.5349	1	1
21	4	0.7274	0	0
21	4	0.976	0	0
21	4	5.311	0	0
21	4	0.5721	1	1
21	4	0.5281	1	0
21	4	1.806	0	0
21	4	0.2083	1	1
21	4	1.811	1	1
21	4	1.747	1	0
21	4	0.2947	0	1
21	4	0.06106	0	1
21	4	5.834	1	1
21	4	0.1602	1	1
21	4	0.1446	1	0
21	4	1.313	1	1
21	4	1.234	0	0
21	4	2.186	0	0
21	4	0.141	0	0
21	4	1.591	1	1
21	4	0.1615	0	0
21	4	0.3751	0	0
21	4	0.5278	0	0
21	4	5.731	0	0
21	4	5.386	0	0
21	4	5.47	1	1
21	4	0.9148	0	0
21	4	0.2653	0	0
21	4	5.259	0	0
21	4	0.7849	1	1
21	4	0.2999	1	1
22	4	0.9036	0	0
22	4	0.244	0	1
22	4	1.343	0	1
22	4	0.627	1	1
22	4	0.1457	0	1
22	4	0.3691	1	1
22	4	5.486	0	0
22	4	1.735	1	1
22	4	1.041	1	1
22	4	0.6935	0	1
22	4	0.2777	1	1
22	4	0.8708	1	1
22	4	5.682	1	1
22	4	0.0167	1	0
22	4	0.2956	0	1
22	4	1.628	1	0
22	4	5.207	1	1
22	4	1.128	0	0
22	4	0.01254	0	1
22	4	0.3674	0	0
22	4	1.888	0	0
22	4	0.06881	0	0
22	4	0.3108	0	1
22	4	0.3438	0	0
22	4	0.5135	1	1
22	4	1.205	0	1
22	4	1.126	1	1
22	4	5.617	1	1
22	4	1.883	1	1
22	4	5.145	0	0
22	4	0.3306	1	0
22	4	5.657	1	1
22	4	1.82	1	0
22	4	0.8646	0	0
22	4	0.8422	0	1
22	4	1.461	0	1
22	4	0.447	0	0
22	4	5.135	0	0
22	4	0.4908	0	1
22	4	0.2355	0	1
22	4	2.088	1	1
22	4	5.471	1	1
22	4	0.0552	0	1
22	4	2.221	1	1
22	4	0.4178	0	0
22	4	1.976	1	0
22	4	0.3569	1	1
22	4	5.551	1	1
22	4	5.35	1	1
22	4	0.1896	1	1
23	4	1.784	0	1
23	4	0.00828	0	0
23	4	1.021	0	0
23	4	5.437	1	1
23	4	0.08343	0	0
23	4	5.479	1	1
23	4	5.903	1	1
23	4	5.605	1	1
23	4	1.48	1	1
23	4	0.7823	0	0
23	4	0.2696	0	0
23	4	1.963	0	0
23	4	5.228	1	1
23	4	0.6251	0	0
23	4	5.585	0	0
23	4	0.1924	1	0
23	4	1.294	0	1
23	4	0.3208	0	0
23	4	2.204	1	1
23	4	2.331	0	1
23	4	1.868	1	1
23	4	0.374	0	0
23	4	0.8529	0	1
23	4	0.7178	1	1
23	4	0.4432	1	1
23	4	5.633	0	0
23	4	0.8799	0	0
23	4	1.048	0	0
23	4	5.2	0	0
23	4	0.6654	0	0
23	4	0.1001	1	0
23	4	0.003971	0	1
23	4	2.043	1	0
23	4	0.119	1	1
23	4	0.517	0	0
23	4	0.4155	1	0
23	4	1.881	1	1
23	4	5.464	1	1
23	4	1.775	1	1
23	4	0.9061	0	1
23	4	0.4782	1	0
23	4	1.393	1	0
23	4	5.571	1	1
23	4	0.5002	0	1
23	4	0.7769	0	1
23	4	2.047	1	1
23	4	0.2069	1	0
23	4	1.038	0	0
23	4	1.132	1	1
23	4	0.4975	0	0
24	4	5.428	1	1
24	4	1.62	0	1
24	4	1.108	0	0
24	4	0.2363	0	1
24	4	1.787	1	0
24	4	1.738	0	1
24	4	0.3045	0	1
24	4	0.5592	0	1
24	4	1.861	0	1
24	4	0.03442	0	1
24	4	0.3766	1	0
24	4	0.07373	0	1
24	4	1.886	0	0
24	4	1.047	1	0
24	4	5.626	0	0
24	4	1.08	1	0
24	4	5.229	1	1
24	4	0.2362	1	1
24	4	0.5737	0	0
24	4	0.9133	0	1
24	4	1.423	0	0
24	4	2.263	0	0
24	4	1.808	1	1
24	4	0.04367	0	1
24	4	1.726	1	1
24	4	0.9178	1	1
24	4	0.6451	0	0
24	4	1.04	1	1
24	4	1.193	1	1
24	4	1.898	1	0
24	4	5.595	0	0
24	4	0.8168	0	0
24	4	5.813	1	1
24	4	1.023	0	1
24	4	0.412	1	1
24	4	5.034	0	0
24	4	0.9281	0	1
24	4	5.302	1	1
24	4	5.738	0	0
24	4	0.4395	0	0
24	4	0.5318	1	1
24	4	0.454	0	0
24	4	0.2769	0	1
24	4	0.6185	0	0
24	4	1.202	1	0
24	4	5.606	1	1
24	4	0.1675	0	1
24	4	0.2544	1	0
24	4	5.236	0	0
24	4	0.02436	1	1
25	4	5.591	0	0
25	4	0.6442	1	1
25	4	0.9741	0	0
25	4	0.8632	1	1
25	4	0.3681	0	0
25	4	0.2215	0	1
25	4	1.863	0	1
25	4	0.1069	0	0
25	4	0.6697	1	1
25	4	0.2327	1	1
25	4	0.6168	1	0
25	4	5.485	1	1
25	4	0.6559	1	1
25	4	0.9342	0	1
25	4	0.2899	0	1
25	4	2.034	0	0
25	4	5.376	1	1
25	4	0.8729	0	0
25	4	0.4567	1	0
25	4	5.484	0	0
25	4	5.456	0	0
25	4	0.6509	1	1
25	4	0.04611	0	1
25	4	0.4794	0	1
25	4	1.907	1	1
25	4	0.3191	0	1
25	4	1.106	0	0
25	4	1.572	1	0
25	4	1.915	0	1
25	4	5.575	0	0
25	4	2.014	1	0
25	4	1.817	0	0
25	4	0.8237	1	1
25	4	1.719	0	1
25	4	0.4688	1	1
25	4	0.5746	1	1
25	4	0.4335	0	1
25	4	1.647	1	1
25	4	5.846	1	1
25	4	5.686	0	0
25	4	1.044	0	0
25	4	5.484	1	1
25	4	0.8387	1	0
25	4	1.045	1	0
25	4	0.4956	0	1
25	4	0.3095	1	1
25	4	0.1302	0	0
25	4	5.269	0	0
25	4	0.1949	0	1
25	4	1.958	1	1
26	4	2.168	1	0
26	4	0.8058	0	0
26	4	0.8158	0	1
26	4	5.35	0	1
26	4	0.04436	1	1
26	4	0.4902	0	1
26	4	0.5097	0	0
26	4	0.02348	1	1
26	4	1.897	0	0
26	4	2.08	1	1
26	4	5.204	0	0
26	4	0.1913	0	1
26	4	5.251	1	1
26	4	0.7241	1	1
26	4	2.116	1	0
26	4	1.853	1	1
26	4	5.441	1	1
26	4	2.003	1	1
26	4	5.409	0	0
26	4	1.814	1	1
26	4	0.5055	1	1
26	4	0.2643	1	1
26	4	0.9431	1	1
26	4	0.4392	0	0
26	4	5.499	1	1
26	4	0.4475	1	1
26	4	0.1667	1	1
26	4	0.8989	1	1
26	4	5.799	0	0
26	4	0.8169	0	0
26	4	1.239	1	0
26	4	0.6089	0	0
26	4	0.4149	0	1
26	4	0.3975	0	1
26	4	5.959	0	0
26	4	0.02417	1	0
26	4	5.498	1	1
26	4	0.8718	1	1
26	4	0.2656	0	1
26	4	0.7473	1	1
26	4	1.098	0	0
26	4	2.297	1	0
26	4	0.4929	1	0
26	4	0.4926	1	0
26	4	1.789	1	1
26	4	1.593	1	0
26	4	0.4763	0	1
26	4	0.2676	0	0
26	4	5.642	0	0
26	4	0.7408	0	1
27	4	5.418	1	1
27	4	1.904	0	0
27	4	1.287	1	0
27	4	0.9284	1	0
27	4	1.985	1	1
27	4	0.4716	1	1
27	4	0.2184	1	1
27	4	0.6896	0	1
27	4	5.349	1	1
27	4	0.3028	0	1
27	4	0.6308	0	1
27	4	5.587	0	0
27	4	1.747	0	0
27	4	0.09127	0	1
27	4	5.779	0	1
27	4	1.756	1	1
27	4	0.902	0	0
27	4	1.696	1	1
27	4	1.053	1	1
27	4	5.358	1	1
27	4	0.2191	1	0
27	4	0.8451	0	1
27	4	0.17	0	0
27	4	0.198	0	0
27	4	5.323	0	0
27	4	0.5554	0	1
27	4	0.5518	0	1
27	4	5.416	0	0
27	4	0.2323	0	0
27	4	0.1367	1	1
27	4	0.1954	0	1
27	4	0.1004	1	1
27	4	1.882	0	0
27	4	1.989	1	0
27	4	0.08786	1	1
27	4	5.27	1	1
27	4	5.453	0	0
27	4	1.576	1	1
27	4	1.8	1	1
27	4	0.02896	1	0
27	4	0.01105	1	1
27	4	1.811	0	0
27	4	0.3561	0	0
27	4	0.4501	0	1
27	4	5.49	1	1
27	4	0.7938	0	1
27	4	0.5494	0	1
27	4	0.7737	1	0
27	4	0.4637	1	1
27	4	0.8435	0	0
28	4	1.764	0	0
28	4	5.452	0	0
28	4	2.156	1	1
28	4	1.407	0	1
28	4	5.371	1	1
28	4	5.631	0	0
28	4	0.7258	0	1
28	4	2.197	1	1
28	4	0.3071	1	1
28	4	0.9301	1	1
28	4	5.202	0	1
28	4	2.047	0	1
28	4	0.7198	1	0
28	4	1.019	1	1
28	4	0.2369	0	1
28	4	0.0172	0	0
28	4	5.482	1	1
28	4	1.503	0	0
28	4	0.1285	0	0
28	4	1.345	0	0
28	4	5.4	1	1
28	4	0.936	1	1
28	4	0.1751	1	1
28	4	0.08049	0	1
28	4	1.624	1	1
28	4	5.907	1	1
28	4	1.058	1	1
28	4	0.4088	0	0
28	4	0.4827	1	1
28	4	0.4779	1	1
28	4	0.8684	0	1
28	4	0.0224	1	1
28	4	1.52	0	0
28	4	5.187	0	0
28	4	5.234	1	1
28	4	0.7655	1	0
28	4	1.146	1	1
28	4	0.2605	1	0
28	4	0.3314	0	1
28	4	0.7284	1	1
28	4	1.911	0	0
28	4	0.4429	0	1
28	4	0.1661	1	0
28	4	1.781	0	0
28	4	5.376	1	1
28	4	0.6138	0	1
28	4	0.2737	0	1
28	4	0.4763	0	0
28	4	1.119	0	1
28	4	0.2085	0	0
29	4	0.2427	1	1
29	4	0.4275	1	0
29	4	0.1555	0	1
29	4	0.1587	1	1
29	4	0.6885	1	1
29	4	0.3339	0	1
29	4	1.058	1	1
29	4	1.131	0	1
29	4	5.281	0	0
29	4	1.485	0	0
29	4	0.6482	0	1
29	4	1.916	0	0
29	4	0.5174	0	1
29	4	0.4139	1	1
29	4	5.161	0	1
29	4	5.41	1	1
29	4	1.973	0	0
29	4	0.1645	1	0
29	4	0.1845	1	1
29	4	5.019	1	1
29	4	1.966	1	1
29	4	5.258	1	1
29	4	0.5486	0	1
29	4	0.4385	1	1
29	4	0.6283	1	1
29	4	2.458	1	0
29	4	0.7282	0	1
29	4	1.995	0	1
29	4	1.132	0	1
29	4	5.362	1	1
29	4	0.01567	1	0
29	4	2.069	0	0
29	4	0.6046	0	1
29	4	0.4385	1	1
29	4	0.3254	0	1
29	4	0.5711	1	1
29	4	1.433	0	1
29	4	0.872	0	0
29	4	5.602	1	1
29	4	1.829	1	1
29	4	0.866	1	1
29	4	1.366	1	1
29	4	5.231	1	1
29	4	0.3492	0	0
29	4	0.8811	0	1
29	4	0.5802	1	1
29	4	5.807	0	0
29	4	5.459	1	1
29	4	0.9444	0	0
29	4	0.1092	0	0
30	5	0.2668	0	0
30	5	5.535	0	0
30	5	1.656	0	0
30	5	5.366	1	1
30	5	0.237	0	0
30	5	5.46	0	0
30	5	0.5265	1	1
30	5	0.5881	1	1
30	5	1.269	0	1
30	5	0.3673	0	1
30	5	0.9023	0	1
30	5	0.4568	1	1
30	5	1.736	0	1
30	5	0.6313	0	1
30	5	0.2621	0	1
30	5	2.056	0	1
30	5	1.857	1	1
30	5	0.7887	1	1
30	5	0.761	1	1
30	5	0.6878	1	1
30	5	0.2007	1	1
30	5	1.011	0	1
30	5	1.733	1	1
30	5	1.866	0	0
30	5	0.4124	1	1
30	5	5.527	1	1
30	5	0.3937	1	1
30	5	0.008704	0	0
30	5	2.042	1	1
30	5	5.636	1	1
30	5	0.5329	1	1
30	5	5.662	1	1
30	5	0.8093	0	1
30	5	0.2914	0	1
30	5	0.4139	1	1
30	5	1.948	0	1
30	5	1.936	0	0
30	5	0.8315	0	0
30	5	5.288	0	0
30	5	0.6685	1	1
30	5	1.691	1	1
30	5	0.141	0	1
30	5	0.6387	1	0
30	5	0.002237	0	1
30	5	0.4515	0	1
30	5	5.452	1	1
30	5	0.2889	1	1
30	5	0.09253	1	1
30	5	5.921	0	0
30	5	5.535	0	0
31	5	0.3874	0	1
31	5	1.467	0	0
31	5	1.005	0	1
31	5	1.063	1	1
31	5	5.52	1	1
31	5	0.4486	1	1
31	5	5.344	1	1
31	5	0.3864	1	0
31	5	5.217	1	1
31	5	1.687	1	1
31	5	0.514	0	1
31	5	1.859	1	1
31	5	0.9521	0	1
31	5	0.9067	1	1
31	5	0.02931	0	1
31	5	1.832	1	1
31	5	0.3348	0	0
31	5	5.389	0	0
31	5	1.84	1	1
31	5	0.5384	1	1
31	5	0.7291	0	1
31	5	0.9697	0	1
31	5	5.312	0	0
31	5	0.5712	1	0
31	5	0.525	1	1
31	5	1.798	0	0
31	5	0.2074	1	1
31	5	1.81	1	1
31	5	1.747	1	1
31	5	0.2892	0	1
31	5	0.05922	0	1
31	5	5.827	1	1
31	5	0.1553	1	1
31	5	0.1367	1	0
31	5	1.308	1	0
31	5	1.239	0	0
31	5	2.188	0	0
31	5	0.1344	0	0
31	5	1.589	1	1
31	5	0.1623	0	0
31	5	0.3721	0	0
31	5	0.5297	0	1
31	5	5.73	0	0
31	5	5.388	0	0
31	5	5.467	1	1
31	5	0.914	0	0
31	5	0.2668	0	1
31	5	5.251	0	0
31	5	0.7771	1	1
31	5	0.2743	1	1
32	5	0.9047	0	0
32	5	0.2464	0	1
32	5	1.345	0	1
32	5	0.6266	1	0
32	5	0.1472	0	1
32	5	0.3732	1	1
32	5	5.482	0	0
32	5	1.734	1	1
32	5	1.042	1	1
32	5	0.6963	0	1
32	5	0.245	1	0
32	5	0.8174	1	1
32	5	5.528	1	1
32	5	0.09805	0	1
32	5	0.2933	0	1
32	5	1.573	1	1
32	5	5.45	1	1
32	5	0.6078	0	1
32	5	0.3621	1	1
32	5	0.237	0	0
32	5	1.576	0	1
32	5	0.5389	1	1
32	5	0.0171	0	1
32	5	0.03181	0	0
32	5	0.4827	1	1
32	5	0.8686	0	1
32	5	1.152	1	1
32	5	5.547	1	1
32	5	1.884	1	1
32	5	5.144	0	0
32	5	0.3251	1	0
32	5	5.661	1	1
32	5	1.824	1	1
32	5	0.8591	0	0
32	5	0.8361	0	0
32	5	1.465	0	1
32	5	0.4475	0	1
32	5	5.13	0	0
32	5	0.4939	0	1
32	5	0.2384	0	0
32	5	2.087	1	1
32	5	5.468	1	1
32	5	0.05678	0	1
32	5	2.223	1	1
32	5	0.4201	0	0
32	5	1.976	1	0
32	5	0.3558	1	1
32	5	5.559	1	1
32	5	5.348	1	1
32	5	0.1876	1	1
33	5	1.79	0	0
33	5	0.01216	0	0
33	5	1.023	0	0
33	5	5.434	1	1
33	5	0.08788	0	1
33	5	5.479	1	1
33	5	5.897	1	1
33	5	5.603	1	1
33	5	1.482	1	1
33	5	0.7805	0	1
33	5	0.2697	0	0
33	5	1.959	0	1
33	5	5.225	1	1
33	5	0.6276	0	1
33	5	5.583	0	0
33	5	0.1866	1	0
33	5	1.292	0	1
33	5	0.3198	0	1
33	5	2.202	1	1
33	5	2.326	0	1
33	5	1.864	1	1
33	5	0.3749	0	0
33	5	0.8539	0	1
33	5	0.7137	1	0
33	5	0.4458	1	1
33	5	5.629	0	0
33	5	0.8764	0	0
33	5	1.045	0	0
33	5	5.201	0	0
33	5	0.6789	0	0
33	5	0.09714	1	0
33	5	0.0002327	0	1
33	5	2.038	1	1
33	5	0.116	1	1
33	5	0.5086	0	0
33	5	0.409	1	1
33	5	1.878	1	1
33	5	5.467	1	1
33	5	1.78	1	1
33	5	0.9108	0	1
33	5	0.482	1	0
33	5	1.397	1	1
33	5	5.576	1	1
33	5	0.5062	0	1
33	5	0.7817	0	1
33	5	2.045	1	1
33	5	0.2089	1	0
33	5	1.037	0	0
33	5	1.131	1	0
33	5	0.502	0	0
34	5	5.432	1	1
34	5	1.615	0	0
34	5	1.106	0	1
34	5	0.2419	0	0
34	5	1.785	1	1
34	5	1.737	0	0
34	5	0.3014	0	1
34	5	0.5573	0	1
34	5	1.859	0	1
34	5	0.03602	0	0
34	5	0.3786	1	1
34	5	0.07361	0	0
34	5	1.889	0	1
34	5	1.046	1	1
34	5	5.627	0	1
34	5	1.08	1	0
34	5	5.227	1	1
34	5	0.2367	1	1
34	5	0.5737	0	0
34	5	0.9093	0	0
34	5	1.413	0	0
34	5	2.265	0	0
34	5	1.814	1	1
34	5	0.04787	0	0
34	5	1.727	1	1
34	5	0.9193	1	1
34	5	0.6418	0	0
34	5	1.04	1	1
34	5	1.189	1	1
34	5	1.903	1	1
34	5	5.596	0	0
34	5	0.8156	0	1
34	5	5.812	1	1
34	5	1.027	0	1
34	5	0.4183	1	0
34	5	5.03	0	0
34	5	0.9277	0	0
34	5	5.304	1	1
34	5	5.734	0	0
34	5	0.4377	0	1
34	5	0.5314	1	1
34	5	0.4531	0	0
34	5	0.2819	0	1
34	5	0.6163	0	1
34	5	1.202	1	1
34	5	5.603	1	1
34	5	0.1625	0	1
34	5	0.2521	1	0
34	5	5.233	0	0
34	5	0.0281	1	0
35	5	5.589	0	0
35	5	0.6432	1	1
35	5	0.9709	0	1
35	5	0.8639	1	1
35	5	0.3694	0	0
35	5	0.2148	0	1
35	5	1.865	0	1
35	5	0.1089	0	0
35	5	0.6672	1	1
35	5	0.1935	1	1
35	5	0.6136	1	1
35	5	5.481	1	1
35	5	0.653	1	1
35	5	0.9379	0	1
35	5	0.2856	0	0
35	5	2.038	0	1
35	5	5.379	1	1
35	5	0.8744	0	1
35	5	0.4549	1	1
35	5	5.484	0	0
35	5	5.451	0	0
35	5	0.6513	1	0
35	5	0.04518	0	1
35	5	0.4827	0	1
35	5	1.905	1	1
35	5	0.3163	0	1
35	5	1.103	0	0
35	5	1.575	1	1
35	5	1.912	0	1
35	5	5.575	0	0
35	5	1.736	1	1
35	5	1.841	0	0
35	5	1.229	1	1
35	5	1.959	0	1
35	5	0.4083	1	1
35	5	0.5734	1	1
35	5	0.4327	0	1
35	5	1.648	1	1
35	5	5.85	1	1
35	5	5.682	0	0
35	5	1.045	0	1
35	5	5.481	1	1
35	5	0.837	1	1
35	5	0.7261	1	0
35	5	0.5357	0	1
35	5	0.4514	1	1
35	5	0.2782	0	1
35	5	5.663	0	0
35	5	0.01813	0	1
35	5	2.285	1	1
36	5	2.205	1	1
36	5	0.6666	0	1
36	5	0.89	0	0
36	5	5.56	0	0
36	5	0.2027	0	1
36	5	0.1642	0	1
36	5	0.5573	0	0
36	5	0.05347	1	0
36	5	2.115	0	0
36	5	2.082	1	1
36	5	5.207	0	0
36	5	0.1869	0	0
36	5	5.248	1	1
36	5	0.7258	1	1
36	5	2.113	1	1
36	5	1.854	1	1
36	5	5.435	1	1
36	5	1.999	1	1
36	5	5.412	0	0
36	5	1.81	1	1
36	5	0.5022	1	0
36	5	0.263	1	1
36	5	0.9449	1	1
36	5	0.4454	0	1
36	5	5.501	1	1
36	5	0.4442	1	1
36	5	0.167	1	1
36	5	0.8967	1	1
36	5	5.799	0	0
36	5	0.8138	0	1
36	5	1.241	1	1
36	5	0.6066	0	1
36	5	0.4087	0	0
36	5	0.4023	0	1
36	5	5.953	0	0
36	5	0.02714	1	1
36	5	5.493	1	1
36	5	0.8686	1	1
36	5	0.2707	0	0
36	5	0.7467	1	1
36	5	1.098	0	1
36	5	2.293	1	1
36	5	0.485	1	1
36	5	0.4925	1	1
36	5	1.79	1	1
36	5	1.59	1	1
36	5	0.4789	0	1
36	5	0.2658	0	1
36	5	5.637	0	0
36	5	0.7408	0	0
37	5	5.423	1	1
37	5	1.904	0	0
37	5	1.289	1	1
37	5	0.9333	1	0
37	5	1.987	1	1
37	5	0.4726	1	0
37	5	0.2164	1	1
37	5	0.6894	0	0
37	5	5.355	1	1
37	5	0.3036	0	1
37	5	0.6335	0	0
37	5	5.59	0	0
37	5	1.743	0	0
37	5	0.08819	0	1
37	5	5.779	0	0
37	5	1.755	1	1
37	5	0.906	0	0
37	5	1.698	1	1
37	5	1.055	1	1
37	5	5.351	1	1
37	5	0.2208	1	1
37	5	0.8398	0	1
37	5	0.1667	0	1
37	5	0.1957	0	1
37	5	5.324	0	0
37	5	0.5495	0	0
37	5	0.5544	0	1
37	5	5.413	0	0
37	5	0.2332	0	0
37	5	0.1381	1	1
37	5	0.1955	0	0
37	5	0.09895	1	0
37	5	1.881	0	1
37	5	1.986	1	0
37	5	0.08641	1	0
37	5	5.264	1	1
37	5	5.453	0	0
37	5	1.581	1	1
37	5	1.801	1	0
37	5	0.02546	1	1
37	5	0.01557	1	0
37	5	1.816	0	0
37	5	0.356	0	0
37	5	0.4525	0	0
37	5	5.482	1	1
37	5	0.7956	0	0
37	5	0.5491	0	0
37	5	0.7705	1	1
37	5	0.4641	1	1
37	5	0.842	0	0
38	5	1.765	0	1
38	5	5.45	0	0
38	5	2.154	1	1
38	5	1.406	0	0
38	5	5.373	1	1
38	5	5.631	0	0
38	5	0.7231	0	0
38	5	2.198	1	1
38	5	0.3088	1	0
38	5	0.9316	1	1
38	5	5.199	0	1
38	5	2.046	0	1
38	5	0.7231	1	1
38	5	1.02	1	1
38	5	0.2379	0	1
38	5	0.01487	0	1
38	5	5.469	1	1
38	5	1.504	0	0
38	5	0.1289	0	1
38	5	1.342	0	1
38	5	5.399	1	1
38	5	0.9363	1	1
38	5	0.1706	1	1
38	5	0.08554	0	1
38	5	1.624	1	1
38	5	5.908	1	1
38	5	1.064	1	1
38	5	0.412	0	1
38	5	0.4816	1	1
38	5	0.4811	1	1
38	5	0.8668	0	0
38	5	0.02508	1	1
38	5	1.526	0	1
38	5	5.185	0	0
38	5	5.233	1	1
38	5	0.7632	1	0
38	5	1.151	1	0
38	5	0.2611	1	0
38	5	0.3393	0	0
38	5	0.7256	1	1
38	5	1.911	0	0
38	5	0.4486	0	0
38	5	0.1599	1	0
38	5	1.778	0	1
38	5	5.382	1	1
38	5	0.6088	0	0
38	5	0.2726	0	1
38	5	0.4775	0	0
38	5	1.123	0	0
38	5	0.2139	0	1
39	5	0.2399	1	0
39	5	0.4304	1	0
39	5	0.1557	0	0
39	5	0.1523	1	0
39	5	0.6883	1	1
39	5	0.3375	0	0
39	5	1.057	1	1
39	5	1.131	0	0
39	5	5.279	0	0
39	5	1.483	0	0
39	5	0.6476	0	0
39	5	1.912	0	0
39	5	0.521	0	1
39	5	0.4096	1	1
39	5	5.158	0	0
39	5	5.405	1	1
39	5	1.973	0	1
39	5	0.1662	1	1
39	5	0.1846	1	0
39	5	5.027	1	1
39	5	1.954	1	1
39	5	5.26	1	1
39	5	0.5439	0	1
39	5	0.4329	1	0
39	5	0.6295	1	1
39	5	2.459	1	0
39	5	0.7323	0	1
39	5	1.993	0	1
39	5	1.132	0	1
39	5	5.357	1	1
39	5	0.01509	1	1
39	5	2.074	0	1
39	5	0.6068	0	0
39	5	0.4368	1	0
39	5	0.3261	0	0
39	5	0.5725	1	1
39	5	1.43	0	0
39	5	0.8632	0	1
39	5	5.602	1	1
39	5	1.828	1	0
39	5	0.8676	1	1
39	5	1.366	1	1
39	5	5.217	1	1
39	5	0.3523	0	0
39	5	0.8759	0	1
39	5	0.5835	1	0
39	5	5.806	0	0
39	5	5.459	1	1
39	5	0.9441	0	0
39	5	0.1077	0	0
40	6	0.2652	0	0
40	6	5.532	0	0
40	6	1.657	0	1
40	6	5.364	1	1
40	6	0.2351	0	0
40	6	5.459	0	0
40	6	0.5239	1	1
40	6	0.5874	1	0
40	6	1.272	0	1
40	6	0.3632	0	1
40	6	0.9009	0	0
40	6	0.4533	1	0
40	6	1.733	0	0
40	6	0.6336	0	1
40	6	0.2643	0	1
40	6	2.054	0	1
40	6	1.855	1	1
40	6	0.7852	1	1
40	6	0.7616	1	1
40	6	0.6844	1	1
40	6	0.2028	1	1
40	6	1.011	0	0
40	6	1.732	1	1
40	6	1.866	0	0
40	6	0.4097	1	0
40	6	5.527	1	1
40	6	0.3841	1	1
40	6	0.00964	0	1
40	6	2.043	1	1
40	6	5.633	1	1
40	6	0.5342	1	0
40	6	5.659	1	1
40	6	0.8107	0	0
40	6	0.2916	0	0
40	6	0.4089	1	0
40	6	1.947	0	0
40	6	1.937	0	1
40	6	0.8307	0	1
40	6	5.288	0	0
40	6	0.6667	1	0
40	6	1.69	1	1
40	6	0.1455	0	0
40	6	0.6361	1	1
40	6	0.005127	0	1
40	6	0.45	0	0
40	6	5.455	1	1
40	6	0.2886	1	1
40	6	0.09124	1	0
40	6	5.923	0	0
40	6	5.533	0	0
41	6	0.3916	0	0
41	6	1.469	0	1
41	6	1.004	0	1
41	6	1.062	1	1
41	6	5.517	1	1
41	6	0.4544	1	1
41	6	5.337	1	1
41	6	0.393	1	1
41	6	5.214	1	1
41	6	1.686	1	1
41	6	0.5177	0	1
41	6	1.855	1	1
41	6	0.9498	0	1
41	6	0.9051	1	1
41	6	0.02248	0	1
41	6	1.827	1	1
41	6	0.3365	0	0
41	6	5.39	0	0
41	6	1.835	1	1
41	6	0.5419	1	1
41	6	0.7332	0	0
41	6	0.9703	0	0
41	6	5.317	0	0
41	6	0.5734	1	0
41	6	0.5287	1	0
41	6	1.795	0	1
41	6	0.2128	1	1
41	6	1.81	1	0
41	6	1.747	1	0
41	6	0.2906	0	1
41	6	0.05389	0	1
41	6	5.828	1	1
41	6	0.1524	1	0
41	6	0.1393	1	0
41	6	1.31	1	1
41	6	1.238	0	0
41	6	2.187	0	0
41	6	0.1424	0	0
41	6	1.589	1	1
41	6	0.1619	0	1
41	6	0.3691	0	0
41	6	0.5313	0	0
41	6	5.731	0	0
41	6	5.384	0	0
41	6	5.466	1	1
41	6	0.9187	0	0
41	6	0.2659	0	0
41	6	5.249	0	1
41	6	0.7814	1	1
41	6	0.2739	1	0
42	6	1.98	0	1
42	6	0.672	0	0
42	6	5.514	0	0
42	6	0.0182	1	1
42	6	0.6729	1	1
42	6	0.6603	0	0
42	6	0.8974	1	1
42	6	0.07774	1	0
42	6	0.3995	0	1
42	6	0.4042	0	1
42	6	0.8162	1	0
42	6	0.4901	0	0
42	6	0.7287	1	1
42	6	0.4249	1	1
42	6	1.776	0	1
42	6	5.308	1	1
42	6	0.8187	0	0
42	6	0.6643	1	1
42	6	1.195	0	1
42	6	1.437	1	0
42	6	5.556	0	0
42	6	5.501	1	1
42	6	1.922	1	1
42	6	0.2012	1	1
42	6	5.638	1	1
42	6	0.8435	0	0
42	6	5.371	1	1
42	6	0.8677	1	1
42	6	0.1898	0	1
42	6	0.6534	0	0
42	6	0.9292	1	1
42	6	0.5558	1	1
42	6	0.4239	0	0
42	6	5.426	0	0
42	6	0.7147	0	1
42	6	5.03	0	0
42	6	1.802	1	1
42	6	0.2319	1	0
42	6	1.625	0	1
42	6	5.595	0	0
42	6	1.807	0	0
42	6	0.07077	1	1
42	6	0.9915	1	1
42	6	2.202	1	1
42	6	0.2647	1	1
42	6	5.567	1	1
42	6	0.132	0	0
42	6	1.663	1	1
42	6	1.771	0	0
42	6	0.0933	1	1
43	6	1.943	0	0
43	6	0.2426	1	1
43	6	0.1886	0	0
43	6	1.528	1	0
43	6	0.01278	0	0
43	6	5.378	1	1
43	6	0.6767	1	0
43	6	0.6865	1	1
43	6	5.181	0	0
43	6	1.632	1	1
43	6	0.04146	1	1
43	6	0.3308	0	1
43	6	0.4523	0	1
43	6	1.048	0	0
43	6	0.08798	0	0
43	6	1.123	1	0
43	6	0.0794	0	1
43	6	1.587	0	0
43	6	0.4264	0	1
43	6	1.005	0	0
43	6	1.752	1	1
43	6	0.453	1	1
43	6	0.2889	1	1
43	6	0.7338	0	0
43	6	0.3961	1	1
43	6	5.533	0	0
43	6	5.469	1	1
43	6	5.3	1	1
43	6	0.6835	0	0
43	6	5.478	1	1
43	6	0.5464	0	0
43	6	1.383	0	0
43	6	0.3843	1	1
43	6	0.334	0	1
43	6	5.7	0	0
43	6	5.399	0	0
43	6	1.972	1	1
43	6	0.551	0	0
43	6	1.746	1	1
43	6	5.429	1	1
43	6	0.4574	0	0
43	6	0.2258	1	1
43	6	5.166	0	0
43	6	0.1304	1	1
43	6	1.725	1	1
43	6	0.1033	1	1
43	6	1.746	1	1
43	6	0.341	1	0
43	6	0.8754	1	1
43	6	1.131	1	0
44	6	0.5279	1	1
44	6	5.631	0	0
44	6	1.069	1	0
44	6	1.243	1	1
44	6	0.7861	1	0
44	6	1.834	0	0
44	6	0.4041	1	1
44	6	5.218	0	0
44	6	0.85	0	0
44	6	5.18	1	1
44	6	0.104	0	1
44	6	1.702	0	0
44	6	1.03	1	1
44	6	5.489	0	0
44	6	0.01748	1	1
44	6	0.7952	0	1
44	6	0.3365	0	1
44	6	1.435	0	0
44	6	1.669	1	1
44	6	0.9279	1	1
44	6	2.018	0	0
44	6	0.272	1	0
44	6	1.954	0	0
44	6	0.6108	1	1
44	6	0.326	0	0
44	6	0.2831	1	1
44	6	0.9929	0	1
44	6	1.166	1	1
44	6	5.121	1	1
44	6	0.2486	1	1
44	6	5.447	1	1
44	6	0.4481	0	0
44	6	1.844	0	1
44	6	0.3438	1	1
44	6	5.208	1	1
44	6	5.464	1	1
44	6	1.961	1	1
44	6	5.399	0	0
44	6	0.5586	1	1
44	6	0.00623	0	1
44	6	0.6769	0	0
44	6	0.1701	0	0
44	6	5.326	1	1
44	6	0.2855	0	1
44	6	0.388	1	1
44	6	0.6117	0	0
44	6	0.5552	0	1
44	6	0.1712	0	1
44	6	0.7042	0	1
44	6	1.588	0	1
45	6	0.03375	0	0
45	6	5.379	1	1
45	6	0.3677	1	1
45	6	0.5239	0	1
45	6	0.4633	0	1
45	6	1.658	0	0
45	6	2.137	1	1
45	6	5.336	0	0
45	6	0.5117	0	0
45	6	1.605	0	0
45	6	5.42	1	1
45	6	1.982	1	1
45	6	0.5554	1	1
45	6	0.8198	0	0
45	6	0.4097	0	1
45	6	0.3432	1	1
45	6	4.851	1	1
45	6	5.157	1	1
45	6	0.08703	0	0
45	6	5.487	0	0
45	6	0.654	0	1
45	6	5.476	0	0
45	6	0.5138	1	1
45	6	1.134	0	1
45	6	0.2074	0	1
45	6	0.6439	1	1
45	6	1.672	0	0
45	6	0.343	0	1
45	6	0.4695	0	1
45	6	5.709	0	0
45	6	1.608	0	1
45	6	0.5214	1	1
45	6	0.737	0	0
45	6	0.05906	1	1
45	6	0.3547	1	0
45	6	1.031	0	0
45	6	1.456	1	1
45	6	0.4633	1	1
45	6	1.099	1	1
45	6	5.188	1	1
45	6	1.863	1	1
45	6	0.9895	1	1
45	6	0.1449	1	1
45	6	1.818	0	0
45	6	0.7037	1	0
45	6	0.632	0	0
45	6	0.4862	0	0
45	6	1.058	1	1
45	6	1.752	0	0
45	6	5.095	1	1
46	6	5.744	0	0
46	6	1.893	0	0
46	6	0.9631	1	1
46	6	0.3523	1	1
46	6	0.008001	1	1
46	6	1.82	1	1
46	6	1.034	1	1
46	6	0.7511	0	0
46	6	0.5463	1	0
46	6	0.7746	0	1
46	6	1.726	0	1
46	6	0.2981	0	1
46	6	0.512	1	1
46	6	5.297	1	1
46	6	0.4785	0	1
46	6	0.02906	1	1
46	6	0.3795	0	0
46	6	0.2136	1	0
46	6	0.9135	0	1
46	6	0.8449	0	1
46	6	0.575	1	0
46	6	1.977	1	0
46	6	0.7329	0	1
46	6	5.188	0	0
46	6	0.08631	0	0
46	6	0.4986	0	1
46	6	1.905	0	1
46	6	1.873	1	1
46	6	0.2781	0	1
46	6	0.0433	1	1
46	6	0.7537	0	0
46	6	0.3401	0	1
46	6	1.788	1	1
46	6	5.472	0	0
46	6	5.616	1	1
46	6	5.545	0	0
46	6	1.512	1	0
46	6	0.4022	1	1
46	6	0.05848	1	1
46	6	1.367	1	1
46	6	5.468	1	1
46	6	0.7366	0	1
46	6	5.19	1	1
46	6	0.3128	1	1
46	6	5.172	1	1
46	6	0.605	1	0
46	6	5.024	1	1
46	6	0.4081	1	0
46	6	1.641	0	0
46	6	0.5979	0	0
47	6	0.5463	1	1
47	6	1.823	1	0
47	6	0.2927	1	0
47	6	0.5387	0	1
47	6	5.376	1	1
47	6	2.066	0	0
47	6	2.008	1	1
47	6	0.4506	0	0
47	6	0.558	0	0
47	6	0.2235	0	1
47	6	5.981	1	1
47	6	0.9688	0	0
47	6	2.085	1	0
47	6	0.4856	0	0
47	6	1.669	1	0
47	6	0.6024	0	0
47	6	0.2487	1	1
47	6	5.456	0	0
47	6	1.919	0	0
47	6	0.7669	0	0
47	6	0.4542	1	0
47	6	0.1977	0	1
47	6	5.34	0	0
47	6	0.9432	0	0
47	6	0.6943	1	1
47	6	0.8866	1	0
47	6	0.8607	1	1
47	6	0.7018	1	1
47	6	1.733	0	0
47	6	0.1166	1	1
47	6	0.08301	1	0
47	6	0.6266	1	0
47	6	0.7254	1	1
47	6	5.413	0	0
47	6	0.1279	0	0
47	6	1.987	1	1
47	6	5.295	1	1
47	6	0.3864	1	1
47	6	1.013	0	0
47	6	0.6095	0	1
47	6	0.1351	0	0
47	6	0.7073	1	0
47	6	1.696	0	0
47	6	0.2913	0	0
47	6	5.352	0	0
47	6	1.711	1	1
47	6	5.27	0	0
47	6	0.5874	0	1
47	6	5.374	0	0
47	6	5.548	1	1
48	6	0.09574	0	0
48	6	2.047	0	0
48	6	5.261	1	1
48	6	5.313	1	1
48	6	1.947	1	1
48	6	0.9279	1	1
48	6	1.609	1	1
48	6	5.316	0	0
48	6	0.0574	0	1
48	6	0.2929	0	1
48	6	0.3462	0	1
48	6	5.154	1	1
48	6	0.1843	0	0
48	6	5.515	0	0
48	6	5.443	0	0
48	6	0.5091	1	1
48	6	0.3241	0	1
48	6	0.4397	0	1
48	6	0.2308	0	1
48	6	0.6737	0	1
48	6	0.1225	1	1
48	6	0.3995	0	1
48	6	0.8509	0	0
48	6	0.8564	1	1
48	6	0.4513	1	1
48	6	0.1971	1	1
48	6	0.2762	1	1
48	6	1.279	0	0
48	6	1.018	0	0
48	6	1.806	0	1
48	6	1.726	0	0
48	6	0.1834	1	1
48	6	2.138	0	0
48	6	0.1411	1	0
48	6	1.064	1	1
48	6	1.834	0	1
48	6	1.413	0	1
48	6	5.386	1	1
48	6	0.3209	1	0
48	6	4.968	1	1
48	6	0.8895	0	0
48	6	1.767	1	1
48	6	1.138	1	1
48	6	2.416	1	0
48	6	1.001	0	0
48	6	0.4798	0	1
48	6	1.088	1	1
48	6	0.7813	0	1
48	6	5.079	1	1
48	6	5.305	1	0
49	6	0.1411	1	0
49	6	0.7668	0	1
49	6	1.614	0	0
49	6	5.241	0	0
49	6	0.4034	1	1
49	6	0.1183	1	1
49	6	1.76	0	0
49	6	1.158	0	1
49	6	0.1618	1	0
49	6	0.3601	1	1
49	6	1.882	0	0
49	6	1.705	0	0
49	6	5.244	1	1
49	6	0.5543	0	1
49	6	0.9879	1	1
49	6	0.3401	0	0
49	6	0.2092	1	1
49	6	0.3346	1	1
49	6	0.3266	0	0
49	6	0.8982	0	0
49	6	1.874	1	1
49	6	5.386	1	1
49	6	1.936	0	0
49	6	0.4686	0	1
49	6	1.133	0	1
49	6	0.9011	1	1
49	6	0.9607	0	0
49	6	5.297	0	0
49	6	2.046	1	1
49	6	5.227	1	1
49	6	0.2615	0	0
49	6	0.3109	0	0
49	6	0.07865	0	1
49	6	0.8403	1	0
49	6	0.167	1	0
49	6	5.741	0	0
49	6	0.9176	0	0
49	6	2.165	0	0
49	6	0.73	1	1
49	6	0.3177	1	1
49	6	5.65	1	1
49	6	0.3737	1	0
49	6	5.495	0	0
49	6	1.888	1	1
49	6	0.4728	1	1
49	6	5.493	1	1
49	6	5.639	0	0
49	6	0.5421	0	0
49	6	0.6558	1	0
49	6	2.1	1	1
