0	2	0.586	0	0	0.2261	0.5127
0	2	5.268	0	0	1.219	-0.7619
0	2	3.534	0	1	-0.02993	-0.3088
0	2	5.459	1	1	1.025	-0.5611
0	2	0.3549	0	0	0.8805	-1.198
0	2	5.27	0	0	-1.168	-1.355
0	2	1.172	1	0	-0.4347	0.8433
0	2	0.9418	1	1	0.7223	-0.9737
0	2	1.745	0	0	0.3285	-1.122
0	2	0.3879	0	0	-1.467	0.2048
0	2	1.803	0	1	0.8012	-0.3704
0	2	1.059	1	0	0.5782	-2.154
0	2	3.656	0	0	0.8122	0.2579
0	2	1.867	0	1	0.9522	0.2579
0	2	0.3889	0	1	-0.1939	1.545
0	2	3.592	0	1	0.7741	0.7978
0	2	3.468	1	1	-0.2672	1.468
0	2	2.118	1	1	-0.03086	-0.4329
0	2	1.805	1	0	-0.01722	-0.3704
0	2	2.074	1	1	-0.152	-0.9737
0	2	0.8387	1	0	0.007841	-0.07202
0	2	1.819	0	0	-1.636	0.6101
0	2	3.43	1	1	0.3919	0.7051
0	2	3.419	0	0	1.295	-0.4329
0	2	0.502	1	1	-0.4237	1.468
0	2	5.389	1	1	1.066	-0.07202
0	2	0.8893	1	0	-0.06858	2.105
0	2	0.5569	0	0	0.3591	-0.4965
0	2	3.668	1	1	-1.001	0.5127
0	2	5.579	1	0	-0.4905	0.6579
0	2	1.19	1	0	-0.2833	0.6101
0	2	5.323	1	1	-0.01563	-1.868
0	2	1.551	0	0	0.8939	0.3619
0	2	0.5058	0	0	1.433	-0.4965
0	2	0.5724	1	1	0.6949	-1.047
0	2	3.56	0	0	-0.7883	1.693
0	2	3.381	0	1	-0.8552	2.536
0	2	1.856	0	0	-0.6102	1.189
0	2	5.118	0	0	-0.3025	0.151
0	2	0.4929	1	1	-0.3415	0.3102
0	2	3.779	1	1	-0.4471	-0.3088
0	2	0.7891	0	0	-0.3004	-0.01503
0	2	1.987	1	1	-0.6322	0.7517
0	2	1.13	1	0	0.136	-1.198
0	2	0.3504	0	1	0.09542	-0.8312
0	2	5.489	1	0	-0.1656	-0.4965
0	2	0.4322	1	0	0.5652	0.3619
0	2	0.5803	1	0	-0.8215	-1.355
0	2	5.564	0	0	-0.114	-0.01503
1	2	0.9104	0	0	4.931	0.07114
1	2	3.655	0	0	1.556	-0.7875
1	2	1.494	0	0	-0.8331	1.092
1	2	1.843	1	1	-0.5301	-0.1868
1	2	5.616	1	1	-0.3274	-0.5214
1	2	0.3029	1	1	0.1787	0.02977
1	2	5.595	1	1	-0.2946	-1.144
1	2	0.673	1	1	-0.1047	-0.4216
1	2	5.557	1	1	-0.2688	-1.02
1	2	3.852	1	1	-1.853	-0.6248
1	2	1.486	0	0	0.2875	-0.9603
1	2	3.663	1	1	1.256	-1.02
1	2	1.833	0	0	-0.6962	-0.9015
1	2	1.735	1	1	0.4558	-0.2322
1	2	0.5204	0	1	0.3107	2.224
1	2	3.605	1	1	0.3133	-0.1868
1	2	0.8546	0	1	-0.7101	-0.05486
1	2	5.545	0	0	0.8567	-0.9603
1	2	3.611	1	1	-0.8502	0.9152
1	2	0.9434	1	0	-3.91	-1.144
1	2	1.833	0	0	-0.4765	-0.3253
1	2	1.87	0	0	1.543	1.923
1	2	5.264	0	0	1.217	-1.02
1	2	1.13	1	0	0.05838	-0.5214
1	2	1.18	1	0	-0.3229	1.063
1	2	3.359	0	0	-1.228	1.489
1	2	0.8454	1	0	1.03	0.3073
1	2	3.625	1	1	0.3393	1.986
1	2	3.571	1	1	0.1943	-1.082
1	2	0.8498	0	1	-0.1031	0.3447
1	2	0.3725	0	0	0.1539	-0.1868
1	2	5.483	1	1	-0.1421	-0.1868
1	2	0.487	1	0	0.4305	-0.678
1	2	0.969	1	0	0.1693	0.07114
1	2	1.702	1	1	1.199	1.311
1	2	1.889	0	0	0.849	-0.5214
1	2	3.748	0	0	-0.7905	0.07114
1	2	0.5211	0	0	-0.0461	0.3817
1	2	3.701	1	0	0.5537	-1.554
1	2	0.4815	0	1	0.3711	0.7269
1	2	0.1869	0	0	0.846	-0.9015
1	2	0.4102	0	1	-0.8606	1.363
1	2	5.568	0	0	-0.4566	-1.274
1	2	5.308	0	0	0.7087	-0.373
1	2	5.488	1	1	1.146	0.4543
1	2	0.8302	0	1	-0.1175	1.465
1	2	0.2957	0	1	0.4923	1.337
1	2	5.436	0	0	-0.1232	-1.784
1	2	1.844	1	0	0.1862	1.034
2	2	1.758	0	0	0.03894	0.01342
2	2	0.8211	0	0	0.9185	-2.772
2	2	3.589	0	0	-0.6209	-0.956
2	2	1.873	1	1	-1.359	0.2177
2	2	0.5992	0	0	-1.622	0.9697
2	2	0.7607	1	1	0.3585	-0.4366
2	2	5.333	0	0	0.1844	-0.3769
2	2	3.864	1	1	0.5826	0.1678
2	2	2.002	1	1	-0.1543	0.01342
2	2	1.617	0	0	-0.1038	-0.6221
2	2	0.1528	0	0	-0.08758	-1.174
2	2	1.785	1	1	-1.027	0.1678
2	2	5.485	1	1	-0.5546	0.7654
2	2	0.1891	0	1	-0.09934	-0.1484
2	2	0.5541	0	1	0.3658	-0.3769
2	2	3.692	1	1	2.682	0.6366
2	2	5.504	1	1	0.6425	-0.6221
2	2	1.785	0	1	0.4579	1.273
2	2	0.5536	1	1	-0.3597	2.269
2	2	0.7856	0	0	0.09674	0.06567
2	2	3.455	0	0	0.6734	-2.54
2	2	0.4244	1	1	0.1399	-0.2041
2	2	0.5574	0	1	-2.807	-1.027
2	2	0.3121	0	0	-0.6619	1.048
2	2	0.9125	1	0	0.1039	-0.3183
2	2	1.515	0	0	-0.3613	-0.3769
2	2	1.754	1	1	-0.8878	0.5027
2	2	5.512	1	1	0.06575	0.7654
2	2	3.526	1	1	-1.952	-0.6221
2	2	5.269	0	0	0.6367	-0.3183
2	2	1.053	1	0	-0.6614	-0.8185
2	2	5.298	1	1	-0.588	0.06567
2	2	3.437	1	1	-1.359	0.01342
2	2	1.603	0	0	-1.313	-1.406
2	2	1.622	0	1	-0.2782	1.777
2	2	3.24	0	0	0.1154	0.8486
2	2	0.6244	0	0	-0.9263	-1.099
2	2	5.345	0	0	-0.9736	-0.8185
2	2	1.017	0	1	0.03042	0.1678
2	2	0.8203	0	1	1.815	0.1171
2	2	3.739	1	1	0.4785	0.06567
2	2	5.6	1	1	0.4546	-0.2041
2	2	0.6894	0	1	-0.3644	2.323
2	2	3.648	1	0	-1.475	1.584
2	2	1.046	0	1	-1.372	0.6801
2	2	3.613	1	1	0.1565	0.5925
2	2	0.5223	1	1	-0.2681	-0.4366
2	2	5.663	1	1	-0.9778	-0.3183
2	2	5.189	1	1	0.3133	-0.2041
3	2	3.656	0	0	0.6637	-1.299
3	2	0.5738	0	0	-0.08966	0.3025
3	2	1.869	0	0	0.101	-0.6697
3	2	5.368	1	1	-0.7784	0.3025
3	2	0.2112	0	0	-0.01248	-0.8456
3	2	5.554	1	0	-0.397	1.929
3	2	5.453	1	1	0.083	0.8036
3	2	5.33	1	1	-0.3577	-0.3452
3	2	3.801	1	1	0.07015	-0.1947
3	2	1.789	0	0	-0.06394	0.7678
3	2	0.7488	0	1	0.5277	0.1307
3	2	3.579	0	1	-0.8235	-0.5578
3	2	5.632	1	1	0.01602	-0.6697
3	2	0.6737	0	1	0.2358	-0.5032
3	2	5.253	0	0	0.2418	-2.676
3	2	0.7177	1	1	-0.4169	0.5823
3	2	1.712	0	0	-2.252	0.5823
3	2	0.2913	0	1	-1.214	-0.244
3	2	3.566	1	1	0.1607	-0.9685
3	2	3.299	0	0	-0.1742	-0.146
3	2	3.597	1	1	-0.05967	1.56
3	2	0.7651	0	1	-0.7164	1.01
3	2	0.7986	0	1	-0.4832	-0.09819
3	2	0.9305	1	0	1.17	0.6203
3	2	0.5258	1	1	-0.7496	0.9087
3	2	5.332	0	0	0.924	-0.4497
3	2	1.54	0	0	-0.7399	0.8391
3	2	1.591	0	0	1.125	0.943
3	2	5.576	0	0	-0.6506	-0.7858
3	2	0.9581	0	1	-1.063	1.204
3	2	0.3324	1	0	-1.662	0.6949
3	2	0.526	1	1	-0.1594	0.1746
3	2	3.869	1	1	-1.614	-1.096
3	2	0.4024	1	1	-1.649	-0.8456
3	2	1.661	0	0	1.27	2.538
3	2	0.4163	1	1	0.342	-0.6697
3	2	3.882	1	1	-0.0009616	0.1746
3	2	5.607	1	1	0.05576	-0.3452
3	2	3.571	1	1	0.06592	-0.146
3	2	1.56	0	0	-0.3696	-0.2942
3	2	0.9337	1	1	-0.7153	-0.6132
3	2	1.677	1	1	-0.408	-0.7858
3	2	5.256	1	1	0.7445	-2.177
3	2	0.1737	0	0	1.036	-0.6132
3	2	0.6199	0	0	0.1765	0.4654
3	2	3.35	1	1	0.7119	0.4654
3	2	0.3722	1	0	-3.107	-1.515
3	2	1.941	0	1	-1.199	1.954
3	2	1.827	1	1	-0.7431	0.2178
4	2	5.184	1	1	-0.3568	0.7816
4	2	3.585	0	0	0.5047	-0.4513
4	2	1.766	0	1	-2.091	0.6558
4	2	0.3223	0	1	0.08963	0.09836
4	2	3.869	1	1	-0.8873	0.6128
4	2	3.557	0	0	-0.01102	-0.3338
4	2	0.6206	0	1	0.4731	1.347
4	2	0.834	0	0	-0.07735	-2.034
4	2	3.37	0	0	-0.03178	0.3422
4	2	0.5029	1	1	0.01617	0.4803
4	2	0.677	1	1	0.597	0.09836
4	2	0.3779	1	1	0.1923	1.169
4	2	3.574	0	0	1.478	-3.619
4	2	1.822	1	1	1.134	-0.1106
4	2	5.296	0	0	0.6755	0.1981
4	2	1.76	1	1	0.9075	0.3422
4	2	5.571	1	1	0.1756	-0.765
4	2	0.4013	1	0	-0.6589	0.8225
4	2	0.9993	0	0	1.746	-1.261
4	2	1.565	0	0	-0.7639	-0.4513
4	2	3.379	0	0	-1.331	1.241
4	2	3.252	0	0	-0.3954	-1.846
4	2	3.733	1	1	1.127	-0.004476
4	2	0.8931	1	1	-0.3166	0.3422
4	2	3.701	1	1	0.1216	-0.5117
4	2	1.823	1	0	-2.75	-0.165
4	2	1.757	0	0	0.6903	0.9422
4	2	2.064	1	0	-2.044	0.1981
4	2	1.999	1	1	1.003	-0.3338
4	2	3.267	1	1	-1.004	0.04734
4	2	5.269	0	0	-0.6518	-0.6359
4	2	0.7696	0	0	-2.347	0.9422
4	2	5.443	1	1	0.0466	0.7816
4	2	2.126	0	0	-0.6748	-1.186
4	2	0.4354	1	1	-2.105	0.1981
4	2	5.404	0	0	1.316	1.277
4	2	1.003	0	1	0.2517	1.516
4	2	5.46	1	1	1.944	-0.2203
4	2	5.263	0	0	0.2986	-0.3338
4	2	0.2881	0	0	-1.383	0.8629
4	2	1.03	1	1	-0.3682	-0.5732
4	2	0.3415	0	1	-1.087	-1.418
4	2	0.9269	0	0	1.403	-0.05713
4	2	0.8763	0	0	0.2855	-0.5732
4	2	1.718	1	0	-1.182	0.04734
4	2	5.667	1	1	1.146	0.8629
4	2	1.111	1	0	2.458	-0.2203
4	2	0.5997	1	0	2.081	1.416
4	2	5.377	0	0	-0.3342	-1.499
5	2	5.537	0	0	-1.383	0.2325
5	2	1.894	1	1	-0.07329	1.26
5	2	1.846	0	0	0.6577	-0.02927
5	2	1.757	1	0	-0.003144	-0.1402
5	2	0.7919	0	1	0.3816	-0.2549
5	2	0.4393	0	0	0.4189	-1.792
5	2	3.604	0	0	0.1098	-1.355
5	2	0.6134	1	1	-0.1422	0.9924
5	2	0.9884	1	1	-0.1325	0.9523
5	2	0.3667	1	0	-0.5136	-1.355
5	2	0.9938	1	0	-0.6455	1.186
5	2	5.242	1	1	-0.7664	-1.355
5	2	1.345	1	0	-0.6609	-0.1402
5	2	1.809	0	0	-0.6456	-0.02927
5	2	0.1776	0	1	-0.2576	0.1818
5	2	3.441	0	0	-0.4959	-2.522
5	2	5.448	1	1	0.1808	-1.275
5	2	1.737	0	1	-0.1211	1.706
5	2	0.9664	1	1	-0.3006	0.8289
5	2	5.314	0	0	0.3061	-0.6256
5	2	5.234	0	0	-0.1003	-0.6256
5	2	0.6756	1	1	-1.129e-05	-0.4973
5	2	0.1929	0	1	1.397	0.9523
5	2	0.8499	0	0	-0.03374	-0.6917
5	2	3.665	1	1	-0.3705	1.738
5	2	0.5261	0	1	-0.9881	0.5671
5	2	1.518	0	0	-1.076	-0.02927
5	2	3.68	1	1	0.06201	0.07797
5	2	3.577	0	0	0.7286	-1.523
5	2	5.367	0	0	-0.5097	-0.6256
5	2	3.763	1	1	-0.9359	0.3801
5	2	3.496	0	0	1.004	1.032
5	2	1.993	1	1	-1.185	-0.435
5	2	3.561	0	0	-0.3089	0.4749
5	2	0.9999	1	1	0.6636	0.4749
5	2	0.868	1	1	2.619	-0.3139
5	2	0.5272	0	0	0.4663	0.4279
5	2	3.552	1	1	0.5968	0.4749
5	2	5.497	1	1	0.2905	-0.828
5	2	5.237	0	0	-0.3734	1.032
5	2	2.051	0	0	0.8512	-1.985
5	2	5.502	1	1	0.7357	-0.6256
5	2	1.83	1	0	0.2388	0.6567
5	2	1.965	1	0	0.1078	0.6122
5	2	0.6526	0	0	-0.8008	1.77
5	2	0.6424	1	1	0.1119	0.07797
5	2	0.3883	1	0	-0.6331	0.3316
5	2	5.526	0	0	-0.1857	0.5671
5	2	1.029	0	0	0.2666	1.11
6	2	3.743	1	0	-0.02324	-0.07599
6	2	2.139	0	0	0.974	-1.258
6	2	1.764	0	0	0.2443	-0.1223
6	2	5.319	0	0	0.07677	1.014
6	2	0.6227	0	1	0.8467	0.3095
6	2	0.938	0	0	0.6745	0.0585
6	2	0.7717	0	1	0.4795	1.223
6	2	0.3146	0	0	0.2542	0.1019
6	2	3.473	0	0	0.902	-0.1223
6	2	3.563	1	0	-0.02032	1.866
6	2	5.366	0	0	1.105	-2.933
6	2	0.3938	0	1	0.1693	1.472
6	2	5.391	1	1	0.2159	-0.5776
6	2	0.9964	1	0	0.6233	0.7868
6	2	3.924	1	1	0.1689	-0.8064
6	2	3.464	1	1	0.5937	0.1447
6	2	5.183	1	1	0.2969	-0.2173
6	2	3.727	1	0	0.4935	1.281
6	2	5.472	0	0	0.289	-1.477
6	2	3.757	1	1	-0.4112	0.0585
6	2	0.872	1	1	-0.03171	-0.03044
6	2	1.031	1	1	0.01611	0.6836
6	2	1.794	1	0	-0.03278	2.291
6	2	0.8979	0	0	0.5236	0.7528
6	2	5.6	1	1	-0.2493	0.1019
6	2	0.6737	0	0	0.9904	0.2692
6	2	0.6968	1	0	-0.2515	0.1868
6	2	1.971	1	1	0.8998	0.7528
6	2	5.226	0	0	0.4441	-0.7474
6	2	1.904	0	0	2.594	-1.122
6	2	1.869	1	1	2.604	0.8203
6	2	1.668	0	0	0.9461	-1.258
6	2	0.4648	0	1	-0.2805	1.498
6	2	0.8009	0	1	0.785	-0.3661
6	2	5.31	0	0	1.245	0.3493
6	2	0.4508	1	1	-1.648	-0.03044
6	2	5.476	1	1	-0.8365	-0.03044
6	2	1.707	1	1	2.46	-0.6331
6	2	0.3581	0	0	-0.9028	0.7868
6	2	1.72	1	1	-1.309	-1.122
6	2	1.91	0	0	0.4738	-1.632
6	2	3.625	1	1	2.05	-0.2173
6	2	0.3857	1	0	0.6951	-0.5232
6	2	0.9312	1	1	0.3406	-0.266
6	2	4.01	1	1	0.9848	-1.189
6	2	3.938	1	1	-0.5541	1.364
6	2	0.9498	0	0	0.2945	-0.6331
6	2	0.4762	0	0	0.8763	0.2283
6	2	5.422	0	1	1.156	0.4652
7	2	5.4	1	1	0.3053	-0.8914
7	2	3.542	0	0	0.5643	-0.285
7	2	1.838	1	1	-0.3902	0.8082
7	2	1.645	1	1	-0.4489	2.022
7	2	3.558	1	1	-0.06068	-0.4217
7	2	1.031	1	0	-0.4544	-0.834
7	2	0.4384	1	1	-0.5317	0.7259
7	2	1.692	0	0	0.5107	-0.7781
7	2	5.336	1	1	0.1074	-0.03452
7	2	0.4971	0	0	0.1956	-0.6183
7	2	0.8163	0	1	-0.7228	-0.285
7	2	5.366	0	0	-0.1125	-0.7235
7	2	3.592	0	0	0.9576	-1.414
7	2	0.597	1	1	-0.03912	2.822
7	2	5.418	0	0	-0.2038	-0.7781
7	2	3.538	1	1	0.7281	0.6111
7	2	2.069	0	0	0.5669	0.3286
7	2	3.661	1	1	-0.6815	-0.3296
7	2	1.885	1	1	0.2552	0.2948
7	2	5.287	1	1	-0.2221	0.6692
7	2	1.003	1	1	0.3086	0.7811
7	2	1.945	0	0	-0.4851	-0.5675
7	2	0.4307	0	1	-0.51	-0.7235
7	2	0.4857	0	0	-0.6555	1.014
7	2	5.265	0	0	0.7817	-1.414
7	2	1.163	0	0	2.57	1.133
7	2	1.998	0	0	0.2904	0.2258
7	2	5.507	0	0	-0.02424	-0.285
7	2	0.6012	1	0	1.143	-1.647
7	2	0.5815	1	0	-0.3565	0.2606
7	2	0.7572	0	0	0.8334	-0.03452
7	2	0.8835	1	1	0.2591	-0.07434
7	2	3.577	0	0	-0.2868	-1.647
7	2	3.613	1	1	-0.3041	-0.07434
7	2	0.5983	1	1	-0.09817	1.536
7	2	5.168	1	1	-0.1572	-0.4692
7	2	5.435	0	0	0.7366	-2.099
7	2	3.801	1	1	0.9603	0.04302
7	2	3.721	1	1	-0.6201	1.063
7	2	1.052	1	1	-0.3687	1.91
7	2	0.3273	0	0	0.7421	1.179
7	2	3.811	0	0	-0.01644	-0.07434
7	2	0.4958	0	0	0.4079	0.0808
7	2	1.094	0	0	0.3886	0.4586
7	2	5.614	1	1	-2.604	-0.1149
7	2	1.891	0	0	0.5981	-1.647
7	2	1.032	0	0	1.107	-0.7781
7	2	1.81	1	1	1.215	0.4586
7	2	1.124	1	1	-0.3813	0.00459
8	2	3.632	0	0	0.9037	-3.088
8	2	5.319	0	0	-0.2273	-2.299
8	2	3.681	1	1	0.51	0.261
8	2	1.792	0	0	0.02023	-0.9869
8	2	5.593	1	1	0.3443	1.266
8	2	5.129	0	0	-0.5487	-0.427
8	2	0.8281	0	0	0.1665	0.04799
8	2	3.81	1	1	0.5206	0.5085
8	2	0.8595	1	1	0.05047	0.04799
8	2	1.703	1	0	0.46	0.1026
8	2	5.242	0	0	0.7025	-1.226
8	2	3.701	0	0	0.2868	-0.8373
8	2	0.9506	1	1	0.5274	0.8251
8	2	1.765	1	1	0.9502	-0.3636
8	2	0.8509	0	0	0.3301	0.6933
8	2	0.2893	0	0	0.332	0.5557
8	2	5.443	1	0	0.09297	1.113
8	2	3.544	0	0	1.026	-0.427
8	2	0.3025	0	0	0.444	0.1563
8	2	3.809	0	0	-0.1102	-0.6945
8	2	5.501	1	1	-0.1622	0.7818
8	2	1.84	1	1	-0.2459	-0.2404
8	2	1.03	1	1	0.019	0.3624
8	2	0.251	1	0	0.9323	-0.1805
8	2	3.828	1	1	0.8958	0.04799
8	2	5.642	1	1	0.04304	-0.007605
8	2	1.812	1	1	1.116	0.4118
8	2	0.1538	0	0	-0.2346	-2.299
8	2	0.4518	1	0	0.4968	0.9927
8	2	0.6709	1	1	-0.2528	-0.3636
8	2	1.615	0	0	0.3117	-1.064
8	2	0.9557	1	0	0.9163	1.34
8	2	3.623	0	0	-0.5983	-0.3014
8	2	5.398	0	0	-0.2082	-0.6255
8	2	5.493	1	1	1.357	0.6481
8	2	2.152	1	1	1.048	1.906
8	2	2.092	1	1	0.4434	-1.144
8	2	0.2884	1	1	1.621	-0.007605
8	2	0.6497	0	0	-0.4397	0.5557
8	2	1.9	1	1	-0.2093	0.3121
8	2	3.643	0	0	-2.023	0.3121
8	2	0.4762	0	0	1.413	0.91
8	2	0.7652	1	0	1.558	0.3624
8	2	3.536	0	0	-0.4384	-0.427
8	2	5.333	1	1	0.7245	-0.427
8	2	0.7412	0	0	0.03832	0.1026
8	2	0.5288	0	0	-0.3604	-0.6945
8	2	0.9836	0	0	-0.4377	-0.1805
8	2	1.901	0	1	0.7034	1.876
9	2	0.4653	1	0	3.649	-1.016
9	2	0.7856	1	0	0.4568	-0.1868
9	2	1.036	0	0	-0.1616	-0.1361
9	2	0.4271	1	1	-0.4567	0.6838
9	2	0.6456	1	1	0.6962	0.7936
9	2	0.4542	0	0	-1.086	0.3255
9	2	2.051	1	1	1.103	0.3255
9	2	1.59	0	0	0.5111	-0.1361
9	2	5.428	0	0	0.09322	-1.811
9	2	3.624	0	0	-0.3453	-2.315
9	2	1.812	0	0	-0.2122	-0.8162
9	2	3.603	0	0	0.3624	-1.385
9	2	0.7113	0	1	1.552	-0.2385
9	2	0.5043	1	1	0.1975	0.3677
9	2	5.192	0	0	0.1309	-1.465
9	2	5.588	1	1	-0.1922	1.225
9	2	3.736	0	0	-0.1222	0.05789
9	2	1.062	1	1	-0.6675	0.1949
9	2	0.4308	1	1	0.9294	0.6462
9	2	5.635	1	1	-0.2265	0.4092
9	2	3.634	1	1	0.1968	1.099
9	2	5.279	1	1	-0.5513	-0.03741
9	2	2.108	0	0	0.2582	-0.6299
9	2	1.71	1	0	0.1601	0.8293
9	2	0.944	1	1	-0.06942	-0.1361
9	2	3.533	1	1	0.009786	-0.3995
9	2	1.046	0	0	-0.3663	0.7936
9	2	3.561	0	0	-0.9632	-1.385
9	2	1.642	0	0	0.06027	0.2391
9	2	5.46	1	1	-0.1726	1.516
9	2	0.5045	0	0	-1.116	1.624
9	2	3.671	0	0	-1.295	-0.4553
9	2	0.6912	0	0	0.4687	1.315
9	2	0.446	1	1	-0.9809	0.6838
9	2	0.4781	0	1	0.1431	1.677
9	2	0.8479	1	0	-1.421	-0.8162
9	2	3.709	0	0	-0.9204	-0.9478
9	2	1.847	0	1	0.193	1.315
9	2	5.438	1	1	0.7254	0.01065
9	2	3.478	1	1	1.269	-0.3995
9	2	2.062	1	0	-0.6388	0.01065
9	2	3.626	1	1	-1.146	-0.2385
9	2	5.207	1	1	0.03413	0.05789
9	2	1.014	0	0	-1.522	-1.086
9	2	1.875	0	1	0.008238	1.067
9	2	1.206	1	1	-1.56	1.804
9	2	5.359	0	0	-0.458	-2.428
9	2	5.445	1	1	0.2648	0.1043
9	2	1.861	0	0	-0.6783	-0.8162
10	3	0.6757	1	0	-0.6268	1.943
10	3	1.894	1	0	-0.6108	0.355
10	3	1.817	1	1	-0.7398	1.126
10	3	1.009	0	0	1.239	-0.1394
10	3	1.818	0	1	0.8931	1.126
10	3	5.474	1	0	0.5399	1.217
10	3	0.4817	0	0	-0.01295	-0.2065
10	3	0.8906	0	0	-0.322	0.7874
10	3	0.6124	0	1	-0.2844	1.943
10	3	0.1205	0	0	-0.7717	0.4683
10	3	1.713	1	0	0.1777	0.05438
10	3	0.6359	0	1	-1.459	0.7874
10	3	0.1145	1	0	1.021	-0.563
10	3	1.071	0	0	-0.6968	-0.4887
10	3	0.6463	1	1	-0.5981	0.4121
10	3	1.929	1	1	0.141	-0.563
10	3	0.3181	0	0	0.3131	-1.223
10	3	0.9399	1	0	1.368	-1.71
10	3	0.04937	1	0	-0.01845	-1.315
10	3	1.698	0	0	-0.5613	-1.046
10	3	0.3738	0	0	0.02153	-0.2065
10	3	0.6593	1	1	-0.2981	1.678
10	3	0.3103	0	0	0.48	-1.315
10	3	5.707	0	0	0.483	-1.71
10	3	0.1312	1	1	0.6422	0.9366
10	3	1.614	0	1	1.502	0.6843
10	3	5.599	1	1	-0.332	-0.8773
10	3	0.2868	0	0	-0.6828	-0.4159
10	3	1.673	0	1	0.2955	1.794
10	3	5.669	0	0	-0.2625	-1.223
10	3	5.552	0	0	1.674	0.6315
10	3	5.611	1	1	1.017	-0.796
10	3	0.9083	0	0	-0.06009	0.8378
10	3	1.045	1	1	-1.821	0.5235
10	3	0.6144	1	1	-0.243	0.2969
10	3	0.1293	1	0	0.4262	-1.046
10	3	0.8915	1	0	-1.641	-0.4887
10	3	0.358	1	1	0.6219	-0.796
10	3	0.4333	1	0	1.674	0.9849
10	3	0.8775	1	1	0.3888	0.2379
10	3	5.419	0	0	0.926	-0.2065
10	3	0.5552	1	1	0.8085	1.349
10	3	5.447	0	0	1.27	-1.71
10	3	1.364	1	1	0.4581	-0.2065
10	3	0.3258	1	1	-0.1765	0.05438
10	3	0.06274	1	0	0.4953	0.4683
10	3	1.689	1	1	1.097	0.1166
10	3	5.18	0	0	-1.077	-1.507
10	3	5.403	0	0	0.9631	-0.4887
10	3	0.6898	1	1	0.6367	-0.563
11	3	6.009	1	1	-1.486	-0.02995
11	3	5.214	0	0	-0.1406	-0.4933
11	3	0.7109	1	1	-0.7192	0.3204
11	3	0.1357	0	0	-1.131	0.7946
11	3	0.03327	0	0	-0.8581	-0.5571
11	3	0.8298	1	1	0.02045	0.273
11	3	0.1111	1	0	-0.8973	-0.5571
11	3	5.481	0	0	-0.5072	0.1256
11	3	1.711	0	0	-0.4123	-0.431
11	3	0.05265	0	0	0.1426	1.642
11	3	0.7551	0	0	0.1345	-1.128
11	3	1.178	1	0	-0.7168	-0.252
11	3	0.4036	0	0	-0.3298	-1.377
11	3	1.025	0	1	-0.4452	1.728
11	3	1.021	0	0	-0.7168	0.458
11	3	0.1348	0	1	-0.3103	2.717
11	3	5.232	1	1	0.5814	-0.7577
11	3	5.346	0	0	-1.044	-1.377
11	3	0.8914	1	1	-0.6024	0.8339
11	3	2.073	0	0	-1.161	1.461
11	3	1.764	0	0	1.354	-1.747
11	3	0.02266	0	1	-1.021	0.589
11	3	2.006	0	1	-0.006176	0.546
11	3	5.426	0	0	-1.109	-2.175
11	3	1.609	0	0	-0.9815	0.02288
11	3	0.05792	0	1	-0.6622	-0.6224
11	3	5.381	1	1	2.141	-0.431
11	3	5.567	1	1	0.1194	-0.6224
11	3	0.7295	1	1	1.285	0.3204
11	3	0.4758	0	0	-0.8458	1.997
11	3	0.7047	0	0	1.489	1.333
11	3	0.4002	1	1	-0.5922	0.8727
11	3	1.067	0	0	-0.3991	-0.1948
11	3	1.65	1	0	0.4468	0.1256
11	3	0.04025	1	0	-0.838	-0.1387
11	3	0.5461	1	1	-0.8915	-0.431
11	3	0.04568	0	0	-0.9228	-0.4933
11	3	2.108	0	1	-0.5118	-0.252
11	3	1.79	1	0	-0.8461	0.367
11	3	1.087	1	0	-0.7335	-0.6892
11	3	1.742	1	1	-1.11	0.589
11	3	0.6089	1	0	1.004	1.784
11	3	0.1763	1	1	-0.9957	-1.291
11	3	1.108	0	0	-0.8073	-0.252
11	3	0.9527	1	1	0.9796	-1.128
11	3	0.1797	0	0	0.2498	0.5023
11	3	0.5412	1	0	-0.1472	-0.1387
11	3	1.497	0	0	0.1287	-0.974
11	3	5.338	1	1	-0.3122	-0.431
11	3	5.76	1	1	-0.2354	-0.431
12	3	0.06986	1	0	2.379	0.5175
12	3	0.1617	0	0	0.516	-1.848
12	3	5.589	0	0	0.2058	-0.9716
12	3	0.1864	1	0	-2.363	-0.5929
12	3	5.403	1	1	0.559	0.02455
12	3	1.721	1	1	-0.6829	0.2834
12	3	5.853	0	0	-0.6677	-0.7374
12	3	5.02	1	1	-0.8582	-0.7374
12	3	1.635	1	1	-0.782	1.28
12	3	0.4093	1	0	-0.5222	1.002
12	3	1.848	1	0	-0.4073	0.1314
12	3	5.506	0	0	-0.6988	-0.2041
12	3	0.39	0	0	-1.569	-0.891
12	3	0.04768	1	0	0.9951	-0.3908
12	3	0.6385	0	1	-1.752	0.6053
12	3	0.5172	0	0	1.127	-1.23
12	3	5.797	1	1	-1.353	-0.08714
12	3	1.007	0	0	-1.233	0.7313
12	3	2.234	1	1	-2.424	-0.327
12	3	0.7397	1	1	-2.522	0.4265
12	3	0.0905	1	0	0.5336	1.344
12	3	0.2789	0	1	-1.835	0.4725
12	3	1.561	1	1	0.7998	0.5175
12	3	4.991	0	0	-2.514	-3.436
12	3	0.3884	0	1	-1.176	0.4265
12	3	5.079	0	0	0.1979	-0.891
12	3	1.008	1	1	-1.055	0.02455
12	3	0.6925	0	1	-0.6516	0.8512
12	3	1.072	1	0	1.216	-2.094
12	3	0.402	1	0	0.09004	-1.323
12	3	0.9461	0	1	0.05423	1.145
12	3	0.1266	1	1	-0.0291	0.2834
12	3	0.4349	0	0	0.1474	0.02455
12	3	0.249	1	1	0.2312	1.344
12	3	1.106	0	0	-0.6167	0.02455
12	3	0.1032	1	0	-1.301	1.438
12	3	1.909	1	0	-0.3536	1.587
12	3	0.3591	1	0	-0.894	1.529
12	3	0.5148	0	1	0.5904	0.3797
12	3	1.915	1	1	-0.5095	-0.08714
12	3	5.305	0	0	-0.1767	-1.23
12	3	0.0352	0	0	0.1162	1.039
12	3	0.5407	0	0	-0.8109	-0.7374
12	3	5.072	1	1	-0.8511	-0.5236
12	3	1.95	1	1	-0.463	0.2834
12	3	0.6676	0	0	-0.7039	-0.5929
12	3	1.958	1	1	-1.391	0.1831
12	3	2.222	1	1	-1.438	0.2338
12	3	0.8634	0	0	0.2155	0.2834
12	3	0.5518	0	0	-0.02965	0.5175
13	3	1.088	1	0	-0.3548	-1.352
13	3	1.841	1	1	0.3852	1.239
13	3	0.4484	1	0	-2.491	1.029
13	3	1.846	0	0	-0.04553	-0.01063
13	3	0.969	0	0	0.3361	0.6078
13	3	5.494	0	0	-2.469	-0.6417
13	3	2.178	0	0	0.2995	-0.7214
13	3	1.83	1	1	0.01969	0.1719
13	3	0.3571	1	0	-2.701	-0.01063
13	3	1.88	1	0	-0.5564	-0.3437
13	3	0.0002108	0	0	-0.801	0.2873
13	3	5.317	1	1	-1.525	0.3982
13	3	1.9	0	0	-1.071	1.886
13	3	0.7746	1	1	-0.7259	0.8497
13	3	0.5141	1	0	-0.6164	1.508
13	3	1.318	0	0	-0.7188	-0.01063
13	3	0.6185	1	0	-0.5957	-0.3437
13	3	0.8659	0	0	0.2615	-0.6417
13	3	0.5363	0	0	0.1034	-0.6417
13	3	0.02473	1	0	-1.229	-0.2057
13	3	1.183	1	1	1.085	0.8957
13	3	0.1726	0	1	-0.4865	2.012
13	3	0.7646	1	0	-0.6369	1.029
13	3	5.536	1	1	-1.682	1.821
13	3	5.603	1	1	8.944e-05	0.05152
13	3	1.716	0	0	-0.9949	-0.6417
13	3	0.2201	1	0	0.6129	0.1123
13	3	1.559	0	0	0.2609	-0.01063
13	3	1.368	1	1	-0.3969	0.7071
13	3	0.2446	0	0	-0.5411	-1.455
13	3	0.2991	1	0	0.005784	-0.4153
13	3	0.4069	0	1	0.08019	-0.01063
13	3	0.5199	0	1	0.3813	0.9855
13	3	0.04042	0	0	1.12	0.05152
13	3	1.902	0	0	1.892	-1.788
13	3	0.3415	0	0	0.4505	-1.673
13	3	5.049	0	0	1.063	-0.9748
13	3	1.047	0	0	-0.3715	-0.2057
13	3	0.5635	1	1	0.635	-0.8033
13	3	0.2222	0	0	-0.9696	-1.157
13	3	5.28	1	1	1.558	-0.2057
13	3	5.464	0	0	1.651	-2.764
13	3	1.201	1	1	-0.2159	0.6579
13	3	5.437	0	0	0.4309	-0.8033
13	3	0.3006	0	1	-0.6834	0.3982
13	3	0.304	0	1	-1.696	1.617
13	3	0.1231	1	0	-0.8141	-0.1392
13	3	5.331	1	1	0.6652	-0.3437
13	3	5.132	0	0	1.723	-0.8033
13	3	0.9719	1	1	0.3909	0.8029
14	3	0.2121	1	0	0.07439	2.094
14	3	1.74	0	0	0.3449	0.0418
14	3	5.068	1	1	-0.7146	-0.7946
14	3	0.3961	0	0	-0.661	-0.6391
14	3	0.3143	0	0	-1.495	-0.3491
14	3	0.2347	1	0	0.06066	-0.7159
14	3	0.6362	1	0	-0.1488	0.3345
14	3	0.3943	0	1	-0.06606	1.861
14	3	0.3675	0	0	-0.2021	-0.08324
14	3	0.4112	1	0	-0.6317	-0.08324
14	3	0.6858	1	0	-0.5891	0.6025
14	3	5.179	1	1	-0.37	-0.6391
14	3	0.3243	0	0	-1.39	0.9894
14	3	1.765	1	0	-0.121	-0.2805
14	3	0.2208	1	0	-0.5828	-0.6391
14	3	1.776	0	0	0.2027	-0.9581
14	3	0.003842	0	0	-1.237	0.6025
14	3	4.813	0	0	1.166	-1.506
14	3	0.5599	0	1	-0.6063	1.533
14	3	0.9426	0	0	-0.4163	-1.22
14	3	1.615	1	1	-0.2496	1.123
14	3	0.007299	1	0	0.4795	1.209
14	3	1.952	0	0	-0.4101	0.6025
14	3	1.639	0	0	0.1039	0.1025
14	3	0.7674	0	0	-0.9351	-0.4191
14	3	0.9271	1	1	-0.6478	-0.2134
14	3	0.09655	1	0	-0.9615	-0.5641
14	3	2.146	0	0	1.01	-0.9581
14	3	5.277	1	1	0.5775	1.079
14	3	4.902	1	1	-0.05276	-0.4908
14	3	0.5453	0	0	0.09217	-0.5641
14	3	5.592	0	0	-0.5653	-2.168
14	3	0.5503	1	0	0.1895	-0.08324
14	3	5.562	0	0	-1.091	-0.2805
14	3	0.5846	1	1	0.242	0.0418
14	3	5.446	1	1	-0.4895	-0.2805
14	3	1.973	0	0	-0.03408	-0.1476
14	3	0.5603	1	1	-0.9938	1.455
14	3	1.99	1	1	-1.04	-0.6391
14	3	5.301	1	1	-1.526	-0.4191
14	3	1.675	1	1	-0.9472	-0.2805
14	3	0.7721	1	1	-1.132	0.2206
14	3	0.7821	1	1	1.014	1.719
14	3	0.641	0	0	1.053	0.1621
14	3	0.986	0	1	-2.238	-0.9581
14	3	0.9547	1	1	1.626	-0.08324
14	3	0.1624	0	1	-0.2305	2.963
14	3	5.393	1	1	-1.594	-0.8753
14	3	0.776	0	0	1.202	-1.506
14	3	0.8521	1	1	-0.4051	0.1025
15	3	1.695	1	1	0.3983	-0.1591
15	3	1.768	0	0	1.056	0.3833
15	3	0.6562	1	0	0.4283	0.2135
15	3	1.003	0	1	-0.3759	-0.02952
15	3	0.3551	0	1	-0.1756	1.76
15	3	0.2064	1	0	0.9646	-1.275
15	3	5.466	1	1	0.5747	-1.275
15	3	0.4754	1	1	0.8812	-0.4368
15	3	1.318	0	1	-0.2531	2.458
15	3	1.776	1	1	-0.5689	-0.5106
15	3	1.558	0	0	0.7777	-0.4368
15	3	0.8312	1	1	0.399	0.7449
15	3	1.159	1	0	2.198	1.023
15	3	0.5417	0	1	-0.1776	-0.5106
15	3	5.904	0	0	0.2758	0.4378
15	3	0.9073	0	0	0.9453	0.933
15	3	5.593	0	0	0.8956	-0.5863
15	3	1.723	1	1	0.1472	1.395
15	3	1.742	0	0	0.7919	-0.5863
15	3	0.2294	1	1	-0.114	0.6461
15	3	5.238	0	0	0.6929	-3.107
15	3	0.6323	1	0	0.1555	0.09452
15	3	0.1014	1	1	0.8148	-0.09357
15	3	0.318	1	0	0.8682	-0.9105
15	3	0.3555	1	1	0.4025	0.4913
15	3	0.8865	0	1	-0.6724	0.4913
15	3	0.3498	1	1	3.895	1.276
15	3	0.4899	1	0	1.029	-1.087
15	3	1.74	1	1	1.458	1.066
15	3	5.287	1	1	1.477	-0.4368
15	3	0.2815	1	0	0.6604	1.152
15	3	0.2812	0	0	-0.2675	0.3278
15	3	0.7631	0	0	1.973	0.03316
15	3	0.08146	1	1	1.562	1.276
15	3	0.1927	1	1	-1.614	0.03316
15	3	1.777	0	0	-1.718	-1.18
15	3	6.023	1	0	2.229	0.793
15	3	0.2385	1	0	-0.5458	-0.6641
15	3	0.1693	0	1	0.686	0.7449
15	3	0.3064	0	0	0.8856	1.066
15	3	0.8536	1	1	-0.96	-0.5106
15	3	5.326	1	1	1.626	-0.2261
15	3	0.6897	0	0	-0.3785	-0.3649
15	3	0.2872	0	0	1.133	-0.09357
15	3	5.525	0	0	0.1829	-1.18
15	3	5.56	0	0	-0.8433	-0.9975
15	3	1.729	0	1	0.4851	0.7449
15	3	0.869	1	1	-1.237	-0.2947
15	3	5.575	0	0	-0.3922	-1.807
15	3	0.00952	0	0	0.005918	-0.826
16	3	0.8174	1	0	1.279	-0.9282
16	3	2.174	0	0	0.02134	-0.3151
16	3	5.305	0	0	0.2836	-0.2472
16	3	1.678	1	0	0.1646	-0.05319
16	3	0.2737	0	1	0.8501	-0.3846
16	3	0.51	0	1	-0.2324	0.00856
16	3	1.912	1	1	0.9091	-0.456
16	3	5.46	0	0	-0.03295	-1.395
16	3	0.06611	0	1	0.1128	0.5599
16	3	1.838	0	1	-1.03	0.9331
16	3	1.254	0	1	-0.5824	0.2981
16	3	1.2	0	0	0.5264	-1.199
16	3	0.5081	1	1	-0.7735	1.183
16	3	0.3964	1	1	-0.9388	0.7059
16	3	1.698	0	0	0.02877	-0.9282
16	3	5.45	1	1	-0.4166	-0.05319
16	3	0.4896	1	0	0.7061	0.4582
16	3	5.25	0	0	-1.136	-1.719
16	3	5.446	1	1	0.358	-0.1164
16	3	1.766	1	1	-0.6445	-0.1164
16	3	5.649	1	1	-1.322	0.2425
16	3	0.9189	0	0	1.365	2.464
16	3	0.6184	0	1	-1.097	0.5095
16	3	0.7203	1	1	0.3387	0.7059
16	3	1.763	1	1	-0.6531	0.7059
16	3	0.4428	0	1	0.1797	2.003
16	3	5.906	0	0	-0.743	-1.295
16	3	0.5452	1	1	1.631	1.913
16	3	0.1683	0	1	-0.8272	-2.22
16	3	0.3619	0	0	-1.249	1.143
16	3	0.1809	0	1	1.538	0.5599
16	3	1.183	1	1	0.348	0.4058
16	3	2.002	1	0	-0.6343	-0.8436
16	3	0.2088	1	0	0.03259	-0.9282
16	3	0.5333	1	1	-0.6524	1.102
16	3	5.355	1	1	-1.3	0.4058
16	3	1.483	1	0	0.7984	0.4058
16	3	0.3478	0	0	-1.056	-1.199
16	3	5.248	1	1	-0.8888	-0.1164
16	3	5.47	0	0	0.007903	-0.7616
16	3	0.1718	0	0	0.5312	-0.1164
16	3	0.1884	0	0	-1.912	0.9763
16	3	0.4928	0	1	0.04351	0.8891
16	3	1.36	1	1	-1.681	0.00856
16	3	0.5663	1	0	1.089	-0.682
16	3	1.03	1	1	0.38	-0.6046
16	3	0.6947	1	1	0.456	1.375
16	3	0.499	0	0	0.7848	-1.499
16	3	1.895	1	1	-0.02692	-0.682
16	3	0.3281	0	0	-2.792	-1.106
17	3	0.2739	0	0	-0.2382	-0.05718
17	3	0.5253	0	0	-1.77	1.688
17	3	1.781	1	1	-0.4151	-0.1256
17	3	1.782	0	0	-0.7479	0.319
17	3	0.3518	0	0	-1.12	-1.132
17	3	0.9206	0	1	-2.086	0.9833
17	3	5.76	0	0	-1.999	-2.277
17	3	0.3782	0	1	-0.9183	-0.1959
17	3	5.162	0	0	-1.997	-0.05718
17	3	0.6866	1	1	0.6123	-0.4982
17	3	0.1674	0	1	-1.806	0.9833
17	3	5.281	1	1	-0.3756	0.1378
17	3	1.59	1	1	-2.048	0.7966
17	3	0.5233	0	0	0.1555	0.4883
17	3	5.437	1	1	-0.4459	-0.6638
17	3	0.6629	0	0	1.695	0.3767
17	3	0.4072	1	1	-0.7205	1.978
17	3	0.14	1	1	0.6443	0.1997
17	3	1.828	0	0	-0.3355	1.199
17	3	1.068	1	0	-0.4157	-0.9342
17	3	1.529	1	1	0.662	1.028
17	3	0.8737	1	0	-2.58	-0.4982
17	3	5.412	0	0	-0.1354	0.1997
17	3	5.595	1	1	-0.2446	-0.1256
17	3	1.088	1	1	-1.358	0.26
17	3	1.783	0	1	0.5418	1.028
17	3	0.08114	1	1	0.1104	0.9833
17	3	0.6596	0	0	-0.5215	-3.238
17	3	0.8123	1	1	-2.357	-0.1256
17	3	0.1165	1	0	-0.3275	-1.46
17	3	0.6629	0	0	-1.764	0.1997
17	3	1.847	1	0	1.874	0.4883
17	3	1.849	1	1	0.7329	-0.3426
17	3	5.648	0	0	-0.09386	-0.6638
17	3	0.8247	1	1	0.3222	-0.05718
17	3	0.2978	0	1	-2.28	0.6471
17	3	0.8112	1	0	1.26	-0.9342
17	3	0.1954	0	0	-0.5202	0.009482
17	3	1.076	1	1	-0.6297	0.6471
17	3	1.659	0	0	0.3681	-0.1256
17	3	1.02	0	0	-0.939	-1.132
17	3	1.958	0	0	-0.145	-0.9342
17	3	1.04	1	1	-1.021	0.7477
17	3	0.4176	1	1	0.4653	0.8917
17	3	5.314	1	1	-0.6315	0.07445
17	3	0.4087	1	0	0.642	0.319
17	3	5.377	0	0	0.6993	-1.704
17	3	5.413	0	0	-1.068	-1.46
17	3	0.2217	1	0	-0.174	0.7477
17	3	0.5353	0	0	-1.306	1.32
18	3	5.413	0	1	1.533	1.741
18	3	0.971	1	0	-1.323	-1.074
18	3	5.597	1	1	0.3346	-0.6542
18	3	0.5487	0	0	-0.0688	0.4741
18	3	0.3401	1	1	-1.539	0.7398
18	3	5.474	1	1	-1.849	-0.2997
18	3	1.777	0	1	-0.1829	0.4741
18	3	1.757	0	0	-1.146	0.1737
18	3	0.1941	1	1	-0.2615	1.124
18	3	0.05116	0	0	-0.4209	0.8219
18	3	0.01367	1	0	-0.3277	0.2783
18	3	0.1686	1	1	-1.698	1.997
18	3	0.3121	1	0	-0.04209	-1.074
18	3	5.591	1	1	-0.08499	-0.8965
18	3	5.561	0	0	0.1191	-2.248
18	3	0.1323	0	1	-0.5779	-1.265
18	3	0.1795	1	1	0.8706	0.4267
18	3	2.226	1	1	-0.256	0.2783
18	3	0.4668	0	0	0.4201	0.7398
18	3	0.7805	1	0	1.463	1.543
18	3	0.9478	1	0	-1.691	0.1737
18	3	0.3931	0	0	1.024	0.9399
18	3	1.895	0	0	-1.658	-0.7322
18	3	5.272	1	1	2.248	-0.9833
18	3	1.531	1	1	-0.8687	0.7398
18	3	0.5336	1	0	-0.5172	-0.05082
18	3	0.8047	1	0	0.3654	0.5206
18	3	0.5231	1	1	-1.337	0.1196
18	3	1.018	1	1	-0.8585	-0.8965
18	3	1.752	0	0	1.431	-0.1106
18	3	0.6934	1	0	-0.06473	0.9399
18	3	0.8481	0	1	-0.9164	2.068
18	3	5.402	0	0	-0.7212	-1.368
18	3	1.13	0	0	0.6625	-1.705
18	3	1.804	0	0	-0.5253	-1.587
18	3	5.276	1	1	0.1596	-0.5058
18	3	0.3442	1	1	-0.4797	0.4267
18	3	1.649	0	0	-1.158	-0.2997
18	3	0.2776	0	1	-1.603	0.1737
18	3	0.2922	1	1	-0.1852	-0.1719
18	3	1.192	1	1	-0.8098	1.359
18	3	1.215	0	0	-0.8489	0.6546
18	3	0.4614	0	1	-3.187	0.1737
18	3	1.06	0	0	0.1364	-0.05082
18	3	0.411	1	1	-0.562	0.3288
18	3	5.601	0	0	-0.3966	-2.1
18	3	0.764	1	0	-0.7589	0.1737
18	3	5.429	0	0	-2.76	-1.074
18	3	1.831	0	0	0.291	0.1196
18	3	0.01017	1	1	-1.978	-0.5788
19	3	5.129	0	0	-0.181	-2.017
19	3	5.561	0	0	1.019	-0.4858
19	3	5.375	0	0	-0.6097	-2.177
19	3	1.64	1	0	1.136	-0.2572
19	3	0.09052	1	1	-0.1981	1.69
19	3	5.697	1	1	-1.349	-0.1164
19	3	5.148	0	0	-0.3034	-0.6517
19	3	1.985	1	1	1.041	1.352
19	3	5.489	0	0	0.3885	-1.127
19	3	0.1559	0	0	0.9417	0.5345
19	3	0.7881	0	1	0.09114	0.9145
19	3	5.272	0	0	0.9767	-0.9253
19	3	0.3896	1	0	-1.739	-0.5673
19	3	1.781	0	0	0.2003	-0.5673
19	3	0.5779	1	1	-0.02571	0.4823
19	3	0.6185	1	1	-0.7798	0.5345
19	3	2.219	1	0	-1.24	-1.349
19	3	5.194	1	1	-0.9348	0.3184
19	3	0.4002	1	0	-1.091	0.2022
19	3	0.8429	0	0	0.7161	0.01634
19	3	0.09208	1	1	-1.043	1.658
19	3	1.605	1	1	-0.9124	1.001
19	3	0.03172	1	1	-0.8827	1.164
19	3	0.2898	0	0	0.8087	-0.8305
19	3	0.422	0	0	1.456	-0.1857
19	3	0.1659	1	1	0.04595	2.17
19	3	1.05	0	0	0.5655	-1.024
19	3	1.697	1	0	-1.57	0.8703
19	3	0.395	1	1	0.1263	-0.4071
19	3	0.5011	0	0	0.4953	-0.7394
19	3	0.5086	0	0	-1.37	0.01634
19	3	0.6814	0	0	0.3572	0.8703
19	3	2.026	0	0	1.445	-0.9253
19	3	1.905	1	0	-0.8569	-0.2572
19	3	1.63	1	1	-2.894	0.6355
19	3	0.9443	1	0	0.524	0.07997
19	3	0.721	0	0	0.169	-0.7394
19	3	0.3489	1	1	-0.6918	0.8703
19	3	0.4023	0	1	1.182	0.1419
19	3	2.014	1	1	-3.055	0.8703
19	3	0.347	0	0	0.869	-0.4071
19	3	0.44	0	0	0.354	1.316
19	3	0.782	1	0	0.01667	1.316
19	3	0.5601	1	0	-2.176	0.6355
19	3	0.5164	1	1	0.8778	-0.6517
19	3	5.409	0	0	-0.1598	-2.177
19	3	0.5576	1	0	-1.413	0.3743
19	3	5.57	1	1	1.412	-0.1164
19	3	0.9446	0	0	1.631	-1.349
19	3	0.7716	1	1	-0.3976	0.01634
20	4	0.2602	0	0	-1.27	-0.8202
20	4	5.515	0	0	0.4482	-1.181
20	4	1.651	0	0	0.65	-1.26
20	4	5.359	1	1	-1.867	-0.6895
20	4	0.2262	0	0	0.9974	-0.8883
20	4	5.446	0	0	0.3382	-0.8202
20	4	0.5209	1	0	0.6978	0.5792
20	4	0.404	1	1	0.3666	-0.8202
20	4	1.332	0	0	0.7156	-2.61
20	4	0.3694	0	0	-1.277	-0.6895
20	4	0.9151	0	0	-0.3816	-0.1738
20	4	0.47	1	0	0.782	0.3804
20	4	1.728	0	1	0.07764	1.274
20	4	0.6408	0	0	-0.3386	-0.9582
20	4	0.2648	0	0	-0.01223	0.0723
20	4	2.047	0	0	0.6252	-1.696
20	4	1.837	1	1	-0.5551	1.095
20	4	0.758	1	0	0.3147	1.548
20	4	0.7576	1	0	0.1311	0.3804
20	4	0.6801	1	0	1.269	-0.5653
20	4	0.1882	1	1	0.08919	1.186
20	4	1.002	0	0	0.5786	1.442
20	4	1.729	1	1	1.736	1.36
20	4	1.863	0	0	1.45	0.02499
20	4	0.4228	1	0	1.717	0.7985
20	4	5.524	1	1	-0.4962	1.303
20	4	0.4046	1	0	-0.5081	1.216
20	4	0.01603	0	1	1.465	-0.07242
20	4	2.026	1	1	-0.09966	0.7632
20	4	5.61	1	1	-0.2941	-1.341
20	4	0.5386	1	1	-1.385	0.02499
20	4	5.642	1	1	0.7289	-0.1738
20	4	0.7994	0	0	1.315	0.0723
20	4	0.2998	0	0	-0.5371	0.0723
20	4	0.4236	1	0	-1.727	-0.3341
20	4	1.944	0	0	-0.05494	-0.8202
20	4	1.945	0	0	-0.06044	1.722
20	4	0.8134	0	1	1.154	-0.447
20	4	5.248	0	0	1.23	-0.9582
20	4	0.6732	1	1	0.467	0.6544
20	4	1.681	1	1	0.01534	-0.1226
20	4	0.152	0	0	0.9666	0.3804
20	4	0.6371	1	0	0.2308	1.387
20	4	0.008823	0	0	0.664	1.746
20	4	0.4454	0	0	-0.2431	-0.02324
20	4	5.435	1	1	1.699	-0.2795
20	4	0.2821	1	1	1.345	-0.5653
20	4	0.08987	1	0	1.274	0.6544
20	4	5.907	0	0	-1.599	-0.2261
20	4	5.516	0	0	-1.382	-1.603
21	4	0.4047	0	0	4.494	-0.2919
21	4	1.453	0	0	0.322	1.126
21	4	0.9964	0	0	0.07833	0.4769
21	4	1.077	1	0	-0.02012	-0.03299
21	4	5.415	1	1	0.1888	-0.3603
21	4	0.1382	1	0	-0.1649	-2.669
21	4	5.513	1	1	0.933	-0.3603
21	4	0.3907	1	0	0.7606	-0.1595
21	4	5.172	1	1	0.1611	-1.152
21	4	1.679	1	0	-1.203	0.3711
21	4	0.5091	0	0	0.3602	-1.87
21	4	1.796	1	0	-1.357	-0.1595
21	4	0.9347	0	0	0.3599	1.208
21	4	0.9004	1	1	0.3271	2.076
21	4	0.01736	0	0	-0.3564	1.404
21	4	1.798	1	1	-0.05417	0.3167
21	4	0.3349	0	0	-0.02186	0.8656
21	4	5.394	0	0	0.2509	-1.646
21	4	1.846	1	1	0.7575	0.4245
21	4	0.5439	1	1	1.514	0.9989
21	4	0.9871	0	1	0.5948	-0.891
21	4	0.8799	0	0	0.1312	0.5284
21	4	5.365	0	0	-0.8434	-0.891
21	4	0.5286	1	1	0.5909	-0.3603
21	4	0.2314	1	0	1.134	-0.3603
21	4	2.037	0	0	0.9852	-1.062
21	4	0.7069	1	1	0.1946	-0.891
21	4	1.792	1	1	1.002	-0.6516
21	4	1.543	1	0	2.145	0.4245
21	4	0.5438	0	0	0.5322	1.288
21	4	0.2416	0	0	1.793	0.3167
21	4	5.197	1	1	-0.003512	-0.891
21	4	0.01726	1	1	1.841	0.7258
21	4	0.7084	1	0	1.651	0.8197
21	4	1.004	1	0	1.17	-0.03299
21	4	1.133	0	1	3.202	2.442
21	4	1.487	0	0	0.8766	0.8197
21	4	0.3213	0	1	1.027	0.0883
21	4	1.945	1	0	1.234	0.02829
21	4	0.1609	0	0	-1.373	1.126
21	4	0.3696	0	0	1.535	0.6288
21	4	0.6502	0	0	0.8964	0.3711
21	4	5.25	0	0	1.394	-0.03299
21	4	5.503	0	0	0.5367	-1.438
21	4	5.181	1	1	0.2268	-0.891
21	4	0.8726	0	1	0.2627	-0.891
21	4	0.04586	1	1	-0.09855	0.6777
21	4	5.519	0	0	-0.5057	0.1471
21	4	0.8837	1	1	-0.2166	-0.6516
21	4	0.1412	0	1	2.207	-1.062
22	4	1.041	0	1	0.6524	0.7428
22	4	0.4634	0	1	0.5005	1.601
22	4	1.932	0	0	1.334	-1.566
22	4	0.732	1	1	0.7848	0.3296
22	4	0.1453	0	1	-0.837	1.062
22	4	0.4357	1	1	0.6935	-0.1622
22	4	5.374	0	0	0.7309	-0.9269
22	4	1.846	1	0	-1.082	1.312
22	4	0.7333	1	0	-0.9735	1.136
22	4	1.235	0	0	-0.6512	0.06801
22	4	0.08436	0	0	-1.514	1.277
22	4	0.7416	1	0	-0.4633	1.243
22	4	5.487	1	1	1.072	-0.622
22	4	0.5082	0	1	0.1479	-0.6949
22	4	0.2823	0	1	-0.06247	1.445
22	4	1.828	1	1	-0.2173	0.5672
22	4	5.435	1	1	0.1645	-0.9269
22	4	0.7644	0	1	-0.141	0.8263
22	4	0.1451	1	1	0.4149	-0.8472
22	4	0.5425	0	1	0.04802	-0.8472
22	4	1.435	0	0	0.8728	0.4748
22	4	0.2929	1	0	0.3734	0.4273
22	4	0.2545	0	0	0.9181	-0.04453
22	4	0.1424	0	1	-0.9	2.048
22	4	0.7363	1	1	0.9947	-0.6949
22	4	0.7868	0	0	0.5777	0.3296
22	4	0.7525	1	0	0.246	1.172
22	4	5.507	1	1	0.5827	-1.367
22	4	1.513	1	1	0.6681	0.4273
22	4	5.318	0	0	-0.296	-0.8472
22	4	0.7014	1	1	0.5717	-0.1027
22	4	5.649	1	1	0.9474	-1.094
22	4	2.126	1	1	-0.4071	0.06801
22	4	1.034	0	1	-0.8262	-0.6949
22	4	0.8456	0	0	-1.02	-0.1622
22	4	1.913	0	0	-0.2593	-0.8472
22	4	0.1432	0	0	-0.4529	-1.094
22	4	5.706	0	0	0.6635	-1.782
22	4	0.6131	0	0	0.4226	-0.9269
22	4	0.1842	0	1	0.147	0.2281
22	4	1.927	1	1	-0.1543	1.172
22	4	5.246	1	1	-0.6404	-0.6949
22	4	0.4653	0	0	0.9154	-1.182
22	4	1.73	1	1	-0.6763	-0.5511
22	4	0.09264	0	1	1.185	-0.2855
22	4	1.819	1	1	0.04057	-1.094
22	4	0.198	1	1	-0.1494	2.173
22	4	5.3	1	1	-1.107	-1.009
22	4	5.163	1	1	1.111	-0.1622
22	4	0.3782	1	0	-1.05	1.099
23	4	1.814	0	0	-0.405	-1.868
23	4	0.05057	1	1	0.7536	-1.43
23	4	0.8877	0	0	-0.005626	-0.7914
23	4	4.93	1	1	-0.4824	-0.9602
23	4	0.1549	0	0	0.3356	0.6172
23	4	5.543	1	1	-1.284	-1.048
23	4	4.869	1	1	-0.5835	0.05828
23	4	5.435	1	1	-0.6659	-1.534
23	4	1.748	1	1	-0.3165	-0.4802
23	4	1.258	0	1	-0.02192	-0.4802
23	4	0.7447	0	0	-0.1364	1.415
23	4	1.721	0	0	0.3187	-0.4802
23	4	5.418	1	1	0.4085	-0.8746
23	4	0.2289	0	0	0.6739	0.8142
23	4	5.321	0	0	-0.06328	1.64
23	4	0.5852	1	0	-0.01004	0.2947
23	4	0.7974	0	1	0.1249	0.8142
23	4	0.1702	1	0	0.4733	0.9079
23	4	1.381	1	1	-0.09114	0.6172
23	4	1.625	0	0	-0.3463	-0.8746
23	4	1.998	1	1	-0.8139	1.947
23	4	0.5291	0	0	0.4502	1.043
23	4	0.3523	0	0	-0.6881	-1.534
23	4	0.4569	1	0	-0.592	0.2947
23	4	0.2185	0	0	0.2852	0.5658
23	4	5.602	0	0	-0.6876	-1.33
23	4	0.7839	0	0	1.009	1.947
23	4	1.027	0	1	2.851	0.4603
23	4	5.274	0	0	-1.547	-0.4802
23	4	0.104	0	0	0.8945	1.746
23	4	0.2568	0	0	1.22	0.3509
23	4	0.236	1	1	-0.4737	-0.4073
23	4	2.014	1	1	-0.245	-0.8746
23	4	0.3198	1	1	1.014	-1.139
23	4	1.148	0	1	-1.308	-0.1323
23	4	0.05696	1	0	-0.02957	0.4603
23	4	1.468	1	1	1.155	-0.1987
23	4	5.432	1	1	-0.5766	-0.7914
23	4	1.726	1	0	2.309	0.05828
23	4	0.6969	0	1	0.818	1.53
23	4	0.1751	1	1	1.466	-0.4802
23	4	0.9614	1	0	-0.193	-0.1323
23	4	5.379	1	1	0.9205	-0.4073
23	4	0.0764	0	1	0.6239	-0.555
23	4	0.5307	0	1	-0.4153	0.2947
23	4	1.861	1	1	2.085	-0.4802
23	4	0.3613	1	1	1.272	-0.4802
23	4	0.9104	0	0	0.8317	2.136
23	4	0.853	1	1	-0.1505	-0.3361
23	4	0.4755	0	1	-0.6514	0.5658
24	4	5.329	1	1	0.5431	0.5621
24	4	1.958	0	0	0.8131	-0.349
24	4	0.7758	0	0	-0.5778	1.017
24	4	0.1181	1	1	-0.2049	1.122
24	4	1.669	1	1	-0.5154	0.1731
24	4	1.945	0	0	-0.7052	-1.071
24	4	0.4404	0	1	-0.1154	0.3734
24	4	0.5445	0	1	-0.2972	0.9093
24	4	1.757	0	0	0.5445	-1.071
24	4	0.1883	1	0	0.4641	1.975
24	4	0.6283	1	0	0.3682	0.308
24	4	0.4643	1	1	0.07242	-0.6901
24	4	1.837	0	1	-0.4955	1.321
24	4	0.9376	1	1	0.9426	1.599
24	4	5.518	0	0	-0.452	-1.174
24	4	1.127	1	1	-0.1328	1.463
24	4	5.47	1	1	0.2582	-0.6014
24	4	0.5949	1	1	-0.2903	-0.191
24	4	0.3956	0	1	-0.4555	-0.191
24	4	1.22	0	1	-0.8901	-0.9718
24	4	1.594	0	0	-0.4189	-0.191
24	4	1.826	0	0	0.7427	0.1731
24	4	1.987	1	1	-0.7372	-0.349
24	4	0.6476	1	1	0.5101	0.03232
24	4	1.551	1	1	0.307	-0.269
24	4	0.7751	1	1	-1.11	0.5621
24	4	0.7031	0	1	-0.2824	0.03232
24	4	0.7003	1	1	-0.1204	-0.515
24	4	0.8505	1	1	-0.1923	1.416
24	4	1.708	1	1	0.3312	-0.269
24	4	5.92	0	0	-1.343	-1.174
24	4	0.7022	0	0	-0.6353	1.416
24	4	5.303	1	1	0.925	-0.6014
24	4	0.9117	0	0	3.248	-0.7813
24	4	0.2722	1	1	-3.218	-0.9718
24	4	5.398	0	0	-0.2619	-1.744
24	4	0.3157	0	0	2.047	-0.191
24	4	5.467	1	1	-3.385	-0.9718
24	4	5.246	0	0	2.169	-0.6014
24	4	0.2857	0	1	1.138	0.5621
24	4	0.5188	1	0	-2.513	2.955
24	4	0.07796	0	0	0.7536	-1.174
24	4	0.4048	0	0	0.8314	-0.515
24	4	0.5642	0	0	-2.381	-0.1149
24	4	1.006	1	1	0.6439	0.7976
24	4	5.168	1	1	-0.3059	-1.28
24	4	0.01266	1	1	-1.791	1.321
24	4	0.321	1	0	0.6077	-0.515
24	4	5.62	0	0	1.482	-1.28
24	4	0.2212	1	1	0.243	-0.269
25	4	5.357	0	0	0.2158	1.291
25	4	0.6981	1	1	-0.6026	-0.3637
25	4	0.9123	0	0	-0.4274	0.07383
25	4	1.119	1	0	-0.6518	1.198
25	4	0.115	0	1	-0.8331	-1.166
25	4	0.3079	0	0	-0.4675	-0.1371
25	4	1.285	0	0	-0.7067	0.2068
25	4	0.001116	0	1	-0.2736	0.3959
25	4	0.1879	1	1	-0.8067	-0.06516
25	4	0.049	0	0	-1.028	-0.06516
25	4	0.5567	1	0	-0.3127	2.089
25	4	5.461	1	1	1.213	-0.2863
25	4	0.3356	1	0	-0.5521	0.5158
25	4	0.9831	0	1	-1.053	1.425
25	4	0.02551	1	0	-1.635	-0.5246
25	4	1.578	0	0	-2.073	1.291
25	4	5.373	1	1	-0.9815	-1.488
25	4	0.8598	0	0	-0.2874	-0.5246
25	4	0.642	1	1	0.1955	-0.2863
25	4	5.155	0	0	-0.6428	-0.8744
25	4	5.221	0	0	-0.8188	-0.6945
25	4	0.52	1	1	-0.3958	-0.6945
25	4	0.2212	0	0	-2.037	-0.1371
25	4	0.4376	0	0	0.6309	0.3342
25	4	1.648	1	0	0.1031	0.9019
25	4	0.3595	0	0	1.132	-0.2863
25	4	0.8265	0	0	0.7029	1.198
25	4	1.969	1	0	0.4239	1.871
25	4	1.869	0	0	-0.7624	-0.2108
25	4	5.419	0	0	-1.684	-0.6945
25	4	1.677	1	1	-0.6114	-0.6084
25	4	1.575	0	0	0.111	0.005127
25	4	0.8184	1	1	1.868	-0.8744
25	4	1.806	0	0	-0.4374	-1.978
25	4	0.3271	1	0	-0.3191	1.336
25	4	0.1516	1	0	-0.95	0.8497
25	4	0.288	0	0	-0.5106	-0.3637
25	4	1.82	1	1	-0.4093	0.7424
25	4	5.505	1	1	-0.7904	-0.6945
25	4	5.225	0	0	-1.492	0.3959
25	4	0.9686	0	0	0.1541	-2.114
25	4	5.389	1	1	-0.0009022	-1.166
25	4	1.206	1	0	-0.198	1.755
25	4	0.6248	1	1	-0.2896	-1.377
25	4	0.3171	0	0	1.035	1.833
25	4	0.1964	1	1	0.5875	0.07383
25	4	0.1312	0	0	0.7035	0.07383
25	4	5.638	0	0	0.09604	-0.5246
25	4	0.07672	1	1	-0.6203	-0.8744
25	4	2.049	1	1	0.1793	-0.7831
26	4	1.964	1	1	0.5609	-0.8712
26	4	0.7053	0	0	-0.5747	-0.6641
26	4	0.8771	0	0	0.4084	1.147
26	4	5.545	0	0	0.623	0.1257
26	4	0.2081	0	1	-0.571	1.363
26	4	0.1645	0	0	0.2138	-0.5987
26	4	0.5652	0	1	-0.06622	2.232
26	4	0.0423	1	0	-0.4687	0.6486
26	4	2.102	0	0	-0.2331	-0.07584
26	4	2.091	1	1	-0.6116	0.9452
26	4	5.194	0	0	-0.1347	-0.535
26	4	0.1903	0	0	-0.5198	-0.8712
26	4	5.222	1	1	0.08356	-0.9442
26	4	0.7194	1	1	0.1551	-0.7313
26	4	2.123	1	1	-0.5713	-0.4121
26	4	1.847	1	1	-0.5972	-0.1289
26	4	5.399	1	1	-0.4491	-0.3528
26	4	1.996	1	1	0.5996	-0.2384
26	4	5.372	0	1	-1.07	1.507
26	4	1.818	1	1	0.3773	-1.718
26	4	0.5163	1	1	-0.8324	-0.8712
26	4	0.2398	1	1	-0.8688	0.8742
26	4	0.9459	1	1	-0.429	1.507
26	4	0.4521	0	0	0.8594	0.6876
26	4	5.476	1	1	2.922	-0.1289
26	4	0.4355	1	0	0.8984	2.012
26	4	0.176	1	0	0.3494	-0.02392
26	4	0.8669	1	1	0.4268	-0.2384
26	4	5.797	0	0	0.03651	-1.097
26	4	0.7999	0	0	-2.548	-0.3528
26	4	0.9574	1	0	-0.4175	-0.3528
26	4	0.9734	0	0	0.7115	-1.259
26	4	0.6028	0	1	0.08699	1.895
26	4	0.3952	0	0	0.821	0.5686
26	4	5.916	0	0	1.136	-1.525
26	4	0.01739	1	1	0.3032	1.507
26	4	5.462	1	1	-0.4117	-0.535
26	4	0.859	1	0	2.51	1.722
26	4	0.2627	0	1	-2.443	-0.4121
26	4	0.7398	1	1	0.685	-0.8003
26	4	1.094	0	0	0.03313	-0.2384
26	4	2.289	1	1	0.3381	-1.525
26	4	0.114	1	1	0.8743	-0.7313
26	4	0.4116	1	1	0.9323	-0.2949
26	4	1.694	1	0	-0.497	1.363
26	4	1.884	1	1	-1.097	-0.8712
26	4	0.3783	0	0	0.3437	0.07682
26	4	0.2128	0	1	-0.3702	-0.2949
26	4	5.615	0	0	-0.6968	-0.07584
26	4	0.75	0	1	-0.2767	-0.4121
27	4	5.409	1	1	-0.5683	-0.4529
27	4	1.899	0	0	0.1297	1.045
27	4	1.285	1	1	-0.9023	2.183
27	4	0.9372	1	0	0.9658	0.8991
27	4	1.903	1	1	-0.3389	-0.2298
27	4	0.3124	1	0	0.06048	0.6397
27	4	0.3626	1	1	-0.6683	0.4152
27	4	0.9515	0	1	-0.8792	-0.2298
27	4	5.217	1	1	-2.482	-1.141
27	4	0.2943	0	0	0.3954	-0.9543
27	4	0.6214	0	1	-1.157	-0.4529
27	4	5.567	0	0	-0.7139	-1.666
27	4	1.581	0	1	-0.222	0.6397
27	4	0.00563	1	1	-0.2972	0.1731
27	4	5.757	0	0	0.0721	-0.02177
27	4	1.555	1	1	-0.9926	-0.08958
27	4	0.6266	0	0	0.9493	0.7979
27	4	1.9	1	1	-1.136	0.1731
27	4	0.9454	1	1	-0.2786	-0.6112
27	4	5.341	1	1	-1.718	-0.08958
27	4	0.2325	1	1	0.8758	0.1095
27	4	0.8376	0	0	1.174	0.3565
27	4	0.1454	0	0	0.8154	0.1731
27	4	0.1997	0	0	0.004751	0.6397
27	4	5.283	0	0	-1.528	-1.34
27	4	0.5349	0	1	-0.1209	1.647
27	4	0.5355	0	0	-0.1665	1.527
27	4	5.397	0	0	-1.823	-2.297
27	4	0.2381	0	0	0.3823	0.1095
27	4	0.146	1	1	1.442	0.04458
27	4	0.2049	0	0	-0.5555	0.6934
27	4	0.09669	1	0	-0.2769	-0.8649
27	4	1.876	0	0	1.088	0.7979
27	4	1.999	1	1	-0.3464	-0.3024
27	4	0.06653	1	1	0.0449	-0.2298
27	4	5.232	1	1	-1.013	-2.297
27	4	5.439	0	0	1.098	-0.8649
27	4	1.583	1	1	0.3012	-0.1589
27	4	1.779	1	1	-0.517	-0.1589
27	4	0.02349	1	0	-1.136	0.2355
27	4	0.01416	1	0	0.467	-0.8649
27	4	1.824	0	0	0.4147	-0.2298
27	4	0.3527	0	0	-0.462	1.138
27	4	0.4405	0	0	0.8402	2.049
27	4	5.455	1	1	0.8482	-2.029
27	4	0.8333	0	1	1.418	1.317
27	4	0.5574	0	1	-0.8769	0.6934
27	4	1.218	1	0	1.438	0.3565
27	4	0.3876	1	0	0.3729	-0.2298
27	4	0.8782	0	0	0.3201	-1.046
28	4	1.843	0	0	2.762	1.935
28	4	5.323	0	0	0.4708	0.3251
28	4	1.994	1	1	0.6606	-0.5694
28	4	0.8077	0	1	0.2623	1.935
28	4	5.186	1	1	0.7236	-0.43
28	4	5.182	0	0	0.8044	-1.315
28	4	0.08171	0	1	-0.3793	0.06086
28	4	1.647	1	1	-0.7258	-0.9559
28	4	0.6126	1	0	-0.3378	0.1699
28	4	0.6829	1	1	-1.102	-0.05315
28	4	5.526	0	0	0.2651	-0.3631
28	4	1.762	0	1	0.4257	0.8645
28	4	0.2493	1	1	0.3466	-0.6421
28	4	0.726	1	1	-0.07179	-0.9559
28	4	0.5618	0	0	-0.3569	-0.8737
28	4	0.3513	0	1	2.357	1.342
28	4	5.375	1	1	2.011	-1.22
28	4	1.859	0	0	1.618	-0.9559
28	4	0.1347	1	1	0.7959	1.472
28	4	2.01	0	0	0.3366	-0.6421
28	4	5.39	1	1	-0.531	-0.9559
28	4	0.8857	1	1	1.929	-1.315
28	4	0.4248	1	1	1.353	-0.43
28	4	0.02096	1	1	-0.1583	0.2227
28	4	1.91	1	0	-0.7384	-0.298
28	4	5.889	1	1	-2.831	-1.622
28	4	0.7934	1	1	1.697	1.656
28	4	0.0591	0	0	1.646	0.2744
28	4	0.4182	1	0	0.9338	2.478
28	4	0.1763	1	1	0.06757	-0.3631
28	4	1.128	0	1	1.239	1.472
28	4	0.4628	1	1	-1.306	-0.43
28	4	1.862	0	0	-0.102	-0.1726
28	4	5.451	0	0	-0.1638	-0.4987
28	4	5.254	1	1	0.08787	-1.041
28	4	0.4719	1	0	-0.3243	-0.05315
28	4	1.028	1	1	0.5546	0.3251
28	4	0.2098	1	0	-0.2414	-0.43
28	4	0.4218	0	1	0.06199	1.239
28	4	1.091	1	1	-0.2508	-0.7941
28	4	1.995	0	0	1.23	-0.5694
28	4	0.3551	0	0	0.4614	1.133
28	4	0.07689	1	1	-1.015	-0.7941
28	4	1.448	0	0	1.465	-0.05315
28	4	5.212	1	1	-0.8076	-0.7169
28	4	0.2061	0	1	-0.09111	1.096
28	4	0.1278	0	0	-2.085	0.4234
28	4	0.6881	0	0	-0.4452	-0.5694
28	4	0.5055	0	1	0.172	-0.1122
28	4	0.1431	0	0	0.7339	1.771
29	4	0.4184	1	1	1.505	1.297
29	4	0.5553	1	1	-0.2364	1.714
29	4	0.2416	0	0	-0.02766	0.6237
29	4	0.4432	1	1	-0.2871	0.3751
29	4	0.2678	1	1	-1.013	-0.01469
29	4	0.1842	0	1	-0.3984	0.4772
29	4	1.172	1	0	-0.2837	1.26
29	4	1.183	0	0	-0.5514	0.159
29	4	5.251	0	0	-0.0236	-0.6864
29	4	1.819	0	1	0.2855	1.104
29	4	0.8036	0	1	0.03115	-0.1368
29	4	1.716	0	0	0.05975	0.3226
29	4	0.396	0	1	0.3164	-1.469
29	4	0.008343	1	0	0.5459	-0.3981
29	4	5.379	0	0	-0.4283	-0.01469
29	4	5.542	1	1	-0.6361	-1.275
29	4	2.052	0	0	-0.1819	0.4772
29	4	0.3876	1	1	0.1191	-1.094
29	4	0.1868	1	0	-0.01662	-0.7633
29	4	5.611	1	1	0.3052	-1.183
29	4	1.785	1	1	0.3908	-1.094
29	4	5.061	1	1	0.07609	-0.6864
29	4	1.191	0	1	0.2265	1.104
29	4	0.8316	1	0	0.2207	0.3226
29	4	0.2461	1	0	0.3692	-1.094
29	4	1.744	1	1	-0.001927	-0.8424
29	4	0.7249	0	1	0.6588	0.5757
29	4	1.968	0	1	-0.3469	0.2691
29	4	0.8735	0	0	0.6391	-0.6115
29	4	5.632	1	1	-0.1657	-1.469
29	4	0.3387	0	1	0.4499	0.763
29	4	1.724	0	0	-0.5114	-1.183
29	4	0.6648	0	0	1.39	0.5269
29	4	0.2435	1	0	0.4212	1.931
29	4	0.05328	0	0	-0.01484	1.371
29	4	0.5579	1	1	0.6243	2.161
29	4	1.904	0	0	2.243	-0.3981
29	4	1.034	0	1	0.4316	1.022
29	4	5.468	1	1	-1.539	-1.008
29	4	1.784	1	1	1.702	0.04442
29	4	1.01	1	1	0.3801	-0.7633
29	4	1.794	1	1	-0.5034	-1.37
29	4	5.68	1	1	-0.3738	-1.183
29	4	0.4698	0	1	0.8961	-0.1368
29	4	0.7997	0	0	-1.067	-0.6115
29	4	0.6879	1	1	0.1111	1.443
29	4	5.471	0	0	0.1782	-0.6864
29	4	5.816	1	1	-0.5809	-0.6864
29	4	0.9401	0	1	-0.4392	-0.1999
29	4	0.5285	0	1	1.149	1.714
30	5	0.2642	0	1	0.07777	1.453
30	5	5.533	0	0	1.383	-0.06858
30	5	1.658	0	0	1.503	-0.162
30	5	5.363	1	1	-1.25	0.9764
30	5	0.2335	0	0	-0.2585	-0.2588
30	5	5.459	0	0	-0.4673	-1.578
30	5	0.5268	1	0	-0.1062	0.5423
30	5	0.5878	1	1	0.1649	1.126
30	5	1.267	0	0	-0.6337	-0.9948
30	5	0.3688	0	0	0.3466	-0.3087
30	5	0.904	0	1	-0.5223	1.267
30	5	0.4589	1	1	0.6788	1.529
30	5	1.744	0	0	0.9341	2.895
30	5	0.632	0	0	-1.653	-0.573
30	5	0.2645	0	1	-0.004337	0.8824
30	5	2.058	0	0	-0.7565	-0.162
30	5	1.855	1	0	-1.059	0.9141
30	5	0.7876	1	0	1.715	0.1513
30	5	0.7585	1	0	-0.2157	0.2749
30	5	0.6879	1	1	-0.9433	0.4687
30	5	0.202	1	1	-1.01	-0.0231
30	5	1.009	0	1	1.71	-0.3594
30	5	1.738	1	0	-1.098	-0.06858
30	5	1.866	0	0	2.843	-0.6867
30	5	0.4119	1	1	-0.03741	-1.061
30	5	5.529	1	1	0.9057	-0.6867
30	5	0.3634	1	1	0.154	0.3148
30	5	0.008718	0	0	0.3698	-0.518
30	5	2.045	1	1	-2.16	0.8503
30	5	5.641	1	1	-1.445	-0.9302
30	5	0.5325	1	1	0.248	-1.129
30	5	5.665	1	1	-0.707	-0.9948
30	5	0.8101	0	0	-0.9842	-0.6293
30	5	0.2907	0	1	-0.4203	0.1513
30	5	0.4085	1	1	-0.8969	0.8824
30	5	1.941	0	0	-0.772	-0.162
30	5	1.934	0	1	-1.18	1.322
30	5	0.8321	0	0	-0.0294	0.06556
30	5	5.291	0	0	-0.2522	0.431
30	5	0.6684	1	1	-1.572	1.212
30	5	1.692	1	1	1.096	-2.023
30	5	0.1414	0	0	-0.5216	-0.573
30	5	0.6416	1	1	-0.6599	1.578
30	5	0.003482	0	0	0.9681	-0.06858
30	5	0.4559	0	0	-1.087	-0.6867
30	5	5.45	1	1	-1.549	-1.42
30	5	0.2905	1	1	0.7446	0.6491
30	5	0.0908	1	0	0.7493	-1.661
30	5	5.916	0	0	-0.2468	-0.8056
30	5	5.535	0	0	-1.617	-1.344
31	5	0.3867	0	1	3.734	0.8608
31	5	1.466	0	0	0.9941	-1.415
31	5	1.005	0	1	0.8177	2.153
31	5	1.063	1	1	-0.813	0.7059
31	5	5.521	1	1	-0.5326	0.1852
31	5	0.4485	1	0	-0.4311	0.0392
31	5	5.347	1	1	-1.213	-1.855
31	5	0.3846	1	0	-0.3354	-0.1144
31	5	5.214	1	1	0.6711	-0.63
31	5	1.689	1	1	-0.6754	0.5
31	5	0.5148	0	0	-0.8086	0.0392
31	5	1.859	1	1	-2.78	1.008
31	5	0.9492	0	1	-0.7743	0.7843
31	5	0.9046	1	1	-0.1308	0.1373
31	5	0.02963	0	1	-0.7046	1.347
31	5	1.825	1	1	-0.07065	0.6658
31	5	0.3343	0	0	-0.07137	1.736
31	5	5.391	0	0	0.3171	0.08866
31	5	1.842	1	1	0.2977	0.8983
31	5	0.5365	1	1	0.08531	-0.06229
31	5	0.7268	0	1	0.3819	0.2322
31	5	0.9764	0	0	0.1969	-0.3325
31	5	5.31	0	0	-0.1129	-0.2764
31	5	0.5729	1	1	-1.371	0.8608
31	5	0.5288	1	1	-0.2745	0.7843
31	5	1.8	0	1	-0.1072	1.378
31	5	0.2092	1	1	-0.06612	-0.1674
31	5	1.81	1	1	-1.764	1.114
31	5	1.746	1	1	-0.51	1.044
31	5	0.2905	0	0	-0.3257	-0.568
31	5	0.06257	0	0	-0.4295	-1.951
31	5	5.83	1	1	-0.1319	-0.961
31	5	0.1587	1	1	0.2028	-0.8241
31	5	0.1385	1	1	-0.02896	-0.06229
31	5	1.315	1	1	-1.5	-0.06229
31	5	1.238	0	0	0.377	-1.105
31	5	2.188	0	0	-1.605	-0.758
31	5	0.138	0	1	1.276	0.3242
31	5	1.59	1	1	0.003994	-0.568
31	5	0.1646	0	1	1.32	0.1852
31	5	0.3761	0	1	-0.007909	1.282
31	5	0.5263	0	1	-1.608	0.7843
31	5	5.732	0	0	2.227	-2.261
31	5	5.386	0	0	0.8767	-1.671
31	5	5.47	1	1	0.8369	-1.498
31	5	0.9141	0	0	-0.7229	-0.2214
31	5	0.266	0	0	0.1528	-1.179
31	5	5.258	0	0	-2.297	-0.8918
31	5	0.7806	1	1	-1.831	0.7454
31	5	0.3017	1	1	-0.6263	-0.4479
32	5	0.9053	0	1	0.9823	0.9155
32	5	0.2477	0	1	2.17	0.8053
32	5	1.343	0	0	0.5466	1.647
32	5	0.6272	1	1	-0.6177	-0.1531
32	5	0.1481	0	1	0.2676	-0.7957
32	5	0.3748	1	1	0.533	0.8053
32	5	5.485	0	0	1.925	-0.9765
32	5	1.733	1	1	1.604	-1.368
32	5	1.04	1	1	-0.1538	-1.07
32	5	0.6959	0	1	-0.4347	0.8608
32	5	0.2754	1	0	-0.7215	0.6334
32	5	0.8728	1	1	-0.2028	-1.582
32	5	5.684	1	1	-0.07853	-1.167
32	5	0.01856	1	1	-0.1302	-1.368
32	5	0.2953	0	0	0.7813	0.262
32	5	1.626	1	1	0.7559	-1.07
32	5	5.206	1	1	-1.251	-1.81
32	5	1.132	0	0	0.4185	-0.5408
32	5	0.01033	0	1	0.09548	0.129
32	5	0.3656	0	1	0.9498	0.9693
32	5	1.89	0	0	-0.6204	-0.2273
32	5	0.06563	0	1	-0.4237	0.3267
32	5	0.3098	0	1	1.107	1.373
32	5	0.3438	0	1	1.311	0.06058
32	5	0.5125	1	1	0.08581	0.129
32	5	1.204	0	1	0.2852	1.126
32	5	1.126	1	0	0.2849	0.06058
32	5	5.615	1	1	1.536	-0.7957
32	5	1.883	1	1	0.02215	-0.7957
32	5	5.146	0	0	-0.5386	-0.1531
32	5	0.3303	1	1	0.9952	0.129
32	5	5.657	1	1	1.845	-1.81
32	5	1.821	1	1	1.311	1.022
32	5	0.864	0	0	0.1575	0.8053
32	5	0.8382	0	0	0.1363	-0.7086
32	5	1.461	0	0	2.29	-0.9765
32	5	0.4482	0	1	-0.5267	1.558
32	5	5.134	0	0	-0.08099	-0.7957
32	5	0.4956	0	0	-0.5707	-0.4598
32	5	0.2368	0	1	0.4327	1.558
32	5	2.09	1	1	1.841	0.8608
32	5	5.47	1	1	-1.206	-0.7957
32	5	0.05724	0	1	-0.8657	0.3267
32	5	2.224	1	1	0.2654	2.538
32	5	0.4201	0	0	1.74	-0.3806
32	5	1.976	1	1	1.036	-0.3806
32	5	0.3561	1	1	1.539	1.177
32	5	5.553	1	1	0.8309	-0.2273
32	5	5.347	1	1	0.07027	0.6334
32	5	0.1911	1	1	-0.1774	-0.3031
33	5	1.787	0	0	0.9863	0.289
33	5	0.01091	0	1	-0.7976	0.9274
33	5	1.022	0	0	-0.7521	1.214
33	5	5.436	1	1	-0.7529	-0.7604
33	5	0.08393	0	1	0.05164	1.002
33	5	5.476	1	1	-0.5919	-0.9076
33	5	5.903	1	1	-0.03463	-1.595
33	5	5.605	1	1	-0.07929	-1.405
33	5	1.479	1	1	-0.9515	-0.1271
33	5	0.7809	0	0	-0.4835	0.7312
33	5	0.2702	0	1	-1.022	1.346
33	5	1.962	0	0	-0.5363	0.1405
33	5	5.229	1	1	0.06789	-1.145
33	5	0.6265	0	0	-0.05134	0.8506
33	5	5.583	0	0	-0.8619	-0.9843
33	5	0.1911	1	0	0.1584	0.5193
33	5	1.292	0	0	-0.6993	0.1405
33	5	0.3223	0	0	0.1937	1.378
33	5	2.201	1	1	-1.64	-0.3626
33	5	2.329	0	1	0.2238	1.563
33	5	1.864	1	1	-1.331	-0.1841
33	5	0.3735	0	1	0.0305	-0.01683
33	5	0.8536	0	1	-0.276	-0.5541
33	5	0.7143	1	0	0.2789	0.5193
33	5	0.4438	1	0	-0.02523	1.622
33	5	5.628	0	0	-1.635	-1.798
33	5	0.8784	0	0	-0.9921	0.5193
33	5	1.044	0	0	-0.9036	-0.6898
33	5	5.2	0	0	-3.471	-0.3626
33	5	0.674	0	1	0.5661	-1.498
33	5	0.09932	1	1	-0.3582	1.314
33	5	0.00106	0	0	-1.374	-0.07142
33	5	2.038	1	1	-0.1511	-0.7604
33	5	0.1206	1	0	-0.1476	1.038
33	5	0.5163	0	0	-0.2412	1.346
33	5	0.4146	1	1	-1.169	0.2404
33	5	1.881	1	1	0.4375	-0.7604
33	5	5.465	1	1	-0.9368	-1.798
33	5	1.777	1	1	0.21	-0.6898
33	5	0.9089	0	0	-0.3322	-0.1841
33	5	0.4791	1	0	-0.03806	0.1909
33	5	1.396	1	1	-0.04779	-0.9076
33	5	5.573	1	1	-0.5121	-0.6898
33	5	0.5049	0	0	-0.5511	0.08907
33	5	0.7783	0	0	-0.9888	0.1909
33	5	2.044	1	1	-0.1538	-1.316
33	5	0.2096	1	1	-0.8175	-0.01683
33	5	1.038	0	1	0.8603	2.483
33	5	1.127	1	1	1.482	0.6901
33	5	0.499	0	1	-0.6822	-0.7604
34	5	5.409	1	1	-1.789	-1.261
34	5	2.521	0	1	0.4352	0.327
34	5	1.189	0	0	-0.2202	0.4724
34	5	0.1357	0	0	-3.289	0.3762
34	5	1.868	1	1	-1.666	0.0683
34	5	1.717	0	1	-1.77	0.1744
34	5	0.2792	0	0	0.2796	0.5193
34	5	0.5142	0	1	-0.366	1.369
34	5	1.871	0	0	0.6532	-0.5252
34	5	0.0225	1	1	-0.6071	-1.346
34	5	0.4444	1	1	-0.3053	-0.659
34	5	0.06092	1	0	-3.543	2.091
34	5	2.029	0	0	0.2689	-0.397
34	5	0.7009	1	1	-1.696	1.033
34	5	5.033	0	0	-0.8598	0.01384
34	5	1.047	1	1	0.3222	0.3762
34	5	5.417	1	1	-0.1873	-0.8712
34	5	0.3033	1	0	-1.165	0.6561
34	5	0.8417	0	0	-0.8152	1.541
34	5	1.119	0	0	-0.6539	0.2261
34	5	1.994	0	0	0.5813	-0.5914
34	5	2.099	0	0	0.9462	-0.2142
34	5	1.626	1	1	0.9652	-0.4604
34	5	0.339	1	1	-0.1089	-0.0416
34	5	1.564	1	1	0.2198	-0.3348
34	5	0.9217	1	1	-0.6026	-0.3348
34	5	0.7436	0	0	0.6863	0.327
34	5	0.9881	1	1	0.5884	-0.1556
34	5	0.8594	1	1	-0.03108	-1.432
34	5	1.69	1	1	1.78	-0.9454
34	5	5.461	0	0	-1.437	-0.8712
34	5	0.5847	0	0	-0.2275	-0.3348
34	5	5.211	1	1	-1.101	-1.806
34	5	1.048	0	0	1.058	-0.4604
34	5	0.009997	0	1	0.7739	1.111
34	5	5.529	0	0	-1.193	0.0683
34	5	0.2723	0	1	0.3297	1.298
34	5	5.473	1	1	-0.2374	-1.346
34	5	5.268	0	0	0.5921	-0.2739
34	5	0.0448	1	0	-0.3815	1.574
34	5	0.6042	1	1	0.1605	0.4724
34	5	0.3001	0	0	-0.9704	0.9936
34	5	0.7491	0	0	-0.6138	0.277
34	5	0.5304	0	0	0.7517	-0.2739
34	5	1.018	1	1	-0.2699	-1.613
34	5	5.397	1	1	-0.9921	-2.467
34	5	0.1527	1	1	0.04308	2.484
34	5	0.2635	1	0	1.368	0.327
34	5	5.485	0	0	-0.3485	-0.1556
34	5	0.1632	1	1	-0.4708	0.9936
35	5	5.26	0	0	-0.7238	-0.7779
35	5	0.7766	1	0	-0.397	0.1274
35	5	0.6999	0	0	-1.438	2.316
35	5	1.023	1	1	0.3855	-0.2553
35	5	0.6338	0	0	-0.4239	2.452
35	5	0.01624	1	1	-0.9022	0.005418
35	5	1.776	0	1	0.645	-0.7779
35	5	0.2479	1	1	-0.7425	2.316
35	5	0.2376	1	0	0.4226	0.62
35	5	0.1913	1	1	-1.267	1.832
35	5	0.2965	1	1	-0.6446	-0.6186
35	5	5.255	1	1	-0.6346	-0.861
35	5	0.1504	1	1	-0.5431	1.765
35	5	0.7075	0	0	-2.199	0.1274
35	5	0.1545	0	0	-0.6855	0.1865
35	5	1.743	0	0	-0.8553	-0.6186
35	5	5.772	1	1	-0.9117	-1.035
35	5	0.8781	0	0	-0.4775	-0.1879
35	5	0.4015	1	1	1.054	0.952
35	5	5.742	0	0	-1.64	-0.1879
35	5	5.107	0	0	-2.688	-0.9465
35	5	0.4663	1	1	-1.738	-0.2553
35	5	0.1446	0	0	-0.001886	0.4114
35	5	0.2873	0	1	-1.034	0.861
35	5	1.946	1	1	-1.942	-1.742
35	5	0.2837	0	1	1.738	-0.05758
35	5	0.83	0	0	-1.083	1.368
35	5	1.846	1	1	-3.745	-0.7779
35	5	1.995	0	1	-0.5718	1.04
35	5	5.477	0	0	-1.276	0.4114
35	5	1.309	1	1	1.209	-0.4677
35	5	1.64	0	0	-1.77	-1.22
35	5	1.003	1	0	-0.0885	-0.05758
35	5	1.941	0	0	0.4532	1.083
35	5	0.5612	1	0	-0.01202	-0.3952
35	5	0.598	1	1	-1.153	0.06706
35	5	0.28	0	0	0.6811	0.861
35	5	1.669	1	1	3.455	-1.126
35	5	5.129	1	1	-0.7779	-0.7779
35	5	5.691	0	0	0.3566	-0.2553
35	5	0.9567	0	1	-0.4468	0.62
35	5	5.049	1	1	-1.195	-1.317
35	5	0.9537	1	1	0.6561	-0.6186
35	5	0.8163	1	1	-0.5764	-1.22
35	5	0.2949	0	0	-2.004	-0.1879
35	5	0.4383	1	0	0.6554	-0.05758
35	5	0.3439	1	1	-2.292	-0.9465
35	5	5.455	0	0	1.306	-0.5422
35	5	0.5668	0	1	-1.097	-0.1879
35	5	1.943	1	1	-1.206	-0.9465
36	5	1.787	1	1	0.8704	-0.4146
36	5	0.7527	0	0	0.5205	1.112
36	5	0.7728	0	0	-0.3699	-0.4812
36	5	5.698	0	0	-0.6221	-0.9233
36	5	0.1721	1	0	0.1385	0.3691
36	5	0.1958	0	1	0.4057	0.1165
36	5	0.4428	0	1	-0.281	-0.4146
36	5	0.1104	0	0	-0.8649	2.195
36	5	1.748	0	0	0.2257	0.2711
36	5	1.229	1	1	-0.602	0.1165
36	5	5.447	0	1	-0.6492	2.053
36	5	0.2958	0	1	-0.153	-1.005
36	5	5.828	1	1	-1.425	-1.461
36	5	0.2869	1	1	-0.07524	0.2711
36	5	1.578	1	1	-0.985	-1.005
36	5	1.918	1	1	-0.2322	0.1691
36	5	5.363	1	1	0.42	-1.178
36	5	1.817	1	0	1.204	0.5985
36	5	5.202	0	0	-0.9355	-0.6925
36	5	2.248	1	1	-1.289	-0.6201
36	5	0.7367	1	1	-0.05757	1.076
36	5	0.4368	1	0	0.09899	0.1691
36	5	1.019	1	0	-0.1664	0.5543
36	5	0.3194	0	0	0.0454	2.264
36	5	5.259	1	1	-0.6089	-1.78
36	5	0.2863	0	0	-1.018	0.4167
36	5	0.2402	1	1	0.1053	1.317
36	5	1.13	1	1	0.6869	-1.09
36	5	5.505	0	0	0.635	0.5543
36	5	0.8681	0	0	0.7077	0.4167
36	5	0.844	1	0	0.5489	0.2207
36	5	0.7428	0	1	0.1295	2.053
36	5	0.2149	0	0	0.4759	-0.6925
36	5	0.4501	0	0	-0.1631	1.217
36	5	5.67	0	0	-2.295	-0.4146
36	5	0.3142	1	1	-0.2311	-1.005
36	5	5.795	1	1	0.71	-1.669
36	5	0.8608	1	1	-1.067	0.9267
36	5	0.1818	0	1	-0.1416	-0.1645
36	5	1.057	1	1	0.7932	0.007891
36	5	1.188	0	0	-0.5195	0.1165
36	5	1.838	1	1	-1.457	-1.461
36	5	0.2519	1	1	1.276	0.007891
36	5	0.6585	1	1	-2.737	-0.5497
36	5	1.75	1	0	2.191	0.2711
36	5	2.064	1	1	-4.891	-1.268
36	5	0.008546	0	0	0.5044	0.8086
36	5	0.3769	0	1	1.068	-0.6201
36	5	5.174	0	0	-3.004	-0.7671
36	5	0.3837	0	1	0.7802	0.007891
37	5	5.944	1	1	0.876	-0.3035
37	5	1.668	0	0	-0.04612	-0.9561
37	5	0.8044	1	0	-0.4266	1.092
37	5	1.07	1	0	-0.1108	-0.3771
37	5	2.112	1	1	-0.6879	0.1633
37	5	0.593	1	1	0.5756	-0.693
37	5	0.3531	1	1	0.4959	0.03776
37	5	0.8229	0	0	-0.2705	0.2833
37	5	5.151	1	1	-0.9677	-1.147
37	5	0.343	1	1	-0.5555	-0.4528
37	5	0.4059	0	1	-0.6	0.03776
37	5	5.445	0	0	0.8473	-1.247
37	5	1.902	0	0	-0.8502	-0.9561
37	5	0.3021	1	1	-0.5238	1.422
37	5	5.655	0	0	0.3668	-0.693
37	5	1.998	1	1	-0.6513	-0.5305
37	5	0.7345	0	1	0.4988	-0.3771
37	5	1.639	1	1	-0.2783	1.262
37	5	1.085	1	1	0.3421	-0.5305
37	5	5.476	1	1	0.5169	-1.247
37	5	0.3102	1	1	0.7868	-0.7779
37	5	0.4097	0	1	-0.5046	1.383
37	5	0.2598	0	1	0.8725	0.8159
37	5	0.3557	0	1	1.659	0.9111
37	5	5.155	0	0	1.197	-0.3771
37	5	0.6054	0	0	1.85	2.107
37	5	0.9398	0	0	1.499	2.395
37	5	5.365	0	0	-0.6059	-0.6106
37	5	0.5393	1	1	0.385	-0.693
37	5	0.2436	1	0	-0.7332	2.368
37	5	0.503	0	1	2.085	-0.4528
37	5	0.8236	1	1	-0.6032	0.8639
37	5	1.879	0	1	0.15	0.6666
37	5	1.682	1	1	2.23	-0.3035
37	5	0.5145	1	1	0.1072	-0.4528
37	5	5.513	1	1	-1.399	-1.05
37	5	5.452	0	0	0.04641	-1.247
37	5	2.241	1	1	0.8804	-0.9561
37	5	1.944	1	1	2.345	-0.6106
37	5	0.3623	1	1	-0.6412	-0.1619
37	5	0.1274	0	1	0.285	0.3984
37	5	1.845	0	0	0.1569	-0.5305
37	5	0.4691	0	1	-0.1927	1.919
37	5	0.4162	0	0	-0.3375	-0.7779
37	5	5.726	1	1	-0.5361	-0.6106
37	5	0.5547	0	1	-0.2686	-0.1619
37	5	0.4895	0	0	-0.8915	1.136
37	5	1.119	1	1	-0.6717	-1.05
37	5	0.5966	1	0	-0.6094	1.303
37	5	1.091	0	0	0.597	-0.2318
38	5	1.843	0	0	-0.4111	1.941
38	5	5.614	0	0	0.3052	-1.102
38	5	1.717	1	1	-1.004	-0.1445
38	5	0.8848	0	0	-1.027	-0.1445
38	5	5.788	1	1	0.07649	-1.008
38	5	4.831	0	0	0.5195	-0.6608
38	5	0.4298	0	1	-1.162	-0.1445
38	5	1.95	1	1	0.6248	-0.2124
38	5	0.5383	1	1	0.9465	-0.01353
38	5	0.8512	1	0	-1.255	0.2884
38	5	5.329	0	0	-0.03269	-0.2822
38	5	1.931	0	0	-0.3786	2.149
38	5	0.469	1	1	0.1528	-0.5807
38	5	1.138	1	0	-0.8614	0.9438
38	5	0.1424	1	1	-0.6961	1.032
38	5	0.3799	0	0	-0.203	0.9438
38	5	5.434	1	1	0.3546	-1.301
38	5	1.591	0	0	-0.344	-0.1445
38	5	0.3903	0	0	0.7853	-0.7434
38	5	1.747	0	1	-1.275	1.648
38	5	5.436	1	1	-0.5765	-1.63
38	5	0.8317	1	1	0.6661	0.1716
38	5	0.2282	1	1	-0.3508	1.117
38	5	0.2538	1	1	-0.5781	0.2884
38	5	1.476	1	1	0.6917	0.8061
38	5	5.458	1	1	-0.4827	-1.63
38	5	1.05	1	1	0.1537	-1.102
38	5	0.2453	0	1	-1.567	1.032
38	5	0.3779	1	1	0.2601	2.149
38	5	0.4051	1	1	-0.5657	-0.01353
38	5	0.725	0	0	-0.2293	0.661
38	5	0.009488	0	1	0.5917	0.1716
38	5	1.719	0	0	-1.199	0.3449
38	5	5.692	0	0	-0.05314	-0.1445
38	5	5.499	1	1	1.506	-0.2124
38	5	0.9493	1	0	2.013	0.7102
38	5	1.089	1	1	0.2192	-1.102
38	5	0.08908	1	1	0.1262	0.04962
38	5	0.3645	0	0	0.5562	0.04962
38	5	1.139	1	1	-0.3324	0.04962
38	5	1.856	0	0	-0.7005	-2.604
38	5	0.2786	0	0	0.9752	0.5076
38	5	0.4585	1	1	0.3216	0.1716
38	5	2.024	0	0	-2.108	0.8987
38	5	5.575	1	1	2.027	-2.005
38	5	0.4145	0	0	-0.3302	-0.7434
38	5	0.1147	1	1	0.8378	-0.3537
38	5	0.1623	0	0	-0.718	0.1113
38	5	0.6164	0	0	-1.775	0.2884
38	5	0.02769	1	0	0.8454	-0.5029
39	5	0.2585	1	1	1.939	-0.1707
39	5	0.4589	1	0	0.9092	-0.03932
39	5	0.02906	0	0	0.5001	-0.7717
39	5	0.405	1	1	0.495	-0.3089
39	5	0.1693	1	1	0.5063	0.2636
39	5	0.09654	0	0	-1.464	0.4302
39	5	0.9408	1	1	0.7658	1.01
39	5	0.6008	0	1	1.18	1.053
39	5	5.107	0	0	-0.475	-1.229
39	5	1.791	0	1	1.278	1.558
39	5	0.9223	0	0	-0.9024	1.593
39	5	2.062	0	0	0.4745	-0.3807
39	5	0.9711	0	0	0.835	0.2057
39	5	0.2126	1	1	0.7879	0.6869
39	5	5.324	0	0	-1.073	-0.3089
39	5	5.278	1	1	1.019	-0.6888
39	5	1.726	0	0	1.178	-1.436
39	5	0.3082	1	1	0.6511	-0.03932
39	5	0.4489	1	0	0.07943	-0.6084
39	5	5.601	1	1	-2.594	-1.131
39	5	1.51	1	1	0.6868	0.08596
39	5	5.581	1	1	1.669	0.08596
39	5	0.7964	0	0	-2.035	-0.6084
39	5	1.076	1	0	0.5612	0.02405
39	5	0.7182	1	1	-0.8112	-0.3807
39	5	1.776	1	0	1.599	1.053
39	5	0.778	0	0	-0.6741	-0.2389
39	5	1.608	0	0	0.3651	0.9212
39	5	0.9885	0	0	0.1074	1.258
39	5	5.573	1	1	0.3222	-2.037
39	5	0.2721	0	1	0.1446	-0.5303
39	5	2.043	0	0	-0.4919	-0.6888
39	5	0.5315	0	1	-0.7358	-0.5303
39	5	0.1952	1	1	0.584	1.412
39	5	0.176	0	0	1.275	0.1465
39	5	0.3807	1	0	0.536	0.5871
39	5	1.922	0	0	-0.09562	1.178
39	5	1.007	0	0	1.415	-0.03932
39	5	5.538	1	1	0.2167	-2.037
39	5	2.027	1	1	0.2889	-0.5303
39	5	1.225	1	1	0.1593	-0.3089
39	5	2.103	1	1	-0.1313	0.4836
39	5	5.476	1	1	1.162	-0.4545
39	5	0.1334	0	1	-2.859	-1.436
39	5	1.057	0	0	-2.039	-0.03932
39	5	0.4074	1	1	0.1053	1.662
39	5	5.227	0	0	1.255	-0.6888
39	5	5.589	1	1	-0.1563	-1.906
39	5	1.009	0	0	1.972	2.013
39	5	0.1104	0	0	-0.877	1.859
40	6	0.8459	0	0	0.4434	1.855
40	6	1.026	1	1	0.6234	1.489
40	6	3.585	1	1	-0.3053	-1.047
40	6	0.04352	1	0	0.6377	1.073
40	6	0.824	1	1	0.06853	0.3713
40	6	3.505	1	1	-0.5614	-0.8708
40	6	0.5852	1	0	2.307	-0.05272
40	6	0.4372	1	0	0.9746	1.489
40	6	0.3903	0	1	-0.2836	-0.2546
40	6	0.08501	0	0	-0.3075	0.9358
40	6	0.344	1	0	-0.4983	-0.7044
40	6	0.9767	0	0	1.311	-0.7044
40	6	0.3595	0	0	2.769	-0.7864
40	6	0.009784	1	0	0.3362	-0.8708
40	6	3.52	1	1	2.151	-0.1185
40	6	0.00606	0	0	1.942	-1.761
40	6	0.1309	1	1	0.6309	0.8886
40	6	3.362	1	1	0.04866	1.246
40	6	0.2293	1	0	-0.08922	0.01166
40	6	0.5212	1	1	1.465	1.641
40	6	0.4902	1	1	2.023	0.1969
40	6	0.1742	0	0	0.9395	-1.878
40	6	0.1035	0	0	2.059	-0.05272
40	6	0.7576	0	0	0.9857	0.5891
40	6	3.726	0	0	-0.6772	0.1364
40	6	0.08093	0	1	1.399	-0.7864
40	6	0.4263	1	0	0.6942	-0.8708
40	6	0.5316	0	1	0.6328	-0.6246
40	6	0.2399	0	0	2.078	-0.6246
40	6	0.192	0	1	0.9752	1.204
40	6	3.41	1	1	0.8074	-0.6246
40	6	0.7458	1	0	1.169	-0.8708
40	6	0.1929	1	1	-0.6802	1.528
40	6	3.753	1	1	0.4719	-1.648
40	6	0.735	0	1	-0.0273	-0.7044
40	6	0.309	1	1	0.6308	-0.325
40	6	0.01997	1	0	-0.4079	0.3713
40	6	3.613	0	0	0.1406	-0.9575
40	6	3.786	0	1	0.7401	1.204
40	6	0.4225	0	1	0.8667	0.1969
40	6	0.06218	0	1	1.113	-0.4711
40	6	0.3072	0	1	-0.5473	-0.7044
40	6	3.761	0	0	0.02475	-1.139
40	6	0.2733	0	1	-0.4643	0.7426
40	6	0.5622	0	1	2.386	-0.9575
40	6	0.7856	0	1	0.4763	1.714
40	6	0.6584	0	1	-0.1319	0.9822
40	6	0.3034	1	0	-0.1859	1.073
40	6	0.6934	1	1	0.8354	-0.9575
40	6	0.04523	1	0	0.09787	0.4272
41	6	3.624	0	0	1.76	0.07238
41	6	0.3537	0	1	1.123	0.4712
41	6	0.8922	0	0	-0.09844	1.694
41	6	3.483	1	1	-0.6097	-1.139
41	6	0.1535	0	1	1.124	0.3073
41	6	0.3886	1	1	0.7878	-0.9555
41	6	0.6812	1	1	0.3567	0.07238
41	6	0.2175	1	1	-0.316	-0.3223
41	6	0.05201	1	0	-0.4609	-0.8679
41	6	0.4878	1	1	0.4472	1.211
41	6	0.8381	0	0	-0.6132	0.5752
41	6	1.065	0	0	-0.0004608	-0.6208
41	6	0.4785	1	0	0.1228	0.6259
41	6	0.4551	0	1	0.304	-1.236
41	6	0.3408	1	0	-0.9355	1.291
41	6	0.5336	1	1	-0.1038	-0.3223
41	6	0.5986	0	1	0.3681	0.8195
41	6	3.775	1	1	0.2017	-0.4675
41	6	0.1015	0	1	1.35	2.219
41	6	0.723	0	1	0.1943	1.481
41	6	0.8657	1	0	0.8766	0.5237
41	6	1.138	0	0	-0.1842	-0.6208
41	6	0.3129	0	0	0.03312	0.07238
41	6	0.5184	1	1	0.3421	-0.4675
41	6	3.617	1	1	0.04941	-1.139
41	6	0.3098	0	0	-0.06413	-0.8679
41	6	3.381	0	0	-0.4963	-1.139
41	6	1.21	0	1	0.4344	0.363
41	6	1.007	1	1	-0.05133	-1.236
41	6	0.11	0	0	-1.234	0.4712
41	6	0.3234	1	0	1.595	-0.7831
41	6	0.1601	0	1	0.1862	-0.7831
41	6	0.003062	0	1	-0.03815	-0.1179
41	6	0.3475	1	1	2.047	-0.05301
41	6	3.27	0	0	-0.1602	0.7244
41	6	1.028	0	0	1.271	2.329
41	6	0.5044	1	1	1.058	-0.8679
41	6	0.3303	1	1	0.1848	0.1923
41	6	0.2415	0	0	0.9663	1.087
41	6	0.8607	0	1	-0.8916	-1.236
41	6	0.9656	0	1	0.5566	-1.661
41	6	3.984	1	1	0.8025	-0.8679
41	6	3.712	0	0	1.438	-0.05301
41	6	0.3078	1	0	0.6787	0.8658
41	6	0.3786	0	1	-0.1953	1.291
41	6	0.1238	1	0	0.6372	1.044
41	6	0.008469	0	1	0.7873	1.044
41	6	3.924	1	1	0.8993	-1.779
41	6	3.555	1	1	0.4559	-0.6208
41	6	0.5703	1	1	1.314	-0.6208
42	6	3.846	0	1	1.752	1.032
42	6	0.9458	0	1	1.57	1.911
42	6	1.092	1	1	0.1081	-0.143
42	6	0.06039	1	1	-0.5768	-0.7498
42	6	0.2366	0	1	0.06827	1.282
42	6	3.788	1	1	0.3204	-0.9897
42	6	0.4951	1	0	1.736	-0.7498
42	6	1.006	1	1	0.4997	-0.8273
42	6	3.669	0	0	-0.3468	-0.6747
42	6	3.483	1	1	-0.6135	-0.6018
42	6	0.2982	1	0	0.499	-0.8273
42	6	0.1403	1	1	1.108	0.0306
42	6	0.0339	1	0	-0.09648	1.316
42	6	0.7288	0	0	-1.224	-0.8273
42	6	3.509	0	0	-0.4862	-0.6018
42	6	0.05694	0	1	-2.53	0.4894
42	6	0.2329	0	1	2.489	2.795
42	6	0.4417	1	0	2.438	-0.0838
42	6	0.7411	0	0	1.206	1.631
42	6	3.554	0	0	0.1581	-0.9897
42	6	3.887	0	0	-0.535	-0.6018
42	6	0.06922	0	0	-0.3784	0.3944
42	6	0.3646	0	1	-1.229	1.963
42	6	0.5	1	0	0.4947	-0.9897
42	6	0.1849	0	1	0.9994	-0.8273
42	6	0.4551	1	1	0.2924	-0.143
42	6	0.6901	0	0	2.145	0.6254
42	6	0.1101	0	1	0.8549	0.5355
42	6	0.2504	1	1	0.2135	0.2449
42	6	0.3757	0	0	1.164	1.032
42	6	0.6094	1	1	1.216	-0.6747
42	6	0.9851	0	0	-0.2479	0.0306
42	6	1.092	1	1	0.3259	-0.3295
42	6	3.539	0	0	-0.4748	-0.7498
42	6	0.2615	1	0	-0.3109	-0.6018
42	6	3.351	0	0	0.003512	-0.9897
42	6	0.1657	0	0	-0.2826	1.316
42	6	0.7394	0	0	0.2471	0.2957
42	6	0.5741	1	0	-0.2819	0.3944
42	6	0.7338	1	1	-1.394	-1.255
42	6	0.2327	1	0	0.3285	0.4894
42	6	0.01565	1	0	0.3277	-0.0838
42	6	0.6876	1	1	1.253	-1.448
42	6	0.2998	0	1	-0.668	-1.448
42	6	0.2953	1	0	0.8823	0.9943
42	6	0.1796	1	0	0.3995	0.0306
42	6	0.4254	1	0	1.273	0.837
42	6	0.3608	1	1	-0.2614	-1.255
42	6	3.64	1	1	1.073	-1.163
42	6	0.1299	1	0	-0.6802	0.9559
43	6	0.329	1	1	2.771	1.475
43	6	3.736	1	1	0.3694	-0.111
43	6	0.5863	1	0	0.7917	2.651
43	6	0.7937	1	1	-0.2816	1.825
43	6	0.4857	0	1	-0.8592	0.004143
43	6	0.6578	1	0	0.5233	0.7598
43	6	0.9161	0	1	-0.5164	0.2182
43	6	3.663	1	1	1.171	-1.051
43	6	0.07384	1	0	-0.1817	0.4599
43	6	0.9073	0	1	0.5262	0.5053
43	6	0.1836	0	0	0.3416	0.7193
43	6	3.502	0	0	-0.16	0.6361
43	6	1.044	1	1	-0.03693	0.0596
43	6	0.09561	1	1	-0.2856	1.875
43	6	0.2276	0	0	0.3672	0.8386
43	6	0.1334	1	1	-0.3749	1.355
43	6	4.024	1	1	0.7261	-1.552
43	6	0.763	0	1	-1.269	-0.718
43	6	3.812	0	0	0.6899	-0.6419
43	6	0.356	1	1	0.5755	-0.4279
43	6	0.4773	1	1	-0.7099	-0.2957
43	6	0.293	0	1	-0.3648	0.1666
43	6	0.1939	0	1	0.8055	-0.4279
43	6	0.08171	0	0	-0.1835	-0.4279
43	6	0.6465	1	1	-0.2886	-0.05271
43	6	0.2289	1	0	0.1466	0.1137
43	6	0.2187	0	1	0.4915	0.1666
43	6	3.773	0	0	0.5058	-0.6419
43	6	3.567	1	1	0.3798	-0.4279
43	6	0.5012	0	0	0.7034	1.825
43	6	0.1038	1	1	0.03694	-1.443
43	6	3.949	1	1	0.3275	-0.497
43	6	0.1722	0	0	1.436	0.1666
43	6	0.05103	1	0	0.2088	0.004143
43	6	3.962	1	1	-0.9855	-0.8785
43	6	1.066	1	1	-1.088	-0.8785
43	6	0.2061	0	0	-0.2568	-1.668
43	6	0.2788	0	1	1.877	-1.552
43	6	0.3444	0	0	1.093	0.2182
43	6	0.8978	1	0	-0.3608	0.2182
43	6	0.2692	0	1	0.2521	0.6781
43	6	0.5525	0	0	-0.3461	-0.8785
43	6	0.7128	1	1	0.4114	1.416
43	6	0.1836	1	1	1.283	-1.338
43	6	0.05084	0	1	-0.4918	-0.6419
43	6	0.7445	1	1	-0.3624	-1.051
43	6	0.1793	1	1	-0.5598	-0.497
43	6	0.6412	0	0	1.72	0.4599
43	6	3.562	1	1	-0.7199	-1.552
43	6	0.05727	1	0	-1.274	0.8386
44	6	3.63	1	1	0.1898	-0.1533
44	6	3.681	1	1	-0.5736	-0.9343
44	6	0.2086	0	0	0.2217	0.6277
44	6	0.1601	1	1	-1.161	-1.49
44	6	3.655	1	1	0.06296	-1.143
44	6	0.6625	0	0	-2.037	-1.749
44	6	0.2189	0	0	-2.162	-0.0789
44	6	1.066	1	0	-0.7351	-0.0789
44	6	1.138	0	0	0.272	-0.8356
44	6	0.4662	0	0	-0.4171	0.2652
44	6	0.3783	0	1	-0.4619	-0.0065
44	6	0.8089	1	1	0.158	-0.6483
44	6	0.6143	1	1	0.1117	2.481
44	6	0.3032	0	0	-0.8047	0.5706
44	6	0.0858	0	0	0.07148	0.2652
44	6	0.1118	1	0	-0.7215	-0.1533
44	6	0.3405	0	1	-0.04891	-1.37
44	6	0.4012	1	1	-1.234	-0.3895
44	6	0.05422	1	0	0.7028	0.5706
44	6	0.2397	0	0	-0.3026	2.048
44	6	3.729	0	1	0.1565	0.1328
44	6	0.9776	0	1	0.3104	-0.2298
44	6	1.13	1	1	-0.3231	0.1328
44	6	0.1188	0	1	0.768	2.423
44	6	0.3771	0	0	-0.9357	1.652
44	6	0.2684	1	1	-0.5294	-1.254
44	6	0.008425	0	1	-1.071	-0.3895
44	6	0.2474	1	1	-0.09355	0.3291
44	6	0.4923	1	1	0.9788	0.1328
44	6	0.3758	1	1	-0.6299	0.1328
44	6	3.833	0	0	-0.8922	-1.617
44	6	1.245	0	0	0.1506	-0.3085
44	6	3.415	1	1	0.6683	-0.1533
44	6	3.89	1	1	-1.344	0.5706
44	6	0.2739	0	0	0.00853	-0.8356
44	6	1.111	0	1	-0.2507	0.6277
44	6	0.7689	1	1	1.963	-0.473
44	6	0.3381	0	0	-1.247	0.2652
44	6	3.147	1	1	-0.7322	-0.0789
44	6	0.1146	0	0	-0.3242	0.7923
44	6	0.859	1	1	-0.1747	0.1998
44	6	3.57	1	1	0.3372	-1.037
44	6	0.4143	0	0	1.182	0.06402
44	6	0.7656	0	0	0.9952	-0.5592
44	6	0.6251	0	0	2.586	1.451
44	6	0.7306	1	1	1.021	-1.749
44	6	0.3174	0	1	1.142	1.366
44	6	3.474	1	1	0.4164	-0.6483
44	6	0.041	0	0	0.413	-0.2298
44	6	0.5223	1	1	0.2325	1.492
45	6	0.1156	1	1	0.7463	-0.4946
45	6	3.47	1	1	-0.3851	-0.351
45	6	0.09414	1	0	0.2284	0.8239
45	6	0.03742	0	0	-0.9335	-0.4946
45	6	0.8043	0	0	1.036	1.125
45	6	0.586	1	1	-0.442	0.2153
45	6	1.139	1	0	-1.203	-1.067
45	6	3.742	0	0	0.6341	-0.8906
45	6	0.352	0	1	-2.204	0.8239
45	6	0.9257	1	1	0.4495	-0.08474
45	6	0.3548	1	0	-0.7282	-1.912
45	6	0.3844	1	1	-0.1425	1.042
45	6	0.7349	0	0	-0.6967	1.504
45	6	0.5015	1	1	-1.073	-0.1489
45	6	3.93	0	0	0.2831	-0.2146
45	6	1.183	0	1	0.1555	0.5865
45	6	0.007783	0	1	-0.7386	-0.8066
45	6	0.1533	0	0	0.3149	1.125
45	6	0.3363	0	0	1.872	1.165
45	6	3.769	1	1	0.5412	-0.8906
45	6	0.1861	1	0	0.6459	-0.282
45	6	0.422	0	1	-0.1918	2.134
45	6	3.662	1	1	1.489	-1.564
45	6	0.6662	1	1	0.3376	1.504
45	6	0.06384	1	1	2.001	1.321
45	6	0.1896	0	0	0.8165	0.2715
45	6	0.6626	1	1	0.5301	-1.791
45	6	3.768	0	0	-0.06665	-1.255
45	6	0.7846	0	0	-0.2919	-0.4219
45	6	0.6458	1	1	-0.1495	-0.5693
45	6	0.08216	1	1	-1.088	-0.9771
45	6	0.4035	1	1	0.1863	-0.4946
45	6	3.747	1	1	0.3398	-0.8066
45	6	0.3465	0	1	0.7553	-0.282
45	6	0.3566	0	1	1.048	1.539
45	6	0.4389	1	1	-0.9413	0.03925
45	6	0.3156	1	0	-0.5438	0.7314
45	6	3.669	1	1	-0.2547	-1.457
45	6	0.415	0	0	0.9082	0.3806
45	6	0.4796	0	0	1.131	1.244
45	6	0.4119	0	0	-0.9498	0.3266
45	6	0.3638	1	1	0.09994	-0.1489
45	6	1.242	0	1	0.7756	0.03925
45	6	0.949	0	1	0.8104	-0.1489
45	6	0.2382	1	1	-0.1201	-0.8906
45	6	0.9565	0	0	-1.493	0.03925
45	6	3.539	0	0	-0.2956	-1.457
45	6	0.7878	1	1	-0.4006	1.742
45	6	0.3381	0	0	0.316	0.8239
45	6	3.841	0	0	0.7388	-0.6462
46	6	0.447	1	1	0.646	0.06223
46	6	3.418	0	0	0.2381	0.2718
46	6	0.3005	1	0	0.7152	-0.4228
46	6	0.1529	1	1	0.9389	0.06223
46	6	0.03122	0	1	0.5127	1.435
46	6	0.06394	0	1	0.8158	1.21
46	6	1.181	0	1	1.242	1.465
46	6	3.659	1	1	0.08264	-1.216
46	6	0.09165	1	1	1.365	1.776
46	6	0.06632	0	1	0.2479	-0.2919
46	6	0.2115	0	0	2.131	0.37
46	6	1.026	0	1	1.247	0.6422
46	6	3.777	0	0	0.2717	-0.04999
46	6	0.5346	0	1	-0.01935	-0.1678
46	6	0.3709	1	1	0.1569	-1.216
46	6	1.323	0	1	-0.01688	-0.4911
46	6	0.3642	0	0	0.2933	0.9621
46	6	1.293	0	0	0.4245	-0.2919
46	6	0.09211	1	0	-0.1776	0.9244
46	6	0.3353	1	1	0.9392	-0.786
46	6	0.7311	1	1	0.08206	0.1693
46	6	0.1726	1	0	0.3088	2.143
46	6	0.4623	1	0	0.3307	1.723
46	6	0.0911	1	1	0.9514	-0.229
46	6	0.5786	0	1	-0.8279	-0.1082
46	6	3.784	0	0	1.373	-1.123
46	6	0.4076	0	0	0.3461	1.88
46	6	3.756	1	1	-0.3168	-2.124
46	6	0.08289	1	1	-0.4605	0.1693
46	6	0.01595	0	1	1.772	-1.216
46	6	3.549	1	1	-0.7775	-1.412
46	6	0.2893	0	1	2.33	0.8472
46	6	3.999	1	1	-2.418	-1.216
46	6	1.109	0	0	1.382	-0.229
46	6	0.1148	0	1	-4.998	-0.8659
46	6	0.5395	1	1	1.156	-0.3564
46	6	0.5657	1	0	0.8703	-0.4228
46	6	0.4186	0	0	0.9549	0.9244
46	6	0.9307	1	1	0.251	-1.034
46	6	0.8207	1	0	-1.159	0.006786
46	6	3.725	1	1	-0.2579	-1.312
46	6	3.638	0	1	-0.887	0.006786
46	6	0.2001	1	1	-0.2577	0.4643
46	6	0.8942	1	1	0.5829	-0.8659
46	6	0.2388	1	0	0.8306	1.21
46	6	0.5795	0	1	-0.3623	-0.3564
46	6	0.07424	0	1	0.1942	-0.4228
46	6	0.1188	0	1	-0.9524	-0.5614
46	6	0.7607	1	1	1.176	1.277
46	6	4.128	1	1	0.3813	-1.216
47	6	0.05373	1	1	0.446	-0.008865
47	6	0.9579	0	1	0.1387	0.9571
47	6	0.08307	1	1	-0.1122	1.517
47	6	0.2744	0	0	-0.2937	1.587
47	6	0.05185	1	1	-0.1624	0.4507
47	6	0.2352	1	1	-1.464	-0.7724
47	6	0.01062	1	1	-1.161	-0.6463
47	6	0.1309	0	1	-1.538	-0.4694
47	6	0.2897	1	1	0.1258	-0.6463
47	6	0.9626	0	1	-0.8252	-0.7724
47	6	0.3907	0	1	-1.662	0.6324
47	6	0.5672	1	1	-1.733	-0.9059
47	6	3.437	1	1	0.4348	-1.048
47	6	0.1388	1	1	-0.2253	-0.3587
47	6	0.3972	1	1	-2.423	-0.4134
47	6	0.3389	1	1	-0.05546	-0.4694
47	6	3.548	1	1	1.157	-0.3053
47	6	3.418	0	0	1.312	-1.826
47	6	0.979	0	1	-1.342	0.3343
47	6	0.1146	0	0	-0.1128	0.4507
47	6	0.2008	1	1	0.2987	1.16
47	6	0.8331	0	0	1.867	0.126
47	6	3.636	0	0	-0.8038	-1.725
47	6	0.9817	0	0	2.446	-0.7724
47	6	1.115	0	0	0.657	0.8005
47	6	3.582	1	1	-0.2022	-1.361
47	6	3.714	0	0	0.7061	-0.7085
47	6	0.01751	1	1	0.316	0.5614
47	6	0.4439	1	0	-1.665	0.3738
47	6	0.6683	1	0	0.0587	1.104
47	6	0.7688	1	1	0.4266	-0.2531
47	6	0.07134	0	1	0.1657	0.03698
47	6	0.0971	1	0	-1.261	-0.1034
47	6	3.269	1	1	-1.003	-1.536
47	6	0.6674	1	1	0.9277	-0.5858
47	6	3.232	1	1	-2.308	-1.361
47	6	3.53	1	1	1.039	-0.9758
47	6	3.547	0	0	0.2591	1.541
47	6	0.06736	1	1	0.6818	-0.3587
47	6	0.2147	1	0	0.4315	1.494
47	6	0.9204	0	0	0.2169	0.7347
47	6	0.03613	1	0	1.456	1.721
47	6	0.1626	0	1	1.924	1.826
47	6	0.5162	0	0	1.936	-0.4134
47	6	1.062	1	0	-0.8107	1.32
47	6	0.1965	1	1	0.8053	-0.4134
47	6	0.332	0	0	0.2776	1.927
47	6	0.4814	1	1	-0.8457	-1.279
47	6	0.8968	1	1	1.569	-0.2021
47	6	0.3453	0	1	0.264	0.03698
48	6	0.02161	1	1	0.8196	-0.798
48	6	0.4013	1	1	0.1308	-0.1189
48	6	0.2537	1	1	0.2532	0.03613
48	6	0.7126	0	0	0.4066	1.393
48	6	1.004	0	0	-1.215	-0.1189
48	6	0.4068	1	1	-0.08092	-1.105
48	6	0.3953	1	1	0.808	0.1813
48	6	0.1524	0	0	0.04073	0.2278
48	6	3.96	0	1	1.076	-0.173
48	6	0.1052	1	1	0.9417	-0.173
48	6	0.811	0	1	-0.07954	0.03613
48	6	0.9624	1	1	-1.124	-0.01439
48	6	0.06924	1	1	-1.739	-0.798
48	6	0.07691	0	0	-1.056	1.579
48	6	3.452	1	1	-0.25	-1.365
48	6	3.741	0	0	0.1294	-0.2851
48	6	0.2471	0	1	1.266	0.134
48	6	0.004627	0	0	-0.7331	0.2278
48	6	1.049	0	0	0.2875	-0.06604
48	6	0.5607	1	0	1.918	1.955
48	6	0.943	0	0	-0.7616	0.4047
48	6	3.562	1	1	-0.8942	-2.391
48	6	0.06853	1	0	-0.4299	0.4047
48	6	0.3707	0	1	-0.2316	-0.592
48	6	0.3768	0	0	-0.8064	0.6469
48	6	0.009952	1	0	0.6913	1.654
48	6	0.2825	0	1	-0.8828	-2.121
48	6	0.2222	1	0	-0.9448	0.529
48	6	0.7121	1	0	0.07516	0.08556
48	6	3.891	0	0	-0.1728	-0.9464
48	6	0.01736	1	0	0.007767	1.393
48	6	0.9905	1	0	-0.4489	1.337
48	6	0.2592	0	0	-1.989	1.19
48	6	0.4706	0	1	0.7282	-1.024
48	6	3.607	0	0	0.8719	-1.365
48	6	0.09393	1	1	-1.63	1.365
48	6	0.7755	1	1	-0.046	-0.173
48	6	0.4109	1	1	0.4281	-1.459
48	6	0.4009	1	1	-0.6251	0.3179
48	6	0.04126	1	1	0.2962	1.098
48	6	0.1355	0	1	-0.09369	1.001
48	6	3.85	1	1	1.643	-1.105
48	6	3.745	0	0	-2.124	-0.592
48	6	0.2876	0	0	-0.2322	0.8308
48	6	0.2033	1	0	-0.8991	-0.592
48	6	0.2334	0	1	-0.4363	-0.9464
48	6	0.438	0	1	1.04	0.9346
48	6	1.254	0	1	-0.6221	0.9005
48	6	3.629	1	1	1.073	-0.9464
48	6	3.284	0	0	3.35	-0.592
49	6	0.09638	0	1	-1.5	-0.574
49	6	3.668	1	1	0.4506	-1.304
49	6	0.4757	1	1	0.4759	-0.3924
49	6	0.3227	0	1	0.7892	-1.22
49	6	0.08576	0	1	-0.3851	1.54
49	6	0.491	0	0	-0.02287	-0.7706
49	6	0.01522	0	0	1.337	-0.01556
49	6	3.726	0	0	-2.131	-0.6377
49	6	0.118	0	1	-0.0445	1.923
49	6	0.02858	0	1	-0.6515	0.1758
49	6	0.7737	0	1	0.4108	1.019
49	6	1.108	0	1	0.4137	0.1294
49	6	0.1524	0	0	1.837	1.641
49	6	0.3736	1	1	0.2121	0.266
49	6	0.3055	0	1	2.381	-1.575
49	6	0.4459	1	1	-2.864	-0.7706
49	6	1.169	1	1	1.147	-0.1698
49	6	3.608	0	0	-0.3123	1.083
49	6	0.5072	1	0	1.253	0.2213
49	6	0.8726	0	0	0.3266	1.35
49	6	0.06784	0	1	1.696	0.3098
49	6	0.5505	1	1	0.131	-0.9112
49	6	0.5306	1	1	2.674	-0.2785
49	6	0.1642	1	1	-2.826	1.019
49	6	0.02603	1	1	1.287	1.35
49	6	0.8198	0	0	1.436	-1.481
49	6	3.765	1	1	0.2795	-1.139
49	6	0.7729	0	0	1.136	0.266
49	6	3.536	1	1	-1.703	-1.304
49	6	0.1437	0	1	-1.139	-0.9848
49	6	0.9365	0	1	-0.475	0.4368
49	6	0.2829	1	0	-1.464	1.235
49	6	0.2344	0	0	0.6943	1.294
49	6	0.2404	0	1	-0.03964	1.175
49	6	1.128	0	0	-0.07314	1.294
49	6	0.0476	0	0	-0.5698	0.3098
49	6	0.5067	0	1	1.536	0.5573
49	6	0.2559	1	0	1.114	1.46
49	6	0.07607	1	0	-0.9645	0.3529
49	6	3.465	0	0	-1.476	-1.391
49	6	0.3016	0	0	-0.8788	-0.06589
49	6	3.604	0	0	0.566	-0.4514
49	6	3.573	1	1	-0.4314	-0.9848
49	6	0.01283	1	1	-1.576	-1.575
49	6	3.416	1	1	0.3267	-1.139
49	6	1.057	1	1	0.7466	-0.4514
49	6	0.03202	1	0	0.09273	0.9202
49	6	0.04094	0	0	0.1093	-0.4514
49	6	3.564	0	0	-2.127	-0.8399
49	6	0.8963	1	0	0.09372	-0.4514
