0	2	0.2651	0	0	2.754
0	2	5.534	0	0	1.309
0	2	1.656	0	0	1.254
0	2	5.364	1	1	0.2484
0	2	0.2341	0	0	1.947
0	2	5.459	0	0	1.017
0	2	0.5273	1	1	0.04866
0	2	0.5884	1	1	0.2484
0	2	1.267	0	0	0.8172
0	2	0.3677	0	0	0.7457
0	2	0.9031	0	1	0.594
0	2	0.4577	1	1	-2.034
0	2	1.744	0	0	0.3409
0	2	0.6324	0	0	0.2484
0	2	0.2634	0	0	0.5133
0	2	2.058	0	0	0.1511
0	2	1.855	1	1	0.04866
0	2	0.7889	1	1	-0.7199
0	2	0.7596	1	1	-1.265
0	2	0.6889	1	0	0.8172
0	2	0.2032	1	0	1.017
0	2	1.009	0	0	0.429
0	2	1.738	1	1	1.139
0	2	1.867	0	0	-0.1746
0	2	0.4115	1	0	0.1511
0	2	5.528	1	1	-1.065
0	2	0.3634	1	1	0.8862
0	2	0.009953	0	0	1.017
0	2	2.044	1	1	-0.2969
0	2	5.64	1	1	-1.488
0	2	0.5328	1	1	-0.2969
0	2	5.666	1	1	-1.488
0	2	0.8094	0	0	0.5133
0	2	0.2914	0	0	-0.7199
0	2	0.4125	1	1	-1.065
0	2	1.941	0	0	-0.2969
0	2	1.934	0	0	-0.8848
0	2	0.8324	0	0	2.096
0	2	5.291	0	0	-1.488
0	2	0.668	1	0	-0.2969
0	2	1.691	1	1	-0.05968
0	2	0.1405	0	0	-5.43
0	2	0.6408	1	0	-0.2969
0	2	0.001893	0	0	-0.8848
0	2	0.4559	0	1	0.429
0	2	5.45	1	1	0.2484
0	2	0.2903	1	0	-5.43
0	2	0.09099	1	0	-3.348
0	2	5.917	0	0	-0.1746
0	2	5.535	0	0	-1.065
1	2	0.3871	0	1	1.562
1	2	1.466	0	0	0.04866
1	2	1.007	0	0	-0.05968
1	2	1.064	1	1	-0.5682
1	2	5.52	1	1	-0.2969
1	2	0.4491	1	0	-0.05968
1	2	5.346	1	1	-2.379
1	2	0.3846	1	0	-1.065
1	2	5.213	1	1	-3.348
1	2	1.687	1	1	0.5133
1	2	0.5143	0	1	-0.1746
1	2	1.859	1	0	1.139
1	2	0.9489	0	1	-5.43
1	2	0.9059	1	0	-0.2969
1	2	0.02961	0	0	0.2484
1	2	1.826	1	0	0.8862
1	2	0.3342	0	0	0.2484
1	2	5.392	0	0	0.594
1	2	1.842	1	1	-0.7199
1	2	0.537	1	1	-5.43
1	2	0.729	0	0	0.04866
1	2	0.9735	0	0	-1.065
1	2	5.31	0	0	-0.2969
1	2	0.5716	1	1	-4.116
1	2	0.5304	1	1	-2.034
1	2	1.8	0	1	0.429
1	2	0.2085	1	1	-3.348
1	2	1.81	1	1	-5.43
1	2	1.744	1	0	-0.05968
1	2	0.2904	0	1	1.514
1	2	0.06229	0	1	1.017
1	2	5.83	1	1	-1.488
1	2	0.1587	1	1	-1.742
1	2	0.1382	1	1	-3.348
1	2	1.312	1	1	-2.379
1	2	1.238	0	1	-0.8848
1	2	2.187	0	1	-0.2969
1	2	0.138	0	0	0.2484
1	2	1.589	1	1	-1.065
1	2	0.1648	0	1	1.198
1	2	0.374	0	1	-0.05968
1	2	0.528	0	1	-1.065
1	2	5.732	0	0	-1.488
1	2	5.386	0	0	-1.488
1	2	5.469	1	1	-4.116
1	2	0.914	0	1	-1.065
1	2	0.2663	0	1	0.6713
1	2	5.258	0	0	-0.5682
1	2	0.7808	1	0	-2.379
1	2	0.3013	1	1	-0.7199
2	2	0.9061	0	1	-4.116
2	2	0.2477	0	0	-1.265
2	2	1.343	0	0	-1.742
2	2	0.6271	1	0	-1.488
2	2	0.1464	0	0	-0.7199
2	2	0.374	1	1	-3.348
2	2	5.483	0	0	-1.488
2	2	1.734	1	1	-5.43
2	2	1.039	1	1	-0.7199
2	2	0.6967	0	0	-0.05968
2	2	0.2381	1	0	-0.5682
2	2	0.8169	1	1	0.3409
2	2	5.526	1	1	-4.116
2	2	0.1013	0	1	-1.488
2	2	0.2907	0	0	-0.05968
2	2	1.575	1	1	-1.742
2	2	5.449	1	1	-2.034
2	2	0.6082	0	0	-0.05968
2	2	0.3624	1	1	-1.065
2	2	0.2363	0	1	1.017
2	2	1.576	0	1	-0.05968
2	2	0.5399	1	1	-0.2969
2	2	0.01718	0	0	0.1511
2	2	0.03018	0	1	0.2484
2	2	0.4895	1	1	0.2484
2	2	0.8717	0	0	0.3409
2	2	1.151	1	1	0.04866
2	2	5.552	1	1	-2.379
2	2	1.884	1	1	0.6713
2	2	5.146	0	0	-0.05968
2	2	0.3297	1	1	-0.8848
2	2	5.659	1	1	-0.2969
2	2	1.821	1	1	-5.43
2	2	0.864	0	1	-1.742
2	2	0.838	0	0	-0.5682
2	2	1.462	0	1	-0.2969
2	2	0.4466	0	1	-1.488
2	2	5.134	0	0	-0.5682
2	2	0.4939	0	1	-0.5682
2	2	0.2362	0	1	-1.488
2	2	2.089	1	1	-3.348
2	2	5.469	1	1	-1.488
2	2	0.0584	0	0	0.2484
2	2	2.223	1	1	-3.348
2	2	0.4201	0	1	-1.065
2	2	1.974	1	1	-1.488
2	2	0.3554	1	1	-1.065
2	2	5.554	1	1	-1.265
2	2	5.347	1	1	-1.742
2	2	0.1908	1	1	-2.034
3	2	1.787	0	1	1.414
3	2	0.01095	0	1	-5.43
3	2	1.022	0	1	0.04866
3	2	5.435	1	1	-1.065
3	2	0.08478	0	1	0.429
3	2	5.476	1	1	-2.802
3	2	5.902	1	1	-2.379
3	2	5.605	1	1	-1.488
3	2	1.478	1	1	-2.802
3	2	0.7811	0	0	0.1511
3	2	0.2733	0	1	0.6713
3	2	1.962	0	1	0.04866
3	2	5.227	1	1	-1.065
3	2	0.6273	0	0	0.1511
3	2	5.583	0	0	-0.5682
3	2	0.1914	1	1	-3.348
3	2	1.293	0	1	-2.034
3	2	0.3228	0	0	-0.4277
3	2	2.2	1	1	-1.065
3	2	2.329	0	0	-1.488
3	2	1.863	1	1	0.2484
3	2	0.3738	0	1	0.8172
3	2	0.8536	0	0	-0.4277
3	2	0.7137	1	1	-1.065
3	2	0.4445	1	0	0.04866
3	2	5.629	0	0	-0.8848
3	2	0.8784	0	1	-1.742
3	2	1.044	0	0	-0.5682
3	2	5.2	0	0	-1.265
3	2	0.6738	0	1	1.017
3	2	0.09977	1	1	-0.4277
3	2	0.0002632	0	0	0.8172
3	2	2.038	1	1	0.04866
3	2	0.1194	1	1	-1.742
3	2	0.5118	0	0	0.5133
3	2	0.4123	1	1	-2.802
3	2	1.881	1	1	-2.802
3	2	5.463	1	1	-1.265
3	2	1.777	1	1	0.8862
3	2	0.9089	0	0	0.7457
3	2	0.4798	1	1	0.2484
3	2	1.396	1	1	0.2484
3	2	5.572	1	1	-5.43
3	2	0.5047	0	1	-0.4277
3	2	0.7789	0	1	-0.7199
3	2	2.045	1	1	-2.802
3	2	0.2112	1	0	1.562
3	2	1.038	0	0	-0.05968
3	2	1.126	1	0	1.609
3	2	0.4988	0	1	-0.05968
4	2	5.431	1	1	-2.034
4	2	1.616	0	0	0.04866
4	2	1.111	0	0	0.429
4	2	0.2376	0	1	-1.488
4	2	1.784	1	1	-1.742
4	2	1.739	0	0	0.429
4	2	0.3036	0	0	0.594
4	2	0.5579	0	0	0.594
4	2	1.861	0	0	1.309
4	2	0.03425	0	1	-1.065
4	2	0.3776	1	1	0.1511
4	2	0.07325	0	0	0.2484
4	2	1.89	0	0	-1.065
4	2	1.051	1	0	-1.265
4	2	5.629	0	0	-1.065
4	2	1.082	1	1	0.594
4	2	5.23	1	1	0.8172
4	2	0.2375	1	0	0.1511
4	2	0.5725	0	1	1.017
4	2	0.9067	0	0	0.5133
4	2	1.418	0	0	1.785
4	2	2.263	0	0	-0.8848
4	2	1.813	1	1	-0.8848
4	2	0.04574	0	1	0.429
4	2	1.729	1	1	-1.065
4	2	0.9182	1	0	1.309
4	2	0.6394	0	1	0.1511
4	2	1.039	1	1	-0.5682
4	2	1.19	1	1	-1.265
4	2	1.903	1	0	-1.065
4	2	5.596	0	0	0.04866
4	2	0.8155	0	1	-0.4277
4	2	5.813	1	1	-1.065
4	2	1.026	0	0	1.017
4	2	0.4184	1	0	0.7457
4	2	5.033	0	0	-0.7199
4	2	0.9297	0	1	0.8862
4	2	5.302	1	1	-1.742
4	2	5.734	0	0	-0.5682
4	2	0.4373	0	1	-1.742
4	2	0.5324	1	1	-0.2969
4	2	0.454	0	1	-0.2969
4	2	0.2817	0	1	-0.2969
4	2	0.6187	0	1	1.254
4	2	1.203	1	1	0.429
4	2	5.6	1	1	-1.065
4	2	0.1663	0	1	0.429
4	2	0.2536	1	1	-1.065
4	2	5.235	0	0	-1.065
4	2	0.02527	1	1	-0.5682
5	2	5.588	0	0	0.04866
5	2	0.644	1	0	-0.7199
5	2	0.9725	0	0	0.5133
5	2	0.866	1	1	-2.802
5	2	0.3702	0	1	0.2484
5	2	0.2173	0	1	-1.065
5	2	1.863	0	1	0.1511
5	2	0.1091	0	1	2.131
5	2	0.6695	1	1	1.985
5	2	0.2353	1	1	0.6713
5	2	0.6166	1	1	-1.265
5	2	5.481	1	1	-1.742
5	2	0.6558	1	1	-1.742
5	2	0.9348	0	1	1.414
5	2	0.2883	0	1	-2.034
5	2	2.034	0	1	-3.348
5	2	5.377	1	1	0.04866
5	2	0.8741	0	1	0.429
5	2	0.4576	1	0	0.429
5	2	5.483	0	0	0.5133
5	2	5.452	0	0	1.254
5	2	0.651	1	0	0.8172
5	2	0.04443	0	0	1.785
5	2	0.4812	0	1	1.017
5	2	1.907	1	1	-0.1746
5	2	0.3149	0	1	0.429
5	2	1.104	0	0	0.1511
5	2	1.575	1	1	-0.2969
5	2	1.912	0	0	0.6713
5	2	5.575	0	0	-0.05968
5	2	1.739	1	1	-1.065
5	2	1.842	0	0	-0.05968
5	2	1.228	1	1	-1.265
5	2	1.959	0	0	-0.7199
5	2	0.4088	1	1	-2.034
5	2	0.5741	1	1	-0.4277
5	2	0.4314	0	0	-1.742
5	2	1.646	1	1	-1.742
5	2	5.845	1	1	-1.488
5	2	5.682	0	0	-1.065
5	2	1.043	0	1	1.198
5	2	5.482	1	1	-4.116
5	2	0.8404	1	1	-2.802
5	2	1.04	1	1	-1.065
5	2	0.4944	0	0	0.2484
5	2	0.3052	1	1	-0.8848
5	2	0.1261	0	1	1.079
5	2	5.271	0	0	-0.8848
5	2	0.1929	0	1	-0.5682
5	2	1.963	1	1	1.017
6	2	2.17	1	1	-1.065
6	2	0.8051	0	0	1.254
6	2	0.8189	0	0	0.6713
6	2	5.347	0	0	-0.2969
6	2	0.04832	1	0	-0.7199
6	2	0.4847	0	0	0.6713
6	2	0.5082	0	0	0.6713
6	2	0.02045	1	0	0.8172
6	2	1.898	0	0	0.5133
6	2	2.079	1	1	0.5133
6	2	5.206	0	0	0.8862
6	2	0.19	0	1	1.139
6	2	5.25	1	1	0.3409
6	2	0.7256	1	1	-0.2969
6	2	2.114	1	1	0.04866
6	2	1.855	1	1	1.609
6	2	5.438	1	1	0.1511
6	2	2.001	1	0	0.8862
6	2	5.41	0	0	-0.05968
6	2	1.812	1	1	-0.5682
6	2	0.5045	1	1	0.7457
6	2	0.2618	1	0	0.8862
6	2	0.9425	1	1	0.2484
6	2	0.4423	0	0	0.3409
6	2	5.501	1	1	-0.2969
6	2	0.4465	1	0	1.609
6	2	0.1668	1	0	0.1511
6	2	0.8962	1	1	-0.05968
6	2	5.798	0	0	-0.7199
6	2	0.8165	0	1	1.309
6	2	1.24	1	1	0.8862
6	2	0.6079	0	1	0.2484
6	2	0.4094	0	1	-0.7199
6	2	0.3969	0	1	0.8172
6	2	5.958	0	0	-0.05968
6	2	0.0254	1	1	1.309
6	2	5.497	1	1	0.8862
6	2	0.8708	1	0	2.423
6	2	0.2662	0	1	1.139
6	2	0.7478	1	1	1.017
6	2	1.099	0	1	1.017
6	2	2.296	1	1	-0.2969
6	2	0.4887	1	1	-0.05968
6	2	0.4942	1	1	-0.5682
6	2	1.789	1	1	0.429
6	2	1.593	1	1	0.04866
6	2	0.4785	0	0	0.6713
6	2	0.2688	0	0	-0.2969
6	2	5.641	0	0	-0.1746
6	2	0.7435	0	0	0.429
7	2	5.42	1	1	0.7457
7	2	1.906	0	0	0.04866
7	2	1.288	1	1	0.5133
7	2	0.9331	1	1	1.017
7	2	1.986	1	1	0.7457
7	2	0.4706	1	1	0.8172
7	2	0.2168	1	1	1.017
7	2	0.6898	0	0	0.1511
7	2	5.355	1	1	1.514
7	2	0.3039	0	1	0.9527
7	2	0.6319	0	0	1.254
7	2	5.59	0	0	-0.5682
7	2	1.741	0	1	0.6713
7	2	0.08793	0	1	1.309
7	2	5.778	0	0	-0.4277
7	2	1.758	1	1	0.6713
7	2	0.9013	0	1	0.1511
7	2	1.698	1	1	0.8862
7	2	1.054	1	1	0.5133
7	2	5.352	1	1	-0.05968
7	2	0.222	1	0	1.699
7	2	0.8441	0	1	1.908
7	2	0.1692	0	1	-0.05968
7	2	0.1988	0	0	1.743
7	2	5.321	0	0	0.6713
7	2	0.5537	0	0	0.8172
7	2	0.5498	0	1	0.2484
7	2	5.415	0	0	0.429
7	2	0.2317	0	1	1.017
7	2	0.138	1	1	0.3409
7	2	0.1958	0	1	0.8172
7	2	0.09997	1	1	0.5133
7	2	1.878	0	0	-0.5682
7	2	1.987	1	1	-0.5682
7	2	0.08693	1	1	1.139
7	2	5.266	1	1	1.139
7	2	5.454	0	0	0.04866
7	2	1.579	1	1	0.6713
7	2	1.799	1	1	1.465
7	2	0.02823	1	0	-0.05968
7	2	0.01435	1	0	1.363
7	2	1.814	0	0	-0.2969
7	2	0.3563	0	0	0.6713
7	2	0.45	0	0	1.785
7	2	5.488	1	1	1.017
7	2	0.7933	0	1	0.8862
7	2	0.5506	0	1	1.414
7	2	0.7748	1	1	1.699
7	2	0.46	1	0	0.9527
7	2	0.8452	0	0	1.699
8	2	1.765	0	0	1.309
8	2	5.451	0	0	-0.2969
8	2	2.155	1	1	1.699
8	2	1.407	0	0	1.309
8	2	5.374	1	1	1.514
8	2	5.629	0	0	0.2484
8	2	0.7253	0	0	0.04866
8	2	2.198	1	1	1.465
8	2	0.3072	1	1	0.6713
8	2	0.9282	1	0	2.393
8	2	5.202	0	0	0.2484
8	2	2.048	0	0	1.785
8	2	0.7241	1	1	1.514
8	2	1.021	1	1	0.6713
8	2	0.2407	0	0	0.6713
8	2	0.01538	0	1	1.363
8	2	5.478	1	1	1.743
8	2	1.503	0	1	2.267
8	2	0.1289	0	1	1.139
8	2	1.344	0	0	1.254
8	2	5.402	1	1	1.254
8	2	0.9356	1	1	0.7457
8	2	0.1718	1	1	0.8862
8	2	0.08286	0	0	0.6713
8	2	1.624	1	1	-0.2969
8	2	5.907	1	1	1.198
8	2	1.06	1	1	0.6713
8	2	0.4103	0	0	1.017
8	2	0.4833	1	0	1.309
8	2	0.4783	1	0	0.429
8	2	0.8683	0	1	0.2484
8	2	0.02176	1	1	0.6713
8	2	1.521	0	0	0.5133
8	2	5.187	0	0	0.04866
8	2	5.232	1	1	1.139
8	2	0.7619	1	1	0.7457
8	2	1.148	1	1	-0.2969
8	2	0.2625	1	0	1.309
8	2	0.3346	0	1	0.9527
8	2	0.727	1	1	0.8862
8	2	1.909	0	0	0.6713
8	2	0.446	0	0	0.1511
8	2	0.1636	1	1	0.594
8	2	1.779	0	0	0.5133
8	2	5.378	1	1	0.8862
8	2	0.6073	0	1	1.562
8	2	0.2737	0	0	0.04866
8	2	0.4746	0	0	0.2484
8	2	1.123	0	0	0.8862
8	2	0.2115	0	0	1.514
9	2	0.2402	1	1	0.6713
9	2	0.4278	1	0	1.743
9	2	0.155	0	0	0.2484
9	2	0.1588	1	1	1.465
9	2	0.6877	1	1	0.6713
9	2	0.3353	0	0	0.2484
9	2	1.058	1	1	0.2484
9	2	1.131	0	0	1.198
9	2	5.282	0	0	0.2484
9	2	1.484	0	0	1.655
9	2	0.6487	0	1	1.198
9	2	1.913	0	0	-0.2969
9	2	0.5211	0	1	1.309
9	2	0.415	1	0	2.453
9	2	5.16	0	0	-0.4277
9	2	5.405	1	1	-0.2969
9	2	1.97	0	0	0.8862
9	2	0.1661	1	1	0.6713
9	2	0.1838	1	0	0.3409
9	2	5.025	1	1	0.8172
9	2	1.962	1	1	1.465
9	2	5.261	1	1	0.2484
9	2	0.5448	0	1	1.017
9	2	0.4358	1	1	1.363
9	2	0.6289	1	1	0.594
9	2	2.457	1	1	1.017
9	2	0.7314	0	0	-4.116
9	2	1.993	0	0	-0.7199
9	2	1.135	0	0	-1.065
9	2	5.359	1	1	1.139
9	2	0.01499	1	0	-0.2969
9	2	2.067	0	0	-2.034
9	2	0.6062	0	0	0.8862
9	2	0.435	1	1	-1.065
9	2	0.3269	0	0	0.1511
9	2	0.5749	1	0	0.2484
9	2	1.431	0	0	1.254
9	2	0.8686	0	0	1.017
9	2	5.601	1	1	-0.05968
9	2	1.828	1	1	0.2484
9	2	0.8674	1	0	0.8172
9	2	1.367	1	1	-0.5682
9	2	5.224	1	1	-1.488
9	2	0.3516	0	1	0.8172
9	2	0.8799	0	1	-0.2969
9	2	0.5778	1	0	-0.4277
9	2	5.808	0	0	-0.7199
9	2	5.46	1	1	0.2484
9	2	0.9442	0	1	1.139
9	2	0.1068	0	1	-0.2969
10	3	1.753	0	1	0.8172
10	3	2.009	1	1	-0.05968
10	3	5.33	0	0	-0.2969
10	3	0.6399	1	0	0.8862
10	3	0.4041	1	0	0.8172
10	3	5.374	0	0	0.2484
10	3	0.6631	0	0	2.06
10	3	0.8694	1	1	1.309
10	3	0.1832	0	1	-0.1746
10	3	1.977	0	0	-0.05968
10	3	5.515	1	1	-2.379
10	3	0.5917	0	1	1.655
10	3	5.628	1	1	0.2484
10	3	0.8007	1	1	-1.742
10	3	0.9516	0	1	1.655
10	3	0.273	1	0	-0.2969
10	3	0.9774	0	1	1.079
10	3	0.5952	0	1	1.017
10	3	0.7269	1	1	-0.05968
10	3	1.833	1	1	0.2484
10	3	0.4199	0	1	-1.265
10	3	1.185	0	0	-0.5682
10	3	0.3561	0	0	-0.4277
10	3	0.1966	1	0	0.8172
10	3	0.3291	1	0	-0.5682
10	3	5.642	0	0	-0.2969
10	3	1.318	1	1	0.2484
10	3	0.3501	1	0	0.04866
10	3	5.389	0	0	-0.05968
10	3	0.2493	1	0	-0.1746
10	3	0.1474	0	0	-1.065
10	3	0.4802	0	0	-0.7199
10	3	0.9765	1	0	0.429
10	3	1.412	0	0	-0.05968
10	3	1.588	1	1	-0.05968
10	3	5.671	1	1	0.594
10	3	0.6206	0	0	1.785
10	3	1.648	1	0	1.254
10	3	0.5143	0	0	1.017
10	3	1.814	1	0	0.6713
10	3	0.1243	1	0	-0.5682
10	3	1.83	0	0	0.7457
10	3	5.579	1	1	-1.065
10	3	0.05223	1	1	0.6713
10	3	2.396	1	1	0.2484
10	3	5.252	0	0	-0.1746
10	3	0.7615	0	0	-0.2969
10	3	0.683	1	0	0.3409
10	3	0.7681	0	0	0.04866
10	3	5.34	0	0	-0.5682
11	3	0.1112	1	1	-0.05968
11	3	0.1794	1	0	-3.348
11	3	5.133	0	0	-1.265
11	3	0.479	0	0	0.6713
11	3	0.5069	1	1	-0.4277
11	3	0.3023	1	1	0.5133
11	3	5.821	1	1	-0.7199
11	3	0.04239	1	0	-1.265
11	3	5.514	0	0	-0.5682
11	3	1.654	1	1	0.429
11	3	0.8636	1	1	0.9527
11	3	0.5806	0	0	1.309
11	3	1.053	0	0	0.5133
11	3	0.1927	0	0	0.2484
11	3	5.614	1	1	0.594
11	3	0.4012	0	1	0.8862
11	3	1.692	1	1	0.5133
11	3	0.02934	1	1	0.8862
11	3	0.9064	1	0	1.254
11	3	2.015	0	0	1.139
11	3	1.146	1	0	0.594
11	3	1.924	1	1	1.139
11	3	1.592	1	0	0.6713
11	3	1.057	1	1	0.3409
11	3	2.081	0	0	-0.5682
11	3	5.511	0	0	-0.5682
11	3	0.1771	0	1	0.7457
11	3	5.619	1	1	0.9527
11	3	5.635	0	0	-0.7199
11	3	0.6957	0	0	-1.488
11	3	1.723	0	0	-1.065
11	3	0.5527	1	0	0.8172
11	3	5.484	1	1	1.139
11	3	0.6086	1	1	0.9527
11	3	2.134	0	0	-0.2969
11	3	1.912	0	0	0.1511
11	3	0.04823	0	0	0.6713
11	3	5.291	0	0	-0.5682
11	3	0.6388	1	1	1.198
11	3	0.5125	1	0	-0.05968
11	3	1.883	1	1	0.6713
11	3	0.7962	1	0	0.04866
11	3	0.1913	1	1	0.9527
11	3	0.5786	1	1	0.7457
11	3	0.5097	0	1	0.5133
11	3	0.306	0	0	-0.5682
11	3	0.1036	0	0	0.594
11	3	5.277	1	1	0.3409
11	3	0.3221	0	1	0.8172
11	3	0.4351	0	1	0.6713
12	3	0.5456	0	0	0.04866
12	3	0.5853	0	1	1.309
12	3	0.9597	1	0	0.6713
12	3	1.613	0	0	-0.5682
12	3	1.303	1	1	0.6713
12	3	5.409	0	0	0.04866
12	3	0.3857	0	0	-1.742
12	3	2.013	0	0	-3.348
12	3	5.398	0	0	-0.7199
12	3	1.132	1	1	-0.05968
12	3	1.11	0	0	0.8862
12	3	5.375	0	0	-0.8848
12	3	5.1	1	1	0.8862
12	3	0.5936	0	0	0.2484
12	3	0.1832	0	0	-0.7199
12	3	5.291	0	0	-2.379
12	3	2.138	1	1	0.1511
12	3	1.654	1	1	-1.742
12	3	0.1204	0	0	0.04866
12	3	1.843	1	1	-0.05968
12	3	0.1366	0	0	0.3409
12	3	0.1396	0	1	-0.1746
12	3	0.2314	1	1	0.2484
12	3	2.048	1	1	-0.05968
12	3	5.322	0	0	0.2484
12	3	0.1257	0	1	1.562
12	3	0.8014	1	1	0.8172
12	3	0.5653	0	0	0.3409
12	3	0.0174	1	1	0.8172
12	3	0.5659	1	1	-0.8848
12	3	1.883	0	1	0.6713
12	3	2.067	1	1	1.254
12	3	1.886	1	0	-0.1746
12	3	0.5017	1	1	-0.5682
12	3	0.9425	0	0	0.04866
12	3	1.041	1	1	0.7457
12	3	0.6585	1	0	0.6713
12	3	1.149	1	1	0.6713
12	3	5.26	1	1	-0.2969
12	3	0.4196	1	1	-0.2969
12	3	0.8984	0	1	0.3409
12	3	0.3585	1	1	-0.05968
12	3	0.7102	1	1	0.04866
12	3	5.398	0	0	-0.5682
12	3	2.123	1	1	-0.7199
12	3	5.297	0	0	-0.2969
12	3	0.7518	1	1	0.1511
12	3	0.5283	0	1	1.079
12	3	0.2975	0	1	0.2484
12	3	5.268	0	0	-0.4277
13	3	0.3367	1	1	0.1511
13	3	1.795	1	1	0.2484
13	3	0.691	0	0	-0.05968
13	3	5.188	1	1	0.04866
13	3	5.48	0	0	-1.488
13	3	1.131	1	1	0.429
13	3	0.688	1	1	0.8862
13	3	0.3272	1	0	0.8172
13	3	1.761	1	1	0.04866
13	3	0.9349	1	0	-1.742
13	3	2.123	0	0	0.8172
13	3	0.8037	0	0	1.017
13	3	5.502	1	1	0.2484
13	3	0.1624	0	0	0.2484
13	3	1.926	1	1	-0.05968
13	3	0.5216	1	1	0.594
13	3	5.576	0	0	0.2484
13	3	0.6632	1	0	1.017
13	3	5.333	1	1	0.04866
13	3	0.05291	0	0	-0.5682
13	3	0.1511	0	1	1.017
13	3	5.693	0	0	0.04866
13	3	0.6734	0	0	-0.2969
13	3	0.6152	0	1	-0.5682
13	3	2.032	0	0	-0.2969
13	3	0.2094	1	0	-1.065
13	3	5.482	0	0	-1.488
13	3	0.6414	0	0	0.6713
13	3	0.03492	1	1	0.8172
13	3	0.2181	1	0	-0.5682
13	3	0.2137	1	1	0.04866
13	3	1.118	1	1	-0.05968
13	3	1.935	0	0	-1.265
13	3	5.201	0	0	-0.5682
13	3	0.3222	1	0	-0.5682
13	3	0.4306	1	1	0.6713
13	3	1.789	0	0	-1.065
13	3	5.411	1	1	-1.065
13	3	0.8441	0	0	-0.2969
13	3	1.994	0	0	-0.4277
13	3	0.9303	0	1	0.5133
13	3	0.9105	0	1	0.7457
13	3	0.5282	0	0	0.3409
13	3	5.129	1	1	-1.065
13	3	0.678	1	0	-0.8848
13	3	1.281	0	0	0.6713
13	3	2.03	1	1	0.8862
13	3	0.6911	1	1	-0.1746
13	3	0.3229	1	0	0.429
13	3	1.882	0	0	0.2484
14	3	1.679	0	1	0.9527
14	3	0.7008	1	1	-0.1746
14	3	5.611	1	1	-0.2969
14	3	2.401	0	0	0.2484
14	3	0.0392	1	0	0.04866
14	3	0.3231	0	1	0.04866
14	3	1.488	1	1	0.2484
14	3	0.6979	0	1	0.04866
14	3	0.06476	0	1	0.2484
14	3	1.089	0	0	0.429
14	3	0.6401	1	1	1.309
14	3	5.425	0	0	-0.05968
14	3	5.371	0	0	-0.7199
14	3	0.597	0	0	1.079
14	3	0.1191	1	0	0.8172
14	3	0.1451	0	1	0.1511
14	3	0.2663	0	0	-1.488
14	3	0.2312	1	0	-0.2969
14	3	1.993	0	0	-1.488
14	3	5.596	0	0	-1.065
14	3	0.6044	1	1	0.429
14	3	0.562	0	1	0.429
14	3	0.5247	1	1	-0.05968
14	3	0.3759	0	0	-1.065
14	3	5.529	0	0	-1.742
14	3	1.81	1	1	0.2484
14	3	5.695	1	1	0.429
14	3	0.4675	0	1	0.2484
14	3	2.211	0	1	1.743
14	3	5.009	0	0	-1.742
14	3	0.7236	0	1	-0.05968
14	3	1.011	1	1	0.2484
14	3	1.909	0	0	0.04866
14	3	0.6735	1	1	0.2484
14	3	0.3256	1	1	0.04866
14	3	1.067	0	0	-0.05968
14	3	5.222	1	1	0.8172
14	3	0.3679	1	0	0.9527
14	3	1.167	0	0	-0.5682
14	3	0.1555	0	1	0.8862
14	3	4.924	1	1	0.429
14	3	0.6658	0	1	0.7457
14	3	0.001304	1	1	2.623
14	3	1.765	1	1	1.562
14	3	1.88	1	1	0.8172
14	3	0.4639	1	1	-0.5682
14	3	1.553	1	1	-0.05968
14	3	0.5856	1	0	0.429
14	3	5.484	1	1	0.594
14	3	1.455	1	0	-1.065
15	3	0.5243	0	1	1.017
15	3	1.047	1	1	0.429
15	3	5.741	0	0	-0.8848
15	3	5.39	0	0	-2.379
15	3	5.273	0	0	-1.742
15	3	0.5523	0	1	0.1511
15	3	0.3996	1	1	-0.05968
15	3	0.9727	0	0	-1.488
15	3	0.4071	1	0	1.139
15	3	5.147	0	0	-1.742
15	3	5.299	0	0	-1.065
15	3	0.183	1	0	-0.7199
15	3	0.05425	1	0	0.8172
15	3	5.523	0	0	-0.8848
15	3	0.4386	0	1	1.254
15	3	0.2992	1	0	-0.5682
15	3	0.2697	1	1	0.2484
15	3	1.684	0	0	-0.5682
15	3	2.065	1	1	-0.5682
15	3	0.5529	1	1	0.9527
15	3	1.857	0	0	-4.116
15	3	1.072	1	0	1.139
15	3	5.185	1	1	0.5133
15	3	0.3387	0	1	1.465
15	3	0.1	1	1	0.429
15	3	5.27	1	1	0.8172
15	3	1.577	1	1	-0.2969
15	3	1.096	0	0	-0.5682
15	3	1.714	0	0	-1.065
15	3	0.02909	0	0	-2.379
15	3	0.5704	1	1	-0.05968
15	3	0.258	0	0	-0.7199
15	3	1.325	1	1	-0.5682
15	3	0.6397	1	0	0.3409
15	3	5.474	1	0	-3.348
15	3	0.7104	1	1	0.6713
15	3	1.039	1	1	0.6713
15	3	0.3121	0	1	1.699
15	3	0.01169	1	0	0.594
15	3	1.809	1	1	-0.05968
15	3	1.614	0	0	0.429
15	3	1.875	1	1	-0.2969
15	3	0.321	0	0	-0.4277
15	3	5.602	1	1	-0.5682
15	3	1.707	1	1	0.2484
15	3	0.3362	0	0	-1.065
15	3	0.4913	1	1	0.2484
15	3	1.096	1	1	-1.065
15	3	1.861	0	0	-0.2969
15	3	0.2812	0	0	1.514
16	3	0.8133	1	1	0.6713
16	3	0.4576	1	0	-1.742
16	3	0.8353	0	0	-1.488
16	3	0.9982	1	0	-0.4277
16	3	0.8975	0	0	-1.488
16	3	5.724	0	0	-0.8848
16	3	0.5481	1	0	0.6713
16	3	0.4986	1	1	-0.4277
16	3	0.2392	0	1	-0.1746
16	3	0.4767	0	1	-0.2969
16	3	0.1035	1	0	-1.265
16	3	0.2883	0	1	1.079
16	3	0.4221	0	1	0.6713
16	3	0.6677	0	1	0.8862
16	3	0.7358	0	1	0.2484
16	3	0.04765	1	0	0.3409
16	3	1.002	1	1	-0.4277
16	3	5.393	1	1	-0.2969
16	3	0.6144	0	0	0.5133
16	3	1.589	1	1	0.5133
16	3	0.9831	1	0	-0.05968
16	3	5.514	1	1	-0.05968
16	3	0.5315	0	1	-0.5682
16	3	5.543	0	0	-1.488
16	3	1.568	1	1	1.079
16	3	0.8801	1	1	-0.8848
16	3	5.157	0	0	-0.2969
16	3	1.912	0	0	1.465
16	3	1.657	1	1	-0.4277
16	3	5.578	0	0	-1.065
16	3	0.1229	0	0	0.2484
16	3	1.811	1	1	-0.1746
16	3	0.1756	0	1	-0.2969
16	3	5.036	1	1	0.8172
16	3	2.105	0	0	-0.2969
16	3	5.233	0	0	-1.065
16	3	1.712	0	0	-0.5682
16	3	0.07409	0	0	-0.7199
16	3	2.062	0	0	-2.379
16	3	5.46	1	1	-0.2969
16	3	0.8922	0	0	-1.742
16	3	0.9485	1	1	1.465
16	3	0.2042	1	1	1.139
16	3	1.894	0	0	0.1511
16	3	1.944	1	1	-0.2969
16	3	0.3165	0	0	-0.2969
16	3	0.6705	1	0	0.8172
16	3	5.778	1	1	-0.05968
16	3	0.7929	1	1	-0.1746
16	3	0.6767	0	0	-0.05968
17	3	0.1749	0	1	0.8172
17	3	1.982	1	0	1.743
17	3	2.091	1	0	0.9527
17	3	0.5713	0	1	0.429
17	3	0.3033	0	1	0.1511
17	3	0.4145	1	0	-0.4277
17	3	1.871	0	0	0.04866
17	3	5.213	1	1	0.429
17	3	0.3172	0	0	-0.5682
17	3	0.563	0	0	0.429
17	3	1.341	0	1	0.5133
17	3	0.1366	0	0	-0.05968
17	3	1.262	1	0	0.2484
17	3	0.631	1	1	0.3409
17	3	5.402	0	0	-0.4277
17	3	0.1615	0	1	-0.2969
17	3	1.748	1	1	-0.4277
17	3	5.176	0	0	-1.065
17	3	0.8108	1	0	0.6713
17	3	5.447	0	0	-1.742
17	3	0.6705	1	1	-0.4277
17	3	1.662	0	0	0.2484
17	3	0.7415	1	1	0.2484
17	3	0.6976	1	1	-0.2969
17	3	0.2811	1	1	0.04866
17	3	1.192	0	0	-0.2969
17	3	5.655	0	0	-2.379
17	3	5.356	1	1	-0.7199
17	3	0.1915	1	1	0.04866
17	3	0.3024	1	1	1.017
17	3	0.45	1	0	-0.05968
17	3	0.6447	0	0	1.017
17	3	1.474	1	1	-0.2969
17	3	0.6247	1	1	-0.5682
17	3	1.869	1	1	0.6713
17	3	0.8872	0	1	-1.488
17	3	0.9947	0	0	-2.034
17	3	0.1573	1	0	-0.7199
17	3	5.481	0	0	-1.065
17	3	0.934	1	1	-1.265
17	3	5.456	0	0	-0.8848
17	3	1.813	1	0	0.1511
17	3	0.4211	0	1	0.04866
17	3	0.2426	0	0	-1.488
17	3	1.149	0	1	0.429
17	3	5.492	0	0	-2.379
17	3	1.684	1	1	0.2484
17	3	5.666	0	0	-0.2969
17	3	0.3643	1	1	0.429
17	3	0.6205	1	1	-0.2969
18	3	0.5034	0	1	-0.5682
18	3	0.7668	0	0	1.017
18	3	0.7389	0	1	0.5133
18	3	5.462	1	1	0.04866
18	3	0.09807	1	1	0.7457
18	3	5.35	0	0	-3.348
18	3	1.675	1	1	0.1511
18	3	1.105	0	0	-0.8848
18	3	0.7374	0	0	-0.5682
18	3	5.525	0	0	-1.065
18	3	5.504	0	0	-2.379
18	3	0.3213	0	1	-1.065
18	3	0.4832	0	1	-0.8848
18	3	5.189	1	1	-0.2969
18	3	0.932	1	1	0.2484
18	3	1.064	1	1	-0.5682
18	3	1.632	1	0	0.5133
18	3	0.311	1	0	0.6713
18	3	0.4723	1	0	0.6713
18	3	0.275	1	1	-0.2969
18	3	1.849	1	1	-0.05968
18	3	0.2958	0	0	0.6713
18	3	1.926	1	1	0.1511
18	3	5.657	1	1	0.5133
18	3	2.21	1	1	-0.2969
18	3	0.608	1	1	-0.2969
18	3	0.09979	1	1	0.2484
18	3	1.308	0	1	0.6713
18	3	0.1938	0	1	0.6713
18	3	5.499	0	0	-1.488
18	3	0.584	0	0	0.2484
18	3	1.133	0	1	1.139
18	3	0.6682	0	0	0.7457
18	3	0.003099	1	1	0.429
18	3	1.456	1	1	-0.7199
18	3	0.3068	0	0	1.562
18	3	5.308	1	1	-1.065
18	3	0.2106	0	1	-0.05968
18	3	0.1058	1	0	0.594
18	3	1.874	0	0	0.429
18	3	1.742	0	0	-1.065
18	3	0.3156	1	0	-0.7199
18	3	2.06	0	0	0.1511
18	3	2.183	1	1	-1.065
18	3	5.529	1	1	0.3409
18	3	0.7352	1	1	1.017
18	3	1.376	1	0	-0.4277
18	3	0.1668	0	1	0.3409
18	3	5.581	0	0	-1.742
18	3	0.4034	0	1	0.2484
19	3	0.3599	1	1	-0.7199
19	3	1.525	1	1	0.04866
19	3	0.3232	0	0	-0.2969
19	3	0.303	0	0	0.6713
19	3	0.3691	0	0	-1.742
19	3	0.3086	1	0	-0.05968
19	3	0.07908	0	0	-1.742
19	3	5.34	1	1	-0.4277
19	3	5.455	0	0	-1.065
19	3	0.7001	1	1	0.429
19	3	0.9372	1	1	-0.4277
19	3	0.6922	1	0	0.6713
19	3	1.666	0	1	-0.2969
19	3	0.542	0	0	-2.379
19	3	0.5557	1	0	-0.05968
19	3	5.422	0	0	-1.065
19	3	1.712	0	0	-2.034
19	3	5.545	0	0	-3.348
19	3	0.3488	0	0	-0.8848
19	3	5.393	0	0	-2.379
19	3	0.6824	1	0	-2.379
19	3	5.322	1	1	-0.05968
19	3	0.4983	0	1	-0.05968
19	3	0.8047	1	1	0.2484
19	3	1.755	1	1	-0.5682
19	3	1.832	0	0	-0.5682
19	3	1.134	0	0	-1.065
19	3	0.2935	1	1	0.04866
19	3	1.812	1	1	-0.5682
19	3	0.6449	0	0	0.04866
19	3	1.666	1	1	-0.05968
19	3	0.2995	0	1	0.1511
19	3	0.4554	0	0	-0.5682
19	3	5.451	1	1	-0.5682
19	3	0.9576	1	1	-0.05968
19	3	1.315	1	1	-0.2969
19	3	0.4418	0	0	-1.065
19	3	5.279	0	0	-1.065
19	3	5.239	0	0	-2.379
19	3	5.309	0	0	-0.5682
19	3	0.1493	0	1	-0.2969
19	3	0.1811	1	1	0.5133
19	3	2.079	1	1	-0.5682
19	3	0.7525	1	1	-0.7199
19	3	1.342	1	1	-0.4277
19	3	1.897	0	0	-1.065
19	3	0.4054	1	1	-0.1746
19	3	0.01515	1	0	0.2484
19	3	0.8593	1	1	-0.8848
19	3	0.8896	1	0	0.2484
20	4	0.2174	0	0	1.655
20	4	3.964	0	0	1.363
20	4	0.9923	0	0	1.465
20	4	3.672	1	1	0.3409
20	4	0.09376	0	0	0.5133
20	4	3.25	0	0	-0.2969
20	4	0.3031	1	1	-0.2969
20	4	0.4106	1	0	-0.05968
20	4	0.4789	0	0	0.7457
20	4	0.1968	0	0	-1.488
20	4	0.7009	0	0	0.9527
20	4	0.3801	1	1	1.139
20	4	0.9649	0	0	0.5133
20	4	0.43	0	0	0.8172
20	4	0.1821	0	0	-0.2969
20	4	0.9861	0	0	-0.5682
20	4	0.5162	1	0	0.429
20	4	0.242	1	1	1.017
20	4	0.2594	1	1	0.6713
20	4	0.1713	1	0	0.8172
20	4	0.01306	0	1	0.5133
20	4	0.6198	0	0	0.429
20	4	0.9936	1	1	1.198
20	4	0.9634	0	0	0.9527
20	4	0.5391	1	0	1.198
20	4	3.29	1	1	0.8172
20	4	0.2677	0	1	0.5133
20	4	0.119	1	1	0.5133
20	4	1.36	1	1	0.6713
20	4	3.711	1	1	0.594
20	4	0.1946	1	1	0.7457
20	4	3.39	1	1	0.429
20	4	0.2114	0	1	0.5133
20	4	0.1522	1	1	1.908
20	4	0.4939	1	0	-0.05968
20	4	1.2	0	0	1.198
20	4	0.9631	0	0	-0.8848
20	4	0.4785	0	0	0.5133
20	4	3.652	0	0	-0.2969
20	4	0.3809	1	1	0.8172
20	4	0.9977	1	1	1.198
20	4	0.4168	0	1	0.8862
20	4	0.4279	1	1	-0.2969
20	4	0.05203	1	1	0.5133
20	4	0.06046	1	0	1.868
20	4	3.471	1	1	0.2484
20	4	0.1329	1	0	0.2484
20	4	0.02448	0	1	0.04866
20	4	3.537	0	0	-0.8848
20	4	3.412	0	0	0.6713
21	4	0.07653	1	1	0.594
21	4	1.03	0	1	1.198
21	4	0.51	0	0	-0.4277
21	4	0.5802	1	1	0.2484
21	4	3.466	1	1	-0.05968
21	4	0.2288	1	0	0.6713
21	4	3.873	1	1	0.8862
21	4	0.1952	1	0	0.594
21	4	3.965	1	1	0.594
21	4	0.9181	1	0	0.8172
21	4	0.6673	0	0	-0.1746
21	4	0.8685	1	0	0.5133
21	4	0.928	0	0	-0.2969
21	4	0.6499	1	0	-0.2969
21	4	0.05862	0	0	-1.065
21	4	1.038	1	0	-0.5682
21	4	0.2999	0	0	0.429
21	4	3.29	0	0	-0.2969
21	4	0.6873	1	0	-0.2969
21	4	0.03632	1	1	0.6713
21	4	0.4005	0	0	0.8172
21	4	0.1091	0	0	0.8172
21	4	3.789	0	0	-0.05968
21	4	0.0633	0	0	-0.2969
21	4	0.3666	1	0	-0.7199
21	4	0.8009	0	0	-2.379
21	4	0.3748	1	0	-1.065
21	4	0.8625	1	1	0.429
21	4	0.9337	1	1	0.429
21	4	0.08926	1	1	0.2484
21	4	0.09826	0	0	0.2484
21	4	3.595	1	1	1.017
21	4	0.098	1	0	-0.5682
21	4	0.2147	1	0	1.465
21	4	0.5707	1	1	0.2484
21	4	0.3543	0	1	-0.8848
21	4	0.444	0	0	1.198
21	4	0.01503	0	0	0.429
21	4	0.9125	1	1	1.465
21	4	0.05814	1	1	-0.5682
21	4	0.1802	1	1	0.594
21	4	0.2018	0	0	-0.05968
21	4	3.77	0	0	0.04866
21	4	3.466	0	0	-1.742
21	4	3.653	1	1	-0.5682
21	4	0.4022	0	1	-0.05968
21	4	0.2918	0	0	1.017
21	4	3.798	0	0	-0.8848
21	4	0.6724	1	0	1.254
21	4	0.3281	1	1	0.9527
22	4	0.5123	0	1	-0.2969
22	4	0.4223	0	1	0.3409
22	4	1.254	0	1	0.429
22	4	0.4835	1	1	0.6713
22	4	0.3169	0	1	0.429
22	4	0.06148	1	0	1.414
22	4	3.416	0	0	0.5133
22	4	0.8193	1	0	1.609
22	4	0.3576	1	1	0.04866
22	4	0.671	0	0	0.2484
22	4	0.3785	0	0	0.6713
22	4	0.29	1	0	0.429
22	4	3.581	1	1	0.8862
22	4	0.1338	0	1	0.6713
22	4	0.2393	0	0	-0.2969
22	4	1.19	1	1	0.3409
22	4	3.872	1	1	0.594
22	4	0.5002	0	1	-0.4277
22	4	0.1615	1	1	0.429
22	4	0.2871	0	0	1.465
22	4	0.8691	0	0	1.309
22	4	0.403	1	0	0.9527
22	4	0.353	0	0	-0.1746
22	4	0.0286	0	0	-0.05968
22	4	0.05322	1	1	0.2484
22	4	0.1796	0	0	0.594
22	4	0.5653	1	1	0.04866
22	4	3.187	1	1	-0.1746
22	4	0.8459	1	1	0.04866
22	4	3.609	0	0	-0.4277
22	4	0.1938	1	1	0.1511
22	4	3.184	1	1	-0.7199
22	4	0.7571	1	1	0.6713
22	4	0.4513	0	1	0.8172
22	4	0.08568	0	0	-1.742
22	4	1.309	0	0	-1.488
22	4	0.09806	1	0	1.414
22	4	3.573	0	0	-0.2969
22	4	0.001995	0	0	-0.2969
22	4	0.1535	0	1	2.331
22	4	0.884	1	0	0.5133
22	4	3.739	1	1	0.8172
22	4	0.02001	0	1	0.594
22	4	1.047	1	1	0.429
22	4	0.3953	0	1	0.2484
22	4	0.9925	1	1	0.6713
22	4	0.1256	1	1	1.868
22	4	3.497	1	1	0.2484
22	4	3.659	1	1	-0.4277
22	4	0.3804	1	1	1.017
23	4	0.8644	0	1	0.1511
23	4	0.03602	1	1	0.04866
23	4	0.3829	0	1	0.2484
23	4	3.616	1	1	0.8862
23	4	0.001142	1	1	-0.2969
23	4	3.646	1	1	0.594
23	4	3.521	1	1	-0.8848
23	4	3.259	1	1	0.429
23	4	0.8746	1	0	0.7457
23	4	0.3931	0	1	1.017
23	4	0.2173	0	0	-0.05968
23	4	0.8856	0	0	-0.2969
23	4	3.272	1	1	-0.8848
23	4	0.3599	0	1	0.2484
23	4	3.586	0	0	-1.742
23	4	0.3244	1	1	0.04866
23	4	0.2251	0	0	-0.05968
23	4	0.2498	1	0	-0.1746
23	4	1.033	1	1	-0.05968
23	4	0.5909	0	0	-1.065
23	4	0.7055	1	1	0.2484
23	4	0.2365	0	1	-0.7199
23	4	0.2083	0	0	-0.2969
23	4	0.2215	1	0	0.5133
23	4	0.4091	1	0	-0.2969
23	4	3.562	0	0	-0.7199
23	4	0.6458	0	1	0.429
23	4	0.08729	0	1	0.1511
23	4	3.246	0	0	-0.2969
23	4	0.3155	0	0	0.6713
23	4	0.02068	0	1	0.2484
23	4	0.1448	1	1	-0.2969
23	4	0.8345	1	1	-0.7199
23	4	0.02174	0	1	-0.4277
23	4	0.6526	0	0	-1.488
23	4	0.7309	1	0	0.429
23	4	1.113	1	1	-0.2969
23	4	3.801	1	1	-0.5682
23	4	0.8643	1	1	-1.065
23	4	0.04742	1	0	0.594
23	4	0.3956	1	1	0.5133
23	4	0.07868	1	1	-1.065
23	4	3.901	1	1	0.594
23	4	0.1351	0	0	1.017
23	4	0.03822	0	1	-0.2969
23	4	0.7518	1	0	0.8862
23	4	0.08972	1	1	1.017
23	4	0.4677	0	1	-0.4277
23	4	0.4188	1	1	0.2484
23	4	0.1297	1	0	0.04866
24	4	3.638	1	1	-0.2969
24	4	0.8262	0	0	0.2484
24	4	0.0826	0	0	-0.2969
24	4	0.2161	0	0	-1.488
24	4	1.081	1	0	0.6713
24	4	0.7425	0	0	0.8172
24	4	0.1829	0	0	0.04866
24	4	0.151	0	0	-1.488
24	4	0.6252	0	0	-0.4277
24	4	0.1825	1	0	-0.4277
24	4	0.07945	1	0	-0.05968
24	4	0.2443	1	0	0.6713
24	4	0.9568	0	1	1.655
24	4	0.7576	1	0	-0.05968
24	4	3.222	0	0	-1.065
24	4	0.4442	1	1	0.6713
24	4	3.507	1	1	-0.5682
24	4	0.008516	0	0	-1.742
24	4	0.3613	0	0	2.267
24	4	0.4644	0	1	-0.2969
24	4	0.5221	0	1	-0.2969
24	4	0.8886	0	0	0.1511
24	4	0.5759	1	1	-0.8848
24	4	0.5272	1	1	-0.7199
24	4	1.381	1	0	0.8862
24	4	0.4505	1	0	0.8862
24	4	0.4114	0	0	0.2484
24	4	0.003031	0	1	0.2484
24	4	0.5694	1	1	0.7457
24	4	0.7698	1	1	0.2484
24	4	3.29	0	0	-0.5682
24	4	0.1261	1	0	0.8172
24	4	3.542	1	1	0.6713
24	4	0.1104	0	0	0.3409
24	4	0.4434	1	0	-0.2969
24	4	3.718	0	0	-0.4277
24	4	0.1007	0	1	0.6713
24	4	3.745	1	1	0.594
24	4	3.481	0	0	-1.265
24	4	0.3041	0	1	0.594
24	4	0.08113	1	0	-0.7199
24	4	0.696	0	1	-0.05968
24	4	0.06167	1	0	-0.5682
24	4	0.2839	0	0	1.198
24	4	0.34	1	1	-0.1746
24	4	3.8	1	1	0.04866
24	4	0.1743	1	0	-0.1746
24	4	0.1017	1	0	-0.4277
24	4	3.679	0	0	-1.065
24	4	0.04153	1	0	1.017
25	4	3.482	0	0	-1.065
25	4	0.3897	1	1	0.429
25	4	0.6743	0	0	-0.4277
25	4	0.3908	1	1	1.655
25	4	0.2473	0	1	0.429
25	4	0.1272	0	0	0.04866
25	4	0.3696	0	0	-0.7199
25	4	0.1081	1	0	0.6713
25	4	0.3181	1	0	0.594
25	4	0.4247	1	0	0.8172
25	4	0.1836	1	0	0.2484
25	4	3.55	1	1	-0.2969
25	4	0.4914	1	0	0.1511
25	4	0.07984	0	0	0.2484
25	4	0.09314	0	0	-0.2969
25	4	0.6795	0	0	0.429
25	4	3.493	1	1	0.1511
25	4	0.3675	0	0	0.5133
25	4	0.6846	1	1	0.5133
25	4	3.687	0	0	-0.2969
25	4	4.215	0	0	0.04866
25	4	0.3873	1	0	-0.8848
25	4	0.02838	0	0	0.7457
25	4	0.3823	0	1	-0.2969
25	4	0.8847	1	1	0.3409
25	4	0.07119	1	0	-0.7199
25	4	0.3968	0	0	-0.05968
25	4	0.7659	1	1	0.429
25	4	0.8282	0	1	1.655
25	4	3.849	0	0	-1.488
25	4	0.7756	1	1	0.3409
25	4	0.9652	0	0	-1.065
25	4	0.3171	1	1	-0.2969
25	4	0.5112	0	1	-0.2969
25	4	0.6036	1	1	-0.05968
25	4	0.05993	0	1	-0.7199
25	4	0.2624	0	1	0.2484
25	4	1.081	1	1	0.9527
25	4	3.529	1	1	-0.2969
25	4	3.739	0	0	-0.2969
25	4	0.3719	0	1	0.5133
25	4	3.66	1	1	-0.05968
25	4	0.9497	1	0	5.35
25	4	0.001071	1	1	-0.05968
25	4	0.09107	0	1	0.1511
25	4	0.1912	1	0	0.5133
25	4	0.005076	0	1	-0.4277
25	4	3.54	0	0	1.414
25	4	0.2082	0	1	-0.05968
25	4	1.128	1	0	-0.2969
26	4	0.7095	1	1	0.429
26	4	0.5271	0	0	0.429
26	4	0.7389	0	1	-0.5682
26	4	3.891	0	0	-0.5682
26	4	0.1619	0	1	-0.05968
26	4	0.08534	0	1	-0.4277
26	4	0.4441	1	1	0.5133
26	4	0.1222	0	1	0.04866
26	4	0.9341	0	0	0.7457
26	4	0.7694	1	1	-0.1746
26	4	3.72	0	0	-0.4277
26	4	0.01762	1	1	1.139
26	4	3.332	1	1	-0.2969
26	4	0.2642	1	1	0.5133
26	4	1.102	1	1	-0.5682
26	4	0.9202	1	1	-0.5682
26	4	3.83	1	1	-0.7199
26	4	0.7697	1	1	-0.5682
26	4	3.791	0	0	0.1511
26	4	1.149	1	1	0.1511
26	4	0.2262	1	1	0.594
26	4	0.19	1	0	-0.05968
26	4	0.7979	1	1	0.6713
26	4	0.07042	0	1	0.8862
26	4	3.71	1	1	0.429
26	4	0.3186	0	1	0.429
26	4	0.2948	1	1	1.785
26	4	0.4232	1	1	-0.5682
26	4	3.542	0	0	0.1511
26	4	0.2614	0	1	1.079
26	4	0.9353	1	1	0.04866
26	4	0.4451	0	1	-0.7199
26	4	0.2261	0	1	0.2484
26	4	0.6191	0	1	0.04866
26	4	3.245	0	0	-0.8848
26	4	0.3358	1	1	0.6713
26	4	3.773	1	1	-0.7199
26	4	0.9209	1	1	0.2484
26	4	0.2662	0	1	0.1511
26	4	0.4568	1	1	0.594
26	4	0.5002	0	0	0.429
26	4	0.5027	1	1	-1.065
26	4	0.04319	1	1	-0.8848
26	4	0.7525	1	1	-0.5682
26	4	0.4875	1	1	-0.2969
26	4	0.9087	1	1	-0.4277
26	4	0.09993	1	1	0.2484
26	4	0.3547	0	1	1.079
26	4	3.81	0	0	-0.8848
26	4	0.2222	0	1	0.1511
27	4	3.729	1	1	-0.4277
27	4	0.8161	0	1	-0.5682
27	4	0.3857	1	1	0.429
27	4	0.4544	1	1	-0.2969
27	4	0.969	1	1	-0.7199
27	4	0.7738	1	1	-0.05968
27	4	0.1475	0	1	0.429
27	4	0.5102	0	1	1.309
27	4	3.656	1	1	-0.5682
27	4	0.5455	0	0	-0.5682
27	4	0.3671	0	0	1.414
27	4	3.636	0	0	-0.05968
27	4	0.8469	0	1	0.429
27	4	0.05565	1	1	0.04866
27	4	3.719	0	0	-0.5682
27	4	0.7391	1	1	0.04866
27	4	0.2632	0	0	0.8862
27	4	0.6555	1	0	1.465
27	4	0.579	1	1	0.429
27	4	3.709	1	1	-0.2969
27	4	0.02486	1	1	1.785
27	4	0.4797	0	0	1.309
27	4	0.1465	1	0	0.6713
27	4	0.1071	0	0	-0.5682
27	4	3.704	0	0	-0.4277
27	4	0.2521	0	0	-2.034
27	4	0.5106	0	0	1.017
27	4	3.737	0	0	-1.488
27	4	0.5414	1	1	0.7457
27	4	0.05816	1	1	0.04866
27	4	0.008805	0	0	0.5133
27	4	0.1052	0	1	0.2484
27	4	0.3836	0	0	-0.8848
27	4	0.9164	1	1	-0.2969
27	4	0.3301	1	1	-0.05968
27	4	3.477	1	0	1.198
27	4	3.391	0	0	-1.065
27	4	0.8505	1	0	1.414
27	4	0.7753	1	1	0.5133
27	4	0.2071	1	0	-0.7199
27	4	0.1521	0	0	-0.2969
27	4	1.124	0	0	-1.065
27	4	0.1489	0	1	-0.5682
27	4	0.3547	0	1	-0.2969
27	4	3.539	1	1	0.594
27	4	0.745	0	1	0.594
27	4	0.1422	0	1	-0.2969
27	4	0.4252	1	1	-0.05968
27	4	0.5133	1	1	0.04866
27	4	0.5321	0	0	0.3409
28	4	0.8823	0	1	-0.05968
28	4	3.701	0	0	-1.488
28	4	0.875	1	0	0.5133
28	4	0.9159	0	0	0.6713
28	4	3.661	1	1	0.2484
28	4	4.048	0	0	-1.065
28	4	0.09732	0	1	-0.1746
28	4	1.129	1	1	-0.2969
28	4	0.3182	1	1	0.6713
28	4	0.5771	1	0	0.8172
28	4	3.528	0	0	-0.2969
28	4	1.182	0	1	0.429
28	4	0.6161	1	1	0.1511
28	4	0.2727	1	1	0.429
28	4	0.2431	0	0	-0.5682
28	4	0.3453	0	1	-0.05968
28	4	3.588	1	1	-0.05968
28	4	1.13	0	0	-0.05968
28	4	0.1618	1	1	0.04866
28	4	0.4906	0	1	0.8172
28	4	3.89	1	1	-0.7199
28	4	0.06111	1	1	0.8172
28	4	0.2824	1	1	0.6713
28	4	0.2825	1	1	0.3409
28	4	0.9677	1	0	0.1511
28	4	3.43	1	1	-0.5682
28	4	0.6379	1	0	0.5133
28	4	0.0646	0	1	-1.065
28	4	0.1163	1	0	1.309
28	4	0.516	1	1	0.429
28	4	0.5272	0	0	-0.05968
28	4	0.2398	1	0	-0.2969
28	4	0.5787	0	0	-0.2969
28	4	3.517	0	0	0.5133
28	4	3.604	1	1	-0.2969
28	4	0.05704	1	1	-0.2969
28	4	0.6894	1	1	0.2484
28	4	0.09931	0	1	-0.4277
28	4	0.1288	0	1	0.04866
28	4	0.1237	1	1	0.5133
28	4	0.4969	0	0	1.017
28	4	0.07176	1	0	-0.1746
28	4	0.5014	1	1	-0.5682
28	4	0.9903	0	0	0.2484
28	4	3.273	1	1	-0.7199
28	4	0.00577	0	1	-0.05968
28	4	0.2337	0	0	0.2484
28	4	0.4449	0	1	0.6713
28	4	0.06268	0	0	0.2484
28	4	0.3848	0	1	2.06
29	4	0.3134	1	1	-0.1746
29	4	0.1616	1	0	-0.8848
29	4	0.04036	0	1	0.5133
29	4	0.06709	1	0	1.017
29	4	0.1084	1	0	0.594
29	4	0.3393	1	0	-0.2969
29	4	0.4959	1	0	0.5133
29	4	0.314	0	0	-0.2969
29	4	3.851	0	0	0.1511
29	4	0.9811	0	0	1.465
29	4	0.6546	0	0	0.7457
29	4	1.04	0	0	1.309
29	4	0.4447	0	0	0.3409
29	4	0.231	1	0	0.429
29	4	3.5	0	0	-0.5682
29	4	3.358	1	1	-0.2969
29	4	0.9445	0	0	-0.5682
29	4	0.1545	1	1	1.309
29	4	0.04699	0	1	1.514
29	4	3.808	1	1	0.1511
29	4	1.285	1	0	0.2484
29	4	3.832	1	1	-0.2969
29	4	0.7843	0	0	0.2484
29	4	0.5237	1	1	1.562
29	4	0.366	0	1	0.2484
29	4	0.6826	1	1	0.1511
29	4	0.2742	0	0	0.7457
29	4	1.016	0	1	0.429
29	4	0.5391	0	0	0.8172
29	4	3.763	1	1	0.8172
29	4	0.3132	0	0	-0.4277
29	4	0.7774	0	0	-0.7199
29	4	0.1653	1	0	1.017
29	4	0.2997	1	0	0.2484
29	4	0.03174	0	0	-0.5682
29	4	0.0896	1	0	0.9527
29	4	1.171	0	0	-0.2969
29	4	0.2997	0	0	-0.5682
29	4	3.622	1	1	-0.8848
29	4	0.7517	1	1	1.655
29	4	0.3122	1	1	-0.05968
29	4	0.6823	1	0	0.8172
29	4	3.381	1	1	-0.5682
29	4	0.5298	0	0	-0.2969
29	4	0.4085	0	0	-0.05968
29	4	0.3623	1	0	-1.488
29	4	3.429	0	0	-1.065
29	4	3.824	1	1	-1.065
29	4	0.6112	0	1	0.8862
29	4	0.1208	0	1	0.429
30	5	0.2183	0	0	0.8862
30	5	3.964	0	0	0.2484
30	5	0.9943	0	0	0.594
30	5	3.677	1	1	0.04866
30	5	0.0951	0	0	0.04866
30	5	3.249	0	0	-0.5682
30	5	0.3038	1	0	-0.5682
30	5	0.4118	1	1	0.5133
30	5	0.4785	0	0	-1.742
30	5	0.1919	0	0	-0.05968
30	5	0.7	0	0	0.8172
30	5	0.3817	1	0	-0.05968
30	5	0.9664	0	1	0.7457
30	5	0.429	0	0	-0.05968
30	5	0.1844	0	0	-0.2969
30	5	0.9836	0	0	-0.2969
30	5	0.5184	1	0	-0.5682
30	5	0.2412	1	1	-0.4277
30	5	0.265	1	0	-2.379
30	5	0.1722	1	1	1.198
30	5	0.01045	0	0	0.5133
30	5	0.624	0	0	0.2484
30	5	0.9958	1	1	0.6713
30	5	0.9685	0	1	0.6713
30	5	0.5399	1	1	0.8172
30	5	3.288	1	1	-0.2969
30	5	0.2677	0	1	1.309
30	5	0.1112	1	1	0.8172
30	5	1.361	1	1	0.5133
30	5	3.716	1	1	0.2484
30	5	0.1902	1	0	0.8172
30	5	3.385	1	1	-0.05968
30	5	0.2177	0	0	0.7457
30	5	0.1536	1	1	-0.2969
30	5	0.5003	1	1	0.2484
30	5	1.192	0	0	-0.5682
30	5	0.9612	0	1	1.079
30	5	0.4828	0	0	1.017
30	5	3.651	0	0	-0.1746
30	5	0.3809	1	1	1.309
30	5	0.9979	1	1	0.429
30	5	0.42	0	0	-0.1746
30	5	0.429	1	0	0.8862
30	5	0.04826	1	0	1.699
30	5	0.06526	1	1	0.429
30	5	3.471	1	1	0.2484
30	5	0.132	1	0	0.04866
30	5	0.02106	0	0	0.429
30	5	3.542	0	0	0.594
30	5	3.42	0	0	0.04866
31	5	0.08031	1	0	-0.2969
31	5	1.028	0	0	-0.5682
31	5	0.5107	0	0	1.139
31	5	0.5819	1	0	0.6713
31	5	3.47	1	1	0.429
31	5	0.2295	1	0	-0.2969
31	5	3.872	1	1	-0.4277
31	5	0.1985	1	1	0.8862
31	5	3.965	1	1	0.2484
31	5	0.9209	1	1	0.9527
31	5	0.6633	0	0	0.2484
31	5	0.8652	1	0	0.6713
31	5	0.9361	0	0	-1.065
31	5	0.6397	1	0	0.2484
31	5	0.05643	0	1	1.827
31	5	1.034	1	1	1.079
31	5	0.2992	0	0	-1.742
31	5	3.294	0	0	-1.265
31	5	0.688	1	0	0.2484
31	5	0.03652	1	1	0.429
31	5	0.3976	0	0	0.594
31	5	0.1078	0	1	1.139
31	5	3.726	0	0	-0.1746
31	5	0.2979	0	1	0.3409
31	5	0.2985	1	1	-0.1746
31	5	0.9791	0	1	0.6713
31	5	0.171	1	1	0.594
31	5	0.7064	1	0	2.299
31	5	1.309	1	1	0.5133
31	5	0.3303	0	1	0.1511
31	5	0.04529	0	0	1.017
31	5	3.585	1	1	-0.2969
31	5	0.3816	1	0	-0.2969
31	5	0.08618	1	0	0.3409
31	5	0.2008	1	1	1.609
31	5	0.4477	0	0	1.017
31	5	0.9375	0	0	-0.5682
31	5	0.09141	0	0	0.04866
31	5	0.9241	1	0	1.079
31	5	0.3488	0	0	0.8862
31	5	0.01187	0	0	1.139
31	5	0.4507	0	0	1.139
31	5	3.926	0	0	-0.2969
31	5	3.743	0	0	-1.065
31	5	3.904	1	1	0.2484
31	5	0.5476	0	0	0.2484
31	5	0.1848	0	0	0.04866
31	5	3.779	0	0	-0.2969
31	5	0.2058	1	1	0.8172
31	5	0.448	1	1	1.017
32	5	0.6433	0	1	0.1511
32	5	0.1791	0	1	0.429
32	5	1.132	0	0	0.5133
32	5	0.2353	1	1	1.139
32	5	0.3307	0	0	-0.7199
32	5	0.1849	1	0	-0.7199
32	5	3.641	0	0	-0.05968
32	5	1.025	1	1	1.139
32	5	0.6894	1	0	1.254
32	5	0.7592	0	1	1.908
32	5	0.3441	0	1	0.594
32	5	0.2516	1	1	0.2484
32	5	3.872	1	1	-0.05968
32	5	0.1141	0	1	0.5133
32	5	0.1029	0	0	0.1511
32	5	1.174	1	1	1.699
32	5	3.666	1	1	0.1511
32	5	0.6416	0	0	0.429
32	5	0.2091	1	1	0.429
32	5	0.5953	0	0	-0.05968
32	5	0.8555	0	0	0.6713
32	5	0.05913	1	1	0.429
32	5	0.2403	1	1	0.8862
32	5	0.0736	0	1	0.04866
32	5	0.2852	1	1	0.9527
32	5	0.3255	0	1	1.363
32	5	0.4815	1	1	0.429
32	5	3.843	1	1	0.6713
32	5	0.6739	1	1	-0.2969
32	5	3.68	0	0	0.2484
32	5	0.6916	1	1	1.017
32	5	3.906	1	1	-0.05968
32	5	0.9301	1	0	-0.05968
32	5	0.6189	0	0	0.8862
32	5	0.09606	0	0	0.04866
32	5	1.143	0	0	0.7457
32	5	0.1595	0	0	1.198
32	5	3.543	0	0	-0.1746
32	5	0.1387	0	0	0.429
32	5	0.3926	0	1	1.562
32	5	1.16	1	0	1.414
32	5	3.573	1	1	0.429
32	5	0.05581	1	1	0.5133
32	5	0.9905	1	1	0.04866
32	5	0.3247	0	0	0.5133
32	5	0.7756	1	0	0.594
32	5	0.2811	1	1	-0.05968
32	5	3.732	1	1	0.2484
32	5	3.409	1	1	-0.2969
32	5	0.324	1	1	-0.5682
33	5	0.6481	0	1	1.363
33	5	0.1621	0	1	0.7457
33	5	0.1306	0	1	0.1511
33	5	3.49	1	1	0.2484
33	5	0.4591	0	1	0.5133
33	5	3.957	1	1	-0.05968
33	5	3.908	1	1	0.1511
33	5	3.704	1	1	-0.4277
33	5	0.8864	1	1	-0.7199
33	5	0.4299	0	1	-0.2969
33	5	0.06279	0	1	-0.05968
33	5	0.83	0	1	-0.05968
33	5	3.551	1	1	-0.2969
33	5	0.5516	0	0	0.7457
33	5	3.43	0	0	0.429
33	5	0.2071	1	1	-0.4277
33	5	0.6696	0	1	0.2484
33	5	0.1598	1	0	0.5133
33	5	0.6804	1	1	0.2484
33	5	0.9371	0	0	0.3409
33	5	0.9018	1	0	-0.2969
33	5	0.2278	0	1	1.562
33	5	0.3625	0	1	1.309
33	5	0.56	1	1	0.8862
33	5	0.304	1	1	0.04866
33	5	3.672	0	0	-0.7199
33	5	0.3808	0	0	0.3409
33	5	0.4162	0	1	0.5133
33	5	3.99	0	0	-0.5682
33	5	0.2865	0	0	1.785
33	5	0.1657	1	0	0.9527
33	5	0.01367	1	0	0.7457
33	5	0.9818	1	1	-0.2969
33	5	0.1646	1	1	-0.7199
33	5	0.3406	0	1	0.6713
33	5	0.2332	1	1	0.5133
33	5	0.4021	1	0	0.04866
33	5	4.208	1	1	0.5133
33	5	1.062	1	1	-0.2969
33	5	0.1153	0	1	1.017
33	5	0.5136	1	1	1.562
33	5	0.5263	1	1	-0.2969
33	5	3.528	1	1	0.04866
33	5	0.2682	0	1	0.6713
33	5	0.2445	0	0	0.6713
33	5	1.073	1	1	0.8862
33	5	0.09984	1	0	-0.2969
33	5	0.4473	0	1	0.594
33	5	0.4215	1	1	0.5133
33	5	0.2531	0	1	1.868
34	5	3.858	1	1	-0.2969
34	5	0.9378	0	0	1.079
34	5	0.4677	0	0	1.309
34	5	0.07979	0	0	0.6713
34	5	1.066	1	1	-0.1746
34	5	0.7231	0	0	0.04866
34	5	0.1148	1	0	1.699
34	5	0.1521	0	1	0.429
34	5	0.7809	0	0	0.1511
34	5	0.01869	1	1	-0.05968
34	5	0.1319	1	1	-0.05968
34	5	0.1517	1	1	0.429
34	5	0.8161	0	0	-0.7199
34	5	0.3482	1	1	0.1511
34	5	3.489	0	0	-1.265
34	5	0.4411	1	0	0.594
34	5	3.526	1	1	0.3409
34	5	0.1288	0	1	0.6713
34	5	0.2638	0	0	-0.4277
34	5	0.2062	0	0	1.414
34	5	1.086	0	0	-0.4277
34	5	0.7209	0	1	-0.2969
34	5	0.9931	1	1	0.2484
34	5	0.3968	1	1	0.594
34	5	1.185	1	1	-0.7199
34	5	0.4681	1	1	0.6713
34	5	0.3141	0	1	-0.2969
34	5	0.4452	1	0	1.465
34	5	0.5738	1	1	-1.265
34	5	0.7698	1	1	-0.1746
34	5	3.3	0	0	-0.8848
34	5	0.1219	1	0	1.079
34	5	3.539	1	1	-1.265
34	5	0.1062	0	0	-0.7199
34	5	0.4465	1	0	0.429
34	5	3.722	0	0	-0.7199
34	5	0.1023	0	1	1.309
34	5	3.746	1	1	-0.4277
34	5	3.482	0	0	-0.8848
34	5	0.3008	0	1	0.5133
34	5	0.09035	1	1	-0.4277
34	5	0.7039	0	1	-0.5682
34	5	0.06978	1	0	-0.05968
34	5	0.2904	0	1	0.8172
34	5	0.3412	1	1	0.429
34	5	3.802	1	1	0.04866
34	5	0.173	1	0	0.5133
34	5	0.09866	1	0	1.465
34	5	3.678	0	0	-0.5682
34	5	0.03985	1	0	-0.1746
35	5	3.486	0	0	-0.8848
35	5	0.3956	1	1	0.04866
35	5	0.6751	0	0	1.079
35	5	0.3941	1	1	0.04866
35	5	0.2574	0	0	0.429
35	5	0.1278	0	1	0.8862
35	5	0.3674	0	0	1.079
35	5	0.1036	1	1	0.9527
35	5	0.3184	1	0	-0.05968
35	5	0.4253	1	0	-0.4277
35	5	0.1766	1	0	0.8172
35	5	3.554	1	1	0.04866
35	5	0.4835	1	1	1.655
35	5	0.08148	0	1	1.079
35	5	0.09966	0	1	-0.2969
35	5	0.6819	0	1	0.1511
35	5	3.496	1	1	-0.2969
35	5	0.3723	0	1	0.04866
35	5	0.6898	1	0	1.655
35	5	3.691	0	0	-0.2969
35	5	4.218	0	0	-0.7199
35	5	0.3885	1	0	0.2484
35	5	0.02515	0	1	-0.5682
35	5	0.3782	0	0	0.6713
35	5	0.8946	1	0	0.6713
35	5	0.07294	1	0	0.2484
35	5	0.4	0	0	-0.2969
35	5	0.7654	1	1	-0.05968
35	5	0.8271	0	0	0.5133
35	5	3.851	0	0	-0.7199
35	5	0.7718	1	0	0.6713
35	5	0.9658	0	0	-1.488
35	5	0.3178	1	0	-0.1746
35	5	0.5053	0	0	-1.065
35	5	0.6055	1	0	0.6713
35	5	0.05779	0	0	0.6713
35	5	0.2634	0	0	0.429
35	5	1.075	1	1	-0.2969
35	5	3.523	1	1	-0.05968
35	5	3.741	0	0	-0.1746
35	5	0.3654	0	0	0.8862
35	5	3.66	1	1	0.1511
35	5	0.9476	1	0	-0.5682
35	5	0.001009	1	1	0.04866
35	5	0.08666	0	1	-0.05968
35	5	0.1855	1	0	1.868
35	5	0.005244	0	1	0.6713
35	5	3.545	0	0	-0.4277
35	5	0.2102	0	0	0.9527
35	5	1.128	1	1	0.429
36	5	0.7107	1	1	0.2484
36	5	0.5237	0	0	-1.488
36	5	0.7348	0	1	0.429
36	5	3.897	0	0	-1.742
36	5	0.1657	0	0	0.04866
36	5	0.08381	0	0	-0.4277
36	5	0.4444	1	1	0.429
36	5	0.1231	0	0	-0.2969
36	5	0.9337	0	0	0.594
36	5	0.7696	1	0	0.8172
36	5	3.728	0	0	0.04866
36	5	0.01565	1	1	0.8172
36	5	3.333	1	1	1.139
36	5	0.2648	1	1	1.198
36	5	1.098	1	1	1.017
36	5	0.9239	1	1	0.8172
36	5	3.84	1	1	0.8862
36	5	0.7693	1	1	0.8172
36	5	3.79	0	0	0.429
36	5	1.142	1	1	0.429
36	5	0.2253	1	0	1.017
36	5	0.1898	1	1	0.429
36	5	0.7983	1	1	0.429
36	5	0.07069	0	0	0.7457
36	5	3.709	1	1	0.2484
36	5	0.3188	0	0	0.2484
36	5	0.3005	1	1	1.699
36	5	0.4221	1	0	0.6713
36	5	3.549	0	0	1.017
36	5	0.2598	0	1	0.6713
36	5	0.9353	1	1	1.414
36	5	0.4407	0	0	-1.065
36	5	0.2196	0	0	0.8172
36	5	0.619	0	0	1.017
36	5	3.247	0	0	0.5133
36	5	0.3391	1	0	1.254
36	5	3.777	1	1	0.9527
36	5	0.9172	1	1	0.594
36	5	0.2647	0	1	1.139
36	5	0.4483	1	1	0.5133
36	5	0.5004	0	1	0.8862
36	5	0.5071	1	1	0.5133
36	5	0.05064	1	0	0.6713
36	5	0.7509	1	0	0.594
36	5	0.4859	1	1	1.743
36	5	0.9094	1	1	0.8862
36	5	0.1027	1	0	0.6713
36	5	0.3599	0	0	1.254
36	5	3.823	0	0	0.7457
36	5	0.221	0	1	0.8172
37	5	3.728	1	1	0.6713
37	5	0.8152	0	1	1.514
37	5	0.3904	1	0	0.9527
37	5	0.4544	1	1	0.429
37	5	0.9711	1	1	1.017
37	5	0.7715	1	1	0.3409
37	5	0.1465	0	1	1.465
37	5	0.5064	0	0	-0.7199
37	5	3.658	1	1	0.2484
37	5	0.5435	0	1	0.5133
37	5	0.3618	0	1	1.079
37	5	3.642	0	0	-0.2969
37	5	0.8501	0	1	0.2484
37	5	0.05404	1	1	-0.05968
37	5	3.724	0	0	-0.1746
37	5	0.7413	1	1	-0.2969
37	5	0.2677	0	0	-0.1746
37	5	0.6624	1	1	-1.065
37	5	0.5842	1	0	0.2484
37	5	3.711	1	1	-0.7199
37	5	0.01656	1	1	-0.5682
37	5	0.4856	0	1	0.7457
37	5	0.1444	1	1	1.309
37	5	0.1026	0	0	0.8172
37	5	3.705	0	0	-0.05968
37	5	0.2522	0	0	-1.065
37	5	0.5074	0	1	0.1511
37	5	3.734	0	0	-1.488
37	5	0.5466	1	0	-0.5682
37	5	0.06096	1	1	-0.05968
37	5	1.335e-05	0	0	0.2484
37	5	0.09955	0	1	-0.2969
37	5	0.3848	0	0	-0.4277
37	5	0.9185	1	1	-1.265
37	5	0.3271	1	0	0.429
37	5	3.48	1	1	-0.2969
37	5	3.389	0	0	0.2484
37	5	0.8469	1	1	-0.2969
37	5	0.7808	1	1	0.04866
37	5	0.2072	1	1	-0.05968
37	5	0.1538	0	1	0.5133
37	5	1.122	0	0	-0.05968
37	5	0.1471	0	1	0.8172
37	5	0.3573	0	1	0.8862
37	5	3.535	1	1	-0.1746
37	5	0.7539	0	1	1.139
37	5	0.1406	0	1	0.6713
37	5	0.4241	1	1	1.139
37	5	0.5109	1	1	-0.05968
37	5	0.5293	0	0	0.2484
38	5	0.8834	0	0	-0.2969
38	5	3.705	0	0	-0.2969
38	5	0.8707	1	1	0.3409
38	5	0.9117	0	0	-0.2969
38	5	3.663	1	1	0.8862
38	5	4.05	0	0	-0.05968
38	5	0.09865	0	0	1.743
38	5	1.13	1	1	0.2484
38	5	0.3189	1	1	0.429
38	5	0.5789	1	1	0.6713
38	5	3.529	0	0	-0.05968
38	5	1.182	0	0	-0.1746
38	5	0.6164	1	1	0.04866
38	5	0.2731	1	0	0.429
38	5	0.2424	0	0	0.1511
38	5	0.3433	0	1	0.1511
38	5	3.59	1	1	0.04866
38	5	1.134	0	0	1.017
38	5	0.1618	1	1	0.5133
38	5	0.4871	0	1	0.429
38	5	3.892	1	1	0.2484
38	5	0.05637	1	1	0.7457
38	5	0.2898	1	0	0.7457
38	5	0.2781	1	1	0.1511
38	5	0.9702	1	1	-0.1746
38	5	3.428	1	1	-0.5682
38	5	0.6313	1	1	-0.5682
38	5	0.06416	0	1	0.2484
38	5	0.1241	1	1	-0.2969
38	5	0.5176	1	1	0.429
38	5	0.5255	0	0	0.6713
38	5	0.2408	1	0	-0.1746
38	5	0.5794	0	0	-0.8848
38	5	3.517	0	0	-0.8848
38	5	3.611	1	1	-0.4277
38	5	0.05759	1	0	0.04866
38	5	0.6929	1	1	0.04866
38	5	0.09871	0	0	-0.8848
38	5	0.1285	0	1	-0.2969
38	5	0.5091	1	0	0.04866
38	5	0.9029	0	0	-0.1746
38	5	0.01552	1	0	-0.7199
38	5	0.4999	1	0	0.9527
38	5	0.9902	0	0	0.9527
38	5	3.281	1	1	0.3409
38	5	0.005099	0	0	0.8862
38	5	0.2379	0	0	-0.7199
38	5	0.4492	0	0	-0.1746
38	5	0.06107	0	0	0.429
38	5	0.3872	0	0	-1.065
39	5	0.3138	1	1	0.04866
39	5	0.1661	1	1	1.514
39	5	0.04032	0	0	0.2484
39	5	0.0711	1	1	-0.05968
39	5	0.1026	1	1	-0.4277
39	5	0.3388	1	1	1.017
39	5	0.4987	1	0	-1.065
39	5	0.3133	0	0	0.7457
39	5	3.853	0	0	-1.488
39	5	0.9787	0	1	0.8172
39	5	0.6516	0	0	0.2484
39	5	1.044	0	1	0.04866
39	5	0.4466	0	0	0.5133
39	5	0.2343	1	1	0.8862
39	5	3.499	0	0	-0.4277
39	5	3.367	1	1	0.1511
39	5	0.9434	0	0	-0.2969
39	5	0.1514	1	0	0.04866
39	5	0.05195	0	1	-1.065
39	5	3.81	1	1	0.2484
39	5	1.281	1	1	-1.265
39	5	3.828	1	1	-0.4277
39	5	0.7947	0	0	0.04866
39	5	0.5239	1	0	-2.034
39	5	0.3631	0	0	1.363
39	5	0.6861	1	0	-0.05968
39	5	0.2727	0	0	0.429
39	5	1.012	0	0	-0.2969
39	5	0.5396	0	1	0.6713
39	5	3.764	1	1	0.2484
39	5	0.3134	0	0	-1.065
39	5	0.7782	0	0	-0.8848
39	5	0.1627	1	0	-0.2969
39	5	0.301	1	0	-0.2969
39	5	0.03819	0	0	0.429
39	5	0.09205	1	0	-3.348
39	5	1.17	0	0	-0.4277
39	5	0.2995	0	0	0.1511
39	5	3.621	1	1	0.04866
39	5	0.7492	1	0	0.8172
39	5	0.3127	1	1	0.2484
39	5	0.6819	1	1	0.2484
39	5	3.383	1	1	-0.7199
39	5	0.5312	0	0	0.6713
39	5	0.4112	0	0	0.8172
39	5	0.3604	1	0	-0.2969
39	5	3.433	0	0	-0.8848
39	5	3.819	1	1	0.1511
39	5	0.6089	0	0	0.2484
39	5	0.1181	0	1	0.429
40	6	0.2188	0	0	1.562
40	6	3.967	0	0	0.8172
40	6	0.9925	0	0	0.429
40	6	3.674	1	1	-0.1746
40	6	0.09484	0	0	0.7457
40	6	3.249	0	0	-0.1746
40	6	0.3037	1	0	0.8862
40	6	0.4113	1	0	0.9527
40	6	0.4799	0	0	0.2484
40	6	0.1946	0	0	0.2484
40	6	0.7026	0	0	-0.05968
40	6	0.3788	1	0	-0.4277
40	6	0.9653	0	1	-0.2969
40	6	0.4344	0	1	1.699
40	6	0.1809	0	1	0.8172
40	6	0.9837	0	0	-0.05968
40	6	0.5154	1	0	-1.742
40	6	0.239	1	1	-0.8848
40	6	0.2628	1	1	-0.2969
40	6	0.1707	1	1	1.309
40	6	0.01154	0	1	0.3409
40	6	0.6242	0	0	0.8862
40	6	0.9942	1	1	-0.05968
40	6	0.9666	0	1	1.017
40	6	0.5374	1	1	0.04866
40	6	3.288	1	1	0.04866
40	6	0.2706	0	0	0.3409
40	6	0.1153	1	1	-0.2969
40	6	1.362	1	1	0.1511
40	6	3.716	1	1	-1.065
40	6	0.1922	1	1	0.8862
40	6	3.39	1	1	-0.5682
40	6	0.2122	0	0	0.2484
40	6	0.1523	1	1	-0.1746
40	6	0.4962	1	0	-1.065
40	6	1.2	0	0	-1.488
40	6	0.964	0	0	-1.065
40	6	0.4806	0	0	-5.43
40	6	3.651	0	0	0.8862
40	6	0.3806	1	1	-0.5682
40	6	0.9987	1	1	1.017
40	6	0.4169	0	0	-0.8848
40	6	0.4278	1	0	-2.034
40	6	0.05094	1	1	0.8172
40	6	0.05886	1	0	0.429
40	6	3.469	1	1	-0.1746
40	6	0.1313	1	1	-0.1746
40	6	0.01937	0	1	-0.2969
40	6	3.539	0	0	-0.4277
40	6	3.413	0	0	-0.1746
41	6	0.07668	1	0	-0.7199
41	6	1.028	0	0	-0.5682
41	6	0.5089	0	0	-1.065
41	6	0.5835	1	0	0.2484
41	6	3.465	1	1	-0.4277
41	6	0.2299	1	0	-0.7199
41	6	3.873	1	1	-0.5682
41	6	0.1967	1	0	-0.2969
41	6	3.964	1	1	-0.1746
41	6	0.9184	1	1	-0.2969
41	6	0.6647	0	1	-0.05968
41	6	0.8644	1	1	1.414
41	6	0.9306	0	0	-0.05968
41	6	0.6425	1	0	1.079
41	6	0.05617	0	0	0.3409
41	6	1.034	1	0	-0.2969
41	6	0.3013	0	1	0.1511
41	6	3.291	0	0	-0.1746
41	6	0.6862	1	1	0.6713
41	6	0.0375	1	1	-1.065
41	6	0.3971	0	0	-0.1746
41	6	0.1088	0	0	-1.488
41	6	3.787	0	0	-0.05968
41	6	0.06304	0	1	-0.5682
41	6	0.3657	1	0	-2.034
41	6	0.8062	0	0	-0.8848
41	6	0.3718	1	1	0.2484
41	6	0.8644	1	1	0.2484
41	6	0.9378	1	1	-0.4277
41	6	0.08741	1	1	1.198
41	6	0.09405	0	0	-1.065
41	6	3.593	1	1	1.139
41	6	0.09928	1	1	-0.2969
41	6	0.2123	1	1	0.6713
41	6	0.5753	1	0	0.2484
41	6	0.3539	0	1	-0.2969
41	6	0.4465	0	0	-0.7199
41	6	0.01354	0	1	0.3409
41	6	0.9115	1	0	-0.2969
41	6	0.05549	1	0	-2.379
41	6	0.1771	1	1	-0.2969
41	6	0.2055	0	0	0.2484
41	6	3.772	0	0	-0.8848
41	6	3.467	0	0	-1.065
41	6	3.653	1	1	-0.05968
41	6	0.4039	0	0	-0.5682
41	6	0.2904	0	1	-0.5682
41	6	3.801	0	0	-1.265
41	6	0.6716	1	1	-0.7199
41	6	0.3314	1	0	-0.2969
42	6	0.5121	0	1	0.6713
42	6	0.4276	0	1	-0.4277
42	6	1.253	0	0	-0.7199
42	6	0.481	1	1	-0.8848
42	6	0.3171	0	0	-0.5682
42	6	0.06072	1	0	-1.742
42	6	3.417	0	0	-3.348
42	6	0.8188	1	0	-2.379
42	6	0.3534	1	1	-0.2969
42	6	0.6768	0	0	-1.742
42	6	0.3806	0	0	-0.5682
42	6	0.286	1	0	-1.742
42	6	3.586	1	1	-2.379
42	6	0.1322	0	0	-0.5682
42	6	0.2409	0	0	-2.034
42	6	1.191	1	1	-0.5682
42	6	3.874	1	1	-0.7199
42	6	0.5034	0	1	-1.065
42	6	0.1616	1	1	0.2484
42	6	0.2868	0	0	-1.488
42	6	0.8681	0	0	-3.348
42	6	0.4047	1	1	-0.2969
42	6	0.3566	0	0	-0.05968
42	6	0.0242	0	0	-1.742
42	6	0.05383	1	1	0.429
42	6	0.177	0	0	-0.2969
42	6	0.5668	1	1	-1.265
42	6	3.183	1	1	-0.5682
42	6	0.8481	1	1	-0.05968
42	6	3.61	0	0	-1.065
42	6	0.1925	1	0	-3.348
42	6	3.193	1	1	-0.05968
42	6	0.7559	1	1	-0.2969
42	6	0.4526	0	0	-2.034
42	6	0.08465	0	0	-0.5682
42	6	1.306	0	0	-5.43
42	6	0.09802	1	1	-0.5682
42	6	3.581	0	0	-1.065
42	6	0.001382	1	1	0.04866
42	6	0.1534	0	1	-1.065
42	6	0.8811	1	1	-0.1746
42	6	3.739	1	1	-0.2969
42	6	0.02067	0	1	0.2484
42	6	1.046	1	0	1.309
42	6	0.396	0	1	0.9527
42	6	0.9937	1	1	-0.1746
42	6	0.1257	1	0	-0.2969
42	6	3.496	1	1	-0.2969
42	6	3.658	1	1	0.2484
42	6	0.3817	1	0	0.429
43	6	0.8664	0	0	-1.742
43	6	0.03732	1	0	-0.7199
43	6	0.3805	0	0	-0.5682
43	6	3.621	1	1	0.1511
43	6	0.001212	1	0	-0.2969
43	6	3.644	1	1	0.04866
43	6	3.522	1	1	0.5133
43	6	3.263	1	0	1.139
43	6	0.8744	1	0	-0.4277
43	6	0.3921	0	0	-5.43
43	6	0.2183	0	0	0.429
43	6	0.8838	0	0	-1.488
43	6	3.273	1	1	0.04866
43	6	0.3607	0	0	-2.379
43	6	3.583	0	0	-0.05968
43	6	0.3206	1	0	-0.5682
43	6	0.2211	0	0	-0.4277
43	6	0.2457	1	0	0.3409
43	6	1.033	1	0	1.309
43	6	0.5952	0	0	0.2484
43	6	0.7085	1	0	-0.2969
43	6	0.2341	0	0	1.562
43	6	0.2069	0	0	-0.5682
43	6	0.2184	1	0	-1.065
43	6	0.4094	1	0	-0.5682
43	6	3.562	0	0	-0.5682
43	6	0.6453	0	0	0.429
43	6	0.08984	0	0	-1.065
43	6	3.249	0	0	0.1511
43	6	0.3172	0	0	-1.488
43	6	0.02151	0	1	-0.5682
43	6	0.1437	1	0	-1.265
43	6	0.8401	1	0	-0.7199
43	6	0.02269	0	1	1.139
43	6	0.6492	0	0	-0.2969
43	6	0.7306	1	1	0.04866
43	6	1.114	1	0	0.3409
43	6	3.8	1	1	0.04866
43	6	0.8635	1	1	-0.5682
43	6	0.04493	1	0	-0.2969
43	6	0.3984	1	1	-0.2969
43	6	0.08319	1	1	-0.2969
43	6	3.904	1	1	0.3409
43	6	0.1323	0	0	1.139
43	6	0.03702	0	1	0.6713
43	6	0.7541	1	1	0.2484
43	6	0.08634	1	0	0.1511
43	6	0.4686	0	0	0.429
43	6	0.4204	1	1	-0.2969
43	6	0.1268	1	0	-0.7199
44	6	3.646	1	1	-0.5682
44	6	0.828	0	0	-0.8848
44	6	0.08142	0	1	1.655
44	6	0.2173	0	0	-0.05968
44	6	1.085	1	0	-0.2969
44	6	0.7437	0	0	-1.265
44	6	0.1836	0	0	-0.4277
44	6	0.1529	0	0	-1.488
44	6	0.6298	0	0	-0.5682
44	6	0.184	1	1	1.562
44	6	0.07771	1	0	-1.065
44	6	0.2465	1	0	-0.8848
44	6	0.9589	0	1	-1.265
44	6	0.7584	1	1	-0.7199
44	6	3.222	0	0	-1.488
44	6	0.4472	1	0	-1.065
44	6	3.512	1	1	0.6713
44	6	0.01033	0	0	-1.065
44	6	0.3593	0	0	-1.488
44	6	0.4645	0	0	-1.065
44	6	0.5227	0	0	-0.2969
44	6	1.022	0	1	-0.1746
44	6	0.7466	1	0	-0.8848
44	6	0.4724	1	1	-0.1746
44	6	0.5837	1	0	-1.488
44	6	0.5477	1	1	0.2484
44	6	0.1603	0	0	-0.05968
44	6	0.7232	1	0	1.309
44	6	0.574	1	1	0.2484
44	6	0.7683	1	1	0.2484
44	6	3.294	0	0	-0.4277
44	6	0.128	1	0	0.6713
44	6	3.537	1	1	0.04866
44	6	0.1084	0	0	0.04866
44	6	0.4434	1	0	0.2484
44	6	3.72	0	0	-1.065
44	6	0.1004	0	0	0.8172
44	6	3.745	1	1	-0.5682
44	6	3.482	0	0	-0.2969
44	6	0.3023	0	0	-1.065
44	6	0.08591	1	0	-0.7199
44	6	0.7026	0	1	-0.05968
44	6	0.06836	1	1	-0.5682
44	6	0.2901	0	0	-2.379
44	6	0.3405	1	0	-0.05968
44	6	3.8	1	0	1.139
44	6	0.1711	1	0	-0.4277
44	6	0.1032	1	0	0.1511
44	6	3.679	0	0	0.2484
44	6	0.03855	1	0	-0.2969
45	6	3.486	0	0	-0.8848
45	6	0.3913	1	0	1.414
45	6	0.6753	0	0	1.465
45	6	0.3938	1	0	-1.488
45	6	0.2565	0	0	1.414
45	6	0.129	0	1	0.6713
45	6	0.3727	0	0	-1.065
45	6	0.1036	1	1	0.3409
45	6	0.3197	1	0	0.429
45	6	0.4261	1	1	-0.2969
45	6	0.1778	1	0	0.2484
45	6	3.553	1	1	-0.7199
45	6	0.4924	1	0	0.04866
45	6	0.0797	0	1	-0.7199
45	6	0.09684	0	0	0.429
45	6	0.679	0	1	0.04866
45	6	3.492	1	1	-0.7199
45	6	0.3678	0	0	-0.5682
45	6	0.687	1	1	-0.8848
45	6	3.688	0	0	-0.7199
45	6	4.216	0	0	-1.742
45	6	0.3869	1	0	-1.742
45	6	0.02504	0	0	-0.2969
45	6	0.3824	0	0	-2.034
45	6	0.8928	1	1	-0.4277
45	6	0.07065	1	1	0.5133
45	6	0.3984	0	0	-0.2969
45	6	0.7642	1	0	-0.7199
45	6	0.8267	0	0	-1.488
45	6	3.853	0	0	-2.034
45	6	0.7712	1	0	0.2484
45	6	0.9649	0	0	-1.742
45	6	0.3191	1	1	0.2484
45	6	0.5089	0	0	-2.379
45	6	0.6056	1	0	-1.742
45	6	0.06171	0	1	0.04866
45	6	0.2665	0	1	-0.7199
45	6	1.081	1	1	0.04866
45	6	3.529	1	1	0.04866
45	6	3.742	0	0	-1.488
45	6	0.3663	0	1	-0.2969
45	6	3.659	1	1	-0.5682
45	6	0.9478	1	0	-0.2969
45	6	0.0007162	1	1	-0.2969
45	6	0.09056	0	0	-1.265
45	6	0.1899	1	0	-1.065
45	6	0.00195	0	0	1.198
45	6	3.545	0	0	-0.2969
45	6	0.2083	0	0	-0.2969
45	6	1.125	1	0	-0.05968
46	6	0.7093	1	1	0.2484
46	6	0.5248	0	0	0.04866
46	6	0.7386	0	0	0.3409
46	6	3.894	0	0	-0.5682
46	6	0.1628	0	0	-1.265
46	6	0.07991	0	0	0.2484
46	6	0.4444	1	1	1.309
46	6	0.1223	0	1	0.2484
46	6	0.9349	0	0	0.8862
46	6	0.7711	1	1	-0.2969
46	6	3.725	0	0	-0.2969
46	6	0.01791	1	0	-1.742
46	6	3.333	1	1	1.514
46	6	0.2633	1	1	0.429
46	6	1.103	1	1	-0.7199
46	6	0.9225	1	1	0.2484
46	6	3.836	1	1	0.04866
46	6	0.7718	1	1	0.429
46	6	3.792	0	0	-0.2969
46	6	1.147	1	1	-0.2969
46	6	0.2272	1	1	0.429
46	6	0.1903	1	1	0.7457
46	6	0.797	1	1	-0.05968
46	6	0.0714	0	0	-0.5682
46	6	3.708	1	1	-0.5682
46	6	0.3193	0	1	-0.5682
46	6	0.2978	1	0	-0.2969
46	6	0.4242	1	0	1.309
46	6	3.546	0	0	-0.2969
46	6	0.2621	0	1	0.8172
46	6	0.9369	1	0	0.8172
46	6	0.442	0	1	-0.2969
46	6	0.2263	0	1	-0.1746
46	6	0.6169	0	0	-0.5682
46	6	3.244	0	0	-0.7199
46	6	0.3383	1	0	-1.065
46	6	3.775	1	1	0.7457
46	6	0.922	1	1	0.6713
46	6	0.2639	0	0	0.1511
46	6	0.4557	1	0	-0.1746
46	6	0.5014	0	1	-0.1746
46	6	0.5033	1	1	0.594
46	6	0.04623	1	1	-0.2969
46	6	0.7505	1	1	0.3409
46	6	0.4858	1	0	0.429
46	6	0.9088	1	0	1.743
46	6	0.1026	1	0	-0.7199
46	6	0.3583	0	1	0.8172
46	6	3.811	0	0	-0.7199
46	6	0.2213	0	1	0.7457
47	6	3.731	1	1	0.5133
47	6	0.8121	0	1	0.6713
47	6	0.3886	1	1	0.8172
47	6	0.4574	1	1	0.04866
47	6	0.9687	1	1	-0.5682
47	6	0.7717	1	1	-0.2969
47	6	0.1483	0	1	-0.1746
47	6	0.5089	0	0	0.2484
47	6	3.659	1	1	-0.4277
47	6	0.5486	0	1	0.2484
47	6	0.3633	0	1	0.2484
47	6	3.642	0	0	-0.5682
47	6	0.8484	0	0	-1.265
47	6	0.0555	1	0	-0.4277
47	6	3.722	0	0	-0.8848
47	6	0.7371	1	1	0.9527
47	6	0.2636	0	1	-0.5682
47	6	0.6615	1	1	0.2484
47	6	0.588	1	1	-0.4277
47	6	3.715	1	1	-0.7199
47	6	0.0221	1	0	1.562
47	6	0.4864	0	0	-0.7199
47	6	0.1451	1	0	-0.4277
47	6	0.1037	0	0	-0.1746
47	6	3.704	0	0	-1.065
47	6	0.253	0	0	-1.065
47	6	0.5103	0	0	0.2484
47	6	3.736	0	0	-1.742
47	6	0.5423	1	1	1.139
47	6	0.06071	1	0	-0.8848
47	6	0.004495	0	1	0.8862
47	6	0.1033	0	1	-0.05968
47	6	0.3824	0	0	0.2484
47	6	0.917	1	1	-0.05968
47	6	0.331	1	1	-0.05968
47	6	3.479	1	1	-0.05968
47	6	3.389	0	0	-0.8848
47	6	0.8516	1	1	-0.5682
47	6	0.7794	1	1	-1.488
47	6	0.2083	1	0	0.5133
47	6	0.154	0	1	0.2484
47	6	1.122	0	0	-0.05968
47	6	0.1481	0	0	-0.1746
47	6	0.3589	0	1	-0.7199
47	6	3.539	1	1	0.429
47	6	0.7505	0	0	-0.05968
47	6	0.1421	0	1	0.8862
47	6	0.4233	1	1	-0.05968
47	6	0.5099	1	1	-0.05968
47	6	0.5302	0	0	-0.4277
48	6	0.8814	0	1	0.7457
48	6	3.707	0	0	-0.2969
48	6	0.8712	1	1	-0.05968
48	6	0.9135	0	1	0.5133
48	6	3.664	1	1	0.429
48	6	4.052	0	0	-0.05968
48	6	0.09758	0	0	1.079
48	6	1.131	1	1	0.8862
48	6	0.3193	1	0	1.254
48	6	0.5768	1	0	-0.2969
48	6	3.531	0	1	0.2484
48	6	1.182	0	0	0.594
48	6	0.6158	1	1	0.3409
48	6	0.2732	1	1	1.562
48	6	0.2452	0	0	0.8172
48	6	0.3409	0	0	-0.2969
48	6	3.588	1	1	0.8862
48	6	1.134	0	0	0.8862
48	6	0.1598	1	1	0.04866
48	6	0.4911	0	1	0.429
48	6	3.888	1	1	1.017
48	6	0.05839	1	0	-0.05968
48	6	0.2846	1	1	0.8172
48	6	0.2825	1	1	0.1511
48	6	0.97	1	0	-0.1746
48	6	3.424	1	1	0.6713
48	6	0.6298	1	0	-0.1746
48	6	0.06407	0	1	0.8862
48	6	0.124	1	0	0.594
48	6	0.5165	1	1	0.5133
48	6	0.5279	0	0	0.3409
48	6	0.2372	1	1	0.594
48	6	0.5785	0	0	-0.5682
48	6	3.515	0	0	-0.2969
48	6	3.608	1	1	0.429
48	6	0.05347	1	0	0.6713
48	6	0.6904	1	1	0.2484
48	6	0.1011	0	0	0.8172
48	6	0.1277	0	0	0.8172
48	6	0.118	1	0	-0.2969
48	6	0.4903	0	0	0.04866
48	6	0.07021	1	0	-0.7199
48	6	0.4998	1	1	0.2484
48	6	0.9912	0	0	-0.5682
48	6	3.275	1	1	0.2484
48	6	0.004309	0	1	0.04866
48	6	0.2377	0	0	-0.05968
48	6	0.4452	0	0	0.1511
48	6	0.06319	0	0	0.3409
48	6	0.3851	0	0	0.2484
49	6	0.3154	1	0	0.429
49	6	0.1631	1	1	0.594
49	6	0.04117	0	0	-0.05968
49	6	0.0684	1	0	-0.05968
49	6	0.1053	1	1	0.2484
49	6	0.3392	1	1	0.3409
49	6	0.4983	1	1	0.1511
49	6	0.3123	0	1	1.309
49	6	3.854	0	0	0.429
49	6	0.9807	0	0	0.3409
49	6	0.654	0	0	0.2484
49	6	1.042	0	1	1.017
49	6	0.4444	0	1	0.9527
49	6	0.2312	1	0	0.04866
49	6	3.503	0	0	0.2484
49	6	3.36	1	1	0.2484
49	6	0.944	0	0	0.5133
49	6	0.1505	1	0	0.3409
49	6	0.04953	0	0	-0.5682
49	6	3.808	1	1	0.6713
49	6	1.284	1	1	0.8172
49	6	3.831	1	1	0.594
49	6	0.7877	0	0	-0.1746
49	6	0.5233	1	1	1.743
49	6	0.3638	0	0	1.868
49	6	0.6854	1	1	-0.1746
49	6	0.2731	0	1	-0.1746
49	6	1.015	0	1	-0.7199
49	6	0.5417	0	1	-0.2969
49	6	3.761	1	1	0.594
49	6	0.3132	0	1	1.079
49	6	0.7774	0	0	0.1511
49	6	0.1612	1	1	-0.2969
49	6	0.3021	1	1	0.2484
49	6	0.03373	0	0	-0.05968
49	6	0.08812	1	0	-0.2969
49	6	1.171	0	0	-0.05968
49	6	0.3001	0	0	-0.2969
49	6	3.621	1	1	-0.05968
49	6	0.751	1	0	0.9527
49	6	0.3148	1	0	0.429
49	6	0.6799	1	1	0.2484
49	6	3.38	1	1	0.8172
49	6	0.5301	0	0	0.429
49	6	0.4099	0	1	0.1511
49	6	0.3625	1	0	0.429
49	6	3.431	0	0	0.04866
49	6	3.817	1	1	0.04866
49	6	0.607	0	0	0.429
49	6	0.1197	0	1	0.5133
