0	2	1.512	1	0	-0.4167
0	2	1.832	1	1	0.3263
0	2	3.792	0	0	0.1774
0	2	5.556	1	1	1.126
0	2	1.64	0	0	0.7886
0	2	3.713	0	0	0.1267
0	2	0.1375	0	0	0.1267
0	2	2.058	0	0	-0.4167
0	2	1.084	0	0	0.3748
0	2	3.6	0	0	0.655
0	2	0.4328	0	0	0.9182
0	2	0.3027	0	0	1.206
0	2	0.5018	0	0	0.3263
0	2	0.8121	1	0	0.4702
0	2	5.294	0	0	-0.4167
0	2	0.3631	1	1	-0.02934
0	2	0.5964	1	0	1.801
0	2	1.722	1	1	-0.2465
0	2	0.4406	0	1	2.038
0	2	3.296	1	1	0.1267
0	2	1.632	0	0	1.401
0	2	1.717	1	1	0.2276
0	2	3.493	0	1	1.126
0	2	5.47	1	1	0.655
0	2	5.465	0	0	1.477
0	2	3.544	0	0	1.085
0	2	1.059	1	0	2.415
0	2	1.301	0	0	2.262
0	2	0.5744	1	1	1.363
0	2	5.152	1	1	0.2772
0	2	5.461	0	1	0.8754
0	2	3.775	0	0	0.5636
0	2	5.028	1	1	0.07528
0	2	3.447	0	0	1.938
0	2	1.696	0	0	0.3748
0	2	1.733	0	0	-0.3025
0	2	3.54	1	1	-0.02934
0	2	0.6487	1	1	0.5172
0	2	0.491	1	1	0.3263
0	2	1.131	1	1	0.1774
0	2	5.421	0	0	1.324
0	2	1.181	1	0	0.4228
0	2	0.7922	0	0	1.285
0	2	0.5541	0	1	1.363
0	2	1.633	1	1	0.3263
0	2	1.728	1	1	1.126
0	2	1.085	1	1	0.5636
0	2	5.398	1	1	0.5636
0	2	5.376	1	1	0.4702
0	2	3.366	1	1	0.655
1	2	0.5209	1	0	0.07528
1	2	0.6711	0	1	0.02328
1	2	1.457	1	0	-0.3025
1	2	3.631	0	0	-0.02934
1	2	0.5988	1	0	2.505
1	2	3.75	0	0	0.6095
1	2	3.417	1	1	0.3263
1	2	0.6556	1	0	0.5636
1	2	5.46	1	1	0.6095
1	2	0.6306	0	0	1.002
1	2	5.559	0	0	0.6095
1	2	1.142	1	0	-0.1365
1	2	1.36	0	0	0.655
1	2	0.399	0	0	1.401
1	2	3.136	1	1	0.4228
1	2	5.469	1	1	0.1774
1	2	0.847	1	1	1.206
1	2	0.5081	1	0	0.6095
1	2	0.4989	1	1	0.3263
1	2	0.5321	1	0	2.415
1	2	3.622	1	1	0.655
1	2	1.859	0	0	-0.1912
1	2	5.549	1	1	1.044
1	2	0.933	1	1	0.3263
1	2	1.793	0	0	0.655
1	2	1.949	0	1	2.199
1	2	0.8836	1	1	2.65
1	2	3.613	0	0	0.4702
1	2	5.506	1	1	0.7445
1	2	0.6085	0	0	1.206
1	2	5.196	0	0	1.904
1	2	5.76	0	0	0.6095
1	2	0.3689	0	1	2.415
1	2	3.662	0	0	0.3263
1	2	5.561	0	0	0.9182
1	2	0.842	0	0	1.587
1	2	3.345	0	0	0.3263
1	2	1.926	1	0	2.07
1	2	1.739	0	0	1.587
1	2	0.7018	0	0	1.401
1	2	1.671	1	0	2.005
1	2	3.896	0	0	1.87
1	2	0.6353	1	1	0.655
1	2	5.606	0	0	0.7886
1	2	2.101	0	0	1.477
1	2	3.911	0	0	1.206
1	2	5.201	1	1	0.4228
1	2	0.7256	0	0	1.624
1	2	1.223	1	1	1.401
1	2	1.711	1	1	1.514
2	2	1.774	1	1	0.7886
2	2	0.2228	0	1	1.836
2	2	2.017	1	0	1.587
2	2	1.982	1	1	1.324
2	2	5.132	0	0	1.085
2	2	1.844	0	1	-0.3025
2	2	2.078	0	0	0.9182
2	2	0.3262	1	0	1.836
2	2	3.707	1	1	-0.1912
2	2	0.766	0	0	1.085
2	2	0.7448	1	1	0.2276
2	2	1.137	1	1	0.3263
2	2	1.869	1	1	0.3263
2	2	1.022	0	0	1.166
2	2	0.5827	1	1	0.5636
2	2	0.7409	0	0	1.246
2	2	1.969	0	0	1.126
2	2	1.866	1	1	1.904
2	2	5.132	1	1	0.9182
2	2	3.327	1	1	0.4702
2	2	1.232	0	0	0.7886
2	2	1.913	1	1	0.3748
2	2	3.491	0	0	0.8754
2	2	0.5351	1	1	0.5636
2	2	0.1788	1	0	1.002
2	2	3.727	0	0	0.7
2	2	1.264	0	0	0.4702
2	2	3.196	1	0	2.038
2	2	3.477	1	1	-0.6547
2	2	1.083	1	0	1.126
2	2	0.3389	0	1	0.07528
2	2	5.671	1	1	-0.475
2	2	0.2951	1	1	-0.2465
2	2	0.982	0	0	0.7886
2	2	5.39	0	0	1.085
2	2	3.878	0	0	0.5636
2	2	5.769	0	0	1.477
2	2	5.115	0	0	1.206
2	2	1.498	0	0	1.324
2	2	3.7	1	1	-0.02934
2	2	5.338	0	0	0.7886
2	2	0.7197	0	0	0.8754
2	2	3.783	1	1	0.1774
2	2	0.4289	1	1	0.2772
2	2	5.607	0	0	0.655
2	2	5.506	0	0	0.07528
2	2	1.09	0	0	-0.02934
2	2	5.407	1	1	0.4228
2	2	1.106	1	0	-0.4167
2	2	3.932	1	1	-0.1912
3	2	3.737	1	0	2.355
3	2	5.621	1	1	-1.038
3	2	0.4833	0	0	0.6095
3	2	0.5245	0	1	-0.4167
3	2	0.6984	0	0	0.07528
3	2	1.042	1	1	0.9182
3	2	0.2735	0	0	-0.6547
3	2	0.3611	1	1	-0.475
3	2	3.241	1	1	0.07528
3	2	1.008	1	0	-0.1912
3	2	0.3901	0	1	-0.9717
3	2	0.5409	0	0	-0.7787
3	2	5.388	0	0	-0.08261
3	2	3.652	0	0	0.1774
3	2	5.248	1	1	-0.1912
3	2	5.005	0	0	-0.3025
3	2	3.14	0	0	1.363
3	2	5.207	1	1	-0.4167
3	2	5.379	0	0	-0.1912
3	2	1.596	1	0	0.9182
3	2	1.035	1	1	0.07528
3	2	0.7365	0	0	0.07528
3	2	1.952	0	0	-0.08261
3	2	0.3327	0	0	-0.02934
3	2	1.838	1	1	-0.1912
3	2	5.521	0	0	-0.2465
3	2	0.4189	1	0	1.206
3	2	0.6743	1	1	0.02328
3	2	2.08	1	0	0.2276
3	2	2.275	1	0	0.2276
3	2	0.8868	1	1	-0.1912
3	2	5.118	1	1	0.9605
3	2	3.474	0	0	0.8322
3	2	3.682	0	0	0.8322
3	2	3.705	1	1	0.5636
3	2	3.442	0	0	0.2772
3	2	5.677	1	1	-0.7787
3	2	0.8498	0	1	-0.1912
3	2	1.638	0	0	0.5636
3	2	3.781	0	0	0.3748
3	2	3.691	1	1	0.3263
3	2	5.158	1	1	-0.475
3	2	0.3422	1	0	-0.1365
3	2	1.053	1	1	-0.6547
3	2	1.926	0	0	0.3263
3	2	0.3727	0	0	0.7886
3	2	1.674	0	0	-0.7163
3	2	0.9968	1	1	-1.105
3	2	1.727	0	0	0.3263
3	2	1.901	1	1	0.5636
4	2	2.19	1	1	-0.5341
4	2	1.135	1	1	0.8754
4	2	3.221	0	1	1.836
4	2	5.576	0	0	0.6095
4	2	0.6529	1	0	1.126
4	2	0.6699	1	1	0.1267
4	2	3.416	1	1	0.3263
4	2	0.2947	0	0	0.2772
4	2	0.9279	0	1	0.1774
4	2	0.2211	0	0	0.1267
4	2	3.53	1	1	-0.475
4	2	1.646	1	1	-0.02934
4	2	0.4501	1	1	-0.1912
4	2	1.745	1	1	0.3263
4	2	5.286	1	1	0.655
4	2	0.9601	1	1	0.5636
4	2	1.927	1	1	-0.3025
4	2	4.03	0	0	-0.1365
4	2	3.61	1	1	-0.02934
4	2	0.8381	0	0	-0.3025
4	2	0.6109	1	1	-0.2465
4	2	5.199	0	0	-0.7787
4	2	5.246	0	0	0.2772
4	2	0.5676	0	0	0.5172
4	2	1.058	1	1	-0.3025
4	2	0.826	1	1	0.8754
4	2	0.8402	0	0	0.7
4	2	0.6313	0	1	-0.594
4	2	3.766	1	1	0.3263
4	2	5.208	0	0	0.3263
4	2	0.6909	0	0	1.166
4	2	3.606	0	0	-0.1912
4	2	1.259	0	0	-0.1912
4	2	0.2166	0	0	-0.1912
4	2	2.007	1	1	-0.02934
4	2	1.79	0	0	-0.9064
4	2	1.969	1	1	-0.6547
4	2	1.476	1	1	0.7445
4	2	1.853	0	0	0.4228
4	2	5.312	1	1	0.07528
4	2	0.6071	0	0	0.2276
4	2	3.308	1	1	-0.1912
4	2	5.283	1	1	-0.3025
4	2	3.694	0	0	-0.4167
4	2	2.072	0	0	0.2276
4	2	5.314	1	1	0.5636
4	2	3.316	0	0	0.1267
4	2	5.714	0	0	0.655
4	2	0.4512	1	1	0.3748
4	2	5.309	0	0	0.1267
5	2	0.5202	1	0	-0.9064
5	2	5.253	0	0	-0.7787
5	2	0.7308	1	0	-0.1912
5	2	0.1654	0	0	-0.594
5	2	1.409	0	0	-0.3592
5	2	2.341	1	1	0.4228
5	2	1.231	1	1	-0.1912
5	2	0.4072	0	1	0.655
5	2	5.396	1	1	1.126
5	2	0.8228	0	0	1.971
5	2	1.701	1	0	1.904
5	2	5.353	0	0	-1.105
5	2	3.46	1	1	-0.9717
5	2	0.5758	1	0	0.5636
5	2	3.246	0	0	0.5636
5	2	1.031	1	1	0.07528
5	2	2.1	1	0	1.002
5	2	5.37	1	1	0.07528
5	2	0.5668	1	1	-0.4167
5	2	3.527	1	1	-0.2465
5	2	0.902	0	0	-0.3025
5	2	3.468	0	0	-0.08261
5	2	0.4389	1	1	0.02328
5	2	0.9182	1	0	0.7886
5	2	3.598	0	0	0.2772
5	2	0.5316	0	0	-0.02934
5	2	1.833	1	1	-0.1912
5	2	5.612	1	1	-0.4167
5	2	1.725	1	1	-1.105
5	2	5.353	0	0	-0.3025
5	2	3.365	0	0	1.766
5	2	5.063	0	0	-0.3025
5	2	3.114	0	0	0.02328
5	2	1.897	1	1	-0.1912
5	2	3.615	0	0	-0.1912
5	2	1.4	0	0	-0.475
5	2	0.4354	0	0	0.6095
5	2	3.432	1	1	-0.3025
5	2	5.115	0	0	-0.02934
5	2	1.781	0	0	0.5636
5	2	3.368	0	0	0.07528
5	2	1.443	1	1	-0.2465
5	2	0.8211	1	0	-0.1365
5	2	1.065	1	0	1.002
5	2	5.43	0	0	-0.2465
5	2	0.9741	0	0	-0.08261
5	2	1.605	0	0	0.07528
5	2	0.05851	1	0	1.126
5	2	0.2158	1	1	2.103
5	2	5.08	1	1	-0.02934
6	2	5.266	1	1	-0.3025
6	2	3.369	1	1	-0.4167
6	2	5.392	1	1	0.5172
6	2	1.623	1	1	1.938
6	2	0.3225	0	0	-0.1912
6	2	0.5541	0	0	0.3263
6	2	0.2659	1	0	0.7886
6	2	1.206	1	0	-0.02934
6	2	3.595	1	1	0.2276
6	2	3.347	1	1	0.7886
6	2	5.285	1	1	0.3263
6	2	0.1697	0	0	-0.2465
6	2	1.952	1	1	-0.1912
6	2	0.6635	0	0	0.5636
6	2	5.035	1	1	0.2276
6	2	5.343	0	0	-1.608
6	2	1.812	1	1	2.927
6	2	0.1596	1	0	-1.038
6	2	5.094	1	1	-0.594
6	2	0.6018	0	1	-0.475
6	2	1.317	0	0	0.4228
6	2	3.41	0	0	0.07528
6	2	2.096	1	0	2.324
6	2	0.8078	1	0	3.262
6	2	1.883	0	0	-0.3025
6	2	1.973	0	0	0.7
6	2	3.822	1	1	0.2772
6	2	1.663	1	0	1.514
6	2	1.204	0	0	-0.3592
6	2	0.8488	0	0	1.401
6	2	3.966	0	0	0.7886
6	2	3.572	0	0	1.002
6	2	0.5581	1	0	1.126
6	2	0.8216	1	1	1.587
6	2	5.299	0	0	0.07528
6	2	1.768	0	0	0.655
6	2	1.335	1	0	1.731
6	2	1.547	0	0	-0.594
6	2	3.201	1	1	-0.3592
6	2	0.2509	0	0	1.66
6	2	3.623	0	0	0.2772
6	2	3.189	1	1	-0.594
6	2	1.053	0	0	-0.475
6	2	5.162	0	0	0.8754
6	2	1.296	1	0	0.2276
6	2	0.8634	1	1	-0.594
6	2	5.334	0	0	0.07528
6	2	0.6961	0	0	0.07528
6	2	5.51	0	0	-0.3025
6	2	1.727	0	0	0.8754
7	2	2.028	1	0	-1.174
7	2	0.7325	0	0	-1.314
7	2	3.62	1	1	-0.3592
7	2	5.372	0	0	0.3263
7	2	3.5	0	0	-0.7787
7	2	5.469	1	1	-0.475
7	2	1.778	1	1	-0.7163
7	2	1.695	1	1	-1.105
7	2	5.142	1	1	-0.9717
7	2	0.67	0	0	0.6095
7	2	3.401	1	1	-0.594
7	2	0.4646	1	0	-0.3025
7	2	5.695	0	0	-0.594
7	2	3.41	1	1	-1.038
7	2	0.5551	0	1	-1.843
7	2	0.5109	0	0	-0.3592
7	2	0.9722	1	0	-0.9064
7	2	0.9935	0	0	-1.843
7	2	5.426	1	1	-0.9064
7	2	5.314	1	1	-0.8421
7	2	5.365	1	1	0.655
7	2	2.056	0	0	-1.608
7	2	0.5749	0	0	-0.7163
7	2	0.2113	0	0	-0.475
7	2	1.099	0	0	-1.105
7	2	0.9102	1	0	-1.843
7	2	3.441	1	1	-1.763
7	2	0.3642	1	0	0.1267
7	2	5.413	0	0	-1.385
7	2	3.834	1	1	-1.243
7	2	1.502	0	0	2.103
7	2	0.8232	0	0	-1.174
7	2	5.325	0	0	-1.458
7	2	5.326	0	0	-0.594
7	2	1.756	1	0	0.655
7	2	0.4161	1	0	-0.08261
7	2	1.069	0	1	-0.08261
7	2	2.009	0	0	1.246
7	2	3.642	0	0	-0.594
7	2	1.856	0	0	-0.1912
7	2	3.686	0	0	-0.5341
7	2	0.9965	0	0	0.2276
7	2	0.4229	1	1	-0.7163
7	2	1.234	1	1	-0.594
7	2	3.41	1	1	-1.314
7	2	0.4765	0	0	-0.475
7	2	1.988	1	1	-1.458
7	2	0.6118	1	1	-1.038
7	2	3.661	0	0	-1.038
7	2	1.716	1	0	-0.594
8	2	0.9874	0	0	-2.091
8	2	3.443	1	1	-0.9064
8	2	0.2246	1	1	0.4228
8	2	2.233	1	1	-1.174
8	2	1.796	0	0	-2.934
8	2	3.802	0	0	-0.9717
8	2	0.2672	0	0	1.002
8	2	3.535	1	1	-1.608
8	2	1.075	0	0	-0.5341
8	2	1.914	0	0	-1.243
8	2	3.725	0	0	-2.732
8	2	0.8759	1	0	0.9182
8	2	5.512	1	1	-2.539
8	2	0.09738	1	1	-0.594
8	2	0.0795	1	0	-0.8421
8	2	5.481	0	0	0.1267
8	2	3.457	0	0	-1.843
8	2	0.8985	1	0	-1.763
8	2	0.8407	0	0	-2.007
8	2	0.4981	0	0	-1.314
8	2	0.8796	1	0	-1.608
8	2	2.013	1	1	0.07528
8	2	3.606	0	0	-2.354
8	2	0.6319	0	1	-1.924
8	2	5.438	0	0	-2.539
8	2	0.4987	0	0	-0.5341
8	2	1.134	1	1	0.5636
8	2	1.887	1	0	0.2276
8	2	3.455	0	0	-0.475
8	2	1.669	0	0	-1.608
8	2	3.481	1	1	-1.243
8	2	0.2837	1	1	-1.608
8	2	1.655	0	0	-2.177
8	2	3.755	1	1	-1.105
8	2	5.18	1	1	-2.446
8	2	0.2863	0	0	-1.924
8	2	1.142	0	0	-1.105
8	2	5.447	1	1	-2.539
8	2	4.91	1	1	-2.265
8	2	5.335	0	0	-2.732
8	2	5.452	1	1	-2.634
8	2	0.09519	0	0	-2.091
8	2	1.826	1	1	-1.685
8	2	5.497	1	1	-1.608
8	2	5.091	0	0	-1.385
8	2	1.844	0	0	-1.924
8	2	1.859	1	1	-2.934
8	2	0.529	1	1	-1.685
8	2	0.5652	1	1	-1.458
8	2	3.526	0	0	-0.9064
9	2	3.541	1	1	-1.458
9	2	5.207	0	0	-3.726
9	2	5.437	0	0	-2.177
9	2	3.424	1	1	-1.843
9	2	3.806	0	0	-1.763
9	2	1.097	0	0	-2.007
9	2	0.2811	1	1	-0.9717
9	2	0.3752	0	1	-0.9717
9	2	0.4867	1	1	-0.5341
9	2	1.022	0	0	-0.4167
9	2	0.7642	1	0	-1.458
9	2	1.839	1	1	-0.9064
9	2	3.732	0	0	-0.9064
9	2	3.686	1	1	-0.3025
9	2	5.495	1	1	-1.314
9	2	0.7145	0	1	-1.105
9	2	1.048	1	0	-0.8421
9	2	0.8213	1	1	-1.105
9	2	1.917	0	0	-1.243
9	2	5.431	0	0	-1.924
9	2	1.712	1	1	-1.608
9	2	3.322	1	1	-1.174
9	2	5.179	1	1	-1.608
9	2	1.513	1	1	-1.458
9	2	2.211	1	1	-0.8421
9	2	0.8762	1	1	-0.02934
9	2	3.383	0	0	-1.385
9	2	5.292	0	0	-0.475
9	2	5.669	0	0	-1.458
9	2	1.991	1	1	-1.243
9	2	5.241	1	1	-0.7787
9	2	1.735	1	1	0.1774
9	2	0.4849	0	0	0.1774
9	2	1.916	1	1	-1.385
9	2	0.527	0	1	0.4228
9	2	0.5558	0	0	-0.9717
9	2	1.845	0	0	-0.9717
9	2	1.086	0	0	-0.1365
9	2	3.693	0	0	-1.038
9	2	1.098	0	0	-1.174
9	2	0.2743	0	0	-1.105
9	2	5.601	1	1	-1.038
9	2	0.9986	1	0	-0.4167
9	2	0.6145	0	1	-0.7163
9	2	3.742	1	1	-1.174
9	2	4.03	1	1	-1.385
9	2	5.401	0	0	-1.314
9	2	0.7604	0	1	-0.1365
9	2	1.528	0	0	-1.533
9	2	0.9629	1	1	0.4702
10	3	0.006664	1	0	-0.3025
10	3	0.547	0	0	-0.3592
10	3	1.658	1	0	0.07528
10	3	3.443	1	1	-0.3025
10	3	1.736	1	1	-0.1365
10	3	3.075	1	1	-0.9717
10	3	0.3024	0	1	-0.7163
10	3	0.9163	1	1	1.206
10	3	5.585	0	0	0.1267
10	3	1.098	0	1	-0.1365
10	3	1.083	0	1	1.477
10	3	3.221	1	1	0.6095
10	3	0.321	1	0	2.763
10	3	0.7309	1	1	1.324
10	3	0.7892	1	1	1.002
10	3	0.2809	0	0	1.206
10	3	5.38	0	0	1.246
10	3	0.4643	1	0	1.477
10	3	0.7606	1	1	0.8754
10	3	1.723	0	0	1.87
10	3	0.7525	1	0	1.401
10	3	0.5041	1	0	1.66
10	3	5.146	0	0	1.002
10	3	3.765	0	0	1.439
10	3	5.386	1	1	0.7445
10	3	1.876	1	1	0.7886
10	3	1.536	1	1	-0.08261
10	3	3.629	0	0	0.8322
10	3	5.371	0	0	0.5636
10	3	3.522	0	0	0.5636
10	3	2.071	0	0	1.246
10	3	3.799	1	1	-0.02934
10	3	0.4116	0	0	0.2772
10	3	1.759	0	1	0.9182
10	3	1.967	0	0	0.07528
10	3	0.3655	1	1	0.5172
10	3	0.8382	1	1	0.1774
10	3	1.797	0	0	1.246
10	3	5.314	1	1	0.3263
10	3	1.504	1	0	1.285
10	3	0.7667	1	0	0.7886
10	3	3.201	0	0	0.2276
10	3	5.488	1	1	0.5636
10	3	0.9439	0	0	0.9182
10	3	5.323	0	0	1.002
10	3	0.0871	1	0	1.002
10	3	5.081	0	0	1.551
10	3	3.504	0	0	0.5636
10	3	5.486	1	1	0.07528
10	3	3.678	0	0	1.324
11	3	5.422	0	0	-0.475
11	3	3.456	0	0	0.1774
11	3	1.539	0	0	1.324
11	3	3.706	0	0	-0.1365
11	3	0.5689	0	0	0.5636
11	3	0.6733	1	1	0.2772
11	3	0.2785	0	0	0.7445
11	3	1.995	1	1	-0.2465
11	3	5.428	1	1	-0.7787
11	3	1.048	0	0	0.1774
11	3	3.458	1	1	-0.3025
11	3	5.647	1	1	0.3263
11	3	0.4123	0	1	-0.6547
11	3	5.559	1	1	0.02328
11	3	3.469	1	1	1.044
11	3	3.682	0	0	0.5636
11	3	0.3776	1	0	1.002
11	3	3.652	1	1	0.5636
11	3	5.146	0	0	-0.08261
11	3	1.683	0	0	-0.3025
11	3	1.871	0	0	0.4228
11	3	5.486	1	1	-0.02934
11	3	3.8	1	1	-0.02934
11	3	0.306	0	0	1.002
11	3	0.615	0	0	0.7886
11	3	1.445	0	0	1.477
11	3	0.4892	1	0	1.002
11	3	0.998	1	1	0.6095
11	3	5.521	1	1	0.1267
11	3	0.3614	0	0	0.2276
11	3	5.255	0	0	0.6095
11	3	5.355	1	1	-0.1912
11	3	3.686	0	0	-0.02934
11	3	0.8926	1	1	1.363
11	3	1.322	1	1	1.477
11	3	1.549	0	0	0.2772
11	3	1.173	1	1	1.439
11	3	5.172	0	0	0.07528
11	3	3.521	0	0	0.4702
11	3	0.8259	0	0	0.2276
11	3	0.9385	1	0	1.87
11	3	1.643	0	0	0.5636
11	3	3.562	0	0	-0.1365
11	3	1.987	1	1	-0.3025
11	3	0.3561	1	1	-0.3025
11	3	0.6929	1	1	0.2276
11	3	0.6657	1	1	-0.02934
11	3	0.5176	1	0	0.02328
11	3	2.01	1	1	0.4228
11	3	2.025	0	0	-0.2465
12	3	1.994	0	0	-0.594
12	3	0.8103	1	1	-0.475
12	3	1.612	0	0	0.4228
12	3	0.7867	0	0	0.5636
12	3	0.6456	0	1	-0.1365
12	3	0.6883	1	1	0.5172
12	3	0.1839	1	0	0.3263
12	3	0.2607	0	0	0.2772
12	3	5.234	0	0	0.1267
12	3	5.232	1	1	-0.2465
12	3	0.564	1	0	0.6095
12	3	0.4225	1	1	-0.6547
12	3	3.695	0	0	0.1267
12	3	2.071	0	0	0.02328
12	3	0.3641	1	1	0.07528
12	3	3.508	1	1	-0.4167
12	3	0.8451	1	0	0.7886
12	3	3.791	0	0	0.02328
12	3	0.5711	1	0	1.551
12	3	5.695	0	0	-0.4167
12	3	0.8886	1	0	0.2276
12	3	3.635	0	0	-0.1365
12	3	3.718	0	0	-0.1365
12	3	1.935	0	0	0.3748
12	3	5.412	0	0	-0.6547
12	3	1.851	1	1	-0.6547
12	3	3.149	0	0	0.4228
12	3	0.893	1	1	0.6095
12	3	0.4055	0	1	0.4228
12	3	5.273	1	1	-0.1912
12	3	0.8599	1	1	-0.02934
12	3	3.818	0	0	-0.5341
12	3	5.271	0	0	-0.3025
12	3	2.129	1	1	-0.1365
12	3	1.442	1	1	-0.475
12	3	5.547	0	0	-0.6547
12	3	0.8142	1	0	0.3748
12	3	3.762	1	1	0.1267
12	3	2.008	0	0	0.02328
12	3	5.043	0	0	-0.1912
12	3	3.859	0	0	-0.08261
12	3	5.399	1	1	-0.7787
12	3	3.599	1	1	0.1774
12	3	0.2491	1	1	-0.9717
12	3	0.9576	1	0	0.07528
12	3	5.386	1	1	-1.458
12	3	0.4851	1	0	-0.6547
12	3	2.1	0	0	-0.594
12	3	0.6095	0	0	-0.7163
12	3	1.664	1	1	-1.385
13	3	0.2564	0	1	0.5636
13	3	5.274	1	1	-0.475
13	3	1.805	1	1	-0.4167
13	3	0.7178	0	0	-0.8421
13	3	1.942	1	1	-0.7787
13	3	0.3541	0	1	2.167
13	3	5.134	0	0	-0.7163
13	3	5.368	1	1	-0.2465
13	3	0.6828	1	1	-0.08261
13	3	0.9581	0	0	-0.3592
13	3	5.443	0	0	1.766
13	3	3.497	0	0	-0.7787
13	3	3.574	0	0	-0.5341
13	3	3.747	1	1	-0.7787
13	3	0.776	0	1	-0.6547
13	3	0.5498	0	1	0.8322
13	3	5.43	1	1	-1.174
13	3	5.245	1	1	-0.594
13	3	5.3	0	0	-1.038
13	3	1.995	0	0	-0.2465
13	3	0.6767	1	0	-0.3025
13	3	3.746	0	0	-0.3592
13	3	1.817	1	1	-0.6547
13	3	1.725	1	1	-0.475
13	3	0.1008	0	0	-0.3025
13	3	3.36	1	1	1.324
13	3	0.3999	0	0	-0.594
13	3	5.474	0	0	-0.3025
13	3	3.554	1	1	-0.475
13	3	1.138	1	1	-1.038
13	3	1.003	0	1	0.02328
13	3	1.581	0	0	-1.608
13	3	3.661	0	0	-1.385
13	3	0.6513	0	0	-0.9064
13	3	0.8913	1	1	1.587
13	3	3.401	1	1	-1.458
13	3	1.622	0	0	-0.594
13	3	0.8574	1	1	0.3748
13	3	5.501	1	1	-1.174
13	3	0.3846	1	1	1.696
13	3	0.5313	1	1	0.655
13	3	5.533	0	0	-0.475
13	3	1.648	0	0	-0.02934
13	3	1.951	1	1	-0.3025
13	3	0.9989	0	0	-0.4167
13	3	1.877	0	0	-0.475
13	3	3.576	0	0	0.3263
13	3	0.9905	1	1	1.206
13	3	3.47	1	1	-0.08261
13	3	0.3445	1	0	-0.4167
14	3	0.326	1	0	-1.038
14	3	0.8861	0	0	-1.685
14	3	0.8281	1	0	-0.7787
14	3	5.333	0	0	-0.7163
14	3	1.996	0	0	0.6095
14	3	1.844	0	0	-0.1912
14	3	0.8274	1	0	-0.475
14	3	5.579	1	1	-0.6547
14	3	3.801	1	1	-0.08261
14	3	5.198	0	0	-0.6547
14	3	1.856	1	1	-0.4167
14	3	0.1958	0	1	0.3263
14	3	5.071	0	0	-1.608
14	3	0.6038	0	1	0.1267
14	3	1.918	1	1	0.2276
14	3	3.654	0	0	-0.475
14	3	5.471	0	0	-1.174
14	3	2.185	0	0	-0.02934
14	3	3.432	1	1	-0.7787
14	3	3.967	1	1	-0.475
14	3	0.856	0	0	-1.038
14	3	3.45	0	0	-0.7787
14	3	0.03242	1	1	-0.475
14	3	3.485	1	1	-0.5341
14	3	5.326	1	1	-1.243
14	3	1.15	0	0	-1.105
14	3	5.331	1	1	-0.08261
14	3	0.9348	0	1	-0.7163
14	3	0.6142	1	1	1.085
14	3	1.087	1	0	-1.038
14	3	1.851	0	0	-0.9717
14	3	1.502	1	1	-0.475
14	3	0.3882	0	0	-0.7163
14	3	0.3947	1	0	-0.9717
14	3	0.7465	1	0	-0.9064
14	3	5.089	1	1	-1.608
14	3	5.261	1	1	-0.594
14	3	1.332	1	0	-0.9064
14	3	0.4771	1	0	-1.763
14	3	1.695	0	0	-0.7787
14	3	3.473	0	0	-0.9064
14	3	1.417	1	1	0.8754
14	3	5.357	0	0	-1.038
14	3	0.508	0	0	-1.243
14	3	3.846	0	0	-1.608
14	3	3.621	1	1	-1.038
14	3	1.936	1	1	-0.5341
14	3	0.4927	0	0	-0.594
14	3	0.621	0	0	-0.7163
14	3	3.736	0	0	-0.1912
15	3	3.493	1	0	-1.105
15	3	5.561	1	1	-1.174
15	3	3.67	1	1	-1.174
15	3	1.691	0	0	-1.243
15	3	0.7082	0	0	-1.105
15	3	5.57	1	1	-1.174
15	3	3.421	0	0	-1.105
15	3	5.47	0	0	-2.177
15	3	0.9254	0	0	-1.843
15	3	0.5642	0	1	-0.4167
15	3	0.9053	1	1	0.2276
15	3	5.107	0	0	-1.608
15	3	1.853	0	0	-0.7787
15	3	1.83	0	0	0.3748
15	3	0.2354	1	1	-0.7787
15	3	1.417	0	0	1.126
15	3	1.103	1	0	-0.1912
15	3	0.1119	0	1	-0.7163
15	3	3.666	1	1	-0.08261
15	3	1.717	0	0	-0.5341
15	3	2.282	0	0	0.5636
15	3	5.559	0	0	0.2276
15	3	3.332	1	1	-0.1365
15	3	0.4978	0	0	-0.3592
15	3	0.8991	0	0	-0.8421
15	3	5.708	1	1	-0.594
15	3	5.494	1	1	-0.7787
15	3	5.103	1	1	-0.594
15	3	0.2975	1	0	-0.594
15	3	5.41	1	1	-0.7163
15	3	0.659	1	0	-0.3025
15	3	1.01	0	0	-0.594
15	3	4.151	0	0	-0.02934
15	3	3.685	1	1	-0.2465
15	3	0.4256	1	0	0.7445
15	3	0.8029	1	1	1.002
15	3	0.6175	1	1	0.3263
15	3	5.391	0	0	-0.475
15	3	1.009	1	1	0.1774
15	3	0.3029	0	0	-0.7163
15	3	0.03009	1	0	-1.243
15	3	1.797	0	0	-0.1365
15	3	3.576	1	1	-0.475
15	3	1.484	1	1	-0.1912
15	3	0.8298	1	1	-0.08261
15	3	3.798	1	1	-1.458
15	3	2.052	0	0	-0.7163
15	3	1.661	1	1	-0.594
15	3	3.392	0	0	-0.02934
15	3	0.755	0	0	-0.1912
16	3	1.772	0	0	-1.763
16	3	1.585	1	1	0.2772
16	3	5.192	0	0	-0.6547
16	3	5.556	0	0	0.4228
16	3	2.086	1	1	-0.3025
16	3	1.95	1	1	0.3263
16	3	3.962	1	1	0.07528
16	3	5.199	0	0	-0.08261
16	3	1.322	0	0	0.07528
16	3	4.934	1	1	-0.7787
16	3	1.041	1	1	0.1267
16	3	5.419	1	1	-0.9717
16	3	5.547	1	1	-0.4167
16	3	3.812	0	0	-0.02934
16	3	1.846	1	1	0.7445
16	3	1.148	1	0	-0.02934
16	3	3.844	0	0	-0.6547
16	3	0.9705	1	0	2.199
16	3	2.025	0	0	-0.3025
16	3	5.657	0	0	-0.594
16	3	1.634	0	0	0.2276
16	3	0.6543	1	1	0.4702
16	3	1.819	1	1	0.02328
16	3	0.6206	0	0	0.3263
16	3	0.8871	0	0	-0.08261
16	3	1.051	1	1	0.655
16	3	1.081	1	0	0.2276
16	3	0.6508	0	0	0.07528
16	3	1.991	0	0	0.1774
16	3	3.567	1	1	0.2276
16	3	0.3676	0	0	0.07528
16	3	1.045	1	1	0.7886
16	3	5.662	1	1	0.02328
16	3	5.086	1	1	-0.08261
16	3	1.554	0	0	-0.02934
16	3	0.2026	0	0	-0.02934
16	3	0.966	1	1	-0.02934
16	3	0.4634	0	0	1.401
16	3	5.129	1	1	-0.3592
16	3	0.195	1	0	0.2772
16	3	1.145	1	0	2.262
16	3	0.5214	1	0	-0.594
16	3	3.37	0	0	-0.475
16	3	4.006	0	0	0.1774
16	3	3.687	0	0	0.07528
16	3	3.762	0	0	0.2276
16	3	0.1333	0	0	-0.475
16	3	3.748	1	1	-0.1912
16	3	3.699	0	0	-0.475
16	3	0.1564	1	0	-0.7787
17	3	1.787	0	0	-0.6547
17	3	0.731	0	0	-0.6547
17	3	0.2676	0	0	-0.08261
17	3	0.3502	0	0	0.1774
17	3	5.126	0	0	0.3263
17	3	0.4444	1	0	-0.4167
17	3	0.9808	0	0	0.3748
17	3	5.111	1	1	-0.9064
17	3	1.818	0	0	-0.3592
17	3	5.736	1	1	-0.7163
17	3	5.07	0	0	-1.174
17	3	3.649	1	1	-0.4167
17	3	3.4	0	0	-0.8421
17	3	0.9756	0	0	-1.385
17	3	1.529	1	1	-0.7787
17	3	0.3423	1	1	1.206
17	3	5.513	1	1	-0.3025
17	3	5.131	1	1	-0.7787
17	3	5.342	0	0	-0.475
17	3	3.769	0	0	-0.6547
17	3	0.6133	0	0	0.2772
17	3	3.665	1	1	0.4702
17	3	3.606	1	1	-0.475
17	3	5.662	1	1	-0.6547
17	3	1.208	1	1	-0.594
17	3	1.922	1	1	0.1774
17	3	0.7791	0	1	0.3263
17	3	1.985	1	1	-0.2465
17	3	5.482	1	1	-0.02934
17	3	3.818	0	0	-0.2465
17	3	0.4881	1	1	0.07528
17	3	0.6178	0	0	-0.594
17	3	0.2543	1	1	0.7886
17	3	1.079	1	1	-0.3025
17	3	0.4337	1	0	0.7445
17	3	3.397	1	1	-0.475
17	3	3.705	0	0	-0.8421
17	3	1.652	0	0	-0.3592
17	3	0.5317	0	1	0.2772
17	3	3.787	0	0	-0.475
17	3	5.096	1	1	-0.1912
17	3	0.7916	0	0	-0.7787
17	3	1.317	1	1	-0.5341
17	3	2.071	0	0	-0.475
17	3	1.851	0	0	-0.4167
17	3	1.715	0	0	-0.2465
17	3	1.18	1	0	0.1267
17	3	1.912	1	1	-0.594
17	3	0.9966	1	1	0.1774
17	3	3.623	0	0	-0.9064
18	3	3.747	0	0	-1.243
18	3	1.822	0	0	-0.08261
18	3	0.6366	1	0	-0.9717
18	3	3.762	1	0	-0.9717
18	3	0.2861	1	0	-0.9717
18	3	1.684	0	0	-0.08261
18	3	1.957	0	0	1.206
18	3	0.5997	0	1	-0.1912
18	3	0.785	0	0	1.587
18	3	0.2951	1	1	1.126
18	3	1.276	0	0	-0.3025
18	3	0.4857	1	1	1.938
18	3	1.596	0	0	-0.1912
18	3	5.455	1	1	-1.038
18	3	1.232	0	1	-0.02934
18	3	3.774	1	1	-1.243
18	3	0.9189	1	0	-0.2465
18	3	3.403	1	1	-0.9064
18	3	0.5001	1	0	-0.7163
18	3	0.4392	1	0	-0.7163
18	3	3.472	0	0	-1.105
18	3	3.889	1	1	-0.7163
18	3	5.316	0	0	-1.105
18	3	0.7672	0	0	-1.458
18	3	0.9159	1	0	-0.02934
18	3	0.1039	0	0	0.3263
18	3	1.68	1	0	-1.243
18	3	3.629	0	0	-1.608
18	3	3.598	1	1	-0.9064
18	3	2.195	1	1	-0.7787
18	3	3.6	0	0	-1.385
18	3	5.545	1	1	-1.105
18	3	1.09	0	1	0.7886
18	3	0.9112	1	1	-0.9717
18	3	1.782	1	0	2.005
18	3	0.4028	0	0	-1.174
18	3	5.42	0	0	-0.7787
18	3	3.525	0	0	-0.594
18	3	5.396	0	0	-0.475
18	3	5.652	1	1	-0.1365
18	3	0.2507	1	1	1.836
18	3	0.2263	0	1	-0.594
18	3	1.646	1	1	-0.9717
18	3	1.976	1	0	-1.105
18	3	5.52	1	1	-1.314
18	3	5.182	0	0	-1.458
18	3	1.846	0	0	-0.594
18	3	5.549	0	0	-0.475
18	3	1.182	1	1	-0.9064
18	3	5.53	0	0	-0.5341
19	3	0.7144	1	0	-1.385
19	3	3.81	1	1	-1.314
19	3	1.151	0	0	-1.243
19	3	0.9297	1	1	-0.9064
19	3	0.8898	1	0	-0.1365
19	3	1.766	0	0	-0.7163
19	3	5.571	0	0	-0.7787
19	3	1.172	0	0	0.07528
19	3	3.707	0	0	-0.9064
19	3	3.554	1	1	-0.3025
19	3	1.86	0	0	-0.9064
19	3	0.6333	0	0	-1.314
19	3	0.9607	1	0	-0.1912
19	3	5.624	0	0	-0.8421
19	3	0.5005	1	1	1.206
19	3	5.331	1	1	-1.243
19	3	1.857	0	0	-1.105
19	3	5.138	1	1	-0.3592
19	3	1.722	0	0	0.2276
19	3	3.598	0	0	-0.2465
19	3	0.591	0	1	2.038
19	3	5.222	0	0	-0.7787
19	3	5.269	0	0	0.9182
19	3	0.5436	0	1	2.505
19	3	5.641	1	1	-0.594
19	3	3.7	1	1	-0.594
19	3	0.7218	0	0	-1.038
19	3	0.291	0	0	-1.243
19	3	5.841	1	1	-0.9064
19	3	0.6294	1	0	-2.091
19	3	5.493	0	0	-1.608
19	3	3.327	0	0	0.2772
19	3	1.09	1	0	0.7445
19	3	1.919	1	1	1.766
19	3	0.7395	1	0	0.1267
19	3	1.981	1	1	-0.9064
19	3	3.451	0	0	-0.3025
19	3	0.5162	1	1	-0.7163
19	3	0.2007	1	1	0.9605
19	3	1.845	0	0	-1.174
19	3	5.395	0	0	0.6095
19	3	1.658	1	1	-1.243
19	3	1.931	1	1	-0.7163
19	3	3.77	1	1	-0.1912
19	3	0.3028	0	0	-0.4167
19	3	0.7602	0	0	-0.02934
19	3	3.826	1	1	-0.3025
19	3	3.429	0	0	-0.3025
19	3	1.135	1	0	-0.3025
19	3	1.9	0	0	-0.4167
20	4	0.8646	0	0	-0.1912
20	4	5.291	0	0	-0.7163
20	4	5.42	0	0	-0.3025
20	4	3.816	1	1	-0.08261
20	4	0.5676	0	0	-0.1912
20	4	0.3672	1	1	-0.02934
20	4	0.2226	0	1	-0.7787
20	4	2.001	0	0	0.4228
20	4	3.56	1	1	-0.3025
20	4	3.624	1	1	-0.02934
20	4	5.543	1	1	0.5636
20	4	1.169	1	1	0.3748
20	4	3.756	1	1	0.9182
20	4	2.187	0	0	0.7445
20	4	0.5402	1	1	0.4702
20	4	0.8352	1	0	1.126
20	4	5.123	0	0	1.002
20	4	3.437	1	1	0.3748
20	4	0.992	1	1	0.8754
20	4	1.915	0	0	0.5636
20	4	1.173	0	1	0.3748
20	4	5.562	0	0	0.2276
20	4	0.8666	0	1	0.9182
20	4	3.252	1	1	0.4228
20	4	3.595	1	1	0.5636
20	4	1.713	1	1	1.246
20	4	1.815	0	0	0.7445
20	4	3.763	1	1	1.206
20	4	0.4468	0	0	0.655
20	4	1.558	0	0	0.4702
20	4	5.086	0	0	1.002
20	4	0.1917	0	0	0.5636
20	4	0.5451	1	1	0.6095
20	4	1.072	1	1	0.4228
20	4	4.698	1	1	0.9605
20	4	0.4117	0	1	0.07528
20	4	3.772	1	1	-0.02934
20	4	3.681	0	0	1.002
20	4	1.625	0	0	1.002
20	4	0.5731	1	0	1.126
20	4	5.768	1	1	1.206
20	4	0.699	1	1	-0.1365
20	4	0.4961	0	1	0.4228
20	4	5.793	1	1	0.2276
20	4	5.367	0	0	1.002
20	4	1.693	0	1	0.4228
20	4	1.328	1	1	0.1267
20	4	2.056	0	0	-0.1912
20	4	0.7895	0	0	1.401
20	4	0.2288	1	1	-0.1912
21	4	5.304	0	1	0.655
21	4	5.397	1	1	-0.3592
21	4	1.781	0	0	-0.8421
21	4	0.244	1	0	2.199
21	4	1.534	0	1	-0.475
21	4	1.86	0	0	0.4228
21	4	1.791	1	1	0.4702
21	4	3.505	0	0	0.1774
21	4	1.67	1	1	0.07528
21	4	5.132	0	0	-0.08261
21	4	3.472	1	1	-0.2465
21	4	5.425	1	1	-0.2465
21	4	3.704	1	1	-0.3025
21	4	0.683	1	1	-0.02934
21	4	1.759	1	1	-0.02934
21	4	0.5325	0	1	0.655
21	4	0.7614	1	0	1.624
21	4	1.905	0	0	-0.7163
21	4	0.9044	0	0	0.4702
21	4	0.0913	1	1	0.07528
21	4	3.852	0	0	0.5172
21	4	1.913	1	1	-0.3025
21	4	3.397	1	1	0.3748
21	4	1.135	1	0	0.7886
21	4	1.503	1	1	-0.475
21	4	0.6227	0	0	-0.3592
21	4	0.7355	0	0	0.2772
21	4	0.3298	0	0	0.5636
21	4	1.646	0	0	0.2772
21	4	0.2949	0	0	0.4702
21	4	0.2694	0	0	2.324
21	4	3.877	1	1	0.2772
21	4	3.859	1	1	0.2276
21	4	5.276	1	1	-0.3592
21	4	3.943	1	1	0.1774
21	4	5.798	1	1	0.1267
21	4	0.9597	0	0	0.3748
21	4	0.9086	0	0	0.07528
21	4	0.8219	1	0	0.4228
21	4	0.5327	1	0	0.4228
21	4	1.409	0	0	-1.105
21	4	1.066	1	0	0.07528
21	4	3.555	0	0	0.7886
21	4	5.315	0	0	0.02328
21	4	0.592	0	1	0.2276
21	4	0.9311	0	0	2.505
21	4	5.433	0	0	-0.3592
21	4	5.737	1	1	0.1267
21	4	3.536	1	1	0.3748
21	4	5.464	0	0	0.3748
22	4	0.4787	1	0	2.167
22	4	5.013	0	0	-0.5341
22	4	5.172	0	0	-0.02934
22	4	5.055	0	0	0.2772
22	4	0.3289	1	1	0.2276
22	4	1.978	1	1	2.293
22	4	3.583	0	0	0.5636
22	4	3.546	0	0	1.514
22	4	2.057	1	1	0.7886
22	4	0.186	1	1	2.593
22	4	0.4235	0	1	3.479
22	4	1.451	0	0	0.07528
22	4	1.034	1	0	0.9182
22	4	5.278	0	0	0.4702
22	4	0.8868	1	0	2.534
22	4	3.665	0	0	-0.5341
22	4	1.032	0	0	0.1267
22	4	3.188	0	0	-0.7787
22	4	1.339	1	1	-0.9064
22	4	0.6403	0	1	1.696
22	4	0.5897	0	1	0.7
22	4	3.61	0	0	-0.02934
22	4	0.6917	0	0	0.1774
22	4	0.3787	0	0	1.126
22	4	0.9658	0	0	-0.08261
22	4	0.6468	0	1	-0.7163
22	4	3.908	1	1	-0.6547
22	4	1.065	0	0	-1.105
22	4	5.122	0	0	-0.1912
22	4	3.695	1	1	-0.4167
22	4	0.6029	0	1	0.5636
22	4	1.815	1	1	-0.02934
22	4	2.031	1	1	0.02328
22	4	5.589	0	0	-0.1912
22	4	5.489	1	1	-0.594
22	4	5.313	1	1	-0.475
22	4	5.707	0	0	0.5636
22	4	1.38	1	1	0.1774
22	4	3.624	1	1	-0.3025
22	4	0.4346	1	0	-1.763
22	4	1.699	1	1	-0.1365
22	4	0.9397	1	1	-0.1912
22	4	1.572	1	1	0.1267
22	4	5.126	0	0	-0.2465
22	4	2.048	1	1	-0.1365
22	4	3.828	1	1	0.2276
22	4	0.4588	0	1	-1.243
22	4	1.638	1	1	-1.385
22	4	0.5571	1	1	-0.7787
22	4	3.536	1	1	-0.7787
23	4	0.1364	1	1	-0.1912
23	4	1.654	0	0	-1.243
23	4	5.312	1	1	-0.4167
23	4	0.5127	1	1	0.07528
23	4	1.913	1	1	-0.1912
23	4	1.027	0	1	2.707
23	4	0.5272	1	1	-0.475
23	4	1.675	0	0	-0.3025
23	4	3.349	0	0	-0.02934
23	4	1.11	1	1	-0.594
23	4	3.549	0	0	0.7445
23	4	5.259	0	0	0.3263
23	4	1.729	1	1	0.07528
23	4	0.624	1	1	-0.1912
23	4	5.379	1	1	-0.02934
23	4	1.864	0	1	2.324
23	4	5.429	0	0	0.2276
23	4	3.649	1	1	-0.9064
23	4	3.777	0	0	-0.08261
23	4	3.425	0	0	-0.1365
23	4	1.848	0	0	-0.475
23	4	0.6499	0	0	-0.594
23	4	3.558	0	0	0.07528
23	4	0.4003	1	1	2.355
23	4	3.32	1	1	0.655
23	4	5.331	1	1	-0.08261
23	4	5.269	1	1	-0.1912
23	4	1.555	0	0	0.3748
23	4	5.443	0	0	-1.038
23	4	0.8346	1	1	-0.7163
23	4	0.8022	0	0	1.085
23	4	0.6508	1	0	3.187
23	4	5.191	0	0	-0.4167
23	4	0.8931	0	0	0.07528
23	4	5.563	0	0	1.401
23	4	0.3363	0	0	-0.02934
23	4	1.567	0	0	0.2276
23	4	1.472	1	1	1.836
23	4	1.028	1	1	-0.3025
23	4	1.797	0	0	-0.08261
23	4	0.7956	1	1	0.3263
23	4	3.591	1	1	-0.1912
23	4	0.4948	0	1	1.363
23	4	0.9869	1	1	-0.02934
23	4	3.365	1	1	-0.3025
23	4	5.075	1	1	0.2276
23	4	0.5045	0	0	0.4228
23	4	0.7832	1	0	0.4702
23	4	3.611	1	1	0.02328
23	4	0.2631	0	0	0.9182
24	4	1.264	0	0	-1.105
24	4	0.5371	0	0	1.587
24	4	5.226	1	1	0.1267
24	4	0.7882	1	1	0.7886
24	4	3.673	1	1	0.2276
24	4	0.4836	1	1	0.2276
24	4	1.908	1	1	0.8322
24	4	4.727	0	0	0.3263
24	4	0.7729	0	0	0.655
24	4	1.733	1	1	0.4228
24	4	0.5801	0	0	-0.1912
24	4	0.2697	1	0	0.4702
24	4	0.9022	1	0	-0.3025
24	4	1.028	1	1	-0.3025
24	4	1.624	0	0	-0.3025
24	4	0.1388	0	1	0.655
24	4	0.03056	0	1	-0.7163
24	4	5.343	0	0	0.07528
24	4	0.6428	1	1	0.5636
24	4	5.281	0	0	0.2276
24	4	1.541	1	1	-1.038
24	4	0.8753	0	0	0.3263
24	4	0.8517	0	0	0.4702
24	4	5.289	0	0	0.07528
24	4	3.107	0	0	-0.02934
24	4	5.355	0	0	-0.3592
24	4	1.619	1	1	0.2772
24	4	3.249	0	0	-0.7163
24	4	1.677	0	0	-0.3025
24	4	1.22	1	0	0.07528
24	4	1.998	0	0	0.3748
24	4	1.809	0	0	0.5172
24	4	0.8839	1	1	1.551
24	4	3.572	0	0	0.655
24	4	0.3437	1	1	0.7
24	4	0.7558	1	1	0.2772
24	4	0.8073	1	0	-0.7163
24	4	3.788	1	1	-0.7163
24	4	1.445	0	0	-0.2465
24	4	5.493	1	1	-0.1912
24	4	0.6286	1	1	0.07528
24	4	2.227	1	1	-0.3025
24	4	3.439	1	1	0.1267
24	4	3.359	0	0	0.2772
24	4	5.181	1	1	-0.3592
24	4	3.697	0	0	0.7
24	4	3.76	0	0	-0.2465
24	4	5.663	0	0	-0.3025
24	4	3.549	1	1	0.1774
24	4	5.56	1	1	-0.02934
25	4	0.879	1	0	-0.475
25	4	5.337	0	0	0.07528
25	4	0.2016	0	0	0.02328
25	4	0.1325	1	0	1.587
25	4	0.409	1	1	-0.3025
25	4	0.7894	1	1	0.7
25	4	3.831	0	0	0.4702
25	4	5.375	1	1	0.1267
25	4	0.7218	0	1	0.9182
25	4	1.723	0	0	-0.1365
25	4	5.349	1	1	-0.3025
25	4	1.012	0	0	-0.08261
25	4	0.6167	1	1	2.818
25	4	1.697	0	1	2.385
25	4	5.551	1	1	-0.8421
25	4	5.134	0	0	-0.1912
25	4	1.777	0	0	-0.9064
25	4	1.646	0	0	0.1774
25	4	0.9854	1	0	0.4228
25	4	3.413	0	0	0.9605
25	4	0.889	0	0	-0.1912
25	4	0.3586	0	1	1.587
25	4	3.313	1	1	-0.1365
25	4	5.324	0	0	0.3748
25	4	0.7235	0	0	0.9182
25	4	3.698	1	1	0.8754
25	4	3.652	1	1	0.4228
25	4	1.766	1	1	0.3263
25	4	3.619	1	1	0.2772
25	4	0.6008	1	1	2.199
25	4	1.581	1	1	0.7
25	4	3.398	1	1	0.1774
25	4	0.2333	0	0	1.66
25	4	0.793	0	0	0.5636
25	4	3.738	1	1	0.5636
25	4	1.828	1	0	1.002
25	4	3.957	0	0	1.324
25	4	1.071	1	1	3.085
25	4	5.209	0	0	1.66
25	4	5.274	1	1	0.1774
25	4	5.511	1	1	0.5636
25	4	0.8788	0	0	0.3263
25	4	1.684	0	0	1.044
25	4	0.66	0	0	1.324
25	4	1.789	1	1	0.07528
25	4	5.638	0	0	0.1267
25	4	0.3358	0	0	0.9182
25	4	1.158	0	0	0.655
25	4	2.04	0	0	2.167
25	4	3.662	1	1	0.5636
26	4	0.3478	0	0	-0.475
26	4	1.59	0	0	-0.7787
26	4	0.3433	0	0	-0.08261
26	4	5.488	1	1	-1.038
26	4	0.9559	1	1	-1.385
26	4	1.106	0	0	0.1267
26	4	3.691	0	0	0.5636
26	4	0.7663	1	1	1.085
26	4	3.005	1	1	0.4228
26	4	5.478	0	0	-0.08261
26	4	1.244	0	1	1.801
26	4	0.3365	0	1	2.563
26	4	3.36	1	1	-0.475
26	4	5.568	1	1	0.02328
26	4	1.265	1	1	-0.08261
26	4	3.717	1	1	-0.7787
26	4	0.2996	0	0	-0.7787
26	4	3.524	0	0	-0.9717
26	4	0.5039	0	0	0.1774
26	4	0.7694	1	1	-0.02934
26	4	5.333	1	1	-0.2465
26	4	3.732	0	0	-0.3025
26	4	1.148	1	1	1.324
26	4	1.915	0	0	0.5636
26	4	0.4644	0	1	0.655
26	4	1.792	1	1	-0.5341
26	4	0.9987	0	0	-0.7787
26	4	1.245	1	1	-0.7787
26	4	5.358	1	1	-0.3025
26	4	0.2544	1	0	0.7886
26	4	1.756	0	0	0.6095
26	4	1.812	1	1	0.1774
26	4	5.426	1	1	-0.1912
26	4	3.662	0	0	0.02328
26	4	0.8737	1	0	1.938
26	4	5.172	0	0	-0.7163
26	4	2.066	1	1	-0.3592
26	4	0.9809	0	0	-0.3025
26	4	3.866	0	0	-0.1912
26	4	5.377	0	0	0.07528
26	4	0.3861	1	1	-0.7163
26	4	1.772	1	1	1.624
26	4	3.52	0	0	-0.1912
26	4	0.9531	0	0	0.7445
26	4	5.584	0	0	-6.861
26	4	5.173	0	0	0.8322
26	4	2.286	1	1	-0.6547
26	4	3.595	0	0	0.7886
26	4	0.6763	1	1	0.2772
26	4	1.517	1	1	-0.02934
27	4	0.9211	0	0	-1.843
27	4	0.05693	0	0	-1.243
27	4	3.56	1	1	0.1774
27	4	1.85	0	0	0.2772
27	4	1.496	0	0	-0.594
27	4	0.3632	1	0	0.5636
27	4	5.336	0	0	-0.08261
27	4	1.533	0	0	0.5172
27	4	3.522	0	0	0.4228
27	4	0.8234	1	1	-0.1365
27	4	0.8812	1	1	-0.3592
27	4	0.7323	0	1	1.938
27	4	5.564	0	0	0.07528
27	4	5.465	0	0	-0.9064
27	4	3.826	1	1	-0.7163
27	4	0.2579	1	1	-0.7163
27	4	1.841	1	1	-0.3592
27	4	5.306	0	0	-1.385
27	4	3.582	0	0	0.1774
27	4	0.9049	0	0	-0.3592
27	4	0.4573	0	0	-0.1912
27	4	0.3034	1	1	2.707
27	4	5.228	0	0	-0.5341
27	4	1.055	1	1	-1.458
27	4	1.664	1	1	-1.314
27	4	3.557	1	1	-0.7787
27	4	0.8046	1	1	2.005
27	4	0.8775	1	1	0.8754
27	4	0.7077	0	0	0.1267
27	4	0.9707	1	1	-0.475
27	4	5.416	1	1	-0.1912
27	4	3.569	0	0	0.07528
27	4	5.296	1	1	0.1774
27	4	1.841	1	1	0.6095
27	4	5.075	1	1	-0.1912
27	4	0.885	1	1	-0.3025
27	4	3.781	0	0	0.02328
27	4	2.051	0	0	-0.08261
27	4	0.4038	0	0	-0.8421
27	4	1.87	1	1	0.7
27	4	0.3962	0	0	0.2772
27	4	1.088	1	1	1.836
27	4	3.975	0	0	-0.5341
27	4	3.804	0	0	-0.3592
27	4	0.7118	1	0	-0.475
27	4	1.788	0	0	1.766
27	4	3.08	1	1	-0.594
27	4	1.892	0	0	-0.3592
27	4	5.429	0	0	-0.3592
27	4	5.442	1	1	0.1774
28	4	1.826	1	0	-0.9717
28	4	3.847	1	1	-0.3025
28	4	0.4325	1	0	0.02328
28	4	1.762	1	1	0.2276
28	4	3.559	1	1	-0.594
28	4	1.816	1	1	-0.2465
28	4	1.973	0	0	-0.9064
28	4	1.864	0	0	-0.4167
28	4	5.392	0	0	0.6095
28	4	5.592	1	1	-0.7163
28	4	0.8584	0	0	-0.594
28	4	0.4375	0	1	1.624
28	4	5.299	0	0	-0.02934
28	4	0.4952	1	1	-0.8421
28	4	3.402	1	1	-0.5341
28	4	1.758	0	0	-1.038
28	4	0.5584	0	0	2.563
28	4	0.6503	1	1	2.103
28	4	3.428	1	1	-1.105
28	4	3.425	0	0	-1.314
28	4	1.597	1	0	0.7445
28	4	0.7777	0	0	1.401
28	4	5.426	1	1	-0.8421
28	4	5.359	1	1	-1.243
28	4	1.067	0	0	-1.174
28	4	0.6159	1	0	-0.4167
28	4	3.697	0	0	-0.1365
28	4	1.983	0	0	-0.6547
28	4	0.6429	1	1	0.7445
28	4	5.244	0	0	-1.243
28	4	1.415	1	1	-0.3025
28	4	0.3105	0	1	1.044
28	4	3.583	0	0	-1.924
28	4	1.816	1	1	1.696
28	4	3.307	1	1	-1.458
28	4	0.6666	1	0	-1.685
28	4	0.5569	0	0	-2.177
28	4	0.7878	0	0	-0.9717
28	4	0.2863	0	0	-0.594
28	4	5.051	0	0	-0.3025
28	4	0.6355	1	0	-0.7787
28	4	5.438	1	1	-0.8421
28	4	0.7129	1	0	1.624
28	4	3.286	0	0	-0.7787
28	4	5.449	0	0	-1.533
28	4	0.9027	0	0	-1.385
28	4	3.455	1	1	-1.458
28	4	5.487	1	1	-1.243
28	4	0.5391	0	0	-1.458
28	4	1.073	1	0	-1.174
29	4	5.505	1	1	-1.038
29	4	4.859	0	0	-1.458
29	4	5.054	1	1	-0.3592
29	4	0.3763	1	0	-1.385
29	4	3.563	1	1	-0.594
29	4	0.4395	1	0	-1.763
29	4	0.6177	0	0	-2.732
29	4	1.466	1	1	-0.475
29	4	1.214	0	0	-0.8421
29	4	1.118	0	0	-0.3025
29	4	1.988	1	1	-1.685
29	4	1.581	1	1	-0.3025
29	4	0.6225	1	1	-0.1365
29	4	5.138	0	0	-1.763
29	4	0.6543	0	1	1.401
29	4	3.829	1	1	-0.9064
29	4	3.45	1	1	-0.5341
29	4	1.864	0	0	-0.9064
29	4	0.5941	0	1	-0.1912
29	4	1.945	1	1	-0.9064
29	4	0.6781	1	1	-0.8421
29	4	0.7245	0	0	-1.608
29	4	0.4816	1	0	-0.7163
29	4	3.887	1	1	-1.243
29	4	3.605	0	0	-1.458
29	4	0.9654	1	1	-0.9064
29	4	0.6033	1	0	-1.243
29	4	3.849	1	1	-1.105
29	4	3.998	1	1	-0.1912
29	4	3.544	0	0	-1.174
29	4	5.249	1	1	-0.9064
29	4	0.6398	0	1	1.044
29	4	1.029	0	0	-1.843
29	4	0.266	1	0	1.938
29	4	1.188	0	0	-1.038
29	4	5.571	0	0	-2.265
29	4	3.643	0	0	-1.608
29	4	1.661	0	0	-1.458
29	4	0.3403	0	0	0.07528
29	4	3.8	1	1	-1.105
29	4	5.485	1	1	-1.243
29	4	0.7654	0	0	-1.105
29	4	0.2659	0	0	-1.038
29	4	1.697	0	0	-1.243
29	4	1.536	0	0	-0.6547
29	4	5.256	0	0	-1.608
29	4	1.832	1	1	-0.475
29	4	5.34	0	0	-1.843
29	4	5.327	1	1	-0.594
29	4	2.07	1	1	-0.475
30	5	0.8879	0	0	-1.038
30	5	5.393	0	0	-1.105
30	5	5.293	0	0	-0.7787
30	5	3.407	1	1	-0.5341
30	5	1.115	0	0	0.2276
30	5	0.4722	1	1	0.5636
30	5	0.3544	0	1	-0.1912
30	5	1.712	0	0	0.2276
30	5	3.633	1	1	-0.3592
30	5	3.443	1	1	0.1774
30	5	5.592	1	1	-0.3025
30	5	0.8754	1	1	0.02328
30	5	3.45	1	1	-0.2465
30	5	1.72	0	0	-0.02934
30	5	0.6498	1	1	1.126
30	5	0.827	1	1	0.5636
30	5	5.075	0	0	-0.475
30	5	3.446	1	1	-0.3025
30	5	1.008	1	1	-0.02934
30	5	1.446	0	0	-0.02934
30	5	0.8083	0	1	1.766
30	5	5.747	0	0	-0.7787
30	5	1.289	0	1	1.971
30	5	3.383	1	1	0.07528
30	5	3.471	1	1	0.1774
30	5	2.011	1	1	-0.594
30	5	1.989	0	0	-0.3592
30	5	3.495	1	1	-0.02934
30	5	0.6962	0	0	-0.1365
30	5	1.466	0	0	0.4228
30	5	5.097	0	0	-0.02934
30	5	0.1988	0	0	0.1267
30	5	0.8217	1	1	0.2276
30	5	1.102	1	0	1.836
30	5	4.693	1	1	-0.3025
30	5	0.3966	0	0	0.9182
30	5	3.804	1	1	0.7445
30	5	3.694	0	0	-0.6547
30	5	1.63	0	0	0.07528
30	5	0.5678	1	1	0.02328
30	5	5.787	1	1	0.02328
30	5	0.6713	1	0	-0.02934
30	5	0.505	0	0	-0.475
30	5	5.809	1	1	-0.1365
30	5	5.213	0	0	-0.02934
30	5	1.5	0	0	-0.3592
30	5	2.047	1	1	0.07528
30	5	1.556	0	0	-1.243
30	5	0.8312	0	0	0.3748
30	5	0.03966	1	1	0.3263
31	5	5.538	0	0	-1.385
31	5	5.688	1	1	-0.475
31	5	2.15	0	0	-0.475
31	5	0.6809	1	0	-0.08261
31	5	1.929	0	0	0.3263
31	5	1.58	0	1	0.7886
31	5	1.805	1	1	-0.7163
31	5	3.774	0	0	-0.7163
31	5	1.897	1	1	-0.02934
31	5	5.357	0	0	-0.7163
31	5	3.452	1	1	-0.475
31	5	5.413	1	1	-0.02934
31	5	3.318	1	1	-0.02934
31	5	0.9255	1	0	0.07528
31	5	1.185	1	0	1.126
31	5	0.3606	0	1	0.1774
31	5	0.7503	1	1	2.293
31	5	1.857	0	0	-0.9717
31	5	1.034	0	0	-0.475
31	5	0.6853	1	1	1.285
31	5	3.698	0	0	-0.3025
31	5	1.582	1	1	-0.02934
31	5	3.933	1	1	-0.594
31	5	0.7766	1	0	0.2276
31	5	1.561	1	1	0.7886
31	5	0.777	0	0	-0.1912
31	5	0.4511	0	1	2.262
31	5	0.3344	0	0	-0.3592
31	5	1.526	0	0	-0.02934
31	5	0.3108	0	0	-0.08261
31	5	0.5359	0	0	0.5636
31	5	3.512	1	1	-0.1912
31	5	3.727	1	1	-0.02934
31	5	5.251	1	1	-0.594
31	5	3.528	1	1	0.7886
31	5	5.391	1	1	-0.02934
31	5	0.7702	0	0	0.02328
31	5	1.224	0	0	-1.314
31	5	1.038	1	0	0.655
31	5	0.589	1	1	2.038
31	5	0.9589	0	0	-0.9064
31	5	0.9004	1	0	-0.3025
31	5	3.865	0	0	-0.1912
31	5	5.521	0	0	-0.9064
31	5	0.03785	0	0	-0.4167
31	5	0.9035	0	0	-0.594
31	5	5.292	0	0	-0.6547
31	5	5.243	1	1	-0.7163
31	5	3.503	1	1	-0.4167
31	5	5.7	0	0	-0.594
32	5	0.3469	1	0	-0.1912
32	5	5.351	0	0	-1.608
32	5	5.413	0	0	-0.4167
32	5	5.733	0	0	-1.038
32	5	0.5472	1	1	-0.9717
32	5	1.793	1	1	-0.02934
32	5	3.48	0	0	0.02328
32	5	3.653	0	0	0.02328
32	5	1.805	1	1	0.7886
32	5	0.3612	1	1	1.044
32	5	0.5029	0	1	1.938
32	5	2.018	0	0	0.02328
32	5	0.98	1	1	0.7
32	5	5.305	0	0	0.3263
32	5	0.8999	1	1	0.4702
32	5	3.552	0	0	0.6095
32	5	0.8158	0	0	-0.02934
32	5	3.369	0	0	-0.02934
32	5	0.6278	1	1	-0.3025
32	5	0.4046	0	1	0.3263
32	5	0.5422	0	0	-1.243
32	5	3.362	0	0	-0.475
32	5	0.897	0	0	0.4228
32	5	0.7822	0	1	0.5636
32	5	0.692	0	0	0.02328
32	5	0.2659	0	1	0.1774
32	5	3.478	1	1	-0.475
32	5	0.6428	0	1	2.415
32	5	5.689	0	0	-0.7163
32	5	3.535	1	1	-0.3025
32	5	1.18	0	0	-0.1365
32	5	2.428	1	1	-0.4167
32	5	1.748	1	1	0.3263
32	5	5.231	0	0	0.2276
32	5	5.265	1	1	-0.1912
32	5	5.493	1	1	0.3263
32	5	5.478	0	0	0.02328
32	5	1.825	1	1	-0.02934
32	5	3.449	1	1	0.1774
32	5	0.575	1	1	0.2276
32	5	1.807	1	1	0.3263
32	5	0.8209	1	1	2.791
32	5	2.063	1	1	2.167
32	5	5.505	0	0	-0.594
32	5	1.507	1	1	0.2276
32	5	3.469	1	1	0.3263
32	5	0.4851	0	0	0.3263
32	5	2.112	1	1	0.655
32	5	0.8314	1	0	2.845
32	5	3.561	1	1	-0.1912
33	5	0.3386	1	0	0.4228
33	5	2.055	0	0	-0.594
33	5	5.42	1	1	-0.475
33	5	0.6884	1	0	0.3263
33	5	1.754	1	1	0.07528
33	5	0.9374	0	0	0.4228
33	5	1.089	1	1	0.1774
33	5	2.026	0	0	1.166
33	5	3.771	0	0	-0.594
33	5	0.9543	1	1	-0.3025
33	5	3.466	0	0	-0.3592
33	5	5.112	0	0	0.07528
33	5	1.78	1	1	0.1267
33	5	0.5262	1	1	2.262
33	5	5.308	1	1	-0.08261
33	5	1.844	0	0	0.1774
33	5	5.232	0	0	-0.1365
33	5	3.346	1	1	0.1774
33	5	3.478	0	0	-0.1365
33	5	3.591	0	0	-0.08261
33	5	1.568	0	0	0.4228
33	5	0.9927	0	0	0.1774
33	5	3.582	0	0	-0.02934
33	5	0.4625	1	1	-0.3025
33	5	3.821	1	1	-0.3592
33	5	5.53	1	1	0.07528
33	5	5.161	1	1	0.7
33	5	1.819	0	1	0.7
33	5	5.474	0	0	-1.174
33	5	0.9678	1	1	0.07528
33	5	0.9366	0	0	-0.9064
33	5	0.9156	1	1	-0.1365
33	5	5.343	0	0	-0.3025
33	5	1.097	0	1	2.415
33	5	5.395	0	0	-0.9717
33	5	0.4108	0	0	-0.08261
33	5	1.755	0	0	1.002
33	5	1.46	1	1	-0.2465
33	5	1.291	1	1	0.1267
33	5	1.652	0	1	0.655
33	5	0.9831	1	1	-1.105
33	5	3.592	1	1	-0.1365
33	5	0.721	0	1	0.2276
33	5	1.1	1	1	0.07528
33	5	3.483	1	1	0.4702
33	5	5.593	1	1	-0.7787
33	5	0.3471	0	0	-0.1365
33	5	0.614	1	0	0.655
33	5	3.892	1	1	-0.08261
33	5	0.3069	0	0	0.9182
34	5	0.868	0	0	-1.105
34	5	0.7576	0	1	0.4702
34	5	5.279	1	1	0.3263
34	5	0.5139	1	1	-0.1912
34	5	3.133	1	1	-1.105
34	5	0.5113	1	1	-0.594
34	5	1.804	1	1	-1.608
34	5	5.378	0	0	-1.608
34	5	1.18	0	0	-0.475
34	5	1.664	1	1	1.206
34	5	0.9291	0	0	-0.7787
34	5	0.2799	1	0	0.655
34	5	0.167	1	0	0.07528
34	5	1.035	1	0	2.355
34	5	1.866	0	0	1.166
34	5	0.5203	0	0	0.2772
34	5	0.4216	1	0	1.324
34	5	5.587	0	0	-0.7787
34	5	0.327	1	1	0.2276
34	5	5.411	0	0	-0.2465
34	5	2.043	1	1	2.293
34	5	1.092	0	0	-0.3025
34	5	0.9872	0	0	0.2772
34	5	5.568	0	0	-0.3025
34	5	2.996	0	0	0.2772
34	5	5.055	0	0	-0.08261
34	5	1.146	1	1	0.4228
34	5	3.961	0	0	0.1267
34	5	1.598	0	0	1.766
34	5	0.8198	1	0	0.6095
34	5	1.986	0	0	-0.594
34	5	2.216	0	0	2.167
34	5	1.162	1	1	-0.3025
34	5	3.423	0	0	0.7886
34	5	0.485	1	0	0.07528
34	5	0.8386	1	1	1.587
34	5	0.9077	1	1	1.904
34	5	3.736	1	1	0.8754
34	5	1.683	0	0	0.5636
34	5	5.486	1	1	-0.4167
34	5	0.02961	1	1	-0.475
34	5	1.633	1	1	-2.934
34	5	3.744	1	1	-2.177
34	5	3.475	0	0	0.3263
34	5	5.369	1	1	-0.7163
34	5	3.565	0	0	0.5636
34	5	3.7	0	0	0.3263
34	5	5.35	0	0	0.07528
34	5	3.632	1	1	-0.2465
34	5	5.484	1	1	-0.5341
35	5	0.4905	1	0	1.206
35	5	5.492	0	0	-0.475
35	5	0.3598	0	0	0.1267
35	5	0.502	1	0	1.002
35	5	0.6074	1	1	2.324
35	5	1.047	1	1	-0.3592
35	5	3.679	0	0	0.4702
35	5	5.625	1	1	-0.594
35	5	0.8734	0	0	1.085
35	5	1.77	0	0	0.4228
35	5	5.569	1	1	0.4702
35	5	0.9299	0	0	1.696
35	5	0.5005	1	1	-0.9717
35	5	1.807	0	0	-0.475
35	5	5.292	1	1	0.3263
35	5	5.192	0	0	0.2772
35	5	2.007	0	0	-0.1912
35	5	1.938	0	0	0.4228
35	5	0.7835	1	1	0.7886
35	5	3.784	0	0	0.6095
35	5	0.8819	0	0	2.678
35	5	0.8531	0	0	-0.02934
35	5	3.685	1	1	-0.9064
35	5	5.629	0	0	0.1267
35	5	1.105	0	0	-0.9717
35	5	3.788	1	1	0.4228
35	5	3.683	1	1	-0.3025
35	5	1.758	1	1	-0.2465
35	5	3.56	1	1	-0.3592
35	5	0.4401	1	1	0.8754
35	5	2.02	1	1	1.085
35	5	3.722	1	1	-0.02934
35	5	0.3507	0	0	0.8754
35	5	0.4193	0	0	1.206
35	5	3.734	1	1	2.07
35	5	1.875	1	1	2.262
35	5	3.661	0	0	-0.4167
35	5	1.126	1	1	1.801
35	5	5.195	0	0	1.002
35	5	5.336	1	1	1.166
35	5	5.036	1	1	0.1774
35	5	0.772	0	0	1.66
35	5	1.603	0	0	1.206
35	5	0.9781	0	0	1.731
35	5	1.784	1	1	0.5172
35	5	5.059	0	0	0.07528
35	5	0.3679	0	0	1.085
35	5	0.3801	0	0	0.9182
35	5	1.837	0	0	1.126
35	5	3.765	1	1	0.5172
36	5	0.4104	0	0	-0.3592
36	5	1.597	0	0	-0.1365
36	5	0.429	0	0	1.002
36	5	5.446	1	1	0.2772
36	5	0.836	1	0	0.7
36	5	1.203	0	0	1.206
36	5	3.93	0	0	-0.1365
36	5	0.9554	1	1	-0.1912
36	5	3.326	1	1	0.4702
36	5	5.053	0	0	1.285
36	5	0.9102	0	0	-0.2465
36	5	0.2353	0	0	0.07528
36	5	3.465	1	1	-0.02934
36	5	5.299	1	1	0.4702
36	5	1.695	1	1	0.2276
36	5	3.73	1	1	-0.3025
36	5	0.6348	0	0	-0.594
36	5	3.567	0	0	-0.7163
36	5	0.5458	0	0	0.3748
36	5	0.9727	1	0	0.9182
36	5	5.777	1	1	0.4228
36	5	3.779	0	0	-0.3025
36	5	0.9037	1	1	0.07528
36	5	1.502	0	0	1.085
36	5	0.5686	0	0	0.4228
36	5	1.86	1	1	-0.3025
36	5	0.5278	0	1	-0.475
36	5	1.217	1	1	2.621
36	5	5.493	1	1	0.02328
36	5	0.9088	1	0	0.9605
36	5	1.676	0	0	0.2276
36	5	1.816	1	1	0.07528
36	5	5.222	1	1	-0.9064
36	5	3.758	0	0	-0.02934
36	5	1.144	1	1	0.07528
36	5	5.513	0	0	1.002
36	5	1.89	1	1	-0.1365
36	5	0.8034	0	0	0.7
36	5	3.281	0	0	-0.08261
36	5	5.035	0	0	-0.2465
36	5	0.5263	1	0	-0.02934
36	5	1.443	1	0	-0.3592
36	5	3.593	0	0	-0.3592
36	5	0.7342	0	0	0.3263
36	5	5.047	0	0	0.02328
36	5	5.373	0	0	-0.1365
36	5	2.003	1	1	0.07528
36	5	3.259	0	0	-0.475
36	5	0.7669	1	1	0.2772
36	5	1.57	1	1	-0.475
37	5	0.7687	0	0	-0.6547
37	5	0.7105	1	0	-2.091
37	5	3.8	1	1	-0.08261
37	5	1.753	0	0	-0.475
37	5	2.041	0	0	-0.594
37	5	0.2666	1	0	0.3748
37	5	5.521	0	0	-0.1365
37	5	1.61	0	0	1.126
37	5	3.646	0	0	-0.3592
37	5	0.8658	1	1	0.1267
37	5	1.026	1	1	0.1774
37	5	1.165	0	0	-0.1365
37	5	5.226	0	0	-0.475
37	5	5.311	0	0	-0.6547
37	5	3.625	1	1	-0.475
37	5	0.009899	0	0	-1.038
37	5	1.393	1	1	-1.038
37	5	5.381	0	0	-0.8421
37	5	3.62	0	0	-0.8421
37	5	0.4002	0	0	-0.7787
37	5	0.4561	0	0	0.1267
37	5	0.6757	1	1	0.07528
37	5	5.464	0	0	-1.038
37	5	0.685	1	1	-1.243
37	5	1.515	1	1	-0.3025
37	5	3.589	1	1	-0.6547
37	5	1.079	1	0	0.2276
37	5	0.6277	1	0	0.8754
37	5	0.1599	0	1	-0.1912
37	5	0.9144	1	0	1.696
37	5	5.202	1	1	-0.7787
37	5	3.699	0	0	-0.3592
37	5	5.424	1	1	-0.1912
37	5	1.751	1	1	-0.7163
37	5	5.159	1	1	-0.3025
37	5	0.886	1	1	3.161
37	5	3.581	0	0	-0.475
37	5	1.711	0	0	-0.594
37	5	0.3193	0	0	-0.1365
37	5	1.908	1	1	-1.608
37	5	0.4624	0	0	-0.08261
37	5	1.057	1	1	-0.1365
37	5	3.971	0	0	-0.08261
37	5	3.801	0	0	-0.3025
37	5	0.6323	1	0	-1.243
37	5	1.797	0	0	-1.105
37	5	4.004	1	1	-0.08261
37	5	1.886	0	0	-1.105
37	5	5.505	0	0	-1.174
37	5	6.104	1	1	-0.02934
38	5	2.118	1	1	-0.9717
38	5	3.689	1	1	-0.594
38	5	0.677	1	0	-0.9717
38	5	1.941	1	1	-0.9717
38	5	3.358	1	1	-0.475
38	5	1.899	1	1	-0.1912
38	5	1.609	0	0	-0.1912
38	5	2.083	0	0	0.5172
38	5	5.528	0	0	1.126
38	5	5.417	1	1	-0.7787
38	5	1.013	0	1	1.696
38	5	0.4595	0	0	-1.243
38	5	5.488	0	0	-0.7787
38	5	0.6571	1	1	-0.1912
38	5	3.917	1	1	-0.475
38	5	1.895	0	0	0.07528
38	5	0.5841	0	0	0.4702
38	5	0.7985	1	1	-0.594
38	5	3.399	1	1	-0.594
38	5	3.436	0	0	0.2276
38	5	2.272	1	1	0.2276
38	5	0.9054	0	0	0.4228
38	5	5.126	1	1	-0.4167
38	5	5.557	1	1	-0.475
38	5	0.8403	0	0	-0.4167
38	5	0.39	1	1	-0.7787
38	5	3.956	0	0	0.4228
38	5	1.778	0	0	-0.08261
38	5	0.1288	1	0	0.3263
38	5	5.519	0	0	-0.1912
38	5	1.658	1	1	2.873
38	5	0.3136	0	0	0.6095
38	5	3.74	0	0	-0.1365
38	5	1.666	1	1	0.5172
38	5	3.725	1	1	-0.7787
38	5	0.2395	1	1	0.4702
38	5	0.349	0	0	-0.3025
38	5	1.078	0	0	-0.2465
38	5	0.2841	0	0	0.9182
38	5	5.271	0	0	0.3748
38	5	0.3179	1	0	0.4702
38	5	5.22	1	1	-0.475
38	5	0.8202	1	0	-0.08261
38	5	3.44	0	0	-0.594
38	5	5.356	0	0	-0.3025
38	5	1.035	0	0	0.3748
38	5	3.522	1	1	-0.1912
38	5	5.648	1	1	-0.7163
38	5	0.5874	0	0	-0.6547
38	5	1.222	1	1	-0.7787
39	5	5.143	1	1	-0.7163
39	5	5.364	0	0	-1.385
39	5	5.342	1	1	-0.8421
39	5	0.4493	1	1	-0.4167
39	5	2.946	1	1	-0.594
39	5	1.118	1	0	-1.458
39	5	0.6696	0	1	2.293
39	5	2.005	1	0	1.514
39	5	0.8124	0	0	-0.02934
39	5	0.7261	0	0	-0.9717
39	5	1.888	1	1	-0.3025
39	5	1.701	1	1	-0.475
39	5	0.5694	1	1	1.971
39	5	5.474	0	0	-1.763
39	5	0.8226	0	0	-0.4167
39	5	3.397	1	1	-0.7787
39	5	3.678	1	1	0.3748
39	5	1.561	0	0	0.3263
39	5	0.4076	0	0	0.3263
39	5	1.78	1	1	-0.7163
39	5	0.6923	1	1	-0.9717
39	5	1.426	0	0	-0.7787
39	5	0.414	1	1	-0.02934
39	5	3.378	1	1	-0.5341
39	5	3.286	0	0	-1.314
39	5	1.15	1	1	1.66
39	5	0.3454	1	1	1.696
39	5	3.484	1	1	-0.3592
39	5	3.552	1	1	-0.7787
39	5	3.736	0	0	-1.105
39	5	5.076	1	1	-0.475
39	5	0.5068	0	0	-0.3025
39	5	1.24	0	0	-0.3025
39	5	0.3647	1	0	-1.843
39	5	1.009	0	0	0.2276
39	5	5.435	0	0	-1.038
39	5	3.387	0	0	-1.243
39	5	1.654	0	0	-1.843
39	5	0.8442	0	0	-0.594
39	5	3.751	1	1	-0.7787
39	5	5.319	1	1	-0.1365
39	5	0.6311	0	0	-0.1912
39	5	0.399	0	0	-0.7787
39	5	1.588	0	0	-0.3592
39	5	2.092	0	0	0.02328
39	5	5.317	0	0	-1.174
39	5	1.987	1	1	0.07528
39	5	5.231	0	0	-0.9064
39	5	5.234	1	1	-0.1912
39	5	1.945	1	1	-0.594
40	6	0.8879	0	0	-0.8421
40	6	5.304	0	0	-0.1365
40	6	5.421	0	0	-0.8421
40	6	3.838	1	1	-0.3025
40	6	0.5834	0	0	0.5636
40	6	0.3701	1	1	1.002
40	6	0.2357	0	1	1.002
40	6	2.015	0	1	1.87
40	6	3.561	1	1	0.2276
40	6	3.642	1	1	1.766
40	6	5.425	1	1	-0.7163
40	6	1.171	1	1	0.8322
40	6	3.784	1	1	-0.08261
40	6	2.181	0	0	0.3263
40	6	0.5596	1	1	0.4228
40	6	0.859	1	1	-0.3592
40	6	5.135	0	0	-0.9717
40	6	3.441	1	1	-0.08261
40	6	1.017	1	0	2.135
40	6	1.935	0	0	-1.038
40	6	1.171	0	0	-0.5341
40	6	5.59	0	0	-0.1912
40	6	0.8579	0	0	-1.243
40	6	3.257	1	1	-0.02934
40	6	3.583	1	1	-0.6547
40	6	1.721	1	1	0.655
40	6	1.819	0	0	-0.1912
40	6	3.758	1	1	-0.594
40	6	0.5608	0	0	-0.3025
40	6	1.463	0	0	-0.2465
40	6	5.096	0	0	-0.3025
40	6	0.1958	0	0	0.2276
40	6	0.8163	1	0	0.07528
40	6	1.104	1	0	0.9605
40	6	4.703	1	1	-0.9064
40	6	0.409	0	0	0.1774
40	6	3.788	1	1	-0.3592
40	6	3.688	0	0	-0.8421
40	6	1.63	0	0	-0.3592
40	6	0.5723	1	0	-0.08261
40	6	5.781	1	1	-0.2465
40	6	0.681	1	1	1.166
40	6	0.5047	0	1	2.231
40	6	5.813	1	1	-1.174
40	6	5.211	0	0	-0.3592
40	6	1.497	0	0	-0.7163
40	6	2.047	1	1	-0.02934
40	6	1.555	0	0	-0.9064
40	6	0.8273	0	0	-1.105
40	6	0.04302	1	1	2.927
41	6	5.395	0	0	-1.243
41	6	5.113	1	1	-0.2465
41	6	1.71	0	0	-0.1912
41	6	0.2913	1	1	-0.08261
41	6	1.943	0	0	-0.2465
41	6	1.857	0	0	1.002
41	6	1.857	1	1	0.2772
41	6	3.523	0	0	-0.08261
41	6	1.828	1	1	3.161
41	6	5.341	0	0	-1.243
41	6	4.159	1	1	-0.02934
41	6	5.731	1	1	0.8754
41	6	3.657	1	1	-0.02934
41	6	0.7253	1	1	1.587
41	6	1.836	1	1	0.3263
41	6	0.5223	0	1	3.479
41	6	0.4857	1	1	1.085
41	6	1.711	0	0	-0.5341
41	6	1.152	0	0	-0.3025
41	6	0.1293	1	1	2.385
41	6	3.564	0	0	0.02328
41	6	1.604	1	0	0.2276
41	6	3.751	1	1	-0.7163
41	6	0.8508	1	1	0.3263
41	6	1.968	1	1	-0.1912
41	6	0.7035	0	0	-0.08261
41	6	0.7451	0	0	1.044
41	6	0.07005	0	0	-0.4167
41	6	2.012	0	0	-0.475
41	6	0.0273	1	0	0.2772
41	6	0.4376	0	0	0.5172
41	6	3.505	1	1	0.2276
41	6	3.601	1	1	-0.3025
41	6	5.294	1	1	-0.02934
41	6	3.583	1	1	-0.7163
41	6	5.263	1	1	0.07528
41	6	1.179	0	0	-0.5341
41	6	0.817	0	0	-0.3592
41	6	1.247	1	0	-0.08261
41	6	0.2265	1	0	1.938
41	6	1.185	0	0	0.2772
41	6	1.064	1	0	1.66
41	6	3.59	0	0	-0.475
41	6	5.656	0	0	-1.038
41	6	0.1212	1	0	-0.7787
41	6	1.196	0	0	0.3748
41	6	5.751	0	0	-0.3025
41	6	5.037	1	1	0.02328
41	6	3.423	1	1	0.2276
41	6	5.718	0	0	-0.02934
42	6	0.4333	1	1	0.7445
42	6	5.368	0	0	-0.9717
42	6	5.246	0	0	-0.02934
42	6	5.337	0	0	-0.5341
42	6	0.2531	1	0	0.2276
42	6	1.622	1	1	0.7
42	6	3.812	0	0	0.2276
42	6	4.036	0	0	-0.3025
42	6	1.817	1	1	2.505
42	6	0.5709	1	0	0.3748
42	6	0.5477	0	0	-0.9064
42	6	1.629	0	0	0.1267
42	6	0.7904	1	1	1.002
42	6	5.308	0	0	-0.7787
42	6	1.154	1	1	-0.1912
42	6	3.395	0	0	-0.08261
42	6	1.006	0	0	-0.7787
42	6	3.418	0	0	-1.314
42	6	0.9505	1	0	4.216
42	6	0.02363	0	1	-0.2465
42	6	0.5939	0	1	4.074
42	6	3.687	0	0	-1.243
42	6	0.5767	0	0	-1.243
42	6	0.2825	0	0	0.655
42	6	0.973	0	0	-0.3592
42	6	0.3315	0	1	1.66
42	6	3.816	1	1	-1.843
42	6	1.282	0	0	-0.02934
42	6	5.044	0	0	-1.243
42	6	3.531	1	1	-0.02934
42	6	0.8291	0	1	2.07
42	6	1.671	1	1	-0.3592
42	6	2.007	1	1	0.6095
42	6	5.61	0	0	-0.594
42	6	5.441	1	1	-0.1365
42	6	5.26	1	1	-0.02934
42	6	5.507	0	0	-0.475
42	6	1.815	1	1	-0.9064
42	6	3.04	1	1	-0.02934
42	6	0.6542	1	1	-0.3025
42	6	1.905	1	1	0.4702
42	6	0.7963	1	1	1.044
42	6	1.824	1	1	0.4702
42	6	5.309	0	0	-1.105
42	6	2.413	1	1	-0.475
42	6	3.85	1	1	0.07528
42	6	0.4166	0	0	-1.243
42	6	1.883	1	1	-0.1365
42	6	0.6494	1	1	0.7886
42	6	3.895	1	1	-0.3592
43	6	0.4587	1	0	2.167
43	6	1.772	0	0	-1.105
43	6	5.432	1	1	-0.3592
43	6	0.5219	1	1	-0.475
43	6	1.996	1	1	-0.7787
43	6	1.128	0	0	-0.2465
43	6	0.8066	1	1	-0.1912
43	6	1.379	0	0	0.2276
43	6	3.54	0	0	-1.458
43	6	1.184	1	1	0.07528
43	6	3.391	0	0	-0.4167
43	6	5.564	0	0	-1.038
43	6	1.685	1	1	-0.3025
43	6	0.7075	1	1	0.5636
43	6	5.104	1	1	0.02328
43	6	1.445	0	0	-0.7787
43	6	5.263	0	0	-0.02934
43	6	3.268	1	1	-1.385
43	6	3.492	0	0	-0.3592
43	6	3.586	0	0	-1.038
43	6	1.533	0	0	-0.594
43	6	0.8775	0	0	-0.08261
43	6	3.603	0	0	2.355
43	6	0.4694	1	1	-0.5341
43	6	3.472	1	1	-0.475
43	6	5.209	1	1	-0.594
43	6	4.969	1	1	-0.4167
43	6	1.939	0	0	-0.6547
43	6	5.441	0	0	-1.385
43	6	0.7721	1	1	2.167
43	6	0.9327	0	0	1.002
43	6	0.5205	1	1	4.74
43	6	5.434	0	0	-0.3025
43	6	0.6183	0	0	1.126
43	6	5.524	0	0	-0.3025
43	6	0.6356	0	1	1.587
43	6	1.566	0	0	-1.385
43	6	1.598	1	1	0.2276
43	6	0.8884	1	1	0.5636
43	6	1.48	0	0	-1.038
43	6	1.162	1	1	4.033
43	6	3.696	1	1	-0.1365
43	6	0.9799	0	1	0.1267
43	6	1.096	1	1	0.655
43	6	3.323	1	1	-0.7163
43	6	5.733	1	1	-0.6547
43	6	0.2899	0	0	2.621
43	6	0.6813	1	1	3.55
43	6	3.671	1	1	-0.1912
43	6	0.5197	0	0	-0.1912
44	6	0.7996	0	0	-1.385
44	6	0.278	0	0	0.7445
44	6	5.024	1	1	-0.3025
44	6	0.41	1	1	0.1267
44	6	3.371	1	1	-1.105
44	6	0.02563	1	1	0.3263
44	6	1.977	1	1	1.002
44	6	5.051	0	0	-0.6547
44	6	0.9993	0	1	2.845
44	6	2.137	1	1	-0.3025
44	6	0.6737	0	1	3.596
44	6	0.5692	1	1	2.65
44	6	0.3901	1	0	-0.9717
44	6	0.5604	1	0	4.216
44	6	1.782	0	0	-0.9064
44	6	0.6831	0	0	-0.594
44	6	0.5449	1	1	-0.475
44	6	5.488	0	0	-1.458
44	6	0.64	1	1	0.6095
44	6	5.688	0	0	0.07528
44	6	1.912	1	1	0.07528
44	6	0.7185	0	1	1.938
44	6	0.9907	0	0	-1.924
44	6	5.143	0	0	-0.3025
44	6	3.107	0	0	-0.8421
44	6	5.474	0	0	-1.105
44	6	1.969	1	1	-0.1912
44	6	3.687	0	0	-0.6547
44	6	1.665	0	1	0.2276
44	6	0.6585	1	1	-0.3592
44	6	1.709	0	0	-1.038
44	6	2.118	0	0	0.6095
44	6	0.8532	1	1	-1.243
44	6	3.603	0	0	-1.608
44	6	0.09253	1	1	1.66
44	6	1.079	1	1	-0.3025
44	6	0.9477	1	1	-0.2465
44	6	3.673	1	1	-0.1365
44	6	1.474	0	0	-1.243
44	6	5.535	1	1	-0.594
44	6	0.9887	1	1	0.5636
44	6	2.162	1	1	2.65
44	6	3.65	1	1	-0.5341
44	6	3.737	0	0	-1.385
44	6	5.501	1	1	-0.594
44	6	3.57	0	0	-0.2465
44	6	3.754	0	0	-1.174
44	6	5.042	0	0	-1.038
44	6	3.796	1	1	-0.02934
44	6	5.507	1	1	0.3263
45	6	0.3977	1	0	-1.038
45	6	5.174	0	0	-1.385
45	6	0.3219	0	1	2.415
45	6	0.1839	1	0	2.199
45	6	0.4908	1	1	2.324
45	6	0.8647	1	1	3.479
45	6	3.713	0	0	-0.7163
45	6	5.641	1	1	0.8322
45	6	0.6537	0	0	-0.1365
45	6	1.795	0	0	-0.7787
45	6	5.339	1	1	1.439
45	6	0.8876	0	0	1.002
45	6	0.3399	1	1	0.8754
45	6	1.606	0	0	-1.038
45	6	5.096	1	1	-0.475
45	6	5.336	0	0	-0.6547
45	6	1.596	0	0	-1.608
45	6	2.067	0	0	-0.4167
45	6	1.077	1	1	1.938
45	6	3.771	0	0	-1.243
45	6	0.7293	0	0	0.4702
45	6	0.3682	0	1	2.65
45	6	3.877	1	1	-0.8421
45	6	5.387	0	0	-1.385
45	6	0.9303	0	0	-0.594
45	6	3.44	1	1	-0.3592
45	6	3.417	1	1	-0.08261
45	6	1.72	1	1	1.514
45	6	3.605	1	1	0.2772
45	6	0.8431	1	1	0.4702
45	6	1.695	1	1	0.5636
45	6	3.382	1	1	-0.5341
45	6	0.4556	0	1	1.206
45	6	0.7917	0	0	0.655
45	6	3.516	1	1	1.731
45	6	1.87	1	1	0.1267
45	6	3.827	0	0	-0.594
45	6	0.7473	1	1	-0.4167
45	6	5.403	0	0	-1.314
45	6	5.495	1	1	0.1774
45	6	5.105	1	1	-0.5341
45	6	0.6939	0	0	-0.08261
45	6	1.399	0	0	-0.9064
45	6	1.048	0	0	-2.091
45	6	1.874	1	1	1.085
45	6	5.403	0	0	-1.608
45	6	0.6826	0	0	-1.174
45	6	0.8614	0	0	0.2276
45	6	1.699	0	0	-2.007
45	6	3.761	1	1	-0.1912
46	6	0.08526	0	1	1.206
46	6	1.442	0	0	-1.843
46	6	0.5785	0	1	2.005
46	6	5.471	1	1	-1.038
46	6	0.8865	1	1	2.135
46	6	0.5887	0	0	-0.02934
46	6	4.027	0	0	-1.243
46	6	0.1474	1	1	0.655
46	6	3.696	1	1	-0.6547
46	6	5.517	0	0	0.4702
46	6	0.9642	0	0	-1.105
46	6	0.5217	0	1	1.514
46	6	3.4	1	1	-0.9064
46	6	5.014	1	1	-0.7787
46	6	1.822	1	1	0.4228
46	6	3.502	1	1	0.07528
46	6	0.244	0	0	-0.475
46	6	3.398	0	0	-1.458
46	6	0.34	0	1	2.98
46	6	0.618	1	0	2.038
46	6	4.99	1	1	-1.385
46	6	3.564	0	0	-1.608
46	6	0.9197	1	1	0.5636
46	6	1.823	0	0	0.3748
46	6	0.6872	0	0	-1.243
46	6	1.598	1	1	2.9
46	6	0.7862	0	0	-1.385
46	6	1.255	1	1	2.293
46	6	5.43	1	1	-0.3025
46	6	0.484	1	1	0.7
46	6	1.804	0	0	-1.608
46	6	1.824	1	1	-0.4167
46	6	5.311	1	1	0.2772
46	6	3.484	0	0	-0.7163
46	6	0.7332	1	0	2.103
46	6	5.541	0	0	-0.5341
46	6	1.677	1	1	0.4228
46	6	1.217	0	0	-0.9717
46	6	3.563	0	0	-0.594
46	6	5.44	0	0	-0.6547
46	6	0.6256	1	1	0.7886
46	6	1.77	1	0	2.415
46	6	3.461	0	0	-1.314
46	6	1.041	0	0	0.5172
46	6	5.431	0	0	-1.105
46	6	5.357	0	0	-0.08261
46	6	1.523	1	0	2.791
46	6	3.898	0	0	-0.594
46	6	0.3295	1	0	2.9
46	6	1.764	1	1	0.4702
47	6	0.6818	0	0	-0.2465
47	6	0.5825	1	0	2.563
47	6	3.266	1	1	-0.2465
47	6	2.047	0	0	-0.4167
47	6	1.866	0	0	-0.2465
47	6	0.4573	1	1	0.9182
47	6	5.554	0	0	-0.1365
47	6	1.819	0	0	0.4228
47	6	3.815	0	0	0.07528
47	6	0.877	1	0	3.11
47	6	1.069	1	1	0.8754
47	6	0.6841	0	1	0.8322
47	6	5.438	0	0	0.07528
47	6	5.494	0	0	-0.594
47	6	4.247	1	1	-0.02934
47	6	0.4017	1	1	-0.1912
47	6	1.876	1	1	0.1267
47	6	5.451	0	0	-0.7787
47	6	3.673	0	0	-1.105
47	6	0.2483	0	0	-0.08261
47	6	0.3575	0	0	-1.038
47	6	0.3117	1	1	1.002
47	6	5.009	0	0	-1.385
47	6	0.8319	1	1	3.456
47	6	1.778	1	1	1.514
47	6	3.733	1	1	-0.3025
47	6	0.8553	1	1	1.085
47	6	0.9004	1	1	1.324
47	6	0.4379	0	0	1.66
47	6	0.7754	1	1	0.7
47	6	5.114	1	1	0.7886
47	6	3.406	0	0	-0.6547
47	6	5.303	1	1	0.07528
47	6	1.995	1	1	0.02328
47	6	5.426	1	1	-0.475
47	6	0.7596	1	1	-0.3592
47	6	3.561	0	0	-0.9064
47	6	1.399	0	0	-0.594
47	6	0.3165	0	0	-0.7163
47	6	1.515	1	0	1.766
47	6	0.6523	0	0	-0.3025
47	6	1.275	1	1	2.135
47	6	3.456	0	0	-0.6547
47	6	3.481	0	0	-1.105
47	6	0.321	1	1	-0.7787
47	6	1.708	0	0	-0.5341
47	6	3.557	1	1	0.4702
47	6	1.903	0	0	-0.475
47	6	5.364	0	0	-0.7163
47	6	5.408	1	1	-0.3025
48	6	1.52	1	1	-0.3025
48	6	3.697	1	1	0.3263
48	6	0.4333	1	0	-1.038
48	6	1.772	1	1	0.2772
48	6	3.327	1	1	0.7886
48	6	1.969	1	1	0.2276
48	6	2.087	0	0	-0.02934
48	6	2.177	0	0	-0.3025
48	6	4.88	0	0	-0.9064
48	6	5.742	1	1	0.07528
48	6	0.5736	0	1	-0.2465
48	6	0.4009	0	0	0.5172
48	6	5.217	0	0	-0.7787
48	6	0.673	1	1	-0.5341
48	6	3.958	1	1	-1.174
48	6	1.947	0	0	0.02328
48	6	0.8174	0	0	0.4702
48	6	0.5445	1	1	-0.6547
48	6	3.708	1	1	-0.08261
48	6	3.596	0	0	-0.9064
48	6	1.821	1	1	0.6095
48	6	0.6057	0	1	2.65
48	6	5.61	1	1	-0.1912
48	6	5.439	1	1	0.4702
48	6	0.8429	0	0	-2.265
48	6	0.4648	1	0	-0.8421
48	6	3.811	0	0	-1.105
48	6	1.747	0	0	3.286
48	6	0.9152	1	0	-1.533
48	6	5.268	0	0	-0.7163
48	6	1.766	1	1	-0.1365
48	6	0.2643	0	0	-0.594
48	6	3.667	0	0	-1.533
48	6	1.788	1	1	-0.475
48	6	3.679	1	1	0.1267
48	6	0.855	1	1	0.6095
48	6	0.548	0	1	2.324
48	6	0.7366	0	0	1.477
48	6	0.4452	0	0	1.044
48	6	5.425	0	0	-0.8421
48	6	0.4274	1	0	0.6095
48	6	5.321	1	1	-0.4167
48	6	1.005	1	1	0.5172
48	6	3.734	0	0	-0.9717
48	6	5.562	0	0	-0.6547
48	6	0.7463	0	0	-0.6547
48	6	3.733	1	1	0.2772
48	6	5.065	1	1	-0.08261
48	6	0.8077	0	0	-1.105
48	6	0.817	1	1	0.6095
49	6	5.303	1	1	-0.475
49	6	5.184	0	0	-1.843
49	6	5.046	1	1	-0.475
49	6	0.3123	1	0	0.1774
49	6	3.42	1	1	-0.6547
49	6	0.9257	1	1	0.9182
49	6	0.3507	0	0	-1.608
49	6	1.582	1	1	0.6095
49	6	0.9031	0	0	0.3263
49	6	0.9447	0	0	-1.314
49	6	2.215	1	1	-0.1912
49	6	1.84	1	1	0.7
49	6	0.567	1	1	2.621
49	6	5.26	0	0	-2.091
49	6	0.8437	0	0	-0.475
49	6	3.24	1	1	0.1267
49	6	3.643	1	1	0.07528
49	6	1.762	0	0	-1.243
49	6	0.5275	0	0	-1.105
49	6	1.744	1	1	0.3263
49	6	1.011	1	0	-0.2465
49	6	1.086	0	0	1.085
49	6	0.5739	1	0	0.3263
49	6	3.708	1	1	-1.608
49	6	3.486	0	0	-1.458
49	6	0.8098	1	1	2.07
49	6	0.6127	1	1	2.763
49	6	3.709	1	1	2.262
49	6	3.989	1	1	0.4228
49	6	4.052	0	0	-1.105
49	6	5.269	1	1	0.2772
49	6	0.2994	0	0	-0.475
49	6	1.106	0	0	-0.7787
49	6	0.427	1	0	-0.475
49	6	1.079	0	0	-0.6547
49	6	5.374	0	0	-2.007
49	6	3.634	0	0	-1.314
49	6	1.968	0	0	-0.9717
49	6	0.5874	0	1	2.038
49	6	3.895	1	1	-0.3592
49	6	5.097	1	1	-0.4167
49	6	1.024	0	0	-0.7787
49	6	0.4678	0	0	-0.1912
49	6	2.102	0	0	-0.3025
49	6	1.617	0	0	-1.685
49	6	5.451	0	0	-2.177
49	6	1.841	1	1	2.621
49	6	5.127	0	0	-2.177
49	6	5.23	1	1	-0.3592
49	6	1.52	1	1	0.07528
