0	2	0.6562	0	1	2.549	-0.931
0	2	5.493	0	1	0.06358	2.05
0	2	3.702	0	0	-1.25	0.2987
0	2	5.433	1	1	1.176	-1.204
0	2	0.547	0	1	-0.4639	-1.037
0	2	5.781	0	0	0.787	1.848
0	2	1.016	1	1	-1.61	-0.3607
0	2	0.9088	1	1	1.437	0.4016
0	2	1.595	0	0	1.395	1.517
0	2	0.4951	0	1	0.3111	-0.4935
0	2	1.899	0	1	0.5703	0.7513
0	2	1.163	1	1	-0.5864	-0.7287
0	2	3.497	0	0	-0.1057	0.4016
0	2	1.792	0	1	-0.7846	-0.6802
0	2	0.1681	0	0	0.03989	-0.3607
0	2	3.677	0	0	-1.042	-0.4486
0	2	3.6	1	1	0.6337	-1.262
0	2	1.968	1	1	-1.989	-0.6802
0	2	1.856	1	1	0.02764	-0.1514
0	2	1.676	1	1	-0.3028	-1.092
0	2	0.7555	1	1	0.3785	0.2987
0	2	2.031	0	0	0.6222	0.4682
0	2	3.748	1	1	-1.098	-0.5854
0	2	3.679	0	0	-0.05971	1.145
0	2	0.3143	1	1	-1.539	-0.1514
0	2	5.486	1	1	-2.522	-0.9838
0	2	1.249	1	1	-2.35	-0.8282
0	2	0.4615	0	1	-2.682	0.5655
0	2	3.832	1	1	-1.207	-0.3607
0	2	5.089	1	1	-0.6253	0.2282
0	2	1.142	1	1	0.8958	-1.204
0	2	5.433	1	1	-0.3503	0.7812
0	2	1.69	0	0	0.6121	1.517
0	2	0.4087	0	0	0.4379	0.7211
0	2	0.9125	1	0	0.09106	1.249
0	2	4.064	0	1	-2.512	-0.4486
0	2	3.675	0	0	0.01168	-0.07159
0	2	1.601	0	0	0.3365	1.951
0	2	5.094	0	0	0.6748	1.586
0	2	0.3837	1	0	1.699	0.3677
0	2	3.661	1	1	-0.3837	-0.8282
0	2	0.455	0	1	-0.9805	1.493
0	2	2.044	1	1	0.9535	-0.9838
0	2	0.3262	1	1	-0.8044	-0.8282
0	2	0.8114	0	0	0.2819	0.1192
0	2	5.464	1	1	-0.8665	-1.505
0	2	0.5515	1	1	0.601	1.145
0	2	0.6272	1	1	1.869	0.04433
0	2	5.582	0	0	0.2782	-1.91
0	2	5.224	0	0	-0.5071	-0.8282
1	2	0.8046	0	1	1.555	-0.8225
1	2	3.349	0	0	1.927	1.145
1	2	2.18	0	0	-1.511	1.178
1	2	1.688	1	1	-0.3129	-1.07
1	2	5.135	1	1	-0.3574	0.1074
1	2	0.5004	1	1	-0.4812	0.3675
1	2	5.409	1	1	-1.248	-0.8225
1	2	0.335	1	1	1.108	0.6088
1	2	5.381	1	0	1.635	1.211
1	2	3.499	1	1	-2.155	0.4903
1	2	1.852	0	1	1.214	0.5698
1	2	3.944	1	0	1.017	-0.07801
1	2	1.789	0	0	0.6332	-0.8225
1	2	1.69	1	1	-0.7024	-0.4295
1	2	0.6084	0	0	0.5209	0.8699
1	2	3.823	1	1	1.273	-2.391
1	2	0.9967	0	1	-0.7123	-0.8826
1	2	5.253	0	1	0.6782	-1.782
1	2	3.837	1	1	-0.126	-1.704
1	2	0.954	1	1	1.722	0.24
1	2	1.903	0	0	0.7593	0.01598
1	2	1.825	0	1	0.8245	0.062
1	2	5.658	0	0	-0.1128	0.3255
1	2	0.7352	1	1	0.422	1.178
1	2	0.9157	1	1	0.03496	-0.07801
1	2	3.615	0	0	1.491	-0.3253
1	2	1.103	1	0	1.715	1.856
1	2	3.644	1	1	1.045	0.8699
1	2	3.498	1	1	0.8967	-1.07
1	2	0.954	0	1	-2.756	0.4903
1	2	0.3007	0	1	0.2301	-1.337
1	2	5.401	1	1	-0.01842	-1.268
1	2	0.1058	1	0	-0.6031	-0.3253
1	2	0.9747	1	1	-0.2958	-1.006
1	2	2.04	1	1	-1.841	-1.006
1	2	2.132	0	0	-1.272	-0.4295
1	2	3.193	0	0	0.4564	0.3255
1	2	0.3778	0	1	0.08484	2.138
1	2	3.593	1	1	0.2971	-0.9438
1	2	0.3321	0	0	1.574	0.8338
1	2	0.3764	0	0	0.3626	0.7232
1	2	0.8399	0	1	-0.1532	1.112
1	2	5.375	0	0	0.07273	-0.1747
1	2	5.422	0	0	1.118	1.369
1	2	5.11	1	1	0.7168	1.211
1	2	1.168	0	0	-1.813	0.1522
1	2	0.5167	0	0	0.3824	0.4903
1	2	5.173	0	0	0.7699	0.6474
1	2	2.169	1	1	0.4323	-1.337
1	2	0.5898	1	1	1.193	-0.4829
2	2	1.999	0	1	-0.3423	-0.6209
2	2	0.6757	0	1	-2.25	-0.2707
2	2	3.596	0	0	0.202	-1.077
2	2	1.869	1	1	0.2351	-1.401
2	2	0.4938	0	1	0.2044	-0.2707
2	2	1.005	1	1	-0.8836	-0.5684
2	2	5.462	0	0	0.6346	0.3287
2	2	3.601	1	1	-0.06002	-0.04299
2	2	1.822	1	1	-0.4793	-0.9565
2	2	1.507	0	0	-0.375	0.8301
2	2	0.809	0	1	0.4277	1.114
2	2	1.722	1	1	0.0496	-0.9565
2	2	5.301	1	1	-0.762	-0.9565
2	2	0.6708	0	0	-1.243	0.169
2	2	0.4426	0	1	-0.5512	-0.2707
2	2	3.832	1	1	-0.7584	-0.6209
2	2	5.501	1	1	0.1002	-0.4659
2	2	2.026	0	1	0.6888	-0.6744
2	2	0.3302	1	0	0.9408	0.08597
2	2	1.083	0	1	-0.6802	2.299
2	2	3.691	0	0	0.4346	0.9911
2	2	0.1526	1	0	-1.024	1.346
2	2	0.2	0	1	0.9417	-0.898
2	2	0.8901	1	1	1.13	-0.898
2	2	1.519	0	1	0.9403	1.613
2	2	1.68	1	1	-0.8821	-1.077
2	2	5.277	1	1	0.195	-1.203
2	2	3.72	1	1	2.211	-0.8405
2	2	5.401	0	0	1.265	-0.5684
2	2	0.9991	1	1	1.657	-0.3668
2	2	5.375	1	1	0.1044	-0.7841
2	2	4.128	1	1	-2.81	-1.267
2	2	2.002	0	0	0.8955	0.9595
2	2	1.664	0	1	0.3142	1.261
2	2	3.657	0	0	1.125	0.4805
2	2	0.9415	0	1	0.2927	0.7969
2	2	5.546	0	0	-0.9593	1.483
2	2	0.8041	0	1	-0.3072	-0.5167
2	2	0.9071	0	0	0.05859	0.5173
2	2	3.911	1	1	-0.5162	-1.267
2	2	5.097	1	1	-0.3427	-1.077
2	2	0.9684	0	1	-0.9855	1.232
2	2	3.628	1	1	-1.016	-0.5167
2	2	0.8135	0	1	1.227	1.483
2	2	3.279	1	0	-0.636	-0.1776
2	2	0.1253	1	1	-0.4467	0.3674
2	2	5.056	1	1	0.3409	1.144
2	2	5.294	1	1	1.665	2.109
3	2	3.835	0	1	1.21	-1.216
3	2	0.3295	0	0	1.205	1.284
3	2	1.649	0	0	0.4299	1.006
3	2	5.449	1	1	0.1485	-1.469
3	2	0.2737	0	1	-0.3722	-0.98
3	2	5.423	1	1	0.6519	0.6326
3	2	5.42	1	1	-0.05054	0.6683
3	2	5.477	1	1	0.2687	-1.037
3	2	3.897	1	1	1.278	-0.6538
3	2	1.537	0	0	0.4473	0.4862
3	2	0.8821	0	0	0.6372	0.5234
3	2	3.277	0	1	-0.675	-0.03729
3	2	5.301	1	1	0.6793	-1.34
3	2	0.83	0	1	-0.5349	1.255
3	2	5.359	0	0	1.555	-0.03729
3	2	1.381	1	0	1.515	2.102
3	2	1.624	0	0	-0.1663	1.597
3	2	0.4004	0	1	-1.299	0.4862
3	2	3.562	1	1	-0.8346	-1.535
3	2	3.448	0	1	0.542	0.8413
3	2	3.654	1	1	-0.3817	-1.813
3	2	0.8996	0	1	-0.2185	0.005896
3	2	0.898	0	1	-0.1974	0.1735
3	2	0.9405	1	1	-0.8246	-1.216
3	2	0.431	1	1	-0.3854	-0.7061
3	2	4.997	0	0	-0.8522	-1.155
3	2	1.78	0	0	2.3	0.04855
3	2	1.691	0	0	1.695	0.2543
3	2	5.493	0	0	0.2522	0.4862
3	2	1.173	0	1	-1.958	-0.3556
3	2	0.3767	1	1	0.2818	-0.8678
3	2	0.485	1	1	-1.798	-0.2617
3	2	3.982	1	1	0.9007	-1.469
3	2	0.5157	1	1	-1.066	-0.6538
3	2	1.969	0	0	0.05176	1.514
3	2	0.2964	1	1	-2.207	0.8074
3	2	3.586	1	1	-0.45	0.2543
3	2	5.529	1	1	-0.7274	-1.277
3	2	3.805	1	1	0.4133	-0.6538
3	2	1.939	0	1	0.4838	1.542
3	2	0.8985	1	1	-1.295	-0.2617
3	2	1.542	1	0	0.6895	0.6683
3	2	5.428	1	1	0.8094	-0.9235
3	2	0.3006	0	1	-0.1418	1.07
3	2	0.9738	0	0	-1.2	0.7036
3	2	3.498	1	1	-1.057	-0.6538
3	2	0.7283	1	1	-1.12	0.6683
3	2	1.554	0	1	-0.09623	1.401
3	2	1.89	1	1	1.363	-0.8131
3	2	0.7473	0	0	-0.8668	0.9081
4	2	5.302	1	1	0.563	-0.7992
4	2	3.616	0	0	-0.009453	-0.03548
4	2	1.864	0	0	-1.131	1.261
4	2	0.664	0	0	0.4574	1.069
4	2	3.43	1	1	-1.102	-0.9551
4	2	3.64	0	0	-0.2443	-0.1577
4	2	0.6028	0	0	-0.5221	2.317
4	2	0.8038	0	1	0.4153	1.34
4	2	3.872	0	1	1.388	-1.009
4	2	0.5236	1	0	1.319	0.6778
4	2	0.9113	1	1	1.457	-0.9551
4	2	0.7057	1	1	-0.9412	-0.9551
4	2	3.545	0	1	-0.2389	0.5139
4	2	1.984	1	1	2.362	1.417
4	2	5.431	0	0	-1.072	-0.7992
4	2	1.919	1	1	-0.4145	-0.7488
4	2	5.481	1	1	-0.9607	-0.6993
4	2	0.6136	1	1	0.28	0.5139
4	2	0.9436	0	1	1.761	0.6457
4	2	1.72	0	1	0.4981	-1.233
4	2	3.254	0	0	0.4596	-0.6993
4	2	3.615	0	1	0.7517	-0.1577
4	2	3.169	1	1	0.1521	-1.119
4	2	0.6159	1	0	0.4704	0.9825
4	2	3.678	1	0	1.061	1.011
4	2	1.931	1	0	0.5575	0.1583
4	2	2.103	0	1	-1.039	0.1583
4	2	1.631	1	1	-1.015	-0.5083
4	2	1.908	1	1	-0.3526	-1.119
4	2	3.552	1	1	-2.793	-1.292
4	2	5.539	0	0	-0.2725	-0.7992
4	2	0.9375	0	1	0.506	1.18
4	2	5.613	1	1	-0.005102	-1.352
4	2	1.649	0	0	-0.5079	-0.4624
4	2	0.1744	1	1	-0.1312	1.34
4	2	5.53	0	0	0.3547	1.314
4	2	0.6808	0	1	-0.6006	1.34
4	2	5.591	1	1	0.7814	-0.9551
4	2	5.478	0	0	-0.1389	0.1957
4	2	0.2382	0	0	0.07786	0.341
4	2	1.27	1	1	0.5813	1.314
4	2	0.6037	0	0	0.3917	1.18
4	2	1.046	0	1	-0.2524	1.125
4	2	1.09	0	1	0.8541	0.4113
4	2	1.64	1	1	0.1788	-0.03548
4	2	5.179	1	1	-0.1532	-1.668
4	2	1.153	1	1	-0.5724	-0.4624
4	2	0.1671	1	1	0.9091	-0.417
4	2	5.598	0	0	-0.7862	-1.176
4	2	0.6187	1	1	-0.06672	-1.233
5	2	5.499	0	0	1.141	1.3
5	2	1.808	1	1	0.5512	1.18
5	2	1.581	0	0	-0.4498	2.536
5	2	1.437	1	1	0.2623	-1.162
5	2	0.7819	0	1	-1.005	-1.008
5	2	0.127	0	1	-0.1349	-1.059
5	2	3.553	0	1	1.549	-0.2584
5	2	0.414	1	1	0.5495	-0.9586
5	2	1.334	1	1	-0.3911	0.1095
5	2	0.4405	1	1	-0.9396	0.8721
5	2	0.8688	1	1	-0.01211	-0.8145
5	2	5.299	1	1	-0.6483	-1.437
5	2	1.029	1	1	-0.5702	-1.059
5	2	1.746	0	1	-2.096	-0.8145
5	2	0.3582	0	1	0.2246	-1.059
5	2	3.446	0	0	1.464	-0.378
5	2	5.12	1	1	-1.743	-1.324
5	2	1.964	0	0	-0.422	0.2451
5	2	0.9822	1	0	-0.3918	1.18
5	2	5.804	0	0	-0.1302	-0.03239
5	2	5.713	0	0	-0.8925	-1.11
5	2	0.9879	1	1	-0.2485	-0.2978
5	2	0.08456	0	1	0.5598	0.4065
5	2	0.7198	0	1	-0.1806	-0.5025
5	2	3.404	1	1	-0.354	-1.059
5	2	0.3851	0	0	2.228	0.7057
5	2	2.023	0	1	-1.103	1.081
5	2	3.715	1	1	-0.755	-0.9098
5	2	4.007	0	1	-0.6738	0.9256
5	2	5.136	0	0	-1.041	-1.215
5	2	3.717	1	0	-0.09532	1.415
5	2	3.718	0	1	0.5396	-1.162
5	2	1.799	1	0	-1.447	1.106
5	2	3.391	0	1	0.9277	2.027
5	2	1.123	1	1	-0.1621	0.9782
5	2	1.523	1	1	-2.422	-0.5885
5	2	0.6461	0	1	2.165	0.144
5	2	3.703	1	1	-0.8157	-0.06892
5	2	5.166	1	1	0.5086	0.4994
5	2	5.632	0	0	-3.474	-0.5025
5	2	1.844	0	1	-0.8808	0.2451
5	2	5.187	1	1	0.709	-0.9586
5	2	2.028	1	1	-1.78	-0.5025
5	2	1.599	1	0	-1.45	0.3749
5	2	0.1637	0	1	-0.2897	0.278
5	2	0.6108	1	1	-0.1496	1.3
5	2	0.5049	1	0	1.819	1.569
5	2	5.077	0	0	1.732	-0.6323
5	2	0.8999	0	0	0.3437	0.899
5	2	3.687	1	1	0.06621	-0.5025
6	2	4.093	1	1	1.407	-1.164
6	2	2.133	0	0	-0.6808	1.119
6	2	1.78	0	0	-1.28	0.3357
6	2	5.469	0	1	-0.8873	1.144
6	2	0.581	0	1	0.1934	-1.017
6	2	1.13	0	0	-1.437	-0.4878
6	2	0.8551	0	1	0.5116	0.7788
6	2	0.3962	0	1	0.04167	-1.164
6	2	3.721	0	0	0.07394	-0.4473
6	2	3.7	1	1	-0.7967	0.1401
6	2	5.515	0	0	-0.1475	0.03777
6	2	0.2926	0	0	-0.5642	1.069
6	2	5.794	1	1	-1.83	-0.2521
6	2	0.8253	1	1	0.6115	0.7231
6	2	3.937	1	1	-0.3727	-0.5703
6	2	3.742	1	1	-0.8201	-1.318
6	2	5.537	1	1	-0.6539	-0.6981
6	2	3.525	1	1	-0.06065	-0.3678
6	2	5.438	0	0	0.09608	-1.425
6	2	3.777	1	0	2.337	1.217
6	2	1.266	1	1	-0.1012	0.8335
6	2	1.138	1	0	0.3922	0.3039
6	2	1.77	1	1	-0.02857	-1.164
6	2	1.108	0	1	-0.2624	0.1736
6	2	5.697	1	1	0.6063	-1.592
6	2	0.2608	0	1	-0.377	0.2394
6	2	0.7623	1	0	-0.1604	-0.1772
6	2	1.787	1	0	2.362	0.8335
6	2	5.538	0	0	0.1294	1.791
6	2	1.843	0	0	-1.599	0.1401
6	2	1.944	1	0	-1.706	1.217
6	2	1.704	0	0	-1.715	-0.6549
6	2	0.5373	0	1	1.481	-0.6123
6	2	0.8659	0	1	0.5508	1.709
6	2	5.647	0	1	-0.4291	-0.6981
6	2	0.5543	1	1	0.196	-1.266
6	2	5.603	1	0	-0.836	1.428
6	2	1.728	1	1	-0.3833	-1.709
6	2	0.5151	0	0	0.6677	1.144
6	2	2.084	1	1	-0.5008	-0.2144
6	2	1.632	0	0	1.209	-0.9698
6	2	3.57	1	1	1.58	0.1736
6	2	0.7047	1	0	-0.01605	1.217
6	2	0.8583	1	1	0.3525	1.668
6	2	3.898	1	1	-0.3544	-1.164
6	2	3.786	1	1	1.534	-0.9698
6	2	0.9505	0	1	-0.5708	1.289
6	2	0.5808	0	0	-1.814	-0.6123
6	2	5.448	0	0	-2.693	-0.9229
6	2	1.523	0	1	-2.116	0.914
7	2	5.705	1	1	0.3544	-0.9576
7	2	3.711	0	1	0.7734	1.199
7	2	1.433	1	1	-0.7198	-1.351
7	2	1.964	1	1	-0.7537	-0.2864
7	2	3.656	1	1	-0.2077	-0.6475
7	2	0.7143	1	1	-0.6662	-0.6901
7	2	0.5632	1	1	-0.2453	0.369
7	2	1.72	0	1	-0.243	-1.148
7	2	5.533	1	1	0.8494	0.4922
7	2	0.7032	0	0	-0.9763	-0.4421
7	2	1.052	0	1	-0.5975	0.3057
7	2	5.255	0	0	-0.02538	-0.7769
7	2	4.061	0	0	-0.9139	0.9969
7	2	0.3908	1	1	-0.4953	-1.148
7	2	5.265	0	0	-0.6807	-1.148
7	2	3.643	1	1	-1.723	-0.7769
7	2	2.018	0	1	-0.5309	-0.7332
7	2	3.565	1	1	-0.8178	-0.8212
7	2	1.664	1	1	-1.224	-1.1
7	2	5.091	1	1	0.5433	-0.3247
7	2	0.9921	1	0	0.4431	1.296
7	2	2.355	0	0	-1.059	0.1754
7	2	0.3139	0	0	-1.378	-0.1741
7	2	0.4724	0	1	-0.1441	-1.457
7	2	5.294	0	0	-0.3793	-1.004
7	2	1.187	0	1	-0.4223	0.9969
7	2	1.604	0	0	-0.9151	-1.004
7	2	5.488	0	0	-0.71	0.9969
7	2	0.3483	1	1	0.7473	-0.06543
7	2	0.8158	1	1	-0.4199	0.2411
7	2	0.9819	0	1	-1.132	1.199
7	2	0.9798	1	1	1.009	-1.1
7	2	4.054	0	0	-0.753	-0.6475
7	2	3.713	1	1	-1.487	-1.351
7	2	0.4588	1	1	0.09026	0.9969
7	2	5.318	1	1	0.04626	-0.02996
7	2	5.421	0	0	0.0493	-0.3247
7	2	3.43	1	1	0.5798	1.296
7	2	3.641	1	1	1.117	1.367
7	2	1.031	1	0	0.1136	1.906
7	2	0.3852	0	1	0.7983	-0.2111
7	2	3.659	0	0	0.5369	-1.004
7	2	0.3072	0	0	2.215	1.804
7	2	0.8316	0	0	-1.197	0.2084
7	2	5.164	1	1	0.5636	-1.004
7	2	1.619	0	0	-0.04137	1.482
7	2	0.5967	0	0	-0.8243	0.6401
7	2	1.908	1	1	-0.2619	0.611
7	2	0.9445	1	1	-0.8882	1.784
7	2	1.757	0	1	-0.3257	1.367
8	2	3.644	0	0	1.514	0.5153
8	2	5	0	0	-0.9885	-0.1216
8	2	3.587	1	1	-1.35	-0.4843
8	2	2.126	0	1	-1.6	0.799
8	2	5.58	1	1	-1.042	-0.7802
8	2	5.845	0	0	0.379	-1.29
8	2	0.8499	0	0	1.536	0.1728
8	2	3.882	1	1	-0.9898	-0.7415
8	2	0.8254	1	1	-0.8151	-0.5555
8	2	1.648	1	1	0.3105	-0.1216
8	2	5.595	0	0	-0.2182	-0.8591
8	2	3.328	0	0	0.4307	0.8214
8	2	0.9939	1	1	-0.5561	1.256
8	2	1.574	1	0	0.3725	1.294
8	2	0.194	0	0	-0.09646	-0.8194
8	2	0.6695	0	0	0.828	1.388
8	2	5.025	1	1	1.577	0.4398
8	2	3.764	0	0	2.072	-0.5555
8	2	0.3047	0	0	-1.345	-1.385
8	2	3.738	0	0	0.1961	-1.067
8	2	5.447	1	1	-1.088	-0.8591
8	2	1.669	1	1	0.439	1.057
8	2	1.183	1	0	-0.7672	0.3622
8	2	0.5237	1	0	1.02	-1.29
8	2	3.693	1	0	1.376	1.442
8	2	5.564	1	1	-0.8721	-1.433
8	2	1.558	1	1	1.231	-0.2161
8	2	0.3425	0	0	1.111	-0.06024
8	2	0.5602	1	1	0.3232	0.7536
8	2	0.8944	1	1	-0.3884	1.275
8	2	1.581	0	0	0.3007	-0.06024
8	2	0.7767	1	1	-0.4948	2.463
8	2	3.787	0	0	-0.7058	-0.6656
8	2	5.499	0	0	0.5795	-0.6285
8	2	5.289	1	1	-1.62	-0.4149
8	2	2.153	1	1	-0.5617	0.4142
8	2	1.948	1	0	0.1656	0.7764
8	2	0.3831	1	0	-0.3014	-0.8194
8	2	0.7132	0	0	-0.9356	-0.1527
8	2	1.82	1	1	0.5157	-0.3138
8	2	3.472	0	0	-1.233	-0.6285
8	2	0.1004	0	0	0.3751	0.9524
8	2	0.7921	1	0	-0.2257	1.217
8	2	3.762	0	0	0.7316	-1.337
8	2	5.625	1	1	-1.201	-1.482
8	2	0.8645	0	1	0.5677	1.057
8	2	0.4298	0	0	-0.6429	-1.853
8	2	1.139	0	0	-1.418	-0.2161
8	2	1.763	0	0	-0.8418	1.478
8	2	0.3925	0	1	-1.792	1.275
9	2	0.5951	1	1	0.4016	-0.06567
9	2	0.9458	1	1	-1.074	-0.6924
9	2	0.9903	0	0	1.07	-0.6924
9	2	0.6329	1	1	0.2637	0.938
9	2	0.7405	1	0	1.159	1.074
9	2	0.5425	0	1	0.0707	-0.4269
9	2	1.776	1	0	0.8105	0.04629
9	2	2.213	0	1	0.3695	1.047
9	2	5.318	0	0	1.846	-0.7859
9	2	3.283	0	0	-0.09531	0.08276
9	2	1.812	0	0	1.899	0.5543
9	2	3.69	0	0	0.5428	0.04629
9	2	0.9863	0	1	1.153	0.7666
9	2	0.2706	1	1	0.7062	2.445
9	2	5.208	0	0	0.7248	-1.299
9	2	5.314	1	1	-0.8645	-1.19
9	2	2.932	0	0	0.07301	-0.9316
9	2	1.072	1	0	1.057	1.613
9	2	0.7039	1	1	-1.089	-0.6014
9	2	5.33	1	1	1.454	-1.19
9	2	3.397	1	1	2.733	-0.8338
9	2	5.035	1	1	-0.1623	-0.6924
9	2	1.887	0	0	0.3689	0.6773
9	2	2.033	1	0	0.33	0.4265
9	2	0.7567	1	0	0.7235	1.331
9	2	3.466	1	1	1.26	-0.3431
9	2	1.102	0	1	-0.8417	0.2247
9	2	3.55	0	0	0.001065	0.9657
9	2	2.014	0	1	0.5664	1.545
9	2	5.671	1	1	1.324	-1.715
9	2	0.2207	0	1	-0.52	-0.302
9	2	3.477	0	0	-1.409	-0.9816
9	2	0.6087	0	1	-0.7462	1.428
9	2	0.5057	1	1	-0.6536	0.9657
9	2	0.7508	0	1	0.6525	0.04629
9	2	1.297	1	1	-0.4414	-0.9316
9	2	3.588	0	1	-1.337	1.724
9	2	2.191	0	0	-1.182	-1.137
9	2	5.619	1	1	-1.109	-0.8338
9	2	3.343	1	1	0.1945	-0.9316
9	2	1.84	1	0	0.1637	1.179
9	2	3.384	1	1	-0.6201	-0.9816
9	2	5.25	1	1	-1.012	-0.3847
9	2	0.8837	0	0	-0.02055	0.08276
9	2	1.592	0	0	-0.2002	-1.032
9	2	0.8411	1	0	0.6933	0.2933
9	2	5.317	0	0	-1.933	-0.9316
9	2	5.22	1	1	-0.3722	-1.19
9	2	2.143	0	0	-0.4481	1.475
9	2	0.5018	0	0	-2.319	0.1188
10	3	0.661	0	0	-0.4799	0.4
10	3	5.494	0	0	-0.382	-0.1893
10	3	3.704	0	0	-0.03199	-0.557
10	3	5.442	1	1	0.06639	1.591
10	3	0.5495	0	1	-2.402	-1.023
10	3	5.78	0	0	-0.2665	1.369
10	3	1.02	1	1	-0.8049	-0.7039
10	3	0.9116	1	1	0.6279	2.058
10	3	1.597	0	1	-0.5314	-0.8992
10	3	0.4914	0	1	-1.543	0.6417
10	3	1.899	0	0	0.7367	0.6876
10	3	1.163	1	0	-0.6064	1.525
10	3	3.501	0	0	-1.739	0.2172
10	3	1.795	0	0	-1.331	0.7327
10	3	0.1677	0	1	1.105	0.595
10	3	3.684	0	1	0.2158	-1.858
10	3	3.605	1	1	1.63	-1.385
10	3	1.964	1	1	0.8745	-0.7039
10	3	1.721	1	1	0.3095	-0.6294
10	3	1.627	1	0	0.4867	0.5235
10	3	0.9376	1	1	0.06763	-0.8194
10	3	1.546	0	0	-0.3907	0.2971
10	3	3.692	1	1	-0.7386	-1.385
10	3	3.678	0	0	1.059	0.5714
10	3	0.3101	1	0	0.7122	1.591
10	3	5.495	1	1	-0.06775	-1.154
10	3	1.252	1	1	-0.07821	0.1071
10	3	0.4616	0	1	-1.755	0.9891
10	3	3.836	1	1	0.8124	0.6185
10	3	5.091	1	1	-0.3227	-1.11
10	3	1.141	1	1	-0.9673	-0.06688
10	3	5.441	1	1	-0.4598	-1.198
10	3	1.693	0	0	-0.4168	-1.244
10	3	0.41	0	0	0.03679	1.508
10	3	0.9092	1	0	0.91	1.069
10	3	4.064	0	0	-1.455	-0.2848
10	3	3.68	0	0	-0.2721	-0.2208
10	3	1.594	0	1	-1.173	-1.244
10	3	5.1	0	0	-1.361	0.595
10	3	0.3775	1	1	-0.8515	0.349
10	3	3.658	1	1	-2.495	0.5476
10	3	0.4574	0	0	1.268	1.05
10	3	2.04	1	1	-1.071	-1.154
10	3	0.3317	1	1	-0.3891	0.2971
10	3	0.8176	0	0	-0.1085	1.525
10	3	5.47	1	1	0.08184	-1.337
10	3	0.5481	1	1	1.124	-0.1582
10	3	0.6282	1	1	-1.299	-0.2848
10	3	5.581	0	0	0.4086	-1.066
10	3	5.229	0	0	-1.245	-0.7804
11	3	0.8023	0	1	-0.709	-0.3956
11	3	3.352	0	0	-0.7348	0.3712
11	3	2.186	0	1	-0.1718	0.2325
11	3	1.692	1	1	0.6819	0.7765
11	3	5.135	1	1	0.333	-0.2591
11	3	0.5011	1	0	0.21	-1.099
11	3	5.412	1	1	-0.004513	1.027
11	3	0.3321	1	0	-0.1617	-1.788
11	3	5.382	1	0	0.7593	0.02716
11	3	3.395	1	1	-0.2399	-0.09676
11	3	2.033	0	1	0.9657	0.1169
11	3	3.644	1	1	1.87	1.358
11	3	1.936	0	0	0.1737	-1.056
11	3	1.883	1	1	-0.4127	-0.3609
11	3	0.5163	0	1	0.814	0.4514
11	3	3.808	1	1	0.07932	-1.281
11	3	0.8641	0	1	0.8449	0.1169
11	3	5.345	0	1	0.1127	-1.281
11	3	3.764	1	1	0.8222	-1.281
11	3	0.9653	1	1	0.9692	0.1753
11	3	1.933	0	0	-0.9526	-1.099
11	3	2.198	0	0	0.7977	1.656
11	3	5.353	0	0	0.2334	0.8928
11	3	0.735	1	0	-0.1433	0.6308
11	3	0.9169	1	1	-0.3612	-0.1285
11	3	3.617	0	1	0.6873	-0.5021
11	3	1.093	1	1	1.038	0.5806
11	3	3.649	1	1	-0.4137	-1.473
11	3	3.493	1	1	-0.5653	-0.2927
11	3	0.952	0	0	-0.02789	1.358
11	3	0.3067	0	1	-1.529	0.4514
11	3	5.401	1	0	-0.9233	0.7287
11	3	0.1093	1	0	1.087	1.602
11	3	0.9752	1	1	-0.5688	-1.056
11	3	2.045	1	1	-0.5612	0.8236
11	3	2.133	0	1	-0.6853	-0.7662
11	3	3.194	0	0	0.3288	-0.7271
11	3	0.3755	0	0	-1.256	2.007
11	3	3.6	1	1	-0.1786	0.7527
11	3	0.338	0	0	-0.9385	0.5038
11	3	0.3718	0	0	-0.126	0.6058
11	3	0.8456	0	0	-1.041	0.02716
11	3	5.372	0	0	-0.3193	-1.012
11	3	5.426	0	0	-1.358	-1.523
11	3	5.11	1	1	0.009474	-1.575
11	3	1.164	0	0	0.3329	1.113
11	3	0.5222	0	1	-0.5486	1.298
11	3	5.177	0	0	-1.561	-1.679
11	3	2.17	1	1	2.733	-0.1285
11	3	0.5936	1	0	-0.2	1.176
12	3	2.002	0	1	0.5009	0.1837
12	3	0.6837	0	1	-0.5118	1.99
12	3	3.6	0	1	-0.3206	-0.5814
12	3	1.871	1	1	1.729	0.7825
12	3	0.4902	0	1	-0.4005	-0.4184
12	3	1.01	1	1	0.8145	-0.4184
12	3	5.467	0	0	0.9888	-0.9874
12	3	3.601	1	1	-0.008754	-0.7546
12	3	1.819	1	1	-0.03169	-0.5814
12	3	1.507	0	1	-0.3264	-0.6237
12	3	0.8053	0	0	1.324	0.5694
12	3	1.724	1	1	0.2581	-0.7546
12	3	5.312	1	1	-0.5368	-0.8454
12	3	0.6729	0	0	2.231	0.7308
12	3	0.4439	0	1	-0.8718	0.6513
12	3	3.831	1	1	-0.09006	-0.8919
12	3	5.503	1	1	0.2071	-0.3404
12	3	2.025	0	1	-0.4246	-0.4987
12	3	0.3351	1	0	0.356	-0.2274
12	3	1.086	0	1	-0.3354	2.318
12	3	3.689	0	1	-0.03026	0.1193
12	3	0.1574	1	0	-0.4041	-0.1545
12	3	0.5649	0	1	1.326	-0.8919
12	3	0.4497	0	0	-0.4028	0.4273
12	3	1.11	1	1	-0.114	-0.5398
12	3	1.871	0	0	2.036	-0.2645
12	3	1.873	1	1	0.477	-0.8454
12	3	5.547	1	1	-1.171	-1.35
12	3	3.864	1	1	0.6285	-0.9393
12	3	5.181	0	0	1.295	-1.189
12	3	1.086	1	1	1.551	0.4273
12	3	5.59	1	1	-0.1321	-0.4583
12	3	3.107	1	1	0.09341	-1.137
12	3	1.95	0	0	0.1749	2.332
12	3	1.663	0	1	0.166	-0.7546
12	3	3.657	0	1	1.121	0.6242
12	3	0.9435	0	1	0.7751	-0.7546
12	3	5.545	0	0	-0.05548	1.028
12	3	0.8013	0	1	1.119	-0.3022
12	3	0.9077	0	0	1.235	0.9565
12	3	3.916	1	1	-0.3647	-1.036
12	3	5.097	1	1	-0.4475	0.4273
12	3	0.9699	0	0	0.9495	1.165
12	3	3.636	1	0	0.05036	1.187
12	3	0.8232	0	0	-0.3237	2.557
12	3	3.448	1	0	-0.03754	1.401
12	3	0.1278	1	1	-0.9512	-0.6666
12	3	5.06	1	1	0.3881	-0.5398
12	3	5.299	1	1	0.4306	-1.086
12	3	0.8289	1	0	0.09215	0.9565
13	3	3.834	0	0	0.807	0.964
13	3	0.3307	0	0	-0.2013	-1.1
13	3	1.648	0	0	0.2645	-0.1943
13	3	5.459	1	1	-0.00633	0.3572
13	3	0.2765	0	0	0.5682	1.515
13	3	5.423	1	1	-0.4416	-1.142
13	3	5.417	1	1	-0.2432	-0.7489
13	3	5.481	1	1	0.5086	-0.5729
13	3	3.897	1	1	-2.372	-0.8229
13	3	1.536	0	0	-0.08174	0.1863
13	3	0.8838	0	0	0.4635	-1.142
13	3	3.271	0	0	-0.98	-0.5729
13	3	5.305	1	1	0.4622	-1.142
13	3	0.8258	0	0	2.128	0.3572
13	3	5.356	0	0	-2.743	-0.1943
13	3	1.382	1	1	0.01112	-0.7489
13	3	1.632	0	1	-0.5151	1.515
13	3	0.4025	0	0	-0.03829	1.515
13	3	3.566	1	1	-1.79	-1.018
13	3	3.448	0	0	-0.6341	0.964
13	3	3.657	1	1	-0.8132	-1.018
13	3	0.9015	0	0	-0.3398	-0.7127
13	3	0.8982	0	0	0.1307	1.438
13	3	0.9322	1	0	-1.94	0.7906
13	3	0.4306	1	1	-0.2805	-1.185
13	3	4.997	0	0	-0.613	-1.018
13	3	1.783	0	1	0.8278	1.758
13	3	1.695	0	0	-0.1609	-0.1652
13	3	5.498	0	1	-0.001454	1.929
13	3	1.168	0	1	-1.127	-0.6771
13	3	0.3802	1	0	1.086	0.4041
13	3	0.4855	1	1	-0.2138	-0.938
13	3	3.988	1	1	-0.1753	-0.9775
13	3	0.5122	1	1	1.065	-0.899
13	3	1.969	0	0	0.2387	1.229
13	3	0.2979	1	0	-0.08796	0.689
13	3	3.584	1	1	1.27	-0.8229
13	3	5.535	1	1	-3.306	-0.938
13	3	3.801	1	1	-1.473	-0.6072
13	3	1.952	0	0	-0.1165	-0.3144
13	3	0.901	1	0	0.4333	0.2854
13	3	1.543	1	0	1.182	1.646
13	3	5.435	1	1	-0.5259	-0.938
13	3	0.3028	0	1	-1.642	0.5174
13	3	0.9739	0	1	0.1251	1.126
13	3	3.501	1	1	0.4518	-0.3453
13	3	0.7551	1	0	0.3373	1.702
13	3	1.763	0	0	0.4411	1.109
13	3	1.517	1	0	-0.2034	-0.02419
13	3	0.9553	0	0	-0.6906	-1.018
14	3	5.611	1	1	0.09805	-0.2052
14	3	3.658	0	0	-2.027	-0.8399
14	3	1.483	0	0	-1.248	-0.6471
14	3	0.4993	0	0	0.7679	1.622
14	3	3.402	1	1	-3.057	-0.6845
14	3	4.163	0	1	-1.073	0.9505
14	3	0.6346	0	1	-0.133	1.23
14	3	1.11	0	1	-0.3454	0.8084
14	3	3.65	0	1	-0.03002	-0.3996
14	3	0.5817	1	1	0.06341	-0.761
14	3	1.026	1	0	-0.6712	0.1707
14	3	0.2415	1	1	-0.2689	0.4016
14	3	3.983	0	1	0.1916	1.466
14	3	1.574	1	1	-2.123	-1.325
14	3	5.333	0	0	-2.789	-1.58
14	3	1.874	1	1	-1.157	1.317
14	3	5.499	1	1	2.558	1.482
14	3	0.8085	1	1	-0.6468	0.6132
14	3	0.739	0	0	1.234	-0.6845
14	3	1.573	0	0	0.5512	-0.761
14	3	3.703	0	0	-0.61	-0.8804
14	3	3.828	0	0	0.04945	-1.093
14	3	3.744	1	1	0.2439	-0.3005
14	3	1.086	1	1	-0.2408	-0.3661
14	3	3.62	1	1	-0.9055	-0.3996
14	3	1.972	1	1	-0.3947	0.8292
14	3	1.743	0	0	-1.407	-1.69
14	3	1.434	1	0	-0.3641	-0.5027
14	3	1.656	1	1	-1.543	1.368
14	3	3.795	1	1	-0.7759	0.7235
14	3	5.006	0	0	-0.663	-1.093
14	3	0.9879	0	0	0.4018	0.1974
14	3	5.132	1	1	-0.04696	0.3521
14	3	1.515	0	0	1.585	0.6357
14	3	0.4573	1	1	0.4859	1.561
14	3	5.51	0	0	-0.2383	-1.634
14	3	1.061	0	1	-0.9064	1.434
14	3	5.028	1	1	0.579	-0.6845
14	3	5.593	0	0	0.2995	-1.325
14	3	0.2383	0	1	-0.5079	1.561
14	3	0.8321	1	1	-0.9938	0.9701
14	3	0.4255	0	0	1.398	1.466
14	3	0.8685	0	0	1.165	-0.6845
14	3	0.6843	0	1	-1.691	-0.4679
14	3	1.723	1	0	-0.8482	-0.3005
14	3	5.388	1	1	-0.132	-1.276
14	3	1.023	1	1	-2.9	-0.5027
14	3	0.1286	1	1	0.05271	-0.3996
14	3	5.602	0	0	-2.025	-0.5027
14	3	0.6171	1	0	-0.08408	0.8292
15	3	5.503	0	0	-2.463	-0.3851
15	3	1.812	1	1	0.08541	1.098
15	3	1.582	0	0	-0.7145	-0.598
15	3	1.441	1	0	0.648	2.576
15	3	0.7855	0	1	-0.6056	-0.598
15	3	0.1307	0	1	-0.4776	0.2682
15	3	3.563	0	1	-0.2252	1.882
15	3	0.4098	1	0	0.2757	0.9002
15	3	1.349	1	1	1.411	2.171
15	3	0.4397	1	1	2.051	2.617
15	3	0.8799	1	0	0.5412	0.659
15	3	5.3	1	1	-0.5527	-0.8288
15	3	1.032	1	0	0.5764	0.4252
15	3	1.734	0	1	-1.098	-0.7811
15	3	0.3376	0	1	-0.6683	-0.5108
15	3	3.705	0	1	1.173	1.918
15	3	5.129	1	1	1.297	-0.7342
15	3	1.97	0	0	0.2631	-0.1875
15	3	0.9828	1	1	-0.6266	-0.5541
15	3	5.807	0	0	0.9329	-0.1496
15	3	5.715	0	0	0.8652	-0.1875
15	3	0.9885	1	1	0.04474	-0.1875
15	3	0.08401	0	0	0.4705	1.392
15	3	0.715	0	1	0.4076	1.145
15	3	3.409	1	1	-0.01031	-1.478
15	3	0.3884	0	1	0.1395	-1.134
15	3	2.023	0	0	0.125	-0.4683
15	3	3.719	1	1	0.06799	0.9761
15	3	4.012	0	0	-0.3534	0.7417
15	3	5.14	0	0	-0.6579	-0.688
15	3	3.724	1	1	-1.004	-0.3851
15	3	3.718	0	0	-0.09829	-0.7811
15	3	1.8	1	1	0.4437	-0.9269
15	3	3.39	0	0	-0.731	-1.189
15	3	1.124	1	0	1.496	0.1018
15	3	1.52	1	1	0.02931	-0.7811
15	3	0.6433	0	1	-0.391	-1.029
15	3	3.697	1	1	-0.3165	-0.3444
15	3	5.164	1	0	0.07018	-0.07539
15	3	5.635	0	0	-0.7442	-0.8774
15	3	1.843	0	0	-1.258	-0.4683
15	3	5.183	1	1	-1.12	-0.4683
15	3	2.031	1	0	-1.264	-0.1875
15	3	1.601	1	1	-0.6505	-0.9269
15	3	0.1563	0	0	-0.7916	0.8744
15	3	0.6053	1	1	1.026	-0.1496
15	3	0.5061	1	1	-1.179	-0.3043
15	3	5.076	0	0	-0.4702	-0.7342
15	3	0.9077	0	0	-0.4588	-0.3043
15	3	3.688	1	1	0.6275	-0.3444
16	3	4.095	1	1	-0.5145	1.706
16	3	2.139	0	0	-0.1862	0.233
16	3	1.78	0	0	0.04019	-0.0554
16	3	5.47	0	0	-3.071	-0.5545
16	3	0.5854	0	0	-0.01487	0.7604
16	3	1.133	0	0	-0.05792	-0.7433
16	3	0.8593	0	1	0.1565	2.043
16	3	0.3964	0	0	-1.674	-0.6473
16	3	3.728	0	0	0.04904	-0.1325
16	3	3.7	1	1	-0.41	-0.0554
16	3	5.512	0	0	-0.1314	-0.4647
16	3	0.2965	0	0	-0.3282	1.972
16	3	5.799	1	1	-0.8474	-0.894
16	3	0.8284	1	1	0.4452	-0.2524
16	3	3.936	1	1	0.3472	-0.6473
16	3	3.742	1	1	0.1334	1.343
16	3	5.535	1	1	-0.1266	-0.9993
16	3	3.525	1	1	-0.3718	-0.6949
16	3	5.436	0	0	-1.234	-1.664
16	3	3.783	1	1	-0.1772	-1.342
16	3	1.268	1	0	-0.1354	-0.2119
16	3	1.141	1	1	0.4118	-0.8429
16	3	1.772	1	1	-0.1285	-0.6473
16	3	1.111	0	0	0.05483	1.624
16	3	5.705	1	1	-0.2815	-1.054
16	3	0.2604	0	1	-1.05	-0.7927
16	3	0.7639	1	0	0.6092	-0.3354
16	3	1.788	1	1	1.84	1.178
16	3	5.54	0	0	1.931	1.455
16	3	1.848	0	1	-1.252	0.9774
16	3	1.944	1	1	-0.8315	-0.0554
16	3	1.708	0	0	1.508	-0.7927
16	3	0.5367	0	0	-0.4953	0.4626
16	3	0.8674	0	0	-0.3611	0.8438
16	3	5.655	0	0	-0.6917	-1.109
16	3	0.5542	1	0	-1.995	0.4626
16	3	5.607	1	0	0.2608	2.026
16	3	1.729	1	0	0.4867	-0.09369
16	3	0.5147	0	1	-0.586	-0.2119
16	3	2.086	1	1	-0.2858	-0.6949
16	3	1.631	0	1	0.4858	1.935
16	3	3.57	1	1	-3.602	-1.054
16	3	0.7071	1	0	1.525	0.1284
16	3	0.8632	1	1	0.2229	-0.5545
16	3	3.907	1	1	0.3503	0.3338
16	3	3.796	1	1	-1.049	-1.223
16	3	0.9449	0	0	1.4	1.029
16	3	0.5869	0	0	-2.074	-0.4647
16	3	5.452	0	0	-1.347	-0.894
16	3	1.526	0	1	0.8114	-0.3354
17	3	5.708	1	0	1.426	0.9218
17	3	3.717	0	0	0.7327	-0.8766
17	3	1.431	1	1	0.2287	-0.4252
17	3	1.969	1	1	0.1053	-0.03845
17	3	3.65	1	1	-0.2162	-0.8766
17	3	0.7194	1	1	-1.001	-1.028
17	3	0.5634	1	0	-0.1389	-0.4252
17	3	1.723	0	1	-0.2774	-0.3433
17	3	5.538	1	1	-0.3537	-0.6415
17	3	0.7013	0	1	-0.2181	-0.4252
17	3	1.054	0	0	0.8952	0.1695
17	3	5.256	0	0	0.1485	-1.134
17	3	4.068	0	0	0.948	-1.359
17	3	0.3847	1	0	0.01012	-0.7801
17	3	5.264	0	0	0.4898	-0.2249
17	3	3.645	1	1	0.2768	-0.5968
17	3	2.02	0	0	0.8448	0.03267
17	3	3.571	1	1	-0.8549	-1.419
17	3	1.667	1	0	0.1539	0.6844
17	3	5.088	1	1	-1.638	-1.134
17	3	0.9871	1	1	-1.565	-1.542
17	3	2.36	0	0	-0.09269	1.448
17	3	0.3117	0	0	0.25	-0.7331
17	3	0.4658	0	1	1.588	1.648
17	3	5.298	0	0	0.8792	0.5136
17	3	1.195	0	1	1.234	0.5718
17	3	1.605	0	0	-0.6536	0.739
17	3	5.494	0	0	0.2659	-0.9767
17	3	0.348	1	1	-1.036	-0.2249
17	3	0.8141	1	0	0.3955	-0.1866
17	3	0.9841	0	0	-0.5694	0.6286
17	3	0.9742	1	1	0.4892	-1.028
17	3	4.063	0	0	-1.902	0.6004
17	3	3.714	1	1	0.591	-0.4671
17	3	0.4665	1	1	0.6902	2.125
17	3	5.322	1	1	1.443	-0.8279
17	3	5.424	0	0	-0.297	-1.542
17	3	3.434	1	1	-2.185	-0.2638
17	3	3.646	1	1	0.3297	1.78
17	3	1.029	1	0	0.2841	0.8708
17	3	0.3819	0	1	2.046	-0.2638
17	3	3.664	0	0	-0.4618	-0.07473
17	3	0.3108	0	0	2.064	0.6567
17	3	0.8384	0	0	-0.634	-0.2249
17	3	5.176	1	1	1.41	2.059
17	3	1.62	0	0	-0.6444	2.282
17	3	0.6002	0	1	-0.2377	1.489
17	3	1.906	1	1	-2.389	-0.3032
17	3	0.9491	1	1	0.3057	0.4542
17	3	1.759	0	1	-0.2115	0.7118
18	3	3.647	0	0	0.8801	-0.04815
18	3	4.999	0	0	1.347	-1.416
18	3	3.598	1	1	-0.08437	-0.7318
18	3	2.127	0	0	-0.4352	-0.007572
18	3	5.581	1	1	0.751	0.5105
18	3	5.851	0	0	1.485	-1.29
18	3	0.8559	0	0	-0.1732	-0.7318
18	3	3.883	1	1	0.733	-0.4866
18	3	0.824	1	1	2.478	1.707
18	3	1.654	1	1	0.619	0.4066
18	3	5.601	0	0	0.6168	-1.352
18	3	3.334	0	0	0.1928	0.9534
18	3	0.989	1	1	-0.6092	-0.7318
18	3	1.578	1	1	-2.156	0.5105
18	3	0.196	0	0	-1.167	-0.3036
18	3	0.6698	0	0	0.9437	-0.2595
18	3	5.033	1	1	1.304	-0.8357
18	3	3.766	0	0	-0.2568	1.235
18	3	0.3023	0	0	0.4412	0.9238
18	3	3.741	0	0	-1.018	0.4066
18	3	5.45	1	1	0.7631	-0.2595
18	3	1.671	1	1	0.1245	0.8025
18	3	1.179	1	1	-0.4695	-0.2595
18	3	0.5238	1	1	0.9446	-0.04815
18	3	3.7	1	1	-1.345	-0.4866
18	3	5.562	1	1	-2.331	-0.4866
18	3	1.561	1	0	1.687	0.5105
18	3	0.3447	0	1	-1.388	0.2624
18	3	0.5597	1	0	-0.8296	-1.17
18	3	0.8987	1	1	0.2451	-0.9984
18	3	1.579	0	0	-0.09696	-0.04815
18	3	0.7788	1	1	-1.479	-0.2595
18	3	3.79	0	0	0.7212	1.972
18	3	5.498	0	0	-1.651	-0.889
18	3	5.29	1	1	-0.7092	-0.7833
18	3	2.15	1	1	0.005507	-0.9432
18	3	1.942	1	1	1.64	-0.2161
18	3	0.3899	1	1	-1.176	-0.04815
18	3	0.7116	0	0	1.528	2.6
18	3	1.818	1	1	0.1093	-0.7318
18	3	3.477	0	1	-1.2	2.196
18	3	0.09818	0	1	-1.359	-0.9984
18	3	0.7929	1	1	-1.408	-0.889
18	3	3.762	0	0	0.6237	-1.23
18	3	5.632	1	1	0.1748	-0.5823
18	3	0.8619	0	0	0.7979	1.235
18	3	0.4289	0	0	-0.4214	1.069
18	3	1.147	0	0	-0.1961	0.7714
18	3	1.762	0	0	0.4379	2.034
18	3	0.3968	0	0	-0.2629	-0.5823
19	3	0.5881	1	0	0.1572	0.9073
19	3	0.9451	1	1	-0.7684	-0.6219
19	3	0.9887	0	0	-0.4465	0.7352
19	3	0.6339	1	0	0.6767	2.239
19	3	0.997	1	0	0.8076	0.104
19	3	0.1362	0	1	0.4157	-0.6219
19	3	1.701	1	0	0.1839	2.273
19	3	1.71	0	0	1.27	-0.299
19	3	5.215	0	0	-0.6269	-0.1717
19	3	3.292	0	0	0.7975	0.1412
19	3	1.81	0	0	-0.1752	-0.3429
19	3	3.698	0	0	0.4349	-0.8788
19	3	0.9905	0	0	1.293	-0.6219
19	3	0.2697	1	1	-0.07912	1.953
19	3	5.212	0	0	-0.8136	2.372
19	3	5.312	1	1	1.242	-0.6714
19	3	2.931	0	0	-0.0384	-0.3874
19	3	1.067	1	1	-0.6199	1.612
19	3	0.7037	1	1	-2.417	0.3879
19	3	5.331	1	1	1.984	0.3879
19	3	3.397	1	1	0.6408	-0.7218
19	3	5.046	1	1	-0.1312	-1.046
19	3	1.888	0	0	-0.633	1.676
19	3	2.046	1	1	1.526	-0.6714
19	3	0.7559	1	1	-1.743	0.02805
19	3	3.471	1	1	0.09937	1.016
19	3	1.098	0	1	-1.026	0.8511
19	3	3.549	0	0	0.1869	-0.5257
19	3	2.011	0	0	0.5783	-0.6219
19	3	5.669	1	1	0.8237	-0.9888
19	3	0.2134	0	0	-0.1972	-0.7731
19	3	3.48	0	0	0.295	-1.163
19	3	0.6085	0	0	-1.374	-0.8254
19	3	0.4967	1	0	-0.01381	-0.1717
19	3	0.7553	0	1	-2.158	-0.8788
19	3	1.295	1	1	0.67	-0.1717
19	3	3.595	0	0	-0.8626	0.354
19	3	2.198	0	1	-1.425	-0.3874
19	3	5.618	1	1	1.113	-0.8788
19	3	3.341	1	1	1.202	-1.414
19	3	1.842	1	1	-0.002848	-0.7731
19	3	3.388	1	1	-0.1567	0.02805
19	3	5.25	1	1	-0.3335	-0.299
19	3	0.8821	0	1	-0.7449	1.547
19	3	1.587	0	0	-0.636	-0.4788
19	3	0.8406	1	1	0.8538	1.503
19	3	5.323	0	0	-0.8052	-0.3874
19	3	5.221	1	1	-0.1622	-0.8788
19	3	2.147	0	0	-0.009253	-0.7218
19	3	0.5084	0	1	-1.292	-0.7218
20	4	0.2659	0	0	2.59	-0.5616
20	4	5.532	0	1	-0.771	1.122
20	4	1.66	0	1	1.626	-1.045
20	4	5.365	1	1	2.098	-0.8594
20	4	0.2342	0	0	-0.521	-1.093
20	4	5.461	0	0	0.7854	-0.3292
20	4	0.5269	1	1	0.1168	1.721
20	4	0.5886	1	0	0.5419	1.336
20	4	1.269	0	1	-1.297	-0.3666
20	4	0.367	0	0	-1.53	0.9852
20	4	0.9062	0	1	1.372	1.032
20	4	0.4615	1	1	1.853	0.1171
20	4	1.747	0	0	0.3056	0.02019
20	4	0.6329	0	0	1.177	0.05286
20	4	0.2688	0	1	0.654	1.357
20	4	2.059	0	1	1.666	2.215
20	4	1.854	1	1	0.7815	-0.8594
20	4	0.788	1	0	0.157	-0.2198
20	4	0.757	1	0	0.1594	0.1799
20	4	0.6905	1	1	0.2959	-1.243
20	4	0.2028	1	1	1.145	0.2108
20	4	1.008	0	0	-0.935	-0.2922
20	4	1.742	1	1	-0.009981	-0.7279
20	4	1.867	0	0	-0.08789	-1.093
20	4	0.4111	1	0	0.9872	-0.7279
20	4	5.528	1	1	-0.6757	-0.9973
20	4	0.364	1	0	1.801	1.81
20	4	0.01252	0	1	-1.248	-0.3292
20	4	2.046	1	1	0.4071	-1.243
20	4	5.644	1	1	-1.325	-0.8149
20	4	0.5329	1	1	0.5573	1.63
20	4	5.67	1	1	-0.1731	-0.9046
20	4	0.8113	0	0	-0.9917	-1.243
20	4	0.2897	0	0	0.06026	0.7919
20	4	0.4083	1	1	0.2062	1.122
20	4	1.942	0	1	-0.6648	0.2413
20	4	1.932	0	0	0.1255	-0.5616
20	4	0.8324	0	1	-0.7549	1.188
20	4	5.294	0	0	0.6269	1.077
20	4	0.6763	1	1	0.986	-0.5616
20	4	1.692	1	1	-2.606	0.7919
20	4	0.1412	0	1	0.7025	-0.8594
20	4	0.6415	1	1	-0.6843	1.295
20	4	0.004328	0	1	1.338	-0.771
20	4	0.4556	0	0	0.9665	0.9617
20	4	5.453	1	1	0.4664	-1.192
20	4	0.08948	1	1	0.1022	-0.9973
20	4	5.917	0	0	-0.9261	-0.3666
20	4	5.536	0	0	0.3489	-0.9973
21	4	0.386	0	0	2.103	-0.1694
21	4	1.467	0	0	-0.04628	1.933
21	4	1.006	0	0	-1.134	0.2839
21	4	1.063	1	1	-0.7747	-1.2
21	4	5.524	1	1	-0.5251	-0.3328
21	4	0.4493	1	0	-0.01497	-0.6815
21	4	5.348	1	1	0.5379	0.1385
21	4	0.3868	1	0	-1.021	-1.2
21	4	5.216	1	1	-1.133	-0.2231
21	4	1.69	1	1	-0.5807	-0.8681
21	4	0.5129	0	1	0.7787	1.287
21	4	1.86	1	0	-0.1935	0.4698
21	4	0.9528	0	1	-0.4216	-1.064
21	4	0.9051	1	0	0.271	-0.1163
21	4	0.02743	0	0	1.668	0.8586
21	4	1.826	1	1	0.9593	-0.9976
21	4	0.3324	0	0	0.3267	1.175
21	4	5.391	0	0	0.1945	-0.2231
21	4	1.843	1	1	-1.762	-0.4457
21	4	0.5349	1	1	0.7843	-0.5033
21	4	0.7274	0	0	0.1857	0.1385
21	4	0.976	0	0	0.0693	0.378
21	4	5.311	0	0	-1.146	-0.01241
21	4	0.5721	1	1	0.03757	-1.2
21	4	0.5281	1	0	1.376	-0.1163
21	4	1.806	0	0	-0.2517	2.205
21	4	0.2083	1	1	-0.03516	3.893
21	4	1.811	1	1	-1.48	-1.064
21	4	1.747	1	0	0.6181	1.572
21	4	0.2947	0	1	0.663	-0.5618
21	4	0.06106	0	1	-0.2706	-1.27
21	4	5.834	1	1	-0.9724	-0.9976
21	4	0.1602	1	1	0.8708	-0.5033
21	4	0.1446	1	0	0.9439	0.2361
21	4	1.313	1	1	-0.9892	0.1385
21	4	1.234	0	0	1.152	0.6037
21	4	2.186	0	0	-0.2553	0.4242
21	4	0.141	0	0	0.3872	1.02
21	4	1.591	1	1	-1.368	-0.8049
21	4	0.1615	0	0	-1.3	-0.01241
21	4	0.3751	0	0	0.1077	0.1385
21	4	0.5278	0	0	0.6515	0.03855
21	4	5.731	0	0	-0.01401	-0.5033
21	4	5.386	0	0	-1.306	-1.132
21	4	5.47	1	1	-0.8291	0.6037
21	4	0.9148	0	0	-1.01	-0.1163
21	4	0.2653	0	0	0.4692	0.6037
21	4	5.259	0	0	0.1329	-0.8681
21	4	0.7849	1	1	0.3367	-0.5618
21	4	0.2999	1	1	-0.2653	-0.3888
22	4	0.9036	0	0	1.316	0.9672
22	4	0.244	0	1	0.7323	1.67
22	4	1.343	0	1	1.118	3.091
22	4	0.627	1	1	0.0959	-0.6849
22	4	0.1457	0	1	-0.6349	-0.0476
22	4	0.3691	1	1	0.803	1.352
22	4	5.486	0	0	2.063	-0.5707
22	4	1.735	1	1	-0.05699	-0.2998
22	4	1.041	1	1	1.153	-0.8632
22	4	0.6935	0	1	0.2593	-1.051
22	4	0.2777	1	1	0.5588	0.8926
22	4	0.8708	1	1	0.1396	-0.8632
22	4	5.682	1	1	-1.118	-0.6273
22	4	0.0167	1	0	0.5628	1.076
22	4	0.2956	0	1	-0.4053	-1.115
22	4	1.628	1	0	1.436	1.515
22	4	5.207	1	1	-0.967	0.0486
22	4	1.128	0	0	1.059	0.1883
22	4	0.01254	0	1	-0.3094	0.7778
22	4	0.3674	0	0	0.3068	0.8165
22	4	1.888	0	0	2.116	2.181
22	4	0.06881	0	0	0.7862	-0.0476
22	4	0.3108	0	1	0.4374	0.4099
22	4	0.3438	0	0	1.813	0.2786
22	4	0.5135	1	1	-0.2826	0.0486
22	4	1.205	0	1	-0.4428	-0.2998
22	4	1.126	1	1	-1.249	-0.2998
22	4	5.617	1	1	0.8359	-0.9872
22	4	1.883	1	1	0.6699	-0.4057
22	4	5.145	0	0	0.2952	-0.6849
22	4	0.3306	1	0	0.118	-0.1968
22	4	5.657	1	1	1.313	-0.5707
22	4	1.82	1	0	0.9122	-0.8028
22	4	0.8646	0	0	-1.176	1.418
22	4	0.8422	0	1	0.1791	0.09576
22	4	1.461	0	1	-0.2652	1.285
22	4	0.447	0	0	1.7	-0.8632
22	4	5.135	0	0	-1.984	-1.457
22	4	0.4908	0	1	0.4997	-0.2998
22	4	0.2355	0	1	0.4777	-0.0476
22	4	2.088	1	1	1.831	-0.1464
22	4	5.471	1	1	0.7125	-1.051
22	4	0.0552	0	1	-0.01994	1.385
22	4	2.221	1	1	0.4868	-0.4599
22	4	0.4178	0	0	0.04584	-0.6273
22	4	1.976	1	0	-0.9717	-1.679
22	4	0.3569	1	1	0.7029	0.0008167
22	4	5.551	1	1	-0.4384	-0.8632
22	4	5.35	1	1	-0.9706	-1.181
22	4	0.1896	1	1	0.2839	-0.4057
23	4	1.784	0	1	0.1358	0.639
23	4	0.00828	0	0	0.9789	0.1987
23	4	1.021	0	0	-0.1755	0.9554
23	4	5.437	1	1	-0.6348	-1.445
23	4	0.08343	0	0	0.1413	-0.04393
23	4	5.479	1	1	0.7893	-0.7054
23	4	5.903	1	1	-0.3823	-1.158
23	4	5.605	1	1	-1.091	-0.1459
23	4	1.48	1	1	-0.9109	-0.3046
23	4	0.7823	0	0	0.9221	0.1987
23	4	0.2696	0	0	-0.2428	1.14
23	4	1.963	0	0	1.531	-0.4145
23	4	5.228	1	1	1.249	-0.6453
23	4	0.6251	0	0	-1.915	-0.198
23	4	5.585	0	0	1.978	-1.227
23	4	0.1924	1	0	-3.281	1.03
23	4	1.294	0	1	2.718	-0.9568
23	4	0.3208	0	0	-1.713	-0.3046
23	4	2.204	1	1	-0.6935	0.4258
23	4	2.331	0	1	-0.4034	-0.3046
23	4	1.868	1	1	-0.9802	-0.09455
23	4	0.374	0	0	0.5892	-0.7666
23	4	0.8529	0	1	0.1508	1.939
23	4	0.7178	1	1	-1.754	1.672
23	4	0.4432	1	1	0.8189	-0.7666
23	4	5.633	0	0	-0.5064	-0.7666
23	4	0.8799	0	0	-0.9078	-0.2509
23	4	1.048	0	0	0.724	-0.6453
23	4	5.2	0	0	1.039	-0.528
23	4	0.6654	0	0	-1.757	0.1987
23	4	0.1001	1	0	-0.9761	2.82
23	4	0.003971	0	1	0.9172	-0.04393
23	4	2.043	1	0	-0.09459	-0.3046
23	4	0.119	1	1	-1.221	-0.4708
23	4	0.517	0	0	-0.6134	-0.7054
23	4	0.4155	1	0	-0.8557	-0.3046
23	4	1.881	1	1	0.4176	-0.5862
23	4	5.464	1	1	-0.2344	-0.198
23	4	1.775	1	1	-1.32	0.1987
23	4	0.9061	0	1	-0.1588	-0.4708
23	4	0.4782	1	0	0.9426	-0.3046
23	4	1.393	1	0	-0.7126	0.3367
23	4	5.571	1	1	-0.747	-0.8922
23	4	0.5002	0	1	-0.6526	-0.528
23	4	0.7769	0	1	-2.276	2.187
23	4	2.047	1	1	0.8037	3.317
23	4	0.2069	1	0	-1.153	-0.5862
23	4	1.038	0	0	-1.287	-0.7666
23	4	1.132	1	1	0.3194	0.993
23	4	0.4975	0	0	0.2537	-0.4145
24	4	5.428	1	1	2.512	-0.5029
24	4	1.62	0	1	0.5751	0.6528
24	4	1.108	0	0	-1.264	-0.3549
24	4	0.2363	0	1	-1.063	2.061
24	4	1.787	1	0	0.1383	-0.2603
24	4	1.738	0	1	-0.1826	-0.1238
24	4	0.3045	0	1	0.07196	2.362
24	4	0.5592	0	1	-0.02822	-0.5029
24	4	1.861	0	1	2.182	0.2513
24	4	0.03442	0	1	0.1707	0.09045
24	4	0.3766	1	0	-0.741	-0.1686
24	4	0.07373	0	1	-0.6309	0.04883
24	4	1.886	0	0	-0.03047	-0.6587
24	4	1.047	1	0	-0.5435	0.1315
24	4	5.626	0	0	0.0877	-0.03621
24	4	1.08	1	0	0.9817	-0.4527
24	4	5.229	1	1	-0.8293	-0.8802
24	4	0.2362	1	1	0.05084	0.006619
24	4	0.5737	0	0	-1.074	0.5837
24	4	0.9133	0	1	0.1046	-0.3549
24	4	1.423	0	0	0.01791	-0.1686
24	4	2.263	0	0	2.462	-0.4034
24	4	1.808	1	1	1.143	-0.4034
24	4	0.04367	0	1	0.07186	0.4406
24	4	1.726	1	1	1.817	-0.6587
24	4	0.9178	1	1	0.8982	-0.9976
24	4	0.6451	0	0	0.5792	-0.6587
24	4	1.04	1	1	1.108	-1.12
24	4	1.193	1	1	0.9409	2.124
24	4	1.898	1	0	-0.1807	-0.3072
24	4	5.595	0	0	0.8726	-0.1686
24	4	0.8168	0	0	-0.9838	2.617
24	4	5.813	1	1	-2.403	-1.058
24	4	1.023	0	1	-0.6868	-0.1238
24	4	0.412	1	1	0.22	1.976
24	4	5.034	0	0	-0.2613	-1.183
24	4	0.9281	0	1	2.812	-0.8233
24	4	5.302	1	1	-0.9457	-0.9976
24	4	5.738	0	0	-1.198	-1.058
24	4	0.4395	0	0	0.6683	-1.12
24	4	0.5318	1	1	-0.7463	2.343
24	4	0.454	0	0	-0.7357	1.581
24	4	0.2769	0	1	0.08654	-1.247
24	4	0.6185	0	0	-0.2199	-0.1686
24	4	1.202	1	0	1.037	0.3285
24	4	5.606	1	1	-0.2405	-0.6587
24	4	0.1675	0	1	-1.091	0.006619
24	4	0.2544	1	0	-1.386	0.3285
24	4	5.236	0	0	-1.278	0.09045
24	4	0.02436	1	1	0.3896	-0.4034
25	4	5.591	0	0	0.2385	1.506
25	4	0.6442	1	1	0.621	-0.2773
25	4	0.9741	0	0	1.36	0.03785
25	4	0.8632	1	1	0.1848	-1.431
25	4	0.3681	0	0	-0.6538	1.439
25	4	0.2215	0	1	1.277	-0.1692
25	4	1.863	0	1	-0.1367	-0.6834
25	4	0.1069	0	0	1.558	-0.4458
25	4	0.6697	1	1	0.07721	-0.5626
25	4	0.2327	1	1	1.605	-0.3887
25	4	0.6168	1	0	1.185	0.7646
25	4	5.485	1	1	-0.7543	-0.4458
25	4	0.6559	1	1	-0.8059	0.03785
25	4	0.9342	0	1	0.6613	-0.6834
25	4	0.2899	0	1	-0.861	-1.141
25	4	2.034	0	0	-1.163	-0.4458
25	4	5.376	1	1	-0.2354	-1.283
25	4	0.8729	0	0	-0.9606	-0.5037
25	4	0.4567	1	0	0.681	-0.06418
25	4	5.484	0	0	-0.9233	-0.4458
25	4	5.456	0	0	0.7365	-1.004
25	4	0.6509	1	1	-0.03515	0.639
25	4	0.04611	0	1	0.894	-0.3326
25	4	0.4794	0	1	1.83	2.15
25	4	1.907	1	1	0.6487	0.9256
25	4	0.3191	0	1	-0.7273	-0.6834
25	4	1.106	0	0	-2.8	0.7233
25	4	1.572	1	0	-0.7967	1.08
25	4	1.915	0	1	-2.623	1.37
25	4	5.575	0	0	-0.3657	-0.6225
25	4	2.014	1	0	-1.816	0.4644
25	4	1.817	0	0	1.575	2.573
25	4	0.8237	1	1	-0.5453	-1.072
25	4	1.719	0	1	-1.091	0.281
25	4	0.4688	1	1	0.3025	-0.9376
25	4	0.5746	1	1	0.5198	0.7233
25	4	0.4335	0	1	-1.433	0.9648
25	4	1.647	1	1	-0.6457	-0.3887
25	4	5.846	1	1	1.208	-0.6225
25	4	5.686	0	0	-1.363	-1.829
25	4	1.044	0	0	2.284	-0.4458
25	4	5.484	1	1	-0.8328	-1.283
25	4	0.8387	1	0	0.3274	1.573
25	4	1.045	1	0	-0.9495	0.7233
25	4	0.4956	0	1	0.9045	-0.1692
25	4	0.3095	1	1	-0.02154	-1.141
25	4	0.1302	0	0	-0.9268	-0.1692
25	4	5.269	0	0	-0.6133	2.036
25	4	0.1949	0	1	0.1559	0.281
25	4	1.958	1	1	-1.686	-0.6225
26	4	2.168	1	0	-0.0894	0.1688
26	4	0.8058	0	0	0.8492	-0.7152
26	4	0.8158	0	1	0.09024	1.354
26	4	5.35	0	1	0.5432	1.4
26	4	0.04436	1	1	0.8447	1.642
26	4	0.4902	0	1	-0.3106	-0.623
26	4	0.5097	0	0	2.565	-0.623
26	4	0.02348	1	1	-2.396	-0.01012
26	4	1.897	0	0	-0.6568	0.8482
26	4	2.08	1	1	0.2314	-0.623
26	4	5.204	0	0	-0.5822	-1.339
26	4	0.1913	0	1	0.435	-0.8592
26	4	5.251	1	1	-0.1661	-0.4467
26	4	0.7241	1	1	0.848	0.1339
26	4	2.116	1	0	-0.2175	-0.6687
26	4	1.853	1	1	0.5461	-0.623
26	4	5.441	1	1	-0.2818	-0.7152
26	4	2.003	1	1	0.3704	0.02655
26	4	5.409	0	0	0.2344	-1.011
26	4	1.814	1	1	1.837	-0.7152
26	4	0.5055	1	1	-0.4914	-0.5335
26	4	0.2643	1	1	-0.2189	-0.3211
26	4	0.9431	1	1	1.283	-0.8592
26	4	0.4392	0	0	0.4014	-0.9088
26	4	5.499	1	1	0.2668	-0.6687
26	4	0.4475	1	1	-0.3708	0.5889
26	4	0.1667	1	1	0.7516	-0.4898
26	4	0.8989	1	1	1.411	2.496
26	4	5.799	0	0	0.192	-1.708
26	4	0.8169	0	0	-0.01719	-0.1229
26	4	1.239	1	0	-0.797	1.423
26	4	0.6089	0	0	-0.993	0.5586
26	4	0.4149	0	1	-0.3314	-0.3211
26	4	0.3975	0	1	-0.3486	0.3701
26	4	5.959	0	0	-0.8671	-0.4467
26	4	0.02417	1	0	-1.438	-1.708
26	4	5.498	1	1	1.483	-0.4898
26	4	0.8718	1	1	0.039	-0.3624
26	4	0.2656	0	1	-0.3059	-0.2402
26	4	0.7473	1	1	0.8367	-0.4898
26	4	1.098	0	0	0.5859	-0.5335
26	4	2.297	1	0	0.6673	1.62
26	4	0.4929	1	0	0.1237	0.09854
26	4	0.4926	1	0	0.8549	1.745
26	4	1.789	1	1	-0.4376	-0.08484
26	4	1.593	1	0	-0.9768	2.558
26	4	0.4763	0	1	-0.1595	0.9565
26	4	0.2676	0	0	-0.1757	0.8756
26	4	5.642	0	0	-0.8575	-0.7152
26	4	0.7408	0	1	0.6705	1.112
27	4	5.418	1	1	1.545	0.002161
27	4	1.904	0	0	-0.4956	0.2096
27	4	1.287	1	0	0.7889	0.8376
27	4	0.9284	1	0	-0.2637	0.3675
27	4	1.985	1	1	2.166	0.2497
27	4	0.4716	1	1	0.9519	0.3286
27	4	0.2184	1	1	-0.7289	-0.1283
27	4	0.6896	0	1	-0.02021	-0.2179
27	4	5.349	1	1	-0.04668	-1.143
27	4	0.3028	0	1	0.5747	-0.3566
27	4	0.6308	0	1	0.3302	0.3286
27	4	5.587	0	0	-0.2953	-0.3566
27	4	1.747	0	0	-0.892	0.2096
27	4	0.09127	0	1	0.04351	-0.7026
27	4	5.779	0	1	-0.1475	-0.3566
27	4	1.756	1	1	1.165	-1.262
27	4	0.902	0	0	-0.1464	-0.4041
27	4	1.696	1	1	-0.7299	1.314
27	4	1.053	1	1	-0.1533	2.04
27	4	5.358	1	1	-1.708	0.4059
27	4	0.2191	1	0	1.689	1.865
27	4	0.8451	0	1	-0.1886	1.941
27	4	0.17	0	0	1.396	0.04461
27	4	0.198	0	0	-1.804	0.9049
27	4	5.323	0	0	-2.27	1.735
27	4	0.5554	0	1	0.4776	1.099
27	4	0.5518	0	1	-0.1125	-1.028
27	4	5.416	0	0	0.05635	-1.997
27	4	0.2323	0	0	-0.9778	-0.04079
27	4	0.1367	1	1	0.6115	-1.262
27	4	0.1954	0	1	0.2357	1.99
27	4	0.1004	1	1	-0.4775	-1.712
27	4	1.882	0	0	0.3592	0.5187
27	4	1.989	1	0	-0.3392	-0.5503
27	4	0.08786	1	1	1.198	-0.7548
27	4	5.27	1	1	1.037	-1.578
27	4	5.453	0	0	2.086	-0.4521
27	4	1.576	1	1	-1.53	-0.4521
27	4	1.8	1	1	-1.331	1.254
27	4	0.02896	1	0	0.6032	-0.5503
27	4	0.01105	1	1	-1.013	-0.9716
27	4	1.811	0	0	0.8646	0.2096
27	4	0.3561	0	0	0.1441	-0.2179
27	4	0.4501	0	1	0.536	0.002161
27	4	5.49	1	1	-2.841	-0.9161
27	4	0.7938	0	1	-0.3965	1.681
27	4	0.5494	0	1	-0.751	-0.6003
27	4	0.7737	1	0	0.2711	-0.2179
27	4	0.4637	1	1	-0.5212	-0.5009
27	4	0.8435	0	0	-1.379	-0.8078
28	4	1.764	0	0	-0.5998	0.2241
28	4	5.452	0	0	0.693	-0.7854
28	4	2.156	1	1	-0.419	-0.3997
28	4	1.407	0	1	-1.897	0.3788
28	4	5.371	1	1	2.076	0.2764
28	4	5.631	0	0	-0.5052	-0.9226
28	4	0.7258	0	1	-0.5771	-0.993
28	4	2.197	1	1	0.1013	1.479
28	4	0.3071	1	1	0.4751	0.1176
28	4	0.9301	1	1	-0.8546	-0.2198
28	4	5.202	0	1	-0.2932	0.008239
28	4	2.047	0	1	-0.388	2.375
28	4	0.7198	1	0	-0.9517	3.209
28	4	1.019	1	1	-1.033	-0.4615
28	4	0.2369	0	1	-0.4855	-0.7854
28	4	0.0172	0	0	0.5489	-0.1616
28	4	5.482	1	1	-0.7175	-0.4615
28	4	1.503	0	0	1.246	-1.065
28	4	0.1285	0	0	-0.8017	-0.1042
28	4	1.345	0	0	0.9761	0.0633
28	4	5.4	1	1	-0.5932	-0.3997
28	4	0.936	1	1	-3.818	-1.287
28	4	0.1751	1	1	-0.9288	-0.6527
28	4	0.08049	0	1	-0.8475	-0.588
28	4	1.624	1	1	-1.655	-1.138
28	4	5.907	1	1	-0.6279	-0.993
28	4	1.058	1	1	0.5604	0.008239
28	4	0.4088	0	0	-0.3738	-0.04758
28	4	0.4827	1	1	-2.154	-0.8535
28	4	0.4779	1	1	0.1304	-0.4615
28	4	0.8684	0	1	-0.7016	-0.6527
28	4	0.0224	1	1	0.8678	-0.588
28	4	1.52	0	0	-0.1394	1.159
28	4	5.187	0	0	0.2849	1.282
28	4	5.234	1	1	-0.1827	-0.3389
28	4	0.7655	1	0	0.4352	1.362
28	4	1.146	1	1	0.5731	-0.7854
28	4	0.2605	1	0	-1.719	2.152
28	4	0.3314	0	1	-1.292	-0.3389
28	4	0.7284	1	1	0.596	-0.9226
28	4	1.911	0	0	-1.738	0.3788
28	4	0.4429	0	1	-1.043	-0.1042
28	4	0.1661	1	0	-0.2426	0.6242
28	4	1.781	0	0	-0.07994	-0.2198
28	4	5.376	1	1	-0.182	-1.365
28	4	0.6138	0	1	-1.013	0.1176
28	4	0.2737	0	1	-1.024	0.0633
28	4	0.4763	0	0	-1.229	0.5278
28	4	1.119	0	1	-1.146	0.008239
28	4	0.2085	0	0	0.6535	2.281
29	4	0.2427	1	1	0.321	-0.3091
29	4	0.4275	1	0	0.3463	-0.1448
29	4	0.1555	0	1	-0.4314	-0.5747
29	4	0.1587	1	1	-0.06441	-0.3517
29	4	0.6885	1	1	0.3188	-0.7173
29	4	0.3339	0	1	1.188	-0.9191
29	4	1.058	1	1	0.1029	-0.3517
29	4	1.131	0	1	0.3139	-0.02748
29	4	5.281	0	0	-1.583	0.1219
29	4	1.485	0	0	0.767	-1.496
29	4	0.6482	0	1	0.9575	1.441
29	4	1.916	0	0	0.1074	0.4966
29	4	0.5174	0	1	-0.1086	-0.2672
29	4	0.4139	1	1	0.942	-0.4389
29	4	5.161	0	1	-0.6987	-0.2258
29	4	5.41	1	1	-1.645	-1.371
29	4	1.973	0	0	-0.325	1.767
29	4	0.1645	1	0	-0.04716	-0.4389
29	4	0.1845	1	1	-0.6143	0.4966
29	4	5.019	1	1	-0.7961	-0.06607
29	4	1.966	1	1	0.9947	0.1219
29	4	5.258	1	1	0.0694	-0.8164
29	4	0.5486	0	1	-0.7744	1.125
29	4	0.4385	1	1	0.0335	-0.9718
29	4	0.6283	1	1	0.9698	1.683
29	4	2.458	1	0	0.2905	0.4645
29	4	0.7282	0	1	-2.161	1.487
29	4	1.995	0	1	-0.2999	1.808
29	4	1.132	0	1	0.7153	0.5909
29	4	5.362	1	1	-1.301	-1.08
29	4	0.01567	1	0	-1.096	-0.4389
29	4	2.069	0	0	1.395	2.375
29	4	0.6046	0	1	-0.4786	1.767
29	4	0.4385	1	1	-1.218	-0.06607
29	4	0.3254	0	1	0.5432	-0.5287
29	4	0.5711	1	1	0.1571	-0.6214
29	4	1.433	0	1	-0.8179	1.828
29	4	0.872	0	0	0.4157	0.8845
29	4	5.602	1	1	-0.3034	-1.026
29	4	1.829	1	1	-0.5747	-1.08
29	4	0.866	1	1	-1.578	-0.7173
29	4	1.366	1	1	-0.2064	-0.9191
29	4	5.231	1	1	0.31	-1.193
29	4	0.3492	0	0	2.002	1.598
29	4	0.8811	0	1	-1.142	-0.7664
29	4	0.5802	1	1	0.6579	-0.1448
29	4	5.807	0	0	-1.497	-0.9191
29	4	5.459	1	1	0.6802	-0.5287
29	4	0.9444	0	0	0.3147	0.229
29	4	0.1092	0	0	0.4707	-0.7664
30	5	0.2668	0	0	2.113	1.723
30	5	5.535	0	0	0.6961	0.5737
30	5	1.656	0	0	0.36	-0.4452
30	5	5.366	1	1	-0.1537	-0.695
30	5	0.237	0	0	0.7566	2.248
30	5	5.46	0	0	-2.607	-0.2163
30	5	0.5265	1	1	1.033	-0.695
30	5	0.5881	1	1	-0.2333	0.9574
30	5	1.269	0	1	0.1343	1.23
30	5	0.3673	0	1	-0.7101	-0.3668
30	5	0.9023	0	1	1.876	1.594
30	5	0.4568	1	1	0.2828	-0.829
30	5	1.736	0	1	-0.04575	-0.03905
30	5	0.6313	0	1	0.2161	-0.9698
30	5	0.2621	0	1	-0.05723	-1.068
30	5	2.056	0	1	0.5675	0.5461
30	5	1.857	1	1	-1.763	-0.144
30	5	0.7887	1	1	-0.7632	1.498
30	5	0.761	1	1	-0.4506	1.336
30	5	0.6878	1	1	-0.5415	-1.068
30	5	0.2007	1	1	-0.2124	-0.6518
30	5	1.011	0	1	-1.402	2.126
30	5	1.733	1	1	0.7413	-0.4057
30	5	1.866	0	0	0.6013	-0.6092
30	5	0.4124	1	1	-1.068	-0.9698
30	5	5.527	1	1	-1.677	-1.33
30	5	0.3937	1	1	0.186	-0.9221
30	5	0.008704	0	0	0.3118	-0.829
30	5	2.042	1	1	-0.3895	-0.829
30	5	5.636	1	1	-0.9892	-1.222
30	5	0.5329	1	1	0.4196	-0.2163
30	5	5.662	1	1	0.9274	-1.275
30	5	0.8093	0	1	0.9824	-0.2163
30	5	0.2914	0	1	-0.8168	-0.2163
30	5	0.4139	1	1	0.7519	-0.4452
30	5	1.948	0	1	-1.166	0.8602
30	5	1.936	0	0	0.3982	-0.1086
30	5	0.8315	0	0	1.636	1.315
30	5	5.288	0	0	1.045	0.6814
30	5	0.6685	1	1	0.4821	-0.829
30	5	1.691	1	1	-0.9691	0.8849
30	5	0.141	0	1	0.9486	1.074
30	5	0.6387	1	0	1.881	1.556
30	5	0.002237	0	1	0.2693	-0.4853
30	5	0.4515	0	1	-0.5294	-0.829
30	5	5.452	1	1	-2.199	-1.33
30	5	0.2889	1	1	-1.986	0.7076
30	5	0.09253	1	1	-0.7173	0.2844
30	5	5.921	0	0	0.4802	-0.9698
30	5	5.535	0	0	0.421	0.02875
31	5	0.3874	0	1	0.6153	-0.3784
31	5	1.467	0	0	1.149	2.485
31	5	1.005	0	1	-0.4067	-0.06953
31	5	1.063	1	1	0.527	0.1423
31	5	5.52	1	1	0.02422	-0.9141
31	5	0.4486	1	1	0.02009	2.044
31	5	5.344	1	1	1.385	-1.014
31	5	0.3864	1	0	1.222	-1.336
31	5	5.217	1	1	-0.5715	-0.2981
31	5	1.687	1	1	0.8432	-0.8654
31	5	0.514	0	1	0.2667	-0.03314
31	5	1.859	1	1	0.7846	1.899
31	5	0.9521	0	1	0.9005	1.481
31	5	0.9067	1	1	-0.09861	-0.4195
31	5	0.02931	0	1	1.185	-1.117
31	5	1.832	1	1	-0.4993	-1.393
31	5	0.3348	0	0	0.02807	-0.2199
31	5	5.389	0	0	0.8049	0.9144
31	5	1.84	1	1	0.05996	1.235
31	5	0.5384	1	1	0.2324	-1.17
31	5	0.7291	0	1	-0.3014	0.2095
31	5	0.9697	0	1	1.209	1.416
31	5	5.312	0	0	1	-0.3784
31	5	0.5712	1	0	0.3855	0.698
31	5	0.525	1	1	-0.756	1.459
31	5	1.798	0	0	3.314	0.2095
31	5	0.2074	1	1	0.5654	-1.572
31	5	1.81	1	1	0.7608	-1.17
31	5	1.747	1	1	0.4152	-1.014
31	5	0.2892	0	1	0.5953	0.0383
31	5	0.05922	0	1	0.5598	-0.7706
31	5	5.827	1	1	-0.4954	-0.5462
31	5	0.1553	1	1	-0.3813	1.438
31	5	0.1367	1	0	-1.869	-0.6339
31	5	1.308	1	0	-0.1635	1.327
31	5	1.239	0	0	-0.6593	1.258
31	5	2.188	0	0	-0.5378	0.4641
31	5	0.1344	0	0	0.4805	0.3396
31	5	1.589	1	1	0.1296	-0.4611
31	5	0.1623	0	0	-0.09704	0.2426
31	5	0.3721	0	0	-0.9956	0.108
31	5	0.5297	0	1	0.1728	-0.4611
31	5	5.73	0	0	-0.01034	-0.8654
31	5	5.388	0	0	-0.2001	-0.1064
31	5	5.467	1	1	-0.06379	-1.014
31	5	0.914	0	0	-0.03186	0.3076
31	5	0.2668	0	1	-0.1169	-0.338
31	5	5.251	0	0	0.2161	-1.336
31	5	0.7771	1	1	-1.735	0.0383
31	5	0.2743	1	1	1.52	0.1423
32	5	0.9047	0	0	-0.7246	0.004834
32	5	0.2464	0	1	0.2712	1.227
32	5	1.345	0	1	-0.01786	-0.587
32	5	0.6266	1	0	-0.2795	-0.153
32	5	0.1472	0	1	0.8926	-0.1128
32	5	0.3732	1	1	2.143	0.5336
32	5	5.482	0	0	1.435	2.232
32	5	1.734	1	1	-1.127	-0.3193
32	5	1.042	1	1	-0.127	-0.3193
32	5	0.6963	0	1	0.4281	-0.153
32	5	0.245	1	0	1.144	-0.406
32	5	0.8174	1	1	0.04019	-0.634
32	5	5.528	1	1	-1.181	-0.7302
32	5	0.09805	0	1	0.6138	-0.3193
32	5	0.2933	0	1	1.533	0.6914
32	5	1.573	1	1	0.7301	1.727
32	5	5.45	1	1	0.2181	-0.634
32	5	0.6078	0	1	0.3261	-0.634
32	5	0.3621	1	1	0.1547	0.9846
32	5	0.237	0	0	0.488	1.66
32	5	1.576	0	1	0.7669	1.877
32	5	0.5389	1	1	0.5776	-0.8803
32	5	0.0171	0	1	-0.3862	-0.4952
32	5	0.03181	0	0	2.969	0.0808
32	5	0.4827	1	1	-1.037	-0.6817
32	5	0.8686	0	1	0.9303	-0.634
32	5	1.152	1	1	0.5485	0.2629
32	5	5.547	1	1	-1.221	-1.204
32	5	1.884	1	1	1.176	-0.7794
32	5	5.144	0	0	1.206	-1.262
32	5	0.3251	1	0	-0.2339	1.499
32	5	5.661	1	1	1.733	-1.038
32	5	1.824	1	1	0.1377	-1.262
32	5	0.8591	0	0	-2.534	-0.634
32	5	0.8361	0	0	2.257	1.252
32	5	1.465	0	1	-0.1198	1.682
32	5	0.4475	0	1	0.279	-0.634
32	5	5.13	0	0	-0.406	0.004834
32	5	0.4939	0	1	1.577	-0.634
32	5	0.2384	0	0	0.08795	0.4348
32	5	2.087	1	1	-1.051	-0.4952
32	5	5.468	1	1	-1.178	-0.932
32	5	0.05678	0	1	1.018	0.1914
32	5	2.223	1	1	0.04686	-0.4503
32	5	0.4201	0	0	1.177	1.174
32	5	1.976	1	0	0.1237	2.06
32	5	0.3558	1	1	0.1782	-1.148
32	5	5.559	1	1	-0.3031	-1.441
32	5	5.348	1	1	0.583	-1.038
32	5	0.1876	1	1	-0.5661	1.067
33	5	1.79	0	0	1.032	1.417
33	5	0.01216	0	0	0.2384	1.987
33	5	1.023	0	0	0.5351	3.554
33	5	5.434	1	1	0.05399	0.2708
33	5	0.08788	0	1	0.4423	-0.151
33	5	5.479	1	1	0.9508	-0.4126
33	5	5.897	1	1	-0.4542	-0.02609
33	5	5.603	1	1	-0.3844	-0.02609
33	5	1.482	1	1	0.2017	-0.2149
33	5	0.7805	0	1	-0.0153	0.035
33	5	0.2697	0	0	0.9151	0.1546
33	5	1.959	0	1	0.5592	1.005
33	5	5.225	1	1	-0.4816	-1.149
33	5	0.6276	0	1	-0.7173	-0.7645
33	5	5.583	0	0	-1.04	0.1546
33	5	0.1866	1	0	0.6274	1.147
33	5	1.292	0	1	0.9973	0.035
33	5	0.3198	0	1	0.3726	-1.149
33	5	2.202	1	1	-0.2047	-0.02609
33	5	2.326	0	1	-0.03883	-0.5498
33	5	1.864	1	1	1.093	-1.069
33	5	0.3749	0	0	-1.264	2.555
33	5	0.8539	0	1	2.833	-0.4126
33	5	0.7137	1	0	1.339	0.2708
33	5	0.4458	1	1	-2.138	-0.4126
33	5	5.629	0	0	1.373	-0.2149
33	5	0.8764	0	0	0.4647	-0.2798
33	5	1.045	0	0	1.385	-0.5498
33	5	5.201	0	0	-1.857	-0.7645
33	5	0.6789	0	0	1.405	-0.4126
33	5	0.09714	1	0	-0.4546	0.654
33	5	0.0002327	0	1	1.075	-0.4126
33	5	2.038	1	1	0.4224	-0.9139
33	5	0.116	1	1	-0.5882	-0.2149
33	5	0.5086	0	0	0.1428	0.3839
33	5	0.409	1	1	0.5509	-0.8385
33	5	1.878	1	1	-2.819	-0.3457
33	5	5.467	1	1	-1.308	-0.9907
33	5	1.78	1	1	1.349	-1.23
33	5	0.9108	0	1	-0.3231	-0.8385
33	5	0.482	1	0	1.794	0.035
33	5	1.397	1	1	-0.8672	0.2131
33	5	5.576	1	1	0.6475	2.686
33	5	0.5062	0	1	1.167	-0.7645
33	5	0.7817	0	1	0.09954	-0.6917
33	5	2.045	1	1	0.151	-0.5498
33	5	0.2089	1	0	1.016	-0.6202
33	5	1.037	0	0	0.4587	0.494
33	5	1.131	1	0	-2.226	0.09521
33	5	0.502	0	0	1.072	-0.151
34	5	5.432	1	1	-0.9725	-0.6309
34	5	1.615	0	0	0.3779	1.762
34	5	1.106	0	1	0.4447	-0.4616
34	5	0.2419	0	0	0.8338	2.678
34	5	1.785	1	1	0.4373	-0.4616
34	5	1.737	0	0	1.18	0.05319
34	5	0.3014	0	1	-0.5256	0.9096
34	5	0.5573	0	1	0.3724	-1.468
34	5	1.859	0	1	0.4808	-0.9312
34	5	0.03602	0	0	-1.811	-0.7481
34	5	0.3786	1	1	0.2389	0.004774
34	5	0.07361	0	0	-1.103	1.792
34	5	1.889	0	1	-0.4774	-0.5736
34	5	1.046	1	1	0.6499	-0.689
34	5	5.627	0	1	0.8353	-0.4616
34	5	1.08	1	0	0.2748	0.9477
34	5	5.227	1	1	9.982e-05	-0.689
34	5	0.2367	1	1	-0.8014	-0.2471
34	5	0.5737	0	0	-1.19	1.343
34	5	0.9093	0	0	0.2891	-0.4616
34	5	1.413	0	0	-0.711	1.51
34	5	2.265	0	0	-0.2536	0.4195
34	5	1.814	1	1	-0.1929	1.06
34	5	0.04787	0	0	-0.6606	2.864
34	5	1.727	1	1	-1.42	-0.3528
34	5	0.9193	1	1	-0.4093	1.096
34	5	0.6418	0	0	1.763	-0.8081
34	5	1.04	1	1	0.1723	-0.9312
34	5	1.189	1	1	0.7652	0.7532
34	5	1.903	1	1	-1.239	-0.2996
34	5	5.596	0	0	0.07701	-1.326
34	5	0.8156	0	1	0.01269	-0.2471
34	5	5.812	1	1	1.474	0.4195
34	5	1.027	0	1	-1.405	0.2408
34	5	0.4183	1	0	1.616	0.3756
34	5	5.03	0	0	-0.3915	-1.397
34	5	0.9277	0	0	0.3331	0.1482
34	5	5.304	1	1	0.3428	-0.689
34	5	5.734	0	0	1.082	0.05319
34	5	0.4377	0	1	0.888	-0.04427
34	5	0.5314	1	1	-0.5563	-0.4616
34	5	0.4531	0	0	-0.0613	-1.058
34	5	0.2819	0	1	-0.8388	-0.3528
34	5	0.6163	0	1	-0.09397	-0.6309
34	5	1.202	1	1	-0.6561	-0.8691
34	5	5.603	1	1	0.0115	-0.8081
34	5	0.1625	0	1	0.9476	0.1482
34	5	0.2521	1	0	-0.3061	1.096
34	5	5.233	0	0	0.8491	-1.058
34	5	0.0281	1	0	1.2	-0.5172
35	5	5.589	0	0	-0.5073	-0.9354
35	5	0.6432	1	1	1.284	0.6251
35	5	0.9709	0	1	-1.678	-0.6538
35	5	0.8639	1	1	0.7309	-0.39
35	5	0.3694	0	0	1.69	1.795
35	5	0.2148	0	1	0.5204	-0.2027
35	5	1.865	0	1	0.5113	-0.08228
35	5	0.1089	0	0	-0.3947	0.868
35	5	0.6672	1	1	0.7078	-0.5862
35	5	0.1935	1	1	0.1479	0.42
35	5	0.6136	1	1	0.1315	0.2042
35	5	5.481	1	1	-1.124	0.0347
35	5	0.653	1	1	0.3423	-0.5198
35	5	0.9379	0	1	-0.8424	-0.9354
35	5	0.2856	0	0	-0.3808	1.795
35	5	2.038	0	1	-0.05488	-0.2027
35	5	5.379	1	1	-1.324	-0.8632
35	5	0.8744	0	1	-0.4844	-0.2642
35	5	0.4549	1	1	0.2765	2.583
35	5	5.484	0	0	0.001166	0.42
35	5	5.451	0	0	0.8631	0.868
35	5	0.6513	1	0	-0.4633	1.795
35	5	0.04518	0	1	0.9287	-0.5198
35	5	0.4827	0	1	0.3942	-1.16
35	5	1.905	1	1	0.4829	-2.01
35	5	0.3163	0	1	0.3729	0.8205
35	5	1.103	0	0	2.262	0.42
35	5	1.575	1	1	-0.8816	-0.9354
35	5	1.912	0	1	0.9056	-0.6538
35	5	5.575	0	0	0.0564	0.724
35	5	1.736	1	1	0.5499	-1.009
35	5	1.841	0	0	0.167	2.156
35	5	1.229	1	1	-1.113	-0.7922
35	5	1.959	0	1	1.426	0.2592
35	5	0.4083	1	1	0.795	-0.5198
35	5	0.5734	1	1	0.263	-0.5862
35	5	0.4327	0	1	2.078	0.2042
35	5	1.648	1	1	-2.291	-1.563
35	5	5.85	1	1	0.4765	-0.7922
35	5	5.682	0	0	-0.02812	0.868
35	5	1.045	0	1	0.7693	0.2042
35	5	5.481	1	1	1.616	-1.317
35	5	0.837	1	1	-1.356	-0.5198
35	5	0.7261	1	0	0.4893	0.3671
35	5	0.5357	0	1	1.779	-0.142
35	5	0.4514	1	1	0.01779	-0.02338
35	5	0.2782	0	1	-1.244	0.724
35	5	5.663	0	0	-0.9964	1.757
35	5	0.01813	0	1	0.05593	-0.7224
35	5	2.285	1	1	-0.3109	-1.009
36	5	2.205	1	1	-0.3709	0.04458
36	5	0.6666	0	1	0.9751	-0.2629
36	5	0.89	0	0	1.258	2.363
36	5	5.56	0	0	0.2864	-0.3094
36	5	0.2027	0	1	1.088	0.04458
36	5	0.1642	0	1	0.4393	-0.4045
36	5	0.5573	0	0	1.925	0.9473
36	5	0.05347	1	0	-0.2069	0.3246
36	5	2.115	0	0	1.525	2.461
36	5	2.082	1	1	0.72	-0.08352
36	5	5.207	0	0	-1.078	-0.1274
36	5	0.1869	0	0	-0.7051	0.9473
36	5	5.248	1	1	-1.223	-0.5527
36	5	0.7258	1	1	-0.192	-0.08352
36	5	2.113	1	1	-0.208	-0.3566
36	5	1.854	1	1	-0.408	-0.4045
36	5	5.435	1	1	-0.268	-0.6556
36	5	1.999	1	1	1.445	-0.5025
36	5	5.412	0	0	0.7398	0.04458
36	5	1.81	1	1	1.662	-0.4045
36	5	0.5022	1	0	-0.8125	0.4373
36	5	0.263	1	1	0.4062	1.866
36	5	0.9449	1	1	-0.007151	-0.762
36	5	0.4454	0	1	-1.316	2.343
36	5	5.501	1	1	-1.267	-1.166
36	5	0.4442	1	1	0.3062	-0.9287
36	5	0.167	1	1	-1.429	-1.045
36	5	0.8967	1	1	0.4641	-1.105
36	5	5.799	0	0	0.3288	-0.7084
36	5	0.8138	0	1	-0.58	-0.2629
36	5	1.241	1	1	1.712	-0.4531
36	5	0.6066	0	1	-1.912	-0.4045
36	5	0.4087	0	0	0.5713	2.261
36	5	0.4023	0	1	0.4983	0.04458
36	5	5.953	0	0	0.6935	0.3626
36	5	0.02714	1	1	-0.557	-0.8721
36	5	5.493	1	1	-0.04495	-0.8721
36	5	0.8686	1	1	-0.2582	-0.6556
36	5	0.2707	0	0	1.71	1.842
36	5	0.7467	1	1	-0.276	-0.9287
36	5	1.098	0	1	1.082	-0.4531
36	5	2.293	1	1	-1.311	-0.6556
36	5	0.485	1	1	-0.3335	0.5103
36	5	0.4925	1	1	0.2963	-0.5025
36	5	1.79	1	1	1.795	-0.4531
36	5	1.59	1	1	0.308	-0.8166
36	5	0.4789	0	1	-1.629	-0.8166
36	5	0.2658	0	1	1.212	-0.5527
36	5	5.637	0	0	1.812	-0.2629
36	5	0.7408	0	0	2.001	1.981
37	5	5.423	1	1	0.4539	-0.5593
37	5	1.904	0	0	-0.2226	-0.6043
37	5	1.289	1	1	0.6065	1.326
37	5	0.9333	1	0	0.8602	1.278
37	5	1.987	1	1	0.7831	-0.7438
37	5	0.4726	1	0	1.519	0.4844
37	5	0.2164	1	1	-1.454	-0.8406
37	5	0.6894	0	0	-0.1065	0.2219
37	5	5.355	1	1	-0.2162	-0.5149
37	5	0.3036	0	1	1.141	-1.152
37	5	0.6335	0	0	0.586	-0.3438
37	5	5.59	0	0	-1.057	-0.9919
37	5	1.743	0	0	-0.7546	-0.182
37	5	0.08819	0	1	-0.4192	-1.152
37	5	5.779	0	0	-0.6358	-0.182
37	5	1.755	1	1	-0.1181	2.054
37	5	0.906	0	0	1.263	0.3231
37	5	1.698	1	1	2.425	-0.9919
37	5	1.055	1	1	-2.849	-0.6966
37	5	5.351	1	1	1.037	-1.207
37	5	0.2208	1	1	-1.769	1.18
37	5	0.8398	0	1	0.5281	-1.379
37	5	0.1667	0	1	0.9206	0.5771
37	5	0.1957	0	1	1.098	-0.8406
37	5	5.324	0	0	-0.5697	2.109
37	5	0.5495	0	0	-0.2701	0.667
37	5	0.5544	0	1	0.8432	-0.6966
37	5	5.413	0	0	0.8668	0.256
37	5	0.2332	0	0	-2.175	0.9213
37	5	0.1381	1	1	-0.7515	1.903
37	5	0.1955	0	0	0.1657	-0.06627
37	5	0.09895	1	0	0.008937	0.08133
37	5	1.881	0	1	0.4893	-0.8406
37	5	1.986	1	0	0.2435	0.008452
37	5	0.08641	1	0	0.5294	1.702
37	5	5.264	1	1	-1.041	-1.263
37	5	5.453	0	0	1.003	0.08133
37	5	1.581	1	1	-0.5654	-0.7438
37	5	1.801	1	0	-0.312	-0.3025
37	5	0.02546	1	1	-0.2639	-1.097
37	5	0.01557	1	0	-0.453	1.531
37	5	1.816	0	0	-1.139	2.036
37	5	0.356	0	0	0.7438	0.256
37	5	0.4525	0	0	-1.486	0.04511
37	5	5.482	1	1	0.5377	-1.207
37	5	0.7956	0	0	1.375	1.205
37	5	0.5491	0	0	-3.145	0.256
37	5	0.7705	1	1	-1.775	-0.6043
37	5	0.4641	1	1	0.2866	-0.6966
37	5	0.842	0	0	0.6029	-0.6043
38	5	1.765	0	1	-0.2919	0.06651
38	5	5.45	0	0	0.1231	-0.07623
38	5	2.154	1	1	-0.5118	-1.023
38	5	1.406	0	0	0.5251	0.248
38	5	5.373	1	1	0.4734	-0.07623
38	5	5.631	0	0	-0.797	0.1585
38	5	0.7231	0	0	0.4101	0.7022
38	5	2.198	1	1	0.1302	0.1585
38	5	0.3088	1	0	-0.8701	1.977
38	5	0.9316	1	1	-0.3696	-0.7159
38	5	5.199	0	1	0.8143	-0.8966
38	5	2.046	0	1	-0.6135	2.494
38	5	0.7231	1	1	0.5931	-0.02798
38	5	1.02	1	1	0.6837	0.248
38	5	0.2379	0	1	0.944	-0.3811
38	5	0.01487	0	1	-0.1779	-0.7159
38	5	5.469	1	1	-0.3616	-0.3283
38	5	1.504	0	0	0.09138	0.4203
38	5	0.1289	0	1	-0.8727	-0.7159
38	5	1.342	0	1	-0.5005	-0.3811
38	5	5.399	1	1	0.07456	-0.6006
38	5	0.9363	1	1	-1.514	-0.2252
38	5	0.1706	1	1	1.08	-0.6006
38	5	0.08554	0	1	-0.5445	-0.959
38	5	1.624	1	1	2.503	-1.087
38	5	5.908	1	1	0.8831	-1.221
38	5	1.064	1	1	-0.7058	-1.29
38	5	0.412	0	1	-0.7468	2.561
38	5	0.4816	1	1	0.03325	-0.8353
38	5	0.4811	1	1	1.346	-0.7751
38	5	0.8668	0	0	0.5463	1.523
38	5	0.02508	1	1	0.7389	-0.07623
38	5	1.526	0	1	0.138	-0.7159
38	5	5.185	0	0	-0.245	-0.6006
38	5	5.233	1	1	0.8256	-1.504
38	5	0.7632	1	0	-0.6339	1.95
38	5	1.151	1	0	0.8543	0.4203
38	5	0.2611	1	0	0.6756	0.06651
38	5	0.3393	0	0	0.4411	0.378
38	5	0.7256	1	1	0.5003	-0.4346
38	5	1.911	0	0	0.6273	0.1585
38	5	0.4486	0	0	-0.5082	0.7406
38	5	0.1599	1	0	-0.2327	1.583
38	5	1.778	0	1	0.2992	-1.153
38	5	5.382	1	1	0.6627	-1.431
38	5	0.6088	0	0	1.001	1.335
38	5	0.2726	0	1	-0.1921	0.9626
38	5	0.4775	0	0	-0.2688	0.3352
38	5	1.123	0	0	0.3469	0.9626
38	5	0.2139	0	1	0.3488	-0.6006
39	5	0.2399	1	0	2.218	-0.4571
39	5	0.4304	1	0	1.35	2.34
39	5	0.1557	0	0	-0.5936	1.046
39	5	0.1523	1	0	0.9429	0.9719
39	5	0.6883	1	1	-0.9403	-0.376
39	5	0.3375	0	0	-2.338	0.6825
39	5	1.057	1	1	0.5257	-0.376
39	5	1.131	0	0	-0.6402	-0.2585
39	5	5.279	0	0	0.4068	-0.4986
39	5	1.483	0	0	0.5414	-0.2972
39	5	0.6476	0	0	0.3998	2.76
39	5	1.912	0	0	0.5588	0.8439
39	5	0.521	0	1	1.497	-0.07275
39	5	0.4096	1	1	0.5869	-0.6705
39	5	5.158	0	0	0.09052	-0.3363
39	5	5.405	1	1	0.9179	-1.258
39	5	1.973	0	1	-0.79	0.1018
39	5	0.1662	1	1	-1.237	-1.151
39	5	0.1846	1	0	0.5848	0.1687
39	5	5.027	1	1	0.1188	-1.729
39	5	1.954	1	1	0.562	-0.2972
39	5	5.26	1	1	2.008	-1.604
39	5	0.5439	0	1	0.4448	-0.6705
39	5	0.4329	1	0	0.2263	-0.2972
39	5	0.6295	1	1	-0.5998	2.164
39	5	2.459	1	0	1.16	0.7373
39	5	0.7323	0	1	-0.06181	-0.2972
39	5	1.993	0	1	-0.75	1.369
39	5	1.132	0	1	0.405	1.094
39	5	5.357	1	1	-0.92	-0.8065
39	5	0.01509	1	1	-0.5712	0.8439
39	5	2.074	0	1	-2.97	-0.5832
39	5	0.6068	0	0	1.173	0.2663
39	5	0.4368	1	0	-0.6741	0.5696
39	5	0.3261	0	0	-0.4727	-0.2204
39	5	0.5725	1	1	-1.525	-1.543
39	5	1.43	0	0	0.5478	-0.3363
39	5	0.8632	0	1	-0.3226	-0.6265
39	5	5.602	1	1	-0.5811	-0.5406
39	5	1.828	1	0	0.08023	-0.001671
39	5	0.8676	1	1	0.7797	0.3296
39	5	1.366	1	1	0.9536	-1.099
39	5	5.217	1	1	0.1204	-0.9009
39	5	0.3523	0	0	1.539	-0.07275
39	5	0.8759	0	1	0.3954	2.164
39	5	0.5835	1	0	0.7565	0.5696
39	5	5.806	0	0	-0.4328	-0.376
39	5	5.459	1	1	-0.3915	-0.8533
39	5	0.9441	0	0	0.7337	-0.5832
39	5	0.1077	0	0	-2.641	0.1687
40	6	0.2652	0	0	0.3906	0.7357
40	6	5.532	0	0	-0.1936	-0.3452
40	6	1.657	0	1	-0.006628	0.4404
40	6	5.364	1	1	-0.7704	-0.3043
40	6	0.2351	0	0	-0.09586	2.223
40	6	5.459	0	0	-1.486	-0.4717
40	6	0.5239	1	1	0.5217	-0.185
40	6	0.5874	1	0	0.8129	0.5323
40	6	1.272	0	1	-0.7636	1.406
40	6	0.3632	0	1	-0.3336	-0.0706
40	6	0.9009	0	0	-2.088	-0.6041
40	6	0.4533	1	0	-0.9697	1.815
40	6	1.733	0	0	-0.1326	-1.097
40	6	0.6336	0	1	-0.2013	-0.1464
40	6	0.2643	0	1	0.3012	1.679
40	6	2.054	0	1	-0.46	-0.5593
40	6	1.855	1	1	1.333	-0.696
40	6	0.7852	1	1	1.939	-0.5593
40	6	0.7616	1	1	-0.2047	-0.791
40	6	0.6844	1	1	-0.5516	0.2802
40	6	0.2028	1	1	0.5123	-0.0706
40	6	1.011	0	0	0.4221	0.6503
40	6	1.732	1	1	-0.5389	-0.696
40	6	1.866	0	0	-1.672	-1.502
40	6	0.4097	1	0	1.053	0.03932
40	6	5.527	1	1	-0.7088	-0.8398
40	6	0.3841	1	1	-3.288	-0.9399
40	6	0.00964	0	1	-0.2094	0.8456
40	6	2.043	1	1	-1.255	0.9514
40	6	5.633	1	1	-0.9948	-0.8398
40	6	0.5342	1	0	-0.5565	1.738
40	6	5.659	1	1	-0.8661	-1.321
40	6	0.8107	0	0	1.165	-0.9913
40	6	0.2916	0	0	-1.322	-0.3043
40	6	0.4089	1	0	-0.7066	1.293
40	6	1.947	0	0	0.02538	0.7357
40	6	1.937	0	1	-0.4596	-0.6041
40	6	0.8307	0	1	-0.1395	-0.3867
40	6	5.288	0	0	-0.9963	-0.1464
40	6	0.6667	1	0	-0.3615	1.758
40	6	1.69	1	1	-1.969	-0.185
40	6	0.1455	0	0	-0.03619	1.679
40	6	0.6361	1	1	-3.033	1.247
40	6	0.005127	0	1	0.6259	-0.696
40	6	0.45	0	0	-0.17	0.8724
40	6	5.455	1	1	-0.9619	-1.565
40	6	0.2886	1	1	-1.038	-0.7431
40	6	0.09124	1	0	0.8342	-0.8398
40	6	5.923	0	0	-1.722	-1.321
40	6	5.533	0	0	1.899	-1.097
41	6	0.3916	0	0	0.2732	0.2194
41	6	1.469	0	1	-1.754	2.063
41	6	1.004	0	1	0.8415	-0.5728
41	6	1.062	1	1	1.268	-0.4685
41	6	5.517	1	1	2.189	-0.7924
41	6	0.4544	1	1	0.88	-0.6262
41	6	5.337	1	1	1.246	-0.7924
41	6	0.393	1	1	-2.976	-0.3183
41	6	5.214	1	1	-0.8955	-1.218
41	6	1.686	1	1	1.471	-0.9083
41	6	0.5177	0	1	-1.18	1.801
41	6	1.855	1	1	-1.889	-0.2698
41	6	0.9498	0	1	1.401	-0.222
41	6	0.9051	1	1	0.6218	-0.5202
41	6	0.02248	0	1	2.218	0.3799
41	6	1.827	1	1	-0.06252	-0.2698
41	6	0.3365	0	0	-0.342	0.9827
41	6	5.39	0	0	-0.09684	-1.42
41	6	1.835	1	1	-0.9258	-0.5728
41	6	0.5419	1	1	0.2766	0.05024
41	6	0.7332	0	0	2.107	-1.029
41	6	0.9703	0	0	0.6058	-0.6807
41	6	5.317	0	0	-0.2404	-1.218
41	6	0.5734	1	0	-0.1934	-0.6262
41	6	0.5287	1	0	-0.3555	2.305
41	6	1.795	0	1	-0.8741	0.7134
41	6	0.2128	1	1	-0.6809	-1.091
41	6	1.81	1	0	0.345	0.7484
41	6	1.747	1	0	0.0002915	2.063
41	6	0.2906	0	1	-0.8757	-0.7924
41	6	0.05389	0	1	0.2659	0.7484
41	6	5.828	1	1	0.1205	-0.3675
41	6	0.1524	1	0	-0.7484	1.726
41	6	0.1393	1	0	0.4766	1.433
41	6	1.31	1	1	-1.838	-0.2698
41	6	1.238	0	0	0.4442	-1.218
41	6	2.187	0	0	0.9265	0.136
41	6	0.1424	0	0	0.584	-0.4685
41	6	1.589	1	1	-0.3617	-0.0379
41	6	0.1619	0	1	0.575	0.09339
41	6	0.3691	0	0	-1.035	-0.6262
41	6	0.5313	0	0	1.603	0.3799
41	6	5.731	0	0	-0.524	-0.736
41	6	5.384	0	0	-1.408	-0.7924
41	6	5.466	1	1	-0.2548	-0.3675
41	6	0.9187	0	0	1.821	1.14
41	6	0.2659	0	0	-1.784	1.109
41	6	5.249	0	1	0.8074	2.153
41	6	0.7814	1	1	2.394	-0.6807
41	6	0.2739	1	0	0.1872	-0.2698
42	6	1.98	0	1	0.4993	-0.1597
42	6	0.672	0	0	0.3162	2.383
42	6	5.514	0	0	-0.3174	0.2825
42	6	0.0182	1	1	-1.129	0.1563
42	6	0.6729	1	1	-0.1641	-0.1597
42	6	0.6603	0	0	-0.6709	-0.06608
42	6	0.8974	1	1	0.4462	0.2825
42	6	0.07774	1	0	1.802	1.982
42	6	0.3995	0	1	0.1672	0.1563
42	6	0.4042	0	1	0.2423	1.861
42	6	0.8162	1	0	0.555	0.1563
42	6	0.4901	0	0	0.1467	0.8801
42	6	0.7287	1	1	0.09019	0.06929
42	6	0.4249	1	1	-0.1323	-0.5119
42	6	1.776	0	1	1.172	-0.5656
42	6	5.308	1	1	-0.7562	-0.8494
42	6	0.8187	0	0	0.6011	-0.0203
42	6	0.6643	1	1	0.142	-0.676
42	6	1.195	0	1	1.268	0.06929
42	6	1.437	1	0	-2.34	-0.1126
42	6	5.556	0	0	1.649	0.6693
42	6	5.501	1	1	-0.8988	-0.7905
42	6	1.922	1	1	2.072	-0.7905
42	6	0.2012	1	1	-0.6587	1.836
42	6	5.638	1	1	0.6053	-0.3058
42	6	0.8435	0	0	0.6569	0.6693
42	6	5.371	1	1	0.4355	-1.296
42	6	0.8677	1	1	-0.5663	-1.162
42	6	0.1898	0	1	0.7909	-1.509
42	6	0.6534	0	0	-0.3097	-0.9706
42	6	0.9292	1	1	1.03	-0.8494
42	6	0.5558	1	1	-1.189	-0.2077
42	6	0.4239	0	0	1.803	-0.8494
42	6	5.426	0	0	-1.053	-1.228
42	6	0.7147	0	1	1.135	-0.5119
42	6	5.03	0	0	0.1141	-0.9706
42	6	1.802	1	1	0.289	-0.676
42	6	0.2319	1	0	-0.04631	1.293
42	6	1.625	0	1	0.4405	-0.5656
42	6	5.595	0	0	0.4444	-0.7327
42	6	1.807	0	0	1.057	-0.6203
42	6	0.07077	1	1	-0.6317	1.91
42	6	0.9915	1	1	0.3225	-1.162
42	6	2.202	1	1	0.4736	-0.2563
42	6	0.2647	1	1	-0.8128	0.02482
42	6	5.567	1	1	-0.6254	-0.0203
42	6	0.132	0	0	0.4858	1.811
42	6	1.663	1	1	-0.4309	1.141
42	6	1.771	0	0	-0.4523	1.811
42	6	0.0933	1	1	-1.16	-0.8494
43	6	1.943	0	0	0.1702	0.1585
43	6	0.2426	1	1	-0.7049	-1.377
43	6	0.1886	0	0	0.5561	1.305
43	6	1.528	1	0	1.161	-0.4608
43	6	0.01278	0	0	-0.2125	1.33
43	6	5.378	1	1	-0.7542	-0.8032
43	6	0.6767	1	0	-1.106	-0.07341
43	6	0.6865	1	1	0.1295	1.403
43	6	5.181	0	0	-0.1934	-0.4151
43	6	1.632	1	1	0.06535	-0.5545
43	6	0.04146	1	1	-0.7458	-0.5545
43	6	0.3308	0	1	-1.129	1.305
43	6	0.4523	0	1	-1.429	0.8478
43	6	1.048	0	0	-0.8583	-0.8557
43	6	0.08798	0	0	1.599	2.617
43	6	1.123	1	0	0.2144	-0.2821
43	6	0.0794	0	1	0.2661	1.045
43	6	1.587	0	0	-0.01241	0.2677
43	6	0.4264	0	1	-0.2889	0.1953
43	6	1.005	0	0	0.217	-0.4151
43	6	1.752	1	1	-1.3	0.5724
43	6	0.453	1	1	-0.2961	-0.8032
43	6	0.2889	1	1	-0.7334	0.6981
43	6	0.7338	0	0	-0.8875	2.371
43	6	0.3961	1	1	-0.1999	-0.9636
43	6	5.533	0	0	-0.3965	-0.5545
43	6	5.469	1	1	-0.9818	-0.8032
43	6	5.3	1	1	0.09014	-0.07341
43	6	0.6835	0	0	-0.7897	-1.192
43	6	5.478	1	1	0.254	-0.5545
43	6	0.5464	0	0	-2.128	1.427
43	6	1.383	0	0	-0.5175	-0.7012
43	6	0.3843	1	1	-1.299	1.497
43	6	0.334	0	1	-0.1909	0.7589
43	6	5.7	0	0	-0.7417	-1.253
43	6	5.399	0	0	2.495	-0.3258
43	6	1.972	1	1	-0.03277	-0.1968
43	6	0.551	0	0	-1.166	0.4744
43	6	1.746	1	1	0.09951	-0.3258
43	6	5.429	1	1	-0.8973	-0.3701
43	6	0.4574	0	0	-0.3037	-1.507
43	6	0.2258	1	1	-1.571	-0.5073
43	6	5.166	0	0	0.01123	1.427
43	6	0.1304	1	1	-0.8509	-0.6514
43	6	1.725	1	1	-0.7936	-0.9636
43	6	0.1033	1	1	-0.5011	-0.3701
43	6	1.746	1	1	-0.8926	-0.9636
43	6	0.341	1	0	-0.3654	1.125
43	6	0.8754	1	1	0.5894	-1.253
43	6	1.131	1	0	-0.9215	-0.7012
44	6	0.5279	1	1	0.2224	-0.6306
44	6	5.631	0	0	-1.036	-1.469
44	6	1.069	1	0	0.944	-0.2415
44	6	1.243	1	1	-0.05291	0.2206
44	6	0.7861	1	0	-0.8582	0.1017
44	6	1.834	0	0	-0.2094	2.898
44	6	0.4041	1	1	1.124	0.2206
44	6	5.218	0	0	1.098	-0.9609
44	6	0.85	0	0	-0.454	-0.7911
44	6	5.18	1	1	-0.2539	-0.6831
44	6	0.104	0	1	0.2867	-0.06486
44	6	1.702	0	0	-1.977	-0.334
44	6	1.03	1	1	-0.02291	0.5854
44	6	5.489	0	0	0.7219	0.3721
44	6	0.01748	1	1	-1.632	-0.2874
44	6	0.7952	0	1	0.5747	-0.06486
44	6	0.3365	0	1	-2.745	-0.2415
44	6	1.435	0	0	0.8804	1.662
44	6	1.669	1	1	0.9669	1.662
44	6	0.9279	1	1	1.099	0.1017
44	6	2.018	0	0	0.6039	2.019
44	6	0.272	1	0	0.5803	2.24
44	6	1.954	0	0	0.1276	0.2206
44	6	0.6108	1	1	1.16	-1.685
44	6	0.326	0	0	-0.5922	0.4449
44	6	0.2831	1	1	-0.6145	0.1419
44	6	0.9929	0	1	-0.4664	-0.2415
44	6	1.166	1	1	-0.6077	0.01961
44	6	5.121	1	1	0.7447	-1.268
44	6	0.2486	1	1	0.05151	-0.4296
44	6	5.447	1	1	0.5528	-0.334
44	6	0.4481	0	0	-0.1087	-0.6831
44	6	1.844	0	1	0.4926	1.389
44	6	0.3438	1	1	0.5322	-0.108
44	6	5.208	1	1	-0.7728	-0.5284
44	6	5.464	1	1	-0.1249	-0.9031
44	6	1.961	1	1	1.499	1.201
44	6	5.399	0	0	-1.713	-1.611
44	6	0.5586	1	1	0.01673	0.516
44	6	0.00623	0	1	-1.148	-0.4786
44	6	0.6769	0	0	-1.904	-0.9031
44	6	0.1701	0	0	0.7091	-0.7911
44	6	5.326	1	1	-0.9244	-0.8466
44	6	0.2855	0	1	0.4247	-0.5284
44	6	0.388	1	1	1.379	-0.2874
44	6	0.6117	0	0	-0.1077	2.142
44	6	0.5552	0	1	0.6288	-0.4786
44	6	0.1712	0	1	0.5212	-0.1963
44	6	0.7042	0	1	0.3009	0.01961
44	6	1.588	0	1	-0.1454	-0.108
45	6	0.03375	0	0	0.1884	-2.246
45	6	5.379	1	1	1.655	-0.7641
45	6	0.3677	1	1	-0.001585	0.1071
45	6	0.5239	0	1	0.8345	0.257
45	6	0.4633	0	1	-0.3972	-0.6338
45	6	1.658	0	0	0.6072	0.3532
45	6	2.137	1	1	0.3358	0.1071
45	6	5.336	0	0	1.899	-0.4476
45	6	0.5117	0	0	-0.1278	0.3055
45	6	1.605	0	0	-1.31	0.998
45	6	5.42	1	1	-0.1647	-0.4476
45	6	1.982	1	1	0.6969	-0.329
45	6	0.5554	1	1	0.4233	-0.04977
45	6	0.8198	0	0	1.902	3.16
45	6	0.4097	0	1	0.3504	-0.3878
45	6	0.3432	1	1	-1.128	-0.8996
45	6	4.851	1	1	0.2791	0.003362
45	6	5.157	1	1	0.05676	-0.2712
45	6	0.08703	0	0	1.47	0.5823
45	6	5.487	0	0	-1.332	0.1578
45	6	0.654	0	1	0.5235	-0.329
45	6	5.476	0	0	-0.6008	-0.329
45	6	0.5138	1	1	1.846	-0.8996
45	6	1.134	0	1	0.9488	-0.4476
45	6	0.2074	0	1	0.4159	0.5378
45	6	0.6439	1	1	0.8546	-0.8996
45	6	1.672	0	0	0.2964	-0.5706
45	6	0.343	0	1	1.005	2.928
45	6	0.4695	0	1	0.2893	-0.6983
45	6	5.709	0	0	1.565	-0.7641
45	6	1.608	0	1	0.0215	2.357
45	6	0.5214	1	1	0.5073	0.05566
45	6	0.737	0	0	0.7956	-1.764
45	6	0.05906	1	1	-0.706	1.762
45	6	0.3547	1	0	0.5791	-0.1587
45	6	1.031	0	0	0.2033	0.4468
45	6	1.456	1	1	1.217	-0.4476
45	6	0.4633	1	1	1.811	-0.1587
45	6	1.099	1	1	1.922	-0.1038
45	6	5.188	1	1	0.3976	-0.7641
45	6	1.863	1	1	-0.2288	-0.8996
45	6	0.9895	1	1	-0.7917	0.05566
45	6	0.1449	1	1	-0.5748	-0.7641
45	6	1.818	0	0	0.9976	-0.7641
45	6	0.7037	1	0	1.126	0.7966
45	6	0.632	0	0	-0.5521	0.6697
45	6	0.4862	0	0	0.3566	-0.1587
45	6	1.058	1	1	0.1127	0.7549
45	6	1.752	0	0	-0.3767	0.998
45	6	5.095	1	1	-1.095	0.003362
46	6	5.744	0	0	2.604	-1.61
46	6	1.893	0	0	-1.131	-0.7749
46	6	0.9631	1	1	1.398	0.1205
46	6	0.3523	1	1	0.3472	0.02414
46	6	0.008001	1	1	-0.2946	-0.2158
46	6	1.82	1	1	-1.206	-0.9123
46	6	1.034	1	1	-0.02127	-0.8199
46	6	0.7511	0	0	1.252	0.4181
46	6	0.5463	1	0	1.24	-0.7749
46	6	0.7746	0	1	0.1488	-1.431
46	6	1.726	0	1	-1.486	-1.159
46	6	0.2981	0	1	-0.4649	0.1205
46	6	0.512	1	1	1.112	-0.4803
46	6	5.297	1	1	0.598	-0.2886
46	6	0.4785	0	1	0.1254	1.682
46	6	0.02906	1	1	0.7639	-0.6025
46	6	0.3795	0	0	1.739	-0.6025
46	6	0.2136	1	0	-1.212	-0.6873
46	6	0.9135	0	1	-1.034	-0.1449
46	6	0.8449	0	1	-0.5796	2.307
46	6	0.575	1	0	-0.03874	-0.252
46	6	1.977	1	0	-1.56	0.9951
46	6	0.7329	0	1	0.01179	0.05667
46	6	5.188	0	0	0.7294	-1.431
46	6	0.08631	0	0	-0.5408	1.127
46	6	0.4986	0	1	0.4125	2.577
46	6	1.905	0	1	-1.369	-0.04217
46	6	1.873	1	1	0.7649	-0.1801
46	6	0.2781	0	1	-0.1144	1.849
46	6	0.0433	1	1	-0.6944	0.4181
46	6	0.7537	0	0	-0.04967	1.612
46	6	0.3401	0	1	-1.751	2.006
46	6	1.788	1	1	-0.1249	-0.4019
46	6	5.472	0	0	-0.91	-0.7749
46	6	5.616	1	1	-2.14	-0.8199
46	6	5.545	0	0	1.147	0.3898
46	6	1.512	1	0	0.9212	0.6077
46	6	0.4022	1	1	-0.262	-0.252
46	6	0.05848	1	1	1.481	-0.2886
46	6	1.367	1	1	0.9483	-0.1449
46	6	5.468	1	1	0.1506	-0.1102
46	6	0.7366	0	1	1.463	0.1519
46	6	5.19	1	1	1.32	-0.3636
46	6	0.3128	1	1	1.677	-0.9123
46	6	5.172	1	1	-0.5629	-1.057
46	6	0.605	1	0	0.06843	1.148
46	6	5.024	1	1	1.179	-1.008
46	6	0.4081	1	0	-0.7725	0.6077
46	6	1.641	0	0	0.2615	-0.8657
46	6	0.5979	0	0	-1.27	1.19
47	6	0.5463	1	1	0.6183	-0.8725
47	6	1.823	1	0	0.1247	1.222
47	6	0.2927	1	0	0.2762	1.932
47	6	0.5387	0	1	0.6317	-0.1405
47	6	5.376	1	1	1.204	-0.8725
47	6	2.066	0	0	-0.08747	-0.3663
47	6	2.008	1	1	1.562	-0.8181
47	6	0.4506	0	0	-0.1468	1.494
47	6	0.558	0	0	0.6061	1.222
47	6	0.2235	0	1	1.243	2.173
47	6	5.981	1	1	-0.93	-0.8725
47	6	0.9688	0	0	0.4908	-0.6603
47	6	2.085	1	0	1.509	-0.1844
47	6	0.4856	0	0	0.04466	2.151
47	6	1.669	1	0	1.323	1.622
47	6	0.6024	0	0	-0.1695	0.2295
47	6	0.2487	1	1	0.7471	-0.6094
47	6	5.456	0	0	2.979	0.5957
47	6	1.919	0	0	-0.9681	-0.4613
47	6	0.7669	0	0	-0.9837	0.4902
47	6	0.4542	1	0	1.008	0.6641
47	6	0.1977	0	1	1.043	-0.6094
47	6	5.34	0	0	-0.42	-0.274
47	6	0.9432	0	0	0.5933	-0.5592
47	6	0.6943	1	1	-0.4026	-0.6603
47	6	0.8866	1	0	-0.5167	-0.274
47	6	0.8607	1	1	-0.2995	-1.042
47	6	0.7018	1	1	0.04852	-0.5592
47	6	1.733	0	0	-1.042	-0.5099
47	6	0.1166	1	1	0.9455	-0.4134
47	6	0.08301	1	0	-1.241	0.5258
47	6	0.6266	1	0	0.3115	0.7312
47	6	0.7254	1	1	-0.3002	-0.8181
47	6	5.413	0	0	-2.04	-1.159
47	6	0.1279	0	0	0.5526	0.5957
47	6	1.987	1	1	1.17	-0.4134
47	6	5.295	1	1	0.2894	-1.159
47	6	0.3864	1	1	-0.1589	1.816
47	6	1.013	0	0	-0.8584	-0.5099
47	6	0.6095	0	1	-0.9999	-0.1844
47	6	0.1351	0	0	-0.06645	2.357
47	6	0.7073	1	0	-0.3035	-0.274
47	6	1.696	0	0	0.008699	-0.6603
47	6	0.2913	0	0	-0.005707	0.3439
47	6	5.352	0	0	0.4732	0.3439
47	6	1.711	1	1	-1.342	-1.042
47	6	5.27	0	0	-1.021	-0.8181
47	6	0.5874	0	1	-0.4264	-0.1844
47	6	5.374	0	0	-2.172	-0.9842
47	6	5.548	1	1	-0.2618	-1.542
48	6	0.09574	0	0	0.4944	1.597
48	6	2.047	0	0	0.2758	-0.4536
48	6	5.261	1	1	-0.1019	-1.13
48	6	5.313	1	1	0.3194	-0.6092
48	6	1.947	1	1	0.4511	-1.326
48	6	0.9279	1	1	2.244	-0.7175
48	6	1.609	1	1	0.5199	1.648
48	6	5.316	0	0	-1.006	0.1411
48	6	0.0574	0	1	0.2142	-0.7175
48	6	0.2929	0	1	-0.7956	0.09923
48	6	0.3462	0	1	-0.9765	0.8426
48	6	5.154	1	1	0.9724	-0.6629
48	6	0.1843	0	0	0.8595	0.8753
48	6	5.515	0	0	0.3043	-0.4536
48	6	5.443	0	0	-0.9122	-0.7175
48	6	0.5091	1	1	1.374	-0.8876
48	6	0.3241	0	1	0.8416	-0.02983
48	6	0.4397	0	1	-0.5489	-0.8298
48	6	0.2308	0	1	1.001	-1.464
48	6	0.6737	0	1	0.4369	2.284
48	6	0.1225	1	1	0.5474	-0.3542
48	6	0.3995	0	1	0.08168	2.444
48	6	0.8509	0	0	0.346	1.272
48	6	0.8564	1	1	-0.02845	-0.3057
48	6	0.4513	1	1	0.6258	0.9716
48	6	0.1971	1	1	-0.07751	-1.13
48	6	0.2762	1	1	0.1986	-1.13
48	6	1.279	0	0	0.6335	0.7759
48	6	1.018	0	0	-0.3512	0.3028
48	6	1.806	0	1	0.5645	-0.119
48	6	1.726	0	0	1.505	0.01381
48	6	0.1834	1	1	-1.223	-0.0741
48	6	2.138	0	0	0.2918	0.01381
48	6	0.1411	1	0	1.261	1.772
48	6	1.064	1	1	-0.2331	-0.6092
48	6	1.834	0	1	0.8697	-0.119
48	6	1.413	0	1	-0.8413	-0.3542
48	6	5.386	1	1	-0.6939	-0.3542
48	6	0.3209	1	0	1.331	2.424
48	6	4.968	1	1	0.3132	-1.13
48	6	0.8895	0	0	0.3445	-0.119
48	6	1.767	1	1	-0.8031	-0.7175
48	6	1.138	1	1	1.169	0.3806
48	6	2.416	1	0	-0.02269	-0.3542
48	6	1.001	0	0	-0.5059	-0.7175
48	6	0.4798	0	1	-1.73	-0.4536
48	6	1.088	1	1	-0.5237	-0.8876
48	6	0.7813	0	1	0.417	0.8094
48	6	5.079	1	1	-1.07	-0.7732
48	6	5.305	1	0	-1.291	1.034
49	6	0.1411	1	0	-0.8495	-0.3097
49	6	0.7668	0	1	0.6504	0.209
49	6	1.614	0	0	0.01624	-0.6674
49	6	5.241	0	0	0.2711	-1.482
49	6	0.4034	1	1	1.952	-0.8189
49	6	0.1183	1	1	0.5443	-1.056
49	6	1.76	0	0	-1.164	-0.1743
49	6	1.158	0	1	-0.1814	-1.056
49	6	0.1618	1	0	0.9535	0.7286
49	6	0.3601	1	1	-0.7038	0.3298
49	6	1.882	0	0	0.6486	0.8892
49	6	1.705	0	0	1.871	1.243
49	6	5.244	1	1	0.1523	-0.3097
49	6	0.5543	0	1	0.1373	-0.5209
49	6	0.9879	1	1	0.6637	-0.5209
49	6	0.3401	0	0	0.0559	0.0215
49	6	0.2092	1	1	-0.8363	0.2698
49	6	0.3346	1	1	0.5154	3.119
49	6	0.3266	0	0	0.9894	0.8892
49	6	0.8982	0	0	0.9952	0.4474
49	6	1.874	1	1	-1.113	-0.6674
49	6	5.386	1	1	2.328	-0.3097
49	6	1.936	0	0	-0.8204	0.3298
49	6	0.4686	0	1	0.8424	0.209
49	6	1.133	0	1	-0.4575	0.6183
49	6	0.9011	1	1	1.046	-0.379
49	6	0.9607	0	0	1.425	0.1474
49	6	5.297	0	0	0.7416	-0.1743
49	6	2.046	1	1	0.1841	-0.8189
49	6	5.227	1	1	0.9129	-0.5209
49	6	0.2615	0	0	-1.789	3.214
49	6	0.3109	0	0	0.3117	0.1474
49	6	0.07865	0	1	0.4822	0.209
49	6	0.8403	1	0	0.3812	0.6183
49	6	0.167	1	0	0.6789	-0.5209
49	6	5.741	0	0	0.9247	-1.138
49	6	0.9176	0	0	-0.3132	-0.1743
49	6	2.165	0	0	-0.3681	-0.1743
49	6	0.73	1	1	0.7943	-0.7425
49	6	0.3177	1	1	1.088	-1.138
49	6	5.65	1	1	-0.06742	-1.056
49	6	0.3737	1	0	0.4874	-0.4494
49	6	5.495	0	0	-1.017	-0.6674
49	6	1.888	1	1	0.6414	-1.222
49	6	0.4728	1	1	1.063	0.4474
49	6	5.493	1	1	0.5456	-0.6674
49	6	5.639	0	0	-0.5645	-0.0428
49	6	0.5421	0	0	1.222	0.389
49	6	0.6558	1	0	0.8365	2.856
49	6	2.1	1	1	1.082	0.4474
