0	2	0.9078	0	1	0.4172
0	2	5.606	0	0	-0.2141
0	2	5.565	0	0	-1.053
0	2	3.671	1	1	-1.274
0	2	0.8104	0	0	-0.02707
0	2	0.54	1	1	-0.8732
0	2	0.48	0	1	-0.8657
0	2	1.839	0	0	-0.2344
0	2	3.847	1	1	-0.3118
0	2	3.366	1	1	-0.7173
0	2	5.339	1	1	-0.7395
0	2	0.8192	1	1	0.9076
0	2	3.588	1	1	-0.1925
0	2	1.818	0	1	-0.3783
0	2	0.2609	1	1	-0.3881
0	2	0.9319	1	1	-0.1176
0	2	5.454	0	0	-1.701
0	2	3.423	1	1	0.1373
0	2	0.6028	1	1	2.75
0	2	2.102	0	0	0.3631
0	2	0.4616	0	0	0.8061
0	2	5.566	0	0	-0.8458
0	2	1.096	0	1	0.7673
0	2	3.758	1	1	-0.2225
0	2	3.361	1	1	-0.4647
0	2	1.711	1	1	-0.8932
0	2	2.026	0	0	-0.3249
0	2	3.711	1	1	-0.3972
0	2	0.2069	0	1	-0.4306
0	2	1.511	0	1	-0.3671
0	2	5.447	0	0	-1.252
0	2	0.1284	0	1	1.764
0	2	1.003	1	0	1.581
0	2	0.8907	1	1	-0.5385
0	2	5.415	1	1	-0.06712
0	2	0.5034	0	0	2.354
0	2	3.579	1	1	0.2105
0	2	3.446	0	0	2.216
0	2	1.776	0	1	0.9528
0	2	0.6861	1	1	1.263
0	2	5.294	1	1	-0.09609
0	2	1.09	1	1	0.129
0	2	0.2127	0	1	1.07
0	2	5.318	1	1	-0.3911
0	2	5.501	0	0	-0.594
0	2	2.14	0	0	-1.287
0	2	1.75	1	1	-0.9712
0	2	1.44	0	1	-0.9087
0	2	1.189	0	0	0.2188
0	2	0.5377	1	1	2.072
1	2	5.303	0	0	2.052
1	2	5.026	1	1	0.1586
1	2	1.656	0	1	0.3243
1	2	0.7395	1	1	0.7282
1	2	2.091	0	0	0.837
1	2	1.751	0	0	0.3715
1	2	1.409	1	1	-1.13
1	2	3.797	0	0	0.5856
1	2	2.048	1	1	-0.3472
1	2	5.474	0	0	-0.901
1	2	3.402	1	1	-0.169
1	2	5.65	1	1	0.6054
1	2	3.572	1	1	1.637
1	2	0.5807	1	1	-1.323
1	2	1.611	1	1	1.442
1	2	0.5284	0	1	1.296
1	2	0.3894	1	0	0.1653
1	2	1.709	0	1	0.4619
1	2	0.6819	0	1	0.09598
1	2	0.3316	1	0	0.6
1	2	3.716	0	0	-1.909
1	2	1.54	1	1	-1.084
1	2	3.706	1	1	0.5734
1	2	1.079	1	1	-0.9781
1	2	2.026	1	0	-1.206
1	2	1.016	0	1	0.3302
1	2	0.6742	0	1	-0.4663
1	2	0.546	0	1	-1.117
1	2	1.74	0	0	-0.881
1	2	0.3738	0	1	-0.6887
1	2	0.346	0	0	-0.8014
1	2	3.174	1	1	0.3
1	2	3.59	1	1	-1.534
1	2	5.064	1	1	0.7402
1	2	3.964	1	1	1.374
1	2	5.307	1	1	0.382
1	2	0.7258	0	1	3.097
1	2	0.4197	0	1	0.5991
1	2	1.107	1	1	-1.118
1	2	0.3087	1	1	0.6122
1	2	0.5867	0	1	-1.007
1	2	1.097	1	1	-0.6886
1	2	3.539	0	0	1.062
1	2	5.29	0	0	0.2336
1	2	0.3045	0	0	2.153
1	2	0.8348	0	1	-1.313
1	2	5.698	0	0	-0.7154
1	2	4.867	1	1	-0.07988
1	2	3.441	1	1	-0.8039
1	2	5.367	0	0	0.7258
2	2	0.7414	1	1	0.3085
2	2	5.511	0	0	1.118
2	2	5.619	0	0	2.013
2	2	5.117	0	0	0.1043
2	2	0.4934	1	1	-2.463
2	2	1.334	1	1	-0.5767
2	2	3.567	0	0	0.8765
2	2	3.468	0	0	-1.916
2	2	1.605	1	1	0.8623
2	2	0.2235	1	1	0.06782
2	2	0.4812	0	0	0.105
2	2	1.852	0	0	-1.051
2	2	0.8466	1	1	0.4207
2	2	5.103	0	0	-0.3741
2	2	1.138	1	1	-0.7484
2	2	3.746	0	0	-1.647
2	2	1.138	0	0	-1.128
2	2	3.809	0	0	0.9033
2	2	0.8997	1	0	0.673
2	2	0.5792	0	1	0.6453
2	2	0.629	0	0	-0.5038
2	2	3.923	0	0	-0.947
2	2	0.5888	0	0	-0.9063
2	2	0.0739	0	0	0.9769
2	2	0.858	0	1	0.001325
2	2	0.3576	0	1	-1.152
2	2	3.504	1	1	0.9366
2	2	0.6897	0	1	-1.84
2	2	5.266	0	0	-0.458
2	2	3.749	1	1	0.9376
2	2	0.7647	0	0	-0.9562
2	2	1.57	1	1	-0.5877
2	2	1.822	1	1	-0.2675
2	2	5.724	0	0	0.7815
2	2	5.813	1	1	-1.359
2	2	5.547	1	1	0.8962
2	2	5.034	0	0	0.8115
2	2	2.125	1	1	-1.147
2	2	3.878	1	1	1.278
2	2	0.1711	1	1	1.685
2	2	1.72	1	1	0.3933
2	2	0.7885	1	0	0.4179
2	2	1.78	1	1	-1.461
2	2	5.201	0	0	-1.453
2	2	1.82	1	1	0.1258
2	2	3.347	1	1	-0.6035
2	2	0.5685	0	1	-2.37
2	2	1.887	1	0	-1.205
2	2	0.9756	1	0	0.7033
2	2	3.695	1	1	0.8089
3	2	0.6699	1	1	2.241
3	2	1.792	0	0	0.6526
3	2	5.632	1	1	-0.02797
3	2	0.5242	1	1	-0.7285
3	2	1.704	1	1	-0.7801
3	2	1.018	0	1	0.608
3	2	0.9874	1	1	0.6076
3	2	1.605	0	0	0.8503
3	2	3.433	0	0	0.8799
3	2	0.8902	1	0	0.6294
3	2	3.759	0	0	0.7086
3	2	5.375	0	0	0.5121
3	2	2.046	1	1	0.7641
3	2	0.4378	1	1	0.4732
3	2	5.457	1	1	-1.059
3	2	1.733	0	1	0.5824
3	2	5.532	0	0	0.06728
3	2	3.665	1	1	1.416
3	2	3.542	0	0	1.582
3	2	3.45	0	0	-0.5779
3	2	1.721	0	1	-1.699
3	2	1.054	0	0	0.0534
3	2	3.285	0	0	-0.1426
3	2	0.4183	1	1	1.304
3	2	3.473	1	0	-1.034
3	2	5.353	1	1	-0.6092
3	2	5.431	1	1	1.083
3	2	1.624	0	0	0.3637
3	2	5.554	0	0	1.683
3	2	0.8464	1	1	0.6699
3	2	0.8754	0	0	-0.6656
3	2	0.3078	1	1	0.1543
3	2	5.532	0	0	0.6697
3	2	0.8286	0	1	0.91
3	2	5.508	0	0	2.688
3	2	0.5239	0	1	0.8258
3	2	1.839	0	0	0.5847
3	2	1.577	1	1	-0.2227
3	2	0.9573	1	1	1.71
3	2	1.892	0	0	-0.1556
3	2	1.453	1	1	-0.3348
3	2	3.698	1	1	-1.036
3	2	0.5001	0	1	0.2778
3	2	0.7504	1	1	1.666
3	2	3.49	1	0	-1.079
3	2	5.787	1	1	-1.182
3	2	0.2374	0	1	1.362
3	2	0.3688	1	0	0.9082
3	2	3.611	1	1	0.2304
3	2	0.03091	0	1	0.4832
4	2	1.033	0	1	3.309
4	2	0.2877	0	0	2.03
4	2	5.757	1	1	-0.1726
4	2	0.004183	1	1	-0.6402
4	2	3.594	1	1	-0.9751
4	2	0.3365	1	0	-0.2092
4	2	2.025	1	1	0.01177
4	2	5.749	0	0	1.151
4	2	1.063	0	0	-0.4818
4	2	1.775	1	0	0.6678
4	2	1.286	0	1	-0.003475
4	2	0.2707	1	1	0.622
4	2	0.5783	1	1	-0.5661
4	2	1.075	1	1	-0.7807
4	2	1.878	0	1	0.5782
4	2	0.7077	0	0	-0.4521
4	2	0.7001	1	1	0.3128
4	2	5.156	0	0	-0.6446
4	2	0.2285	1	1	-2.154
4	2	5.254	0	1	0.2692
4	2	1.977	1	1	-1.278
4	2	0.8379	0	0	-0.1259
4	2	0.8159	0	1	1.394
4	2	5.245	0	0	1.621
4	2	3.29	0	0	-1.463
4	2	5.707	0	0	-0.9825
4	2	1.836	1	1	0.6758
4	2	3.808	0	1	-0.2877
4	2	1.86	0	1	0.6818
4	2	0.7876	1	1	-0.3014
4	2	1.528	0	1	1.821
4	2	1.698	0	0	1.205
4	2	0.9167	1	1	-0.4156
4	2	3.408	0	0	-0.662
4	2	0.2553	1	1	0.2911
4	2	1.058	1	1	1.809
4	2	1.168	1	1	-0.1809
4	2	3.51	1	1	0.4796
4	2	1.83	0	0	0.1699
4	2	5.37	1	1	-2.707
4	2	0.2732	1	1	0.5344
4	2	1.699	1	0	2.038
4	2	3.332	1	1	-0.5357
4	2	3.136	0	1	-1.3
4	2	5.422	1	1	-0.1896
4	2	3.595	0	0	-1.733
4	2	3.993	0	1	-0.5018
4	2	5.334	0	0	-1.72
4	2	3.542	1	1	0.3567
4	2	5.686	1	1	1.037
5	2	0.4565	1	1	1.078
5	2	5.056	0	0	-0.1382
5	2	0.6045	0	1	0.1497
5	2	0.5163	1	1	0.5309
5	2	0.4758	1	0	-0.1782
5	2	1.08	1	1	-1.064
5	2	3.649	0	0	-0.3859
5	2	5.245	1	1	-0.342
5	2	0.8966	0	1	-0.07494
5	2	1.698	0	0	0.8072
5	2	5.32	1	1	-1.99
5	2	0.9805	0	1	0.1545
5	2	0.7107	1	1	0.7778
5	2	1.591	0	1	-0.9348
5	2	5.211	1	1	-0.7874
5	2	5.11	0	0	-1.863
5	2	1.897	0	0	0.102
5	2	1.6	0	0	0.09384
5	2	0.9812	1	0	0.2976
5	2	3.649	0	0	0.421
5	2	1.276	0	1	-0.5286
5	2	0.2704	0	0	-0.8764
5	2	3.664	1	1	-1.425
5	2	5.2	0	0	-2.898
5	2	1.058	0	1	-1.134
5	2	3.671	1	1	-0.637
5	2	3.342	1	1	-1.071
5	2	1.78	1	1	0.9835
5	2	3.67	1	1	-0.1616
5	2	0.478	1	1	0.2402
5	2	1.777	1	1	-1.37
5	2	3.381	1	1	0.8273
5	2	0.4297	0	1	-0.9418
5	2	0.6624	0	1	-0.9716
5	2	3.786	1	0	-0.3971
5	2	1.994	1	0	0.5922
5	2	3.623	0	0	-1.596
5	2	1.187	1	1	0.8999
5	2	5.223	0	0	0.243
5	2	5.425	1	1	0.6535
5	2	5.189	1	1	1.466
5	2	1.011	0	1	1.276
5	2	1.822	0	0	-1.011
5	2	0.6491	0	1	-0.8394
5	2	1.813	1	1	-1.816
5	2	5.448	0	0	0.1919
5	2	0.6812	0	1	-0.8276
5	2	1.005	0	1	0.8765
5	2	1.743	0	0	1.434
5	2	3.111	1	1	-1.076
6	2	0.4737	0	0	0.3006
6	2	1.815	0	1	2.593
6	2	0.626	0	0	0.5168
6	2	5.307	1	1	-1.037
6	2	0.9111	1	1	0.873
6	2	0.9342	0	0	-1.865
6	2	3.418	0	1	-1.355
6	2	0.3302	1	1	0.2438
6	2	3.593	1	1	-1.355
6	2	5.388	0	0	0.301
6	2	0.7886	0	1	-1.458
6	2	0.8327	0	1	-1.35
6	2	3.535	1	1	-0.8428
6	2	5.614	1	1	0.4366
6	2	1.649	1	1	0.2625
6	2	3.746	1	1	-0.1558
6	2	0.6206	0	1	-0.2139
6	2	3.63	0	1	1.382
6	2	0.5844	0	0	0.9698
6	2	1.095	1	1	1.373
6	2	5.152	1	1	1.201
6	2	3.918	0	0	-0.3785
6	2	1.086	1	1	1.183
6	2	1.768	0	1	-0.2242
6	2	0.1712	0	0	-1.207
6	2	1.927	1	0	-1.598
6	2	0.9079	0	1	0.26
6	2	1.165	1	1	0.7876
6	2	5.372	1	1	1.046
6	2	0.4612	1	1	0.2922
6	2	1.84	0	0	2.098
6	2	1.619	1	1	1.96
6	2	5.456	1	1	0.6781
6	2	3.452	0	0	0.6067
6	2	0.9893	1	1	-0.4457
6	2	5.015	0	0	0.3614
6	2	1.905	1	1	0.4655
6	2	0.9496	0	1	0.3653
6	2	3.652	0	0	-1.041
6	2	5.586	0	0	0.6297
6	2	0.5767	1	0	0.9068
6	2	1.819	1	1	0.3175
6	2	3.873	0	0	-0.09186
6	2	0.8019	0	0	-0.2873
6	2	5.617	0	0	0.7331
6	2	5.494	0	0	-1.002
6	2	1.712	1	1	0.5561
6	2	3.616	0	0	1.4
6	2	0.6188	1	1	-1.015
6	2	1.712	1	1	1.862
7	2	0.8764	0	1	0.3219
7	2	0.5958	1	0	1.986
7	2	3.311	1	1	0.1618
7	2	1.868	0	0	-0.3902
7	2	1.879	0	0	-0.4403
7	2	0.2983	1	1	-0.718
7	2	5.827	0	1	0.4732
7	2	2.214	0	1	-1.279
7	2	3.595	0	0	-0.2156
7	2	0.7008	1	0	-1.012
7	2	0.7917	1	1	-1.058
7	2	0.7724	0	1	-1.108
7	2	5.259	0	1	1.218
7	2	5.52	0	0	0.5692
7	2	3.518	1	1	0.2045
7	2	0.593	1	1	1.088
7	2	1.915	1	0	0.6526
7	2	5.484	0	0	-0.3967
7	2	3.519	0	0	0.9128
7	2	0.4283	0	1	-0.1907
7	2	0.3337	0	1	0.5946
7	2	0.5363	1	1	-0.2244
7	2	0.4767	1	1	-0.5893
7	2	2.005	1	1	-1.816
7	2	3.38	1	1	-2.04
7	2	0.8541	1	1	2.017
7	2	0.8812	1	0	2.418
7	2	0.3625	0	1	0.5385
7	2	0.7357	1	1	1.129
7	2	5.323	1	1	0.4053
7	2	3.473	0	1	0.4351
7	2	5.318	1	1	-0.3617
7	2	1.733	1	0	1.314
7	2	5.724	1	1	0.4525
7	2	1.117	1	0	-0.1991
7	2	4.02	0	1	2.223
7	2	1.544	0	0	-0.9432
7	2	0.08038	0	1	0.3936
7	2	1.537	1	1	-1.775
7	2	0.7237	0	1	1.359
7	2	0.8379	1	1	-0.9793
7	2	3.704	0	0	-0.177
7	2	3.681	0	0	1.523
7	2	0.2766	1	1	1.979
7	2	1.724	0	0	1.757
7	2	3.635	1	1	0.08328
7	2	1.397	0	0	0.2544
7	2	5.645	0	0	-2.044
7	2	5.106	1	1	0.6149
8	2	1.991	1	1	1.91
8	2	3.536	1	1	0.6884
8	2	0.4584	1	1	-0.6099
8	2	2.083	1	1	0.2753
8	2	3.649	1	1	-0.3135
8	2	1.726	1	1	0.9496
8	2	1.901	0	0	-0.9105
8	2	1.997	0	1	1.697
8	2	5.297	0	0	-0.4626
8	2	5.481	1	1	-0.4334
8	2	0.9735	0	1	-0.01796
8	2	0.7244	0	1	-1.008
8	2	5.755	0	0	-1.086
8	2	0.4864	1	0	0.08836
8	2	3.572	1	0	-0.08847
8	2	1.895	0	0	0.445
8	2	0.6941	0	1	-0.1076
8	2	0.1751	1	1	1.754
8	2	3.437	1	1	0.6782
8	2	3.396	0	0	0.9576
8	2	1.136	1	1	1.22
8	2	0.9151	0	1	-0.08544
8	2	5.166	1	1	0.7063
8	2	5.448	1	1	-2.945
8	2	0.7034	0	1	1.542
8	2	0.262	1	1	0.1956
8	2	3.587	0	0	0.2266
8	2	1.985	0	0	0.385
8	2	0.3649	1	1	1.473
8	2	5.502	0	0	-0.5869
8	2	1.772	1	1	1.046
8	2	0.4653	0	0	1.264
8	2	3.751	0	0	-2.109
8	2	1.902	1	0	-0.3572
8	2	3.705	1	1	-1.362
8	2	0.6038	1	1	-1.153
8	2	0.08213	0	0	-0.2678
8	2	0.8731	0	0	1.214
8	2	0.5417	0	1	-0.4284
8	2	5.475	0	0	0.001837
8	2	0.1838	1	1	-1.406
8	2	5.424	1	1	-1.34
8	2	1.191	1	1	-0.3352
8	2	3.51	0	0	-1.038
8	2	5.626	0	0	-0.4407
8	2	0.7743	0	1	-0.8356
8	2	3.317	1	0	-0.97
8	2	5.673	1	0	-0.4518
8	2	0.8677	0	1	-2.473
8	2	0.7591	1	0	-1.284
9	2	5.59	1	1	1.631
9	2	5.231	0	0	-0.3132
9	2	5.297	1	1	0.2641
9	2	0.5285	1	0	0.8645
9	2	3.623	1	1	0.5493
9	2	0.8786	1	1	-1.532
9	2	0.1232	0	1	-0.7985
9	2	1.812	1	1	-0.3137
9	2	0.9061	0	0	0.6719
9	2	0.4909	0	0	0.589
9	2	1.317	1	1	0.2216
9	2	1.574	1	1	0.673
9	2	0.3999	1	0	0.8291
9	2	5.265	0	0	0.3137
9	2	0.8014	0	1	0.4533
9	2	3.726	1	1	-0.5386
9	2	3.729	1	1	-0.2233
9	2	1.68	0	0	-0.6135
9	2	0.6248	0	1	0.1055
9	2	1.83	1	0	0.6038
9	2	1.009	1	1	-1.029
9	2	0.8885	0	0	1.578
9	2	0.6366	1	1	2.222
9	2	3.625	1	1	-1.249
9	2	3.531	0	1	0.4804
9	2	0.554	1	1	1.035
9	2	0.2963	1	0	0.7908
9	2	3.782	1	1	0.9434
9	2	3.511	1	1	0.9673
9	2	3.465	0	0	1.096
9	2	5.035	1	1	-0.9719
9	2	0.6026	0	1	0.608
9	2	0.7318	0	0	1.218
9	2	0.5036	1	0	0.5482
9	2	0.8475	0	1	-0.007036
9	2	5.154	0	0	-0.8564
9	2	3.669	0	1	1.571
9	2	1.501	0	0	1.365
9	2	0.312	0	0	1.151
9	2	3.437	1	1	-0.3235
9	2	5.361	1	1	0.4235
9	2	0.6906	0	1	0.5195
9	2	0.2307	0	1	0.7575
9	2	1.579	0	0	0.3177
9	2	1.631	0	0	0.1932
9	2	5.331	0	0	1.546
9	2	1.977	1	1	-1.048
9	2	5.223	0	0	-0.4639
9	2	5.536	1	1	0.06104
9	2	2.036	1	1	1.533
10	3	0.4577	0	1	1.058
10	3	5.255	1	1	0.02199
10	3	0.4338	1	0	-0.2168
10	3	3.777	1	1	0.5219
10	3	5.25	1	1	-0.3323
10	3	3.412	1	1	0.49
10	3	3.475	0	0	0.1191
10	3	5.153	0	0	-0.04614
10	3	1.577	1	1	-2.186
10	3	1.608	1	1	-0.5043
10	3	1.579	1	1	0.4044
10	3	3.659	1	1	1.171
10	3	2.108	0	0	0.6276
10	3	1.496	0	1	-1.599
10	3	1.964	0	1	-2.155
10	3	3.496	1	1	0.6359
10	3	0.9542	0	1	0.1454
10	3	5.625	0	0	1.15
10	3	0.7012	0	1	0.3112
10	3	3.242	1	1	-1.403
10	3	5.301	0	0	0.2304
10	3	1.01	0	1	0.09361
10	3	5.339	1	0	3.996
10	3	0.2988	0	1	0.1495
10	3	0.06345	0	0	0.7095
10	3	5.5	0	0	0.9979
10	3	1.679	1	1	-1.15
10	3	0.5038	1	1	-1.151
10	3	0.86	0	1	0.1165
10	3	3.986	1	1	-1.136
10	3	5.291	0	0	-1.208
10	3	1.574	1	1	-0.4777
10	3	5.463	0	0	-1.309
10	3	1.997	0	0	0.9156
10	3	3.444	1	1	-1.556
10	3	1.9	1	1	0.3801
10	3	0.9954	1	1	0.07792
10	3	0.7497	0	1	-0.05104
10	3	3.765	0	1	-0.1513
10	3	0.7832	0	1	-1.832
10	3	5.413	1	1	0.1862
10	3	1.12	0	1	0.5791
10	3	0.7249	1	1	0.5987
10	3	0.5884	1	0	1.287
10	3	1.128	1	1	0.03433
10	3	3.536	0	1	0.4914
10	3	0.733	1	0	0.1103
10	3	0.2016	1	1	0.4901
10	3	0.1002	0	1	2.128
10	3	0.4123	0	1	3.063
11	3	0.6475	0	1	1.348
11	3	5.247	0	0	0.7151
11	3	3.687	0	0	-1.21
11	3	0.7987	1	0	-0.6861
11	3	0.8797	0	0	0.9977
11	3	5.48	0	0	-2.079
11	3	4.92	1	1	-0.874
11	3	1.015	1	1	-1.569
11	3	1.46	1	1	0.2712
11	3	2.023	0	1	-0.3575
11	3	3.526	1	1	0.1183
11	3	3.141	1	1	-1.415
11	3	5.478	0	0	0.3469
11	3	3.584	1	1	-1.351
11	3	3.446	1	1	-0.3719
11	3	3.475	0	0	-0.9889
11	3	5.475	1	1	-0.1721
11	3	0.5234	1	0	-1.194
11	3	1.156	1	1	0.3392
11	3	3.383	1	1	-0.6659
11	3	0.9599	0	1	-2.286
11	3	0.7748	0	1	-0.1204
11	3	1.763	1	1	-0.3582
11	3	0.9987	1	1	0.3998
11	3	0.6442	0	1	-1.01
11	3	1.765	1	1	-0.3211
11	3	1.657	0	0	1.638
11	3	5.108	0	0	0.988
11	3	1.849	1	1	-0.0348
11	3	0.2916	0	1	-0.2411
11	3	0.5978	0	0	0.631
11	3	0.2415	0	0	-0.4921
11	3	1.046	1	1	0.4868
11	3	0.3262	1	0	-0.07555
11	3	1.963	1	1	0.7866
11	3	1.447	0	0	0.8916
11	3	5.386	0	0	-0.2296
11	3	5.444	0	0	1.404
11	3	0.4301	1	1	1.235
11	3	3.677	1	1	-1.179
11	3	1.762	1	1	-1.551
11	3	0.512	0	0	-0.7283
11	3	5.541	0	0	0.2861
11	3	0.5693	1	1	-0.1657
11	3	5.409	0	0	1.358
11	3	1.954	0	0	0.5213
11	3	0.2794	0	1	1.205
11	3	3.578	0	0	1.134
11	3	3.296	1	1	0.3861
11	3	0.9626	0	1	0.2598
12	3	3.809	1	1	0.9881
12	3	0.8253	0	1	-0.5651
12	3	0.3824	1	1	-0.7446
12	3	5.232	0	0	-0.01066
12	3	0.8711	1	1	0.4156
12	3	0.5774	1	1	-0.2997
12	3	1.309	0	0	1.065
12	3	3.845	1	1	-0.7095
12	3	3.435	1	1	-0.873
12	3	5.414	0	1	0.1424
12	3	1.682	0	1	1.065
12	3	0.5989	1	1	1.11
12	3	1.769	1	0	-0.941
12	3	1.791	1	1	0.7184
12	3	1.098	0	0	-0.2901
12	3	1.928	0	0	1.318
12	3	3.716	1	1	-0.8481
12	3	0.6663	0	0	-0.1621
12	3	0.6638	0	0	-0.2055
12	3	0.9258	1	1	-0.7661
12	3	0.2474	1	0	-0.5305
12	3	3.559	0	1	-0.8177
12	3	1.668	0	0	0.1579
12	3	0.965	0	1	1.866
12	3	0.5036	1	0	-0.4844
12	3	0.5919	0	1	-0.1773
12	3	1.813	1	0	-0.8254
12	3	5.475	0	1	0.1375
12	3	0.4665	0	0	0.4428
12	3	0.3327	1	1	-1.427
12	3	3.382	0	0	-1.071
12	3	5.128	0	0	-1.052
12	3	0.4248	0	0	0.6768
12	3	3.321	0	0	0.681
12	3	5.451	0	0	-0.3697
12	3	3.307	0	0	0.2738
12	3	0.937	1	1	0.8079
12	3	1.119	1	1	0.2714
12	3	5.323	1	1	-0.3352
12	3	5.512	1	1	-0.3114
12	3	5.423	1	1	-0.1376
12	3	2.011	0	0	0.8529
12	3	3.266	1	1	1.415
12	3	1.84	1	1	-1.24
12	3	5.66	0	0	-0.355
12	3	0.5849	0	1	1.564
12	3	5.408	0	0	-1.022
12	3	1.748	1	1	-0.6918
12	3	3.549	0	0	0.9037
13	3	0.2513	0	1	-0.4185
13	3	3.657	0	0	0.9699
13	3	0.4574	1	0	0.9637
13	3	1.851	1	1	-0.6772
13	3	5.43	0	0	-0.4218
13	3	1.776	0	1	-0.2858
13	3	3.564	0	0	0.1368
13	3	1.038	0	0	-0.6877
13	3	0.7403	1	1	-1.001
13	3	3.468	1	1	0.2283
13	3	5.059	1	1	-0.7627
13	3	2.177	0	1	0.2666
13	3	0.7836	0	0	-1.032
13	3	5.512	1	1	-0.8156
13	3	5.56	1	1	0.5107
13	3	5.236	1	1	0.6676
13	3	5.179	0	0	0.003639
13	3	0.662	0	1	-0.5595
13	3	1.52	1	1	0.6901
13	3	5.57	1	1	1.157
13	3	3.617	0	0	0.2248
13	3	2.035	0	0	-0.05025
13	3	3.834	0	1	-0.8386
13	3	3.761	0	1	0.3335
13	3	1.632	0	0	-1.583
13	3	0.8597	1	1	0.1954
13	3	0.867	0	1	2.07
13	3	3.383	1	1	-2.337
13	3	5.35	1	1	0.3936
13	3	1.697	0	1	-0.7166
13	3	0.668	1	1	-0.03108
13	3	0.9865	1	1	-0.7955
13	3	0.7718	0	1	0.8103
13	3	3.28	0	1	-2.007
13	3	1.884	0	0	-0.2437
13	3	0.8522	1	1	0.533
13	3	0.5716	0	1	0.08459
13	3	0.4446	1	0	0.8662
13	3	1.463	0	0	0.9904
13	3	3.631	0	0	-0.1227
13	3	5.175	1	1	-1.259
13	3	0.6386	0	0	-0.6994
13	3	5.096	1	1	0.3096
13	3	0.4933	1	1	-3.034
13	3	0.5994	0	0	-1.017
13	3	3.455	1	1	-0.2715
13	3	1.732	1	1	0.6245
13	3	0.872	1	0	0.4545
13	3	0.4265	0	1	0.7954
13	3	1.051	1	1	-1.04
14	3	3.69	1	1	0.04006
14	3	0.8265	0	1	0.06326
14	3	5.768	1	0	-0.2683
14	3	0.3647	0	1	0.6298
14	3	5.105	0	0	-0.5156
14	3	0.9065	0	0	1.407
14	3	0.767	0	1	-0.7247
14	3	0.5476	0	0	0.9108
14	3	3.745	1	1	0.7472
14	3	1.712	0	0	-0.6843
14	3	3.56	0	1	1.528
14	3	3.61	0	0	-0.3125
14	3	0.8048	1	0	0.3775
14	3	1.643	1	1	-0.9335
14	3	1.896	0	1	0.0006123
14	3	5.25	1	1	0.9016
14	3	0.4774	0	0	0.7033
14	3	5.081	1	1	-1.133
14	3	0.7079	0	1	-1.075
14	3	5.813	0	1	-0.07889
14	3	5.049	1	1	1.397
14	3	0.8428	0	1	0.4207
14	3	0.4423	1	1	0.33
14	3	3.594	1	1	-0.3382
14	3	3.755	0	0	-0.8219
14	3	5.737	1	1	-1.232
14	3	1.69	1	1	-0.03947
14	3	1.918	1	0	0.2948
14	3	1.704	1	1	-0.7758
14	3	1.991	0	0	0.1989
14	3	5.264	1	1	0.1728
14	3	5.348	0	0	-1.967
14	3	0.6122	0	0	-0.1385
14	3	0.8083	0	1	-0.4487
14	3	0.6412	0	1	0.5033
14	3	1.576	1	1	0.283
14	3	5.357	1	1	1.455
14	3	0.345	1	1	-0.8169
14	3	1.071	0	1	-0.07265
14	3	3.665	0	0	0.5767
14	3	0.378	0	1	-1.087
14	3	0.1416	1	0	0.9149
14	3	0.6279	0	1	-0.2875
14	3	0.5751	0	1	0.03975
14	3	1.781	1	1	-0.8575
14	3	1.825	0	0	0.2658
14	3	3.495	1	1	0.1604
14	3	3.739	1	1	-0.6771
14	3	0.2383	1	1	0.8809
14	3	3.331	1	1	-0.3678
15	3	5.428	1	1	0.7701
15	3	0.6912	0	0	0.3036
15	3	1.476	1	1	-1.505
15	3	1.962	1	0	-0.3594
15	3	0.7067	0	1	-1.323
15	3	0.7592	1	0	1.069
15	3	5.439	1	0	-0.245
15	3	0.6374	1	0	-1.439
15	3	1.964	0	1	0.6582
15	3	3.698	1	0	-1.642
15	3	3.643	0	0	0.1078
15	3	5.422	0	0	-0.8257
15	3	4.862	0	0	-0.4531
15	3	1.507	0	0	0.5222
15	3	2.06	1	1	0.3822
15	3	2	0	0	-0.6964
15	3	0.9694	0	1	1.136
15	3	3.407	0	0	-0.1676
15	3	1.586	0	0	0.5068
15	3	0.7511	1	1	0.2001
15	3	0.1765	1	1	-2.01
15	3	0.9266	0	1	0.3068
15	3	3.821	1	1	-0.7766
15	3	0.2135	0	1	-0.3341
15	3	0.5303	0	1	1.472
15	3	3.578	1	1	0.593
15	3	0.7265	0	1	-0.7718
15	3	5.164	0	0	0.2853
15	3	0.3754	1	1	1.051
15	3	5.243	1	1	-0.1733
15	3	4.946	0	0	-0.268
15	3	5.201	1	1	0.2137
15	3	0.4418	1	1	-1.147
15	3	0.8476	0	0	-2.702
15	3	3.421	0	0	1.209
15	3	1.682	1	1	-0.1445
15	3	1.532	1	1	2.146
15	3	1.126	0	1	0.4459
15	3	1.2	1	1	1.011
15	3	5.689	1	1	-1.708
15	3	0.6455	0	0	1.409
15	3	1.752	0	0	0.293
15	3	3.81	0	0	-0.7533
15	3	3.405	0	1	0.2548
15	3	3.479	1	1	1.989
15	3	1.034	1	1	2.126
15	3	0.7349	0	1	-0.8028
15	3	3.462	0	0	-0.2105
15	3	5.531	1	1	-3.139
15	3	0.2527	1	1	-1.123
16	3	3.783	0	0	1.959
16	3	3.917	1	1	0.8652
16	3	0.6332	0	1	2.298
16	3	5.45	1	1	0.8624
16	3	3.835	0	0	-0.6998
16	3	1.689	1	1	-0.9649
16	3	0.7823	1	1	0.9504
16	3	0.9871	1	1	0.1462
16	3	1.355	1	1	-0.4279
16	3	1.948	1	1	-1.428
16	3	0.5619	0	1	-0.2811
16	3	3.649	0	0	-0.8071
16	3	3.216	0	0	0.7141
16	3	1.286	0	1	0.1566
16	3	0.6837	1	1	-0.2511
16	3	0.2932	1	1	-0.4368
16	3	3.772	1	1	0.3488
16	3	3.187	0	0	-0.6761
16	3	3.63	0	0	-0.9193
16	3	5.52	0	0	0.7533
16	3	0.1518	1	1	-0.2893
16	3	3.8	1	1	-0.3758
16	3	1.872	0	0	-2.003
16	3	1.874	0	0	0.1882
16	3	5.13	0	0	-0.3938
16	3	1.197	1	1	-0.2493
16	3	1.329	0	1	-0.8432
16	3	5.367	1	1	-2.35
16	3	5.407	1	1	-0.05998
16	3	0.7399	0	0	-0.8331
16	3	5.368	1	1	-0.2322
16	3	0.4283	0	1	0.2449
16	3	0.7537	1	1	0.7668
16	3	0.07027	1	0	1.19
16	3	5.242	0	0	-0.2269
16	3	3.557	0	0	-0.382
16	3	5.491	1	1	-0.414
16	3	0.9941	0	1	1.333
16	3	0.6333	1	1	0.3774
16	3	0.1306	0	0	0.3478
16	3	0.5821	0	0	-0.1186
16	3	5.045	0	0	-0.3414
16	3	0.4054	0	0	0.2827
16	3	2.32	1	1	0.69
16	3	1.939	1	1	-0.667
16	3	1.865	1	1	0.2512
16	3	1.629	1	1	0.4741
16	3	0.625	1	1	0.5294
16	3	5.346	0	0	1.284
16	3	1.874	1	1	-0.431
17	3	2.211	0	0	2.521
17	3	0.5736	0	1	-0.8286
17	3	5.435	0	0	0.6734
17	3	0.4444	0	1	-0.3579
17	3	2.037	1	1	0.8075
17	3	0.9446	1	1	-0.1253
17	3	1.801	0	0	-0.7604
17	3	1.909	1	1	-0.2164
17	3	5.641	0	0	-0.1139
17	3	1.117	1	1	-0.1801
17	3	5.599	0	0	-0.4717
17	3	0.8654	1	1	1.17
17	3	3.665	1	1	0.6685
17	3	1.491	1	1	-0.3594
17	3	5.179	0	0	0.9279
17	3	0.8774	0	1	1.443
17	3	1.052	0	0	1.484
17	3	5.567	1	1	-0.1439
17	3	0.8467	1	1	-0.3894
17	3	0.9279	1	1	-0.6339
17	3	0.1017	1	1	0.4131
17	3	3.596	0	0	0.3759
17	3	0.502	0	0	-0.02468
17	3	1.953	0	0	0.01522
17	3	3.758	0	0	-1.199
17	3	1.004	1	0	-0.442
17	3	1.271	0	1	0.584
17	3	3.868	1	1	-0.235
17	3	0.4394	0	1	-0.8351
17	3	1.907	0	0	-0.05532
17	3	3.63	1	0	0.822
17	3	3.528	1	1	0.06592
17	3	2.02	1	1	-3.651
17	3	5.206	0	0	0.1256
17	3	0.7769	1	0	0.6948
17	3	5.254	0	0	0.562
17	3	5.4	0	0	0.6474
17	3	1.185	1	0	1.586
17	3	3.587	1	1	0.9284
17	3	3.577	1	1	-0.8094
17	3	0.2833	0	0	1.056
17	3	3.563	0	0	1.008
17	3	5.406	0	0	-0.1675
17	3	5.29	1	1	0.8416
17	3	0.8829	1	1	0.2203
17	3	0.2421	1	1	0.163
17	3	0.6328	1	1	1.105
17	3	3.364	0	0	-0.6367
17	3	1.806	1	1	0.6682
17	3	0.5314	0	1	1.686
18	3	1.363	0	0	2.849
18	3	3.459	0	1	-0.4755
18	3	3.657	0	0	0.5263
18	3	5.64	0	1	-1.442
18	3	1.844	0	1	-0.5493
18	3	3.642	0	0	0.4685
18	3	1.08	1	1	-1.324
18	3	0.127	1	1	-0.7336
18	3	3.67	1	1	0.1298
18	3	3.768	1	1	0.08132
18	3	0.7412	0	0	-0.2516
18	3	1.769	1	0	-1.131
18	3	5.275	0	0	-1.345
18	3	1.875	1	1	-1.329
18	3	0.7899	0	1	0.5842
18	3	5.262	1	1	-1.025
18	3	0.1344	0	1	-0.1882
18	3	3.661	1	0	0.1861
18	3	1.022	1	0	0.02447
18	3	3.921	0	0	-1.377
18	3	5.428	0	0	-1.958
18	3	4.953	1	1	-0.1666
18	3	5.198	0	0	-0.2446
18	3	0.3842	0	0	-2.128
18	3	0.9612	0	1	-1.88
18	3	0.985	1	1	-0.4932
18	3	0.7185	1	0	0.0294
18	3	1.755	1	1	0.4147
18	3	1.657	0	1	-0.6376
18	3	1.635	0	0	-0.9901
18	3	1.132	1	0	-0.5004
18	3	0.657	1	1	-0.05301
18	3	1.973	0	0	0.1506
18	3	1.632	1	0	-0.141
18	3	2.1	1	1	-0.386
18	3	0.7791	0	1	0.4065
18	3	2.091	0	0	-0.8494
18	3	5.532	1	1	-0.7076
18	3	3.591	1	1	-0.165
18	3	0.7902	0	0	-0.5112
18	3	5.138	1	1	0.6198
18	3	3.191	1	1	-1.449
18	3	0.2164	1	1	-3.419
18	3	5.551	0	1	0.01188
18	3	3.52	0	0	1.163
18	3	0.3838	1	1	-0.455
18	3	5.19	1	1	-1.042
18	3	0.3631	1	1	0.9581
18	3	0.5703	0	1	-0.9381
18	3	0.9339	1	0	0.1447
19	3	5.281	1	1	2.246
19	3	5.585	1	1	0.01884
19	3	3.619	1	1	-0.2934
19	3	1.798	1	1	-0.5034
19	3	0.4893	0	1	-0.2958
19	3	5.409	0	0	0.4272
19	3	0.531	1	1	0.5975
19	3	1.155	0	1	-0.1585
19	3	0.7119	1	1	1.017
19	3	0.2622	1	1	-0.4582
19	3	0.6176	1	1	-0.1332
19	3	1.639	1	1	-1.168
19	3	4.951	0	0	0.7581
19	3	0.397	0	0	2.209
19	3	1.799	1	0	0.04319
19	3	6.011	0	1	0.2245
19	3	0.672	0	1	0.3743
19	3	3.475	0	0	-2.164
19	3	1.527	0	1	-0.6785
19	3	1.883	1	0	0.5873
19	3	3.835	0	1	-0.7898
19	3	1.889	1	1	0.6377
19	3	0.495	0	1	0.5271
19	3	3.536	1	1	-0.863
19	3	1.024	1	1	0.116
19	3	0.8217	1	1	0.9594
19	3	3.731	1	1	0.4482
19	3	0.6371	0	0	-0.885
19	3	1.655	1	1	-0.1611
19	3	3.558	0	0	0.9716
19	3	0.63	0	1	0.8491
19	3	0.6834	1	0	-0.4746
19	3	5.439	1	1	-0.6976
19	3	0.5666	0	1	-1.437
19	3	3.337	0	1	-1.174
19	3	1.948	1	0	0.06452
19	3	3.589	0	0	0.241
19	3	3.606	0	0	-0.3862
19	3	5.223	1	1	0.175
19	3	5.662	1	1	1.143
19	3	5.323	1	1	-1.692
19	3	0.9048	0	1	-0.144
19	3	5.399	0	0	0.6172
19	3	1.095	0	0	0.09654
19	3	0.6309	1	1	-1.288
19	3	1.905	0	0	0.6362
19	3	1.931	0	1	-1.49
19	3	0.4369	0	0	-2.716
19	3	0.557	0	0	0.6844
19	3	3.594	1	1	-1.356
20	4	0.7811	0	1	1.464
20	4	5.38	0	0	-0.2632
20	4	5.026	0	0	0.5352
20	4	3.646	1	1	0.01055
20	4	0.8227	0	1	-0.05733
20	4	0.5479	1	1	-0.3232
20	4	0.4885	0	1	-0.5379
20	4	1.839	0	0	-1.446
20	4	3.852	1	1	-0.5469
20	4	3.293	1	1	-0.7262
20	4	5.041	1	1	0.5304
20	4	0.8646	1	1	-0.3345
20	4	3.591	1	1	1.017
20	4	1.816	0	1	1.647
20	4	0.2734	1	0	-0.6195
20	4	0.9302	1	1	-0.07261
20	4	5.468	0	0	-1.238
20	4	3.443	1	1	0.2697
20	4	0.7006	1	1	-0.469
20	4	1.987	0	0	1.763
20	4	0.7371	0	1	-1.101
20	4	5.478	0	0	-1.077
20	4	0.9753	0	1	-0.1031
20	4	3.631	1	1	2.835
20	4	3.793	1	1	0.3529
20	4	1.792	1	1	3.713
20	4	1.602	0	0	-0.575
20	4	3.573	1	1	-0.1392
20	4	0.322	0	1	-1.022
20	4	1.7	0	0	-0.04583
20	4	5.285	0	0	0.1781
20	4	0.5146	0	1	1.593
20	4	0.1133	1	0	0.548
20	4	1.14	1	1	-0.4618
20	4	5.554	1	1	1.395
20	4	0.4174	0	1	0.1431
20	4	3.451	1	1	-1.331
20	4	3.514	0	0	-0.04171
20	4	1.838	0	0	0.07193
20	4	0.5606	1	1	1.256
20	4	5.502	1	1	0.7805
20	4	1.098	1	1	0.2852
20	4	0.2134	0	1	0.4745
20	4	5.322	1	1	-0.156
20	4	5.505	0	0	0.289
20	4	2.019	0	0	-1.967
20	4	1.736	1	1	-0.1831
20	4	1.895	0	1	-1.649
20	4	0.8376	0	1	-0.4171
20	4	0.3739	1	0	0.9945
21	4	5.511	0	0	2.619
21	4	5.556	1	1	0.6925
21	4	1.67	0	1	-0.7283
21	4	0.7704	1	0	-1.952
21	4	1.604	0	0	-0.4754
21	4	1.941	0	0	0.4336
21	4	1.567	1	1	0.08315
21	4	3.724	0	0	-1.51
21	4	1.737	1	1	1.133
21	4	5.491	0	0	0.5872
21	4	3.081	1	1	0.8553
21	4	5.38	1	0	-0.5651
21	4	3.416	1	1	-0.4328
21	4	1.069	1	0	0.2103
21	4	1.836	1	1	0.2251
21	4	0.4298	0	0	1.531
21	4	0.3023	1	0	-0.193
21	4	1.96	0	1	0.01906
21	4	0.7838	0	0	0.9478
21	4	0.5516	1	1	1.195
21	4	3.91	0	0	-0.06804
21	4	2.112	1	1	-0.2043
21	4	3.612	1	1	0.00649
21	4	0.9361	1	1	-2.481
21	4	1.955	1	1	-1.086
21	4	1.149	0	1	1.977
21	4	0.7079	0	1	1.658
21	4	0.6105	0	1	-0.2572
21	4	1.685	0	0	0.7637
21	4	0.4652	0	1	-0.4245
21	4	0.2955	0	1	1.754
21	4	3.808	1	1	0.7634
21	4	3.531	1	1	-0.1936
21	4	5.546	1	1	1.488
21	4	3.563	1	1	-0.495
21	4	5.517	1	1	-1.137
21	4	0.6775	0	1	1.669
21	4	1.199	0	0	0.4246
21	4	0.93	1	1	0.03818
21	4	0.1617	1	1	-2.603
21	4	1.115	0	1	-0.4655
21	4	1.154	1	1	-0.4439
21	4	3.877	0	1	0.1402
21	4	5.524	0	0	-0.8516
21	4	0.5993	0	1	0.3974
21	4	1.067	0	1	-3.019
21	4	5.205	0	0	0.1508
21	4	5.063	1	1	0.7125
21	4	3.505	1	1	1.237
21	4	5.081	0	0	0.3691
22	4	0.08875	1	0	1.292
22	4	5.524	0	0	0.5927
22	4	5.237	0	0	0.5965
22	4	5.486	0	0	0.8843
22	4	0.6636	1	1	-1.664
22	4	1.715	1	1	-0.3669
22	4	3.597	0	1	0.8876
22	4	3.441	0	0	1.464
22	4	1.599	1	1	1.334
22	4	0.5817	1	1	0.2675
22	4	0.5501	0	1	2.098
22	4	1.39	0	0	-0.2252
22	4	0.9841	1	1	0.05609
22	4	5.587	0	0	0.3007
22	4	0.984	1	1	2.548
22	4	3.612	0	0	1.689
22	4	0.9498	0	0	-1.074
22	4	3.593	0	0	0.9375
22	4	0.796	1	1	1.066
22	4	0.3837	0	0	-0.4023
22	4	0.1546	0	0	0.994
22	4	3.423	0	0	-1.253
22	4	1.13	0	0	-0.0844
22	4	0.8656	0	1	0.01825
22	4	0.7557	0	0	0.607
22	4	0.6628	0	1	0.0636
22	4	3.762	1	1	-0.08052
22	4	0.7956	0	0	-0.08695
22	4	5.499	0	0	1.089
22	4	3.515	1	1	-1.413
22	4	1.025	0	1	1.99
22	4	1.809	1	1	-1.471
22	4	1.856	1	1	-0.3334
22	4	5.524	0	0	0.6013
22	4	5.28	1	1	-0.7615
22	4	5.855	1	1	-0.1324
22	4	5.526	0	0	2.167
22	4	1.668	1	1	0.4692
22	4	3.666	1	0	1.939
22	4	0.7273	1	0	1.666
22	4	1.804	1	1	0.3743
22	4	0.7228	1	1	-1.515
22	4	1.957	1	1	-0.5707
22	4	5.326	0	0	-0.2942
22	4	1.725	1	1	0.3173
22	4	3.355	1	1	0.6902
22	4	0.4198	0	0	0.8557
22	4	1.869	1	1	-0.04958
22	4	1.202	1	0	-0.1733
22	4	3.294	1	1	0.657
23	4	0.5836	1	1	1.038
23	4	1.882	0	0	-0.04521
23	4	5.505	1	1	1.852
23	4	0.6256	1	1	-1.007
23	4	2.014	1	1	-0.9752
23	4	0.7535	0	0	0.2797
23	4	0.7303	1	0	-0.1911
23	4	1.969	0	0	-0.4161
23	4	3.513	0	0	-0.4024
23	4	0.7619	1	0	-0.4312
23	4	3.805	0	0	-3.627
23	4	5.403	0	0	0.09353
23	4	1.835	1	1	0.8367
23	4	0.2428	1	1	-0.6734
23	4	5.367	1	1	-1.409
23	4	1.901	0	1	1.88
23	4	5.59	0	0	-0.2108
23	4	3.745	1	0	-0.08802
23	4	3.569	0	0	1.095
23	4	3.766	0	0	-0.4483
23	4	1.519	0	1	-0.577
23	4	0.5948	0	0	0.5814
23	4	3.884	0	0	0.2331
23	4	0.3925	1	1	0.2523
23	4	3.562	1	1	0.2545
23	4	5.417	1	1	0.2268
23	4	5.336	1	1	0.8459
23	4	1.758	0	0	-0.8965
23	4	5.369	0	0	1.293
23	4	0.7537	1	1	-0.4511
23	4	0.8942	0	0	0.07724
23	4	0.7528	1	1	-0.8807
23	4	5.711	0	0	-0.2095
23	4	0.9352	0	0	1.342
23	4	5.21	0	0	1.165
23	4	0.6625	0	1	-0.6398
23	4	1.562	0	1	0.09311
23	4	1.507	1	1	-0.3543
23	4	1.064	1	1	0.02515
23	4	1.715	0	0	0.6381
23	4	0.5806	1	0	0.6745
23	4	3.474	1	1	-0.6919
23	4	0.4914	0	1	0.07934
23	4	1.141	1	1	0.4978
23	4	3.531	1	1	0.3231
23	4	5.22	1	1	-0.5522
23	4	0.5676	0	0	0.4038
23	4	0.542	1	1	-0.7512
23	4	3.545	1	1	1.017
23	4	0.3448	0	0	-2.411
24	4	0.7738	0	0	2.41
24	4	0.5122	0	0	0.3005
24	4	5.302	1	1	-0.09895
24	4	0.4732	1	1	-1.065
24	4	3.683	1	0	0.5253
24	4	0.9111	1	1	-0.2105
24	4	1.627	1	1	0.3743
24	4	5.466	0	0	-0.774
24	4	0.7029	0	1	0.5088
24	4	1.812	1	1	-0.4778
24	4	1.339	0	0	0.2356
24	4	0.8566	1	1	-2.328
24	4	0.5601	1	1	-0.5203
24	4	0.9408	1	1	0.3245
24	4	1.729	0	0	0.4744
24	4	0.6308	0	1	0.05299
24	4	0.5606	1	0	0.1878
24	4	5.294	0	0	-0.1889
24	4	0.4599	1	1	-1.056
24	4	4.971	0	0	0.2577
24	4	1.902	1	1	1.097
24	4	1.201	0	0	-0.5335
24	4	0.9804	0	0	0.0871
24	4	5.604	0	0	0.3687
24	4	3.352	0	0	0.397
24	4	5.218	0	0	0.0259
24	4	1.983	1	1	-0.5415
24	4	3.907	0	0	-0.5271
24	4	1.694	0	1	-0.01152
24	4	0.7463	1	1	-0.3724
24	4	1.301	0	1	-0.2412
24	4	1.966	0	0	0.8653
24	4	1.017	1	1	-0.6555
24	4	3.681	0	0	-1.347
24	4	0.1947	1	0	-0.03817
24	4	0.8962	1	1	-0.5585
24	4	0.4477	1	1	-0.4666
24	4	3.691	1	1	0.8355
24	4	1.823	0	1	0.2953
24	4	5.916	1	1	-0.3428
24	4	0.5536	1	1	0.2191
24	4	1.451	1	1	-0.142
24	4	3.437	1	1	1.22
24	4	3.634	0	0	0.2239
24	4	5.242	1	1	-0.3542
24	4	3.41	0	1	-1.551
24	4	3.774	0	0	-0.231
24	4	5.385	0	0	-0.6394
24	4	3.24	1	1	-1.383
24	4	5.393	1	1	2.316
25	4	0.702	1	1	2.035
25	4	4.896	0	0	-0.3562
25	4	0.6424	0	1	0.6025
25	4	0.7731	1	0	-0.243
25	4	0.605	1	0	0.1604
25	4	0.7467	1	1	0.3922
25	4	3.724	0	0	0.3756
25	4	5.328	1	1	-0.5222
25	4	0.7439	0	1	0.3296
25	4	2.204	0	0	-0.03836
25	4	5.195	1	1	-1.376
25	4	1.153	0	1	-0.4912
25	4	0.4838	1	1	0.9249
25	4	1.853	0	0	-0.3602
25	4	5.342	1	1	0.1862
25	4	5.526	0	0	0.02957
25	4	1.901	0	1	-2.001
25	4	1.482	0	0	-0.4157
25	4	0.7303	1	0	0.6775
25	4	3.866	0	0	-0.9446
25	4	1.059	0	1	0.1547
25	4	0.4093	0	0	0.2047
25	4	3.988	1	1	1.443
25	4	5.027	0	0	0.1007
25	4	0.882	0	0	3.006
25	4	3.672	1	1	-0.9436
25	4	3.719	1	1	-0.6258
25	4	1.717	1	1	-0.5302
25	4	3.58	1	1	0.9132
25	4	0.2695	1	0	0.01013
25	4	1.76	1	1	-0.0308
25	4	3.819	1	1	0.91
25	4	0.3397	0	1	0.1141
25	4	0.5666	0	1	-0.964
25	4	3.606	1	1	0.05209
25	4	2.022	1	1	0.4062
25	4	3.833	0	0	-0.8288
25	4	0.9852	1	0	-0.1932
25	4	5.448	0	0	0.6175
25	4	5.413	1	1	-0.3364
25	4	5.242	1	1	-0.1272
25	4	0.5054	0	0	1.254
25	4	1.273	0	0	1.274
25	4	1.13	0	0	1.837
25	4	1.952	1	1	0.4522
25	4	5.411	0	0	1.215
25	4	0.2284	0	0	0.2531
25	4	0.9868	0	0	1.389
25	4	1.819	0	1	0.5384
25	4	3.775	1	1	-1.054
26	4	0.1632	0	1	1.106
26	4	1.7	0	0	-0.5689
26	4	0.3369	0	0	0.3625
26	4	5.854	1	1	-1.767
26	4	1.083	1	1	-0.3931
26	4	1.133	0	1	1.522
26	4	3.971	0	0	-0.6225
26	4	0.6359	1	0	-0.4478
26	4	3.546	1	1	-0.6095
26	4	5.46	0	0	0.8921
26	4	1.242	0	1	-0.8844
26	4	0.4571	0	0	-0.4213
26	4	3.729	1	1	-0.4083
26	4	5.225	1	1	-0.007216
26	4	1.635	1	1	1.188
26	4	3.538	1	1	0.1754
26	4	0.4429	0	1	-0.2512
26	4	3.534	0	0	-1.057
26	4	0.5358	0	1	-0.04934
26	4	0.8934	1	0	1.085
26	4	5.51	1	1	0.7981
26	4	3.898	0	0	-0.6093
26	4	0.7619	1	1	0.11
26	4	2.236	0	0	0.02394
26	4	0.2595	0	0	-0.03148
26	4	1.753	1	1	-1.618
26	4	0.8713	0	0	0.3249
26	4	0.9968	1	1	1.837
26	4	5.191	1	1	-0.4417
26	4	0.6229	1	0	0.5448
26	4	1.331	0	0	0.1575
26	4	1.754	1	1	-0.1855
26	4	5.214	1	1	-1.221
26	4	3.877	0	0	1.212
26	4	1.032	1	1	-0.6564
26	4	5.409	0	1	0.5175
26	4	1.987	1	1	0.7846
26	4	0.6544	0	0	0.197
26	4	3.611	0	1	0.7004
26	4	5.297	0	0	-0.4058
26	4	0.5001	1	1	-0.5099
26	4	2.117	1	1	-1.113
26	4	3.798	0	0	-0.8443
26	4	0.6481	0	1	-0.009629
26	4	5.757	0	0	-0.2536
26	4	5.618	0	0	-0.1694
26	4	1.788	1	1	1.55
26	4	3.377	0	1	0.09017
26	4	0.2361	1	1	1.94
26	4	1.713	1	1	0.2863
27	4	1.013	0	0	1.6
27	4	0.6919	1	1	1.04
27	4	3.631	1	1	-0.4369
27	4	1.769	0	0	-1.091
27	4	1.608	0	0	1.078
27	4	0.5948	1	1	-1.081
27	4	5.539	0	0	0.6119
27	4	1.529	0	1	0.6134
27	4	3.624	0	0	-0.004252
27	4	0.6616	1	1	-0.1736
27	4	0.9423	1	1	1.284
27	4	1.066	0	1	1.869
27	4	5.295	0	0	-0.6976
27	4	5.474	0	0	1.494
27	4	3.919	1	1	0.7558
27	4	0.3201	1	1	-0.166
27	4	1.869	1	0	0.817
27	4	5.458	0	0	0.09596
27	4	3.607	0	0	-0.1962
27	4	0.2461	0	1	-2.124
27	4	0.4552	0	0	0.4878
27	4	0.2297	1	0	1.928
27	4	5.54	0	1	-0.7782
27	4	1.109	1	1	-0.3376
27	4	1.86	1	0	1.453
27	4	3.451	1	1	2.317
27	4	0.8012	1	1	-1.171
27	4	1.007	1	0	1.25
27	4	0.1072	0	1	-0.3425
27	4	0.9947	1	1	-1.67
27	4	5.228	1	1	-1.287
27	4	3.572	0	1	-0.0625
27	4	5.521	1	0	0.8756
27	4	2.105	1	1	-1.094
27	4	5.219	1	1	0.1297
27	4	0.7047	1	1	0.7384
27	4	3.628	0	0	-0.9928
27	4	1.754	0	0	1.22
27	4	0.3166	0	1	1.014
27	4	2.116	1	1	-1.405
27	4	0.4203	0	1	-0.8557
27	4	0.569	1	0	-0.8475
27	4	3.594	0	1	-0.3451
27	4	3.666	0	1	0.3001
27	4	0.4743	1	1	-0.09171
27	4	1.823	0	0	0.594
27	4	3.527	1	1	-0.2612
27	4	1.686	0	0	-0.4106
27	4	5.511	0	0	0.03579
27	4	5.297	1	1	-0.636
28	4	1.572	1	1	2.553
28	4	3.792	1	1	1.25
28	4	0.9442	1	1	1.015
28	4	1.63	1	1	0.02166
28	4	3.643	1	1	1.496
28	4	1.802	1	1	-0.2502
28	4	1.971	0	1	-0.62
28	4	2.127	0	0	-0.3597
28	4	5.251	0	0	0.1561
28	4	5.272	1	1	-0.9952
28	4	1.138	0	1	1.043
28	4	0.4387	0	1	-0.7866
28	4	5.477	0	0	-0.04157
28	4	0.3899	1	0	-0.9257
28	4	3.767	1	1	0.1501
28	4	1.732	0	0	-0.2289
28	4	1.01	0	1	0.596
28	4	0.8522	1	1	0.8211
28	4	3.469	1	0	0.5138
28	4	3.736	0	0	-0.1234
28	4	1.838	1	1	-0.9254
28	4	1.03	0	0	-0.614
28	4	5.523	1	1	-1.01
28	4	5.115	1	1	-0.02628
28	4	0.6559	0	0	-0.9204
28	4	0.3066	1	0	-0.3638
28	4	3.522	0	0	0.505
28	4	1.812	0	0	-1.068
28	4	0.4518	1	1	0.02515
28	4	5.287	0	0	-0.453
28	4	1.567	1	1	-0.8942
28	4	0.2856	0	1	0.452
28	4	3.727	0	0	-1.905
28	4	1.894	1	1	0.2414
28	4	4.03	1	1	-1.475
28	4	0.305	1	0	-0.7794
28	4	0.324	0	1	-0.606
28	4	1.008	0	1	-0.5471
28	4	0.1712	0	0	1.711
28	4	5.642	0	0	-0.8406
28	4	0.5799	1	1	-1.229
28	4	5.325	1	1	-2.387
28	4	1.029	1	1	-0.1647
28	4	3.537	0	0	-1.1
28	4	5.59	0	0	-0.4179
28	4	0.8853	0	0	-1.412
28	4	3.506	1	1	-0.5841
28	4	5.254	1	1	-1.081
28	4	0.8879	0	0	1.379
28	4	0.8558	1	1	-0.4878
29	4	5.079	1	1	0.1344
29	4	5.454	0	0	0.7901
29	4	5.231	1	1	-0.515
29	4	0.5563	1	1	0.3181
29	4	3.429	1	1	-0.1813
29	4	0.8467	1	1	0.2157
29	4	0.4499	0	1	-2.168
29	4	1.755	1	1	1.44
29	4	1.258	0	0	0.4848
29	4	0.9014	0	1	-0.7212
29	4	1.706	1	0	-0.2565
29	4	1.381	1	0	0.4227
29	4	0.6181	1	1	-0.3544
29	4	5.341	0	0	0.3429
29	4	1.118	0	0	-0.179
29	4	3.494	1	1	0.1658
29	4	3.371	1	0	1.115
29	4	1.824	0	1	1.469
29	4	0.6119	0	1	-1.259
29	4	1.634	1	0	-0.4202
29	4	0.7442	1	1	-0.2086
29	4	0.8966	0	1	-0.6044
29	4	0.7464	1	0	-0.9372
29	4	3.893	1	1	0.2607
29	4	3.359	0	0	-0.5347
29	4	1.011	1	1	-2.151
29	4	0.2974	1	1	-0.1844
29	4	3.775	1	1	-1.321
29	4	3.376	1	1	-1.007
29	4	3.74	0	1	1.384
29	4	5.714	1	0	0.1963
29	4	0.6731	0	0	-0.9701
29	4	0.8078	0	0	-0.6633
29	4	0.2831	1	1	-0.2364
29	4	0.9238	0	1	-0.694
29	4	5.967	0	0	-0.1922
29	4	3.684	0	0	-0.0469
29	4	1.438	0	1	-0.2821
29	4	0.5209	0	1	0.03512
29	4	3.911	1	1	-2.009
29	4	5.478	1	1	-0.7811
29	4	1.099	0	0	0.7157
29	4	0.3827	0	0	-0.6786
29	4	1.88	0	0	-1.416
29	4	1.869	0	0	0.6597
29	4	5.517	0	0	-0.1606
29	4	1.774	1	1	-2.188
29	4	5.357	0	0	-0.5212
29	4	5.239	1	1	-0.2237
29	4	1.411	1	1	-0.695
30	5	2.091	1	0	1.314
30	5	2.074	1	1	-1.143
30	5	0.441	0	1	-1.054
30	5	1.967	0	0	-0.8455
30	5	3.71	1	1	-1.274
30	5	1.494	1	0	0.1327
30	5	0.6655	1	1	-0.3328
30	5	0.6761	1	1	0.1611
30	5	0.7031	1	1	-0.5451
30	5	3.6	1	1	0.8485
30	5	5.226	0	0	0.2626
30	5	0.9606	1	1	0.4731
30	5	3.53	0	0	-0.7999
30	5	5.45	1	1	0.6126
30	5	4.924	1	1	-0.2538
30	5	0.882	0	0	0.03548
30	5	0.9085	0	0	0.4598
30	5	3.872	0	0	0.2738
30	5	3.243	1	1	-0.2089
30	5	3.238	0	0	-0.421
30	5	1.839	0	0	0.07659
30	5	5.268	1	1	-1.707
30	5	0.6313	0	1	-0.5601
30	5	0.9883	1	0	-0.3438
30	5	1.197	0	0	-0.8404
30	5	0.3012	0	1	0.1767
30	5	5.259	0	0	0.5222
30	5	2.079	0	1	0.05827
30	5	0.7386	0	0	-0.9342
30	5	5.423	1	1	2.333
30	5	5.057	0	0	-0.9798
30	5	0.6732	1	1	2.019
30	5	3.719	1	1	-0.5323
30	5	0.1861	0	0	-0.177
30	5	0.6079	1	1	-0.4645
30	5	2.204	1	0	1.757
30	5	1.829	1	1	1.203
30	5	1.538	0	1	-1.672
30	5	0.3695	0	0	0.5202
30	5	5.511	1	0	0.8387
30	5	3.191	0	1	0.6706
30	5	0.688	1	0	-0.1029
30	5	0.09519	1	1	1.653
30	5	0.7779	0	1	2.484
30	5	5.322	0	0	1.483
30	5	0.9528	0	1	0.2745
30	5	1.957	1	1	-3.26
30	5	3.38	1	1	-0.2972
30	5	3.938	1	1	0.8505
30	5	5.401	0	0	1.079
31	5	0.4047	0	0	0.05616
31	5	0.5601	0	1	0.3891
31	5	0.5843	0	0	0.05342
31	5	5.456	0	0	1.106
31	5	3.456	0	0	1.807
31	5	5.371	1	1	-2.385
31	5	3.557	1	1	1.294
31	5	1.759	0	0	-0.8902
31	5	3.728	1	1	0.6754
31	5	0.6322	1	0	0.8889
31	5	3.575	1	0	-1.488
31	5	1.079	0	1	-0.109
31	5	1.682	1	1	0.7001
31	5	5.374	0	0	-0.6902
31	5	1.064	0	0	1.604
31	5	0.3914	1	0	2.193
31	5	3.596	0	1	1.432
31	5	2.266	1	0	-0.4996
31	5	1.987	1	1	0.9197
31	5	3.537	1	0	0.5719
31	5	5.272	0	0	-1.358
31	5	0.582	1	0	0.2937
31	5	3.926	0	1	0.1544
31	5	3.841	1	1	0.7092
31	5	0.5874	1	1	-0.1967
31	5	5.678	0	0	-0.4949
31	5	5.523	0	0	0.5873
31	5	0.947	1	1	-0.6846
31	5	1.094	1	1	0.9603
31	5	1.693	0	1	-0.7887
31	5	0.4411	1	1	-0.627
31	5	2.075	1	1	-0.1799
31	5	2.197	0	0	0.9412
31	5	3.574	0	0	-1.406
31	5	0.6693	1	1	2.515
31	5	5.129	0	0	0.208
31	5	0.9382	1	1	1.067
31	5	0.4508	0	0	-0.04393
31	5	1.662	0	0	0.05137
31	5	1.84	0	1	-0.05906
31	5	5.711	1	1	0.9338
31	5	0.1502	1	0	1.528
31	5	5.441	1	1	1.066
31	5	0.9431	0	0	1.998
31	5	5.359	0	1	-0.9575
31	5	1.168	0	0	-1.321
31	5	0.9859	0	0	-0.04897
31	5	1.95	0	0	1.291
31	5	3.756	1	1	-2.025
31	5	0.3677	1	0	-1.034
32	5	1.014	1	0	0.8931
32	5	0.4616	1	1	1.756
32	5	3.807	1	1	1.192
32	5	0.7637	0	1	-0.08933
32	5	1.821	0	0	-1.316
32	5	3.719	1	1	-1.679
32	5	5.368	0	0	0.3874
32	5	3.509	1	1	-0.2
32	5	5.712	1	1	0.7149
32	5	1.33	0	0	0.05264
32	5	0.3934	0	1	0.626
32	5	5.563	0	0	0.4091
32	5	5.47	1	1	-0.03898
32	5	1.109	0	1	-0.6485
32	5	1.781	0	1	0.8963
32	5	3.58	1	0	-0.1428
32	5	1.086	1	1	0.1176
32	5	0.02921	1	0	0.2871
32	5	5.362	1	1	-0.236
32	5	0.5337	0	0	-1.501
32	5	0.8601	0	1	-1.667
32	5	3.748	1	1	-0.8415
32	5	0.2974	1	1	-0.1025
32	5	0.9403	0	0	0.07666
32	5	5.463	0	0	-0.2537
32	5	3.499	0	0	-0.1793
32	5	5.703	1	1	-0.07568
32	5	0.4886	1	0	-0.6754
32	5	1.803	1	0	-0.3797
32	5	3.676	0	1	-0.1591
32	5	3.321	0	0	1.423
32	5	1.904	1	1	0.3477
32	5	1.089	0	0	0.3205
32	5	5.606	1	1	1.127
32	5	3.479	0	0	0.6936
32	5	1.62	0	0	-1.066
32	5	1.991	1	1	-0.1232
32	5	1.438	1	1	2.211
32	5	5.381	0	0	-2.784
32	5	0.6065	1	1	0.2693
32	5	1.911	0	0	-0.3572
32	5	0.4775	1	0	0.09991
32	5	1.586	0	0	-0.936
32	5	3.599	0	1	1.904
32	5	0.8376	1	1	0.758
32	5	1.717	1	1	0.904
32	5	0.5415	1	1	0.559
32	5	0.6921	0	1	-0.3102
32	5	0.8421	0	0	-0.07117
32	5	5.368	0	0	0.9196
33	5	3.251	1	1	2.537
33	5	5.517	1	1	0.409
33	5	3.576	1	1	1.276
33	5	5.645	1	1	-1.125
33	5	3.513	1	1	0.6654
33	5	0.9389	1	1	1.117
33	5	3.534	1	1	-0.221
33	5	1.811	1	1	0.1861
33	5	5.446	0	0	-1.277
33	5	1.754	0	0	-0.2813
33	5	0.8592	0	0	1.036
33	5	3.298	0	0	0.3983
33	5	1.013	1	1	0.5601
33	5	5.459	0	0	0.7651
33	5	5.414	1	1	1.69
33	5	4.898	1	1	-1.227
33	5	3.757	0	0	0.2947
33	5	1.267	1	1	-1.01
33	5	0.6327	0	1	-0.1966
33	5	1.91	0	0	-0.7997
33	5	1.022	0	0	-0.8133
33	5	0.5312	1	0	1.09
33	5	5.344	0	0	0.7982
33	5	5.614	1	1	0.09725
33	5	5.453	0	0	-2.859
33	5	0.6319	1	0	1.12
33	5	0.9275	1	1	1.212
33	5	5.437	0	0	-0.2728
33	5	1.759	0	0	-0.2359
33	5	1.663	1	1	-0.1563
33	5	0.1016	0	0	0.7719
33	5	3.376	0	0	-0.02593
33	5	1.352	0	1	0.09412
33	5	3.373	1	0	-1.054
33	5	1.716	0	0	-0.957
33	5	0.4077	1	1	0.1809
33	5	0.7069	1	1	-0.06756
33	5	0.8568	1	1	1.939
33	5	0.703	0	1	-0.7297
33	5	0.1862	1	1	1.328
33	5	3.655	0	0	1.495
33	5	0.5209	0	0	0.6113
33	5	1.988	1	1	2.001
33	5	0.4513	1	1	0.7238
33	5	0.2651	0	1	-0.9973
33	5	1.036	0	0	1.406
33	5	1.682	0	0	1.047
33	5	3.416	0	0	0.7101
33	5	1.447	0	0	0.2561
33	5	1.263	1	1	-0.8804
34	5	2.123	0	0	2.031
34	5	3.499	0	0	1.153
34	5	0.8831	0	1	0.1049
34	5	1.642	0	0	-0.1727
34	5	0.4267	0	0	1.664
34	5	1.194	1	0	0.5675
34	5	1.882	1	1	-0.1794
34	5	1.765	0	0	0.2049
34	5	5.499	1	1	0.8408
34	5	0.8305	1	1	-0.7325
34	5	0.324	0	0	0.4086
34	5	5.189	1	1	1.854
34	5	5.316	1	1	1.902
34	5	0.9682	1	0	0.2297
34	5	0.4327	0	1	-0.5895
34	5	3.499	1	1	-1.511
34	5	4.051	1	1	-0.4032
34	5	1.08	1	1	-0.0594
34	5	0.824	1	1	-0.5397
34	5	3.885	1	1	0.2529
34	5	5.01	0	0	0.007439
34	5	2.248	1	0	-0.5108
34	5	0.6406	0	0	-1.395
34	5	5.625	0	0	1.385
34	5	3.301	0	0	0.6935
34	5	3.651	1	1	1.156
34	5	0.4732	1	1	0.3933
34	5	1.004	0	1	-0.5885
34	5	5.082	1	1	-0.5554
34	5	3.745	0	0	-1.003
34	5	5.229	0	0	-1.022
34	5	0.9816	1	1	-1.642
34	5	3.323	0	0	0.9732
34	5	0.1045	0	1	-1.059
34	5	0.4234	1	1	-0.9422
34	5	0.6208	1	1	-1.345
34	5	1.552	0	0	0.1767
34	5	3.804	0	1	1.184
34	5	1.886	1	0	-0.8198
34	5	0.5452	0	0	-0.2404
34	5	5.4	0	0	-1.125
34	5	0.231	0	1	0.3757
34	5	0.6805	1	1	-0.5173
34	5	2.007	1	1	1.103
34	5	1.749	0	1	0.4831
34	5	5.451	1	1	0.6217
34	5	5.361	0	0	-1.405
34	5	4.011	0	1	-0.2883
34	5	0.1325	1	0	-1.245
34	5	1.792	1	1	1.067
35	5	0.5945	0	0	0.5237
35	5	5.72	1	1	-0.8923
35	5	1.209	0	0	-0.2406
35	5	3.588	1	1	0.08871
35	5	0.8468	0	1	0.2252
35	5	5.075	0	0	-0.5289
35	5	0.2644	0	1	-0.2935
35	5	0.556	1	0	-0.1464
35	5	5.867	0	0	-0.004491
35	5	1.617	1	1	-0.01255
35	5	3.58	1	1	0.3814
35	5	1.542	0	1	0.6033
35	5	0.2952	0	0	-1.362
35	5	3.504	0	0	-1.079
35	5	3.499	0	1	0.5654
35	5	1.398	1	0	-0.8536
35	5	1.72	1	1	0.1347
35	5	0.7916	0	0	-0.4132
35	5	0.7209	0	1	-0.4774
35	5	3.553	0	0	-0.04064
35	5	5.428	1	1	-0.4597
35	5	0.9611	0	0	0.371
35	5	0.6405	0	1	0.01814
35	5	0.6569	1	1	-0.6591
35	5	0.7343	1	1	0.3357
35	5	3.575	1	1	-1.064
35	5	3.695	0	0	0.9591
35	5	1.031	1	1	-0.7482
35	5	5.484	1	1	0.9603
35	5	0.5303	1	1	-0.5266
35	5	1.683	1	0	-1.962
35	5	5.575	1	1	0.2172
35	5	0.6959	0	1	-0.101
35	5	3.844	0	0	-1.592
35	5	1.911	1	1	1.637
35	5	3.739	1	1	0.3442
35	5	5.299	0	0	-1.444
35	5	1.903	0	1	2.185
35	5	0.5704	0	0	1.202
35	5	0.2504	1	1	-1.004
35	5	1.468	0	1	0.01928
35	5	1.817	0	0	-2.696
35	5	1.73	1	0	1.441
35	5	1.05	1	1	-0.3224
35	5	5.335	1	1	0.7766
35	5	3.509	0	0	-0.2677
35	5	5.568	1	1	0.8203
35	5	5.55	1	1	1.644
35	5	0.4756	0	1	-0.3301
35	5	1.72	1	1	0.7038
36	5	0.5437	0	0	0.9899
36	5	0.7123	1	1	0.2439
36	5	1.836	0	0	0.7364
36	5	3.828	0	0	-0.4608
36	5	1.781	1	1	-1.295
36	5	1.004	1	0	-0.2965
36	5	5.272	1	1	2.435
36	5	0.5524	0	0	-0.934
36	5	0.5481	1	0	0.7976
36	5	5.464	1	1	-0.6263
36	5	3.727	0	0	-0.01086
36	5	0.5684	0	0	0.3984
36	5	0.7049	1	1	1.125
36	5	0.1679	1	1	0.3234
36	5	5.743	1	1	-1.687
36	5	5.379	1	1	-1.27
36	5	1.16	0	0	-0.7882
36	5	0.7513	1	1	-1.166
36	5	3.595	0	0	1.634
36	5	0.8534	1	1	1.853
36	5	3.611	1	1	1.134
36	5	1.96	0	1	-2.417
36	5	0.5769	1	0	0.6239
36	5	0.5875	0	1	-0.2336
36	5	0.5239	0	1	1.119
36	5	1.979	1	1	-0.1056
36	5	1.101	0	0	-3.254
36	5	1.717	0	0	1.099
36	5	0.9612	0	0	0.5865
36	5	4	1	1	1.354
36	5	3.593	1	1	-1.159
36	5	1.568	1	1	-0.002618
36	5	3.783	1	1	0.2791
36	5	3.883	1	1	-2.109
36	5	0.8727	1	1	-0.5079
36	5	1.696	0	1	-1.002
36	5	5.167	0	0	-1.34
36	5	3.818	0	0	0.7355
36	5	3.684	1	1	-2.965
36	5	5.468	0	0	1.243
36	5	5.026	0	0	-0.7746
36	5	0.3836	0	1	0.8184
36	5	5.466	1	1	-0.1256
36	5	2.254	1	1	-0.319
36	5	0.3945	0	0	-1.319
36	5	2.12	0	1	-2.705
36	5	2.104	1	0	-0.06656
36	5	1.165	0	1	-0.464
36	5	5.755	0	0	-1.303
36	5	5.288	1	1	0.04409
37	5	5.228	0	0	1.857
37	5	0.8053	0	1	-2.434
37	5	3.37	0	1	-1.277
37	5	3.749	1	1	1.638
37	5	0.5788	1	1	-0.2799
37	5	3.372	1	1	0.3978
37	5	0.3911	0	0	-1.068
37	5	0.1483	0	1	-0.5916
37	5	1.542	1	1	-0.08431
37	5	5.059	1	1	1.047
37	5	5.396	0	0	0.43
37	5	0.6882	0	1	-0.7375
37	5	5.436	0	0	-1.647
37	5	0.08621	0	1	-1.837
37	5	0.5181	1	0	-0.1847
37	5	5.498	1	1	0.5987
37	5	0.9097	0	1	-0.08834
37	5	0.5331	1	0	-2.585
37	5	3.419	1	1	-1.212
37	5	5.325	1	1	0.9102
37	5	1.873	1	1	0.1723
37	5	3.504	0	0	-1.857
37	5	1.405	1	0	-1.94
37	5	3.976	0	0	0.7004
37	5	1.835	0	0	1.366
37	5	1.925	1	1	-0.2205
37	5	0.9952	0	1	0.9548
37	5	1.152	1	0	-0.275
37	5	2.066	1	1	-0.05277
37	5	1.688	0	0	0.874
37	5	3.668	0	0	1.075
37	5	5.378	0	0	-0.9892
37	5	0.2584	1	1	0.4535
37	5	1.863	1	1	-0.4136
37	5	1.572	1	1	0.6369
37	5	5.197	0	0	-0.9422
37	5	1.983	1	1	1.292
37	5	3.906	0	0	-0.2378
37	5	0.5754	0	1	0.8578
37	5	0.8242	0	0	0.423
37	5	0.6831	0	1	-0.1961
37	5	0.4468	0	1	-1.434
37	5	3.479	1	1	0.5424
37	5	0.9969	0	0	-0.2858
37	5	3.784	1	1	-0.8823
37	5	5.151	1	1	-1.2
37	5	5.242	1	1	-0.1008
37	5	0.971	0	1	0.03855
37	5	0.6761	1	0	-0.7006
38	5	3.458	1	1	2.404
38	5	0.7986	0	1	-0.7132
38	5	3.241	0	0	0.4026
38	5	0.292	1	1	-0.8469
38	5	5.321	1	1	-0.4429
38	5	3.431	0	1	0.6546
38	5	1.702	0	0	0.1711
38	5	3.79	1	1	0.6463
38	5	0.625	1	1	-1.025
38	5	0.8155	1	0	0.7455
38	5	0.5304	0	1	-0.9796
38	5	0.5807	0	0	0.4292
38	5	4.039	1	1	-0.2794
38	5	1.022	0	0	-0.6274
38	5	5.429	0	0	-0.1812
38	5	0.3954	0	1	-0.2578
38	5	1.034	1	0	-0.7952
38	5	3.516	0	0	-2.103
38	5	3.441	0	0	0.249
38	5	1.823	0	1	0.6601
38	5	5.507	0	0	-0.8463
38	5	0.2686	1	1	1.582
38	5	1.71	0	1	-0.9641
38	5	1.546	0	0	-0.1348
38	5	1.785	1	1	-0.07767
38	5	2.046	1	1	0.8917
38	5	5.21	1	1	-0.3938
38	5	1.189	1	1	-0.07076
38	5	0.9573	0	1	-0.1348
38	5	1.772	1	1	-1.619
38	5	5.608	1	1	-0.6048
38	5	2.004	1	1	-0.2638
38	5	3.519	1	1	-0.4394
38	5	0.4848	0	0	-0.4585
38	5	0.9592	0	0	-0.8518
38	5	0.687	0	1	-1.86
38	5	5.646	1	1	0.6771
38	5	5.55	0	0	-2.084
38	5	5.506	0	0	1.398
38	5	3.654	1	1	-0.7217
38	5	0.7092	0	1	-0.4398
38	5	0.2973	1	1	-0.4758
38	5	0.04196	1	0	-0.0383
38	5	5.449	1	1	0.1203
38	5	1.722	0	0	1.204
38	5	1.966	0	1	0.4952
38	5	5.325	1	1	0.1183
38	5	0.09757	1	1	0.5697
38	5	3.661	1	1	-1.604
38	5	0.3927	1	1	0.8461
39	5	0.8422	0	0	1.614
39	5	0.4887	0	1	1.441
39	5	2.001	1	1	-1.081
39	5	1.097	1	1	-0.3217
39	5	0.6645	0	0	0.1231
39	5	0.8725	0	1	-0.3211
39	5	1.001	1	1	-0.5298
39	5	1.702	0	1	0.06743
39	5	1.677	0	1	0.07094
39	5	0.6862	1	0	-0.5048
39	5	5.623	1	1	-0.1685
39	5	5.453	1	1	-0.1032
39	5	0.4519	1	1	-1.474
39	5	0.9888	1	0	1.206
39	5	3.549	1	1	-0.9508
39	5	3.482	1	1	-1.546
39	5	0.3821	0	0	-1.063
39	5	1.687	0	1	0.7625
39	5	0.7639	0	0	0.157
39	5	5.602	0	0	-0.9916
39	5	1.934	1	1	-0.2628
39	5	1.683	0	0	0.0305
39	5	5.306	1	1	-1.037
39	5	3.824	0	0	-0.2887
39	5	0.711	1	1	1.207
39	5	5.057	0	0	0.8098
39	5	1.799	0	1	-1.074
39	5	3.71	0	0	-1.011
39	5	3.719	1	0	0.4825
39	5	5.157	1	1	0.8109
39	5	5.3	0	0	-0.03214
39	5	0.3302	0	1	-1.775
39	5	1.792	1	1	0.5151
39	5	0.3935	1	1	-0.1665
39	5	5.365	1	1	-1.477
39	5	3.862	0	0	0.6653
39	5	3.643	0	0	-0.09455
39	5	1.836	1	1	-0.5284
39	5	0.5966	1	1	-0.1524
39	5	3.647	0	0	-0.4362
39	5	5.297	0	0	-0.1228
39	5	0.8447	1	0	-2.625
39	5	0.8786	0	0	0.1334
39	5	3.746	0	1	-0.06137
39	5	1.862	1	1	-0.5109
39	5	1.248	0	1	-0.9803
39	5	0.7471	0	1	0.4752
39	5	0.7605	1	0	1.743
39	5	5.392	1	1	-0.4043
39	5	3.89	0	0	0.9932
40	6	1.017	1	1	-0.1406
40	6	1.297	1	1	1.09
40	6	1.691	0	0	-0.2432
40	6	5.294	1	1	-0.8463
40	6	0.9047	0	0	-0.4468
40	6	5.643	0	0	-0.2047
40	6	0.4211	1	1	0.4135
40	6	3.624	1	1	-0.3949
40	6	1.893	1	0	-0.2916
40	6	0.5307	1	1	-0.458
40	6	5.773	1	1	0.05567
40	6	0.3347	1	1	0.198
40	6	5.505	0	0	-0.7782
40	6	1.142	1	1	-0.2412
40	6	3.679	1	0	0.1224
40	6	5.478	0	0	-3.008
40	6	0.5057	1	1	0.4225
40	6	1.239	1	0	-1.356
40	6	5.331	0	1	-0.5289
40	6	0.9045	0	0	0.9723
40	6	0.4914	0	0	0.8978
40	6	0.5873	1	0	-0.5003
40	6	1.606	0	0	0.17
40	6	3.486	0	0	-1.788
40	6	2.002	0	1	-0.1643
40	6	3.328	1	1	1.833
40	6	5.287	1	1	-0.3324
40	6	0.5151	0	1	-0.746
40	6	5.251	1	1	-0.1067
40	6	0.4733	1	1	-0.06889
40	6	0.7921	1	1	-1.581
40	6	3.694	0	0	-0.1399
40	6	3.708	1	1	0.07473
40	6	0.7848	0	1	-0.4096
40	6	0.7035	1	0	1.032
40	6	0.5771	1	1	0.2142
40	6	3.16	1	1	0.288
40	6	3.311	0	0	1.198
40	6	1.583	0	0	0.1508
40	6	3.655	0	0	1.046
40	6	0.3965	0	1	0.8474
40	6	5.611	1	1	3.392
40	6	1.69	0	0	-0.2719
40	6	1.623	0	1	-0.919
40	6	1.892	0	0	1.378
40	6	1.621	0	1	-0.4102
40	6	0.2387	1	0	-0.4283
40	6	2.271	0	1	-2.703
40	6	5.471	0	0	1.054
40	6	3.719	0	0	1.372
41	6	0.3834	0	0	3.333
41	6	3.548	0	0	-0.9368
41	6	3.541	0	0	-0.7944
41	6	3.869	1	1	0.5909
41	6	1.675	0	0	-0.1917
41	6	3.428	0	0	1.195
41	6	5.492	0	0	0.04253
41	6	5.441	0	0	-0.04388
41	6	5.345	1	1	0.06531
41	6	2.164	1	1	-0.9636
41	6	5.6	1	1	-1.188
41	6	1.219	1	0	1.583
41	6	3.64	1	1	1.708
41	6	0.9072	0	1	-1.367
41	6	3.433	1	0	0.4163
41	6	0.5255	1	0	-0.7031
41	6	0.227	1	1	-1.63
41	6	1.978	1	1	-0.5006
41	6	0.7589	0	0	-0.6586
41	6	5.291	0	0	1.39
41	6	0.4341	1	1	-0.4522
41	6	1.98	1	1	0.7502
41	6	5.291	0	0	-1.963
41	6	2.169	0	0	0.2863
41	6	1.071	0	1	-0.6577
41	6	3.63	1	1	-0.4879
41	6	1.36	0	0	-0.05239
41	6	5.357	0	0	-0.06764
41	6	0.6385	0	0	-1.263
41	6	1.307	1	1	0.525
41	6	0.426	0	0	0.01771
41	6	0.6673	1	1	-0.1699
41	6	5.21	0	0	-0.3578
41	6	1.451	0	1	-0.02583
41	6	3.223	1	1	-1.154
41	6	0.9421	0	1	-0.2007
41	6	5.59	1	1	0.25
41	6	0.2112	1	1	0.1939
41	6	0.1966	0	1	-1.706
41	6	0.6639	1	1	-0.637
41	6	1.935	1	1	0.9283
41	6	0.6355	1	1	-0.536
41	6	3.478	1	1	-0.5682
41	6	1.881	0	1	0.2929
41	6	5.371	1	1	-0.06993
41	6	1.446	0	1	-0.5065
41	6	0.8195	1	1	-0.5101
41	6	2.118	1	1	1.139
41	6	0.4825	0	1	0.02013
41	6	3.498	0	0	-0.1358
42	6	5.261	0	0	0.6161
42	6	1.42	1	1	1.016
42	6	0.8353	0	1	0.8951
42	6	0.5916	1	1	0.9202
42	6	1.544	1	1	-0.4338
42	6	1.073	0	1	0.8844
42	6	3.785	0	1	-0.7024
42	6	0.9511	1	1	-0.747
42	6	5.121	0	0	-0.3773
42	6	5.333	0	1	0.7473
42	6	0.8451	0	0	0.5053
42	6	0.8647	1	0	-1.036
42	6	1.669	1	1	-0.2202
42	6	3.517	1	1	-0.6709
42	6	1.605	1	1	-0.8215
42	6	0.8019	1	1	-1.293
42	6	0.1858	0	1	0.259
42	6	5.258	0	0	0.1819
42	6	0.3812	0	1	-0.4435
42	6	0.8977	1	1	0.2078
42	6	0.8524	1	1	0.5999
42	6	0.6101	1	0	0.2929
42	6	2.047	1	1	-0.9674
42	6	3.438	1	1	-0.5727
42	6	5.173	0	0	1.175
42	6	5.36	0	0	-0.1732
42	6	0.1811	1	1	0.3166
42	6	3.542	0	1	0.3162
42	6	2.039	1	1	-1.321
42	6	0.6948	1	0	-0.4766
42	6	1.396	1	1	-1.135
42	6	3.37	0	0	2.155
42	6	3.628	0	0	0.06995
42	6	0.6753	0	1	2.137
42	6	5.594	0	0	-0.6538
42	6	5.085	1	1	0.8486
42	6	3.636	0	0	0.8108
42	6	1.012	1	1	0.1771
42	6	5.458	0	0	-1.236
42	6	3.872	0	0	-0.929
42	6	1.146	1	1	-0.4888
42	6	4.029	1	1	2.083
42	6	1.87	0	1	0.08743
42	6	3.374	0	0	0.7887
42	6	5.178	0	0	-0.04944
42	6	0.862	1	1	-0.6355
42	6	0.5754	0	1	0.1252
42	6	0.9132	1	1	-0.6041
42	6	2.255	0	1	-0.4748
42	6	1.837	1	1	-0.6384
43	6	1.581	1	1	2.15
43	6	1.699	1	1	-0.4782
43	6	1.593	1	1	-0.0008854
43	6	0.8166	0	0	-0.2668
43	6	1.098	0	0	-0.0101
43	6	0.7629	0	0	-1.107
43	6	0.4003	1	1	0.139
43	6	1.153	0	0	0.07088
43	6	5.412	1	1	0.7729
43	6	5.276	1	1	-0.536
43	6	5.545	0	0	-2.415
43	6	3.441	0	1	2.249
43	6	0.449	0	1	0.4503
43	6	0.3209	0	1	0.3612
43	6	5.01	0	0	-0.3612
43	6	3.677	0	0	-0.9477
43	6	5.17	0	0	-1.389
43	6	3.741	1	1	0.6103
43	6	1.863	1	1	-2.359
43	6	0.5765	0	1	1.188
43	6	0.06995	1	1	0.5589
43	6	5.267	0	0	1.602
43	6	3.288	1	1	0.9387
43	6	0.8715	1	1	1.836
43	6	5.611	0	0	1.05
43	6	0.969	1	0	-1.319
43	6	4.136	1	1	0.5286
43	6	1.116	0	0	-0.249
43	6	0.1503	0	1	0.1774
43	6	1.787	0	1	-0.01122
43	6	0.5495	1	1	0.8367
43	6	1.269	0	0	-0.207
43	6	5.254	0	0	0.06612
43	6	0.5729	1	1	0.6754
43	6	1.933	1	1	0.206
43	6	0.6358	0	1	0.05197
43	6	0.4966	0	0	0.6986
43	6	1.798	1	1	-1.263
43	6	3.249	1	1	0.6429
43	6	3.467	0	0	-0.6913
43	6	5.599	0	0	1.738
43	6	1.104	1	1	-1.401
43	6	3.537	0	0	1.15
43	6	1.821	1	1	0.4466
43	6	5.063	0	0	1.622
43	6	3.758	1	1	1.032
43	6	1.815	1	1	-0.1313
43	6	0.7158	1	1	-0.46
43	6	3.298	1	1	-0.0268
43	6	1.341	1	1	-0.6755
44	6	5.63	0	0	0.9166
44	6	2.221	1	1	0.7491
44	6	1.813	1	1	0.7149
44	6	0.5858	0	0	0.3823
44	6	0.6486	1	1	0.199
44	6	5.267	1	1	-1.586
44	6	3.519	0	0	0.5725
44	6	3.731	1	1	-0.2656
44	6	3.679	1	1	0.08222
44	6	0.9522	1	1	-0.2442
44	6	5.496	1	1	0.4891
44	6	1.664	0	0	0.7201
44	6	5.388	1	1	-1.658
44	6	5.134	1	1	-0.07868
44	6	0.5466	0	0	0.5001
44	6	0.4503	0	0	0.61
44	6	1.219	1	1	-0.3592
44	6	1.254	0	1	-0.9585
44	6	1.706	0	0	-0.06051
44	6	3.307	0	1	1.214
44	6	0.5751	1	1	-0.7689
44	6	0.6536	1	1	0.3765
44	6	1.988	1	1	-0.1488
44	6	1.545	0	0	1.622
44	6	1.185	0	0	1.435
44	6	5.36	1	1	-0.3188
44	6	1.521	1	1	0.941
44	6	5.102	1	1	0.5121
44	6	2.029	1	1	-0.8137
44	6	3.734	0	0	1.021
44	6	5.875	0	0	-0.6918
44	6	3.942	0	0	0.04694
44	6	0.1655	0	1	0.002391
44	6	3.323	0	0	0.9545
44	6	1.928	1	1	1.876
44	6	3.949	0	0	-0.8429
44	6	3.399	0	0	1.107
44	6	0.7376	1	1	-1.28
44	6	1.196	0	1	0.09474
44	6	3.606	1	1	-0.6331
44	6	0.5346	0	0	1.498
44	6	5.544	0	0	0.01948
44	6	1.847	1	1	-0.05778
44	6	0.342	0	1	-0.7617
44	6	0.6256	0	0	-0.6576
44	6	0.834	1	1	-0.04003
44	6	0.6642	1	1	-1.708
44	6	5.32	0	0	-0.03208
44	6	0.787	1	1	-1.039
44	6	0.7376	1	1	0.1907
45	6	1.41	0	0	0.113
45	6	5.706	0	0	-0.0759
45	6	1.756	0	0	-0.2651
45	6	0.4615	1	1	0.514
45	6	0.2626	0	0	0.02031
45	6	3.89	1	1	0.2948
45	6	0.6781	0	0	0.2972
45	6	0.7471	1	1	-0.103
45	6	0.8991	0	0	0.03432
45	6	3.66	1	1	0.4149
45	6	0.3271	1	0	-0.3878
45	6	0.5865	0	1	-0.8319
45	6	5.616	1	1	-0.2302
45	6	0.5041	1	1	0.648
45	6	0.7405	1	1	-0.4382
45	6	0.3133	0	1	0.07547
45	6	2.079	0	0	0.1942
45	6	3.435	0	0	0.1282
45	6	3.728	1	1	-0.3192
45	6	0.7704	1	1	0.8344
45	6	5.637	1	1	0.06931
45	6	5.04	1	1	0.5643
45	6	1.534	0	1	0.9071
45	6	0.3318	0	0	-0.7655
45	6	3.584	1	1	-1.263
45	6	0.9771	0	1	-0.7833
45	6	5.449	1	1	-0.2476
45	6	3.372	0	0	-0.7981
45	6	0.8175	1	1	-0.2888
45	6	3.689	1	1	0.9331
45	6	0.7242	1	1	-0.7778
45	6	2.18	0	1	0.3832
45	6	1.813	0	0	0.5525
45	6	0.8645	1	1	-0.2634
45	6	0.2191	0	0	-0.4047
45	6	2.27	0	1	-0.3571
45	6	1.636	0	0	0.329
45	6	0.783	0	0	0.5273
45	6	1.787	1	1	1.318
45	6	1.829	0	0	0.4679
45	6	3.987	1	1	0.9713
45	6	5.845	1	1	-2.474
45	6	5.553	1	1	0.5633
45	6	3.664	0	0	0.3715
45	6	5.046	1	1	0.4927
45	6	0.8324	1	1	-0.3895
45	6	0.5335	1	1	-0.1107
45	6	5.42	1	1	-1.333
45	6	3.405	0	0	0.5985
45	6	5.449	0	0	-4.494
46	6	3.626	1	1	0.747
46	6	3.67	1	0	0.5364
46	6	5.164	0	0	0.9656
46	6	5.206	0	0	-0.05651
46	6	1.344	1	1	0.09913
46	6	0.6085	0	0	0.6617
46	6	5.101	0	0	-0.181
46	6	1.921	1	1	-0.2142
46	6	5.494	0	0	-0.7508
46	6	0.2821	1	1	-1.457
46	6	1.047	0	0	-0.1966
46	6	5.857	1	1	-0.3245
46	6	0.7302	1	0	0.2659
46	6	0.5752	0	1	-0.1745
46	6	0.4506	1	1	-1.671
46	6	2.043	1	1	-0.008918
46	6	0.5987	0	1	-0.2984
46	6	1.061	0	1	0.3473
46	6	3.577	0	0	-0.2694
46	6	1.957	1	1	0.5468
46	6	0.7283	1	1	-0.359
46	6	0.8771	1	1	-0.8963
46	6	1.556	1	1	-0.4625
46	6	1.783	0	0	0.4412
46	6	3.694	1	1	0.2825
46	6	0.7923	0	1	0.3601
46	6	3.58	1	1	0.4064
46	6	3.584	1	1	0.7468
46	6	0.3847	0	1	0.5972
46	6	1.824	0	0	-0.09219
46	6	1.144	0	0	-1.062
46	6	3.877	1	1	0.8706
46	6	3.518	0	0	-0.2134
46	6	5.236	1	1	-0.3299
46	6	2.139	0	0	0.5955
46	6	0.4957	1	1	-1.096
46	6	1.419	1	1	-0.3521
46	6	0.939	1	1	-0.6636
46	6	0.5393	0	0	0.587
46	6	5.508	0	0	-1.319
46	6	0.8582	0	1	2.303
46	6	3.326	0	0	1.689
46	6	5.697	1	1	0.7585
46	6	1.096	1	1	-1.094
46	6	3.806	1	1	-0.3553
46	6	0.3484	1	1	-0.4667
46	6	1.983	0	1	-1.833
46	6	5.387	0	0	0.4432
46	6	5.587	0	0	0.9707
46	6	0.4174	0	1	-0.5381
47	6	1.042	1	0	0.2153
47	6	3.549	1	1	0.04091
47	6	5.493	1	1	0.5964
47	6	5.2	1	1	-1.399
47	6	0.9937	0	1	-1.681
47	6	3.602	0	0	0.3727
47	6	3.395	0	1	0.8329
47	6	0.5434	1	0	-0.7531
47	6	1.815	0	1	-0.2722
47	6	1.568	1	1	-2.104
47	6	0.661	0	1	-0.7223
47	6	0.5082	1	0	0.4704
47	6	0.3492	0	1	-1.358
47	6	1.109	0	1	0.1181
47	6	1.659	0	1	1.404
47	6	1.748	1	1	0.09749
47	6	1.565	1	1	2.049
47	6	0.9811	0	0	-1.43
47	6	1.544	0	1	1.94
47	6	0.8694	1	1	0.3691
47	6	5.478	0	0	-0.7836
47	6	3.096	1	1	-0.9178
47	6	5.492	0	0	1.994
47	6	0.7574	1	1	-0.6793
47	6	3.642	1	1	-0.1107
47	6	5.127	1	1	0.4828
47	6	2.074	1	1	-0.5164
47	6	0.05225	0	0	-2.212
47	6	5.532	0	0	0.2088
47	6	0.6896	1	0	-2.053
47	6	0.2994	1	1	1.181
47	6	3.557	0	0	-0.7237
47	6	3.734	0	1	-0.4438
47	6	1.07	0	1	0.7462
47	6	1.528	0	0	-0.1372
47	6	3.705	1	1	0.5424
47	6	0.2547	1	0	-0.3569
47	6	5.289	0	0	-2.003
47	6	3.754	0	0	1.406
47	6	1.57	0	0	-1.121
47	6	1.708	0	0	0.5623
47	6	5.446	1	1	-2.008
47	6	0.7988	0	0	-0.7335
47	6	1.025	1	1	-0.7785
47	6	0.8623	1	1	-0.1182
47	6	5.576	0	0	1.771
47	6	0.2081	0	1	-0.7394
47	6	3.892	1	1	-0.01792
47	6	0.578	1	0	-0.465
47	6	5.512	1	1	1.347
48	6	0.8738	0	0	-0.2758
48	6	1.818	1	1	0.6872
48	6	1.677	0	0	-1.095
48	6	5.281	0	0	0.01583
48	6	1.66	1	1	-0.9307
48	6	5.491	1	1	-0.7511
48	6	3.677	1	1	0.9875
48	6	3.711	0	0	0.09216
48	6	3.843	1	1	0.7244
48	6	0.6678	0	1	0.326
48	6	3.585	1	1	-0.4699
48	6	0.9683	1	1	-1.184
48	6	1.977	0	0	0.8655
48	6	5.551	1	1	1.113
48	6	0.7695	1	1	-0.6916
48	6	5.627	1	1	1.073
48	6	1.891	1	1	-1.101
48	6	1.432	1	0	-0.8368
48	6	0.8072	1	1	0.687
48	6	3.372	1	1	-0.7795
48	6	3.546	0	0	-0.2531
48	6	5.232	0	0	1.82
48	6	1.154	1	1	0.06611
48	6	0.8466	0	1	-0.7252
48	6	3.398	1	1	-0.8858
48	6	0.8606	0	1	2.348
48	6	3.288	0	0	-0.1566
48	6	0.2134	0	1	-0.2242
48	6	1.893	1	1	-0.6068
48	6	0.3391	0	0	-0.9532
48	6	1.035	0	1	0.7713
48	6	1.948	0	0	-0.6499
48	6	0.3471	1	1	-2.036
48	6	5.271	1	1	0.01862
48	6	0.527	1	0	-0.3352
48	6	5.272	0	0	0.1809
48	6	5.187	0	0	0.4929
48	6	0.8895	0	1	-0.7193
48	6	0.38	0	0	-1.311
48	6	0.4178	0	1	-0.3025
48	6	1.204	1	1	-1.154
48	6	5.318	1	1	-0.1442
48	6	0.5371	0	1	-2.457
48	6	0.5109	1	0	0.2516
48	6	3.876	0	0	1.911
48	6	3.881	0	0	1.126
48	6	5.25	0	0	-0.2485
48	6	1.824	1	1	1.983
48	6	0.2975	1	1	-1.27
48	6	0.7241	0	0	1.221
49	6	1.65	0	1	0.3676
49	6	3.978	1	1	0.3871
49	6	5.63	1	1	-0.6164
49	6	3.264	0	0	-1.33
49	6	5.402	0	0	0.7699
49	6	0.1607	0	1	1.121
49	6	3.54	1	1	1.422
49	6	0.668	1	1	-0.2206
49	6	5.449	1	1	0.477
49	6	3.542	0	0	-0.5388
49	6	0.4081	1	1	0.5155
49	6	1.748	1	1	-0.5663
49	6	0.9	1	1	0.4961
49	6	0.6839	0	1	0.9814
49	6	5.41	1	1	-1.107
49	6	1.091	1	1	-1.392
49	6	0.5466	0	1	-0.4013
49	6	1.196	1	1	0.4991
49	6	3.544	0	1	0.6697
49	6	1.728	0	0	0.8093
49	6	1.825	0	0	1.177
49	6	3.816	0	0	-0.07514
49	6	1.568	0	0	0.01645
49	6	5.183	0	0	-0.5969
49	6	0.3952	0	1	-0.1731
49	6	0.9059	1	0	-1.029
49	6	0.8893	1	1	0.1697
49	6	3.4	1	1	0.5084
49	6	5.492	1	1	0.5229
49	6	3.719	0	0	-0.4004
49	6	0.09108	0	0	1.423
49	6	0.9496	1	1	-0.5672
49	6	3.485	0	0	1.128
49	6	1.878	0	1	0.1676
49	6	2.001	0	0	-0.586
49	6	0.7466	0	1	-0.167
49	6	1.718	1	1	-0.3891
49	6	5.289	0	0	-0.1125
49	6	5.593	1	1	-0.5677
49	6	0.7326	1	1	0.5053
49	6	5.236	0	0	0.1391
49	6	1.768	1	1	-0.7802
49	6	5.413	0	0	-0.755
49	6	0.3452	0	1	-1.079
49	6	0.3049	1	1	1.836
49	6	3.871	1	1	0.6146
49	6	1.905	1	1	-1.884
49	6	1.338	0	1	0.04083
49	6	0.6356	1	0	0.6429
49	6	0.3106	0	1	-0.03553
