0	2	0.6562	0	1	2.549	1.041
0	2	5.493	0	1	0.06358	3.263
0	2	3.702	0	0	-1.25	-1.006
0	2	5.433	1	1	1.176	-1.389
0	2	0.547	0	1	-0.4639	0.9947
0	2	5.781	0	0	0.787	-1.447
0	2	1.016	1	1	-1.61	-0.0803
0	2	0.9088	1	1	1.437	-0.07585
0	2	1.595	0	0	1.395	-0.3003
0	2	0.4951	0	1	0.3111	0.9451
0	2	1.899	0	1	0.5703	1.684
0	2	1.163	1	1	-0.5864	-0.1419
0	2	3.497	0	0	-0.1057	-0.9396
0	2	1.792	0	1	-0.7846	1.592
0	2	0.1681	0	0	0.03989	0.2421
0	2	3.677	0	0	-1.042	-1.022
0	2	3.6	1	1	0.6337	-0.9655
0	2	1.968	1	1	-1.989	-0.4377
0	2	1.856	1	1	0.02764	-0.402
0	2	1.676	1	1	-0.3028	-0.3585
0	2	0.7555	1	1	0.3785	-0.008716
0	2	2.031	0	0	0.6222	-0.458
0	2	3.748	1	1	-1.098	-1.021
0	2	3.679	0	0	-0.05971	-1.005
0	2	0.3143	1	1	-1.539	0.2079
0	2	5.486	1	1	-2.522	-1.396
0	2	1.249	1	1	-2.35	-0.1639
0	2	0.4615	0	1	-2.682	0.9819
0	2	3.832	1	1	-1.207	-1.042
0	2	5.089	1	1	-0.6253	-1.281
0	2	1.142	1	1	0.8958	-0.1478
0	2	5.433	1	1	-0.3503	-1.395
0	2	1.69	0	0	0.6121	-0.3955
0	2	0.4087	0	0	0.4379	0.1245
0	2	0.9125	1	0	0.09106	1.233
0	2	4.064	0	1	-2.512	2.404
0	2	3.675	0	0	0.01168	-1.038
0	2	1.601	0	0	0.3365	-0.3408
0	2	5.094	0	0	0.6748	-1.33
0	2	0.3837	1	0	1.699	0.8289
0	2	3.661	1	1	-0.3837	-0.9995
0	2	0.455	0	1	-0.9805	1.067
0	2	2.044	1	1	0.9535	-0.5002
0	2	0.3262	1	1	-0.8044	0.1869
0	2	0.8114	0	0	0.2819	-0.03791
0	2	5.464	1	1	-0.8665	-1.388
0	2	0.5515	1	1	0.601	0.1085
0	2	0.6272	1	1	1.869	0.1445
0	2	5.582	0	0	0.2782	-1.43
0	2	5.224	0	0	-0.5071	-1.337
1	2	0.8046	0	1	1.555	1.189
1	2	3.349	0	0	1.927	-0.9002
1	2	2.18	0	0	-1.511	-0.518
1	2	1.688	1	1	-0.3129	-0.3431
1	2	5.135	1	1	-0.3574	-1.353
1	2	0.5004	1	1	-0.4812	0.1797
1	2	5.409	1	1	-1.248	-1.377
1	2	0.335	1	1	1.108	0.1983
1	2	5.381	1	0	1.635	3.287
1	2	3.499	1	1	-2.155	-0.9905
1	2	1.852	0	1	1.214	1.523
1	2	3.944	1	0	1.017	2.591
1	2	1.789	0	0	0.6332	-0.4058
1	2	1.69	1	1	-0.7024	-0.3409
1	2	0.6084	0	0	0.5209	0.1301
1	2	3.823	1	1	1.273	-1.029
1	2	0.9967	0	1	-0.7123	1.325
1	2	5.253	0	1	0.6782	2.819
1	2	3.837	1	1	-0.126	-1.091
1	2	0.954	1	1	1.722	-0.06898
1	2	1.903	0	0	0.7593	-0.3693
1	2	1.825	0	1	0.8245	1.538
1	2	5.658	0	0	-0.1128	-1.425
1	2	0.7352	1	1	0.422	-0.05868
1	2	0.9157	1	1	0.03496	-0.02485
1	2	3.615	0	0	1.491	-0.9836
1	2	1.103	1	0	1.715	1.349
1	2	3.644	1	1	1.045	-1.037
1	2	3.498	1	1	0.8967	-0.9888
1	2	0.954	0	1	-2.756	1.068
1	2	0.3007	0	1	0.2301	0.8747
1	2	5.401	1	1	-0.01842	-1.373
1	2	0.1058	1	0	-0.6031	0.8826
1	2	0.9747	1	1	-0.2958	-0.07044
1	2	2.04	1	1	-1.841	-0.4724
1	2	2.132	0	0	-1.272	-0.5432
1	2	3.193	0	0	0.4564	-0.8989
1	2	0.3778	0	1	0.08484	1
1	2	3.593	1	1	0.2971	-1.006
1	2	0.3321	0	0	1.574	0.2413
1	2	0.3764	0	0	0.3626	0.08196
1	2	0.8399	0	1	-0.1532	1.123
1	2	5.375	0	0	0.07273	-1.362
1	2	5.422	0	0	1.118	-1.371
1	2	5.11	1	1	0.7168	-1.34
1	2	1.168	0	0	-1.813	-0.1897
1	2	0.5167	0	0	0.3824	0.1192
1	2	5.173	0	0	0.7699	-1.333
1	2	2.169	1	1	0.4323	-0.498
1	2	0.5898	1	1	1.193	0.01105
2	2	1.999	0	1	-0.3423	1.595
2	2	0.6757	0	1	-2.25	1.017
2	2	3.596	0	0	0.202	-1.023
2	2	1.869	1	1	0.2351	-0.4508
2	2	0.4938	0	1	0.2044	0.9714
2	2	1.005	1	1	-0.8836	-0.139
2	2	5.462	0	0	0.6346	-1.378
2	2	3.601	1	1	-0.06002	-1.001
2	2	1.822	1	1	-0.4793	-0.3811
2	2	1.507	0	0	-0.375	-0.3242
2	2	0.809	0	1	0.4277	1.069
2	2	1.722	1	1	0.0496	-0.3404
2	2	5.301	1	1	-0.762	-1.343
2	2	0.6708	0	0	-1.243	0.0166
2	2	0.4426	0	1	-0.5512	1.06
2	2	3.832	1	1	-0.7584	-1.074
2	2	5.501	1	1	0.1002	-1.41
2	2	2.026	0	1	0.6888	1.69
2	2	0.3302	1	0	0.9408	0.9809
2	2	1.083	0	1	-0.6802	1.194
2	2	3.691	0	0	0.4346	-1.06
2	2	0.1526	1	0	-1.024	0.8737
2	2	0.2	0	1	0.9417	0.8313
2	2	0.8901	1	1	1.13	-0.008665
2	2	1.519	0	1	0.9403	1.426
2	2	1.68	1	1	-0.8821	-0.3695
2	2	5.277	1	1	0.195	-1.379
2	2	3.72	1	1	2.211	-1.002
2	2	5.401	0	0	1.265	-1.393
2	2	0.9991	1	1	1.657	-0.07819
2	2	5.375	1	1	0.1044	-1.389
2	2	4.128	1	1	-2.81	-1.118
2	2	2.002	0	0	0.8955	-0.4848
2	2	1.664	0	1	0.3142	1.465
2	2	3.657	0	0	1.125	-0.9697
2	2	0.9415	0	1	0.2927	1.248
2	2	5.546	0	0	-0.9593	-1.411
2	2	0.8041	0	1	-0.3072	1.097
2	2	0.9071	0	0	0.05859	-0.03384
2	2	3.911	1	1	-0.5162	-1.074
2	2	5.097	1	1	-0.3427	-1.338
2	2	0.9684	0	1	-0.9855	1.046
2	2	3.628	1	1	-1.016	-1.007
2	2	0.8135	0	1	1.227	1.083
2	2	3.279	1	0	-0.636	2.129
2	2	0.1253	1	1	-0.4467	0.2988
2	2	5.056	1	1	0.3409	-1.377
2	2	5.294	1	1	1.665	-1.348
3	2	3.835	0	1	1.21	2.524
3	2	0.3295	0	0	1.205	0.1717
3	2	1.649	0	0	0.4299	-0.4051
3	2	5.449	1	1	0.1485	-1.374
3	2	0.2737	0	1	-0.3722	0.8611
3	2	5.423	1	1	0.6519	-1.39
3	2	5.42	1	1	-0.05054	-1.398
3	2	5.477	1	1	0.2687	-1.373
3	2	3.897	1	1	1.278	-1.076
3	2	1.537	0	0	0.4473	-0.3107
3	2	0.8821	0	0	0.6372	-0.06747
3	2	3.277	0	1	-0.675	2.301
3	2	5.301	1	1	0.6793	-1.356
3	2	0.83	0	1	-0.5349	1.144
3	2	5.359	0	0	1.555	-1.363
3	2	1.381	1	0	1.515	1.447
3	2	1.624	0	0	-0.1663	-0.2751
3	2	0.4004	0	1	-1.299	0.8701
3	2	3.562	1	1	-0.8346	-0.9821
3	2	3.448	0	1	0.542	2.07
3	2	3.654	1	1	-0.3817	-0.9938
3	2	0.8996	0	1	-0.2185	1.249
3	2	0.898	0	1	-0.1974	1.178
3	2	0.9405	1	1	-0.8246	-0.006478
3	2	0.431	1	1	-0.3854	0.07123
3	2	4.997	0	0	-0.8522	-1.303
3	2	1.78	0	0	2.3	-0.3949
3	2	1.691	0	0	1.695	-0.3097
3	2	5.493	0	0	0.2522	-1.385
3	2	1.173	0	1	-1.958	1.248
3	2	0.3767	1	1	0.2818	0.1611
3	2	0.485	1	1	-1.798	0.1598
3	2	3.982	1	1	0.9007	-1.075
3	2	0.5157	1	1	-1.066	0.0226
3	2	1.969	0	0	0.05176	-0.5074
3	2	0.2964	1	1	-2.207	0.2114
3	2	3.586	1	1	-0.45	-1.014
3	2	5.529	1	1	-0.7274	-1.429
3	2	3.805	1	1	0.4133	-1.043
3	2	1.939	0	1	0.4838	1.723
3	2	0.8985	1	1	-1.295	-0.02056
3	2	1.542	1	0	0.6895	1.455
3	2	5.428	1	1	0.8094	-1.401
3	2	0.3006	0	1	-0.1418	0.8172
3	2	0.9738	0	0	-1.2	-0.06573
3	2	3.498	1	1	-1.057	-0.9671
3	2	0.7283	1	1	-1.12	0.06592
3	2	1.554	0	1	-0.09623	1.593
3	2	1.89	1	1	1.363	-0.4353
3	2	0.7473	0	0	-0.8668	-0.006542
4	2	5.302	1	1	0.563	-1.372
4	2	3.616	0	0	-0.009453	-0.9701
4	2	1.864	0	0	-1.131	-0.4997
4	2	0.664	0	0	0.4574	0.01085
4	2	3.43	1	1	-1.102	-0.9276
4	2	3.64	0	0	-0.2443	-1.025
4	2	0.6028	0	0	-0.5221	0.04182
4	2	0.8038	0	1	0.4153	1.066
4	2	3.872	0	1	1.388	2.423
4	2	0.5236	1	0	1.319	0.9811
4	2	0.9113	1	1	1.457	-0.08047
4	2	0.7057	1	1	-0.9412	-0.007523
4	2	3.545	0	1	-0.2389	2.361
4	2	1.984	1	1	2.362	-0.4621
4	2	5.431	0	0	-1.072	-1.398
4	2	1.919	1	1	-0.4145	-0.465
4	2	5.481	1	1	-0.9607	-1.406
4	2	0.6136	1	1	0.28	0.06962
4	2	0.9436	0	1	1.761	1.195
4	2	1.72	0	1	0.4981	1.541
4	2	3.254	0	0	0.4596	-0.904
4	2	3.615	0	1	0.7517	2.415
4	2	3.169	1	1	0.1521	-0.858
4	2	0.6159	1	0	0.4704	1.1
4	2	3.678	1	0	1.061	2.488
4	2	1.931	1	0	0.5575	1.623
4	2	2.103	0	1	-1.039	1.782
4	2	1.631	1	1	-1.015	-0.3554
4	2	1.908	1	1	-0.3526	-0.3968
4	2	3.552	1	1	-2.793	-0.9757
4	2	5.539	0	0	-0.2725	-1.407
4	2	0.9375	0	1	0.506	1.196
4	2	5.613	1	1	-0.005102	-1.416
4	2	1.649	0	0	-0.5079	-0.2918
4	2	0.1744	1	1	-0.1312	0.2016
4	2	5.53	0	0	0.3547	-1.402
4	2	0.6808	0	1	-0.6006	1.116
4	2	5.591	1	1	0.7814	-1.402
4	2	5.478	0	0	-0.1389	-1.416
4	2	0.2382	0	0	0.07786	0.1894
4	2	1.27	1	1	0.5813	-0.2179
4	2	0.6037	0	0	0.3917	0.07652
4	2	1.046	0	1	-0.2524	1.167
4	2	1.09	0	1	0.8541	1.169
4	2	1.64	1	1	0.1788	-0.3142
4	2	5.179	1	1	-0.1532	-1.367
4	2	1.153	1	1	-0.5724	-0.1193
4	2	0.1671	1	1	0.9091	0.2457
4	2	5.598	0	0	-0.7862	-1.425
4	2	0.6187	1	1	-0.06672	-0.03608
5	2	5.499	0	0	1.141	-1.406
5	2	1.808	1	1	0.5512	-0.434
5	2	1.581	0	0	-0.4498	-0.3922
5	2	1.437	1	1	0.2623	-0.2492
5	2	0.7819	0	1	-1.005	0.9859
5	2	0.127	0	1	-0.1349	0.7494
5	2	3.553	0	1	1.549	2.391
5	2	0.414	1	1	0.5495	0.1196
5	2	1.334	1	1	-0.3911	-0.259
5	2	0.4405	1	1	-0.9396	0.1115
5	2	0.8688	1	1	-0.01211	-0.09157
5	2	5.299	1	1	-0.6483	-1.345
5	2	1.029	1	1	-0.5702	-0.08946
5	2	1.746	0	1	-2.096	1.496
5	2	0.3582	0	1	0.2246	0.9816
5	2	3.446	0	0	1.464	-0.9407
5	2	5.12	1	1	-1.743	-1.306
5	2	1.964	0	0	-0.422	-0.429
5	2	0.9822	1	0	-0.3918	1.217
5	2	5.804	0	0	-0.1302	-1.441
5	2	5.713	0	0	-0.8925	-1.394
5	2	0.9879	1	1	-0.2485	-0.1287
5	2	0.08456	0	1	0.5598	0.9329
5	2	0.7198	0	1	-0.1806	1.009
5	2	3.404	1	1	-0.354	-0.9477
5	2	0.3851	0	0	2.228	0.1219
5	2	2.023	0	1	-1.103	1.717
5	2	3.715	1	1	-0.755	-1.017
5	2	4.007	0	1	-0.6738	2.645
5	2	5.136	0	0	-1.041	-1.348
5	2	3.717	1	0	-0.09532	2.306
5	2	3.718	0	1	0.5396	2.477
5	2	1.799	1	0	-1.447	1.565
5	2	3.391	0	1	0.9277	2.273
5	2	1.123	1	1	-0.1621	-0.145
5	2	1.523	1	1	-2.422	-0.2924
5	2	0.6461	0	1	2.165	1.061
5	2	3.703	1	1	-0.8157	-0.9948
5	2	5.166	1	1	0.5086	-1.357
5	2	5.632	0	0	-3.474	-1.413
5	2	1.844	0	1	-0.8808	1.517
5	2	5.187	1	1	0.709	-1.338
5	2	2.028	1	1	-1.78	-0.5136
5	2	1.599	1	0	-1.45	1.406
5	2	0.1637	0	1	-0.2897	0.7622
5	2	0.6108	1	1	-0.1496	0.1061
5	2	0.5049	1	0	1.819	0.9966
5	2	5.077	0	0	1.732	-1.321
5	2	0.8999	0	0	0.3437	-0.00573
5	2	3.687	1	1	0.06621	-1.018
6	2	4.093	1	1	1.407	-1.138
6	2	2.133	0	0	-0.6808	-0.5156
6	2	1.78	0	0	-1.28	-0.433
6	2	5.469	0	1	-0.8873	3.257
6	2	0.581	0	1	0.1934	1.033
6	2	1.13	0	0	-1.437	-0.1287
6	2	0.8551	0	1	0.5116	1.205
6	2	0.3962	0	1	0.04167	0.8893
6	2	3.721	0	0	0.07394	-1.06
6	2	3.7	1	1	-0.7967	-0.9929
6	2	5.515	0	0	-0.1475	-1.374
6	2	0.2926	0	0	-0.5642	0.1752
6	2	5.794	1	1	-1.83	-1.457
6	2	0.8253	1	1	0.6115	-0.001521
6	2	3.937	1	1	-0.3727	-1.079
6	2	3.742	1	1	-0.8201	-1.041
6	2	5.537	1	1	-0.6539	-1.394
6	2	3.525	1	1	-0.06065	-0.9939
6	2	5.438	0	0	0.09608	-1.414
6	2	3.777	1	0	2.337	2.381
6	2	1.266	1	1	-0.1012	-0.2038
6	2	1.138	1	0	0.3922	1.193
6	2	1.77	1	1	-0.02857	-0.3905
6	2	1.108	0	1	-0.2624	1.362
6	2	5.697	1	1	0.6063	-1.427
6	2	0.2608	0	1	-0.377	0.8175
6	2	0.7623	1	0	-0.1604	1.051
6	2	1.787	1	0	2.362	1.59
6	2	5.538	0	0	0.1294	-1.355
6	2	1.843	0	0	-1.599	-0.3683
6	2	1.944	1	0	-1.706	1.717
6	2	1.704	0	0	-1.715	-0.3828
6	2	0.5373	0	1	1.481	0.9475
6	2	0.8659	0	1	0.5508	1.132
6	2	5.647	0	1	-0.4291	3.5
6	2	0.5543	1	1	0.196	0.1361
6	2	5.603	1	0	-0.836	2.955
6	2	1.728	1	1	-0.3833	-0.4074
6	2	0.5151	0	0	0.6677	0.106
6	2	2.084	1	1	-0.5008	-0.5274
6	2	1.632	0	0	1.209	-0.3386
6	2	3.57	1	1	1.58	-0.9675
6	2	0.7047	1	0	-0.01605	1.155
6	2	0.8583	1	1	0.3525	-0.02964
6	2	3.898	1	1	-0.3544	-1.051
6	2	3.786	1	1	1.534	-1.045
6	2	0.9505	0	1	-0.5708	1.23
6	2	0.5808	0	0	-1.814	0.1008
6	2	5.448	0	0	-2.693	-1.376
6	2	1.523	0	1	-2.116	1.492
7	2	5.705	1	1	0.3544	-1.452
7	2	3.711	0	1	0.7734	2.548
7	2	1.433	1	1	-0.7198	-0.2595
7	2	1.964	1	1	-0.7537	-0.4176
7	2	3.656	1	1	-0.2077	-0.9897
7	2	0.7143	1	1	-0.6662	0.06821
7	2	0.5632	1	1	-0.2453	0.07274
7	2	1.72	0	1	-0.243	1.509
7	2	5.533	1	1	0.8494	-1.385
7	2	0.7032	0	0	-0.9763	0.07701
7	2	1.052	0	1	-0.5975	1.263
7	2	5.255	0	0	-0.02538	-1.355
7	2	4.061	0	0	-0.9139	-1.132
7	2	0.3908	1	1	-0.4953	0.146
7	2	5.265	0	0	-0.6807	-1.365
7	2	3.643	1	1	-1.723	-1.036
7	2	2.018	0	1	-0.5309	1.632
7	2	3.565	1	1	-0.8178	-0.9836
7	2	1.664	1	1	-1.224	-0.3604
7	2	5.091	1	1	0.5433	-1.323
7	2	0.9921	1	0	0.4431	1.243
7	2	2.355	0	0	-1.059	-0.5804
7	2	0.3139	0	0	-1.378	0.2307
7	2	0.4724	0	1	-0.1441	0.9397
7	2	5.294	0	0	-0.3793	-1.382
7	2	1.187	0	1	-0.4223	1.186
7	2	1.604	0	0	-0.9151	-0.3826
7	2	5.488	0	0	-0.71	-1.387
7	2	0.3483	1	1	0.7473	0.1352
7	2	0.8158	1	1	-0.4199	-0.03255
7	2	0.9819	0	1	-1.132	1.217
7	2	0.9798	1	1	1.009	-0.07931
7	2	4.054	0	0	-0.753	-1.121
7	2	3.713	1	1	-1.487	-1.029
7	2	0.4588	1	1	0.09026	0.1654
7	2	5.318	1	1	0.04626	-1.363
7	2	5.421	0	0	0.0493	-1.351
7	2	3.43	1	1	0.5798	-0.9463
7	2	3.641	1	1	1.117	-0.9801
7	2	1.031	1	0	0.1136	1.198
7	2	0.3852	0	1	0.7983	1.008
7	2	3.659	0	0	0.5369	-0.9874
7	2	0.3072	0	0	2.215	0.1931
7	2	0.8316	0	0	-1.197	-0.0878
7	2	5.164	1	1	0.5636	-1.366
7	2	1.619	0	0	-0.04137	-0.3348
7	2	0.5967	0	0	-0.8243	0.04428
7	2	1.908	1	1	-0.2619	-0.4419
7	2	0.9445	1	1	-0.8882	-0.1338
7	2	1.757	0	1	-0.3257	1.511
8	2	3.644	0	0	1.514	-0.9582
8	2	5	0	0	-0.9885	-1.325
8	2	3.587	1	1	-1.35	-0.9544
8	2	2.126	0	1	-1.6	1.752
8	2	5.58	1	1	-1.042	-1.402
8	2	5.845	0	0	0.379	-1.451
8	2	0.8499	0	0	1.536	-0.04248
8	2	3.882	1	1	-0.9898	-1.058
8	2	0.8254	1	1	-0.8151	-0.01345
8	2	1.648	1	1	0.3105	-0.3908
8	2	5.595	0	0	-0.2182	-1.407
8	2	3.328	0	0	0.4307	-0.8749
8	2	0.9939	1	1	-0.5561	-0.1148
8	2	1.574	1	0	0.3725	1.344
8	2	0.194	0	0	-0.09646	0.2241
8	2	0.6695	0	0	0.828	-0.02869
8	2	5.025	1	1	1.577	-1.321
8	2	3.764	0	0	2.072	-1.099
8	2	0.3047	0	0	-1.345	0.1959
8	2	3.738	0	0	0.1961	-1.019
8	2	5.447	1	1	-1.088	-1.365
8	2	1.669	1	1	0.439	-0.3887
8	2	1.183	1	0	-0.7672	1.258
8	2	0.5237	1	0	1.02	1.012
8	2	3.693	1	0	1.376	2.342
8	2	5.564	1	1	-0.8721	-1.404
8	2	1.558	1	1	1.231	-0.301
8	2	0.3425	0	0	1.111	0.1841
8	2	0.5602	1	1	0.3232	0.1084
8	2	0.8944	1	1	-0.3884	-0.06511
8	2	1.581	0	0	0.3007	-0.3634
8	2	0.7767	1	1	-0.4948	-0.07746
8	2	3.787	0	0	-0.7058	-1.034
8	2	5.499	0	0	0.5795	-1.418
8	2	5.289	1	1	-1.62	-1.388
8	2	2.153	1	1	-0.5617	-0.5571
8	2	1.948	1	0	0.1656	1.732
8	2	0.3831	1	0	-0.3014	0.9937
8	2	0.7132	0	0	-0.9356	0.02776
8	2	1.82	1	1	0.5157	-0.3673
8	2	3.472	0	0	-1.233	-0.9361
8	2	0.1004	0	0	0.3751	0.3654
8	2	0.7921	1	0	-0.2257	1.054
8	2	3.762	0	0	0.7316	-1.002
8	2	5.625	1	1	-1.201	-1.434
8	2	0.8645	0	1	0.5677	1.14
8	2	0.4298	0	0	-0.6429	0.06273
8	2	1.139	0	0	-1.418	-0.1136
8	2	1.763	0	0	-0.8418	-0.4153
8	2	0.3925	0	1	-1.792	0.9595
9	2	0.5951	1	1	0.4016	0.06561
9	2	0.9458	1	1	-1.074	-0.06238
9	2	0.9903	0	0	1.07	-0.04745
9	2	0.6329	1	1	0.2637	0.02122
9	2	0.7405	1	0	1.159	1.088
9	2	0.5425	0	1	0.0707	1.087
9	2	1.776	1	0	0.8105	1.629
9	2	2.213	0	1	0.3695	1.65
9	2	5.318	0	0	1.846	-1.38
9	2	3.283	0	0	-0.09531	-0.9101
9	2	1.812	0	0	1.899	-0.478
9	2	3.69	0	0	0.5428	-1.04
9	2	0.9863	0	1	1.153	1.171
9	2	0.2706	1	1	0.7062	0.1629
9	2	5.208	0	0	0.7248	-1.364
9	2	5.314	1	1	-0.8645	-1.356
9	2	2.932	0	0	0.07301	-0.7771
9	2	1.072	1	0	1.057	1.233
9	2	0.7039	1	1	-1.089	0.05638
9	2	5.33	1	1	1.454	-1.386
9	2	3.397	1	1	2.733	-0.9207
9	2	5.035	1	1	-0.1623	-1.329
9	2	1.887	0	0	0.3689	-0.4916
9	2	2.033	1	0	0.33	1.603
9	2	0.7567	1	0	0.7235	1.158
9	2	3.466	1	1	1.26	-0.9564
9	2	1.102	0	1	-0.8417	1.283
9	2	3.55	0	0	0.001065	-0.9644
9	2	2.014	0	1	0.5664	1.56
9	2	5.671	1	1	1.324	-1.423
9	2	0.2207	0	1	-0.52	0.8919
9	2	3.477	0	0	-1.409	-0.912
9	2	0.6087	0	1	-0.7462	0.9367
9	2	0.5057	1	1	-0.6536	0.05429
9	2	0.7508	0	1	0.6525	1.067
9	2	1.297	1	1	-0.4414	-0.1876
9	2	3.588	0	1	-1.337	2.403
9	2	2.191	0	0	-1.182	-0.5532
9	2	5.619	1	1	-1.109	-1.406
9	2	3.343	1	1	0.1945	-0.8955
9	2	1.84	1	0	0.1637	1.568
9	2	3.384	1	1	-0.6201	-0.9445
9	2	5.25	1	1	-1.012	-1.354
9	2	0.8837	0	0	-0.02055	-0.0323
9	2	1.592	0	0	-0.2002	-0.3811
9	2	0.8411	1	0	0.6933	1.021
9	2	5.317	0	0	-1.933	-1.359
9	2	5.22	1	1	-0.3722	-1.337
9	2	2.143	0	0	-0.4481	-0.5581
9	2	0.5018	0	0	-2.319	0.03948
10	3	0.661	0	0	-0.4799	0.0931
10	3	5.494	0	0	-0.382	-1.41
10	3	3.704	0	0	-0.03199	-0.9985
10	3	5.442	1	1	0.06639	-1.362
10	3	0.5495	0	1	-2.402	1.029
10	3	5.78	0	0	-0.2665	-1.446
10	3	1.02	1	1	-0.8049	-0.0848
10	3	0.9116	1	1	0.6279	-0.08424
10	3	1.597	0	1	-0.5314	1.274
10	3	0.4914	0	1	-1.543	0.9533
10	3	1.899	0	0	0.7367	-0.4728
10	3	1.163	1	0	-0.6064	1.295
10	3	3.501	0	0	-1.739	-0.9703
10	3	1.795	0	0	-1.331	-0.4049
10	3	0.1677	0	1	1.105	0.82
10	3	3.684	0	1	0.2158	2.341
10	3	3.605	1	1	1.63	-0.983
10	3	1.964	1	1	0.8745	-0.3808
10	3	1.721	1	1	0.3095	-0.3706
10	3	1.627	1	0	0.4867	1.546
10	3	0.9376	1	1	0.06763	-0.03473
10	3	1.546	0	0	-0.3907	-0.3331
10	3	3.692	1	1	-0.7386	-1.024
10	3	3.678	0	0	1.059	-1.009
10	3	0.3101	1	0	0.7122	0.9273
10	3	5.495	1	1	-0.06775	-1.369
10	3	1.252	1	1	-0.07821	-0.1976
10	3	0.4616	0	1	-1.755	0.956
10	3	3.836	1	1	0.8124	-1.051
10	3	5.091	1	1	-0.3227	-1.339
10	3	1.141	1	1	-0.9673	-0.1554
10	3	5.441	1	1	-0.4598	-1.411
10	3	1.693	0	0	-0.4168	-0.3236
10	3	0.41	0	0	0.03679	0.1481
10	3	0.9092	1	0	0.91	1.095
10	3	4.064	0	0	-1.455	-1.143
10	3	3.68	0	0	-0.2721	-1.011
10	3	1.594	0	1	-1.173	1.406
10	3	5.1	0	0	-1.361	-1.357
10	3	0.3775	1	1	-0.8515	0.1762
10	3	3.658	1	1	-2.495	-1.006
10	3	0.4574	0	0	1.268	0.1329
10	3	2.04	1	1	-1.071	-0.4807
10	3	0.3317	1	1	-0.3891	0.1086
10	3	0.8176	0	0	-0.1085	0.01104
10	3	5.47	1	1	0.08184	-1.398
10	3	0.5481	1	1	1.124	0.004475
10	3	0.6282	1	1	-1.299	0.05748
10	3	5.581	0	0	0.4086	-1.384
10	3	5.229	0	0	-1.245	-1.332
11	3	0.8023	0	1	-0.709	1.271
11	3	3.352	0	0	-0.7348	-0.9336
11	3	2.186	0	1	-0.1718	1.686
11	3	1.692	1	1	0.6819	-0.3357
11	3	5.135	1	1	0.333	-1.347
11	3	0.5011	1	0	0.21	1.008
11	3	5.412	1	1	-0.004513	-1.404
11	3	0.3321	1	0	-0.1617	0.9729
11	3	5.382	1	0	0.7593	2.922
11	3	3.395	1	1	-0.2399	-0.9723
11	3	2.033	0	1	0.9657	1.548
11	3	3.644	1	1	1.87	-0.9629
11	3	1.936	0	0	0.1737	-0.4537
11	3	1.883	1	1	-0.4127	-0.4138
11	3	0.5163	0	1	0.814	1.007
11	3	3.808	1	1	0.07932	-1.047
11	3	0.8641	0	1	0.8449	1.149
11	3	5.345	0	1	0.1127	3.292
11	3	3.764	1	1	0.8222	-1.045
11	3	0.9653	1	1	0.9692	-0.05137
11	3	1.933	0	0	-0.9526	-0.5065
11	3	2.198	0	0	0.7977	-0.593
11	3	5.353	0	0	0.2334	-1.348
11	3	0.735	1	0	-0.1433	1.106
11	3	0.9169	1	1	-0.3612	-0.1042
11	3	3.617	0	1	0.6873	2.541
11	3	1.093	1	1	1.038	-0.08583
11	3	3.649	1	1	-0.4137	-0.9893
11	3	3.493	1	1	-0.5653	-0.9834
11	3	0.952	0	0	-0.02789	-0.07764
11	3	0.3067	0	1	-1.529	0.8508
11	3	5.401	1	0	-0.9233	2.889
11	3	0.1093	1	0	1.087	0.8517
11	3	0.9752	1	1	-0.5688	-0.1075
11	3	2.045	1	1	-0.5612	-0.5459
11	3	2.133	0	1	-0.6853	1.632
11	3	3.194	0	0	0.3288	-0.8758
11	3	0.3755	0	0	-1.256	0.201
11	3	3.6	1	1	-0.1786	-1
11	3	0.338	0	0	-0.9385	0.1886
11	3	0.3718	0	0	-0.126	0.1141
11	3	0.8456	0	0	-1.041	-0.05289
11	3	5.372	0	0	-0.3193	-1.389
11	3	5.426	0	0	-1.358	-1.39
11	3	5.11	1	1	0.009474	-1.346
11	3	1.164	0	0	0.3329	-0.1881
11	3	0.5222	0	1	-0.5486	1.209
11	3	5.177	0	0	-1.561	-1.349
11	3	2.17	1	1	2.733	-0.5341
11	3	0.5936	1	0	-0.2	1.11
12	3	2.002	0	1	0.5009	1.63
12	3	0.6837	0	1	-0.5118	1.031
12	3	3.6	0	1	-0.3206	2.394
12	3	1.871	1	1	1.729	-0.4067
12	3	0.4902	0	1	-0.4005	1.007
12	3	1.01	1	1	0.8145	-0.0492
12	3	5.467	0	0	0.9888	-1.429
12	3	3.601	1	1	-0.008754	-0.963
12	3	1.819	1	1	-0.03169	-0.3534
12	3	1.507	0	1	-0.3264	1.351
12	3	0.8053	0	0	1.324	-0.03771
12	3	1.724	1	1	0.2581	-0.4008
12	3	5.312	1	1	-0.5368	-1.364
12	3	0.6729	0	0	2.231	0.05778
12	3	0.4439	0	1	-0.8718	0.9322
12	3	3.831	1	1	-0.09006	-1.053
12	3	5.503	1	1	0.2071	-1.406
12	3	2.025	0	1	-0.4246	1.838
12	3	0.3351	1	0	0.356	0.8466
12	3	1.086	0	1	-0.3354	1.317
12	3	3.689	0	1	-0.03026	2.409
12	3	0.1574	1	0	-0.4041	0.7825
12	3	0.5649	0	1	1.326	1.069
12	3	0.4497	0	0	-0.4028	0.0913
12	3	1.11	1	1	-0.114	-0.187
12	3	1.871	0	0	2.036	-0.3881
12	3	1.873	1	1	0.477	-0.4012
12	3	5.547	1	1	-1.171	-1.402
12	3	3.864	1	1	0.6285	-1.048
12	3	5.181	0	0	1.295	-1.344
12	3	1.086	1	1	1.551	-0.1361
12	3	5.59	1	1	-0.1321	-1.406
12	3	3.107	1	1	0.09341	-0.8587
12	3	1.95	0	0	0.1749	-0.4345
12	3	1.663	0	1	0.166	1.384
12	3	3.657	0	1	1.121	2.463
12	3	0.9435	0	1	0.7751	1.145
12	3	5.545	0	0	-0.05548	-1.421
12	3	0.8013	0	1	1.119	1.105
12	3	0.9077	0	0	1.235	-0.04802
12	3	3.916	1	1	-0.3647	-1.066
12	3	5.097	1	1	-0.4475	-1.306
12	3	0.9699	0	0	0.9495	-0.02104
12	3	3.636	1	0	0.05036	2.431
12	3	0.8232	0	0	-0.3237	-0.1126
12	3	3.448	1	0	-0.03754	2.167
12	3	0.1278	1	1	-0.9512	0.3168
12	3	5.06	1	1	0.3881	-1.32
12	3	5.299	1	1	0.4306	-1.357
12	3	0.8289	1	0	0.09215	1.185
13	3	3.834	0	0	0.807	-1.067
13	3	0.3307	0	0	-0.2013	0.114
13	3	1.648	0	0	0.2645	-0.4052
13	3	5.459	1	1	-0.00633	-1.363
13	3	0.2765	0	0	0.5682	0.205
13	3	5.423	1	1	-0.4416	-1.38
13	3	5.417	1	1	-0.2432	-1.409
13	3	5.481	1	1	0.5086	-1.416
13	3	3.897	1	1	-2.372	-1.078
13	3	1.536	0	0	-0.08174	-0.2526
13	3	0.8838	0	0	0.4635	-0.04182
13	3	3.271	0	0	-0.98	-0.9081
13	3	5.305	1	1	0.4622	-1.385
13	3	0.8258	0	0	2.128	0.0939
13	3	5.356	0	0	-2.743	-1.386
13	3	1.382	1	1	0.01112	-0.2419
13	3	1.632	0	1	-0.5151	1.529
13	3	0.4025	0	0	-0.03829	0.1725
13	3	3.566	1	1	-1.79	-0.9532
13	3	3.448	0	0	-0.6341	-0.955
13	3	3.657	1	1	-0.8132	-1.022
13	3	0.9015	0	0	-0.3398	-0.08439
13	3	0.8982	0	0	0.1307	-0.006692
13	3	0.9322	1	0	-1.94	1.117
13	3	0.4306	1	1	-0.2805	0.1573
13	3	4.997	0	0	-0.613	-1.312
13	3	1.783	0	1	0.8278	1.464
13	3	1.695	0	0	-0.1609	-0.3829
13	3	5.498	0	1	-0.001454	2.898
13	3	1.168	0	1	-1.127	1.244
13	3	0.3802	1	0	1.086	0.9641
13	3	0.4855	1	1	-0.2138	0.1446
13	3	3.988	1	1	-0.1753	-1.112
13	3	0.5122	1	1	1.065	0.1294
13	3	1.969	0	0	0.2387	-0.43
13	3	0.2979	1	0	-0.08796	0.9271
13	3	3.584	1	1	1.27	-0.9741
13	3	5.535	1	1	-3.306	-1.392
13	3	3.801	1	1	-1.473	-1.003
13	3	1.952	0	0	-0.1165	-0.496
13	3	0.901	1	0	0.4333	1.043
13	3	1.543	1	0	1.182	1.476
13	3	5.435	1	1	-0.5259	-1.382
13	3	0.3028	0	1	-1.642	0.9573
13	3	0.9739	0	1	0.1251	1.32
13	3	3.501	1	1	0.4518	-0.9952
13	3	0.7551	1	0	0.3373	1.063
13	3	1.763	0	0	0.4411	-0.3547
13	3	1.517	1	0	-0.2034	1.433
13	3	0.9553	0	0	-0.6906	-0.08786
14	3	5.611	1	1	0.09805	-1.408
14	3	3.658	0	0	-2.027	-0.9783
14	3	1.483	0	0	-1.248	-0.2894
14	3	0.4993	0	0	0.7679	0.1223
14	3	3.402	1	1	-3.057	-0.9487
14	3	4.163	0	1	-1.073	2.509
14	3	0.6346	0	1	-0.133	1.035
14	3	1.11	0	1	-0.3454	1.391
14	3	3.65	0	1	-0.03002	2.419
14	3	0.5817	1	1	0.06341	0.02314
14	3	1.026	1	0	-0.6712	1.293
14	3	0.2415	1	1	-0.2689	0.2373
14	3	3.983	0	1	0.1916	2.368
14	3	1.574	1	1	-2.123	-0.3133
14	3	5.333	0	0	-2.789	-1.365
14	3	1.874	1	1	-1.157	-0.4402
14	3	5.499	1	1	2.558	-1.418
14	3	0.8085	1	1	-0.6468	-0.04006
14	3	0.739	0	0	1.234	-0.06432
14	3	1.573	0	0	0.5512	-0.2775
14	3	3.703	0	0	-0.61	-1.018
14	3	3.828	0	0	0.04945	-1.042
14	3	3.744	1	1	0.2439	-1.071
14	3	1.086	1	1	-0.2408	-0.194
14	3	3.62	1	1	-0.9055	-0.9765
14	3	1.972	1	1	-0.3947	-0.4622
14	3	1.743	0	0	-1.407	-0.4235
14	3	1.434	1	0	-0.3641	1.307
14	3	1.656	1	1	-1.543	-0.3439
14	3	3.795	1	1	-0.7759	-1.043
14	3	5.006	0	0	-0.663	-1.297
14	3	0.9879	0	0	0.4018	-0.03412
14	3	5.132	1	1	-0.04696	-1.335
14	3	1.515	0	0	1.585	-0.3009
14	3	0.4573	1	1	0.4859	0.09642
14	3	5.51	0	0	-0.2383	-1.404
14	3	1.061	0	1	-0.9064	1.35
14	3	5.028	1	1	0.579	-1.313
14	3	5.593	0	0	0.2995	-1.422
14	3	0.2383	0	1	-0.5079	0.8762
14	3	0.8321	1	1	-0.9938	0.01737
14	3	0.4255	0	0	1.398	0.1614
14	3	0.8685	0	0	1.165	-0.04939
14	3	0.6843	0	1	-1.691	1.122
14	3	1.723	1	0	-0.8482	1.458
14	3	5.388	1	1	-0.132	-1.38
14	3	1.023	1	1	-2.9	-0.04153
14	3	0.1286	1	1	0.05271	0.2144
14	3	5.602	0	0	-2.025	-1.431
14	3	0.6171	1	0	-0.08408	1.089
15	3	5.503	0	0	-2.463	-1.402
15	3	1.812	1	1	0.08541	-0.3868
15	3	1.582	0	0	-0.7145	-0.2709
15	3	1.441	1	0	0.648	1.429
15	3	0.7855	0	1	-0.6056	1.142
15	3	0.1307	0	1	-0.4776	0.8027
15	3	3.563	0	1	-0.2252	2.408
15	3	0.4098	1	0	0.2757	0.9767
15	3	1.349	1	1	1.411	-0.2381
15	3	0.4397	1	1	2.051	0.1436
15	3	0.8799	1	0	0.5412	1.175
15	3	5.3	1	1	-0.5527	-1.366
15	3	1.032	1	0	0.5764	1.237
15	3	1.734	0	1	-1.098	1.529
15	3	0.3376	0	1	-0.6683	0.9316
15	3	3.705	0	1	1.173	2.484
15	3	5.129	1	1	1.297	-1.332
15	3	1.97	0	0	0.2631	-0.485
15	3	0.9828	1	1	-0.6266	-0.1064
15	3	5.807	0	0	0.9329	-1.468
15	3	5.715	0	0	0.8652	-1.426
15	3	0.9885	1	1	0.04474	-0.09522
15	3	0.08401	0	0	0.4705	0.2704
15	3	0.715	0	1	0.4076	1.147
15	3	3.409	1	1	-0.01031	-0.9336
15	3	0.3884	0	1	0.1395	0.9762
15	3	2.023	0	0	0.125	-0.5183
15	3	3.719	1	1	0.06799	-1.008
15	3	4.012	0	0	-0.3534	-1.071
15	3	5.14	0	0	-0.6579	-1.361
15	3	3.724	1	1	-1.004	-1.028
15	3	3.718	0	0	-0.09829	-1.06
15	3	1.8	1	1	0.4437	-0.4004
15	3	3.39	0	0	-0.731	-0.929
15	3	1.124	1	0	1.496	1.211
15	3	1.52	1	1	0.02931	-0.2863
15	3	0.6433	0	1	-0.391	1.154
15	3	3.697	1	1	-0.3165	-0.9889
15	3	5.164	1	0	0.07018	2.678
15	3	5.635	0	0	-0.7442	-1.408
15	3	1.843	0	0	-1.258	-0.3986
15	3	5.183	1	1	-1.12	-1.381
15	3	2.031	1	0	-1.264	1.635
15	3	1.601	1	1	-0.6505	-0.294
15	3	0.1563	0	0	-0.7916	0.2088
15	3	0.6053	1	1	1.026	0.0334
15	3	0.5061	1	1	-1.179	0.1856
15	3	5.076	0	0	-0.4702	-1.314
15	3	0.9077	0	0	-0.4588	-0.03936
15	3	3.688	1	1	0.6275	-1.047
16	3	4.095	1	1	-0.5145	-1.091
16	3	2.139	0	0	-0.1862	-0.5611
16	3	1.78	0	0	0.04019	-0.3939
16	3	5.47	0	0	-3.071	-1.394
16	3	0.5854	0	0	-0.01487	0.03338
16	3	1.133	0	0	-0.05792	-0.1852
16	3	0.8593	0	1	0.1565	0.9763
16	3	0.3964	0	0	-1.674	0.1432
16	3	3.728	0	0	0.04904	-1.024
16	3	3.7	1	1	-0.41	-1.035
16	3	5.512	0	0	-0.1314	-1.416
16	3	0.2965	0	0	-0.3282	0.216
16	3	5.799	1	1	-0.8474	-1.446
16	3	0.8284	1	1	0.4452	-0.02384
16	3	3.936	1	1	0.3472	-1.077
16	3	3.742	1	1	0.1334	-0.9983
16	3	5.535	1	1	-0.1266	-1.41
16	3	3.525	1	1	-0.3718	-0.9542
16	3	5.436	0	0	-1.234	-1.397
16	3	3.783	1	1	-0.1772	-1.022
16	3	1.268	1	0	-0.1354	1.45
16	3	1.141	1	1	0.4118	-0.1662
16	3	1.772	1	1	-0.1285	-0.4513
16	3	1.111	0	0	0.05483	-0.1703
16	3	5.705	1	1	-0.2815	-1.431
16	3	0.2604	0	1	-1.05	0.9412
16	3	0.7639	1	0	0.6092	1.123
16	3	1.788	1	1	1.84	-0.3568
16	3	5.54	0	0	1.931	-1.399
16	3	1.848	0	1	-1.252	1.489
16	3	1.944	1	1	-0.8315	-0.391
16	3	1.708	0	0	1.508	-0.3519
16	3	0.5367	0	0	-0.4953	0.03169
16	3	0.8674	0	0	-0.3611	0.005434
16	3	5.655	0	0	-0.6917	-1.41
16	3	0.5542	1	0	-1.995	1.097
16	3	5.607	1	0	0.2608	3.1
16	3	1.729	1	0	0.4867	1.597
16	3	0.5147	0	1	-0.586	0.8981
16	3	2.086	1	1	-0.2858	-0.4861
16	3	1.631	0	1	0.4858	1.39
16	3	3.57	1	1	-3.602	-1.035
16	3	0.7071	1	0	1.525	0.9383
16	3	0.8632	1	1	0.2229	-0.03502
16	3	3.907	1	1	0.3503	-1.06
16	3	3.796	1	1	-1.049	-1.048
16	3	0.9449	0	0	1.4	-0.06626
16	3	0.5869	0	0	-2.074	0.1158
16	3	5.452	0	0	-1.347	-1.379
16	3	1.526	0	1	0.8114	1.443
17	3	5.708	1	0	1.426	3.21
17	3	3.717	0	0	0.7327	-1.001
17	3	1.431	1	1	0.2287	-0.1721
17	3	1.969	1	1	0.1053	-0.4081
17	3	3.65	1	1	-0.2162	-0.9987
17	3	0.7194	1	1	-1.001	0.07253
17	3	0.5634	1	0	-0.1389	0.9525
17	3	1.723	0	1	-0.2774	1.574
17	3	5.538	1	1	-0.3537	-1.394
17	3	0.7013	0	1	-0.2181	1.032
17	3	1.054	0	0	0.8952	-0.062
17	3	5.256	0	0	0.1485	-1.364
17	3	4.068	0	0	0.948	-1.098
17	3	0.3847	1	0	0.01012	1.003
17	3	5.264	0	0	0.4898	-1.35
17	3	3.645	1	1	0.2768	-0.9773
17	3	2.02	0	0	0.8448	-0.5016
17	3	3.571	1	1	-0.8549	-1.013
17	3	1.667	1	0	0.1539	1.38
17	3	5.088	1	1	-1.638	-1.293
17	3	0.9871	1	1	-1.565	-0.06492
17	3	2.36	0	0	-0.09269	-0.5619
17	3	0.3117	0	0	0.25	0.172
17	3	0.4658	0	1	1.588	0.9541
17	3	5.298	0	0	0.8792	-1.352
17	3	1.195	0	1	1.234	1.349
17	3	1.605	0	0	-0.6536	-0.3039
17	3	5.494	0	0	0.2659	-1.407
17	3	0.348	1	1	-1.036	0.09743
17	3	0.8141	1	0	0.3955	1.03
17	3	0.9841	0	0	-0.5694	-0.08294
17	3	0.9742	1	1	0.4892	-0.08026
17	3	4.063	0	0	-1.902	-1.113
17	3	3.714	1	1	0.591	-1.021
17	3	0.4665	1	1	0.6902	0.1729
17	3	5.322	1	1	1.443	-1.368
17	3	5.424	0	0	-0.297	-1.394
17	3	3.434	1	1	-2.185	-0.9595
17	3	3.646	1	1	0.3297	-1.007
17	3	1.029	1	0	0.2841	1.184
17	3	0.3819	0	1	2.046	0.9582
17	3	3.664	0	0	-0.4618	-0.9939
17	3	0.3108	0	0	2.064	0.193
17	3	0.8384	0	0	-0.634	-0.007511
17	3	5.176	1	1	1.41	-1.36
17	3	1.62	0	0	-0.6444	-0.3686
17	3	0.6002	0	1	-0.2377	1.027
17	3	1.906	1	1	-2.389	-0.3646
17	3	0.9491	1	1	0.3057	-0.1584
17	3	1.759	0	1	-0.2115	1.606
18	3	3.647	0	0	0.8801	-1.014
18	3	4.999	0	0	1.347	-1.338
18	3	3.598	1	1	-0.08437	-0.9835
18	3	2.127	0	0	-0.4352	-0.4922
18	3	5.581	1	1	0.751	-1.394
18	3	5.851	0	0	1.485	-1.469
18	3	0.8559	0	0	-0.1732	-0.05835
18	3	3.883	1	1	0.733	-1.07
18	3	0.824	1	1	2.478	-0.1021
18	3	1.654	1	1	0.619	-0.3366
18	3	5.601	0	0	0.6168	-1.426
18	3	3.334	0	0	0.1928	-0.9246
18	3	0.989	1	1	-0.6092	-0.1108
18	3	1.578	1	1	-2.156	-0.309
18	3	0.196	0	0	-1.167	0.2131
18	3	0.6698	0	0	0.9437	0.02876
18	3	5.033	1	1	1.304	-1.309
18	3	3.766	0	0	-0.2568	-1.009
18	3	0.3023	0	0	0.4412	0.1803
18	3	3.741	0	0	-1.018	-1.003
18	3	5.45	1	1	0.7631	-1.395
18	3	1.671	1	1	0.1245	-0.3693
18	3	1.179	1	1	-0.4695	-0.1491
18	3	0.5238	1	1	0.9446	0.1031
18	3	3.7	1	1	-1.345	-1.054
18	3	5.562	1	1	-2.331	-1.391
18	3	1.561	1	0	1.687	1.488
18	3	0.3447	0	1	-1.388	0.8761
18	3	0.5597	1	0	-0.8296	0.9747
18	3	0.8987	1	1	0.2451	-0.1239
18	3	1.579	0	0	-0.09696	-0.3001
18	3	0.7788	1	1	-1.479	-0.02929
18	3	3.79	0	0	0.7212	-1.03
18	3	5.498	0	0	-1.651	-1.39
18	3	5.29	1	1	-0.7092	-1.375
18	3	2.15	1	1	0.005507	-0.5267
18	3	1.942	1	1	1.64	-0.4806
18	3	0.3899	1	1	-1.176	0.1759
18	3	0.7116	0	0	1.528	-0.06831
18	3	1.818	1	1	0.1093	-0.48
18	3	3.477	0	1	-1.2	2.059
18	3	0.09818	0	1	-1.359	0.838
18	3	0.7929	1	1	-1.408	0.02524
18	3	3.762	0	0	0.6237	-1.075
18	3	5.632	1	1	0.1748	-1.401
18	3	0.8619	0	0	0.7979	0.00627
18	3	0.4289	0	0	-0.4214	0.1637
18	3	1.147	0	0	-0.1961	-0.1766
18	3	1.762	0	0	0.4379	-0.3736
18	3	0.3968	0	0	-0.2629	0.137
19	3	0.5881	1	0	0.1572	0.8852
19	3	0.9451	1	1	-0.7684	-0.07056
19	3	0.9887	0	0	-0.4465	-0.07103
19	3	0.6339	1	0	0.6767	1.161
19	3	0.997	1	0	0.8076	1.129
19	3	0.1362	0	1	0.4157	0.8733
19	3	1.701	1	0	0.1839	1.401
19	3	1.71	0	0	1.27	-0.3868
19	3	5.215	0	0	-0.6269	-1.352
19	3	3.292	0	0	0.7975	-0.8952
19	3	1.81	0	0	-0.1752	-0.4505
19	3	3.698	0	0	0.4349	-0.9875
19	3	0.9905	0	0	1.293	-0.0746
19	3	0.2697	1	1	-0.07912	0.2623
19	3	5.212	0	0	-0.8136	-1.347
19	3	5.312	1	1	1.242	-1.377
19	3	2.931	0	0	-0.0384	-0.8165
19	3	1.067	1	1	-0.6199	-0.1285
19	3	0.7037	1	1	-2.417	0.01944
19	3	5.331	1	1	1.984	-1.338
19	3	3.397	1	1	0.6408	-0.9527
19	3	5.046	1	1	-0.1312	-1.323
19	3	1.888	0	0	-0.633	-0.4301
19	3	2.046	1	1	1.526	-0.4924
19	3	0.7559	1	1	-1.743	-0.02958
19	3	3.471	1	1	0.09937	-0.9517
19	3	1.098	0	1	-1.026	1.151
19	3	3.549	0	0	0.1869	-0.9762
19	3	2.011	0	0	0.5783	-0.5042
19	3	5.669	1	1	0.8237	-1.45
19	3	0.2134	0	0	-0.1972	0.2672
19	3	3.48	0	0	0.295	-0.9364
19	3	0.6085	0	0	-1.374	0.01893
19	3	0.4967	1	0	-0.01381	0.9596
19	3	0.7553	0	1	-2.158	1.208
19	3	1.295	1	1	0.67	-0.1686
19	3	3.595	0	0	-0.8626	-0.9988
19	3	2.198	0	1	-1.425	1.754
19	3	5.618	1	1	1.113	-1.433
19	3	3.341	1	1	1.202	-0.9524
19	3	1.842	1	1	-0.002848	-0.4059
19	3	3.388	1	1	-0.1567	-0.9207
19	3	5.25	1	1	-0.3335	-1.338
19	3	0.8821	0	1	-0.7449	1.046
19	3	1.587	0	0	-0.636	-0.2587
19	3	0.8406	1	1	0.8538	-0.02447
19	3	5.323	0	0	-0.8052	-1.381
19	3	5.221	1	1	-0.1622	-1.366
19	3	2.147	0	0	-0.009253	-0.6072
19	3	0.5084	0	1	-1.292	0.959
20	4	0.2659	0	0	2.59	0.164
20	4	5.532	0	1	-0.771	3.038
20	4	1.66	0	1	1.626	1.534
20	4	5.365	1	1	2.098	-1.353
20	4	0.2342	0	0	-0.521	0.251
20	4	5.461	0	0	0.7854	-1.405
20	4	0.5269	1	1	0.1168	0.1041
20	4	0.5886	1	0	0.5419	0.9196
20	4	1.269	0	1	-1.297	1.387
20	4	0.367	0	0	-1.53	0.2489
20	4	0.9062	0	1	1.372	1.125
20	4	0.4615	1	1	1.853	0.1653
20	4	1.747	0	0	0.3056	-0.4247
20	4	0.6329	0	0	1.177	0.06085
20	4	0.2688	0	1	0.654	0.9249
20	4	2.059	0	1	1.666	1.633
20	4	1.854	1	1	0.7815	-0.3685
20	4	0.788	1	0	0.157	1.256
20	4	0.757	1	0	0.1594	1.157
20	4	0.6905	1	1	0.2959	0.02067
20	4	0.2028	1	1	1.145	0.2199
20	4	1.008	0	0	-0.935	-0.09983
20	4	1.742	1	1	-0.009981	-0.3719
20	4	1.867	0	0	-0.08789	-0.396
20	4	0.4111	1	0	0.9872	0.9341
20	4	5.528	1	1	-0.6757	-1.397
20	4	0.364	1	0	1.801	1.009
20	4	0.01252	0	1	-1.248	0.7543
20	4	2.046	1	1	0.4071	-0.4972
20	4	5.644	1	1	-1.325	-1.431
20	4	0.5329	1	1	0.5573	0.1212
20	4	5.67	1	1	-0.1731	-1.431
20	4	0.8113	0	0	-0.9917	-0.02056
20	4	0.2897	0	0	0.06026	0.2354
20	4	0.4083	1	1	0.2062	0.1147
20	4	1.942	0	1	-0.6648	1.719
20	4	1.932	0	0	0.1255	-0.5047
20	4	0.8324	0	1	-0.7549	1.128
20	4	5.294	0	0	0.6269	-1.372
20	4	0.6763	1	1	0.986	-0.01535
20	4	1.692	1	1	-2.606	-0.2878
20	4	0.1412	0	1	0.7025	0.8387
20	4	0.6415	1	1	-0.6843	0.0769
20	4	0.004328	0	1	1.338	0.3507
20	4	0.4556	0	0	0.9665	0.2165
20	4	5.453	1	1	0.4664	-1.376
20	4	0.08948	1	1	0.1022	0.2349
20	4	5.917	0	0	-0.9261	-1.47
20	4	5.536	0	0	0.3489	-1.411
21	4	0.386	0	0	2.103	0.1116
21	4	1.467	0	0	-0.04628	-0.2259
21	4	1.006	0	0	-1.134	-0.1066
21	4	1.063	1	1	-0.7747	-0.1638
21	4	5.524	1	1	-0.5251	-1.418
21	4	0.4493	1	0	-0.01497	0.9029
21	4	5.348	1	1	0.5379	-1.392
21	4	0.3868	1	0	-1.021	0.9258
21	4	5.216	1	1	-1.133	-1.348
21	4	1.69	1	1	-0.5807	-0.4015
21	4	0.5129	0	1	0.7787	0.9633
21	4	1.86	1	0	-0.1935	1.557
21	4	0.9528	0	1	-0.4216	1.254
21	4	0.9051	1	0	0.271	1.116
21	4	0.02743	0	0	1.668	0.3047
21	4	1.826	1	1	0.9593	-0.3805
21	4	0.3324	0	0	0.3267	0.201
21	4	5.391	0	0	0.1945	-1.378
21	4	1.843	1	1	-1.762	-0.4403
21	4	0.5349	1	1	0.7843	0.01161
21	4	0.7274	0	0	0.1857	0.02162
21	4	0.976	0	0	0.0693	-0.05422
21	4	5.311	0	0	-1.146	-1.369
21	4	0.5721	1	1	0.03757	0.03626
21	4	0.5281	1	0	1.376	1.124
21	4	1.806	0	0	-0.2517	-0.3579
21	4	0.2083	1	1	-0.03516	0.255
21	4	1.811	1	1	-1.48	-0.4142
21	4	1.747	1	0	0.6181	1.64
21	4	0.2947	0	1	0.663	0.8739
21	4	0.06106	0	1	-0.2706	0.7324
21	4	5.834	1	1	-0.9724	-1.46
21	4	0.1602	1	1	0.8708	0.2306
21	4	0.1446	1	0	0.9439	0.8527
21	4	1.313	1	1	-0.9892	-0.2117
21	4	1.234	0	0	1.152	-0.1781
21	4	2.186	0	0	-0.2553	-0.5515
21	4	0.141	0	0	0.3872	0.3342
21	4	1.591	1	1	-1.368	-0.3408
21	4	0.1615	0	0	-1.3	0.2797
21	4	0.3751	0	0	0.1077	0.1442
21	4	0.5278	0	0	0.6515	0.06294
21	4	5.731	0	0	-0.01401	-1.432
21	4	5.386	0	0	-1.306	-1.356
21	4	5.47	1	1	-0.8291	-1.392
21	4	0.9148	0	0	-1.01	-0.08926
21	4	0.2653	0	0	0.4692	0.2346
21	4	5.259	0	0	0.1329	-1.344
21	4	0.7849	1	1	0.3367	-0.01915
21	4	0.2999	1	1	-0.2653	0.206
22	4	0.9036	0	0	1.316	-0.04119
22	4	0.244	0	1	0.7323	0.7927
22	4	1.343	0	1	1.118	1.437
22	4	0.627	1	1	0.0959	0.04892
22	4	0.1457	0	1	-0.6349	0.9048
22	4	0.3691	1	1	0.803	0.1899
22	4	5.486	0	0	2.063	-1.389
22	4	1.735	1	1	-0.05699	-0.424
22	4	1.041	1	1	1.153	-0.09846
22	4	0.6935	0	1	0.2593	1.091
22	4	0.2777	1	1	0.5588	0.79
22	4	0.8708	1	1	0.1396	-0.04671
22	4	5.682	1	1	-1.118	-1.414
22	4	0.0167	1	0	0.5628	0.2701
22	4	0.2956	0	1	-0.4053	0.8285
22	4	1.628	1	0	1.436	1.561
22	4	5.207	1	1	-0.967	-1.36
22	4	1.128	0	0	1.059	-0.1108
22	4	0.01254	0	1	-0.3094	0.2796
22	4	0.3674	0	0	0.3068	0.2281
22	4	1.888	0	0	2.116	-0.4383
22	4	0.06881	0	0	0.7862	0.9313
22	4	0.3108	0	1	0.4374	0.9354
22	4	0.3438	0	0	1.813	0.1742
22	4	0.5135	1	1	-0.2826	0.05291
22	4	1.205	0	1	-0.4428	1.416
22	4	1.126	1	1	-1.249	-0.1631
22	4	5.617	1	1	0.8359	-1.427
22	4	1.883	1	1	0.6699	-0.4137
22	4	5.145	0	0	0.2952	-1.351
22	4	0.3306	1	0	0.118	0.9175
22	4	5.657	1	1	1.313	-1.427
22	4	1.82	1	0	0.9122	1.654
22	4	0.8646	0	0	-1.176	-0.01344
22	4	0.8422	0	1	0.1791	0.9928
22	4	1.461	0	1	-0.2652	1.48
22	4	0.447	0	0	1.7	0.1511
22	4	5.135	0	0	-1.984	-1.327
22	4	0.4908	0	1	0.4997	0.94
22	4	0.2355	0	1	0.4777	0.8104
22	4	2.088	1	1	1.831	-0.501
22	4	5.471	1	1	0.7125	-1.418
22	4	0.0552	0	1	-0.01994	0.8106
22	4	2.221	1	1	0.4868	-0.5797
22	4	0.4178	0	0	0.04584	0.1867
22	4	1.976	1	0	-0.9717	1.688
22	4	0.3569	1	1	0.7029	0.1904
22	4	5.551	1	1	-0.4384	-1.398
22	4	5.35	1	1	-0.9706	-1.379
22	4	0.1896	1	1	0.2839	0.1862
23	4	1.784	0	1	0.1358	1.572
23	4	0.00828	0	0	0.9789	0.2442
23	4	1.021	0	0	-0.1755	-0.06848
23	4	5.437	1	1	-0.6348	-1.408
23	4	0.08343	0	0	0.1413	0.2582
23	4	5.479	1	1	0.7893	-1.389
23	4	5.903	1	1	-0.3823	-1.44
23	4	5.605	1	1	-1.091	-1.39
23	4	1.48	1	1	-0.9109	-0.2213
23	4	0.7823	0	0	0.9221	0.02082
23	4	0.2696	0	0	-0.2428	0.1321
23	4	1.963	0	0	1.531	-0.4905
23	4	5.228	1	1	1.249	-1.37
23	4	0.6251	0	0	-1.915	-0.01038
23	4	5.585	0	0	1.978	-1.43
23	4	0.1924	1	0	-3.281	0.8943
23	4	1.294	0	1	2.718	1.305
23	4	0.3208	0	0	-1.713	0.1614
23	4	2.204	1	1	-0.6935	-0.5779
23	4	2.331	0	1	-0.4034	1.822
23	4	1.868	1	1	-0.9802	-0.4212
23	4	0.374	0	0	0.5892	0.179
23	4	0.8529	0	1	0.1508	1.075
23	4	0.7178	1	1	-1.754	0.006553
23	4	0.4432	1	1	0.8189	0.09969
23	4	5.633	0	0	-0.5064	-1.413
23	4	0.8799	0	0	-0.9078	-0.07852
23	4	1.048	0	0	0.724	-0.1608
23	4	5.2	0	0	1.039	-1.341
23	4	0.6654	0	0	-1.757	-0.05796
23	4	0.1001	1	0	-0.9761	0.7756
23	4	0.003971	0	1	0.9172	0.3045
23	4	2.043	1	0	-0.09459	1.49
23	4	0.119	1	1	-1.221	0.2819
23	4	0.517	0	0	-0.6134	0.1084
23	4	0.4155	1	0	-0.8557	0.9106
23	4	1.881	1	1	0.4176	-0.4185
23	4	5.464	1	1	-0.2344	-1.382
23	4	1.775	1	1	-1.32	-0.3749
23	4	0.9061	0	1	-0.1588	1.265
23	4	0.4782	1	0	0.9426	0.8148
23	4	1.393	1	0	-0.7126	1.385
23	4	5.571	1	1	-0.747	-1.392
23	4	0.5002	0	1	-0.6526	1.067
23	4	0.7769	0	1	-2.276	1.29
23	4	2.047	1	1	0.8037	-0.5177
23	4	0.2069	1	0	-1.153	0.866
23	4	1.038	0	0	-1.287	-0.08728
23	4	1.132	1	1	0.3194	-0.1087
23	4	0.4975	0	0	0.2537	0.1451
24	4	5.428	1	1	2.512	-1.413
24	4	1.62	0	1	0.5751	1.377
24	4	1.108	0	0	-1.264	-0.1181
24	4	0.2363	0	1	-1.063	0.9141
24	4	1.787	1	0	0.1383	1.548
24	4	1.738	0	1	-0.1826	1.601
24	4	0.3045	0	1	0.07196	0.9028
24	4	0.5592	0	1	-0.02822	0.9837
24	4	1.861	0	1	2.182	1.666
24	4	0.03442	0	1	0.1707	0.3145
24	4	0.3766	1	0	-0.741	0.9148
24	4	0.07373	0	1	-0.6309	0.2644
24	4	1.886	0	0	-0.03047	-0.5155
24	4	1.047	1	0	-0.5435	1.231
24	4	5.626	0	0	0.0877	-1.404
24	4	1.08	1	0	0.9817	1.203
24	4	5.229	1	1	-0.8293	-1.361
24	4	0.2362	1	1	0.05084	0.2211
24	4	0.5737	0	0	-1.074	0.1191
24	4	0.9133	0	1	0.1046	1.063
24	4	1.423	0	0	0.01791	-0.227
24	4	2.263	0	0	2.462	-0.5474
24	4	1.808	1	1	1.143	-0.3969
24	4	0.04367	0	1	0.07186	0.3407
24	4	1.726	1	1	1.817	-0.3521
24	4	0.9178	1	1	0.8982	-0.09815
24	4	0.6451	0	0	0.5792	0.01091
24	4	1.04	1	1	1.108	-0.1453
24	4	1.193	1	1	0.9409	-0.2209
24	4	1.898	1	0	-0.1807	1.582
24	4	5.595	0	0	0.8726	-1.412
24	4	0.8168	0	0	-0.9838	0.004472
24	4	5.813	1	1	-2.403	-1.441
24	4	1.023	0	1	-0.6868	1.152
24	4	0.412	1	1	0.22	0.18
24	4	5.034	0	0	-0.2613	-1.335
24	4	0.9281	0	1	2.812	1.239
24	4	5.302	1	1	-0.9457	-1.377
24	4	5.738	0	0	-1.198	-1.425
24	4	0.4395	0	0	0.6683	0.152
24	4	0.5318	1	1	-0.7463	0.08941
24	4	0.454	0	0	-0.7357	0.1285
24	4	0.2769	0	1	0.08654	0.9383
24	4	0.6185	0	0	-0.2199	0.07163
24	4	1.202	1	0	1.037	1.226
24	4	5.606	1	1	-0.2405	-1.392
24	4	0.1675	0	1	-1.091	0.2912
24	4	0.2544	1	0	-1.386	0.8691
24	4	5.236	0	0	-1.278	-1.332
24	4	0.02436	1	1	0.3896	0.333
25	4	5.591	0	0	0.2385	-1.407
25	4	0.6442	1	1	0.621	0.02484
25	4	0.9741	0	0	1.36	-0.05852
25	4	0.8632	1	1	0.1848	0.009356
25	4	0.3681	0	0	-0.6538	0.2046
25	4	0.2215	0	1	1.277	0.871
25	4	1.863	0	1	-0.1367	1.645
25	4	0.1069	0	0	1.558	0.8377
25	4	0.6697	1	1	0.07721	0.02095
25	4	0.2327	1	1	1.605	0.2256
25	4	0.6168	1	0	1.185	0.9766
25	4	5.485	1	1	-0.7543	-1.407
25	4	0.6559	1	1	-0.8059	0.07232
25	4	0.9342	0	1	0.6613	1.086
25	4	0.2899	0	1	-0.861	0.9047
25	4	2.034	0	0	-1.163	-0.5126
25	4	5.376	1	1	-0.2354	-1.376
25	4	0.8729	0	0	-0.9606	-0.05811
25	4	0.4567	1	0	0.681	0.8504
25	4	5.484	0	0	-0.9233	-1.4
25	4	5.456	0	0	0.7365	-1.379
25	4	0.6509	1	1	-0.03515	0.07658
25	4	0.04611	0	1	0.894	0.7381
25	4	0.4794	0	1	1.83	1.04
25	4	1.907	1	1	0.6487	-0.459
25	4	0.3191	0	1	-0.7273	0.915
25	4	1.106	0	0	-2.8	-0.1844
25	4	1.572	1	0	-0.7967	1.459
25	4	1.915	0	1	-2.623	1.627
25	4	5.575	0	0	-0.3657	-1.424
25	4	2.014	1	0	-1.816	1.66
25	4	1.817	0	0	1.575	-0.4438
25	4	0.8237	1	1	-0.5453	-0.02322
25	4	1.719	0	1	-1.091	1.519
25	4	0.4688	1	1	0.3025	0.1493
25	4	0.5746	1	1	0.5198	0.02904
25	4	0.4335	0	1	-1.433	0.9569
25	4	1.647	1	1	-0.6457	-0.3969
25	4	5.846	1	1	1.208	-1.437
25	4	5.686	0	0	-1.363	-1.443
25	4	1.044	0	0	2.284	-0.05106
25	4	5.484	1	1	-0.8328	-1.399
25	4	0.8387	1	0	0.3274	1.066
25	4	1.045	1	0	-0.9495	1.248
25	4	0.4956	0	1	0.9045	1.061
25	4	0.3095	1	1	-0.02154	0.185
25	4	0.1302	0	0	-0.9268	0.8125
25	4	5.269	0	0	-0.6133	-1.383
25	4	0.1949	0	1	0.1559	0.8802
25	4	1.958	1	1	-1.686	-0.5075
26	4	2.168	1	0	-0.0894	1.757
26	4	0.8058	0	0	0.8492	0.02653
26	4	0.8158	0	1	0.09024	1.038
26	4	5.35	0	1	0.5432	2.443
26	4	0.04436	1	1	0.8447	0.8334
26	4	0.4902	0	1	-0.3106	0.9787
26	4	0.5097	0	0	2.565	0.1391
26	4	0.02348	1	1	-2.396	0.7612
26	4	1.897	0	0	-0.6568	-0.4051
26	4	2.08	1	1	0.2314	-0.5208
26	4	5.204	0	0	-0.5822	-1.349
26	4	0.1913	0	1	0.435	0.8362
26	4	5.251	1	1	-0.1661	-1.347
26	4	0.7241	1	1	0.848	0.03346
26	4	2.116	1	0	-0.2175	1.799
26	4	1.853	1	1	0.5461	-0.449
26	4	5.441	1	1	-0.2818	-1.388
26	4	2.003	1	1	0.3704	-0.4845
26	4	5.409	0	0	0.2344	-1.364
26	4	1.814	1	1	1.837	-0.4116
26	4	0.5055	1	1	-0.4914	0.0625
26	4	0.2643	1	1	-0.2189	0.25
26	4	0.9431	1	1	1.283	-0.06377
26	4	0.4392	0	0	0.4014	0.1305
26	4	5.499	1	1	0.2668	-1.383
26	4	0.4475	1	1	-0.3708	1.02
26	4	0.1667	1	1	0.7516	0.2081
26	4	0.8989	1	1	1.411	-0.04764
26	4	5.799	0	0	0.192	-1.432
26	4	0.8169	0	0	-0.01719	-0.04413
26	4	1.239	1	0	-0.797	1.377
26	4	0.6089	0	0	-0.993	0.1103
26	4	0.4149	0	1	-0.3314	0.9997
26	4	0.3975	0	1	-0.3486	0.9565
26	4	5.959	0	0	-0.8671	-1.47
26	4	0.02417	1	0	-1.438	0.8593
26	4	5.498	1	1	1.483	-1.408
26	4	0.8718	1	1	0.039	-0.1078
26	4	0.2656	0	1	-0.3059	0.9163
26	4	0.7473	1	1	0.8367	-0.04902
26	4	1.098	0	0	0.5859	-0.105
26	4	2.297	1	0	0.6673	1.793
26	4	0.4929	1	0	0.1237	1.035
26	4	0.4926	1	0	0.8549	0.9699
26	4	1.789	1	1	-0.4376	-0.4099
26	4	1.593	1	0	-0.9768	1.367
26	4	0.4763	0	1	-0.1595	1.077
26	4	0.2676	0	0	-0.1757	0.1677
26	4	5.642	0	0	-0.8575	-1.423
26	4	0.7408	0	1	0.6705	1.105
27	4	5.418	1	1	1.545	-1.364
27	4	1.904	0	0	-0.4956	-0.432
27	4	1.287	1	0	0.7889	1.373
27	4	0.9284	1	0	-0.2637	1.085
27	4	1.985	1	1	2.166	-0.4782
27	4	0.4716	1	1	0.9519	0.07371
27	4	0.2184	1	1	-0.7289	0.219
27	4	0.6896	0	1	-0.02021	1.138
27	4	5.349	1	1	-0.04668	-1.354
27	4	0.3028	0	1	0.5747	0.9219
27	4	0.6308	0	1	0.3302	1.058
27	4	5.587	0	0	-0.2953	-1.402
27	4	1.747	0	0	-0.892	-0.3649
27	4	0.09127	0	1	0.04351	0.237
27	4	5.779	0	1	-0.1475	3.028
27	4	1.756	1	1	1.165	-0.3629
27	4	0.902	0	0	-0.1464	-0.06807
27	4	1.696	1	1	-0.7299	-0.376
27	4	1.053	1	1	-0.1533	-0.1267
27	4	5.358	1	1	-1.708	-1.374
27	4	0.2191	1	0	1.689	0.848
27	4	0.8451	0	1	-0.1886	1.202
27	4	0.17	0	0	1.396	0.2629
27	4	0.198	0	0	-1.804	0.1692
27	4	5.323	0	0	-2.27	-1.379
27	4	0.5554	0	1	0.4776	1.022
27	4	0.5518	0	1	-0.1125	0.9986
27	4	5.416	0	0	0.05635	-1.373
27	4	0.2323	0	0	-0.9778	0.8448
27	4	0.1367	1	1	0.6115	0.2222
27	4	0.1954	0	1	0.2357	0.9562
27	4	0.1004	1	1	-0.4775	0.303
27	4	1.882	0	0	0.3592	-0.4422
27	4	1.989	1	0	-0.3392	1.625
27	4	0.08786	1	1	1.198	0.3357
27	4	5.27	1	1	1.037	-1.384
27	4	5.453	0	0	2.086	-1.397
27	4	1.576	1	1	-1.53	-0.3192
27	4	1.8	1	1	-1.331	-0.4042
27	4	0.02896	1	0	0.6032	0.7257
27	4	0.01105	1	1	-1.013	0.6864
27	4	1.811	0	0	0.8646	-0.3879
27	4	0.3561	0	0	0.1441	0.1597
27	4	0.4501	0	1	0.536	0.9246
27	4	5.49	1	1	-2.841	-1.43
27	4	0.7938	0	1	-0.3965	1.185
27	4	0.5494	0	1	-0.751	1.074
27	4	0.7737	1	0	0.2711	1.061
27	4	0.4637	1	1	-0.5212	0.1073
27	4	0.8435	0	0	-1.379	-0.01428
28	4	1.764	0	0	-0.5998	-0.3885
28	4	5.452	0	0	0.693	-1.375
28	4	2.156	1	1	-0.419	-0.5736
28	4	1.407	0	1	-1.897	1.401
28	4	5.371	1	1	2.076	-1.383
28	4	5.631	0	0	-0.5052	-1.436
28	4	0.7258	0	1	-0.5771	1.075
28	4	2.197	1	1	0.1013	-0.558
28	4	0.3071	1	1	0.4751	0.2695
28	4	0.9301	1	1	-0.8546	-0.0135
28	4	5.202	0	1	-0.2932	3.098
28	4	2.047	0	1	-0.388	1.577
28	4	0.7198	1	0	-0.9517	1.087
28	4	1.019	1	1	-1.033	-0.1862
28	4	0.2369	0	1	-0.4855	0.7995
28	4	0.0172	0	0	0.5489	0.2981
28	4	5.482	1	1	-0.7175	-1.384
28	4	1.503	0	0	1.246	-0.2833
28	4	0.1285	0	0	-0.8017	0.3068
28	4	1.345	0	0	0.9761	-0.2135
28	4	5.4	1	1	-0.5932	-1.372
28	4	0.936	1	1	-3.818	-0.03288
28	4	0.1751	1	1	-0.9288	0.3411
28	4	0.08049	0	1	-0.8475	0.3934
28	4	1.624	1	1	-1.655	-0.3402
28	4	5.907	1	1	-0.6279	-1.464
28	4	1.058	1	1	0.5604	-0.1198
28	4	0.4088	0	0	-0.3738	0.1001
28	4	0.4827	1	1	-2.154	0.2094
28	4	0.4779	1	1	0.1304	0.09368
28	4	0.8684	0	1	-0.7016	1.013
28	4	0.0224	1	1	0.8678	0.347
28	4	1.52	0	0	-0.1394	-0.3187
28	4	5.187	0	0	0.2849	-1.334
28	4	5.234	1	1	-0.1827	-1.353
28	4	0.7655	1	0	0.4352	1.124
28	4	1.146	1	1	0.5731	-0.1947
28	4	0.2605	1	0	-1.719	0.8707
28	4	0.3314	0	1	-1.292	1.093
28	4	0.7284	1	1	0.596	0.03205
28	4	1.911	0	0	-1.738	-0.4036
28	4	0.4429	0	1	-1.043	0.8799
28	4	0.1661	1	0	-0.2426	0.8715
28	4	1.781	0	0	-0.07994	-0.3886
28	4	5.376	1	1	-0.182	-1.383
28	4	0.6138	0	1	-1.013	1.076
28	4	0.2737	0	1	-1.024	0.8741
28	4	0.4763	0	0	-1.229	0.1268
28	4	1.119	0	1	-1.146	1.165
28	4	0.2085	0	0	0.6535	0.2235
29	4	0.2427	1	1	0.321	0.1708
29	4	0.4275	1	0	0.3463	0.9582
29	4	0.1555	0	1	-0.4314	0.8339
29	4	0.1587	1	1	-0.06441	0.1989
29	4	0.6885	1	1	0.3188	-0.01692
29	4	0.3339	0	1	1.188	0.928
29	4	1.058	1	1	0.1029	-0.09269
29	4	1.131	0	1	0.3139	1.27
29	4	5.281	0	0	-1.583	-1.393
29	4	1.485	0	0	0.767	-0.2974
29	4	0.6482	0	1	0.9575	1.096
29	4	1.916	0	0	0.1074	-0.415
29	4	0.5174	0	1	-0.1086	0.8953
29	4	0.4139	1	1	0.942	0.2126
29	4	5.161	0	1	-0.6987	3.053
29	4	5.41	1	1	-1.645	-1.397
29	4	1.973	0	0	-0.325	-0.4347
29	4	0.1645	1	0	-0.04716	0.895
29	4	0.1845	1	1	-0.6143	0.3159
29	4	5.019	1	1	-0.7961	-1.329
29	4	1.966	1	1	0.9947	-0.4625
29	4	5.258	1	1	0.0694	-1.371
29	4	0.5486	0	1	-0.7744	1.016
29	4	0.4385	1	1	0.0335	0.1824
29	4	0.6283	1	1	0.9698	0.01961
29	4	2.458	1	0	0.2905	1.792
29	4	0.7282	0	1	-2.161	1.039
29	4	1.995	0	1	-0.2999	1.552
29	4	1.132	0	1	0.7153	1.323
29	4	5.362	1	1	-1.301	-1.372
29	4	0.01567	1	0	-1.096	0.3938
29	4	2.069	0	0	1.395	-0.4677
29	4	0.6046	0	1	-0.4786	0.9927
29	4	0.4385	1	1	-1.218	0.1877
29	4	0.3254	0	1	0.5432	0.8499
29	4	0.5711	1	1	0.1571	0.006236
29	4	1.433	0	1	-0.8179	1.342
29	4	0.872	0	0	0.4157	-0.05871
29	4	5.602	1	1	-0.3034	-1.441
29	4	1.829	1	1	-0.5747	-0.3713
29	4	0.866	1	1	-1.578	-0.04445
29	4	1.366	1	1	-0.2064	-0.1893
29	4	5.231	1	1	0.31	-1.353
29	4	0.3492	0	0	2.002	0.1494
29	4	0.8811	0	1	-1.142	1.155
29	4	0.5802	1	1	0.6579	0.1156
29	4	5.807	0	0	-1.497	-1.447
29	4	5.459	1	1	0.6802	-1.399
29	4	0.9444	0	0	0.3147	-0.148
29	4	0.1092	0	0	0.4707	0.1985
30	5	0.2668	0	0	2.113	0.1507
30	5	5.535	0	0	0.6961	-1.412
30	5	1.656	0	0	0.36	-0.3442
30	5	5.366	1	1	-0.1537	-1.387
30	5	0.237	0	0	0.7566	0.1763
30	5	5.46	0	0	-2.607	-1.385
30	5	0.5265	1	1	1.033	0.1776
30	5	0.5881	1	1	-0.2333	0.102
30	5	1.269	0	1	0.1343	1.38
30	5	0.3673	0	1	-0.7101	0.8953
30	5	0.9023	0	1	1.876	1.235
30	5	0.4568	1	1	0.2828	0.1202
30	5	1.736	0	1	-0.04575	1.61
30	5	0.6313	0	1	0.2161	0.9738
30	5	0.2621	0	1	-0.05723	0.894
30	5	2.056	0	1	0.5675	1.661
30	5	1.857	1	1	-1.763	-0.465
30	5	0.7887	1	1	-0.7632	-0.05744
30	5	0.761	1	1	-0.4506	-0.04409
30	5	0.6878	1	1	-0.5415	0.1303
30	5	0.2007	1	1	-0.2124	0.2522
30	5	1.011	0	1	-1.402	1.233
30	5	1.733	1	1	0.7413	-0.3808
30	5	1.866	0	0	0.6013	-0.3332
30	5	0.4124	1	1	-1.068	0.192
30	5	5.527	1	1	-1.677	-1.42
30	5	0.3937	1	1	0.186	0.09579
30	5	0.008704	0	0	0.3118	0.351
30	5	2.042	1	1	-0.3895	-0.4769
30	5	5.636	1	1	-0.9892	-1.427
30	5	0.5329	1	1	0.4196	0.06106
30	5	5.662	1	1	0.9274	-1.431
30	5	0.8093	0	1	0.9824	1.094
30	5	0.2914	0	1	-0.8168	0.8587
30	5	0.4139	1	1	0.7519	0.1592
30	5	1.948	0	1	-1.166	1.666
30	5	1.936	0	0	0.3982	-0.4804
30	5	0.8315	0	0	1.636	-0.1272
30	5	5.288	0	0	1.045	-1.364
30	5	0.6685	1	1	0.4821	0.06682
30	5	1.691	1	1	-0.9691	-0.358
30	5	0.141	0	1	0.9486	0.817
30	5	0.6387	1	0	1.881	1.196
30	5	0.002237	0	1	0.2693	0.2808
30	5	0.4515	0	1	-0.5294	1.044
30	5	5.452	1	1	-2.199	-1.409
30	5	0.2889	1	1	-1.986	0.2042
30	5	0.09253	1	1	-0.7173	0.3243
30	5	5.921	0	0	0.4802	-1.446
30	5	5.535	0	0	0.421	-1.398
31	5	0.3874	0	1	0.6153	0.9363
31	5	1.467	0	0	1.149	-0.3022
31	5	1.005	0	1	-0.4067	1.253
31	5	1.063	1	1	0.527	-0.1239
31	5	5.52	1	1	0.02422	-1.42
31	5	0.4486	1	1	0.02009	0.1264
31	5	5.344	1	1	1.385	-1.357
31	5	0.3864	1	0	1.222	0.8987
31	5	5.217	1	1	-0.5715	-1.341
31	5	1.687	1	1	0.8432	-0.3597
31	5	0.514	0	1	0.2667	0.9544
31	5	1.859	1	1	0.7846	-0.4
31	5	0.9521	0	1	0.9005	1.122
31	5	0.9067	1	1	-0.09861	-0.04714
31	5	0.02931	0	1	1.185	0.868
31	5	1.832	1	1	-0.4993	-0.4822
31	5	0.3348	0	0	0.02807	0.209
31	5	5.389	0	0	0.8049	-1.373
31	5	1.84	1	1	0.05996	-0.408
31	5	0.5384	1	1	0.2324	0.09627
31	5	0.7291	0	1	-0.3014	1.095
31	5	0.9697	0	1	1.209	1.199
31	5	5.312	0	0	1	-1.364
31	5	0.5712	1	0	0.3855	1.092
31	5	0.525	1	1	-0.756	0.1007
31	5	1.798	0	0	3.314	-0.4317
31	5	0.2074	1	1	0.5654	0.2672
31	5	1.81	1	1	0.7608	-0.4137
31	5	1.747	1	1	0.4152	-0.4332
31	5	0.2892	0	1	0.5953	0.9013
31	5	0.05922	0	1	0.5598	0.7388
31	5	5.827	1	1	-0.4954	-1.45
31	5	0.1553	1	1	-0.3813	0.2159
31	5	0.1367	1	0	-1.869	0.9281
31	5	1.308	1	0	-0.1635	1.366
31	5	1.239	0	0	-0.6593	-0.09369
31	5	2.188	0	0	-0.5378	-0.5582
31	5	0.1344	0	0	0.4805	0.218
31	5	1.589	1	1	0.1296	-0.3825
31	5	0.1623	0	0	-0.09704	0.3109
31	5	0.3721	0	0	-0.9956	0.1094
31	5	0.5297	0	1	0.1728	1.067
31	5	5.73	0	0	-0.01034	-1.443
31	5	5.388	0	0	-0.2001	-1.402
31	5	5.467	1	1	-0.06379	-1.42
31	5	0.914	0	0	-0.03186	-0.09433
31	5	0.2668	0	1	-0.1169	0.924
31	5	5.251	0	0	0.2161	-1.365
31	5	0.7771	1	1	-1.735	-0.04177
31	5	0.2743	1	1	1.52	0.1288
32	5	0.9047	0	0	-0.7246	-0.09204
32	5	0.2464	0	1	0.2712	0.9021
32	5	1.345	0	1	-0.01786	1.3
32	5	0.6266	1	0	-0.2795	0.9255
32	5	0.1472	0	1	0.8926	0.8452
32	5	0.3732	1	1	2.143	0.1451
32	5	5.482	0	0	1.435	-1.375
32	5	1.734	1	1	-1.127	-0.3957
32	5	1.042	1	1	-0.127	-0.06972
32	5	0.6963	0	1	0.4281	1.094
32	5	0.245	1	0	1.144	0.1887
32	5	0.8174	1	1	0.04019	-0.04299
32	5	5.528	1	1	-1.181	-1.408
32	5	0.09805	0	1	0.6138	0.8053
32	5	0.2933	0	1	1.533	0.8588
32	5	1.573	1	1	0.7301	-0.2799
32	5	5.45	1	1	0.2181	-1.404
32	5	0.6078	0	1	0.3261	0.9432
32	5	0.3621	1	1	0.1547	0.1815
32	5	0.237	0	0	0.488	0.1768
32	5	1.576	0	1	0.7669	1.507
32	5	0.5389	1	1	0.5776	0.06592
32	5	0.0171	0	1	-0.3862	0.7024
32	5	0.03181	0	0	2.969	0.3109
32	5	0.4827	1	1	-1.037	0.1442
32	5	0.8686	0	1	0.9303	1.07
32	5	1.152	1	1	0.5485	-0.145
32	5	5.547	1	1	-1.221	-1.411
32	5	1.884	1	1	1.176	-0.4793
32	5	5.144	0	0	1.206	-1.341
32	5	0.3251	1	0	-0.2339	0.9782
32	5	5.661	1	1	1.733	-1.43
32	5	1.824	1	1	0.1377	-0.437
32	5	0.8591	0	0	-2.534	-0.0841
32	5	0.8361	0	0	2.257	-0.007222
32	5	1.465	0	1	-0.1198	1.447
32	5	0.4475	0	1	0.279	1.067
32	5	5.13	0	0	-0.406	-1.356
32	5	0.4939	0	1	1.577	0.8948
32	5	0.2384	0	0	0.08795	0.2312
32	5	2.087	1	1	-1.051	-0.5491
32	5	5.468	1	1	-1.178	-1.378
32	5	0.05678	0	1	1.018	0.8692
32	5	2.223	1	1	0.04686	-0.5736
32	5	0.4201	0	0	1.177	0.2218
32	5	1.976	1	0	0.1237	1.658
32	5	0.3558	1	1	0.1782	0.1373
32	5	5.559	1	1	-0.3031	-1.418
32	5	5.348	1	1	0.583	-1.387
32	5	0.1876	1	1	-0.5661	0.2329
33	5	1.79	0	0	1.032	-0.4546
33	5	0.01216	0	0	0.2384	0.2788
33	5	1.023	0	0	0.5351	-0.05926
33	5	5.434	1	1	0.05399	-1.373
33	5	0.08788	0	1	0.4423	0.7352
33	5	5.479	1	1	0.9508	-1.402
33	5	5.897	1	1	-0.4542	-1.469
33	5	5.603	1	1	-0.3844	-1.395
33	5	1.482	1	1	0.2017	-0.2844
33	5	0.7805	0	1	-0.0153	1.114
33	5	0.2697	0	0	0.9151	0.2004
33	5	1.959	0	1	0.5592	1.553
33	5	5.225	1	1	-0.4816	-1.349
33	5	0.6276	0	1	-0.7173	1.04
33	5	5.583	0	0	-1.04	-1.416
33	5	0.1866	1	0	0.6274	0.8335
33	5	1.292	0	1	0.9973	1.2
33	5	0.3198	0	1	0.3726	0.961
33	5	2.202	1	1	-0.2047	-0.5211
33	5	2.326	0	1	-0.03883	1.77
33	5	1.864	1	1	1.093	-0.4597
33	5	0.3749	0	0	-1.264	0.1389
33	5	0.8539	0	1	2.833	1.081
33	5	0.7137	1	0	1.339	1.07
33	5	0.4458	1	1	-2.138	0.2933
33	5	5.629	0	0	1.373	-1.421
33	5	0.8764	0	0	0.4647	-0.03628
33	5	1.045	0	0	1.385	-0.09054
33	5	5.201	0	0	-1.857	-1.358
33	5	0.6789	0	0	1.405	0.03133
33	5	0.09714	1	0	-0.4546	0.8674
33	5	0.0002327	0	1	1.075	0.3416
33	5	2.038	1	1	0.4224	-0.4606
33	5	0.116	1	1	-0.5882	0.2279
33	5	0.5086	0	0	0.1428	0.04024
33	5	0.409	1	1	0.5509	0.1626
33	5	1.878	1	1	-2.819	-0.4143
33	5	5.467	1	1	-1.308	-1.424
33	5	1.78	1	1	1.349	-0.3728
33	5	0.9108	0	1	-0.3231	1.141
33	5	0.482	1	0	1.794	1.087
33	5	1.397	1	1	-0.8672	-0.344
33	5	5.576	1	1	0.6475	-1.419
33	5	0.5062	0	1	1.167	0.9763
33	5	0.7817	0	1	0.09954	1.041
33	5	2.045	1	1	0.151	-0.4765
33	5	0.2089	1	0	1.016	0.8871
33	5	1.037	0	0	0.4587	-0.1436
33	5	1.131	1	0	-2.226	1.28
33	5	0.502	0	0	1.072	0.08239
34	5	5.432	1	1	-0.9725	-1.408
34	5	1.615	0	0	0.3779	-0.2898
34	5	1.106	0	1	0.4447	1.183
34	5	0.2419	0	0	0.8338	0.3012
34	5	1.785	1	1	0.4373	-0.3537
34	5	1.737	0	0	1.18	-0.3554
34	5	0.3014	0	1	-0.5256	0.823
34	5	0.5573	0	1	0.3724	0.9351
34	5	1.859	0	1	0.4808	1.62
34	5	0.03602	0	0	-1.811	0.7498
34	5	0.3786	1	1	0.2389	0.1214
34	5	0.07361	0	0	-1.103	0.7991
34	5	1.889	0	1	-0.4774	1.674
34	5	1.046	1	1	0.6499	-0.1844
34	5	5.627	0	1	0.8353	3.422
34	5	1.08	1	0	0.2748	1.238
34	5	5.227	1	1	9.982e-05	-1.346
34	5	0.2367	1	1	-0.8014	0.1634
34	5	0.5737	0	0	-1.19	0.07021
34	5	0.9093	0	0	0.2891	-0.1064
34	5	1.413	0	0	-0.711	-0.2154
34	5	2.265	0	0	-0.2536	-0.6083
34	5	1.814	1	1	-0.1929	-0.412
34	5	0.04787	0	0	-0.6606	0.7468
34	5	1.727	1	1	-1.42	-0.4101
34	5	0.9193	1	1	-0.4093	-0.1151
34	5	0.6418	0	0	1.763	0.1022
34	5	1.04	1	1	0.1723	-0.09492
34	5	1.189	1	1	0.7652	-0.1299
34	5	1.903	1	1	-1.239	-0.4631
34	5	5.596	0	0	0.07701	-1.42
34	5	0.8156	0	1	0.01269	1.124
34	5	5.812	1	1	1.474	-1.442
34	5	1.027	0	1	-1.405	1.274
34	5	0.4183	1	0	1.616	0.9698
34	5	5.03	0	0	-0.3915	-1.321
34	5	0.9277	0	0	0.3331	-0.08065
34	5	5.304	1	1	0.3428	-1.379
34	5	5.734	0	0	1.082	-1.414
34	5	0.4377	0	1	0.888	0.9636
34	5	0.5314	1	1	-0.5563	0.1511
34	5	0.4531	0	0	-0.0613	0.1261
34	5	0.2819	0	1	-0.8388	0.9049
34	5	0.6163	0	1	-0.09397	1.094
34	5	1.202	1	1	-0.6561	-0.1495
34	5	5.603	1	1	0.0115	-1.423
34	5	0.1625	0	1	0.9476	0.3316
34	5	0.2521	1	0	-0.3061	0.8954
34	5	5.233	0	0	0.8491	-1.359
34	5	0.0281	1	0	1.2	0.7961
35	5	5.589	0	0	-0.5073	-1.407
35	5	0.6432	1	1	1.284	0.04444
35	5	0.9709	0	1	-1.678	1.237
35	5	0.8639	1	1	0.7309	-0.04214
35	5	0.3694	0	0	1.69	0.1273
35	5	0.2148	0	1	0.5204	0.863
35	5	1.865	0	1	0.5113	1.744
35	5	0.1089	0	0	-0.3947	0.8252
35	5	0.6672	1	1	0.7078	0.05242
35	5	0.1935	1	1	0.1479	0.134
35	5	0.6136	1	1	0.1315	0.09145
35	5	5.481	1	1	-1.124	-1.383
35	5	0.653	1	1	0.3423	0.109
35	5	0.9379	0	1	-0.8424	1.234
35	5	0.2856	0	0	-0.3808	0.1891
35	5	2.038	0	1	-0.05488	1.792
35	5	5.379	1	1	-1.324	-1.37
35	5	0.8744	0	1	-0.4844	1.139
35	5	0.4549	1	1	0.2765	0.1291
35	5	5.484	0	0	0.001166	-1.409
35	5	5.451	0	0	0.8631	-1.377
35	5	0.6513	1	0	-0.4633	1.154
35	5	0.04518	0	1	0.9287	0.7632
35	5	0.4827	0	1	0.3942	0.9442
35	5	1.905	1	1	0.4829	-0.4826
35	5	0.3163	0	1	0.3729	0.9113
35	5	1.103	0	0	2.262	-0.1357
35	5	1.575	1	1	-0.8816	-0.2898
35	5	1.912	0	1	0.9056	1.579
35	5	5.575	0	0	0.0564	-1.41
35	5	1.736	1	1	0.5499	-0.3593
35	5	1.841	0	0	0.167	-0.44
35	5	1.229	1	1	-1.113	-0.1752
35	5	1.959	0	1	1.426	1.556
35	5	0.4083	1	1	0.795	0.1219
35	5	0.5734	1	1	0.263	0.005158
35	5	0.4327	0	1	2.078	0.8925
35	5	1.648	1	1	-2.291	-0.2729
35	5	5.85	1	1	0.4765	-1.457
35	5	5.682	0	0	-0.02812	-1.426
35	5	1.045	0	1	0.7693	1.227
35	5	5.481	1	1	1.616	-1.408
35	5	0.837	1	1	-1.356	-0.01188
35	5	0.7261	1	0	0.4893	1.093
35	5	0.5357	0	1	1.779	0.985
35	5	0.4514	1	1	0.01779	0.1307
35	5	0.2782	0	1	-1.244	0.1817
35	5	5.663	0	0	-0.9964	-1.412
35	5	0.01813	0	1	0.05593	0.7486
35	5	2.285	1	1	-0.3109	-0.5841
36	5	2.205	1	1	-0.3709	-0.5466
36	5	0.6666	0	1	0.9751	1.052
36	5	0.89	0	0	1.258	-0.08702
36	5	5.56	0	0	0.2864	-1.404
36	5	0.2027	0	1	1.088	0.7297
36	5	0.1642	0	1	0.4393	0.8404
36	5	0.5573	0	0	1.925	0.09496
36	5	0.05347	1	0	-0.2069	0.3227
36	5	2.115	0	0	1.525	-0.4998
36	5	2.082	1	1	0.72	-0.554
36	5	5.207	0	0	-1.078	-1.36
36	5	0.1869	0	0	-0.7051	0.2588
36	5	5.248	1	1	-1.223	-1.359
36	5	0.7258	1	1	-0.192	0.05459
36	5	2.113	1	1	-0.208	-0.553
36	5	1.854	1	1	-0.408	-0.403
36	5	5.435	1	1	-0.268	-1.396
36	5	1.999	1	1	1.445	-0.4785
36	5	5.412	0	0	0.7398	-1.392
36	5	1.81	1	1	1.662	-0.3732
36	5	0.5022	1	0	-0.8125	0.9462
36	5	0.263	1	1	0.4062	0.2371
36	5	0.9449	1	1	-0.007151	-0.04972
36	5	0.4454	0	1	-1.316	0.9258
36	5	5.501	1	1	-1.267	-1.408
36	5	0.4442	1	1	0.3062	0.9416
36	5	0.167	1	1	-1.429	0.2104
36	5	0.8967	1	1	0.4641	-0.07877
36	5	5.799	0	0	0.3288	-1.445
36	5	0.8138	0	1	-0.58	1.06
36	5	1.241	1	1	1.712	-0.2707
36	5	0.6066	0	1	-1.912	1.123
36	5	0.4087	0	0	0.5713	0.101
36	5	0.4023	0	1	0.4983	0.8952
36	5	5.953	0	0	0.6935	-1.455
36	5	0.02714	1	1	-0.557	0.273
36	5	5.493	1	1	-0.04495	-1.375
36	5	0.8686	1	1	-0.2582	-0.03522
36	5	0.2707	0	0	1.71	0.2492
36	5	0.7467	1	1	-0.276	-0.0224
36	5	1.098	0	1	1.082	1.349
36	5	2.293	1	1	-1.311	-0.5455
36	5	0.485	1	1	-0.3335	0.09346
36	5	0.4925	1	1	0.2963	0.1045
36	5	1.79	1	1	1.795	-0.4001
36	5	1.59	1	1	0.308	-0.37
36	5	0.4789	0	1	-1.629	0.9058
36	5	0.2658	0	1	1.212	0.8758
36	5	5.637	0	0	1.812	-1.435
36	5	0.7408	0	0	2.001	0.02307
37	5	5.423	1	1	0.4539	-1.394
37	5	1.904	0	0	-0.2226	-0.3742
37	5	1.289	1	1	0.6065	-0.1957
37	5	0.9333	1	0	0.8602	1.313
37	5	1.987	1	1	0.7831	-0.4898
37	5	0.4726	1	0	1.519	0.9906
37	5	0.2164	1	1	-1.454	0.2576
37	5	0.6894	0	0	-0.1065	0.03495
37	5	5.355	1	1	-0.2162	-1.381
37	5	0.3036	0	1	1.141	0.8998
37	5	0.6335	0	0	0.586	0.09665
37	5	5.59	0	0	-1.057	-1.404
37	5	1.743	0	0	-0.7546	-0.3961
37	5	0.08819	0	1	-0.4192	0.2715
37	5	5.779	0	0	-0.6358	-1.465
37	5	1.755	1	1	-0.1181	-0.3496
37	5	0.906	0	0	1.263	0.001544
37	5	1.698	1	1	2.425	-0.349
37	5	1.055	1	1	-2.849	-0.1283
37	5	5.351	1	1	1.037	-1.388
37	5	0.2208	1	1	-1.769	0.2885
37	5	0.8398	0	1	0.5281	1.084
37	5	0.1667	0	1	0.9206	0.9184
37	5	0.1957	0	1	1.098	0.9782
37	5	5.324	0	0	-0.5697	-1.382
37	5	0.5495	0	0	-0.2701	0.06526
37	5	0.5544	0	1	0.8432	1.121
37	5	5.413	0	0	0.8668	-1.415
37	5	0.2332	0	0	-2.175	0.8086
37	5	0.1381	1	1	-0.7515	0.2487
37	5	0.1955	0	0	0.1657	0.2606
37	5	0.09895	1	0	0.008937	0.9044
37	5	1.881	0	1	0.4893	1.579
37	5	1.986	1	0	0.2435	1.675
37	5	0.08641	1	0	0.5294	0.7668
37	5	5.264	1	1	-1.041	-1.361
37	5	5.453	0	0	1.003	-1.437
37	5	1.581	1	1	-0.5654	-0.3272
37	5	1.801	1	0	-0.312	1.512
37	5	0.02546	1	1	-0.2639	0.239
37	5	0.01557	1	0	-0.453	0.2311
37	5	1.816	0	0	-1.139	-0.3498
37	5	0.356	0	0	0.7438	0.1364
37	5	0.4525	0	0	-1.486	0.1288
37	5	5.482	1	1	0.5377	-1.426
37	5	0.7956	0	0	1.375	-0.05347
37	5	0.5491	0	0	-3.145	0.1312
37	5	0.7705	1	1	-1.775	0.01835
37	5	0.4641	1	1	0.2866	0.147
37	5	0.842	0	0	0.6029	-0.06251
38	5	1.765	0	1	-0.2919	1.491
38	5	5.45	0	0	0.1231	-1.409
38	5	2.154	1	1	-0.5118	-0.5287
38	5	1.406	0	0	0.5251	-0.2889
38	5	5.373	1	1	0.4734	-1.366
38	5	5.631	0	0	-0.797	-1.392
38	5	0.7231	0	0	0.4101	0.04719
38	5	2.198	1	1	0.1302	-0.5911
38	5	0.3088	1	0	-0.8701	0.8812
38	5	0.9316	1	1	-0.3696	-0.09079
38	5	5.199	0	1	0.8143	2.768
38	5	2.046	0	1	-0.6135	1.597
38	5	0.7231	1	1	0.5931	0.04279
38	5	1.02	1	1	0.6837	-0.1228
38	5	0.2379	0	1	0.944	0.9074
38	5	0.01487	0	1	-0.1779	0.7667
38	5	5.469	1	1	-0.3616	-1.4
38	5	1.504	0	0	0.09138	-0.304
38	5	0.1289	0	1	-0.8727	0.831
38	5	1.342	0	1	-0.5005	1.301
38	5	5.399	1	1	0.07456	-1.403
38	5	0.9363	1	1	-1.514	-0.07032
38	5	0.1706	1	1	1.08	0.2694
38	5	0.08554	0	1	-0.5445	0.2694
38	5	1.624	1	1	2.503	-0.3574
38	5	5.908	1	1	0.8831	-1.464
38	5	1.064	1	1	-0.7058	-0.1166
38	5	0.412	0	1	-0.7468	1.024
38	5	0.4816	1	1	0.03325	0.1259
38	5	0.4811	1	1	1.346	0.02229
38	5	0.8668	0	0	0.5463	-0.06434
38	5	0.02508	1	1	0.7389	0.2819
38	5	1.526	0	1	0.138	1.371
38	5	5.185	0	0	-0.245	-1.359
38	5	5.233	1	1	0.8256	-1.348
38	5	0.7632	1	0	-0.6339	1.261
38	5	1.151	1	0	0.8543	1.249
38	5	0.2611	1	0	0.6756	1.011
38	5	0.3393	0	0	0.4411	0.1287
38	5	0.7256	1	1	0.5003	-0.0826
38	5	1.911	0	0	0.6273	-0.4773
38	5	0.4486	0	0	-0.5082	0.109
38	5	0.1599	1	0	-0.2327	0.9099
38	5	1.778	0	1	0.2992	1.565
38	5	5.382	1	1	0.6627	-1.397
38	5	0.6088	0	0	1.001	0.1324
38	5	0.2726	0	1	-0.1921	0.8834
38	5	0.4775	0	0	-0.2688	0.1018
38	5	1.123	0	0	0.3469	-0.1519
38	5	0.2139	0	1	0.3488	0.9271
39	5	0.2399	1	0	2.218	0.9421
39	5	0.4304	1	0	1.35	0.9062
39	5	0.1557	0	0	-0.5936	0.2507
39	5	0.1523	1	0	0.9429	0.9172
39	5	0.6883	1	1	-0.9403	0.07242
39	5	0.3375	0	0	-2.338	0.1854
39	5	1.057	1	1	0.5257	-0.09854
39	5	1.131	0	0	-0.6402	-0.1777
39	5	5.279	0	0	0.4068	-1.375
39	5	1.483	0	0	0.5414	-0.2613
39	5	0.6476	0	0	0.3998	0.004865
39	5	1.912	0	0	0.5588	-0.4344
39	5	0.521	0	1	1.497	1.025
39	5	0.4096	1	1	0.5869	0.1432
39	5	5.158	0	0	0.09052	-1.343
39	5	5.405	1	1	0.9179	-1.377
39	5	1.973	0	1	-0.79	1.641
39	5	0.1662	1	1	-1.237	0.3048
39	5	0.1846	1	0	0.5848	0.8609
39	5	5.027	1	1	0.1188	-1.328
39	5	1.954	1	1	0.562	-0.5124
39	5	5.26	1	1	2.008	-1.373
39	5	0.5439	0	1	0.4448	1.045
39	5	0.4329	1	0	0.2263	0.9754
39	5	0.6295	1	1	-0.5998	0.09621
39	5	2.459	1	0	1.16	1.803
39	5	0.7323	0	1	-0.06181	1.157
39	5	1.993	0	1	-0.75	1.729
39	5	1.132	0	1	0.405	1.284
39	5	5.357	1	1	-0.92	-1.368
39	5	0.01509	1	1	-0.5712	0.809
39	5	2.074	0	1	-2.97	1.728
39	5	0.6068	0	0	1.173	0.0495
39	5	0.4368	1	0	-0.6741	0.9478
39	5	0.3261	0	0	-0.4727	0.1458
39	5	0.5725	1	1	-1.525	0.0965
39	5	1.43	0	0	0.5478	-0.3167
39	5	0.8632	0	1	-0.3226	1.208
39	5	5.602	1	1	-0.5811	-1.406
39	5	1.828	1	0	0.08023	1.571
39	5	0.8676	1	1	0.7797	-0.01208
39	5	1.366	1	1	0.9536	-0.2292
39	5	5.217	1	1	0.1204	-1.352
39	5	0.3523	0	0	1.539	0.1237
39	5	0.8759	0	1	0.3954	1.183
39	5	0.5835	1	0	0.7565	1.024
39	5	5.806	0	0	-0.4328	-1.427
39	5	5.459	1	1	-0.3915	-1.399
39	5	0.9441	0	0	0.7337	-0.131
39	5	0.1077	0	0	-2.641	0.2729
40	6	0.2652	0	0	0.3906	0.1464
40	6	5.532	0	0	-0.1936	-1.402
40	6	1.657	0	1	-0.006628	1.529
40	6	5.364	1	1	-0.7704	-1.389
40	6	0.2351	0	0	-0.09586	0.2181
40	6	5.459	0	0	-1.486	-1.371
40	6	0.5239	1	1	0.5217	0.001057
40	6	0.5874	1	0	0.8129	1.044
40	6	1.272	0	1	-0.7636	1.252
40	6	0.3632	0	1	-0.3336	1.063
40	6	0.9009	0	0	-2.088	0.02337
40	6	0.4533	1	0	-0.9697	1.064
40	6	1.733	0	0	-0.1326	-0.4212
40	6	0.6336	0	1	-0.2013	1.047
40	6	0.2643	0	1	0.3012	0.9096
40	6	2.054	0	1	-0.46	1.779
40	6	1.855	1	1	1.333	-0.4909
40	6	0.7852	1	1	1.939	-0.02008
40	6	0.7616	1	1	-0.2047	-0.0129
40	6	0.6844	1	1	-0.5516	0.03013
40	6	0.2028	1	1	0.5123	0.2698
40	6	1.011	0	0	0.4221	-0.04854
40	6	1.732	1	1	-0.5389	-0.3811
40	6	1.866	0	0	-1.672	-0.3985
40	6	0.4097	1	0	1.053	0.947
40	6	5.527	1	1	-0.7088	-1.397
40	6	0.3841	1	1	-3.288	0.2098
40	6	0.00964	0	1	-0.2094	0.7394
40	6	2.043	1	1	-1.255	-0.4528
40	6	5.633	1	1	-0.9948	-1.418
40	6	0.5342	1	0	-0.5565	1.019
40	6	5.659	1	1	-0.8661	-1.431
40	6	0.8107	0	0	1.165	0.02261
40	6	0.2916	0	0	-1.322	0.1425
40	6	0.4089	1	0	-0.7066	1.014
40	6	1.947	0	0	0.02538	-0.5079
40	6	1.937	0	1	-0.4596	1.496
40	6	0.8307	0	1	-0.1395	1.203
40	6	5.288	0	0	-0.9963	-1.377
40	6	0.6667	1	0	-0.3615	1.152
40	6	1.69	1	1	-1.969	-0.3139
40	6	0.1455	0	0	-0.03619	0.2637
40	6	0.6361	1	1	-3.033	0.05699
40	6	0.005127	0	1	0.6259	0.3287
40	6	0.45	0	0	-0.17	0.1164
40	6	5.455	1	1	-0.9619	-1.396
40	6	0.2886	1	1	-1.038	0.1137
40	6	0.09124	1	0	0.8342	0.8822
40	6	5.923	0	0	-1.722	-1.469
40	6	5.533	0	0	1.899	-1.393
41	6	0.3916	0	0	0.2732	0.1606
41	6	1.469	0	1	-1.754	1.552
41	6	1.004	0	1	0.8415	1.174
41	6	1.062	1	1	1.268	-0.122
41	6	5.517	1	1	2.189	-1.404
41	6	0.4544	1	1	0.88	0.118
41	6	5.337	1	1	1.246	-1.382
41	6	0.393	1	1	-2.976	0.1553
41	6	5.214	1	1	-0.8955	-1.358
41	6	1.686	1	1	1.471	-0.3453
41	6	0.5177	0	1	-1.18	0.9584
41	6	1.855	1	1	-1.889	-0.4308
41	6	0.9498	0	1	1.401	1.229
41	6	0.9051	1	1	0.6218	-0.08031
41	6	0.02248	0	1	2.218	0.7787
41	6	1.827	1	1	-0.06252	-0.3658
41	6	0.3365	0	0	-0.342	0.1968
41	6	5.39	0	0	-0.09684	-1.385
41	6	1.835	1	1	-0.9258	-0.4042
41	6	0.5419	1	1	0.2766	0.0654
41	6	0.7332	0	0	2.107	0.001637
41	6	0.9703	0	0	0.6058	-0.07887
41	6	5.317	0	0	-0.2404	-1.376
41	6	0.5734	1	0	-0.1934	0.9315
41	6	0.5287	1	0	-0.3555	1.05
41	6	1.795	0	1	-0.8741	1.635
41	6	0.2128	1	1	-0.6809	0.2857
41	6	1.81	1	0	0.345	1.5
41	6	1.747	1	0	0.0002915	1.584
41	6	0.2906	0	1	-0.8757	0.8943
41	6	0.05389	0	1	0.2659	0.7764
41	6	5.828	1	1	0.1205	-1.447
41	6	0.1524	1	0	-0.7484	0.9269
41	6	0.1393	1	0	0.4766	0.8895
41	6	1.31	1	1	-1.838	-0.2124
41	6	1.238	0	0	0.4442	-0.1344
41	6	2.187	0	0	0.9265	-0.5511
41	6	0.1424	0	0	0.584	0.2232
41	6	1.589	1	1	-0.3617	-0.2933
41	6	0.1619	0	1	0.575	0.8462
41	6	0.3691	0	0	-1.035	0.1313
41	6	0.5313	0	0	1.603	0.08469
41	6	5.731	0	0	-0.524	-1.435
41	6	5.384	0	0	-1.408	-1.378
41	6	5.466	1	1	-0.2548	-1.39
41	6	0.9187	0	0	1.821	-0.08913
41	6	0.2659	0	0	-1.784	0.2141
41	6	5.249	0	1	0.8074	2.851
41	6	0.7814	1	1	2.394	0.02857
41	6	0.2739	1	0	0.1872	0.8687
42	6	1.98	0	1	0.4993	1.611
42	6	0.672	0	0	0.3162	0.01564
42	6	5.514	0	0	-0.3174	-1.415
42	6	0.0182	1	1	-1.129	0.8046
42	6	0.6729	1	1	-0.1641	0.06206
42	6	0.6603	0	0	-0.6709	0.0182
42	6	0.8974	1	1	0.4462	-0.01486
42	6	0.07774	1	0	1.802	0.8235
42	6	0.3995	0	1	0.1672	0.9798
42	6	0.4042	0	1	0.2423	0.9367
42	6	0.8162	1	0	0.555	1.191
42	6	0.4901	0	0	0.1467	0.1333
42	6	0.7287	1	1	0.09019	0.01572
42	6	0.4249	1	1	-0.1323	0.1029
42	6	1.776	0	1	1.172	1.683
42	6	5.308	1	1	-0.7562	-1.394
42	6	0.8187	0	0	0.6011	-0.04197
42	6	0.6643	1	1	0.142	0.008057
42	6	1.195	0	1	1.268	1.19
42	6	1.437	1	0	-2.34	1.343
42	6	5.556	0	0	1.649	-1.411
42	6	5.501	1	1	-0.8988	-1.409
42	6	1.922	1	1	2.072	-0.4286
42	6	0.2012	1	1	-0.6587	0.2597
42	6	5.638	1	1	0.6053	-1.421
42	6	0.8435	0	0	0.6569	-0.05501
42	6	5.371	1	1	0.4355	-1.383
42	6	0.8677	1	1	-0.5663	0.01603
42	6	0.1898	0	1	0.7909	0.7907
42	6	0.6534	0	0	-0.3097	0.07121
42	6	0.9292	1	1	1.03	-0.03638
42	6	0.5558	1	1	-1.189	0.1161
42	6	0.4239	0	0	1.803	0.2053
42	6	5.426	0	0	-1.053	-1.404
42	6	0.7147	0	1	1.135	1.078
42	6	5.03	0	0	0.1141	-1.316
42	6	1.802	1	1	0.289	-0.4284
42	6	0.2319	1	0	-0.04631	0.9371
42	6	1.625	0	1	0.4405	1.493
42	6	5.595	0	0	0.4444	-1.413
42	6	1.807	0	0	1.057	-0.4511
42	6	0.07077	1	1	-0.6317	0.7813
42	6	0.9915	1	1	0.3225	-0.1006
42	6	2.202	1	1	0.4736	-0.5442
42	6	0.2647	1	1	-0.8128	0.1371
42	6	5.567	1	1	-0.6254	-1.409
42	6	0.132	0	0	0.4858	0.2751
42	6	1.663	1	1	-0.4309	-0.3857
42	6	1.771	0	0	-0.4523	-0.3811
42	6	0.0933	1	1	-1.16	0.2989
43	6	1.943	0	0	0.1702	-0.4536
43	6	0.2426	1	1	-0.7049	0.227
43	6	0.1886	0	0	0.5561	0.3033
43	6	1.528	1	0	1.161	1.464
43	6	0.01278	0	0	-0.2125	0.3573
43	6	5.378	1	1	-0.7542	-1.391
43	6	0.6767	1	0	-1.106	1.021
43	6	0.6865	1	1	0.1295	0.02275
43	6	5.181	0	0	-0.1934	-1.322
43	6	1.632	1	1	0.06535	-0.2785
43	6	0.04146	1	1	-0.7458	0.8176
43	6	0.3308	0	1	-1.129	0.9822
43	6	0.4523	0	1	-1.429	1.011
43	6	1.048	0	0	-0.8583	-0.121
43	6	0.08798	0	0	1.599	0.3922
43	6	1.123	1	0	0.2144	1.093
43	6	0.0794	0	1	0.2661	0.7928
43	6	1.587	0	0	-0.01241	-0.288
43	6	0.4264	0	1	-0.2889	0.904
43	6	1.005	0	0	0.217	-0.1318
43	6	1.752	1	1	-1.3	-0.4219
43	6	0.453	1	1	-0.2961	0.1549
43	6	0.2889	1	1	-0.7334	0.2499
43	6	0.7338	0	0	-0.8875	-0.06942
43	6	0.3961	1	1	-0.1999	0.1912
43	6	5.533	0	0	-0.3965	-1.388
43	6	5.469	1	1	-0.9818	-1.399
43	6	5.3	1	1	0.09014	-1.377
43	6	0.6835	0	0	-0.7897	0.001482
43	6	5.478	1	1	0.254	-1.375
43	6	0.5464	0	0	-2.128	0.1123
43	6	1.383	0	0	-0.5175	-0.2432
43	6	0.3843	1	1	-1.299	0.1407
43	6	0.334	0	1	-0.1909	0.9327
43	6	5.7	0	0	-0.7417	-1.425
43	6	5.399	0	0	2.495	-1.378
43	6	1.972	1	1	-0.03277	-0.488
43	6	0.551	0	0	-1.166	0.0784
43	6	1.746	1	1	0.09951	-0.3719
43	6	5.429	1	1	-0.8973	-1.391
43	6	0.4574	0	0	-0.3037	0.1202
43	6	0.2258	1	1	-1.571	0.2182
43	6	5.166	0	0	0.01123	-1.361
43	6	0.1304	1	1	-0.8509	0.2461
43	6	1.725	1	1	-0.7936	-0.3748
43	6	0.1033	1	1	-0.5011	0.7941
43	6	1.746	1	1	-0.8926	-0.3759
43	6	0.341	1	0	-0.3654	0.8974
43	6	0.8754	1	1	0.5894	-0.05654
43	6	1.131	1	0	-0.9215	1.372
44	6	0.5279	1	1	0.2224	0.06829
44	6	5.631	0	0	-1.036	-1.428
44	6	1.069	1	0	0.944	1.216
44	6	1.243	1	1	-0.05291	-0.1696
44	6	0.7861	1	0	-0.8582	1.15
44	6	1.834	0	0	-0.2094	-0.4449
44	6	0.4041	1	1	1.124	0.1269
44	6	5.218	0	0	1.098	-1.343
44	6	0.85	0	0	-0.454	-0.05426
44	6	5.18	1	1	-0.2539	-1.353
44	6	0.104	0	1	0.2867	0.8454
44	6	1.702	0	0	-1.977	-0.3825
44	6	1.03	1	1	-0.02291	-0.203
44	6	5.489	0	0	0.7219	-1.387
44	6	0.01748	1	1	-1.632	0.897
44	6	0.7952	0	1	0.5747	1.14
44	6	0.3365	0	1	-2.745	0.9584
44	6	1.435	0	0	0.8804	-0.2301
44	6	1.669	1	1	0.9669	-0.304
44	6	0.9279	1	1	1.099	-0.07577
44	6	2.018	0	0	0.6039	-0.4256
44	6	0.272	1	0	0.5803	0.8253
44	6	1.954	0	0	0.1276	-0.4939
44	6	0.6108	1	1	1.16	0.04418
44	6	0.326	0	0	-0.5922	0.2468
44	6	0.2831	1	1	-0.6145	0.2057
44	6	0.9929	0	1	-0.4664	1.246
44	6	1.166	1	1	-0.6077	-0.1663
44	6	5.121	1	1	0.7447	-1.347
44	6	0.2486	1	1	0.05151	0.1864
44	6	5.447	1	1	0.5528	-1.387
44	6	0.4481	0	0	-0.1087	0.126
44	6	1.844	0	1	0.4926	1.61
44	6	0.3438	1	1	0.5322	0.102
44	6	5.208	1	1	-0.7728	-1.318
44	6	5.464	1	1	-0.1249	-1.37
44	6	1.961	1	1	1.499	-0.4144
44	6	5.399	0	0	-1.713	-1.392
44	6	0.5586	1	1	0.01673	0.06875
44	6	0.00623	0	1	-1.148	0.2465
44	6	0.6769	0	0	-1.904	0.01712
44	6	0.1701	0	0	0.7091	0.2066
44	6	5.326	1	1	-0.9244	-1.388
44	6	0.2855	0	1	0.4247	0.1607
44	6	0.388	1	1	1.379	0.1108
44	6	0.6117	0	0	-0.1077	0.1052
44	6	0.5552	0	1	0.6288	0.9401
44	6	0.1712	0	1	0.5212	0.8624
44	6	0.7042	0	1	0.3009	1.069
44	6	1.588	0	1	-0.1454	1.39
45	6	0.03375	0	0	0.1884	0.3863
45	6	5.379	1	1	1.655	-1.405
45	6	0.3677	1	1	-0.001585	0.2181
45	6	0.5239	0	1	0.8345	1.1
45	6	0.4633	0	1	-0.3972	0.9807
45	6	1.658	0	0	0.6072	-0.3596
45	6	2.137	1	1	0.3358	-0.516
45	6	5.336	0	0	1.899	-1.368
45	6	0.5117	0	0	-0.1278	0.07164
45	6	1.605	0	0	-1.31	-0.2865
45	6	5.42	1	1	-0.1647	-1.38
45	6	1.982	1	1	0.6969	-0.4746
45	6	0.5554	1	1	0.4233	0.07102
45	6	0.8198	0	0	1.902	-0.08244
45	6	0.4097	0	1	0.3504	0.1255
45	6	0.3432	1	1	-1.128	0.2136
45	6	4.851	1	1	0.2791	-1.305
45	6	5.157	1	1	0.05676	-1.351
45	6	0.08703	0	0	1.47	0.2386
45	6	5.487	0	0	-1.332	-1.417
45	6	0.654	0	1	0.5235	1.117
45	6	5.476	0	0	-0.6008	-1.388
45	6	0.5138	1	1	1.846	0.0647
45	6	1.134	0	1	0.9488	1.274
45	6	0.2074	0	1	0.4159	0.9094
45	6	0.6439	1	1	0.8546	0.1005
45	6	1.672	0	0	0.2964	-0.3574
45	6	0.343	0	1	1.005	0.8517
45	6	0.4695	0	1	0.2893	1.071
45	6	5.709	0	0	1.565	-1.419
45	6	1.608	0	1	0.0215	1.544
45	6	0.5214	1	1	0.5073	0.1429
45	6	0.737	0	0	0.7956	-0.001081
45	6	0.05906	1	1	-0.706	0.2418
45	6	0.3547	1	0	0.5791	0.9015
45	6	1.031	0	0	0.2033	-0.1438
45	6	1.456	1	1	1.217	-0.2866
45	6	0.4633	1	1	1.811	0.2037
45	6	1.099	1	1	1.922	-0.1244
45	6	5.188	1	1	0.3976	-1.343
45	6	1.863	1	1	-0.2288	-0.4603
45	6	0.9895	1	1	-0.7917	-0.03897
45	6	0.1449	1	1	-0.5748	0.3214
45	6	1.818	0	0	0.9976	-0.4095
45	6	0.7037	1	0	1.126	1.195
45	6	0.632	0	0	-0.5521	0.1045
45	6	0.4862	0	0	0.3566	0.03034
45	6	1.058	1	1	0.1127	-0.1905
45	6	1.752	0	0	-0.3767	-0.4505
45	6	5.095	1	1	-1.095	-1.335
46	6	5.744	0	0	2.604	-1.418
46	6	1.893	0	0	-1.131	-0.4116
46	6	0.9631	1	1	1.398	-0.0727
46	6	0.3523	1	1	0.3472	0.2106
46	6	0.008001	1	1	-0.2946	0.7729
46	6	1.82	1	1	-1.206	-0.3694
46	6	1.034	1	1	-0.02127	-0.08831
46	6	0.7511	0	0	1.252	-0.0186
46	6	0.5463	1	0	1.24	1.08
46	6	0.7746	0	1	0.1488	1.119
46	6	1.726	0	1	-1.486	1.56
46	6	0.2981	0	1	-0.4649	0.8897
46	6	0.512	1	1	1.112	0.172
46	6	5.297	1	1	0.598	-1.328
46	6	0.4785	0	1	0.1254	1.07
46	6	0.02906	1	1	0.7639	0.3655
46	6	0.3795	0	0	1.739	0.1236
46	6	0.2136	1	0	-1.212	0.8612
46	6	0.9135	0	1	-1.034	1.088
46	6	0.8449	0	1	-0.5796	1.18
46	6	0.575	1	0	-0.03874	0.9922
46	6	1.977	1	0	-1.56	1.674
46	6	0.7329	0	1	0.01179	0.9719
46	6	5.188	0	0	0.7294	-1.336
46	6	0.08631	0	0	-0.5408	0.2821
46	6	0.4986	0	1	0.4125	1.015
46	6	1.905	0	1	-1.369	1.484
46	6	1.873	1	1	0.7649	-0.4082
46	6	0.2781	0	1	-0.1144	0.9262
46	6	0.0433	1	1	-0.6944	0.2749
46	6	0.7537	0	0	-0.04967	0.04512
46	6	0.3401	0	1	-1.751	0.8964
46	6	1.788	1	1	-0.1249	-0.4233
46	6	5.472	0	0	-0.91	-1.419
46	6	5.616	1	1	-2.14	-1.434
46	6	5.545	0	0	1.147	-1.404
46	6	1.512	1	0	0.9212	1.392
46	6	0.4022	1	1	-0.262	0.155
46	6	0.05848	1	1	1.481	0.8638
46	6	1.367	1	1	0.9483	-0.2147
46	6	5.468	1	1	0.1506	-1.367
46	6	0.7366	0	1	1.463	1.186
46	6	5.19	1	1	1.32	-1.343
46	6	0.3128	1	1	1.677	0.1883
46	6	5.172	1	1	-0.5629	-1.335
46	6	0.605	1	0	0.06843	1.062
46	6	5.024	1	1	1.179	-1.306
46	6	0.4081	1	0	-0.7725	0.9217
46	6	1.641	0	0	0.2615	-0.3165
46	6	0.5979	0	0	-1.27	0.05148
47	6	0.5463	1	1	0.6183	0.1307
47	6	1.823	1	0	0.1247	1.693
47	6	0.2927	1	0	0.2762	0.9136
47	6	0.5387	0	1	0.6317	0.9972
47	6	5.376	1	1	1.204	-1.374
47	6	2.066	0	0	-0.08747	-0.475
47	6	2.008	1	1	1.562	-0.4833
47	6	0.4506	0	0	-0.1468	0.16
47	6	0.558	0	0	0.6061	0.1784
47	6	0.2235	0	1	1.243	0.9618
47	6	5.981	1	1	-0.93	-1.461
47	6	0.9688	0	0	0.4908	-0.1607
47	6	2.085	1	0	1.509	1.584
47	6	0.4856	0	0	0.04466	0.1526
47	6	1.669	1	0	1.323	1.437
47	6	0.6024	0	0	-0.1695	0.1065
47	6	0.2487	1	1	0.7471	0.1621
47	6	5.456	0	0	2.979	-1.403
47	6	1.919	0	0	-0.9681	-0.4461
47	6	0.7669	0	0	-0.9837	0.04965
47	6	0.4542	1	0	1.008	0.9597
47	6	0.1977	0	1	1.043	0.2542
47	6	5.34	0	0	-0.42	-1.354
47	6	0.9432	0	0	0.5933	-0.03443
47	6	0.6943	1	1	-0.4026	0.05882
47	6	0.8866	1	0	-0.5167	1.167
47	6	0.8607	1	1	-0.2995	-0.1362
47	6	0.7018	1	1	0.04852	0.07367
47	6	1.733	0	0	-1.042	-0.3738
47	6	0.1166	1	1	0.9455	0.342
47	6	0.08301	1	0	-1.241	0.833
47	6	0.6266	1	0	0.3115	1.041
47	6	0.7254	1	1	-0.3002	0.05582
47	6	5.413	0	0	-2.04	-1.397
47	6	0.1279	0	0	0.5526	0.2841
47	6	1.987	1	1	1.17	-0.5055
47	6	5.295	1	1	0.2894	-1.342
47	6	0.3864	1	1	-0.1589	0.1912
47	6	1.013	0	0	-0.8584	-0.08328
47	6	0.6095	0	1	-0.9999	1.059
47	6	0.1351	0	0	-0.06645	0.3579
47	6	0.7073	1	0	-0.3035	1.047
47	6	1.696	0	0	0.008699	-0.4533
47	6	0.2913	0	0	-0.005707	0.192
47	6	5.352	0	0	0.4732	-1.388
47	6	1.711	1	1	-1.342	-0.3441
47	6	5.27	0	0	-1.021	-1.356
47	6	0.5874	0	1	-0.4264	1.068
47	6	5.374	0	0	-2.172	-1.367
47	6	5.548	1	1	-0.2618	-1.401
48	6	0.09574	0	0	0.4944	0.2078
48	6	2.047	0	0	0.2758	-0.5302
48	6	5.261	1	1	-0.1019	-1.354
48	6	5.313	1	1	0.3194	-1.366
48	6	1.947	1	1	0.4511	-0.4878
48	6	0.9279	1	1	2.244	-0.103
48	6	1.609	1	1	0.5199	-0.3821
48	6	5.316	0	0	-1.006	-1.386
48	6	0.0574	0	1	0.2142	0.2889
48	6	0.2929	0	1	-0.7956	0.7989
48	6	0.3462	0	1	-0.9765	0.8064
48	6	5.154	1	1	0.9724	-1.359
48	6	0.1843	0	0	0.8595	0.154
48	6	5.515	0	0	0.3043	-1.4
48	6	5.443	0	0	-0.9122	-1.369
48	6	0.5091	1	1	1.374	0.09552
48	6	0.3241	0	1	0.8416	0.9516
48	6	0.4397	0	1	-0.5489	0.9655
48	6	0.2308	0	1	1.001	0.8979
48	6	0.6737	0	1	0.4369	0.9898
48	6	0.1225	1	1	0.5474	0.2503
48	6	0.3995	0	1	0.08168	1.071
48	6	0.8509	0	0	0.346	-0.01895
48	6	0.8564	1	1	-0.02845	-0.05512
48	6	0.4513	1	1	0.6258	0.1741
48	6	0.1971	1	1	-0.07751	0.2106
48	6	0.2762	1	1	0.1986	0.2197
48	6	1.279	0	0	0.6335	-0.3137
48	6	1.018	0	0	-0.3512	-0.07898
48	6	1.806	0	1	0.5645	1.634
48	6	1.726	0	0	1.505	-0.4645
48	6	0.1834	1	1	-1.223	0.2431
48	6	2.138	0	0	0.2918	-0.5561
48	6	0.1411	1	0	1.261	0.8569
48	6	1.064	1	1	-0.2331	-0.1969
48	6	1.834	0	1	0.8697	1.645
48	6	1.413	0	1	-0.8413	1.318
48	6	5.386	1	1	-0.6939	-1.38
48	6	0.3209	1	0	1.331	0.9396
48	6	4.968	1	1	0.3132	-1.345
48	6	0.8895	0	0	0.3445	-0.08479
48	6	1.767	1	1	-0.8031	-0.3789
48	6	1.138	1	1	1.169	-0.1304
48	6	2.416	1	0	-0.02269	1.771
48	6	1.001	0	0	-0.5059	-0.09949
48	6	0.4798	0	1	-1.73	1.04
48	6	1.088	1	1	-0.5237	-0.1819
48	6	0.7813	0	1	0.417	1.044
48	6	5.079	1	1	-1.07	-1.337
48	6	5.305	1	0	-1.291	3.038
49	6	0.1411	1	0	-0.8495	0.7922
49	6	0.7668	0	1	0.6504	1.084
49	6	1.614	0	0	0.01624	-0.3325
49	6	5.241	0	0	0.2711	-1.387
49	6	0.4034	1	1	1.952	0.1599
49	6	0.1183	1	1	0.5443	0.3236
49	6	1.76	0	0	-1.164	-0.4194
49	6	1.158	0	1	-0.1814	1.256
49	6	0.1618	1	0	0.9535	0.8481
49	6	0.3601	1	1	-0.7038	0.1813
49	6	1.882	0	0	0.6486	-0.4483
49	6	1.705	0	0	1.871	-0.3728
49	6	5.244	1	1	0.1523	-1.348
49	6	0.5543	0	1	0.1373	1.015
49	6	0.9879	1	1	0.6637	-0.02914
49	6	0.3401	0	0	0.0559	0.142
49	6	0.2092	1	1	-0.8363	0.2788
49	6	0.3346	1	1	0.5154	0.2221
49	6	0.3266	0	0	0.9894	0.148
49	6	0.8982	0	0	0.9952	-0.02145
49	6	1.874	1	1	-1.113	-0.4376
49	6	5.386	1	1	2.328	-1.379
49	6	1.936	0	0	-0.8204	-0.4054
49	6	0.4686	0	1	0.8424	1.044
49	6	1.133	0	1	-0.4575	1.204
49	6	0.9011	1	1	1.046	-0.03698
49	6	0.9607	0	0	1.425	-0.03319
49	6	5.297	0	0	0.7416	-1.377
49	6	2.046	1	1	0.1841	-0.5317
49	6	5.227	1	1	0.9129	-1.323
49	6	0.2615	0	0	-1.789	0.2518
49	6	0.3109	0	0	0.3117	0.1516
49	6	0.07865	0	1	0.4822	0.8791
49	6	0.8403	1	0	0.3812	1.082
49	6	0.167	1	0	0.6789	0.7708
49	6	5.741	0	0	0.9247	-1.442
49	6	0.9176	0	0	-0.3132	-0.01916
49	6	2.165	0	0	-0.3681	-0.5032
49	6	0.73	1	1	0.7943	0.01499
49	6	0.3177	1	1	1.088	0.2283
49	6	5.65	1	1	-0.06742	-1.407
49	6	0.3737	1	0	0.4874	0.9812
49	6	5.495	0	0	-1.017	-1.395
49	6	1.888	1	1	0.6414	-0.4708
49	6	0.4728	1	1	1.063	0.1342
49	6	5.493	1	1	0.5456	-1.395
49	6	5.639	0	0	-0.5645	-1.44
49	6	0.5421	0	0	1.222	0.05516
49	6	0.6558	1	0	0.8365	0.9931
49	6	2.1	1	1	1.082	-0.5306
