0	2	0.586	0	0	-0.0581
0	2	5.268	0	0	-0.6073
0	2	3.534	0	1	0.2191
0	2	5.459	1	1	1.197
0	2	0.3549	0	0	0.008108
0	2	5.27	0	0	-0.0609
0	2	1.172	1	0	-1.555
0	2	0.9418	1	1	1.047
0	2	1.745	0	0	-0.6252
0	2	0.3879	0	0	1.09
0	2	1.803	0	1	0.05126
0	2	1.059	1	0	0.07535
0	2	3.656	0	0	0.741
0	2	1.867	0	1	0.2836
0	2	0.3889	0	1	0.5258
0	2	3.592	0	1	1.074
0	2	3.468	1	1	-0.02258
0	2	2.118	1	1	0.1462
0	2	1.805	1	0	-0.3896
0	2	2.074	1	1	0.1396
0	2	0.8387	1	0	0.1642
0	2	1.819	0	0	0.9682
0	2	3.43	1	1	-0.6898
0	2	3.419	0	0	1.16
0	2	0.502	1	1	-0.4309
0	2	5.389	1	1	-1.956
0	2	0.8893	1	0	0.5234
0	2	0.5569	0	0	-1.67
0	2	3.668	1	1	-1.449
0	2	5.579	1	0	2.319
0	2	1.19	1	0	0.5933
0	2	5.323	1	1	-0.632
0	2	1.551	0	0	-0.6702
0	2	0.5058	0	0	-0.4606
0	2	0.5724	1	1	0.1916
0	2	3.56	0	0	-0.4357
0	2	3.381	0	1	0.1123
0	2	1.856	0	0	-0.7557
0	2	5.118	0	0	-0.595
0	2	0.4929	1	1	-0.01666
0	2	3.779	1	1	-0.3569
0	2	0.7891	0	0	0.01116
0	2	1.987	1	1	-0.3373
0	2	1.13	1	0	-0.4641
0	2	0.3504	0	1	-0.3784
0	2	5.489	1	0	1.287
0	2	0.4322	1	0	0.3472
0	2	0.5803	1	0	0.7924
0	2	5.564	0	0	0.393
0	2	5.339	0	0	0.36
1	2	0.9104	0	0	0.00821
1	2	3.655	0	0	0.1606
1	2	1.494	0	0	-0.1966
1	2	1.843	1	1	-2.039
1	2	5.616	1	1	1.556
1	2	0.3029	1	1	-0.09773
1	2	5.595	1	1	0.2951
1	2	0.673	1	1	0.8153
1	2	5.557	1	1	-1.339
1	2	3.852	1	1	0.5363
1	2	1.486	0	0	0.6645
1	2	3.663	1	1	-0.3729
1	2	1.833	0	0	-0.6101
1	2	1.735	1	1	-0.1094
1	2	0.5204	0	1	0.6555
1	2	3.605	1	1	0.9283
1	2	0.8546	0	1	0.6599
1	2	5.545	0	0	-0.5206
1	2	3.611	1	1	-2.132
1	2	0.9434	1	0	1.384
1	2	1.833	0	0	0.49
1	2	1.87	0	0	-3.187
1	2	5.264	0	0	0.9413
1	2	1.13	1	0	-1.491
1	2	1.18	1	0	0.9549
1	2	3.359	0	0	1.237
1	2	0.8454	1	0	0.1112
1	2	3.625	1	1	0.3437
1	2	3.571	1	1	0.9523
1	2	0.8498	0	1	0.0005535
1	2	0.3725	0	0	0.22
1	2	5.483	1	1	0.1568
1	2	0.487	1	0	0.312
1	2	0.969	1	0	0.8296
1	2	1.702	1	1	-0.42
1	2	1.889	0	0	-0.06873
1	2	3.748	0	0	0.07316
1	2	0.5211	0	0	1.439
1	2	3.701	1	0	0.4258
1	2	0.4815	0	1	0.2155
1	2	0.1869	0	0	0.7679
1	2	0.4102	0	1	0.09056
1	2	5.568	0	0	-0.02384
1	2	5.308	0	0	-3.19
1	2	5.488	1	1	0.5511
1	2	0.8302	0	1	-1.094
1	2	0.2957	0	1	0.2134
1	2	5.436	0	0	0.6243
1	2	1.844	1	0	0.1519
1	2	0.5476	1	0	0.08277
2	2	1.758	0	0	0.3554
2	2	0.8211	0	0	-0.1062
2	2	3.589	0	0	0.08091
2	2	1.873	1	1	-0.5483
2	2	0.5992	0	0	-0.03368
2	2	0.7607	1	1	-0.2253
2	2	5.333	0	0	-0.08816
2	2	3.864	1	1	0.1203
2	2	2.002	1	1	-0.1371
2	2	1.617	0	0	0.03085
2	2	0.1528	0	0	-0.281
2	2	1.785	1	1	0.2143
2	2	5.485	1	1	0.5984
2	2	0.1891	0	1	-0.06941
2	2	0.5541	0	1	-0.06415
2	2	3.692	1	1	-0.2888
2	2	5.504	1	1	1.441
2	2	1.785	0	1	0.9775
2	2	0.5536	1	1	-0.602
2	2	0.7856	0	0	0.3953
2	2	3.455	0	0	-0.6475
2	2	0.4244	1	1	1.249
2	2	0.5574	0	1	0.3334
2	2	0.3121	0	0	0.519
2	2	0.9125	1	0	-0.09892
2	2	1.515	0	0	-0.5672
2	2	1.754	1	1	-1.285
2	2	5.512	1	1	-0.03383
2	2	3.526	1	1	-0.07402
2	2	5.269	0	0	-0.1789
2	2	1.053	1	0	0.04772
2	2	5.298	1	1	0.5718
2	2	3.437	1	1	0.2261
2	2	1.603	0	0	-0.4759
2	2	1.622	0	1	0.1618
2	2	3.24	0	0	-0.1905
2	2	0.6244	0	0	0.1978
2	2	5.345	0	0	-1.545
2	2	1.017	0	1	-1.094
2	2	0.8203	0	1	-2.021
2	2	3.739	1	1	0.7673
2	2	5.6	1	1	-1.089
2	2	0.6894	0	1	-0.1029
2	2	3.648	1	0	-4.581
2	2	1.046	0	1	-0.1725
2	2	3.613	1	1	0.13
2	2	0.5223	1	1	-0.2925
2	2	5.663	1	1	-0.2295
2	2	5.189	1	1	-1.498
2	2	0.8339	1	0	-0.2327
3	2	3.656	0	0	0.5662
3	2	0.5738	0	0	-0.2265
3	2	1.869	0	0	-0.1329
3	2	5.368	1	1	-0.2023
3	2	0.2112	0	0	-0.423
3	2	5.554	1	0	-0.5852
3	2	5.453	1	1	1.261
3	2	5.33	1	1	0.237
3	2	3.801	1	1	0.6552
3	2	1.789	0	0	0.2367
3	2	0.7488	0	1	-0.4474
3	2	3.579	0	1	0.1211
3	2	5.632	1	1	-0.616
3	2	0.6737	0	1	-0.08096
3	2	5.253	0	0	-0.8041
3	2	0.7177	1	1	1.204
3	2	1.712	0	0	-2.005
3	2	0.2913	0	1	-0.4578
3	2	3.566	1	1	-0.9806
3	2	3.299	0	0	0.8663
3	2	3.597	1	1	0.5385
3	2	0.7651	0	1	1.057
3	2	0.7986	0	1	-0.1968
3	2	0.9305	1	0	1.157
3	2	0.5258	1	1	1.256
3	2	5.332	0	0	0.2579
3	2	1.54	0	0	-0.0656
3	2	1.591	0	0	0.2859
3	2	5.576	0	0	-0.365
3	2	0.9581	0	1	0.1699
3	2	0.3324	1	0	0.3744
3	2	0.526	1	1	-0.00577
3	2	3.869	1	1	0.3912
3	2	0.4024	1	1	1.079
3	2	1.661	0	0	0.6812
3	2	0.4163	1	1	-0.3415
3	2	3.882	1	1	-2.621
3	2	5.607	1	1	-0.2854
3	2	3.571	1	1	0.6843
3	2	1.56	0	0	-0.2942
3	2	0.9337	1	1	-1.421
3	2	1.677	1	1	1.3
3	2	5.256	1	1	-0.4261
3	2	0.1737	0	0	-0.5861
3	2	0.6199	0	0	-0.06202
3	2	3.35	1	1	0.5902
3	2	0.3722	1	0	3.364
3	2	1.941	0	1	-0.2122
3	2	1.827	1	1	-3.35
3	2	0.9904	0	0	3.605
4	2	5.184	1	1	0.6257
4	2	3.585	0	0	0.03521
4	2	1.766	0	1	-0.2792
4	2	0.3223	0	1	-0.304
4	2	3.869	1	1	0.2929
4	2	3.557	0	0	-0.9451
4	2	0.6206	0	1	0.5986
4	2	0.834	0	0	0.1109
4	2	3.37	0	0	-0.1693
4	2	0.5029	1	1	0.1895
4	2	0.677	1	1	0.2397
4	2	0.3779	1	1	-0.112
4	2	3.574	0	0	-1.618
4	2	1.822	1	1	0.1906
4	2	5.296	0	0	-1.702
4	2	1.76	1	1	-1.172
4	2	5.571	1	1	-0.236
4	2	0.4013	1	0	-0.7472
4	2	0.9993	0	0	0.5956
4	2	1.565	0	0	-0.6565
4	2	3.379	0	0	0.4706
4	2	3.252	0	0	-0.4996
4	2	3.733	1	1	0.1086
4	2	0.8931	1	1	1.67
4	2	3.701	1	1	-1.425
4	2	1.823	1	0	1.824
4	2	1.757	0	0	1.189
4	2	2.064	1	0	-0.6711
4	2	1.999	1	1	-0.717
4	2	3.267	1	1	-0.7294
4	2	5.269	0	0	0.4201
4	2	0.7696	0	0	1.471
4	2	5.443	1	1	0.257
4	2	2.126	0	0	-3.601
4	2	0.4354	1	1	0.9275
4	2	5.404	0	0	0.9379
4	2	1.003	0	1	1.743
4	2	5.46	1	1	-1.33
4	2	5.263	0	0	0.5689
4	2	0.2881	0	0	0.009789
4	2	1.03	1	1	1.166
4	2	0.3415	0	1	1.814
4	2	0.9269	0	0	0.94
4	2	0.8763	0	0	-0.02102
4	2	1.718	1	0	0.816
4	2	5.667	1	1	0.3231
4	2	1.111	1	0	-0.433
4	2	0.5997	1	0	1.285
4	2	5.377	0	0	0.6694
4	2	0.5151	1	1	0.164
5	2	5.537	0	0	0.04664
5	2	1.894	1	1	0.1114
5	2	1.846	0	0	0.7383
5	2	1.757	1	0	0.03342
5	2	0.7919	0	1	0.2628
5	2	0.4393	0	0	-0.3559
5	2	3.604	0	0	-0.4211
5	2	0.6134	1	1	-0.3546
5	2	0.9884	1	1	-0.0605
5	2	0.3667	1	0	-0.6625
5	2	0.9938	1	0	0.1869
5	2	5.242	1	1	-0.4913
5	2	1.345	1	0	0.01137
5	2	1.809	0	0	0.4582
5	2	0.1776	0	1	0.08653
5	2	3.441	0	0	0.1164
5	2	5.448	1	1	-0.5598
5	2	1.737	0	1	0.02562
5	2	0.9664	1	1	0.04478
5	2	5.314	0	0	-1.932
5	2	5.234	0	0	-0.2129
5	2	0.6756	1	1	0.04417
5	2	0.1929	0	1	0.5937
5	2	0.8499	0	0	0.4473
5	2	3.665	1	1	0.4447
5	2	0.5261	0	1	0.7126
5	2	1.518	0	0	1.572
5	2	3.68	1	1	0.3682
5	2	3.577	0	0	-1.378
5	2	5.367	0	0	-1.145
5	2	3.763	1	1	-1.412
5	2	3.496	0	0	-1.137
5	2	1.993	1	1	1.172
5	2	3.561	0	0	2.249
5	2	0.9999	1	1	0.6688
5	2	0.868	1	1	0.5705
5	2	0.5272	0	0	-0.8551
5	2	3.552	1	1	0.2158
5	2	5.497	1	1	0.6374
5	2	5.237	0	0	-2.766
5	2	2.051	0	0	-1.735
5	2	5.502	1	1	-0.1172
5	2	1.83	1	0	-0.1612
5	2	1.965	1	0	-0.05213
5	2	0.6526	0	0	0.08057
5	2	0.6424	1	1	0.6564
5	2	0.3883	1	0	0.1289
5	2	5.526	0	0	0.2814
5	2	1.029	0	0	0.04118
5	2	3.705	1	1	-0.1197
6	2	3.743	1	0	-0.3227
6	2	2.139	0	0	-0.6325
6	2	1.764	0	0	0.4379
6	2	5.319	0	0	0.4817
6	2	0.6227	0	1	0.5786
6	2	0.938	0	0	-0.4908
6	2	0.7717	0	1	-0.007641
6	2	0.3146	0	0	-0.648
6	2	3.473	0	0	-0.5443
6	2	3.563	1	0	-0.3313
6	2	5.366	0	0	0.1706
6	2	0.3938	0	1	0.3333
6	2	5.391	1	1	-1.153
6	2	0.9964	1	0	0.2315
6	2	3.924	1	1	-0.7783
6	2	3.464	1	1	0.812
6	2	5.183	1	1	0.703
6	2	3.727	1	0	0.554
6	2	5.472	0	0	0.2142
6	2	3.757	1	1	0.4744
6	2	0.872	1	1	-0.6938
6	2	1.031	1	1	0.07554
6	2	1.794	1	0	-0.3803
6	2	0.8979	0	0	0.6606
6	2	5.6	1	1	-0.2812
6	2	0.6737	0	0	-0.8875
6	2	0.6968	1	0	-0.02067
6	2	1.971	1	1	0.2806
6	2	5.226	0	0	-2.248
6	2	1.904	0	0	-1.979
6	2	1.869	1	1	-0.7618
6	2	1.668	0	0	0.5625
6	2	0.4648	0	1	-2.447
6	2	0.8009	0	1	-0.7099
6	2	5.31	0	0	2.284
6	2	0.4508	1	1	1.946
6	2	5.476	1	1	1.627
6	2	1.707	1	1	1.478
6	2	0.3581	0	0	4.091
6	2	1.72	1	1	5.228
6	2	1.91	0	0	-0.5614
6	2	3.625	1	1	0.7002
6	2	0.3857	1	0	1.066
6	2	0.9312	1	1	-0.7731
6	2	4.01	1	1	0.6336
6	2	3.938	1	1	0.628
6	2	0.9498	0	0	0.6556
6	2	0.4762	0	0	0.417
6	2	5.422	0	1	0.3657
6	2	0.7296	0	0	0.7177
7	2	5.4	1	1	0.4483
7	2	3.542	0	0	0.05087
7	2	1.838	1	1	-0.03034
7	2	1.645	1	1	-0.2132
7	2	3.558	1	1	-0.124
7	2	1.031	1	0	-0.3405
7	2	0.4384	1	1	-0.5646
7	2	1.692	0	0	0.2584
7	2	5.336	1	1	-0.7553
7	2	0.4971	0	0	-0.7002
7	2	0.8163	0	1	0.7148
7	2	5.366	0	0	0.1871
7	2	3.592	0	0	-0.3481
7	2	0.597	1	1	-0.3879
7	2	5.418	0	0	-0.04217
7	2	3.538	1	1	0.3555
7	2	2.069	0	0	-0.4734
7	2	3.661	1	1	0.1097
7	2	1.885	1	1	0.2887
7	2	5.287	1	1	0.6251
7	2	1.003	1	1	0.06208
7	2	1.945	0	0	-0.06461
7	2	0.4307	0	1	-0.3371
7	2	0.4857	0	0	0.2344
7	2	5.265	0	0	-1.792
7	2	1.163	0	0	-0.3111
7	2	1.998	0	0	-0.2758
7	2	5.507	0	0	-3.557
7	2	0.6012	1	0	-0.07727
7	2	0.5815	1	0	1.095
7	2	0.7572	0	0	0.5125
7	2	0.8835	1	1	-0.3025
7	2	3.577	0	0	-0.7466
7	2	3.613	1	1	-2.025
7	2	0.5983	1	1	0.4588
7	2	5.168	1	1	-0.0363
7	2	5.435	0	0	3.627
7	2	3.801	1	1	1.832
7	2	3.721	1	1	-0.7168
7	2	1.052	1	1	-0.4068
7	2	0.3273	0	0	0.8407
7	2	3.811	0	0	0.7686
7	2	0.4958	0	0	-0.1585
7	2	1.094	0	0	1.229
7	2	5.614	1	1	0.02576
7	2	1.891	0	0	-1.126
7	2	1.032	0	0	0.5644
7	2	1.81	1	1	1.101
7	2	1.124	1	1	0.3351
7	2	1.669	0	0	0.3214
8	2	3.632	0	0	-0.1119
8	2	5.319	0	0	0.2611
8	2	3.681	1	1	0.02794
8	2	1.792	0	0	0.03004
8	2	5.593	1	1	0.06964
8	2	5.129	0	0	0.04869
8	2	0.8281	0	0	-0.7562
8	2	3.81	1	1	-0.3357
8	2	0.8595	1	1	-0.6607
8	2	1.703	1	0	0.2722
8	2	5.242	0	0	0.2384
8	2	3.701	0	0	-0.2237
8	2	0.9506	1	1	-0.7285
8	2	1.765	1	1	-0.2979
8	2	0.8509	0	0	-0.1375
8	2	0.2893	0	0	-0.4802
8	2	5.443	1	0	0.0446
8	2	3.544	0	0	-0.4763
8	2	0.3025	0	0	-0.2221
8	2	3.809	0	0	-0.1903
8	2	5.501	1	1	0.1265
8	2	1.84	1	1	0.8771
8	2	1.03	1	1	-0.4238
8	2	0.251	1	0	0.06612
8	2	3.828	1	1	-0.7081
8	2	5.642	1	1	0.2972
8	2	1.812	1	1	-1.265
8	2	0.1538	0	0	-1.81
8	2	0.4518	1	0	0.939
8	2	0.6709	1	1	-0.5555
8	2	1.615	0	0	-3.433
8	2	0.9557	1	0	0.4777
8	2	3.623	0	0	2.167
8	2	5.398	0	0	0.09696
8	2	5.493	1	1	0.365
8	2	2.152	1	1	0.9686
8	2	2.092	1	1	0.07257
8	2	0.2884	1	1	0.7637
8	2	0.6497	0	0	1.468
8	2	1.9	1	1	1.098
8	2	3.643	0	0	1.839
8	2	0.4762	0	0	2.887
8	2	0.7652	1	0	1.554
8	2	3.536	0	0	1.052
8	2	5.333	1	1	-0.4056
8	2	0.7412	0	0	0.4864
8	2	0.5288	0	0	-0.005949
8	2	0.9836	0	0	0.3884
8	2	1.901	0	1	1.093
8	2	0.7317	0	1	0.6985
9	2	0.4653	1	0	0.2848
9	2	0.7856	1	0	0.0153
9	2	1.036	0	0	-0.1831
9	2	0.4271	1	1	-0.04621
9	2	0.6456	1	1	0.1874
9	2	0.4542	0	0	-0.2742
9	2	2.051	1	1	0.3438
9	2	1.59	0	0	-0.2603
9	2	5.428	0	0	-0.2392
9	2	3.624	0	0	0.2771
9	2	1.812	0	0	-0.2521
9	2	3.603	0	0	-0.4071
9	2	0.7113	0	1	0.02494
9	2	0.5043	1	1	-0.09656
9	2	5.192	0	0	-0.1274
9	2	5.588	1	1	-0.1042
9	2	3.736	0	0	-0.4098
9	2	1.062	1	1	-0.1024
9	2	0.4308	1	1	-0.02092
9	2	5.635	1	1	0.2853
9	2	3.634	1	1	-0.0222
9	2	5.279	1	1	0.1084
9	2	2.108	0	0	-0.4272
9	2	1.71	1	0	0.06148
9	2	0.944	1	1	-0.319
9	2	3.533	1	1	-0.176
9	2	1.046	0	0	-0.04161
9	2	3.561	0	0	0.6666
9	2	1.642	0	0	-1.093
9	2	5.46	1	1	0.6386
9	2	0.5045	0	0	0.2047
9	2	3.671	0	0	0.2922
9	2	0.6912	0	0	-1.051
9	2	0.446	1	1	-3.326
9	2	0.4781	0	1	-0.7989
9	2	0.8479	1	0	0.9885
9	2	3.709	0	0	1.462
9	2	1.847	0	1	1.164
9	2	5.438	1	1	0.9294
9	2	3.478	1	1	2.34
9	2	2.062	1	0	1.556
9	2	3.626	1	1	2.666
9	2	5.207	1	1	2.188
9	2	1.014	0	0	0.8673
9	2	1.875	0	1	0.5759
9	2	1.206	1	1	1.982
9	2	5.359	0	0	-1.111
9	2	5.445	1	1	-0.862
9	2	1.861	0	0	-2.046
9	2	0.1868	0	1	2.173
10	3	0.6757	1	0	-0.187
10	3	1.894	1	0	-0.628
10	3	1.817	1	1	-0.2393
10	3	1.009	0	0	0.2486
10	3	1.818	0	1	-0.03868
10	3	5.474	1	0	-0.558
10	3	0.4817	0	0	0.7783
10	3	0.8906	0	0	0.01498
10	3	0.6124	0	1	0.1065
10	3	0.1205	0	0	0.5282
10	3	1.713	1	0	-0.3065
10	3	0.6359	0	1	0.106
10	3	0.1145	1	0	-0.7888
10	3	1.071	0	0	0.4206
10	3	0.6463	1	1	-1.04
10	3	1.929	1	1	-0.1586
10	3	0.3181	0	0	-0.8687
10	3	0.9399	1	0	0.3326
10	3	0.04937	1	0	0.378
10	3	1.698	0	0	-0.5161
10	3	0.3738	0	0	0.5529
10	3	0.6593	1	1	-0.2627
10	3	0.3103	0	0	-0.2607
10	3	5.707	0	0	-1.351
10	3	0.1312	1	1	-0.6206
10	3	1.614	0	1	1.025
10	3	5.599	1	1	0.2672
10	3	0.2868	0	0	-0.9259
10	3	1.673	0	1	-0.7624
10	3	5.669	0	0	0.9459
10	3	5.552	0	0	0.3372
10	3	5.611	1	1	1.034
10	3	0.9083	0	0	0.7275
10	3	1.045	1	1	1.334
10	3	0.6144	1	1	-0.5113
10	3	0.1293	1	0	-0.4145
10	3	0.8915	1	0	0.07575
10	3	0.358	1	1	-0.0702
10	3	0.4333	1	0	-0.6431
10	3	0.8775	1	1	1.209
10	3	5.419	0	0	-0.2292
10	3	0.5552	1	1	0.9276
10	3	5.447	0	0	-0.5817
10	3	1.364	1	1	-0.08835
10	3	0.3258	1	1	-0.2884
10	3	0.06274	1	0	-1.678
10	3	1.689	1	1	-0.6542
10	3	5.18	0	0	-1.065
10	3	5.403	0	0	-1.364
10	3	0.6898	1	1	-1.057
11	3	6.009	1	1	0.3756
11	3	5.214	0	0	-0.3739
11	3	0.7109	1	1	-0.4178
11	3	0.1357	0	0	-0.9195
11	3	0.03327	0	0	0.1251
11	3	0.8298	1	1	-0.9985
11	3	0.1111	1	0	-0.1915
11	3	5.481	0	0	-0.01315
11	3	1.711	0	0	-0.5234
11	3	0.05265	0	0	-1.169
11	3	0.7551	0	0	-0.8421
11	3	1.178	1	0	-0.8848
11	3	0.4036	0	0	0.2766
11	3	1.025	0	1	-0.2955
11	3	1.021	0	0	0.07432
11	3	0.1348	0	1	-0.06186
11	3	5.232	1	1	-0.6096
11	3	5.346	0	0	-0.0021
11	3	0.8914	1	1	0.277
11	3	2.073	0	0	-0.4711
11	3	1.764	0	0	1.362
11	3	0.02266	0	1	0.4063
11	3	2.006	0	1	0.1165
11	3	5.426	0	0	0.5348
11	3	1.609	0	0	1.646
11	3	0.05792	0	1	1.812
11	3	5.381	1	1	-1.586
11	3	5.567	1	1	0.594
11	3	0.7295	1	1	-0.1098
11	3	0.4758	0	0	1.579
11	3	0.7047	0	0	-0.106
11	3	0.4002	1	1	0.06859
11	3	1.067	0	0	-0.3255
11	3	1.65	1	0	0.4306
11	3	0.04025	1	0	-0.4274
11	3	0.5461	1	1	-0.8759
11	3	0.04568	0	0	0.512
11	3	2.108	0	1	-0.2804
11	3	1.79	1	0	-0.6346
11	3	1.087	1	0	0.2769
11	3	1.742	1	1	0.671
11	3	0.6089	1	0	-0.3873
11	3	0.1763	1	1	0.3739
11	3	1.108	0	0	-0.1436
11	3	0.9527	1	1	-0.1269
11	3	0.1797	0	0	-0.6987
11	3	0.5412	1	0	0.08586
11	3	1.497	0	0	-0.6371
11	3	5.338	1	1	1.051
11	3	5.76	1	1	0.01917
12	3	0.06986	1	0	0.8749
12	3	0.1617	0	0	-0.04315
12	3	5.589	0	0	-1.72
12	3	0.1864	1	0	-0.6321
12	3	5.403	1	1	-1.167
12	3	1.721	1	1	-0.4843
12	3	5.853	0	0	-1.295
12	3	5.02	1	1	-0.2279
12	3	1.635	1	1	-0.5117
12	3	0.4093	1	0	0.04098
12	3	1.848	1	0	-0.6802
12	3	5.506	0	0	0.1793
12	3	0.39	0	0	-0.6333
12	3	0.04768	1	0	-0.7626
12	3	0.6385	0	1	2.118
12	3	0.5172	0	0	-0.4827
12	3	5.797	1	1	0.567
12	3	1.007	0	0	-0.3716
12	3	2.234	1	1	0.9243
12	3	0.7397	1	1	0.5331
12	3	0.09051	1	0	1.765
12	3	0.2789	0	1	-0.7773
12	3	1.561	1	1	-0.3676
12	3	4.991	0	0	0.9951
12	3	0.3884	0	1	0.2865
12	3	5.079	0	0	0.3233
12	3	1.008	1	1	0.5929
12	3	0.6925	0	1	0.3413
12	3	1.072	1	0	-0.9228
12	3	0.402	1	0	-0.08932
12	3	0.9461	0	1	-0.7555
12	3	0.1266	1	1	0.8877
12	3	0.4349	0	0	0.2078
12	3	0.249	1	1	-0.2588
12	3	1.106	0	0	0.05371
12	3	0.1032	1	0	-0.4109
12	3	1.909	1	0	0.6172
12	3	0.3591	1	0	0.6295
12	3	0.5148	0	1	0.6645
12	3	1.915	1	1	-0.006464
12	3	5.305	0	0	-1.474
12	3	0.0352	0	0	-0.2011
12	3	0.5407	0	0	-0.05187
12	3	5.072	1	1	-0.572
12	3	1.95	1	1	0.8913
12	3	0.6676	0	0	0.7844
12	3	1.958	1	1	0.5384
12	3	2.222	1	1	1.076
12	3	0.8634	0	0	0.5708
12	3	0.5518	0	0	-0.693
13	3	1.088	1	0	3.733
13	3	1.841	1	1	0.7941
13	3	0.4484	1	0	-0.04531
13	3	1.846	0	0	2.151
13	3	0.969	0	0	-0.3224
13	3	5.494	0	0	-2.287
13	3	2.178	0	0	0.28
13	3	1.83	1	1	1.236
13	3	0.3571	1	0	0.3639
13	3	1.88	1	0	-0.4552
13	3	0.0002098	0	0	-0.3164
13	3	5.317	1	1	-0.7208
13	3	1.9	0	0	-1.82
13	3	0.7746	1	1	-0.1089
13	3	0.5141	1	0	0.609
13	3	1.318	0	0	-0.721
13	3	0.6185	1	0	-1.39
13	3	0.8659	0	0	-0.01961
13	3	0.5363	0	0	-1.913
13	3	0.02473	1	0	0.1628
13	3	1.183	1	1	-0.3581
13	3	0.1726	0	1	-0.9222
13	3	0.7646	1	0	-0.7336
13	3	5.536	1	1	-2.543
13	3	5.603	1	1	-0.2475
13	3	1.716	0	0	-2.703
13	3	0.2201	1	0	-1.405
13	3	1.559	0	0	0.3863
13	3	1.368	1	1	-0.7385
13	3	0.2446	0	0	0.5043
13	3	0.2991	1	0	-0.8743
13	3	0.4069	0	1	0.2896
13	3	0.5199	0	1	-1.338
13	3	0.04042	0	0	-0.3885
13	3	1.902	0	0	1.597
13	3	0.3415	0	0	-0.7245
13	3	5.049	0	0	0.1547
13	3	1.047	0	0	-1.36
13	3	0.5635	1	1	0.7929
13	3	0.2222	0	0	0.9539
13	3	5.28	1	1	-1.349
13	3	5.464	0	0	0.2177
13	3	1.201	1	1	-1.017
13	3	5.437	0	0	-0.7461
13	3	0.3006	0	1	-0.0219
13	3	0.304	0	1	0.9604
13	3	0.1231	1	0	0.3886
13	3	5.331	1	1	0.5124
13	3	5.132	0	0	-4.004
13	3	0.9719	1	1	0.638
14	3	0.2121	1	0	-0.7333
14	3	1.74	0	0	0.6862
14	3	5.068	1	1	-0.882
14	3	0.3961	0	0	0.08675
14	3	0.3143	0	0	0.003306
14	3	0.2347	1	0	-0.9117
14	3	0.6362	1	0	0.8477
14	3	0.3943	0	1	-0.7915
14	3	0.3675	0	0	-0.381
14	3	0.4112	1	0	0.5989
14	3	0.6858	1	0	-0.1769
14	3	5.179	1	1	0.1935
14	3	0.3243	0	0	-0.6681
14	3	1.765	1	0	-0.8391
14	3	0.2208	1	0	0.4166
14	3	1.776	0	0	-1.627
14	3	0.003843	0	0	-0.5099
14	3	4.813	0	0	-0.01454
14	3	0.5599	0	1	-0.1256
14	3	0.9426	0	0	-0.3165
14	3	1.615	1	1	-0.5219
14	3	0.007299	1	0	0.9204
14	3	1.952	0	0	1.823
14	3	1.639	0	0	0.214
14	3	0.7674	0	0	-2.293
14	3	0.9271	1	1	0.05323
14	3	0.09655	1	0	0.03577
14	3	2.146	0	0	-0.2379
14	3	5.277	1	1	-0.4458
14	3	4.902	1	1	0.3078
14	3	0.5453	0	0	0.5003
14	3	5.592	0	0	0.3526
14	3	0.5503	1	0	-2.776
14	3	5.562	0	0	-1.512
14	3	0.5846	1	1	-0.1256
14	3	5.446	1	1	-0.9414
14	3	1.973	0	0	0.2569
14	3	0.5603	1	1	-2.734
14	3	1.99	1	1	-1.446
14	3	5.301	1	1	-1.899
14	3	1.675	1	1	0.9446
14	3	0.7721	1	1	-0.09506
14	3	0.7821	1	1	0.6501
14	3	0.641	0	0	-0.1494
14	3	0.986	0	1	-0.01854
14	3	0.9547	1	1	-1.098
14	3	0.1624	0	1	1.394
14	3	5.393	1	1	0.6498
14	3	0.776	0	0	0.3587
14	3	0.8521	1	1	0.1737
15	3	1.695	1	1	0.7167
15	3	1.768	0	0	-0.7791
15	3	0.6562	1	0	-0.3571
15	3	1.003	0	1	-0.4899
15	3	0.3551	0	1	0.5819
15	3	0.2064	1	0	0.1919
15	3	5.466	1	1	0.5845
15	3	0.4754	1	1	-0.4047
15	3	1.318	0	1	-0.4306
15	3	1.776	1	1	0.2063
15	3	1.558	0	0	0.8449
15	3	0.8312	1	1	-0.06389
15	3	1.159	1	0	-0.1606
15	3	0.5417	0	1	-0.568
15	3	5.904	0	0	-0.1013
15	3	0.9073	0	0	0.4105
15	3	5.593	0	0	-0.3007
15	3	1.723	1	1	0.1285
15	3	1.742	0	0	-0.04012
15	3	0.2294	1	1	-0.1305
15	3	5.238	0	0	-0.0477
15	3	0.6323	1	0	0.3153
15	3	0.1014	1	1	-0.4393
15	3	0.318	1	0	0.2792
15	3	0.3555	1	1	0.492
15	3	0.8865	0	1	1.722
15	3	0.3498	1	1	0.7382
15	3	0.4899	1	0	-0.1876
15	3	1.74	1	1	-1.29
15	3	5.287	1	1	0.7599
15	3	0.2815	1	0	3.972
15	3	0.2812	0	0	-2.197
15	3	0.7631	0	0	0.6556
15	3	0.08146	1	1	-0.964
15	3	0.1927	1	1	-1.919
15	3	1.777	0	0	3.031
15	3	6.023	1	0	2.015
15	3	0.2385	1	0	0.02699
15	3	0.1693	0	1	2.041
15	3	0.3064	0	0	-0.9657
15	3	0.8536	1	1	0.5713
15	3	5.326	1	1	1.741
15	3	0.6897	0	0	0.6861
15	3	0.2872	0	0	0.2887
15	3	5.525	0	0	-0.2268
15	3	5.56	0	0	0.8762
15	3	1.729	0	1	0.4765
15	3	0.869	1	1	-0.1853
15	3	5.575	0	0	-0.3593
15	3	0.009518	0	0	-1.196
16	3	0.8174	1	0	0.7969
16	3	2.174	0	0	-0.1215
16	3	5.305	0	0	-0.1945
16	3	1.678	1	0	-0.5222
16	3	0.2737	0	1	-0.8013
16	3	0.51	0	1	-0.2072
16	3	1.912	1	1	-0.8039
16	3	5.46	0	0	-0.3741
16	3	0.06611	0	1	-0.02591
16	3	1.838	0	1	1.073
16	3	1.254	0	1	0.2761
16	3	1.2	0	0	-1.501
16	3	0.5081	1	1	-0.4522
16	3	0.3964	1	1	0.4261
16	3	1.698	0	0	0.04462
16	3	5.45	1	1	0.6225
16	3	0.4896	1	0	1.34
16	3	5.25	0	0	0.6527
16	3	5.446	1	1	0.768
16	3	1.766	1	1	-0.5314
16	3	5.649	1	1	0.4114
16	3	0.9189	0	0	2.729
16	3	0.6184	0	1	2.768
16	3	0.7203	1	1	0.3232
16	3	1.763	1	1	2.382
16	3	0.4428	0	1	2.019
16	3	5.906	0	0	-1.109
16	3	0.5452	1	1	0.2079
16	3	0.1683	0	1	-1.574
16	3	0.3619	0	0	0.1283
16	3	0.1809	0	1	-0.4476
16	3	1.183	1	1	-1.258
16	3	2.002	1	0	0.09186
16	3	0.2088	1	0	-0.7676
16	3	0.5333	1	1	0.4698
16	3	5.355	1	1	0.1914
16	3	1.483	1	0	-0.3586
16	3	0.3478	0	0	-0.6888
16	3	5.248	1	1	-0.2807
16	3	5.47	0	0	-0.5955
16	3	0.1718	0	0	-0.4497
16	3	0.1884	0	0	0.9184
16	3	0.4928	0	1	-0.9109
16	3	1.36	1	1	-0.06664
16	3	0.5663	1	0	0.2705
16	3	1.03	1	1	0.2299
16	3	0.6947	1	1	1.018
16	3	0.499	0	0	-1.033
16	3	1.895	1	1	-0.749
16	3	0.3281	0	0	0.8364
17	3	0.2739	0	0	-1.625
17	3	0.5253	0	0	1.458
17	3	1.781	1	1	-2.797
17	3	1.782	0	0	0.6636
17	3	0.3518	0	0	-2.029
17	3	0.9206	0	1	0.1111
17	3	5.76	0	0	-0.1811
17	3	0.3782	0	1	-0.7131
17	3	5.162	0	0	-1.26
17	3	0.6866	1	1	-1.576
17	3	0.1674	0	1	0.5599
17	3	5.281	1	1	0.5134
17	3	1.59	1	1	-0.5366
17	3	0.5233	0	0	-0.964
17	3	5.437	1	1	-0.00628
17	3	0.6629	0	0	-1.239
17	3	0.4072	1	1	-0.7635
17	3	0.14	1	1	-0.1
17	3	1.828	0	0	-0.5886
17	3	1.068	1	0	-0.02893
17	3	1.529	1	1	-0.0868
17	3	0.8737	1	0	-0.7915
17	3	5.412	0	0	-1.798
17	3	5.595	1	1	-0.04018
17	3	1.088	1	1	-2.182
17	3	1.783	0	1	0.7113
17	3	0.08114	1	1	-0.4226
17	3	0.6596	0	0	1.214
17	3	0.8123	1	1	1.503
17	3	0.1165	1	0	-0.5742
17	3	0.6629	0	0	-0.2458
17	3	1.847	1	0	-1.772
17	3	1.849	1	1	1.319
17	3	5.648	0	0	0.9675
17	3	0.8247	1	1	-1.761
17	3	0.2978	0	1	-1.355
17	3	0.8112	1	0	-1.992
17	3	0.1954	0	0	1.193
17	3	1.076	1	1	-0.117
17	3	1.659	0	0	0.1646
17	3	1.02	0	0	-1.214
17	3	1.958	0	0	-0.8524
17	3	1.04	1	1	-1.313
17	3	0.4176	1	1	-0.6916
17	3	5.314	1	1	-0.4247
17	3	0.4087	1	0	0.8932
17	3	5.377	0	0	-1.294
17	3	5.413	0	0	-0.4823
17	3	0.2217	1	0	-1.394
17	3	0.5353	0	0	-0.2151
18	3	5.413	0	1	0.4398
18	3	0.971	1	0	1.783
18	3	5.597	1	1	-1.277
18	3	0.5487	0	0	-0.5608
18	3	0.3401	1	1	-0.2967
18	3	5.474	1	1	-0.6998
18	3	1.777	0	1	0.7229
18	3	1.757	0	0	-1.51
18	3	0.1941	1	1	-0.05766
18	3	0.05116	0	0	0.11
18	3	0.01367	1	0	-0.7339
18	3	0.1686	1	1	-0.4903
18	3	0.3121	1	0	-0.904
18	3	5.591	1	1	-1.892
18	3	5.561	0	0	0.8191
18	3	0.1323	0	1	-0.2207
18	3	0.1795	1	1	0.01839
18	3	2.226	1	1	-0.443
18	3	0.4668	0	0	1.137
18	3	0.7805	1	0	1.057
18	3	0.9478	1	0	-0.6771
18	3	0.3931	0	0	0.01812
18	3	1.895	0	0	0.8753
18	3	5.272	1	1	-2.217
18	3	1.531	1	1	-0.3942
18	3	0.5336	1	0	0.333
18	3	0.8047	1	0	-1.594
18	3	0.5231	1	1	1.556
18	3	1.018	1	1	0.3351
18	3	1.752	0	0	0.2957
18	3	0.6934	1	0	0.8595
18	3	0.8481	0	1	1.15
18	3	5.402	0	0	0.5979
18	3	1.13	0	0	-1.635
18	3	1.804	0	0	0.3846
18	3	5.276	1	1	-0.753
18	3	0.3442	1	1	-0.3896
18	3	1.649	0	0	-0.2135
18	3	0.2776	0	1	0.6426
18	3	0.2922	1	1	0.3934
18	3	1.192	1	1	-0.04358
18	3	1.215	0	0	0.02971
18	3	0.4614	0	1	0.9739
18	3	1.06	0	0	0.3374
18	3	0.411	1	1	-1.898
18	3	5.601	0	0	-0.9836
18	3	0.764	1	0	0.5488
18	3	5.429	0	0	0.917
18	3	1.831	0	0	0.8591
18	3	0.01017	1	1	-0.1115
19	3	5.129	0	0	-0.465
19	3	5.561	0	0	-1.419
19	3	5.375	0	0	-1.696
19	3	1.64	1	0	0.2322
19	3	0.09052	1	1	-0.6897
19	3	5.697	1	1	-1.219
19	3	5.148	0	0	0.2232
19	3	1.985	1	1	0.5483
19	3	5.489	0	0	-0.6854
19	3	0.1559	0	0	-0.2337
19	3	0.7881	0	1	-0.9283
19	3	5.272	0	0	-0.6184
19	3	0.3896	1	0	-0.2491
19	3	1.781	0	0	-0.6514
19	3	0.5779	1	1	0.2384
19	3	0.6185	1	1	-0.2292
19	3	2.219	1	0	-0.3856
19	3	5.194	1	1	-1.366
19	3	0.4002	1	0	1.021
19	3	0.8429	0	0	0.08156
19	3	0.09208	1	1	0.6433
19	3	1.605	1	1	0.8923
19	3	0.03172	1	1	1.27
19	3	0.2898	0	0	-1.129
19	3	0.422	0	0	1.141
19	3	0.1659	1	1	0.2592
19	3	1.05	0	0	0.2918
19	3	1.697	1	0	1.138
19	3	0.395	1	1	-0.2685
19	3	0.5011	0	0	-1.447
19	3	0.5086	0	0	0.59
19	3	0.6814	0	0	-0.1372
19	3	2.026	0	0	-0.06071
19	3	1.905	1	0	0.369
19	3	1.63	1	1	-0.1819
19	3	0.9443	1	0	0.403
19	3	0.721	0	0	-0.7607
19	3	0.3489	1	1	-0.01387
19	3	0.4023	0	1	-0.9408
19	3	2.014	1	1	-0.1975
19	3	0.347	0	0	0.685
19	3	0.44	0	0	0.6025
19	3	0.782	1	0	0.4627
19	3	0.5601	1	0	1.479
19	3	0.5164	1	1	-2.032
19	3	5.409	0	0	-0.7275
19	3	0.5576	1	0	1.158
19	3	5.57	1	1	-1.443
19	3	0.9446	0	0	1.59
19	3	0.7716	1	1	0.6386
20	4	0.2602	0	0	-0.3276
20	4	5.515	0	0	-3.241
20	4	1.651	0	0	-0.5077
20	4	5.359	1	1	1.252
20	4	0.2262	0	0	0.3792
20	4	5.446	0	0	-1.121
20	4	0.5209	1	0	0.3776
20	4	0.404	1	1	-1.277
20	4	1.332	0	0	-0.5632
20	4	0.3694	0	0	1.384
20	4	0.9151	0	0	0.4499
20	4	0.47	1	0	1.209
20	4	1.728	0	1	0.1766
20	4	0.6408	0	0	-1.391
20	4	0.2648	0	0	-2.464
20	4	2.047	0	0	-0.5818
20	4	1.837	1	1	2.725
20	4	0.758	1	0	-0.233
20	4	0.7576	1	0	-3.727
20	4	0.6801	1	0	2.258
20	4	0.1882	1	1	1.562
20	4	1.002	0	0	1.358
20	4	1.729	1	1	1.463
20	4	1.863	0	0	1.032
20	4	0.4228	1	0	-0.1962
20	4	5.524	1	1	0.008764
20	4	0.4046	1	0	-0.3305
20	4	0.01603	0	1	-0.3261
20	4	2.026	1	1	0.2003
20	4	5.61	1	1	0.07569
20	4	0.5386	1	1	-0.6283
20	4	5.642	1	1	-0.1437
20	4	0.7994	0	0	0.3365
20	4	0.2998	0	0	-0.7311
20	4	0.4236	1	0	-0.637
20	4	1.944	0	0	-0.1437
20	4	1.945	0	0	1.358
20	4	0.8134	0	1	0.4121
20	4	5.248	0	0	1.408
20	4	0.6732	1	1	0.02039
20	4	1.681	1	1	2.091
20	4	0.152	0	0	0.5547
20	4	0.6371	1	0	0.5922
20	4	0.008822	0	0	-0.288
20	4	0.4454	0	0	0.4549
20	4	5.435	1	1	-0.6894
20	4	0.2821	1	1	-0.3261
20	4	0.08987	1	0	1.021
20	4	5.907	0	0	0.2394
20	4	5.516	0	0	0.1739
21	4	0.4047	0	0	2.164
21	4	1.453	0	0	-1.235
21	4	0.9964	0	0	0.2152
21	4	1.077	1	0	-0.5619
21	4	5.415	1	1	-0.07642
21	4	0.1382	1	0	-0.3327
21	4	5.513	1	1	-0.4396
21	4	0.3907	1	0	0.6875
21	4	5.172	1	1	0.2868
21	4	1.679	1	0	1.699
21	4	0.5091	0	0	0.7075
21	4	1.796	1	0	2.219
21	4	0.9347	0	0	-0.0845
21	4	0.9004	1	1	-0.2228
21	4	0.01736	0	0	0.5288
21	4	1.798	1	1	0.6758
21	4	0.3349	0	0	-0.01719
21	4	5.394	0	0	-1.118
21	4	1.846	1	1	0.08834
21	4	0.5439	1	1	1.609
21	4	0.9871	0	1	0.4144
21	4	0.8799	0	0	-0.3611
21	4	5.365	0	0	0.5099
21	4	0.5286	1	1	-0.3855
21	4	0.2314	1	0	1.025
21	4	2.037	0	0	-0.3804
21	4	0.707	1	1	1.461
21	4	1.792	1	1	-0.145
21	4	1.543	1	0	1.641
21	4	0.5438	0	0	2.318
21	4	0.2416	0	0	1.563
21	4	5.197	1	1	-0.5641
21	4	0.01726	1	1	0.7849
21	4	0.7084	1	0	1.537
21	4	1.004	1	0	0.9117
21	4	1.133	0	1	2.226
21	4	1.487	0	0	0.9171
21	4	0.3213	0	1	0.01184
21	4	1.945	1	0	0.7832
21	4	0.1609	0	0	-0.008996
21	4	0.3696	0	0	0.3821
21	4	0.6502	0	0	0.07054
21	4	5.25	0	0	0.1382
21	4	5.503	0	0	-0.05638
21	4	5.181	1	1	0.5616
21	4	0.8726	0	1	-1.918
21	4	0.04586	1	1	0.8273
21	4	5.519	0	0	0.1467
21	4	0.8837	1	1	0.3633
21	4	0.1412	0	1	-0.2515
22	4	1.041	0	1	-0.01619
22	4	0.4634	0	1	-0.03482
22	4	1.932	0	0	0.04683
22	4	0.732	1	1	0.07093
22	4	0.1453	0	1	0.2977
22	4	0.4357	1	1	0.5843
22	4	5.374	0	0	-0.2296
22	4	1.846	1	0	0.1895
22	4	0.7333	1	0	0.7006
22	4	1.235	0	0	-0.2596
22	4	0.08436	0	0	-0.5
22	4	0.7416	1	0	0.498
22	4	5.487	1	1	-0.5074
22	4	0.5082	0	1	0.05158
22	4	0.2823	0	1	0.1306
22	4	1.828	1	1	-0.1418
22	4	5.435	1	1	-0.3259
22	4	0.7644	0	1	0.1668
22	4	0.1451	1	1	0.2905
22	4	0.5425	0	1	-0.6195
22	4	1.435	0	0	0.1344
22	4	0.2929	1	0	-0.1706
22	4	0.2545	0	0	-0.07158
22	4	0.1424	0	1	-0.05147
22	4	0.7364	1	1	-0.9268
22	4	0.7868	0	0	0.04802
22	4	0.7525	1	0	0.05729
22	4	5.507	1	1	-0.472
22	4	1.513	1	1	0.1167
22	4	5.318	0	0	-0.8358
22	4	0.7014	1	1	-0.2364
22	4	5.649	1	1	-0.733
22	4	2.126	1	1	-0.06974
22	4	1.034	0	1	0.05007
22	4	0.8456	0	0	-0.3773
22	4	1.913	0	0	-0.1828
22	4	0.1432	0	0	0.3383
22	4	5.706	0	0	-0.5092
22	4	0.6131	0	0	-0.5749
22	4	0.1842	0	1	1.081
22	4	1.927	1	1	0.3806
22	4	5.246	1	1	-3.206
22	4	0.4653	0	0	0.1067
22	4	1.73	1	1	4.157
22	4	0.09264	0	1	1.999
22	4	1.819	1	1	-2.653
22	4	0.198	1	1	3.146
22	4	5.3	1	1	-1.255
22	4	5.163	1	1	0.4256
22	4	0.3782	1	0	0.6149
23	4	1.814	0	0	1.198
23	4	0.05058	1	1	0.1244
23	4	0.8877	0	0	0.4318
23	4	4.93	1	1	0.3214
23	4	0.1549	0	0	0.04755
23	4	5.543	1	1	0.762
23	4	4.869	1	1	0.8498
23	4	5.435	1	1	0.2928
23	4	1.748	1	1	1.189
23	4	1.258	0	1	1.03
23	4	0.7447	0	0	0.4178
23	4	1.721	0	0	-0.008292
23	4	5.418	1	1	0.3066
23	4	0.2289	0	0	-0.6015
23	4	5.321	0	0	-0.1324
23	4	0.5852	1	0	0.4149
23	4	0.7974	0	1	0.7258
23	4	0.1702	1	0	0.3257
23	4	1.381	1	1	0.8338
23	4	1.625	0	0	-0.361
23	4	1.998	1	1	0.9285
23	4	0.5291	0	0	0.1365
23	4	0.3523	0	0	-0.2525
23	4	0.4569	1	0	0.543
23	4	0.2185	0	0	1.53
23	4	5.602	0	0	0.2842
23	4	0.7839	0	0	0.1704
23	4	1.027	0	1	1.654
23	4	5.274	0	0	1.457
23	4	0.104	0	0	-1.061
23	4	0.2568	0	0	1.654
23	4	0.236	1	1	4.364
23	4	2.014	1	1	0.0505
23	4	0.3198	1	1	0.1578
23	4	1.148	0	1	1.193
23	4	0.05696	1	0	0.1537
23	4	1.468	1	1	1.028
23	4	5.432	1	1	-3.039
23	4	1.726	1	0	1.472
23	4	0.6969	0	1	1.119
23	4	0.1751	1	1	1.168
23	4	0.9614	1	0	0.8791
23	4	5.379	1	1	-0.0215
23	4	0.0764	0	1	0.1145
23	4	0.5307	0	1	0.1087
23	4	1.861	1	1	-0.1966
23	4	0.3613	1	1	0.2048
23	4	0.9104	0	0	-0.6008
23	4	0.853	1	1	0.5651
23	4	0.4755	0	1	0.7278
24	4	5.329	1	1	1.333
24	4	1.958	0	0	-0.7252
24	4	0.7758	0	0	-0.3746
24	4	0.1181	1	1	0.1483
24	4	1.669	1	1	0.2993
24	4	1.945	0	0	-0.1848
24	4	0.4404	0	1	0.2299
24	4	0.5445	0	1	-0.507
24	4	1.757	0	0	0.07785
24	4	0.1883	1	0	0.4027
24	4	0.6283	1	0	0.3805
24	4	0.4643	1	1	-0.2956
24	4	1.837	0	1	-0.07434
24	4	0.9376	1	1	-0.06958
24	4	5.518	0	0	-0.572
24	4	1.127	1	1	-0.8062
24	4	5.47	1	1	-0.4097
24	4	0.5949	1	1	-0.1015
24	4	0.3956	0	1	-0.6296
24	4	1.22	0	1	-0.1102
24	4	1.594	0	0	-0.7995
24	4	1.826	0	0	0.1912
24	4	1.987	1	1	-0.4882
24	4	0.6476	1	1	-0.2941
24	4	1.551	1	1	0.4439
24	4	0.7751	1	1	-0.258
24	4	0.7031	0	1	-0.4872
24	4	0.7003	1	1	0.5708
24	4	0.8505	1	1	-0.4584
24	4	1.708	1	1	0.3632
24	4	5.92	0	0	0.2798
24	4	0.7022	0	0	0.2741
24	4	5.303	1	1	0.8922
24	4	0.9117	0	0	1.227
24	4	0.2722	1	1	1.909
24	4	5.398	0	0	0.9245
24	4	0.3157	0	0	-0.6271
24	4	5.467	1	1	0.3945
24	4	5.246	0	0	-2.419
24	4	0.2857	0	1	-0.6123
24	4	0.5188	1	0	-1.322
24	4	0.07796	0	0	1.846
24	4	0.4048	0	0	2.392
24	4	0.5642	0	0	-0.367
24	4	1.006	1	1	-0.1544
24	4	5.168	1	1	0.3451
24	4	0.01266	1	1	1.272
24	4	0.321	1	0	0.609
24	4	5.62	0	0	-0.3324
24	4	0.2212	1	1	0.05614
25	4	5.357	0	0	0.1407
25	4	0.6981	1	1	2.824
25	4	0.9123	0	0	-0.1538
25	4	1.119	1	0	0.5421
25	4	0.115	0	1	-0.04421
25	4	0.3079	0	0	0.08447
25	4	1.285	0	0	1.809
25	4	0.001116	0	1	-0.3803
25	4	0.1879	1	1	-0.3875
25	4	0.049	0	0	-0.4663
25	4	0.5567	1	0	0.6008
25	4	5.461	1	1	0.05378
25	4	0.3356	1	0	0.1707
25	4	0.9831	0	1	0.2428
25	4	0.02551	1	0	0.6744
25	4	1.578	0	0	1.46
25	4	5.373	1	1	-1.742
25	4	0.8598	0	0	-1.55
25	4	0.642	1	1	1.167
25	4	5.155	0	0	1.211
25	4	5.221	0	0	0.4705
25	4	0.52	1	1	-1.807
25	4	0.2212	0	0	0.454
25	4	0.4376	0	0	-1.6
25	4	1.648	1	0	2.56
25	4	0.3595	0	0	0.652
25	4	0.8265	0	0	0.3258
25	4	1.969	1	0	0.4882
25	4	1.869	0	0	1.139
25	4	5.419	0	0	0.2556
25	4	1.677	1	1	0.4687
25	4	1.575	0	0	0.3725
25	4	0.8184	1	1	0.2855
25	4	1.806	0	0	-0.08336
25	4	0.3271	1	0	0.728
25	4	0.1516	1	0	0.3799
25	4	0.288	0	0	0.1245
25	4	1.82	1	1	-0.4081
25	4	5.505	1	1	0.04766
25	4	5.225	0	0	-0.03877
25	4	0.9686	0	0	0.166
25	4	5.389	1	1	-4.35
25	4	1.206	1	0	1.325
25	4	0.6248	1	1	-1.439
25	4	0.3171	0	0	0.6943
25	4	0.1964	1	1	-0.01026
25	4	0.1312	0	0	1.211
25	4	5.638	0	0	0.5886
25	4	0.07672	1	1	0.4445
25	4	2.049	1	1	1.082
26	4	1.964	1	1	0.5745
26	4	0.7053	0	0	0.835
26	4	0.8771	0	0	0.4175
26	4	5.545	0	0	-0.00992
26	4	0.2081	0	1	-0.4914
26	4	0.1645	0	0	-0.2546
26	4	0.5652	0	1	0.6857
26	4	0.0423	1	0	-0.7265
26	4	2.102	0	0	0.2231
26	4	2.091	1	1	-1.297
26	4	5.194	0	0	0.9007
26	4	0.1903	0	0	1.17
26	4	5.222	1	1	0.6751
26	4	0.7194	1	1	0.3834
26	4	2.123	1	1	1.712
26	4	1.847	1	1	-0.8707
26	4	5.399	1	1	0.1259
26	4	1.996	1	1	-0.6845
26	4	5.372	0	1	0.3685
26	4	1.818	1	1	-1.164
26	4	0.5163	1	1	1.002
26	4	0.2398	1	1	0.4485
26	4	0.9459	1	1	1.264
26	4	0.4521	0	0	0.3958
26	4	5.476	1	1	0.1205
26	4	0.4355	1	0	0.7624
26	4	0.176	1	0	-1.279
26	4	0.8669	1	1	-0.1346
26	4	5.797	0	0	-1.71
26	4	0.7999	0	0	0.9638
26	4	0.9574	1	0	0.7479
26	4	0.9734	0	0	0.3758
26	4	0.6028	0	1	1.648
26	4	0.3952	0	0	0.5763
26	4	5.916	0	0	0.7245
26	4	0.01739	1	1	1.071
26	4	5.462	1	1	-0.7803
26	4	0.859	1	0	1.318
26	4	0.2627	0	1	2.728
26	4	0.7398	1	1	-1.172
26	4	1.094	0	0	0.3346
26	4	2.289	1	1	0.3071
26	4	0.114	1	1	0.3549
26	4	0.4116	1	1	-0.5866
26	4	1.694	1	0	0.3169
26	4	1.884	1	1	0.7902
26	4	0.3783	0	0	0.05119
26	4	0.2128	0	1	-0.3751
26	4	5.615	0	0	-0.3297
26	4	0.75	0	1	1.853
27	4	5.409	1	1	-0.634
27	4	1.899	0	0	1.155
27	4	1.285	1	1	-0.5436
27	4	0.9372	1	0	0.6069
27	4	1.903	1	1	-1.706
27	4	0.3124	1	0	0.5021
27	4	0.3626	1	1	-0.08569
27	4	0.9515	0	1	-0.5182
27	4	5.217	1	1	-1.038
27	4	0.2943	0	0	-0.1114
27	4	0.6214	0	1	-1.439
27	4	5.567	0	0	-0.2895
27	4	1.581	0	1	0.551
27	4	0.005631	1	1	-0.1554
27	4	5.757	0	0	0.2103
27	4	1.555	1	1	-0.2308
27	4	0.6266	0	0	0.2003
27	4	1.9	1	1	-0.441
27	4	0.9454	1	1	0.697
27	4	5.341	1	1	-0.8341
27	4	0.2325	1	1	0.4711
27	4	0.8376	0	0	-0.1862
27	4	0.1454	0	0	-0.623
27	4	0.1997	0	0	1.121
27	4	5.283	0	0	-0.7839
27	4	0.5349	0	1	0.602
27	4	0.5355	0	0	0.07219
27	4	5.397	0	0	-0.6561
27	4	0.2381	0	0	-1.257
27	4	0.146	1	1	-1.461
27	4	0.2049	0	0	0.7534
27	4	0.09669	1	0	-0.03336
27	4	1.876	0	0	-0.5874
27	4	1.999	1	1	0.4407
27	4	0.06653	1	1	-0.09604
27	4	5.232	1	1	-1.022
27	4	5.439	0	0	-1.261
27	4	1.583	1	1	1.165
27	4	1.779	1	1	0.362
27	4	0.02349	1	0	-0.8153
27	4	0.01416	1	0	2.409
27	4	1.824	0	0	0.4899
27	4	0.3527	0	0	1.101
27	4	0.4405	0	0	-2.051
27	4	5.455	1	1	-1.661
27	4	0.8333	0	1	1.152
27	4	0.5574	0	1	1.575
27	4	1.218	1	0	1.68
27	4	0.3876	1	0	0.5736
27	4	0.8782	0	0	1.08
28	4	1.843	0	0	-0.1244
28	4	5.323	0	0	-0.9054
28	4	1.994	1	1	0.4445
28	4	0.8077	0	1	0.5155
28	4	5.186	1	1	-0.6345
28	4	5.182	0	0	0.1003
28	4	0.08171	0	1	-0.3254
28	4	1.647	1	1	0.7471
28	4	0.6126	1	0	0.03959
28	4	0.6829	1	1	0.4003
28	4	5.526	0	0	0.3574
28	4	1.762	0	1	1.136
28	4	0.2493	1	1	-0.1337
28	4	0.726	1	1	-0.1007
28	4	0.5618	0	0	0.8705
28	4	0.3513	0	1	0.8323
28	4	5.375	1	1	-0.1
28	4	1.859	0	0	0.613
28	4	0.1347	1	1	1.969
28	4	2.01	0	0	0.07004
28	4	5.39	1	1	-2.652
28	4	0.8857	1	1	0.4925
28	4	0.4248	1	1	0.08067
28	4	0.02096	1	1	0.725
28	4	1.91	1	0	-0.1947
28	4	5.889	1	1	-0.4888
28	4	0.7934	1	1	0.927
28	4	0.0591	0	0	1.226
28	4	0.4182	1	0	0.2389
28	4	0.1763	1	1	0.2346
28	4	1.128	0	1	0.8109
28	4	0.4628	1	1	1.139
28	4	1.862	0	0	0.6726
28	4	5.451	0	0	-0.5835
28	4	5.254	1	1	-0.8094
28	4	0.4719	1	0	-0.6399
28	4	1.028	1	1	0.2723
28	4	0.2098	1	0	0.4301
28	4	0.4218	0	1	0.1542
28	4	1.091	1	1	-0.3981
28	4	1.995	0	0	0.3697
28	4	0.3551	0	0	-0.3367
28	4	0.07689	1	1	0.5754
28	4	1.448	0	0	0.5311
28	4	5.212	1	1	0.9538
28	4	0.2061	0	1	-0.7051
28	4	0.1278	0	0	2.44
28	4	0.6881	0	0	0.07364
28	4	0.5055	0	1	0.9832
28	4	0.1431	0	0	0.8661
29	4	0.4184	1	1	0.4074
29	4	0.5553	1	1	0.4944
29	4	0.2416	0	0	0.01061
29	4	0.4432	1	1	-0.2356
29	4	0.2678	1	1	0.288
29	4	0.1842	0	1	-0.4183
29	4	1.172	1	0	-0.2699
29	4	1.183	0	0	-0.1062
29	4	5.251	0	0	0.2192
29	4	1.819	0	1	0.309
29	4	0.8036	0	1	0.2589
29	4	1.716	0	0	0.1927
29	4	0.396	0	1	-0.05022
29	4	0.008342	1	0	-0.8635
29	4	5.379	0	0	0.3622
29	4	5.542	1	1	0.06311
29	4	2.052	0	0	0.2613
29	4	0.3876	1	1	-0.07582
29	4	0.1869	1	0	-0.3492
29	4	5.611	1	1	-0.5154
29	4	1.785	1	1	-0.1523
29	4	5.061	1	1	-0.389
29	4	1.191	0	1	-0.4104
29	4	0.8316	1	0	-0.7788
29	4	0.2461	1	0	1.724
29	4	1.744	1	1	0.2131
29	4	0.7249	0	1	-0.5866
29	4	1.968	0	1	0.4662
29	4	0.8735	0	0	-1.054
29	4	5.632	1	1	1.642
29	4	0.3387	0	1	1.601
29	4	1.724	0	0	1.093
29	4	0.6648	0	0	-0.169
29	4	0.2435	1	0	1.635
29	4	0.05328	0	0	2.517
29	4	0.5579	1	1	1.658
29	4	1.904	0	0	-0.1569
29	4	1.034	0	1	2.472
29	4	5.468	1	1	2.021
29	4	1.784	1	1	-1.334
29	4	1.01	1	1	0.2201
29	4	1.794	1	1	-0.0189
29	4	5.68	1	1	-0.5704
29	4	0.4698	0	1	-2.272
29	4	0.7997	0	0	0.2466
29	4	0.6879	1	1	0.1803
29	4	5.471	0	0	0.001082
29	4	5.816	1	1	-0.3579
29	4	0.9401	0	1	1.347
29	4	0.5285	0	1	0.4778
30	5	0.2642	0	1	-0.9239
30	5	5.533	0	0	-1.678
30	5	1.658	0	0	0.3298
30	5	5.363	1	1	0.5764
30	5	0.2335	0	0	-0.5101
30	5	5.459	0	0	-0.4257
30	5	0.5268	1	0	-0.5586
30	5	0.5878	1	1	-0.1311
30	5	1.267	0	0	-0.04159
30	5	0.3688	0	0	-1.851
30	5	0.904	0	1	0.559
30	5	0.4589	1	1	0.2855
30	5	1.744	0	0	-0.2181
30	5	0.632	0	0	0.978
30	5	0.2645	0	1	0.09836
30	5	2.058	0	0	0.436
30	5	1.855	1	0	0.8697
30	5	0.7876	1	0	-1.084
30	5	0.7585	1	0	-1.392
30	5	0.6879	1	1	-0.2908
30	5	0.202	1	1	-1.081
30	5	1.009	0	1	0.06071
30	5	1.738	1	0	-0.01992
30	5	1.866	0	0	1.225
30	5	0.4119	1	1	0.06578
30	5	5.529	1	1	-0.6937
30	5	0.3634	1	1	-0.3804
30	5	0.008718	0	0	-0.1272
30	5	2.045	1	1	0.7386
30	5	5.641	1	1	0.3963
30	5	0.5325	1	1	-0.7956
30	5	5.665	1	1	-0.5579
30	5	0.8101	0	0	-0.3143
30	5	0.2907	0	1	-0.09581
30	5	0.4085	1	1	0.2827
30	5	1.941	0	0	-0.5104
30	5	1.934	0	1	1.899
30	5	0.8321	0	0	-0.5129
30	5	5.291	0	0	-1.248
30	5	0.6684	1	1	0.5919
30	5	1.692	1	1	-1.796
30	5	0.1414	0	0	0.6775
30	5	0.6416	1	1	0.8378
30	5	0.003482	0	0	-1.174
30	5	0.4559	0	0	0.07106
30	5	5.45	1	1	-0.1786
30	5	0.2905	1	1	2.547
30	5	0.0908	1	0	-3.772
30	5	5.916	0	0	-0.5249
30	5	5.535	0	0	1.871
31	5	0.3867	0	1	0.776
31	5	1.466	0	0	-0.09482
31	5	1.005	0	1	0.4688
31	5	1.063	1	1	0.01078
31	5	5.521	1	1	-1.723
31	5	0.4485	1	0	-1.438
31	5	5.347	1	1	-0.2726
31	5	0.3846	1	0	0.3459
31	5	5.214	1	1	-0.1152
31	5	1.689	1	1	-0.824
31	5	0.5148	0	0	-0.00752
31	5	1.859	1	1	-0.593
31	5	0.9492	0	1	1.438
31	5	0.9046	1	1	-0.4038
31	5	0.02963	0	1	0.7846
31	5	1.825	1	1	-0.7881
31	5	0.3343	0	0	-1.141
31	5	5.391	0	0	0.1677
31	5	1.842	1	1	-0.6765
31	5	0.5365	1	1	0.4536
31	5	0.7268	0	1	-0.2838
31	5	0.9764	0	0	-0.2687
31	5	5.31	0	0	-0.5752
31	5	0.5729	1	1	-0.1645
31	5	0.5288	1	1	0.09304
31	5	1.8	0	1	0.286
31	5	0.2092	1	1	-0.05219
31	5	1.81	1	1	1.66
31	5	1.746	1	1	0.2935
31	5	0.2905	0	0	2.302
31	5	0.06257	0	0	-0.199
31	5	5.83	1	1	0.5706
31	5	0.1587	1	1	-2.054
31	5	0.1385	1	1	0.3612
31	5	1.315	1	1	0.682
31	5	1.238	0	0	2.312
31	5	2.188	0	0	1.016
31	5	0.138	0	1	1.231
31	5	1.59	1	1	0.9206
31	5	0.1646	0	1	-0.5445
31	5	0.3761	0	1	1.027
31	5	0.5263	0	1	-1.462
31	5	5.732	0	0	-0.06667
31	5	5.386	0	0	0.5124
31	5	5.47	1	1	0.7067
31	5	0.9141	0	0	-0.07663
31	5	0.266	0	0	-1.897
31	5	5.258	0	0	-0.852
31	5	0.7806	1	1	-0.5851
31	5	0.3017	1	1	-1.394
32	5	0.9053	0	1	1.329
32	5	0.2477	0	1	-0.03346
32	5	1.343	0	0	0.04768
32	5	0.6272	1	1	0.74
32	5	0.1481	0	1	0.03963
32	5	0.3748	1	1	0.007563
32	5	5.485	0	0	-0.142
32	5	1.733	1	1	-0.275
32	5	1.04	1	1	-0.3626
32	5	0.6959	0	1	-0.000552
32	5	0.2754	1	0	0.3767
32	5	0.8728	1	1	-0.4879
32	5	5.684	1	1	0.2478
32	5	0.01856	1	1	-0.6137
32	5	0.2953	0	0	0.6562
32	5	1.626	1	1	0.2275
32	5	5.206	1	1	-0.7107
32	5	1.132	0	0	-0.4727
32	5	0.01033	0	1	0.2096
32	5	0.3656	0	1	-0.4165
32	5	1.89	0	0	-0.5651
32	5	0.06563	0	1	-0.8422
32	5	0.3098	0	1	-1.199
32	5	0.3438	0	1	-0.9346
32	5	0.5125	1	1	-0.5188
32	5	1.204	0	1	0.06766
32	5	1.126	1	0	0.5229
32	5	5.615	1	1	-0.6216
32	5	1.883	1	1	-0.03961
32	5	5.146	0	0	-1.022
32	5	0.3303	1	1	-0.5586
32	5	5.657	1	1	0.1848
32	5	1.821	1	1	1.825
32	5	0.864	0	0	-1.173
32	5	0.8382	0	0	1.196
32	5	1.461	0	0	-3.371
32	5	0.4482	0	1	1.003
32	5	5.134	0	0	0.00519
32	5	0.4956	0	0	0.5827
32	5	0.2368	0	1	1.753
32	5	2.09	1	1	-0.1327
32	5	5.47	1	1	-2.458
32	5	0.05724	0	1	1.665
32	5	2.224	1	1	2.788
32	5	0.4201	0	0	-0.8162
32	5	1.976	1	1	0.8456
32	5	0.3561	1	1	-5.486
32	5	5.553	1	1	1.65
32	5	5.347	1	1	-2.222
32	5	0.1911	1	1	1.625
33	5	1.787	0	0	0.6539
33	5	0.01091	0	1	0.2909
33	5	1.022	0	0	-0.4504
33	5	5.436	1	1	0.01301
33	5	0.08393	0	1	-0.1791
33	5	5.476	1	1	-0.8401
33	5	5.903	1	1	-0.6406
33	5	5.605	1	1	-0.426
33	5	1.479	1	1	-0.1485
33	5	0.7809	0	0	-0.1383
33	5	0.2702	0	1	0.1482
33	5	1.962	0	0	-0.6445
33	5	5.229	1	1	-0.5531
33	5	0.6265	0	0	-0.3479
33	5	5.583	0	0	-0.05505
33	5	0.1911	1	0	0.1072
33	5	1.292	0	0	0.04808
33	5	0.3223	0	0	0.1851
33	5	2.201	1	1	0.699
33	5	2.329	0	1	-0.06823
33	5	1.864	1	1	0.1928
33	5	0.3735	0	1	-0.02438
33	5	0.8536	0	1	-0.01342
33	5	0.7143	1	0	0.1351
33	5	0.4438	1	0	1.203
33	5	5.628	0	0	-3.403
33	5	0.8784	0	0	0.8606
33	5	1.044	0	0	-0.1452
33	5	5.2	0	0	2.34
33	5	0.674	0	1	-4.463
33	5	0.09932	1	1	1.33
33	5	0.001061	0	0	0.4777
33	5	2.038	1	1	0.3092
33	5	0.1206	1	0	1.931
33	5	0.5163	0	0	-0.3485
33	5	0.4146	1	1	0.05064
33	5	1.881	1	1	0.4778
33	5	5.465	1	1	-0.116
33	5	1.777	1	1	0.1995
33	5	0.9089	0	0	0.06131
33	5	0.4791	1	0	-0.5191
33	5	1.396	1	1	-0.1204
33	5	5.573	1	1	-0.03896
33	5	0.5049	0	0	0.6658
33	5	0.7783	0	0	-0.1579
33	5	2.044	1	1	0.3612
33	5	0.2096	1	1	2.096
33	5	1.038	0	1	-0.04584
33	5	1.127	1	1	0.5499
33	5	0.499	0	1	-1.274
34	5	5.409	1	1	-0.5619
34	5	2.521	0	1	0.8797
34	5	1.189	0	0	0.01761
34	5	0.1357	0	0	-0.4571
34	5	1.868	1	1	-0.05562
34	5	1.717	0	1	-1.011
34	5	0.2792	0	0	-0.2037
34	5	0.5142	0	1	0.1314
34	5	1.871	0	0	-0.274
34	5	0.0225	1	1	-0.6992
34	5	0.4444	1	1	0.3368
34	5	0.06092	1	0	0.1012
34	5	2.029	0	0	-0.3148
34	5	0.7009	1	1	-0.766
34	5	5.033	0	0	-0.3346
34	5	1.047	1	1	-1.3
34	5	5.417	1	1	-0.479
34	5	0.3033	1	0	0.727
34	5	0.8417	0	0	-0.74
34	5	1.119	0	0	-0.7158
34	5	1.994	0	0	1.656
34	5	2.099	0	0	0.1688
34	5	1.626	1	1	-0.6092
34	5	0.339	1	1	-0.9992
34	5	1.564	1	1	-0.741
34	5	0.9217	1	1	0.3832
34	5	0.7436	0	0	0.1591
34	5	0.9881	1	1	-0.2919
34	5	0.8594	1	1	-0.0435
34	5	1.69	1	1	-0.9965
34	5	5.461	0	0	-0.6005
34	5	0.5847	0	0	-0.03138
34	5	5.211	1	1	0.3793
34	5	1.048	0	0	1.222
34	5	0.009996	0	1	-0.9055
34	5	5.529	0	0	-0.3921
34	5	0.2723	0	1	0.1465
34	5	5.473	1	1	-0.9671
34	5	5.268	0	0	-0.016
34	5	0.0448	1	0	0.8356
34	5	0.6042	1	1	0.3727
34	5	0.3001	0	0	0.1547
34	5	0.7491	0	0	0.4946
34	5	0.5304	0	0	-0.3761
34	5	1.018	1	1	-0.6374
34	5	5.397	1	1	-0.7886
34	5	0.1527	1	1	0.56
34	5	0.2635	1	0	1.201
34	5	5.485	0	0	0.3504
34	5	0.1632	1	1	-1.448
35	5	5.26	0	0	1.079
35	5	0.7766	1	0	-0.3743
35	5	0.6999	0	0	-2.258
35	5	1.023	1	1	-0.07545
35	5	0.6338	0	0	0.04991
35	5	0.01624	1	1	-0.4853
35	5	1.776	0	1	-0.3766
35	5	0.2479	1	1	-0.9387
35	5	0.2376	1	0	-0.1448
35	5	0.1913	1	1	-0.07111
35	5	0.2965	1	1	-0.6719
35	5	5.255	1	1	-0.5309
35	5	0.1504	1	1	0.576
35	5	0.7075	0	0	-1.171
35	5	0.1545	0	0	-0.4101
35	5	1.743	0	0	0.5653
35	5	5.772	1	1	-0.7109
35	5	0.8781	0	0	-0.1318
35	5	0.4015	1	1	-0.7097
35	5	5.742	0	0	3.418
35	5	5.107	0	0	0.3487
35	5	0.4663	1	1	-1.51
35	5	0.1446	0	0	0.2032
35	5	0.2873	0	1	0.2186
35	5	1.946	1	1	1.019
35	5	0.2837	0	1	1.63
35	5	0.83	0	0	0.7713
35	5	1.846	1	1	2.339
35	5	1.995	0	1	1.15
35	5	5.477	0	0	1.484
35	5	1.309	1	1	0.605
35	5	1.64	0	0	1.784
35	5	1.003	1	0	-0.4133
35	5	1.941	0	0	-0.1481
35	5	0.5612	1	0	-0.7008
35	5	0.598	1	1	0.002001
35	5	0.28	0	0	1.85
35	5	1.669	1	1	1.583
35	5	5.129	1	1	-2.898
35	5	5.691	0	0	0.2146
35	5	0.9567	0	1	-0.1267
35	5	5.049	1	1	-0.9919
35	5	0.9537	1	1	-0.4799
35	5	0.8163	1	1	-0.04956
35	5	0.2949	0	0	-0.371
35	5	0.4383	1	0	0.8192
35	5	0.3439	1	1	-1.098
35	5	5.455	0	0	-0.2395
35	5	0.5668	0	1	0.01605
35	5	1.943	1	1	0.3632
36	5	1.787	1	1	-1.025
36	5	0.7527	0	0	-0.2734
36	5	0.7728	0	0	0.0639
36	5	5.698	0	0	0.3408
36	5	0.1721	1	0	0.9157
36	5	0.1958	0	1	-0.2222
36	5	0.4428	0	1	0.3365
36	5	0.1104	0	0	0.3157
36	5	1.748	0	0	0.5374
36	5	1.229	1	1	1.013
36	5	5.447	0	1	-0.1063
36	5	0.2958	0	1	0.3337
36	5	5.828	1	1	2.087
36	5	0.2869	1	1	-0.6714
36	5	1.578	1	1	0.7363
36	5	1.918	1	1	0.2238
36	5	5.363	1	1	0.4106
36	5	1.817	1	0	-0.3472
36	5	5.202	0	0	1.376
36	5	2.248	1	1	0.8827
36	5	0.7367	1	1	-1.61
36	5	0.4368	1	0	0.7954
36	5	1.019	1	0	-0.5696
36	5	0.3194	0	0	-0.4708
36	5	5.259	1	1	-0.6898
36	5	0.2863	0	0	0.4071
36	5	0.2402	1	1	0.7586
36	5	1.13	1	1	0.765
36	5	5.505	0	0	-0.6432
36	5	0.8681	0	0	1.358
36	5	0.844	1	0	-0.7547
36	5	0.7428	0	1	0.4136
36	5	0.2149	0	0	0.1573
36	5	0.4501	0	0	0.9881
36	5	5.67	0	0	-0.2451
36	5	0.3142	1	1	1.08
36	5	5.795	1	1	0.7297
36	5	0.8608	1	1	1.102
36	5	0.1818	0	1	0.583
36	5	1.057	1	1	0.4585
36	5	1.188	0	0	1.248
36	5	1.838	1	1	-2.287
36	5	0.2519	1	1	-0.9238
36	5	0.6585	1	1	0.5166
36	5	1.75	1	0	-0.1098
36	5	2.064	1	1	0.4329
36	5	0.008544	0	0	1.253
36	5	0.3769	0	1	1.281
36	5	5.174	0	0	2.853
36	5	0.3837	0	1	0.6494
37	5	5.944	1	1	-1.08
37	5	1.668	0	0	0.02353
37	5	0.8044	1	0	0.5607
37	5	1.07	1	0	0.3897
37	5	2.112	1	1	-0.09966
37	5	0.593	1	1	0.4061
37	5	0.3531	1	1	-0.2638
37	5	0.8229	0	0	1.104
37	5	5.151	1	1	-0.7661
37	5	0.343	1	1	0.752
37	5	0.4059	0	1	0.001648
37	5	5.445	0	0	-0.346
37	5	1.902	0	0	0.5859
37	5	0.3021	1	1	0.2124
37	5	5.655	0	0	0.9577
37	5	1.998	1	1	0.1148
37	5	0.7345	0	1	0.1517
37	5	1.639	1	1	0.5782
37	5	1.085	1	1	0.1062
37	5	5.476	1	1	-1.632
37	5	0.3102	1	1	0.3205
37	5	0.4097	0	1	0.2608
37	5	0.2598	0	1	0.01605
37	5	0.3557	0	1	0.8793
37	5	5.155	0	0	0.7359
37	5	0.6054	0	0	0.8097
37	5	0.9398	0	0	0.8309
37	5	5.365	0	0	1.044
37	5	0.5393	1	1	1.495
37	5	0.2436	1	0	0.6597
37	5	0.503	0	1	-2.181
37	5	0.8236	1	1	1.228
37	5	1.879	0	1	0.6886
37	5	1.682	1	1	-3.689
37	5	0.5145	1	1	-0.5711
37	5	5.513	1	1	-0.1251
37	5	5.452	0	0	2.054
37	5	2.241	1	1	0.1154
37	5	1.944	1	1	-0.1895
37	5	0.3623	1	1	0.732
37	5	0.1274	0	1	0.373
37	5	1.845	0	0	-0.09398
37	5	0.4691	0	1	0.7284
37	5	0.4162	0	0	0.1422
37	5	5.726	1	1	-0.5631
37	5	0.5547	0	1	-0.6276
37	5	0.4895	0	0	-0.1955
37	5	1.119	1	1	0.7063
37	5	0.5966	1	0	-0.01112
37	5	1.091	0	0	1.032
38	5	1.843	0	0	0.8828
38	5	5.614	0	0	0.3806
38	5	1.717	1	1	-0.9352
38	5	0.8848	0	0	0.04989
38	5	5.788	1	1	-0.4865
38	5	4.831	0	0	-0.8001
38	5	0.4298	0	1	-1.432
38	5	1.95	1	1	-0.7891
38	5	0.5383	1	1	-1.057
38	5	0.8512	1	0	-0.4517
38	5	5.329	0	0	-0.787
38	5	1.931	0	0	0.4456
38	5	0.469	1	1	-0.3025
38	5	1.138	1	0	-1.379
38	5	0.1424	1	1	-1.192
38	5	0.3799	0	0	-1.44
38	5	5.434	1	1	-0.8427
38	5	1.591	0	0	-1.132
38	5	0.3903	0	0	0.6766
38	5	1.747	0	1	0.2001
38	5	5.436	1	1	-0.1039
38	5	0.8317	1	1	0.5419
38	5	0.2282	1	1	0.4683
38	5	0.2538	1	1	-0.3779
38	5	1.476	1	1	0.496
38	5	5.458	1	1	-1.154
38	5	1.05	1	1	-1.142
38	5	0.2453	0	1	-0.1042
38	5	0.3778	1	1	-0.02318
38	5	0.4051	1	1	-0.9482
38	5	0.725	0	0	-0.4961
38	5	0.009487	0	1	-1.631
38	5	1.719	0	0	-0.6516
38	5	5.692	0	0	-0.6502
38	5	5.499	1	1	-0.6308
38	5	0.9493	1	0	0.2627
38	5	1.089	1	1	-1.134
38	5	0.08908	1	1	-0.3059
38	5	0.3645	0	0	-0.9671
38	5	1.139	1	1	0.203
38	5	1.856	0	0	-1.024
38	5	0.2786	0	0	-0.4276
38	5	0.4585	1	1	1.869
38	5	2.024	0	0	0.9358
38	5	5.575	1	1	-1.918
38	5	0.4145	0	0	-0.4375
38	5	0.1147	1	1	-1.918
38	5	0.1623	0	0	-0.04115
38	5	0.6164	0	0	0.1777
38	5	0.02769	1	0	-0.2205
39	5	0.2585	1	1	0.3436
39	5	0.4589	1	0	-0.4261
39	5	0.02906	0	0	0.7248
39	5	0.405	1	1	-0.298
39	5	0.1693	1	1	0.8014
39	5	0.09654	0	0	-0.04173
39	5	0.9408	1	1	0.2038
39	5	0.6008	0	1	0.03822
39	5	5.107	0	0	0.1503
39	5	1.791	0	1	0.8898
39	5	0.9223	0	0	1.103
39	5	2.062	0	0	-1.307
39	5	0.9711	0	0	0.05257
39	5	0.2126	1	1	-1.043
39	5	5.324	0	0	-3.151
39	5	5.278	1	1	-0.2008
39	5	1.726	0	0	-0.3005
39	5	0.3082	1	1	-1.481
39	5	0.4489	1	0	-2.234
39	5	5.601	1	1	-1.297
39	5	1.51	1	1	0.7826
39	5	5.581	1	1	-2.735
39	5	0.7964	0	0	2.469
39	5	1.076	1	0	1.571
39	5	0.7182	1	1	2.647
39	5	1.776	1	0	-0.5279
39	5	0.778	0	0	0.6532
39	5	1.608	0	0	0.0001203
39	5	0.9885	0	0	-0.9087
39	5	5.573	1	1	0.7456
39	5	0.2721	0	1	-0.1536
39	5	2.043	0	0	0.4955
39	5	0.5315	0	1	-0.1756
39	5	0.1952	1	1	0.09652
39	5	0.176	0	0	-0.08921
39	5	0.3807	1	0	0.326
39	5	1.922	0	0	0.2648
39	5	1.007	0	0	-0.0492
39	5	5.538	1	1	-0.04749
39	5	2.027	1	1	0.2989
39	5	1.225	1	1	-0.341
39	5	2.103	1	1	0.5363
39	5	5.476	1	1	-4.093
39	5	0.1334	0	1	2.612
39	5	1.057	0	0	1.539
39	5	0.4074	1	1	0.2514
39	5	5.227	0	0	-2.395
39	5	5.589	1	1	0.1853
39	5	1.009	0	0	-0.02158
39	5	0.1104	0	0	0.5638
40	6	0.8459	0	0	-0.977
40	6	1.026	1	1	0.1534
40	6	3.585	1	1	-0.3781
40	6	0.04352	1	0	-0.119
40	6	0.824	1	1	-0.6387
40	6	3.505	1	1	-0.3068
40	6	0.5852	1	0	0.6062
40	6	0.4372	1	0	0.5495
40	6	0.3903	0	1	0.8034
40	6	0.08502	0	0	0.6785
40	6	0.344	1	0	-0.02392
40	6	0.9767	0	0	0.6751
40	6	0.3595	0	0	-0.3419
40	6	0.009783	1	0	-1.057
40	6	3.52	1	1	-1.437
40	6	0.006059	0	0	0.8251
40	6	0.1309	1	1	-0.4494
40	6	3.362	1	1	-1.182
40	6	0.2293	1	0	0.1596
40	6	0.5212	1	1	-0.4365
40	6	0.4902	1	1	0.1546
40	6	0.1742	0	0	-0.2768
40	6	0.1035	0	0	-0.1834
40	6	0.7576	0	0	0.7384
40	6	3.726	0	0	-1.59
40	6	0.08093	0	1	-0.0623
40	6	0.4263	1	0	-0.2571
40	6	0.5316	0	1	-0.571
40	6	0.2399	0	0	0.4753
40	6	0.192	0	1	-0.3916
40	6	3.41	1	1	-0.9348
40	6	0.7458	1	0	-0.4031
40	6	0.1929	1	1	0.1158
40	6	3.753	1	1	-0.8708
40	6	0.735	0	1	0.4385
40	6	0.309	1	1	-0.4973
40	6	0.01997	1	0	0.3999
40	6	3.613	0	0	-1.497
40	6	3.786	0	1	0.09836
40	6	0.4225	0	1	-0.03622
40	6	0.06218	0	1	0.1542
40	6	0.3072	0	1	-1.335
40	6	3.761	0	0	-1.363
40	6	0.2733	0	1	0.07321
40	6	0.5622	0	1	0.7312
40	6	0.7856	0	1	-0.06278
40	6	0.6584	0	1	0.02487
40	6	0.3034	1	0	0.5159
40	6	0.6934	1	1	0.6952
40	6	0.04523	1	0	-0.68
41	6	3.624	0	0	-0.1131
41	6	0.3537	0	1	0.2593
41	6	0.8922	0	0	0.2682
41	6	3.483	1	1	-1.676
41	6	0.1535	0	1	-0.07499
41	6	0.3886	1	1	0.1785
41	6	0.6812	1	1	0.6732
41	6	0.2175	1	1	0.7502
41	6	0.05201	1	0	0.6822
41	6	0.4878	1	1	0.1939
41	6	0.8381	0	0	0.9407
41	6	1.065	0	0	0.2277
41	6	0.4785	1	0	0.5388
41	6	0.4551	0	1	0.4391
41	6	0.3408	1	0	-1.44
41	6	0.5336	1	1	0.2357
41	6	0.5986	0	1	0.8215
41	6	3.775	1	1	-0.07674
41	6	0.1015	0	1	0.3714
41	6	0.723	0	1	0.3002
41	6	0.8657	1	0	-0.8585
41	6	1.138	0	0	-0.5786
41	6	0.3129	0	0	-0.2341
41	6	0.5184	1	1	-0.6349
41	6	3.617	1	1	-1.112
41	6	0.3098	0	0	0.225
41	6	3.381	0	0	-0.5461
41	6	1.21	0	1	0.9456
41	6	1.007	1	1	-0.8149
41	6	0.11	0	0	-0.07177
41	6	0.3234	1	0	-1.076
41	6	0.1601	0	1	0.4308
41	6	0.003061	0	1	0.1308
41	6	0.3475	1	1	0.03897
41	6	3.27	0	0	0.4874
41	6	1.028	0	0	0.4189
41	6	0.5044	1	1	0.8995
41	6	0.3303	1	1	0.4518
41	6	0.2415	0	0	2.164
41	6	0.8607	0	1	1.791
41	6	0.9656	0	1	1.226
41	6	3.984	1	1	-0.9884
41	6	3.712	0	0	-3.5
41	6	0.3078	1	0	0.01289
41	6	0.3786	0	1	0.9189
41	6	0.1238	1	0	-0.4215
41	6	0.00847	0	1	-1.768
41	6	3.924	1	1	-1.419
41	6	3.555	1	1	-0.8096
41	6	0.5703	1	1	-1.085
42	6	3.846	0	1	0.7035
42	6	0.9458	0	1	0.5492
42	6	1.092	1	1	-0.2213
42	6	0.06039	1	1	-0.5261
42	6	0.2366	0	1	-1.371
42	6	3.788	1	1	-0.0984
42	6	0.4951	1	0	-0.1287
42	6	1.006	1	1	-0.3109
42	6	3.669	0	0	1.473
42	6	3.483	1	1	0.8124
42	6	0.2982	1	0	1.312
42	6	0.1403	1	1	0.04783
42	6	0.0339	1	0	0.03306
42	6	0.7288	0	0	-0.2672
42	6	3.509	0	0	-0.2575
42	6	0.05694	0	1	0.09407
42	6	0.2329	0	1	1.068
42	6	0.4417	1	0	-2.687
42	6	0.7411	0	0	0.2611
42	6	3.554	0	0	1.256
42	6	3.887	0	0	-1.083
42	6	0.06922	0	0	0.973
42	6	0.3646	0	1	0.9405
42	6	0.5	1	0	-0.4155
42	6	0.1849	0	1	0.987
42	6	0.4551	1	1	0.1644
42	6	0.6901	0	0	-0.01188
42	6	0.1101	0	1	0.4419
42	6	0.2504	1	1	-0.06425
42	6	0.3757	0	0	-0.2947
42	6	0.6094	1	1	0.1775
42	6	0.9851	0	0	-0.1427
42	6	1.092	1	1	-0.2688
42	6	3.539	0	0	0.1384
42	6	0.2616	1	0	1.834
42	6	3.351	0	0	0.4018
42	6	0.1657	0	0	0.2297
42	6	0.7394	0	0	0.2842
42	6	0.5741	1	0	0.6455
42	6	0.7338	1	1	0.3343
42	6	0.2327	1	0	1.156
42	6	0.01565	1	0	2.049
42	6	0.6876	1	1	0.3957
42	6	0.2998	0	1	1.838
42	6	0.2953	1	0	-0.5417
42	6	0.1796	1	0	0.7292
42	6	0.4254	1	0	0.1109
42	6	0.3608	1	1	-0.222
42	6	3.64	1	1	-0.5855
42	6	0.1299	1	0	0.8009
43	6	0.329	1	1	-0.5955
43	6	3.736	1	1	-0.03558
43	6	0.5863	1	0	-0.02993
43	6	0.7937	1	1	0.04905
43	6	0.4857	0	1	-0.1387
43	6	0.6578	1	0	0.3085
43	6	0.9161	0	1	0.2948
43	6	3.663	1	1	-0.4136
43	6	0.07383	1	0	0.0676
43	6	0.9073	0	1	-0.3102
43	6	0.1836	0	0	-0.08741
43	6	3.502	0	0	-1.12
43	6	1.044	1	1	-0.5857
43	6	0.09562	1	1	-0.2262
43	6	0.2276	0	0	0.3186
43	6	0.1334	1	1	0.7172
43	6	4.024	1	1	-0.6395
43	6	0.763	0	1	-0.2669
43	6	3.812	0	0	0.031
43	6	0.356	1	1	-0.2742
43	6	0.4773	1	1	-0.653
43	6	0.293	0	1	-1.78
43	6	0.1939	0	1	-1.095
43	6	0.08171	0	0	-0.2282
43	6	0.6465	1	1	0.0892
43	6	0.2289	1	0	-0.06727
43	6	0.2187	0	1	-0.4775
43	6	3.773	0	0	0.07682
43	6	3.567	1	1	-1.054
43	6	0.5012	0	0	0.2061
43	6	0.1038	1	1	-0.1918
43	6	3.949	1	1	0.3331
43	6	0.1722	0	0	0.1525
43	6	0.05103	1	0	1.85
43	6	3.962	1	1	1.144
43	6	1.066	1	1	-2.512
43	6	0.2061	0	0	-0.04648
43	6	0.2788	0	1	-1.528
43	6	0.3444	0	0	0.9743
43	6	0.8978	1	0	-0.3746
43	6	0.2692	0	1	1.492
43	6	0.5525	0	0	0.4057
43	6	0.7128	1	1	-0.007764
43	6	0.1836	1	1	-1.11
43	6	0.05084	0	1	0.1477
43	6	0.7445	1	1	-0.8839
43	6	0.1793	1	1	0.5689
43	6	0.6412	0	0	0.1314
43	6	3.562	1	1	0.7424
43	6	0.05727	1	0	1.238
44	6	3.63	1	1	0.4528
44	6	3.681	1	1	-0.3668
44	6	0.2086	0	0	-0.6594
44	6	0.1601	1	1	-0.4589
44	6	3.655	1	1	-0.1292
44	6	0.6625	0	0	-2.34
44	6	0.2189	0	0	0.2376
44	6	1.066	1	0	0.5479
44	6	1.138	0	0	-0.9222
44	6	0.4662	0	0	-0.2141
44	6	0.3783	0	1	-0.4923
44	6	0.8089	1	1	-0.7385
44	6	0.6143	1	1	-0.03078
44	6	0.3032	0	0	-1.077
44	6	0.0858	0	0	-2.9
44	6	0.1118	1	0	1.125
44	6	0.3405	0	1	-0.7496
44	6	0.4012	1	1	0.3177
44	6	0.05422	1	0	-0.05809
44	6	0.2397	0	0	-0.8108
44	6	3.729	0	1	-0.2719
44	6	0.9776	0	1	0.07586
44	6	1.13	1	1	-0.2087
44	6	0.1188	0	1	-0.1754
44	6	0.3771	0	0	-1.798
44	6	0.2684	1	1	-0.7517
44	6	0.008424	0	1	-1.324
44	6	0.2474	1	1	1.493
44	6	0.4923	1	1	-0.3485
44	6	0.3758	1	1	-0.08696
44	6	3.833	0	0	-0.03289
44	6	1.245	0	0	-0.2262
44	6	3.415	1	1	-0.8101
44	6	3.89	1	1	-1.343
44	6	0.2739	0	0	-2.488
44	6	1.111	0	1	0.5274
44	6	0.7689	1	1	-0.7971
44	6	0.3381	0	0	-0.6227
44	6	3.147	1	1	-0.597
44	6	0.1146	0	0	-1.106
44	6	0.859	1	1	2.208
44	6	3.57	1	1	-2.011
44	6	0.4143	0	0	0.4302
44	6	0.7656	0	0	0.4186
44	6	0.6251	0	0	-2.43
44	6	0.7306	1	1	-1.837
44	6	0.3174	0	1	-0.2979
44	6	3.474	1	1	-3.473
44	6	0.041	0	0	0.3905
44	6	0.5223	1	1	2.694
45	6	0.1156	1	1	1.868
45	6	3.47	1	1	-1.302
45	6	0.09414	1	0	-0.5609
45	6	0.03742	0	0	-0.1374
45	6	0.8043	0	0	-0.3244
45	6	0.586	1	1	0.4173
45	6	1.139	1	0	-0.7516
45	6	3.742	0	0	-1.001
45	6	0.352	0	1	-0.7697
45	6	0.9257	1	1	-0.1347
45	6	0.3548	1	0	2.132
45	6	0.3844	1	1	-1.036
45	6	0.7349	0	0	-0.112
45	6	0.5015	1	1	1.165
45	6	3.93	0	0	-1.018
45	6	1.183	0	1	1.148
45	6	0.007783	0	1	-1.973
45	6	0.1533	0	0	-0.1837
45	6	0.3363	0	0	-0.5046
45	6	3.769	1	1	1.033
45	6	0.1861	1	0	1.244
45	6	0.422	0	1	2.022
45	6	3.662	1	1	-3.668
45	6	0.6662	1	1	1.526
45	6	0.06384	1	1	0.0704
45	6	0.1896	0	0	0.5551
45	6	0.6626	1	1	-2.124
45	6	3.768	0	0	-0.6076
45	6	0.7846	0	0	0.4533
45	6	0.6458	1	1	-0.7492
45	6	0.08216	1	1	-1.364
45	6	0.4035	1	1	-2.881
45	6	3.747	1	1	0.1756
45	6	0.3465	0	1	-1.397
45	6	0.3566	0	1	0.8117
45	6	0.4389	1	1	-1.013
45	6	0.3156	1	0	0.01648
45	6	3.669	1	1	-1.18
45	6	0.415	0	0	0.5736
45	6	0.4796	0	0	0.0359
45	6	0.4119	0	0	-0.9033
45	6	0.3638	1	1	-0.5967
45	6	1.242	0	1	1.297
45	6	0.949	0	1	0.397
45	6	0.2382	1	1	-2.13
45	6	0.9565	0	0	1.695
45	6	3.539	0	0	-0.8086
45	6	0.7878	1	1	-0.6893
45	6	0.3381	0	0	-0.3254
45	6	3.841	0	0	0.731
46	6	0.447	1	1	0.7869
46	6	3.418	0	0	-0.4176
46	6	0.3005	1	0	-0.6414
46	6	0.1529	1	1	-0.3151
46	6	0.03122	0	1	0.07447
46	6	0.06394	0	1	-1.346
46	6	1.181	0	1	-0.439
46	6	3.659	1	1	-1.214
46	6	0.09165	1	1	-0.7
46	6	0.06632	0	1	-1.457
46	6	0.2115	0	0	-0.1749
46	6	1.026	0	1	-0.5174
46	6	3.777	0	0	-0.6697
46	6	0.5346	0	1	0.1789
46	6	0.3709	1	1	-1.113
46	6	1.323	0	1	0.1689
46	6	0.3642	0	0	-0.5075
46	6	1.293	0	0	-0.2305
46	6	0.09211	1	0	0.3681
46	6	0.3353	1	1	-0.5945
46	6	0.7311	1	1	-0.6183
46	6	0.1726	1	0	0.7457
46	6	0.4623	1	0	-0.6286
46	6	0.0911	1	1	-0.164
46	6	0.5786	0	1	0.1215
46	6	3.784	0	0	0.08474
46	6	0.4076	0	0	-0.5173
46	6	3.756	1	1	-0.5931
46	6	0.08289	1	1	-0.4693
46	6	0.01595	0	1	-0.3309
46	6	3.549	1	1	-1.265
46	6	0.2893	0	1	1.563
46	6	3.999	1	1	1.978
46	6	1.109	0	0	-1.465
46	6	0.1148	0	1	2.552
46	6	0.5395	1	1	0.7683
46	6	0.5657	1	0	-1.935
46	6	0.4186	0	0	0.8178
46	6	0.9307	1	1	-0.0172
46	6	0.8206	1	0	-0.7577
46	6	3.725	1	1	-0.3759
46	6	3.638	0	1	0.3132
46	6	0.2001	1	1	-0.3578
46	6	0.8942	1	1	-0.5978
46	6	0.2388	1	0	-1.547
46	6	0.5795	0	1	-1.056
46	6	0.07424	0	1	0.104
46	6	0.1188	0	1	-0.3946
46	6	0.7607	1	1	0.08538
46	6	4.128	1	1	1.159
47	6	0.05373	1	1	0.02324
47	6	0.9579	0	1	-0.6864
47	6	0.08307	1	1	0.002724
47	6	0.2744	0	0	-0.3154
47	6	0.05185	1	1	-0.4171
47	6	0.2352	1	1	-1.091
47	6	0.01062	1	1	-0.4138
47	6	0.1309	0	1	-1.042
47	6	0.2897	1	1	-0.5814
47	6	0.9626	0	1	0.5296
47	6	0.3907	0	1	-0.3716
47	6	0.5672	1	1	-0.4547
47	6	3.437	1	1	-0.4235
47	6	0.1388	1	1	-0.3763
47	6	0.3972	1	1	0.2085
47	6	0.3389	1	1	-0.6217
47	6	3.548	1	1	-1.111
47	6	3.418	0	0	-0.05187
47	6	0.979	0	1	-0.8057
47	6	0.1146	0	0	-0.2156
47	6	0.2008	1	1	0.6311
47	6	0.8331	0	0	-1.972
47	6	3.636	0	0	0.2088
47	6	0.9817	0	0	-2.265
47	6	1.115	0	0	-1.8
47	6	3.582	1	1	-0.6445
47	6	3.714	0	0	0.4803
47	6	0.01751	1	1	-0.647
47	6	0.4439	1	0	-1.41
47	6	0.6683	1	0	1.524
47	6	0.7688	1	1	0.9049
47	6	0.07134	0	1	0.8448
47	6	0.0971	1	0	-0.95
47	6	3.269	1	1	-0.3059
47	6	0.6674	1	1	-0.07038
47	6	3.232	1	1	1.489
47	6	3.53	1	1	-1.208
47	6	3.547	0	0	0.0877
47	6	0.06736	1	1	-0.9372
47	6	0.2147	1	0	0.1817
47	6	0.9204	0	0	-0.2901
47	6	0.03613	1	0	-0.5806
47	6	0.1626	0	1	1.354
47	6	0.5162	0	0	0.0005271
47	6	1.062	1	0	-1.056
47	6	0.1965	1	1	0.5046
47	6	0.332	0	0	0.8303
47	6	0.4814	1	1	-0.6114
47	6	0.8968	1	1	0.2847
47	6	0.3453	0	1	-0.3119
48	6	0.02161	1	1	2.587
48	6	0.4013	1	1	1.202
48	6	0.2537	1	1	0.7043
48	6	0.7126	0	0	1.426
48	6	1.004	0	0	0.1596
48	6	0.4068	1	1	-0.2384
48	6	0.3953	1	1	-0.8232
48	6	0.1524	0	0	0.197
48	6	3.96	0	1	-0.008949
48	6	0.1052	1	1	0.04952
48	6	0.811	0	1	0.8267
48	6	0.9624	1	1	-0.5614
48	6	0.06924	1	1	0.5832
48	6	0.07691	0	0	0.08197
48	6	3.452	1	1	-0.7326
48	6	3.741	0	0	1.24
48	6	0.2471	0	1	-0.6999
48	6	0.004627	0	0	-0.6743
48	6	1.049	0	0	-0.1575
48	6	0.5607	1	0	-0.4973
48	6	0.943	0	0	0.04755
48	6	3.562	1	1	-1.498
48	6	0.06853	1	0	-0.9007
48	6	0.3707	0	1	0.2098
48	6	0.3768	0	0	-1.403
48	6	0.009952	1	0	0.1488
48	6	0.2825	0	1	-0.4226
48	6	0.2222	1	0	-0.3275
48	6	0.7121	1	0	0.02214
48	6	3.891	0	0	-1.014
48	6	0.01736	1	0	-0.1685
48	6	0.9905	1	0	0.1231
48	6	0.2592	0	0	0.1935
48	6	0.4706	0	1	-0.7204
48	6	3.607	0	0	-0.2005
48	6	0.09393	1	1	0.4165
48	6	0.7755	1	1	-0.6839
48	6	0.4109	1	1	-0.4692
48	6	0.4009	1	1	-0.8587
48	6	0.04126	1	1	-0.03716
48	6	0.1355	0	1	-0.2849
48	6	3.85	1	1	-0.2199
48	6	3.745	0	0	0.1574
48	6	0.2876	0	0	-1.089
48	6	0.2033	1	0	0.7553
48	6	0.2334	0	1	-0.05721
48	6	0.438	0	1	-0.629
48	6	1.254	0	1	0.3565
48	6	3.629	1	1	-0.9727
48	6	3.284	0	0	0.344
49	6	0.09638	0	1	1.465
49	6	3.668	1	1	-0.01836
49	6	0.4757	1	1	-0.009015
49	6	0.3227	0	1	0.04993
49	6	0.08577	0	1	0.2103
49	6	0.491	0	0	0.2281
49	6	0.01522	0	0	0.5457
49	6	3.726	0	0	1.054
49	6	0.118	0	1	-0.2921
49	6	0.02858	0	1	-0.318
49	6	0.7737	0	1	0.4588
49	6	1.108	0	1	1.182
49	6	0.1524	0	0	0.09752
49	6	0.3736	1	1	0.4829
49	6	0.3055	0	1	2.199
49	6	0.4459	1	1	1.951
49	6	1.169	1	1	1.277
49	6	3.608	0	0	0.303
49	6	0.5072	1	0	-0.4779
49	6	0.8726	0	0	1.297
49	6	0.06784	0	1	-2.582
49	6	0.5505	1	1	0.2594
49	6	0.5306	1	1	-1.397
49	6	0.1642	1	1	1.344
49	6	0.02603	1	1	0.5962
49	6	0.8198	0	0	-1.052
49	6	3.765	1	1	0.0454
49	6	0.7729	0	0	-0.1619
49	6	3.536	1	1	-2.091
49	6	0.1437	0	1	-0.3219
49	6	0.9365	0	1	1.157
49	6	0.2829	1	0	-0.02147
49	6	0.2344	0	0	0.9486
49	6	0.2404	0	1	-1.094
49	6	1.128	0	0	0.1187
49	6	0.0476	0	0	-0.05808
49	6	0.5067	0	1	-1.269
49	6	0.2559	1	0	-0.4029
49	6	0.07607	1	0	0.5414
49	6	3.465	0	0	-0.3988
49	6	0.3016	0	0	0.9156
49	6	3.604	0	0	0.6897
49	6	3.573	1	1	0.03173
49	6	0.01283	1	1	-1.089
49	6	3.416	1	1	-0.6003
49	6	1.057	1	1	-0.0453
49	6	0.03202	1	0	0.3399
49	6	0.04094	0	0	-0.005264
49	6	3.564	0	0	-0.4193
49	6	0.8963	1	0	1.152
