0	2	0.8936	0	1	0.8925
0	2	5.776	0	0	-0.5874
0	2	2.426	0	1	-0.7327
0	2	5.323	1	1	-0.4812
0	2	0.1159	0	1	1.917
0	2	5.553	0	0	0.6586
0	2	0.2	1	1	-0.1628
0	2	0.4859	1	1	1.209
0	2	0.8414	0	0	0.2259
0	2	0.3104	0	1	0.1375
0	2	0.9512	0	1	0.4563
0	2	0.4917	1	1	-0.7523
0	2	1.961	0	1	-0.8384
0	2	0.9412	0	1	0.04717
0	2	0.1283	0	0	-0.9003
0	2	2.043	0	1	1.116
0	2	1.463	1	1	0.1093
0	2	0.7688	1	1	-2.144
0	2	0.8597	1	1	-1.203
0	2	0.9369	1	1	0.8697
0	2	0.3663	1	0	0.2088
0	2	0.6733	0	0	1.936
0	2	1.822	1	1	0.333
0	2	1.818	0	0	-1.663
0	2	0.203	0	1	-1.114
0	2	5.414	1	1	0.8579
0	2	0.3105	1	1	-2.055
0	2	0.4159	0	1	-0.2032
0	2	1.93	1	1	-0.6377
0	2	5.319	1	1	0.3668
0	2	0.3026	1	1	-1.145
0	2	5.326	1	1	0.56
0	2	0.7727	0	0	0.8114
0	2	0.1525	0	0	-0.5368
0	2	0.288	1	1	0.6005
0	2	1.815	0	0	0.812
0	2	1.657	0	1	-0.2132
0	2	0.6414	0	1	-1.024
0	2	5.33	0	0	-0.3797
0	2	0.09098	1	0	0.05044
0	2	1.904	1	1	-0.02076
0	2	0.2994	0	1	0.4851
0	2	0.8859	1	1	-1.498
0	2	0.1959	1	0	-1.898
0	2	0.09067	0	1	-3.696
0	2	5.461	1	1	-2.198
0	2	0.2269	1	1	-0.7543
0	2	0.04766	1	0	-1.795
0	2	5.299	0	0	-0.09484
0	2	5.324	0	0	-1.96
1	2	0.4877	0	0	0.8418
1	2	1.811	0	1	1.564
1	2	1.28	0	0	2.032
1	2	1.06	1	1	-0.7822
1	2	5.402	1	1	0.3494
1	2	0.5365	1	0	-1.503
1	2	5.485	1	1	-1.374
1	2	0.1962	1	1	1.787
1	2	5.34	1	1	-0.5461
1	2	1.823	1	1	-3.244
1	2	1.058	0	0	0.6044
1	2	1.95	1	1	-2.162
1	2	0.777	0	0	-0.4347
1	2	0.7606	1	0	0.08022
1	2	0.2385	0	1	-1.566
1	2	1.501	1	1	-0.3389
1	2	0.4578	0	1	-0.7971
1	2	5.299	0	0	-0.08515
1	2	1.854	1	1	-0.9373
1	2	0.3298	1	0	0.7526
1	2	0.9103	0	0	0.4444
1	2	0.9263	0	1	-1.267
1	2	5.456	0	0	0.7551
1	2	0.2953	1	1	1.102
1	2	0.2682	1	1	0.08688
1	2	1.887	0	1	0.7451
1	2	0.6408	1	1	-0.9893
1	2	1.381	1	0	0.9318
1	2	1.681	1	1	1.752
1	2	0.1741	0	1	-0.6385
1	2	0.4805	0	0	0.4424
1	2	5.507	1	1	0.3764
1	2	0.1044	0	1	-0.1516
1	2	0.7342	1	1	-0.5815
1	2	0.5982	1	1	-0.7855
1	2	0.7447	0	0	1.321
1	2	1.573	0	0	-0.005156
1	2	0.3512	0	1	0.7006
1	2	1.92	1	1	0.7437
1	2	0.2205	0	0	0.3949
1	2	0.1683	0	1	0.4107
1	2	0.6375	0	0	0.7941
1	2	5.408	0	0	-0.7658
1	2	5.594	0	0	-1.352
1	2	5.024	1	1	-0.631
1	2	0.3495	0	1	-0.1955
1	2	0.5404	0	1	-0.3816
1	2	5.6	0	0	0.3039
1	2	0.9009	1	0	2.049
1	2	0.1126	1	1	0.5085
2	2	0.8644	0	0	1.179
2	2	0.4626	0	0	0.9157
2	2	1.947	0	0	-0.1924
2	2	0.9554	1	1	0.1456
2	2	0.3508	0	1	1.488
2	2	0.4047	1	1	0.5625
2	2	5.297	0	0	-2.201
2	2	1.81	1	1	0.5083
2	2	0.9304	1	1	0.223
2	2	0.739	0	0	-0.186
2	2	0.3036	0	0	0.4734
2	2	1.068	1	1	0.1549
2	2	5.402	1	1	1.361
2	2	0.04559	1	1	-0.4122
2	2	0.4056	0	1	0.7144
2	2	1.882	1	0	0.2927
2	2	5.336	1	1	0.5621
2	2	1.121	0	1	0.7221
2	2	0.3304	1	1	0.2824
2	2	0.4418	0	0	1.819
2	2	1.778	0	0	1.055
2	2	0.2733	1	0	-1.091
2	2	0.1813	0	1	-1.452
2	2	0.4296	0	1	-0.6167
2	2	0.2862	1	1	-0.6997
2	2	0.9506	0	1	-0.4972
2	2	0.8199	1	0	0.2884
2	2	5.424	1	1	1.761
2	2	1.643	1	0	1.404
2	2	5.297	0	0	-1.56
2	2	0.2961	1	1	2.626
2	2	5.178	1	1	0.0893
2	2	2.012	1	1	-0.8937
2	2	0.8818	0	1	-0.9369
2	2	0.9149	0	1	-0.7599
2	2	1.574	0	0	0.3856
2	2	0.4165	0	1	1.041
2	2	5.365	0	0	-0.02854
2	2	0.2257	0	1	-0.4464
2	2	0.3244	0	0	0.9418
2	2	1.541	1	1	-0.5915
2	2	5.705	1	1	-0.8793
2	2	0.6083	0	1	-0.5175
2	2	1.554	1	1	1.264
2	2	0.2805	0	1	-2.271
2	2	1.956	1	1	-1.081
2	2	0.4264	1	1	-0.6257
2	2	5.428	1	1	-2.063
2	2	5.631	1	1	-0.2066
2	2	0.4993	1	1	-1.352
3	2	1.789	0	0	1.27
3	2	0.04679	0	1	1.03
3	2	1.033	0	0	0.4434
3	2	5.284	1	1	-0.8526
3	2	0.02901	1	1	0.9222
3	2	5.402	1	1	-0.837
3	2	5.675	1	1	0.6866
3	2	5.007	1	1	-0.8356
3	2	2.066	1	1	-0.7969
3	2	0.8927	0	0	-0.6376
3	2	0.4006	0	1	-0.4218
3	2	1.793	0	0	-1.398
3	2	5.345	1	1	-0.3846
3	2	0.4324	0	1	0.487
3	2	5.177	0	0	-0.8716
3	2	0.4644	1	1	0.508
3	2	1.255	0	1	-0.1593
3	2	0.4432	0	0	0.694
3	2	1.716	1	1	0.3026
3	2	1.887	0	1	-0.02051
3	2	1.647	1	0	-0.188
3	2	0.6584	0	0	-0.8552
3	2	0.1053	0	0	-0.4907
3	2	0.2868	1	0	-1.134
3	2	0.04764	1	1	0.3651
3	2	5.361	0	0	0.5806
3	2	1.055	0	1	-2.202
3	2	1.16	0	1	2.088
3	2	5.569	0	0	-0.9655
3	2	0.5234	0	0	0.0865
3	2	0.2324	1	0	1.171
3	2	0.203	1	1	0.5049
3	2	1.89	1	1	0.6855
3	2	0.1452	1	1	0.3627
3	2	0.8301	0	0	0.5666
3	2	0.3485	1	1	1.027
3	2	1.734	1	1	1.09
3	2	5.057	1	1	-3.904
3	2	1.894	1	1	0.8092
3	2	0.6877	0	1	1.223
3	2	0.1553	1	0	-0.08279
3	2	0.7592	1	1	0.2511
3	2	5.795	1	1	-0.1545
3	2	0.0549	1	0	0.4882
3	2	0.6588	0	0	0.1863
3	2	1.858	1	0	0.1228
3	2	0.008557	1	0	0.2164
3	2	0.64	0	1	-0.4502
3	2	0.8789	1	0	0.7598
3	2	0.344	0	1	-0.8282
4	2	5.556	1	1	1.288
4	2	1.856	0	0	-0.5051
4	2	0.8761	0	0	1.071
4	2	0.6098	0	0	0.4663
4	2	2.005	1	0	1.288
4	2	1.743	0	0	-0.1004
4	2	0.07169	0	1	1.154
4	2	0.4714	0	1	-0.4741
4	2	1.593	0	0	0.137
4	2	0.3232	1	0	0.4551
4	2	0.5865	1	0	0.904
4	2	0.2469	1	0	-0.7437
4	2	2.164	0	1	1.15
4	2	0.9565	1	1	-1.691
4	2	5.331	0	0	0.2313
4	2	1.282	1	0	-0.229
4	2	5.556	1	1	-0.1491
4	2	0.221	1	0	-0.4942
4	2	0.5354	0	1	0.3189
4	2	0.7765	0	0	-0.3011
4	2	1.538	0	0	0.2498
4	2	1.805	0	0	0.4966
4	2	1.836	1	0	0.9589
4	2	0.31	1	0	1.408
4	2	1.711	1	1	-0.7784
4	2	0.9014	1	1	0.232
4	2	0.8353	0	0	-0.2364
4	2	0.76	1	0	2.069
4	2	0.7172	1	0	0.3248
4	2	1.878	1	1	-0.4971
4	2	5.53	0	0	-1.255
4	2	0.5781	0	0	0.684
4	2	5.413	1	1	-0.00462
4	2	0.8157	0	0	0.8805
4	2	0.4541	1	1	0.08414
4	2	5.347	0	0	1.817
4	2	0.3244	0	0	0.8903
4	2	5.567	1	1	-0.7164
4	2	4.786	0	0	0.02081
4	2	0.1357	0	1	-0.5992
4	2	0.538	1	0	-0.4087
4	2	0.6786	0	1	1.177
4	2	0.442	0	1	0.2018
4	2	0.6785	0	0	-0.6344
4	2	1.115	1	1	0.4865
4	2	5.07	1	1	0.4101
4	2	0.5901	1	0	-0.5059
4	2	0.3238	1	1	1.327
4	2	5.661	0	0	0.04276
4	2	0.1991	1	0	0.6508
5	2	5.536	0	0	-0.7406
5	2	1.325	1	1	1.75
5	2	0.7089	0	1	1.138
5	2	0.9696	1	1	0.9347
5	2	0.5557	0	0	1.514
5	2	0.4681	0	0	0.8511
5	2	2.14	0	0	-0.3184
5	2	0.1023	1	1	-1.12
5	2	0.7884	1	1	0.08581
5	2	0.02644	1	1	-1.009
5	2	0.4745	1	0	0.02356
5	2	5.454	1	1	0.8056
5	2	0.6786	1	1	-1.324
5	2	0.9328	0	0	1.128
5	2	0.4977	0	0	0.5307
5	2	1.781	0	0	-0.2604
5	2	5.381	1	1	-0.7179
5	2	0.731	0	0	0.2038
5	2	0.4576	1	0	0.5473
5	2	5.111	0	0	0.2445
5	2	5.378	0	0	-0.7948
5	2	0.06624	1	0	-0.0353
5	2	0.2078	0	0	-0.8419
5	2	0.5132	0	0	0.7289
5	2	1.807	1	0	-0.2092
5	2	0.05291	0	0	-0.484
5	2	0.8116	0	0	0.1847
5	2	1.687	1	1	-0.1083
5	2	1.713	0	0	-0.5085
5	2	5.174	0	0	0.2875
5	2	2.07	1	1	2.235
5	2	1.904	0	0	1.751
5	2	1.226	1	1	-0.9971
5	2	1.513	0	0	-2.576
5	2	0.2618	1	1	2.298
5	2	0.3369	1	0	0.1177
5	2	0.3416	0	1	-0.1999
5	2	1.866	1	1	-0.826
5	2	5.289	1	1	-1.394
5	2	5.529	0	0	0.3205
5	2	0.7847	0	1	1.506
5	2	5.399	1	1	1.146
5	2	0.8735	1	1	-0.5018
5	2	1.087	1	0	1.721
5	2	0.007072	1	0	-0.06504
5	2	0.2623	1	0	2.093
5	2	0.1649	1	1	0.9881
5	2	5.748	0	0	-1.295
5	2	0.7551	0	0	0.2116
5	2	1.699	1	1	1.244
6	2	2.039	1	1	1.018
6	2	1.197	0	0	-1.389
6	2	0.8253	0	1	1.323
6	2	5.513	0	0	0.3209
6	2	0.3494	0	1	0.7415
6	2	0.5551	0	0	1.252
6	2	0.4001	0	0	1.017
6	2	0.3349	0	1	-0.08774
6	2	1.76	0	0	-0.9811
6	2	1.744	1	1	-0.9259
6	2	5.287	0	0	0.3203
6	2	0.1152	0	0	-0.7445
6	2	5.526	1	1	-0.5245
6	2	0.4374	1	1	0.9809
6	2	1.745	1	1	-0.9498
6	2	1.914	1	1	-0.468
6	2	5.283	1	1	1.026
6	2	1.889	1	1	1.802
6	2	5.341	0	0	-1.644
6	2	2.042	1	0	1.64
6	2	0.09039	1	1	0.02433
6	2	0.5613	1	1	0.8668
6	2	1.036	1	1	-0.1504
6	2	0.06788	0	0	1.683
6	2	5.282	1	1	-1.166
6	2	0.03285	1	0	1.347
6	2	0.06484	1	0	0.7731
6	2	0.8968	1	0	1.55
6	2	5.719	0	0	-0.5483
6	2	0.6222	0	0	1.564
6	2	0.8842	1	1	-0.1501
6	2	0.6924	0	0	0.6738
6	2	0.1388	0	1	1.439
6	2	0.4361	0	0	-0.005107
6	2	5.217	0	0	-1.335
6	2	0.007154	0	0	0.7967
6	2	5.309	1	1	-0.1423
6	2	0.622	1	0	0.1179
6	2	0.3474	0	0	-0.5003
6	2	1.195	1	1	1.565
6	2	1.175	0	0	1.043
6	2	1.828	1	1	1.73
6	2	0.2761	1	1	1.317
6	2	0.5968	1	1	1.064
6	2	1.699	1	0	0.3558
6	2	1.503	1	1	0.1804
6	2	0.2267	0	0	1.486
6	2	0.05104	0	0	0.641
6	2	5.343	0	0	0.06838
6	2	0.5073	0	0	0.1897
7	2	5.453	1	0	1.917
7	2	1.853	0	0	-0.1748
7	2	1.314	1	1	0.7224
7	2	0.7884	1	1	-1.767
7	2	2.136	1	1	0.6655
7	2	0.4157	1	1	1.869
7	2	0.1294	1	0	2.29
7	2	0.7252	0	1	0.08547
7	2	5.353	1	1	-0.05126
7	2	0.1036	0	1	-0.5406
7	2	0.07754	0	1	0.2168
7	2	5.548	0	0	-0.9621
7	2	1.838	0	0	-0.7689
7	2	0.07307	1	0	2.108
7	2	5.589	0	0	0.3047
7	2	1.72	1	0	-0.6252
7	2	0.7375	0	0	2.277
7	2	1.503	1	0	0.3955
7	2	1.301	1	0	1.097
7	2	5.594	1	1	-2.569
7	2	0.7702	1	0	0.552
7	2	0.4308	0	1	-0.4153
7	2	0.09969	0	1	-2.112
7	2	0.06083	0	0	1.067
7	2	5.257	0	0	-1.983
7	2	0.6271	0	1	1.761
7	2	0.9135	0	0	0.9003
7	2	5.648	0	0	0.5299
7	2	0.3687	1	0	1.055
7	2	0.4501	1	1	-0.5022
7	2	0.5765	0	1	2.723
7	2	0.6044	1	0	-0.88
7	2	1.226	0	1	0.2868
7	2	1.695	1	1	-0.7944
7	2	0.3515	1	1	0.9884
7	2	5.458	1	1	-0.9188
7	2	5.203	0	0	-0.7895
7	2	1.893	1	1	0.5558
7	2	2.031	1	1	0.291
7	2	0.203	1	1	-0.9838
7	2	0.101	0	1	2.315
7	2	1.659	0	0	-0.6088
7	2	0.1321	1	1	1.106
7	2	0.5729	0	1	-0.05339
7	2	5.192	1	1	-0.3027
7	2	1.123	0	0	0.04849
7	2	0.4602	0	0	0.2335
7	2	0.6434	1	1	0.3136
7	2	0.448	1	1	0.2278
7	2	0.7639	0	1	0.4891
8	2	1.84	0	0	0.2486
8	2	5.455	0	0	0.2569
8	2	1.685	1	1	1.236
8	2	0.7556	0	1	1.983
8	2	5.175	1	1	-0.9154
8	2	5.64	0	0	1.322
8	2	0.4038	0	0	-1.913
8	2	2.412	1	1	-1.331
8	2	0.5113	1	1	1.236
8	2	0.9108	1	1	0.813
8	2	5.383	0	0	-1.466
8	2	1.979	0	0	-0.9871
8	2	0.5788	1	1	1.216
8	2	1.089	1	0	0.09376
8	2	0.03173	0	0	-0.6072
8	2	0.05199	0	0	-1.066
8	2	5.424	1	1	-0.6032
8	2	1.65	0	0	-2.173
8	2	0.3756	0	0	-0.4861
8	2	1.834	0	0	-1.09
8	2	5.539	1	1	-0.5394
8	2	0.7312	1	1	0.03465
8	2	0.3828	1	1	0.8639
8	2	0.08885	1	0	1.216
8	2	1.736	1	1	0.9382
8	2	5.521	1	1	-1.932
8	2	0.9558	1	1	0.6947
8	2	0.139	1	1	-0.004137
8	2	0.3792	1	0	-1.162
8	2	0.4219	1	0	1.438
8	2	0.9997	0	0	-0.2003
8	2	0.6691	1	1	-0.5479
8	2	1.937	0	0	-1.001
8	2	5.428	0	0	-0.9464
8	2	5.236	1	1	-0.4953
8	2	0.8795	1	1	0.8728
8	2	0.9701	1	0	0.3047
8	2	0.2178	0	1	-0.0345
8	2	0.5925	0	0	0.1687
8	2	0.6682	1	0	1.422
8	2	1.883	0	0	-0.417
8	2	0.2615	0	0	0.2432
8	2	0.5863	1	1	-0.1574
8	2	1.686	0	0	-0.6565
8	2	5.119	1	1	0.7454
8	2	0.546	0	1	-0.2942
8	2	0.6281	0	0	-0.02328
8	2	0.7112	0	1	1.525
8	2	0.978	0	1	0.4145
8	2	0.1942	0	0	-1.383
9	2	0.5706	1	0	2.123
9	2	0.2815	1	0	1.927
9	2	0.3876	0	1	-0.3104
9	2	0.1087	1	0	0.981
9	2	0.3283	1	1	2.705
9	2	0.04338	1	0	2.217
9	2	0.9505	1	1	0.7402
9	2	0.7001	0	1	-0.229
9	2	5.096	0	0	-0.09415
9	2	2.064	0	0	-0.951
9	2	0.6559	0	0	1.054
9	2	1.606	0	0	1.564
9	2	0.6998	0	1	0.6589
9	2	0.3451	1	0	0.3088
9	2	5.832	0	0	-0.4745
9	2	5.091	1	1	-0.6856
9	2	1.742	0	0	-0.2067
9	2	0.2587	1	1	-0.5852
9	2	0.2934	1	0	1.003
9	2	5.443	1	1	-0.5344
9	2	2.136	1	1	-0.9993
9	2	5.633	1	1	-0.106
9	2	0.571	0	0	1.455
9	2	0.8845	1	0	-0.2925
9	2	0.6115	1	0	0.01631
9	2	1.498	1	1	1.265
9	2	0.6978	0	0	-0.5219
9	2	2.03	0	0	-1.05
9	2	1.359	0	0	-0.5498
9	2	5.462	1	1	0.1532
9	2	0.04761	0	1	0.6037
9	2	1.682	0	1	1.845
9	2	0.4539	0	0	1.507
9	2	0.1939	1	0	0.06891
9	2	0.4434	0	0	1.434
9	2	0.2182	1	1	1.866
9	2	1.642	0	0	-0.146
9	2	0.7137	0	1	1.432
9	2	5.407	1	1	0.974
9	2	1.659	1	1	-1.49
9	2	1.297	1	0	0.2003
9	2	1.565	1	1	-1.103
9	2	5.268	1	1	0.27
9	2	0.5786	0	1	-0.8844
9	2	1.039	0	0	1.175
9	2	0.463	1	1	-0.4536
9	2	5.505	0	0	-1.491
9	2	5.246	1	1	0.009151
9	2	0.3803	0	0	0.6486
9	2	0.1572	0	0	2.046
10	3	0.8735	1	0	1.112
10	3	5.786	0	0	0.8385
10	3	1.063	1	1	0.1827
10	3	0.1702	0	1	1.234
10	3	0.196	0	0	-1.156
10	3	5.31	1	1	0.149
10	3	0.1529	1	0	-0.3324
10	3	0.3497	1	1	-0.8764
10	3	0.992	1	1	1.305
10	3	0.6703	1	1	0.363
10	3	0.8262	1	1	0.8418
10	3	1.641	0	0	0.2717
10	3	1.833	1	1	0.1308
10	3	5.426	0	0	-1.403
10	3	0.05471	1	0	-0.9699
10	3	0.2317	0	1	-0.6772
10	3	0.5583	0	0	-0.9349
10	3	0.1129	0	0	-0.6944
10	3	0.05774	1	0	1.215
10	3	5.545	1	1	-0.4341
10	3	1.744	0	0	0.5345
10	3	0.3232	1	0	-0.8495
10	3	4.874	0	0	-0.649
10	3	1.486	1	1	1.613
10	3	5.613	1	1	0.2601
10	3	0.774	0	1	0.3637
10	3	0.3987	0	0	-0.8271
10	3	0.688	0	1	-1.192
10	3	0.4782	1	1	-0.89
10	3	0.3558	1	1	0.04427
10	3	0.7789	1	0	-0.2181
10	3	0.387	1	1	-0.2033
10	3	0.909	1	0	-2.652
10	3	0.6357	1	0	-2.06
10	3	0.8621	0	0	1.175
10	3	1.268	0	1	-0.1524
10	3	5.613	0	0	-0.6401
10	3	5.33	1	1	-1.67
10	3	0.5279	0	0	-0.4033
10	3	1.706	0	0	0.7101
10	3	1.753	0	0	-0.005217
10	3	1.68	1	1	0.0142
10	3	1.818	0	0	-1.947
10	3	5.555	0	0	0.09279
10	3	1.639	1	0	-1.648
10	3	0.07463	0	1	0.2348
10	3	5.232	0	0	-0.4945
10	3	0.1891	0	0	0.1148
10	3	0.8207	1	1	0.6845
10	3	1.676	0	1	1.771
11	3	5.349	0	0	-0.2932
11	3	0.8189	0	0	0.7815
11	3	0.2977	1	1	1.031
11	3	0.7709	1	1	1.36
11	3	0.7869	0	0	0.4142
11	3	5.159	1	1	0.08655
11	3	5.426	0	0	0.0376
11	3	1.885	0	1	0.9169
11	3	0.6501	1	1	0.3787
11	3	0.3226	1	0	0.4605
11	3	0.9026	1	1	0.7865
11	3	0.8446	1	1	0.0359
11	3	0.7662	0	1	0.2695
11	3	1.063	1	1	0.08426
11	3	5.414	0	0	-0.558
11	3	1.993	0	0	-0.2234
11	3	0.5621	1	0	0.9556
11	3	1.018	0	1	0.6543
11	3	0.4905	0	1	1.279
11	3	2.198	0	0	-0.5413
11	3	5.222	0	0	-0.6259
11	3	0.5591	0	1	-0.6801
11	3	1.924	1	1	-0.6547
11	3	1.245	1	1	-0.7458
11	3	0.1568	0	1	-1.017
11	3	5.288	1	1	-0.8709
11	3	0.08655	0	1	-0.8237
11	3	0.1986	1	0	0.7083
11	3	5.544	1	1	-0.5517
11	3	1.73	1	0	-0.131
11	3	5.538	1	1	-1.308
11	3	1.763	1	1	0.009241
11	3	0.5301	0	0	1.05
11	3	1.12	0	0	-0.6755
11	3	0.1818	1	1	0.1732
11	3	1.796	1	1	-0.3988
11	3	0.1229	1	0	0.1859
11	3	0.21	1	0	-0.5565
11	3	0.2325	1	0	-0.4165
11	3	0.05208	0	0	-0.4517
11	3	1.042	0	1	-0.2198
11	3	0.3333	0	0	-0.9114
11	3	1.885	0	0	2.564
11	3	1.886	0	0	-0.0067
11	3	0.6942	0	0	2.27
11	3	5.057	0	0	0.6717
11	3	1.984	1	1	-0.8108
11	3	0.2423	1	1	1.455
11	3	5.571	0	0	0.206
11	3	0.9404	1	1	2.075
12	3	1.866	1	0	2.536
12	3	0.8366	1	1	1.51
12	3	5.263	1	1	-2.518
12	3	1.111	1	0	1.239
12	3	0.784	1	1	0.5074
12	3	1.694	0	0	2.104
12	3	5.683	1	1	-0.8005
12	3	0.81	1	1	-0.1541
12	3	5.259	1	1	-0.4575
12	3	0.4312	1	1	-0.2471
12	3	0.7025	0	1	-1.136
12	3	0.6721	1	1	0.4038
12	3	0.3722	0	0	-0.4758
12	3	0.1956	0	1	0.3649
12	3	1.026	0	1	-1.148
12	3	0.4032	0	1	-1.455
12	3	0.08077	1	1	-2.503
12	3	0.3389	0	1	0.7783
12	3	0.2776	0	0	0.5793
12	3	0.4429	0	0	0.1788
12	3	0.1944	0	0	1.225
12	3	1.882	0	1	0.2159
12	3	5.426	0	0	-0.9215
12	3	1.825	0	0	-0.3339
12	3	5.505	0	0	-2.206
12	3	0.7957	0	1	0.6361
12	3	0.7599	1	1	-0.5001
12	3	1.731	1	1	-1.322
12	3	0.01145	0	0	0.619
12	3	0.5348	1	1	0.0298
12	3	0.6454	0	1	-0.3211
12	3	5.396	1	1	0.9183
12	3	0.08998	1	1	-1.819
12	3	0.1676	0	0	0.6412
12	3	5.539	0	0	-0.4735
12	3	1.71	1	1	-0.4681
12	3	0.3303	0	1	1.409
12	3	2.088	0	0	0.382
12	3	2.057	1	1	-0.3741
12	3	5.37	1	1	0.3554
12	3	0.6849	1	0	0.1276
12	3	0.1283	1	0	-1.032
12	3	0.2801	0	0	-0.9711
12	3	0.1451	1	1	-2.117
12	3	5.277	1	1	-0.8614
12	3	5.667	1	1	-0.5401
12	3	0.4299	0	1	1.738
12	3	0.493	0	0	1.22
12	3	1.615	0	0	0.6378
12	3	1.477	1	0	1.583
13	3	0.2801	0	0	2.53
13	3	0.2756	0	1	-0.5774
13	3	1.988	0	0	-0.9281
13	3	1.096	1	1	1.282
13	3	0.5675	1	0	0.7353
13	3	2.07	0	1	0.163
13	3	1.757	0	0	0.2778
13	3	1.945	0	0	-0.5861
13	3	0.911	0	0	-0.4461
13	3	1.186	1	1	-0.9946
13	3	0.527	0	1	0.2264
13	3	0.1921	0	1	-0.5302
13	3	0.7031	0	1	-0.9932
13	3	5.151	1	1	-1.594
13	3	1.892	1	1	0.309
13	3	0.4035	0	0	-1.369
13	3	0.7995	0	1	0.01086
13	3	0.4789	0	1	-1.107
13	3	0.4959	0	1	-1.368
13	3	0.1878	0	0	-0.5256
13	3	0.9844	0	1	-1.049
13	3	0.5671	1	0	-1.628
13	3	5.472	0	0	0.1399
13	3	5.619	1	1	0.9026
13	3	0.2528	1	1	-1.136
13	3	5.26	0	0	-0.55
13	3	0.6294	1	0	-0.2995
13	3	0.2533	1	0	-0.1203
13	3	1.727	0	1	0.01393
13	3	1.871	1	1	-0.6284
13	3	5.544	1	1	0.9427
13	3	0.01203	1	0	0.7349
13	3	0.857	1	1	0.2543
13	3	0.5043	1	1	0.8242
13	3	1.715	0	0	1.777
13	3	0.09861	0	1	0.8607
13	3	0.8189	0	0	-2.781
13	3	0.4462	1	1	1.823
13	3	1.651	1	1	0.1303
13	3	0.8353	1	1	0.6354
13	3	1.205	1	1	-1.937
13	3	5.068	0	0	0.5531
13	3	5.678	0	0	-0.2497
13	3	5.559	1	1	0.5555
13	3	0.3023	0	1	-1.2
13	3	1.971	0	0	0.5102
13	3	1.163	1	0	0.9669
13	3	0.06163	1	0	-0.01757
13	3	5.539	1	1	-0.2033
14	3	0.3089	0	1	2.612
14	3	1.003	1	1	-0.4457
14	3	0.5277	0	0	-0.2134
14	3	1.103	0	1	1.407
14	3	0.4349	1	1	0.5795
14	3	1.985	0	1	0.436
14	3	1.913	1	1	-1.292
14	3	1.189	0	0	1.512
14	3	0.8676	0	0	-0.3703
14	3	5.324	1	1	0.6621
14	3	0.7044	1	1	-0.121
14	3	0.2991	1	1	0.5876
14	3	0.1457	0	0	-0.4149
14	3	0.6877	0	1	1.356
14	3	0.05805	0	1	0.3849
14	3	0.4374	0	1	0.3909
14	3	5.273	0	0	0.7088
14	3	0.2195	0	0	0.03142
14	3	0.829	1	0	0.1931
14	3	1.109	1	1	-0.7066
14	3	5.326	1	1	-1.005
14	3	1.718	0	0	-0.3291
14	3	1.791	0	0	0.6377
14	3	0.7219	0	1	2.878
14	3	5.259	1	1	-0.4831
14	3	5.634	1	1	-1.635
14	3	5.253	0	0	0.2156
14	3	5.248	1	1	-0.9907
14	3	0.5821	0	0	1.702
14	3	0.6972	1	0	-0.8512
14	3	5.391	1	1	-0.7416
14	3	1.909	1	1	-1.319
14	3	1.02	1	1	0.01809
14	3	1.582	0	0	0.7994
14	3	0.455	1	1	0.8186
14	3	0.2938	0	0	0.5307
14	3	0.1432	1	0	-1.541
14	3	1.39	1	1	-0.242
14	3	1.022	0	0	-0.5733
14	3	5.798	0	0	-1.009
14	3	1.824	1	1	-1.748
14	3	5.493	1	1	-0.3953
14	3	1.835	1	1	0.4741
14	3	0.2742	1	1	-1.136
14	3	0.6464	0	0	1.069
14	3	1.73	0	0	-0.2114
14	3	0.8061	0	0	-1.406
14	3	0.7827	0	0	-0.04661
14	3	0.2414	1	0	1.415
14	3	0.2626	1	1	0.424
15	3	1.101	1	0	-1.797
15	3	5.481	0	0	-1.194
15	3	2.176	0	0	0.4234
15	3	5.152	0	0	-0.7505
15	3	0.5734	0	0	2.061
15	3	1.896	0	0	-0.05926
15	3	0.3595	1	1	-0.2817
15	3	1.872	0	0	-0.04596
15	3	0.5587	1	1	1.173
15	3	0.6377	0	0	1.178
15	3	5.564	1	1	-0.08931
15	3	5.203	0	0	-1.83
15	3	0.4006	0	0	1.003
15	3	0.00569	1	1	0.07316
15	3	0.08679	0	0	-0.4143
15	3	1.771	1	1	-1.47
15	3	5.549	1	1	0.2922
15	3	0.3376	1	1	-0.4063
15	3	5.695	0	0	-0.9027
15	3	0.6362	0	0	0.6061
15	3	0.5186	0	0	0.1374
15	3	1.702	0	0	-0.3444
15	3	0.7909	1	1	-0.6856
15	3	1.004	1	1	0.6008
15	3	0.2252	1	0	0.4677
15	3	0.6146	0	0	-0.1735
15	3	0.4046	0	0	-0.4466
15	3	1.142	1	1	1.092
15	3	0.9282	1	1	0.7235
15	3	0.005655	1	1	1.286
15	3	1.588	1	1	0.2406
15	3	0.6971	0	1	1.371
15	3	5.211	1	1	0.6624
15	3	0.5244	1	1	0.09806
15	3	0.5389	0	0	0.05747
15	3	1.657	1	1	-1.424
15	3	1.839	1	0	-0.7597
15	3	5.169	1	1	-0.2507
15	3	0.9278	1	0	0.5335
15	3	0.8124	1	0	-0.2324
15	3	5.593	0	0	-1.285
15	3	0.1916	1	0	-0.2629
15	3	0.6033	1	0	-1.925
15	3	1.802	1	1	2.764
15	3	0.6717	0	1	0.5894
15	3	5.18	1	1	-0.04599
15	3	0.4683	0	0	-0.1855
15	3	2.157	0	0	-0.01598
15	3	0.3577	0	0	-0.9392
15	3	0.5688	0	0	-0.6606
16	3	0.517	0	0	1.355
16	3	0.3147	1	0	0.9247
16	3	1.11	1	0	-0.09907
16	3	0.5015	1	0	-1.597
16	3	0.3583	0	0	0.7117
16	3	5.329	1	1	0.1359
16	3	1.417	0	1	-0.6117
16	3	0.04846	1	1	0.7452
16	3	0.4881	1	1	1.855
16	3	2.024	0	1	1.35
16	3	5.559	0	0	0.7675
16	3	0.1515	1	1	-0.9602
16	3	1.613	0	0	-0.5901
16	3	0.1513	0	0	1.275
16	3	0.426	1	1	1.409
16	3	5.424	0	0	-1.665
16	3	0.3567	1	1	0.9777
16	3	2.172	0	1	1.713
16	3	0.6396	0	1	-0.4281
16	3	1.709	1	1	-0.3494
16	3	0.8455	1	1	-0.6052
16	3	0.3599	1	1	0.3834
16	3	0.479	1	1	-0.7734
16	3	1.191	1	1	-2.432
16	3	0.8846	1	1	-0.6348
16	3	5.656	1	1	-0.901
16	3	1.777	1	1	0.168
16	3	0.144	0	1	0.4784
16	3	1.268	1	1	0.9851
16	3	5.412	0	0	-0.03287
16	3	0.329	0	0	1.506
16	3	0.1723	0	0	-0.2253
16	3	1.059	1	0	0.9157
16	3	0.8437	0	1	1.15
16	3	1.77	0	0	0.1956
16	3	1.645	0	0	0.5654
16	3	0.8601	1	1	-1.153
16	3	0.04593	1	0	2.019
16	3	0.5805	0	0	0.7419
16	3	0.7458	0	0	2.958
16	3	0.1649	1	0	0.08786
16	3	5.224	1	1	-3.238
16	3	2.138	0	0	-0.879
16	3	1.007	0	0	-1.818
16	3	5.674	1	1	-1.569
16	3	5.571	1	1	0.1301
16	3	1.702	0	0	0.4311
16	3	5.169	0	0	-0.4879
16	3	5.368	0	0	-1.168
16	3	1.7	0	0	0.8456
17	3	1.859	1	1	-0.6446
17	3	5.727	0	0	-2.681
17	3	1.92	1	0	0.8324
17	3	0.6739	0	0	0.6252
17	3	1.987	0	0	-0.4982
17	3	5.178	0	0	-0.3155
17	3	0.7882	1	1	0.4078
17	3	0.4858	0	1	1.271
17	3	0.6459	0	1	-0.5909
17	3	1.74	1	1	-0.2708
17	3	0.9226	1	0	0.4699
17	3	0.3987	0	0	-2.416
17	3	1.807	1	1	-1.454
17	3	1.972	1	1	1.738
17	3	0.2711	0	0	-0.7452
17	3	5.247	0	0	-1.308
17	3	0.1866	1	0	0.8644
17	3	5.715	1	1	0.5571
17	3	0.09019	0	0	1.456
17	3	5.452	0	0	1.965
17	3	0.8032	0	0	0.5885
17	3	5.533	0	0	0.06754
17	3	0.5477	1	0	0.6724
17	3	1.351	1	0	0.4855
17	3	0.3746	0	1	1.032
17	3	0.4885	1	1	1.194
17	3	1.902	0	0	2.124
17	3	5.336	1	1	-0.6053
17	3	0.7815	0	0	0.5835
17	3	0.236	1	1	1.428
17	3	0.04971	0	1	0.2984
17	3	0.1625	0	1	-0.6217
17	3	1.831	0	0	-0.006984
17	3	2.305	0	1	0.08738
17	3	0.9706	1	1	-0.5449
17	3	0.6727	1	0	0.1837
17	3	0.09966	0	1	-0.9039
17	3	0.4146	1	0	0.02776
17	3	0.5011	1	1	-0.2886
17	3	0.3219	0	1	0.1623
17	3	5.552	0	0	-0.6065
17	3	1.015	1	1	0.8217
17	3	0.1943	0	0	0.9582
17	3	0.7706	0	0	1.685
17	3	5.167	1	1	0.06403
17	3	4.897	1	1	-1.511
17	3	0.05601	0	0	0.5155
17	3	0.3842	0	1	0.3704
17	3	0.8775	1	0	0.4261
17	3	0.8734	1	1	1.143
18	3	5.365	1	0	-0.24
18	3	0.3695	1	1	0.8863
18	3	1.445	0	0	-0.1529
18	3	1.611	0	0	0.09357
18	3	0.04211	1	1	-1.178
18	3	0.9693	1	1	0.09515
18	3	1.692	0	0	-1.157
18	3	0.95	1	0	1.141
18	3	2.03	1	1	-1.036
18	3	0.3757	1	1	0.9002
18	3	1.564	0	1	0.6617
18	3	0.4972	0	1	-1.208
18	3	5.297	0	0	-1.966
18	3	0.305	1	1	0.3907
18	3	5.123	1	1	-0.3584
18	3	0.1136	1	0	-0.5384
18	3	0.06235	1	0	0.2449
18	3	5.435	0	0	0.005571
18	3	1.765	1	1	-1.061
18	3	1.803	1	0	0.3217
18	3	1.906	1	1	-0.1805
18	3	1.573	0	1	1.528
18	3	0.1911	0	0	0.5225
18	3	5.623	1	1	-0.3646
18	3	5.352	1	1	0.562
18	3	0.05652	0	0	0.4634
18	3	0.3365	1	1	0.07886
18	3	1.012	0	1	-1.359
18	3	0.3885	1	0	0.02269
18	3	0.2707	0	0	-0.03789
18	3	0.2812	0	0	0.1788
18	3	0.1938	1	0	-0.6234
18	3	0.6288	0	1	0.231
18	3	5.463	0	0	-1.235
18	3	0.8746	0	0	-0.4545
18	3	0.7602	1	0	1.271
18	3	0.9091	1	1	-0.1021
18	3	5.202	0	0	-0.5212
18	3	0.176	0	0	-0.789
18	3	5.271	0	0	-0.6476
18	3	1.903	1	1	-1.991
18	3	0.6757	1	1	1.842
18	3	0.978	1	0	1.592
18	3	0.2979	0	0	-0.1948
18	3	0.3199	0	0	0.7819
18	3	1.603	0	0	0.07057
18	3	0.9075	0	0	0.3256
18	3	0.01875	1	0	2.678
18	3	5.38	0	0	-1.538
18	3	0.762	1	1	-0.6647
19	3	5.403	1	0	0.446
19	3	1.979	1	1	1.257
19	3	0.2965	1	0	1.56
19	3	1.727	0	1	0.3218
19	3	1.682	0	0	-0.4973
19	3	0.2734	0	0	-2.821
19	3	5.205	1	1	0.01573
19	3	0.2105	0	1	-0.03936
19	3	0.5651	0	1	-0.2442
19	3	0.739	0	0	0.7097
19	3	0.07993	1	1	-0.4886
19	3	0.5862	0	0	1.085
19	3	1.721	0	0	0.7247
19	3	0.7008	1	1	-1.178
19	3	0.6066	0	1	-0.01284
19	3	5.085	1	1	-0.2463
19	3	5.352	0	0	-0.8283
19	3	0.6515	1	1	-0.03419
19	3	0.6068	0	0	0.8064
19	3	0.7141	1	1	-1.371
19	3	5.504	0	0	-1.225
19	3	2.152	1	1	-0.8762
19	3	0.5634	1	0	0.3554
19	3	0.2961	1	0	0.2582
19	3	5.36	1	1	-0.477
19	3	0.3146	1	1	-0.4381
19	3	1.586	0	0	1.964
19	3	1.933	0	0	0.3467
19	3	0.4212	1	1	-0.2439
19	3	0.3614	0	1	0.4394
19	3	1.06	1	1	-0.7848
19	3	0.2596	1	1	0.1862
19	3	5.297	1	1	-0.8527
19	3	0.06707	0	0	0.4808
19	3	0.7796	0	0	-0.1659
19	3	4.884	1	0	0.2218
19	3	5.444	0	0	0.6663
19	3	0.7244	0	0	-0.4475
19	3	1.789	1	0	2.46
19	3	1.033	1	1	-0.7289
19	3	1.813	0	0	0.1226
19	3	0.9083	0	0	0.2288
19	3	0.2336	1	1	-0.6645
19	3	0.6913	0	1	-0.5773
19	3	0.2958	0	0	-0.4737
19	3	5.598	0	0	-1.392
19	3	0.0381	1	1	0.4106
19	3	1.221	1	1	0.3822
19	3	0.2831	1	0	1.149
19	3	1.708	0	0	-0.6058
20	4	0.8866	0	0	0.1487
20	4	5.771	0	0	-1.935
20	4	2.424	0	1	0.2455
20	4	5.321	1	1	-0.6666
20	4	0.1189	0	0	0.0624
20	4	5.549	0	0	-0.9188
20	4	0.2047	1	1	-0.9805
20	4	0.4853	1	1	0.8668
20	4	0.8376	0	0	0.5135
20	4	0.3078	0	0	-0.8246
20	4	0.9499	0	0	-1.155
20	4	0.4959	1	0	0.5627
20	4	1.96	0	0	-0.2311
20	4	0.9416	0	0	-0.5154
20	4	0.1272	0	1	-0.8947
20	4	2.041	0	0	0.8876
20	4	1.465	1	0	-0.0224
20	4	0.7693	1	1	-1.016
20	4	0.8577	1	0	0.09287
20	4	0.9348	1	1	0.2134
20	4	0.3659	1	0	0.9303
20	4	0.677	0	1	-1.039
20	4	1.831	1	1	-0.6582
20	4	1.818	0	0	1.841
20	4	0.203	0	1	-0.9854
20	4	5.414	1	1	-0.9864
20	4	0.3115	1	0	-0.02441
20	4	0.4173	0	0	-0.1541
20	4	1.931	1	1	-1.122
20	4	5.312	1	1	1.122
20	4	0.302	1	1	-1.054
20	4	5.325	1	1	-1.428
20	4	0.7711	0	0	0.37
20	4	0.1596	0	1	2.758
20	4	0.2856	1	0	0.4809
20	4	1.813	0	0	0.7368
20	4	1.654	0	1	-0.3101
20	4	0.6407	0	0	-0.02727
20	4	5.329	0	0	-1.335
20	4	0.08916	1	0	0.1411
20	4	1.9	1	0	-0.1944
20	4	0.3011	0	1	0.9789
20	4	0.8905	1	1	1.017
20	4	0.1974	1	1	-0.7198
20	4	0.09488	0	0	0.0006391
20	4	5.461	1	1	-4.779
20	4	0.2267	1	1	1.267
20	4	0.04706	1	1	0.7802
20	4	5.295	0	0	0.2421
20	4	5.323	0	0	-0.9982
21	4	0.485	0	1	0.6864
21	4	1.811	0	0	2.299
21	4	1.276	0	0	-1.837
21	4	1.056	1	0	0.7376
21	4	5.4	1	1	0.8357
21	4	0.5371	1	0	0.3941
21	4	5.481	1	1	0.0532
21	4	0.192	1	1	0.1231
21	4	5.344	1	1	-0.8176
21	4	1.823	1	0	-0.1674
21	4	1.064	0	0	1.312
21	4	1.947	1	1	-1.374
21	4	0.7764	0	0	0.07706
21	4	0.7581	1	0	1.281
21	4	1.504	1	1	-0.4018
21	4	0.4601	0	0	-0.5066
21	4	5.296	0	0	-0.7576
21	4	1.856	1	1	-0.9977
21	4	0.3336	1	1	-0.2502
21	4	0.9083	0	1	0.3107
21	4	0.9255	0	1	-0.08216
21	4	5.453	0	0	-1.068
21	4	0.2999	1	1	0.6845
21	4	0.27	1	1	-0.4204
21	4	1.887	0	1	-0.7662
21	4	0.6438	1	1	-0.5151
21	4	1.38	1	1	-0.2773
21	4	1.677	1	0	0.2384
21	4	0.1752	0	0	-0.9295
21	4	0.3032	0	1	0.486
21	4	5.42	1	1	-0.3387
21	4	0.1852	1	1	-0.5533
21	4	0.3139	1	0	-0.7881
21	4	0.962	1	1	-0.8085
21	4	1.032	0	1	-0.4171
21	4	1.848	0	0	-0.9625
21	4	0.3262	0	0	2.128
21	4	1.699	1	0	-0.1277
21	4	0.1081	0	0	0.5553
21	4	0.1926	0	1	-1.278
21	4	0.6415	0	0	-0.1819
21	4	5.406	0	0	-0.2177
21	4	5.589	0	0	1.026
21	4	5.019	1	1	0.4169
21	4	0.3509	0	0	0.02674
21	4	0.5356	0	0	0.5508
21	4	5.597	0	0	-0.1556
21	4	0.8983	1	1	0.06834
21	4	0.1131	1	1	-0.7636
22	4	0.8651	0	0	3.066
22	4	0.4619	0	1	2.151
22	4	1.948	0	0	0.8333
22	4	0.9552	1	1	-0.7667
22	4	0.3471	0	1	1.922
22	4	0.405	1	1	-0.3781
22	4	5.295	0	0	-0.05561
22	4	1.806	1	1	1.756
22	4	0.9298	1	1	0.6372
22	4	0.7425	0	1	-0.05555
22	4	0.3053	0	1	0.07885
22	4	1.068	1	1	-0.6516
22	4	5.402	1	1	-0.8935
22	4	0.04861	1	1	0.6644
22	4	0.4065	0	0	0.02596
22	4	1.879	1	1	0.4305
22	4	5.337	1	1	-0.1208
22	4	1.121	0	1	0.7627
22	4	0.3334	1	1	-0.672
22	4	0.443	0	0	-1.523
22	4	1.774	0	1	0.406
22	4	0.2682	1	0	-0.4795
22	4	0.183	0	0	-1.771
22	4	0.4301	0	0	0.5529
22	4	0.2845	1	0	-0.698
22	4	0.9514	0	0	0.0927
22	4	0.819	1	0	-0.4963
22	4	5.423	1	1	0.07018
22	4	1.642	1	1	0.2888
22	4	5.295	0	0	0.2792
22	4	0.2971	1	1	2.304
22	4	5.172	1	1	-0.5754
22	4	2.012	1	1	0.9612
22	4	0.8837	0	0	0.7481
22	4	0.9127	0	1	1.163
22	4	1.571	0	1	0.007165
22	4	0.416	0	0	0.8508
22	4	5.365	0	0	-0.9122
22	4	0.226	0	1	-0.08517
22	4	0.3268	0	1	-2.065
22	4	1.54	1	1	-0.5343
22	4	5.705	1	1	0.5162
22	4	0.6031	0	1	0.2137
22	4	1.552	1	1	-1.723
22	4	0.2778	0	1	-0.6051
22	4	1.95	1	1	0.8294
22	4	0.4257	1	1	-0.6344
22	4	5.422	1	1	-0.6177
22	4	5.629	1	1	0.5561
22	4	0.4952	1	1	-1.022
23	4	1.788	0	0	-2.288
23	4	0.04582	0	0	1.104
23	4	1.034	0	1	-1.193
23	4	5.281	1	1	-0.7656
23	4	0.03398	1	0	1.734
23	4	5.4	1	1	-0.5918
23	4	5.676	1	1	0.1029
23	4	5.006	1	1	0.1305
23	4	2.062	1	1	1.441
23	4	0.8935	0	0	0.9636
23	4	0.3986	0	0	0.3682
23	4	1.792	0	1	0.5584
23	4	5.348	1	1	-1.022
23	4	0.4354	0	0	1.397
23	4	5.178	0	0	-0.3435
23	4	0.4664	1	1	0.4269
23	4	1.253	0	0	0.3331
23	4	0.4401	0	0	-0.6519
23	4	1.712	1	1	0.8741
23	4	1.888	0	0	0.728
23	4	1.64	1	1	-1.241
23	4	0.6572	0	0	-0.04897
23	4	0.104	0	1	0.4438
23	4	0.2811	1	1	-0.07119
23	4	0.04429	1	1	0.6573
23	4	5.359	0	0	-0.6823
23	4	1.057	0	1	1.32
23	4	1.158	0	0	0.02173
23	4	5.57	0	0	-0.6526
23	4	0.5213	0	0	-0.5392
23	4	0.2318	1	0	0.6495
23	4	0.2085	1	0	0.5277
23	4	1.886	1	0	-0.3477
23	4	0.1458	1	1	1.571
23	4	0.8315	0	1	-1.551
23	4	0.3503	1	0	0.715
23	4	1.737	1	1	0.07571
23	4	5.049	1	1	-0.05317
23	4	1.889	1	0	-1.081
23	4	0.6878	0	0	-1.547
23	4	0.1517	1	0	0.4725
23	4	0.7592	1	0	-0.1268
23	4	5.791	1	1	-2.06
23	4	0.05226	1	0	1.177
23	4	0.6615	0	0	-0.4621
23	4	1.855	1	0	-1.67
23	4	0.006454	1	0	1.213
23	4	0.6397	0	0	-0.43
23	4	0.8764	1	1	-0.02101
23	4	0.3468	0	1	0.8282
24	4	5.553	1	1	1.262
24	4	1.853	0	0	1.487
24	4	0.8736	0	0	0.5483
24	4	0.6109	0	1	1.468
24	4	2.002	1	0	1.531
24	4	1.74	0	0	0.5172
24	4	0.07148	0	1	0.252
24	4	0.4724	0	0	-2.146
24	4	1.592	0	0	0.8882
24	4	0.3175	1	1	0.6193
24	4	0.5823	1	1	1.598
24	4	0.2502	1	1	-0.3382
24	4	2.165	0	0	0.5284
24	4	0.9593	1	1	2.108
24	4	5.326	0	0	0.5928
24	4	1.283	1	0	0.2716
24	4	5.557	1	1	-0.4943
24	4	0.2222	1	1	0.9269
24	4	0.5345	0	1	-0.2658
24	4	0.7761	0	0	0.2247
24	4	1.54	0	0	-0.076
24	4	1.806	0	0	0.4945
24	4	1.835	1	1	-0.7111
24	4	0.3107	1	0	1.985
24	4	1.707	1	1	0.3565
24	4	0.9028	1	1	-0.01386
24	4	0.8353	0	1	1.016
24	4	0.7605	1	1	0.5344
24	4	0.7196	1	0	-0.2437
24	4	1.88	1	0	0.2908
24	4	5.527	0	0	-0.5327
24	4	0.5766	0	0	0.9518
24	4	5.409	1	1	0.1544
24	4	0.8158	0	1	-0.1921
24	4	0.4569	1	0	-1.566
24	4	5.347	0	0	-0.2796
24	4	0.3231	0	1	1.296
24	4	5.569	1	1	-0.07533
24	4	4.784	0	0	-1.176
24	4	0.1355	0	0	1.286
24	4	0.5364	1	0	0.5062
24	4	0.6734	0	0	0.1177
24	4	0.4404	0	1	0.4308
24	4	0.6821	0	1	-0.5585
24	4	1.117	1	0	-0.1894
24	4	5.069	1	1	0.05695
24	4	0.5884	1	0	0.02069
24	4	0.3218	1	1	0.5908
24	4	5.661	0	0	-0.7448
24	4	0.2012	1	0	-0.66
25	4	5.536	0	0	0.05613
25	4	1.332	1	1	1.015
25	4	0.7065	0	1	-0.316
25	4	0.969	1	0	0.2633
25	4	0.5564	0	0	1.401
25	4	0.4644	0	0	1.144
25	4	2.14	0	0	-1.469
25	4	0.1029	1	0	0.7973
25	4	0.7876	1	0	-0.528
25	4	0.02253	1	1	0.4412
25	4	0.4771	1	1	0.9779
25	4	5.454	1	1	-0.1232
25	4	0.6798	1	0	1.172
25	4	0.9301	0	0	0.7348
25	4	0.498	0	0	0.5329
25	4	1.781	0	1	0.777
25	4	5.379	1	1	0.1186
25	4	0.7333	0	1	0.9222
25	4	0.4583	1	0	1.067
25	4	5.107	0	0	-0.5075
25	4	5.38	0	0	0.7643
25	4	0.06844	1	0	0.5425
25	4	0.2101	0	0	-1.371
25	4	0.5151	0	0	0.4808
25	4	1.808	1	1	0.02836
25	4	0.05245	0	0	0.6316
25	4	0.8099	0	1	2.079
25	4	1.691	1	1	0.472
25	4	1.711	0	0	-0.6795
25	4	5.171	0	0	-0.1781
25	4	2.068	1	0	-0.6309
25	4	1.907	0	0	-0.08907
25	4	1.228	1	1	-0.1581
25	4	1.507	0	0	0.5585
25	4	0.2603	1	1	0.06468
25	4	0.3359	1	1	-0.8355
25	4	0.3454	0	0	0.6672
25	4	1.868	1	1	-0.4314
25	4	5.286	1	1	-0.4972
25	4	5.528	0	0	-0.2185
25	4	0.7841	0	0	1.176
25	4	5.398	1	1	0.5727
25	4	0.8736	1	1	-0.3737
25	4	1.085	1	1	0.1408
25	4	0.01003	1	0	0.693
25	4	0.2568	1	1	0.3084
25	4	0.1574	1	0	0.9651
25	4	5.748	0	0	-0.6825
25	4	0.7524	0	0	-1.742
25	4	1.701	1	1	0.2792
26	4	2.04	1	0	0.5681
26	4	1.199	0	1	-1.425
26	4	0.822	0	1	1.37
26	4	5.511	0	0	0.5813
26	4	0.3492	0	0	-0.6349
26	4	0.5592	0	0	0.6016
26	4	0.4007	0	0	0.5021
26	4	0.3291	0	0	-0.1069
26	4	1.756	0	0	0.2964
26	4	1.742	1	0	-0.4758
26	4	5.281	0	0	-0.4357
26	4	0.1137	0	0	-1.344
26	4	5.528	1	1	-1.205
26	4	0.4378	1	1	0.8643
26	4	1.745	1	1	-0.4413
26	4	1.91	1	1	-0.6562
26	4	5.282	1	1	-0.2533
26	4	1.886	1	0	1.211
26	4	5.336	0	0	-0.8891
26	4	2.042	1	1	-0.4325
26	4	0.09055	1	1	0.07848
26	4	0.5619	1	0	0.8483
26	4	1.039	1	1	0.5448
26	4	0.076	0	0	-0.3032
26	4	5.286	1	1	-0.8179
26	4	0.03218	1	1	-0.7666
26	4	0.06387	1	0	0.1527
26	4	0.9002	1	1	0.3231
26	4	5.715	0	0	-2.165
26	4	0.6215	0	0	1.075
26	4	0.8829	1	0	1.55
26	4	0.6971	0	1	0.6215
26	4	0.1374	0	1	-0.4951
26	4	0.4368	0	0	0.3452
26	4	5.215	0	0	-0.7937
26	4	0.003434	0	1	1.241
26	4	5.305	1	1	-1.151
26	4	0.6228	1	1	1.306
26	4	0.3455	0	0	-0.02332
26	4	1.198	1	0	0.5069
26	4	1.174	0	1	-0.169
26	4	1.835	1	1	-0.7176
26	4	0.2751	1	0	0.9614
26	4	0.5982	1	1	-0.2857
26	4	1.703	1	1	0.3407
26	4	1.505	1	1	-2.36
26	4	0.2261	0	0	0.01463
26	4	0.05056	0	0	-0.9413
26	4	5.34	0	0	1.131
26	4	0.5089	0	1	-0.3451
27	4	5.455	1	1	-0.2926
27	4	1.856	0	0	0.9732
27	4	1.314	1	1	0.8098
27	4	0.787	1	1	1.187
27	4	2.134	1	1	2.71
27	4	0.4161	1	1	0.6819
27	4	0.1328	1	0	1.49
27	4	0.7277	0	1	0.3163
27	4	5.353	1	1	-1.432
27	4	0.1071	0	1	1.394
27	4	0.07861	0	1	0.549
27	4	5.547	0	0	-0.4332
27	4	1.836	0	0	1.141
27	4	0.06849	1	0	-0.2158
27	4	5.589	0	0	0.06949
27	4	1.721	1	1	-0.8477
27	4	0.7383	0	0	1.536
27	4	1.498	1	1	0.3352
27	4	1.294	1	1	-0.3703
27	4	5.588	1	1	-0.3029
27	4	0.7713	1	0	1.02
27	4	0.4303	0	0	0.02507
27	4	0.09923	0	0	0.266
27	4	0.0589	0	0	0.4268
27	4	5.255	0	0	-0.00536
27	4	0.6307	0	1	1.823
27	4	0.9142	0	0	0.5637
27	4	5.645	0	0	0.35
27	4	0.369	1	0	0.8926
27	4	0.4543	1	1	0.3347
27	4	0.5802	0	0	1.462
27	4	0.6042	1	1	1.735
27	4	1.229	0	1	1.345
27	4	1.697	1	0	0.3425
27	4	0.3487	1	1	1.317
27	4	5.456	1	1	-2.195
27	4	5.201	0	0	-0.7284
27	4	1.892	1	1	0.02124
27	4	2.025	1	1	0.1485
27	4	0.1986	1	1	-1.442
27	4	0.09584	0	0	3.157
27	4	1.658	0	1	-1.271
27	4	0.1349	1	0	1.337
27	4	0.573	0	0	-1.498
27	4	5.19	1	1	-0.23
27	4	1.122	0	0	2.02
27	4	0.4671	0	0	0.5318
27	4	0.6424	1	1	-2.228
27	4	0.4441	1	0	1.727
27	4	0.7626	0	1	-0.02145
28	4	1.834	0	0	1.313
28	4	5.453	0	0	1.822
28	4	1.686	1	1	1.196
28	4	0.7537	0	1	1.181
28	4	5.174	1	1	-0.4916
28	4	5.64	0	0	-1.803
28	4	0.4078	0	1	0.5105
28	4	2.407	1	1	-0.05692
28	4	0.513	1	0	1.178
28	4	0.9085	1	1	-0.07756
28	4	5.377	0	0	0.3179
28	4	1.975	0	0	-0.2734
28	4	0.5823	1	0	2.198
28	4	1.088	1	1	-0.3753
28	4	0.03035	0	1	0.9168
28	4	0.0513	0	0	-0.3034
28	4	5.426	1	1	-0.5505
28	4	1.648	0	0	0.4417
28	4	0.381	0	0	-0.8339
28	4	1.835	0	0	0.0248
28	4	5.536	1	1	-0.6719
28	4	0.7257	1	1	0.7076
28	4	0.3832	1	1	1.181
28	4	0.09061	1	0	0.9714
28	4	1.731	1	1	0.1135
28	4	5.524	1	1	-1.149
28	4	0.952	1	0	1.196
28	4	0.1374	1	1	0.6081
28	4	0.3828	1	1	0.6207
28	4	0.4236	1	0	1.84
28	4	0.9996	0	1	0.4833
28	4	0.6638	1	1	-0.3148
28	4	1.941	0	0	-2.409
28	4	5.425	0	0	-0.1375
28	4	5.23	1	1	-1.258
28	4	0.8752	1	0	1.191
28	4	0.9695	1	0	0.1015
28	4	0.2181	0	1	-0.2352
28	4	0.5951	0	0	-0.8817
28	4	0.667	1	0	2.357
28	4	1.884	0	0	1.022
28	4	0.2612	0	0	1.331
28	4	0.5848	1	0	1.98
28	4	1.686	0	0	-1.425
28	4	5.115	1	1	0.8607
28	4	0.5396	0	0	1.191
28	4	0.6272	0	0	-0.1493
28	4	0.7095	0	0	0.4648
28	4	0.9825	0	1	-1.403
28	4	0.1974	0	0	0.04039
29	4	0.5723	1	0	1.258
29	4	0.287	1	0	-0.4036
29	4	0.3869	0	1	0.1388
29	4	0.1126	1	0	1.265
29	4	0.3212	1	0	-0.3731
29	4	0.04341	1	0	0.1391
29	4	0.9517	1	0	0.323
29	4	0.7002	0	1	0.7686
29	4	5.097	0	0	-1.046
29	4	2.066	0	0	0.805
29	4	0.6554	0	1	1.144
29	4	1.604	0	0	0.5735
29	4	0.6971	0	0	0.2582
29	4	0.3461	1	0	1.246
29	4	5.831	0	0	-0.7708
29	4	5.09	1	1	-0.8405
29	4	1.747	0	0	-0.2722
29	4	0.2577	1	0	0.6626
29	4	0.2941	1	0	-0.9721
29	4	5.443	1	1	-0.723
29	4	2.14	1	1	0.157
29	4	5.631	1	1	0.5769
29	4	0.5798	0	1	1.055
29	4	0.8835	1	1	-0.243
29	4	0.6161	1	0	-0.2209
29	4	1.494	1	1	-0.3397
29	4	0.697	0	1	0.5385
29	4	2.029	0	0	-1.485
29	4	1.364	0	0	0.2152
29	4	5.463	1	1	0.9682
29	4	0.04567	0	1	0.5913
29	4	1.683	0	0	-1.367
29	4	0.4537	0	0	-0.06756
29	4	0.1941	1	0	1.284
29	4	0.4467	0	0	0.9208
29	4	0.218	1	0	-0.08415
29	4	1.643	0	0	1.042
29	4	0.7137	0	0	0.4456
29	4	5.4	1	1	1.435
29	4	1.658	1	1	-0.4428
29	4	1.301	1	0	1.926
29	4	1.563	1	1	-0.03869
29	4	5.268	1	1	-2.376
29	4	0.5746	0	1	1.674
29	4	1.042	0	0	1.08
29	4	0.4623	1	0	1.497
29	4	5.503	0	0	-0.7663
29	4	5.247	1	1	-0.9222
29	4	0.3837	0	0	0.6805
29	4	0.1556	0	1	0.3557
30	5	0.8862	0	0	0.2876
30	5	5.771	0	0	0.5634
30	5	2.423	0	0	-0.7823
30	5	5.322	1	1	-0.4267
30	5	0.1197	0	0	-0.8644
30	5	5.549	0	0	0.5963
30	5	0.2024	1	0	-1.528
30	5	0.4843	1	0	0.8167
30	5	0.8398	0	0	0.038
30	5	0.3096	0	0	0.02688
30	5	0.9491	0	0	0.7152
30	5	0.4925	1	0	-2.11
30	5	1.959	0	0	0.7716
30	5	0.9407	0	1	1.706
30	5	0.1301	0	1	0.3333
30	5	2.04	0	1	0.5877
30	5	1.463	1	1	-0.8152
30	5	0.7708	1	0	0.05404
30	5	0.8576	1	0	0.3439
30	5	0.9351	1	1	-1.536
30	5	0.3665	1	1	-0.5641
30	5	0.677	0	1	0.03957
30	5	1.831	1	1	0.3138
30	5	1.819	0	1	-0.09748
30	5	0.2033	0	1	-0.5482
30	5	5.416	1	1	1.937
30	5	0.3107	1	0	-0.577
30	5	0.4171	0	1	-0.5899
30	5	1.932	1	1	0.88
30	5	5.312	1	1	-0.2656
30	5	0.302	1	1	-0.1433
30	5	5.326	1	1	1.93
30	5	0.772	0	0	-0.1381
30	5	0.1568	0	1	0.6861
30	5	0.284	1	0	0.5376
30	5	1.814	0	1	-0.7279
30	5	1.655	0	1	-0.7791
30	5	0.6424	0	1	-1.378
30	5	5.328	0	0	0.5635
30	5	0.08883	1	0	-0.223
30	5	1.901	1	1	-0.9421
30	5	0.3009	0	0	-0.7319
30	5	0.8879	1	1	-2.89
30	5	0.1964	1	0	0.8291
30	5	0.09354	0	1	-0.5228
30	5	5.46	1	1	-2.077
30	5	0.2275	1	1	1.197
30	5	0.04577	1	1	-0.5076
30	5	5.295	0	0	-1.058
30	5	5.322	0	0	-0.3634
31	5	0.486	0	0	0.8268
31	5	1.81	0	1	2.597
31	5	1.278	0	0	-0.1848
31	5	1.058	1	1	-0.5981
31	5	5.399	1	1	-0.5388
31	5	0.5371	1	1	0.743
31	5	5.482	1	1	-0.2565
31	5	0.194	1	0	-0.8138
31	5	5.345	1	1	2.619
31	5	1.827	1	1	-0.916
31	5	1.063	0	0	-0.7727
31	5	1.947	1	1	-0.1369
31	5	0.7771	0	1	-0.2177
31	5	0.7607	1	1	-0.4888
31	5	0.2378	0	0	-0.028
31	5	1.504	1	1	-1.363
31	5	0.459	0	0	0.8075
31	5	5.297	0	0	-0.03074
31	5	1.855	1	1	0.4418
31	5	0.3328	1	1	0.08673
31	5	0.9078	0	0	-0.2763
31	5	0.9249	0	0	1.108
31	5	5.455	0	0	0.01146
31	5	0.297	1	1	2.782
31	5	0.2683	1	0	-0.3499
31	5	1.888	0	0	0.8197
31	5	0.6448	1	0	0.08318
31	5	1.38	1	1	1.118
31	5	1.678	1	1	-0.06164
31	5	0.1751	0	0	-0.2631
31	5	0.3055	0	0	-0.644
31	5	5.419	1	1	0.1363
31	5	0.1856	1	1	-0.8821
31	5	0.3157	1	0	-1.687
31	5	0.9622	1	1	-1.323
31	5	1.031	0	0	-0.3797
31	5	1.846	0	0	0.08727
31	5	0.3266	0	0	-0.5488
31	5	1.696	1	0	0.8799
31	5	0.1059	0	1	0.1597
31	5	0.1967	0	1	-0.03706
31	5	0.6419	0	0	1.456
31	5	5.405	0	0	-1.329
31	5	5.593	0	0	0.5695
31	5	5.022	1	1	-0.2129
31	5	0.3469	0	0	0.755
31	5	0.5366	0	1	0.3932
31	5	5.598	0	0	0.2604
31	5	0.8986	1	1	-1.307
31	5	0.1138	1	1	-0.06112
32	5	0.866	0	0	0.7972
32	5	0.4616	0	0	1.831
32	5	1.947	0	0	1.602
32	5	0.9552	1	1	1.648
32	5	0.3488	0	1	0.7148
32	5	0.4051	1	1	-1.574
32	5	5.296	0	0	-0.01145
32	5	1.809	1	1	0.5253
32	5	0.9297	1	1	1.063
32	5	0.7389	0	0	-0.6083
32	5	0.304	0	0	-0.2855
32	5	1.067	1	1	-0.3317
32	5	5.402	1	1	0.1033
32	5	0.04644	1	1	-0.317
32	5	0.4065	0	1	-0.2924
32	5	1.879	1	1	0.2044
32	5	5.337	1	1	0.0686
32	5	1.123	0	0	1.154
32	5	0.3339	1	1	0.3519
32	5	0.4427	0	1	-1.074
32	5	1.776	0	0	-0.2464
32	5	0.2699	1	1	0.1376
32	5	0.184	0	1	0.3296
32	5	0.4288	0	1	0.815
32	5	0.2853	1	1	-0.9882
32	5	0.9506	0	0	0.4553
32	5	0.8212	1	1	-0.905
32	5	5.423	1	1	-0.7211
32	5	1.642	1	1	0.9406
32	5	5.295	0	0	-1.26
32	5	0.2956	1	1	-0.805
32	5	5.177	1	1	1.069
32	5	2.014	1	1	1.241
32	5	0.8823	0	0	-0.02858
32	5	0.9147	0	0	-0.295
32	5	1.57	0	0	0.3772
32	5	0.4174	0	0	-0.319
32	5	5.364	0	0	-0.9756
32	5	0.2264	0	0	1.588
32	5	0.3266	0	0	0.9422
32	5	1.54	1	1	-0.05953
32	5	5.706	1	1	-0.1326
32	5	0.6033	0	1	0.1675
32	5	1.553	1	1	-0.4511
32	5	0.2788	0	1	0.4054
32	5	1.952	1	1	1.008
32	5	0.4256	1	0	0.1091
32	5	5.423	1	1	-0.1986
32	5	5.632	1	1	-0.908
32	5	0.4955	1	1	-0.2095
33	5	1.79	0	0	1.712
33	5	0.04469	0	1	0.8685
33	5	1.033	0	1	-1.125
33	5	5.28	1	1	0.1714
33	5	0.0346	1	0	1.159
33	5	5.4	1	1	-0.5242
33	5	5.675	1	1	-0.4974
33	5	5.008	1	1	-1.378
33	5	2.062	1	1	-2.385
33	5	0.8935	0	0	-0.2197
33	5	0.4011	0	1	2.506
33	5	1.793	0	0	-0.4904
33	5	5.345	1	1	-0.3676
33	5	0.4357	0	0	-0.2314
33	5	5.176	0	0	-0.7205
33	5	0.4642	1	1	0.6059
33	5	1.251	0	0	0.6887
33	5	0.4417	0	1	-1.147
33	5	1.713	1	1	-0.3958
33	5	1.889	0	0	-1.792
33	5	1.641	1	1	-1.237
33	5	0.6573	0	0	0.9881
33	5	0.1028	0	1	-0.5431
33	5	0.2821	1	0	0.5961
33	5	0.04548	1	1	-0.171
33	5	5.359	0	0	0.2657
33	5	1.057	0	0	-0.08414
33	5	1.158	0	1	0.2949
33	5	5.568	0	0	-0.6568
33	5	0.5229	0	0	-0.3055
33	5	0.2285	1	1	-0.6164
33	5	0.2057	1	0	-0.3723
33	5	1.888	1	1	2.787
33	5	0.1474	1	0	-0.2662
33	5	0.8312	0	1	-0.2385
33	5	0.3514	1	0	0.08418
33	5	1.736	1	0	-0.136
33	5	5.049	1	1	-1.013
33	5	1.891	1	0	0.2274
33	5	0.6886	0	0	0.6002
33	5	0.1535	1	0	0.08495
33	5	0.7594	1	1	-0.2649
33	5	5.792	1	1	0.783
33	5	0.05325	1	0	-0.1328
33	5	0.6633	0	0	0.03348
33	5	1.856	1	1	-2.171
33	5	0.007368	1	0	-0.8989
33	5	0.6392	0	0	0.02118
33	5	0.879	1	1	1.234
33	5	0.3464	0	0	-0.1568
34	5	5.555	1	1	0.8036
34	5	1.852	0	0	1.683
34	5	0.8746	0	0	1.202
34	5	0.6092	0	0	-1.107
34	5	2.003	1	1	0.2699
34	5	1.74	0	0	-0.1505
34	5	0.07134	0	1	0.4924
34	5	0.4706	0	1	-1.246
34	5	1.592	0	0	-0.2842
34	5	0.3187	1	1	-0.7635
34	5	0.5845	1	0	-1.083
34	5	0.2478	1	1	0.1494
34	5	2.163	0	0	0.06166
34	5	0.9573	1	1	-0.0871
34	5	5.327	0	0	-0.9572
34	5	1.282	1	1	0.5361
34	5	5.556	1	1	1.301
34	5	0.2212	1	1	-1.604
34	5	0.5311	0	1	-0.9902
34	5	0.7751	0	0	-1.629
34	5	1.541	0	0	-1.596
34	5	1.807	0	1	0.1219
34	5	1.837	1	1	-1.126
34	5	0.3115	1	0	-1.138
34	5	1.707	1	1	-1.005
34	5	0.9019	1	1	-0.4775
34	5	0.8356	0	1	-0.833
34	5	0.7615	1	1	-1.117
34	5	0.72	1	1	0.9803
34	5	1.88	1	1	-0.3063
34	5	5.529	0	0	0.5898
34	5	0.5783	0	1	0.1929
34	5	5.411	1	1	-1.162
34	5	0.8173	0	0	0.2076
34	5	0.4569	1	1	-0.7328
34	5	5.347	0	0	-0.3472
34	5	0.3238	0	1	-0.4082
34	5	5.569	1	1	0.02336
34	5	4.784	0	0	-0.01443
34	5	0.1374	0	1	-1.64
34	5	0.5357	1	0	-0.3826
34	5	0.6739	0	1	-0.4802
34	5	0.441	0	1	0.4496
34	5	0.6818	0	0	-0.279
34	5	1.117	1	1	-1.174
34	5	5.069	1	1	0.06117
34	5	0.5884	1	0	1.903
34	5	0.3234	1	1	0.2702
34	5	5.66	0	0	-0.1848
34	5	0.2007	1	1	0.03292
35	5	5.537	0	0	-0.3589
35	5	1.33	1	1	-0.2077
35	5	0.7067	0	1	0.2176
35	5	0.9678	1	1	-1.179
35	5	0.5562	0	1	-0.8667
35	5	0.4641	0	1	-1.03
35	5	2.14	0	1	0.79
35	5	0.1022	1	1	-1.79
35	5	0.7884	1	0	-0.09052
35	5	0.02725	1	0	-0.7124
35	5	0.4775	1	0	-1.905
35	5	5.455	1	1	-0.8006
35	5	0.6792	1	1	0.9203
35	5	0.9308	0	0	-0.5975
35	5	0.4973	0	0	-0.4849
35	5	1.78	0	0	-0.4038
35	5	5.377	1	1	-0.806
35	5	0.7342	0	0	-0.4937
35	5	0.4573	1	0	0.604
35	5	5.108	0	0	0.6546
35	5	5.379	0	0	-0.8447
35	5	0.06941	1	0	0.9207
35	5	0.2118	0	0	0.2453
35	5	0.5184	0	0	0.7197
35	5	1.808	1	1	-0.2348
35	5	0.05315	0	0	0.9348
35	5	0.8108	0	0	0.0516
35	5	1.688	1	1	0.96
35	5	1.709	0	0	-0.4249
35	5	5.172	0	0	-0.2665
35	5	2.068	1	1	1.534
35	5	1.908	0	0	2.168
35	5	1.229	1	1	-1.515
35	5	1.509	0	1	0.7883
35	5	0.2615	1	1	-1.789
35	5	0.337	1	1	1.201
35	5	0.343	0	1	0.4853
35	5	1.867	1	1	-0.9203
35	5	5.286	1	1	-0.3545
35	5	5.529	0	0	1.021
35	5	0.7871	0	0	-0.01716
35	5	5.397	1	1	-0.5944
35	5	0.8737	1	0	1.166
35	5	1.088	1	1	-1.909
35	5	0.008302	1	0	0.5702
35	5	0.2601	1	1	0.9881
35	5	0.159	1	0	-0.974
35	5	5.747	0	0	-1.069
35	5	0.7536	0	0	-1.319
35	5	1.702	1	1	-1.065
36	5	2.041	1	0	2.115
36	5	1.198	0	0	-0.4434
36	5	0.8231	0	1	0.2438
36	5	5.512	0	0	-0.8469
36	5	0.3489	0	0	-0.002836
36	5	0.5565	0	0	-1.032
36	5	0.402	0	1	1.315
36	5	0.3296	0	1	-1.487
36	5	1.756	0	0	0.06159
36	5	1.742	1	1	0.3354
36	5	5.282	0	0	0.9281
36	5	0.1149	0	0	-0.9484
36	5	5.526	1	1	-0.2593
36	5	0.4378	1	0	-1.136
36	5	1.744	1	1	-0.4024
36	5	1.911	1	0	2.035
36	5	5.283	1	1	-1.809
36	5	1.887	1	0	-0.4691
36	5	5.338	0	0	-0.1254
36	5	2.044	1	1	-0.2718
36	5	0.09178	1	0	0.2824
36	5	0.5615	1	1	-1.109
36	5	1.038	1	1	-1.333
36	5	0.0731	0	0	-0.6395
36	5	5.286	1	1	-0.8192
36	5	0.03077	1	0	2.653
36	5	0.06504	1	1	0.6463
36	5	0.8983	1	1	-0.6618
36	5	5.716	0	0	-0.07065
36	5	0.6199	0	1	0.9204
36	5	0.8841	1	1	-1.417
36	5	0.6961	0	0	-1.773
36	5	0.1401	0	1	0.1918
36	5	0.4373	0	1	-0.07708
36	5	5.217	0	0	-0.4005
36	5	0.001808	0	1	0.1051
36	5	5.306	1	1	-0.9043
36	5	0.6208	1	0	0.2253
36	5	0.3466	0	1	-0.5791
36	5	1.195	1	1	0.277
36	5	1.175	0	1	-1.276
36	5	1.83	1	1	0.3608
36	5	0.2775	1	0	0.6731
36	5	0.5967	1	1	-0.005913
36	5	1.701	1	1	-0.7613
36	5	1.505	1	1	-2.031
36	5	0.2263	0	1	-0.5353
36	5	0.05211	0	0	-0.7753
36	5	5.341	0	0	-0.6385
36	5	0.5072	0	0	0.7031
37	5	5.456	1	0	0.7921
37	5	1.857	0	1	0.5505
37	5	1.313	1	1	-0.2149
37	5	0.7868	1	0	2.055
37	5	2.135	1	1	-1.954
37	5	0.4171	1	0	0.7891
37	5	0.1322	1	1	-2.556
37	5	0.7285	0	0	2.261
37	5	5.353	1	1	-0.5452
37	5	0.1036	0	0	-0.3355
37	5	0.07813	0	0	0.4793
37	5	5.547	0	0	-0.4856
37	5	1.835	0	0	0.2517
37	5	0.06922	1	0	0.02246
37	5	5.588	0	0	-1.221
37	5	1.721	1	1	0.2173
37	5	0.7376	0	1	1.15
37	5	1.499	1	1	0.7966
37	5	1.297	1	1	0.2582
37	5	5.587	1	1	0.1211
37	5	0.7725	1	1	-1.485
37	5	0.4296	0	1	-0.2891
37	5	0.1006	0	0	-1.63
37	5	0.05838	0	1	0.001841
37	5	5.255	0	0	0.6578
37	5	0.628	0	1	1.667
37	5	0.9135	0	1	-1.104
37	5	5.644	0	0	-0.4138
37	5	0.368	1	0	0.5917
37	5	0.4537	1	1	0.4672
37	5	0.5783	0	0	0.9757
37	5	0.6052	1	0	0.2146
37	5	1.226	0	0	-2.185
37	5	1.697	1	1	-0.3364
37	5	0.3485	1	0	-0.1468
37	5	5.457	1	1	-1.051
37	5	5.202	0	0	-1.229
37	5	1.891	1	0	-0.2582
37	5	2.028	1	0	0.3062
37	5	0.1997	1	0	-0.6255
37	5	0.09676	0	1	-0.4512
37	5	1.659	0	1	-0.3155
37	5	0.1336	1	1	1.242
37	5	0.5736	0	1	-0.05986
37	5	5.189	1	1	0.2346
37	5	1.121	0	0	0.3318
37	5	0.4666	0	0	0.1594
37	5	0.6409	1	0	1.485
37	5	0.4456	1	1	-0.2524
37	5	0.7641	0	1	-0.3055
38	5	1.838	0	0	0.6912
38	5	5.453	0	0	-0.04558
38	5	1.687	1	1	2.385
38	5	0.752	0	0	-0.2112
38	5	5.174	1	1	-1.26
38	5	5.64	0	0	-0.469
38	5	0.4065	0	0	-0.6483
38	5	2.407	1	1	0.3834
38	5	0.5119	1	1	1.963
38	5	0.9081	1	0	0.06106
38	5	5.378	0	0	-1.001
38	5	1.975	0	0	0.3292
38	5	0.5813	1	1	0.7443
38	5	1.088	1	1	0.8367
38	5	0.02982	0	1	0.2991
38	5	0.05212	0	0	-1.197
38	5	5.425	1	1	-0.9959
38	5	1.647	0	0	0.5475
38	5	0.381	0	0	0.1927
38	5	1.836	0	1	-0.03328
38	5	5.538	1	1	0.2161
38	5	0.7263	1	1	-0.1298
38	5	0.3832	1	1	-0.165
38	5	0.09188	1	1	-0.08393
38	5	1.734	1	1	0.3443
38	5	5.523	1	1	0.6635
38	5	0.9563	1	1	-0.454
38	5	0.1374	1	0	0.18
38	5	0.3823	1	0	-0.3703
38	5	0.4221	1	0	-1.048
38	5	0.9988	0	0	-0.3282
38	5	0.6665	1	1	-0.2142
38	5	1.939	0	0	0.5126
38	5	5.425	0	0	-1.04
38	5	5.233	1	1	-1.422
38	5	0.879	1	0	-0.7461
38	5	0.9699	1	1	-0.9186
38	5	0.2187	0	1	1.039
38	5	0.5923	0	1	0.7509
38	5	0.6673	1	1	-0.7151
38	5	1.884	0	1	-0.5238
38	5	0.2623	0	1	0.6789
38	5	0.5854	1	1	0.7516
38	5	1.687	0	0	0.8754
38	5	5.115	1	1	0.0551
38	5	0.5403	0	0	-2.195
38	5	0.6271	0	0	-0.1744
38	5	0.7097	0	0	-0.855
38	5	0.9839	0	1	0.07088
38	5	0.1981	0	0	-1.176
39	5	0.5705	1	0	1.281
39	5	0.284	1	0	1.843
39	5	0.3866	0	0	-0.9355
39	5	0.1106	1	1	-0.4415
39	5	0.3229	1	1	0.4453
39	5	0.0455	1	0	0.6794
39	5	0.9512	1	1	1.053
39	5	0.7014	0	0	-0.6977
39	5	5.096	0	0	-2.335
39	5	2.067	0	0	-0.2816
39	5	0.6545	0	1	-0.5781
39	5	1.604	0	1	-1.113
39	5	0.6991	0	0	0.9279
39	5	0.3467	1	0	-1.555
39	5	5.831	0	0	-3.528
39	5	5.092	1	1	-0.5033
39	5	1.743	0	1	2.036
39	5	0.2577	1	1	0.3005
39	5	0.295	1	1	-0.1728
39	5	5.447	1	1	-0.3993
39	5	2.139	1	1	-0.5092
39	5	5.629	1	1	-0.3615
39	5	0.577	0	1	-0.57
39	5	0.8842	1	1	-0.6988
39	5	0.6127	1	1	0.5048
39	5	1.497	1	1	1.459
39	5	0.6963	0	1	-0.2978
39	5	2.029	0	1	-0.1344
39	5	1.36	0	1	-0.07878
39	5	5.463	1	1	-0.5358
39	5	0.04539	0	1	0.048
39	5	1.683	0	0	-1.149
39	5	0.4523	0	1	0.2467
39	5	0.1942	1	1	-0.3373
39	5	0.4457	0	0	0.3064
39	5	0.2187	1	0	-0.311
39	5	1.642	0	0	-0.4082
39	5	0.7145	0	0	-0.2397
39	5	5.403	1	1	-0.8342
39	5	1.658	1	1	-0.2415
39	5	1.299	1	0	1.158
39	5	1.562	1	1	0.1816
39	5	5.269	1	1	0.0281
39	5	0.5776	0	0	-0.128
39	5	1.043	0	0	-1.006
39	5	0.4618	1	0	1.191
39	5	5.503	0	0	-0.1029
39	5	5.249	1	1	-0.2685
39	5	0.3822	0	1	-0.1506
39	5	0.1579	0	0	0.4661
40	6	0.5901	0	1	0.5765
40	6	3.654	0	0	0.9619
40	6	0.5068	0	0	-2.084
40	6	3.878	1	1	0.3308
40	6	0.09126	0	1	-0.7027
40	6	3.738	0	0	-0.3349
40	6	0.1262	1	1	-0.8214
40	6	0.2802	1	1	-0.02043
40	6	0.4488	0	1	-0.3678
40	6	0.3647	0	0	0.1893
40	6	0.4894	0	1	0.7862
40	6	0.07609	1	1	-0.8781
40	6	1.003	0	0	0.2916
40	6	0.2213	0	0	-0.4001
40	6	0.221	1	1	1.219
40	6	0.7506	0	0	1.746
40	6	1.274	1	1	1.19
40	6	0.6175	1	1	-0.586
40	6	0.5594	1	1	-0.5398
40	6	0.04524	1	1	-0.7048
40	6	0.1502	1	0	0.664
40	6	0.2953	0	0	-0.3142
40	6	1.172	1	1	0.4547
40	6	1.05	0	1	-0.54
40	6	0.2299	1	1	0.3706
40	6	3.464	1	1	-1.752
40	6	0.1772	1	1	0.4452
40	6	0.2009	0	1	0.06865
40	6	0.4795	1	0	-0.7088
40	6	3.532	1	1	-0.2706
40	6	0.3089	1	1	-1.02
40	6	3.762	1	1	-0.171
40	6	0.5593	0	0	-0.8498
40	6	0.1792	0	1	0.2542
40	6	0.4309	1	1	1.58
40	6	1.064	0	1	-0.281
40	6	0.8452	0	0	0.6083
40	6	0.8734	0	1	-0.2574
40	6	3.748	0	0	-2.302
40	6	0.2822	1	1	0.4047
40	6	0.7556	1	1	1.637
40	6	0.2014	0	1	-1.3
40	6	0.5222	1	1	-0.3038
40	6	0.4349	1	1	-0.5219
40	6	0.1597	1	0	-0.9478
40	6	3.884	1	1	-0.07877
40	6	0.1274	1	1	0.2829
40	6	0.1708	1	0	-0.8213
40	6	3.511	0	0	-0.5155
40	6	3.621	0	0	-2.695
41	6	0.2972	0	1	1.643
41	6	1.114	0	1	-2.698
41	6	0.4902	0	0	2.407
41	6	0.03225	1	1	-0.003899
41	6	3.489	1	1	-0.2029
41	6	0.3304	1	1	-1.717
41	6	3.864	1	1	-0.1356
41	6	0.1196	1	1	3.156
41	6	3.596	1	1	-0.7851
41	6	0.7793	1	1	-0.1718
41	6	0.1307	0	0	-0.5444
41	6	1.293	1	1	-0.9478
41	6	0.5043	0	1	-0.2319
41	6	0.4689	1	1	-0.64
41	6	0.1727	0	0	0.07743
41	6	1.193	1	1	-0.4219
41	6	0.3	0	0	-0.6791
41	6	3.343	0	0	0.256
41	6	1.006	1	0	0.1765
41	6	0.1249	1	0	1.36
41	6	0.6106	0	0	-0.05894
41	6	0.3907	0	0	-0.5644
41	6	3.826	0	0	1.229
41	6	0.1133	1	1	-0.2233
41	6	0.1911	1	0	0.06928
41	6	0.6679	0	0	0.5229
41	6	0.07388	0	0	0.1626
41	6	1.219	1	1	-1.481
41	6	0.9896	1	1	0.5802
41	6	0.5082	0	0	0.08717
41	6	0.3441	0	1	-0.1284
41	6	3.543	1	1	-0.7859
41	6	0.6093	1	0	0.6375
41	6	0.1863	1	0	0.3732
41	6	0.2391	1	1	-0.01509
41	6	0.2792	0	1	0.279
41	6	1.313	0	0	-0.2075
41	6	0.0005703	1	1	-0.952
41	6	0.9144	1	0	0.7517
41	6	0.1548	0	0	-0.105
41	6	0.108	0	0	-0.1186
41	6	0.1281	0	0	-0.9551
41	6	3.991	0	0	0.1342
41	6	3.592	0	0	0.2538
41	6	3.462	1	1	-0.1061
41	6	0.1081	0	0	-0.3614
41	6	0.1139	0	0	0.8797
41	6	3.569	0	0	0.7409
41	6	0.4123	1	1	0.006619
41	6	0.4656	1	0	0.09462
42	6	0.6679	0	0	1.172
42	6	0.07336	1	0	-0.9947
42	6	0.997	0	1	0.5051
42	6	0.709	1	1	1.473
42	6	0.3468	1	1	0.5265
42	6	0.135	1	1	0.1086
42	6	4.013	0	0	0.06701
42	6	1	1	1	0.7978
42	6	0.3004	1	1	1.189
42	6	0.6693	0	1	-0.09908
42	6	0.3057	0	1	-1.422
42	6	0.3764	1	0	-0.4945
42	6	3.793	1	1	0.6446
42	6	0.4992	0	0	-0.2944
42	6	0.02358	0	1	-0.04348
42	6	0.8446	1	1	-2.215
42	6	3.781	1	1	0.4111
42	6	0.4999	0	0	0.7081
42	6	0.04888	0	0	-2.203
42	6	0.2787	0	0	-1.898
42	6	0.6642	0	0	-0.3124
42	6	0.4195	1	0	-0.6906
42	6	0.02487	0	1	0.7897
42	6	0.3759	0	0	0.3893
42	6	0.3093	1	0	-0.8155
42	6	0.7716	0	0	0.7672
42	6	0.1649	1	1	0.269
42	6	3.642	1	1	-0.5977
42	6	1.028	1	1	-0.8085
42	6	3.57	0	0	-1.554
42	6	0.02907	0	1	0.3929
42	6	3.776	1	1	-0.8064
42	6	1.037	1	0	-1.291
42	6	0.08585	0	1	-0.1361
42	6	0.4701	0	0	-0.01495
42	6	1.159	0	0	-0.06695
42	6	0.02619	1	0	-1.18
42	6	3.897	0	0	-1.368
42	6	0.5833	0	0	0.2716
42	6	0.3873	0	0	-1.195
42	6	1.004	1	1	-0.4057
42	6	3.56	1	1	-0.09121
42	6	0.05069	1	0	0.3896
42	6	0.6617	1	0	-1.244
42	6	0.2614	0	1	-0.4674
42	6	1.067	1	0	-1.128
42	6	0.5222	1	1	0.5568
42	6	3.821	1	1	-0.371
42	6	3.779	1	1	-1.278
42	6	0.008252	1	0	-0.03684
43	6	0.8202	0	0	-0.4438
43	6	0.425	0	1	0.4161
43	6	0.456	0	1	-0.3191
43	6	3.696	1	1	0.9515
43	6	0.1501	1	1	-0.2891
43	6	3.554	1	1	-1.148
43	6	3.491	1	1	0.03081
43	6	3.633	1	1	0.2365
43	6	0.8702	1	0	-0.4749
43	6	0.6156	0	0	0.09668
43	6	0.5038	0	1	1.49
43	6	1.011	0	0	0.5339
43	6	3.786	1	1	0.4456
43	6	0.1545	0	0	0.7258
43	6	3.721	0	0	-0.3769
43	6	0.2359	1	1	0.5616
43	6	0.5407	0	0	-0.994
43	6	0.04396	0	0	0.0734
43	6	0.8126	1	0	0.3927
43	6	1.059	0	0	-1.578
43	6	0.8576	1	0	0.1753
43	6	0.2188	0	0	0.5479
43	6	0.2904	0	0	-1.099
43	6	0.1792	1	0	-0.9295
43	6	0.09679	1	1	0.2176
43	6	3.104	0	0	1.507
43	6	0.6696	0	0	-0.6686
43	6	0.3862	0	0	0.3872
43	6	3.769	0	0	-1.033
43	6	0.3077	0	0	-0.3423
43	6	0.09225	1	0	-0.04834
43	6	0.3317	1	1	-0.02036
43	6	0.8165	1	0	-1.006
43	6	0.08188	1	0	-0.6965
43	6	0.5606	0	0	-0.5853
43	6	0.2647	1	1	-0.7693
43	6	0.8139	1	1	-0.9495
43	6	3.663	1	1	-1.194
43	6	0.9489	1	0	-0.6543
43	6	0.3667	0	0	0.8858
43	6	0.5403	1	1	1.125
43	6	0.06541	1	0	0.7721
43	6	3.136	1	1	0.4709
43	6	0.05863	1	0	0.6667
43	6	0.01163	1	1	-1.485
43	6	0.6849	1	1	-2.505
43	6	0.1465	0	1	0.6253
43	6	0.09799	0	1	-1.276
43	6	0.5516	1	1	0.01061
43	6	0.002208	0	1	-0.07039
44	6	3.647	1	1	1.961
44	6	0.6591	0	0	3.832
44	6	0.403	0	0	0.4547
44	6	0.2024	1	0	-1.178
44	6	1.209	1	0	-0.09192
44	6	0.7658	0	0	0.3538
44	6	0.03668	0	1	-1.191
44	6	0.3876	0	0	0.2124
44	6	1.324	0	0	0.06535
44	6	0.2513	0	0	0.06228
44	6	0.1934	1	0	-0.6476
44	6	0.1523	1	1	-0.5107
44	6	1.021	0	1	0.224
44	6	0.007346	1	1	1.871
44	6	3.651	0	0	-0.7417
44	6	0.5455	1	1	-0.4113
44	6	3.409	1	1	-0.08971
44	6	0.07002	1	0	-1.118
44	6	0.246	0	1	2.617
44	6	0.7833	0	0	-1.535
44	6	0.9872	0	0	0.1936
44	6	0.9397	0	1	0.3212
44	6	0.869	1	1	1.817
44	6	0.1173	0	1	-1.045
44	6	0.5307	1	1	-0.9228
44	6	0.5957	1	0	-0.1744
44	6	0.2433	0	1	0.2539
44	6	0.5489	1	0	-0.3583
44	6	0.3008	1	0	0.4454
44	6	0.5949	1	1	-0.3056
44	6	3.861	0	0	0.07051
44	6	0.1591	0	1	0.08967
44	6	3.492	1	1	-0.8143
44	6	0.6281	0	0	-0.9394
44	6	0.2288	0	1	-0.8737
44	6	3.876	0	0	0.1551
44	6	0.3234	0	0	1.36
44	6	3.804	1	1	0.2535
44	6	3.391	0	0	1.014
44	6	0.1581	0	0	-0.3843
44	6	0.2087	0	1	0.3714
44	6	0.03475	1	0	0.08142
44	6	0.05875	0	0	-2.146
44	6	0.3142	0	1	1.652
44	6	0.5068	1	0	-0.7061
44	6	3.612	1	1	1.568
44	6	0.281	1	1	-0.6442
44	6	0.1245	1	0	0.03397
44	6	3.359	0	0	-1.065
44	6	0.1783	1	0	-1.904
45	6	3.479	0	0	-1.762
45	6	0.6492	1	1	0.8065
45	6	0.7279	0	1	0.7392
45	6	0.5581	1	0	0.7188
45	6	0.1488	0	1	0.6996
45	6	0.259	0	0	0.1027
45	6	1.009	0	1	-1.594
45	6	0.08343	1	1	1.01
45	6	0.2804	1	0	-1.623
45	6	0.1444	1	1	-1.948
45	6	0.4178	1	0	-0.4321
45	6	3.384	1	0	1.336
45	6	0.3723	1	0	0.595
45	6	0.455	0	0	-0.8181
45	6	0.4475	0	0	0.5073
45	6	0.7103	0	0	-1.387
45	6	3.497	1	1	-0.007014
45	6	0.4702	0	0	0.2863
45	6	0.6733	1	0	-0.9555
45	6	3.868	0	0	-0.6546
45	6	3.529	0	0	-0.3697
45	6	0.3682	1	0	0.9204
45	6	0.06917	0	0	-1.933
45	6	0.2663	0	0	-0.3697
45	6	0.9871	1	0	0.2927
45	6	0.2093	0	1	-1.277
45	6	0.1727	0	0	-2.634
45	6	0.6715	1	1	-0.3405
45	6	1.025	0	0	1.063
45	6	3.495	0	0	-2.109
45	6	0.6902	1	1	-1.106
45	6	1.169	0	0	0.1884
45	6	0.1646	1	0	0.3331
45	6	0.6393	0	1	0.3688
45	6	0.1082	1	1	-0.8402
45	6	0.2947	1	0	-1.511
45	6	0.2376	1	0	-0.1825
45	6	0.9512	1	1	-0.1203
45	6	3.739	1	1	-1.347
45	6	3.375	0	0	-0.4008
45	6	0.5346	0	0	0.5173
45	6	3.527	1	1	0.3433
45	6	0.364	1	1	-0.3156
45	6	0.7527	1	1	0.3167
45	6	0.06486	0	0	0.1195
45	6	0.01446	0	1	-1.912
45	6	0.06887	1	0	0.7617
45	6	3.62	0	0	-2.109
45	6	0.2499	0	0	-0.07178
45	6	0.9297	1	0	0.02834
46	6	1.122	1	0	0.1307
46	6	0.3259	0	1	-0.1274
46	6	0.7612	0	0	0.4271
46	6	3.647	0	0	-1.644
46	6	0.1368	0	0	-0.4127
46	6	0.0483	0	0	1.213
46	6	0.3505	0	0	-0.07698
46	6	0.07499	0	1	-0.1803
46	6	0.6358	0	0	0.3809
46	6	0.7424	1	1	0.5922
46	6	3.698	0	0	2.271
46	6	0.1085	1	1	-1.282
46	6	3.675	1	1	0.8507
46	6	0.1463	1	1	-0.6967
46	6	0.7527	1	0	-0.4755
46	6	1.05	1	1	0.8216
46	6	3.701	1	1	-1.646
46	6	0.8715	1	1	-1.413
46	6	3.804	0	0	-2.137
46	6	0.8945	1	1	-1.255
46	6	0.3968	1	1	0.229
46	6	0.1284	0	0	-0.7072
46	6	0.3458	1	1	-1.884
46	6	0.01285	1	0	0.6669
46	6	3.658	1	1	-2.419
46	6	0.07701	0	0	-0.7828
46	6	0.1297	1	1	-1.191
46	6	0.5398	1	1	0.9747
46	6	3.698	0	0	-0.2793
46	6	0.5157	0	1	0.2676
46	6	0.5384	1	0	-0.1849
46	6	0.3566	0	1	0.374
46	6	0.04219	0	0	0.393
46	6	0.03686	1	0	-2.732
46	6	3.556	0	0	0.1385
46	6	0.2102	1	1	-0.5777
46	6	3.796	1	1	0.6907
46	6	0.5862	1	1	0.04025
46	6	0.1235	0	1	-0.5399
46	6	0.4154	1	1	1.669
46	6	0.1533	0	1	-1.085
46	6	0.9456	1	1	0.9336
46	6	0.3106	1	1	-0.3043
46	6	0.003408	1	1	-0.1947
46	6	0.9463	1	1	-0.1333
46	6	0.3906	1	1	-0.1484
46	6	0.04825	1	0	1.096
46	6	0.235	0	1	0.7659
46	6	3.822	0	0	-0.9936
46	6	0.3749	0	1	-0.4371
47	6	3.589	1	1	0.136
47	6	0.5708	0	0	0.8146
47	6	0.8576	1	0	0.245
47	6	0.5178	1	1	-1.027
47	6	1.172	1	0	-0.468
47	6	0.08933	0	0	-0.05819
47	6	0.5498	1	1	-0.2091
47	6	0.546	0	0	-0.2289
47	6	3.463	1	1	-0.5334
47	6	0.1329	0	0	1.057
47	6	0.356	0	0	-0.4675
47	6	3.612	0	0	-2.459
47	6	0.932	0	0	-0.7949
47	6	0.1164	0	0	0.2135
47	6	3.717	0	0	-0.09667
47	6	0.8579	1	1	0.6932
47	6	0.216	0	0	-1.744
47	6	1.458	1	1	-0.4654
47	6	0.418	1	0	0.3489
47	6	3.671	1	1	-0.9405
47	6	0.1199	1	1	-0.4567
47	6	0.2317	0	0	2.316
47	6	0.1506	0	0	-0.09722
47	6	0.03754	1	0	-0.8016
47	6	3.268	0	0	-0.1382
47	6	0.3111	0	0	-2
47	6	0.1294	0	0	1.061
47	6	3.682	0	0	-0.2994
47	6	0.1425	1	0	-0.3249
47	6	0.5602	1	1	-0.2412
47	6	0.4632	0	1	0.6676
47	6	0.118	1	1	0.663
47	6	0.9218	0	0	1.313
47	6	0.9888	1	0	0.473
47	6	0.08489	0	1	-0.9839
47	6	3.623	1	1	-1.601
47	6	4.006	0	0	-0.3756
47	6	1.085	1	1	1.164
47	6	1.06	1	1	-0.7454
47	6	0.5913	1	1	-1.942
47	6	0.3787	0	1	0.1239
47	6	0.9466	0	0	-0.353
47	6	0.001634	1	1	-0.2504
47	6	0.4296	0	1	0.9194
47	6	3.782	1	1	0.1122
47	6	0.4695	0	1	-0.3937
47	6	0.4356	0	0	0.3603
47	6	0.7353	1	0	-0.004038
47	6	0.1472	1	0	-1.418
47	6	0.5007	0	1	0.2511
48	6	0.9209	0	0	1.63
48	6	3.659	0	0	-0.7468
48	6	0.955	1	0	0.4483
48	6	0.3713	0	1	1.08
48	6	4.246	1	1	-0.7976
48	6	3.268	0	0	-0.7015
48	6	0.2229	0	0	-1.283
48	6	1.15	1	1	0.6478
48	6	0.1806	1	0	-0.4663
48	6	0.07276	0	0	0.3409
48	6	3.424	0	0	-0.9139
48	6	0.6562	0	0	1.299
48	6	0.1737	1	0	-0.648
48	6	0.3211	1	1	-0.8471
48	6	0.02391	1	0	1.379
48	6	0.006526	1	1	-1.405
48	6	4.234	1	1	-0.2389
48	6	0.6967	0	1	0.1691
48	6	0.2913	0	0	-1.003
48	6	0.9932	0	0	0.6008
48	6	3.43	1	1	-3
48	6	0.1353	1	0	0.2536
48	6	0.4176	1	0	1.822
48	6	0.2953	1	1	0.07271
48	6	0.3309	1	1	0.09288
48	6	3.742	1	1	0.1658
48	6	0.7155	1	0	0.7452
48	6	0.4303	0	0	-0.2747
48	6	0.02796	0	0	-1.071
48	6	0.2331	1	0	-0.3049
48	6	0.3433	0	1	-0.2035
48	6	0.4883	1	1	-0.9052
48	6	1.227	0	1	-0.1235
48	6	3.313	0	0	-0.1616
48	6	3.564	1	1	-0.4599
48	6	0.5154	1	0	0.8901
48	6	0.7753	1	0	-3.185
48	6	0.03158	1	1	1.837
48	6	0.3954	0	1	-0.8496
48	6	0.5436	1	0	1.003
48	6	1.101	0	1	-1.325
48	6	0.01429	1	1	0.2063
48	6	0.01858	1	1	-0.582
48	6	0.6741	0	0	1.278
48	6	3.578	1	1	-0.9045
48	6	0.02261	1	1	0.7273
48	6	0.3949	0	1	-0.4808
48	6	0.6708	0	0	0.4683
48	6	0.268	0	0	0.5525
48	6	0.1747	0	1	-1.625
49	6	0.1151	1	0	-0.3095
49	6	0.4555	1	0	0.5158
49	6	0.06484	0	0	0.1462
49	6	0.1492	1	1	0.8829
49	6	0.07228	1	0	1.205
49	6	0.1809	0	0	-1.101
49	6	0.548	1	1	0.482
49	6	0.6519	0	1	0.7337
49	6	3.975	0	0	0.2071
49	6	0.8823	0	0	-0.6123
49	6	0.4038	0	0	0.4377
49	6	0.8903	0	0	-0.1005
49	6	0.1036	1	1	-0.03995
49	6	0.002339	0	1	0.7074
49	6	3.688	0	0	0.3378
49	6	3.881	1	1	-1.222
49	6	0.9387	0	0	-0.4002
49	6	0.2006	1	1	0.1131
49	6	0.3159	1	0	0.1133
49	6	3.615	1	1	-0.2396
49	6	1.333	1	1	-0.4273
49	6	3.289	1	1	-0.7622
49	6	0.2349	0	1	0.9075
49	6	0.7722	1	1	-1.152
49	6	0.09271	1	1	-0.3805
49	6	1.226	1	0	1.342
49	6	0.4119	0	1	-2.192
49	6	0.9335	0	0	0.315
49	6	0.4585	0	0	-0.8452
49	6	3.681	1	1	0.8656
49	6	0.3186	1	1	0.02069
49	6	0.9548	0	0	-0.07284
49	6	0.07166	0	1	-0.2785
49	6	0.04763	0	1	0.5244
49	6	0.1004	0	0	-0.5209
49	6	0.2844	1	0	3.562
49	6	0.8341	0	0	-0.1332
49	6	0.2757	0	0	0.8427
49	6	3.6	1	0	0.4567
49	6	0.8158	1	0	-0.001394
49	6	0.5229	1	0	-0.2785
49	6	0.959	1	1	0.07571
49	6	3.521	1	1	-0.1778
49	6	0.03775	1	0	-0.4257
49	6	0.1706	0	0	0.3272
49	6	0.5543	1	0	-0.2876
49	6	3.857	0	0	-0.1514
49	6	3.496	1	1	0.2727
49	6	0.054	0	1	-0.07171
49	6	0.3663	0	0	-2.536
