0	2	0.9078	0	1	0.5242
0	2	5.606	0	0	-0.2053
0	2	5.565	0	0	-0.9648
0	2	3.671	1	1	-1.218
0	2	0.8104	0	0	-0.001768
0	2	0.54	1	1	-0.6708
0	2	0.48	0	1	-0.9388
0	2	1.839	0	0	-0.06347
0	2	3.847	1	1	-0.1896
0	2	3.366	1	1	-0.7254
0	2	5.339	1	1	-0.4882
0	2	0.8192	1	1	0.9991
0	2	3.588	1	1	-0.1512
0	2	1.818	0	1	-0.24
0	2	0.2609	1	1	-0.2984
0	2	0.9319	1	1	-0.07625
0	2	5.454	0	0	-1.678
0	2	3.423	1	1	0.2763
0	2	0.6028	1	1	2.828
0	2	2.102	0	0	0.6808
0	2	0.4616	0	0	0.9785
0	2	5.566	0	0	-0.9513
0	2	1.096	0	1	0.9072
0	2	3.758	1	1	-0.1813
0	2	3.361	1	1	-0.5048
0	2	1.711	1	1	-0.934
0	2	2.026	0	0	-0.07299
0	2	3.711	1	1	-0.5022
0	2	0.2069	0	1	-0.422
0	2	1.511	0	1	-0.03421
0	2	5.447	0	0	-1.163
0	2	0.1284	0	1	2.246
0	2	1.003	1	0	1.949
0	2	0.8907	1	1	0.3453
0	2	5.415	1	1	-0.04187
0	2	0.5034	0	0	2.545
0	2	3.579	1	1	0.301
0	2	3.446	0	0	2.163
0	2	1.776	0	1	0.8821
0	2	0.6861	1	1	1.387
0	2	5.294	1	1	0.0426
0	2	1.09	1	1	0.1869
0	2	0.2127	0	1	1.178
0	2	5.318	1	1	-0.3501
0	2	5.501	0	0	-0.5209
0	2	2.14	0	0	-1.166
0	2	1.75	1	1	-0.7689
0	2	1.44	0	1	-0.9332
0	2	1.189	0	0	0.2445
0	2	0.5377	1	1	3.17
1	2	5.303	0	0	2.226
1	2	5.026	1	1	0.005828
1	2	1.656	0	1	0.5771
1	2	0.7395	1	1	0.8194
1	2	2.091	0	0	0.977
1	2	1.751	0	0	0.3
1	2	1.409	1	1	-1.122
1	2	3.797	0	0	0.5631
1	2	2.048	1	1	-0.4034
1	2	5.474	0	0	-0.8607
1	2	3.402	1	1	-0.1115
1	2	5.65	1	1	0.5343
1	2	3.572	1	1	1.729
1	2	0.5807	1	1	-1.3
1	2	1.611	1	1	1.502
1	2	0.5284	0	1	1.307
1	2	0.3894	1	0	0.1422
1	2	1.709	0	1	0.6014
1	2	0.6819	0	1	0.3809
1	2	0.3316	1	0	1.177
1	2	3.716	0	0	-1.903
1	2	1.54	1	1	-1.028
1	2	3.706	1	1	0.6157
1	2	1.079	1	1	-1.084
1	2	2.026	1	0	-1.102
1	2	1.016	0	1	0.2587
1	2	0.6742	0	1	0.2717
1	2	0.546	0	1	-0.6393
1	2	1.74	0	0	-0.8731
1	2	0.3738	0	1	-0.6967
1	2	0.346	0	0	-0.5502
1	2	3.174	1	1	0.3906
1	2	3.59	1	1	-1.364
1	2	5.064	1	1	0.9449
1	2	3.964	1	1	1.483
1	2	5.307	1	1	0.4241
1	2	0.7258	0	1	3.11
1	2	0.4197	0	1	0.7388
1	2	1.107	1	1	-0.997
1	2	0.3087	1	1	0.8167
1	2	0.5867	0	1	-0.7241
1	2	1.097	1	1	-0.6156
1	2	3.539	0	0	1.802
1	2	5.29	0	0	0.1295
1	2	0.3045	0	0	2.311
1	2	0.8348	0	1	-0.738
1	2	5.698	0	0	-0.7397
1	2	4.867	1	1	-0.05465
1	2	3.441	1	1	-0.2771
1	2	5.367	0	0	0.817
2	2	0.7414	1	1	0.3991
2	2	5.511	0	0	0.999
2	2	5.619	0	0	1.944
2	2	5.117	0	0	0.7621
2	2	0.4934	1	1	-2.425
2	2	1.334	1	1	-0.4873
2	2	3.567	0	0	0.968
2	2	3.468	0	0	-1.959
2	2	1.605	1	1	1.132
2	2	0.2235	1	1	0.3527
2	2	0.4812	0	0	0.2115
2	2	1.852	0	0	-1.124
2	2	0.8466	1	1	0.706
2	2	5.103	0	0	-0.3817
2	2	1.138	1	1	-0.6917
2	2	3.746	0	0	-1.511
2	2	1.138	0	0	-1.136
2	2	3.809	0	0	1.319
2	2	0.8997	1	0	1.105
2	2	0.5792	0	1	0.7202
2	2	0.629	0	0	-0.3657
2	2	3.923	0	0	-1.004
2	2	0.5888	0	0	-0.1851
2	2	0.0739	0	0	1.312
2	2	0.858	0	1	0.04288
2	2	0.3576	0	1	-1.015
2	2	3.504	1	1	1.304
2	2	0.6897	0	1	-1.671
2	2	5.266	0	0	-0.5144
2	2	3.749	1	1	1.353
2	2	0.7647	0	0	-0.5106
2	2	1.57	1	1	-0.5308
2	2	1.822	1	1	-0.129
2	2	5.724	0	0	0.7431
2	2	5.813	1	1	-1.19
2	2	5.547	1	1	0.9877
2	2	5.034	0	0	1.033
2	2	2.125	1	1	-1.139
2	2	3.878	1	1	1.257
2	2	0.1711	1	1	1.6
2	2	1.72	1	1	0.3868
2	2	0.7885	1	0	0.4763
2	2	1.78	1	1	-1.324
2	2	5.201	0	0	-1.382
2	2	1.82	1	1	0.2486
2	2	3.347	1	1	-0.2386
2	2	0.5685	0	1	-2.364
2	2	1.887	1	0	-0.8407
2	2	0.9756	1	0	1.119
2	2	3.695	1	1	1.289
3	2	0.6699	1	1	2.253
3	2	1.792	0	0	0.6464
3	2	5.632	1	1	0.0946
3	2	0.5242	1	1	-0.688
3	2	1.704	1	1	-0.772
3	2	1.018	0	1	0.5693
3	2	0.9874	1	1	0.7472
3	2	1.605	0	0	0.9092
3	2	3.433	0	0	0.9714
3	2	0.8902	1	0	0.6394
3	2	3.759	0	0	0.7187
3	2	5.375	0	0	0.4571
3	2	2.046	1	1	0.9202
3	2	0.4378	1	1	0.4505
3	2	5.457	1	1	-1.051
3	2	1.733	0	1	0.6734
3	2	5.532	0	0	-0.02077
3	2	3.665	1	1	1.443
3	2	3.542	0	0	2.355
3	2	3.45	0	0	-0.5209
3	2	1.721	0	1	-1.498
3	2	1.054	0	0	0.09503
3	2	3.285	0	0	-0.1823
3	2	0.4183	1	1	1.461
3	2	3.473	1	0	-1.058
3	2	5.353	1	1	-0.682
3	2	5.431	1	1	1.158
3	2	1.624	0	0	0.4058
3	2	5.554	0	0	1.71
3	2	0.8464	1	1	0.8097
3	2	0.8754	0	0	-0.6574
3	2	0.3078	1	1	-0.03091
3	2	5.532	0	0	0.5176
3	2	0.8286	0	1	1.001
3	2	5.508	0	0	2.523
3	2	0.5239	0	1	0.9171
3	2	1.839	0	0	0.4973
3	2	1.577	1	1	0.01311
3	2	0.9573	1	1	1.673
3	2	1.892	0	0	-0.1467
3	2	1.453	1	1	-0.2451
3	2	3.698	1	1	-0.8495
3	2	0.5001	0	1	0.1576
3	2	0.7504	1	1	1.758
3	2	3.49	1	0	-0.7473
3	2	5.787	1	1	-1.158
3	2	0.2374	0	1	1.438
3	2	0.3688	1	0	1.048
3	2	3.611	1	1	0.175
3	2	0.03091	0	1	0.6875
4	2	1.033	0	1	3.047
4	2	0.2877	0	0	1.847
4	2	5.757	1	1	-0.2124
4	2	0.004183	1	1	-0.5185
4	2	3.594	1	1	-0.9673
4	2	0.3365	1	0	-0.1355
4	2	2.025	1	1	0.05334
4	2	5.749	0	0	1.097
4	2	1.063	0	0	-0.214
4	2	1.775	1	0	1.067
4	2	1.286	0	1	-0.09163
4	2	0.2707	1	1	0.9076
4	2	0.5783	1	1	-0.2984
4	2	1.075	1	1	-0.724
4	2	1.878	0	1	0.5881
4	2	0.7077	0	0	-0.3139
4	2	0.7001	1	1	0.6142
4	2	5.156	0	0	-0.7174
4	2	0.2285	1	1	-2.066
4	2	5.254	0	1	0.2787
4	2	1.977	1	1	-1.222
4	2	0.8379	0	0	-0.06831
4	2	0.8159	0	1	1.535
4	2	5.245	0	0	1.632
4	2	3.29	0	0	-1.261
4	2	5.707	0	0	-1.023
4	2	1.836	1	1	0.8156
4	2	3.808	0	1	-0.003388
4	2	1.86	0	1	0.6108
4	2	0.7876	1	1	-0.2927
4	2	1.528	0	1	1.897
4	2	1.698	0	0	1.135
4	2	0.9167	1	1	-0.2773
4	2	3.408	0	0	-0.6214
4	2	0.2553	1	1	0.171
4	2	1.058	1	1	1.934
4	2	1.168	1	1	-0.1721
4	2	3.51	1	1	0.4569
4	2	1.83	0	0	0.471
4	2	5.37	1	1	-2.815
4	2	0.2732	1	1	0.5443
4	2	1.699	1	0	2.115
4	2	3.332	1	1	-0.5273
4	2	3.136	0	1	-1.228
4	2	5.422	1	1	-0.09964
4	2	3.595	0	0	-1.888
4	2	3.993	0	1	-0.4447
4	2	5.334	0	0	-1.746
4	2	3.542	1	1	0.3339
4	2	5.686	1	1	1.096
5	2	0.4565	1	1	1.089
5	2	5.056	0	0	-0.2266
5	2	0.6045	0	1	0.1429
5	2	0.5163	1	1	0.7029
5	2	0.4758	1	0	0.009064
5	2	1.08	1	1	-1.089
5	2	3.649	0	0	-0.2963
5	2	5.245	1	1	-0.2361
5	2	0.8966	0	1	0.06378
5	2	1.698	0	0	0.9634
5	2	5.32	1	1	-1.935
5	2	0.9805	0	1	0.2449
5	2	0.7107	1	1	0.788
5	2	1.591	0	1	-1.04
5	2	5.211	1	1	-0.6659
5	2	5.11	0	0	-1.84
5	2	1.897	0	0	0.3058
5	2	1.6	0	0	0.07067
5	2	0.9812	1	0	0.2747
5	2	3.649	0	0	0.4956
5	2	1.276	0	1	-0.6337
5	2	0.2704	0	0	-0.8198
5	2	3.664	1	1	-1.337
5	2	5.2	0	0	-3.055
5	2	1.058	0	1	-1.175
5	2	3.671	1	1	-0.4991
5	2	3.342	1	1	-1.128
5	2	1.78	1	1	1.107
5	2	3.67	1	1	-0.2338
5	2	0.478	1	1	0.2821
5	2	1.777	1	1	-1.266
5	2	3.381	1	1	0.9186
5	2	0.4297	0	1	-0.9664
5	2	0.6624	0	1	-0.8503
5	2	3.786	1	0	-0.3885
5	2	1.994	1	0	0.7643
5	2	3.623	0	0	-1.265
5	2	1.187	1	1	0.7968
5	2	5.223	0	0	0.139
5	2	5.425	1	1	0.7284
5	2	5.189	1	1	1.412
5	2	1.011	0	1	1.368
5	2	1.822	0	0	-1.084
5	2	0.6491	0	1	-0.8638
5	2	1.813	1	1	-1.728
5	2	5.448	0	0	0.08782
5	2	0.6812	0	1	-1.014
5	2	1.005	0	1	0.7247
5	2	1.743	0	0	1.623
5	2	3.111	1	1	-1.084
6	2	0.4737	0	0	0.08314
6	2	1.815	0	1	2.573
6	2	0.626	0	0	0.8509
6	2	5.307	1	1	-0.3804
6	2	0.9111	1	1	0.8833
6	2	0.9342	0	0	-1.616
6	2	3.418	0	1	-0.2938
6	2	0.3302	1	1	0.1722
6	2	3.593	1	1	-1.299
6	2	5.388	0	0	0.3106
6	2	0.7886	0	1	-1.256
6	2	0.8327	0	1	-1.213
6	2	3.535	1	1	-0.7214
6	2	5.614	1	1	0.5274
6	2	1.649	1	1	0.4341
6	2	3.746	1	1	-0.0009589
6	2	0.6206	0	1	-0.124
6	2	3.63	0	1	1.312
6	2	0.5844	0	0	1.078
6	2	1.095	1	1	1.4
6	2	5.152	1	1	1.05
6	2	3.918	0	0	0.1165
6	2	1.086	1	1	1.194
6	2	1.768	0	1	-0.1505
6	2	0.1712	0	0	-0.8265
6	2	1.927	1	0	-1.429
6	2	0.9079	0	1	0.1074
6	2	1.165	1	1	0.8788
6	2	5.372	1	1	0.9752
6	2	0.4612	1	1	0.3828
6	2	1.84	0	0	2.11
6	2	1.619	1	1	2.085
6	2	5.456	1	1	0.6881
6	2	3.452	0	0	0.4708
6	2	0.9893	1	1	-0.4048
6	2	5.015	0	0	0.2089
6	2	1.905	1	1	0.2969
6	2	0.9496	0	1	0.5533
6	2	3.652	0	0	-1.114
6	2	5.586	0	0	0.51
6	2	0.5767	1	0	1.404
6	2	1.819	1	1	0.1001
6	2	3.873	0	0	-0.1153
6	2	0.8019	0	0	0.04567
6	2	5.617	0	0	0.6298
6	2	5.494	0	0	-1.076
6	2	1.712	1	1	0.5335
6	2	3.616	0	0	1.2
6	2	0.6188	1	1	-1.12
6	2	1.712	1	1	1.76
7	2	0.8764	0	1	0.1369
7	2	0.5958	1	0	2.29
7	2	3.311	1	1	0.07383
7	2	1.868	0	0	-0.4951
7	2	1.879	0	0	-0.4318
7	2	0.2983	1	1	-0.4991
7	2	5.827	0	1	0.8073
7	2	2.214	0	1	-0.3312
7	2	3.595	0	0	-0.1743
7	2	0.7008	1	0	-1.166
7	2	0.7917	1	1	-0.9368
7	2	0.7724	0	1	-0.8572
7	2	5.259	0	1	1.261
7	2	5.52	0	0	0.3197
7	2	3.518	1	1	0.2625
7	2	0.593	1	1	1.342
7	2	1.915	1	0	0.8247
7	2	5.484	0	0	-0.3394
7	2	3.519	0	0	0.8908
7	2	0.4283	0	1	-0.2629
7	2	0.3337	0	1	1.026
7	2	0.5363	1	1	-0.2318
7	2	0.4767	1	1	-0.4999
7	2	2.005	1	1	-1.534
7	2	3.38	1	1	-2.083
7	2	0.8541	1	1	2.078
7	2	0.8812	1	0	2.301
7	2	0.3625	0	1	1.31
7	2	0.7357	1	1	0.8481
7	2	5.323	1	1	0.4636
7	2	3.473	0	1	0.4772
7	2	5.318	1	1	-0.1423
7	2	1.733	1	0	1.568
7	2	5.724	1	1	0.6568
7	2	1.117	1	0	0.1664
7	2	4.02	0	1	2.074
7	2	1.544	0	0	-0.9516
7	2	0.08038	0	1	0.4195
7	2	1.537	1	1	-1.687
7	2	0.7237	0	1	1.37
7	2	0.8379	1	1	-0.55
7	2	3.704	0	0	-0.1681
7	2	3.681	0	0	1.518
7	2	0.2766	1	1	2.153
7	2	1.724	0	0	1.768
7	2	3.635	1	1	0.0601
7	2	1.397	0	0	0.3612
7	2	5.645	0	0	-2.167
7	2	5.106	1	1	0.4303
8	2	1.991	1	1	1.792
8	2	3.536	1	1	0.7309
8	2	0.4584	1	1	-0.6827
8	2	2.083	1	1	-0.007057
8	2	3.649	1	1	-0.3697
8	2	1.726	1	1	0.879
8	2	1.901	0	0	-0.2541
8	2	1.997	0	1	1.903
8	2	5.297	0	0	-0.6162
8	2	5.481	1	1	-0.4411
8	2	0.9735	0	1	-0.05749
8	2	0.7244	0	1	-0.9351
8	2	5.755	0	0	-1.418
8	2	0.4864	1	0	0.01655
8	2	3.572	1	0	-0.2416
8	2	1.895	0	0	0.4385
8	2	0.6941	0	1	-0.03377
8	2	0.1751	1	1	1.684
8	2	3.437	1	1	0.7693
8	2	3.396	0	0	0.887
8	2	1.136	1	1	1.312
8	2	0.9151	0	1	-0.02779
8	2	5.166	1	1	0.8299
8	2	5.448	1	1	-2.94
8	2	0.7034	0	1	1.667
8	2	0.262	1	1	0.205
8	2	3.587	0	0	0.4306
8	2	1.985	0	0	0.4757
8	2	0.3649	1	1	1.906
8	2	5.502	0	0	-0.7083
8	2	1.772	1	1	1.219
8	2	0.4653	0	0	1.599
8	2	3.751	0	0	-1.924
8	2	1.902	1	0	-0.3972
8	2	3.705	1	1	-1.517
8	2	0.6038	1	1	-1.21
8	2	0.08213	0	0	0.8272
8	2	0.8731	0	0	1.55
8	2	0.5417	0	1	0.5366
8	2	5.475	0	0	-0.02146
8	2	0.1838	1	1	-1.382
8	2	5.424	1	1	-1.446
8	2	1.191	1	1	-0.2131
8	2	3.51	0	0	-0.8842
8	2	5.626	0	0	-0.5781
8	2	0.7743	0	1	-0.86
8	2	3.317	1	0	-0.7676
8	2	5.673	1	0	0.1403
8	2	0.8677	0	1	-2.662
8	2	0.7591	1	0	-1.131
9	2	5.59	1	1	1.448
9	2	5.231	0	0	-0.5477
9	2	5.297	1	1	0.306
9	2	0.5285	1	0	0.9235
9	2	3.623	1	1	0.3809
9	2	0.8786	1	1	-1.574
9	2	0.1232	0	1	-0.9201
9	2	1.812	1	1	-0.4023
9	2	0.9061	0	0	0.5523
9	2	0.4909	0	0	0.5665
9	2	1.317	1	1	0.1013
9	2	1.574	1	1	0.5533
9	2	0.3999	1	0	1.147
9	2	5.265	0	0	0.2747
9	2	0.8014	0	1	0.4955
9	2	3.726	1	1	-0.3356
9	2	3.729	1	1	-0.2956
9	2	1.68	0	0	-0.5242
9	2	0.6248	0	1	0.001252
9	2	1.83	1	0	1.019
9	2	1.009	1	1	-0.746
9	2	0.8885	0	0	1.606
9	2	0.6366	1	1	2.348
9	2	3.625	1	1	-1.241
9	2	3.531	0	1	0.5064
9	2	0.554	1	1	1.5
9	2	0.2963	1	0	0.8983
9	2	3.782	1	1	0.9538
9	2	3.511	1	1	0.9453
9	2	3.465	0	0	1.009
9	2	5.035	1	1	-1.142
9	2	0.6026	0	1	0.5693
9	2	0.7318	0	0	1.116
9	2	0.5036	1	0	0.2177
9	2	0.8475	0	1	0.08314
9	2	5.154	0	0	-0.6539
9	2	3.669	0	1	1.712
9	2	1.501	0	0	1.117
9	2	0.312	0	0	1.307
9	2	3.437	1	1	-0.4283
9	2	5.361	1	1	0.498
9	2	0.6906	0	1	0.5618
9	2	0.2307	0	1	0.9946
9	2	1.579	0	0	0.3273
9	2	1.631	0	0	0.07295
9	2	5.331	0	0	1.622
9	2	1.977	1	1	-0.9597
9	2	5.223	0	0	0.06333
9	2	5.536	1	1	0.05404
9	2	2.036	1	1	1.463
10	3	0.4577	0	1	0.9229
10	3	5.255	1	1	-0.04991
10	3	0.4338	1	0	-0.208
10	3	3.777	1	1	0.4345
10	3	5.25	1	1	-0.4047
10	3	3.412	1	1	0.3701
10	3	3.475	0	0	0.1932
10	3	5.153	0	0	-0.0695
10	3	1.577	1	1	-2.423
10	3	1.608	1	1	-0.4472
10	3	1.579	1	1	0.4303
10	3	3.659	1	1	1.182
10	3	2.108	0	0	0.6377
10	3	1.496	0	1	-1.057
10	3	1.964	0	1	-1.76
10	3	3.496	1	1	0.6135
10	3	0.9542	0	1	0.4952
10	3	5.625	0	0	0.9984
10	3	0.7012	0	1	0.2884
10	3	3.242	1	1	-1.023
10	3	5.301	0	0	0.1588
10	3	1.01	0	1	0.1839
10	3	5.339	1	0	4.125
10	3	0.2988	0	1	0.0778
10	3	0.06345	0	0	0.7845
10	3	5.5	0	0	0.8463
10	3	1.679	1	1	-1.094
10	3	0.5038	1	1	-1.046
10	3	0.86	0	1	0.142
10	3	3.986	1	1	-0.9663
10	3	5.291	0	0	-1.055
10	3	1.574	1	1	-0.599
10	3	5.463	0	0	-1.302
10	3	1.997	0	0	0.9746
10	3	3.444	1	1	-1.663
10	3	1.9	1	1	0.3087
10	3	0.9954	1	1	0.1196
10	3	0.7497	0	1	0.006652
10	3	3.765	0	1	-0.02893
10	3	0.7832	0	1	-0.9017
10	3	5.413	1	1	0.1145
10	3	1.12	0	1	0.6376
10	3	0.7249	1	1	0.4465
10	3	0.5884	1	0	1.655
10	3	1.128	1	1	-0.02134
10	3	3.536	0	1	0.6147
10	3	0.733	1	0	0.4924
10	3	0.2016	1	1	0.4026
10	3	0.1002	0	1	2.027
10	3	0.4123	0	1	3.465
11	3	0.6475	0	1	1.229
11	3	5.247	0	0	0.9684
11	3	3.687	0	0	-1.284
11	3	0.7987	1	0	-0.6942
11	3	0.8797	0	0	0.9434
11	3	5.48	0	0	-1.651
11	3	4.92	1	1	-0.8175
11	3	1.015	1	1	-1.416
11	3	1.46	1	1	0.2807
11	3	2.023	0	1	-0.3813
11	3	3.526	1	1	0.1438
11	3	3.141	1	1	-1.586
11	3	5.478	0	0	0.243
11	3	3.584	1	1	-1.392
11	3	3.446	1	1	-0.3471
11	3	3.475	0	0	-1.111
11	3	5.475	1	1	-0.1146
11	3	0.5234	1	0	-1.252
11	3	1.156	1	1	0.3164
11	3	3.383	1	1	-0.7712
11	3	0.9599	0	1	-2.247
11	3	0.7748	0	1	0.09932
11	3	1.763	1	1	-0.5765
11	3	0.9987	1	1	0.4581
11	3	0.6442	0	1	-0.6783
11	3	1.765	1	1	-0.1827
11	3	1.657	0	0	1.698
11	3	5.108	0	0	0.8688
11	3	1.849	1	1	0.1364
11	3	0.2916	0	1	-0.07021
11	3	0.5978	0	0	0.8032
11	3	0.2415	0	0	-0.208
11	3	1.046	1	1	0.5128
11	3	0.3262	1	0	0.01454
11	3	1.963	1	1	0.7644
11	3	1.447	0	0	1.015
11	3	5.386	0	0	-0.3342
11	3	5.444	0	0	2.242
11	3	0.4301	1	1	1.197
11	3	3.677	1	1	-1.172
11	3	1.762	1	1	-1.706
11	3	0.512	0	0	-0.6716
11	3	5.541	0	0	0.328
11	3	0.5693	1	1	0.2647
11	3	5.409	0	0	1.353
11	3	1.954	0	0	0.6933
11	3	0.2794	0	1	1.557
11	3	3.578	0	0	1.631
11	3	3.296	1	1	0.4768
11	3	0.9626	0	1	0.2044
12	3	3.809	1	1	0.8851
12	3	0.8253	0	1	-0.6702
12	3	0.3824	1	1	-0.5744
12	3	5.232	0	0	-0.05018
12	3	0.8711	1	1	0.4253
12	3	0.5774	1	1	-0.2099
12	3	1.309	0	0	0.978
12	3	3.845	1	1	-0.669
12	3	3.435	1	1	-0.784
12	3	5.414	0	1	0.4111
12	3	1.682	0	1	1.319
12	3	0.5989	1	1	1.25
12	3	1.769	1	0	-0.4144
12	3	1.791	1	1	0.9231
12	3	1.098	0	0	-0.1193
12	3	1.928	0	0	1.637
12	3	3.716	1	1	-0.6132
12	3	0.6663	0	0	0.07374
12	3	0.6638	0	0	0.1924
12	3	0.9258	1	1	-0.9688
12	3	0.2474	1	0	-0.6193
12	3	3.559	0	1	-0.9556
12	3	1.668	0	0	0.1024
12	3	0.965	0	1	2.023
12	3	0.5036	1	0	-0.249
12	3	0.5919	0	1	-0.07112
12	3	1.813	1	0	-0.2986
12	3	5.475	0	1	0.1144
12	3	0.4665	0	0	0.6147
12	3	0.3327	1	1	-1.388
12	3	3.382	0	0	-0.9827
12	3	5.128	0	0	-1.109
12	3	0.4248	0	0	0.7031
12	3	3.321	0	0	0.6587
12	3	5.451	0	0	-0.3935
12	3	3.307	0	0	0.186
12	3	0.937	1	1	0.9478
12	3	1.119	1	1	0.2809
12	3	5.323	1	1	-0.359
12	3	5.512	1	1	-0.3351
12	3	5.423	1	1	-0.04761
12	3	2.011	0	0	0.8145
12	3	3.266	1	1	1.523
12	3	1.84	1	1	-1.152
12	3	5.66	0	0	-0.3788
12	3	0.5849	0	1	1.446
12	3	5.408	0	0	-0.9653
12	3	1.748	1	1	-0.8458
12	3	3.549	0	0	0.7519
13	3	0.2513	0	1	-0.4262
13	3	3.657	0	0	0.721
13	3	0.4574	1	0	1.055
13	3	1.851	1	1	-0.4258
13	3	5.43	0	0	-0.5754
13	3	1.776	0	1	0.09585
13	3	3.564	0	0	0.3245
13	3	1.038	0	0	-0.5822
13	3	0.7403	1	1	-0.961
13	3	3.468	1	1	0.1567
13	3	5.059	1	1	-0.8357
13	3	2.177	0	1	0.114
13	3	0.7836	0	0	-0.749
13	3	5.512	1	1	-0.4834
13	3	5.56	1	1	0.4881
13	3	5.236	1	1	0.8073
13	3	5.179	0	0	-0.1331
13	3	0.662	0	1	-0.6322
13	3	1.52	1	1	0.4408
13	3	5.57	1	1	1.119
13	3	3.617	0	0	0.2018
13	3	2.035	0	0	0.202
13	3	3.834	0	1	-0.8307
13	3	3.761	0	1	0.181
13	3	1.632	0	0	-1.512
13	3	0.8597	1	1	0.2859
13	3	0.867	0	1	1.953
13	3	3.383	1	1	-2.38
13	3	5.35	1	1	0.3223
13	3	1.697	0	1	-0.676
13	3	0.668	1	1	-0.02199
13	3	0.9865	1	1	-0.8199
13	3	0.7718	0	1	0.7881
13	3	3.28	0	1	-1.968
13	3	1.884	0	0	-0.08895
13	3	0.8522	1	1	0.5104
13	3	0.5716	0	1	0.09384
13	3	0.4446	1	0	0.8766
13	3	1.463	0	0	0.8063
13	3	3.631	0	0	-0.438
13	3	5.175	1	1	-1.203
13	3	0.6386	0	0	-0.8858
13	3	5.096	1	1	0.2868
13	3	0.4933	1	1	-2.932
13	3	0.5994	0	0	-0.701
13	3	3.455	1	1	0.9208
13	3	1.732	1	1	0.5697
13	3	0.872	1	0	0.7074
13	3	0.4265	0	1	0.7245
13	3	1.051	1	1	-0.6756
14	3	3.69	1	1	0.04925
14	3	0.8265	0	1	-0.05722
14	3	5.768	1	0	-0.146
14	3	0.3647	0	1	0.4939
14	3	5.105	0	0	-0.5072
14	3	0.9065	0	0	1.143
14	3	0.767	0	1	-0.8301
14	3	0.5476	0	0	1.505
14	3	3.745	1	1	0.7898
14	3	1.712	0	0	-0.7248
14	3	3.56	0	1	1.377
14	3	3.61	0	0	-0.4983
14	3	0.8048	1	0	0.5655
14	3	1.643	1	1	-1.153
14	3	1.896	0	1	0.04217
14	3	5.25	1	1	1.155
14	3	0.4774	0	0	0.8594
14	3	5.081	1	1	-1.239
14	3	0.7079	0	1	-1.002
14	3	5.813	0	1	0.04361
14	3	5.049	1	1	1.409
14	3	0.8428	0	1	0.4304
14	3	0.4423	1	1	0.04781
14	3	3.594	1	1	-0.362
14	3	3.755	0	0	-0.976
14	3	5.737	1	1	-1.419
14	3	1.69	1	1	-0.1115
14	3	1.918	1	0	0.5961
14	3	1.704	1	1	-0.8001
14	3	1.991	0	0	0.4353
14	3	5.264	1	1	0.8307
14	3	5.348	0	0	-2.058
14	3	0.6122	0	0	-0.1944
14	3	0.8083	0	1	-0.5213
14	3	0.6412	0	1	0.5131
14	3	1.576	1	1	0.3249
14	3	5.357	1	1	1.19
14	3	0.345	1	1	-0.9549
14	3	1.071	0	1	-0.4041
14	3	3.665	0	0	0.4569
14	3	0.378	0	1	-1.079
14	3	0.1416	1	0	0.7631
14	3	0.6279	0	1	-0.5058
14	3	0.5751	0	1	0.0003005
14	3	1.781	1	1	-0.882
14	3	1.825	0	0	0.3888
14	3	3.495	1	1	0.1697
14	3	3.739	1	1	-0.6365
14	3	0.2383	1	1	0.9399
14	3	3.331	1	1	-0.2944
15	3	5.428	1	1	0.683
15	3	0.6912	0	0	0.3132
15	3	1.476	1	1	-1.709
15	3	1.962	1	0	-0.02655
15	3	0.7067	0	1	-1.316
15	3	0.7592	1	0	1.355
15	3	5.439	1	0	-0.02547
15	3	0.6374	1	0	-0.6536
15	3	1.964	0	1	0.6682
15	3	3.698	1	0	-0.5326
15	3	3.643	0	0	0.3117
15	3	5.422	0	0	-0.7691
15	3	4.862	0	0	-0.5257
15	3	1.507	0	0	0.6455
15	3	2.06	1	1	0.4243
15	3	2	0	0	-0.8503
15	3	0.9694	0	1	0.9522
15	3	3.407	0	0	-0.1263
15	3	1.586	0	0	0.6301
15	3	0.7511	1	1	0.1771
15	3	0.1765	1	1	-2.052
15	3	0.9266	0	1	0.2515
15	3	3.821	1	1	-0.8172
15	3	0.2135	0	1	-0.2606
15	3	0.5303	0	1	1.451
15	3	3.578	1	1	0.4408
15	3	0.7265	0	1	-0.7962
15	3	5.164	0	0	0.3758
15	3	0.3754	1	1	0.851
15	3	5.243	1	1	-0.3265
15	3	4.946	0	0	-0.2268
15	3	5.201	1	1	0.04477
15	3	0.4418	1	1	-1.155
15	3	0.8476	0	0	-2.842
15	3	3.421	0	0	1.025
15	3	1.682	1	1	-0.3463
15	3	1.532	1	1	1.883
15	3	1.126	0	1	0.3422
15	3	1.2	1	1	0.7779
15	3	5.689	1	1	-1.896
15	3	0.6455	0	0	1.371
15	3	1.752	0	0	0.5457
15	3	3.81	0	0	-0.9559
15	3	3.405	0	1	0.7344
15	3	3.479	1	1	1.855
15	3	1.034	1	1	1.944
15	3	0.7349	0	1	-0.9083
15	3	3.462	0	0	-0.007103
15	3	5.531	1	1	-3.28
15	3	0.2527	1	1	-1.115
16	3	3.783	0	0	1.744
16	3	3.917	1	1	0.6647
16	3	0.6332	0	1	2.278
16	3	5.45	1	1	0.9538
16	3	3.835	0	0	-0.7565
16	3	1.689	1	1	-1.022
16	3	0.7823	1	1	1.009
16	3	0.9871	1	1	0.2041
16	3	1.355	1	1	-0.6626
16	3	1.948	1	1	-1.421
16	3	0.5619	0	1	-0.4345
16	3	3.649	0	0	-0.945
16	3	3.216	0	0	0.7566
16	3	1.286	0	1	0.0362
16	3	0.6837	1	1	-0.3882
16	3	0.2932	1	1	-0.4283
16	3	3.772	1	1	0.2287
16	3	3.187	0	0	-0.6679
16	3	3.63	0	0	-0.9925
16	3	5.52	0	0	0.5527
16	3	0.1518	1	1	-0.4751
16	3	3.8	1	1	-0.6266
16	3	1.872	0	0	-1.478
16	3	1.874	0	0	0.1976
16	3	5.13	0	0	-0.4339
16	3	1.197	1	1	-0.354
16	3	1.329	0	1	-0.5758
16	3	5.367	1	1	-2.458
16	3	5.407	1	1	-0.2941
16	3	0.7399	0	0	-0.8576
16	3	5.368	1	1	-0.3531
16	3	0.4283	0	1	0.1733
16	3	0.7537	1	1	0.8581
16	3	0.07027	1	0	1.169
16	3	5.242	0	0	-0.3478
16	3	3.557	0	0	-0.5355
16	3	5.491	1	1	-0.6487
16	3	0.9941	0	1	1.377
16	3	0.6333	1	1	0.5492
16	3	0.1306	0	0	0.1142
16	3	0.5821	0	0	-0.2717
16	3	5.045	0	0	-0.657
16	3	0.4054	0	0	0.2436
16	3	2.32	1	1	0.6677
16	3	1.939	1	1	-0.8533
16	3	1.865	1	1	0.131
16	3	1.629	1	1	0.3704
16	3	0.625	1	1	0.5068
16	3	5.346	0	0	0.9711
16	3	1.874	1	1	-0.6332
17	3	2.211	0	0	2.372
17	3	0.5736	0	1	-0.9828
17	3	5.435	0	0	0.4241
17	3	0.4444	0	1	-0.5438
17	3	2.037	1	1	0.688
17	3	0.9446	1	1	-0.1164
17	3	1.801	0	0	-0.9145
17	3	1.909	1	1	-0.2886
17	3	5.641	0	0	-0.3157
17	3	1.117	1	1	-0.1064
17	3	5.599	0	0	-0.6416
17	3	0.8654	1	1	1.051
17	3	3.665	1	1	0.7272
17	3	1.491	1	1	-0.1887
17	3	5.179	0	0	0.7762
17	3	0.8774	0	1	1.535
17	3	1.052	0	0	1.495
17	3	5.567	1	1	-0.216
17	3	0.8467	1	1	-0.316
17	3	0.9279	1	1	-0.7392
17	3	0.1017	1	1	0.358
17	3	3.596	0	0	0.06131
17	3	0.502	0	0	-0.1291
17	3	1.953	0	0	0.02437
17	3	3.758	0	0	-1.257
17	3	1.004	1	0	-0.3848
17	3	1.271	0	1	0.4967
17	3	3.868	1	1	-0.0641
17	3	0.4394	0	1	-0.8272
17	3	1.907	0	0	-0.176
17	3	3.63	1	0	0.962
17	3	3.528	1	1	0.3507
17	3	2.02	1	1	-3.663
17	3	5.206	0	0	-0.09208
17	3	0.7769	1	0	0.6562
17	3	5.254	0	0	0.3611
17	3	5.4	0	0	0.6899
17	3	1.185	1	0	1.76
17	3	3.587	1	1	0.9874
17	3	3.577	1	1	-0.8014
17	3	0.2833	0	0	1.18
17	3	3.563	0	0	1.002
17	3	5.406	0	0	-0.2397
17	3	5.29	1	1	0.7222
17	3	0.8829	1	1	0.03521
17	3	0.2421	1	1	0.7235
17	3	0.6328	1	1	1.116
17	3	3.364	0	0	-0.6123
17	3	1.806	1	1	0.5972
17	3	0.5314	0	1	1.568
18	3	1.363	0	0	2.7
18	3	3.459	0	1	-0.4184
18	3	3.657	0	0	0.3416
18	3	5.64	0	1	-1.435
18	3	1.844	0	1	-0.02213
18	3	3.642	0	0	0.3648
18	3	1.08	1	1	-1.122
18	3	0.127	1	1	-0.6768
18	3	3.67	1	1	0.1715
18	3	3.768	1	1	0.09056
18	3	0.7412	0	0	-0.2104
18	3	1.769	1	0	-1.172
18	3	5.275	0	0	-1.468
18	3	1.875	1	1	-1.37
18	3	0.7899	0	1	0.3185
18	3	5.262	1	1	-1.082
18	3	0.1344	0	1	-0.228
18	3	3.661	1	0	0.1631
18	3	1.022	1	0	0.6821
18	3	3.921	0	0	-1.37
18	3	5.428	0	0	-1.838
18	3	4.953	1	1	-0.2063
18	3	5.198	0	0	-0.3979
18	3	0.3842	0	0	-1.928
18	3	0.9612	0	1	-0.5445
18	3	0.985	1	1	0.001606
18	3	0.7185	1	0	0.1358
18	3	1.755	1	1	0.4893
18	3	1.657	0	1	-0.2402
18	3	1.635	0	0	0.574
18	3	1.132	1	0	-0.4758
18	3	0.657	1	1	-0.1574
18	3	1.973	0	0	-0.08325
18	3	1.632	1	0	-0.2942
18	3	2.1	1	1	-0.6206
18	3	0.7791	0	1	0.4648
18	3	2.091	0	0	-1.182
18	3	5.532	1	1	-0.7318
18	3	3.591	1	1	-0.01018
18	3	0.7902	0	0	-0.5028
18	3	5.138	1	1	0.5
18	3	3.191	1	1	-1.28
18	3	0.2164	1	1	-3.561
18	3	5.551	0	1	-0.1897
18	3	3.52	0	0	0.9633
18	3	0.3838	1	1	-0.6897
18	3	5.19	1	1	-1.164
18	3	0.3631	1	1	1.05
18	3	0.5703	0	1	-0.6547
18	3	0.9339	1	0	0.04055
19	3	5.281	1	1	2.274
19	3	5.585	1	1	-0.1017
19	3	3.619	1	1	-0.4955
19	3	1.798	1	1	-0.5274
19	3	0.4893	0	1	0.2479
19	3	5.409	0	0	0.291
19	3	0.531	1	1	0.6075
19	3	1.155	0	1	-0.263
19	3	0.7119	1	1	0.9468
19	3	0.2622	1	1	-0.2876
19	3	0.6176	1	1	-0.2215
19	3	1.639	1	1	-1.128
19	3	4.951	0	0	0.5413
19	3	0.397	0	0	1.929
19	3	1.799	1	0	-0.1584
19	3	6.011	0	1	0.1528
19	3	0.672	0	1	0.4326
19	3	3.475	0	0	-2.174
19	3	1.527	0	1	0.09162
19	3	1.883	1	0	1.197
19	3	3.835	0	1	0.4666
19	3	1.889	1	1	0.4046
19	3	0.495	0	1	0.5532
19	3	3.536	1	1	-1.163
19	3	1.024	1	1	-0.004437
19	3	0.8217	1	1	0.8564
19	3	3.731	1	1	0.2958
19	3	0.6371	0	0	-0.6502
19	3	1.655	1	1	-0.3468
19	3	3.558	0	0	1.144
19	3	0.63	0	1	0.7946
19	3	0.6834	1	0	-0.4175
19	3	5.439	1	1	-0.8354
19	3	0.5666	0	1	-1.64
19	3	3.337	0	1	-1.118
19	3	1.948	1	0	0.1062
19	3	3.589	0	0	0.1856
19	3	3.606	0	0	-0.3776
19	3	5.223	1	1	0.1843
19	3	5.662	1	1	1.186
19	3	5.323	1	1	-1.733
19	3	0.9048	0	1	-0.05404
19	3	5.399	0	0	0.4326
19	3	1.095	0	0	-0.2347
19	3	0.6309	1	1	-1.459
19	3	1.905	0	0	0.6138
19	3	1.931	0	1	-1.305
19	3	0.4369	0	0	-2.792
19	3	0.557	0	0	0.354
19	3	3.594	1	1	-1.624
20	4	0.7811	0	1	1.248
20	4	5.38	0	0	-0.5301
20	4	5.026	0	0	0.3343
20	4	3.646	1	1	-0.1424
20	4	0.8227	0	1	-0.1131
20	4	0.5479	1	1	-0.2659
20	4	0.4885	0	1	-0.5781
20	4	1.839	0	0	-1.325
20	4	3.852	1	1	-0.6196
20	4	3.293	1	1	-0.6856
20	4	5.041	1	1	0.4916
20	4	0.8646	1	1	-0.1799
20	4	3.591	1	1	1.028
20	4	1.816	0	1	1.69
20	4	0.2734	1	0	-0.0276
20	4	0.9302	1	1	-0.06358
20	4	5.468	0	0	-1.069
20	4	3.443	1	1	0.2792
20	4	0.7006	1	1	-0.5416
20	4	1.987	0	0	2.067
20	4	0.7371	0	1	-0.5582
20	4	5.478	0	0	-0.794
20	4	0.9753	0	1	-0.2076
20	4	3.631	1	1	2.864
20	4	3.793	1	1	0.1356
20	4	1.792	1	1	3.663
20	4	1.602	0	0	-0.3559
20	4	3.573	1	1	-0.08164
20	4	0.322	0	1	-1.096
20	4	1.7	0	0	0.1254
20	4	5.285	0	0	0.04159
20	4	0.5146	0	1	1.653
20	4	0.1133	1	0	0.7687
20	4	1.14	1	1	-0.1291
20	4	5.554	1	1	1.65
20	4	0.4174	0	1	0.2335
20	4	3.451	1	1	-1.243
20	4	3.514	0	0	-0.1299
20	4	1.838	0	0	0.2271
20	4	0.5606	1	1	1.186
20	4	5.502	1	1	0.9204
20	4	1.098	1	1	0.2947
20	4	0.2134	0	1	0.4518
20	4	5.322	1	1	-0.09842
20	4	5.505	0	0	0.185
20	4	2.019	0	0	-1.199
20	4	1.736	1	1	-0.1418
20	4	1.895	0	1	-1.61
20	4	0.8376	0	1	-0.3762
20	4	0.3739	1	0	1.394
21	4	5.511	0	0	2.502
21	4	5.556	1	1	0.6215
21	4	1.67	0	1	-0.4121
21	4	0.7704	1	0	-1.2
21	4	1.604	0	0	-0.2562
21	4	1.941	0	0	0.7675
21	4	1.567	1	1	0.01133
21	4	3.724	0	0	-1.211
21	4	1.737	1	1	1.144
21	4	5.491	0	0	0.6782
21	4	3.081	1	1	1.044
21	4	5.38	1	0	-0.3946
21	4	3.416	1	1	0.208
21	4	1.069	1	0	0.2684
21	4	1.836	1	1	0.4615
21	4	0.4298	0	0	1.623
21	4	0.3023	1	0	0.02659
21	4	1.96	0	1	0.5632
21	4	0.7838	0	0	0.8772
21	4	0.5516	1	1	1.092
21	4	3.91	0	0	-0.09143
21	4	2.112	1	1	-0.06572
21	4	3.612	1	1	-0.04922
21	4	0.9361	1	1	-1.503
21	4	1.955	1	1	-0.6568
21	4	1.149	0	1	2.2
21	4	0.7079	0	1	1.751
21	4	0.6105	0	1	-0.2485
21	4	1.685	0	0	0.8225
21	4	0.4652	0	1	-0.4484
21	4	0.2955	0	1	1.733
21	4	3.808	1	1	0.8547
21	4	3.531	1	1	-0.1198
21	4	5.546	1	1	1.321
21	4	3.563	1	1	-0.3407
21	4	5.517	1	1	-1
21	4	0.6775	0	1	1.956
21	4	1.199	0	0	0.8072
21	4	0.93	1	1	0.323
21	4	0.1617	1	1	-2.517
21	4	1.115	0	1	-0.2949
21	4	1.154	1	1	-0.4029
21	4	3.877	0	1	0.4414
21	4	5.524	0	0	-0.9895
21	4	0.5993	0	1	0.6827
21	4	1.067	0	1	-3.128
21	4	5.205	0	0	0.3547
21	4	5.063	1	1	0.8847
21	4	3.505	1	1	1.297
21	4	5.081	0	0	0.3787
22	4	0.08875	1	0	1.254
22	4	5.524	0	0	0.4892
22	4	5.237	0	0	0.8172
22	4	5.486	0	0	1.024
22	4	0.6636	1	1	-1.512
22	4	1.715	1	1	-0.4069
22	4	3.597	0	1	1.093
22	4	3.441	0	0	1.653
22	4	1.599	1	1	1.426
22	4	0.5817	1	1	0.4554
22	4	0.5501	0	1	2.483
22	4	1.39	0	0	0.3348
22	4	0.9841	1	1	0.1464
22	4	5.587	0	0	0.3102
22	4	0.984	1	1	2.61
22	4	3.612	0	0	2.203
22	4	0.9498	0	0	-0.9363
22	4	3.593	0	0	1.061
22	4	0.796	1	1	1.417
22	4	0.3837	0	0	0.3196
22	4	0.1546	0	0	1.848
22	4	3.423	0	0	-1.278
22	4	1.13	0	0	0.2164
22	4	0.8656	0	1	-0.03744
22	4	0.7557	0	0	1.022
22	4	0.6628	0	1	0.1863
22	4	3.762	1	1	0.009555
22	4	0.7956	0	0	-0.0293
22	4	5.499	0	0	0.9703
22	4	3.515	1	1	-1.244
22	4	1.025	0	1	1.921
22	4	1.809	1	1	-1.237
22	4	1.856	1	1	0.1455
22	4	5.524	0	0	0.6924
22	4	5.28	1	1	-0.6399
22	4	5.855	1	1	-0.2856
22	4	5.526	0	0	2.471
22	4	1.668	1	1	0.7546
22	4	3.666	1	0	2.47
22	4	0.7273	1	0	2.115
22	4	1.804	1	1	0.1894
22	4	0.7228	1	1	-1.313
22	4	1.957	1	1	-0.4488
22	4	5.326	0	0	-0.1558
22	4	1.725	1	1	0.4727
22	4	3.355	1	1	0.8624
22	4	0.4198	0	0	1.304
22	4	1.869	1	1	-0.04052
22	4	1.202	1	0	1.278
22	4	3.294	1	1	0.6995
23	4	0.5836	1	1	0.9833
23	4	1.882	0	0	0.01249
23	4	5.505	1	1	2.026
23	4	0.6256	1	1	-0.967
23	4	2.014	1	1	-0.8215
23	4	0.7535	0	0	0.3703
23	4	0.7303	1	0	-0.2633
23	4	1.969	0	0	-0.2293
23	4	3.513	0	0	-0.2155
23	4	0.7619	1	0	0.06365
23	4	3.805	0	0	-3.396
23	4	5.403	0	0	0.2649
23	4	1.835	1	1	0.7984
23	4	0.2428	1	1	-0.7787
23	4	5.367	1	1	-1.434
23	4	1.901	0	1	2.021
23	4	5.59	0	0	-0.3965
23	4	3.745	1	0	-0.04659
23	4	3.569	0	0	0.9107
23	4	3.766	0	0	-0.6506
23	4	1.519	0	1	-0.4066
23	4	0.5948	0	0	0.8345
23	4	3.884	0	0	0.2101
23	4	0.3925	1	1	0.2455
23	4	3.562	1	1	0.5234
23	4	5.417	1	1	0.1228
23	4	5.336	1	1	0.8887
23	4	1.758	0	0	-0.7265
23	4	5.369	0	0	1.304
23	4	0.7537	1	1	-0.6696
23	4	0.8942	0	0	-0.04322
23	4	0.7528	1	1	-0.7917
23	4	5.711	0	0	-0.4276
23	4	0.9352	0	0	1.353
23	4	5.21	0	0	1.095
23	4	0.6625	0	1	-0.7126
23	4	1.562	0	1	0.151
23	4	1.507	1	1	1.227
23	4	1.064	1	1	0.2289
23	4	1.715	0	0	1.102
23	4	0.5806	1	0	0.8304
23	4	3.474	1	1	-0.6513
23	4	0.4914	0	1	-0.2195
23	4	1.141	1	1	0.6698
23	4	3.531	1	1	0.4461
23	4	5.22	1	1	-0.5438
23	4	0.5676	0	0	0.4459
23	4	0.542	1	1	-0.8242
23	4	3.545	1	1	1.028
23	4	0.3448	0	0	-0.02166
24	4	0.7738	0	0	2.779
24	4	0.5122	0	0	0.5046
24	4	5.302	1	1	-0.171
24	4	0.4732	1	1	-1.025
24	4	3.683	1	0	0.4541
24	4	0.9111	1	1	-0.2017
24	4	1.627	1	1	0.4488
24	4	5.466	0	0	-0.7173
24	4	0.7029	0	1	0.5511
24	4	1.812	1	1	-0.3072
24	4	1.339	0	0	0.164
24	4	0.8566	1	1	-1.122
24	4	0.5601	1	1	-0.5119
24	4	0.9408	1	1	0.253
24	4	1.729	0	0	0.4032
24	4	0.6308	0	1	0.1108
24	4	0.5606	1	0	0.1972
24	4	5.294	0	0	-0.3098
24	4	0.4599	1	1	-1.211
24	4	4.971	0	0	-0.008447
24	4	1.902	1	1	0.8974
24	4	1.201	0	0	-0.3954
24	4	0.9804	0	0	0.3882
24	4	5.604	0	0	0.2648
24	4	3.352	0	0	0.6012
24	4	5.218	0	0	-0.01357
24	4	1.983	1	1	-0.5656
24	4	3.907	0	0	-0.7133
24	4	1.694	0	1	-0.002407
24	4	0.7463	1	1	-0.4448
24	4	1.301	0	1	-0.2162
24	4	1.966	0	0	0.9567
24	4	1.017	1	1	-0.469
24	4	3.681	0	0	-1.389
24	4	0.1947	1	0	0.08439
24	4	0.8962	1	1	-0.5501
24	4	0.4477	1	1	-0.5392
24	4	3.691	1	1	0.6999
24	4	1.823	0	1	0.1913
24	4	5.916	1	1	-0.2045
24	4	0.5536	1	1	0.09887
24	4	1.451	1	1	-0.1006
24	4	3.437	1	1	1.393
24	4	3.634	0	0	0.006332
24	4	5.242	1	1	-0.5077
24	4	3.41	0	1	-1.738
24	4	3.774	0	0	-0.02764
24	4	5.385	0	0	-0.469
24	4	3.24	1	1	-1.424
24	4	5.393	1	1	2.296
25	4	0.702	1	1	1.966
25	4	4.896	0	0	-0.5096
25	4	0.6424	0	1	0.7584
25	4	0.7731	1	0	-0.2018
25	4	0.605	1	0	0.3805
25	4	0.7467	1	1	0.6612
25	4	3.724	0	0	0.4663
25	4	5.328	1	1	-0.449
25	4	0.7439	0	1	0.3068
25	4	2.204	0	0	0.0842
25	4	5.195	1	1	-1.466
25	4	1.153	0	1	-0.5639
25	4	0.4838	1	1	0.9677
25	4	1.853	0	0	-0.4327
25	4	5.342	1	1	0.1308
25	4	5.526	0	0	0.02252
25	4	1.901	0	1	-0.9893
25	4	1.482	0	0	-0.4071
25	4	0.7303	1	0	0.7524
25	4	3.866	0	0	-0.1262
25	4	1.059	0	1	0.09923
25	4	0.4093	0	0	0.2628
25	4	3.988	1	1	1.487
25	4	5.027	0	0	0.1099
25	4	0.882	0	0	3.149
25	4	3.672	1	1	-0.8547
25	4	3.719	1	1	-0.7311
25	4	1.717	1	1	-0.4408
25	4	3.58	1	1	0.956
25	4	0.2695	1	0	-0.06178
25	4	1.76	1	1	-0.1028
25	4	3.819	1	1	0.8717
25	4	0.3397	0	1	0.1234
25	4	0.5666	0	1	-0.9562
25	4	3.606	1	1	0.01265
25	4	2.022	1	1	0.4645
25	4	3.833	0	0	-1.015
25	4	0.9852	1	0	-0.2979
25	4	5.448	0	0	0.4167
25	4	5.413	1	1	-0.3601
25	4	5.242	1	1	0.02769
25	4	0.5054	0	0	1.67
25	4	1.273	0	0	1.463
25	4	1.13	0	0	2.141
25	4	1.952	1	1	0.2999
25	4	5.411	0	0	1.226
25	4	0.2284	0	0	0.2139
25	4	0.9868	0	0	1.4
25	4	1.819	0	1	0.5645
25	4	3.775	1	1	-0.9332
26	4	0.1632	0	1	0.9218
26	4	1.7	0	0	-0.5281
26	4	0.3369	0	0	0.6963
26	4	5.854	1	1	-1.971
26	4	1.083	1	1	-0.2386
26	4	1.133	0	1	1.419
26	4	3.971	0	0	-0.6953
26	4	0.6359	1	0	-0.3096
26	4	3.546	1	1	-0.6661
26	4	5.46	0	0	0.8862
26	4	1.242	0	1	-0.7955
26	4	0.4571	0	0	-0.2506
26	4	3.729	1	1	-0.2701
26	4	5.225	1	1	-0.07916
26	4	1.635	1	1	1.085
26	4	3.538	1	1	0.2334
26	4	0.4429	0	1	-0.3883
26	4	3.534	0	0	-1.098
26	4	0.5358	0	1	0.2678
26	4	0.8934	1	0	1.582
26	4	5.51	1	1	0.5975
26	4	3.898	0	0	-0.5848
26	4	0.7619	1	1	-0.02665
26	4	2.236	0	0	0.3898
26	4	0.2595	0	0	1.112
26	4	1.753	1	1	-1.659
26	4	0.8713	0	0	0.302
26	4	0.9968	1	1	1.654
26	4	5.191	1	1	-0.3683
26	4	0.6229	1	0	1.171
26	4	1.331	0	0	0.2965
26	4	1.754	1	1	-0.2415
26	4	5.214	1	1	-1.327
26	4	3.877	0	0	1.142
26	4	1.032	1	1	-0.6158
26	4	5.409	0	1	0.4139
26	4	1.987	1	1	0.9569
26	4	0.6544	0	0	0.255
26	4	3.611	0	1	0.5808
26	4	5.297	0	0	-0.5107
26	4	0.5001	1	1	-0.5339
26	4	2.117	1	1	-1.008
26	4	3.798	0	0	-1.112
26	4	0.6481	0	1	-0.2275
26	4	5.757	0	0	-0.2772
26	4	5.618	0	0	-0.2254
26	4	1.788	1	1	1.48
26	4	3.377	0	1	-0.1113
26	4	0.2361	1	1	2.033
26	4	1.713	1	1	0.312
27	4	1.013	0	0	1.709
27	4	0.6919	1	1	0.9692
27	4	3.631	1	1	-0.5581
27	4	1.769	0	0	-1.327
27	4	1.608	0	0	1.25
27	4	0.5948	1	1	-1.349
27	4	5.539	0	0	0.9137
27	4	1.529	0	1	0.8179
27	4	3.624	0	0	0.02108
27	4	0.6616	1	1	-0.2134
27	4	0.9423	1	1	1.052
27	4	1.066	0	1	2.092
27	4	5.295	0	0	-0.884
27	4	5.474	0	0	1.278
27	4	3.919	1	1	0.6849
27	4	0.3201	1	1	-0.2706
27	4	1.869	1	0	1.006
27	4	5.458	0	0	-0.0569
27	4	3.607	0	0	-0.2036
27	4	0.2461	0	1	-2.458
27	4	0.4552	0	0	0.4166
27	4	0.2297	1	0	1.761
27	4	5.54	0	1	-1.013
27	4	1.109	1	1	-0.3614
27	4	1.86	1	0	1.366
27	4	3.451	1	1	2.508
27	4	0.8012	1	1	-1.18
27	4	1.007	1	0	1.325
27	4	0.1072	0	1	-0.1555
27	4	0.9947	1	1	-1.355
27	4	5.228	1	1	-1.441
27	4	3.572	0	1	-0.2642
27	4	5.521	1	0	1.178
27	4	2.105	1	1	-1.362
27	4	5.219	1	1	0.1066
27	4	0.7047	1	1	0.5702
27	4	3.628	0	0	-1.098
27	4	1.754	0	0	1.085
27	4	0.3166	0	1	0.9435
27	4	2.116	1	1	-1.365
27	4	0.4203	0	1	-0.9937
27	4	0.569	1	0	-0.7747
27	4	3.594	0	1	-0.2392
27	4	3.666	0	1	0.3096
27	4	0.4743	1	1	-0.1638
27	4	1.823	0	0	0.4743
27	4	3.527	1	1	-0.05784
27	4	1.686	0	0	-0.1589
27	4	5.511	0	0	-0.182
27	4	5.297	1	1	-0.7899
28	4	1.572	1	1	2.372
28	4	3.792	1	1	1.066
28	4	0.9442	1	1	1.09
28	4	1.63	1	1	-0.05024
28	4	3.643	1	1	1.426
28	4	1.802	1	1	-0.3711
28	4	1.971	0	1	-0.7414
28	4	2.127	0	0	-0.5132
28	4	5.251	0	0	0.01951
28	4	5.272	1	1	-1.198
28	4	1.138	0	1	0.908
28	4	0.4387	0	1	0.1131
28	4	5.477	0	0	-0.3081
28	4	0.3899	1	0	-0.6585
28	4	3.767	1	1	0.07838
28	4	1.732	0	0	-0.3011
28	4	1.01	0	1	0.5249
28	4	0.8522	1	1	0.7503
28	4	3.469	1	0	0.3777
28	4	3.736	0	0	-0.0009591
28	4	1.838	1	1	-0.9986
28	4	1.03	0	0	-0.1031
28	4	5.523	1	1	-1.003
28	4	5.115	1	1	-0.09824
28	4	0.6559	0	0	-0.5883
28	4	0.3066	1	0	-0.4849
28	4	3.522	0	0	0.3365
28	4	1.812	0	0	-1.06
28	4	0.4518	1	1	-0.04675
28	4	5.287	0	0	-0.6877
28	4	1.567	1	1	-1.162
28	4	0.2856	0	1	0.1862
28	4	3.727	0	0	-1.996
28	4	1.894	1	1	0.3643
28	4	4.03	1	1	-1.582
28	4	0.305	1	0	-0.8524
28	4	0.324	0	1	-0.7761
28	4	1.008	0	1	-0.6684
28	4	0.1712	0	0	1.398
28	4	5.642	0	0	-0.9299
28	4	0.5799	1	1	-1.416
28	4	5.325	1	1	-2.64
28	4	1.029	1	1	-0.2207
28	4	3.537	0	0	-0.9629
28	4	5.59	0	0	-0.6201
28	4	0.8853	0	0	-1.486
28	4	3.506	1	1	-0.3164
28	4	5.254	1	1	-1.333
28	4	0.8879	0	0	1.228
28	4	0.8558	1	1	-0.3334
29	4	5.079	1	1	-0.002199
29	4	5.454	0	0	0.4761
29	4	5.231	1	1	-0.6687
29	4	0.5563	1	1	0.3763
29	4	3.429	1	1	-0.2373
29	4	0.8467	1	1	0.07918
29	4	0.4499	0	1	-2.21
29	4	1.755	1	1	1.613
29	4	1.258	0	0	0.2676
29	4	0.9014	0	1	-0.7455
29	4	1.706	1	0	0.3845
29	4	1.381	1	0	0.6756
29	4	0.6181	1	1	-0.4755
29	4	5.341	0	0	0.2391
29	4	1.118	0	0	-0.2512
29	4	3.494	1	1	0.1427
29	4	3.371	1	0	0.9964
29	4	1.824	0	1	1.4
29	4	0.6119	0	1	-1.397
29	4	1.634	1	0	-0.03877
29	4	0.7442	1	1	-0.1187
29	4	0.8966	0	1	-0.5313
29	4	0.7464	1	0	-0.1674
29	4	3.893	1	1	0.1567
29	4	3.359	0	0	-0.6885
29	4	1.011	1	1	-0.8638
29	4	0.2974	1	1	-0.2728
29	4	3.775	1	1	-1.346
29	4	3.376	1	1	-1.161
29	4	3.74	0	1	1.265
29	4	5.714	1	0	0.2057
29	4	0.6731	0	0	0.05903
29	4	0.8078	0	0	0.05824
29	4	0.2831	1	1	-0.03306
29	4	0.9238	0	1	-0.08601
29	4	5.967	0	0	-0.3617
29	4	3.684	0	0	-0.02162
29	4	1.438	0	1	-0.2247
29	4	0.5209	0	1	-0.1665
29	4	3.911	1	1	-2.035
29	4	5.478	1	1	-0.773
29	4	1.099	0	0	1.245
29	4	0.3827	0	0	-0.7515
29	4	1.88	0	0	-0.9064
29	4	1.869	0	0	0.6374
29	4	5.517	0	0	-0.2328
29	4	1.774	1	1	-2.263
29	4	5.357	0	0	-0.6425
29	4	5.239	1	1	-0.4581
29	4	1.411	1	1	-0.6382
30	5	2.091	1	0	1.179
30	5	2.074	1	1	-1.217
30	5	0.441	0	1	0.2666
30	5	1.967	0	0	-0.9024
30	5	3.71	1	1	-1.299
30	5	1.494	1	0	0.142
30	5	0.6655	1	1	-0.3727
30	5	0.6761	1	1	-0.02406
30	5	0.7031	1	1	-0.5367
30	5	3.6	1	1	0.7453
30	5	5.226	0	0	0.2721
30	5	0.9606	1	1	0.4018
30	5	3.53	0	0	-1.035
30	5	5.45	1	1	0.5091
30	5	4.924	1	1	-0.4071
30	5	0.882	0	0	-0.1823
30	5	0.9085	0	0	0.5345
30	5	3.872	0	0	0.186
30	5	3.243	1	1	-0.2325
30	5	3.238	0	0	-0.526
30	5	1.839	0	0	0.1831
30	5	5.268	1	1	-1.943
30	5	0.6313	0	1	0.2588
30	5	0.9883	1	0	-0.04331
30	5	1.197	0	0	-0.5893
30	5	0.3012	0	1	0.2671
30	5	5.259	0	0	0.4348
30	5	2.079	0	1	0.3107
30	5	0.7386	0	0	-0.9913
30	5	5.423	1	1	2.411
30	5	5.057	0	0	-1.134
30	5	0.6732	1	1	1.852
30	5	3.719	1	1	-0.5726
30	5	0.1861	0	0	-0.2168
30	5	0.6079	1	1	-0.6181
30	5	2.204	1	0	1.769
30	5	1.829	1	1	1.23
30	5	1.538	0	1	-1.585
30	5	0.3695	0	0	0.6273
30	5	5.511	1	0	0.8327
30	5	3.191	0	1	1.232
30	5	0.688	1	0	0.587
30	5	0.09519	1	1	1.535
30	5	0.7779	0	1	2.221
30	5	5.322	0	0	1.494
30	5	0.9528	0	1	0.08943
30	5	1.957	1	1	-3.272
30	5	3.38	1	1	-0.5154
30	5	3.938	1	1	0.8608
30	5	5.401	0	0	1.057
31	5	0.4047	0	0	-0.2265
31	5	0.5601	0	1	0.3177
31	5	0.5843	0	0	-0.1643
31	5	5.456	0	0	0.8738
31	5	3.456	0	0	2.288
31	5	5.371	1	1	-2.331
31	5	3.557	1	1	1.337
31	5	1.759	0	0	-0.9309
31	5	3.728	1	1	0.7016
31	5	0.6322	1	0	1.061
31	5	3.575	1	0	-1.465
31	5	1.079	0	1	-0.1811
31	5	1.682	1	1	0.5481
31	5	5.374	0	0	-0.7793
31	5	1.064	0	0	1.534
31	5	0.3914	1	0	2.125
31	5	3.596	0	1	1.281
31	5	2.266	1	0	-0.5884
31	5	1.987	1	1	1.173
31	5	3.537	1	0	0.9061
31	5	5.272	0	0	-1.286
31	5	0.582	1	0	0.1897
31	5	3.926	0	1	0.05025
31	5	3.841	1	1	0.6383
31	5	0.5874	1	1	-0.2203
31	5	5.678	0	0	-0.6972
31	5	5.523	0	0	0.5161
31	5	0.947	1	1	-0.6602
31	5	1.094	1	1	0.7276
31	5	1.693	0	1	-0.8455
31	5	0.4411	1	1	-0.4404
31	5	2.075	1	1	-0.1549
31	5	2.197	0	0	0.8219
31	5	3.574	0	0	-0.9127
31	5	0.6693	1	1	2.366
31	5	5.129	0	0	0.1363
31	5	0.9382	1	1	1.11
31	5	0.4508	0	0	-0.2294
31	5	1.662	0	0	0.1416
31	5	1.84	0	1	-0.05001
31	5	5.711	1	1	0.8146
31	5	0.1502	1	0	1.377
31	5	5.441	1	1	0.8334
31	5	0.9431	0	0	2.156
31	5	5.359	0	1	-0.7876
31	5	1.168	0	0	-1.395
31	5	0.9859	0	0	0.4951
31	5	1.95	0	0	1.383
31	5	3.756	1	1	-1.97
31	5	0.3677	1	0	-0.8644
32	5	1.014	1	0	0.8224
32	5	0.4616	1	1	1.606
32	5	3.807	1	1	0.9111
32	5	0.7637	0	1	-0.1614
32	5	1.821	0	0	-1.374
32	5	3.719	1	1	-1.397
32	5	5.368	0	0	0.2673
32	5	3.509	1	1	-0.3209
32	5	5.712	1	1	0.6439
32	5	1.33	0	0	0.06184
32	5	0.3934	0	1	0.4252
32	5	5.563	0	0	0.1756
32	5	5.47	1	1	-0.2407
32	5	1.109	0	1	-0.6565
32	5	1.781	0	1	1.15
32	5	3.58	1	0	-0.1663
32	5	1.086	1	1	0.01338
32	5	0.02921	1	0	0.2155
32	5	5.362	1	1	-0.3407
32	5	0.5337	0	0	-1.381
32	5	0.8601	0	1	-1.822
32	5	3.748	1	1	-0.7038
32	5	0.2974	1	1	0.03623
32	5	0.9403	0	0	-0.02759
32	5	5.463	0	0	-0.4395
32	5	3.499	0	0	-0.1704
32	5	5.703	1	1	-0.1801
32	5	0.4886	1	0	-0.5537
32	5	1.803	1	0	-0.3549
32	5	3.676	0	1	-0.3772
32	5	3.321	0	0	1.175
32	5	1.904	1	1	0.4222
32	5	1.089	0	0	0.476
32	5	5.606	1	1	0.992
32	5	3.479	0	0	0.6226
32	5	1.62	0	0	-1.059
32	5	1.991	1	1	-0.03323
32	5	1.438	1	1	1.883
32	5	5.381	0	0	-2.86
32	5	0.6065	1	1	0.2788
32	5	1.911	0	0	-0.6404
32	5	0.4775	1	0	0.1092
32	5	1.586	0	0	-0.8472
32	5	3.599	0	1	1.997
32	5	0.8376	1	1	0.6223
32	5	1.717	1	1	0.8495
32	5	0.5415	1	1	0.5202
32	5	0.6921	0	1	-0.415
32	5	0.8421	0	0	-0.06214
32	5	5.368	0	0	0.8003
33	5	3.251	1	1	2.42
33	5	5.517	1	1	0.3701
33	5	3.576	1	1	1.255
33	5	5.645	1	1	-1.118
33	5	3.513	1	1	0.643
33	5	0.9389	1	1	1.096
33	5	3.534	1	1	-0.2608
33	5	1.811	1	1	0.1793
33	5	5.446	0	0	-1.448
33	5	1.754	0	0	-0.2564
33	5	0.8592	0	0	1.16
33	5	3.298	0	0	0.3269
33	5	1.013	1	1	0.4403
33	5	5.459	0	0	0.5321
33	5	5.414	1	1	1.652
33	5	4.898	1	1	-1.155
33	5	3.757	0	0	0.3204
33	5	1.267	1	1	-1.003
33	5	0.6327	0	1	-0.5282
33	5	1.91	0	0	-0.5971
33	5	1.022	0	0	-0.5621
33	5	0.5312	1	0	1.214
33	5	5.344	0	0	0.6788
33	5	5.614	1	1	-0.08803
33	5	5.453	0	0	-2.773
33	5	0.6319	1	0	1.228
33	5	0.9275	1	1	1.029
33	5	5.437	0	0	-0.2964
33	5	1.759	0	0	-0.1785
33	5	1.663	1	1	-0.2285
33	5	0.1016	0	0	0.5551
33	5	3.376	0	0	-0.179
33	5	1.352	0	1	-0.01011
33	5	3.373	1	0	-1.031
33	5	1.716	0	0	-0.9168
33	5	0.4077	1	1	0.06055
33	5	0.7069	1	1	0.1522
33	5	0.8568	1	1	1.788
33	5	0.703	0	1	-0.7541
33	5	0.1862	1	1	1.242
33	5	3.655	0	0	1.344
33	5	0.5209	0	0	0.4267
33	5	1.988	1	1	1.964
33	5	0.4513	1	1	0.6853
33	5	0.2651	0	1	-1.168
33	5	1.036	0	0	1.499
33	5	1.682	0	0	1.122
33	5	3.416	0	0	0.6229
33	5	1.447	0	0	0.2656
33	5	1.263	1	1	-1.051
34	5	2.123	0	0	1.752
34	5	3.499	0	0	1.034
34	5	0.8831	0	1	0.0007173
34	5	1.642	0	0	-0.1962
34	5	0.4267	0	0	2.113
34	5	1.194	1	0	0.5774
34	5	1.882	1	1	-0.3488
34	5	1.765	0	0	0.1008
34	5	5.499	1	1	0.77
34	5	0.8305	1	1	-0.8217
34	5	0.324	0	0	0.2237
34	5	5.189	1	1	1.606
34	5	5.316	1	1	1.768
34	5	0.9682	1	0	0.01218
34	5	0.4327	0	1	-0.9054
34	5	3.499	1	1	-1.471
34	5	4.051	1	1	-0.6054
34	5	1.08	1	1	-0.01793
34	5	0.824	1	1	-0.6934
34	5	3.885	1	1	0.2624
34	5	5.01	0	0	-0.06448
34	5	2.248	1	0	-0.5672
34	5	0.6406	0	0	-0.3663
34	5	5.625	0	0	1.105
34	5	3.301	0	0	0.4442
34	5	3.651	1	1	1.134
34	5	0.4732	1	1	0.484
34	5	1.004	0	1	-0.6612
34	5	5.082	1	1	-0.774
34	5	3.745	0	0	-1.092
34	5	5.229	0	0	-0.9012
34	5	0.9816	1	1	-1.749
34	5	3.323	0	0	0.7405
34	5	0.1045	0	1	-1.133
34	5	0.4234	1	1	-1.161
34	5	0.6208	1	1	-1.176
34	5	1.552	0	0	0.2996
34	5	3.804	0	1	1.065
34	5	1.886	1	0	-0.9253
34	5	0.5452	0	0	-0.41
34	5	5.4	0	0	-1.166
34	5	0.231	0	1	0.4665
34	5	0.6805	1	1	-0.363
34	5	2.007	1	1	0.8384
34	5	1.749	0	1	0.655
34	5	5.451	1	1	0.5506
34	5	5.361	0	0	-1.56
34	5	4.011	0	1	-0.4417
34	5	0.1325	1	0	-1.318
34	5	1.792	1	1	0.9637
35	5	0.5945	0	0	0.5822
35	5	5.72	1	1	-0.8682
35	5	1.209	0	0	-0.3453
35	5	3.588	1	1	0.0169
35	5	0.8468	0	1	0.04012
35	5	5.075	0	0	-0.6826
35	5	0.2644	0	1	-0.4469
35	5	0.556	1	0	-0.2185
35	5	5.867	0	0	0.004632
35	5	1.617	1	1	0.0452
35	5	3.58	1	1	0.4559
35	5	1.542	0	1	0.5322
35	5	0.2952	0	0	-1.063
35	5	3.504	0	0	-0.9904
35	5	3.499	0	1	0.4618
35	5	1.398	1	0	-0.6835
35	5	1.72	1	1	0.07912
35	5	0.7916	0	0	-0.03175
35	5	0.7209	0	1	0.09851
35	5	3.553	0	0	-0.145
35	5	5.428	1	1	-0.4512
35	5	0.9611	0	0	0.332
35	5	0.6405	0	1	-0.1673
35	5	0.6569	1	1	-0.4077
35	5	0.7343	1	1	0.4264
35	5	3.575	1	1	-0.8614
35	5	3.695	0	0	1.002
35	5	1.031	1	1	-0.7888
35	5	5.484	1	1	0.8411
35	5	0.5303	1	1	-0.5669
35	5	1.683	1	0	-1.923
35	5	5.575	1	1	0.06449
35	5	0.6959	0	1	-0.3352
35	5	3.844	0	0	-1.699
35	5	1.911	1	1	1.454
35	5	3.739	1	1	0.07823
35	5	5.299	0	0	-1.583
35	5	1.903	0	1	2.083
35	5	0.5704	0	0	1.099
35	5	0.2504	1	1	-1.045
35	5	1.468	0	1	-0.08506
35	5	1.817	0	0	-2.772
35	5	1.73	1	0	1.355
35	5	1.05	1	1	-0.411
35	5	5.335	1	1	0.722
35	5	3.509	0	0	-0.259
35	5	5.568	1	1	0.7171
35	5	5.55	1	1	1.574
35	5	0.4756	0	1	-0.435
35	5	1.72	1	1	0.6166
36	5	0.5437	0	0	0.7897
36	5	0.7123	1	1	0.1399
36	5	1.836	0	0	0.6169
36	5	3.828	0	0	-0.2901
36	5	1.781	1	1	-1.125
36	5	1.004	1	0	-0.4175
36	5	5.272	1	1	2.448
36	5	0.5524	0	0	-1.137
36	5	0.5481	1	0	0.5971
36	5	5.464	1	1	-0.7153
36	5	3.727	0	0	-0.1963
36	5	0.5684	0	0	0.4405
36	5	0.7049	1	1	1.136
36	5	0.1679	1	1	0.1709
36	5	5.743	1	1	-1.696
36	5	5.379	1	1	-1.231
36	5	1.16	0	0	-0.8612
36	5	0.7513	1	1	-1.272
36	5	3.595	0	0	1.662
36	5	0.8534	1	1	1.783
36	5	3.611	1	1	0.9506
36	5	1.96	0	1	-2.492
36	5	0.5769	1	0	0.4718
36	5	0.5875	0	1	-0.3059
36	5	0.5239	0	1	0.9997
36	5	1.979	1	1	-0.2587
36	5	1.101	0	0	-2.779
36	5	1.717	0	0	1.061
36	5	0.9612	0	0	0.7424
36	5	4	1	1	1.17
36	5	3.593	1	1	-1.265
36	5	1.568	1	1	0.006508
36	5	3.783	1	1	0.1427
36	5	3.883	1	1	-1.956
36	5	0.8727	1	1	-0.5481
36	5	1.696	0	1	-0.929
36	5	5.167	0	0	-1.608
36	5	3.818	0	0	0.5997
36	5	3.684	1	1	-2.944
36	5	5.468	0	0	1.173
36	5	5.026	0	0	-0.799
36	5	0.3836	0	1	0.9421
36	5	5.466	1	1	-0.2139
36	5	2.254	1	1	-0.4238
36	5	0.3945	0	0	-1.506
36	5	2.12	0	1	-2.619
36	5	2.104	1	0	-0.171
36	5	1.165	0	1	-0.5366
36	5	5.755	0	0	-1.344
36	5	5.288	1	1	0.08571
37	5	5.228	0	0	1.674
37	5	0.8053	0	1	-2.347
37	5	3.37	0	1	-0.03713
37	5	3.749	1	1	1.455
37	5	0.5788	1	1	-0.2712
37	5	3.372	1	1	0.2129
37	5	0.3911	0	0	-1.093
37	5	0.1483	0	1	-0.6482
37	5	1.542	1	1	-0.3509
37	5	5.059	1	1	0.8957
37	5	5.396	0	0	0.229
37	5	0.6882	0	1	-0.5997
37	5	5.436	0	0	-1.834
37	5	0.08621	0	1	-0.9873
37	5	0.5181	1	0	-0.3218
37	5	5.498	1	1	0.5763
37	5	0.9097	0	1	-0.3063
37	5	0.5331	1	0	-1.979
37	5	3.419	1	1	-1.48
37	5	5.325	1	1	0.7098
37	5	1.873	1	1	0.06817
37	5	3.504	0	0	-1.899
37	5	1.405	1	0	-1.869
37	5	3.976	0	0	0.5808
37	5	1.835	0	0	1.425
37	5	1.925	1	1	-0.5521
37	5	0.9952	0	1	0.641
37	5	1.152	1	0	-0.4608
37	5	2.066	1	1	-0.2383
37	5	1.688	0	0	0.8357
37	5	3.668	0	0	1.297
37	5	5.378	0	0	-1.192
37	5	0.2584	1	1	0.1552
37	5	1.863	1	1	-0.5347
37	5	1.572	1	1	0.4685
37	5	5.197	0	0	-1.226
37	5	1.983	1	1	1.027
37	5	3.906	0	0	-0.3911
37	5	0.5754	0	1	0.7871
37	5	0.8242	0	0	0.3516
37	5	0.6831	0	1	-0.1872
37	5	0.4468	0	1	-1.638
37	5	3.479	1	1	0.6333
37	5	0.9969	0	0	-0.2771
37	5	3.784	1	1	-0.9231
37	5	5.151	1	1	-1.192
37	5	5.242	1	1	-0.1729
37	5	0.971	0	1	-0.03332
37	5	0.6761	1	0	-0.7735
38	5	3.458	1	1	2.173
38	5	0.7986	0	1	-0.8023
38	5	3.241	0	0	0.2178
38	5	0.292	1	1	-0.8551
38	5	5.321	1	1	-0.5155
38	5	3.431	0	1	0.4701
38	5	1.702	0	0	0.0183
38	5	3.79	1	1	0.6077
38	5	0.625	1	1	-1.049
38	5	0.8155	1	0	0.7232
38	5	0.5304	0	1	-1.134
38	5	0.5807	0	0	0.1633
38	5	4.039	1	1	-0.2382
38	5	1.022	0	0	-0.5706
38	5	5.429	0	0	-0.3507
38	5	0.3954	0	1	-0.5895
38	5	1.034	1	0	-0.6575
38	5	3.516	0	0	-1.043
38	5	3.441	0	0	0.2585
38	5	1.823	0	1	0.3622
38	5	5.507	0	0	-1.082
38	5	0.2686	1	1	1.35
38	5	1.71	0	1	-0.9725
38	5	1.546	0	0	-0.2555
38	5	1.785	1	1	-0.1335
38	5	2.046	1	1	0.7886
38	5	5.21	1	1	-0.5149
38	5	1.189	1	1	-0.2076
38	5	0.9573	0	1	-0.3529
38	5	1.772	1	1	-1.612
38	5	5.608	1	1	-0.8235
38	5	2.004	1	1	-0.3199
38	5	3.519	1	1	-0.593
38	5	0.4848	0	0	-0.5635
38	5	0.9592	0	0	-0.471
38	5	0.687	0	1	-1.853
38	5	5.646	1	1	0.6223
38	5	5.55	0	0	-2.159
38	5	5.506	0	0	1.198
38	5	3.654	1	1	-0.7946
38	5	0.7092	0	1	-0.5448
38	5	0.2973	1	1	-0.4836
38	5	0.04196	1	0	-0.3048
38	5	5.449	1	1	0.162
38	5	1.722	0	0	1.069
38	5	1.966	0	1	0.4402
38	5	5.325	1	1	-0.148
38	5	0.09757	1	1	0.4337
38	5	3.661	1	1	-1.759
38	5	0.3927	1	1	0.7267
39	5	0.8422	0	0	1.544
39	5	0.4887	0	1	1.339
39	5	2.001	1	1	-0.9439
39	5	1.097	1	1	-0.4751
39	5	0.6645	0	0	0.05132
39	5	0.8725	0	1	-0.4745
39	5	1.001	1	1	-0.5214
39	5	1.702	0	1	-0.2152
39	5	1.677	0	1	-0.03332
39	5	0.6862	1	0	-0.5612
39	5	5.623	1	1	-0.2569
39	5	5.453	1	1	-0.224
39	5	0.4519	1	1	-1.597
39	5	0.9888	1	0	0.9407
39	5	3.549	1	1	-1.04
39	5	3.482	1	1	-1.652
39	5	0.3821	0	0	-1.299
39	5	1.687	0	1	0.6916
39	5	0.7639	0	0	0.1663
39	5	5.602	0	0	-1.195
39	5	1.934	1	1	-0.5783
39	5	1.683	0	0	-0.1062
39	5	5.306	1	1	-1.191
39	5	3.824	0	0	-0.3611
39	5	0.711	1	1	1.023
39	5	5.057	0	0	0.5931
39	5	1.799	0	1	-1.293
39	5	3.71	0	0	-0.9869
39	5	3.719	1	0	0.4112
39	5	5.157	1	1	0.7401
39	5	5.3	0	0	-0.2987
39	5	0.3302	0	1	-1.963
39	5	1.792	1	1	0.3466
39	5	0.3935	1	1	-0.2873
39	5	5.365	1	1	-1.633
39	5	3.862	0	0	0.3997
39	5	3.643	0	0	-0.3612
39	5	1.836	1	1	-0.6011
39	5	0.5966	1	1	-0.1435
39	5	3.647	0	0	-0.4925
39	5	5.297	0	0	-0.2922
39	5	0.8447	1	0	-2.441
39	5	0.8786	0	0	-0.01938
39	5	3.746	0	1	-0.2469
39	5	1.862	1	1	-0.4214
39	5	1.248	0	1	-1.135
39	5	0.7471	0	1	0.339
39	5	0.7605	1	0	1.56
39	5	5.392	1	1	-0.5903
39	5	3.89	0	0	0.9551
40	6	1.017	1	1	-0.2776
40	6	1.297	1	1	0.8573
40	6	1.691	0	0	-0.3803
40	6	5.294	1	1	-1.033
40	6	0.9047	0	0	-0.5193
40	6	5.643	0	0	-0.4715
40	6	0.4211	1	1	0.2287
40	6	3.624	1	1	-0.3701
40	6	1.893	1	0	-0.5098
40	6	0.5307	1	1	-0.6927
40	6	5.773	1	1	-0.1135
40	6	0.3347	1	1	-0.01959
40	6	5.505	0	0	-1.013
40	6	1.142	1	1	-0.427
40	6	3.679	1	0	0.06689
40	6	5.478	0	0	-3.214
40	6	0.5057	1	1	0.3025
40	6	1.239	1	0	-1.559
40	6	5.331	0	1	-0.5205
40	6	0.9045	0	0	0.8369
40	6	0.4914	0	0	0.7298
40	6	0.5873	1	0	-0.6378
40	6	1.606	0	0	0.08206
40	6	3.486	0	0	-1.425
40	6	2.002	0	1	-0.1716
40	6	3.328	1	1	1.764
40	6	5.287	1	1	-0.2264
40	6	0.5151	0	1	-0.819
40	6	5.251	1	1	-0.114
40	6	0.4733	1	1	-0.1896
40	6	0.7921	1	1	-1.85
40	6	3.694	0	0	-0.3255
40	6	3.708	1	1	-0.07817
40	6	0.7848	0	1	-0.6442
40	6	0.7035	1	0	0.9613
40	6	0.5771	1	1	0.01282
40	6	3.16	1	1	0.2165
40	6	3.311	0	0	1.047
40	6	1.583	0	0	0.1115
40	6	3.655	0	0	0.8301
40	6	0.3965	0	1	0.7118
40	6	5.611	1	1	3.179
40	6	1.69	0	0	-0.4253
40	6	1.623	0	1	-0.9436
40	6	1.892	0	0	1.243
40	6	1.621	0	1	-0.3043
40	6	0.2387	1	0	-0.5171
40	6	2.271	0	1	-2.794
40	6	5.471	0	0	0.8217
40	6	3.719	0	0	1.27
41	6	0.3834	0	0	3.071
41	6	3.548	0	0	-1.01
41	6	3.541	0	0	-0.981
41	6	3.869	1	1	0.4063
41	6	1.675	0	0	-0.3449
41	6	3.428	0	0	0.9625
41	6	5.492	0	0	-0.2725
41	6	5.441	0	0	-0.278
41	6	5.345	1	1	-0.2173
41	6	2.164	1	1	-1.102
41	6	5.6	1	1	-1.229
41	6	1.219	1	0	1.416
41	6	3.64	1	1	1.525
41	6	0.9072	0	1	-1.36
41	6	3.433	1	0	0.2963
41	6	0.5255	1	0	-0.6139
41	6	0.227	1	1	-1.786
41	6	1.978	1	1	-0.5895
41	6	0.7589	0	0	-0.9584
41	6	5.291	0	0	1.19
41	6	0.4341	1	1	-0.6058
41	6	1.98	1	1	0.6956
41	6	5.291	0	0	-2.118
41	6	2.169	0	0	-0.01219
41	6	1.071	0	1	-0.8116
41	6	3.63	1	1	-0.674
41	6	1.36	0	0	-0.1406
41	6	5.357	0	0	-0.1883
41	6	0.6385	0	0	-1.24
41	6	1.307	1	1	0.4052
41	6	0.426	0	0	-0.2974
41	6	0.6673	1	1	-0.4042
41	6	5.21	0	0	-0.6248
41	6	1.451	0	1	-0.04916
41	6	3.223	1	1	-1.195
41	6	0.9421	0	1	-0.435
41	6	5.59	1	1	0.146
41	6	0.2112	1	1	-0.02367
41	6	0.1966	0	1	-1.505
41	6	0.6639	1	1	-0.7909
41	6	1.935	1	1	0.8738
41	6	0.6355	1	1	-0.56
41	6	3.478	1	1	-0.6733
41	6	1.881	0	1	0.1079
41	6	5.371	1	1	-0.3689
41	6	1.446	0	1	-0.5305
41	6	0.8195	1	1	-0.6476
41	6	2.118	1	1	1.02
41	6	0.4825	0	1	-0.295
41	6	3.498	0	0	-0.2241
42	6	5.261	0	0	0.3829
42	6	1.42	1	1	0.8648
42	6	0.8353	0	1	0.8893
42	6	0.5916	1	1	0.7199
42	6	1.544	1	1	-0.5064
42	6	1.073	0	1	0.7813
42	6	3.785	0	1	-0.5645
42	6	0.9511	1	1	-0.09043
42	6	5.121	0	0	-0.3039
42	6	5.333	0	1	0.4332
42	6	0.8451	0	0	0.6124
42	6	0.8647	1	0	-1.142
42	6	1.669	1	1	-0.1628
42	6	3.517	1	1	-0.8249
42	6	1.605	1	1	-0.7649
42	6	0.8019	1	1	-1.124
42	6	0.1858	0	1	0.04148
42	6	5.258	0	0	-0.01949
42	6	0.3812	0	1	-0.5484
42	6	0.8977	1	1	0.006445
42	6	0.8524	1	1	0.6099
42	6	0.6101	1	0	0.02681
42	6	2.047	1	1	-1.073
42	6	3.438	1	1	-0.8076
42	6	5.173	0	0	1.056
42	6	5.36	0	0	-0.3264
42	6	0.1811	1	1	0.164
42	6	3.542	0	1	0.1637
42	6	2.039	1	1	-1.346
42	6	0.6948	1	0	-0.6303
42	6	1.396	1	1	-1.339
42	6	3.37	0	0	1.892
42	6	3.628	0	0	-0.1964
42	6	0.6753	0	1	1.873
42	6	5.594	0	0	-0.7753
42	6	5.085	1	1	0.6158
42	6	3.636	0	0	0.7076
42	6	1.012	1	1	0.3972
42	6	5.458	0	0	-1.504
42	6	3.872	0	0	-0.8401
42	6	1.146	1	1	-0.6424
42	6	4.029	1	1	1.982
42	6	1.87	0	1	-0.06545
42	6	3.374	0	0	0.6044
42	6	5.178	0	0	-0.08902
42	6	0.862	1	1	-0.6273
42	6	0.5754	0	1	0.1345
42	6	0.9132	1	1	-0.6769
42	6	2.255	0	1	-0.5312
42	6	1.837	1	1	-0.9058
43	6	1.581	1	1	1.919
43	6	1.699	1	1	-0.6319
43	6	1.593	1	1	-0.00797
43	6	0.8166	0	0	-0.3877
43	6	1.098	0	0	-0.04963
43	6	0.7629	0	0	-1.051
43	6	0.4003	1	1	0.09964
43	6	1.153	0	0	-0.2441
43	6	5.412	1	1	0.6859
43	6	5.276	1	1	-0.6897
43	6	5.545	0	0	-2.668
43	6	3.441	0	1	2.261
43	6	0.449	0	1	0.2169
43	6	0.3209	0	1	0.1276
43	6	5.01	0	0	-0.6931
43	6	3.677	0	0	-1.134
43	6	5.17	0	0	-1.56
43	6	3.741	1	1	0.3933
43	6	1.863	1	1	-2.467
43	6	0.5765	0	1	0.8584
43	6	0.06995	1	1	0.4391
43	6	5.267	0	0	1.419
43	6	3.288	1	1	0.7871
43	6	0.8715	1	1	1.507
43	6	5.611	0	0	0.7522
43	6	0.969	1	0	-1.636
43	6	4.136	1	1	0.3601
43	6	1.116	0	0	-0.5158
43	6	0.1503	0	1	0.4948
43	6	1.787	0	1	-0.2939
43	6	0.5495	1	1	0.847
43	6	1.269	0	0	-0.3603
43	6	5.254	0	0	-0.08678
43	6	0.5729	1	1	0.4423
43	6	1.933	1	1	-0.02773
43	6	0.6358	0	1	-0.003674
43	6	0.4966	0	0	0.6276
43	6	1.798	1	1	-1.45
43	6	3.249	1	1	0.5233
43	6	3.467	0	0	-0.9912
43	6	5.599	0	0	1.506
43	6	1.104	1	1	-1.313
43	6	3.537	0	0	0.8364
43	6	1.821	1	1	0.1807
43	6	5.063	0	0	1.358
43	6	3.758	1	1	0.8806
43	6	1.815	1	1	-0.3169
43	6	0.7158	1	1	-0.6136
43	6	3.298	1	1	-0.1312
43	6	1.341	1	1	-0.5862
44	6	5.63	0	0	0.619
44	6	2.221	1	1	0.5323
44	6	1.813	1	1	0.4818
44	6	0.5858	0	0	0.2298
44	6	0.6486	1	1	-0.002343
44	6	5.267	1	1	-1.741
44	6	3.519	0	0	0.5175
44	6	3.731	1	1	-0.5973
44	6	3.679	1	1	-0.1031
44	6	0.9522	1	1	-0.2678
44	6	5.496	1	1	0.1747
44	6	1.664	0	0	0.6005
44	6	5.388	1	1	-1.894
44	6	5.134	1	1	-0.06966
44	6	0.5466	0	0	0.5099
44	6	0.4503	0	0	0.4092
44	6	1.219	1	1	-0.6748
44	6	1.254	0	1	-0.9831
44	6	1.706	0	0	-0.1487
44	6	3.307	0	1	1.193
44	6	0.5751	1	1	-0.2745
44	6	0.6536	1	1	0.2565
44	6	1.988	1	1	-0.1885
44	6	1.545	0	0	1.634
44	6	1.185	0	0	1.333
44	6	5.36	1	1	-0.6344
44	6	1.521	1	1	0.7406
44	6	5.102	1	1	0.3922
44	6	2.029	1	1	-1.065
44	6	3.734	0	0	0.788
44	6	5.875	0	0	-1.008
44	6	3.942	0	0	0.2993
44	6	0.1655	0	1	-0.1506
44	6	3.323	0	0	0.6894
44	6	1.928	1	1	1.904
44	6	3.949	0	0	-1.111
44	6	3.399	0	0	0.9553
44	6	0.7376	1	1	-1.257
44	6	1.196	0	1	-0.009488
44	6	3.606	1	1	-0.7059
44	6	0.5346	0	0	1.914
44	6	5.544	0	0	-0.05243
44	6	1.847	1	1	-0.1298
44	6	0.342	0	1	-0.9644
44	6	0.6256	0	0	-0.844
44	6	0.834	1	1	-0.0796
44	6	0.6642	1	1	-1.749
44	6	5.32	0	0	-0.3635
44	6	0.787	1	1	-1.226
44	6	0.7376	1	1	0.07039
45	6	1.41	0	0	-0.1533
45	6	5.706	0	0	-0.3587
45	6	1.756	0	0	-0.4671
45	6	0.4615	1	1	0.3455
45	6	0.2626	0	0	-0.002955
45	6	3.89	1	1	0.1908
45	6	0.6781	0	0	0.2095
45	6	0.7471	1	1	-0.175
45	6	0.8991	0	0	0.09213
45	6	3.66	1	1	0.3435
45	6	0.3271	1	0	-0.3792
45	6	0.5865	0	1	-0.8888
45	6	5.616	1	1	-0.3835
45	6	0.5041	1	1	0.4472
45	6	0.7405	1	1	-0.5108
45	6	0.3133	0	1	-0.0612
45	6	2.079	0	0	0.09011
45	6	3.435	0	0	-0.008417
45	6	3.728	1	1	-0.3915
45	6	0.7704	1	1	0.5528
45	6	5.637	1	1	0.0299
45	6	5.04	1	1	0.2986
45	6	1.534	0	1	0.8364
45	6	0.3318	0	0	-0.952
45	6	3.584	1	1	-1.45
45	6	0.9771	0	1	-0.7753
45	6	5.449	1	1	-0.2713
45	6	3.372	0	0	-0.4334
45	6	0.8175	1	1	-0.2801
45	6	3.689	1	1	0.7328
45	6	0.7242	1	1	-0.9643
45	6	2.18	0	1	0.2794
45	6	1.813	0	0	0.2706
45	6	0.8645	1	1	-0.4168
45	6	0.2191	0	0	-0.5907
45	6	2.27	0	1	-0.5268
45	6	1.636	0	0	0.1279
45	6	0.783	0	0	0.375
45	6	1.787	1	1	1.004
45	6	1.829	0	0	0.3318
45	6	3.987	1	1	0.6899
45	6	5.845	1	1	-2.663
45	6	5.553	1	1	0.2651
45	6	3.664	0	0	0.2352
45	6	5.046	1	1	0.3404
45	6	0.8324	1	1	-0.4944
45	6	0.5335	1	1	-0.199
45	6	5.42	1	1	-1.521
45	6	3.405	0	0	0.495
45	6	5.449	0	0	-4.654
46	6	3.626	1	1	0.7085
46	6	3.67	1	0	0.4165
46	6	5.164	0	0	0.7329
46	6	5.206	0	0	-0.2744
46	6	1.344	1	1	-0.005092
46	6	0.6085	0	0	0.5582
46	6	5.101	0	0	-0.4315
46	6	1.921	1	1	-0.3512
46	6	5.494	0	0	-0.9373
46	6	0.2821	1	1	-1.433
46	6	1.047	0	0	-0.4309
46	6	5.857	1	1	-0.5103
46	6	0.7302	1	0	0.1133
46	6	0.5752	0	1	-0.344
46	6	0.4506	1	1	-1.794
46	6	2.043	1	1	-0.06465
46	6	0.5987	0	1	-0.4843
46	6	1.061	0	1	0.6001
46	6	3.577	0	0	-0.5687
46	6	1.957	1	1	0.3135
46	6	0.7283	1	1	-0.6259
46	6	0.8771	1	1	-1.18
46	6	1.556	1	1	-0.3568
46	6	1.783	0	0	0.2078
46	6	3.694	1	1	0.1299
46	6	0.7923	0	1	0.1104
46	6	3.58	1	1	0.108
46	6	3.584	1	1	0.4652
46	6	0.3847	0	1	0.4126
46	6	1.824	0	0	-0.294
46	6	1.144	0	0	-1.184
46	6	3.877	1	1	0.6216
46	6	3.518	0	0	-0.4154
46	6	5.236	1	1	-0.4185
46	6	2.139	0	0	0.4596
46	6	0.4957	1	1	-1.283
46	6	1.419	1	1	-0.5218
46	6	0.939	1	1	-0.704
46	6	0.5393	0	0	0.4348
46	6	5.508	0	0	-1.636
46	6	0.8582	0	1	2.25
46	6	3.326	0	0	1.587
46	6	5.697	1	1	0.4283
46	6	1.096	1	1	-1.329
46	6	3.806	1	1	-0.6871
46	6	0.3484	1	1	-0.5555
46	6	1.983	0	1	-1.923
46	6	5.387	0	0	0.1773
46	6	5.587	0	0	0.738
46	6	0.4174	0	1	-0.7081
47	6	1.042	1	0	0.06263
47	6	3.549	1	1	-0.1445
47	6	5.493	1	1	0.4929
47	6	5.2	1	1	-1.602
47	6	0.9937	0	1	-1.836
47	6	3.602	0	0	0.3013
47	6	3.395	0	1	0.9567
47	6	0.5434	1	0	-1.086
47	6	1.815	0	1	-0.3445
47	6	1.568	1	1	-2.26
47	6	0.661	0	1	-0.7466
47	6	0.5082	1	0	0.2856
47	6	0.3492	0	1	-1.026
47	6	1.109	0	1	0.1436
47	6	1.659	0	1	1.415
47	6	1.748	1	1	-0.006729
47	6	1.565	1	1	1.98
47	6	0.9811	0	0	-1.309
47	6	1.544	0	1	1.741
47	6	0.8694	1	1	0.1356
47	6	5.478	0	0	-0.9215
47	6	3.096	1	1	-0.9748
47	6	5.492	0	0	1.73
47	6	0.7574	1	1	-0.8494
47	6	3.642	1	1	-0.1665
47	6	5.127	1	1	0.1684
47	6	2.074	1	1	-0.6701
47	6	0.05225	0	0	-2.044
47	6	5.532	0	0	0.121
47	6	0.6896	1	0	-2.241
47	6	0.2994	1	1	0.9161
47	6	3.557	0	0	-0.829
47	6	3.734	0	1	-0.5488
47	6	1.07	0	1	0.8212
47	6	1.528	0	0	-0.2093
47	6	3.705	1	1	0.3902
47	6	0.2547	1	0	-0.4131
47	6	5.289	0	0	-2.208
47	6	3.754	0	0	1.076
47	6	1.57	0	0	-1.405
47	6	1.708	0	0	0.3615
47	6	5.446	1	1	-1.92
47	6	0.7988	0	0	-0.9523
47	6	1.025	1	1	-1.014
47	6	0.8623	1	1	-0.1903
47	6	5.576	0	0	1.588
47	6	0.2081	0	1	-0.9745
47	6	3.892	1	1	-0.1223
47	6	0.578	1	0	-0.6024
47	6	5.512	1	1	1.196
48	6	0.8738	0	0	-0.4616
48	6	1.818	1	1	0.5514
48	6	1.677	0	0	-1.249
48	6	5.281	0	0	-0.08851
48	6	1.66	1	1	-1.263
48	6	5.491	1	1	-0.8565
48	6	3.677	1	1	0.7549
48	6	3.711	0	0	-0.1418
48	6	3.843	1	1	0.5725
48	6	0.6678	0	1	0.2059
48	6	3.585	1	1	-0.8018
48	6	0.9683	1	1	-1.403
48	6	1.977	0	0	1.038
48	6	5.551	1	1	1.124
48	6	0.7695	1	1	-0.878
48	6	5.627	1	1	0.9056
48	6	1.891	1	1	-1.272
48	6	1.432	1	0	-0.3587
48	6	0.8072	1	1	0.4701
48	6	3.372	1	1	-0.9985
48	6	3.546	0	0	-0.4713
48	6	5.232	0	0	1.491
48	6	1.154	1	1	-0.0868
48	6	0.8466	0	1	-0.6847
48	6	3.398	1	1	-0.8779
48	6	0.8606	0	1	2.182
48	6	3.288	0	0	-0.4881
48	6	0.2134	0	1	-0.491
48	6	1.893	1	1	-0.7769
48	6	0.3391	0	0	-0.994
48	6	1.035	0	1	0.5545
48	6	1.948	0	0	-0.6417
48	6	0.3471	1	1	-1.868
48	6	5.271	1	1	-0.2154
48	6	0.527	1	0	-0.5535
48	6	5.272	0	0	0.02815
48	6	5.187	0	0	0.4216
48	6	0.8895	0	1	-0.9543
48	6	0.38	0	0	-1.498
48	6	0.4178	0	1	-0.3586
48	6	1.204	1	1	-1.292
48	6	5.318	1	1	-0.3785
48	6	0.5371	0	1	-2.468
48	6	0.5109	1	0	0.1476
48	6	3.876	0	0	1.777
48	6	3.881	0	0	0.8939
48	6	5.25	0	0	-0.5153
48	6	1.824	1	1	1.881
48	6	0.2975	1	1	-1.506
48	6	0.7241	0	0	1.086
49	6	1.65	0	1	0.1827
49	6	3.978	1	1	0.1211
49	6	5.63	1	1	-0.8513
49	6	3.264	0	0	-1.501
49	6	5.402	0	0	0.618
49	6	0.1607	0	1	0.9858
49	6	3.54	1	1	1.271
49	6	0.668	1	1	-0.4226
49	6	5.449	1	1	0.1949
49	6	3.542	0	0	-0.5305
49	6	0.4081	1	1	0.1849
49	6	1.748	1	1	-0.7687
49	6	0.9	1	1	0.4248
49	6	0.6839	0	1	0.6676
49	6	5.41	1	1	-0.6452
49	6	1.091	1	1	-0.671
49	6	0.5466	0	1	-0.6359
49	6	1.196	1	1	0.4603
49	6	3.544	0	1	0.469
49	6	1.728	0	0	0.706
49	6	1.825	0	0	1.026
49	6	3.816	0	0	-0.2607
49	6	1.568	0	0	0.009386
49	6	5.183	0	0	-0.7507
49	6	0.3952	0	1	-0.2777
49	6	0.9059	1	0	-1.232
49	6	0.8893	1	1	0.01699
49	6	3.4	1	1	0.3724
49	6	5.492	1	1	0.322
49	6	3.719	0	0	-0.6998
49	6	0.09108	0	0	1.483
49	6	0.9496	1	1	-0.7697
49	6	3.485	0	0	0.8793
49	6	1.878	0	1	0.258
49	6	2.001	0	0	-0.5452
49	6	0.7466	0	1	-0.4823
49	6	1.718	1	1	-0.3805
49	6	5.289	0	0	-0.4116
49	6	5.593	1	1	-0.7053
49	6	0.7326	1	1	0.3044
49	6	5.236	0	0	0.0674
49	6	1.768	1	1	-0.9667
49	6	5.413	0	0	-0.909
49	6	0.3452	0	1	-1.266
49	6	0.3049	1	1	1.766
49	6	3.871	1	1	0.4138
49	6	1.905	1	1	-2.04
49	6	1.338	0	1	0.3256
49	6	0.6356	1	0	0.5232
49	6	0.3106	0	1	-0.2048
