0	2	1.512	1	0	1.545
0	2	1.832	1	1	-0.1793
0	2	3.792	0	0	2.372
0	2	5.556	1	1	1.245
0	2	1.64	0	0	-1.411
0	2	3.713	0	0	-2.199
0	2	0.1375	0	0	-1.305
0	2	2.058	0	0	-0.6142
0	2	1.084	0	0	-0.8998
0	2	3.6	0	0	-1.16
0	2	0.4328	0	0	0.2715
0	2	0.3027	0	0	0.2726
0	2	0.5018	0	0	-1.64
0	2	0.8121	1	0	-1.348
0	2	5.294	0	0	0.1254
0	2	0.3631	1	1	-0.3293
0	2	0.5964	1	0	0.06391
0	2	1.722	1	1	-0.1663
0	2	0.4406	0	1	0.8558
0	2	3.296	1	1	-0.9449
0	2	1.632	0	0	0.7329
0	2	1.717	1	1	-1.192
0	2	3.493	0	1	1.453
0	2	5.47	1	1	1.894
0	2	5.465	0	0	-0.3141
0	2	3.544	0	0	0.305
0	2	1.059	1	0	-0.5121
0	2	1.301	0	0	0.9151
0	2	0.5744	1	1	0.262
0	2	5.152	1	1	1.253
0	2	5.461	0	1	0.001051
0	2	3.775	0	0	-0.3461
0	2	5.028	1	1	0.2444
0	2	3.447	0	0	-1.728
0	2	1.696	0	0	-1.154
0	2	1.733	0	0	0.2114
0	2	3.54	1	1	0.7093
0	2	0.6487	1	1	-0.3059
0	2	0.491	1	1	0.008965
0	2	1.131	1	1	0.904
0	2	5.421	0	0	1.5
0	2	1.181	1	0	0.8064
0	2	0.7922	0	0	-1.576
0	2	0.5541	0	1	1.112
0	2	1.633	1	1	-0.01821
0	2	1.728	1	1	0.5284
0	2	1.085	1	1	0.314
0	2	5.398	1	1	-0.8586
0	2	5.376	1	1	-0.1266
0	2	3.366	1	1	0.0584
1	2	0.5209	1	0	-0.3035
1	2	0.6711	0	1	-0.7785
1	2	1.457	1	0	-0.5729
1	2	3.631	0	0	0.06085
1	2	0.5988	1	0	-0.3969
1	2	3.75	0	0	0.07139
1	2	3.417	1	1	-0.6408
1	2	0.6556	1	0	-0.3697
1	2	5.46	1	1	-0.1824
1	2	0.6306	0	0	0.1606
1	2	5.559	0	0	-0.5063
1	2	1.142	1	0	1.246
1	2	1.36	0	0	-0.08453
1	2	0.399	0	0	0.5873
1	2	3.136	1	1	1.021
1	2	5.469	1	1	-0.7963
1	2	0.847	1	1	-0.1572
1	2	0.5081	1	0	0.8833
1	2	0.4989	1	1	0.9532
1	2	0.5321	1	0	-0.2673
1	2	3.622	1	1	-0.1213
1	2	1.859	0	0	0.1776
1	2	5.549	1	1	0.8983
1	2	0.933	1	1	-0.5899
1	2	1.793	0	0	-0.7013
1	2	1.949	0	1	0.79
1	2	0.8836	1	1	1.44
1	2	3.613	0	0	-0.2773
1	2	5.506	1	1	-2.045
1	2	0.6085	0	0	-1.309
1	2	5.196	0	0	1.007
1	2	5.76	0	0	-3.452
1	2	0.3689	0	1	-0.5132
1	2	3.662	0	0	-1.632
1	2	5.561	0	0	1.783
1	2	0.842	0	0	0.682
1	2	3.345	0	0	2.478
1	2	1.926	1	0	-1.432
1	2	1.739	0	0	0.1528
1	2	0.7018	0	0	0.748
1	2	1.671	1	0	0.2536
1	2	3.896	0	0	0.3275
1	2	0.6353	1	1	-0.187
1	2	5.606	0	0	-0.1252
1	2	2.101	0	0	0.6366
1	2	3.911	0	0	0.2116
1	2	5.201	1	1	-0.004426
1	2	0.7256	0	0	-0.6105
1	2	1.223	1	1	-0.3205
1	2	1.711	1	1	-1.423
2	2	1.774	1	1	3.186
2	2	0.2228	0	1	0.1914
2	2	2.017	1	0	1.941
2	2	1.982	1	1	1.071
2	2	5.132	0	0	0.3896
2	2	1.844	0	1	0.1001
2	2	2.078	0	0	1.642
2	2	0.3262	1	0	-0.88
2	2	3.707	1	1	-0.7304
2	2	0.766	0	0	1.693
2	2	0.7448	1	1	0.1061
2	2	1.137	1	1	0.4613
2	2	1.869	1	1	0.4639
2	2	1.022	0	0	0.8608
2	2	0.5827	1	1	0.3315
2	2	0.7409	0	0	-0.7691
2	2	1.969	0	0	0.9055
2	2	1.866	1	1	0.3937
2	2	5.132	1	1	-0.03476
2	2	3.327	1	1	0.5417
2	2	1.232	0	0	-2.845
2	2	1.913	1	1	-1.923
2	2	3.491	0	0	0.6836
2	2	0.5351	1	1	2.019
2	2	0.1788	1	0	-1.089
2	2	3.727	0	0	0.524
2	2	1.264	0	0	-0.7161
2	2	3.196	1	0	1.077
2	2	3.477	1	1	0.6233
2	2	1.083	1	0	0.4629
2	2	0.3389	0	1	-0.597
2	2	5.671	1	1	0.532
2	2	0.2951	1	1	0.17
2	2	0.982	0	0	0.9029
2	2	5.39	0	0	-0.4847
2	2	3.878	0	0	0.9865
2	2	5.769	0	0	0.0331
2	2	5.115	0	0	-2.823
2	2	1.498	0	0	0.6498
2	2	3.7	1	1	-0.2622
2	2	5.338	0	0	1.383
2	2	0.7197	0	0	-1.813
2	2	3.783	1	1	-0.4755
2	2	0.4289	1	1	-0.3623
2	2	5.607	0	0	0.5184
2	2	5.506	0	0	-0.9281
2	2	1.09	0	0	0.485
2	2	5.407	1	1	-1.112
2	2	1.106	1	0	0.8722
2	2	3.932	1	1	-1.844
3	2	3.737	1	0	0.5916
3	2	5.621	1	1	0.1183
3	2	0.4833	0	0	-0.1669
3	2	0.5245	0	1	-0.55
3	2	0.6984	0	0	-0.7533
3	2	1.042	1	1	0.02088
3	2	0.2735	0	0	-0.5283
3	2	0.3611	1	1	0.3886
3	2	3.241	1	1	-0.8634
3	2	1.008	1	0	-1.449
3	2	0.3901	0	1	-0.9922
3	2	0.5409	0	0	-2.312
3	2	5.388	0	0	0.3814
3	2	3.652	0	0	0.2812
3	2	5.248	1	1	-0.4152
3	2	5.005	0	0	0.01381
3	2	3.14	0	0	0.3807
3	2	5.207	1	1	-0.2518
3	2	5.379	0	0	-0.9017
3	2	1.596	1	0	-0.418
3	2	1.035	1	1	-0.6715
3	2	0.7365	0	0	1.38
3	2	1.952	0	0	0.09733
3	2	0.3327	0	0	0.1359
3	2	1.838	1	1	0.2184
3	2	5.521	0	0	0.7375
3	2	0.4189	1	0	-1.283
3	2	0.6743	1	1	-0.3278
3	2	2.08	1	0	0.3737
3	2	2.275	1	0	1.094
3	2	0.8868	1	1	-3.263
3	2	5.118	1	1	1.587
3	2	3.474	0	0	-1.805
3	2	3.682	0	0	0.74
3	2	3.705	1	1	1.218
3	2	3.442	0	0	-0.4025
3	2	5.677	1	1	-0.5272
3	2	0.8498	0	1	-0.1067
3	2	1.638	0	0	1.488
3	2	3.781	0	0	0.2762
3	2	3.691	1	1	-0.8532
3	2	5.158	1	1	-0.1093
3	2	0.3422	1	0	-1.051
3	2	1.053	1	1	0.7232
3	2	1.926	0	0	0.0165
3	2	0.3727	0	0	-0.7341
3	2	1.674	0	0	0.8169
3	2	0.9968	1	1	-1.891
3	2	1.727	0	0	0.7179
3	2	1.901	1	1	0.1359
4	2	2.19	1	1	0.9275
4	2	1.135	1	1	-2.107
4	2	3.221	0	1	1.059
4	2	5.576	0	0	-1.654
4	2	0.6529	1	0	0.3858
4	2	0.6699	1	1	-0.9266
4	2	3.416	1	1	0.406
4	2	0.2947	0	0	0.8828
4	2	0.9279	0	1	0.3172
4	2	0.2211	0	0	-0.009648
4	2	3.53	1	1	0.3658
4	2	1.646	1	1	-0.1124
4	2	0.4501	1	1	0.6037
4	2	1.745	1	1	0.04356
4	2	5.286	1	1	-1.732
4	2	0.9601	1	1	1.072
4	2	1.927	1	1	1.882
4	2	4.03	0	0	-0.2424
4	2	3.61	1	1	-2.261
4	2	0.8381	0	0	1.376
4	2	0.6109	1	1	-0.5022
4	2	5.199	0	0	-0.3399
4	2	5.246	0	0	0.5405
4	2	0.5676	0	0	-1.25
4	2	1.058	1	1	-2.136
4	2	0.826	1	1	0.4911
4	2	0.8402	0	0	0.4164
4	2	0.6313	0	1	0.3303
4	2	3.766	1	1	0.4062
4	2	5.208	0	0	0.06713
4	2	0.6909	0	0	-0.9189
4	2	3.606	0	0	-1.122
4	2	1.259	0	0	-0.2983
4	2	0.2166	0	0	-0.4015
4	2	2.007	1	1	-0.1813
4	2	1.79	0	0	-0.2815
4	2	1.969	1	1	-0.2065
4	2	1.476	1	1	0.1276
4	2	1.853	0	0	0.607
4	2	5.312	1	1	-0.03308
4	2	0.6071	0	0	-0.5218
4	2	3.308	1	1	0.2426
4	2	5.283	1	1	-0.5915
4	2	3.694	0	0	0.2042
4	2	2.072	0	0	-0.1319
4	2	5.314	1	1	-0.6371
4	2	3.316	0	0	-0.3256
4	2	5.714	0	0	0.3162
4	2	0.4512	1	1	0.7602
4	2	5.309	0	0	-1.501
5	2	0.5202	1	0	1.173
5	2	5.253	0	0	0.2374
5	2	0.7308	1	0	-0.928
5	2	0.1654	0	0	-0.077
5	2	1.409	0	0	0.1094
5	2	2.341	1	1	-0.1426
5	2	1.231	1	1	-0.1993
5	2	0.4072	0	1	0.2487
5	2	5.396	1	1	0.101
5	2	0.8228	0	0	-0.2594
5	2	1.701	1	0	-0.554
5	2	5.353	0	0	-0.6898
5	2	3.46	1	1	-0.1192
5	2	0.5758	1	0	-0.7723
5	2	3.246	0	0	0.02888
5	2	1.031	1	1	0.8413
5	2	2.1	1	0	-0.5486
5	2	5.37	1	1	0.5103
5	2	0.5668	1	1	-0.3392
5	2	3.527	1	1	-0.107
5	2	0.902	0	0	-3.051
5	2	3.468	0	0	-0.1587
5	2	0.4389	1	1	0.59
5	2	0.9182	1	0	-1.986
5	2	3.598	0	0	0.1423
5	2	0.5316	0	0	0.1991
5	2	1.833	1	1	-0.8802
5	2	5.612	1	1	-0.2627
5	2	1.725	1	1	-0.2277
5	2	5.353	0	0	-0.3989
5	2	3.365	0	0	0.4773
5	2	5.063	0	0	-0.04469
5	2	3.114	0	0	-0.2755
5	2	1.897	1	1	-0.299
5	2	3.615	0	0	1.152
5	2	1.4	0	0	-0.8783
5	2	0.4354	0	0	1.109
5	2	3.432	1	1	0.3422
5	2	5.115	0	0	-1.124
5	2	1.781	0	0	-1.069
5	2	3.368	0	0	1.09
5	2	1.443	1	1	0.6355
5	2	0.8211	1	0	0.6823
5	2	1.065	1	0	1.371
5	2	5.43	0	0	-0.3004
5	2	0.9741	0	0	0.8581
5	2	1.605	0	0	-3.316
5	2	0.05851	1	0	0.9864
5	2	0.2158	1	1	0.8046
5	2	5.08	1	1	1.224
6	2	5.266	1	1	0.9332
6	2	3.369	1	1	0.5103
6	2	5.392	1	1	0.1081
6	2	1.623	1	1	0.03993
6	2	0.3225	0	0	-0.1823
6	2	0.5541	0	0	-0.112
6	2	0.2659	1	0	1.099
6	2	1.206	1	0	-0.6082
6	2	3.595	1	1	-1.648
6	2	3.347	1	1	-0.004303
6	2	5.285	1	1	2.028
6	2	0.1697	0	0	0.3531
6	2	1.952	1	1	-0.5049
6	2	0.6635	0	0	0.817
6	2	5.035	1	1	-1.43
6	2	5.343	0	0	0.3583
6	2	1.812	1	1	2.517
6	2	0.1596	1	0	1.422
6	2	5.094	1	1	1.32
6	2	0.6018	0	1	0.6821
6	2	1.317	0	0	-0.233
6	2	3.41	0	0	-0.7904
6	2	2.096	1	0	-0.5386
6	2	0.8078	1	0	0.3155
6	2	1.883	0	0	-0.33
6	2	1.973	0	0	0.6084
6	2	3.822	1	1	0.001413
6	2	1.663	1	0	-1.62
6	2	1.204	0	0	-1.397
6	2	0.8488	0	0	1.388
6	2	3.966	0	0	0.7636
6	2	3.572	0	0	-1.074
6	2	0.5581	1	0	0.1257
6	2	0.8216	1	1	0.8743
6	2	5.299	0	0	0.1915
6	2	1.768	0	0	1.192
6	2	1.335	1	0	0.2053
6	2	1.547	0	0	0.06128
6	2	3.201	1	1	0.6008
6	2	0.2509	0	0	0.2764
6	2	3.623	0	0	-0.1608
6	2	3.189	1	1	0.3408
6	2	1.053	0	0	0.1323
6	2	5.162	0	0	0.3323
6	2	1.296	1	0	0.2515
6	2	0.8634	1	1	0.1926
6	2	5.334	0	0	-0.3508
6	2	0.6961	0	0	0.1905
6	2	5.51	0	0	-0.08737
6	2	1.727	0	0	0.09167
7	2	2.028	1	0	0.5861
7	2	0.7325	0	0	1.428
7	2	3.62	1	1	-0.843
7	2	5.372	0	0	-0.01255
7	2	3.5	0	0	0.3995
7	2	5.469	1	1	0.7807
7	2	1.778	1	1	-0.2617
7	2	1.695	1	1	-0.1765
7	2	5.142	1	1	1.524
7	2	0.67	0	0	-0.8383
7	2	3.401	1	1	0.0286
7	2	0.4646	1	0	-0.5014
7	2	5.695	0	0	1.235
7	2	3.41	1	1	-0.9746
7	2	0.5551	0	1	-0.392
7	2	0.5109	0	0	0.8956
7	2	0.9722	1	0	-0.5361
7	2	0.9935	0	0	-0.1524
7	2	5.426	1	1	0.07914
7	2	5.314	1	1	0.293
7	2	5.365	1	1	0.08969
7	2	2.056	0	0	-1.463
7	2	0.5749	0	0	0.09132
7	2	0.2113	0	0	-1.244
7	2	1.099	0	0	-0.8982
7	2	0.9102	1	0	0.4504
7	2	3.441	1	1	-0.4525
7	2	0.3642	1	0	1.031
7	2	5.413	0	0	-0.4548
7	2	3.834	1	1	-0.2138
7	2	1.502	0	0	-0.0427
7	2	0.8232	0	0	0.09808
7	2	5.325	0	0	0.2958
7	2	5.326	0	0	0.785
7	2	1.756	1	0	-0.3696
7	2	0.4161	1	0	1.277
7	2	1.069	0	1	1.072
7	2	2.009	0	0	1.105
7	2	3.642	0	0	-0.5027
7	2	1.856	0	0	-0.6551
7	2	3.686	0	0	0.2147
7	2	0.9965	0	0	-0.3453
7	2	0.4229	1	1	0.5559
7	2	1.234	1	1	0.217
7	2	3.41	1	1	0.7575
7	2	0.4765	0	0	-1.338
7	2	1.988	1	1	-0.8954
7	2	0.6118	1	1	-1.504
7	2	3.661	0	0	0.002372
7	2	1.716	1	0	-0.9775
8	2	0.9874	0	0	1.228
8	2	3.443	1	1	-0.821
8	2	0.2246	1	1	-0.3508
8	2	2.233	1	1	-0.0341
8	2	1.796	0	0	-0.2861
8	2	3.802	0	0	-0.2988
8	2	0.2672	0	0	0.3369
8	2	3.535	1	1	-1.116
8	2	1.075	0	0	-0.6419
8	2	1.914	0	0	1.233
8	2	3.725	0	0	1.1
8	2	0.8759	1	0	-0.1388
8	2	5.512	1	1	-0.9504
8	2	0.09738	1	1	-0.9134
8	2	0.0795	1	0	0.4496
8	2	5.481	0	0	-0.8321
8	2	3.457	0	0	0.8499
8	2	0.8985	1	0	0.4262
8	2	0.8407	0	0	-0.3139
8	2	0.4981	0	0	-0.8864
8	2	0.8796	1	0	0.553
8	2	2.013	1	1	0.4453
8	2	3.606	0	0	-0.4914
8	2	0.6319	0	1	1.336
8	2	5.438	0	0	0.5109
8	2	0.4987	0	0	0.03389
8	2	1.134	1	1	0.3698
8	2	1.887	1	0	0.3672
8	2	3.455	0	0	-0.3988
8	2	1.669	0	0	-1.892
8	2	3.481	1	1	-0.2022
8	2	0.2837	1	1	-1.719
8	2	1.655	0	0	-0.4501
8	2	3.755	1	1	-0.06218
8	2	5.18	1	1	1.089
8	2	0.2863	0	0	0.4512
8	2	1.142	0	0	-0.03581
8	2	5.447	1	1	1.276
8	2	4.91	1	1	0.1385
8	2	5.335	0	0	-0.4526
8	2	5.452	1	1	-1.006
8	2	0.09519	0	0	-2.422
8	2	1.826	1	1	1.043
8	2	5.497	1	1	0.002996
8	2	5.091	0	0	0.4725
8	2	1.844	0	0	-0.06035
8	2	1.859	1	1	0.08302
8	2	0.529	1	1	0.1959
8	2	0.5652	1	1	0.2847
8	2	3.526	0	0	0.9238
9	2	3.541	1	1	2.482
9	2	5.207	0	0	-0.392
9	2	5.437	0	0	0.0813
9	2	3.424	1	1	1.124
9	2	3.806	0	0	-1.001
9	2	1.097	0	0	-0.8129
9	2	0.2811	1	1	0.3369
9	2	0.3752	0	1	0.5492
9	2	0.4867	1	1	0.02059
9	2	1.022	0	0	-0.2185
9	2	0.7642	1	0	-0.2771
9	2	1.839	1	1	-0.1075
9	2	3.732	0	0	-0.5404
9	2	3.686	1	1	0.1846
9	2	5.495	1	1	-0.9314
9	2	0.7145	0	1	-0.6123
9	2	1.048	1	0	0.7854
9	2	0.8213	1	1	-0.02882
9	2	1.917	0	0	-1.055
9	2	5.431	0	0	-0.159
9	2	1.712	1	1	-0.5341
9	2	3.322	1	1	-0.8092
9	2	5.179	1	1	-2.039
9	2	1.513	1	1	0.5846
9	2	2.211	1	1	1.033
9	2	0.8762	1	1	2.215
9	2	3.383	0	0	0.7138
9	2	5.292	0	0	0.3923
9	2	5.669	0	0	0.4925
9	2	1.991	1	1	1.52
9	2	5.241	1	1	1.236
9	2	1.735	1	1	1.011
9	2	0.4849	0	0	1.575
9	2	1.916	1	1	0.2521
9	2	0.527	0	1	0.3042
9	2	0.5558	0	0	-0.07665
9	2	1.845	0	0	-0.6423
9	2	1.086	0	0	-0.1803
9	2	3.693	0	0	0.2444
9	2	1.098	0	0	2.161
9	2	0.2743	0	0	-0.006973
9	2	5.601	1	1	2.003
9	2	0.9986	1	0	1.079
9	2	0.6145	0	1	0.7599
9	2	3.742	1	1	-0.9268
9	2	4.03	1	1	-0.08143
9	2	5.401	0	0	-0.4268
9	2	0.7604	0	1	0.9559
9	2	1.528	0	0	-0.1649
9	2	0.9629	1	1	0.7475
10	3	0.006663	1	0	0.7248
10	3	0.547	0	0	-1.361
10	3	1.658	1	0	0.3318
10	3	3.443	1	1	-0.05594
10	3	1.736	1	1	-1.021
10	3	3.075	1	1	1.499
10	3	0.3024	0	1	-0.4287
10	3	0.9163	1	1	-0.2163
10	3	5.585	0	0	-1.415
10	3	1.098	0	1	-0.7298
10	3	1.083	0	1	0.3652
10	3	3.221	1	1	0.2516
10	3	0.321	1	0	1.112
10	3	0.7309	1	1	0.2026
10	3	0.7892	1	1	0.02711
10	3	0.2809	0	0	0.4401
10	3	5.38	0	0	-1.234
10	3	0.4643	1	0	-1.475
10	3	0.7606	1	1	-0.1262
10	3	1.723	0	0	-0.3645
10	3	0.7525	1	0	-0.2759
10	3	0.5041	1	0	0.5064
10	3	5.146	0	0	-0.01915
10	3	3.765	0	0	1.239
10	3	5.386	1	1	-0.1877
10	3	1.876	1	1	-1.87
10	3	1.536	1	1	1.185
10	3	3.629	0	0	-0.6886
10	3	5.371	0	0	1.028
10	3	3.522	0	0	-0.5723
10	3	2.071	0	0	-0.2956
10	3	3.799	1	1	3.099
10	3	0.4116	0	0	-3.703
10	3	1.759	0	1	0.4559
10	3	1.967	0	0	0.6924
10	3	0.3655	1	1	1.878
10	3	0.8382	1	1	0.01363
10	3	1.797	0	0	0.3753
10	3	5.314	1	1	-0.6054
10	3	1.504	1	0	0.0593
10	3	0.7667	1	0	1.529
10	3	3.201	0	0	-1.243
10	3	5.488	1	1	1.429
10	3	0.9439	0	0	-1.746
10	3	5.323	0	0	-0.8215
10	3	0.0871	1	0	-0.4757
10	3	5.081	0	0	-1.579
10	3	3.504	0	0	0.3482
10	3	5.486	1	1	-3.119
10	3	3.678	0	0	-0.6412
11	3	5.422	0	0	2.351
11	3	3.456	0	0	0.9266
11	3	1.539	0	0	0.4538
11	3	3.706	0	0	-0.04215
11	3	0.5689	0	0	-0.508
11	3	0.6733	1	1	0.05585
11	3	0.2785	0	0	0.07562
11	3	1.995	1	1	-0.5447
11	3	5.428	1	1	0.9132
11	3	1.048	0	0	1.149
11	3	3.458	1	1	0.4915
11	3	5.647	1	1	-0.1215
11	3	0.4123	0	1	0.9026
11	3	5.559	1	1	0.1766
11	3	3.469	1	1	-0.005865
11	3	3.682	0	0	-1.238
11	3	0.3776	1	0	0.7425
11	3	3.652	1	1	0.5018
11	3	5.146	0	0	-0.9462
11	3	1.683	0	0	0.0854
11	3	1.871	0	0	1.944
11	3	5.486	1	1	1.305
11	3	3.8	1	1	0.2988
11	3	0.306	0	0	-0.01383
11	3	0.615	0	0	0.4879
11	3	1.445	0	0	-0.1169
11	3	0.4892	1	0	0.4142
11	3	0.998	1	1	-0.6612
11	3	5.521	1	1	1.016
11	3	0.3614	0	0	-0.6336
11	3	5.255	0	0	-0.6991
11	3	5.355	1	1	-3.989
11	3	3.686	0	0	1.377
11	3	0.8926	1	1	1.224
11	3	1.322	1	1	0.3408
11	3	1.549	0	0	0.1921
11	3	1.173	1	1	-0.4248
11	3	5.172	0	0	-0.3307
11	3	3.521	0	0	-0.3554
11	3	0.8259	0	0	-0.1029
11	3	0.9385	1	0	0.7818
11	3	1.643	0	0	-0.0236
11	3	3.562	0	0	-0.7754
11	3	1.987	1	1	0.2196
11	3	0.3561	1	1	-0.05609
11	3	0.6929	1	1	-0.3393
11	3	0.6657	1	1	-0.1938
11	3	0.5176	1	0	0.6781
11	3	2.01	1	1	-0.06711
11	3	2.025	0	0	0.06093
12	3	1.994	0	0	2.166
12	3	0.8103	1	1	-0.06724
12	3	1.612	0	0	0.2021
12	3	0.7867	0	0	0.2695
12	3	0.6456	0	1	-0.2998
12	3	0.6883	1	1	-1.05
12	3	0.1839	1	0	2.844
12	3	0.2607	0	0	1.209
12	3	5.234	0	0	0.4642
12	3	5.232	1	1	-1.033
12	3	0.564	1	0	0.7079
12	3	0.4225	1	1	0.4185
12	3	3.695	0	0	0.8223
12	3	2.071	0	0	0.5164
12	3	0.3641	1	1	0.01296
12	3	3.508	1	1	1.304
12	3	0.8451	1	0	-0.1917
12	3	3.791	0	0	-1.07
12	3	0.5711	1	0	0.3022
12	3	5.695	0	0	-0.2293
12	3	0.8886	1	0	-0.0588
12	3	3.635	0	0	0.5125
12	3	3.718	0	0	-1.191
12	3	1.935	0	0	-1.735
12	3	5.412	0	0	-1.806
12	3	1.851	1	1	0.9264
12	3	3.149	0	0	-1.432
12	3	0.893	1	1	2.087
12	3	0.4055	0	1	-0.2005
12	3	5.273	1	1	1.734
12	3	0.8599	1	1	1.688
12	3	3.818	0	0	-0.2762
12	3	5.271	0	0	0.2004
12	3	2.129	1	1	0.2568
12	3	1.442	1	1	0.7198
12	3	5.547	0	0	-0.2423
12	3	0.8142	1	0	1.413
12	3	3.762	1	1	0.6161
12	3	2.008	0	0	-0.6484
12	3	5.043	0	0	-0.8559
12	3	3.859	0	0	2.404
12	3	5.399	1	1	-1.137
12	3	3.599	1	1	0.871
12	3	0.2491	1	1	-1.838
12	3	0.9576	1	0	-1.432
12	3	5.386	1	1	0.5461
12	3	0.4851	1	0	0.663
12	3	2.1	0	0	0.4482
12	3	0.6095	0	0	-3.49
12	3	1.664	1	1	1.439
13	3	0.2564	0	1	2.842
13	3	5.274	1	1	-0.5681
13	3	1.805	1	1	-0.9187
13	3	0.7178	0	0	0.512
13	3	1.942	1	1	-1.401
13	3	0.3541	0	1	1.586
13	3	5.134	0	0	1.508
13	3	5.368	1	1	1.213
13	3	0.6828	1	1	0.2319
13	3	0.9581	0	0	-0.3043
13	3	5.443	0	0	1.44
13	3	3.497	0	0	-0.3507
13	3	3.574	0	0	0.5059
13	3	3.747	1	1	0.7666
13	3	0.776	0	1	0.6423
13	3	0.5498	0	1	-1.425
13	3	5.43	1	1	-0.0279
13	3	5.245	1	1	-2.532
13	3	5.3	0	0	0.8838
13	3	1.995	0	0	0.2557
13	3	0.6767	1	0	-2.516
13	3	3.746	0	0	-2.056
13	3	1.817	1	1	0.2808
13	3	1.725	1	1	-0.9841
13	3	0.1008	0	0	0.9216
13	3	3.36	1	1	-2.661
13	3	0.3999	0	0	1.575
13	3	5.474	0	0	-0.478
13	3	3.554	1	1	-1.194
13	3	1.138	1	1	-0.6704
13	3	1.003	0	1	1.1
13	3	1.581	0	0	-1.787
13	3	3.661	0	0	-0.8598
13	3	0.6513	0	0	0.1954
13	3	0.8913	1	1	-0.8414
13	3	3.401	1	1	-1.157
13	3	1.622	0	0	0.9391
13	3	0.8574	1	1	-0.3878
13	3	5.501	1	1	0.5304
13	3	0.3846	1	1	0.07408
13	3	0.5313	1	1	0.19
13	3	5.533	0	0	-0.9943
13	3	1.648	0	0	0.2629
13	3	1.951	1	1	-1.215
13	3	0.9989	0	0	-0.7294
13	3	1.877	0	0	0.4915
13	3	3.576	0	0	1.211
13	3	0.9905	1	1	0.9914
13	3	3.47	1	1	0.01592
13	3	0.3445	1	0	-0.06253
14	3	0.326	1	0	0.6545
14	3	0.8861	0	0	0.365
14	3	0.8281	1	0	-0.5525
14	3	5.333	0	0	-0.212
14	3	1.996	0	0	1.404
14	3	1.844	0	0	0.2201
14	3	0.8274	1	0	-0.3754
14	3	5.579	1	1	-1.129
14	3	3.801	1	1	0.3749
14	3	5.198	0	0	0.8226
14	3	1.856	1	1	0.2147
14	3	0.1958	0	1	-1.344
14	3	5.071	0	0	-0.6133
14	3	0.6038	0	1	0.7565
14	3	1.918	1	1	2.362
14	3	3.654	0	0	1.174
14	3	5.471	0	0	-0.8746
14	3	2.185	0	0	0.2624
14	3	3.432	1	1	-1.947
14	3	3.967	1	1	0.9738
14	3	0.856	0	0	-2.932
14	3	3.45	0	0	1.845
14	3	0.03242	1	1	0.002834
14	3	3.485	1	1	0.1466
14	3	5.326	1	1	-0.6839
14	3	1.15	0	0	1.085
14	3	5.331	1	1	1.343
14	3	0.9348	0	1	-0.4549
14	3	0.6142	1	1	-1.08
14	3	1.087	1	0	-1.411
14	3	1.851	0	0	1.609
14	3	1.502	1	1	-0.2873
14	3	0.3882	0	0	-0.6046
14	3	0.3947	1	0	0.3568
14	3	0.7465	1	0	0.8037
14	3	5.089	1	1	0.9636
14	3	5.261	1	1	-0.7397
14	3	1.332	1	0	-0.005721
14	3	0.4771	1	0	-0.5439
14	3	1.695	0	0	0.03618
14	3	3.473	0	0	0.02302
14	3	1.417	1	1	-0.157
14	3	5.357	0	0	-0.5936
14	3	0.508	0	0	-0.07515
14	3	3.846	0	0	-0.3618
14	3	3.621	1	1	0.3818
14	3	1.936	1	1	-1.324
14	3	0.4927	0	0	0.8908
14	3	0.621	0	0	0.5672
14	3	3.736	0	0	-0.1157
15	3	3.493	1	0	0.4565
15	3	5.561	1	1	-1.116
15	3	3.67	1	1	-0.00777
15	3	1.691	0	0	0.7171
15	3	0.7082	0	0	-0.8892
15	3	5.57	1	1	0.1232
15	3	3.421	0	0	0.007292
15	3	5.47	0	0	-1.977
15	3	0.9254	0	0	-0.5013
15	3	0.5642	0	1	0.1038
15	3	0.9053	1	1	0.3695
15	3	5.107	0	0	-0.05835
15	3	1.853	0	0	-0.239
15	3	1.83	0	0	-0.2497
15	3	0.2354	1	1	0.3896
15	3	1.417	0	0	-0.8546
15	3	1.103	1	0	-1.27
15	3	0.1119	0	1	0.006654
15	3	3.666	1	1	0.2413
15	3	1.717	0	0	-0.6273
15	3	2.282	0	0	-2.556
15	3	5.559	0	0	-0.08216
15	3	3.332	1	1	0.5225
15	3	0.4978	0	0	-0.4782
15	3	0.8991	0	0	-0.6941
15	3	5.708	1	1	-0.4132
15	3	5.494	1	1	0.6109
15	3	5.103	1	1	1.433
15	3	0.2975	1	0	-0.9298
15	3	5.41	1	1	0.1747
15	3	0.659	1	0	0.131
15	3	1.01	0	0	-0.1318
15	3	4.151	0	0	0.4974
15	3	3.685	1	1	-0.8582
15	3	0.4256	1	0	3.267
15	3	0.8029	1	1	1.84
15	3	0.6175	1	1	0.8183
15	3	5.391	0	0	-0.7905
15	3	1.009	1	1	0.02329
15	3	0.3029	0	0	1.249
15	3	0.03009	1	0	2.359
15	3	1.797	0	0	-0.07427
15	3	3.576	1	1	-0.374
15	3	1.484	1	1	-2.911
15	3	0.8298	1	1	0.7582
15	3	3.798	1	1	0.3409
15	3	2.052	0	0	-1.687
15	3	1.661	1	1	-0.2739
15	3	3.392	0	0	0.01099
15	3	0.755	0	0	-0.6678
16	3	1.772	0	0	0.9802
16	3	1.585	1	1	0.03586
16	3	5.192	0	0	-0.1201
16	3	5.556	0	0	0.2712
16	3	2.086	1	1	-0.347
16	3	1.95	1	1	-0.8416
16	3	3.962	1	1	0.8498
16	3	5.199	0	0	0.8424
16	3	1.322	0	0	0.1366
16	3	4.934	1	1	0.3203
16	3	1.041	1	1	2.128
16	3	5.419	1	1	-0.6381
16	3	5.547	1	1	-0.6815
16	3	3.812	0	0	1.135
16	3	1.846	1	1	2.493
16	3	1.148	1	0	0.8192
16	3	3.844	0	0	1.588
16	3	0.9705	1	0	0.8889
16	3	2.025	0	0	0.3283
16	3	5.657	0	0	0.4896
16	3	1.634	0	0	-0.6069
16	3	0.6543	1	1	1.303
16	3	1.819	1	1	0.5616
16	3	0.6206	0	0	-0.8869
16	3	0.8871	0	0	0.05862
16	3	1.051	1	1	2.003
16	3	1.081	1	0	1.447
16	3	0.6508	0	0	-0.01814
16	3	1.991	0	0	-0.6538
16	3	3.567	1	1	1.464
16	3	0.3676	0	0	0.2189
16	3	1.045	1	1	0.69
16	3	5.662	1	1	-0.4435
16	3	5.086	1	1	-0.4607
16	3	1.554	0	0	-0.4466
16	3	0.2026	0	0	-0.354
16	3	0.966	1	1	0.2607
16	3	0.4634	0	0	1.417
16	3	5.129	1	1	1.34
16	3	0.195	1	0	-0.1442
16	3	1.145	1	0	-0.0937
16	3	0.5214	1	0	-1.031
16	3	3.37	0	0	-0.7773
16	3	4.006	0	0	-0.005526
16	3	3.687	0	0	-0.783
16	3	3.762	0	0	-0.8257
16	3	0.1333	0	0	0.3198
16	3	3.748	1	1	0.1303
16	3	3.699	0	0	-0.114
16	3	0.1564	1	0	0.3611
17	3	1.787	0	0	0.8414
17	3	0.731	0	0	0.3814
17	3	0.2676	0	0	-0.396
17	3	0.3502	0	0	0.5594
17	3	5.126	0	0	-0.4092
17	3	0.4444	1	0	0.1494
17	3	0.9808	0	0	-0.1342
17	3	5.111	1	1	-0.353
17	3	1.818	0	0	-0.2994
17	3	5.736	1	1	0.3288
17	3	5.07	0	0	-0.282
17	3	3.649	1	1	-0.3354
17	3	3.4	0	0	0.3944
17	3	0.9756	0	0	0.1949
17	3	1.529	1	1	-0.3479
17	3	0.3423	1	1	0.8643
17	3	5.513	1	1	2.314
17	3	5.131	1	1	2.419
17	3	5.342	0	0	0.3947
17	3	3.769	0	0	-0.6137
17	3	0.6133	0	0	-0.91
17	3	3.665	1	1	1.186
17	3	3.606	1	1	0.7352
17	3	5.662	1	1	-0.5834
17	3	1.208	1	1	0.2524
17	3	1.922	1	1	0.3313
17	3	0.7791	0	1	1.444
17	3	1.985	1	1	1.661
17	3	5.482	1	1	0.3796
17	3	3.818	0	0	1.134
17	3	0.4881	1	1	-0.06972
17	3	0.6178	0	0	0.1896
17	3	0.2543	1	1	0.4608
17	3	1.079	1	1	-0.4619
17	3	0.4337	1	0	1.799
17	3	3.397	1	1	-0.7663
17	3	3.705	0	0	-0.2586
17	3	1.652	0	0	0.6914
17	3	0.5317	0	1	0.3487
17	3	3.787	0	0	-0.9935
17	3	5.096	1	1	-0.4336
17	3	0.7916	0	0	-1.391
17	3	1.317	1	1	-0.7438
17	3	2.071	0	0	0.06676
17	3	1.851	0	0	-2.233
17	3	1.715	0	0	-0.06139
17	3	1.18	1	0	0.08283
17	3	1.912	1	1	-0.5636
17	3	0.9966	1	1	-0.04907
17	3	3.623	0	0	-0.07514
18	3	3.747	0	0	1.387
18	3	1.822	0	0	-0.591
18	3	0.6366	1	0	-1.477
18	3	3.762	1	0	1.578
18	3	0.2861	1	0	0.5011
18	3	1.684	0	0	1.04
18	3	1.957	0	0	1.547
18	3	0.5997	0	1	0.9308
18	3	0.785	0	0	-0.61
18	3	0.2951	1	1	0.523
18	3	1.276	0	0	-0.02042
18	3	0.4857	1	1	-0.4322
18	3	1.596	0	0	0.9943
18	3	5.455	1	1	-2.027
18	3	1.232	0	1	-0.9504
18	3	3.774	1	1	0.9369
18	3	0.9189	1	0	-2.054
18	3	3.403	1	1	0.5796
18	3	0.5001	1	0	-0.04715
18	3	0.4392	1	0	-0.9031
18	3	3.472	0	0	-0.8173
18	3	3.889	1	1	-0.1508
18	3	5.316	0	0	0.3373
18	3	0.7672	0	0	-0.4677
18	3	0.9159	1	0	-0.1872
18	3	0.1039	0	0	0.07426
18	3	1.68	1	0	-1.169
18	3	3.629	0	0	-0.353
18	3	3.598	1	1	1.022
18	3	2.195	1	1	-0.6747
18	3	3.6	0	0	-0.4988
18	3	5.545	1	1	-1.054
18	3	1.09	0	1	-0.3445
18	3	0.9112	1	1	-0.4525
18	3	1.782	1	0	0.3622
18	3	0.4028	0	0	-2.861
18	3	5.42	0	0	0.2473
18	3	3.525	0	0	0.1059
18	3	5.396	0	0	-0.3835
18	3	5.652	1	1	-0.339
18	3	0.2507	1	1	1.01
18	3	0.2263	0	1	0.4526
18	3	1.646	1	1	0.07361
18	3	1.976	1	0	-0.2557
18	3	5.52	1	1	-2.444
18	3	5.182	0	0	-1.489
18	3	1.846	0	0	0.7439
18	3	5.549	0	0	0.1726
18	3	1.182	1	1	-1.319
18	3	5.53	0	0	0.1558
19	3	0.7144	1	0	1.878
19	3	3.81	1	1	0.1597
19	3	1.151	0	0	1.841
19	3	0.9297	1	1	-0.1225
19	3	0.8898	1	0	0.2889
19	3	1.766	0	0	0.7083
19	3	5.571	0	0	0.1027
19	3	1.172	0	0	-0.8845
19	3	3.707	0	0	-2.047
19	3	3.554	1	1	0.121
19	3	1.86	0	0	-1.045
19	3	0.6333	0	0	-1.557
19	3	0.9607	1	0	-0.08447
19	3	5.624	0	0	0.6065
19	3	0.5005	1	1	1.576
19	3	5.331	1	1	-0.1948
19	3	1.857	0	0	0.7376
19	3	5.138	1	1	-0.4448
19	3	1.722	0	0	-0.6273
19	3	3.598	0	0	0.6616
19	3	0.591	0	1	-0.7825
19	3	5.222	0	0	0.4604
19	3	5.269	0	0	0.5294
19	3	0.5436	0	1	-0.472
19	3	5.641	1	1	-2.02
19	3	3.7	1	1	-1.081
19	3	0.7218	0	0	1.882
19	3	0.291	0	0	-0.1089
19	3	5.841	1	1	0.6251
19	3	0.6294	1	0	-0.379
19	3	5.493	0	0	-0.4269
19	3	3.327	0	0	0.5929
19	3	1.09	1	0	0.1118
19	3	1.919	1	1	0.5237
19	3	0.7395	1	0	0.04956
19	3	1.981	1	1	0.1271
19	3	3.451	0	0	-1.161
19	3	0.5162	1	1	0.1382
19	3	0.2007	1	1	0.7735
19	3	1.845	0	0	0.1092
19	3	5.395	0	0	-0.31
19	3	1.658	1	1	-0.1594
19	3	1.931	1	1	-0.9495
19	3	3.77	1	1	-0.8404
19	3	0.3028	0	0	-0.3506
19	3	0.7602	0	0	-3.092
19	3	3.826	1	1	-0.8984
19	3	3.429	0	0	1.248
19	3	1.135	1	0	1.638
19	3	1.9	0	0	-0.4519
20	4	0.8646	0	0	4.238
20	4	5.291	0	0	-1.336
20	4	5.42	0	0	0.5042
20	4	3.816	1	1	0.6471
20	4	0.5676	0	0	-0.7535
20	4	0.3672	1	1	0.1779
20	4	0.2226	0	1	-1.017
20	4	2.001	0	0	1
20	4	3.56	1	1	-0.5405
20	4	3.624	1	1	-0.3201
20	4	5.543	1	1	-0.07579
20	4	1.169	1	1	-0.3916
20	4	3.756	1	1	-0.5856
20	4	2.187	0	0	0.3389
20	4	0.5402	1	1	2.952
20	4	0.8352	1	0	1.143
20	4	5.123	0	0	0.6525
20	4	3.437	1	1	-0.3364
20	4	0.992	1	1	0.4288
20	4	1.915	0	0	0.3109
20	4	1.173	0	1	-0.1032
20	4	5.562	0	0	-0.5948
20	4	0.8667	0	1	0.1614
20	4	3.252	1	1	-0.1475
20	4	3.595	1	1	-0.3872
20	4	1.713	1	1	0.987
20	4	1.815	0	0	2.242
20	4	3.763	1	1	0.6118
20	4	0.4468	0	0	0.1642
20	4	1.558	0	0	2.306
20	4	5.086	0	0	0.9851
20	4	0.1917	0	0	-0.003168
20	4	0.5451	1	1	-0.04601
20	4	1.072	1	1	0.4102
20	4	4.698	1	1	-1.662
20	4	0.4117	0	1	-0.1353
20	4	3.772	1	1	0.3859
20	4	3.681	0	0	-0.7019
20	4	1.625	0	0	-0.5537
20	4	0.5731	1	0	-0.954
20	4	5.768	1	1	-0.3399
20	4	0.699	1	1	-0.04397
20	4	0.4961	0	1	-0.3609
20	4	5.793	1	1	0.1616
20	4	5.367	0	0	-0.357
20	4	1.693	0	1	0.3002
20	4	1.328	1	1	-1.51
20	4	2.056	0	0	0.7682
20	4	0.7895	0	0	0.6667
20	4	0.2288	1	1	1.021
21	4	5.304	0	1	1.945
21	4	5.397	1	1	-0.3036
21	4	1.781	0	0	0.5849
21	4	0.244	1	0	-0.6976
21	4	1.534	0	1	0.446
21	4	1.86	0	0	0.1744
21	4	1.791	1	1	-1.107
21	4	3.505	0	0	0.08971
21	4	1.67	1	1	0.4412
21	4	5.132	0	0	0.6317
21	4	3.472	1	1	0.345
21	4	5.425	1	1	-0.4817
21	4	3.704	1	1	-0.6118
21	4	0.683	1	1	0.474
21	4	1.759	1	1	1.011
21	4	0.5325	0	1	2.793
21	4	0.7614	1	0	0.6192
21	4	1.905	0	0	0.5458
21	4	0.9044	0	0	-0.7456
21	4	0.0913	1	1	0.7429
21	4	3.852	0	0	-1.899
21	4	1.913	1	1	-0.8728
21	4	3.397	1	1	0.1306
21	4	1.135	1	0	-0.3007
21	4	1.503	1	1	-0.4479
21	4	0.6227	0	0	-0.5527
21	4	0.7355	0	0	0.6976
21	4	0.3298	0	0	0.6228
21	4	1.646	0	0	0.3622
21	4	0.2949	0	0	0.2115
21	4	0.2694	0	0	2.45
21	4	3.877	1	1	1.238
21	4	3.859	1	1	-0.9307
21	4	5.276	1	1	0.01231
21	4	3.943	1	1	-0.268
21	4	5.798	1	1	1.597
21	4	0.9597	0	0	1.074
21	4	0.9086	0	0	1.38
21	4	0.8219	1	0	1.234
21	4	0.5327	1	0	0.6286
21	4	1.409	0	0	-0.1226
21	4	1.066	1	0	-0.3283
21	4	3.555	0	0	-0.4434
21	4	5.315	0	0	-0.1331
21	4	0.592	0	1	-0.2496
21	4	0.9311	0	0	0.03965
21	4	5.433	0	0	-0.6819
21	4	5.737	1	1	0.01153
21	4	3.536	1	1	0.01573
21	4	5.464	0	0	-0.8803
22	4	0.4786	1	0	1.955
22	4	5.013	0	0	-0.295
22	4	5.172	0	0	-0.09835
22	4	5.055	0	0	0.6214
22	4	0.3289	1	1	-0.7952
22	4	1.978	1	1	-0.2342
22	4	3.583	0	0	-0.6084
22	4	3.546	0	0	0.3415
22	4	2.057	1	1	0.348
22	4	0.186	1	1	0.4647
22	4	0.4235	0	1	0.2098
22	4	1.451	0	0	-0.15
22	4	1.034	1	0	-1.069
22	4	5.278	0	0	0.4964
22	4	0.8868	1	0	-0.1723
22	4	3.665	0	0	-0.679
22	4	1.032	0	0	-0.3461
22	4	3.188	0	0	-1.087
22	4	1.339	1	1	-1.964
22	4	0.6403	0	1	3.368
22	4	0.5897	0	1	-0.5907
22	4	3.61	0	0	-0.285
22	4	0.6917	0	0	-0.2002
22	4	0.3787	0	0	2.021
22	4	0.9658	0	0	0.5021
22	4	0.6468	0	1	2.654
22	4	3.908	1	1	2.582
22	4	1.065	0	0	0.1574
22	4	5.122	0	0	0.002022
22	4	3.695	1	1	0.497
22	4	0.6029	0	1	-1.124
22	4	1.815	1	1	-1.544
22	4	2.031	1	1	0.2051
22	4	5.589	0	0	0.05593
22	4	5.489	1	1	-0.2118
22	4	5.313	1	1	-0.1252
22	4	5.707	0	0	0.6101
22	4	1.38	1	1	-0.1582
22	4	3.624	1	1	-1.051
22	4	0.4346	1	0	-0.6113
22	4	1.699	1	1	0.07049
22	4	0.9397	1	1	-0.1733
22	4	1.572	1	1	-1.247
22	4	5.126	0	0	0.3719
22	4	2.048	1	1	1.297
22	4	3.828	1	1	0.5853
22	4	0.4588	0	1	-0.05036
22	4	1.638	1	1	-0.5028
22	4	0.5571	1	1	-0.4133
22	4	3.536	1	1	0.4756
23	4	0.1364	1	1	2.401
23	4	1.654	0	0	1.169
23	4	5.312	1	1	0.09486
23	4	0.5127	1	1	-0.05209
23	4	1.913	1	1	0.3943
23	4	1.027	0	1	0.407
23	4	0.5272	1	1	1.135
23	4	1.675	0	0	-0.5127
23	4	3.349	0	0	-1.812
23	4	1.11	1	1	0.5018
23	4	3.549	0	0	0.6173
23	4	5.259	0	0	-0.2322
23	4	1.729	1	1	2.311
23	4	0.624	1	1	-0.3047
23	4	5.379	1	1	0.8925
23	4	1.864	0	1	0.8061
23	4	5.429	0	0	0.08059
23	4	3.649	1	1	-0.01192
23	4	3.777	0	0	0.7688
23	4	3.425	0	0	0.4559
23	4	1.848	0	0	-0.587
23	4	0.6499	0	0	-0.4832
23	4	3.558	0	0	-0.01937
23	4	0.4003	1	1	0.8696
23	4	3.32	1	1	0.8828
23	4	5.331	1	1	0.5391
23	4	5.269	1	1	1.467
23	4	1.555	0	0	0.347
23	4	5.443	0	0	-0.5674
23	4	0.8346	1	1	0.4641
23	4	0.8022	0	0	0.3172
23	4	0.6508	1	0	0.4677
23	4	5.191	0	0	0.101
23	4	0.8931	0	0	0.4701
23	4	5.563	0	0	-4.148
23	4	0.3363	0	0	1.276
23	4	1.567	0	0	1.834
23	4	1.472	1	1	-1.314
23	4	1.028	1	1	-2.224
23	4	1.797	0	0	0.803
23	4	0.7956	1	1	0.4423
23	4	3.591	1	1	0.2523
23	4	0.4948	0	1	0.1917
23	4	0.9869	1	1	-0.2236
23	4	3.365	1	1	-0.3421
23	4	5.075	1	1	-0.3117
23	4	0.5045	0	0	-1.769
23	4	0.7832	1	0	1.645
23	4	3.611	1	1	1.162
23	4	0.2631	0	0	-0.4811
24	4	1.264	0	0	1.501
24	4	0.5371	0	0	2.726
24	4	5.226	1	1	0.3906
24	4	0.7882	1	1	0.658
24	4	3.673	1	1	0.08835
24	4	0.4836	1	1	2.598
24	4	1.908	1	1	-0.2936
24	4	4.727	0	0	-0.9311
24	4	0.7729	0	0	0.5213
24	4	1.733	1	1	-0.04582
24	4	0.5801	0	0	-0.7401
24	4	0.2697	1	0	0.00417
24	4	0.9022	1	0	-0.225
24	4	1.028	1	1	-0.2972
24	4	1.624	0	0	-0.5679
24	4	0.1388	0	1	0.3275
24	4	0.03056	0	1	-0.4636
24	4	5.343	0	0	0.1877
24	4	0.6428	1	1	0.02942
24	4	5.281	0	0	0.3993
24	4	1.541	1	1	-1.04
24	4	0.8753	0	0	0.03299
24	4	0.8517	0	0	0.8145
24	4	5.289	0	0	0.2806
24	4	3.107	0	0	-0.954
24	4	5.355	0	0	-0.5673
24	4	1.619	1	1	-0.6913
24	4	3.249	0	0	0.128
24	4	1.677	0	0	-0.2362
24	4	1.22	1	0	-0.7441
24	4	1.998	0	0	1.048
24	4	1.809	0	0	0.7755
24	4	0.8839	1	1	-1.584
24	4	3.572	0	0	0.5976
24	4	0.3437	1	1	0.09006
24	4	0.7558	1	1	-0.9356
24	4	0.8073	1	0	-0.6171
24	4	3.788	1	1	-0.1143
24	4	1.445	0	0	1.625
24	4	5.493	1	1	0.5678
24	4	0.6286	1	1	-0.04562
24	4	2.227	1	1	-0.3911
24	4	3.439	1	1	-0.02292
24	4	3.359	0	0	-0.4209
24	4	5.181	1	1	-0.5764
24	4	3.697	0	0	-1.521
24	4	3.76	0	0	0.4308
24	4	5.663	0	0	2.284
24	4	3.549	1	1	0.2897
24	4	5.56	1	1	-0.2908
25	4	0.879	1	0	2.803
25	4	5.337	0	0	1.309
25	4	0.2016	0	0	-0.1378
25	4	0.1325	1	0	0.6038
25	4	0.409	1	1	0.7354
25	4	0.7894	1	1	2.756
25	4	3.831	0	0	0.5446
25	4	5.375	1	1	-1.827
25	4	0.7218	0	1	1.105
25	4	1.723	0	0	-0.07633
25	4	5.349	1	1	-0.1268
25	4	1.012	0	0	-1.825
25	4	0.6167	1	1	1.545
25	4	1.697	0	1	0.301
25	4	5.551	1	1	0.2571
25	4	5.134	0	0	-0.5392
25	4	1.777	0	0	0.679
25	4	1.646	0	0	1.391
25	4	0.9854	1	0	0.3312
25	4	3.413	0	0	0.1992
25	4	0.889	0	0	-1.598
25	4	0.3586	0	1	-0.8739
25	4	3.313	1	1	-1.722
25	4	5.324	0	0	0.2762
25	4	0.7235	0	0	0.2086
25	4	3.698	1	1	0.7778
25	4	3.652	1	1	0.07293
25	4	1.766	1	1	0.7536
25	4	3.619	1	1	-0.3851
25	4	0.6008	1	1	1.008
25	4	1.581	1	1	0.2884
25	4	3.398	1	1	2.328
25	4	0.2333	0	0	1.465
25	4	0.793	0	0	0.9704
25	4	3.738	1	1	0.2244
25	4	1.828	1	0	0.303
25	4	3.957	0	0	-0.01689
25	4	1.071	1	1	-3.564
25	4	5.209	0	0	1.114
25	4	5.274	1	1	0.6757
25	4	5.511	1	1	-2.336
25	4	0.8788	0	0	0.5854
25	4	1.684	0	0	-1.141
25	4	0.66	0	0	-0.8745
25	4	1.789	1	1	0.09342
25	4	5.638	0	0	-0.2372
25	4	0.3358	0	0	0.4926
25	4	1.158	0	0	-0.7816
25	4	2.04	0	0	-0.5772
25	4	3.662	1	1	0.5552
26	4	0.3478	0	0	1.757
26	4	1.59	0	0	0.09772
26	4	0.3433	0	0	-1.257
26	4	5.488	1	1	0.2304
26	4	0.9559	1	1	-1.759
26	4	1.106	0	0	0.7166
26	4	3.691	0	0	0.06906
26	4	0.7663	1	1	0.7844
26	4	3.005	1	1	0.246
26	4	5.478	0	0	0.2423
26	4	1.244	0	1	-1.771
26	4	0.3365	0	1	0.7829
26	4	3.36	1	1	1.37
26	4	5.568	1	1	1.17
26	4	1.265	1	1	0.09792
26	4	3.717	1	1	-0.5383
26	4	0.2996	0	0	1.559e-05
26	4	3.524	0	0	-0.1735
26	4	0.5039	0	0	0.8098
26	4	0.7694	1	1	-0.8969
26	4	5.333	1	1	1.207
26	4	3.732	0	0	1.233
26	4	1.148	1	1	-0.1636
26	4	1.915	0	0	0.08388
26	4	0.4644	0	1	-0.879
26	4	1.792	1	1	1.103
26	4	0.9987	0	0	0.08688
26	4	1.245	1	1	-0.8753
26	4	5.358	1	1	-0.1001
26	4	0.2544	1	0	0.5237
26	4	1.756	0	0	1.524
26	4	1.812	1	1	0.07604
26	4	5.426	1	1	-0.5166
26	4	3.662	0	0	-0.4618
26	4	0.8737	1	0	0.5012
26	4	5.172	0	0	0.6936
26	4	2.066	1	1	-0.1728
26	4	0.9809	0	0	-2.486
26	4	3.866	0	0	-1.172
26	4	5.377	0	0	0.6409
26	4	0.3861	1	1	-0.1604
26	4	1.772	1	1	0.07868
26	4	3.52	0	0	0.5026
26	4	0.9531	0	0	-0.3217
26	4	5.584	0	0	2.359
26	4	5.173	0	0	-1.66
26	4	2.286	1	1	-0.1359
26	4	3.595	0	0	1.054
26	4	0.6763	1	1	-0.228
26	4	1.517	1	1	-1.576
27	4	0.9211	0	0	1.639
27	4	0.05693	0	0	1.363
27	4	3.56	1	1	0.9757
27	4	1.85	0	0	-0.2001
27	4	1.496	0	0	2.635
27	4	0.3632	1	0	0.5428
27	4	5.336	0	0	0.001067
27	4	1.533	0	0	-0.2292
27	4	3.522	0	0	-0.003147
27	4	0.8234	1	1	-0.5775
27	4	0.8812	1	1	0.02219
27	4	0.7323	0	1	0.4213
27	4	5.564	0	0	-0.5178
27	4	5.465	0	0	-0.3451
27	4	3.826	1	1	-0.6112
27	4	0.2579	1	1	0.4822
27	4	1.841	1	1	-0.9115
27	4	5.306	0	0	0.1919
27	4	3.582	0	0	0.1547
27	4	0.9049	0	0	0.449
27	4	0.4573	0	0	1.771
27	4	0.3034	1	1	-0.1914
27	4	5.228	0	0	-0.002771
27	4	1.055	1	1	-1.773
27	4	1.664	1	1	0.3324
27	4	3.557	1	1	0.5107
27	4	0.8046	1	1	0.6923
27	4	0.8775	1	1	1.001
27	4	0.7077	0	0	0.4074
27	4	0.9707	1	1	-0.4848
27	4	5.416	1	1	0.04183
27	4	3.569	0	0	0.2351
27	4	5.296	1	1	0.4131
27	4	1.841	1	1	-0.001557
27	4	5.075	1	1	-0.7341
27	4	0.885	1	1	-0.02184
27	4	3.781	0	0	0.583
27	4	2.051	0	0	0.007572
27	4	0.4038	0	0	2.908
27	4	1.87	1	1	-0.1706
27	4	0.3962	0	0	0.688
27	4	1.088	1	1	0.5872
27	4	3.975	0	0	2.233
27	4	3.804	0	0	-1.067
27	4	0.7118	1	0	0.806
27	4	1.788	0	0	0.5058
27	4	3.08	1	1	2.196
27	4	1.892	0	0	0.1363
27	4	5.429	0	0	-0.3759
27	4	5.442	1	1	1.127
28	4	1.826	1	0	0.5107
28	4	3.847	1	1	-0.3239
28	4	0.4325	1	0	0.3374
28	4	1.762	1	1	0.2093
28	4	3.559	1	1	-0.3683
28	4	1.816	1	1	-0.09499
28	4	1.973	0	0	-0.5282
28	4	1.864	0	0	-0.1327
28	4	5.392	0	0	-0.1295
28	4	5.592	1	1	0.04664
28	4	0.8584	0	0	0.5725
28	4	0.4375	0	1	0.8519
28	4	5.299	0	0	0.2596
28	4	0.4952	1	1	0.4207
28	4	3.402	1	1	0.05954
28	4	1.758	0	0	-0.1071
28	4	0.5584	0	0	0.1098
28	4	0.6503	1	1	0.1949
28	4	3.428	1	1	-0.4193
28	4	3.425	0	0	-0.07262
28	4	1.597	1	0	2.441
28	4	0.7777	0	0	-0.1693
28	4	5.426	1	1	1.722
28	4	5.359	1	1	-0.1642
28	4	1.067	0	0	0.1935
28	4	0.6159	1	0	1.183
28	4	3.697	0	0	-1.908
28	4	1.983	0	0	1.596
28	4	0.6429	1	1	0.5246
28	4	5.244	0	0	1.834
28	4	1.415	1	1	0.8312
28	4	0.3105	0	1	0.4259
28	4	3.583	0	0	0.08078
28	4	1.816	1	1	0.02714
28	4	3.307	1	1	-1.84
28	4	0.6666	1	0	1.734
28	4	0.5569	0	0	0.7154
28	4	0.7878	0	0	-0.09312
28	4	0.2863	0	0	0.1076
28	4	5.051	0	0	-0.3302
28	4	0.6355	1	0	0.4191
28	4	5.438	1	1	0.5249
28	4	0.7129	1	0	0.2683
28	4	3.286	0	0	0.09553
28	4	5.449	0	0	0.1752
28	4	0.9027	0	0	0.185
28	4	3.455	1	1	0.3312
28	4	5.487	1	1	-1.831
28	4	0.5391	0	0	1.054
28	4	1.073	1	0	1.514
29	4	5.505	1	1	2.451
29	4	4.859	0	0	-0.3831
29	4	5.054	1	1	0.2386
29	4	0.3763	1	0	-0.4693
29	4	3.563	1	1	-0.7587
29	4	0.4395	1	0	0.2428
29	4	0.6177	0	0	0.6858
29	4	1.466	1	1	-0.3554
29	4	1.214	0	0	0.5245
29	4	1.118	0	0	1.151
29	4	1.988	1	1	-0.6604
29	4	1.581	1	1	-0.996
29	4	0.6225	1	1	0.08029
29	4	5.138	0	0	0.124
29	4	0.6543	0	1	1.59
29	4	3.829	1	1	-1.712
29	4	3.45	1	1	0.3287
29	4	1.864	0	0	1.949
29	4	0.5941	0	1	-0.3059
29	4	1.945	1	1	-0.9906
29	4	0.6781	1	1	-0.2026
29	4	0.7245	0	0	-1.092
29	4	0.4816	1	0	0.8223
29	4	3.887	1	1	-0.4842
29	4	3.605	0	0	0.05148
29	4	0.9654	1	1	0.09141
29	4	0.6033	1	0	-0.6582
29	4	3.849	1	1	-0.7102
29	4	3.998	1	1	-0.7289
29	4	3.544	0	0	0.7513
29	4	5.249	1	1	-0.695
29	4	0.6398	0	1	-0.129
29	4	1.029	0	0	1.123
29	4	0.266	1	0	-0.2697
29	4	1.188	0	0	0.1345
29	4	5.571	0	0	0.2016
29	4	3.643	0	0	-0.2626
29	4	1.661	0	0	0.335
29	4	0.3403	0	0	0.4502
29	4	3.8	1	1	-0.08905
29	4	5.485	1	1	-0.9313
29	4	0.7654	0	0	0.6721
29	4	0.2659	0	0	1.792
29	4	1.697	0	0	0.5888
29	4	1.536	0	0	0.2624
29	4	5.256	0	0	0.817
29	4	1.832	1	1	0.2742
29	4	5.34	0	0	0.7549
29	4	5.327	1	1	0.09904
29	4	2.07	1	1	1.198
30	5	0.8879	0	0	1.05
30	5	5.393	0	0	0.1526
30	5	5.293	0	0	-0.5118
30	5	3.407	1	1	-0.735
30	5	1.115	0	0	0.01224
30	5	0.4722	1	1	0.6319
30	5	0.3544	0	1	0.6534
30	5	1.712	0	0	0.5997
30	5	3.633	1	1	-0.1564
30	5	3.443	1	1	-0.2094
30	5	5.592	1	1	0.9591
30	5	0.8754	1	1	1.181
30	5	3.45	1	1	-0.4753
30	5	1.72	0	0	-1.739
30	5	0.6498	1	1	-0.4916
30	5	0.827	1	1	0.09515
30	5	5.075	0	0	-0.5665
30	5	3.446	1	1	-1.539
30	5	1.008	1	1	-2.015
30	5	1.446	0	0	-0.7281
30	5	0.8083	0	1	0.2633
30	5	5.747	0	0	-0.006384
30	5	1.289	0	1	0.148
30	5	3.383	1	1	0.2368
30	5	3.471	1	1	-0.6229
30	5	2.011	1	1	-0.6154
30	5	1.989	0	0	-0.805
30	5	3.495	1	1	0.03786
30	5	0.6962	0	0	0.4623
30	5	1.466	0	0	-1.574
30	5	5.097	0	0	0.7516
30	5	0.1988	0	0	1.828
30	5	0.8217	1	1	-2.028
30	5	1.102	1	0	0.1201
30	5	4.693	1	1	-0.4186
30	5	0.3966	0	0	-0.817
30	5	3.804	1	1	-1.257
30	5	3.694	0	0	0.2941
30	5	1.63	0	0	0.9875
30	5	0.5678	1	1	2.114
30	5	5.787	1	1	-0.4272
30	5	0.6713	1	0	1.482
30	5	0.505	0	0	-0.8162
30	5	5.809	1	1	0.4371
30	5	5.213	0	0	0.4353
30	5	1.5	0	0	0.2237
30	5	2.047	1	1	-1.926
30	5	1.556	0	0	-0.8427
30	5	0.8312	0	0	0.3688
30	5	0.03966	1	1	1.13
31	5	5.538	0	0	2.652
31	5	5.688	1	1	0.4081
31	5	2.15	0	0	-0.1264
31	5	0.6809	1	0	-0.8722
31	5	1.929	0	0	-1.265
31	5	1.58	0	1	-0.7734
31	5	1.805	1	1	-2.169
31	5	3.774	0	0	0.1928
31	5	1.897	1	1	0.134
31	5	5.357	0	0	-1.861
31	5	3.452	1	1	-1.417
31	5	5.413	1	1	-0.8635
31	5	3.318	1	1	-0.2464
31	5	0.9255	1	0	0.8243
31	5	1.185	1	0	1.935
31	5	0.3606	0	1	-0.6193
31	5	0.7503	1	1	0.2755
31	5	1.857	0	0	0.02668
31	5	1.034	0	0	-0.09282
31	5	0.6853	1	1	1.186
31	5	3.698	0	0	0.1402
31	5	1.582	1	1	0.2264
31	5	3.933	1	1	0.2136
31	5	0.7766	1	0	1.437
31	5	1.561	1	1	0.02864
31	5	0.777	0	0	0.7483
31	5	0.4511	0	1	2.966
31	5	0.3344	0	0	0.5296
31	5	1.526	0	0	-0.3133
31	5	0.3108	0	0	0.3345
31	5	0.5359	0	0	0.6944
31	5	3.512	1	1	-1.089
31	5	3.727	1	1	-0.289
31	5	5.251	1	1	0.2021
31	5	3.528	1	1	0.2346
31	5	5.391	1	1	0.3639
31	5	0.7702	0	0	-0.2963
31	5	1.224	0	0	1.848
31	5	1.038	1	0	2.225
31	5	0.589	1	1	-1.548
31	5	0.9589	0	0	0.2529
31	5	0.9004	1	0	-0.3437
31	5	3.865	0	0	-0.1775
31	5	5.521	0	0	-0.6863
31	5	0.03785	0	0	-0.6567
31	5	0.9035	0	0	0.1199
31	5	5.292	0	0	-1.412
31	5	5.243	1	1	-0.4364
31	5	3.503	1	1	0.08133
31	5	5.7	0	0	0.1583
32	5	0.3469	1	0	3.491
32	5	5.351	0	0	-0.8501
32	5	5.413	0	0	-0.7255
32	5	5.733	0	0	0.4932
32	5	0.5472	1	1	-0.7855
32	5	1.793	1	1	1.603
32	5	3.48	0	0	0.2288
32	5	3.653	0	0	1.114
32	5	1.805	1	1	0.5966
32	5	0.3612	1	1	0.302
32	5	0.5029	0	1	-0.1803
32	5	2.018	0	0	-0.8899
32	5	0.98	1	1	-1.191
32	5	5.305	0	0	0.7406
32	5	0.8999	1	1	1.576
32	5	3.552	0	0	-0.4503
32	5	0.8158	0	0	-0.7753
32	5	3.369	0	0	1.24
32	5	0.6278	1	1	1.042
32	5	0.4046	0	1	1.24
32	5	0.5422	0	0	0.8616
32	5	3.362	0	0	-0.8342
32	5	0.897	0	0	0.08913
32	5	0.7822	0	1	-1.001
32	5	0.692	0	0	-0.4785
32	5	0.2659	0	1	1.075
32	5	3.478	1	1	0.206
32	5	0.6428	0	1	0.5204
32	5	5.689	0	0	-0.5687
32	5	3.535	1	1	-0.9107
32	5	1.18	0	0	0.5028
32	5	2.428	1	1	-2.053
32	5	1.748	1	1	1.261
32	5	5.231	0	0	-1.534
32	5	5.265	1	1	0.1978
32	5	5.493	1	1	-0.3805
32	5	5.478	0	0	-0.1224
32	5	1.825	1	1	-1.058
32	5	3.449	1	1	0.8515
32	5	0.575	1	1	0.3099
32	5	1.807	1	1	0.3275
32	5	0.8209	1	1	1.585
32	5	2.063	1	1	0.7317
32	5	5.505	0	0	-0.3577
32	5	1.507	1	1	-0.8586
32	5	3.469	1	1	-1.37
32	5	0.4851	0	0	-0.3411
32	5	2.112	1	1	0.6715
32	5	0.8314	1	0	-0.3036
32	5	3.561	1	1	-1.187
33	5	0.3386	1	0	0.5479
33	5	2.055	0	0	0.3321
33	5	5.42	1	1	-0.3896
33	5	0.6884	1	0	-1.195
33	5	1.754	1	1	-1.525
33	5	0.9374	0	0	0.2504
33	5	1.089	1	1	1.348
33	5	2.026	0	0	-1.692
33	5	3.771	0	0	-0.09298
33	5	0.9543	1	1	0.05483
33	5	3.466	0	0	-0.8335
33	5	5.112	0	0	-0.1879
33	5	1.78	1	1	-1.657
33	5	0.5262	1	1	-1.254
33	5	5.308	1	1	-1.022
33	5	1.844	0	0	-0.6785
33	5	5.232	0	0	0.4944
33	5	3.346	1	1	0.6103
33	5	3.478	0	0	-0.2996
33	5	3.591	0	0	1.172
33	5	1.568	0	0	1.823
33	5	0.9927	0	0	0.4321
33	5	3.582	0	0	-0.7209
33	5	0.4625	1	1	-1.169
33	5	3.821	1	1	-0.9588
33	5	5.53	1	1	-0.002798
33	5	5.161	1	1	0.8268
33	5	1.819	0	1	0.4852
33	5	5.474	0	0	-0.8034
33	5	0.9678	1	1	-0.8812
33	5	0.9366	0	0	0.2826
33	5	0.9156	1	1	0.6018
33	5	5.343	0	0	-0.05521
33	5	1.097	0	1	0.8985
33	5	5.395	0	0	0.4091
33	5	0.4108	0	0	-0.5097
33	5	1.755	0	0	-0.1612
33	5	1.46	1	1	-0.4225
33	5	1.291	1	1	0.1079
33	5	1.652	0	1	-0.4705
33	5	0.9831	1	1	1.019
33	5	3.592	1	1	-0.1462
33	5	0.721	0	1	-1.621
33	5	1.1	1	1	1.148
33	5	3.483	1	1	0.8433
33	5	5.593	1	1	-0.1908
33	5	0.3471	0	0	0.01928
33	5	0.614	1	0	0.1781
33	5	3.892	1	1	0.04239
33	5	0.3069	0	0	2.266
34	5	0.868	0	0	1.142
34	5	0.7576	0	1	1.232
34	5	5.278	1	1	-1.523
34	5	0.5139	1	1	-0.3197
34	5	3.133	1	1	-0.5648
34	5	0.5113	1	1	-0.2695
34	5	1.804	1	1	0.5328
34	5	5.378	0	0	0.5119
34	5	1.18	0	0	-0.7373
34	5	1.664	1	1	0.331
34	5	0.9291	0	0	-0.2893
34	5	0.2799	1	0	-1.848
34	5	0.167	1	0	-0.7396
34	5	1.035	1	0	-1.669
34	5	1.866	0	0	-0.604
34	5	0.5203	0	0	-1.236
34	5	0.4216	1	0	0.9537
34	5	5.587	0	0	-0.5273
34	5	0.327	1	1	-0.06611
34	5	5.411	0	0	-1.801
34	5	2.043	1	1	-1.973
34	5	1.092	0	0	-1.035
34	5	0.9872	0	0	-0.4364
34	5	5.568	0	0	-0.9749
34	5	2.996	0	0	-0.7596
34	5	5.055	0	0	-0.1245
34	5	1.146	1	1	0.01385
34	5	3.961	0	0	0.2291
34	5	1.598	0	0	-1.587
34	5	0.8198	1	0	0.194
34	5	1.986	0	0	0.5868
34	5	2.216	0	0	-1.913
34	5	1.162	1	1	-0.8855
34	5	3.423	0	0	0.1351
34	5	0.485	1	0	-0.04706
34	5	0.8386	1	1	0.3903
34	5	0.9077	1	1	-1.074
34	5	3.736	1	1	-2.273
34	5	1.683	0	0	-0.1925
34	5	5.486	1	1	0.05871
34	5	0.02961	1	1	-1.117
34	5	1.633	1	1	-0.9364
34	5	3.744	1	1	-0.6233
34	5	3.475	0	0	-1.026
34	5	5.369	1	1	-0.1699
34	5	3.565	0	0	-1.045
34	5	3.7	0	0	-0.07964
34	5	5.35	0	0	0.2688
34	5	3.632	1	1	-0.7172
34	5	5.484	1	1	-0.7686
35	5	0.4905	1	0	1.324
35	5	5.492	0	0	-0.6019
35	5	0.3598	0	0	-0.09739
35	5	0.502	1	0	0.3258
35	5	0.6074	1	1	0.5452
35	5	1.047	1	1	-2.108
35	5	3.679	0	0	-0.2952
35	5	5.625	1	1	0.0465
35	5	0.8734	0	0	-0.3292
35	5	1.77	0	0	-1.225
35	5	5.569	1	1	0.4357
35	5	0.9299	0	0	-0.288
35	5	0.5005	1	1	0.5145
35	5	1.807	0	0	-0.1108
35	5	5.292	1	1	-0.06056
35	5	5.192	0	0	1.158
35	5	2.007	0	0	-0.9638
35	5	1.938	0	0	0.7724
35	5	0.7835	1	1	-0.7464
35	5	3.784	0	0	1.112
35	5	0.8819	0	0	-0.5476
35	5	0.8531	0	0	-0.8859
35	5	3.685	1	1	0.06598
35	5	5.629	0	0	0.4744
35	5	1.105	0	0	1.327
35	5	3.788	1	1	-0.5713
35	5	3.683	1	1	-0.1405
35	5	1.758	1	1	0.08797
35	5	3.56	1	1	-0.8332
35	5	0.4401	1	1	0.4113
35	5	2.02	1	1	-0.8086
35	5	3.722	1	1	-0.5356
35	5	0.3507	0	0	-1.309
35	5	0.4193	0	0	-0.1172
35	5	3.734	1	1	0.7082
35	5	1.875	1	1	-0.824
35	5	3.661	0	0	-2.365
35	5	1.126	1	1	-1.216
35	5	5.195	0	0	-0.4598
35	5	5.336	1	1	-0.3877
35	5	5.036	1	1	-0.3655
35	5	0.772	0	0	2.233
35	5	1.603	0	0	0.3109
35	5	0.9781	0	0	-0.6977
35	5	1.784	1	1	0.4565
35	5	5.059	0	0	-0.1549
35	5	0.3679	0	0	0.3356
35	5	0.3801	0	0	0.2697
35	5	1.837	0	0	-0.5649
35	5	3.765	1	1	-0.3504
36	5	0.4104	0	0	0.868
36	5	1.597	0	0	-0.5166
36	5	0.429	0	0	0.4069
36	5	5.446	1	1	-0.276
36	5	0.836	1	0	0.6479
36	5	1.203	0	0	0.008919
36	5	3.93	0	0	-4.033
36	5	0.9554	1	1	0.1565
36	5	3.326	1	1	0.9386
36	5	5.053	0	0	0.3535
36	5	0.9102	0	0	1.237
36	5	0.2353	0	0	0.9666
36	5	3.465	1	1	-0.975
36	5	5.299	1	1	-1.114
36	5	1.695	1	1	-1.014
36	5	3.73	1	1	2.447
36	5	0.6348	0	0	0.3132
36	5	3.567	0	0	1.661
36	5	0.5458	0	0	-0.123
36	5	0.9727	1	0	0.1119
36	5	5.777	1	1	0.6451
36	5	3.779	0	0	-0.04781
36	5	0.9037	1	1	0.7423
36	5	1.502	0	0	-0.4986
36	5	0.5686	0	0	0.4258
36	5	1.86	1	1	0.09521
36	5	0.5278	0	1	-0.124
36	5	1.217	1	1	-0.1737
36	5	5.493	1	1	-0.07768
36	5	0.9088	1	0	-0.1272
36	5	1.676	0	0	-0.6125
36	5	1.816	1	1	0.03065
36	5	5.222	1	1	0.08308
36	5	3.758	0	0	0.05142
36	5	1.144	1	1	0.7182
36	5	5.513	0	0	-0.1782
36	5	1.89	1	1	-0.5129
36	5	0.8034	0	0	0.3838
36	5	3.281	0	0	-0.01852
36	5	5.035	0	0	-0.4547
36	5	0.5263	1	0	0.05349
36	5	1.443	1	0	-0.1853
36	5	3.593	0	0	0.4676
36	5	0.7342	0	0	0.06442
36	5	5.047	0	0	-2.432
36	5	5.373	0	0	1.411
36	5	2.003	1	1	0.1102
36	5	3.259	0	0	1.214
36	5	0.7669	1	1	0.4991
36	5	1.57	1	1	1.284
37	5	0.7687	0	0	0.2173
37	5	0.7105	1	0	0.09416
37	5	3.8	1	1	-0.3201
37	5	1.753	0	0	0.3378
37	5	2.041	0	0	0.16
37	5	0.2666	1	0	-0.8554
37	5	5.521	0	0	-1.493
37	5	1.61	0	0	-1.959
37	5	3.646	0	0	-0.1759
37	5	0.8658	1	1	-0.6536
37	5	1.026	1	1	1.529
37	5	1.165	0	0	1.663
37	5	5.226	0	0	-0.442
37	5	5.311	0	0	0.2645
37	5	3.625	1	1	-0.04314
37	5	0.0099	0	0	-0.5337
37	5	1.393	1	1	-0.2005
37	5	5.381	0	0	0.1194
37	5	3.62	0	0	0.2444
37	5	0.4002	0	0	-0.3173
37	5	0.4561	0	0	0.5891
37	5	0.6757	1	1	0.7683
37	5	5.464	0	0	-0.4465
37	5	0.685	1	1	-0.767
37	5	1.515	1	1	0.1169
37	5	3.589	1	1	-0.3103
37	5	1.079	1	0	0.1802
37	5	0.6277	1	0	0.01549
37	5	0.1599	0	1	-0.03266
37	5	0.9144	1	0	-1.097
37	5	5.202	1	1	0.1731
37	5	3.699	0	0	-0.5755
37	5	5.424	1	1	-0.3902
37	5	1.751	1	1	-0.6851
37	5	5.159	1	1	-0.3438
37	5	0.886	1	1	1.311
37	5	3.581	0	0	-0.6918
37	5	1.711	0	0	0.07
37	5	0.3193	0	0	0.7583
37	5	1.908	1	1	0.6749
37	5	0.4624	0	0	-0.8822
37	5	1.057	1	1	-0.04129
37	5	3.971	0	0	-1.334
37	5	3.801	0	0	-0.5171
37	5	0.6323	1	0	-0.7125
37	5	1.797	0	0	-0.02118
37	5	4.004	1	1	0.8708
37	5	1.886	0	0	0.3106
37	5	5.505	0	0	-1.889
37	5	6.104	1	1	-0.1717
38	5	2.118	1	1	1.237
38	5	3.689	1	1	0.399
38	5	0.677	1	0	1.306
38	5	1.941	1	1	-0.2917
38	5	3.358	1	1	-0.3916
38	5	1.899	1	1	-0.7729
38	5	1.609	0	0	-1.152
38	5	2.083	0	0	0.6267
38	5	5.528	0	0	0.3709
38	5	5.417	1	1	0.1078
38	5	1.013	0	1	0.613
38	5	0.4595	0	0	1.139
38	5	5.488	0	0	0.1523
38	5	0.6571	1	1	-0.6872
38	5	3.917	1	1	-0.3785
38	5	1.895	0	0	-0.6901
38	5	0.5841	0	0	0.4635
38	5	0.7985	1	1	1.105
38	5	3.399	1	1	0.1019
38	5	3.436	0	0	0.8609
38	5	2.272	1	1	1.359
38	5	0.9054	0	0	-4.118
38	5	5.126	1	1	0.583
38	5	5.557	1	1	2.111
38	5	0.8403	0	0	-0.505
38	5	0.39	1	1	-0.3994
38	5	3.956	0	0	-0.1782
38	5	1.778	0	0	1.399
38	5	0.1288	1	0	0.06077
38	5	5.519	0	0	-0.741
38	5	1.658	1	1	0.3854
38	5	0.3136	0	0	-1.295
38	5	3.74	0	0	-0.6739
38	5	1.666	1	1	-0.508
38	5	3.725	1	1	-1.219
38	5	0.2395	1	1	-0.1824
38	5	0.349	0	0	-0.6831
38	5	1.078	0	0	-0.8053
38	5	0.2841	0	0	0.2824
38	5	5.271	0	0	-1.378
38	5	0.3179	1	0	1.821
38	5	5.22	1	1	-1.001
38	5	0.8202	1	0	0.5977
38	5	3.44	0	0	-0.3162
38	5	5.356	0	0	0.2774
38	5	1.035	0	0	0.5009
38	5	3.522	1	1	1.214
38	5	5.648	1	1	0.2555
38	5	0.5874	0	0	-0.0447
38	5	1.222	1	1	0.05611
39	5	5.143	1	1	0.9619
39	5	5.364	0	0	0.9492
39	5	5.342	1	1	0.125
39	5	0.4493	1	1	-0.3258
39	5	2.946	1	1	0.03359
39	5	1.118	1	0	2.258
39	5	0.6696	0	1	0.7676
39	5	2.005	1	0	0.1999
39	5	0.8124	0	0	0.1398
39	5	0.7261	0	0	-1.005
39	5	1.888	1	1	0.4847
39	5	1.701	1	1	0.2567
39	5	0.5694	1	1	0.5401
39	5	5.474	0	0	-0.7323
39	5	0.8226	0	0	-2.548
39	5	3.397	1	1	0.8096
39	5	3.678	1	1	0.03581
39	5	1.561	0	0	-0.1511
39	5	0.4076	0	0	-1.218
39	5	1.78	1	1	0.8471
39	5	0.6923	1	1	-0.6959
39	5	1.426	0	0	1.262
39	5	0.414	1	1	-0.1504
39	5	3.378	1	1	-0.1067
39	5	3.286	0	0	-0.9225
39	5	1.15	1	1	0.443
39	5	0.3454	1	1	0.1338
39	5	3.484	1	1	0.536
39	5	3.552	1	1	-1.142
39	5	3.736	0	0	0.2894
39	5	5.076	1	1	0.3321
39	5	0.5068	0	0	0.1175
39	5	1.24	0	0	1.02
39	5	0.3647	1	0	0.4578
39	5	1.009	0	0	0.3883
39	5	5.435	0	0	-0.2274
39	5	3.387	0	0	0.5935
39	5	1.654	0	0	0.3597
39	5	0.8442	0	0	-1.447
39	5	3.751	1	1	1.247
39	5	5.319	1	1	-1.022
39	5	0.6311	0	0	1.22
39	5	0.399	0	0	0.6056
39	5	1.588	0	0	-0.657
39	5	2.092	0	0	0.1613
39	5	5.317	0	0	-1.01
39	5	1.987	1	1	-0.3516
39	5	5.231	0	0	-1.297
39	5	5.234	1	1	-0.5151
39	5	1.945	1	1	-0.1772
40	6	0.8879	0	0	3.241
40	6	5.304	0	0	0.108
40	6	5.421	0	0	0.4514
40	6	3.838	1	1	-0.2686
40	6	0.5834	0	0	-1.192
40	6	0.3701	1	1	0.7209
40	6	0.2357	0	1	-1.571
40	6	2.015	0	1	0.8263
40	6	3.561	1	1	0.9053
40	6	3.642	1	1	0.02064
40	6	5.425	1	1	0.07138
40	6	1.171	1	1	-1.851
40	6	3.784	1	1	-2.307
40	6	2.181	0	0	-1.354
40	6	0.5596	1	1	0.8352
40	6	0.859	1	1	-0.1619
40	6	5.135	0	0	-0.9158
40	6	3.441	1	1	-0.6545
40	6	1.017	1	0	-0.381
40	6	1.935	0	0	1.868
40	6	1.171	0	0	-0.1632
40	6	5.59	0	0	-1.278
40	6	0.8579	0	0	-0.01759
40	6	3.257	1	1	0.3142
40	6	3.583	1	1	0.6412
40	6	1.721	1	1	1.162
40	6	1.819	0	0	-0.183
40	6	3.758	1	1	2.324
40	6	0.5608	0	0	-1.305
40	6	1.463	0	0	-0.2483
40	6	5.096	0	0	-0.5123
40	6	0.1958	0	0	-0.05342
40	6	0.8163	1	0	0.3216
40	6	1.104	1	0	0.8225
40	6	4.703	1	1	-1.166
40	6	0.409	0	0	-0.01052
40	6	3.788	1	1	-0.6949
40	6	3.688	0	0	-1.241
40	6	1.63	0	0	-1.236
40	6	0.5723	1	0	0.9108
40	6	5.781	1	1	-1.151
40	6	0.681	1	1	1.113
40	6	0.5047	0	1	-0.3218
40	6	5.813	1	1	-1.292
40	6	5.211	0	0	0.2966
40	6	1.497	0	0	-1.552
40	6	2.047	1	1	-1.19
40	6	1.555	0	0	-1.31
40	6	0.8273	0	0	-0.5558
40	6	0.04302	1	1	0.9774
41	6	5.395	0	0	1.713
41	6	5.113	1	1	0.3437
41	6	1.71	0	0	0.4725
41	6	0.2913	1	1	0.2001
41	6	1.943	0	0	-0.3786
41	6	1.857	0	0	-0.1459
41	6	1.857	1	1	-0.7046
41	6	3.523	0	0	1.315
41	6	1.828	1	1	-1.528
41	6	5.341	0	0	-0.08628
41	6	4.159	1	1	-0.4131
41	6	5.731	1	1	-0.5193
41	6	3.657	1	1	-0.6449
41	6	0.7253	1	1	-0.2698
41	6	1.836	1	1	0.3818
41	6	0.5223	0	1	0.6893
41	6	0.4857	1	1	-0.8311
41	6	1.711	0	0	-0.3417
41	6	1.152	0	0	-0.4283
41	6	0.1293	1	1	3.625
41	6	3.564	0	0	0.4766
41	6	1.604	1	0	0.06984
41	6	3.751	1	1	0.4587
41	6	0.8508	1	1	-0.1621
41	6	1.968	1	1	1.455
41	6	0.7035	0	0	0.8606
41	6	0.7451	0	0	0.718
41	6	0.07005	0	0	-1.751
41	6	2.012	0	0	-1.415
41	6	0.0273	1	0	0.9712
41	6	0.4376	0	0	2.427
41	6	3.505	1	1	-0.02948
41	6	3.601	1	1	0.5698
41	6	5.294	1	1	-0.9753
41	6	3.583	1	1	0.3515
41	6	5.263	1	1	0.337
41	6	1.179	0	0	-0.5471
41	6	0.817	0	0	0.2006
41	6	1.247	1	0	0.48
41	6	0.2265	1	0	0.8818
41	6	1.185	0	0	0.7297
41	6	1.064	1	0	-0.6329
41	6	3.59	0	0	-0.3855
41	6	5.656	0	0	-1.273
41	6	0.1212	1	0	-0.3423
41	6	1.196	0	0	-0.432
41	6	5.751	0	0	-0.538
41	6	5.037	1	1	-0.9013
41	6	3.423	1	1	-1.72
41	6	5.718	0	0	-0.1583
42	6	0.4333	1	1	2.587
42	6	5.368	0	0	-0.001114
42	6	5.246	0	0	-1.246
42	6	5.337	0	0	-1.048
42	6	0.2531	1	0	0.4066
42	6	1.622	1	1	0.06569
42	6	3.812	0	0	-0.6023
42	6	4.036	0	0	-0.9701
42	6	1.817	1	1	-0.3816
42	6	0.5709	1	0	-0.8648
42	6	0.5477	0	0	-0.5846
42	6	1.629	0	0	0.7249
42	6	0.7904	1	1	-1.347
42	6	5.308	0	0	0.008947
42	6	1.154	1	1	-0.1964
42	6	3.395	0	0	-0.1997
42	6	1.006	0	0	1.119
42	6	3.418	0	0	-0.1477
42	6	0.9505	1	0	1.447
42	6	0.02363	0	1	-0.8903
42	6	0.5939	0	1	0.7846
42	6	3.687	0	0	0.6311
42	6	0.5767	0	0	-0.9917
42	6	0.2825	0	0	-0.04357
42	6	0.973	0	0	-0.8435
42	6	0.3315	0	1	0.9549
42	6	3.816	1	1	-0.814
42	6	1.282	0	0	0.6621
42	6	5.044	0	0	-1.161
42	6	3.531	1	1	1.84
42	6	0.8291	0	1	3.774
42	6	1.671	1	1	1.267
42	6	2.007	1	1	0.08162
42	6	5.61	0	0	-0.05674
42	6	5.441	1	1	0.6025
42	6	5.26	1	1	-1.201
42	6	5.507	0	0	0.166
42	6	1.815	1	1	-1.049
42	6	3.04	1	1	-0.04049
42	6	0.6542	1	1	-0.2267
42	6	1.905	1	1	1.406
42	6	0.7963	1	1	-0.2272
42	6	1.824	1	1	-0.1185
42	6	5.309	0	0	0.6044
42	6	2.413	1	1	0.9663
42	6	3.85	1	1	-0.4468
42	6	0.4166	0	0	-0.08593
42	6	1.883	1	1	2.311
42	6	0.6494	1	1	1.485
42	6	3.895	1	1	-0.9537
43	6	0.4587	1	0	2.393
43	6	1.772	0	0	0.3611
43	6	5.432	1	1	-0.9258
43	6	0.5219	1	1	0.5124
43	6	1.996	1	1	-0.8852
43	6	1.128	0	0	-1.648
43	6	0.8066	1	1	-0.005225
43	6	1.379	0	0	-0.2993
43	6	3.54	0	0	-2.084
43	6	1.184	1	1	-1.596
43	6	3.391	0	0	-0.4793
43	6	5.564	0	0	-0.3796
43	6	1.685	1	1	0.5657
43	6	0.7075	1	1	-0.8814
43	6	5.104	1	1	-2.346
43	6	1.445	0	0	-2.429
43	6	5.263	0	0	0.03541
43	6	3.268	1	1	-0.4887
43	6	3.492	0	0	-1.741
43	6	3.586	0	0	0.5043
43	6	1.533	0	0	-0.05978
43	6	0.8775	0	0	-0.03116
43	6	3.603	0	0	0.01198
43	6	0.4694	1	1	0.7236
43	6	3.472	1	1	-0.6876
43	6	5.209	1	1	0.6957
43	6	4.969	1	1	0.6995
43	6	1.939	0	0	0.8589
43	6	5.441	0	0	1.368
43	6	0.7721	1	1	1.395
43	6	0.9327	0	0	0.3184
43	6	0.5205	1	1	2.911
43	6	5.434	0	0	-1.216
43	6	0.6183	0	0	0.9553
43	6	5.524	0	0	-0.4819
43	6	0.6356	0	1	-1.039
43	6	1.566	0	0	-1.939
43	6	1.598	1	1	-1.393
43	6	0.8884	1	1	0.7611
43	6	1.48	0	0	0.9749
43	6	1.162	1	1	1.652
43	6	3.696	1	1	-1.238
43	6	0.9799	0	1	-0.3118
43	6	1.096	1	1	-0.4293
43	6	3.323	1	1	-0.847
43	6	5.733	1	1	1.248
43	6	0.2899	0	0	0.5713
43	6	0.6813	1	1	-0.2791
43	6	3.671	1	1	-0.2482
43	6	0.5197	0	0	-0.7294
44	6	0.7996	0	0	0.1249
44	6	0.278	0	0	0.2766
44	6	5.024	1	1	-0.7481
44	6	0.41	1	1	-1.997
44	6	3.371	1	1	0.7164
44	6	0.02563	1	1	-0.325
44	6	1.977	1	1	0.05449
44	6	5.051	0	0	-0.5457
44	6	0.9993	0	1	-0.9353
44	6	2.137	1	1	-0.2632
44	6	0.6737	0	1	0.5443
44	6	0.5692	1	1	-0.7187
44	6	0.3901	1	0	-0.2079
44	6	0.5604	1	0	-0.3286
44	6	1.782	0	0	0.3593
44	6	0.6831	0	0	-0.1807
44	6	0.5449	1	1	-0.2874
44	6	5.488	0	0	-0.7803
44	6	0.64	1	1	0.01485
44	6	5.688	0	0	0.3152
44	6	1.912	1	1	-1.033
44	6	0.7185	0	1	0.3284
44	6	0.9907	0	0	-0.5551
44	6	5.143	0	0	-0.04366
44	6	3.107	0	0	-0.9424
44	6	5.474	0	0	1.276
44	6	1.969	1	1	-0.8036
44	6	3.687	0	0	2.191
44	6	1.665	0	1	0.1924
44	6	0.6585	1	1	-0.764
44	6	1.709	0	0	0.39
44	6	2.118	0	0	0.9787
44	6	0.8532	1	1	-0.3047
44	6	3.603	0	0	-0.3239
44	6	0.09253	1	1	-0.05626
44	6	1.079	1	1	-0.7033
44	6	0.9477	1	1	0.6648
44	6	3.673	1	1	-0.2947
44	6	1.474	0	0	-0.2153
44	6	5.535	1	1	-0.585
44	6	0.9887	1	1	-0.5853
44	6	2.162	1	1	-1.04
44	6	3.65	1	1	1.232
44	6	3.737	0	0	-0.7042
44	6	5.501	1	1	-0.9688
44	6	3.57	0	0	1.521
44	6	3.754	0	0	-1.136
44	6	5.042	0	0	1.405
44	6	3.796	1	1	-0.5249
44	6	5.507	1	1	-0.8774
45	6	0.3977	1	0	2.001
45	6	5.174	0	0	-0.4727
45	6	0.322	0	1	2.015
45	6	0.1839	1	0	0.7371
45	6	0.4908	1	1	0.5471
45	6	0.8647	1	1	0.8963
45	6	3.713	0	0	-0.4926
45	6	5.641	1	1	0.1818
45	6	0.6537	0	0	-0.2033
45	6	1.795	0	0	0.01326
45	6	5.339	1	1	-0.09814
45	6	0.8876	0	0	-0.6973
45	6	0.3399	1	1	0.3328
45	6	1.606	0	0	-1.383
45	6	5.096	1	1	-1.706
45	6	5.336	0	0	0.5187
45	6	1.596	0	0	-0.9114
45	6	2.067	0	0	-0.5995
45	6	1.077	1	1	-0.2433
45	6	3.771	0	0	0.2368
45	6	0.7293	0	0	-0.7164
45	6	0.3682	0	1	-1.899
45	6	3.877	1	1	-0.2676
45	6	5.387	0	0	0.1816
45	6	0.9303	0	0	0.2959
45	6	3.44	1	1	-0.221
45	6	3.417	1	1	-1.163
45	6	1.72	1	1	-0.1243
45	6	3.605	1	1	-0.8753
45	6	0.8431	1	1	-0.8888
45	6	1.695	1	1	1.475
45	6	3.382	1	1	-1.135
45	6	0.4556	0	1	-0.3281
45	6	0.7917	0	0	-1.039
45	6	3.516	1	1	-0.2567
45	6	1.87	1	1	0.7191
45	6	3.827	0	0	-0.9135
45	6	0.7473	1	1	-1.753
45	6	5.403	0	0	0.6701
45	6	5.495	1	1	0.03705
45	6	5.105	1	1	0.1766
45	6	0.6939	0	0	-0.17
45	6	1.399	0	0	0.204
45	6	1.048	0	0	1.353
45	6	1.874	1	1	-1.276
45	6	5.403	0	0	0.897
45	6	0.6826	0	0	1.773
45	6	0.8614	0	0	-2.368
45	6	1.699	0	0	1.309
45	6	3.761	1	1	0.8997
46	6	0.08526	0	1	1.143
46	6	1.442	0	0	-0.5448
46	6	0.5785	0	1	-0.01184
46	6	5.471	1	1	-0.02555
46	6	0.8865	1	1	-0.4653
46	6	0.5887	0	0	-0.7723
46	6	4.027	0	0	0.12
46	6	0.1474	1	1	0.09567
46	6	3.696	1	1	1.501
46	6	5.517	0	0	0.2206
46	6	0.9642	0	0	-1.132
46	6	0.5217	0	1	0.2624
46	6	3.4	1	1	-2.574
46	6	5.014	1	1	-0.3895
46	6	1.822	1	1	-1.041
46	6	3.502	1	1	0.2581
46	6	0.244	0	0	0.1407
46	6	3.398	0	0	-0.9666
46	6	0.34	0	1	-0.3771
46	6	0.618	1	0	-0.3551
46	6	4.99	1	1	-0.1144
46	6	3.564	0	0	1.038
46	6	0.9197	1	1	0.07198
46	6	1.823	0	0	0.5157
46	6	0.6872	0	0	-0.7177
46	6	1.598	1	1	0.5745
46	6	0.7862	0	0	-3.167
46	6	1.255	1	1	2.665
46	6	5.43	1	1	-2.437
46	6	0.484	1	1	2.003
46	6	1.804	0	0	-0.2867
46	6	1.824	1	1	0.8152
46	6	5.311	1	1	0.3387
46	6	3.484	0	0	-0.5179
46	6	0.7332	1	0	-0.1683
46	6	5.541	0	0	-1.185
46	6	1.677	1	1	-0.418
46	6	1.217	0	0	-1.057
46	6	3.563	0	0	0.6093
46	6	5.44	0	0	0.02657
46	6	0.6256	1	1	-0.3497
46	6	1.77	1	0	1.658
46	6	3.461	0	0	-0.4472
46	6	1.041	0	0	0.2139
46	6	5.431	0	0	-1.353
46	6	5.357	0	0	-0.9642
46	6	1.523	1	0	-1.199
46	6	3.898	0	0	-0.5734
46	6	0.3295	1	0	-0.1652
46	6	1.764	1	1	-0.4792
47	6	0.6818	0	0	-0.0307
47	6	0.5825	1	0	0.7991
47	6	3.266	1	1	-1.281
47	6	2.047	0	0	-0.1241
47	6	1.866	0	0	0.2876
47	6	0.4573	1	1	-1.077
47	6	5.554	0	0	0.3314
47	6	1.819	0	0	-0.7891
47	6	3.815	0	0	0.7956
47	6	0.877	1	0	-1.981
47	6	1.069	1	1	0.268
47	6	0.6841	0	1	-3.009
47	6	5.438	0	0	-0.6371
47	6	5.494	0	0	-2.632
47	6	4.247	1	1	-2.199
47	6	0.4017	1	1	0.6546
47	6	1.876	1	1	1.06
47	6	5.451	0	0	1.331
47	6	3.673	0	0	-0.2604
47	6	0.2483	0	0	0.1706
47	6	0.3575	0	0	1.039
47	6	0.3117	1	1	-1.42
47	6	5.009	0	0	-1.338
47	6	0.8319	1	1	0.4304
47	6	1.778	1	1	0.2065
47	6	3.733	1	1	-0.2931
47	6	0.8553	1	1	-1.023
47	6	0.9004	1	1	-1.563
47	6	0.4379	0	0	0.2388
47	6	0.7754	1	1	0.9062
47	6	5.114	1	1	0.6694
47	6	3.406	0	0	0.7324
47	6	5.303	1	1	-2.774
47	6	1.995	1	1	-0.03471
47	6	5.426	1	1	-2.606
47	6	0.7596	1	1	1.154
47	6	3.561	0	0	-0.5952
47	6	1.399	0	0	-1.366
47	6	0.3165	0	0	0.09201
47	6	1.515	1	0	1.727
47	6	0.6523	0	0	-2.042
47	6	1.275	1	1	1.833
47	6	3.456	0	0	-1.346
47	6	3.481	0	0	-1.68
47	6	0.321	1	1	-0.6077
47	6	1.708	0	0	0.1791
47	6	3.557	1	1	0.1189
47	6	1.903	0	0	-0.941
47	6	5.364	0	0	-1.242
47	6	5.408	1	1	-0.9684
48	6	1.52	1	1	1.345
48	6	3.697	1	1	1.376
48	6	0.4333	1	0	-0.2256
48	6	1.772	1	1	-0.07493
48	6	3.327	1	1	0.2566
48	6	1.969	1	1	-1.685
48	6	2.087	0	0	-0.429
48	6	2.177	0	0	0.6034
48	6	4.88	0	0	-1.042
48	6	5.742	1	1	-1.338
48	6	0.5736	0	1	2.762
48	6	0.4009	0	0	0.3209
48	6	5.217	0	0	-0.2389
48	6	0.673	1	1	-1.729
48	6	3.958	1	1	-2.406
48	6	1.947	0	0	-1.49
48	6	0.8174	0	0	-0.1836
48	6	0.5445	1	1	-1.416
48	6	3.708	1	1	0.2318
48	6	3.596	0	0	-0.3833
48	6	1.821	1	1	0.5325
48	6	0.6057	0	1	0.433
48	6	5.61	1	1	-0.4669
48	6	5.439	1	1	0.1743
48	6	0.8429	0	0	-0.8537
48	6	0.4648	1	0	-1.956
48	6	3.811	0	0	-0.4073
48	6	1.747	0	0	-0.1124
48	6	0.9152	1	0	-0.6856
48	6	5.268	0	0	0.6312
48	6	1.766	1	1	0.2508
48	6	0.2643	0	0	-0.137
48	6	3.667	0	0	-0.3814
48	6	1.788	1	1	-0.5853
48	6	3.679	1	1	-0.09138
48	6	0.855	1	1	0.06485
48	6	0.548	0	1	-1.298
48	6	0.7366	0	0	0.03365
48	6	0.4452	0	0	1.07
48	6	5.425	0	0	-0.5684
48	6	0.4274	1	0	-2.376
48	6	5.321	1	1	-0.6535
48	6	1.005	1	1	0.02312
48	6	3.734	0	0	-0.682
48	6	5.562	0	0	0.2429
48	6	0.7463	0	0	-0.04888
48	6	3.733	1	1	0.415
48	6	5.065	1	1	-0.5074
48	6	0.8077	0	0	-1.172
48	6	0.817	1	1	-0.7281
49	6	5.303	1	1	2.057
49	6	5.184	0	0	0.7656
49	6	5.046	1	1	0.527
49	6	0.3123	1	0	0.7607
49	6	3.42	1	1	-0.1202
49	6	0.9257	1	1	0.6632
49	6	0.3507	0	0	0.7369
49	6	1.582	1	1	1.467
49	6	0.9031	0	0	-0.003394
49	6	0.9447	0	0	-0.4209
49	6	2.215	1	1	-0.2068
49	6	1.84	1	1	0.02713
49	6	0.567	1	1	-1.036
49	6	5.26	0	0	0.3129
49	6	0.8437	0	0	-2.94
49	6	3.24	1	1	0.3703
49	6	3.643	1	1	-1.117
49	6	1.762	0	0	-2.343
49	6	0.5275	0	0	-1.243
49	6	1.744	1	1	0.5835
49	6	1.011	1	0	1.402
49	6	1.086	0	0	1.445
49	6	0.5739	1	0	-0.0855
49	6	3.708	1	1	0.2148
49	6	3.486	0	0	-0.8792
49	6	0.8098	1	1	1.31
49	6	0.6127	1	1	1.231
49	6	3.709	1	1	1.401
49	6	3.989	1	1	-0.7947
49	6	4.052	0	0	0.2229
49	6	5.269	1	1	1.478
49	6	0.2994	0	0	-0.6297
49	6	1.106	0	0	0.7282
49	6	0.427	1	0	-1.02
49	6	1.079	0	0	-0.085
49	6	5.374	0	0	-0.1909
49	6	3.634	0	0	0.2668
49	6	1.968	0	0	0.2322
49	6	0.5874	0	1	0.2459
49	6	3.895	1	1	-0.3035
49	6	5.097	1	1	-0.09886
49	6	1.024	0	0	-0.4263
49	6	0.4678	0	0	0.02885
49	6	2.102	0	0	-2.125
49	6	1.617	0	0	-1.952
49	6	5.451	0	0	-0.6017
49	6	1.841	1	1	0.4443
49	6	5.127	0	0	-1.038
49	6	5.23	1	1	-0.2573
49	6	1.52	1	1	-0.1241
