0	2	1.011	1	1	2.138
0	2	3.406	0	0	0.8649
0	2	0.1319	0	0	1.057
0	2	5.803	1	1	-0.6511
0	2	0.167	1	1	-0.07866
0	2	0.4919	0	0	-1.55
0	2	3.504	1	1	0.6097
0	2	0.5251	1	0	2.957
0	2	0.1803	1	1	2.184
0	2	5.614	1	1	-0.2532
0	2	1.777	0	1	1.099
0	2	5.335	0	0	-0.2982
0	2	1.59	1	1	2.739
0	2	1.982	1	1	-0.3634
0	2	0.7941	0	1	0.9278
0	2	1.012	1	1	0.4505
0	2	3.358	1	1	-0.2056
0	2	0.3488	1	1	0.3615
0	2	3.727	0	0	0.2688
0	2	3.517	0	0	0.866
0	2	1.07	1	1	0.2741
0	2	3.967	0	1	-0.0788
0	2	0.6787	0	1	-0.1184
0	2	1.703	0	1	1.45
0	2	5.256	0	0	-1.134
0	2	0.7961	1	1	1.085
0	2	1.467	0	1	0.5131
0	2	1.898	1	1	0.6435
0	2	5.518	1	1	0.01865
0	2	5.46	0	0	-1.114
0	2	1.908	0	1	0.1604
0	2	1.378	1	1	-0.1311
0	2	5.404	0	0	-0.5725
0	2	3.567	1	1	-0.6236
0	2	0.8385	0	1	-0.7462
0	2	0.4459	0	1	1.635
0	2	1.706	1	1	1.107
0	2	0.5924	0	0	1.035
0	2	5.463	0	0	-0.9301
0	2	0.614	1	1	-0.7105
0	2	3.435	1	1	-0.759
0	2	0.2233	0	1	-0.7399
0	2	0.814	0	0	1.524
0	2	1.035	0	1	-0.08452
0	2	1.725	0	0	-1.067
0	2	3.235	0	0	-0.4356
0	2	1.91	1	1	-0.0232
0	2	5.456	0	0	-0.5367
0	2	3.294	1	1	-0.531
0	2	5.129	1	1	-0.08882
1	2	3.508	0	0	-0.197
1	2	0.8798	0	1	3.637
1	2	5.542	0	0	-0.6636
1	2	0.5958	1	1	0.9801
1	2	5.122	1	1	-0.7819
1	2	0.6354	1	1	-0.4532
1	2	0.6275	1	0	0.9177
1	2	0.6609	1	1	-0.19
1	2	0.5089	0	0	-0.07478
1	2	3.744	0	0	-1.046
1	2	5.664	0	0	-0.4456
1	2	1.951	0	0	0.1204
1	2	0.7298	1	0	-0.3064
1	2	3.423	0	0	1.801
1	2	1.103	0	1	1.732
1	2	1.923	1	1	0.9466
1	2	5.171	0	0	-0.9294
1	2	1.097	1	1	1.092
1	2	5.091	0	0	0.2018
1	2	0.8702	1	1	-0.4526
1	2	2.062	0	1	1.205
1	2	0.9184	1	1	0.8331
1	2	5.79	0	0	-0.2433
1	2	5.375	0	0	-0.4712
1	2	3.803	0	0	0.2428
1	2	3.441	0	0	-0.7128
1	2	2.144	1	1	-0.04529
1	2	0.9109	0	1	1.661
1	2	0.9764	0	1	-0.1145
1	2	3.909	1	1	-0.493
1	2	0.5136	0	1	0.3803
1	2	0.3215	1	1	0.868
1	2	3.844	1	1	-0.378
1	2	0.3001	1	1	-0.4949
1	2	3.743	0	0	0.09836
1	2	1.822	0	0	1.15
1	2	1.711	1	1	-0.5549
1	2	0.3578	1	1	2.818
1	2	3.53	1	1	-0.8631
1	2	0.6308	1	1	1.112
1	2	1.924	0	0	0.4632
1	2	0.3271	1	1	-0.3769
1	2	5.54	0	0	0.4017
1	2	0.9151	1	1	-0.5324
1	2	5.442	1	1	0.1379
1	2	3.368	0	0	-0.1279
1	2	1.634	0	0	0.5012
1	2	1.86	1	1	0.2506
1	2	0.7159	1	1	-0.2195
1	2	5.438	1	1	-0.5255
2	2	1.927	1	1	-0.6798
2	2	0.7123	0	0	0.9049
2	2	5.306	0	0	-0.6259
2	2	1.857	0	1	-0.3059
2	2	5.482	1	1	0.2911
2	2	3.628	1	1	-0.05808
2	2	0.4088	0	1	2.141
2	2	0.9363	1	1	0.01887
2	2	0.2507	0	1	0.06828
2	2	1.073	1	1	0.2325
2	2	0.9141	1	1	-0.1365
2	2	5.458	1	1	-0.5583
2	2	1.661	1	1	-0.5134
2	2	0.608	0	1	-0.2658
2	2	0.5614	0	1	0.5609
2	2	0.3754	1	1	-0.271
2	2	3.362	0	0	-0.6169
2	2	3.475	0	0	-0.3328
2	2	0.4638	0	1	0.5923
2	2	1.994	0	0	-0.228
2	2	1.938	0	1	1.523
2	2	1.097	1	1	-0.3002
2	2	3.658	0	1	2.708
2	2	0.961	0	1	-0.65
2	2	1.929	0	1	0.9246
2	2	0.207	1	1	-1.213
2	2	1.157	1	1	-1.026
2	2	0.7209	1	1	-0.1912
2	2	5.204	1	1	0.3363
2	2	0.5539	1	1	-0.1821
2	2	0.8952	1	1	-0.4363
2	2	3.434	0	0	-1.65
2	2	1.262	1	1	-0.3288
2	2	4.896	1	1	-0.2437
2	2	3.487	1	1	-0.3397
2	2	3.909	1	1	0.2271
2	2	5.192	0	0	-0.2615
2	2	1.775	1	1	-1.006
2	2	3.406	1	1	1.357
2	2	1.169	0	1	0.6436
2	2	1.598	1	1	-0.1064
2	2	1.597	0	0	0.4055
2	2	5.528	0	0	-0.2561
2	2	5.292	1	1	-0.932
2	2	3.332	0	0	3.711
2	2	3.347	0	0	0.3837
2	2	0.9835	1	1	-0.6209
2	2	5.356	1	1	0.3296
2	2	1.575	0	0	0.4058
2	2	5.313	0	0	-0.166
3	2	0.9292	0	1	0.3554
3	2	0.5107	0	0	-0.5827
3	2	5.171	0	0	-0.7184
3	2	0.9253	1	0	0.9136
3	2	2.027	0	0	-1.137
3	2	0.6459	0	1	2.034
3	2	3.219	1	1	-0.4545
3	2	0.5009	0	1	-0.6299
3	2	1.975	1	1	-0.5035
3	2	1.664	0	0	-0.1472
3	2	2.045	0	0	0.01775
3	2	1.393	0	0	0.2011
3	2	5.287	0	0	-0.7672
3	2	1.028	1	1	-0.02286
3	2	0.7124	0	0	-1.002
3	2	3.048	1	1	-0.074
3	2	3.468	1	1	-0.2447
3	2	3.739	0	0	-0.3821
3	2	3.476	1	1	0.5574
3	2	0.5979	1	1	-0.4303
3	2	3.38	0	0	-0.1677
3	2	0.2231	1	1	-0.3581
3	2	0.7854	1	1	-0.673
3	2	3.763	1	1	0.9328
3	2	5.572	1	1	-0.1736
3	2	1.611	1	1	-0.1444
3	2	0.6868	0	1	0.7497
3	2	0.402	1	0	0.8888
3	2	1.918	1	1	1.507
3	2	0.9522	1	1	-0.8935
3	2	1.022	1	1	0.4751
3	2	3.372	1	1	-1.047
3	2	0.1056	1	1	0.229
3	2	5.577	1	1	-0.07832
3	2	3.287	0	0	-0.2113
3	2	5.565	0	0	-1.084
3	2	1.762	0	0	0.3432
3	2	5.022	1	1	0.2047
3	2	5.492	0	0	-0.4812
3	2	3.497	1	1	0.1948
3	2	5.028	1	1	-0.6379
3	2	0.6984	0	0	0.002866
3	2	1.765	0	0	-1.047
3	2	0.5367	0	1	-0.1163
3	2	0.8639	0	0	-0.08462
3	2	5.365	1	1	-0.3937
3	2	1.929	0	0	0.06268
3	2	5.531	0	0	0.131
3	2	0.6026	0	0	0.2146
3	2	0.8252	1	1	-0.07184
4	2	3.226	1	1	-1.275
4	2	5.739	1	1	-0.7858
4	2	0.7855	0	0	0.6277
4	2	0.6445	0	0	-0.1541
4	2	0.4948	1	1	0.4479
4	2	3.485	1	1	-0.2825
4	2	3.64	0	0	-0.8069
4	2	5.142	0	0	-0.3334
4	2	1.196	1	1	-0.03582
4	2	3.017	1	1	-0.6273
4	2	1.983	1	1	-1.123
4	2	5.49	0	0	0.6535
4	2	0.7641	1	1	-0.2884
4	2	0.8181	1	1	-0.1166
4	2	1.692	0	1	1.173
4	2	0.5141	1	0	-0.06349
4	2	1.635	0	0	0.004895
4	2	0.347	1	1	-0.3931
4	2	1.649	1	1	0.4516
4	2	5.183	0	0	-0.05958
4	2	0.4936	0	0	-0.5779
4	2	1.828	0	0	-0.135
4	2	3.452	1	1	0.9903
4	2	5.597	1	1	-0.6218
4	2	0.2042	0	1	-0.8305
4	2	0.48	0	0	-1.387
4	2	3.314	0	0	-0.4957
4	2	1.645	1	1	-0.4443
4	2	5.28	0	0	0.1952
4	2	0.7683	1	1	1.007
4	2	0.4977	0	1	3.177
4	2	1.78	1	1	1.094
4	2	3.894	1	1	-1.121
4	2	5.414	1	1	-0.9598
4	2	3.711	1	1	-0.4516
4	2	1.192	0	1	-0.2896
4	2	3.61	0	0	0.2666
4	2	1.865	0	1	-1.644
4	2	1.603	1	1	-0.6607
4	2	0.5405	0	1	1.048
4	2	1.595	0	1	2.096
4	2	1.51	1	0	-0.6021
4	2	5.463	1	1	-0.8662
4	2	0.5297	0	1	1.514
4	2	0.69	0	1	1.506
4	2	5.175	0	0	-0.06737
4	2	5.368	0	0	-0.7705
4	2	1.104	0	1	-0.6058
4	2	0.7102	1	1	0.4666
4	2	3.563	1	1	0.3458
5	2	0.6348	0	1	0.02091
5	2	0.8283	1	1	0.003016
5	2	0.2773	1	1	-0.7927
5	2	5.398	1	1	-0.7807
5	2	1.621	0	0	-0.01203
5	2	5.382	1	1	0.2496
5	2	1.029	0	1	-0.7389
5	2	0.7693	1	1	-0.1208
5	2	0.4434	1	1	1.673
5	2	0.9105	0	1	-0.2782
5	2	5.329	0	0	-0.3081
5	2	0.5185	1	1	-0.707
5	2	1.789	0	0	-1.372
5	2	5.384	0	0	0.916
5	2	5.325	1	1	0.3261
5	2	5.415	1	1	0.3485
5	2	1.78	1	1	-0.6747
5	2	3.7	1	1	-1.41
5	2	5.235	1	1	0.003029
5	2	3.876	1	1	-0.2249
5	2	1.838	0	0	-0.5576
5	2	4.999	1	1	-0.4809
5	2	3.551	1	1	-0.6871
5	2	3.175	1	1	-0.3966
5	2	0.8697	0	0	0.4289
5	2	0.4773	0	0	-0.229
5	2	5.921	1	1	-0.5533
5	2	1.051	0	0	-0.2715
5	2	0.2278	1	0	-0.09293
5	2	1.815	0	0	-0.3654
5	2	1.798	1	1	0.3609
5	2	1.706	0	0	0.2857
5	2	3.507	0	0	-1.241
5	2	0.3541	1	0	1.548
5	2	3.712	0	0	0.6608
5	2	3.521	0	1	3.173
5	2	1.709	0	0	-0.5619
5	2	0.8329	1	1	-0.5392
5	2	0.9774	1	1	0.02254
5	2	0.279	0	1	0.7988
5	2	5.423	1	1	-0.2477
5	2	0.8501	1	1	0.2737
5	2	0.1087	1	0	-0.07918
5	2	4.055	0	0	-0.7354
5	2	0.1339	0	1	-0.9142
5	2	0.4345	0	1	4.398
5	2	3.617	0	0	-0.3879
5	2	3.609	1	1	-0.2582
5	2	2.015	0	0	1.324
5	2	2.129	0	0	0.1548
6	2	3.454	0	0	-1.369
6	2	1.13	0	0	0.1288
6	2	0.651	0	1	1.265
6	2	1.611	1	1	-0.6678
6	2	0.5758	1	1	1.814
6	2	5.664	0	0	-0.3258
6	2	1.943	1	1	-0.2061
6	2	0.7415	0	0	-0.1906
6	2	3.67	0	0	-1.356
6	2	5.614	0	0	-0.8408
6	2	0.3306	0	0	1.458
6	2	5.296	1	1	0.3819
6	2	3.413	0	0	-0.9987
6	2	3.563	0	0	-1.042
6	2	1.63	0	0	-1.681
6	2	5.137	1	1	-0.7264
6	2	0.9584	1	1	-0.6568
6	2	2.097	1	1	-1.369
6	2	5.109	0	0	-1.489
6	2	3.266	1	1	-1.23
6	2	0.2216	0	0	0.4415
6	2	0.7811	1	1	0.575
6	2	0.486	1	1	0.5077
6	2	0.3657	0	1	1.975
6	2	0.7098	1	1	0.5924
6	2	5.384	1	1	-0.4541
6	2	0.6007	1	1	-0.2565
6	2	5.024	0	0	-0.3058
6	2	0.8355	1	1	-0.3253
6	2	3.531	0	0	-0.3797
6	2	5.591	1	1	-0.08435
6	2	1.658	1	1	2.601
6	2	0.2525	1	0	1.622
6	2	0.3834	1	1	-0.05986
6	2	3.811	0	0	-0.2912
6	2	0.7629	1	1	2.195
6	2	0.05753	0	1	1.166
6	2	1.697	0	0	1.853
6	2	3.785	0	0	0.4685
6	2	1.872	1	1	-1.071
6	2	5.202	1	1	-1.03
6	2	1.459	1	1	-0.4307
6	2	2.116	0	0	0.479
6	2	5.651	0	0	-0.9601
6	2	3.384	1	1	-1.129
6	2	3.75	1	1	0.1671
6	2	1.099	1	1	5.067
6	2	0.1164	0	1	-0.3664
6	2	1.969	1	1	-0.005189
6	2	1.078	0	1	-0.1003
7	2	3.671	0	0	0.0412
7	2	0.5088	1	0	-0.5549
7	2	1.097	1	1	0.6673
7	2	1.089	0	0	0.6788
7	2	0.7904	1	1	1.871
7	2	0.6252	0	1	-0.2489
7	2	3.352	0	0	-0.689
7	2	0.5909	1	1	0.262
7	2	3.72	1	1	-0.317
7	2	2.098	0	1	-0.506
7	2	5.503	0	0	-0.8548
7	2	5.301	0	0	-0.3978
7	2	4.962	1	1	0.2504
7	2	3.428	1	1	-0.1826
7	2	5.469	1	1	-0.8027
7	2	3.712	1	1	-0.4847
7	2	3.56	0	0	-0.8324
7	2	3.29	0	1	0.4166
7	2	0.8154	1	1	4.001
7	2	0.9773	0	0	-0.6218
7	2	3.528	1	1	-0.2345
7	2	0.8071	1	1	0.8167
7	2	1.128	0	1	0.7493
7	2	0.5417	0	1	4.168
7	2	1.592	1	1	2.5
7	2	0.8041	1	1	0.4152
7	2	0.3105	0	0	2.015
7	2	5.334	1	1	-0.8623
7	2	0.5505	0	0	0.356
7	2	5.522	1	1	2.396
7	2	0.1823	0	0	1.293
7	2	0.9366	1	1	3.313
7	2	1.224	1	1	0.2717
7	2	0.1177	0	1	0.6657
7	2	3.43	1	1	-0.4387
7	2	1.651	1	1	-0.1522
7	2	0.4845	1	1	-0.2729
7	2	1.428	1	1	1.555
7	2	2.084	0	0	0.4754
7	2	1.637	1	1	-0.1313
7	2	4.889	1	1	1.633
7	2	5.179	0	0	-0.2299
7	2	1.985	0	1	-0.04434
7	2	0.7677	0	0	-0.6198
7	2	0.3492	0	1	0.6865
8	2	1.186	0	1	0.723
8	2	2.155	0	0	1.212
8	2	0.4857	1	1	-0.2911
8	2	0.5671	0	1	0.2528
8	2	5.3	0	0	0.4827
8	2	3.858	0	0	-0.8254
8	2	0.5988	1	1	0.9952
8	2	5.45	1	1	0.3814
8	2	5.577	1	1	-0.5322
8	2	1.637	1	1	4.25
8	2	1.698	0	1	2.098
8	2	1.479	0	1	-0.2339
8	2	2.083	0	0	3.461
8	2	3.467	1	1	-0.5691
8	2	0.7124	1	1	1.085
8	2	3.586	0	0	-0.7129
8	2	1.936	1	1	0.6956
8	2	1.543	0	1	-0.04212
8	2	1.607	1	1	3.153
8	2	0.2176	1	1	-0.1615
8	2	3.927	1	1	1.489
8	2	5.694	0	0	-0.5074
8	2	0.2145	1	0	-0.2382
8	2	3.825	1	1	-0.3187
8	2	5.576	1	1	-1.104
8	2	1.318	1	1	-0.6495
8	2	0.2449	1	1	0.3589
8	2	3.532	1	1	-0.71
8	2	5.108	0	0	0.3686
8	2	1.604	0	1	0.1919
8	2	4.996	0	0	-0.4952
8	2	0.747	1	1	-0.122
8	2	1.092	1	1	0.007437
8	2	1.26	0	0	0.5979
8	2	0.9609	1	1	0.3744
8	2	0.4505	0	1	0.0395
8	2	3.781	0	0	0.5978
8	2	5.543	1	1	0.5033
8	2	5.124	0	0	-0.08153
8	2	0.9785	1	1	-0.4071
8	2	0.7313	0	0	-0.3165
8	2	0.5971	0	1	1.379
8	2	3.855	0	0	1.138
8	2	1.975	0	0	-0.0811
8	2	3.556	0	0	-0.5808
8	2	0.4632	1	1	0.7708
8	2	0.9831	0	0	0.5849
8	2	3.407	0	0	-0.3309
8	2	0.7381	1	1	-0.0935
8	2	5.56	1	1	-0.1369
9	2	5.36	1	1	-0.9359
9	2	0.8823	0	0	0.9017
9	2	0.729	1	1	0.7352
9	2	0.7319	0	1	-1.149
9	2	0.8897	0	0	3.169
9	2	1.511	1	1	0.642
9	2	3.586	0	0	0.2084
9	2	3.4	1	1	0.9574
9	2	2.058	0	0	0.1265
9	2	0.6164	0	0	1.899
9	2	3.784	1	1	-0.2394
9	2	0.2582	0	0	0.9541
9	2	3.472	0	0	1.683
9	2	5.369	0	0	-0.6222
9	2	3.288	1	1	-1.38
9	2	1.905	1	1	-0.6729
9	2	3.683	1	1	0.2737
9	2	1.93	1	1	0.00438
9	2	0.8564	1	1	-0.7361
9	2	5.32	1	1	-0.346
9	2	0.3812	1	1	1.121
9	2	3.596	0	0	0.2508
9	2	3.675	0	0	-0.3414
9	2	0.1562	0	1	-0.3279
9	2	3.615	0	0	-0.2688
9	2	5.427	1	1	0.176
9	2	0.3295	1	1	-0.2451
9	2	1.508	1	1	-1.276
9	2	1.719	0	0	1.103
9	2	0.2015	1	1	0.2648
9	2	1.78	1	1	-0.7166
9	2	1.171	1	1	0.5203
9	2	1.973	0	0	1.193
9	2	1.164	1	1	0.8885
9	2	5.536	1	1	0.3822
9	2	0.9818	1	1	0.6105
9	2	5.479	0	0	-0.7154
9	2	1.746	0	0	0.2394
9	2	0.1321	1	0	-1.221
9	2	1.998	0	0	0.551
9	2	5.527	1	1	-0.0359
9	2	5.466	0	0	-0.7594
9	2	5.603	0	0	-0.4742
9	2	5.485	0	0	-1.186
9	2	0.9253	0	1	0.6437
9	2	1.018	1	1	0.0102
9	2	0.4602	0	1	0.6497
9	2	0.9711	1	1	-0.09994
9	2	3.636	1	1	0.4082
9	2	1.171	0	1	0.1416
10	3	0.9364	1	1	0.1301
10	3	3.448	0	0	0.6114
10	3	3.619	0	0	-0.7856
10	3	3.638	0	0	-0.8348
10	3	5.214	0	0	-0.1393
10	3	4.87	1	1	-0.2673
10	3	0.4696	0	1	0.6174
10	3	1.239	1	1	2.774
10	3	3.548	1	1	1.002
10	3	0.4875	0	1	-0.356
10	3	5.515	0	0	-0.6911
10	3	2.074	1	1	0.6181
10	3	0.9382	0	0	0.7537
10	3	1.797	0	0	0.09077
10	3	1.884	0	0	-0.6388
10	3	1.958	0	1	-0.2461
10	3	0.6971	1	1	-0.1073
10	3	1.753	0	0	1.218
10	3	0.4809	1	1	-1.226
10	3	5.457	1	1	-0.9423
10	3	4.903	1	1	0.02529
10	3	0.7194	1	0	0.4583
10	3	3.674	0	0	0.285
10	3	3.778	0	0	0.3865
10	3	5.411	1	1	-1.239
10	3	3.586	0	0	-0.7472
10	3	3.421	1	1	-0.796
10	3	1.723	1	1	1.012
10	3	1.959	0	0	-0.2901
10	3	0.9854	0	1	3.325
10	3	5.442	0	0	0.464
10	3	1.06	1	1	4.563
10	3	0.9561	0	1	1.071
10	3	5.292	1	1	0.5624
10	3	5.549	1	1	-0.9448
10	3	0.2822	0	0	-0.4268
10	3	1.332	1	1	1.175
10	3	2.078	0	0	-0.1478
10	3	1.794	1	1	1.435
10	3	0.2736	0	0	0.3616
10	3	0.7646	1	1	0.5463
10	3	5.32	1	1	0.2968
10	3	3.845	1	1	0.1692
10	3	0.4286	1	1	0.3087
10	3	0.9724	1	1	-0.4314
10	3	3.721	1	1	-0.4809
10	3	2.085	1	1	2.001
10	3	0.5432	1	1	0.725
10	3	0.7705	0	0	-1.044
10	3	0.6748	0	0	-0.3804
11	3	0.4736	0	0	-1.456
11	3	5.347	1	1	-1.569
11	3	3.659	0	0	-0.2374
11	3	5.22	0	0	-0.5195
11	3	1.056	0	1	1.33
11	3	1.8	0	0	-0.5306
11	3	3.895	0	0	0.06822
11	3	2.037	1	1	-0.2092
11	3	1.003	0	0	0.6782
11	3	0.3004	1	0	0.7367
11	3	3.878	1	1	-0.6993
11	3	1.797	0	0	-1.499
11	3	5.431	1	1	0.9146
11	3	5.509	0	0	-0.4185
11	3	3.656	0	0	-1.033
11	3	3.537	0	0	-0.3056
11	3	0.7448	1	1	2.354
11	3	5.636	1	1	-0.6616
11	3	0.2873	1	0	1.578
11	3	3.324	1	1	-0.2899
11	3	5.221	0	0	0.05042
11	3	0.6189	1	0	1.044
11	3	1.982	0	0	0.687
11	3	3.954	1	1	-0.4736
11	3	1.002	1	1	-0.6638
11	3	0.4365	0	0	1.047
11	3	0.716	1	0	-0.1443
11	3	0.2807	1	0	1.774
11	3	1.605	1	1	-0.7007
11	3	1.713	0	0	0.8215
11	3	0.5163	1	1	0.2746
11	3	5.228	0	0	-0.3391
11	3	3.784	1	1	0.1851
11	3	0.9905	1	1	-0.01719
11	3	3.82	1	1	-0.8002
11	3	0.9527	1	1	-0.7497
11	3	1.544	1	1	-0.9896
11	3	0.6373	0	0	2.613
11	3	2.205	0	1	0.5716
11	3	3.536	0	0	-0.2924
11	3	0.3334	0	1	-0.751
11	3	1.628	0	0	-0.7887
11	3	0.9866	1	1	3.029
11	3	5.667	1	1	-0.6994
11	3	0.7885	1	1	-0.2918
11	3	5.134	0	0	-0.08053
11	3	5.383	1	1	-0.7262
11	3	0.3753	0	0	0.4944
11	3	1.5	1	1	-0.3957
11	3	0.1541	0	1	1.157
12	3	3.469	0	0	-1.72
12	3	5.372	1	1	0.6202
12	3	3.599	0	0	-1.357
12	3	0.5209	0	1	0.223
12	3	5.518	0	0	0.3391
12	3	3.328	0	0	-0.7555
12	3	0.7154	1	1	-0.3293
12	3	3.693	0	0	-0.4842
12	3	0.8576	0	0	-0.3382
12	3	1.848	1	0	1.21
12	3	0.4773	1	1	2.065
12	3	3.537	1	1	0.7177
12	3	1.955	1	1	-0.04413
12	3	2.087	0	0	2.02
12	3	3.504	0	0	-0.3206
12	3	0.1892	1	0	2.448
12	3	0.4592	1	1	-0.5531
12	3	0.5815	1	1	1.052
12	3	1.037	0	1	1.442
12	3	1.586	1	1	-0.9621
12	3	3.963	0	0	-0.4903
12	3	5.411	0	0	-0.342
12	3	0.7863	1	1	-0.2008
12	3	5.308	1	1	-0.7335
12	3	0.7053	0	0	-0.2784
12	3	1.005	1	1	0.1458
12	3	5.555	1	1	-0.1294
12	3	0.3698	0	0	0.9729
12	3	3.371	1	1	-0.9931
12	3	1.01	0	0	-0.2424
12	3	2.21	1	1	0.849
12	3	5.345	1	1	-0.7459
12	3	5.599	0	0	-0.2468
12	3	1.738	0	0	-0.6797
12	3	1.664	0	0	0.1377
12	3	3.681	0	0	0.4933
12	3	1.752	0	1	-0.0909
12	3	2.113	1	0	0.5236
12	3	0.8598	0	1	0.9963
12	3	0.5935	1	1	-0.02783
12	3	5.297	0	0	0.9224
12	3	3.724	0	0	-0.5309
12	3	5.11	0	0	-1.286
12	3	0.6501	1	1	0.5049
12	3	0.3204	1	1	-0.5141
12	3	0.5646	0	1	2.774
12	3	1.871	0	0	-0.1638
12	3	0.8501	1	1	-0.2061
12	3	4.968	1	1	-0.4383
12	3	0.5091	1	1	-0.1508
13	3	5.238	0	0	-1.198
13	3	1.085	1	0	0.2275
13	3	3.32	1	1	-0.6208
13	3	5.036	1	1	-0.1498
13	3	0.6322	0	0	-0.03708
13	3	3.929	1	1	-0.401
13	3	4.041	0	0	-0.2591
13	3	5.653	0	0	-0.8699
13	3	0.4258	0	0	0.9954
13	3	1.981	0	0	2.326
13	3	1.673	1	1	0.8181
13	3	3.651	1	1	-0.9961
13	3	3.757	0	0	-0.6466
13	3	1.803	1	1	0.4264
13	3	3.877	0	0	-0.2088
13	3	3.193	1	1	-0.04608
13	3	5.224	0	0	-0.822
13	3	0.6953	1	1	0.2666
13	3	1.659	1	0	-0.9246
13	3	0.7286	1	0	-0.1778
13	3	1.491	1	1	-0.3568
13	3	3.516	0	0	-0.5482
13	3	0.5946	0	0	0.2371
13	3	5.426	0	0	-0.1628
13	3	1.87	1	1	-1.767
13	3	3.671	1	1	0.09084
13	3	0.9158	1	1	-0.07948
13	3	1.994	1	1	0.2933
13	3	0.9952	0	1	-0.3803
13	3	0.5703	1	1	1.294
13	3	0.8097	1	0	3.235
13	3	0.599	0	0	2.338
13	3	1.177	0	0	0.4194
13	3	0.381	0	1	-0.1498
13	3	5.604	0	0	-0.02282
13	3	1.174	1	1	-0.2366
13	3	0.4609	0	0	-0.2023
13	3	5.39	1	1	-0.4229
13	3	1.072	0	1	1.442
13	3	5.437	0	0	-0.8521
13	3	0.3588	0	0	2.119
13	3	0.2212	0	0	1.723
13	3	5.449	1	1	0.2925
13	3	2.295	1	1	-0.4745
13	3	0.3563	1	0	0.38
13	3	1.772	0	0	0.5411
13	3	5.25	1	1	-0.3257
13	3	3.636	0	0	-0.8366
13	3	0.5274	0	1	2.55
13	3	1.784	0	0	0.1384
14	3	3.52	0	0	-1.799
14	3	1.021	0	0	-0.467
14	3	0.6128	0	0	0.5912
14	3	5.452	1	1	-0.8515
14	3	0.5281	0	1	0.753
14	3	0.7105	1	0	0.9242
14	3	5.477	1	1	-1.395
14	3	1.639	0	0	-1.351
14	3	5.653	0	0	-0.538
14	3	1.522	0	1	1.833
14	3	0.7112	0	1	-0.3627
14	3	0.4169	1	1	0.2213
14	3	1.895	0	0	0.4532
14	3	0.4672	0	1	1.547
14	3	5.143	1	1	0.6604
14	3	1.532	1	0	2.909
14	3	3.661	0	0	-1.587
14	3	1.899	1	1	1.109
14	3	1.901	1	1	-0.7409
14	3	3.562	1	1	-0.2932
14	3	3.366	0	0	-0.6723
14	3	1.885	1	1	-0.1463
14	3	5.646	1	1	-0.5946
14	3	1.888	1	1	0.4901
14	3	0.7338	0	0	0.3068
14	3	0.6898	0	1	1.569
14	3	5.31	1	1	-0.1559
14	3	3.764	1	1	0.5044
14	3	0.404	0	0	1.485
14	3	1.365	0	0	-0.2179
14	3	3.986	0	0	-0.9861
14	3	0.5539	0	0	0.9425
14	3	1.986	0	0	-1.12
14	3	0.5093	1	1	0.6239
14	3	0.4195	1	0	-0.3131
14	3	3.802	1	1	-0.2326
14	3	4.987	0	0	-0.7671
14	3	1.212	1	1	-0.2437
14	3	1.399	1	1	0.2621
14	3	5.061	0	0	-0.9676
14	3	5.141	1	1	-0.8995
14	3	0.7965	1	1	0.2715
14	3	3.804	0	0	-0.4397
14	3	3.736	1	1	0.04636
14	3	5.108	0	0	0.3668
14	3	0.3726	0	0	2.305
14	3	0.7006	0	1	-0.732
14	3	3.586	1	1	1.038
14	3	1.11	1	1	0.3445
14	3	1.134	1	1	0.2946
15	3	0.1615	0	1	-0.415
15	3	2.071	1	1	2.08
15	3	1.056	1	1	0.6442
15	3	3.501	1	1	0.1894
15	3	5.493	0	0	-0.3821
15	3	0.9028	0	1	1.441
15	3	0.4149	0	1	0.5612
15	3	1.903	0	0	-1.378
15	3	0.9196	0	0	-0.8354
15	3	1.752	1	1	-0.2363
15	3	3.429	1	1	-0.8065
15	3	0.09905	1	1	0.5657
15	3	2.105	1	1	-0.6166
15	3	5.282	1	1	-0.3669
15	3	0.81	1	0	-0.3893
15	3	3.444	1	1	-0.08166
15	3	3.584	0	0	-2.059
15	3	2.026	0	0	-0.237
15	3	0.4406	0	1	-0.504
15	3	5.532	1	1	-0.5739
15	3	5.426	0	0	-0.1122
15	3	3.63	1	1	-1.141
15	3	0.1809	1	1	0.2221
15	3	3.7	0	0	0.7589
15	3	0.5889	0	0	1.023
15	3	0.3293	1	1	-0.2708
15	3	5.112	0	0	0.5772
15	3	3.702	0	0	-1.943
15	3	1.817	0	0	-0.1329
15	3	3.734	1	1	-0.5989
15	3	0.5027	1	0	-0.117
15	3	5.237	0	0	-0.5994
15	3	0.6674	1	1	0.002724
15	3	1.684	0	0	-0.9537
15	3	0.2808	1	1	-0.03262
15	3	0.8439	0	1	0.8301
15	3	5.51	1	1	-0.2821
15	3	0.5116	1	1	0.2516
15	3	1.049	0	1	0.5553
15	3	3.43	1	1	-0.2987
15	3	1.634	0	0	-0.2557
15	3	3.395	0	0	-0.7285
15	3	5.541	1	1	-1.037
15	3	1.22	0	0	-0.3866
15	3	0.4852	1	1	-0.09319
15	3	1	0	1	-1.426
15	3	5.415	0	0	0.1493
15	3	1.595	1	1	-1.122
15	3	5.501	1	1	-0.1886
16	3	0.2995	1	0	-1.137
16	3	1.619	0	0	-0.906
16	3	1.835	0	0	-0.6834
16	3	3.514	0	0	-0.3248
16	3	5.367	0	0	-1.288
16	3	0.511	0	1	0.9119
16	3	1.531	1	1	-0.3292
16	3	3.703	1	1	-0.1911
16	3	1.142	1	1	-0.5008
16	3	0.3553	1	1	-0.147
16	3	5.195	0	0	-1.182
16	3	0.4058	0	0	0.3154
16	3	0.5935	0	0	0.4645
16	3	3.501	0	0	3.229
16	3	0.4332	1	1	0.8636
16	3	1.588	0	0	0.1358
16	3	5.434	0	0	-0.2312
16	3	3.605	1	1	0.4309
16	3	1.085	1	1	0.02887
16	3	2.05	1	1	-0.7992
16	3	3.657	1	1	-0.7164
16	3	0.573	0	0	-0.4455
16	3	1.205	0	0	-0.284
16	3	0.2651	1	1	-0.3877
16	3	3.656	1	1	-0.4652
16	3	3.613	1	1	-0.277
16	3	1.438	0	1	1.486
16	3	1.6	1	1	1.213
16	3	0.5916	0	0	1.13
16	3	1.767	1	1	-1.051
16	3	5.225	0	0	-0.6576
16	3	1.236	1	1	1.356
16	3	4.936	1	1	-0.3137
16	3	5.447	0	0	-0.07537
16	3	1.161	1	1	0.3806
16	3	3.714	1	1	-0.7359
16	3	0.4721	0	1	0.8893
16	3	0.7093	1	1	0.08102
16	3	1.166	0	0	0.8371
16	3	1.099	1	1	-0.8643
16	3	3.663	0	0	-0.5822
16	3	1.876	0	1	0.2274
16	3	5.095	1	1	0.01819
16	3	3.569	1	1	-0.4248
16	3	5.17	0	0	-0.7079
16	3	0.7904	1	1	-0.5596
16	3	0.4771	1	1	1.655
16	3	5.39	0	0	-1.429
16	3	1.403	0	0	-0.09604
16	3	5.449	0	0	-0.07138
17	3	3.344	1	1	-0.3598
17	3	1.685	0	0	0.2101
17	3	0.9826	1	1	-0.2254
17	3	1.708	1	1	-0.2075
17	3	3.525	0	0	-0.05141
17	3	3.737	1	1	-0.2482
17	3	1.084	1	1	0.7603
17	3	1.661	0	0	1.842
17	3	3.983	1	1	-0.7315
17	3	1.115	1	1	-0.1325
17	3	0.8179	0	0	-1.163
17	3	0.7597	0	0	1.451
17	3	1.065	1	1	-0.3302
17	3	2.026	1	1	0.3271
17	3	5.289	1	1	-0.8799
17	3	0.1984	1	0	2.736
17	3	1.98	0	0	0.1548
17	3	5.292	0	0	0.009671
17	3	0.418	0	0	0.8532
17	3	1.569	0	0	0.951
17	3	5.34	1	1	-0.9429
17	3	1.307	0	0	0.6506
17	3	3.778	0	0	-0.1157
17	3	5.262	0	0	-1.554
17	3	1.883	0	1	3.959
17	3	1.15	0	0	2.01
17	3	1.262	1	1	-0.00826
17	3	0.492	0	0	0.5033
17	3	4.195	1	1	0.06307
17	3	0.857	1	1	-0.7501
17	3	5.698	0	0	-0.6655
17	3	0.5784	0	1	-0.9585
17	3	0.9726	0	0	1.755
17	3	5.378	1	1	-0.2258
17	3	5.186	0	0	-0.5731
17	3	5.554	1	1	-0.4867
17	3	0.4516	1	1	0.203
17	3	5.444	1	1	-0.3446
17	3	0.6615	1	0	0.7099
17	3	3.636	0	0	-0.7572
17	3	3.837	0	0	-0.3013
17	3	0.9082	0	0	-0.6627
17	3	0.3168	1	0	2.174
17	3	5.417	0	0	0.5098
17	3	3.636	1	1	0.1225
17	3	1.35	1	1	-0.2469
17	3	1.784	1	1	0.6425
17	3	0.537	1	1	-0.2926
17	3	3.173	0	0	0.4588
17	3	0.3943	1	1	0.09435
18	3	5.423	0	0	-3.099
18	3	5.305	0	0	-1.356
18	3	0.6165	0	0	2.75
18	3	4.037	1	1	-0.02483
18	3	0.1885	0	1	1.636
18	3	1.008	1	1	-0.2954
18	3	3.533	0	0	-0.0008445
18	3	0.8169	1	1	-0.2511
18	3	0.7236	0	1	-0.4921
18	3	0.4821	1	1	-0.6505
18	3	5.124	1	1	-0.03872
18	3	0.9286	1	1	0.002821
18	3	3.316	1	1	-0.8259
18	3	0.7932	0	0	0.8967
18	3	0.2438	0	0	0.06786
18	3	1.603	0	0	-0.2302
18	3	0.5177	1	1	-0.3692
18	3	0.3649	0	0	0.6612
18	3	5.402	1	1	-1.823
18	3	5.32	0	0	-0.5586
18	3	3.8	0	0	-0.3315
18	3	0.4541	0	1	0.7101
18	3	1.603	0	1	3.788
18	3	0.3798	1	0	1.502
18	3	5.585	0	0	-0.6276
18	3	3.581	0	0	-0.2098
18	3	3.546	1	1	-0.474
18	3	0.05408	1	0	0.5433
18	3	3.353	0	0	-0.1399
18	3	0.7067	1	1	0.4028
18	3	5.768	1	1	1.305
18	3	1.872	1	1	1.342
18	3	1.911	0	0	-0.0996
18	3	0.9016	0	1	0.3172
18	3	0.994	1	0	-0.245
18	3	1.978	0	0	-0.04939
18	3	1.608	1	1	0.01651
18	3	5.616	0	0	-0.4544
18	3	1.521	1	1	-0.3965
18	3	2.14	1	1	-0.1804
18	3	0.5779	0	1	-0.5633
18	3	3.636	0	0	0.3401
18	3	0.3263	0	1	-0.3208
18	3	1.066	1	1	-0.6451
18	3	3.821	1	1	-1.221
18	3	1.811	1	1	-0.385
18	3	5.695	1	1	-1.745
18	3	1.511	1	1	-0.05691
18	3	3.826	1	1	-0.3323
18	3	5.5	1	1	-0.7472
19	3	1.523	0	0	-1.06
19	3	3.364	0	0	-1.229
19	3	0.671	1	1	-0.1832
19	3	3.777	0	0	-0.02056
19	3	1.891	1	1	-0.6017
19	3	5.547	1	1	-0.2194
19	3	1.664	0	0	-1.001
19	3	3.734	0	0	-0.3947
19	3	0.4523	0	0	0.2571
19	3	3.653	0	0	-1.348
19	3	0.8793	0	0	0.1257
19	3	0.535	1	1	1.589
19	3	0.8299	0	0	1.051
19	3	5.5	1	1	-1.203
19	3	0.7703	0	1	-0.8708
19	3	0.261	0	1	-0.4262
19	3	1.872	1	1	-0.2227
19	3	1.595	0	0	0.6527
19	3	0.4652	1	0	0.3909
19	3	0.667	1	1	-1.593
19	3	2.22	1	1	-1.119
19	3	0.9224	1	0	0.4728
19	3	1.657	0	0	-1.244
19	3	0.2271	0	0	0.5454
19	3	5.84	0	0	-1.134
19	3	1.775	0	0	-0.4161
19	3	0.3041	1	1	0.6677
19	3	3.758	0	0	0.73
19	3	0.944	0	1	-0.1419
19	3	3.483	1	1	-0.4946
19	3	0.7118	1	1	-0.2853
19	3	0.3297	1	0	-0.07262
19	3	3.606	1	1	-0.4135
19	3	0.6143	1	1	-0.8267
19	3	0.9209	0	0	1.725
19	3	1.963	0	0	0.3661
19	3	0.3444	0	0	-0.2585
19	3	3.883	0	0	-0.009147
19	3	3.758	1	1	-0.8811
19	3	0.5571	1	1	0.7084
19	3	5.599	0	0	-1.054
19	3	5.375	1	1	-0.1298
19	3	1.937	0	0	-0.7102
19	3	5.675	1	1	-0.9818
19	3	5.463	0	0	-0.7271
19	3	5.295	1	1	-1.056
19	3	5.563	1	1	-0.04284
19	3	5.3	0	0	-0.815
19	3	0.963	1	1	-0.03835
19	3	3.152	1	1	1.415
20	4	2.065	1	1	-1.504
20	4	0.01519	0	1	0.07863
20	4	5.273	0	0	-0.525
20	4	5.286	1	1	-0.1968
20	4	5.498	1	1	-0.255
20	4	3.661	0	0	0.5479
20	4	0.9028	1	0	2.767
20	4	0.4291	0	0	1.23
20	4	0.9926	0	0	0.3232
20	4	0.653	1	1	-1.86
20	4	3.831	0	0	-0.7181
20	4	1.114	0	0	0.8953
20	4	1.163	1	1	-0.5671
20	4	3.638	1	1	-0.201
20	4	0.5666	0	0	0.5837
20	4	0.2074	0	0	2.501
20	4	1.448	0	0	0.7401
20	4	5.087	0	0	-0.4132
20	4	0.451	1	1	-0.6325
20	4	0.4795	1	1	0.498
20	4	1.854	1	1	-0.5604
20	4	0.7705	0	1	0.432
20	4	3.6	0	0	-0.5208
20	4	3.459	0	0	-0.09739
20	4	5.56	1	1	0.3082
20	4	3.722	1	1	-0.3821
20	4	1.525	1	1	0.2181
20	4	5.146	0	0	-0.88
20	4	5.584	0	0	-0.5516
20	4	3.792	1	1	-0.6429
20	4	5.297	0	0	-0.124
20	4	1.077	1	1	-0.4514
20	4	2.031	0	0	-1.042
20	4	0.9382	1	1	0.361
20	4	0.19	0	0	0.4703
20	4	3.842	1	1	0.5759
20	4	1.803	1	1	-0.06292
20	4	5.267	1	1	-0.6043
20	4	0.6493	1	1	0.5025
20	4	1.236	1	0	0.5152
20	4	3.747	0	0	-0.8197
20	4	1.929	1	0	1.199
20	4	1.914	1	1	0.1503
20	4	0.6346	1	1	-0.6104
20	4	0.9994	0	0	1.266
20	4	2.144	1	1	0.5214
20	4	5.262	0	0	0.5127
20	4	3.742	0	0	0.01743
20	4	0.7465	0	0	0.1649
20	4	1.653	0	0	1.227
21	4	1.746	0	0	-0.879
21	4	0.3682	1	1	0.7352
21	4	1.109	0	1	3.793
21	4	1.805	1	1	-0.9962
21	4	3.517	0	0	-0.3706
21	4	3.629	0	0	0.3074
21	4	0.5016	0	0	1.506
21	4	0.6911	0	0	2.602
21	4	2.082	1	1	-1.651
21	4	5.167	1	1	-0.8413
21	4	0.8815	1	0	0.2985
21	4	0.3758	1	0	1.406
21	4	1.493	1	1	-0.4612
21	4	5.545	1	1	-1.071
21	4	1.668	1	1	0.4184
21	4	5.298	1	1	-1.052
21	4	3.856	0	0	0.04327
21	4	5.223	1	1	0.1435
21	4	0.6907	0	0	0.4068
21	4	5.127	1	1	-1.356
21	4	0.7667	0	0	1.384
21	4	3.634	0	0	-1.244
21	4	0.7409	0	0	-0.38
21	4	1.496	0	0	-0.9058
21	4	3.496	1	1	1.336
21	4	1.276	1	1	-0.8241
21	4	1.968	0	0	-0.4684
21	4	5.521	1	1	-1.082
21	4	1.979	0	0	0.2515
21	4	0.8413	1	0	0.5711
21	4	0.9198	1	0	0.8763
21	4	0.2347	0	0	1.775
21	4	0.531	1	0	2.285
21	4	0.5219	1	1	2.52
21	4	3.354	0	0	4.397
21	4	0.7609	0	0	-0.0009264
21	4	0.5642	1	1	-0.7652
21	4	0.5333	1	1	0.2105
21	4	3.634	1	1	-1.276
21	4	5.305	1	1	-1.026
21	4	5.317	0	0	-0.3636
21	4	3.802	0	0	-0.7697
21	4	3.975	0	0	-1.487
21	4	5.277	1	1	-0.3741
21	4	0.2811	0	0	1.242
21	4	0.8606	0	1	0.2276
21	4	2.05	1	1	-0.008872
21	4	5.266	0	0	-0.1682
21	4	0.9126	0	0	1.138
21	4	3.624	0	0	-1.081
22	4	1.827	1	1	-1.602
22	4	0.0245	0	0	1.13
22	4	0.508	0	0	0.4263
22	4	0.9485	0	0	0.4315
22	4	3.811	0	0	-0.9855
22	4	0.9794	1	1	0.4562
22	4	0.8123	1	1	2.436
22	4	1.29	1	1	-1.227
22	4	5.35	0	0	0.009778
22	4	1.969	1	1	-0.9944
22	4	1.119	0	0	0.6768
22	4	0.3649	1	0	-0.2109
22	4	5.343	0	0	0.8413
22	4	0.84	1	1	-1.491
22	4	1.453	0	0	-0.3219
22	4	5.784	1	1	-0.9115
22	4	0.3111	1	0	1.852
22	4	0.302	0	0	-1.096
22	4	5.174	1	1	-1.118
22	4	3.487	0	0	-1.227
22	4	5.181	0	0	-1.023
22	4	0.243	0	0	1.271
22	4	3.584	0	0	0.3218
22	4	5.419	1	1	0.04364
22	4	1.145	0	0	0.4339
22	4	0.8516	0	0	1.542
22	4	5.287	1	1	-0.6067
22	4	0.4372	1	1	-0.04985
22	4	0.744	0	0	0.5186
22	4	1.764	0	0	-0.9057
22	4	0.6236	1	1	-0.1349
22	4	5.383	1	1	-0.7891
22	4	1.992	1	0	-0.04761
22	4	1.629	1	1	0.2977
22	4	1.523	0	0	1.817
22	4	3.601	1	1	0.4362
22	4	3.595	1	1	-0.6338
22	4	1.35	1	1	0.5447
22	4	0.4612	0	0	0.6074
22	4	1.782	0	0	-1.685
22	4	5.405	0	0	-0.6972
22	4	3.611	0	0	0.3004
22	4	1.91	1	1	-0.1234
22	4	1.042	1	1	-0.1011
22	4	3.705	1	1	-0.2457
22	4	3.858	0	0	-1.129
22	4	3.222	0	0	-0.09154
22	4	3.608	1	1	-0.6083
22	4	5.308	1	1	-0.8913
22	4	0.5235	0	0	-0.004563
23	4	0.7269	1	1	-1.502
23	4	2.087	1	1	-0.02975
23	4	0.3169	0	1	0.1383
23	4	3.935	0	0	-0.4483
23	4	1.396	1	1	3.295
23	4	0.8781	0	0	1.619
23	4	0.4771	0	0	-0.2888
23	4	1.526	0	0	-1.679
23	4	0.6884	1	1	0.04391
23	4	1.017	1	1	-0.5816
23	4	5.409	0	0	-1.121
23	4	0.2135	0	1	-0.1597
23	4	0.7714	0	1	0.6061
23	4	0.392	1	1	0.3708
23	4	4.026	0	0	-0.6693
23	4	0.2529	1	1	-0.4712
23	4	5.846	0	0	-0.8758
23	4	1.017	1	1	-2.133
23	4	0.5135	0	0	-0.03655
23	4	1.109	0	0	0.04064
23	4	1.847	0	0	0.8272
23	4	3.527	0	0	-0.5798
23	4	5.143	1	1	-0.1977
23	4	5.464	1	1	-0.8164
23	4	0.6195	0	0	0.9437
23	4	1.97	1	1	-0.3939
23	4	3.334	0	0	-1.134
23	4	3.478	1	1	0.003012
23	4	2.153	1	1	-0.689
23	4	0.7452	0	0	-0.533
23	4	3.693	1	1	-1.009
23	4	1.932	0	0	-0.6402
23	4	3.314	0	0	-1.25
23	4	1.861	0	0	-1.753
23	4	0.08016	0	0	0.4105
23	4	5.29	1	1	0.03242
23	4	0.7713	1	1	-0.1394
23	4	3.587	1	1	-0.3984
23	4	1.627	1	1	-0.7433
23	4	1.872	0	0	0.08763
23	4	0.292	0	1	-0.1249
23	4	0.6255	1	0	3.145
23	4	5.487	1	1	-0.3176
23	4	3.635	1	1	-1.51
23	4	2.229	1	1	-0.5842
23	4	5.222	1	1	-0.7967
23	4	5.483	0	0	-0.4578
23	4	5.042	1	1	-0.5226
23	4	3.817	1	1	-0.2769
23	4	5.162	1	1	-0.2275
24	4	3.917	1	1	-1.558
24	4	0.8118	0	0	-0.6733
24	4	1.548	1	0	0.6334
24	4	0.9405	1	0	0.7733
24	4	5.486	1	1	-0.2676
24	4	3.49	0	0	-0.8028
24	4	1.802	1	0	2.832
24	4	1.912	0	0	-0.0193
24	4	3.269	0	0	-0.6226
24	4	3.756	0	0	-1.199
24	4	3.49	0	0	0.03899
24	4	5.442	0	0	-0.4347
24	4	0.6294	0	0	5.59
24	4	0.8743	1	1	-0.5327
24	4	0.457	1	0	1.129
24	4	1.834	0	0	-0.1398
24	4	5.488	1	1	-1.113
24	4	0.3437	1	1	-0.8849
24	4	1.86	1	0	1.558
24	4	0.0955	0	0	2.26
24	4	0.26	0	0	1.692
24	4	5.614	1	1	-1.227
24	4	2.203	0	0	-1.17
24	4	0.4054	1	0	0.1436
24	4	5.547	1	1	-0.2056
24	4	5.232	0	0	0.1599
24	4	3.609	0	0	-0.4039
24	4	3.581	0	0	-1.035
24	4	5.418	0	0	0.5038
24	4	3.814	1	1	-1.2
24	4	1.09	1	1	0.5137
24	4	0.3678	1	0	0.5335
24	4	3.555	0	0	0.5673
24	4	1.028	1	0	-0.3498
24	4	1.509	1	0	1.442
24	4	1.649	1	1	-1.002
24	4	5.565	0	0	-1.252
24	4	1.799	0	0	-1.262
24	4	0.5227	1	0	0.386
24	4	1.129	0	1	0.5926
24	4	5.7	1	1	-0.3407
24	4	0.8065	0	0	-0.2502
24	4	0.9896	1	1	0.08403
24	4	1.054	0	0	-0.5115
24	4	0.9107	0	0	-0.4844
24	4	0.7585	1	0	2.112
24	4	5.712	1	1	-0.1379
24	4	1.161	1	1	3.577
24	4	1.936	0	0	-0.5868
24	4	3.606	0	0	-0.3609
25	4	3.657	0	0	-2.99
25	4	5.144	0	0	-1.533
25	4	0.5998	0	0	0.3757
25	4	0.6983	0	0	2.726
25	4	1.634	0	0	2.695
25	4	1.714	1	1	-0.5852
25	4	0.9765	0	1	3.48
25	4	0.5108	1	0	1.764
25	4	0.4941	1	1	-0.07942
25	4	0.4674	1	1	-0.663
25	4	0.5547	1	0	2.561
25	4	3.385	1	1	-0.1503
25	4	0.5026	0	1	3.294
25	4	0.6938	1	0	0.3268
25	4	0.69	0	0	2.116
25	4	3.513	0	0	0.0899
25	4	1.975	1	1	-0.7008
25	4	3.675	0	0	-1.249
25	4	1.065	1	1	0.09313
25	4	1.33	1	1	-0.769
25	4	0.3869	1	1	-0.9186
25	4	1.562	1	1	-0.5365
25	4	3.848	0	0	-0.614
25	4	1.096	1	1	0.4244
25	4	0.7585	0	0	-0.2892
25	4	3.997	1	1	0.234
25	4	5.717	0	0	-0.5866
25	4	1.77	0	0	-0.4241
25	4	2.027	0	0	0.0668
25	4	1.782	1	1	-1.737
25	4	3.482	1	1	0.312
25	4	5.395	0	0	-0.3284
25	4	3.66	0	0	-0.8812
25	4	0.8333	0	0	-0.06146
25	4	1.954	0	0	0.02515
25	4	5.552	1	1	-0.4165
25	4	5.534	0	0	-0.7614
25	4	0.2156	1	0	0.5141
25	4	0.7784	0	0	-0.4371
25	4	1.614	0	0	-0.2591
25	4	3.615	0	0	-1.051
25	4	5.291	1	1	-0.8611
25	4	0.7095	1	1	0.3627
25	4	2.152	1	1	-0.5103
25	4	5.507	1	1	-0.7268
25	4	5.126	1	1	0.07512
25	4	0.8499	0	0	2.155
25	4	5.363	1	1	-0.6606
25	4	3.54	0	0	1.295
25	4	5.306	1	1	-0.6807
26	4	5.426	0	0	-1.568
26	4	1.275	0	0	-0.182
26	4	1.114	1	1	0.8989
26	4	3.493	1	1	0.2969
26	4	1.433	1	1	-0.3331
26	4	5.42	1	1	-0.4328
26	4	0.9311	1	0	0.316
26	4	0.7021	0	0	0.4632
26	4	0.8495	0	0	0.07335
26	4	3.418	0	0	0.2826
26	4	3.428	1	1	-0.413
26	4	5.099	0	0	-0.4444
26	4	0.445	0	1	1.008
26	4	0.5164	0	1	3.036
26	4	3.558	1	1	0.1253
26	4	5.331	0	0	-0.1006
26	4	5.292	1	1	-0.4234
26	4	1.004	1	1	-0.4532
26	4	5.292	1	1	0.1872
26	4	1.575	0	0	1.025
26	4	0.9342	1	1	-0.2547
26	4	0.4591	0	0	0.2419
26	4	0.3605	0	0	0.01635
26	4	3.573	1	1	-1.379
26	4	5.038	0	0	0.6076
26	4	5.499	1	1	-0.8059
26	4	3.433	0	0	0.9012
26	4	3.624	1	1	-1.13
26	4	0.996	1	0	-0.4213
26	4	3.473	0	0	-0.4113
26	4	0.6372	0	1	-0.03167
26	4	5.401	0	0	0.1254
26	4	3.638	0	0	0.4472
26	4	0.5088	1	0	0.5733
26	4	1.635	0	0	0.815
26	4	0.8852	1	1	-0.6462
26	4	1.05	1	1	0.4151
26	4	1.802	0	0	3.419
26	4	1.783	1	1	0.2154
26	4	0.7497	0	1	-0.1239
26	4	1.603	1	1	1.034
26	4	3.718	1	1	-0.5344
26	4	0.7896	1	1	-0.1189
26	4	2.183	0	0	-0.7875
26	4	1.568	0	0	-0.03001
26	4	0.3912	0	1	0.2013
26	4	5.453	0	0	-0.4766
26	4	0.96	0	1	-0.6577
26	4	1.728	1	1	-0.6853
26	4	1.599	1	1	0.2387
27	4	3.237	1	1	-0.7387
27	4	0.4737	1	0	1.199
27	4	1.777	1	1	-0.8174
27	4	0.6374	1	1	-0.3748
27	4	0.3624	1	1	-0.3313
27	4	1.013	0	1	-1.098
27	4	1.78	0	0	-0.7562
27	4	1.931	1	1	-1.178
27	4	5.55	0	0	-0.8072
27	4	1.032	0	0	-0.9188
27	4	0.6328	1	1	-0.4006
27	4	5.421	0	0	-1.473
27	4	3.865	1	1	-0.752
27	4	5.593	0	0	-0.3954
27	4	0.3582	1	1	-1.964
27	4	3.266	1	1	-0.8278
27	4	0.9938	1	1	-1.328
27	4	3.332	0	0	-0.0321
27	4	1.639	1	1	0.9209
27	4	0.5216	0	0	-1.413
27	4	0.7517	1	1	-0.578
27	4	2.167	0	0	-1.179
27	4	0.9915	0	0	1.024
27	4	0.5072	0	0	-0.6409
27	4	5.381	1	1	-1.923
27	4	1.847	0	0	0.5752
27	4	1.923	0	0	-0.4417
27	4	0.8561	0	0	2.02
27	4	3.333	0	0	-1.085
27	4	1.893	1	1	0.03474
27	4	5.278	0	0	-0.3508
27	4	0.8706	0	1	-0.001162
27	4	0.4293	1	0	-0.4353
27	4	3.636	1	1	-0.5571
27	4	5.237	0	0	-0.2513
27	4	1.982	0	0	-1.01
27	4	3.073	1	1	-0.02402
27	4	0.7913	1	1	-0.06573
27	4	1.642	1	0	0.3884
27	4	0.7369	0	0	-0.5525
27	4	3.788	0	0	-0.2676
27	4	5.331	0	0	-0.7691
27	4	5.068	0	0	-0.7193
27	4	0.2905	1	1	0.5469
27	4	3.625	1	1	-0.06537
27	4	0.7132	0	1	2.605
27	4	3.388	1	1	0.3573
27	4	5.264	1	1	-0.6366
27	4	5.513	1	1	-0.3176
27	4	0.4895	1	1	2.116
28	4	0.691	0	0	-1.255
28	4	0.8469	1	1	0.9367
28	4	1.148	1	1	-0.3741
28	4	3.777	1	1	0.2901
28	4	1.884	0	0	-0.5262
28	4	0.8986	1	0	0.5785
28	4	0.9399	0	0	-1.169
28	4	0.8531	0	0	1.532
28	4	1.871	0	0	-0.003103
28	4	3.801	0	0	-0.4095
28	4	0.4077	0	0	2.248
28	4	5.209	1	1	-0.2145
28	4	3.335	1	1	-0.2833
28	4	5.627	1	1	-0.976
28	4	5.362	0	0	-0.7549
28	4	1.709	1	0	0.1825
28	4	3.575	0	0	-0.5497
28	4	0.4742	1	0	-0.1276
28	4	1.599	1	1	0.03394
28	4	5.223	0	0	-0.8248
28	4	3.675	0	0	-0.4268
28	4	0.3672	0	0	0.6075
28	4	0.4323	1	1	-0.116
28	4	1.175	0	0	-0.5892
28	4	1.966	1	0	0.8824
28	4	0.5602	1	0	-0.2282
28	4	1.881	1	1	-0.263
28	4	5.224	1	1	0.5615
28	4	3.654	1	1	0.2695
28	4	0.225	0	1	1.16
28	4	3.66	0	0	-0.702
28	4	1.809	1	1	-0.179
28	4	0.1616	0	0	-0.3543
28	4	5.408	0	0	-0.6226
28	4	1.973	0	0	0.6148
28	4	1.702	0	0	0.3765
28	4	5.515	0	0	-0.6149
28	4	1.174	1	1	0.8044
28	4	0.5502	0	0	-0.4965
28	4	5.569	1	1	-0.8156
28	4	0.7898	0	1	0.6444
28	4	5.017	1	1	-0.3667
28	4	1.824	1	1	0.6158
28	4	4.138	1	1	-0.408
28	4	5.739	0	0	-1.644
28	4	0.8409	0	0	0.2927
28	4	3.646	1	1	0.5843
28	4	3.928	0	0	-1.079
28	4	0.9415	0	0	0.9578
28	4	0.5789	1	0	-0.8773
29	4	3.586	0	0	-1.822
29	4	5.36	0	0	-0.6535
29	4	5.299	1	1	-0.8251
29	4	0.6801	1	0	0.6049
29	4	3.528	1	1	-0.4372
29	4	1.656	0	0	-0.08722
29	4	5.474	0	0	-0.7639
29	4	3.2	0	0	-0.3641
29	4	5.247	0	0	-1.029
29	4	1.805	0	0	0.9672
29	4	0.125	0	0	-0.0121
29	4	0.9431	1	1	-0.1168
29	4	1.56	0	0	-0.9053
29	4	1.689	1	0	1.529
29	4	0.7521	1	0	0.7388
29	4	1.141	1	0	-0.2064
29	4	0.1835	1	0	1.168
29	4	3.456	1	1	-0.5167
29	4	0.406	0	0	-0.1199
29	4	0.5552	1	1	1.988
29	4	0.8389	0	0	1.88
29	4	1.647	0	0	-0.6676
29	4	0.9419	0	0	0.6361
29	4	1.545	1	1	3.221
29	4	0.8197	0	1	0.6475
29	4	5.45	0	0	0.1872
29	4	0.8989	1	0	-0.4441
29	4	1.509	0	0	-0.8382
29	4	3.45	1	1	1.791
29	4	1.088	0	0	0.5861
29	4	0.8036	1	0	0.4429
29	4	5.062	0	0	0.06439
29	4	0.9539	0	0	0.7987
29	4	5.464	0	0	-0.8881
29	4	0.4829	1	1	0.6342
29	4	5.798	1	1	0.1593
29	4	3.38	0	0	-0.7829
29	4	0.6744	0	0	1.277
29	4	1.18	1	1	-0.6566
29	4	0.5891	1	0	-0.2007
29	4	3.499	0	0	-0.2448
29	4	5.187	1	1	0.1665
29	4	3.591	1	1	-0.7874
29	4	5.162	1	1	-0.7863
29	4	0.2102	0	1	0.5762
29	4	3.578	0	0	-0.04305
29	4	3.573	1	1	0.3258
29	4	1.953	1	1	-0.8991
29	4	2.013	1	1	0.007431
29	4	2.152	1	1	-0.8906
30	5	1.046	0	0	-1.911
30	5	5.434	0	0	-0.702
30	5	5.093	0	0	-0.1489
30	5	3.611	1	1	-0.8202
30	5	1.228	0	0	-0.3055
30	5	0.4889	1	0	0.2979
30	5	0.5636	0	1	0.02677
30	5	2.033	0	1	1.431
30	5	3.673	1	1	-0.3577
30	5	3.752	1	1	-0.691
30	5	5.407	1	1	-0.5175
30	5	0.9518	1	1	-0.6712
30	5	3.494	1	1	-0.09139
30	5	1.751	0	0	-0.07547
30	5	0.6865	1	1	1.593
30	5	1.209	1	1	-0.1705
30	5	5.578	0	0	-0.3367
30	5	3.422	1	1	-0.2152
30	5	0.7401	1	0	1.782
30	5	1.931	0	0	-0.04478
30	5	5.199	0	0	0.5512
30	5	0.9539	0	0	-0.03904
30	5	3.302	1	1	-0.7413
30	5	3.837	1	1	-0.3883
30	5	2.036	1	0	0.0953
30	5	1.576	0	0	0.9867
30	5	3.888	1	1	-1.059
30	5	0.8555	0	0	-0.3471
30	5	1.559	0	0	-0.6822
30	5	5.272	0	0	-1.126
30	5	0.1248	0	1	-1.272
30	5	0.8814	1	0	1.542
30	5	1.219	1	0	1.948
30	5	5.363	1	1	-0.1927
30	5	0.6796	0	0	-0.007158
30	5	3.654	1	1	-0.02456
30	5	3.495	0	0	-1.086
30	5	1.741	0	0	0.4312
30	5	0.3715	1	1	0.3529
30	5	5.548	1	1	-0.749
30	5	1.062	1	0	-0.04234
30	5	0.5618	0	0	2.87
30	5	5.359	1	1	-0.1815
30	5	5.46	0	0	-1.218
30	5	1.933	0	0	-0.5709
30	5	1.694	1	0	1.581
30	5	1.532	0	0	1.487
30	5	0.9375	0	0	1.405
30	5	0.5885	1	0	0.4012
31	5	5.384	0	0	-1.266
31	5	5.308	1	1	-0.8859
31	5	1.842	0	0	2.493
31	5	0.2136	1	1	-0.2052
31	5	1.816	0	0	0.5839
31	5	1.778	0	0	0.4554
31	5	1.767	1	1	-0.9095
31	5	3.521	0	0	-0.5893
31	5	1.738	1	1	-0.4472
31	5	5.106	0	0	-0.6862
31	5	3.668	1	1	-1.238
31	5	5.264	1	1	-0.2631
31	5	3.773	1	1	0.06222
31	5	0.9364	1	1	1.809
31	5	2.082	1	0	0.2098
31	5	0.494	0	0	-0.1328
31	5	0.8734	1	1	1.627
31	5	1.365	0	0	-0.1862
31	5	0.7482	0	0	2.25
31	5	0.695	1	0	2.237
31	5	3.653	0	0	-0.7493
31	5	2.19	1	1	0.1515
31	5	3.732	1	1	-0.2329
31	5	0.7001	1	0	-0.581
31	5	1.903	1	1	-0.6745
31	5	0.8908	0	0	-0.7981
31	5	0.993	0	0	0.8399
31	5	0.3398	0	1	-0.1496
31	5	1.833	0	0	-0.1137
31	5	0.2964	0	0	0.7991
31	5	0.2593	0	1	3.158
31	5	3.777	1	1	-0.6585
31	5	3.707	1	1	0.1338
31	5	5.143	1	1	-1.227
31	5	3.713	1	1	0.2968
31	5	5.484	1	1	-0.2218
31	5	0.774	0	0	-0.333
31	5	0.8806	0	0	-0.3829
31	5	0.8807	1	0	1.232
31	5	0.7946	1	1	0.05748
31	5	0.4719	0	0	-0.2487
31	5	0.8046	1	1	0.701
31	5	3.591	0	0	-0.4459
31	5	5.349	0	0	-0.2907
31	5	0.7539	0	0	1.69
31	5	0.6982	0	1	1.202
31	5	5.576	0	0	-0.8543
31	5	5.565	1	1	-0.02885
31	5	3.773	1	1	-0.07764
31	5	5.524	0	0	-1.047
32	5	0.7317	1	1	-1.649
32	5	5.185	0	0	-0.8363
32	5	5.28	0	0	-0.1495
32	5	5.334	0	0	0.5554
32	5	0.5168	1	1	2.361
32	5	2.07	1	1	-0.7763
32	5	3.693	0	0	-0.05406
32	5	3.919	0	0	-0.5434
32	5	1.811	1	1	-0.2891
32	5	0.6232	1	1	0.1013
32	5	0.5179	0	1	1.152
32	5	1.847	0	0	-0.7663
32	5	0.7374	1	1	0.5112
32	5	5.248	0	0	-0.6103
32	5	1.081	1	1	-0.9074
32	5	3.836	0	0	-0.1594
32	5	1.059	0	0	0.9228
32	5	3.222	0	0	-0.673
32	5	0.8052	1	1	-0.6943
32	5	0.6185	0	1	1.883
32	5	0.3825	0	0	-0.6895
32	5	3.78	0	0	1.1
32	5	0.5122	0	0	1.529
32	5	0.2134	0	0	2.368
32	5	0.5796	0	0	-0.8144
32	5	0.2136	0	1	0.7967
32	5	3.383	1	1	0.1837
32	5	1.08	0	0	0.2762
32	5	5.326	0	0	0.2898
32	5	3.835	1	1	-0.8027
32	5	1.064	0	0	0.3517
32	5	1.762	1	1	-0.2253
32	5	1.799	1	1	-0.1577
32	5	5.417	0	0	-0.4246
32	5	5.305	1	1	-0.7409
32	5	5.577	1	1	-0.6077
32	5	5.476	0	0	-1.311
32	5	1.828	1	1	-0.8181
32	5	3.512	1	1	0.1333
32	5	0.4448	1	1	-0.494
32	5	2.103	1	1	0.0777
32	5	0.8544	1	0	0.9116
32	5	2.093	1	1	-0.2289
32	5	5.416	0	0	-0.7693
32	5	1.799	1	1	0.1945
32	5	3.679	1	1	0.3335
32	5	0.6159	0	1	1.291
32	5	1.896	1	1	3.11
32	5	0.842	1	1	0.877
32	5	3.647	1	1	-0.379
33	5	1.565	0	0	0.5847
33	5	5.198	1	1	-0.2859
33	5	0.3366	1	0	0.1297
33	5	1.853	1	1	0.3943
33	5	1.156	0	0	1.221
33	5	1.032	1	0	0.8714
33	5	2.003	0	0	0.2975
33	5	3.488	0	0	-1.143
33	5	0.8052	1	1	0.3005
33	5	3.368	0	0	-0.9091
33	5	5.181	0	0	-0.5821
33	5	2.243	1	1	-0.2462
33	5	0.6823	1	1	-0.1718
33	5	5.108	1	1	0.06364
33	5	2.019	0	0	0.2325
33	5	5.327	0	0	-1.181
33	5	3.559	1	1	-0.5982
33	5	3.677	0	0	-0.9521
33	5	3.223	0	0	0.006591
33	5	1.674	0	0	-0.4131
33	5	0.8095	0	0	0.154
33	5	3.601	0	0	-0.9564
33	5	0.3419	1	1	1.47
33	5	3.744	1	1	-0.3078
33	5	5.239	1	1	-0.3966
33	5	5.217	1	1	0.3519
33	5	2.14	0	0	0.05387
33	5	5.294	0	0	-0.8089
33	5	1.107	1	1	0.6137
33	5	0.822	0	0	1.63
33	5	0.3121	1	1	0.1538
33	5	5.54	0	0	-0.6356
33	5	1.003	0	0	0.3243
33	5	5.229	0	0	-1.154
33	5	0.64	0	0	-1.1
33	5	1.623	0	0	-0.9068
33	5	1.738	1	1	0.7934
33	5	0.9876	1	1	-0.5987
33	5	1.616	0	0	-0.5058
33	5	0.9139	1	1	-0.3963
33	5	3.496	1	1	-0.3802
33	5	0.18	0	0	1.416
33	5	1.148	1	1	0.4295
33	5	3.538	1	1	0.1025
33	5	5.452	1	1	0.304
33	5	0.4667	0	0	0.2815
33	5	0.3673	1	0	-0.9093
33	5	3.36	1	1	0.9497
33	5	0.2851	0	0	0.608
34	5	0.8061	0	0	0.3592
34	5	0.1453	0	1	3.742
34	5	5.659	1	1	-0.9225
34	5	0.4272	1	0	-0.2747
34	5	3.687	1	1	-0.6009
34	5	0.589	1	0	-0.2814
34	5	1.769	1	1	-0.3288
34	5	5.301	0	0	0.1294
34	5	0.7506	0	0	-0.1313
34	5	1.945	1	1	-0.9302
34	5	0.7333	0	0	0.5559
34	5	0.3031	1	0	0.9685
34	5	0.7717	1	1	-0.6774
34	5	1.057	1	1	-0.3655
34	5	1.811	0	0	-1.245
34	5	0.7029	0	0	-0.4557
34	5	0.4899	1	0	0.6352
34	5	5.336	0	0	-0.09213
34	5	0.2268	1	0	3.205
34	5	5.399	0	0	-1.08
34	5	1.716	1	1	-1.203
34	5	0.9995	0	0	1.221
34	5	0.9257	0	0	-0.3483
34	5	5.563	0	0	-0.4925
34	5	3.425	0	0	-0.2207
34	5	5.317	0	0	-0.3702
34	5	1.751	1	1	0.04333
34	5	3.479	0	0	-0.9789
34	5	1.807	0	0	-0.009034
34	5	0.7239	1	1	0.8076
34	5	1.785	0	0	-0.6392
34	5	1.697	0	0	0.05545
34	5	0.8406	1	1	0.3028
34	5	3.825	0	0	0.01191
34	5	0.4146	1	0	0.3313
34	5	0.5427	1	1	-0.682
34	5	1.054	1	1	-0.04253
34	5	3.477	1	1	-0.5026
34	5	1.762	0	0	-0.07854
34	5	5.456	1	1	-0.9029
34	5	0.3932	1	0	-0.2793
34	5	1.74	1	0	1.224
34	5	3.79	1	1	-0.4001
34	5	3.734	0	0	-0.5513
34	5	5.271	1	1	-0.2239
34	5	3.825	0	0	-0.656
34	5	3.634	0	0	-0.7692
34	5	5.514	0	0	0.005044
34	5	3.838	1	1	0.3375
34	5	5.542	1	1	-0.7772
35	5	0.8588	1	0	-1.701
35	5	5.983	0	0	-0.6161
35	5	0.5019	0	0	0.2376
35	5	0.5327	1	1	2.429
35	5	0.5702	1	0	2.282
35	5	1.076	1	0	0.2834
35	5	3.061	0	0	0.9795
35	5	5.012	1	1	-0.7252
35	5	0.8682	0	0	1.38
35	5	1.641	0	0	0.6487
35	5	5.629	1	1	-0.08653
35	5	0.7714	0	0	0.5518
35	5	0.5354	1	0	0.2485
35	5	1.747	0	0	0.8044
35	5	5.568	1	1	-0.7389
35	5	5.291	0	0	-0.7802
35	5	1.693	0	0	-0.03255
35	5	1.805	0	0	-1.153
35	5	0.6985	1	0	0.6574
35	5	3.473	0	0	-1.252
35	5	0.7254	0	0	-0.7812
35	5	0.4429	0	0	-0.7071
35	5	3.816	1	1	-0.1141
35	5	5.333	0	0	0.8972
35	5	0.956	0	0	-0.5432
35	5	3.307	1	1	-0.5042
35	5	3.456	1	1	-0.02406
35	5	1.709	1	1	-0.3587
35	5	3.413	1	1	-0.3702
35	5	0.7355	1	1	-0.8903
35	5	1.61	1	1	0.2504
35	5	3.498	1	1	-1.155
35	5	0.5082	0	0	0.9638
35	5	0.4851	0	0	4.259
35	5	3.672	1	1	-0.7977
35	5	1.884	1	1	0.07397
35	5	3.327	0	0	0.1075
35	5	0.8292	1	1	-0.7841
35	5	5.178	0	0	-1.152
35	5	5.104	1	1	-0.8326
35	5	5.546	1	1	-0.02277
35	5	0.8674	0	0	-0.5902
35	5	1.627	0	0	-0.58
35	5	0.7291	0	0	0.5978
35	5	1.711	1	1	-0.1474
35	5	5.424	0	0	-1.699
35	5	0.3623	0	0	2.381
35	5	1.353	0	0	-0.02046
35	5	1.586	0	0	-0.2546
35	5	3.445	1	1	-0.3582
36	5	0.1095	0	0	-1.323
36	5	1.617	0	0	-0.8769
36	5	0.8399	0	0	0.3865
36	5	5.266	1	1	-0.5698
36	5	0.4606	1	0	0.8496
36	5	0.5323	0	0	-0.2413
36	5	3.878	0	0	-0.2515
36	5	0.4012	1	1	0.5887
36	5	3.276	1	1	-0.4155
36	5	5.417	0	0	-0.6533
36	5	1.081	0	0	0.2466
36	5	0.3452	0	0	0.1791
36	5	3.682	1	1	-0.3587
36	5	5.651	1	1	-0.08848
36	5	1.699	1	1	-0.5599
36	5	3.717	1	1	-0.02805
36	5	0.2886	0	0	-0.1342
36	5	3.491	0	0	-0.2877
36	5	0.4583	0	0	-0.4614
36	5	0.8409	1	0	-0.2665
36	5	4.957	1	1	-0.8918
36	5	3.139	0	0	0.2882
36	5	1.185	1	0	0.04554
36	5	1.992	0	0	-1.001
36	5	0.6284	0	0	-1.572
36	5	1.941	1	0	-0.05624
36	5	0.6239	0	0	2.327
36	5	0.7165	1	1	-0.8596
36	5	5.324	1	1	-1.049
36	5	0.3933	1	1	-0.3929
36	5	1.917	0	0	-1.356
36	5	1.626	1	1	-0.5482
36	5	5.653	1	1	-0.2114
36	5	3.564	0	0	-0.4539
36	5	0.9873	1	0	1.461
36	5	5.174	0	0	-0.4541
36	5	1.847	1	1	-0.1681
36	5	1.104	0	0	0.3357
36	5	3.592	0	0	-1.028
36	5	5.6	0	0	-0.6289
36	5	0.1106	1	0	-0.1374
36	5	1.989	1	1	0.4012
36	5	3.264	0	0	-0.6328
36	5	0.9854	0	0	1.505
36	5	5.223	0	0	-0.5838
36	5	5.519	0	0	-0.5692
36	5	1.67	1	1	-0.1806
36	5	3.651	0	0	-0.3287
36	5	0.6515	1	1	-0.585
36	5	2.17	1	1	0.1526
37	5	0.6782	0	0	-0.09034
37	5	0.5669	1	0	-0.5589
37	5	3.227	1	1	-0.2296
37	5	1.713	0	0	-0.4822
37	5	1.943	0	0	1.035
37	5	0.2019	1	0	0.2081
37	5	5.584	0	0	1.433
37	5	1.712	0	1	-0.4503
37	5	3.863	0	0	-0.6627
37	5	0.9775	1	1	0.9515
37	5	0.9101	1	0	0.2695
37	5	0.8688	0	0	0.9207
37	5	5.422	0	0	0.0712
37	5	5.273	0	0	-0.9516
37	5	3.457	1	1	0.2621
37	5	0.5528	1	0	1.81
37	5	1.712	1	1	-0.6236
37	5	5.168	0	0	-0.954
37	5	3.863	0	0	-1.451
37	5	0.5633	0	0	-0.9017
37	5	0.3383	0	0	0.005001
37	5	0.8634	1	1	1.793
37	5	5.337	0	0	1.132
37	5	0.6223	1	1	1.706
37	5	1.897	1	1	1.363
37	5	3.365	1	1	-1.03
37	5	0.9982	1	1	0.1648
37	5	1.291	1	1	0.6487
37	5	0.452	0	0	3.947
37	5	0.682	1	1	0.3204
37	5	5.661	1	1	-0.07026
37	5	3.438	0	0	-0.572
37	5	5.122	1	1	-0.9705
37	5	1.619	1	1	-0.6256
37	5	5.178	1	1	0.3422
37	5	0.8883	1	1	2.232
37	5	3.733	0	0	0.2388
37	5	2.128	0	0	-0.01472
37	5	0.6585	0	0	0.443
37	5	1.758	1	1	0.7708
37	5	0.1858	0	0	3.646
37	5	1.039	1	1	0.1197
37	5	3.555	0	0	-0.7021
37	5	3.526	0	0	-0.9415
37	5	0.7686	1	0	-0.2757
37	5	1.595	0	0	-0.6498
37	5	3.701	1	1	-0.6463
37	5	1.703	0	0	-1.366
37	5	5.33	0	0	-0.2933
37	5	5.281	1	1	-0.509
38	5	1.565	1	1	-1.175
38	5	3.44	1	1	-0.4385
38	5	3.583	1	1	-0.7221
38	5	1.532	1	0	-0.5168
38	5	1.884	0	0	0.3389
38	5	1.612	0	0	0.09138
38	5	5.828	0	0	-0.5328
38	5	5.303	1	1	1.13
38	5	1.011	0	0	-0.495
38	5	0.3875	0	0	0.5879
38	5	5.562	0	0	-0.1414
38	5	0.5434	1	1	-0.5979
38	5	3.59	1	1	-0.2681
38	5	1.882	0	0	0.131
38	5	1.005	0	1	-0.02871
38	5	1.112	1	1	-0.5088
38	5	3.397	1	1	-0.6316
38	5	3.729	0	0	-0.7294
38	5	1.743	1	1	-1.079
38	5	0.5581	0	0	0.1574
38	5	5.522	1	1	-0.6745
38	5	5.413	1	1	-0.6983
38	5	0.8047	0	0	0.02052
38	5	0.492	1	0	1.026
38	5	3.731	0	0	-1.439
38	5	1.995	0	0	-0.06122
38	5	0.5642	1	1	0.3356
38	5	5.699	0	0	-0.8074
38	5	1.868	1	1	-0.5476
38	5	0.3915	0	0	2.087
38	5	3.761	0	0	-0.006561
38	5	1.491	1	1	-0.354
38	5	3.467	1	1	-0.2612
38	5	0.7916	1	0	0.8329
38	5	0.2718	0	0	0.7992
38	5	0.9069	0	0	0.1517
38	5	0.5107	0	1	-0.5009
38	5	5.428	0	0	0.008833
38	5	0.7748	1	1	-0.1357
38	5	5.575	1	1	-0.812
38	5	0.5094	1	1	0.07597
38	5	3.095	0	0	-1.03
38	5	5.268	0	0	-0.6722
38	5	1.02	0	0	-0.8538
38	5	3.346	1	1	-0.3377
38	5	4.986	1	1	0.01015
38	5	1.018	0	0	0.01161
38	5	0.9085	1	1	-0.5206
39	5	5.703	1	1	-1.8
39	5	5.44	0	0	-0.4663
39	5	5.65	1	1	-0.819
39	5	0.6902	1	0	0.3043
39	5	3.585	1	1	0.6291
39	5	0.6003	1	1	2.637
39	5	0.5159	0	1	3.23
39	5	2.087	1	1	-0.7411
39	5	1.047	0	0	-1.906
39	5	0.8409	0	1	1.103
39	5	2.034	1	1	0.258
39	5	1.369	1	1	-0.3023
39	5	0.4769	1	1	-0.3737
39	5	5.317	0	0	-0.8526
39	5	1.126	0	0	1.455
39	5	3.486	1	1	0.9637
39	5	3.606	1	1	-0.1024
39	5	1.532	0	0	-0.342
39	5	0.4083	0	0	1.749
39	5	2.005	1	1	0.03518
39	5	0.8704	1	1	0.4354
39	5	0.6877	0	0	0.7914
39	5	0.6562	1	0	3.027
39	5	3.884	1	1	-0.4101
39	5	3.447	0	0	-0.5542
39	5	0.9552	1	1	-0.2544
39	5	0.62	1	1	-0.9176
39	5	3.828	1	1	-0.8846
39	5	3.728	1	1	-0.9746
39	5	3.621	0	0	-0.1732
39	5	5.248	1	1	-0.4473
39	5	0.4297	0	0	0.6328
39	5	0.7002	0	0	1.083
39	5	0.466	1	0	-0.6763
39	5	0.5928	0	0	0.1124
39	5	5.431	0	0	-0.7562
39	5	3.36	0	0	-0.8698
39	5	1.985	0	0	-0.9809
39	5	0.6471	0	0	1.247
39	5	3.457	1	1	-0.9524
39	5	5.432	1	1	-0.3803
39	5	1.32	0	1	1.028
39	5	0.2441	0	0	-0.239
39	5	1.743	0	0	-0.03858
39	5	1.629	0	0	-0.07832
39	5	5.469	0	0	0.4873
39	5	1.666	1	1	0.0652
39	5	5.395	0	0	-0.9489
39	5	5.214	1	1	-0.5268
39	5	1.537	1	0	0.8122
40	6	1.049	0	1	-1.588
40	6	5.426	0	0	-1.922
40	6	5.084	0	0	1.186
40	6	3.609	1	1	-1.382
40	6	1.228	0	1	1.89
40	6	0.5269	1	1	-0.5298
40	6	0.5643	0	1	0.8952
40	6	2.029	0	1	-0.9748
40	6	3.663	1	1	0.9596
40	6	3.753	1	1	0.3508
40	6	5.397	1	1	-0.1537
40	6	0.9427	1	1	-0.262
40	6	3.491	1	1	-0.9009
40	6	1.755	0	0	-0.4719
40	6	0.6816	1	1	-0.2487
40	6	1.213	1	1	1.108
40	6	5.572	0	0	-1.155
40	6	3.427	1	1	-0.4087
40	6	0.7368	1	1	0.6924
40	6	1.936	0	0	-0.4561
40	6	0.6388	0	0	-0.3318
40	6	5.197	0	0	-0.7624
40	6	0.9547	0	0	0.1708
40	6	3.3	1	1	1.139
40	6	3.839	1	1	2.761
40	6	2.036	1	1	-0.3355
40	6	1.576	0	0	-0.135
40	6	3.884	1	1	-0.1839
40	6	0.8423	0	0	0.1647
40	6	1.556	0	0	0.04467
40	6	0.4845	0	0	-0.8085
40	6	1.018	1	1	0.5721
40	6	1.215	1	0	-0.3714
40	6	5.362	1	1	-0.9204
40	6	0.6835	0	0	-0.9323
40	6	3.661	1	1	-0.9561
40	6	3.495	0	0	-1.045
40	6	1.744	0	0	-0.2655
40	6	0.3723	1	1	-0.9457
40	6	5.543	1	1	0.06439
40	6	1.055	1	0	-0.7943
40	6	0.5661	0	0	0.02449
40	6	5.362	1	1	-0.8499
40	6	5.454	0	0	-1.089
40	6	1.926	0	0	-1.018
40	6	1.698	1	1	-0.576
40	6	1.533	0	0	-0.5087
40	6	0.9325	0	0	-0.6237
40	6	0.5942	1	1	-0.1284
41	6	5.266	0	0	-0.5779
41	6	5.558	1	1	-1.345
41	6	1.588	0	0	-0.07251
41	6	0.5239	1	1	1.425
41	6	2.172	0	0	0.09931
41	6	1.579	0	0	-0.02043
41	6	1.257	1	1	-0.5738
41	6	3.478	0	0	-0.1743
41	6	1.714	1	1	-0.578
41	6	5.445	0	0	-0.7797
41	6	3.845	1	1	-0.002448
41	6	5.532	1	1	-0.03065
41	6	3.649	1	1	-0.5712
41	6	1.07	1	1	-0.171
41	6	1.975	1	1	-0.5373
41	6	0.3058	0	0	-0.2095
41	6	0.1087	1	1	-0.2918
41	6	1.382	0	0	-0.4778
41	6	1.039	0	0	-0.4441
41	6	0.3396	1	0	0.1359
41	6	3.478	0	0	-0.4752
41	6	1.834	1	0	0.9614
41	6	3.239	1	1	-0.9587
41	6	1.048	1	0	-0.5706
41	6	1.998	1	1	1.374
41	6	0.7388	0	0	-0.002953
41	6	0.2694	0	0	0.2048
41	6	0.4736	0	0	-0.5738
41	6	1.846	0	1	1.923
41	6	0.7042	0	0	2.959
41	6	0.493	0	1	1.346
41	6	3.575	1	1	-1.534
41	6	3.661	1	1	-0.2733
41	6	5.328	1	1	-0.6708
41	6	3.753	1	1	-1.337
41	6	5.571	1	1	-0.7512
41	6	0.6532	0	0	-0.1165
41	6	0.8292	0	0	-0.5399
41	6	0.7852	1	0	2.122
41	6	0.6053	1	1	1.025
41	6	1.167	0	0	0.9619
41	6	1.103	1	1	0.2682
41	6	3.658	0	0	0.193
41	6	5.386	0	0	-0.445
41	6	0.3243	0	0	1.733
41	6	1.084	0	0	1.107
41	6	5.154	0	0	-1.479
41	6	4.898	1	1	-0.9955
41	6	3.787	1	1	-0.7471
41	6	5.576	0	0	-0.9463
42	6	0.4025	1	1	0.3056
42	6	5.28	0	0	-0.7851
42	6	5.298	0	0	-0.4171
42	6	5.216	0	0	-0.6733
42	6	0.2566	1	0	0.1253
42	6	1.676	1	1	-0.3782
42	6	3.784	0	0	0.2583
42	6	3.487	0	0	-0.5737
42	6	2.04	1	1	-0.8498
42	6	0.5751	1	1	2.054
42	6	0.5089	0	0	-0.3681
42	6	1.876	0	0	-0.3287
42	6	0.6639	1	1	0.3186
42	6	5.382	0	0	-1.527
42	6	0.6667	1	1	-0.642
42	6	3.595	0	0	-1.201
42	6	0.7229	0	0	0.4551
42	6	3.685	0	0	-1.042
42	6	1.018	1	0	3.109
42	6	0.7276	0	0	-0.1131
42	6	0.6734	0	0	0.02871
42	6	3.567	0	0	-0.2424
42	6	0.8503	0	0	-0.1341
42	6	0.3355	0	0	0.7419
42	6	0.8846	0	0	-0.02836
42	6	0.6062	0	0	-0.03762
42	6	3.774	1	1	-0.3243
42	6	0.7066	0	1	0.0267
42	6	5.386	0	0	-0.02737
42	6	3.472	1	1	-0.942
42	6	0.9326	0	0	0.9591
42	6	1.542	1	1	-0.2067
42	6	1.93	1	1	-0.2795
42	6	5.119	0	0	0.4577
42	6	5.544	1	1	-0.7442
42	6	5.548	1	1	-0.6533
42	6	5.603	0	0	0.269
42	6	1.615	1	1	-0.1022
42	6	3.612	1	1	-0.2624
42	6	0.5487	1	0	-1.464
42	6	1.669	1	1	-0.5573
42	6	1.124	1	1	0.3682
42	6	1.618	1	1	-0.9209
42	6	5.29	0	0	-0.7799
42	6	1.915	1	1	0.1473
42	6	3.801	1	1	-0.7057
42	6	0.8556	0	0	-0.1317
42	6	1.631	1	1	1.449
42	6	0.5685	1	0	-0.2352
42	6	4.019	1	1	-0.8247
43	6	0.177	1	1	-1.318
43	6	1.972	0	0	-0.9691
43	6	5.256	1	1	0.05957
43	6	0.6245	1	0	-1.859
43	6	2.006	1	1	0.1575
43	6	1.189	0	0	0.1954
43	6	0.7207	1	1	0.3163
43	6	1.89	0	0	0.5396
43	6	3.61	0	0	-0.6781
43	6	1.141	1	1	-1.003
43	6	3.486	0	0	-0.5825
43	6	4.907	0	0	-0.7366
43	6	2.148	1	1	0.2529
43	6	0.4655	1	1	-0.1786
43	6	5.153	1	1	-0.1633
43	6	1.611	0	0	-0.1727
43	6	5.361	0	0	-0.9029
43	6	3.328	1	1	-0.1646
43	6	3.635	0	0	-0.7407
43	6	3.749	0	0	-0.649
43	6	1.791	0	0	-0.3601
43	6	1.068	0	0	-0.7018
43	6	3.85	0	0	-0.4181
43	6	0.4453	1	1	0.06612
43	6	3.809	1	1	-0.4195
43	6	5.522	1	1	-0.4454
43	6	5.245	1	1	-0.1029
43	6	1.783	0	0	-0.7997
43	6	5.133	0	0	-0.5054
43	6	0.925	1	1	1.524
43	6	1.054	0	0	0.2134
43	6	0.4088	1	1	0.08775
43	6	5.85	0	0	-0.5365
43	6	0.984	0	0	0.2517
43	6	5.238	0	0	-0.8715
43	6	0.5284	0	0	-0.2798
43	6	1.893	0	0	-0.1432
43	6	1.918	1	1	0.06909
43	6	0.8038	1	1	2.273
43	6	1.757	0	0	0.01888
43	6	0.9901	1	1	0.8588
43	6	3.284	1	1	-0.3594
43	6	0.6913	0	1	3.384
43	6	1.031	1	1	0.1107
43	6	4.058	1	1	-0.8319
43	6	5.412	1	1	-0.3422
43	6	0.5211	0	1	2.882
43	6	0.3567	1	0	0.1519
43	6	3.707	1	1	-0.4997
43	6	0.6208	0	0	0.6594
44	6	1.023	0	0	-1.158
44	6	0.4419	0	0	2.006
44	6	5.129	1	1	-0.7972
44	6	0.5918	1	0	0.6762
44	6	3.526	1	1	-0.5683
44	6	0.5794	1	0	-0.396
44	6	1.877	1	1	0.386
44	6	5.469	0	0	-0.7229
44	6	0.8187	0	0	2.259
44	6	1.658	1	1	0.2646
44	6	0.7589	0	0	0.8963
44	6	0.2451	1	1	1.451
44	6	0.5882	1	0	-0.3354
44	6	1.165	1	1	-0.8971
44	6	1.902	0	0	0.194
44	6	0.4372	0	1	0.9976
44	6	0.4373	1	1	-0.8028
44	6	5.674	0	0	-0.5148
44	6	0.4612	1	1	-1.709
44	6	5.201	0	0	-0.364
44	6	1.762	1	1	-0.3469
44	6	0.6292	0	0	1.73
44	6	1.036	0	0	-0.1801
44	6	5.037	0	0	-0.3244
44	6	3.171	0	0	-0.5272
44	6	5.297	0	0	-1.237
44	6	1.69	1	1	0.6413
44	6	3.418	0	0	-1.114
44	6	2.014	0	0	-0.7363
44	6	0.7277	1	1	-0.2359
44	6	1.717	0	0	0.2906
44	6	1.732	0	0	-0.8012
44	6	0.7955	1	1	1.196
44	6	3.611	0	0	-0.2613
44	6	0.6456	1	0	1.145
44	6	0.9377	1	1	-0.8701
44	6	0.8537	1	1	0.0876
44	6	3.741	1	1	0.5833
44	6	1.982	0	0	-0.5362
44	6	5.56	1	1	-0.9071
44	6	0.542	1	1	-0.6885
44	6	1.539	1	1	-0.9962
44	6	3.659	1	1	-0.657
44	6	3.322	0	0	-0.3794
44	6	5.581	1	1	-0.05995
44	6	3.307	0	0	-0.8987
44	6	3.423	0	0	0.7135
44	6	5.441	0	0	-0.7505
44	6	3.591	1	1	-0.5228
44	6	5.015	1	1	-0.8357
45	6	0.586	1	1	-1.811
45	6	5.191	0	0	-0.6001
45	6	0.1115	0	1	0.9553
45	6	0.486	1	1	-0.3171
45	6	0.618	1	0	0.309
45	6	0.8348	1	1	0.1516
45	6	3.65	0	0	-1.34
45	6	5.183	1	1	0.03618
45	6	0.7702	0	0	-0.2036
45	6	2.03	0	0	0.2313
45	6	5.438	1	1	-0.8985
45	6	0.909	0	0	0.8309
45	6	0.5521	1	0	2.403
45	6	1.323	0	0	0.8503
45	6	5.37	1	1	-0.02077
45	6	4.908	0	0	-1.969
45	6	1.905	0	0	-0.07914
45	6	1.498	0	0	0.3828
45	6	1.001	1	1	1.705
45	6	3.784	0	0	-1.871
45	6	0.94	0	0	-0.8634
45	6	0.6739	0	0	-0.8449
45	6	3.659	1	1	-0.525
45	6	5.585	0	0	-0.1639
45	6	0.8085	0	0	-1.409
45	6	3.678	1	1	-0.6221
45	6	3.672	1	1	-1.293
45	6	1.646	1	1	-0.6249
45	6	3.823	1	1	-0.662
45	6	0.6566	1	1	-0.4145
45	6	1.634	1	0	2.755
45	6	3.983	1	1	-0.5722
45	6	0.259	0	0	-0.5462
45	6	0.5407	0	1	1.094
45	6	3.752	1	1	0.2041
45	6	1.864	1	1	0.2121
45	6	3.697	0	0	-0.6209
45	6	0.4758	1	0	3.078
45	6	5.117	0	0	0.133
45	6	5.335	1	1	-0.3628
45	6	5.554	1	1	-0.07584
45	6	0.9599	0	0	-0.4863
45	6	1.845	0	0	-0.3756
45	6	0.8741	0	0	0.873
45	6	1.68	1	1	0.1662
45	6	5.378	0	0	-0.6479
45	6	0.604	0	1	0.1413
45	6	1.205	0	0	-0.6579
45	6	2.051	0	0	-0.4368
45	6	3.267	1	1	-0.549
46	6	0.3984	0	1	2.346
46	6	1.554	0	0	-0.4977
46	6	0.2922	0	1	0.3577
46	6	5.505	1	1	-1.024
46	6	1.168	1	1	-0.4574
46	6	0.8015	0	0	-1.316
46	6	3.255	0	0	-1.498
46	6	0.3399	1	0	5.508
46	6	3.568	1	1	-1.266
46	6	5.39	0	0	0.1405
46	6	0.6946	0	0	-0.2442
46	6	0.6183	0	0	0.228
46	6	3.315	1	1	-0.1506
46	6	5.49	1	1	-0.8974
46	6	1.922	1	1	1.669
46	6	3.589	1	1	0.6223
46	6	0.4789	0	1	1.096
46	6	3.294	0	0	-1.695
46	6	0.6618	0	0	-0.02406
46	6	0.6573	1	1	-0.6715
46	6	5.447	1	1	-1.19
46	6	3.624	0	0	-0.9939
46	6	0.9559	1	0	0.5055
46	6	1.528	0	0	-0.05036
46	6	0.2036	0	0	-0.6416
46	6	1.547	1	1	0.663
46	6	1.074	0	1	1.001
46	6	1.106	1	1	-0.1906
46	6	5.59	1	1	-0.6643
46	6	0.3972	1	1	0.3242
46	6	1.989	0	0	-1.628
46	6	1.559	1	1	0.5098
46	6	5.368	1	1	-0.2384
46	6	3.242	0	0	-0.5956
46	6	1.275	1	0	2.193
46	6	5.45	0	0	-0.9947
46	6	2.095	1	1	-0.4265
46	6	1.123	0	1	0.2594
46	6	3.497	0	0	-0.3565
46	6	5.373	0	0	-0.1162
46	6	0.722	1	1	-0.3235
46	6	1.94	1	1	0.06642
46	6	3.517	0	0	-0.4305
46	6	1.104	0	0	-0.6018
46	6	5.386	0	0	-0.6637
46	6	5.626	0	0	-0.4908
46	6	1.529	1	1	0.5296
46	6	3.372	0	0	-0.5237
46	6	0.4382	1	1	0.07636
46	6	1.749	1	1	-0.9779
47	6	0.8397	0	0	1.14
47	6	0.407	1	1	-0.2216
47	6	3.663	1	1	-0.336
47	6	2.096	0	0	-0.07491
47	6	1.637	0	0	-1.245
47	6	0.2485	1	1	1.737
47	6	5.495	0	0	0.1576
47	6	1.621	0	0	1.138
47	6	3.506	0	0	0.9439
47	6	0.7332	1	0	-0.2722
47	6	1.205	1	1	-0.4632
47	6	0.9951	0	1	-0.6502
47	6	5.297	0	0	-0.7553
47	6	5.61	0	0	-0.8172
47	6	3.115	1	1	-0.4374
47	6	0.5688	1	1	-1.261
47	6	1.617	1	1	-0.195
47	6	5.436	0	0	-0.4509
47	6	3.476	0	0	-0.3554
47	6	0.2069	1	0	-1.183
47	6	0.3218	0	1	0.5584
47	6	0.3545	1	1	0.08057
47	6	5.042	0	0	-1.452
47	6	0.8479	1	1	-0.781
47	6	1.603	1	1	0.06487
47	6	3.601	1	1	0.2023
47	6	1.154	1	1	1.809
47	6	0.8462	1	1	-0.3728
47	6	0.1605	0	1	-0.6266
47	6	0.7259	1	1	1.261
47	6	5.393	1	1	-0.2305
47	6	3.81	0	0	0.5391
47	6	5.266	1	1	-0.6412
47	6	1.769	1	1	-0.5792
47	6	5.205	1	1	0.07299
47	6	1	1	0	2.811
47	6	3.618	0	0	-0.3778
47	6	1.836	0	0	-0.3749
47	6	0.3462	0	1	-0.7193
47	6	1.923	1	0	-1.203
47	6	0.22	0	0	0.3776
47	6	0.9135	1	1	0.3925
47	6	3.564	0	0	-1.411
47	6	3.344	0	0	-0.5567
47	6	0.393	1	0	-0.2449
47	6	1.753	0	0	-0.54
47	6	3.895	1	1	-0.9971
47	6	1.879	0	0	-1.62
47	6	5.389	0	0	-0.6914
47	6	5.266	1	1	0.2484
48	6	1.685	1	1	-1.207
48	6	3.636	1	1	-0.4449
48	6	0.4072	1	1	0.9815
48	6	1.82	1	1	-0.4917
48	6	3.551	1	1	-0.8112
48	6	1.841	1	1	0.2782
48	6	1.906	0	0	-0.2435
48	6	1.874	0	0	-0.7797
48	6	5.534	0	0	-1.36
48	6	5.536	1	1	0.0888
48	6	0.9087	0	0	-0.3885
48	6	0.4903	0	0	0.4761
48	6	5.293	0	0	-0.1987
48	6	0.4847	1	1	1.841
48	6	3.623	1	1	-0.3352
48	6	1.483	0	0	1.933
48	6	0.8056	0	0	-0.6859
48	6	0.8828	1	1	-0.6027
48	6	3.623	1	1	-1.068
48	6	3.733	0	0	-0.6404
48	6	1.661	1	1	1.005
48	6	0.5744	0	0	-0.2413
48	6	5.224	1	1	0.08463
48	6	5.247	1	1	-0.1381
48	6	1.15	0	0	-1.107
48	6	0.5148	1	0	-0.8303
48	6	3.792	0	0	-0.6187
48	6	1.69	0	1	0.1951
48	6	0.6338	1	1	-0.4482
48	6	5.37	0	0	-1.088
48	6	1.745	1	1	-1.758
48	6	0.2018	0	0	2.731
48	6	3.406	0	0	0.4683
48	6	2.114	1	1	-0.5155
48	6	3.625	1	1	-1.46
48	6	0.5171	1	1	-0.5524
48	6	0.2246	0	0	0.04086
48	6	0.8234	0	0	-1.182
48	6	0.2225	0	0	1.703
48	6	5.681	0	0	-0.8313
48	6	0.7762	1	1	-0.6745
48	6	5.682	1	1	-0.3569
48	6	0.9849	1	0	-0.9648
48	6	3.568	0	0	-0.5865
48	6	5.238	0	0	-0.9043
48	6	1.161	0	0	1.329
48	6	3.69	1	1	-0.5741
48	6	5.383	1	1	-1.099
48	6	0.9321	0	0	-0.03663
48	6	0.9365	1	0	2.155
49	6	5.592	1	1	-2.054
49	6	5.294	0	0	-1.372
49	6	5.281	1	1	-0.55
49	6	0.4846	1	1	-0.4508
49	6	3.626	1	1	-0.5547
49	6	0.5998	1	1	-0.7571
49	6	0.3799	0	0	0.2159
49	6	1.603	1	1	0.3068
49	6	0.9936	0	0	-0.2589
49	6	1.082	0	0	-0.5363
49	6	1.839	1	1	0.2907
49	6	1.727	1	1	-0.9681
49	6	0.4908	1	1	-0.7335
49	6	5.607	0	0	-1.134
49	6	1.392	0	0	-0.8884
49	6	3.361	1	1	-0.3224
49	6	3.42	1	1	-1.504
49	6	1.829	0	0	0.4537
49	6	0.7075	0	0	-0.1636
49	6	1.697	1	1	-1.004
49	6	0.4802	1	1	1.784
49	6	0.6063	0	0	-0.6931
49	6	0.3791	1	0	-0.7126
49	6	3.577	1	1	-0.808
49	6	3.431	0	0	-1.68
49	6	0.7453	1	1	-0.682
49	6	0.6425	1	1	1.859
49	6	3.479	1	1	-0.4452
49	6	3.158	1	1	-2.169
49	6	3.697	0	0	-0.6761
49	6	5.51	1	1	-0.07191
49	6	0.6689	0	1	-1.458
49	6	1.114	0	0	0.003886
49	6	0.5664	1	1	-0.5332
49	6	0.7473	0	1	0.7562
49	6	5.483	0	0	-0.7159
49	6	3.627	0	0	-0.8596
49	6	1.889	0	0	-1.487
49	6	0.1823	0	0	-0.7439
49	6	3.382	1	1	-0.9865
49	6	5.699	1	1	-0.4326
49	6	0.6589	0	0	1.438
49	6	0.4251	0	1	2.235
49	6	1.953	0	0	-0.1258
49	6	2.016	0	0	-0.5797
49	6	5.275	0	0	-0.1229
49	6	1.643	1	1	0.06497
49	6	5.031	0	0	-1.319
49	6	5.284	1	1	-1.126
49	6	2.193	1	1	-1.293
