0	2	1.047	0	0	1.573
0	2	5.437	0	0	-1.027
0	2	5.098	0	0	-0.9353
0	2	3.613	1	1	-0.3142
0	2	1.223	0	1	-1.551
0	2	0.4872	1	1	-1.215
0	2	0.565	0	1	0.5872
0	2	2.032	0	0	0.3739
0	2	3.676	1	1	-1.114
0	2	3.755	1	1	-0.4436
0	2	5.413	1	1	0.2447
0	2	0.958	1	0	1.93
0	2	3.5	1	0	0.02672
0	2	1.758	0	0	0.001524
0	2	0.6838	1	0	0.638
0	2	1.214	1	0	0.6412
0	2	5.58	0	0	0.1797
0	2	3.428	1	1	-0.02165
0	2	0.7391	1	0	1.183
0	2	1.813	0	0	0.4568
0	2	0.9604	0	0	-0.2998
0	2	5.32	0	0	-0.8291
0	2	0.9147	0	0	-0.08551
0	2	3.863	1	1	-1.922
0	2	3.766	1	1	-0.2246
0	2	1.639	1	1	-0.5311
0	2	1.77	0	0	0.5016
0	2	3.623	1	1	-0.2031
0	2	0.8555	0	0	-1.9
0	2	1.569	0	0	-0.7533
0	2	5.271	0	0	0.1285
0	2	0.1348	0	0	0.5688
0	2	0.8891	1	1	0.5974
0	2	1.222	1	0	-0.4313
0	2	5.36	1	1	0.2524
0	2	0.6794	0	1	1.368
0	2	3.659	1	1	-1.233
0	2	3.499	0	0	-1.124
0	2	1.747	0	1	-0.2095
0	2	0.3728	1	1	-0.01584
0	2	5.546	1	1	-1.815
0	2	1.061	1	0	-0.01159
0	2	0.569	0	0	-0.4666
0	2	5.364	1	1	0.3653
0	2	5.464	0	0	0.2783
0	2	1.938	0	0	2.312
0	2	1.694	1	1	-0.4417
0	2	1.527	0	0	1.081
0	2	0.9318	0	0	-1.252
0	2	0.5905	1	0	-0.1899
1	2	5.511	0	0	1.699
1	2	5.646	1	1	0.5011
1	2	1.941	0	0	0.08495
1	2	0.373	1	1	0.2488
1	2	2.066	0	0	0.1814
1	2	1.585	0	0	0.7664
1	2	1.896	1	1	0.2536
1	2	3.596	0	0	-0.731
1	2	2.026	1	1	-1.856
1	2	5.173	0	0	0.6047
1	2	3.654	1	1	-1.504
1	2	5.364	1	1	0.3553
1	2	3.354	1	1	0.03225
1	2	0.7523	1	1	0.3513
1	2	2.099	1	1	0.9865
1	2	0.5125	0	1	0.4906
1	2	0.0396	1	0	0.5607
1	2	1.651	0	0	-0.5303
1	2	1.023	0	0	0.4394
1	2	0.4661	1	1	1.269
1	2	3.503	0	0	-0.5529
1	2	1.582	1	0	-0.7975
1	2	3.645	1	1	0.1086
1	2	1.255	1	1	0.009309
1	2	1.787	1	0	0.1064
1	2	0.6345	0	0	-0.2809
1	2	0.2917	0	0	1.566
1	2	0.132	0	1	-0.3214
1	2	1.759	0	0	-0.04996
1	2	0.345	0	1	-0.5048
1	2	0.3814	0	0	0.9869
1	2	3.384	1	1	-0.8679
1	2	3.507	1	1	-1.106
1	2	5.063	1	1	-0.1549
1	2	3.792	1	1	-0.786
1	2	5.47	1	1	-0.2005
1	2	0.8103	0	0	-0.8408
1	2	1.148	0	1	-1.486
1	2	0.507	1	1	-0.2586
1	2	0.7978	1	0	0.5113
1	2	1.121	0	1	0.143
1	2	1.29	1	0	-0.5176
1	2	3.429	0	0	0.4851
1	2	5.505	0	0	2.356
1	2	0.5677	0	0	-2.465
1	2	0.8043	0	1	-0.1133
1	2	5.442	0	0	1.433
1	2	5.773	1	1	1.131
1	2	3.543	1	1	0.09131
1	2	5.633	0	0	-2.568
2	2	0.3979	1	0	1.353
2	2	5.105	0	0	-0.4642
2	2	5.422	0	0	-1.459
2	2	5.166	0	0	-0.658
2	2	0.581	1	1	-0.07894
2	2	1.763	1	1	-0.3372
2	2	3.614	0	0	-0.8572
2	2	3.325	0	1	0.4185
2	2	1.584	1	1	-0.6779
2	2	0.4615	1	1	1.329
2	2	0.2109	0	0	-1.157
2	2	1.731	0	1	-0.1647
2	2	0.9994	1	0	-0.6042
2	2	5.494	0	0	-0.8571
2	2	0.9287	1	0	-0.1356
2	2	3.843	0	0	2.151
2	2	0.6355	0	1	0.7276
2	2	4.022	0	0	0.1173
2	2	1.05	1	1	-0.1165
2	2	0.3482	0	0	-0.3624
2	2	0.6981	0	1	0.2776
2	2	3.633	0	0	-0.437
2	2	1.038	0	1	-0.2868
2	2	0.4778	0	1	-0.6315
2	2	0.8754	0	0	0.5529
2	2	0.5309	0	0	0.2155
2	2	3.629	1	0	-0.008915
2	2	0.7028	0	0	-0.007728
2	2	5.064	0	1	-0.1055
2	2	3.405	1	1	-0.4126
2	2	0.8011	0	1	-0.03162
2	2	1.86	1	1	2.484
2	2	1.759	1	1	-0.28
2	2	5.432	0	0	3.5
2	2	5.396	1	1	0.2661
2	2	5.765	1	1	1.06
2	2	5.238	0	0	0.03678
2	2	1.838	1	1	-0.7762
2	2	3.799	1	1	-0.5303
2	2	0.1435	1	0	0.267
2	2	1.77	1	1	1.056
2	2	0.6763	1	0	0.0503
2	2	1.822	1	1	-0.04551
2	2	5.313	0	0	0.2254
2	2	1.871	1	1	1.288
2	2	3.502	1	1	0.2356
2	2	0.5415	0	0	0.1768
2	2	1.834	1	1	-0.01763
2	2	1.126	1	0	-0.6843
2	2	3.092	1	1	1.086
3	2	0.4174	1	1	1.158
3	2	1.359	0	0	-0.4545
3	2	5.331	1	1	-1.655
3	2	0.1289	1	0	-0.9919
3	2	1.537	1	0	-0.02255
3	2	1.152	0	0	-0.7176
3	2	0.6697	1	0	0.805
3	2	1.288	0	1	-0.9816
3	2	3.684	0	0	-1.093
3	2	0.6658	1	0	-0.104
3	2	3.755	0	0	-1.08
3	2	5.198	0	0	-0.863
3	2	1.8	1	0	0.2342
3	2	0.8316	1	0	-0.3713
3	2	5.787	1	0	-1.172
3	2	1.731	0	0	-0.2473
3	2	5.613	0	0	-0.625
3	2	3.517	1	1	0.8106
3	2	3.822	0	0	0.7159
3	2	3.706	0	0	1.086
3	2	1.707	0	0	1.389
3	2	0.828	0	0	0.6997
3	2	3.59	0	0	1.075
3	2	0.7858	1	0	-0.7949
3	2	3.839	1	1	0.3984
3	2	5.175	1	1	-0.4001
3	2	5.424	1	1	1.437
3	2	1.511	0	0	-1.729
3	2	5.594	0	0	0.6056
3	2	1.028	1	0	-0.1063
3	2	0.9382	0	0	-0.1319
3	2	0.4863	1	1	2.18
3	2	5.351	0	0	-0.9067
3	2	1.113	0	0	1.023
3	2	5.38	0	0	0.8701
3	2	0.4902	0	0	-1.039
3	2	1.653	0	0	-1.789
3	2	2.102	1	0	-0.2
3	2	0.9581	1	1	1.101
3	2	2.224	0	0	-0.6103
3	2	0.8516	1	1	0.5671
3	2	3.495	1	1	2.489
3	2	0.24	0	1	0.377
3	2	0.9332	1	0	0.2089
3	2	3.568	1	1	1.77
3	2	5.674	1	1	-0.9862
3	2	0.3943	0	0	0.358
3	2	0.4207	1	1	-0.06453
3	2	3.438	1	1	0.508
3	2	0.6883	0	0	-0.1473
4	2	0.9306	0	1	1.884
4	2	0.7836	0	1	1.298
4	2	5.414	1	1	0.1137
4	2	0.2244	1	0	-0.724
4	2	3.419	1	0	1.375
4	2	0.4952	1	0	0.2576
4	2	1.919	1	1	0.2967
4	2	5.553	0	0	1.836
4	2	0.6643	0	1	1.998
4	2	1.877	1	1	0.4424
4	2	0.6752	0	1	0.4055
4	2	0.5519	1	0	0.2665
4	2	0.6732	1	0	0.2436
4	2	1.106	1	1	-0.0173
4	2	1.955	0	0	0.563
4	2	0.6682	0	0	1.056
4	2	0.3597	1	0	0.6352
4	2	5.18	0	0	-0.08773
4	2	0.4794	1	1	1.053
4	2	5.346	0	0	-0.1633
4	2	1.789	1	1	-0.9139
4	2	0.762	0	0	1.917
4	2	0.8943	0	1	0.3621
4	2	5.532	0	0	-0.6636
4	2	3.869	0	1	0.5222
4	2	5.409	0	0	0.6461
4	2	1.772	1	0	0.3068
4	2	3.628	0	0	0.5437
4	2	1.858	0	0	1.68
4	2	0.7221	1	0	-1.162
4	2	1.81	0	0	0.02394
4	2	1.653	0	1	0.2743
4	2	1.001	1	1	-0.8849
4	2	4.163	0	0	-0.1741
4	2	0.4275	1	0	1.526
4	2	0.9131	1	0	1.116
4	2	0.8218	1	1	0.2061
4	2	3.675	1	1	-0.6057
4	2	1.985	0	0	1.816
4	2	5.122	1	1	1.848
4	2	0.2043	1	0	-0.02976
4	2	1.567	1	1	-0.2646
4	2	3.85	1	1	-4.812
4	2	3.55	0	0	1.623
4	2	5.555	1	1	-0.521
4	2	3.731	0	0	0.5111
4	2	3.517	0	1	-1.206
4	2	5.195	0	0	-0.2668
4	2	3.508	1	1	0.501
4	2	5.558	1	1	-0.2539
5	2	0.5893	1	1	0.6774
5	2	5.472	0	0	0.2621
5	2	0.4226	0	0	-0.6508
5	2	0.4766	1	1	-0.7946
5	2	0.6139	1	1	-0.613
5	2	0.4836	1	0	-0.5621
5	2	3.832	0	0	0.5397
5	2	5.07	1	1	0.1209
5	2	0.7265	0	0	-0.669
5	2	1.912	0	0	0.04844
5	2	5.378	1	1	0.2158
5	2	0.8194	0	1	0.5372
5	2	0.2819	1	0	1.674
5	2	1.943	0	0	0.9316
5	2	5.551	1	1	0.903
5	2	5.935	0	0	-0.7999
5	2	1.549	0	0	1.377
5	2	1.096	0	1	0.7279
5	2	0.8128	1	1	-2.074
5	2	3.531	0	0	-0.458
5	2	0.867	0	1	0.2759
5	2	0.1574	1	1	-0.3099
5	2	3.789	1	1	0.1003
5	2	5.396	0	0	-1.087
5	2	1.092	0	1	-0.2995
5	2	3.331	1	1	-0.8449
5	2	3.639	1	1	0.03468
5	2	1.44	1	1	-0.02415
5	2	3.485	1	1	-0.4261
5	2	0.1203	1	1	0.1724
5	2	2.053	1	0	0.4279
5	2	3.751	1	1	-0.3714
5	2	0.3202	0	0	-0.4353
5	2	0.1603	0	0	0.13
5	2	3.536	1	1	-0.4256
5	2	1.683	1	1	-1.062
5	2	3.509	0	0	0.2258
5	2	0.6185	1	0	-0.1482
5	2	5.382	0	0	0.2002
5	2	5.709	1	1	1.655
5	2	5.657	1	1	0.4705
5	2	1.066	0	0	1.625
5	2	1.778	0	0	-0.2567
5	2	0.9613	0	0	0.8108
5	2	1.723	1	0	0.3218
5	2	5.805	0	0	0.3846
5	2	0.1015	0	0	1.246
5	2	0.4871	0	0	-1.625
5	2	1.773	0	1	0.03979
5	2	3.568	1	1	-0.4857
6	2	0.5294	0	1	3.128
6	2	1.474	0	0	0.3757
6	2	0.2435	0	0	0.6569
6	2	5.365	1	1	0.4914
6	2	0.8539	1	1	0.8446
6	2	0.6843	0	0	1.307
6	2	3.524	0	0	0.1394
6	2	0.5962	1	0	0.175
6	2	3.54	1	1	0.02906
6	2	5.309	0	0	-0.9673
6	2	1.168	0	0	-1.391
6	2	0.5941	0	0	1.394
6	2	3.298	1	0	1.142
6	2	4.959	1	1	1.085
6	2	1.838	1	1	0.4778
6	2	4.119	1	1	0.0756
6	2	0.6354	0	1	0.2281
6	2	2.887	0	0	0.06013
6	2	0.2999	0	1	1.739
6	2	0.8119	1	0	-0.5683
6	2	5.715	1	1	0.7288
6	2	3.347	0	0	1.018
6	2	0.8998	1	0	0.9963
6	2	1.997	0	0	-0.2987
6	2	0.3773	0	0	0.8738
6	2	1.671	1	0	-1.305
6	2	1.134	0	0	-0.2363
6	2	1.202	1	0	-2.098
6	2	5.375	1	1	-0.1848
6	2	0.2824	1	0	-0.4461
6	2	2.059	0	0	-0.2124
6	2	1.884	1	1	-0.365
6	2	5.201	1	1	0.3353
6	2	3.895	0	0	-0.3401
6	2	0.5614	1	1	0.2719
6	2	5.413	0	0	0.2301
6	2	1.401	1	1	-0.009278
6	2	0.821	0	0	0.23
6	2	3.372	0	0	0.3517
6	2	5.318	0	0	0.2468
6	2	0.07288	1	1	1.451
6	2	1.679	1	1	-0.2965
6	2	3.751	0	0	-0.2453
6	2	0.6334	0	0	-0.801
6	2	5.233	0	0	-0.5207
6	2	5.321	0	0	-0.08831
6	2	1.846	1	1	2.015
6	2	3.454	0	0	0.237
6	2	0.1023	1	0	0.06724
6	2	1.762	1	1	0.1604
7	2	0.7137	0	0	2.31
7	2	0.2008	1	1	-0.0234
7	2	3.517	1	1	0.01544
7	2	1.901	0	0	-0.5841
7	2	1.654	0	0	0.8715
7	2	0.1399	1	1	0.06999
7	2	5.445	0	0	-0.0544
7	2	1.706	0	0	0.3781
7	2	3.705	0	0	-1.108
7	2	1.171	1	1	0.2536
7	2	1.053	1	1	-0.6999
7	2	1.031	0	0	1.756
7	2	5.565	0	0	1.339
7	2	5.307	0	0	0.4471
7	2	3.858	1	1	1.693
7	2	0.6647	1	1	-1.072
7	2	1.559	1	1	0.2334
7	2	5.531	0	0	0.3847
7	2	3.34	0	0	-0.3284
7	2	0.522	0	0	1.79
7	2	0.4734	0	1	1.276
7	2	0.4289	1	1	-1.677
7	2	5.347	0	0	-0.6798
7	2	1.276	1	0	0.1659
7	2	2.052	1	1	0.6262
7	2	3.504	1	1	0.7811
7	2	0.6019	1	0	1.384
7	2	0.9553	1	1	1.154
7	2	0.4168	0	1	-0.9085
7	2	1.094	1	1	0.9609
7	2	4.962	1	1	0.9159
7	2	3.581	0	0	-1.658
7	2	5.6	1	1	-0.6143
7	2	1.441	1	1	-2.73
7	2	5.263	1	1	0.236
7	2	0.7614	1	1	-0.04434
7	2	3.789	0	0	1.245
7	2	1.627	0	0	-0.207
7	2	0.5834	0	1	1.473
7	2	1.745	1	1	-0.1619
7	2	0.5611	0	1	0.9889
7	2	0.9559	1	1	-1.845
7	2	3.858	0	0	0.4779
7	2	3.734	0	0	1.346
7	2	0.247	1	0	0.8982
7	2	1.804	0	0	1.14
7	2	3.737	1	1	-0.7156
7	2	1.432	0	0	-1.601
7	2	5.634	0	0	-1.793
7	2	5.7	1	1	0.2595
8	2	2.279	1	1	2.573
8	2	3.899	1	1	1.257
8	2	0.1865	0	0	0.07511
8	2	2	1	1	0.5399
8	2	3.615	1	1	-0.8497
8	2	1.735	1	1	0.3834
8	2	2.003	0	0	-0.8181
8	2	2.035	0	1	-0.9449
8	2	5.773	0	0	-0.6519
8	2	5.278	1	1	-1.265
8	2	0.7036	0	1	-0.8851
8	2	0.6649	0	0	2.008
8	2	4.953	0	0	-1.192
8	2	0.6572	1	1	1.506
8	2	3.837	1	1	-0.6053
8	2	1.949	0	1	1.001
8	2	0.8172	0	1	0.38
8	2	1.046	1	1	1.083
8	2	3.21	1	1	2.36
8	2	3.625	0	0	-0.1621
8	2	1.755	1	1	-0.1762
8	2	0.6993	0	0	0.8082
8	2	5.43	1	1	1.061
8	2	5.508	1	1	0.4969
8	2	0.7584	0	0	-0.02265
8	2	0.4635	1	1	1.703
8	2	4.026	0	0	0.2316
8	2	2.021	0	0	-0.812
8	2	0.7292	1	0	-1.115
8	2	5.452	0	0	0.398
8	2	1.68	1	1	-0.8981
8	2	0.4967	0	1	-1.76
8	2	3.523	0	0	-0.02917
8	2	1.523	1	1	-0.2547
8	2	4.022	1	1	-0.3251
8	2	0.1396	1	0	0.9161
8	2	0.4238	0	1	2.349
8	2	0.9194	0	0	0.8187
8	2	0.4551	0	0	0.2469
8	2	5.421	0	0	0.7519
8	2	0.3905	1	0	0.2897
8	2	5.474	1	1	1.745
8	2	0.6395	1	1	-0.164
8	2	3.425	0	0	-0.02348
8	2	5.388	0	0	1.204
8	2	0.7619	0	0	-0.7899
8	2	3.606	1	1	0.6535
8	2	5.621	1	1	2.011
8	2	0.6217	0	1	-0.4063
8	2	0.8277	1	0	-1.29
9	2	5.62	1	1	2.09
9	2	5.498	0	0	0.2808
9	2	5.867	1	1	0.6132
9	2	0.5222	1	0	-0.5735
9	2	3.613	1	1	-0.1556
9	2	0.7107	1	0	0.55
9	2	0.5642	0	0	-0.2471
9	2	1.543	1	0	-0.2433
9	2	0.9737	0	0	0.1311
9	2	0.801	0	0	1.355
9	2	2.117	1	1	1.274
9	2	1.701	1	1	-1.041
9	2	0.2928	1	0	-1.417
9	2	5.338	0	0	-0.2615
9	2	0.6353	0	0	0.8444
9	2	3.815	1	1	0.5716
9	2	3.539	1	1	-0.1359
9	2	1.757	0	0	-0.9424
9	2	0.3794	0	1	0.08922
9	2	1.933	1	1	-0.6733
9	2	0.7507	1	1	0.05834
9	2	0.6159	0	0	-1.037
9	2	0.3519	1	1	-0.04219
9	2	3.854	1	1	-0.7921
9	2	3.398	0	0	-0.7012
9	2	0.8945	1	1	-0.8824
9	2	0.7474	1	1	-0.5319
9	2	4.247	1	0	-0.4656
9	2	4.137	1	1	0.1432
9	2	3.658	0	0	0.7331
9	2	5.612	1	1	0.1475
9	2	0.9751	0	0	-0.2963
9	2	1.084	0	0	0.08942
9	2	0.6116	1	1	-0.4934
9	2	1.082	0	1	0.09367
9	2	5.546	0	0	-0.7494
9	2	3.532	0	0	-0.4872
9	2	1.846	0	0	0.1656
9	2	0.1862	0	0	-0.5426
9	2	3.606	1	1	-1.694
9	2	5.311	1	1	0.6095
9	2	0.9154	0	0	0.3222
9	2	0.5229	0	0	0.2519
9	2	1.701	0	0	2.225
9	2	1.738	0	0	-0.2898
9	2	5.41	0	0	0.3433
9	2	1.785	1	1	-0.01689
9	2	5.25	0	0	0.09381
9	2	5.359	1	1	0.7766
9	2	1.87	1	1	0.4976
10	3	0.5039	1	1	1.32
10	3	3.38	1	0	0.1473
10	3	0.4287	1	1	-0.3763
10	3	1.176	0	0	-0.1453
10	3	3.616	0	0	-0.42
10	3	0.8126	0	0	-0.6152
10	3	5.271	0	0	-0.2392
10	3	1.895	1	1	-0.4389
10	3	1.176	1	1	-0.2723
10	3	5.812	1	1	-0.1391
10	3	3.479	1	1	0.1666
10	3	0.518	1	0	-0.4856
10	3	3.734	0	0	-0.8356
10	3	5.439	1	1	0.4507
10	3	1.474	0	0	-0.172
10	3	4.955	0	0	-0.001923
10	3	1.713	1	0	-0.4045
10	3	0.6072	0	0	0.3324
10	3	0.5485	1	1	-1.074
10	3	1.835	0	1	-0.4884
10	3	0.9776	1	1	-0.1952
10	3	5.669	0	0	0.4572
10	3	0.3181	1	1	0.6678
10	3	3.594	0	0	-0.6388
10	3	0.4017	1	0	0.06727
10	3	1.727	0	0	1.134
10	3	0.8325	1	1	1.577
10	3	0.8969	1	1	1.081
10	3	0.5656	1	1	-0.4496
10	3	1.506	1	1	0.7846
10	3	3.655	1	1	0.5777
10	3	0.5996	0	0	-0.6986
10	3	3.856	0	1	1.294
10	3	3.397	0	0	-0.9625
10	3	1.866	0	0	0.3041
10	3	3.802	0	0	-0.557
10	3	0.4772	0	0	-1.45
10	3	3.607	1	1	0.07412
10	3	0.7055	0	1	-0.5592
10	3	5.099	1	1	0.1047
10	3	0.7782	0	0	-0.4437
10	3	5.207	0	0	-0.2029
10	3	0.5338	0	1	-0.05883
10	3	0.08523	0	0	-0.05704
10	3	1.534	0	0	-0.7336
10	3	5.582	1	1	-2.228
10	3	5.307	0	0	0.7075
10	3	1.991	1	1	4.567
10	3	5.508	1	1	0.6837
10	3	1.644	1	1	-0.7909
11	3	0.7041	0	1	3.296
11	3	1.888	1	0	1.996
11	3	1.674	0	0	-0.1196
11	3	3.82	0	0	1.12
11	3	3.509	0	0	0.3832
11	3	0.6865	0	1	-0.7814
11	3	1.792	1	0	-1.102
11	3	5.337	1	1	-0.07927
11	3	0.5006	1	0	0.05447
11	3	5.37	1	1	0.4355
11	3	0.6957	1	1	1.827
11	3	2.018	1	1	-2.581
11	3	1.428	1	1	0.1382
11	3	1.838	0	0	1.83
11	3	1.162	1	1	0.02883
11	3	3.553	1	1	-1.445
11	3	0.1905	0	0	0.4784
11	3	0.6541	1	1	-0.8429
11	3	5.41	0	0	1.019
11	3	0.2108	0	0	-0.1241
11	3	0.789	0	0	-1.088
11	3	0.4239	0	1	-0.4638
11	3	3.503	0	0	-1.124
11	3	5.262	1	1	-1.093
11	3	0.7874	1	0	0.3538
11	3	3.508	0	0	0.2027
11	3	3.811	1	1	-0.6502
11	3	5.584	0	0	0.1402
11	3	1.917	0	1	0.1458
11	3	3.766	1	1	-0.26
11	3	2.526	0	0	-0.2499
11	3	3.811	0	0	0.9805
11	3	1.291	1	1	-0.9524
11	3	0.9028	1	0	-0.555
11	3	0.3172	1	0	0.3261
11	3	0.911	0	0	0.07256
11	3	1.827	1	1	-1.04
11	3	5.198	0	0	-3.066
11	3	5.358	1	1	1.106
11	3	3.241	1	1	1.001
11	3	0.7039	0	0	0.8695
11	3	5.024	1	1	0.9054
11	3	1.16	1	0	-0.4136
11	3	5.508	0	0	0.4167
11	3	5.285	0	0	-1.161
11	3	2.048	1	1	0.8655
11	3	1.938	0	1	0.1736
11	3	0.8302	1	0	-0.5209
11	3	3.776	1	1	-0.8237
11	3	0.8402	0	0	0.07048
12	3	3.276	0	1	1.579
12	3	0.2815	1	0	0.8763
12	3	0.2785	1	0	-0.2192
12	3	1.757	0	0	-0.4898
12	3	5.309	1	1	-0.5497
12	3	3.587	1	1	0.3634
12	3	5.287	0	0	-0.6741
12	3	0.9306	0	0	0.4185
12	3	1.885	1	1	1.143
12	3	1.318	1	1	0.5352
12	3	0.5119	1	0	0.1782
12	3	0.9655	1	1	0.5341
12	3	5.533	0	0	0.00937
12	3	3.841	0	0	-0.4375
12	3	3.285	1	1	0.2669
12	3	5.194	0	0	-0.8017
12	3	1.03	1	0	-0.5862
12	3	1.919	1	0	-0.6519
12	3	1.103	1	1	0.655
12	3	3.685	0	0	-0.7408
12	3	0.853	1	0	0.3423
12	3	0.7643	1	1	-0.1458
12	3	5.288	1	1	1.613
12	3	0.2551	0	0	-0.2663
12	3	3.571	0	0	-0.2537
12	3	5.388	1	1	0.2927
12	3	3.534	0	0	0.1306
12	3	5.278	1	1	1.317
12	3	3.442	0	0	-0.9967
12	3	1.859	1	1	0.2435
12	3	1.791	1	1	0.7846
12	3	0.9121	1	1	-0.6786
12	3	0.4448	0	0	-0.4789
12	3	0.3018	1	0	-0.9648
12	3	5.541	0	0	0.4806
12	3	1.715	0	0	-1.131
12	3	3.582	0	0	-0.8784
12	3	0.1776	0	0	-1.087
12	3	1.797	0	0	-0.5623
12	3	0.3362	0	1	0.2978
12	3	1.468	1	1	1.235
12	3	5.527	0	0	-0.05177
12	3	0.95	0	0	0.2746
12	3	5.099	0	0	-0.3296
12	3	0.5597	0	1	-0.3468
12	3	1.879	0	0	2.49
12	3	3.558	1	1	1.201
12	3	0.2482	1	0	-0.09209
12	3	1.746	0	0	-0.7095
12	3	0.7278	1	0	-0.2602
13	3	5.722	1	1	2.761
13	3	2.091	1	1	0.2419
13	3	5.674	1	1	0.1745
13	3	3.281	1	1	-0.488
13	3	2.115	0	0	0.5997
13	3	0.9241	1	1	-0.8539
13	3	0.06827	1	0	2.63
13	3	0.2738	0	1	0.4107
13	3	3.28	0	0	1.093
13	3	1.65	0	0	-1.316
13	3	1.015	1	1	-0.8879
13	3	5.56	1	1	0.3406
13	3	0.5865	0	0	0.03419
13	3	3.868	1	1	-0.3281
13	3	0.4913	1	1	0.4996
13	3	3.632	0	0	0.1391
13	3	1.949	0	0	0.163
13	3	3.621	1	1	-0.77
13	3	0.6969	0	1	-0.1627
13	3	1.81	0	0	-1.022
13	3	0.6324	0	0	0.8558
13	3	3.657	0	0	0.01474
13	3	0.5798	0	0	-0.2446
13	3	5.425	1	1	0.29
13	3	5.377	0	0	0.6401
13	3	5.329	1	1	-0.698
13	3	1.695	1	1	-1.109
13	3	0.8786	1	1	-0.2756
13	3	5.289	0	0	-0.6871
13	3	3.652	0	0	0.2572
13	3	0.3919	1	1	-0.1075
13	3	0.3936	0	0	1.608
13	3	1.69	1	1	0.144
13	3	5.718	0	0	-0.5341
13	3	5.383	1	1	-0.9072
13	3	1.103	1	0	0.1733
13	3	3.937	1	1	-1.045
13	3	1.458	0	0	-0.05404
13	3	0.7698	0	0	-0.6251
13	3	3.799	0	0	0.9061
13	3	1.096	0	1	0.8548
13	3	5.075	1	1	1.801
13	3	0.6754	0	0	2.289
13	3	1.644	0	0	1.063
13	3	1.107	1	0	-0.4292
13	3	0.8497	1	1	0.1253
13	3	0.6652	0	1	-0.5513
13	3	3.453	1	1	-0.7363
13	3	0.365	1	1	-1.183
13	3	1.877	1	1	-0.289
14	3	5.328	0	0	4.605
14	3	1.313	1	1	0.5359
14	3	1.757	0	0	0.2927
14	3	1.439	0	1	0.1312
14	3	3.958	0	0	-0.08724
14	3	1.901	1	1	-0.3748
14	3	5.592	1	1	-0.2541
14	3	5.361	0	0	0.2989
14	3	1.892	1	1	-0.02157
14	3	0.5873	1	0	-0.1049
14	3	3.464	0	0	0.148
14	3	5.505	0	0	-0.7299
14	3	1.037	1	1	-1.266
14	3	0.8091	1	1	0.9588
14	3	1.741	0	1	-0.8472
14	3	3.617	1	1	0.4683
14	3	1.967	1	1	-2.361
14	3	3.303	0	1	-0.2057
14	3	1.646	0	0	0.7394
14	3	5.505	0	0	-0.1155
14	3	0.6588	1	0	-0.3852
14	3	0.5358	0	1	-0.4412
14	3	0.3263	0	1	0.08173
14	3	0.975	1	1	0.1298
14	3	0.8129	1	0	1.035
14	3	0.4828	1	1	-1.001
14	3	0.3009	0	0	0.02746
14	3	3.383	1	1	-0.5343
14	3	5.234	1	1	0.7824
14	3	0.7451	1	1	-0.1657
14	3	3.948	0	0	-0.01733
14	3	1.232	0	0	-0.0962
14	3	3.473	0	0	0.5834
14	3	0.469	1	1	1.331
14	3	1.624	1	1	1.036
14	3	5.07	0	0	0.9434
14	3	3.654	0	0	-0.5049
14	3	5.46	0	0	0.02145
14	3	0.4122	0	0	-0.002626
14	3	5.32	0	0	1.038
14	3	5.225	1	1	2.253
14	3	1.691	0	0	0.4543
14	3	0.2366	1	1	0.2478
14	3	0.9029	1	0	-0.7385
14	3	1.731	0	0	1.409
14	3	1.748	1	0	0.6089
14	3	3.495	0	0	0.2945
14	3	3.765	1	1	3.368
14	3	1.054	1	0	-2.089
14	3	0.8552	1	1	1.443
15	3	3.518	0	0	0.4968
15	3	1.543	0	1	-0.06736
15	3	3.541	1	0	-0.6538
15	3	1.892	1	0	-1.194
15	3	1.672	1	1	-1.106
15	3	1.317	1	1	-2.789
15	3	1.911	1	1	0.6984
15	3	0.2915	0	0	-1.018
15	3	0.8714	1	1	-1.844
15	3	0.8903	0	0	0.1276
15	3	3.846	1	1	-0.4469
15	3	1.495	0	0	-0.06793
15	3	5.439	1	1	0.2498
15	3	0.9988	1	0	-0.7959
15	3	5.529	0	0	-1.72
15	3	0.9227	1	0	-0.5955
15	3	1.782	0	0	-0.4254
15	3	0.532	1	1	-0.3598
15	3	3.458	0	0	-0.273
15	3	0.4557	1	1	-0.6467
15	3	0.7404	1	0	0.4348
15	3	5.685	1	1	-0.7359
15	3	0.8202	1	1	-0.8136
15	3	0.6226	1	1	0.9263
15	3	0.3436	1	1	0.3248
15	3	3.884	0	0	0.5042
15	3	0.5658	0	0	-0.9123
15	3	1.905	0	1	0.1291
15	3	3.619	0	0	1.538
15	3	5.332	0	0	-0.2066
15	3	0.4891	0	1	-1.33
15	3	5.305	0	0	0.4896
15	3	0.6866	0	1	-0.3669
15	3	2.085	1	1	-0.8405
15	3	5.21	1	1	2.233
15	3	5.438	0	0	-2.764
15	3	5.509	0	0	0.295
15	3	0.7024	0	1	1.722
15	3	0.6047	1	0	-0.208
15	3	1.001	0	0	-0.32
15	3	3.458	1	1	0.1233
15	3	1.123	1	1	-1.09
15	3	1.007	0	0	0.7991
15	3	3.504	0	0	-1.382
15	3	3.737	0	0	-2.762
15	3	1.231	0	1	0.01683
15	3	5.658	1	1	0.2599
15	3	5.755	0	0	-0.6368
15	3	3.6	1	1	-1.022
15	3	0.5559	0	1	-0.3159
16	3	3.95	0	0	1.562
16	3	3.461	1	1	0.2039
16	3	3.997	1	1	-0.5192
16	3	5.117	1	1	0.2211
16	3	0.5252	0	0	0.06688
16	3	5.231	0	0	0.345
16	3	2.022	0	0	0.03337
16	3	5.537	1	1	-0.359
16	3	0.7538	1	1	0.1632
16	3	1.025	1	1	-0.5144
16	3	3.701	0	0	-0.1524
16	3	0.8048	1	1	1.069
16	3	0.6871	1	1	-0.1873
16	3	1.852	0	0	0.1517
16	3	0.3531	1	1	-0.1718
16	3	0.495	1	1	-1.167
16	3	0.625	0	0	-0.4338
16	3	5.401	0	0	-0.4028
16	3	1.704	1	0	0.4875
16	3	1.929	0	1	-0.3229
16	3	0.5001	0	1	-0.1192
16	3	1.769	0	0	-0.2958
16	3	5.665	0	0	0.8594
16	3	0.8048	0	1	-1.258
16	3	1.723	1	1	0.5417
16	3	5.338	1	1	0.02492
16	3	5.167	0	0	1.24
16	3	1.883	1	1	0.486
16	3	0.5761	0	0	0.2075
16	3	5.44	0	0	0.4583
16	3	5.189	1	1	1.653
16	3	3.722	1	1	-1.004
16	3	1.271	0	0	0.879
16	3	1.73	0	0	-0.4524
16	3	3.431	0	0	3.626
16	3	1.669	0	1	0.5914
16	3	3.482	1	1	-0.003122
16	3	1.018	0	0	0.3636
16	3	5.475	1	1	0.4291
16	3	0.2676	1	1	-0.03549
16	3	3.486	0	0	-1.225
16	3	0.8158	0	1	0.8786
16	3	0.5808	1	0	-1.138
16	3	1.651	1	0	1.499
16	3	1.034	1	0	-0.9076
16	3	3.446	1	1	-0.1439
16	3	0.8418	0	1	0.6196
16	3	3.727	0	0	-0.276
16	3	0.469	1	1	0.6015
16	3	0.4108	0	1	1.076
17	3	5.54	0	0	2.465
17	3	1.915	0	1	-0.2199
17	3	5.201	0	0	0.2486
17	3	0.4009	0	1	-0.7846
17	3	0.5064	0	0	-0.2599
17	3	1.506	1	0	0.6724
17	3	3.415	1	1	0.04448
17	3	1.014	0	0	0.6866
17	3	1.68	0	0	0.7273
17	3	3.414	0	0	1.25
17	3	3.592	1	1	0.1103
17	3	1.046	0	0	0.9647
17	3	1.608	0	1	-0.4667
17	3	1.844	0	1	1.799
17	3	3.635	1	1	-2.221
17	3	0.3172	1	0	-1.293
17	3	3.62	0	0	1.044
17	3	1.656	1	1	-0.7437
17	3	0.7011	0	0	0.5199
17	3	0.695	0	0	-0.5062
17	3	1.228	1	1	0.9524
17	3	1.743	1	1	1.224
17	3	0.3494	0	0	-0.01404
17	3	1.685	1	1	-1.641
17	3	0.6156	1	1	-0.1408
17	3	0.3008	0	0	-0.2017
17	3	0.3188	1	0	0.3945
17	3	5.295	0	0	-0.1252
17	3	1.003	0	0	0.2444
17	3	5.101	0	0	1.158
17	3	5.336	1	1	0.6993
17	3	1.128	1	1	0.167
17	3	3.594	0	0	0.3628
17	3	5.395	1	1	0.3293
17	3	0.7353	0	1	-0.6592
17	3	0.9845	1	1	-0.7203
17	3	5.017	1	1	-0.2133
17	3	3.978	1	1	-1.898
17	3	5.501	1	1	-1.819
17	3	5.472	1	1	-0.2524
17	3	1.739	0	0	0.1746
17	3	3.576	1	1	-1.03
17	3	5.532	1	1	-0.03554
17	3	1.676	0	1	-1.254
17	3	1.236	0	1	0.1207
17	3	0.7077	1	0	0.4131
17	3	3.941	1	1	0.7143
17	3	3.644	1	1	-0.2947
17	3	0.2139	0	0	-0.6222
17	3	0.9297	0	1	0.4584
18	3	5.437	0	0	1.608
18	3	0.2236	0	1	0.3018
18	3	2.196	0	1	0.9975
18	3	3.82	0	0	0.193
18	3	0.264	0	0	-0.2694
18	3	1.786	1	1	0.03726
18	3	3.668	1	1	0.007038
18	3	5.539	1	1	-0.6806
18	3	0.9735	0	0	0.1072
18	3	3.813	0	0	0.3857
18	3	1.079	0	1	-0.05329
18	3	3.72	0	0	-0.332
18	3	1.802	1	1	-0.2421
18	3	1.85	0	0	-0.4537
18	3	5.809	1	1	-0.1512
18	3	0.2536	0	1	-0.9577
18	3	1.988	1	1	0.03402
18	3	3.671	1	1	-0.8348
18	3	0.7485	1	0	-0.2001
18	3	0.4263	0	1	1.501
18	3	3.527	0	0	0.1238
18	3	0.6109	1	1	-2.007
18	3	0.4173	0	1	-0.004342
18	3	1.28	1	1	-0.4813
18	3	0.8348	1	0	0.2676
18	3	1.68	0	0	0.06004
18	3	3.243	1	1	-0.6679
18	3	5.44	1	1	1.537
18	3	1.062	0	0	-0.1566
18	3	0.5581	0	0	0.1624
18	3	3.51	1	1	-0.9346
18	3	1.598	0	0	0.04021
18	3	0.3024	0	0	-0.5604
18	3	0.9363	0	0	0.755
18	3	4.91	0	0	0.554
18	3	1.23	0	1	0.3603
18	3	5.216	1	1	1.802
18	3	0.7781	1	0	-0.1081
18	3	1.609	0	0	-0.5777
18	3	5.354	1	1	2.146
18	3	1.021	1	0	2.767
18	3	5.519	1	1	-0.6167
18	3	5.2	1	1	-1.481
18	3	5.699	1	1	0.2492
18	3	3.477	0	0	-0.7027
18	3	3.979	1	1	0.001735
18	3	1.873	0	1	-1.667
18	3	0.5838	1	0	1.462
18	3	1.254	1	0	-0.6603
18	3	0.4023	0	0	1.302
19	3	3.784	0	0	2.509
19	3	0.5618	0	0	0.7537
19	3	3.501	0	0	-0.1019
19	3	0.9699	0	0	-0.3436
19	3	5.686	1	1	0.8819
19	3	0.6037	1	0	-0.2821
19	3	3.558	1	1	-0.2466
19	3	0.767	1	0	-0.0228
19	3	1.69	0	0	-0.5901
19	3	1.745	0	0	-0.621
19	3	5.246	0	0	-0.5195
19	3	1.868	0	0	-0.1812
19	3	1.022	1	0	-0.2839
19	3	5.478	0	0	0.0284
19	3	0.4984	1	1	-1.183
19	3	3.873	0	0	0.5397
19	3	3.758	0	0	0.8163
19	3	5.197	1	1	-1.568
19	3	5.507	0	0	-0.3339
19	3	5.563	1	1	0.1038
19	3	0.844	0	0	2.873
19	3	1.722	1	1	0.8057
19	3	0.8056	1	1	-1.745
19	3	0.4608	0	1	0.188
19	3	0.4646	1	1	-1.544
19	3	0.6943	0	1	-0.5057
19	3	1.929	0	1	-1.334
19	3	3.375	1	1	0.2003
19	3	0.652	1	0	0.1474
19	3	1.73	1	1	-1.445
19	3	0.9642	1	1	-0.837
19	3	3.668	1	1	1.659
19	3	3.597	0	0	-0.1787
19	3	5.086	1	1	0.1592
19	3	5.182	1	1	-0.066
19	3	1.574	1	1	1.479
19	3	3.415	1	1	-1.546
19	3	0.8058	1	0	-0.0628
19	3	1.667	0	0	-1.439
19	3	0.6077	0	0	0.7386
19	3	5.541	1	1	-0.8863
19	3	0.6927	0	0	-0.6066
19	3	5.329	0	0	-0.9653
19	3	3.625	1	1	0.5391
19	3	0.6979	0	1	2.012
19	3	0.5285	0	0	-0.08259
19	3	1.735	0	0	0.3383
19	3	2.059	1	1	-0.451
19	3	0.8678	1	1	-0.3343
19	3	0.8558	0	0	0.7087
20	4	1.05	0	1	-0.134
20	4	5.429	0	0	-0.2035
20	4	5.087	0	1	-0.6637
20	4	3.609	1	1	-0.02437
20	4	1.232	0	0	-0.6414
20	4	0.4942	1	1	-0.3106
20	4	0.5659	0	0	-0.04275
20	4	2.033	0	0	0.3389
20	4	3.667	1	1	1.186
20	4	3.75	1	1	2.396
20	4	5.399	1	1	0.3958
20	4	0.9432	1	0	-0.2998
20	4	3.494	1	1	-0.3926
20	4	1.758	0	0	2.282
20	4	0.6857	1	1	-0.1601
20	4	1.212	1	1	-0.4168
20	4	5.573	0	0	0.2305
20	4	3.423	1	1	0.09396
20	4	0.74	1	1	1.453
20	4	1.932	0	0	2.703
20	4	0.6408	0	1	2.453
20	4	5.198	0	0	3.12
20	4	0.9535	0	1	-0.2317
20	4	3.299	1	1	2.262
20	4	3.839	1	1	-0.2305
20	4	2.035	1	1	0.1117
20	4	1.573	0	0	-0.2517
20	4	3.885	1	1	-0.1681
20	4	0.8454	0	1	-0.406
20	4	1.56	0	0	-0.2362
20	4	5.272	0	0	0.91
20	4	0.1204	0	1	-0.3102
20	4	0.8781	1	0	0.185
20	4	1.215	1	1	-0.7132
20	4	5.364	1	1	0.5343
20	4	0.6826	0	0	-0.655
20	4	3.657	1	1	2.462
20	4	3.493	0	0	0.2227
20	4	1.74	0	1	0.1815
20	4	0.3724	1	1	-0.2644
20	4	5.542	1	1	0.2795
20	4	1.062	1	1	0.296
20	4	0.5674	0	0	0.07907
20	4	5.358	1	1	-1.724
20	4	5.459	0	0	-0.426
20	4	1.93	0	0	1.899
20	4	1.699	1	1	-0.1011
20	4	1.534	0	0	-0.04278
20	4	0.9325	0	0	-0.2683
20	4	0.5926	1	1	-0.4122
21	4	5.472	0	0	0.3793
21	4	5.644	1	1	0.3535
21	4	1.906	0	0	0.1566
21	4	0.5513	1	1	0.3669
21	4	1.901	0	0	0.2562
21	4	1.534	0	0	-0.3766
21	4	1.764	1	1	0.6083
21	4	3.357	0	0	-0.3592
21	4	1.891	1	0	0.8217
21	4	5.557	0	0	0.1001
21	4	3.981	1	1	-1.215
21	4	5.436	1	1	0.6061
21	4	3.203	1	1	0.345
21	4	0.5054	1	1	-0.5635
21	4	1.883	1	1	0.605
21	4	0.2914	0	0	-0.2973
21	4	0.6626	1	0	-0.3137
21	4	2.066	0	1	-0.4311
21	4	1.029	0	1	-0.4345
21	4	0.4734	1	1	-0.3128
21	4	4.043	0	0	-0.04933
21	4	1.666	1	0	0.08311
21	4	3.43	1	1	2.207
21	4	0.8214	1	1	1.029
21	4	1.646	1	1	-0.0489
21	4	0.7499	0	0	0.5876
21	4	0.06104	1	0	-0.07353
21	4	0.7486	0	0	-0.4182
21	4	1.975	0	0	0.4248
21	4	0.7239	0	0	-0.7727
21	4	0.3413	0	1	-0.08869
21	4	3.859	1	1	1.23
21	4	3.82	1	1	0.3091
21	4	5.814	1	1	0.2023
21	4	3.565	1	1	0.3341
21	4	5.271	1	1	1.163
21	4	0.8167	0	0	0.3304
21	4	0.7504	0	0	-0.2078
21	4	0.7905	1	0	-0.2026
21	4	0.5092	1	0	-0.6997
21	4	0.7603	0	0	1.397
21	4	0.973	1	1	1.509
21	4	3.695	0	0	0.5308
21	4	5.214	0	0	-0.7365
21	4	0.6732	0	0	0.6047
21	4	0.8483	0	1	-0.5072
21	4	5.412	0	0	2.313
21	4	5.651	1	1	3.127
21	4	3.639	1	0	-0.1247
21	4	5.753	0	0	-2.992
22	4	0.7052	1	0	1.781
22	4	5.174	0	0	1.046
22	4	5.568	0	0	-0.04853
22	4	5.59	0	0	-0.2159
22	4	0.0891	1	0	-0.1158
22	4	1.81	1	1	0.2143
22	4	3.625	0	0	0.715
22	4	3.774	0	0	0.5666
22	4	1.874	1	1	-0.1904
22	4	0.7358	1	1	-1.608
22	4	0.3878	0	0	-0.08567
22	4	1.653	0	1	-0.04038
22	4	1.003	1	0	1.538
22	4	5.453	0	0	-0.4996
22	4	0.9971	1	1	0.216
22	4	3.57	0	0	-0.4314
22	4	0.8282	0	0	-0.2908
22	4	3.71	0	0	-1.302
22	4	0.8568	1	0	-0.8042
22	4	0.3467	0	1	-0.7678
22	4	0.7919	0	1	1.546
22	4	3.903	0	0	-0.6793
22	4	1.085	0	0	-0.2189
22	4	0.229	0	1	-0.3741
22	4	0.7591	0	0	-0.3981
22	4	0.4974	0	1	-0.4197
22	4	3.486	1	1	-0.6418
22	4	0.8453	0	1	-1.439
22	4	5.544	0	0	0.4109
22	4	3.755	1	1	0.006576
22	4	1.25	0	0	0.96
22	4	1.708	1	1	4.056
22	4	1.438	1	0	1.142
22	4	5.435	0	0	-0.05658
22	4	5.349	1	1	-0.8449
22	4	5.413	1	1	0.1341
22	4	5.224	0	0	0.1599
22	4	1.646	1	0	0.7307
22	4	3.59	1	1	-0.641
22	4	0.7677	1	1	-0.2622
22	4	1.765	1	0	-0.03761
22	4	0.8303	1	0	-0.494
22	4	1.596	1	0	-0.88
22	4	5.575	0	0	0.216
22	4	1.785	1	1	-1.123
22	4	3.772	1	1	0.3501
22	4	0.2931	0	0	0.1131
22	4	1.869	1	1	1.074
22	4	0.8071	1	1	-1.124
22	4	3.577	1	1	0.07243
23	4	0.6754	1	1	1.246
23	4	1.956	0	0	0.07141
23	4	5.366	1	1	0.1669
23	4	0.131	1	1	0.125
23	4	2.068	1	0	1.548
23	4	1.16	0	0	-0.2236
23	4	0.6195	1	0	-0.4671
23	4	1.882	0	0	-0.313
23	4	3.778	0	0	-0.2181
23	4	0.9991	1	1	-0.03795
23	4	3.811	0	0	-0.9793
23	4	5.374	0	0	-0.1513
23	4	1.716	1	1	0.07678
23	4	0.3777	1	0	-0.01449
23	4	4.928	1	1	-1.039
23	4	1.925	0	0	0.2624
23	4	5.391	0	0	-0.08803
23	4	3.747	1	1	0.6106
23	4	3.555	0	0	0.4209
23	4	3.513	0	0	-0.856
23	4	1.637	0	0	0.4497
23	4	1.054	0	0	0.08031
23	4	3.444	0	0	0.6764
23	4	0.4371	1	0	-0.8774
23	4	3.77	1	1	-0.4005
23	4	5.254	1	1	2.163
23	4	5.357	1	1	1.561
23	4	1.84	0	0	0.645
23	4	5.195	0	0	-1.704
23	4	0.8957	1	1	0.6998
23	4	0.7723	0	0	0.2671
23	4	0.4537	1	0	0.9778
23	4	4.986	0	0	1.427
23	4	1.211	0	1	-0.6812
23	4	5.561	0	0	-0.871
23	4	0.3421	0	1	-0.1038
23	4	1.944	0	0	1.88
23	4	1.78	1	0	-0.41
23	4	0.6195	1	0	-0.06746
23	4	1.75	0	0	-0.06974
23	4	0.525	1	0	-0.2701
23	4	3.836	1	1	-0.8013
23	4	0.4101	0	0	0.3681
23	4	0.9482	1	1	-0.1577
23	4	3.353	1	1	0.5894
23	4	5.315	1	1	-0.2071
23	4	0.5846	0	1	0.1877
23	4	0.7182	1	1	-0.4805
23	4	3.494	1	1	-0.8689
23	4	0.3531	0	1	0.5341
24	4	0.7987	0	1	0.882
24	4	0.3201	0	0	-0.4734
24	4	5.206	1	1	0.9073
24	4	0.3747	1	1	0.1126
24	4	3.445	1	1	2.174
24	4	0.1241	1	0	0.7436
24	4	1.9	1	1	-3.587
24	4	5.45	0	0	-0.3082
24	4	0.838	0	0	-1.454
24	4	1.676	1	1	0.254
24	4	1.121	0	0	-0.3075
24	4	0.5955	1	1	-4.239
24	4	0.2724	1	0	0.3357
24	4	1.378	1	0	3.476
24	4	1.972	0	0	0.2026
24	4	0.715	0	0	0.04475
24	4	0.375	1	1	-0.04691
24	4	5.316	0	0	-0.5543
24	4	0.3986	1	0	-0.823
24	4	5.595	0	0	-0.5986
24	4	1.757	1	1	-0.6718
24	4	1.001	0	0	-0.5446
24	4	0.8751	0	1	-0.003411
24	4	5.54	0	0	-0.16
24	4	3.803	0	0	0.3254
24	4	5.292	0	0	-0.4765
24	4	2.004	1	1	-0.6761
24	4	3.212	0	0	0.9319
24	4	1.916	0	0	1.256
24	4	0.6756	1	0	0.6208
24	4	2.016	0	0	0.03708
24	4	1.87	0	0	0.32
24	4	0.6994	1	1	0.2071
24	4	3.51	0	0	-3.784
24	4	0.8046	1	0	0.6266
24	4	0.8153	1	0	0.09322
24	4	0.9391	1	0	0.6981
24	4	3.406	1	1	1.573
24	4	1.912	0	0	0.352
24	4	5.138	1	1	-0.1312
24	4	0.3951	1	1	-0.765
24	4	1.619	1	1	0.2533
24	4	3.616	1	1	-0.3528
24	4	3.467	0	0	0.2465
24	4	5.04	1	1	-1.569
24	4	3.909	0	0	0.6027
24	4	4.002	0	0	-0.5356
24	4	5.184	0	0	0.2446
24	4	3.592	1	1	0.4327
24	4	5.156	1	1	-1.904
25	4	0.3698	1	1	0.2838
25	4	5.283	0	0	0.0216
25	4	0.2977	0	1	-0.4695
25	4	0.2058	1	1	-0.5636
25	4	0.1606	1	0	-0.7646
25	4	0.7099	1	1	-0.288
25	4	3.452	0	0	-0.09938
25	4	5.385	1	1	-0.2339
25	4	1.013	0	0	2.09
25	4	2.043	0	0	-0.5746
25	4	5.322	1	1	-0.6545
25	4	0.5023	0	0	1.076
25	4	0.6229	1	0	-0.7613
25	4	2.11	0	0	-3.477
25	4	5.664	1	1	0.1539
25	4	5.266	0	0	0.575
25	4	1.65	0	0	-0.2351
25	4	1.971	0	0	0.3147
25	4	1.488	1	0	-0.6396
25	4	3.937	0	1	-0.3813
25	4	1.05	0	0	-0.6497
25	4	0.379	0	0	0.4109
25	4	3.468	1	1	1.081
25	4	5.676	0	0	-0.9238
25	4	1.184	0	0	0.01916
25	4	4.161	1	1	0.6211
25	4	3.75	1	1	-0.5726
25	4	1.694	1	1	-0.5834
25	4	3.97	1	1	-0.2015
25	4	0.1107	1	0	-0.7095
25	4	1.835	1	1	1.013
25	4	3.719	1	1	-1.996
25	4	0.5503	0	0	-0.09598
25	4	0.5103	0	0	-0.9924
25	4	3.363	1	1	0.176
25	4	1.978	1	0	2.404
25	4	3.34	0	0	-0.9731
25	4	0.9825	1	0	0.2236
25	4	4.893	0	0	-1.766
25	4	5.163	1	1	0.9167
25	4	5.639	1	1	1.773
25	4	0.8312	0	0	0.7342
25	4	1.797	0	0	-0.009737
25	4	0.7104	0	1	-1.528
25	4	1.494	1	1	-0.4629
25	4	5.601	0	0	0.2937
25	4	0.438	0	0	-0.0271
25	4	1.354	0	1	-0.9074
25	4	1.767	0	0	-0.4289
25	4	3.138	1	1	-0.8854
26	4	0.6183	0	1	2.906
26	4	1.929	0	0	0.1288
26	4	0.3929	0	0	0.2048
26	4	5.032	1	1	0.2632
26	4	0.7909	1	0	-0.1634
26	4	0.7231	0	1	0.8121
26	4	3.686	0	0	-0.02249
26	4	0.7135	1	0	-0.008377
26	4	3.736	1	1	-0.8476
26	4	5.486	0	0	-0.03197
26	4	0.7156	0	1	0.2647
26	4	0.1294	0	0	-0.7905
26	4	3.544	1	1	-0.8044
26	4	5.525	1	1	0.4192
26	4	1.827	1	1	-0.7113
26	4	3.397	1	1	-1.229
26	4	0.5812	0	0	0.2734
26	4	4.002	0	0	0.6312
26	4	0.5585	0	0	0.507
26	4	0.8125	1	0	0.635
26	4	5.108	1	1	0.03956
26	4	3.593	0	0	-0.8786
26	4	0.7826	1	1	2.525
26	4	1.83	0	0	0.05354
26	4	0.5823	0	0	-0.8648
26	4	1.925	1	1	-0.3279
26	4	0.6715	0	0	0.5382
26	4	1.065	1	1	-0.4392
26	4	5.514	1	0	0.2095
26	4	0.7965	1	0	1.07
26	4	1.578	0	0	-0.2249
26	4	1.398	1	1	-0.2082
26	4	5.787	1	1	-0.5456
26	4	3.779	0	0	-0.5412
26	4	0.817	1	1	0.728
26	4	5.195	0	0	0.5686
26	4	1.622	1	1	-0.2595
26	4	0.4921	0	1	-1.362
26	4	3.594	0	0	-0.2261
26	4	5.74	0	0	-0.4877
26	4	0.7655	1	1	-0.216
26	4	1.867	1	1	-0.8901
26	4	3.416	0	0	0.8242
26	4	0.8791	0	1	0.5682
26	4	5.144	0	0	0.008094
26	4	5.279	0	0	0.7353
26	4	1.97	1	1	0.3453
26	4	3.72	0	0	-0.07221
26	4	0.5966	1	1	0.3647
26	4	1.665	1	1	0.2964
27	4	1.05	0	0	1.163
27	4	0.11	1	1	0.8688
27	4	3.343	1	1	0.6025
27	4	1.813	0	0	-0.09419
27	4	1.742	0	0	-1.601
27	4	0.2639	1	1	1.264
27	4	5.481	0	0	-0.01878
27	4	1.952	0	0	0.6847
27	4	3.774	0	0	1.052
27	4	0.7363	1	1	-0.5536
27	4	0.8014	1	1	-0.882
27	4	0.4768	0	0	-0.6654
27	4	5.214	0	0	0.5123
27	4	5.514	0	0	1.457
27	4	3.641	1	1	-0.3424
27	4	0.2011	1	1	1.09
27	4	1.821	1	1	-1.61
27	4	5.632	0	0	0.4847
27	4	3.674	0	0	-0.4553
27	4	0.4928	0	1	-0.2733
27	4	0.4879	0	1	-0.4276
27	4	0.6151	1	1	1.659
27	4	5.35	0	0	0.709
27	4	0.9549	1	1	0.43
27	4	1.829	1	1	0.08036
27	4	3.669	1	1	0.2602
27	4	1.168	1	1	-0.5687
27	4	0.5053	1	1	-1.545
27	4	0.3151	0	0	1.828
27	4	1.144	1	1	-0.1537
27	4	5.205	1	1	0.5515
27	4	3.695	0	0	1.982
27	4	5.415	1	1	-2.87
27	4	1.683	1	1	2.16
27	4	5.385	1	1	-1.424
27	4	1.032	1	0	2.206
27	4	3.784	0	0	-1.388
27	4	1.511	0	0	-1.471
27	4	0.4666	0	0	0.2611
27	4	1.97	1	1	0.1989
27	4	0.4083	0	1	0.799
27	4	0.7301	1	0	-0.239
27	4	3.766	0	0	0.6224
27	4	3.695	0	0	0.007659
27	4	0.6086	1	0	-0.6484
27	4	2.071	0	0	-1.027
27	4	3.569	1	1	-0.5157
27	4	1.367	0	0	-0.3936
27	4	5.327	0	0	-0.8944
27	4	5.59	1	1	1.467
28	4	1.7	1	1	1.232
28	4	3.397	1	1	-0.3404
28	4	0.3698	1	1	-0.304
28	4	1.533	1	1	-0.4116
28	4	3.479	1	1	0.6549
28	4	1.645	1	0	0.3879
28	4	1.702	0	0	-0.6944
28	4	2.077	0	0	-2.403
28	4	5.295	0	0	-0.8444
28	4	5.154	1	1	-1.084
28	4	0.6412	0	1	0.4783
28	4	0.5115	0	0	-0.3094
28	4	5.61	0	0	-0.7877
28	4	0.5092	1	1	-1.32
28	4	3.664	1	1	-0.3001
28	4	1.663	0	0	-0.7038
28	4	0.8742	0	1	-1.432
28	4	0.8581	1	1	-1.72
28	4	3.455	1	1	1.004
28	4	3.374	0	0	-0.149
28	4	1.884	1	1	-0.3946
28	4	1.071	0	0	-0.1975
28	4	5.371	1	1	-0.03728
28	4	5.25	1	1	0.8974
28	4	0.9714	0	0	-0.5932
28	4	0.6606	1	1	-2.15
28	4	3.592	0	0	0.07192
28	4	1.755	0	0	-1.417
28	4	0.3507	1	1	-0.7362
28	4	5.248	0	0	-1.485
28	4	1.598	1	1	0.5037
28	4	0.7174	0	0	-0.5457
28	4	3.561	0	0	-0.6484
28	4	1.848	1	1	-0.3145
28	4	3.527	1	0	-0.3719
28	4	0.5523	1	0	0.8003
28	4	0.4539	0	0	0.2245
28	4	0.7453	0	1	1.96
28	4	0.5169	0	1	0.1597
28	4	5.342	0	0	-0.3233
28	4	0.6036	1	1	-0.3041
28	4	5.086	1	1	0.3602
28	4	0.9302	1	1	-0.6523
28	4	3.686	0	0	-0.7503
28	4	5.454	0	0	-0.38
28	4	0.9706	0	1	-0.7751
28	4	3.629	1	1	-0.7831
28	4	5.613	1	1	-1.893
28	4	0.8514	0	0	-3.219
28	4	0.8227	1	1	-0.5404
29	4	5.659	1	1	1.573
29	4	5.346	0	0	1.317
29	4	5.595	1	1	0.2982
29	4	0.5114	1	0	-0.584
29	4	3.517	1	1	-0.6057
29	4	1.221	1	1	0.242
29	4	0.2025	0	1	0.07221
29	4	2.04	1	1	-0.2135
29	4	1.169	0	0	-0.412
29	4	1.043	0	0	-0.4515
29	4	1.887	1	1	-0.6527
29	4	1.864	1	1	-0.1402
29	4	0.5628	1	1	0.04337
29	4	5.47	0	0	0.7113
29	4	1.07	0	0	-0.8711
29	4	3.514	1	1	-1.392
29	4	3.55	1	1	-0.09921
29	4	1.753	0	0	-0.03869
29	4	0.4666	0	0	0.06411
29	4	1.776	1	1	-1.084
29	4	0.5424	1	1	-0.8981
29	4	0.9398	0	0	-0.9968
29	4	0.4908	1	1	0.1014
29	4	3.346	1	1	-0.8648
29	4	3.681	0	0	-1.509
29	4	1.037	1	1	2.556
29	4	0.5787	1	0	-0.4643
29	4	3.916	1	1	-0.1739
29	4	3.586	1	1	-2.072
29	4	3.551	0	0	0.8796
29	4	5.514	1	1	-0.8008
29	4	0.2232	0	1	-0.02185
29	4	0.5732	0	0	1.301
29	4	0.5919	1	1	-0.3268
29	4	0.9505	0	0	0.3766
29	4	5.383	0	0	-2.085
29	4	3.393	0	0	0.007054
29	4	1.577	0	0	-0.6405
29	4	0.1593	0	0	-0.213
29	4	3.16	1	1	-0.4002
29	4	5.49	1	1	0.03922
29	4	0.4459	0	1	-0.6181
29	4	0.5726	0	1	-0.007888
29	4	1.799	0	0	0.2413
29	4	1.435	0	0	-0.2657
29	4	5.18	0	0	-0.09626
29	4	1.803	1	1	-2.126
29	4	5.089	0	0	0.8724
29	4	5.102	1	1	0.9624
29	4	1.816	1	1	-1.152
30	5	0.1627	0	1	1.087
30	5	0.7564	1	1	-0.04369
30	5	3.933	1	1	-0.1819
30	5	3.342	1	1	-4.906
30	5	2.145	0	0	-0.9174
30	5	0.5934	0	0	-0.05786
30	5	1.562	0	0	-0.07526
30	5	3.724	0	0	-0.1438
30	5	1.166	1	1	1.193
30	5	1.76	1	1	-0.5564
30	5	5.3	1	1	0.5264
30	5	1.072	1	1	-0.1799
30	5	1.583	1	1	0.1188
30	5	3.664	0	0	-0.03845
30	5	3.456	1	1	-0.7682
30	5	0.1503	0	1	0.7527
30	5	5.604	1	1	1.124
30	5	3.719	0	0	-0.1904
30	5	5.101	1	1	-0.1157
30	5	0.4307	1	0	0.07738
30	5	3.331	0	0	-0.7902
30	5	0.8551	0	0	-1.75
30	5	0.9656	0	1	0.2559
30	5	1.157	0	1	-0.9737
30	5	0.3719	0	0	0.5384
30	5	1.933	0	0	-0.5766
30	5	5.055	0	0	0.04672
30	5	0.5234	0	1	0.7449
30	5	0.4169	1	0	0.09181
30	5	3.228	0	0	-1.115
30	5	0.4422	1	1	-0.9467
30	5	0.4658	1	1	0.7194
30	5	5.234	0	0	0.8459
30	5	5.397	0	0	0.3778
30	5	1.967	1	1	0.8743
30	5	5.512	1	1	1.306
30	5	5.357	0	0	0.2216
30	5	5.357	1	1	0.2166
30	5	2.085	0	0	-0.5784
30	5	1.792	0	0	0.181
30	5	5.145	1	1	-1.326
30	5	0.6496	1	1	-0.2638
30	5	0.7987	0	0	-1.409
30	5	1.101	1	0	0.9761
30	5	3.394	0	0	-0.3106
30	5	1.774	1	1	0.259
30	5	0.5135	1	1	-1.115
30	5	2.288	1	1	0.1182
30	5	0.8642	1	1	-0.3401
30	5	3.42	0	0	0.1727
31	5	3.709	0	0	0.521
31	5	3.813	1	1	-0.5476
31	5	1.001	0	1	-0.2238
31	5	2.029	0	0	-0.6538
31	5	5.274	0	0	-0.675
31	5	5.527	1	1	-0.04108
31	5	1.763	1	1	0.2733
31	5	5.23	1	1	-0.1676
31	5	3.886	0	0	-0.1479
31	5	0.809	0	0	-0.09305
31	5	0.8371	1	1	-0.8326
31	5	5.49	0	0	-0.2377
31	5	1.85	1	1	0.9082
31	5	3.475	0	0	0.2096
31	5	0.9286	0	0	-1.448
31	5	2.093	1	1	-0.6785
31	5	5.115	1	1	-0.4107
31	5	5.432	0	0	0.7129
31	5	0.7103	1	1	-0.1332
31	5	0.3266	1	1	2.524
31	5	5.45	1	1	1.965
31	5	0.2744	1	0	0.2347
31	5	0.3897	0	1	-1.302
31	5	5.321	0	0	1.207
31	5	3.718	0	0	0.5312
31	5	3.496	1	1	-0.7003
31	5	0.4274	0	0	-2.99
31	5	0.2351	0	0	0.6658
31	5	5.136	0	0	-0.8564
31	5	0.8952	1	1	0.1543
31	5	0.9826	1	1	0.9384
31	5	1.992	1	1	0.4544
31	5	0.9296	0	0	2.042
31	5	1.801	0	1	-1.645
31	5	0.7806	0	0	0.8577
31	5	3.717	0	0	0.413
31	5	0.544	0	0	-0.2495
31	5	0.9304	1	1	-0.439
31	5	0.8232	1	1	-0.535
31	5	2	1	0	0.3574
31	5	3.663	1	1	-0.7037
31	5	0.943	0	0	-0.1792
31	5	2.252	1	0	-0.1125
31	5	3.763	1	1	0.2217
31	5	5.248	0	0	-0.08406
31	5	1.946	1	1	-0.02365
31	5	1.164	1	0	-0.01865
31	5	2.022	0	0	1.273
31	5	3.526	1	1	-0.963
31	5	0.5468	0	0	0.06542
32	5	0.7973	1	1	2.441
32	5	1.88	0	1	0.3378
32	5	0.382	1	1	1.137
32	5	5.372	1	1	-0.562
32	5	1.565	0	0	-0.2596
32	5	0.8872	0	0	-0.3724
32	5	5.283	0	1	2.221
32	5	5.553	1	1	-0.7374
32	5	0.683	0	0	0.4846
32	5	0.2265	1	0	-1.883
32	5	3.319	1	1	-3.261
32	5	3.509	1	1	-1.047
32	5	5.547	1	1	0.002491
32	5	0.7141	0	1	0.1623
32	5	3.752	1	1	-1.588
32	5	1.794	0	0	-1.721
32	5	3.453	0	0	0.05273
32	5	1.159	0	0	0.3555
32	5	2.041	0	0	-0.1196
32	5	1.099	1	1	-1.193
32	5	0.8096	0	1	0.2492
32	5	0.7266	1	1	1.748
32	5	5.168	0	0	0.2203
32	5	3.673	0	1	0.6633
32	5	0.4737	0	0	1.055
32	5	5.68	1	1	2.24
32	5	3.987	1	1	0.2569
32	5	3.521	0	0	-0.04804
32	5	5.002	0	0	-0.6622
32	5	1.395	1	1	-1.546
32	5	0.5465	1	1	0.1196
32	5	1.004	1	1	-0.5235
32	5	5.749	0	0	0.08605
32	5	1.654	1	1	-0.3214
32	5	5.355	0	0	-0.3953
32	5	1.666	0	0	-1.279
32	5	3.759	1	1	-1.23
32	5	0.6511	1	1	-0.5513
32	5	0.2072	0	0	-1.319
32	5	5.633	1	1	1.174
32	5	1.62	1	1	-0.6633
32	5	0.8478	0	1	1.233
32	5	3.686	0	0	-0.4244
32	5	0.2436	0	1	-0.6011
32	5	1.139	1	1	-0.4772
32	5	0.6816	1	0	-1.055
32	5	1.715	0	0	-0.7603
32	5	2.016	0	0	0.1831
32	5	0.795	0	1	-0.05933
32	5	3.897	1	1	0.08713
33	5	3.973	0	0	1.576
33	5	5.496	0	0	-1.244
33	5	0.6626	1	0	-0.3117
33	5	1.285	1	0	-0.4941
33	5	3.345	0	0	-0.2963
33	5	1.187	1	0	-1.048
33	5	0.2349	0	0	-0.516
33	5	1.132	0	0	-0.5468
33	5	5.542	1	1	-0.7492
33	5	0.4744	1	0	-1.431
33	5	1.002	0	0	0.3528
33	5	3.574	1	1	-0.1015
33	5	5.405	1	1	-0.944
33	5	1.819	1	0	-0.7219
33	5	3.86	1	1	-0.4494
33	5	5.53	0	0	1.192
33	5	6.059	1	1	-1.215
33	5	0.4613	0	1	-0.1224
33	5	2.321	0	0	0.2084
33	5	3.46	0	0	0.1449
33	5	0.3838	0	0	0.4677
33	5	1.874	0	0	-0.1857
33	5	5.215	1	1	-0.3038
33	5	0.6324	1	0	-1.594
33	5	1.917	0	0	-0.1263
33	5	0.4919	0	1	-0.6336
33	5	5.5	0	0	-0.3977
33	5	0.7127	1	0	-0.1967
33	5	3.704	0	0	0.6744
33	5	1.346	1	1	-0.9817
33	5	3.795	0	0	-0.3567
33	5	3.455	1	1	2.277
33	5	1.75	0	0	2.476
33	5	0.5042	0	1	0.2709
33	5	1.653	0	0	-0.000779
33	5	1.698	1	1	-0.6422
33	5	1.83	1	1	-1.078
33	5	0.8094	1	1	-1.17
33	5	0.6625	1	0	0.7054
33	5	1.549	0	1	1.513
33	5	3.641	0	0	0.08028
33	5	5.587	1	1	-0.4216
33	5	0.4044	1	1	-0.3565
33	5	0.885	1	0	0.4083
33	5	0.7027	1	1	-2.854
33	5	1.726	0	1	1.244
33	5	5.474	1	1	0.4583
33	5	0.4542	0	0	-1.488
33	5	3.41	0	0	-0.09284
33	5	5.235	0	0	-0.5002
34	5	0.03892	1	0	0.4877
34	5	0.4296	0	1	0.1774
34	5	3.661	0	0	-0.1054
34	5	3.501	0	0	-1.191
34	5	0.9594	1	1	-1.289
34	5	5.521	1	1	1.702
34	5	1.184	1	1	-0.4858
34	5	0.1575	1	1	-0.002671
34	5	1.252	1	0	-0.7874
34	5	0.5276	0	1	-1.209
34	5	3.924	0	0	-0.6057
34	5	1.983	0	0	0.1398
34	5	3.585	1	1	-0.2547
34	5	1.615	1	1	0.03108
34	5	5.591	1	1	-0.474
34	5	5.259	1	1	0.5266
34	5	0.1501	1	1	0.2776
34	5	0.5886	0	0	1.715
34	5	1.816	0	1	-0.9427
34	5	3.631	0	0	1.116
34	5	0.4146	0	0	-0.6094
34	5	0.3965	0	0	0.7206
34	5	5.414	0	0	-0.7664
34	5	1.853	1	1	1.675
34	5	0.875	0	0	0.3628
34	5	1.756	1	0	0.1545
34	5	5.604	1	1	0.9626
34	5	1.494	0	0	-1.906
34	5	0.09697	1	1	-0.03482
34	5	0.8159	1	1	-0.2435
34	5	1.893	0	1	-0.3025
34	5	0.8528	1	1	-0.7355
34	5	3.454	0	0	0.1112
34	5	3.643	0	0	-0.52
34	5	0.8581	1	0	-0.479
34	5	0.06288	1	1	0.5715
34	5	3.712	1	1	0.7735
34	5	5.5	0	0	-0.203
34	5	0.2283	1	0	-1.043
34	5	1.777	0	1	0.3818
34	5	2.08	0	0	-0.7596
34	5	1.513	0	1	-2.181
34	5	3.52	0	0	-3.107
34	5	5.393	1	1	-2.924
34	5	5.111	0	0	0.3889
34	5	0.7216	1	0	1.281
34	5	5.357	0	0	-0.2719
34	5	5.1	1	1	0.586
34	5	3.67	0	0	2.636
34	5	0.7889	1	0	-0.3406
35	5	0.6601	1	0	0.859
35	5	2.111	1	1	0.3372
35	5	1.949	0	0	0.7665
35	5	0.3211	0	0	-0.5907
35	5	3.51	1	1	-0.42
35	5	3.759	0	0	0.09308
35	5	0.2895	1	0	-1.34
35	5	1.029	1	1	-0.7929
35	5	3.503	0	0	-0.8103
35	5	3.404	0	0	1.368
35	5	3.793	0	0	-0.0001117
35	5	1.137	0	0	0.5028
35	5	1.984	1	0	-0.0008106
35	5	0.5738	0	1	0.4125
35	5	5.344	1	1	0.7414
35	5	0.8146	0	1	-1.751
35	5	3.664	1	1	1.527
35	5	5.108	0	0	0.4808
35	5	0.3389	1	0	0.6736
35	5	1.236	1	0	-0.9336
35	5	5.211	0	0	0.7817
35	5	5.199	0	0	-0.03843
35	5	5.634	1	1	0.01661
35	5	5.215	1	1	-0.9366
35	5	1.832	1	0	0.4306
35	5	0.3448	0	0	-0.2622
35	5	5.237	1	1	-0.3932
35	5	3.807	0	0	-0.3067
35	5	1.222	1	1	-0.2601
35	5	3.535	0	0	-0.3518
35	5	0.1854	0	0	-1.091
35	5	0.5816	1	1	-0.272
35	5	5.484	1	1	-0.3307
35	5	1.029	1	1	0.6246
35	5	0.9066	0	1	-1.048
35	5	1.9	0	0	1.149
35	5	3.618	1	1	1.305
35	5	1.744	1	1	-0.8577
35	5	1.143	1	1	-0.267
35	5	5.402	0	0	0.02529
35	5	1.476	0	0	0.06029
35	5	0.01224	1	0	-1.603
35	5	1.453	0	0	-1.308
35	5	0.4736	1	1	-0.2872
35	5	0.3554	1	1	-0.1821
35	5	5.4	1	1	-0.3252
35	5	3.338	0	0	-0.007622
35	5	2.238	0	0	-0.663
35	5	0.8544	0	0	-0.1844
35	5	1.483	0	0	2.185
36	5	5.481	0	0	0.722
36	5	0.8756	0	0	0.05451
36	5	0.5078	1	1	0.2619
36	5	3.731	1	1	0.09535
36	5	1.16	1	0	-5.862
36	5	1.793	0	0	-0.1408
36	5	1.875	0	1	-1.018
36	5	0.6663	1	1	-0.2432
36	5	3.659	0	0	-1.452
36	5	5.141	0	0	0.6997
36	5	1.812	1	1	-0.7213
36	5	3.47	0	0	0.8342
36	5	5.318	1	1	-1.115
36	5	0.7488	0	0	-0.2543
36	5	0.5483	1	1	-0.3413
36	5	0.8493	1	1	-0.8325
36	5	1.516	1	0	-0.6703
36	5	3.216	1	1	-0.5369
36	5	3.492	0	0	-0.7241
36	5	5.467	1	1	0.7083
36	5	5.929	0	0	-0.04302
36	5	1.664	0	0	0.1145
36	5	3.589	1	1	-1.038
36	5	1.41	1	0	-1.398
36	5	5.773	1	1	0.01717
36	5	1.692	0	0	-0.2282
36	5	0.3165	0	1	0.5307
36	5	1.831	0	1	0.5176
36	5	1.752	1	1	1.382
36	5	1.154	1	1	1.074
36	5	0.9455	1	1	0.2495
36	5	1.099	0	0	0.1217
36	5	0.5602	1	0	1.005
36	5	3.515	0	0	0.2905
36	5	5.459	1	1	-0.2926
36	5	1.119	1	0	-0.4804
36	5	5.274	1	1	-0.1145
36	5	0.6536	0	1	-1.422
36	5	0.4479	0	0	-0.6553
36	5	5.512	0	0	-0.7293
36	5	1.359	0	0	-0.2183
36	5	0.2336	0	1	0.1506
36	5	5.352	1	1	-0.2798
36	5	0.326	1	0	-3.159
36	5	3.826	0	1	0.616
36	5	1.041	0	0	-0.01012
36	5	0.01398	0	1	0.8343
36	5	3.434	1	1	-0.1562
36	5	0.6525	0	0	-0.2629
36	5	3.307	0	0	2.42
37	5	0.935	1	0	1.67
37	5	1.949	0	0	0.2009
37	5	1.606	0	1	-0.1477
37	5	3.515	1	1	-0.6486
37	5	5.414	1	1	0.01999
37	5	3.578	1	1	-0.7547
37	5	3.835	1	1	-1.693
37	5	0.4256	1	0	0.4208
37	5	1.653	0	0	-0.2707
37	5	5.324	0	0	-0.09176
37	5	0.2576	1	1	-1.556
37	5	0.4073	0	0	-0.8982
37	5	1.502	0	1	-0.01279
37	5	3.557	1	0	-0.7551
37	5	2.046	1	1	-0.4931
37	5	0.5228	0	1	-0.4002
37	5	5.38	1	1	-0.2096
37	5	0.9396	1	1	-0.4171
37	5	5.26	1	1	0.374
37	5	0.3728	0	0	0.1915
37	5	1.234	0	1	0.4841
37	5	5.463	0	0	-0.7058
37	5	1.469	0	1	-1.168
37	5	0.85	0	0	1.262
37	5	3.346	0	0	0.5626
37	5	0.9759	1	0	0.1815
37	5	0.7121	1	0	-2.166
37	5	0.3258	0	0	-1.986
37	5	0.9903	0	0	-0.1998
37	5	3.477	1	1	0.3109
37	5	2.257	1	1	-0.5007
37	5	0.5295	0	0	1.889
37	5	5.098	1	1	-0.3769
37	5	0.4508	0	0	0.4975
37	5	0.7111	0	0	-0.09176
37	5	5.214	0	0	-0.01965
37	5	3.506	0	0	-0.5028
37	5	3.318	0	0	1.473
37	5	0.6398	1	1	1.908
37	5	3.921	0	0	0.3155
37	5	0.5489	1	1	-0.9888
37	5	2.329	1	1	0.8343
37	5	1.677	0	0	-0.7454
37	5	5.467	1	1	0.1692
37	5	0.7902	0	0	-1.142
37	5	1.432	1	1	-0.3713
37	5	5.539	0	0	1.383
37	5	1.921	1	1	0.5682
37	5	3.46	1	1	3.258
37	5	5.579	1	1	0.8738
38	5	0.4667	0	1	2.446
38	5	0.5864	0	0	-0.02873
38	5	0.9014	1	0	0.8199
38	5	5.278	0	0	0.3802
38	5	0.9937	1	1	0.3473
38	5	5.634	0	0	0.4839
38	5	0.6967	1	1	-0.5659
38	5	3.633	1	1	1.219
38	5	5.49	1	1	0.3927
38	5	5.42	1	1	0.5319
38	5	1.925	0	0	-1.025
38	5	3.492	0	0	-1.051
38	5	1.886	1	0	-1.28
38	5	3.646	0	0	0.3133
38	5	0.5253	1	0	0.02445
38	5	1.608	0	1	-0.1928
38	5	3.558	0	0	-0.4097
38	5	1.739	0	0	-2.099
38	5	5.277	0	0	0.2882
38	5	5.22	0	0	0.3293
38	5	3.675	0	0	1.988
38	5	0.7467	0	0	1.99
38	5	0.1508	1	0	1.208
38	5	0.6092	1	1	-0.2181
38	5	1.158	0	0	0.5313
38	5	0.7494	1	1	-0.4146
38	5	0.9006	0	1	0.3925
38	5	3.337	1	1	1.682
38	5	5.303	1	1	1.057
38	5	0.464	0	1	0.06497
38	5	0.9458	0	0	0.8692
38	5	3.436	0	0	-0.1263
38	5	5.292	0	0	0.0684
38	5	0.2029	1	0	-0.6914
38	5	1.643	1	0	-0.2372
38	5	5.015	1	1	-0.01077
38	5	0.1739	1	1	-0.2458
38	5	3.655	0	0	-0.1559
38	5	5.245	1	1	-1.066
38	5	0.2994	1	1	-0.2585
38	5	1.503	1	1	-0.4906
38	5	2.177	1	1	0.8056
38	5	3.734	1	1	-1.258
38	5	1.946	0	0	-0.6488
38	5	1.992	1	1	-0.7183
38	5	0.004738	1	0	-0.03124
38	5	0.609	1	1	0.05158
38	5	3.431	0	0	0.237
38	5	1.546	0	0	0.4483
39	5	1.934	0	1	3.446
39	5	1.619	0	0	-1.077
39	5	1.76	1	0	-0.1827
39	5	0.7052	0	0	-1.171
39	5	3.464	0	0	0.9394
39	5	1.266	0	1	-0.3838
39	5	0.7854	1	0	0.08196
39	5	0.9763	0	0	0.9132
39	5	5.544	1	1	-0.6652
39	5	3.389	0	0	-1.38
39	5	3.569	1	1	0.2885
39	5	5.291	1	1	2.082
39	5	4.845	0	0	0.3261
39	5	1.926	1	0	-0.9684
39	5	0.2822	0	0	-0.3422
39	5	0.9846	0	0	-0.1373
39	5	1.789	1	0	-0.661
39	5	5.361	0	0	0.3148
39	5	3.649	1	1	-0.8536
39	5	1.011	1	1	0.2516
39	5	0.7296	1	1	-1.718
39	5	0.6733	1	1	0.6345
39	5	1.806	1	1	-1.211
39	5	4.029	1	1	0.916
39	5	0.1691	0	0	-0.2047
39	5	5.32	0	0	-0.2265
39	5	5.274	0	0	1.57
39	5	3.502	0	0	-1.267
39	5	3.796	1	1	-0.7982
39	5	1.689	1	1	-1.04
39	5	4.98	0	0	0.5055
39	5	5.432	0	0	0.078
39	5	3.36	0	1	-1.093
39	5	3.831	1	1	-0.574
39	5	0.8702	0	0	0.2826
39	5	5.767	1	1	1.105
39	5	0.9329	1	0	0.03111
39	5	0.6694	0	0	0.6826
39	5	0.4484	0	1	-1.094
39	5	1.464	1	1	-0.04367
39	5	5.126	0	0	-0.4256
39	5	1.694	0	0	-0.7572
39	5	0.2848	1	1	0.05301
39	5	2.031	1	1	-0.7362
39	5	0.5917	1	1	-0.6475
39	5	0.7849	1	1	-1.448
39	5	1.017	1	1	-0.1536
39	5	0.8576	1	0	-1.193
39	5	0.2037	0	1	0.1634
39	5	3.86	0	0	0.0525
40	6	0.7635	0	1	-0.2616
40	6	3.475	0	1	1.433
40	6	5.053	1	1	-4.281
40	6	5.017	1	1	-1.379
40	6	3.415	1	1	0.115
40	6	5.532	0	0	-1.176
40	6	3.378	1	1	-1.002
40	6	3.509	1	1	-0.5576
40	6	1.327	1	1	-0.9503
40	6	0.7933	1	1	-0.4481
40	6	1.796	1	0	-0.9848
40	6	3.534	0	0	1.632
40	6	1.231	0	0	-0.8369
40	6	1.842	0	0	-1.194
40	6	5.412	0	0	-0.09907
40	6	3.738	0	0	-1.305
40	6	0.06887	0	0	-1.015
40	6	1.609	1	1	-0.4193
40	6	0.2603	0	0	0.323
40	6	3.572	0	0	0.3923
40	6	5.528	1	1	-1.087
40	6	3.742	0	0	-0.1281
40	6	3.518	0	0	1.75
40	6	1.556	1	1	0.9989
40	6	0.3986	0	1	0.03351
40	6	1.995	1	1	-0.9715
40	6	1.549	1	1	0.8701
40	6	0.5498	1	1	0.08458
40	6	2	1	1	-1.707
40	6	1.639	0	0	-0.7575
40	6	5.646	1	1	-0.07609
40	6	0.1841	0	0	0.3884
40	6	0.313	0	0	-0.4978
40	6	0.9876	1	0	0.5313
40	6	0.8947	1	1	0.6401
40	6	0.3731	0	0	-0.1611
40	6	0.6605	0	0	-0.06786
40	6	0.8386	0	1	0.4227
40	6	5.451	0	0	-0.3465
40	6	0.8083	1	1	0.3976
40	6	3.807	0	0	-0.2174
40	6	5.563	0	0	0.7432
40	6	5.309	1	1	-0.01933
40	6	0.7325	0	1	0.314
40	6	0.566	1	0	1.134
40	6	0.9401	1	1	0.121
40	6	1.626	0	0	0.2498
40	6	1.128	1	0	-0.3305
40	6	1.739	1	1	0.3716
40	6	5.499	0	0	0.5868
41	6	1.847	1	1	0.2374
41	6	3.993	0	0	1.137
41	6	1.684	1	1	2.077
41	6	3.283	1	1	-0.2828
41	6	0.9081	0	1	0.2551
41	6	1.333	0	0	0.8546
41	6	3.56	0	1	-0.07894
41	6	0.9114	1	1	0.006605
41	6	0.4359	0	1	0.125
41	6	1.053	0	1	0.6371
41	6	0.6341	1	1	0.5583
41	6	3.197	0	0	0.1039
41	6	3.851	0	0	-0.1017
41	6	3.74	0	0	0.8182
41	6	4.888	1	1	-0.5906
41	6	4.947	0	0	-0.148
41	6	0.7089	1	1	0.4659
41	6	0.7552	1	0	-0.8277
41	6	1.44	1	1	0.7646
41	6	1.59	1	1	-0.2173
41	6	5.195	0	0	-1.462
41	6	5.309	0	0	-0.5393
41	6	0.7722	1	1	-0.6757
41	6	0.3341	0	1	2.622
41	6	1.866	0	0	1.082
41	6	0.6792	0	0	-0.02263
41	6	5.296	0	0	0.158
41	6	5.326	1	1	-2.771
41	6	1.904	1	0	-0.5561
41	6	1.797	0	0	1.549
41	6	1.85	0	1	0.1218
41	6	0.7432	0	0	-0.2573
41	6	5.524	1	1	1.225
41	6	1.866	0	0	-1.667
41	6	1.28	1	0	-0.7697
41	6	3.555	1	1	1.391
41	6	1.675	1	1	0.4898
41	6	0.9841	1	1	-0.2349
41	6	0.4628	1	1	-1.254
41	6	3.497	0	0	-0.2475
41	6	0.6072	1	1	-0.6106
41	6	5.071	0	0	0.7542
41	6	3.55	1	1	0.672
41	6	5.709	0	0	0.6287
41	6	0.53	0	1	-0.2403
41	6	3.507	1	1	0.02911
41	6	0.7296	1	0	-0.5247
41	6	5.006	1	1	0.6141
41	6	1.016	0	1	0.1821
41	6	0.1679	0	1	0.2917
42	6	3.257	0	0	0.9742
42	6	1.635	1	1	0.1075
42	6	1.869	0	1	1.196
42	6	5.442	0	0	0.8929
42	6	5.21	1	1	-0.3488
42	6	1.812	0	0	0.002179
42	6	1.867	0	0	-0.2306
42	6	1.61	0	0	0.03501
42	6	3.794	1	1	0.5024
42	6	0.7465	1	1	0.6973
42	6	0.4043	1	1	1.133
42	6	1.018	1	1	2.16
42	6	0.4406	1	1	2.17
42	6	5.228	1	1	0.4372
42	6	0.598	0	0	-0.04414
42	6	2.074	0	0	-0.6139
42	6	3.261	1	1	0.3292
42	6	0.3962	0	0	-0.1077
42	6	0.6168	1	1	-0.2914
42	6	3.401	0	0	1.164
42	6	0.8757	0	1	0.03107
42	6	0.7615	1	1	0.2065
42	6	0.1759	0	0	-0.4295
42	6	1.858	0	1	1.229
42	6	5.635	0	0	-0.1042
42	6	5.464	0	0	-2.047
42	6	0.8633	0	0	-1.804
42	6	0.7036	0	0	-0.01343
42	6	1.87	1	1	-0.3115
42	6	1.794	0	0	-0.9259
42	6	3.567	0	0	0.2519
42	6	0.3012	1	1	0.3224
42	6	3.553	0	0	2.71
42	6	5.393	0	0	0.8056
42	6	5.417	0	0	0.3793
42	6	5.237	1	1	1.262
42	6	1.629	1	1	0.2084
42	6	5.349	0	1	-0.1984
42	6	3.533	1	0	0.1398
42	6	1.23	1	1	-0.7196
42	6	0.4442	1	1	0.6214
42	6	1.231	0	0	-0.4403
42	6	0.5982	1	0	-0.8525
42	6	5.52	1	1	0.9761
42	6	3.927	1	1	1.122
42	6	0.9385	0	1	0.6595
42	6	3.652	1	1	-0.08204
42	6	3.495	1	1	1.403
42	6	0.3776	1	0	-0.1339
42	6	0.395	1	0	1.451
43	6	1.862	0	0	3.543
43	6	3.359	1	1	-0.3927
43	6	3.568	0	1	-0.2391
43	6	3.791	1	1	-0.3028
43	6	3.639	0	0	-0.1475
43	6	1.927	1	0	0.2441
43	6	1.804	0	1	-0.4328
43	6	0.4163	1	0	-0.4529
43	6	1.793	1	1	1.17
43	6	0.782	1	1	-0.4455
43	6	3.51	1	1	-0.487
43	6	3.797	1	1	-0.1989
43	6	1.725	1	1	2.747
43	6	3.723	1	1	1.299
43	6	5.369	0	0	0.9829
43	6	0.5481	0	0	-0.495
43	6	5.613	0	0	0.2556
43	6	5.23	1	1	0.8504
43	6	0.5665	0	0	-1.325
43	6	5.555	0	0	-0.6633
43	6	0.5143	0	0	3.646
43	6	5.059	1	1	0.2739
43	6	0.762	1	0	0.4972
43	6	0.7148	0	0	-0.388
43	6	1.62	0	1	0.7625
43	6	1.884	1	0	0.09725
43	6	1.113	0	1	-1.03
43	6	0.159	0	0	-0.4151
43	6	0.9058	0	1	-1.822
43	6	0.7242	0	1	0.5137
43	6	5.464	1	1	0.2591
43	6	0.9603	1	1	-0.4114
43	6	1.676	1	1	-0.1817
43	6	3.399	1	1	-1.333
43	6	5.563	0	0	-0.3812
43	6	1.024	0	0	-1.793
43	6	3.546	1	1	-0.04535
43	6	1.852	1	1	-0.4982
43	6	0.6488	1	1	0.06225
43	6	5.276	0	0	0.2592
43	6	0.8417	0	1	0.5061
43	6	5.268	1	1	0.05151
43	6	3.948	1	1	-0.6879
43	6	1.589	0	0	3.367
43	6	1.462	0	0	-0.2831
43	6	0.7328	1	1	-0.05598
43	6	5.308	0	0	-0.2945
43	6	0.05465	0	0	0.7567
43	6	0.515	1	0	-0.8869
43	6	0.6699	0	0	-0.711
44	6	3.42	1	1	2.838
44	6	5.481	0	0	2.455
44	6	0.3784	1	1	1.271
44	6	1.878	1	1	0.7662
44	6	1.16	0	0	0.3858
44	6	2.064	0	0	0.1512
44	6	0.8458	0	0	-0.2119
44	6	5.361	1	1	0.5111
44	6	5.419	1	1	0.1989
44	6	3.186	1	1	0.09982
44	6	3.213	0	0	0.6896
44	6	0.8353	0	0	-0.3943
44	6	0.7135	0	0	0.3298
44	6	1.913	1	0	0.5147
44	6	0.6461	0	0	-0.151
44	6	1.99	0	0	0.9233
44	6	1.698	1	1	0.02163
44	6	0.7916	0	0	0.1298
44	6	3.676	1	1	0.3641
44	6	5.657	1	1	-0.07282
44	6	5.385	1	1	-0.4187
44	6	1.036	1	0	0.8258
44	6	3.787	0	0	-1.061
44	6	3.489	1	1	0.1467
44	6	1.669	0	0	-0.3855
44	6	0.8964	1	1	-0.4042
44	6	0.2215	0	1	-0.487
44	6	1.94	1	1	-0.8597
44	6	5.127	1	1	0.3992
44	6	0.9347	1	1	1.271
44	6	5.703	1	1	-0.2095
44	6	0.3953	1	0	0.009554
44	6	3.689	0	0	-0.08657
44	6	5.263	1	1	-0.8315
44	6	1.831	1	0	1.625
44	6	1.834	0	0	0.1775
44	6	3.471	0	1	0.832
44	6	0.6995	1	1	0.8518
44	6	0.7108	0	0	0.1314
44	6	1.667	0	0	0.3129
44	6	0.6646	1	1	-1.14
44	6	0.4984	0	0	-0.1463
44	6	0.8759	0	0	-0.7013
44	6	5.414	0	0	1.531
44	6	0.4693	0	1	-0.1346
44	6	0.7863	0	0	0.3755
44	6	3.425	0	0	-0.7233
44	6	5.584	1	1	-1.007
44	6	0.212	1	1	1.505
44	6	3.855	0	0	0.3724
45	6	1.745	0	1	-0.2051
45	6	5.242	1	1	-0.3461
45	6	0.5325	0	0	0.02954
45	6	0.3215	0	0	-0.5548
45	6	1.657	1	1	-0.1435
45	6	1.567	1	1	1.217
45	6	1.722	1	0	-3.156
45	6	3.478	0	0	-1.434
45	6	0.8078	1	0	-0.06415
45	6	3.557	0	0	0.6567
45	6	1.133	0	0	-3.322
45	6	0.6849	0	0	-1.744
45	6	1.004	0	0	1.203
45	6	5.457	1	1	-0.05615
45	6	0.4262	1	1	-1.088
45	6	5.252	0	0	-1.691
45	6	0.8604	0	1	-1.308
45	6	5.318	0	0	-1.435
45	6	3.443	1	1	-1.129
45	6	3.761	0	1	-0.4404
45	6	2.001	1	1	-0.5356
45	6	5.015	1	1	-0.0109
45	6	5.298	1	1	-0.6912
45	6	2.075	0	0	0.01605
45	6	0.2115	0	0	-1.509
45	6	0.04622	0	0	-1.211
45	6	3.256	0	0	-1.902
45	6	0.5664	1	1	-1.944
45	6	1.937	1	0	-0.8846
45	6	5.334	0	0	0.07448
45	6	1.049	1	0	-0.4617
45	6	1.487	0	0	0.2304
45	6	5.558	1	1	0.9562
45	6	0.8283	1	1	-0.7883
45	6	5.469	1	1	0.4101
45	6	3.434	1	1	0.06946
45	6	0.9491	0	0	-1.233
45	6	0.2187	1	1	0.1347
45	6	0.5423	0	1	0.01639
45	6	5.581	0	0	-0.5785
45	6	0.2823	0	0	-0.002511
45	6	3.484	0	0	-2.151
45	6	1.223	1	1	-0.1282
45	6	1.78	1	1	-0.6676
45	6	0.4941	1	0	1.116
45	6	1.662	1	1	1.399
45	6	3.572	0	0	-0.7804
45	6	3.775	1	1	0.5199
45	6	1.109	1	1	-0.7351
45	6	3.611	0	0	0.271
46	6	3.622	0	0	1.553
46	6	5.51	1	1	0.1882
46	6	5.177	0	0	-0.4027
46	6	5.415	0	0	-1.904
46	6	0.4532	0	1	-0.9847
46	6	3.535	0	0	-1.014
46	6	3.439	0	1	-2.26
46	6	3.568	1	1	0.8709
46	6	1.547	1	1	-1.296
46	6	0.9578	1	0	0.2509
46	6	1.927	0	0	-0.07383
46	6	0.8169	1	1	0.2923
46	6	1.828	0	1	-2.198
46	6	0.6561	1	1	1.769
46	6	3.412	1	1	-1.697
46	6	3.34	1	1	-0.08621
46	6	5.476	0	0	-0.6977
46	6	5.615	0	0	0.3247
46	6	1.052	0	1	1.116
46	6	3.639	1	1	0.03907
46	6	1.045	1	0	-2.399
46	6	1.36	0	0	0.5793
46	6	5.245	1	1	0.3206
46	6	0.8865	1	1	0.1761
46	6	1.801	0	0	-1.145
46	6	3.419	1	1	-1.291
46	6	1.97	1	1	0.7999
46	6	0.7432	0	0	-0.05191
46	6	0.5701	0	0	0.04402
46	6	3.572	1	1	-0.144
46	6	0.5748	0	1	0.5169
46	6	0.6799	1	0	-1.76
46	6	0.4471	1	1	-1.784
46	6	5.371	1	1	0.5179
46	6	1.847	1	1	-1.488
46	6	0.3041	0	1	0.7108
46	6	1.012	0	1	-0.2072
46	6	0.9574	0	0	1.452
46	6	1.71	1	0	0.4665
46	6	0.9668	1	1	-0.9842
46	6	3.759	0	0	0.7863
46	6	0.273	1	0	-0.2192
46	6	0.654	1	1	0.8029
46	6	1.92	0	0	-0.2827
46	6	0.5359	1	0	-0.08221
46	6	1.046	1	0	-0.8084
46	6	5.355	0	0	1.019
46	6	1.584	0	0	-0.153
46	6	5.507	1	1	-2.002
46	6	5.337	0	0	0.7299
47	6	3.485	1	0	2.126
47	6	1.872	1	1	0.6315
47	6	1.969	1	1	-0.4093
47	6	0.9396	1	1	0.04134
47	6	0.2325	0	1	0.7638
47	6	5.173	1	1	-0.2366
47	6	1.051	1	1	-0.2235
47	6	3.586	0	0	0.2118
47	6	3.486	0	0	-0.355
47	6	3.481	0	0	2.904
47	6	5.478	1	1	0.5321
47	6	3.461	1	1	-0.6044
47	6	0.4759	1	0	-0.7362
47	6	5.438	0	0	0.7654
47	6	0.3875	0	0	-0.609
47	6	1.788	0	0	-0.5874
47	6	3.776	0	0	0.3639
47	6	0.8431	1	1	-0.6412
47	6	3.527	0	0	-0.009094
47	6	0.2253	1	1	-0.4739
47	6	0.8008	0	0	-2.063
47	6	0.9194	1	0	-0.7429
47	6	0.7774	1	1	-1.112
47	6	0.6246	1	0	0.72
47	6	0.8118	1	0	-1.447
47	6	0.4044	0	0	0.2194
47	6	5.414	0	0	-0.1365
47	6	0.9402	0	0	-1.142
47	6	5.236	0	0	0.4832
47	6	0.501	0	1	0.02885
47	6	3.252	1	1	-0.9641
47	6	5.502	0	0	0.7131
47	6	0.3378	1	0	1.037
47	6	1.817	1	0	1.616
47	6	1.418	0	0	-1.592
47	6	0.2864	0	1	-0.1552
47	6	5.381	1	1	-0.1967
47	6	0.2129	0	0	-1.271
47	6	3.717	0	0	-0.02515
47	6	1.882	1	1	1.306
47	6	0.926	1	0	1.034
47	6	5.085	1	1	-0.2772
47	6	5.307	0	0	-1.475
47	6	3.596	1	1	1.88
47	6	1.785	0	0	-0.1617
47	6	1.802	0	0	0.4706
47	6	5.64	0	0	-0.8222
47	6	2.102	1	1	2.616
47	6	1.008	1	1	1.518
47	6	1.608	0	0	0.981
48	6	0.2625	0	0	2.987
48	6	5.353	1	1	-0.6418
48	6	0.2619	0	0	1.21
48	6	3.497	1	1	-0.7861
48	6	5.422	1	1	0.3024
48	6	1.273	0	1	1.732
48	6	4.956	0	0	0.7818
48	6	1.992	0	0	0.8724
48	6	0.8142	0	0	1.012
48	6	3.651	1	1	0.6177
48	6	1.169	1	0	0.4668
48	6	5.126	1	1	0.2066
48	6	0.5693	0	1	-1.824
48	6	0.4456	0	0	-0.164
48	6	0.4973	0	1	0.331
48	6	0.8465	1	1	0.0703
48	6	1.22	1	1	0.1517
48	6	1.667	0	0	-0.4226
48	6	0.01203	1	1	-0.1813
48	6	0.8785	0	0	1.528
48	6	5.34	0	0	-0.7301
48	6	5.427	1	1	0.7318
48	6	3.576	1	1	-0.8601
48	6	1.89	1	1	-1.103
48	6	0.9391	0	1	0.645
48	6	1.519	0	0	-0.7341
48	6	3.819	0	0	-0.5922
48	6	2.028	1	0	-1.421
48	6	1.264	1	0	-1.543
48	6	5.356	1	1	0.4359
48	6	3.593	0	0	-0.3302
48	6	5.602	1	1	-1.244
48	6	0.6734	0	1	-1.151
48	6	2.1	1	1	-2.139
48	6	0.2138	0	0	1.197
48	6	1.71	1	1	0.08225
48	6	3.513	0	0	0.4492
48	6	0.488	1	0	-0.995
48	6	3.785	1	1	-0.5832
48	6	1.16	1	0	-0.344
48	6	0.9542	1	1	0.7455
48	6	0.5634	1	0	1.251
48	6	3.387	1	1	-0.5619
48	6	5.425	0	0	1.845
48	6	1.794	0	0	1.776
48	6	5.413	0	0	0.1071
48	6	2.131	1	1	-0.6723
48	6	3.633	0	0	-0.7187
48	6	0.6853	0	0	-1.284
48	6	3.525	0	0	-0.935
49	6	0.8125	0	1	1.097
49	6	0.3002	0	0	0.2711
49	6	0.1086	1	0	0.9395
49	6	3.64	0	0	-0.355
49	6	1.504	0	0	0.4129
49	6	1.233	1	0	0.8063
49	6	1.053	1	1	0.5183
49	6	3.54	0	0	-1.352
49	6	5.718	1	1	-0.9463
49	6	2.249	1	0	-1.817
49	6	1.957	1	0	-1.877
49	6	0.5799	1	0	-0.7386
49	6	0.368	1	1	0.3855
49	6	5.845	1	1	-1.051
49	6	1.901	0	1	0.1323
49	6	5.481	0	0	-0.2035
49	6	5.134	0	0	1.026
49	6	3.421	1	1	-1.36
49	6	1.075	0	0	0.2333
49	6	0.6274	1	1	-0.6119
49	6	2.109	0	0	-0.2793
49	6	5.295	0	0	-0.6626
49	6	1.731	1	0	-0.9466
49	6	5.472	1	1	-0.8011
49	6	0.337	1	0	-0.7177
49	6	5.518	0	0	-0.4463
49	6	0.3727	0	0	-0.1397
49	6	1.126	0	0	0.04565
49	6	5.312	1	1	-2.166
49	6	3.851	0	0	-0.9905
49	6	3.402	0	0	-1.051
49	6	5.847	1	1	0.6088
49	6	5.227	1	1	-0.712
49	6	1.959	1	1	-0.4796
49	6	1.348	1	0	0.933
49	6	3.454	0	0	1.167
49	6	3.802	0	0	-0.385
49	6	1.709	1	1	1.046
49	6	1.688	0	0	-0.09897
49	6	1.017	1	0	-0.4336
49	6	3.42	1	1	0.3469
49	6	0.4762	0	0	-0.06306
49	6	3.694	0	0	-1.547
49	6	3.113	1	1	0.1932
49	6	0.4689	0	1	-0.2014
49	6	0.9244	1	0	-1.088
49	6	1.22	0	0	2.518
49	6	0.7008	0	1	1.592
49	6	1.875	0	0	1.792
49	6	0.2041	1	1	-1.06
