0	2	0.2651	0	0	0.5756	2.768
0	2	5.534	0	0	-0.1598	1.194
0	2	1.656	0	0	0.2269	1.139
0	2	5.364	1	1	0.4987	0.1907
0	2	0.2341	0	0	0.04833	1.865
0	2	5.459	0	0	0.2324	0.9027
0	2	0.5273	1	1	0.6299	0.01989
0	2	0.5884	1	1	0.05337	0.1907
0	2	1.267	0	0	-1.173	0.7097
0	2	0.3677	0	0	0.1748	0.6419
0	2	0.9031	0	1	-0.6935	0.5005
0	2	0.4577	1	1	-0.06813	-1.365
0	2	1.744	0	0	0.452	0.2718
0	2	0.6324	0	0	-0.4721	0.1907
0	2	0.2634	0	0	0.5166	0.4266
0	2	2.058	0	0	-0.2522	0.1067
0	2	1.855	1	1	0.6178	0.01989
0	2	0.7889	1	1	1.105	-0.577
0	2	0.7596	1	1	1.375	-0.9399
0	2	0.6889	1	0	0.2894	0.7097
0	2	0.2032	1	0	0.4901	0.9027
0	2	1.009	0	0	0.03029	0.3504
0	2	1.738	1	1	-1.185	1.023
0	2	1.867	0	0	0.4255	-0.1635
0	2	0.4115	1	0	-0.03959	0.1067
0	2	5.528	1	1	-4.486	-0.8129
0	2	0.3634	1	1	0.4359	0.7758
0	2	0.009953	0	0	1.152	0.9027
0	2	2.044	1	1	0.7118	-0.2606
0	2	5.64	1	1	-0.06891	-1.074
0	2	0.5328	1	1	-1.033	-0.2606
0	2	5.666	1	1	1.962	-1.074
0	2	0.8094	0	0	2.165	0.4266
0	2	0.2914	0	0	0.4049	-0.577
0	2	0.4125	1	1	-0.04659	-0.8129
0	2	1.941	0	0	-2.158	-0.2606
0	2	1.934	0	0	2.138	-0.6922
0	2	0.8324	0	0	-0.05568	2.027
0	2	5.291	0	0	-0.4105	-1.074
0	2	0.668	1	0	0.5497	-0.2606
0	2	1.691	1	1	1.254	-0.07012
0	2	0.1405	0	0	-0.3395	-2.293
0	2	0.6408	1	0	-2.791	-0.2606
0	2	0.001893	1	0	-1.138	-0.6922
0	2	0.4559	0	1	0.9566	0.3504
0	2	5.45	1	1	0.7904	0.1907
0	2	0.2903	1	0	0.6416	-2.529
0	2	0.09099	1	0	0.1684	-1.879
0	2	5.917	0	0	0.1458	-0.1635
0	2	5.535	0	0	0.9574	-0.8129
1	2	0.3871	0	1	-0.6602	1.964
1	2	1.466	0	0	0.5661	0.551
1	2	1.007	0	0	0.8383	0.4623
1	2	1.064	1	1	-0.2023	0.07151
1	2	5.52	1	1	-0.9254	0.2747
1	2	0.4491	1	0	0.2954	0.4623
1	2	5.346	1	1	-0.3653	-0.9703
1	2	0.3846	1	0	0.6212	-0.2691
1	2	5.213	1	1	0.6395	-1.319
1	2	1.687	1	1	-0.9178	0.9514
1	2	0.5143	0	1	-0.2451	0.3703
1	2	1.859	1	0	-0.01895	1.539
1	2	0.9489	0	1	0.34	-1.959
1	2	0.9059	1	0	0.2881	0.2747
1	2	0.02961	0	0	-0.1281	0.7191
1	2	1.826	1	0	0.001448	1.295
1	2	0.3342	0	0	-0.2328	0.7191
1	2	5.392	0	0	1.016	1.024
1	2	1.842	1	1	-0.72	-0.03684
1	2	0.537	1	1	-0.1854	-1.959
1	2	0.729	0	0	-0.4321	0.551
1	2	0.9735	0	0	1.118	-0.2691
1	2	5.31	0	0	0.3896	0.2747
1	2	0.5716	1	1	0.118	-1.514
1	2	0.5304	1	1	-0.7343	-0.813
1	2	1.8	0	1	0.7746	0.8764
1	2	0.2085	1	1	-0.6726	-1.319
1	2	1.81	1	1	-1.96	-1.959
1	2	1.744	1	0	2.083	0.4623
1	2	0.2904	0	1	-0.7735	1.915
1	2	0.06229	0	1	0.7861	1.42
1	2	5.83	1	1	-0.0005572	-0.5259
1	2	0.1587	1	1	-0.8879	-0.6652
1	2	0.1382	1	1	1.299	-1.319
1	2	1.312	1	1	-0.561	-0.9703
1	2	1.238	0	1	1.611	-0.1502
1	2	2.187	0	1	0.7876	0.2747
1	2	0.138	0	0	-0.01066	0.7191
1	2	1.589	1	1	-1.21	-0.2691
1	2	0.1648	0	1	1.477	1.597
1	2	0.374	0	1	1.372	0.4623
1	2	0.528	0	1	1.072	-0.2691
1	2	5.732	0	0	1.145	-0.5259
1	2	5.386	0	0	0.07443	-0.5259
1	2	5.469	1	1	1.377	-1.514
1	2	0.914	0	1	1.189	-0.2691
1	2	0.2663	0	1	-1.172	1.095
1	2	5.258	0	0	0.2726	0.07151
1	2	0.7808	1	0	1.275	-0.9703
1	2	0.3013	1	1	0.8124	-0.03684
2	2	0.9061	0	1	-1.863	-1.683
2	2	0.2477	0	0	0.3311	-0.2314
2	2	1.343	0	0	-0.5559	-0.5828
2	2	0.6271	1	0	-0.3033	-0.4022
2	2	0.1464	0	0	-0.6662	0.2318
2	2	0.374	1	1	0.6599	-1.43
2	2	5.483	0	0	0.07564	-0.4022
2	2	1.734	1	1	0.6539	-2.259
2	2	1.039	1	1	0.8115	0.2318
2	2	0.6967	0	0	0.2489	0.8788
2	2	0.2381	0	0	1.918	0.3722
2	2	0.8169	1	1	-0.2979	1.315
2	2	5.526	1	1	1.164	-1.683
2	2	0.1013	0	1	1.047	-0.4022
2	2	0.2907	0	0	0.2418	0.8788
2	2	1.575	1	1	1.543	-0.5828
2	2	5.449	1	1	0.005151	-0.7744
2	2	0.6082	0	0	2.083	0.8788
2	2	0.3624	1	1	0.1875	-0.06936
2	2	0.2363	0	1	-0.4604	2.121
2	2	1.576	0	1	-0.02875	0.8788
2	2	0.5399	1	1	0.6048	0.6356
2	2	0.01718	0	0	-1.643	1.105
2	2	0.03018	0	1	0.07772	1.212
2	2	0.4895	1	1	-1.125	1.212
2	2	0.8717	0	0	-0.8112	1.315
2	2	1.151	1	1	-0.6873	0.9937
2	2	5.552	1	1	-0.5615	-0.9783
2	2	1.884	1	1	1.737	1.699
2	2	5.146	0	0	-0.5499	0.8788
2	2	0.3297	1	1	0.08978	0.08479
2	2	5.659	1	1	0.4499	0.6356
2	2	1.821	1	1	-0.6171	-2.259
2	2	0.864	0	1	0.7097	-0.5828
2	2	0.838	0	0	0.8906	0.3722
2	2	1.462	0	1	0.1764	0.6356
2	2	0.4466	0	1	-0.7447	-0.4022
2	2	5.134	0	0	-0.3986	0.3722
2	2	0.4939	0	1	-1.613	0.3722
2	2	0.2362	0	1	-0.9768	-0.4022
2	2	2.089	1	1	0.8515	-1.43
2	2	5.469	1	1	-0.6961	-0.4022
2	2	0.0584	0	0	1.252	1.212
2	2	2.223	1	1	-1.114	-1.43
2	2	0.4201	0	1	-2.15	-0.06936
2	2	1.974	1	1	3.328	-0.4022
2	2	0.3554	1	1	0.3825	-0.06936
2	2	5.554	1	1	0.8286	-0.2314
2	2	5.347	1	1	0.4398	-0.5828
2	2	0.1908	1	1	-2.113	-0.7744
3	2	1.787	0	1	0.3623	1.794
3	2	0.01095	0	1	-0.3448	-2.169
3	2	1.022	0	1	0.4056	0.4673
3	2	5.435	1	1	0.05059	-0.3943
3	2	0.08478	0	1	0.734	0.8093
3	2	5.476	1	1	-0.2811	-1.308
3	2	5.902	1	1	-0.2868	-1.131
3	2	5.605	1	1	-0.7349	-0.6641
3	2	1.478	1	1	-0.4003	-1.308
3	2	0.7811	0	0	-0.6871	0.5572
3	2	0.2733	0	1	0.8007	1.039
3	2	1.962	0	1	0.1743	0.4673
3	2	5.227	1	1	-0.4188	-0.3943
3	2	0.6273	0	0	1.669	0.5572
3	2	5.583	0	0	0.8051	-0.03642
3	2	0.1914	1	1	1.64	-1.498
3	2	1.293	0	1	2.584	-0.9658
3	2	0.3228	0	0	0.1625	0.07257
3	2	2.2	1	1	-2.366	-0.3943
3	2	2.329	0	0	0.2399	-0.6641
3	2	1.863	1	1	1.713	0.644
3	2	0.3738	0	1	-0.9843	1.181
3	2	0.8536	0	0	-0.6498	0.07257
3	2	0.7137	1	1	0.4186	-0.3943
3	2	0.4445	1	0	0.5379	0.4673
3	2	5.629	0	0	0.5746	-0.2694
3	2	0.8784	0	1	0.4646	-0.8105
3	2	1.044	0	0	-0.4817	-0.03642
3	2	5.2	0	0	0.5951	-0.5257
3	2	0.6738	0	1	1.688	1.381
3	2	0.09977	1	1	0.06737	0.07257
3	2	0.0002632	1	0	-1.497	1.181
3	2	2.038	1	1	-1.784	0.4673
3	2	0.1194	1	1	-1.919	-0.8105
3	2	0.5118	0	0	2.238	0.8881
3	2	0.4123	1	1	0.7827	-1.308
3	2	1.881	1	1	0.2155	-1.308
3	2	5.463	1	1	-0.03268	-0.5257
3	2	1.777	1	1	-1.703	1.249
3	2	0.9089	0	0	1.744	1.111
3	2	0.4798	1	1	-0.2636	0.644
3	2	1.396	1	1	-0.5414	0.644
3	2	5.572	1	1	-0.3487	-2.169
3	2	0.5047	0	1	0.6275	0.07257
3	2	0.7789	0	1	-2.654	-0.1503
3	2	2.045	1	1	-2.317	-1.308
3	2	0.2112	1	0	0.04673	1.952
3	2	1.038	0	0	-2.136	0.3742
3	2	1.126	1	0	-0.008954	2.003
3	2	0.4988	0	1	0.05036	0.3742
4	2	5.431	1	1	0.674	-1.641
4	2	1.616	0	0	0.9126	0.1963
4	2	1.111	0	0	0.3688	0.6348
4	2	0.2376	0	1	-1.09	-1.255
4	2	1.784	1	1	-0.1522	-1.442
4	2	1.739	0	0	1.135	0.6348
4	2	0.3036	0	0	-0.8937	0.8339
4	2	0.5579	0	0	0.05151	0.8339
4	2	1.861	0	0	0.3451	1.754
4	2	0.03425	1	1	0.8799	-0.9086
4	2	0.3776	1	1	-0.1626	0.3116
4	2	0.07325	1	0	0.04901	0.4229
4	2	1.89	0	0	-0.8483	-0.9086
4	2	1.051	1	0	0.07806	-1.077
4	2	5.629	0	0	-0.6303	-0.9086
4	2	1.082	1	1	0.05912	0.8339
4	2	5.23	1	1	-2.674	1.112
4	2	0.2375	1	0	-0.01941	0.3116
4	2	0.5725	0	1	0.223	1.368
4	2	0.9067	0	0	-0.75	0.7359
4	2	1.418	0	0	-1.066	2.413
4	2	2.263	0	0	0.3236	-0.7484
4	2	1.813	1	1	0.6031	-0.7484
4	2	0.04574	1	1	-0.3995	0.6348
4	2	1.729	1	1	0.6026	-0.9086
4	2	0.9182	1	0	0.9842	1.754
4	2	0.6394	0	1	-0.6586	0.3116
4	2	1.039	1	1	-0.92	-0.4496
4	2	1.19	1	1	-0.026	-1.077
4	2	1.903	1	0	-0.4306	-0.9086
4	2	5.596	0	0	1.379	0.1963
4	2	0.8155	0	1	-0.7008	-0.3099
4	2	5.813	1	1	-1.118	-0.9086
4	2	1.026	0	0	0.3279	1.368
4	2	0.4184	1	0	1.037	1.022
4	2	5.033	0	0	-0.6225	-0.5956
4	2	0.9297	0	1	0.8669	1.199
4	2	5.302	1	1	0.534	-1.442
4	2	5.734	0	0	0.3995	-0.4496
4	2	0.4373	0	1	-3.242	-1.442
4	2	0.5324	1	1	0.1695	-0.1758
4	2	0.454	0	1	1.059	-0.1758
4	2	0.2817	0	1	1.076	-0.1758
4	2	0.6187	0	1	-0.4291	1.681
4	2	1.203	1	1	0.5297	0.6348
4	2	5.6	1	1	-0.2765	-0.9086
4	2	0.1663	1	1	-1.325	0.6348
4	2	0.2536	1	1	-1.89	-0.9086
4	2	5.235	0	0	2.498	-0.9086
4	2	0.02527	1	1	-0.06169	-0.4496
5	2	5.588	0	0	-0.3555	0.1968
5	2	0.644	1	0	-0.0261	-0.4072
5	2	0.9725	0	0	-1.588	0.6082
5	2	0.866	1	1	-0.6587	-1.539
5	2	0.3702	0	1	0.06162	0.3695
5	2	0.2173	0	1	0.01336	-0.6459
5	2	1.863	0	1	-0.3849	0.2846
5	2	0.1091	1	1	-0.3922	2.267
5	2	0.6695	1	1	-0.7262	2.105
5	2	0.2353	1	1	0.5993	0.7556
5	2	0.6166	1	1	-0.004508	-0.7744
5	2	5.481	1	1	0.3756	-1.053
5	2	0.6558	1	1	0.6203	-1.053
5	2	0.9348	0	1	-0.3142	1.494
5	2	0.2883	0	1	-0.2561	-1.205
5	2	2.034	0	1	0.1966	-1.725
5	2	5.377	1	1	0.02309	0.1968
5	2	0.8741	0	1	1.051	0.5312
5	2	0.4576	1	0	-2.339	0.5312
5	2	5.483	0	0	-0.6227	0.6082
5	2	5.452	0	0	-1.098	1.329
5	2	0.651	1	0	1.259	0.8948
5	2	0.04443	0	0	1.155	1.888
5	2	0.4812	0	1	1.088	1.09
5	2	1.907	1	1	-0.6362	0.01115
5	2	0.3149	0	1	-2.547	0.5312
5	2	1.104	0	0	0.2167	0.2846
5	2	1.575	1	1	0.2278	-0.08707
5	2	1.912	0	0	0.8878	0.7556
5	2	5.575	0	0	0.8518	0.1057
5	2	1.739	1	1	-0.3533	-0.6459
5	2	1.842	0	0	-0.3843	0.1057
5	2	1.228	1	1	0.1748	-0.7744
5	2	1.959	0	0	0.8753	-0.4072
5	2	0.4088	1	1	0.2983	-1.205
5	2	0.5741	1	1	-0.3886	-0.1893
5	2	0.4314	0	0	-0.04187	-1.053
5	2	1.646	1	1	-0.2848	-1.053
5	2	5.845	1	1	0.001243	-0.9098
5	2	5.682	0	0	-0.411	-0.6459
5	2	1.043	0	1	1.983	1.271
5	2	5.482	1	1	0.4361	-1.925
5	2	0.8404	1	1	-0.07807	-1.539
5	2	1.04	1	1	0.7415	-0.6459
5	2	0.4944	0	0	-0.6259	0.3695
5	2	0.3052	1	1	-1.354	-0.5237
5	2	0.1261	1	1	-2.831	1.152
5	2	5.271	0	0	-1.315	-0.5237
5	2	0.1929	0	1	-1.506	-0.2959
5	2	1.963	1	1	0.3991	1.09
6	2	2.17	1	1	-0.5769	-1.855
6	2	0.8051	0	0	0.06097	1.205
6	2	0.8189	0	0	-0.3087	0.3165
6	2	5.347	0	0	0.8005	-0.9891
6	2	0.04832	0	0	-0.2657	-1.485
6	2	0.4847	0	0	0.5133	0.3165
6	2	0.5082	0	0	0.7168	0.3165
6	2	0.02045	0	0	0.2114	0.5322
6	2	1.898	0	0	-1.867	0.0882
6	2	2.079	1	1	-0.1518	0.0882
6	2	5.206	0	0	0.9127	0.6356
6	2	0.19	0	1	-0.2613	1.024
6	2	5.25	1	1	-2.315	-0.1544
6	2	0.7256	1	1	0.7039	-0.9891
6	2	2.114	1	1	1.223	-0.5494
6	2	1.855	1	1	1.259	1.777
6	2	5.438	1	1	-0.419	-0.4132
6	2	2.001	1	0	1.011	0.6356
6	2	5.41	0	0	0.64	-0.6905
6	2	1.812	1	1	1.588	-1.313
6	2	0.5045	1	1	-0.05434	0.4258
6	2	0.2618	1	0	-0.1544	0.6356
6	2	0.9425	1	1	-0.1425	-0.2816
6	2	0.4423	0	0	-0.8691	-0.1544
6	2	5.501	1	1	-0.3765	-0.9891
6	2	0.4465	0	0	0.2015	1.777
6	2	0.1668	1	0	0.1621	-0.4132
6	2	0.8962	1	1	-0.3084	-0.6905
6	2	5.798	0	0	-0.9515	-1.485
6	2	0.8165	0	1	-0.2247	1.292
6	2	1.24	1	1	0.6686	0.6356
6	2	0.6079	0	1	-0.4272	-0.2816
6	2	0.4094	0	1	0.7676	-1.485
6	2	0.3969	0	1	-0.2766	0.5322
6	2	5.958	0	0	0.06468	-0.6905
6	2	0.0254	1	1	1.264	1.292
6	2	5.497	1	1	-0.2753	0.6356
6	2	0.8708	1	0	2.219	3.169
6	2	0.2662	0	1	-0.9713	1.024
6	2	0.7478	1	1	-0.885	0.8347
6	2	1.099	0	1	1.536	0.8347
6	2	2.296	1	1	0.588	-0.9891
6	2	0.4887	1	1	0.6898	-0.6905
6	2	0.4942	1	1	0.2381	-1.313
6	2	1.789	1	1	1.117	-0.03121
6	2	1.593	1	1	1.278	-0.5494
6	2	0.4785	0	0	0.2293	0.3165
6	2	0.2688	0	0	-0.9415	-0.9891
6	2	5.641	0	0	-0.05783	-0.8369
6	2	0.7435	0	0	1.35	-0.03121
7	2	5.42	1	1	-2.19	-0.02569
7	2	1.906	0	0	0.1866	-1.053
7	2	1.288	1	1	-0.2894	-0.3812
7	2	0.9331	1	1	-0.3594	0.4048
7	2	1.986	1	1	0.1385	-0.02569
7	2	0.4706	1	1	0.2343	0.08625
7	2	0.2168	1	1	0.03626	0.4048
7	2	0.6898	0	0	-0.3433	-0.9091
7	2	5.355	1	1	-0.64	1.234
7	2	0.3039	0	1	-0.3188	0.3013
7	2	0.6319	0	0	0.3522	0.7942
7	2	5.59	0	0	-0.4375	-1.856
7	2	1.741	0	1	-2.36	-0.1408
7	2	0.08793	1	1	1.788	0.886
7	2	5.778	0	0	-0.8443	-1.682
7	2	1.758	1	1	-0.07283	-0.1408
7	2	0.9013	0	1	-0.2465	-0.9091
7	2	1.698	1	1	0.1242	0.1952
7	2	1.054	1	1	-0.3854	-0.3812
7	2	5.352	1	1	-0.5075	-1.201
7	2	0.222	1	0	0.9607	1.555
7	2	0.8441	0	1	-0.3007	1.923
7	2	0.1692	0	1	-1.289	-1.201
7	2	0.1988	0	0	-0.6044	1.631
7	2	5.321	0	0	0.9672	-0.1408
7	2	0.5537	0	0	-1.13	0.08625
7	2	0.5498	0	1	-0.5276	-0.7706
7	2	5.415	0	0	-0.2172	-0.5069
7	2	0.2317	1	1	-0.9427	0.4048
7	2	0.138	1	1	1.329	-0.6366
7	2	0.1958	0	1	0.1609	0.08625
7	2	0.09997	1	1	-1.478	-0.3812
7	2	1.878	0	0	0.8087	-1.856
7	2	1.987	1	1	2.179	-1.856
7	2	0.08693	1	1	-2.666	0.6041
7	2	5.266	1	1	2.039	0.6041
7	2	5.454	0	0	0.9246	-1.053
7	2	1.579	1	1	-0.3455	-0.1408
7	2	1.799	1	1	-0.4788	1.15
7	2	0.02823	1	0	-0.3827	-1.201
7	2	0.01435	0	0	0.6692	0.9758
7	2	1.814	0	0	0.4894	-1.516
7	2	0.3563	0	0	0.5675	-0.1408
7	2	0.45	0	0	1.81	1.706
7	2	5.488	1	1	1.969	0.4048
7	2	0.7933	0	1	0.2748	0.1952
7	2	0.5506	0	1	-2.767	1.064
7	2	0.7748	1	1	1.044	1.555
7	2	0.46	1	0	2.229	0.3013
7	2	0.8452	0	0	0.7849	1.555
8	2	1.765	0	0	0.1639	0.6621
8	2	5.451	0	0	-0.05644	-1.775
8	2	2.155	1	1	0.7939	1.341
8	2	1.407	0	0	-1.901	0.6621
8	2	5.374	1	1	0.3089	1.015
8	2	5.629	0	0	0.7461	-1.019
8	2	0.7253	0	0	1.879	-1.305
8	2	2.198	1	1	0.8987	0.9297
8	2	0.3072	1	1	0.2182	-0.38
8	2	0.9282	1	0	-0.5723	2.611
8	2	5.202	0	0	-2.333	-1.019
8	2	2.048	0	0	-0.02349	1.494
8	2	0.7241	1	1	0.3875	1.015
8	2	1.021	1	1	0.7468	-0.38
8	2	0.2407	0	0	0.8535	-0.38
8	2	0.01538	0	1	-1.741	0.7532
8	2	5.478	1	1	-0.3071	1.418
8	2	1.503	0	1	1.165	2.374
8	2	0.1289	0	1	-0.065	0.376
8	2	1.344	0	0	0.2749	0.5689
8	2	5.402	1	1	0.6953	0.5689
8	2	0.9356	1	1	-0.2372	-0.2632
8	2	0.1718	1	1	0.1937	-0.03898
8	2	0.08286	1	0	-0.8151	-0.38
8	2	1.624	1	1	-1.976	-1.775
8	2	5.907	1	1	0.9698	0.4736
8	2	1.06	1	1	-0.6598	-0.38
8	2	0.4103	0	0	-0.7976	0.1737
8	2	0.4833	1	0	-0.3775	0.6621
8	2	0.4783	1	0	-0.02456	-0.7516
8	2	0.8683	0	1	0.06148	-1.019
8	2	0.02176	1	1	1.095	-0.38
8	2	1.521	0	0	-0.4524	-0.624
8	2	5.187	0	0	-1.565	-1.305
8	2	5.232	1	1	-0.9825	0.376
8	2	0.7619	1	1	0.6008	-0.2632
8	2	1.148	1	1	0.01142	-1.775
8	2	0.2625	1	0	1.087	0.6621
8	2	0.3346	0	1	-0.2564	0.06872
8	2	0.727	1	1	0.003243	-0.03898
8	2	1.909	0	0	-2.723	-0.38
8	2	0.446	0	0	1.234	-1.16
8	2	0.1636	1	1	-0.755	-0.5002
8	2	1.779	0	0	-0.2954	-0.624
8	2	5.378	1	1	-0.4625	-0.03898
8	2	0.6073	0	1	-0.1801	1.099
8	2	0.2737	0	0	-2.206	-1.305
8	2	0.4746	0	0	1.593	-1.019
8	2	1.123	0	0	0.2233	-0.03898
8	2	0.2115	0	0	-1.493	1.015
9	2	0.2402	1	1	-0.2975	0.2843
9	2	0.4278	1	0	1.273	1.573
9	2	0.155	0	0	1.308	-0.1739
9	2	0.1588	1	1	0.7859	1.223
9	2	0.6877	1	1	1.849	0.2843
9	2	0.3353	0	0	-0.4081	-0.1739
9	2	1.058	1	1	-0.6138	-0.1739
9	2	1.131	0	0	-1.003	0.896
9	2	5.282	0	0	0.5565	-0.1739
9	2	1.484	0	0	-0.00415	1.461
9	2	0.6487	0	1	0.5566	0.896
9	2	1.913	0	0	-0.1386	-0.7157
9	2	0.5211	0	1	0.7821	1.031
9	2	0.415	1	0	1.07	2.509
9	2	5.16	0	0	-1.003	-0.837
9	2	5.405	1	1	-1.973	-0.7157
9	2	1.97	0	0	-0.6204	0.5287
9	2	0.1661	1	1	-1.085	0.2843
9	2	0.1838	1	0	-1.46	-0.07642
9	2	5.025	1	1	0.1896	0.4494
9	2	1.962	1	1	-1.493	1.223
9	2	5.261	1	1	0.07584	-0.1739
9	2	0.5448	0	1	-1.617	0.6811
9	2	0.4358	1	1	-0.3132	1.096
9	2	0.6289	1	1	2.076	0.1981
9	2	2.457	1	1	0.7992	0.6811
9	2	0.7314	0	0	-0.1551	-2.897
9	2	1.993	0	0	-0.7856	-1.096
9	2	1.135	0	0	-1.352	-1.379
9	2	5.359	1	1	0.7805	0.8261
9	2	0.01499	0	0	-0.07224	-0.7157
9	2	2.067	0	0	-2.325	-2.042
9	2	0.6062	0	0	0.7773	0.5287
9	2	0.435	1	1	-2.034	-1.379
9	2	0.3269	0	0	-0.3787	-0.2746
9	2	0.5749	1	0	-0.3988	-0.1739
9	2	1.431	0	0	-0.493	0.9643
9	2	0.8686	0	0	0.8168	0.6811
9	2	5.601	1	1	-0.2356	-0.487
9	2	1.828	1	1	1.476	-0.1739
9	2	0.8674	1	0	-0.5683	0.4494
9	2	1.367	1	1	-0.5008	-0.9635
9	2	5.224	1	1	-0.04231	-1.692
9	2	0.3516	0	1	0.3448	0.4494
9	2	0.8799	0	1	-2.014	-0.7157
9	2	0.5778	1	0	-0.661	-0.837
9	2	5.808	0	0	1.111	-1.096
9	2	5.46	1	1	1.158	-0.1739
9	2	0.9442	0	1	0.007804	0.8261
9	2	0.1068	0	1	-0.709	-0.7157
10	3	1.753	0	1	0.9002	0.7316
10	3	2.009	1	1	0.6882	-0.3304
10	3	5.33	0	0	0.01304	-0.5898
10	3	0.6399	1	0	-0.3927	0.8214
10	3	0.4041	1	0	0.4911	0.7316
10	3	5.374	0	0	-1.868	0.02471
10	3	0.6631	0	0	0.7536	2.471
10	3	0.8694	1	1	-3.672	1.391
10	3	0.1832	0	1	-0.4825	-0.4576
10	3	1.977	0	0	-0.5758	-0.3304
10	3	5.515	1	1	-0.07462	-2.311
10	3	0.5917	0	1	-0.1926	1.879
10	3	5.628	1	1	-0.5419	0.02471
10	3	0.8007	1	1	-0.118	-1.89
10	3	0.9516	0	1	-0.1883	1.879
10	3	0.273	1	0	-1.151	-0.5898
10	3	0.9774	0	1	-0.534	1.078
10	3	0.5952	0	1	-0.5385	0.9943
10	3	0.7269	1	1	0.5025	-0.3304
10	3	1.833	1	1	-0.1946	0.02471
10	3	0.4199	1	1	-2.541	-1.515
10	3	1.185	0	0	0.7134	-0.8708
10	3	0.3561	0	0	0.9762	-0.7274
10	3	0.1966	1	0	-0.08536	0.7316
10	3	0.3291	1	0	-0.295	-0.8708
10	3	5.642	0	0	-0.07017	-0.5898
10	3	1.318	1	1	0.3775	0.02471
10	3	0.3501	1	0	-1.004	-0.2078
10	3	5.389	0	0	0.7541	-0.3304
10	3	0.2493	1	0	0.9552	-0.4576
10	3	0.1474	0	0	-1.36	-1.342
10	3	0.4802	0	0	-0.937	-1.021
10	3	0.9765	1	0	-1.126	0.2422
10	3	1.412	0	0	0.2974	-0.3304
10	3	1.588	1	1	-0.008902	-0.3304
10	3	5.671	1	1	-4.437	0.4466
10	3	0.6206	0	0	1.693	2.068
10	3	1.648	1	0	2.25	1.316
10	3	0.5143	0	0	0.4682	0.9943
10	3	1.814	1	0	-0.5408	0.5443
10	3	0.1243	1	0	1.149	-0.8708
10	3	1.83	0	0	-0.8283	0.6392
10	3	5.579	1	1	-1.232	-1.342
10	3	0.05223	0	1	-1.089	0.5443
10	3	2.396	1	1	-0.2498	0.02471
10	3	5.252	0	0	0.09834	-0.4576
10	3	0.7615	0	0	0.1583	-0.5898
10	3	0.683	1	0	-0.321	0.1352
10	3	0.7681	0	0	0.1634	-0.2078
10	3	5.34	0	0	-1.346	-0.8708
11	3	0.1112	1	1	-0.3959	-0.4442
11	3	0.1794	1	0	-0.8066	-3.125
11	3	5.133	0	0	-0.1686	-1.733
11	3	0.479	0	0	0.642	0.5075
11	3	0.5069	1	1	-0.5898	-0.8761
11	3	0.3023	1	1	-0.3215	0.2917
11	3	5.821	1	1	0.4384	-1.195
11	3	0.04239	0	0	1.529	-1.733
11	3	5.514	0	0	0.456	-1.032
11	3	1.654	1	1	1.255	0.1789
11	3	0.8636	1	1	-0.5282	0.9044
11	3	0.5806	0	0	0.2724	1.429
11	3	1.053	0	0	0.5141	0.2917
11	3	0.1927	0	0	-1.497	-0.05778
11	3	5.614	1	1	2.358	0.4012
11	3	0.4012	0	1	0.2545	0.8091
11	3	1.692	1	1	-0.2355	0.2917
11	3	0.02934	0	1	-1.352	0.8091
11	3	0.9064	1	0	2.205	1.347
11	3	2.015	0	0	-0.2745	1.176
11	3	1.146	1	0	1.075	0.4012
11	3	1.924	1	1	-0.3017	1.176
11	3	1.592	1	0	-0.345	0.5075
11	3	1.057	1	1	-0.5851	0.06246
11	3	2.081	0	0	-0.7496	-1.032
11	3	5.511	0	0	0.5208	-1.032
11	3	0.1771	0	1	0.1808	0.6108
11	3	5.619	1	1	-0.1899	0.9044
11	3	5.635	0	0	1.755	-1.195
11	3	0.6957	0	0	1.779	-1.931
11	3	1.723	0	0	1.869	-1.545
11	3	0.5527	1	0	-1.142	0.7113
11	3	5.484	1	1	-1.199	1.176
11	3	0.6086	1	1	0.3441	0.9044
11	3	2.134	0	0	0.4841	-0.7264
11	3	1.912	0	0	0.8057	-0.1821
11	3	0.04823	0	0	1.4	0.5075
11	3	5.291	0	0	0.006479	-1.032
11	3	0.6388	1	1	0.1183	1.262
11	3	0.5125	1	0	0.04022	-0.4442
11	3	1.883	1	1	-0.1486	0.5075
11	3	0.7962	1	0	1.775	-0.3108
11	3	0.1913	1	1	2.207	0.9044
11	3	0.5786	1	1	0.2084	0.6108
11	3	0.5097	0	1	1.988	0.2917
11	3	0.306	0	0	0.1309	-1.032
11	3	0.1036	0	0	2.08	0.4012
11	3	5.277	1	1	-1.22	0.06246
11	3	0.3221	0	1	-0.0797	0.7113
11	3	0.4351	0	1	0.6867	0.5075
12	3	0.5456	0	0	-0.6608	-0.0006046
12	3	0.5853	0	1	0.5359	1.76
12	3	0.9597	1	0	-0.2409	0.8276
12	3	1.613	0	0	0.7663	-0.7307
12	3	1.303	1	1	0.06636	0.8276
12	3	5.409	0	0	-0.2061	-0.0006046
12	3	0.3857	0	0	0.2893	-1.853
12	3	2.013	0	0	-0.4895	-2.848
12	3	5.398	0	0	1.512	-0.8956
12	3	1.132	1	1	0.313	-0.1356
12	3	1.11	0	0	0.2919	1.133
12	3	5.375	0	0	-1.971	-1.068
12	3	5.1	1	1	0.5309	1.133
12	3	0.5936	0	0	1.622	0.2555
12	3	0.1832	0	0	-0.01869	-0.8956
12	3	5.291	0	0	0.02186	-2.317
12	3	2.138	1	1	0.4403	0.1296
12	3	1.654	1	1	-0.3274	-1.853
12	3	0.1204	1	0	0.2972	-0.0006046
12	3	1.843	1	1	0.2049	-0.1356
12	3	0.1366	0	0	-0.2847	0.3771
12	3	0.1396	0	1	0.1307	-0.2756
12	3	0.2314	1	1	-0.8628	0.2555
12	3	2.048	1	1	0.3943	-0.1356
12	3	5.322	0	0	0.1478	0.2555
12	3	0.1257	0	1	-0.1669	2.151
12	3	0.8014	1	1	0.02262	1.034
12	3	0.5653	0	0	0.5831	0.3771
12	3	0.0174	1	1	0.4543	1.034
12	3	0.5659	1	1	-0.7861	-1.068
12	3	1.883	0	1	-0.3743	0.8276
12	3	2.067	1	1	0.235	1.677
12	3	1.886	1	0	-0.408	-0.2756
12	3	0.5017	1	1	0.6997	-0.7307
12	3	0.9425	0	0	0.3225	-0.0006046
12	3	1.041	1	1	0.6595	0.9321
12	3	0.6585	1	0	1.867	0.8276
12	3	1.149	1	1	0.5171	0.8276
12	3	5.26	1	1	-0.6375	-0.4212
12	3	0.4196	1	1	1.105	-0.4212
12	3	0.8984	0	1	0.334	0.3771
12	3	0.3585	1	1	-0.4624	-0.1356
12	3	0.7102	1	1	-1.25	-0.0006046
12	3	5.398	0	0	-0.8326	-0.7307
12	3	2.123	1	1	1.836	-0.8956
12	3	5.297	0	0	0.6444	-0.4212
12	3	0.7518	1	1	0.186	0.1296
12	3	0.5283	0	1	0.38	1.415
12	3	0.2975	0	1	-0.6341	0.2555
12	3	5.268	0	0	0.7849	-0.5727
13	3	0.3367	1	1	-2.846	0.1945
13	3	1.795	1	1	0.3859	0.3394
13	3	0.691	0	0	-1.524	-0.111
13	3	5.188	1	1	0.1702	0.04445
13	3	5.48	0	0	0.1428	-1.844
13	3	1.131	1	1	-0.8183	0.6153
13	3	0.688	1	1	0.09787	1.35
13	3	0.3272	1	0	1.663	1.236
13	3	1.761	1	1	-0.9777	0.04445
13	3	0.9349	1	0	-0.6678	-2.089
13	3	2.123	0	0	-0.6435	1.236
13	3	0.8037	0	0	-0.2576	1.569
13	3	5.502	1	1	0.6436	0.3394
13	3	0.1624	0	0	0.3664	0.3394
13	3	1.926	1	1	0.7611	-0.111
13	3	0.5216	1	1	-0.3692	0.8745
13	3	5.576	0	0	-0.05523	0.3394
13	3	0.6632	1	0	-0.3818	1.569
13	3	5.333	1	1	1.334	0.04445
13	3	0.05291	0	0	2.274	-0.7965
13	3	0.1511	0	1	-0.09347	1.569
13	3	5.693	0	0	0.4746	0.04445
13	3	0.6734	0	0	0.05625	-0.44
13	3	0.6152	0	1	-1.193	-0.7965
13	3	2.032	0	0	-0.6816	-0.44
13	3	0.2094	1	0	1.263	-1.394
13	3	5.482	0	0	-0.4063	-1.844
13	3	0.6414	0	0	0.6872	0.9984
13	3	0.03492	0	1	0.7072	1.236
13	3	0.2181	1	0	1.187	-0.7965
13	3	0.2137	1	1	0.8181	0.04445
13	3	1.118	1	1	-0.07289	-0.111
13	3	1.935	0	0	0.3393	-1.613
13	3	5.201	0	0	0.06263	-0.7965
13	3	0.3222	1	0	-0.5755	-0.7965
13	3	0.4306	1	1	0.784	0.9984
13	3	1.789	0	0	-0.02206	-1.394
13	3	5.411	1	1	-0.3713	-1.394
13	3	0.8441	0	0	0.0485	-0.44
13	3	1.994	0	0	0.5705	-0.6146
13	3	0.9303	0	1	0.07644	0.7469
13	3	0.9105	0	1	0.3579	1.119
13	3	0.5282	0	0	-0.03611	0.4796
13	3	5.129	1	1	-2.893	-1.394
13	3	0.678	1	0	0.206	-1.185
13	3	1.281	0	0	0.4171	0.9984
13	3	2.03	1	1	0.3881	1.35
13	3	0.6911	1	1	0.1275	-0.2724
13	3	0.3229	1	0	0.8857	0.6153
13	3	1.882	0	0	0.5271	0.3394
14	3	1.679	0	1	-0.0253	0.9472
14	3	0.7008	1	1	0.08696	-0.4378
14	3	5.611	1	1	0.1917	-0.5718
14	3	2.401	0	0	-0.5049	0.05101
14	3	0.0392	1	0	-0.1935	-0.1847
14	3	0.3231	0	1	-0.4907	-0.1847
14	3	1.488	1	1	-0.8385	0.05101
14	3	0.6979	0	1	0.543	-0.1847
14	3	0.06476	0	1	-0.1857	0.05101
14	3	1.089	0	0	1.439	0.2715
14	3	0.6401	1	1	0.5191	1.436
14	3	5.425	0	0	-0.137	-0.3089
14	3	5.371	0	0	0.2678	-1.008
14	3	0.597	0	0	0.3104	1.118
14	3	0.1191	1	0	0.8427	0.7674
14	3	0.1451	0	1	-0.4627	-0.06479
14	3	0.2663	1	0	-0.3296	-1.694
14	3	0.2312	1	0	0.4093	-0.5718
14	3	1.993	0	0	0.01847	-1.694
14	3	5.596	0	0	-0.6917	-1.334
14	3	0.6044	1	1	-0.6069	0.2715
14	3	0.562	0	1	0.9063	0.2715
14	3	0.5247	1	1	-0.01889	-0.3089
14	3	0.3759	0	0	0.02362	-1.334
14	3	5.529	0	0	0.2055	-1.889
14	3	1.81	1	1	-1.647	0.05101
14	3	5.695	1	1	-0.1207	0.2715
14	3	0.4675	0	1	0.5305	0.05101
14	3	2.211	0	1	-0.09928	2.059
14	3	5.009	0	0	-0.5989	-1.889
14	3	0.7236	0	1	0.603	-0.3089
14	3	1.011	1	1	0.02754	0.05101
14	3	1.909	0	0	0.7973	-0.1847
14	3	0.6735	1	1	0.05054	0.05101
14	3	0.3256	1	1	0.1777	-0.1847
14	3	1.067	0	0	0.7286	-0.3089
14	3	5.222	1	1	0.01297	0.7674
14	3	0.3679	1	0	0.5297	0.9472
14	3	1.167	0	0	-0.9047	-0.8566
14	3	0.1555	0	1	0.4499	0.8585
14	3	4.924	1	1	0.04714	0.2715
14	3	0.6658	0	1	0.7735	0.6738
14	3	0.001304	0	1	0.5019	3.401
14	3	1.765	1	1	-0.2749	1.796
14	3	1.88	1	1	0.2987	0.7674
14	3	0.4639	1	1	0.7852	-0.8566
14	3	1.553	1	1	-0.2793	-0.3089
14	3	0.5856	1	0	0.8171	0.2715
14	3	5.484	1	1	-2.211	0.4785
14	3	1.455	1	0	1.392	-1.334
15	3	0.5243	0	1	0.2433	1.2
15	3	1.047	1	1	1.144	0.548
15	3	5.741	0	0	-2.039	-0.6835
15	3	5.39	0	0	-0.2249	-1.667
15	3	5.273	0	0	-0.5893	-1.301
15	3	0.5523	0	1	0.2665	0.2602
15	3	0.3996	1	1	0.7665	0.05129
15	3	0.9727	0	0	-0.2203	-1.134
15	3	0.4071	1	0	0.508	1.343
15	3	5.147	0	0	-0.4284	-1.301
15	3	5.299	0	0	0.7107	-0.8261
15	3	0.183	1	0	0.1954	-0.5475
15	3	0.05425	0	0	0.8978	0.9725
15	3	5.523	0	0	0.4136	-0.6835
15	3	0.4386	0	1	-1.062	1.479
15	3	0.2992	1	0	0.7709	-0.4175
15	3	0.2697	1	1	0.2076	0.3593
15	3	1.684	0	0	0.1486	-0.4175
15	3	2.065	1	1	0.9167	-0.4175
15	3	0.5529	1	1	0.56	1.126
15	3	1.857	0	0	-0.00249	-2.32
15	3	1.072	1	0	0.9137	1.343
15	3	5.185	1	1	-0.6965	0.638
15	3	0.3387	0	1	0.5617	1.734
15	3	0.1	1	1	-1.225	0.548
15	3	5.27	1	1	0.2079	0.9725
15	3	1.577	1	1	0.5604	-0.1737
15	3	1.096	0	0	-0.07814	-0.4175
15	3	1.714	0	0	-0.2231	-0.8261
15	3	0.02909	0	0	-0.7907	-1.667
15	3	0.5704	1	1	0.03822	0.05129
15	3	0.258	0	0	-0.9469	-0.5475
15	3	1.325	1	1	0.163	-0.4175
15	3	0.6397	1	0	-0.1388	0.4552
15	3	5.474	1	0	1.315	-2.086
15	3	0.7104	1	1	-0.2662	0.81
15	3	1.039	1	1	-0.5295	0.81
15	3	0.3121	0	1	0.7596	2.023
15	3	0.01169	0	0	-1.589	0.7253
15	3	1.809	1	1	0.5979	0.05129
15	3	1.614	0	0	0.4694	0.548
15	3	1.875	1	1	1.304	-0.1737
15	3	0.321	0	0	0.2788	-0.2931
15	3	5.602	1	1	-0.4324	-0.4175
15	3	1.707	1	1	-0.2088	0.3593
15	3	0.3362	0	0	1.037	-0.8261
15	3	0.4913	1	1	1.282	0.3593
15	3	1.096	1	1	0.9054	-0.8261
15	3	1.861	0	0	-0.7005	-0.1737
15	3	0.2812	0	0	0.3777	1.794
16	3	0.8133	1	1	-0.5138	1.016
16	3	0.4576	1	0	1.732	-1.627
16	3	0.8353	0	0	-0.9497	-1.417
16	3	0.9982	1	0	-0.4253	-0.3645
16	3	0.8975	0	0	0.4895	-1.417
16	3	5.724	0	0	0.8764	-0.8532
16	3	0.5481	1	0	0.1222	1.016
16	3	0.4986	1	1	-0.0227	-0.3645
16	3	0.2392	1	1	-2.803	-0.07159
16	3	0.4767	0	1	0.3611	-0.2151
16	3	0.1035	0	0	0.7359	-1.22
16	3	0.2883	0	1	0.2892	1.595
16	3	0.4221	0	1	0.1981	1.016
16	3	0.6677	0	1	-0.07632	1.317
16	3	0.7358	0	1	0.3042	0.4521
16	3	0.04765	1	0	-0.6604	0.5722
16	3	1.002	1	1	0.4862	-0.3645
16	3	5.393	1	1	-0.03467	-0.2151
16	3	0.6144	0	0	0.1447	0.801
16	3	1.589	1	1	-0.959	0.801
16	3	0.9831	1	0	2.019	0.06654
16	3	5.514	1	1	-0.1449	0.06654
16	3	0.5315	0	1	-0.3331	-0.5203
16	3	5.543	0	0	-0.8613	-1.417
16	3	1.568	1	1	1.027	1.595
16	3	0.8801	1	1	1.029	-0.8532
16	3	5.157	0	0	-0.1333	-0.2151
16	3	1.912	0	0	1.649	2.172
16	3	1.657	1	1	-0.3588	-0.3645
16	3	5.578	0	0	-1.472	-1.032
16	3	0.1229	1	0	0.3984	0.4521
16	3	1.811	1	1	0.002335	-0.07159
16	3	0.1756	0	1	-0.2288	-0.2151
16	3	5.036	1	1	-0.5443	1.22
16	3	2.105	0	0	-1.023	-0.2151
16	3	5.233	0	0	-0.2347	-1.032
16	3	1.712	0	0	0.3978	-0.5203
16	3	0.07409	0	0	0.4798	-0.683
16	3	2.062	0	0	0.7764	-2.085
16	3	5.46	1	1	0.1399	-0.2151
16	3	0.8922	0	0	-0.07739	-1.627
16	3	0.9485	1	1	-0.2547	2.172
16	3	0.2042	1	1	-1.364	1.684
16	3	1.894	0	0	0.6692	0.3281
16	3	1.944	1	1	0.8505	-0.2151
16	3	0.3165	0	0	0.3927	-0.2151
16	3	0.6705	1	0	-0.8072	1.22
16	3	5.778	1	1	0.5694	0.06654
16	3	0.7929	1	1	1.114	-0.07159
16	3	0.6767	0	0	-0.7827	0.06654
17	3	0.1749	0	1	0.3225	1.287
17	3	1.982	1	0	-0.397	2.718
17	3	2.091	1	0	-0.292	1.487
17	3	0.5713	0	1	-0.1897	0.7381
17	3	0.3033	0	1	0.4677	0.3657
17	3	0.4145	1	0	-0.6184	-0.3504
17	3	1.871	0	0	-0.6932	0.2329
17	3	5.213	1	1	-0.6671	0.7381
17	3	0.3172	0	0	-0.9348	-0.5114
17	3	0.563	0	0	-0.7717	0.7381
17	3	1.341	0	1	-0.3439	0.8546
17	3	0.1366	0	0	-0.7731	0.09529
17	3	1.262	1	0	-0.1001	0.4939
17	3	0.631	1	1	-0.2936	0.618
17	3	5.402	0	0	-0.02958	-0.3504
17	3	0.1615	0	1	-0.1373	-0.1959
17	3	1.748	1	1	0.0429	-0.3504
17	3	5.176	0	0	-1.108	-1.04
17	3	0.8108	1	0	-0.06995	1.077
17	3	5.447	0	0	-0.1971	-1.655
17	3	0.6705	1	1	0.6718	-0.3504
17	3	1.662	0	0	-0.3437	0.4939
17	3	0.7415	1	1	0.4809	0.4939
17	3	0.6976	1	1	-0.4654	-0.1959
17	3	0.2811	1	1	-0.8279	0.2329
17	3	1.192	0	0	-1.093	-0.1959
17	3	5.655	0	0	-0.2285	-2.129
17	3	5.356	1	1	-0.3953	-0.6796
17	3	0.1915	1	1	-1.403	0.2329
17	3	0.3024	1	1	1.374	1.582
17	3	0.45	1	0	2.25	0.09529
17	3	0.6447	0	0	0.5459	1.582
17	3	1.474	1	1	-0.6024	-0.1959
17	3	0.6247	1	1	-0.822	-0.5114
17	3	1.869	1	1	0.1618	1.077
17	3	0.8872	0	1	0.02615	-1.439
17	3	0.9947	0	0	0.1185	-1.885
17	3	0.1573	1	0	-0.5955	-0.6796
17	3	5.481	0	0	-0.516	-1.04
17	3	0.934	1	1	-1.578	-1.234
17	3	5.456	0	0	-4.139	-0.8556
17	3	1.813	1	0	0.6686	0.3657
17	3	0.4211	0	1	-1.969	0.2329
17	3	0.2426	0	0	0.534	-1.439
17	3	1.149	0	1	0.7073	0.7381
17	3	5.492	0	0	1.237	-2.129
17	3	1.684	1	1	1.452	0.4939
17	3	5.666	0	0	-0.4434	-0.1959
17	3	0.3643	1	1	0.8252	0.7381
17	3	0.6205	1	1	1.77	-0.1959
18	3	0.5034	0	1	-0.4283	-0.6097
18	3	0.7668	0	0	0.6371	1.411
18	3	0.7389	0	1	-1.776	0.7086
18	3	5.462	1	1	0.5119	0.1086
18	3	0.09807	1	1	0.7866	1.026
18	3	5.35	0	0	-0.4882	-2.693
18	3	1.675	1	1	-0.03384	0.2367
18	3	1.105	0	0	0.6938	-0.9419
18	3	0.7374	0	0	-0.4261	-0.6097
18	3	5.525	0	0	0.3471	-1.12
18	3	5.504	0	0	-0.7586	-2.171
18	3	0.3213	0	1	0.8757	-1.12
18	3	0.4832	0	1	-0.01793	-0.9419
18	3	5.189	1	1	0.3167	-0.3053
18	3	0.932	1	1	-1.232	0.3605
18	3	1.064	1	1	0.8854	-0.6097
18	3	1.632	1	0	0.1249	0.7086
18	3	0.311	1	0	-0.7426	0.9234
18	3	0.4723	1	0	0.3242	0.9234
18	3	0.275	1	1	-0.06114	-0.3053
18	3	1.849	1	1	-0.6964	-0.02422
18	3	0.2958	0	0	1.926	0.9234
18	3	1.926	1	1	-1.536	0.2367
18	3	5.657	1	1	0.2459	0.7086
18	3	2.21	1	1	0.3708	-0.3053
18	3	0.608	1	1	0.6572	-0.3053
18	3	0.09979	1	1	-0.7137	0.3605
18	3	1.308	0	1	-0.5837	0.9234
18	3	0.1938	0	1	1.295	0.9234
18	3	5.499	0	0	0.32	-1.505
18	3	0.584	0	0	-0.4109	0.3605
18	3	1.133	0	1	-1.516	1.589
18	3	0.6682	0	0	0.9656	1.026
18	3	0.003099	1	1	0.03401	0.5962
18	3	1.456	1	1	0.7046	-0.7721
18	3	0.3068	0	0	-0.4566	2.226
18	3	5.308	1	1	1.362	-1.12
18	3	0.2106	0	1	-0.2402	-0.02422
18	3	0.1058	1	0	0.9627	0.8176
18	3	1.874	0	0	0.545	0.5962
18	3	1.742	0	0	0.1595	-1.12
18	3	0.3156	1	0	-0.09085	-0.7721
18	3	2.06	0	0	0.09337	0.2367
18	3	2.183	1	1	1.563	-1.12
18	3	5.529	1	1	-1.914	0.4803
18	3	0.7352	1	1	0.1825	1.411
18	3	1.376	1	0	-1.015	-0.4543
18	3	0.1668	0	1	-1.495	0.4803
18	3	5.581	0	0	-1.183	-1.714
18	3	0.4034	0	1	0.9486	0.3605
19	3	0.3599	1	1	-0.5513	-0.2211
19	3	1.525	1	1	-0.7877	0.8199
19	3	0.3232	0	0	0.6513	0.3307
19	3	0.303	0	0	0.7714	1.783
19	3	0.3691	0	0	0.4666	-1.334
19	3	0.3086	1	0	0.3797	0.6629
19	3	0.07908	0	0	-0.7971	-1.334
19	3	5.34	1	1	-2.637	0.1545
19	3	5.455	0	0	-1.49	-0.6325
19	3	0.7001	1	1	0.3917	1.396
19	3	0.9372	1	1	0.2869	0.1545
19	3	0.6922	1	0	0.3975	1.783
19	3	1.666	0	1	-0.2747	0.3307
19	3	0.542	0	0	0.5473	-1.874
19	3	0.5557	1	0	0.2246	0.6629
19	3	5.422	0	0	-0.6788	-0.6325
19	3	1.712	0	0	1.678	-1.596
19	3	5.545	0	0	-0.9057	-2.492
19	3	0.3488	0	0	1.725	-0.4219
19	3	5.393	0	0	0.6028	-1.874
19	3	0.6824	1	0	1.334	-1.874
19	3	5.322	1	1	-0.02376	0.6629
19	3	0.4983	0	1	0.1961	0.6629
19	3	0.8047	1	1	-0.3761	1.118
19	3	1.755	1	1	1.31	-0.02924
19	3	1.832	0	0	-0.9349	-0.02924
19	3	1.134	0	0	0.7743	-0.6325
19	3	0.2935	1	1	-0.8929	0.8199
19	3	1.812	1	1	-0.2144	-0.02924
19	3	0.6449	0	0	0.3131	0.8199
19	3	1.666	1	1	-0.8012	0.6629
19	3	0.2995	0	1	0.4814	0.9714
19	3	0.4554	0	0	1.814	-0.02924
19	3	5.451	1	1	0.855	-0.02924
19	3	0.9576	1	1	0.09908	0.6629
19	3	1.315	1	1	-0.9037	0.3307
19	3	0.4418	0	0	-0.6904	-0.6325
19	3	5.279	0	0	-1.15	-0.6325
19	3	5.239	0	0	1.261	-1.874
19	3	5.309	0	0	-1.319	-0.02924
19	3	0.1493	0	1	1.316	0.3307
19	3	0.1811	1	1	0.3673	1.529
19	3	2.079	1	1	-1.025	-0.02924
19	3	0.7525	1	1	0.3969	-0.2211
19	3	1.342	1	1	-3.099	0.1545
19	3	1.897	0	0	0.3057	-0.6325
19	3	0.4054	1	1	0.06386	0.5
19	3	0.01515	0	0	0.7893	1.118
19	3	0.8593	1	1	-1.25	-0.4219
19	3	0.8896	1	0	0.9944	1.118
20	4	0.2174	0	0	0.6664	1.779
20	4	3.964	0	0	-0.4306	1.279
20	4	0.9923	0	0	0.3914	1.452
20	4	3.672	1	1	0.3679	-0.3286
20	4	0.09376	0	0	-2.366	-0.07391
20	4	3.25	0	0	0.6552	-1.205
20	4	0.3031	1	1	0.1744	-1.205
20	4	0.4106	1	0	1.602	-0.8914
20	4	0.4789	0	0	-0.4191	0.2805
20	4	0.1968	0	0	0.1242	-2.543
20	4	0.7009	0	0	-1.834	0.6066
20	4	0.3801	1	1	1.322	0.9085
20	4	0.9649	0	0	0.6972	-0.07391
20	4	0.43	0	0	0.06134	0.3922
20	4	0.1821	0	0	-0.3975	-1.205
20	4	0.9861	0	0	0.3662	-1.545
20	4	0.5162	1	0	0.221	-0.1993
20	4	0.242	1	1	1.089	0.7097
20	4	0.2594	1	1	-2.821	0.1658
20	4	0.1713	1	0	0.2982	0.3922
20	4	0.01306	1	1	0.8489	-0.07391
20	4	0.6198	0	0	-0.3263	-0.1993
20	4	0.9936	1	1	0.7395	1.004
20	4	0.9634	0	0	0.2188	0.6066
20	4	0.5391	1	0	0.5951	1.004
20	4	3.29	1	1	0.4016	0.3922
20	4	0.2677	1	1	2.163	-0.07391
20	4	0.119	0	1	1.19	-0.07391
20	4	1.36	1	1	-0.3589	0.1658
20	4	3.711	1	1	0.2901	0.0477
20	4	0.1946	1	1	0.2799	0.2805
20	4	3.39	1	1	1.251	-0.1993
20	4	0.2114	0	1	-0.3356	-0.07391
20	4	0.1522	0	1	-0.1983	2.223
20	4	0.4939	1	0	0.5855	-0.8914
20	4	1.2	0	0	-0.8102	1.004
20	4	0.9631	0	0	0.1738	-1.915
20	4	0.4785	0	0	-1.483	-0.07391
20	4	3.652	0	0	0.4043	-1.205
20	4	0.3809	1	1	2.173	0.3922
20	4	0.9977	1	1	0.2839	1.004
20	4	0.4168	0	1	0.7207	0.5008
20	4	0.4279	1	1	-0.8978	-1.205
20	4	0.05203	1	1	-2.335	-0.07391
20	4	0.06046	0	0	-0.9911	2.153
20	4	3.471	1	1	-0.5872	-0.4622
20	4	0.1329	1	0	-0.8659	-0.4622
20	4	0.02448	1	1	0.7424	-0.7432
20	4	3.537	0	0	0.3046	-1.915
20	4	3.412	0	0	0.6968	0.1658
21	4	0.07653	0	1	0.6425	0.555
21	4	1.03	0	1	0.03644	1.451
21	4	0.51	0	0	-0.1915	-0.7734
21	4	0.5802	1	1	0.3419	0.07765
21	4	3.466	1	1	-0.1809	-0.3242
21	4	0.2288	1	0	0.3246	0.6656
21	4	3.873	1	1	-0.1627	0.9793
21	4	0.1952	1	0	-0.7321	0.555
21	4	3.965	1	1	0.03211	0.555
21	4	0.9181	1	0	0.06873	0.8776
21	4	0.6673	0	0	0.732	-0.4682
21	4	0.8685	1	0	-0.05182	0.4412
21	4	0.928	0	0	-1.197	-0.6177
21	4	0.6499	1	0	-0.002342	-0.6177
21	4	0.05862	0	0	0.7327	-1.469
21	4	1.038	1	0	-1.062	-0.9358
21	4	0.2999	0	0	-0.6375	0.3238
21	4	3.29	0	0	1.736	-0.6177
21	4	0.6873	1	0	0.8354	-0.6177
21	4	0.03632	1	1	1.632	0.6656
21	4	0.4005	0	0	0.7564	0.8776
21	4	0.1091	0	0	0.2161	0.8776
21	4	3.789	0	0	0.2124	-0.3242
21	4	0.0633	1	0	-0.02411	-0.6177
21	4	0.3666	1	0	0.5578	-1.105
21	4	0.8009	0	0	1.226	-2.566
21	4	0.3748	1	0	0.1298	-1.469
21	4	0.8625	1	1	-0.6055	0.3238
21	4	0.9337	1	1	-3.953	0.3238
21	4	0.08926	0	1	0.8223	0.07765
21	4	0.09826	0	0	0.3939	0.07765
21	4	3.595	1	1	0.3812	1.175
21	4	0.098	1	0	-0.9511	-0.9358
21	4	0.2147	1	0	-0.1213	1.87
21	4	0.5707	1	1	-2.473	0.07765
21	4	0.3543	0	1	-2.436	-1.283
21	4	0.444	0	0	0.008209	1.451
21	4	0.01503	0	0	0.1249	0.3238
21	4	0.9125	1	1	-0.3008	1.87
21	4	0.05814	0	1	0.5183	-0.9358
21	4	0.1802	0	1	-1.189	0.555
21	4	0.2018	0	0	-0.0562	-0.3242
21	4	3.77	0	0	-0.4146	-0.1855
21	4	3.466	0	0	0.9318	-2.089
21	4	3.653	1	1	0.9625	-0.9358
21	4	0.4022	0	1	1.511	-0.3242
21	4	0.2918	0	0	1.824	1.175
21	4	3.798	0	0	-0.12	-1.283
21	4	0.6724	1	0	0.375	1.538
21	4	0.3281	1	1	0.7996	1.078
22	4	0.5123	0	1	-0.129	-0.9369
22	4	0.4223	0	1	-0.2574	-0.1256
22	4	1.254	0	1	0.2008	-0.005817
22	4	0.4835	1	1	0.5605	0.3322
22	4	0.3169	0	1	0.167	-0.005817
22	4	0.06148	1	0	-0.1501	1.444
22	4	3.416	0	0	-0.239	0.1102
22	4	0.8193	1	0	1.225	1.752
22	4	0.3576	1	1	-0.0184	-0.5094
22	4	0.671	0	0	-1.351	-0.2492
22	4	0.3785	0	0	0.3807	0.3322
22	4	0.29	1	0	-0.1141	-0.005817
22	4	3.581	1	1	-0.236	0.6423
22	4	0.1338	0	1	-0.4411	0.3322
22	4	0.2393	0	0	-0.4	-0.9369
22	4	1.19	1	1	-3.25	-0.1256
22	4	3.872	1	1	1.623	0.2228
22	4	0.5002	0	1	0.6526	-1.091
22	4	0.1615	1	1	-2.944	-0.005817
22	4	0.2871	0	0	-0.8223	1.523
22	4	0.8691	0	0	0.9676	1.28
22	4	0.403	1	0	0.8245	0.7403
22	4	0.353	0	0	-0.2164	-0.789
22	4	0.0286	0	0	-1.927	-0.6466
22	4	0.05322	1	1	-0.6807	-0.2492
22	4	0.1796	0	0	2.566	0.2228
22	4	0.5653	1	1	-0.1423	-0.5094
22	4	3.187	1	1	0.03956	-0.789
22	4	0.8459	1	1	0.0007072	-0.5094
22	4	3.609	0	0	0.8332	-1.091
22	4	0.1938	1	1	1.229	-0.3771
22	4	3.184	1	1	-0.7712	-1.419
22	4	0.7571	1	1	1.439	0.3322
22	4	0.4513	0	1	-0.6078	0.5418
22	4	0.08568	0	0	1.717	-2.391
22	4	1.309	0	0	0.5681	-2.176
22	4	0.09806	0	0	-0.3604	1.444
22	4	3.573	0	0	1.011	-0.9369
22	4	0.001995	0	0	-0.1959	-0.9369
22	4	0.1535	0	1	1.076	2.946
22	4	0.884	1	0	-0.1159	0.1102
22	4	3.739	1	1	-0.3622	0.5418
22	4	0.02001	0	1	0.066	0.2228
22	4	1.047	1	1	-1.749	-0.005817
22	4	0.3953	0	1	0.8632	-0.2492
22	4	0.9925	1	1	-0.5891	0.3322
22	4	0.1256	1	1	1.379	2.172
22	4	3.497	1	1	-0.2118	-0.2492
22	4	3.659	1	1	1.811	-1.091
22	4	0.3804	1	1	-0.4306	0.8358
23	4	0.8644	0	1	-0.9167	0.2571
23	4	0.03602	0	1	-0.3967	0.09104
23	4	0.3829	0	1	0.1335	0.4175
23	4	3.616	1	1	0.0179	1.536
23	4	0.001142	0	1	0.7131	-0.4453
23	4	3.646	1	1	-0.4846	1.01
23	4	3.521	1	1	-0.4046	-1.27
23	4	3.259	1	1	-0.5849	0.723
23	4	0.8746	1	0	1.07	1.28
23	4	0.3931	0	1	-0.1128	1.779
23	4	0.2173	0	0	0.9155	-0.08106
23	4	0.8856	0	0	1.162	-0.4453
23	4	3.272	1	1	-0.3344	-1.27
23	4	0.3599	0	1	-0.4151	0.4175
23	4	3.586	0	0	-0.5449	-2.27
23	4	0.3244	1	1	-0.3102	0.09104
23	4	0.2251	0	0	1.294	-0.08106
23	4	0.2498	0	0	0.8447	-0.2597
23	4	1.033	1	1	-0.2037	-0.08106
23	4	0.5909	0	0	1.809	-1.501
23	4	0.7055	1	1	0.2166	0.4175
23	4	0.2365	0	1	-0.2014	-1.05
23	4	0.2083	0	0	0.2642	-0.4453
23	4	0.2215	1	0	-0.4314	0.8686
23	4	0.4091	1	0	1.005	-0.4453
23	4	3.562	0	0	-1.545	-1.05
23	4	0.6458	0	1	0.9518	0.723
23	4	0.08729	0	1	0.0011	0.2571
23	4	3.246	0	0	0.1741	-0.4453
23	4	0.3155	0	0	-0.1744	1.147
23	4	0.02068	1	1	-0.8435	0.4175
23	4	0.1448	1	1	1.5	-0.4453
23	4	0.8345	1	1	0.05183	-1.05
23	4	0.02174	1	1	3.119	-0.6385
23	4	0.6526	0	0	3.275	-2
23	4	0.7309	1	0	0.1021	0.723
23	4	1.113	1	1	1.597	-0.4453
23	4	3.801	1	1	0.4584	-0.8399
23	4	0.8643	1	1	-0.8694	-1.501
23	4	0.04742	0	0	0.6977	1.01
23	4	0.3956	1	1	0.6967	0.8686
23	4	0.07868	1	1	0.07793	-1.501
23	4	3.901	1	1	0.1938	1.01
23	4	0.1351	0	0	0.2951	1.779
23	4	0.03822	0	1	1.06	-0.4453
23	4	0.7518	1	0	0.3958	1.536
23	4	0.08972	1	1	2.73	1.779
23	4	0.4677	0	1	0.182	-0.6385
23	4	0.4188	1	1	1.532	0.4175
23	4	0.1297	0	0	-0.1458	0.09104
24	4	3.638	1	1	0.1781	-0.4421
24	4	0.8262	0	0	-1.314	0.224
24	4	0.0826	0	0	-0.4081	-0.4421
24	4	0.2161	0	0	-0.4686	-1.642
24	4	1.081	1	0	0.4048	0.7872
24	4	0.7425	0	0	0.2473	0.9902
24	4	0.1829	0	0	0.07778	-0.02808
24	4	0.151	0	0	-0.5422	-1.642
24	4	0.6252	0	0	-0.2436	-0.5913
24	4	0.1825	1	0	-0.3757	-0.5913
24	4	0.07945	1	0	-0.4012	-0.1609
24	4	0.2443	1	0	0.1244	0.7872
24	4	0.9568	0	1	0.7685	2.234
24	4	0.7576	1	0	0.07659	-0.1609
24	4	3.222	0	0	-0.3941	-1.257
24	4	0.4442	1	1	0.6825	0.7872
24	4	3.507	1	1	-1.104	-0.7468
24	4	0.008516	1	0	-0.7029	-1.851
24	4	0.3613	0	0	1.533	3.214
24	4	0.4644	0	1	-0.2255	-0.4421
24	4	0.5221	0	1	0.7994	-0.4421
24	4	0.8886	0	0	0.3306	0.1001
24	4	0.5759	1	1	-2.318	-1.079
24	4	0.5272	1	1	0.8269	-0.9092
24	4	1.381	1	0	0.845	1.088
24	4	0.4505	1	0	2.755	1.088
24	4	0.4114	0	0	-0.02888	0.224
24	4	0.003031	1	1	-2.093	0.224
24	4	0.5694	1	1	-1.044	0.8901
24	4	0.7698	1	1	0.00789	0.224
24	4	3.29	0	0	0.7705	-0.7468
24	4	0.1261	0	0	-2.862	0.9902
24	4	3.542	1	1	-0.532	0.7872
24	4	0.1104	0	0	-0.7821	0.3438
24	4	0.4434	1	0	-0.7348	-0.4421
24	4	3.718	0	0	-0.5858	-0.5913
24	4	0.1007	0	1	1.298	0.7872
24	4	3.745	1	1	1.314	0.6813
24	4	3.481	0	0	-0.2005	-1.445
24	4	0.3041	0	1	1.727	0.6813
24	4	0.08113	1	0	-0.4132	-0.9092
24	4	0.696	0	1	-0.9171	-0.1609
24	4	0.06167	0	0	-1.819	-0.7468
24	4	0.2839	0	0	-0.946	1.539
24	4	0.34	1	1	1.44	-0.2988
24	4	3.8	1	1	-0.03119	-0.02808
24	4	0.1743	1	0	-0.7312	-0.2988
24	4	0.1017	1	0	0.2599	-0.5913
24	4	3.679	0	0	0.4911	-1.257
24	4	0.04153	1	0	0.3551	1.275
25	4	3.482	0	0	-1.857	-1.022
25	4	0.3897	1	1	-0.6898	0.1601
25	4	0.6743	0	0	-0.1298	-0.5636
25	4	0.3908	1	1	-0.0141	1.381
25	4	0.2473	0	1	-0.9567	0.1601
25	4	0.1272	0	0	0.5706	-0.1758
25	4	0.3696	0	0	0.1643	-0.7824
25	4	0.1081	1	0	0.3857	0.3855
25	4	0.3181	1	0	-2.368	0.3126
25	4	0.4247	1	0	0.8527	0.5253
25	4	0.1836	1	0	0.9963	-0.002227
25	4	3.55	1	1	0.08364	-0.4609
25	4	0.4914	1	0	-1.475	-0.08751
25	4	0.07984	0	0	0.9817	-0.002227
25	4	0.09314	0	0	-1.385	-0.4609
25	4	0.6795	0	0	-1.059	0.1601
25	4	3.493	1	1	0.5373	-0.08751
25	4	0.3675	0	0	-3.358	0.2375
25	4	0.6846	1	1	-0.8993	0.2375
25	4	3.687	0	0	0.2102	-0.4609
25	4	4.215	0	0	-0.7822	-0.1758
25	4	0.3873	1	0	0.2446	-0.8995
25	4	0.02838	0	0	0.1619	0.4564
25	4	0.3823	0	1	-2.606	-0.4609
25	4	0.8847	1	1	-0.09601	0.08026
25	4	0.07119	0	0	1.296	-0.7824
25	4	0.3968	0	0	0.3173	-0.2673
25	4	0.7659	1	1	-0.07459	0.1601
25	4	0.8282	0	1	-0.2658	1.381
25	4	3.849	0	0	-1.355	-1.287
25	4	0.7756	1	1	0.06102	0.08026
25	4	0.9652	0	0	-0.4934	-1.022
25	4	0.3171	1	1	0.403	-0.4609
25	4	0.5112	0	1	-0.9601	-0.4609
25	4	0.6036	1	1	0.3926	-0.2673
25	4	0.05993	1	1	-0.529	-0.7824
25	4	0.2624	0	1	-0.2381	-0.002227
25	4	1.081	1	1	-1.083	0.6578
25	4	3.529	1	1	-1.822	-0.4609
25	4	3.739	0	0	0.9587	-0.4609
25	4	0.3719	0	1	0.7073	0.2375
25	4	3.66	1	1	1.325	-0.2673
25	4	0.9497	1	0	1.765	5.832
25	4	0.001071	1	1	0.1878	-0.2673
25	4	0.09107	0	1	-0.1221	-0.08751
25	4	0.1912	1	0	-0.05609	0.2375
25	4	0.005076	1	1	-0.8897	-0.5636
25	4	3.54	0	0	1.736	1.127
25	4	0.2082	0	1	-0.2344	-0.2673
25	4	1.128	1	0	-0.06812	-0.4609
26	4	0.7095	1	1	-0.8423	0.5763
26	4	0.5271	0	0	-0.8266	0.5763
26	4	0.7389	0	1	-0.1997	-0.9587
26	4	3.891	0	0	0.1316	-0.9587
26	4	0.1619	0	1	-0.2018	-0.2134
26	4	0.08534	0	1	0.8508	-0.7609
26	4	0.4441	0	1	-0.2838	0.7193
26	4	0.1222	0	1	0.2699	-0.04438
26	4	0.9341	0	0	0.9686	1.124
26	4	0.7694	1	1	0.9353	-0.3888
26	4	3.72	0	0	-0.08316	-0.7609
26	4	0.01762	0	1	-0.2541	1.84
26	4	3.332	1	1	-1.013	-0.5711
26	4	0.2642	1	1	0.1824	0.7193
26	4	1.102	1	1	0.7196	-0.9587
26	4	0.9202	1	1	-0.561	-0.9587
26	4	3.83	1	1	1.103	-1.165
26	4	0.7697	1	1	0.5041	-0.9587
26	4	3.791	0	0	0.164	0.1187
26	4	1.149	1	1	0.5248	0.1187
26	4	0.2262	1	1	0.7325	0.8581
26	4	0.19	1	0	-0.4532	-0.2134
26	4	0.7979	1	1	0.741	0.9928
26	4	0.07042	0	1	-0.1151	1.375
26	4	3.71	1	1	-0.0615	0.5763
26	4	0.3186	0	1	0.4906	0.5763
26	4	0.2948	1	1	0.01267	3.094
26	4	0.4232	1	1	-0.7841	-0.9587
26	4	3.542	0	0	1.521	0.1187
26	4	0.2614	0	1	1.454	1.728
26	4	0.9353	1	1	0.9862	-0.04438
26	4	0.4451	0	1	-0.2659	-1.165
26	4	0.2261	0	1	0.4517	0.2763
26	4	0.6191	0	1	0.04717	-0.04438
26	4	3.245	0	0	-0.5055	-1.382
26	4	0.3358	1	1	-0.08687	0.9928
26	4	3.773	1	1	0.731	-1.165
26	4	0.9209	1	1	0.1428	0.2763
26	4	0.2662	0	1	-0.581	0.1187
26	4	0.4568	1	1	0.1725	0.8581
26	4	0.5002	0	0	-1.625	0.5763
26	4	0.5027	1	1	1.325	-1.608
26	4	0.04319	1	1	-1.705	-1.382
26	4	0.7525	1	1	0.7244	-0.9587
26	4	0.4875	1	1	0.6871	-0.5711
26	4	0.9087	1	1	-0.2227	-0.7609
26	4	0.09993	0	1	-0.04703	0.2763
26	4	0.3547	0	1	1.006	1.728
26	4	3.81	0	0	0.6429	-1.382
26	4	0.2222	0	1	-0.8483	0.1187
27	4	3.729	1	1	-0.03568	-0.6696
27	4	0.8161	0	1	-0.4283	-0.8255
27	4	0.3857	1	1	0.4173	0.3847
27	4	0.4544	1	1	0.2411	-0.52
27	4	0.969	1	1	-0.6022	-0.9884
27	4	0.7738	1	1	-0.3286	-0.2379
27	4	0.1475	1	1	-0.7411	0.3847
27	4	0.5102	0	1	-0.06266	1.634
27	4	3.656	1	1	-0.2791	-0.8255
27	4	0.5455	0	0	0.4164	-0.8255
27	4	0.3671	0	0	0.0613	1.793
27	4	3.636	0	0	-0.1267	-0.2379
27	4	0.8469	0	1	-1.18	0.3847
27	4	0.05565	1	1	0.2152	-0.1047
27	4	3.719	0	0	0.3861	-0.8255
27	4	0.7391	1	1	0.1326	-0.1047
27	4	0.2632	0	0	0.5539	1.014
27	4	0.6555	1	0	0.9582	1.871
27	4	0.579	1	1	0.3845	0.3847
27	4	3.709	1	1	-2.004	-0.52
27	4	0.02486	1	1	-0.2474	2.369
27	4	0.4797	0	0	0.8051	1.634
27	4	0.1465	0	0	2.264	0.7131
27	4	0.1071	0	0	2.468	-0.8255
27	4	3.704	0	0	-3.664	-0.6696
27	4	0.2521	0	0	1.312	-2.155
27	4	0.5106	0	0	1.52	1.202
27	4	3.737	0	0	-3.147	-1.724
27	4	0.5414	1	1	-1.304	0.8163
27	4	0.05816	1	1	-0.1384	-0.1047
27	4	0.008805	0	0	1.419	0.4975
27	4	0.1052	1	1	-0.9437	0.1482
27	4	0.3836	0	0	1.655	-1.159
27	4	0.9164	1	1	-0.939	-0.52
27	4	0.3301	1	1	0.06421	-0.2379
27	4	3.477	1	0	1.109	1.467
27	4	3.391	0	0	-0.7234	-1.338
27	4	0.8505	1	0	1.439	1.793
27	4	0.7753	1	1	0.1521	0.4975
27	4	0.2071	1	0	1.042	-0.9884
27	4	0.1521	0	0	-0.1749	-0.52
27	4	1.124	0	0	-0.3693	-1.338
27	4	0.1489	0	1	0.1115	-0.8255
27	4	0.3547	0	1	-3.357	-0.52
27	4	3.539	1	1	-0.2178	0.6069
27	4	0.745	0	1	0.9874	0.6069
27	4	0.1422	0	1	-0.3493	-0.52
27	4	0.4252	1	1	-0.2469	-0.2379
27	4	0.5133	1	1	-3.939	-0.1047
27	4	0.5321	0	0	-0.1823	0.2683
28	4	0.8823	0	1	1.104	-0.3105
28	4	3.701	0	0	0.05568	-2.184
28	4	0.875	1	0	0.8107	0.6167
28	4	0.9159	0	0	-0.01607	0.8886
28	4	3.661	1	1	-0.07503	0.1763
28	4	4.048	0	0	-0.5925	-1.697
28	4	0.09732	0	1	2.069	-0.4849
28	4	1.129	1	1	0.9381	-0.6661
28	4	0.3182	1	1	0.8169	0.8886
28	4	0.5771	1	0	1.436	1.145
28	4	3.528	0	0	0.3584	-0.6661
28	4	1.182	0	1	-0.2772	0.4745
28	4	0.6161	1	1	0.4599	0.01967
28	4	0.2727	1	1	-0.424	0.4745
28	4	0.2431	0	0	1.995	-1.051
28	4	0.3453	0	1	0.6655	-0.3105
28	4	3.588	1	1	1.89	-0.3105
28	4	1.13	0	0	0.3744	-0.3105
28	4	0.1618	0	1	-0.7017	-0.1425
28	4	0.4906	0	1	0.3484	1.145
28	4	3.89	1	1	1.384	-1.257
28	4	0.06111	1	1	-0.2894	1.145
28	4	0.2824	1	1	-0.1655	0.8886
28	4	0.2825	1	1	-0.1543	0.3278
28	4	0.9677	1	0	1.52	0.01967
28	4	3.43	1	1	-0.2702	-1.051
28	4	0.6379	1	0	-0.3814	0.6167
28	4	0.0646	0	1	-2.178	-1.697
28	4	0.1163	1	0	2.169	2.05
28	4	0.516	1	1	0.8157	0.4745
28	4	0.5272	0	0	0.3031	-0.3105
28	4	0.2398	1	0	-1.407	-0.6661
28	4	0.5787	0	0	-2.516	-0.6661
28	4	3.517	0	0	1.802	0.6167
28	4	3.604	1	1	-0.3922	-0.6661
28	4	0.05704	1	1	-0.7447	-0.6661
28	4	0.6894	1	1	0.0443	0.1763
28	4	0.09931	1	1	-1.556	-0.8548
28	4	0.1288	0	1	-0.294	-0.1425
28	4	0.1237	1	1	-0.4081	0.6167
28	4	0.4969	0	0	-0.1264	1.506
28	4	0.07176	0	0	0.03998	-0.4849
28	4	0.5014	1	1	-2.092	-1.051
28	4	0.9903	0	0	1.092	0.1763
28	4	3.273	1	1	-1.601	-1.257
28	4	0.00577	0	1	1.118	-0.3105
28	4	0.2337	0	0	0.8065	0.1763
28	4	0.4449	0	1	1.164	0.8886
28	4	0.06268	0	0	-0.6114	0.1763
28	4	0.3848	0	1	-3.408	3.531
29	4	0.3134	1	1	-0.1287	-0.5421
29	4	0.1616	1	0	-0.05122	-1.352
29	4	0.04036	0	1	-0.7543	0.3616
29	4	0.06709	1	0	0.3379	1.091
29	4	0.1084	1	0	-0.3618	0.4747
29	4	0.3393	0	0	0.6909	-0.6908
29	4	0.4959	1	0	-0.2167	0.3616
29	4	0.314	0	0	0.9151	-0.6908
29	4	3.851	0	0	1.03	-0.1282
29	4	0.9811	0	0	-0.06828	1.782
29	4	0.6546	0	0	-1.905	0.6914
29	4	1.04	0	0	-0.7365	1.537
29	4	0.4447	0	0	-0.2378	0.1246
29	4	0.231	1	0	0.1971	0.2449
29	4	3.5	0	0	-0.06821	-1.007
29	4	3.358	1	1	-0.06758	-0.6908
29	4	0.9445	0	0	-0.5688	-1.007
29	4	0.1545	1	1	-0.6548	1.537
29	4	0.04699	1	1	0.5821	1.86
29	4	3.808	1	1	-0.313	-0.1282
29	4	1.285	1	0	-0.7216	0.0002912
29	4	3.832	1	1	-1.535	-0.6908
29	4	0.7843	0	0	1.052	0.0002912
29	4	0.5237	1	1	1.053	1.937
29	4	0.366	1	1	0.2665	0.0002912
29	4	0.6826	1	1	-0.7361	-0.1282
29	4	0.2742	0	0	0.7026	0.6914
29	4	1.016	0	1	0.2709	0.2449
29	4	0.5391	0	0	1.322	0.7952
29	4	3.763	1	1	0.1656	0.7952
29	4	0.3132	0	0	1.101	-0.8455
29	4	0.7774	0	0	0.06515	-1.175
29	4	0.1653	0	0	2.144	1.091
29	4	0.2997	1	0	-2.421	0.0002912
29	4	0.03174	0	0	0.1202	-1.007
29	4	0.0896	1	0	0.6615	0.9948
29	4	1.171	0	0	1.147	-0.6908
29	4	0.2997	0	0	0.2302	-1.007
29	4	3.622	1	1	1.256	-1.352
29	4	0.7517	1	1	-0.1572	2.085
29	4	0.3122	1	1	-0.5333	-0.3991
29	4	0.6823	1	0	0.9168	0.7952
29	4	3.381	1	1	-0.05329	-1.007
29	4	0.5298	0	0	1.002	-0.6908
29	4	0.4085	0	0	-0.08781	-0.3991
29	4	0.3623	1	0	-0.3998	-1.936
29	4	3.429	0	0	0.3726	-1.537
29	4	3.824	1	1	0.08727	-1.537
29	4	0.6112	0	1	-0.7667	0.8963
29	4	0.1208	0	1	-1.373	0.2449
30	5	0.2183	0	0	0.4299	0.9324
30	5	3.964	0	0	-0.5621	-0.0672
30	5	0.9943	0	0	0.1647	0.462
30	5	3.677	1	1	-0.3419	-0.3589
30	5	0.0951	0	0	-0.006909	-0.3589
30	5	3.249	0	0	-0.3536	-1.191
30	5	0.3038	1	0	0.1659	-1.191
30	5	0.4118	1	1	-0.1313	0.3358
30	5	0.4785	0	0	-0.7946	-2.469
30	5	0.1919	0	0	0.1914	-0.5127
30	5	0.7	0	0	0.4241	0.8196
30	5	0.3817	1	0	0.5282	-0.5127
30	5	0.9664	0	1	-0.3006	0.7037
30	5	0.429	0	0	0.03708	-0.5127
30	5	0.1844	0	0	-1.286	-0.8381
30	5	0.9836	0	0	0.6583	-0.8381
30	5	0.5184	1	0	-0.8199	-1.191
30	5	0.2412	1	1	-6.128	-1.011
30	5	0.265	1	0	2.475	-2.998
30	5	0.1722	1	1	-0.04144	1.455
30	5	0.01045	1	0	0.7085	0.3358
30	5	0.624	0	0	0.07282	-0.0672
30	5	0.9958	1	1	0.2703	0.5846
30	5	0.9685	0	1	0.2138	0.5846
30	5	0.5399	1	1	-0.05637	0.8196
30	5	3.288	1	1	0.1082	-0.8381
30	5	0.2677	1	1	-0.4566	1.647
30	5	0.1112	0	1	-0.3752	0.8196
30	5	1.361	1	1	-0.2844	0.3358
30	5	3.716	1	1	-0.02349	-0.0672
30	5	0.1902	1	0	-0.3207	0.8196
30	5	3.385	1	1	1.272	-0.5127
30	5	0.2177	0	0	0.1014	0.7037
30	5	0.1536	0	1	0.7045	-0.8381
30	5	0.5003	1	1	0.6172	-0.0672
30	5	1.192	0	0	0.0793	-1.191
30	5	0.9612	0	1	-0.1708	1.254
30	5	0.4828	0	0	0.4193	1.149
30	5	3.651	0	0	1.935	-0.6723
30	5	0.3809	1	1	1.848	1.647
30	5	0.9979	1	1	-0.1947	0.2057
30	5	0.42	0	0	-2.59	-0.6723
30	5	0.429	1	0	-1.05	0.9324
30	5	0.04826	1	0	0.2401	2.339
30	5	0.06526	0	1	1.414	0.2057
30	5	3.471	1	1	0.418	-0.0672
30	5	0.132	1	0	0.2421	-0.3589
30	5	0.02106	1	0	-1.294	0.2057
30	5	3.542	0	0	0.4608	0.462
30	5	3.42	0	0	0.6585	-0.3589
31	5	0.08031	0	0	-0.9216	-0.8549
31	5	1.028	0	0	0.004095	-1.158
31	5	0.5107	0	0	1.195	1.034
31	5	0.5819	1	0	0.716	0.3699
31	5	3.47	1	1	-0.3936	0.04369
31	5	0.2295	1	0	0.3799	-0.8549
31	5	3.872	1	1	-0.4838	-1.003
31	5	0.1985	1	1	-0.418	0.6692
31	5	3.965	1	1	0.8711	-0.1912
31	5	0.9209	1	1	0.674	0.7638
31	5	0.6633	0	0	-2.291	-0.1912
31	5	0.8652	1	0	2.036	0.3699
31	5	0.9361	0	0	-1.141	-1.667
31	5	0.6397	1	0	0.5768	-0.1912
31	5	0.05643	0	1	0.7714	2.081
31	5	1.034	1	1	0.1892	0.9458
31	5	0.2992	0	0	1.545	-2.259
31	5	3.294	0	0	1.102	-1.854
31	5	0.688	1	0	0.5246	-0.1912
31	5	0.03652	1	1	1.096	0.04369
31	5	0.3976	0	0	-0.3192	0.2644
31	5	0.1078	0	1	0.6285	1.034
31	5	3.726	0	0	-0.07379	-0.7121
31	5	0.2979	1	1	0.03423	-0.07187
31	5	0.2985	1	1	-0.845	-0.7121
31	5	0.9791	0	1	-0.05592	0.3699
31	5	0.171	1	1	-0.3142	0.2644
31	5	0.7064	1	0	3.073	2.841
31	5	1.309	1	1	0.31	0.1557
31	5	0.3303	0	1	-0.9047	-0.3146
31	5	0.04529	0	0	0.9714	0.856
31	5	3.585	1	1	1.008	-0.8549
31	5	0.3816	1	0	0.1198	-0.8549
31	5	0.08618	1	0	1.08	-0.07187
31	5	0.2008	1	1	0.3506	1.74
31	5	0.4477	0	0	0.7487	0.856
31	5	0.9375	0	0	-0.6553	-1.158
31	5	0.09141	0	0	-0.3104	-0.4424
31	5	0.9241	1	0	-1.162	0.9458
31	5	0.3488	0	0	-0.05415	0.6692
31	5	0.01187	0	0	-0.5653	1.034
31	5	0.4507	0	0	-0.1934	1.034
31	5	3.926	0	0	-0.3656	-0.8549
31	5	3.743	0	0	0.6939	-1.667
31	5	3.904	1	1	1.549	-0.1912
31	5	0.5476	0	0	0.3235	-0.1912
31	5	0.1848	0	0	-0.1396	-0.4424
31	5	3.779	0	0	1.294	-0.8549
31	5	0.2058	1	1	1.089	0.5722
31	5	0.448	1	1	0.7184	0.856
32	5	0.6433	0	1	-1.835	-0.5451
32	5	0.1791	0	1	-0.03865	-0.0971
32	5	1.132	0	0	0.03317	0.04295
32	5	0.2353	1	1	-1.281	1.141
32	5	0.3307	0	0	0.07845	-1.802
32	5	0.1849	1	0	-0.1645	-1.802
32	5	3.641	0	0	0.8258	-0.8703
32	5	1.025	1	1	-0.08365	1.141
32	5	0.6894	1	0	-0.08782	1.352
32	5	0.7592	0	1	0.2546	2.61
32	5	0.3441	0	1	1.107	0.1788
32	5	0.2516	1	1	-0.5273	-0.3908
32	5	3.872	1	1	-0.4499	-0.8703
32	5	0.1141	0	1	0.6181	0.04295
32	5	0.1029	0	0	0.2429	-0.5451
32	5	1.174	1	1	-0.04716	2.199
32	5	3.666	1	1	0.6066	-0.5451
32	5	0.6416	0	0	0.178	-0.0971
32	5	0.2091	1	1	-0.8287	-0.0971
32	5	0.5953	0	0	-0.02322	-0.8703
32	5	0.8555	0	0	-1.869	0.3107
32	5	0.05913	1	1	-0.7921	-0.0971
32	5	0.2403	0	1	-0.5085	0.685
32	5	0.0736	0	1	0.9005	-0.7048
32	5	0.2852	1	1	-0.4998	0.8032
32	5	0.3255	0	1	0.5827	1.555
32	5	0.4815	1	1	-0.09241	-0.0971
32	5	3.843	1	1	-0.892	0.3107
32	5	0.6739	1	1	-0.267	-1.221
32	5	3.68	0	0	0.2475	-0.3908
32	5	0.6916	1	1	-0.3905	0.9185
32	5	3.906	1	1	0.6243	-0.8703
32	5	0.9301	1	0	0.7939	-0.8703
32	5	0.6189	0	0	-0.01299	0.685
32	5	0.09606	0	0	0.1588	-0.7048
32	5	1.143	0	0	-0.7482	0.439
32	5	0.1595	0	0	1.085	1.248
32	5	3.543	0	0	-0.6613	-1.042
32	5	0.1387	0	0	-1.927	-0.0971
32	5	0.3926	0	1	1.926	1.934
32	5	1.16	1	0	-2.356	1.652
32	5	3.573	1	1	-0.9324	-0.0971
32	5	0.05581	0	1	-0.2574	0.04295
32	5	0.9905	1	1	0.3895	-0.7048
32	5	0.3247	0	0	1.364	0.04295
32	5	0.7756	1	0	-0.1224	0.1788
32	5	0.2811	1	1	1.418	-0.8703
32	5	3.732	1	1	-0.8768	-0.3908
32	5	3.409	1	1	-0.06324	-1.221
32	5	0.324	1	1	-0.2403	-1.6
33	5	0.6481	0	1	1.395	1.604
33	5	0.1621	0	1	0.1782	0.5651
33	5	0.1306	0	1	0.1382	-0.3517
33	5	3.49	1	1	-0.01607	-0.208
33	5	0.4591	0	1	0.3178	0.1961
33	5	3.957	1	1	0.7923	-0.6547
33	5	3.908	1	1	0.05457	-0.3517
33	5	3.704	1	1	-0.5467	-1.154
33	5	0.8864	1	1	-0.3724	-1.523
33	5	0.4299	0	1	-1.485	-0.981
33	5	0.06279	0	1	-1.596	-0.6547
33	5	0.83	0	1	0.4083	-0.6547
33	5	3.551	1	1	-0.9789	-0.981
33	5	0.5516	0	0	0.7044	0.5651
33	5	3.43	0	0	-0.5195	0.06568
33	5	0.2071	1	1	-0.2732	-1.154
33	5	0.6696	0	1	-0.2146	-0.208
33	5	0.1598	0	0	-0.204	0.1961
33	5	0.6804	1	1	0.1992	-0.208
33	5	0.9371	0	0	-0.1511	-0.06893
33	5	0.9018	1	0	-0.4329	-0.981
33	5	0.2278	0	1	-0.246	1.958
33	5	0.3625	0	1	-0.275	1.511
33	5	0.56	1	1	0.27	0.7943
33	5	0.304	1	1	-0.2402	-0.5005
33	5	3.672	0	0	0.0004567	-1.523
33	5	0.3808	0	0	1.193	-0.06893
33	5	0.4162	0	1	0.4291	0.1961
33	5	3.99	0	0	1.088	-1.335
33	5	0.2865	0	0	-0.3077	2.362
33	5	0.1657	1	0	0.37	0.9044
33	5	0.01367	1	0	0.991	0.5651
33	5	0.9818	1	1	0.283	-0.981
33	5	0.1646	1	1	1.239	-1.523
33	5	0.3406	0	1	-0.2646	0.4456
33	5	0.2332	1	1	1.049	0.1961
33	5	0.4021	1	0	0.06331	-0.5005
33	5	4.208	1	1	0.4482	0.1961
33	5	1.062	1	1	-2.073	-0.981
33	5	0.1153	0	1	0.3134	1.012
33	5	0.5136	1	1	-1.475	1.958
33	5	0.5263	1	1	-0.7409	-0.981
33	5	3.528	1	1	0.6137	-0.5005
33	5	0.2682	0	1	0.01255	0.4456
33	5	0.2445	0	0	-0.1036	0.4456
33	5	1.073	1	1	-3.326	0.7943
33	5	0.09984	1	0	-0.741	-0.981
33	5	0.4473	0	1	0.09565	0.3227
33	5	0.4215	1	1	-2.267	0.1961
33	5	0.2531	0	1	0.5571	2.513
34	5	3.858	1	1	-0.8	-0.5842
34	5	0.9378	0	0	-2.187	1.3
34	5	0.4677	0	0	0.6297	1.655
34	5	0.07979	0	0	-0.2071	0.6977
34	5	1.066	1	1	-0.7044	-0.4348
34	5	0.7231	0	0	0.1018	-0.1525
34	5	0.1148	0	0	0.08483	2.278
34	5	0.1521	0	1	0.005903	0.3563
34	5	0.7809	0	0	-2.24	-0.01878
34	5	0.01869	1	1	0.1056	-0.291
34	5	0.1319	1	1	-0.08437	-0.291
34	5	0.1517	1	1	-3.212	0.3563
34	5	0.8161	0	0	0.1672	-1.071
34	5	0.3482	1	1	-1.555	-0.01878
34	5	3.489	0	0	0.3669	-1.63
34	5	0.4411	1	0	0.7197	0.5872
34	5	3.526	1	1	-0.4088	0.2353
34	5	0.1288	1	1	-0.1065	0.6977
34	5	0.2638	0	0	0.381	-0.7398
34	5	0.2062	0	0	0.386	1.821
34	5	1.086	0	0	0.7049	-0.7398
34	5	0.7209	0	1	-0.4661	-0.5842
34	5	0.9931	1	1	0.03594	0.1104
34	5	0.3968	1	1	-0.9012	0.5872
34	5	1.185	1	1	0.6996	-1.071
34	5	0.4681	1	1	0.4255	0.6977
34	5	0.3141	0	1	-0.4451	-0.5842
34	5	0.4452	1	0	-0.6746	1.901
34	5	0.5738	1	1	-0.673	-1.63
34	5	0.7698	1	1	1.174	-0.4348
34	5	3.3	0	0	0.5539	-1.248
34	5	0.1219	0	0	-0.5811	1.3
34	5	3.539	1	1	0.7111	-1.63
34	5	0.1062	0	0	1.38	-1.071
34	5	0.4465	1	0	2.361	0.3563
34	5	3.722	0	0	-0.8481	-1.071
34	5	0.1023	0	1	0.1352	1.655
34	5	3.746	1	1	0.2439	-0.7398
34	5	3.482	0	0	0.4579	-1.248
34	5	0.3008	0	1	0.2436	0.4735
34	5	0.09035	1	1	0.2806	-0.7398
34	5	0.7039	0	1	0.8506	-0.9019
34	5	0.06978	0	0	0.1318	-0.291
34	5	0.2904	0	1	-1.315	0.9094
34	5	0.3412	1	1	0.405	0.3563
34	5	3.802	1	1	0.3622	-0.1525
34	5	0.173	1	0	-1.531	0.4735
34	5	0.09866	1	0	0.4726	1.901
34	5	3.678	0	0	-0.9472	-0.9019
34	5	0.03985	1	0	-0.4837	-0.4348
35	5	3.486	0	0	-0.1833	-1.465
35	5	0.3956	1	1	0.363	-0.2962
35	5	0.6751	0	0	0.2138	1.253
35	5	0.3941	1	1	0.3702	-0.2962
35	5	0.2574	0	0	0.4775	0.2461
35	5	0.1278	0	1	0.978	0.9441
35	5	0.3674	0	0	0.002869	1.253
35	5	0.1036	1	1	0.6871	1.05
35	5	0.3184	1	0	1.138	-0.4439
35	5	0.4253	1	0	-0.4161	-0.9223
35	5	0.1766	1	0	-0.2406	0.8357
35	5	3.554	1	1	0.4848	-0.2962
35	5	0.4835	1	1	-0.198	2.218
35	5	0.08148	0	1	-0.3166	1.253
35	5	0.09966	0	1	-0.5105	-0.7565
35	5	0.6819	0	1	0.7417	-0.1537
35	5	3.496	1	1	-0.2566	-0.7565
35	5	0.3723	0	1	-1.557	-0.2962
35	5	0.6898	1	0	0.3911	2.218
35	5	3.691	0	0	0.9072	-0.7565
35	5	4.218	0	0	-0.5106	-1.276
35	5	0.3885	1	0	0.6936	-0.01601
35	5	0.02515	0	1	-0.2195	-1.095
35	5	0.3782	0	0	1.049	0.6101
35	5	0.8946	1	0	0.5571	0.6101
35	5	0.07294	0	0	1.415	-0.01601
35	5	0.4	0	0	-1.101	-0.7565
35	5	0.7654	1	1	1.506	-0.4439
35	5	0.8271	0	0	-2.268	0.3711
35	5	3.851	0	0	0.4067	-1.276
35	5	0.7718	1	0	0.9727	0.6101
35	5	0.9658	0	0	-0.9776	-2.091
35	5	0.3178	1	0	1.206	-0.5972
35	5	0.5053	0	0	-0.8604	-1.663
35	5	0.6055	1	0	1.351	0.6101
35	5	0.05779	1	0	-0.5489	0.6101
35	5	0.2634	0	0	-0.2474	0.2461
35	5	1.075	1	1	-0.5043	-0.7565
35	5	3.523	1	1	-0.5313	-0.4439
35	5	3.741	0	0	-0.03697	-0.5972
35	5	0.3654	0	0	-1.161	0.9441
35	5	3.66	1	1	0.7318	-0.1537
35	5	0.9476	1	0	2.568	-1.095
35	5	0.001009	1	1	0.2541	-0.2962
35	5	0.08666	0	1	-0.2295	-0.4439
35	5	0.1855	1	0	0.03624	2.591
35	5	0.005244	1	1	-2.39	0.6101
35	5	3.545	0	0	-0.5357	-0.9223
35	5	0.2102	0	0	-0.387	1.05
35	5	1.128	1	1	-0.1148	0.2461
36	5	0.7107	1	1	-0.2368	-0.6032
36	5	0.5237	0	0	0.5488	-2.873
36	5	0.7348	0	1	-0.2555	-0.3164
36	5	3.897	0	0	-0.04107	-3.127
36	5	0.1657	0	0	0.9335	-0.9097
36	5	0.08381	0	0	1.036	-1.595
36	5	0.4444	0	1	1.555	-0.3164
36	5	0.1231	0	0	-0.1125	-1.413
36	5	0.9337	0	0	-1.907	-0.04704
36	5	0.7696	1	0	-0.3283	0.3287
36	5	3.728	0	0	0.04403	-0.9097
36	5	0.01565	0	1	0.1652	0.3287
36	5	3.333	1	1	-0.2022	0.8919
36	5	0.2648	1	1	0.9835	0.9964
36	5	1.098	1	1	-2.49	0.6751
36	5	0.9239	1	1	0.02968	0.3287
36	5	3.84	1	1	0.8835	0.4472
36	5	0.7693	1	1	1.491	0.3287
36	5	3.79	0	0	0.03394	-0.3164
36	5	1.142	1	1	0.3715	-0.3164
36	5	0.2253	1	0	-0.4501	0.6751
36	5	0.1898	1	1	-0.4836	-0.3164
36	5	0.7983	1	1	0.2555	-0.3164
36	5	0.07069	0	0	2.461	0.2069
36	5	3.709	1	1	-0.8288	-0.6032
36	5	0.3188	0	0	1.408	-0.6032
36	5	0.3005	1	1	-1.364	1.925
36	5	0.4221	1	0	0.8611	0.08176
36	5	3.549	0	0	-1.011	0.6751
36	5	0.2598	0	1	-0.1078	0.08176
36	5	0.9353	1	1	0.3324	1.392
36	5	0.4407	0	0	0.3409	-2.405
36	5	0.2196	0	0	-0.5018	0.3287
36	5	0.619	0	0	0.3738	0.6751
36	5	3.247	0	0	0.1901	-0.1797
36	5	0.3391	1	0	-0.8524	1.099
36	5	3.777	1	1	0.04748	0.5626
36	5	0.9172	1	1	0.4423	-0.04704
36	5	0.2647	0	1	-2.133	0.8919
36	5	0.4483	1	1	-1.705	-0.1797
36	5	0.5004	0	1	0.9698	0.4472
36	5	0.5071	1	1	1.068	-0.1797
36	5	0.05064	1	0	-1.343	0.08176
36	5	0.7509	1	0	-1.606	-0.04704
36	5	0.4859	1	1	0.4494	2.009
36	5	0.9094	1	1	-0.7257	0.4472
36	5	0.1027	0	0	-0.4423	0.08176
36	5	0.3599	0	0	1.267	1.099
36	5	3.823	0	0	0.0885	0.2069
36	5	0.221	0	1	-0.3722	0.3287
37	5	3.728	1	1	-1.056	0.7185
37	5	0.8152	0	1	-0.292	2.135
37	5	0.3904	1	0	-0.2757	1.174
37	5	0.4544	1	1	-0.146	0.3414
37	5	0.9711	1	1	-2.778	1.28
37	5	0.7715	1	1	-0.03946	0.2078
37	5	0.1465	1	1	0.9069	2.048
37	5	0.5064	0	0	-0.007103	-1.235
37	5	3.658	1	1	0.4295	0.06977
37	5	0.5435	0	1	0.3902	0.4709
37	5	0.3618	0	1	-0.2743	1.384
37	5	3.642	0	0	0.0571	-0.6975
37	5	0.8501	0	1	-0.3821	0.06977
37	5	0.05404	1	1	-0.444	-0.3736
37	5	3.724	0	0	0.2251	-0.5325
37	5	0.7413	1	1	0.5046	-0.6975
37	5	0.2677	0	0	0.281	-0.5325
37	5	0.6624	1	1	0.9095	-1.637
37	5	0.5842	1	0	-0.164	0.06977
37	5	3.711	1	1	0.1203	-1.235
37	5	0.01656	1	1	0.7108	-1.048
37	5	0.4856	0	1	-0.3377	0.8371
37	5	0.1444	0	1	-1.58	1.776
37	5	0.1026	0	0	0.5501	0.9524
37	5	3.705	0	0	-1.746	-0.3736
37	5	0.2522	0	0	0.1368	-1.637
37	5	0.5074	0	1	-0.3413	-0.0729
37	5	3.734	0	0	0.317	-2.08
37	5	0.5466	1	0	0.7169	-1.048
37	5	0.06096	1	1	2.057	-0.3736
37	5	1.335e-05	0	0	-0.6878	0.06977
37	5	0.09955	1	1	-0.1664	-0.6975
37	5	0.3848	0	0	0.7878	-0.8693
37	5	0.9185	1	1	0.3188	-1.852
37	5	0.3271	1	0	0.7276	0.3414
37	5	3.48	1	1	-1.071	-0.6975
37	5	3.389	0	0	-0.386	0.06977
37	5	0.8469	1	1	-0.5763	-0.6975
37	5	0.7808	1	1	0.9208	-0.2206
37	5	0.2072	1	1	-1.254	-0.3736
37	5	0.1538	0	1	0.9435	0.4709
37	5	1.122	0	0	-0.9712	-0.3736
37	5	0.1471	0	1	0.6128	0.9524
37	5	0.3573	0	1	-3.267	1.065
37	5	3.535	1	1	-0.424	-0.5325
37	5	0.7539	0	1	1.19	1.486
37	5	0.1406	0	1	-1.178	0.7185
37	5	0.4241	1	1	2.135	1.486
37	5	0.5109	1	1	0.00478	-0.3736
37	5	0.5293	0	0	-2.523	0.06977
38	5	0.8834	0	0	-0.7084	-0.704
38	5	3.705	0	0	0.2428	-0.704
38	5	0.8707	1	1	-0.1114	0.376
38	5	0.9117	0	0	-0.3765	-0.704
38	5	3.663	1	1	-0.7012	1.398
38	5	4.05	0	0	-2.331	-0.3176
38	5	0.09865	0	0	1.275	3.163
38	5	1.13	1	1	0.282	0.2114
38	5	0.3189	1	1	0.0574	0.5355
38	5	0.5789	1	1	0.9219	0.9854
38	5	3.529	0	0	-0.3959	-0.3176
38	5	1.182	0	0	-1.522	-0.5071
38	5	0.6164	1	1	2.119	-0.135
38	5	0.2731	1	0	-0.6967	0.5355
38	5	0.2424	0	0	-1.149	0.0412
38	5	0.3433	0	1	0.2311	0.0412
38	5	3.59	1	1	0.06097	-0.135
38	5	1.134	0	0	0.4618	1.656
38	5	0.1618	0	1	-2.125	0.69
38	5	0.4871	0	1	-2.547	0.5355
38	5	3.892	1	1	-0.8104	0.2114
38	5	0.05637	1	1	0.2146	1.127
38	5	0.2898	1	0	-1.183	1.127
38	5	0.2781	1	1	-0.1333	0.0412
38	5	0.9702	1	1	0.3499	-0.5071
38	5	3.428	1	1	-1.045	-1.123
38	5	0.6313	1	1	0.124	-1.123
38	5	0.06416	0	1	-1.085	0.2114
38	5	0.1241	1	1	0.6552	-0.704
38	5	0.5176	1	1	0.1279	0.5355
38	5	0.5255	0	0	-0.8032	0.9854
38	5	0.2408	1	0	-0.03557	-0.5071
38	5	0.5794	0	0	-0.2068	-1.579
38	5	3.517	0	0	-0.1421	-1.579
38	5	3.611	1	1	0.9288	-0.909
38	5	0.05759	1	0	1.836	-0.135
38	5	0.6929	1	1	0.4127	-0.135
38	5	0.09871	1	0	0.8076	-1.579
38	5	0.1285	0	1	1.424	-0.704
38	5	0.5091	1	0	1.136	-0.135
38	5	0.9029	0	0	-1.569	-0.5071
38	5	0.01552	0	0	1.82	-1.346
38	5	0.4999	1	0	0.2597	1.529
38	5	0.9902	0	0	-2.755	1.529
38	5	3.281	1	1	-0.07517	0.376
38	5	0.005099	0	0	1.884	1.398
38	5	0.2379	0	0	0.4164	-1.346
38	5	0.4492	0	0	-2.547	-0.5071
38	5	0.06107	0	0	-1.315	0.5355
38	5	0.3872	0	0	0.6682	-1.824
39	5	0.3138	1	1	0.2728	0.06534
39	5	0.1661	1	1	0.07852	2.259
39	5	0.04032	0	0	0.6522	0.3358
39	5	0.0711	1	1	-0.3825	-0.07723
39	5	0.1026	1	1	-1.584	-0.539
39	5	0.3388	0	1	-1.354	1.464
39	5	0.4987	1	0	-1.727	-1.254
39	5	0.3133	0	0	0.8326	1.051
39	5	3.853	0	0	-0.5269	-1.667
39	5	0.9787	0	1	0.7342	1.158
39	5	0.6516	0	0	0.3636	0.3358
39	5	1.044	0	1	0.1283	0.06534
39	5	0.4466	0	0	-0.8057	0.7095
39	5	0.2343	1	1	-1.313	1.263
39	5	3.499	0	0	1.347	-0.539
39	5	3.367	1	1	0.3949	0.2029
39	5	0.9434	0	0	0.3811	-0.3789
39	5	0.1514	1	0	1.481	0.06534
39	5	0.05195	1	1	0.8336	-1.254
39	5	3.81	1	1	0.2037	0.3358
39	5	1.281	1	1	0.7142	-1.455
39	5	3.828	1	1	0.3657	-0.539
39	5	0.7947	0	0	0.8835	0.06534
39	5	0.5239	1	0	-0.6828	-2.128
39	5	0.3631	1	0	-1.517	2.011
39	5	0.6861	1	0	0.0001189	-0.07723
39	5	0.2727	0	0	0.2902	0.5888
39	5	1.012	0	0	-0.36	-0.3789
39	5	0.5396	0	1	-1.881	0.9401
39	5	3.764	1	1	1.056	0.3358
39	5	0.3134	0	0	-0.7491	-1.254
39	5	0.7782	0	0	1.269	-1.062
39	5	0.1627	0	0	0.2759	-0.3789
39	5	0.301	1	0	-1.466	-0.3789
39	5	0.03819	0	0	-0.8482	0.5888
39	5	0.09205	1	0	0.344	-2.942
39	5	1.17	0	0	-0.5009	-0.539
39	5	0.2995	0	0	1.163	0.2029
39	5	3.621	1	1	-0.4457	0.06534
39	5	0.7492	1	0	0.1589	1.158
39	5	0.3127	1	1	0.3525	0.3358
39	5	0.6819	1	1	-1.669	0.3358
39	5	3.383	1	1	0.1815	-0.8801
39	5	0.5312	0	0	-0.4996	0.9401
39	5	0.4112	0	0	0.1741	1.158
39	5	0.3604	1	0	-1.03	-0.3789
39	5	3.433	0	0	-0.6247	-1.062
39	5	3.819	1	1	0.7838	0.2029
39	5	0.6089	0	0	0.6439	0.3358
39	5	0.1181	0	1	-1.453	0.5888
40	6	0.2188	0	0	-0.3353	1.914
40	6	3.967	0	0	-1.531	0.922
40	6	0.9925	0	0	-0.8374	0.444
40	6	3.674	1	1	-0.5115	-0.2398
40	6	0.09484	0	0	-0.4324	0.8318
40	6	3.249	0	0	0.3014	-0.2398
40	6	0.3037	1	0	0.5675	1.01
40	6	0.4113	1	0	-0.9789	1.095
40	6	0.4799	0	0	-1.851	0.2315
40	6	0.1946	0	0	0.174	0.2315
40	6	0.7026	0	0	-0.2127	-0.1155
40	6	0.3788	1	0	-1.241	-0.5033
40	6	0.9653	0	1	0.2749	-0.3689
40	6	0.4344	0	1	0.1144	2.105
40	6	0.1809	0	1	0.3901	0.922
40	6	0.9837	0	0	-0.5978	-0.1155
40	6	0.5154	1	0	0.2521	-1.639
40	6	0.239	1	1	-0.07713	-0.943
40	6	0.2628	1	1	-0.5866	-0.3689
40	6	0.1707	1	1	0.1355	1.567
40	6	0.01154	1	1	-0.4547	0.3394
40	6	0.6242	0	0	0.2014	1.01
40	6	0.9942	1	1	-0.9549	-0.1155
40	6	0.9666	0	1	-0.1516	1.179
40	6	0.5374	1	1	0.8358	0.004272
40	6	3.288	1	1	-1.692	0.004272
40	6	0.2706	1	0	1.195	0.3394
40	6	0.1153	0	1	-0.9556	-0.3689
40	6	1.362	1	1	0.1748	0.1198
40	6	3.716	1	1	1.157	-1.104
40	6	0.1922	1	1	0.2	1.01
40	6	3.39	1	1	-0.282	-0.6435
40	6	0.2122	0	0	-1.007	0.2315
40	6	0.1523	0	1	-3.781	-0.2398
40	6	0.4962	1	0	0.8576	-1.104
40	6	1.2	0	0	0.617	-1.451
40	6	0.964	0	0	0.7042	-1.104
40	6	0.4806	0	0	1.367	-3.386
40	6	3.651	0	0	1.246	1.01
40	6	0.3806	1	1	-0.555	-0.6435
40	6	0.9987	1	1	0.7134	1.179
40	6	0.4169	0	0	-1.664	-0.943
40	6	0.4278	1	0	-2.071	-1.838
40	6	0.05094	1	1	-0.3458	0.922
40	6	0.05886	0	0	-2.477	0.444
40	6	3.469	1	1	-1.089	-0.2398
40	6	0.1313	1	1	1.506	-0.2398
40	6	0.01937	1	1	-1.163	-0.3689
40	6	3.539	0	0	0.2025	-0.5033
40	6	3.413	0	0	-0.3381	-0.2398
41	6	0.07668	0	0	-0.2228	-0.6295
41	6	1.028	0	0	-0.3164	-0.4393
41	6	0.5089	0	0	-0.1521	-1.037
41	6	0.5835	1	0	-0.4369	0.6975
41	6	3.465	1	1	-0.4829	-0.2572
41	6	0.2299	1	0	0.02615	-0.6295
41	6	3.873	1	1	-0.4863	-0.4393
41	6	0.1967	1	0	-0.2944	-0.08254
41	6	3.964	1	1	-0.5682	0.08527
41	6	0.9184	1	1	0.1442	-0.08254
41	6	0.6647	0	1	-0.1549	0.2467
41	6	0.8644	1	1	-0.5561	2.618
41	6	0.9306	0	0	-0.05691	0.2467
41	6	0.6425	1	0	-0.1459	2.034
41	6	0.05617	0	0	-0.4383	0.8378
41	6	1.034	1	0	-1.465	-0.08254
41	6	0.3013	0	1	0.1786	0.5525
41	6	3.291	0	0	-0.2721	0.08527
41	6	0.6862	1	1	-0.6258	1.357
41	6	0.0375	1	1	-0.286	-1.037
41	6	0.3971	0	0	-2.403	0.08527
41	6	0.1088	0	0	0.1932	-1.488
41	6	3.787	0	0	-0.5513	0.2467
41	6	0.06304	1	1	-0.7226	-0.4393
41	6	0.3657	1	0	2.216	-1.992
41	6	0.8062	0	0	-0.3339	-0.8285
41	6	0.3718	1	1	0.1996	0.6975
41	6	0.8644	1	1	0.2038	0.6975
41	6	0.9378	1	1	0.771	-0.2572
41	6	0.08741	0	1	0.08225	2.238
41	6	0.09405	0	0	-0.4191	-1.037
41	6	3.593	1	1	-0.05417	2.137
41	6	0.09928	1	1	-1.18	-0.08254
41	6	0.2123	1	1	-0.7288	1.357
41	6	0.5753	1	0	0.4698	0.6975
41	6	0.3539	0	1	0.654	-0.08254
41	6	0.4465	0	0	-1.623	-0.6295
41	6	0.01354	0	1	0.8213	0.8378
41	6	0.9115	1	0	-0.3701	-0.08254
41	6	0.05549	0	0	1.08	-2.268
41	6	0.1771	0	1	-0.2521	-0.08254
41	6	0.2055	0	0	-0.4686	0.6975
41	6	3.772	0	0	-0.2341	-0.8285
41	6	3.467	0	0	-1.085	-1.037
41	6	3.653	1	1	0.6209	0.2467
41	6	0.4039	0	0	-0.6595	-0.4393
41	6	0.2904	0	1	-1.578	-0.4393
41	6	3.801	0	0	-1.019	-1.257
41	6	0.6716	1	1	-0.288	-0.6295
41	6	0.3314	1	0	1.387	-0.08254
42	6	0.5121	0	1	-0.5769	1.577
42	6	0.4276	0	1	0.4113	0.2712
42	6	1.253	0	0	-0.6173	-0.03007
42	6	0.481	1	1	-0.5414	-0.1911
42	6	0.3171	0	0	0.3033	0.1238
42	6	0.06072	1	0	0.02668	-0.9227
42	6	3.417	0	0	-0.874	-1.851
42	6	0.8188	1	0	-0.04915	-1.356
42	6	0.3534	1	1	-0.2836	0.4125
42	6	0.6768	0	0	0.5011	-0.9227
42	6	0.3806	0	0	0.3959	0.1238
42	6	0.286	1	0	-0.5042	-0.9227
42	6	3.586	1	1	-0.1632	-1.356
42	6	0.1322	0	0	0.2156	0.1238
42	6	0.2409	0	0	0.2321	-1.133
42	6	1.191	1	1	0.2301	0.1238
42	6	3.874	1	1	-0.2974	-0.03007
42	6	0.5034	0	1	-0.3686	-0.36
42	6	0.1616	1	1	-0.4705	1.044
42	6	0.2868	0	0	-0.07036	-0.7248
42	6	0.8681	0	0	0.2455	-1.851
42	6	0.4047	1	1	0.1377	0.4125
42	6	0.3566	0	0	0.04767	0.6789
42	6	0.0242	0	0	-0.3278	-0.9227
42	6	0.05383	1	1	0.006426	1.267
42	6	0.177	0	0	0.1512	0.4125
42	6	0.5668	1	1	1.744	-0.5376
42	6	3.183	1	1	-0.6428	0.1238
42	6	0.8481	1	1	0.1454	0.6789
42	6	3.61	0	0	-0.7453	-0.36
42	6	0.1925	1	0	-0.4236	-1.851
42	6	3.193	1	1	0.2885	0.6789
42	6	0.7559	1	1	-0.8982	0.4125
42	6	0.4526	0	0	0.762	-1.133
42	6	0.08465	0	0	-0.06251	0.1238
42	6	1.306	0	0	0.8942	-2.43
42	6	0.09802	0	1	0.7285	0.1238
42	6	3.581	0	0	-0.3307	-0.36
42	6	0.001382	0	1	0.08151	0.8049
42	6	0.1534	0	1	-1.266	-0.36
42	6	0.8811	1	1	-1.186	0.5483
42	6	3.739	1	1	-0.252	0.4125
42	6	0.02067	0	1	-0.3006	1.044
42	6	1.046	1	0	0.6423	2.447
42	6	0.396	0	1	-0.2267	1.952
42	6	0.9937	1	1	-0.8994	0.5483
42	6	0.1257	1	0	-1.019	0.4125
42	6	3.496	1	1	0.1306	0.4125
42	6	3.658	1	1	0.123	1.044
42	6	0.3817	1	0	0.003598	1.267
43	6	0.8664	0	0	0.7787	-1.541
43	6	0.03732	0	0	0.5776	-0.6089
43	6	0.3805	0	0	0.3262	-0.4482
43	6	3.621	1	1	-0.619	0.3893
43	6	0.001212	0	0	0.3667	-0.147
43	6	3.644	1	1	-0.205	0.2625
43	6	3.522	1	1	-0.5552	0.8562
43	6	3.263	1	0	0.1052	1.728
43	6	0.8744	1	0	0.2706	-0.2945
43	6	0.3921	0	0	-0.3029	-3.113
43	6	0.2183	0	0	-0.3505	0.745
43	6	0.8838	0	0	-0.6318	-1.334
43	6	3.273	1	1	1.055	0.2625
43	6	0.3607	0	0	1.126	-1.993
43	6	3.583	0	0	1.796	0.1311
43	6	0.3206	1	0	0.5124	-0.4482
43	6	0.2211	0	0	-1.013	-0.2945
43	6	0.2457	0	0	-0.2256	0.6303
43	6	1.033	1	0	-0.7626	1.977
43	6	0.5952	0	0	-0.1535	0.5118
43	6	0.7085	1	0	1.223	-0.147
43	6	0.2341	0	0	-0.2497	2.358
43	6	0.2069	0	0	-0.1049	-0.4482
43	6	0.2184	1	0	-0.03021	-0.9533
43	6	0.4094	1	0	0.398	-0.4482
43	6	3.562	0	0	0.0296	-0.4482
43	6	0.6453	0	0	-0.968	0.745
43	6	0.08984	0	0	1.868	-0.9533
43	6	3.249	0	0	0.5569	0.3893
43	6	0.3172	0	0	1.453	-1.334
43	6	0.02151	1	1	0.9898	-0.4482
43	6	0.1437	1	0	-0.1059	-1.139
43	6	0.8401	1	0	1.236	-0.6089
43	6	0.02269	1	1	1.82	1.728
43	6	0.6492	0	0	-1.404	-0.147
43	6	0.7306	1	1	-1.571	0.2625
43	6	1.114	1	0	-0.7189	0.6303
43	6	3.8	1	1	-0.4973	0.2625
43	6	0.8635	1	1	0.2773	-0.4482
43	6	0.04493	0	0	0.03454	-0.147
43	6	0.3984	1	1	-0.2975	-0.147
43	6	0.08319	1	1	0.3735	-0.147
43	6	3.904	1	1	-1.478	0.6303
43	6	0.1323	0	0	-2.053	1.728
43	6	0.03702	0	1	-2.214	1.069
43	6	0.7541	1	1	0.3608	0.5118
43	6	0.08634	1	0	-0.9764	0.3893
43	6	0.4686	0	0	-1.488	0.745
43	6	0.4204	1	1	-0.9158	-0.147
43	6	0.1268	0	0	0.9586	-0.6089
44	6	3.646	1	1	0.7643	-0.3371
44	6	0.828	0	0	0.9503	-0.6785
44	6	0.08142	0	1	1.578	2.724
44	6	0.2173	0	0	0.06939	0.2646
44	6	1.085	1	0	1.357	-0.02423
44	6	0.7437	0	0	-1.011	-1.054
44	6	0.1836	0	0	0.2114	-0.1774
44	6	0.1529	0	0	-0.4501	-1.257
44	6	0.6298	0	0	-0.9854	-0.3371
44	6	0.184	1	1	0.3107	2.577
44	6	0.07771	1	0	0.7614	-0.8616
44	6	0.2465	1	0	1.461	-0.6785
44	6	0.9589	0	1	0.5605	-1.054
44	6	0.7584	1	1	-0.2467	-0.504
44	6	3.222	0	0	-0.5202	-1.257
44	6	0.4472	1	0	0.4983	-0.8616
44	6	3.512	1	1	0.06062	1.238
44	6	0.01033	1	0	0.2178	-0.8616
44	6	0.3593	0	0	0.5424	-1.257
44	6	0.4645	0	0	-0.9364	-0.8616
44	6	0.5227	0	0	-0.8151	-0.02423
44	6	1.022	0	1	-0.4327	0.123
44	6	0.7466	1	0	-0.09504	-0.6785
44	6	0.4724	1	1	-0.5416	0.123
44	6	0.5837	1	0	-0.3407	-1.257
44	6	0.5477	1	1	0.9077	0.66
44	6	0.1603	0	0	0.06511	0.2646
44	6	0.7232	1	0	-0.6901	2.182
44	6	0.574	1	1	1.156	0.66
44	6	0.7683	1	1	-2.163	0.66
44	6	3.294	0	0	-1.275	-0.1774
44	6	0.128	0	0	0.1714	1.238
44	6	3.537	1	1	1.381	0.4011
44	6	0.1084	0	0	-0.7609	0.4011
44	6	0.4434	1	0	0.05209	0.66
44	6	3.72	0	0	0.3968	-0.8616
44	6	0.1004	0	0	-0.7108	1.447
44	6	3.745	1	1	-0.4296	-0.3371
44	6	3.482	0	0	-0.01744	-0.02423
44	6	0.3023	0	0	0.5657	-0.8616
44	6	0.08591	1	0	-0.3243	-0.504
44	6	0.7026	0	1	-0.9491	0.2646
44	6	0.06836	0	1	-0.4704	-0.3371
44	6	0.2901	0	0	-0.9323	-1.941
44	6	0.3405	1	0	-0.1704	0.2646
44	6	3.8	1	0	1.01	1.923
44	6	0.1711	1	0	0.1402	-0.1774
44	6	0.1032	1	0	-0.8183	0.5328
44	6	3.679	0	0	-0.6161	0.66
44	6	0.03855	1	0	-1.979	-0.02423
45	6	3.486	0	0	-0.2383	-0.5486
45	6	0.3913	1	0	0.626	2.316
45	6	0.6753	0	0	-0.2132	2.391
45	6	0.3938	1	0	0.1909	-1.097
45	6	0.2565	0	0	0.4104	2.316
45	6	0.129	0	1	0.2657	1.268
45	6	0.3727	0	0	0.0229	-0.7221
45	6	0.1036	1	1	-0.2351	0.8364
45	6	0.3197	1	0	0.1654	0.9494
45	6	0.4261	1	1	-0.2859	0.07147
45	6	0.1778	1	0	-0.1602	0.7198
45	6	3.553	1	1	0.1814	-0.3831
45	6	0.4924	1	0	-0.1499	0.4745
45	6	0.0797	0	1	-0.2354	-0.3831
45	6	0.09684	0	0	0.5436	0.9494
45	6	0.679	0	1	1.319	0.4745
45	6	3.492	1	1	-0.3541	-0.3831
45	6	0.3678	0	0	1.125	-0.2251
45	6	0.687	1	1	-1.679	-0.5486
45	6	3.688	0	0	1.901	-0.3831
45	6	4.216	0	0	-1.38	-1.3
45	6	0.3869	1	0	1.197	-1.3
45	6	0.02504	0	0	0.8275	0.07147
45	6	0.3824	0	0	-0.1164	-1.516
45	6	0.8928	1	1	-0.4113	-0.0737
45	6	0.07065	0	1	1.035	1.059
45	6	0.3984	0	0	0.9165	0.07147
45	6	0.7642	1	0	-0.3733	-0.3831
45	6	0.8267	0	0	0.5638	-1.097
45	6	3.853	0	0	0.3302	-1.516
45	6	0.7712	1	0	-0.01114	0.7198
45	6	0.9649	0	0	0.6219	-1.3
45	6	0.3191	1	1	0.4512	0.7198
45	6	0.5089	0	0	0.452	-1.745
45	6	0.6056	1	0	0.1992	-1.3
45	6	0.06171	1	1	0.5503	0.4745
45	6	0.2665	0	1	-0.6967	-0.3831
45	6	1.081	1	1	0.7294	0.4745
45	6	3.529	1	1	0.5335	0.4745
45	6	3.742	0	0	-0.3181	-1.097
45	6	0.3663	0	1	-2.145	0.07147
45	6	3.659	1	1	0.007536	-0.2251
45	6	0.9478	1	0	2.104	0.07147
45	6	0.0007162	1	1	-0.8004	0.07147
45	6	0.09056	0	0	0.9074	-0.9045
45	6	0.1899	1	0	-0.3248	-0.7221
45	6	0.00195	1	0	0.06356	2
45	6	3.545	0	0	1.434	0.07147
45	6	0.2083	0	0	-1.877	0.07147
45	6	1.125	1	0	1.721	0.3452
46	6	0.7093	1	1	-1.613	0.1863
46	6	0.5248	0	0	-1.747	-0.09812
46	6	0.7386	0	0	0.1637	0.3215
46	6	3.894	0	0	0.2794	-0.909
46	6	0.1628	0	0	0.08081	-1.697
46	6	0.07991	0	0	1.694	0.1863
46	6	0.4444	0	1	1.435	1.858
46	6	0.1223	0	1	0.3843	0.1863
46	6	0.9349	0	0	0.3735	1.161
46	6	0.7711	1	1	-0.7587	-0.5653
46	6	3.725	0	0	-0.2909	-0.5653
46	6	0.01791	0	0	2.563	-2.155
46	6	3.333	1	1	0.3037	2.209
46	6	0.2633	1	1	-0.01867	0.4523
46	6	1.103	1	1	-0.8959	-1.092
46	6	0.9225	1	1	0.8084	0.1863
46	6	3.836	1	1	2.169	-0.09812
46	6	0.7718	1	1	0.1432	0.4523
46	6	3.792	0	0	0.7981	-0.5653
46	6	1.147	1	1	0.5699	-0.5653
46	6	0.2272	1	1	-0.3873	0.4523
46	6	0.1903	1	1	0.4569	0.9379
46	6	0.797	1	1	-0.1078	-0.248
46	6	0.0714	0	0	1.532	-0.909
46	6	3.708	1	1	1.257	-0.909
46	6	0.3193	0	1	-1.12	-0.909
46	6	0.2978	1	0	-0.592	-0.5653
46	6	0.4242	1	0	1.219	1.858
46	6	3.546	0	0	-0.4004	-0.5653
46	6	0.2621	0	1	-1.107	1.051
46	6	0.9369	1	0	0.56	1.051
46	6	0.442	0	1	-0.4147	-0.5653
46	6	0.2263	0	1	1.547	-0.4036
46	6	0.6169	0	0	1.232	-0.909
46	6	3.244	0	0	-1.028	-1.092
46	6	0.3383	1	0	-1.294	-1.485
46	6	3.775	1	1	-1.653	0.9379
46	6	0.922	1	1	-0.1452	0.8217
46	6	0.2639	0	0	0.6476	0.04654
46	6	0.4557	1	0	-0.657	-0.4036
46	6	0.5014	0	1	-1.983	-0.4036
46	6	0.5033	1	1	-0.1408	0.7022
46	6	0.04623	1	1	-3.004	-0.5653
46	6	0.7505	1	1	-0.5273	0.3215
46	6	0.4858	1	0	-0.0503	0.4523
46	6	0.9088	1	0	-0.04444	2.609
46	6	0.1026	0	0	-0.8134	-1.092
46	6	0.3583	0	1	-1.749	1.051
46	6	3.811	0	0	-1.931	-1.092
46	6	0.2213	0	1	-1.367	0.9379
47	6	3.731	1	1	1.729	0.9545
47	6	0.8121	0	1	-0.1721	1.219
47	6	0.3886	1	1	-0.9382	1.469
47	6	0.4574	1	1	-0.5866	0.2157
47	6	0.9687	1	1	-0.05507	-0.6689
47	6	0.7717	1	1	-0.03541	-0.294
47	6	0.1483	1	1	-0.9325	-0.1176
47	6	0.5089	0	0	0.07169	0.5259
47	6	3.659	1	1	1.035	-0.4775
47	6	0.5486	0	1	0.4312	0.5259
47	6	0.3633	0	1	0.05008	0.5259
47	6	3.642	0	0	-0.7491	-0.6689
47	6	0.8484	0	0	-0.1902	-1.528
47	6	0.0555	1	0	1.92	-0.4775
47	6	3.722	0	0	1.404	-1.078
47	6	0.7371	1	1	0.1932	1.706
47	6	0.2636	0	1	0.1249	-0.6689
47	6	0.6615	1	1	-0.3337	0.5259
47	6	0.588	1	1	-0.6834	-0.4775
47	6	3.715	1	1	-0.317	-0.8688
47	6	0.0221	1	0	-0.03208	2.823
47	6	0.4864	0	0	0.2179	-0.8688
47	6	0.1451	0	0	0.3605	-0.4775
47	6	0.1037	0	0	-1.135	-0.1176
47	6	3.704	0	0	0.07435	-1.297
47	6	0.253	0	0	0.9578	-1.297
47	6	0.5103	0	0	0.3049	0.5259
47	6	3.736	0	0	-1.991	-2.028
47	6	0.5423	1	1	-0.5944	2.039
47	6	0.06071	1	0	0.7892	-1.078
47	6	0.004495	0	1	-0.1744	1.589
47	6	0.1033	1	1	1.502	0.05212
47	6	0.3824	0	0	1.431	0.5259
47	6	0.917	1	1	-1.392	0.05212
47	6	0.331	1	1	-0.5591	0.05212
47	6	3.479	1	1	0.6256	0.05212
47	6	3.389	0	0	-0.1172	-1.078
47	6	0.8516	1	1	-1.139	-0.6689
47	6	0.7794	1	1	0.4698	-1.771
47	6	0.2083	1	0	2.078	0.9545
47	6	0.154	0	1	-1.4	0.5259
47	6	1.122	0	0	0.7756	0.05212
47	6	0.1481	0	0	0.8677	-0.1176
47	6	0.3589	0	1	0.7037	-0.8688
47	6	3.539	1	1	-0.9149	0.8161
47	6	0.7505	0	0	0.5451	0.05212
47	6	0.1421	0	1	-0.2309	1.589
47	6	0.4233	1	1	0.3363	0.05212
47	6	0.5099	1	1	-0.718	0.05212
47	6	0.5302	0	0	-1.638	-0.4775
48	6	0.8814	0	1	0.5971	0.8119
48	6	3.707	0	0	0.8741	-1.237
48	6	0.8712	1	1	-1.135	-0.8046
48	6	0.9135	0	1	-0.1533	0.323
48	6	3.664	1	1	-0.2431	0.1501
48	6	4.052	0	0	0.1623	-0.8046
48	6	0.09758	0	0	0.6978	1.543
48	6	1.131	1	1	-0.6127	1.116
48	6	0.3193	1	0	-0.07492	1.939
48	6	0.5768	1	0	0.7283	-1.237
48	6	3.531	0	1	0.3142	-0.2126
48	6	1.182	0	0	-0.3077	0.4907
48	6	0.6158	1	1	0.2441	-0.02831
48	6	0.2732	1	1	0.9225	2.658
48	6	0.2452	0	0	-0.3696	0.9658
48	6	0.3409	0	0	1.107	-1.237
48	6	3.588	1	1	1.652	1.116
48	6	1.134	0	0	0.2355	1.116
48	6	0.1598	0	1	-0.352	-0.6002
48	6	0.4911	0	1	-0.5624	0.1501
48	6	3.888	1	1	0.007538	1.404
48	6	0.05839	1	0	0.895	-0.8046
48	6	0.2846	1	1	1.979	0.9658
48	6	0.2825	1	1	-0.5342	-0.403
48	6	0.97	1	0	1.208	-1.017
48	6	3.424	1	1	-0.1808	0.6536
48	6	0.6298	1	0	-0.4074	-1.017
48	6	0.06407	0	1	0.09378	1.116
48	6	0.124	1	0	0.7017	0.4907
48	6	0.5165	1	1	0.06193	0.323
48	6	0.5279	0	0	1.555	-0.02831
48	6	0.2372	1	1	0.5335	0.4907
48	6	0.5785	0	0	0.09662	-1.706
48	6	3.515	0	0	-0.4478	-1.237
48	6	3.608	1	1	-0.1484	0.1501
48	6	0.05347	1	0	0.6019	0.6536
48	6	0.6904	1	1	0.9849	-0.2126
48	6	0.1011	1	0	0.06682	0.9658
48	6	0.1277	0	0	-0.2599	0.9658
48	6	0.118	1	0	-0.5464	-1.237
48	6	0.4903	0	0	0.02372	-0.6002
48	6	0.07021	0	0	-0.6446	-1.955
48	6	0.4998	1	1	0.00483	-0.2126
48	6	0.9912	0	0	0.2673	-1.706
48	6	3.275	1	1	0.6753	-0.2126
48	6	0.004309	0	1	-0.002601	-0.6002
48	6	0.2377	0	0	-0.09296	-0.8046
48	6	0.4452	0	0	-1.867	-0.403
48	6	0.06319	0	0	2.274	-0.02831
48	6	0.3851	0	0	-0.0586	-0.2126
49	6	0.3154	1	0	1.287	0.1482
49	6	0.1631	1	1	0.7338	0.4665
49	6	0.04117	0	0	-0.888	-0.7437
49	6	0.0684	1	0	1.059	-0.7437
49	6	0.1053	1	1	-0.1496	-0.1906
49	6	0.3392	0	1	0.3167	-0.01846
49	6	0.4983	1	1	0.9792	-0.3686
49	6	0.3123	0	1	1.233	1.938
49	6	3.854	0	0	-1.178	0.1482
49	6	0.9807	0	0	1.698	-0.01846
49	6	0.654	0	0	-0.1643	-0.1906
49	6	1.042	0	1	0.4113	1.32
49	6	0.4444	0	1	-0.1206	1.187
49	6	0.2312	1	0	-0.2207	-0.5528
49	6	3.503	0	0	0.8882	-0.1906
49	6	3.36	1	1	1.015	-0.1906
49	6	0.944	0	0	2.297	0.3098
49	6	0.1505	1	0	0.8551	-0.01846
49	6	0.04953	1	0	-2.407	-1.585
49	6	3.808	1	1	-1.521	0.6187
49	6	1.284	1	1	1.548	0.9104
49	6	3.831	1	1	-1.14	0.4665
49	6	0.7877	0	0	-0.02561	-0.9418
49	6	0.5233	1	1	0.06099	2.895
49	6	0.3638	1	0	0.1207	3.179
49	6	0.6854	1	1	-3.436	-0.9418
49	6	0.2731	0	1	0.06358	-0.9418
49	6	1.015	0	1	0.7007	-1.819
49	6	0.5417	0	1	-0.9222	-1.148
49	6	3.761	1	1	-0.2626	0.4665
49	6	0.3132	0	1	0.02136	1.449
49	6	0.7774	0	0	-2.699	-0.3686
49	6	0.1612	0	1	-2.348	-1.148
49	6	0.3021	1	1	0.7612	-0.1906
49	6	0.03373	0	0	0.388	-0.7437
49	6	0.08812	1	0	1.148	-1.148
49	6	1.171	0	0	-0.4839	-0.7437
49	6	0.3001	0	0	1.489	-1.148
49	6	3.621	1	1	2.956	-0.7437
49	6	0.751	1	0	1.717	1.187
49	6	0.3148	1	0	-1.875	0.1482
49	6	0.6799	1	1	-1.908	-0.1906
49	6	3.38	1	1	-1.686	0.9104
49	6	0.5301	0	0	1.457	0.1482
49	6	0.4099	0	1	-0.3556	-0.3686
49	6	0.3625	1	0	0.352	0.1482
49	6	3.431	0	0	0.2165	-0.5528
49	6	3.817	1	1	0.9244	-0.5528
49	6	0.607	0	0	0.06207	0.1482
49	6	0.1197	0	1	-0.2826	0.3098
