0	2	0.8936	0	1	0.8936
0	2	5.776	0	0	5.776
0	2	2.426	0	1	2.426
0	2	5.323	1	1	5.323
0	2	0.1159	0	1	0.1159
0	2	5.553	0	0	5.553
0	2	0.2	1	1	0.2
0	2	0.4859	1	1	0.4859
0	2	0.8414	0	0	0.8414
0	2	0.3104	0	1	0.3104
0	2	0.9512	0	1	0.9512
0	2	0.4917	1	1	0.4917
0	2	1.961	0	1	1.961
0	2	0.9412	0	1	0.9412
0	2	0.1283	0	0	0.1283
0	2	2.043	0	1	2.043
0	2	1.463	1	1	1.463
0	2	0.7688	1	1	0.7688
0	2	0.8597	1	1	0.8597
0	2	0.9369	1	1	0.9369
0	2	0.3663	1	0	0.3663
0	2	0.6733	0	0	0.6733
0	2	1.822	1	1	1.822
0	2	1.818	0	0	1.818
0	2	0.203	0	1	0.203
0	2	5.414	1	1	5.414
0	2	0.3105	1	1	0.3105
0	2	0.4159	0	1	0.4159
0	2	1.93	1	1	1.93
0	2	5.319	1	1	5.319
0	2	0.3026	1	1	0.3026
0	2	5.326	1	1	5.326
0	2	0.7727	0	0	0.7727
0	2	0.1525	0	0	0.1525
0	2	0.288	1	1	0.288
0	2	1.815	0	0	1.815
0	2	1.657	0	1	1.657
0	2	0.6414	0	1	0.6414
0	2	5.33	0	0	5.33
0	2	0.09098	1	0	0.09098
0	2	1.904	1	1	1.904
0	2	0.2994	0	1	0.2994
0	2	0.8859	1	1	0.8859
0	2	0.1959	1	0	0.1959
0	2	0.09067	0	1	0.09067
0	2	5.461	1	1	5.461
0	2	0.2269	1	1	0.2269
0	2	0.04766	1	0	0.04766
0	2	5.299	0	0	5.299
0	2	5.324	0	0	5.324
1	2	0.4877	0	0	0.4877
1	2	1.811	0	1	1.811
1	2	1.28	0	0	1.28
1	2	1.06	1	1	1.06
1	2	5.402	1	1	5.402
1	2	0.5365	1	0	0.5365
1	2	5.485	1	1	5.485
1	2	0.1962	1	1	0.1962
1	2	5.34	1	1	5.34
1	2	1.823	1	1	1.823
1	2	1.058	0	0	1.058
1	2	1.95	1	1	1.95
1	2	0.777	0	0	0.777
1	2	0.7606	1	0	0.7606
1	2	0.2385	0	1	0.2385
1	2	1.501	1	1	1.501
1	2	0.4578	0	1	0.4578
1	2	5.299	0	0	5.299
1	2	1.854	1	1	1.854
1	2	0.3298	1	0	0.3298
1	2	0.9103	0	0	0.9103
1	2	0.9263	0	1	0.9263
1	2	5.456	0	0	5.456
1	2	0.2953	1	1	0.2953
1	2	0.2682	1	1	0.2682
1	2	1.887	0	1	1.887
1	2	0.6408	1	1	0.6408
1	2	1.381	1	0	1.381
1	2	1.681	1	1	1.681
1	2	0.1741	0	1	0.1741
1	2	0.4805	0	0	0.4805
1	2	5.507	1	1	5.507
1	2	0.1044	0	1	0.1044
1	2	0.7342	1	1	0.7342
1	2	0.5982	1	1	0.5982
1	2	0.7447	0	0	0.7447
1	2	1.573	0	0	1.573
1	2	0.3512	0	1	0.3512
1	2	1.92	1	1	1.92
1	2	0.2205	0	0	0.2205
1	2	0.1683	0	1	0.1683
1	2	0.6375	0	0	0.6375
1	2	5.408	0	0	5.408
1	2	5.594	0	0	5.594
1	2	5.024	1	1	5.024
1	2	0.3495	0	1	0.3495
1	2	0.5404	0	1	0.5404
1	2	5.6	0	0	5.6
1	2	0.9009	1	0	0.9009
1	2	0.1126	1	1	0.1126
2	2	0.8644	0	0	0.8644
2	2	0.4626	0	0	0.4626
2	2	1.947	0	0	1.947
2	2	0.9554	1	1	0.9554
2	2	0.3508	0	1	0.3508
2	2	0.4047	1	1	0.4047
2	2	5.297	0	0	5.297
2	2	1.81	1	1	1.81
2	2	0.9304	1	1	0.9304
2	2	0.739	0	0	0.739
2	2	0.3036	0	0	0.3036
2	2	1.068	1	1	1.068
2	2	5.402	1	1	5.402
2	2	0.04559	1	1	0.04559
2	2	0.4056	0	1	0.4056
2	2	1.882	1	0	1.882
2	2	5.336	1	1	5.336
2	2	1.121	0	1	1.121
2	2	0.3304	1	1	0.3304
2	2	0.4418	0	0	0.4418
2	2	1.778	0	0	1.778
2	2	0.2733	1	0	0.2733
2	2	0.1813	0	1	0.1813
2	2	0.4296	0	1	0.4296
2	2	0.2862	1	1	0.2862
2	2	0.9506	0	1	0.9506
2	2	0.8199	1	0	0.8199
2	2	5.424	1	1	5.424
2	2	1.643	1	0	1.643
2	2	5.297	0	0	5.297
2	2	0.2961	1	1	0.2961
2	2	5.178	1	1	5.178
2	2	2.012	1	1	2.012
2	2	0.8818	0	1	0.8818
2	2	0.9149	0	1	0.9149
2	2	1.574	0	0	1.574
2	2	0.4165	0	1	0.4165
2	2	5.365	0	0	5.365
2	2	0.2257	0	1	0.2257
2	2	0.3244	0	0	0.3244
2	2	1.541	1	1	1.541
2	2	5.705	1	1	5.705
2	2	0.6083	0	1	0.6083
2	2	1.554	1	1	1.554
2	2	0.2805	0	1	0.2805
2	2	1.956	1	1	1.956
2	2	0.4264	1	1	0.4264
2	2	5.428	1	1	5.428
2	2	5.631	1	1	5.631
2	2	0.4993	1	1	0.4993
3	2	1.789	0	0	1.789
3	2	0.04679	0	1	0.04679
3	2	1.033	0	0	1.033
3	2	5.284	1	1	5.284
3	2	0.02901	1	1	0.02901
3	2	5.402	1	1	5.402
3	2	5.675	1	1	5.675
3	2	5.007	1	1	5.007
3	2	2.066	1	1	2.066
3	2	0.8927	0	0	0.8927
3	2	0.4006	0	1	0.4006
3	2	1.793	0	0	1.793
3	2	5.345	1	1	5.345
3	2	0.4324	0	1	0.4324
3	2	5.177	0	0	5.177
3	2	0.4644	1	1	0.4644
3	2	1.255	0	1	1.255
3	2	0.4432	0	0	0.4432
3	2	1.716	1	1	1.716
3	2	1.887	0	1	1.887
3	2	1.647	1	0	1.647
3	2	0.6584	0	0	0.6584
3	2	0.1053	0	0	0.1053
3	2	0.2868	1	0	0.2868
3	2	0.04764	1	1	0.04764
3	2	5.361	0	0	5.361
3	2	1.055	0	1	1.055
3	2	1.16	0	1	1.16
3	2	5.569	0	0	5.569
3	2	0.5234	0	0	0.5234
3	2	0.2324	1	0	0.2324
3	2	0.203	1	1	0.203
3	2	1.89	1	1	1.89
3	2	0.1452	1	1	0.1452
3	2	0.8301	0	0	0.8301
3	2	0.3485	1	1	0.3485
3	2	1.734	1	1	1.734
3	2	5.057	1	1	5.057
3	2	1.894	1	1	1.894
3	2	0.6877	0	1	0.6877
3	2	0.1553	1	0	0.1553
3	2	0.7592	1	1	0.7592
3	2	5.795	1	1	5.795
3	2	0.0549	1	0	0.0549
3	2	0.6588	0	0	0.6588
3	2	1.858	1	0	1.858
3	2	0.008557	1	0	0.008557
3	2	0.64	0	1	0.64
3	2	0.8789	1	0	0.8789
3	2	0.344	0	1	0.344
4	2	5.556	1	1	5.556
4	2	1.856	0	0	1.856
4	2	0.8761	0	0	0.8761
4	2	0.6098	0	0	0.6098
4	2	2.005	1	0	2.005
4	2	1.743	0	0	1.743
4	2	0.07169	0	1	0.07169
4	2	0.4714	0	1	0.4714
4	2	1.593	0	0	1.593
4	2	0.3232	1	0	0.3232
4	2	0.5865	1	0	0.5865
4	2	0.2469	1	0	0.2469
4	2	2.164	0	1	2.164
4	2	0.9565	1	1	0.9565
4	2	5.331	0	0	5.331
4	2	1.282	1	0	1.282
4	2	5.556	1	1	5.556
4	2	0.221	1	0	0.221
4	2	0.5354	0	1	0.5354
4	2	0.7765	0	0	0.7765
4	2	1.538	0	0	1.538
4	2	1.805	0	0	1.805
4	2	1.836	1	0	1.836
4	2	0.31	1	0	0.31
4	2	1.711	1	1	1.711
4	2	0.9014	1	1	0.9014
4	2	0.8353	0	0	0.8353
4	2	0.76	1	0	0.76
4	2	0.7172	1	0	0.7172
4	2	1.878	1	1	1.878
4	2	5.53	0	0	5.53
4	2	0.5781	0	0	0.5781
4	2	5.413	1	1	5.413
4	2	0.8157	0	0	0.8157
4	2	0.4541	1	1	0.4541
4	2	5.347	0	0	5.347
4	2	0.3244	0	0	0.3244
4	2	5.567	1	1	5.567
4	2	4.786	0	0	4.786
4	2	0.1357	0	1	0.1357
4	2	0.538	1	0	0.538
4	2	0.6786	0	1	0.6786
4	2	0.442	0	1	0.442
4	2	0.6785	0	0	0.6785
4	2	1.115	1	1	1.115
4	2	5.07	1	1	5.07
4	2	0.5901	1	0	0.5901
4	2	0.3238	1	1	0.3238
4	2	5.661	0	0	5.661
4	2	0.1991	1	0	0.1991
5	2	5.536	0	0	5.536
5	2	1.325	1	1	1.325
5	2	0.7089	0	1	0.7089
5	2	0.9696	1	1	0.9696
5	2	0.5557	0	0	0.5557
5	2	0.4681	0	0	0.4681
5	2	2.14	0	0	2.14
5	2	0.1023	1	1	0.1023
5	2	0.7884	1	1	0.7884
5	2	0.02644	1	1	0.02644
5	2	0.4745	1	0	0.4745
5	2	5.454	1	1	5.454
5	2	0.6786	1	1	0.6786
5	2	0.9328	0	0	0.9328
5	2	0.4977	0	0	0.4977
5	2	1.781	0	0	1.781
5	2	5.381	1	1	5.381
5	2	0.731	0	0	0.731
5	2	0.4576	1	0	0.4576
5	2	5.111	0	0	5.111
5	2	5.378	0	0	5.378
5	2	0.06624	1	0	0.06624
5	2	0.2078	0	0	0.2078
5	2	0.5132	0	0	0.5132
5	2	1.807	1	0	1.807
5	2	0.05291	0	0	0.05291
5	2	0.8116	0	0	0.8116
5	2	1.687	1	1	1.687
5	2	1.713	0	0	1.713
5	2	5.174	0	0	5.174
5	2	2.07	1	1	2.07
5	2	1.904	0	0	1.904
5	2	1.226	1	1	1.226
5	2	1.513	0	0	1.513
5	2	0.2618	1	1	0.2618
5	2	0.3369	1	0	0.3369
5	2	0.3416	0	1	0.3416
5	2	1.866	1	1	1.866
5	2	5.289	1	1	5.289
5	2	5.529	0	0	5.529
5	2	0.7847	0	1	0.7847
5	2	5.399	1	1	5.399
5	2	0.8735	1	1	0.8735
5	2	1.087	1	0	1.087
5	2	0.007072	1	0	0.007072
5	2	0.2623	1	0	0.2623
5	2	0.1649	1	1	0.1649
5	2	5.748	0	0	5.748
5	2	0.7551	0	0	0.7551
5	2	1.699	1	1	1.699
6	2	2.039	1	1	2.039
6	2	1.197	0	0	1.197
6	2	0.8253	0	1	0.8253
6	2	5.513	0	0	5.513
6	2	0.3494	0	1	0.3494
6	2	0.5551	0	0	0.5551
6	2	0.4001	0	0	0.4001
6	2	0.3349	0	1	0.3349
6	2	1.76	0	0	1.76
6	2	1.744	1	1	1.744
6	2	5.287	0	0	5.287
6	2	0.1152	0	0	0.1152
6	2	5.526	1	1	5.526
6	2	0.4374	1	1	0.4374
6	2	1.745	1	1	1.745
6	2	1.914	1	1	1.914
6	2	5.283	1	1	5.283
6	2	1.889	1	1	1.889
6	2	5.341	0	0	5.341
6	2	2.042	1	0	2.042
6	2	0.09039	1	1	0.09039
6	2	0.5613	1	1	0.5613
6	2	1.036	1	1	1.036
6	2	0.06788	0	0	0.06788
6	2	5.282	1	1	5.282
6	2	0.03285	1	0	0.03285
6	2	0.06484	1	0	0.06484
6	2	0.8968	1	0	0.8968
6	2	5.719	0	0	5.719
6	2	0.6222	0	0	0.6222
6	2	0.8842	1	1	0.8842
6	2	0.6924	0	0	0.6924
6	2	0.1388	0	1	0.1388
6	2	0.4361	0	0	0.4361
6	2	5.217	0	0	5.217
6	2	0.007154	0	0	0.007154
6	2	5.309	1	1	5.309
6	2	0.622	1	0	0.622
6	2	0.3474	0	0	0.3474
6	2	1.195	1	1	1.195
6	2	1.175	0	0	1.175
6	2	1.828	1	1	1.828
6	2	0.2761	1	1	0.2761
6	2	0.5968	1	1	0.5968
6	2	1.699	1	0	1.699
6	2	1.503	1	1	1.503
6	2	0.2267	0	0	0.2267
6	2	0.05104	0	0	0.05104
6	2	5.343	0	0	5.343
6	2	0.5073	0	0	0.5073
7	2	5.453	1	0	5.453
7	2	1.853	0	0	1.853
7	2	1.314	1	1	1.314
7	2	0.7884	1	1	0.7884
7	2	2.136	1	1	2.136
7	2	0.4157	1	1	0.4157
7	2	0.1294	1	0	0.1294
7	2	0.7252	0	1	0.7252
7	2	5.353	1	1	5.353
7	2	0.1036	0	1	0.1036
7	2	0.07754	0	1	0.07754
7	2	5.548	0	0	5.548
7	2	1.838	0	0	1.838
7	2	0.07307	1	0	0.07307
7	2	5.589	0	0	5.589
7	2	1.72	1	0	1.72
7	2	0.7375	0	0	0.7375
7	2	1.503	1	0	1.503
7	2	1.301	1	0	1.301
7	2	5.594	1	1	5.594
7	2	0.7702	1	0	0.7702
7	2	0.4308	0	1	0.4308
7	2	0.09969	0	1	0.09969
7	2	0.06083	0	0	0.06083
7	2	5.257	0	0	5.257
7	2	0.6271	0	1	0.6271
7	2	0.9135	0	0	0.9135
7	2	5.648	0	0	5.648
7	2	0.3687	1	0	0.3687
7	2	0.4501	1	1	0.4501
7	2	0.5765	0	1	0.5765
7	2	0.6044	1	0	0.6044
7	2	1.226	0	1	1.226
7	2	1.695	1	1	1.695
7	2	0.3515	1	1	0.3515
7	2	5.458	1	1	5.458
7	2	5.203	0	0	5.203
7	2	1.893	1	1	1.893
7	2	2.031	1	1	2.031
7	2	0.203	1	1	0.203
7	2	0.101	0	1	0.101
7	2	1.659	0	0	1.659
7	2	0.1321	1	1	0.1321
7	2	0.5729	0	1	0.5729
7	2	5.192	1	1	5.192
7	2	1.123	0	0	1.123
7	2	0.4602	0	0	0.4602
7	2	0.6434	1	1	0.6434
7	2	0.448	1	1	0.448
7	2	0.7639	0	1	0.7639
8	2	1.84	0	0	1.84
8	2	5.455	0	0	5.455
8	2	1.685	1	1	1.685
8	2	0.7556	0	1	0.7556
8	2	5.175	1	1	5.175
8	2	5.64	0	0	5.64
8	2	0.4038	0	0	0.4038
8	2	2.412	1	1	2.412
8	2	0.5113	1	1	0.5113
8	2	0.9108	1	1	0.9108
8	2	5.383	0	0	5.383
8	2	1.979	0	0	1.979
8	2	0.5788	1	1	0.5788
8	2	1.089	1	0	1.089
8	2	0.03173	0	0	0.03173
8	2	0.05199	0	0	0.05199
8	2	5.424	1	1	5.424
8	2	1.65	0	0	1.65
8	2	0.3756	0	0	0.3756
8	2	1.834	0	0	1.834
8	2	5.539	1	1	5.539
8	2	0.7312	1	1	0.7312
8	2	0.3828	1	1	0.3828
8	2	0.08885	1	0	0.08885
8	2	1.736	1	1	1.736
8	2	5.521	1	1	5.521
8	2	0.9558	1	1	0.9558
8	2	0.139	1	1	0.139
8	2	0.3792	1	0	0.3792
8	2	0.4219	1	0	0.4219
8	2	0.9997	0	0	0.9997
8	2	0.6691	1	1	0.6691
8	2	1.937	0	0	1.937
8	2	5.428	0	0	5.428
8	2	5.236	1	1	5.236
8	2	0.8795	1	1	0.8795
8	2	0.9701	1	0	0.9701
8	2	0.2178	0	1	0.2178
8	2	0.5925	0	0	0.5925
8	2	0.6682	1	0	0.6682
8	2	1.883	0	0	1.883
8	2	0.2615	0	0	0.2615
8	2	0.5863	1	1	0.5863
8	2	1.686	0	0	1.686
8	2	5.119	1	1	5.119
8	2	0.546	0	1	0.546
8	2	0.6281	0	0	0.6281
8	2	0.7112	0	1	0.7112
8	2	0.978	0	1	0.978
8	2	0.1942	0	0	0.1942
9	2	0.5706	1	0	0.5706
9	2	0.2815	1	0	0.2815
9	2	0.3876	0	1	0.3876
9	2	0.1087	1	0	0.1087
9	2	0.3283	1	1	0.3283
9	2	0.04338	1	0	0.04338
9	2	0.9505	1	1	0.9505
9	2	0.7001	0	1	0.7001
9	2	5.096	0	0	5.096
9	2	2.064	0	0	2.064
9	2	0.6559	0	0	0.6559
9	2	1.606	0	0	1.606
9	2	0.6998	0	1	0.6998
9	2	0.3451	1	0	0.3451
9	2	5.832	0	0	5.832
9	2	5.091	1	1	5.091
9	2	1.742	0	0	1.742
9	2	0.2587	1	1	0.2587
9	2	0.2934	1	0	0.2934
9	2	5.443	1	1	5.443
9	2	2.136	1	1	2.136
9	2	5.633	1	1	5.633
9	2	0.571	0	0	0.571
9	2	0.8845	1	0	0.8845
9	2	0.6115	1	0	0.6115
9	2	1.498	1	1	1.498
9	2	0.6978	0	0	0.6978
9	2	2.03	0	0	2.03
9	2	1.359	0	0	1.359
9	2	5.462	1	1	5.462
9	2	0.04761	0	1	0.04761
9	2	1.682	0	1	1.682
9	2	0.4539	0	0	0.4539
9	2	0.1939	1	0	0.1939
9	2	0.4434	0	0	0.4434
9	2	0.2182	1	1	0.2182
9	2	1.642	0	0	1.642
9	2	0.7137	0	1	0.7137
9	2	5.407	1	1	5.407
9	2	1.659	1	1	1.659
9	2	1.297	1	0	1.297
9	2	1.565	1	1	1.565
9	2	5.268	1	1	5.268
9	2	0.5786	0	1	0.5786
9	2	1.039	0	0	1.039
9	2	0.463	1	1	0.463
9	2	5.505	0	0	5.505
9	2	5.246	1	1	5.246
9	2	0.3803	0	0	0.3803
9	2	0.1572	0	0	0.1572
10	3	0.8735	1	0	0.8735
10	3	5.786	0	0	5.786
10	3	1.063	1	1	1.063
10	3	0.1702	0	1	0.1702
10	3	0.196	0	0	0.196
10	3	5.31	1	1	5.31
10	3	0.1529	1	0	0.1529
10	3	0.3497	1	1	0.3497
10	3	0.992	1	1	0.992
10	3	0.6703	1	1	0.6703
10	3	0.8262	1	1	0.8262
10	3	1.641	0	0	1.641
10	3	1.833	1	1	1.833
10	3	5.426	0	0	5.426
10	3	0.05471	1	0	0.05471
10	3	0.2317	0	1	0.2317
10	3	0.5583	0	0	0.5583
10	3	0.1129	0	0	0.1129
10	3	0.05774	1	0	0.05774
10	3	5.545	1	1	5.545
10	3	1.744	0	0	1.744
10	3	0.3232	1	0	0.3232
10	3	4.874	0	0	4.874
10	3	1.486	1	1	1.486
10	3	5.613	1	1	5.613
10	3	0.774	0	1	0.774
10	3	0.3987	0	0	0.3987
10	3	0.688	0	1	0.688
10	3	0.4782	1	1	0.4782
10	3	0.3558	1	1	0.3558
10	3	0.7789	1	0	0.7789
10	3	0.387	1	1	0.387
10	3	0.909	1	0	0.909
10	3	0.6357	1	0	0.6357
10	3	0.8621	0	0	0.8621
10	3	1.268	0	1	1.268
10	3	5.613	0	0	5.613
10	3	5.33	1	1	5.33
10	3	0.5279	0	0	0.5279
10	3	1.706	0	0	1.706
10	3	1.753	0	0	1.753
10	3	1.68	1	1	1.68
10	3	1.818	0	0	1.818
10	3	5.555	0	0	5.555
10	3	1.639	1	0	1.639
10	3	0.07463	0	1	0.07463
10	3	5.232	0	0	5.232
10	3	0.1891	0	0	0.1891
10	3	0.8207	1	1	0.8207
10	3	1.676	0	1	1.676
11	3	5.349	0	0	5.349
11	3	0.8189	0	0	0.8189
11	3	0.2977	1	1	0.2977
11	3	0.7709	1	1	0.7709
11	3	0.7869	0	0	0.7869
11	3	5.159	1	1	5.159
11	3	5.426	0	0	5.426
11	3	1.885	0	1	1.885
11	3	0.6501	1	1	0.6501
11	3	0.3226	1	0	0.3226
11	3	0.9026	1	1	0.9026
11	3	0.8446	1	1	0.8446
11	3	0.7662	0	1	0.7662
11	3	1.063	1	1	1.063
11	3	5.414	0	0	5.414
11	3	1.993	0	0	1.993
11	3	0.5621	1	0	0.5621
11	3	1.018	0	1	1.018
11	3	0.4905	0	1	0.4905
11	3	2.198	0	0	2.198
11	3	5.222	0	0	5.222
11	3	0.5591	0	1	0.5591
11	3	1.924	1	1	1.924
11	3	1.245	1	1	1.245
11	3	0.1568	0	1	0.1568
11	3	5.288	1	1	5.288
11	3	0.08655	0	1	0.08655
11	3	0.1986	1	0	0.1986
11	3	5.544	1	1	5.544
11	3	1.73	1	0	1.73
11	3	5.538	1	1	5.538
11	3	1.763	1	1	1.763
11	3	0.5301	0	0	0.5301
11	3	1.12	0	0	1.12
11	3	0.1818	1	1	0.1818
11	3	1.796	1	1	1.796
11	3	0.1229	1	0	0.1229
11	3	0.21	1	0	0.21
11	3	0.2325	1	0	0.2325
11	3	0.05208	0	0	0.05208
11	3	1.042	0	1	1.042
11	3	0.3333	0	0	0.3333
11	3	1.885	0	0	1.885
11	3	1.886	0	0	1.886
11	3	0.6942	0	0	0.6942
11	3	5.057	0	0	5.057
11	3	1.984	1	1	1.984
11	3	0.2423	1	1	0.2423
11	3	5.571	0	0	5.571
11	3	0.9404	1	1	0.9404
12	3	1.866	1	0	1.866
12	3	0.8366	1	1	0.8366
12	3	5.263	1	1	5.263
12	3	1.111	1	0	1.111
12	3	0.784	1	1	0.784
12	3	1.694	0	0	1.694
12	3	5.683	1	1	5.683
12	3	0.81	1	1	0.81
12	3	5.259	1	1	5.259
12	3	0.4312	1	1	0.4312
12	3	0.7025	0	1	0.7025
12	3	0.6721	1	1	0.6721
12	3	0.3722	0	0	0.3722
12	3	0.1956	0	1	0.1956
12	3	1.026	0	1	1.026
12	3	0.4032	0	1	0.4032
12	3	0.08077	1	1	0.08077
12	3	0.3389	0	1	0.3389
12	3	0.2776	0	0	0.2776
12	3	0.4429	0	0	0.4429
12	3	0.1944	0	0	0.1944
12	3	1.882	0	1	1.882
12	3	5.426	0	0	5.426
12	3	1.825	0	0	1.825
12	3	5.505	0	0	5.505
12	3	0.7957	0	1	0.7957
12	3	0.7599	1	1	0.7599
12	3	1.731	1	1	1.731
12	3	0.01145	0	0	0.01145
12	3	0.5348	1	1	0.5348
12	3	0.6454	0	1	0.6454
12	3	5.396	1	1	5.396
12	3	0.08998	1	1	0.08998
12	3	0.1676	0	0	0.1676
12	3	5.539	0	0	5.539
12	3	1.71	1	1	1.71
12	3	0.3303	0	1	0.3303
12	3	2.088	0	0	2.088
12	3	2.057	1	1	2.057
12	3	5.37	1	1	5.37
12	3	0.6849	1	0	0.6849
12	3	0.1283	1	0	0.1283
12	3	0.2801	0	0	0.2801
12	3	0.1451	1	1	0.1451
12	3	5.277	1	1	5.277
12	3	5.667	1	1	5.667
12	3	0.4299	0	1	0.4299
12	3	0.493	0	0	0.493
12	3	1.615	0	0	1.615
12	3	1.477	1	0	1.477
13	3	0.2801	0	0	0.2801
13	3	0.2756	0	1	0.2756
13	3	1.988	0	0	1.988
13	3	1.096	1	1	1.096
13	3	0.5675	1	0	0.5675
13	3	2.07	0	1	2.07
13	3	1.757	0	0	1.757
13	3	1.945	0	0	1.945
13	3	0.911	0	0	0.911
13	3	1.186	1	1	1.186
13	3	0.527	0	1	0.527
13	3	0.1921	0	1	0.1921
13	3	0.7031	0	1	0.7031
13	3	5.151	1	1	5.151
13	3	1.892	1	1	1.892
13	3	0.4035	0	0	0.4035
13	3	0.7995	0	1	0.7995
13	3	0.4789	0	1	0.4789
13	3	0.4959	0	1	0.4959
13	3	0.1878	0	0	0.1878
13	3	0.9844	0	1	0.9844
13	3	0.5671	1	0	0.5671
13	3	5.472	0	0	5.472
13	3	5.619	1	1	5.619
13	3	0.2528	1	1	0.2528
13	3	5.26	0	0	5.26
13	3	0.6294	1	0	0.6294
13	3	0.2533	1	0	0.2533
13	3	1.727	0	1	1.727
13	3	1.871	1	1	1.871
13	3	5.544	1	1	5.544
13	3	0.01203	1	0	0.01203
13	3	0.857	1	1	0.857
13	3	0.5043	1	1	0.5043
13	3	1.715	0	0	1.715
13	3	0.09861	0	1	0.09861
13	3	0.8189	0	0	0.8189
13	3	0.4462	1	1	0.4462
13	3	1.651	1	1	1.651
13	3	0.8353	1	1	0.8353
13	3	1.205	1	1	1.205
13	3	5.068	0	0	5.068
13	3	5.678	0	0	5.678
13	3	5.559	1	1	5.559
13	3	0.3023	0	1	0.3023
13	3	1.971	0	0	1.971
13	3	1.163	1	0	1.163
13	3	0.06163	1	0	0.06163
13	3	5.539	1	1	5.539
14	3	0.3089	0	1	0.3089
14	3	1.003	1	1	1.003
14	3	0.5277	0	0	0.5277
14	3	1.103	0	1	1.103
14	3	0.4349	1	1	0.4349
14	3	1.985	0	1	1.985
14	3	1.913	1	1	1.913
14	3	1.189	0	0	1.189
14	3	0.8676	0	0	0.8676
14	3	5.324	1	1	5.324
14	3	0.7044	1	1	0.7044
14	3	0.2991	1	1	0.2991
14	3	0.1457	0	0	0.1457
14	3	0.6877	0	1	0.6877
14	3	0.05805	0	1	0.05805
14	3	0.4374	0	1	0.4374
14	3	5.273	0	0	5.273
14	3	0.2195	0	0	0.2195
14	3	0.829	1	0	0.829
14	3	1.109	1	1	1.109
14	3	5.326	1	1	5.326
14	3	1.718	0	0	1.718
14	3	1.791	0	0	1.791
14	3	0.7219	0	1	0.7219
14	3	5.259	1	1	5.259
14	3	5.634	1	1	5.634
14	3	5.253	0	0	5.253
14	3	5.248	1	1	5.248
14	3	0.5821	0	0	0.5821
14	3	0.6972	1	0	0.6972
14	3	5.391	1	1	5.391
14	3	1.909	1	1	1.909
14	3	1.02	1	1	1.02
14	3	1.582	0	0	1.582
14	3	0.455	1	1	0.455
14	3	0.2938	0	0	0.2938
14	3	0.1432	1	0	0.1432
14	3	1.39	1	1	1.39
14	3	1.022	0	0	1.022
14	3	5.798	0	0	5.798
14	3	1.824	1	1	1.824
14	3	5.493	1	1	5.493
14	3	1.835	1	1	1.835
14	3	0.2742	1	1	0.2742
14	3	0.6464	0	0	0.6464
14	3	1.73	0	0	1.73
14	3	0.8061	0	0	0.8061
14	3	0.7827	0	0	0.7827
14	3	0.2414	1	0	0.2414
14	3	0.2626	1	1	0.2626
15	3	1.101	1	0	1.101
15	3	5.481	0	0	5.481
15	3	2.176	0	0	2.176
15	3	5.152	0	0	5.152
15	3	0.5734	0	0	0.5734
15	3	1.896	0	0	1.896
15	3	0.3595	1	1	0.3595
15	3	1.872	0	0	1.872
15	3	0.5587	1	1	0.5587
15	3	0.6377	0	0	0.6377
15	3	5.564	1	1	5.564
15	3	5.203	0	0	5.203
15	3	0.4006	0	0	0.4006
15	3	0.00569	1	1	0.00569
15	3	0.08679	0	0	0.08679
15	3	1.771	1	1	1.771
15	3	5.549	1	1	5.549
15	3	0.3376	1	1	0.3376
15	3	5.695	0	0	5.695
15	3	0.6362	0	0	0.6362
15	3	0.5186	0	0	0.5186
15	3	1.702	0	0	1.702
15	3	0.7909	1	1	0.7909
15	3	1.004	1	1	1.004
15	3	0.2252	1	0	0.2252
15	3	0.6146	0	0	0.6146
15	3	0.4046	0	0	0.4046
15	3	1.142	1	1	1.142
15	3	0.9282	1	1	0.9282
15	3	0.005655	1	1	0.005655
15	3	1.588	1	1	1.588
15	3	0.6971	0	1	0.6971
15	3	5.211	1	1	5.211
15	3	0.5244	1	1	0.5244
15	3	0.5389	0	0	0.5389
15	3	1.657	1	1	1.657
15	3	1.839	1	0	1.839
15	3	5.169	1	1	5.169
15	3	0.9278	1	0	0.9278
15	3	0.8124	1	0	0.8124
15	3	5.593	0	0	5.593
15	3	0.1916	1	0	0.1916
15	3	0.6033	1	0	0.6033
15	3	1.802	1	1	1.802
15	3	0.6717	0	1	0.6717
15	3	5.18	1	1	5.18
15	3	0.4683	0	0	0.4683
15	3	2.157	0	0	2.157
15	3	0.3577	0	0	0.3577
15	3	0.5688	0	0	0.5688
16	3	0.517	0	0	0.517
16	3	0.3147	1	0	0.3147
16	3	1.11	1	0	1.11
16	3	0.5015	1	0	0.5015
16	3	0.3583	0	0	0.3583
16	3	5.329	1	1	5.329
16	3	1.417	0	1	1.417
16	3	0.04846	1	1	0.04846
16	3	0.4881	1	1	0.4881
16	3	2.024	0	1	2.024
16	3	5.559	0	0	5.559
16	3	0.1515	1	1	0.1515
16	3	1.613	0	0	1.613
16	3	0.1513	0	0	0.1513
16	3	0.426	1	1	0.426
16	3	5.424	0	0	5.424
16	3	0.3567	1	1	0.3567
16	3	2.172	0	1	2.172
16	3	0.6396	0	1	0.6396
16	3	1.709	1	1	1.709
16	3	0.8455	1	1	0.8455
16	3	0.3599	1	1	0.3599
16	3	0.479	1	1	0.479
16	3	1.191	1	1	1.191
16	3	0.8846	1	1	0.8846
16	3	5.656	1	1	5.656
16	3	1.777	1	1	1.777
16	3	0.144	0	1	0.144
16	3	1.268	1	1	1.268
16	3	5.412	0	0	5.412
16	3	0.329	0	0	0.329
16	3	0.1723	0	0	0.1723
16	3	1.059	1	0	1.059
16	3	0.8437	0	1	0.8437
16	3	1.77	0	0	1.77
16	3	1.645	0	0	1.645
16	3	0.8601	1	1	0.8601
16	3	0.04593	1	0	0.04593
16	3	0.5805	0	0	0.5805
16	3	0.7458	0	0	0.7458
16	3	0.1649	1	0	0.1649
16	3	5.224	1	1	5.224
16	3	2.138	0	0	2.138
16	3	1.007	0	0	1.007
16	3	5.674	1	1	5.674
16	3	5.571	1	1	5.571
16	3	1.702	0	0	1.702
16	3	5.169	0	0	5.169
16	3	5.368	0	0	5.368
16	3	1.7	0	0	1.7
17	3	1.859	1	1	1.859
17	3	5.727	0	0	5.727
17	3	1.92	1	0	1.92
17	3	0.6739	0	0	0.6739
17	3	1.987	0	0	1.987
17	3	5.178	0	0	5.178
17	3	0.7882	1	1	0.7882
17	3	0.4858	0	1	0.4858
17	3	0.6459	0	1	0.6459
17	3	1.74	1	1	1.74
17	3	0.9226	1	0	0.9226
17	3	0.3987	0	0	0.3987
17	3	1.807	1	1	1.807
17	3	1.972	1	1	1.972
17	3	0.2711	0	0	0.2711
17	3	5.247	0	0	5.247
17	3	0.1866	1	0	0.1866
17	3	5.715	1	1	5.715
17	3	0.09019	0	0	0.09019
17	3	5.452	0	0	5.452
17	3	0.8032	0	0	0.8032
17	3	5.533	0	0	5.533
17	3	0.5477	1	0	0.5477
17	3	1.351	1	0	1.351
17	3	0.3746	0	1	0.3746
17	3	0.4885	1	1	0.4885
17	3	1.902	0	0	1.902
17	3	5.336	1	1	5.336
17	3	0.7815	0	0	0.7815
17	3	0.236	1	1	0.236
17	3	0.04971	0	1	0.04971
17	3	0.1625	0	1	0.1625
17	3	1.831	0	0	1.831
17	3	2.305	0	1	2.305
17	3	0.9706	1	1	0.9706
17	3	0.6727	1	0	0.6727
17	3	0.09966	0	1	0.09966
17	3	0.4146	1	0	0.4146
17	3	0.5011	1	1	0.5011
17	3	0.3219	0	1	0.3219
17	3	5.552	0	0	5.552
17	3	1.015	1	1	1.015
17	3	0.1943	0	0	0.1943
17	3	0.7706	0	0	0.7706
17	3	5.167	1	1	5.167
17	3	4.897	1	1	4.897
17	3	0.05601	0	0	0.05601
17	3	0.3842	0	1	0.3842
17	3	0.8775	1	0	0.8775
17	3	0.8734	1	1	0.8734
18	3	5.365	1	0	5.365
18	3	0.3695	1	1	0.3695
18	3	1.445	0	0	1.445
18	3	1.611	0	0	1.611
18	3	0.04211	1	1	0.04211
18	3	0.9693	1	1	0.9693
18	3	1.692	0	0	1.692
18	3	0.95	1	0	0.95
18	3	2.03	1	1	2.03
18	3	0.3757	1	1	0.3757
18	3	1.564	0	1	1.564
18	3	0.4972	0	1	0.4972
18	3	5.297	0	0	5.297
18	3	0.305	1	1	0.305
18	3	5.123	1	1	5.123
18	3	0.1136	1	0	0.1136
18	3	0.06235	1	0	0.06235
18	3	5.435	0	0	5.435
18	3	1.765	1	1	1.765
18	3	1.803	1	0	1.803
18	3	1.906	1	1	1.906
18	3	1.573	0	1	1.573
18	3	0.1911	0	0	0.1911
18	3	5.623	1	1	5.623
18	3	5.352	1	1	5.352
18	3	0.05652	0	0	0.05652
18	3	0.3365	1	1	0.3365
18	3	1.012	0	1	1.012
18	3	0.3885	1	0	0.3885
18	3	0.2707	0	0	0.2707
18	3	0.2812	0	0	0.2812
18	3	0.1938	1	0	0.1938
18	3	0.6288	0	1	0.6288
18	3	5.463	0	0	5.463
18	3	0.8746	0	0	0.8746
18	3	0.7602	1	0	0.7602
18	3	0.9091	1	1	0.9091
18	3	5.202	0	0	5.202
18	3	0.176	0	0	0.176
18	3	5.271	0	0	5.271
18	3	1.903	1	1	1.903
18	3	0.6757	1	1	0.6757
18	3	0.978	1	0	0.978
18	3	0.2979	0	0	0.2979
18	3	0.3199	0	0	0.3199
18	3	1.603	0	0	1.603
18	3	0.9075	0	0	0.9075
18	3	0.01875	1	0	0.01875
18	3	5.38	0	0	5.38
18	3	0.762	1	1	0.762
19	3	5.403	1	0	5.403
19	3	1.979	1	1	1.979
19	3	0.2965	1	0	0.2965
19	3	1.727	0	1	1.727
19	3	1.682	0	0	1.682
19	3	0.2734	0	0	0.2734
19	3	5.205	1	1	5.205
19	3	0.2105	0	1	0.2105
19	3	0.5651	0	1	0.5651
19	3	0.739	0	0	0.739
19	3	0.07993	1	1	0.07993
19	3	0.5862	0	0	0.5862
19	3	1.721	0	0	1.721
19	3	0.7008	1	1	0.7008
19	3	0.6066	0	1	0.6066
19	3	5.085	1	1	5.085
19	3	5.352	0	0	5.352
19	3	0.6515	1	1	0.6515
19	3	0.6068	0	0	0.6068
19	3	0.7141	1	1	0.7141
19	3	5.504	0	0	5.504
19	3	2.152	1	1	2.152
19	3	0.5634	1	0	0.5634
19	3	0.2961	1	0	0.2961
19	3	5.36	1	1	5.36
19	3	0.3146	1	1	0.3146
19	3	1.586	0	0	1.586
19	3	1.933	0	0	1.933
19	3	0.4212	1	1	0.4212
19	3	0.3614	0	1	0.3614
19	3	1.06	1	1	1.06
19	3	0.2596	1	1	0.2596
19	3	5.297	1	1	5.297
19	3	0.06707	0	0	0.06707
19	3	0.7796	0	0	0.7796
19	3	4.884	1	0	4.884
19	3	5.444	0	0	5.444
19	3	0.7244	0	0	0.7244
19	3	1.789	1	0	1.789
19	3	1.033	1	1	1.033
19	3	1.813	0	0	1.813
19	3	0.9083	0	0	0.9083
19	3	0.2336	1	1	0.2336
19	3	0.6913	0	1	0.6913
19	3	0.2958	0	0	0.2958
19	3	5.598	0	0	5.598
19	3	0.0381	1	1	0.0381
19	3	1.221	1	1	1.221
19	3	0.2831	1	0	0.2831
19	3	1.708	0	0	1.708
20	4	0.8866	0	0	0.8866
20	4	5.771	0	0	5.771
20	4	2.424	0	1	2.424
20	4	5.321	1	1	5.321
20	4	0.1189	0	0	0.1189
20	4	5.549	0	0	5.549
20	4	0.2047	1	1	0.2047
20	4	0.4853	1	1	0.4853
20	4	0.8376	0	0	0.8376
20	4	0.3078	0	0	0.3078
20	4	0.9499	0	0	0.9499
20	4	0.4959	1	0	0.4959
20	4	1.96	0	0	1.96
20	4	0.9416	0	0	0.9416
20	4	0.1272	0	1	0.1272
20	4	2.041	0	0	2.041
20	4	1.465	1	0	1.465
20	4	0.7693	1	1	0.7693
20	4	0.8577	1	0	0.8577
20	4	0.9348	1	1	0.9348
20	4	0.3659	1	0	0.3659
20	4	0.677	0	1	0.677
20	4	1.831	1	1	1.831
20	4	1.818	0	0	1.818
20	4	0.203	0	1	0.203
20	4	5.414	1	1	5.414
20	4	0.3115	1	0	0.3115
20	4	0.4173	0	0	0.4173
20	4	1.931	1	1	1.931
20	4	5.312	1	1	5.312
20	4	0.302	1	1	0.302
20	4	5.325	1	1	5.325
20	4	0.7711	0	0	0.7711
20	4	0.1596	0	1	0.1596
20	4	0.2856	1	0	0.2856
20	4	1.813	0	0	1.813
20	4	1.654	0	1	1.654
20	4	0.6407	0	0	0.6407
20	4	5.329	0	0	5.329
20	4	0.08916	1	0	0.08916
20	4	1.9	1	0	1.9
20	4	0.3011	0	1	0.3011
20	4	0.8905	1	1	0.8905
20	4	0.1974	1	1	0.1974
20	4	0.09488	0	0	0.09488
20	4	5.461	1	1	5.461
20	4	0.2267	1	1	0.2267
20	4	0.04706	1	1	0.04706
20	4	5.295	0	0	5.295
20	4	5.323	0	0	5.323
21	4	0.485	0	1	0.485
21	4	1.811	0	0	1.811
21	4	1.276	0	0	1.276
21	4	1.056	1	0	1.056
21	4	5.4	1	1	5.4
21	4	0.5371	1	0	0.5371
21	4	5.481	1	1	5.481
21	4	0.192	1	1	0.192
21	4	5.344	1	1	5.344
21	4	1.823	1	0	1.823
21	4	1.064	0	0	1.064
21	4	1.947	1	1	1.947
21	4	0.7764	0	0	0.7764
21	4	0.7581	1	0	0.7581
21	4	1.504	1	1	1.504
21	4	0.4601	0	0	0.4601
21	4	5.296	0	0	5.296
21	4	1.856	1	1	1.856
21	4	0.3336	1	1	0.3336
21	4	0.9083	0	1	0.9083
21	4	0.9255	0	1	0.9255
21	4	5.453	0	0	5.453
21	4	0.2999	1	1	0.2999
21	4	0.27	1	1	0.27
21	4	1.887	0	1	1.887
21	4	0.6438	1	1	0.6438
21	4	1.38	1	1	1.38
21	4	1.677	1	0	1.677
21	4	0.1752	0	0	0.1752
21	4	0.3032	0	1	0.3032
21	4	5.42	1	1	5.42
21	4	0.1852	1	1	0.1852
21	4	0.3139	1	0	0.3139
21	4	0.962	1	1	0.962
21	4	1.032	0	1	1.032
21	4	1.848	0	0	1.848
21	4	0.3262	0	0	0.3262
21	4	1.699	1	0	1.699
21	4	0.1081	0	0	0.1081
21	4	0.1926	0	1	0.1926
21	4	0.6415	0	0	0.6415
21	4	5.406	0	0	5.406
21	4	5.589	0	0	5.589
21	4	5.019	1	1	5.019
21	4	0.3509	0	0	0.3509
21	4	0.5356	0	0	0.5356
21	4	5.597	0	0	5.597
21	4	0.8983	1	1	0.8983
21	4	0.1131	1	1	0.1131
22	4	0.8651	0	0	0.8651
22	4	0.4619	0	1	0.4619
22	4	1.948	0	0	1.948
22	4	0.9552	1	1	0.9552
22	4	0.3471	0	1	0.3471
22	4	0.405	1	1	0.405
22	4	5.295	0	0	5.295
22	4	1.806	1	1	1.806
22	4	0.9298	1	1	0.9298
22	4	0.7425	0	1	0.7425
22	4	0.3053	0	1	0.3053
22	4	1.068	1	1	1.068
22	4	5.402	1	1	5.402
22	4	0.04861	1	1	0.04861
22	4	0.4065	0	0	0.4065
22	4	1.879	1	1	1.879
22	4	5.337	1	1	5.337
22	4	1.121	0	1	1.121
22	4	0.3334	1	1	0.3334
22	4	0.443	0	0	0.443
22	4	1.774	0	1	1.774
22	4	0.2682	1	0	0.2682
22	4	0.183	0	0	0.183
22	4	0.4301	0	0	0.4301
22	4	0.2845	1	0	0.2845
22	4	0.9514	0	0	0.9514
22	4	0.819	1	0	0.819
22	4	5.423	1	1	5.423
22	4	1.642	1	1	1.642
22	4	5.295	0	0	5.295
22	4	0.2971	1	1	0.2971
22	4	5.172	1	1	5.172
22	4	2.012	1	1	2.012
22	4	0.8837	0	0	0.8837
22	4	0.9127	0	1	0.9127
22	4	1.571	0	1	1.571
22	4	0.416	0	0	0.416
22	4	5.365	0	0	5.365
22	4	0.226	0	1	0.226
22	4	0.3268	0	1	0.3268
22	4	1.54	1	1	1.54
22	4	5.705	1	1	5.705
22	4	0.6031	0	1	0.6031
22	4	1.552	1	1	1.552
22	4	0.2778	0	1	0.2778
22	4	1.95	1	1	1.95
22	4	0.4257	1	1	0.4257
22	4	5.422	1	1	5.422
22	4	5.629	1	1	5.629
22	4	0.4952	1	1	0.4952
23	4	1.788	0	0	1.788
23	4	0.04582	0	0	0.04582
23	4	1.034	0	1	1.034
23	4	5.281	1	1	5.281
23	4	0.03398	1	0	0.03398
23	4	5.4	1	1	5.4
23	4	5.676	1	1	5.676
23	4	5.006	1	1	5.006
23	4	2.062	1	1	2.062
23	4	0.8935	0	0	0.8935
23	4	0.3986	0	0	0.3986
23	4	1.792	0	1	1.792
23	4	5.348	1	1	5.348
23	4	0.4354	0	0	0.4354
23	4	5.178	0	0	5.178
23	4	0.4664	1	1	0.4664
23	4	1.253	0	0	1.253
23	4	0.4401	0	0	0.4401
23	4	1.712	1	1	1.712
23	4	1.888	0	0	1.888
23	4	1.64	1	1	1.64
23	4	0.6572	0	0	0.6572
23	4	0.104	0	1	0.104
23	4	0.2811	1	1	0.2811
23	4	0.04429	1	1	0.04429
23	4	5.359	0	0	5.359
23	4	1.057	0	1	1.057
23	4	1.158	0	0	1.158
23	4	5.57	0	0	5.57
23	4	0.5213	0	0	0.5213
23	4	0.2318	1	0	0.2318
23	4	0.2085	1	0	0.2085
23	4	1.886	1	0	1.886
23	4	0.1458	1	1	0.1458
23	4	0.8315	0	1	0.8315
23	4	0.3503	1	0	0.3503
23	4	1.737	1	1	1.737
23	4	5.049	1	1	5.049
23	4	1.889	1	0	1.889
23	4	0.6878	0	0	0.6878
23	4	0.1517	1	0	0.1517
23	4	0.7592	1	0	0.7592
23	4	5.791	1	1	5.791
23	4	0.05226	1	0	0.05226
23	4	0.6615	0	0	0.6615
23	4	1.855	1	0	1.855
23	4	0.006454	1	0	0.006454
23	4	0.6397	0	0	0.6397
23	4	0.8764	1	1	0.8764
23	4	0.3468	0	1	0.3468
24	4	5.553	1	1	5.553
24	4	1.853	0	0	1.853
24	4	0.8736	0	0	0.8736
24	4	0.6109	0	1	0.6109
24	4	2.002	1	0	2.002
24	4	1.74	0	0	1.74
24	4	0.07148	0	1	0.07148
24	4	0.4724	0	0	0.4724
24	4	1.592	0	0	1.592
24	4	0.3175	1	1	0.3175
24	4	0.5823	1	1	0.5823
24	4	0.2502	1	1	0.2502
24	4	2.165	0	0	2.165
24	4	0.9593	1	1	0.9593
24	4	5.326	0	0	5.326
24	4	1.283	1	0	1.283
24	4	5.557	1	1	5.557
24	4	0.2222	1	1	0.2222
24	4	0.5345	0	1	0.5345
24	4	0.7761	0	0	0.7761
24	4	1.54	0	0	1.54
24	4	1.806	0	0	1.806
24	4	1.835	1	1	1.835
24	4	0.3107	1	0	0.3107
24	4	1.707	1	1	1.707
24	4	0.9028	1	1	0.9028
24	4	0.8353	0	1	0.8353
24	4	0.7605	1	1	0.7605
24	4	0.7196	1	0	0.7196
24	4	1.88	1	0	1.88
24	4	5.527	0	0	5.527
24	4	0.5766	0	0	0.5766
24	4	5.409	1	1	5.409
24	4	0.8158	0	1	0.8158
24	4	0.4569	1	0	0.4569
24	4	5.347	0	0	5.347
24	4	0.3231	0	1	0.3231
24	4	5.569	1	1	5.569
24	4	4.784	0	0	4.784
24	4	0.1355	0	0	0.1355
24	4	0.5364	1	0	0.5364
24	4	0.6734	0	0	0.6734
24	4	0.4404	0	1	0.4404
24	4	0.6821	0	1	0.6821
24	4	1.117	1	0	1.117
24	4	5.069	1	1	5.069
24	4	0.5884	1	0	0.5884
24	4	0.3218	1	1	0.3218
24	4	5.661	0	0	5.661
24	4	0.2012	1	0	0.2012
25	4	5.536	0	0	5.536
25	4	1.332	1	1	1.332
25	4	0.7065	0	1	0.7065
25	4	0.969	1	0	0.969
25	4	0.5564	0	0	0.5564
25	4	0.4644	0	0	0.4644
25	4	2.14	0	0	2.14
25	4	0.1029	1	0	0.1029
25	4	0.7876	1	0	0.7876
25	4	0.02253	1	1	0.02253
25	4	0.4771	1	1	0.4771
25	4	5.454	1	1	5.454
25	4	0.6798	1	0	0.6798
25	4	0.9301	0	0	0.9301
25	4	0.498	0	0	0.498
25	4	1.781	0	1	1.781
25	4	5.379	1	1	5.379
25	4	0.7333	0	1	0.7333
25	4	0.4583	1	0	0.4583
25	4	5.107	0	0	5.107
25	4	5.38	0	0	5.38
25	4	0.06844	1	0	0.06844
25	4	0.2101	0	0	0.2101
25	4	0.5151	0	0	0.5151
25	4	1.808	1	1	1.808
25	4	0.05245	0	0	0.05245
25	4	0.8099	0	1	0.8099
25	4	1.691	1	1	1.691
25	4	1.711	0	0	1.711
25	4	5.171	0	0	5.171
25	4	2.068	1	0	2.068
25	4	1.907	0	0	1.907
25	4	1.228	1	1	1.228
25	4	1.507	0	0	1.507
25	4	0.2603	1	1	0.2603
25	4	0.3359	1	1	0.3359
25	4	0.3454	0	0	0.3454
25	4	1.868	1	1	1.868
25	4	5.286	1	1	5.286
25	4	5.528	0	0	5.528
25	4	0.7841	0	0	0.7841
25	4	5.398	1	1	5.398
25	4	0.8736	1	1	0.8736
25	4	1.085	1	1	1.085
25	4	0.01003	1	0	0.01003
25	4	0.2568	1	1	0.2568
25	4	0.1574	1	0	0.1574
25	4	5.748	0	0	5.748
25	4	0.7524	0	0	0.7524
25	4	1.701	1	1	1.701
26	4	2.04	1	0	2.04
26	4	1.199	0	1	1.199
26	4	0.822	0	1	0.822
26	4	5.511	0	0	5.511
26	4	0.3492	0	0	0.3492
26	4	0.5592	0	0	0.5592
26	4	0.4007	0	0	0.4007
26	4	0.3291	0	0	0.3291
26	4	1.756	0	0	1.756
26	4	1.742	1	0	1.742
26	4	5.281	0	0	5.281
26	4	0.1137	0	0	0.1137
26	4	5.528	1	1	5.528
26	4	0.4378	1	1	0.4378
26	4	1.745	1	1	1.745
26	4	1.91	1	1	1.91
26	4	5.282	1	1	5.282
26	4	1.886	1	0	1.886
26	4	5.336	0	0	5.336
26	4	2.042	1	1	2.042
26	4	0.09055	1	1	0.09055
26	4	0.5619	1	0	0.5619
26	4	1.039	1	1	1.039
26	4	0.076	0	0	0.076
26	4	5.286	1	1	5.286
26	4	0.03218	1	1	0.03218
26	4	0.06387	1	0	0.06387
26	4	0.9002	1	1	0.9002
26	4	5.715	0	0	5.715
26	4	0.6215	0	0	0.6215
26	4	0.8829	1	0	0.8829
26	4	0.6971	0	1	0.6971
26	4	0.1374	0	1	0.1374
26	4	0.4368	0	0	0.4368
26	4	5.215	0	0	5.215
26	4	0.003434	0	1	0.003434
26	4	5.305	1	1	5.305
26	4	0.6228	1	1	0.6228
26	4	0.3455	0	0	0.3455
26	4	1.198	1	0	1.198
26	4	1.174	0	1	1.174
26	4	1.835	1	1	1.835
26	4	0.2751	1	0	0.2751
26	4	0.5982	1	1	0.5982
26	4	1.703	1	1	1.703
26	4	1.505	1	1	1.505
26	4	0.2261	0	0	0.2261
26	4	0.05056	0	0	0.05056
26	4	5.34	0	0	5.34
26	4	0.5089	0	1	0.5089
27	4	5.455	1	1	5.455
27	4	1.856	0	0	1.856
27	4	1.314	1	1	1.314
27	4	0.787	1	1	0.787
27	4	2.134	1	1	2.134
27	4	0.4161	1	1	0.4161
27	4	0.1328	1	0	0.1328
27	4	0.7277	0	1	0.7277
27	4	5.353	1	1	5.353
27	4	0.1071	0	1	0.1071
27	4	0.07861	0	1	0.07861
27	4	5.547	0	0	5.547
27	4	1.836	0	0	1.836
27	4	0.06849	1	0	0.06849
27	4	5.589	0	0	5.589
27	4	1.721	1	1	1.721
27	4	0.7383	0	0	0.7383
27	4	1.498	1	1	1.498
27	4	1.294	1	1	1.294
27	4	5.588	1	1	5.588
27	4	0.7713	1	0	0.7713
27	4	0.4303	0	0	0.4303
27	4	0.09923	0	0	0.09923
27	4	0.0589	0	0	0.0589
27	4	5.255	0	0	5.255
27	4	0.6307	0	1	0.6307
27	4	0.9142	0	0	0.9142
27	4	5.645	0	0	5.645
27	4	0.369	1	0	0.369
27	4	0.4543	1	1	0.4543
27	4	0.5802	0	0	0.5802
27	4	0.6042	1	1	0.6042
27	4	1.229	0	1	1.229
27	4	1.697	1	0	1.697
27	4	0.3487	1	1	0.3487
27	4	5.456	1	1	5.456
27	4	5.201	0	0	5.201
27	4	1.892	1	1	1.892
27	4	2.025	1	1	2.025
27	4	0.1986	1	1	0.1986
27	4	0.09584	0	0	0.09584
27	4	1.658	0	1	1.658
27	4	0.1349	1	0	0.1349
27	4	0.573	0	0	0.573
27	4	5.19	1	1	5.19
27	4	1.122	0	0	1.122
27	4	0.4671	0	0	0.4671
27	4	0.6424	1	1	0.6424
27	4	0.4441	1	0	0.4441
27	4	0.7626	0	1	0.7626
28	4	1.834	0	0	1.834
28	4	5.453	0	0	5.453
28	4	1.686	1	1	1.686
28	4	0.7537	0	1	0.7537
28	4	5.174	1	1	5.174
28	4	5.64	0	0	5.64
28	4	0.4078	0	1	0.4078
28	4	2.407	1	1	2.407
28	4	0.513	1	0	0.513
28	4	0.9085	1	1	0.9085
28	4	5.377	0	0	5.377
28	4	1.975	0	0	1.975
28	4	0.5823	1	0	0.5823
28	4	1.088	1	1	1.088
28	4	0.03035	0	1	0.03035
28	4	0.0513	0	0	0.0513
28	4	5.426	1	1	5.426
28	4	1.648	0	0	1.648
28	4	0.381	0	0	0.381
28	4	1.835	0	0	1.835
28	4	5.536	1	1	5.536
28	4	0.7257	1	1	0.7257
28	4	0.3832	1	1	0.3832
28	4	0.09061	1	0	0.09061
28	4	1.731	1	1	1.731
28	4	5.524	1	1	5.524
28	4	0.952	1	0	0.952
28	4	0.1374	1	1	0.1374
28	4	0.3828	1	1	0.3828
28	4	0.4236	1	0	0.4236
28	4	0.9996	0	1	0.9996
28	4	0.6638	1	1	0.6638
28	4	1.941	0	0	1.941
28	4	5.425	0	0	5.425
28	4	5.23	1	1	5.23
28	4	0.8752	1	0	0.8752
28	4	0.9695	1	0	0.9695
28	4	0.2181	0	1	0.2181
28	4	0.5951	0	0	0.5951
28	4	0.667	1	0	0.667
28	4	1.884	0	0	1.884
28	4	0.2612	0	0	0.2612
28	4	0.5848	1	0	0.5848
28	4	1.686	0	0	1.686
28	4	5.115	1	1	5.115
28	4	0.5396	0	0	0.5396
28	4	0.6272	0	0	0.6272
28	4	0.7095	0	0	0.7095
28	4	0.9825	0	1	0.9825
28	4	0.1974	0	0	0.1974
29	4	0.5723	1	0	0.5723
29	4	0.287	1	0	0.287
29	4	0.3869	0	1	0.3869
29	4	0.1126	1	0	0.1126
29	4	0.3212	1	0	0.3212
29	4	0.04341	1	0	0.04341
29	4	0.9517	1	0	0.9517
29	4	0.7002	0	1	0.7002
29	4	5.097	0	0	5.097
29	4	2.066	0	0	2.066
29	4	0.6554	0	1	0.6554
29	4	1.604	0	0	1.604
29	4	0.6971	0	0	0.6971
29	4	0.3461	1	0	0.3461
29	4	5.831	0	0	5.831
29	4	5.09	1	1	5.09
29	4	1.747	0	0	1.747
29	4	0.2577	1	0	0.2577
29	4	0.2941	1	0	0.2941
29	4	5.443	1	1	5.443
29	4	2.14	1	1	2.14
29	4	5.631	1	1	5.631
29	4	0.5798	0	1	0.5798
29	4	0.8835	1	1	0.8835
29	4	0.6161	1	0	0.6161
29	4	1.494	1	1	1.494
29	4	0.697	0	1	0.697
29	4	2.029	0	0	2.029
29	4	1.364	0	0	1.364
29	4	5.463	1	1	5.463
29	4	0.04567	0	1	0.04567
29	4	1.683	0	0	1.683
29	4	0.4537	0	0	0.4537
29	4	0.1941	1	0	0.1941
29	4	0.4467	0	0	0.4467
29	4	0.218	1	0	0.218
29	4	1.643	0	0	1.643
29	4	0.7137	0	0	0.7137
29	4	5.4	1	1	5.4
29	4	1.658	1	1	1.658
29	4	1.301	1	0	1.301
29	4	1.563	1	1	1.563
29	4	5.268	1	1	5.268
29	4	0.5746	0	1	0.5746
29	4	1.042	0	0	1.042
29	4	0.4623	1	0	0.4623
29	4	5.503	0	0	5.503
29	4	5.247	1	1	5.247
29	4	0.3837	0	0	0.3837
29	4	0.1556	0	1	0.1556
30	5	0.8862	0	0	0.8862
30	5	5.771	0	0	5.771
30	5	2.423	0	0	2.423
30	5	5.322	1	1	5.322
30	5	0.1197	0	0	0.1197
30	5	5.549	0	0	5.549
30	5	0.2024	1	0	0.2024
30	5	0.4843	1	0	0.4843
30	5	0.8398	0	0	0.8398
30	5	0.3096	0	0	0.3096
30	5	0.9491	0	0	0.9491
30	5	0.4925	1	0	0.4925
30	5	1.959	0	0	1.959
30	5	0.9407	0	1	0.9407
30	5	0.1301	0	1	0.1301
30	5	2.04	0	1	2.04
30	5	1.463	1	1	1.463
30	5	0.7708	1	0	0.7708
30	5	0.8576	1	0	0.8576
30	5	0.9351	1	1	0.9351
30	5	0.3665	1	1	0.3665
30	5	0.677	0	1	0.677
30	5	1.831	1	1	1.831
30	5	1.819	0	1	1.819
30	5	0.2033	0	1	0.2033
30	5	5.416	1	1	5.416
30	5	0.3107	1	0	0.3107
30	5	0.4171	0	1	0.4171
30	5	1.932	1	1	1.932
30	5	5.312	1	1	5.312
30	5	0.302	1	1	0.302
30	5	5.326	1	1	5.326
30	5	0.772	0	0	0.772
30	5	0.1568	0	1	0.1568
30	5	0.284	1	0	0.284
30	5	1.814	0	1	1.814
30	5	1.655	0	1	1.655
30	5	0.6424	0	1	0.6424
30	5	5.328	0	0	5.328
30	5	0.08883	1	0	0.08883
30	5	1.901	1	1	1.901
30	5	0.3009	0	0	0.3009
30	5	0.8879	1	1	0.8879
30	5	0.1964	1	0	0.1964
30	5	0.09354	0	1	0.09354
30	5	5.46	1	1	5.46
30	5	0.2275	1	1	0.2275
30	5	0.04577	1	1	0.04577
30	5	5.295	0	0	5.295
30	5	5.322	0	0	5.322
31	5	0.486	0	0	0.486
31	5	1.81	0	1	1.81
31	5	1.278	0	0	1.278
31	5	1.058	1	1	1.058
31	5	5.399	1	1	5.399
31	5	0.5371	1	1	0.5371
31	5	5.482	1	1	5.482
31	5	0.194	1	0	0.194
31	5	5.345	1	1	5.345
31	5	1.827	1	1	1.827
31	5	1.063	0	0	1.063
31	5	1.947	1	1	1.947
31	5	0.7771	0	1	0.7771
31	5	0.7607	1	1	0.7607
31	5	0.2378	0	0	0.2378
31	5	1.504	1	1	1.504
31	5	0.459	0	0	0.459
31	5	5.297	0	0	5.297
31	5	1.855	1	1	1.855
31	5	0.3328	1	1	0.3328
31	5	0.9078	0	0	0.9078
31	5	0.9249	0	0	0.9249
31	5	5.455	0	0	5.455
31	5	0.297	1	1	0.297
31	5	0.2683	1	0	0.2683
31	5	1.888	0	0	1.888
31	5	0.6448	1	0	0.6448
31	5	1.38	1	1	1.38
31	5	1.678	1	1	1.678
31	5	0.1751	0	0	0.1751
31	5	0.3055	0	0	0.3055
31	5	5.419	1	1	5.419
31	5	0.1856	1	1	0.1856
31	5	0.3157	1	0	0.3157
31	5	0.9622	1	1	0.9622
31	5	1.031	0	0	1.031
31	5	1.846	0	0	1.846
31	5	0.3266	0	0	0.3266
31	5	1.696	1	0	1.696
31	5	0.1059	0	1	0.1059
31	5	0.1967	0	1	0.1967
31	5	0.6419	0	0	0.6419
31	5	5.405	0	0	5.405
31	5	5.593	0	0	5.593
31	5	5.022	1	1	5.022
31	5	0.3469	0	0	0.3469
31	5	0.5366	0	1	0.5366
31	5	5.598	0	0	5.598
31	5	0.8986	1	1	0.8986
31	5	0.1138	1	1	0.1138
32	5	0.866	0	0	0.866
32	5	0.4616	0	0	0.4616
32	5	1.947	0	0	1.947
32	5	0.9552	1	1	0.9552
32	5	0.3488	0	1	0.3488
32	5	0.4051	1	1	0.4051
32	5	5.296	0	0	5.296
32	5	1.809	1	1	1.809
32	5	0.9297	1	1	0.9297
32	5	0.7389	0	0	0.7389
32	5	0.304	0	0	0.304
32	5	1.067	1	1	1.067
32	5	5.402	1	1	5.402
32	5	0.04644	1	1	0.04644
32	5	0.4065	0	1	0.4065
32	5	1.879	1	1	1.879
32	5	5.337	1	1	5.337
32	5	1.123	0	0	1.123
32	5	0.3339	1	1	0.3339
32	5	0.4427	0	1	0.4427
32	5	1.776	0	0	1.776
32	5	0.2699	1	1	0.2699
32	5	0.184	0	1	0.184
32	5	0.4288	0	1	0.4288
32	5	0.2853	1	1	0.2853
32	5	0.9506	0	0	0.9506
32	5	0.8212	1	1	0.8212
32	5	5.423	1	1	5.423
32	5	1.642	1	1	1.642
32	5	5.295	0	0	5.295
32	5	0.2956	1	1	0.2956
32	5	5.177	1	1	5.177
32	5	2.014	1	1	2.014
32	5	0.8823	0	0	0.8823
32	5	0.9147	0	0	0.9147
32	5	1.57	0	0	1.57
32	5	0.4174	0	0	0.4174
32	5	5.364	0	0	5.364
32	5	0.2264	0	0	0.2264
32	5	0.3266	0	0	0.3266
32	5	1.54	1	1	1.54
32	5	5.706	1	1	5.706
32	5	0.6033	0	1	0.6033
32	5	1.553	1	1	1.553
32	5	0.2788	0	1	0.2788
32	5	1.952	1	1	1.952
32	5	0.4256	1	0	0.4256
32	5	5.423	1	1	5.423
32	5	5.632	1	1	5.632
32	5	0.4955	1	1	0.4955
33	5	1.79	0	0	1.79
33	5	0.04469	0	1	0.04469
33	5	1.033	0	1	1.033
33	5	5.28	1	1	5.28
33	5	0.0346	1	0	0.0346
33	5	5.4	1	1	5.4
33	5	5.675	1	1	5.675
33	5	5.008	1	1	5.008
33	5	2.062	1	1	2.062
33	5	0.8935	0	0	0.8935
33	5	0.4011	0	1	0.4011
33	5	1.793	0	0	1.793
33	5	5.345	1	1	5.345
33	5	0.4357	0	0	0.4357
33	5	5.176	0	0	5.176
33	5	0.4642	1	1	0.4642
33	5	1.251	0	0	1.251
33	5	0.4417	0	1	0.4417
33	5	1.713	1	1	1.713
33	5	1.889	0	0	1.889
33	5	1.641	1	1	1.641
33	5	0.6573	0	0	0.6573
33	5	0.1028	0	1	0.1028
33	5	0.2821	1	0	0.2821
33	5	0.04548	1	1	0.04548
33	5	5.359	0	0	5.359
33	5	1.057	0	0	1.057
33	5	1.158	0	1	1.158
33	5	5.568	0	0	5.568
33	5	0.5229	0	0	0.5229
33	5	0.2285	1	1	0.2285
33	5	0.2057	1	0	0.2057
33	5	1.888	1	1	1.888
33	5	0.1474	1	0	0.1474
33	5	0.8312	0	1	0.8312
33	5	0.3514	1	0	0.3514
33	5	1.736	1	0	1.736
33	5	5.049	1	1	5.049
33	5	1.891	1	0	1.891
33	5	0.6886	0	0	0.6886
33	5	0.1535	1	0	0.1535
33	5	0.7594	1	1	0.7594
33	5	5.792	1	1	5.792
33	5	0.05325	1	0	0.05325
33	5	0.6633	0	0	0.6633
33	5	1.856	1	1	1.856
33	5	0.007368	1	0	0.007368
33	5	0.6392	0	0	0.6392
33	5	0.879	1	1	0.879
33	5	0.3464	0	0	0.3464
34	5	5.555	1	1	5.555
34	5	1.852	0	0	1.852
34	5	0.8746	0	0	0.8746
34	5	0.6092	0	0	0.6092
34	5	2.003	1	1	2.003
34	5	1.74	0	0	1.74
34	5	0.07134	0	1	0.07134
34	5	0.4706	0	1	0.4706
34	5	1.592	0	0	1.592
34	5	0.3187	1	1	0.3187
34	5	0.5845	1	0	0.5845
34	5	0.2478	1	1	0.2478
34	5	2.163	0	0	2.163
34	5	0.9573	1	1	0.9573
34	5	5.327	0	0	5.327
34	5	1.282	1	1	1.282
34	5	5.556	1	1	5.556
34	5	0.2212	1	1	0.2212
34	5	0.5311	0	1	0.5311
34	5	0.7751	0	0	0.7751
34	5	1.541	0	0	1.541
34	5	1.807	0	1	1.807
34	5	1.837	1	1	1.837
34	5	0.3115	1	0	0.3115
34	5	1.707	1	1	1.707
34	5	0.9019	1	1	0.9019
34	5	0.8356	0	1	0.8356
34	5	0.7615	1	1	0.7615
34	5	0.72	1	1	0.72
34	5	1.88	1	1	1.88
34	5	5.529	0	0	5.529
34	5	0.5783	0	1	0.5783
34	5	5.411	1	1	5.411
34	5	0.8173	0	0	0.8173
34	5	0.4569	1	1	0.4569
34	5	5.347	0	0	5.347
34	5	0.3238	0	1	0.3238
34	5	5.569	1	1	5.569
34	5	4.784	0	0	4.784
34	5	0.1374	0	1	0.1374
34	5	0.5357	1	0	0.5357
34	5	0.6739	0	1	0.6739
34	5	0.441	0	1	0.441
34	5	0.6818	0	0	0.6818
34	5	1.117	1	1	1.117
34	5	5.069	1	1	5.069
34	5	0.5884	1	0	0.5884
34	5	0.3234	1	1	0.3234
34	5	5.66	0	0	5.66
34	5	0.2007	1	1	0.2007
35	5	5.537	0	0	5.537
35	5	1.33	1	1	1.33
35	5	0.7067	0	1	0.7067
35	5	0.9678	1	1	0.9678
35	5	0.5562	0	1	0.5562
35	5	0.4641	0	1	0.4641
35	5	2.14	0	1	2.14
35	5	0.1022	1	1	0.1022
35	5	0.7884	1	0	0.7884
35	5	0.02725	1	0	0.02725
35	5	0.4775	1	0	0.4775
35	5	5.455	1	1	5.455
35	5	0.6792	1	1	0.6792
35	5	0.9308	0	0	0.9308
35	5	0.4973	0	0	0.4973
35	5	1.78	0	0	1.78
35	5	5.377	1	1	5.377
35	5	0.7342	0	0	0.7342
35	5	0.4573	1	0	0.4573
35	5	5.108	0	0	5.108
35	5	5.379	0	0	5.379
35	5	0.06941	1	0	0.06941
35	5	0.2118	0	0	0.2118
35	5	0.5184	0	0	0.5184
35	5	1.808	1	1	1.808
35	5	0.05315	0	0	0.05315
35	5	0.8108	0	0	0.8108
35	5	1.688	1	1	1.688
35	5	1.709	0	0	1.709
35	5	5.172	0	0	5.172
35	5	2.068	1	1	2.068
35	5	1.908	0	0	1.908
35	5	1.229	1	1	1.229
35	5	1.509	0	1	1.509
35	5	0.2615	1	1	0.2615
35	5	0.337	1	1	0.337
35	5	0.343	0	1	0.343
35	5	1.867	1	1	1.867
35	5	5.286	1	1	5.286
35	5	5.529	0	0	5.529
35	5	0.7871	0	0	0.7871
35	5	5.397	1	1	5.397
35	5	0.8737	1	0	0.8737
35	5	1.088	1	1	1.088
35	5	0.008302	1	0	0.008302
35	5	0.2601	1	1	0.2601
35	5	0.159	1	0	0.159
35	5	5.747	0	0	5.747
35	5	0.7536	0	0	0.7536
35	5	1.702	1	1	1.702
36	5	2.041	1	0	2.041
36	5	1.198	0	0	1.198
36	5	0.8231	0	1	0.8231
36	5	5.512	0	0	5.512
36	5	0.3489	0	0	0.3489
36	5	0.5565	0	0	0.5565
36	5	0.402	0	1	0.402
36	5	0.3296	0	1	0.3296
36	5	1.756	0	0	1.756
36	5	1.742	1	1	1.742
36	5	5.282	0	0	5.282
36	5	0.1149	0	0	0.1149
36	5	5.526	1	1	5.526
36	5	0.4378	1	0	0.4378
36	5	1.744	1	1	1.744
36	5	1.911	1	0	1.911
36	5	5.283	1	1	5.283
36	5	1.887	1	0	1.887
36	5	5.338	0	0	5.338
36	5	2.044	1	1	2.044
36	5	0.09178	1	0	0.09178
36	5	0.5615	1	1	0.5615
36	5	1.038	1	1	1.038
36	5	0.0731	0	0	0.0731
36	5	5.286	1	1	5.286
36	5	0.03077	1	0	0.03077
36	5	0.06504	1	1	0.06504
36	5	0.8983	1	1	0.8983
36	5	5.716	0	0	5.716
36	5	0.6199	0	1	0.6199
36	5	0.8841	1	1	0.8841
36	5	0.6961	0	0	0.6961
36	5	0.1401	0	1	0.1401
36	5	0.4373	0	1	0.4373
36	5	5.217	0	0	5.217
36	5	0.001808	0	1	0.001808
36	5	5.306	1	1	5.306
36	5	0.6208	1	0	0.6208
36	5	0.3466	0	1	0.3466
36	5	1.195	1	1	1.195
36	5	1.175	0	1	1.175
36	5	1.83	1	1	1.83
36	5	0.2775	1	0	0.2775
36	5	0.5967	1	1	0.5967
36	5	1.701	1	1	1.701
36	5	1.505	1	1	1.505
36	5	0.2263	0	1	0.2263
36	5	0.05211	0	0	0.05211
36	5	5.341	0	0	5.341
36	5	0.5072	0	0	0.5072
37	5	5.456	1	0	5.456
37	5	1.857	0	1	1.857
37	5	1.313	1	1	1.313
37	5	0.7868	1	0	0.7868
37	5	2.135	1	1	2.135
37	5	0.4171	1	0	0.4171
37	5	0.1322	1	1	0.1322
37	5	0.7285	0	0	0.7285
37	5	5.353	1	1	5.353
37	5	0.1036	0	0	0.1036
37	5	0.07813	0	0	0.07813
37	5	5.547	0	0	5.547
37	5	1.835	0	0	1.835
37	5	0.06922	1	0	0.06922
37	5	5.588	0	0	5.588
37	5	1.721	1	1	1.721
37	5	0.7376	0	1	0.7376
37	5	1.499	1	1	1.499
37	5	1.297	1	1	1.297
37	5	5.587	1	1	5.587
37	5	0.7725	1	1	0.7725
37	5	0.4296	0	1	0.4296
37	5	0.1006	0	0	0.1006
37	5	0.05838	0	1	0.05838
37	5	5.255	0	0	5.255
37	5	0.628	0	1	0.628
37	5	0.9135	0	1	0.9135
37	5	5.644	0	0	5.644
37	5	0.368	1	0	0.368
37	5	0.4537	1	1	0.4537
37	5	0.5783	0	0	0.5783
37	5	0.6052	1	0	0.6052
37	5	1.226	0	0	1.226
37	5	1.697	1	1	1.697
37	5	0.3485	1	0	0.3485
37	5	5.457	1	1	5.457
37	5	5.202	0	0	5.202
37	5	1.891	1	0	1.891
37	5	2.028	1	0	2.028
37	5	0.1997	1	0	0.1997
37	5	0.09676	0	1	0.09676
37	5	1.659	0	1	1.659
37	5	0.1336	1	1	0.1336
37	5	0.5736	0	1	0.5736
37	5	5.189	1	1	5.189
37	5	1.121	0	0	1.121
37	5	0.4666	0	0	0.4666
37	5	0.6409	1	0	0.6409
37	5	0.4456	1	1	0.4456
37	5	0.7641	0	1	0.7641
38	5	1.838	0	0	1.838
38	5	5.453	0	0	5.453
38	5	1.687	1	1	1.687
38	5	0.752	0	0	0.752
38	5	5.174	1	1	5.174
38	5	5.64	0	0	5.64
38	5	0.4065	0	0	0.4065
38	5	2.407	1	1	2.407
38	5	0.5119	1	1	0.5119
38	5	0.9081	1	0	0.9081
38	5	5.378	0	0	5.378
38	5	1.975	0	0	1.975
38	5	0.5813	1	1	0.5813
38	5	1.088	1	1	1.088
38	5	0.02982	0	1	0.02982
38	5	0.05212	0	0	0.05212
38	5	5.425	1	1	5.425
38	5	1.647	0	0	1.647
38	5	0.381	0	0	0.381
38	5	1.836	0	1	1.836
38	5	5.538	1	1	5.538
38	5	0.7263	1	1	0.7263
38	5	0.3832	1	1	0.3832
38	5	0.09188	1	1	0.09188
38	5	1.734	1	1	1.734
38	5	5.523	1	1	5.523
38	5	0.9563	1	1	0.9563
38	5	0.1374	1	0	0.1374
38	5	0.3823	1	0	0.3823
38	5	0.4221	1	0	0.4221
38	5	0.9988	0	0	0.9988
38	5	0.6665	1	1	0.6665
38	5	1.939	0	0	1.939
38	5	5.425	0	0	5.425
38	5	5.233	1	1	5.233
38	5	0.879	1	0	0.879
38	5	0.9699	1	1	0.9699
38	5	0.2187	0	1	0.2187
38	5	0.5923	0	1	0.5923
38	5	0.6673	1	1	0.6673
38	5	1.884	0	1	1.884
38	5	0.2623	0	1	0.2623
38	5	0.5854	1	1	0.5854
38	5	1.687	0	0	1.687
38	5	5.115	1	1	5.115
38	5	0.5403	0	0	0.5403
38	5	0.6271	0	0	0.6271
38	5	0.7097	0	0	0.7097
38	5	0.9839	0	1	0.9839
38	5	0.1981	0	0	0.1981
39	5	0.5705	1	0	0.5705
39	5	0.284	1	0	0.284
39	5	0.3866	0	0	0.3866
39	5	0.1106	1	1	0.1106
39	5	0.3229	1	1	0.3229
39	5	0.0455	1	0	0.0455
39	5	0.9512	1	1	0.9512
39	5	0.7014	0	0	0.7014
39	5	5.096	0	0	5.096
39	5	2.067	0	0	2.067
39	5	0.6545	0	1	0.6545
39	5	1.604	0	1	1.604
39	5	0.6991	0	0	0.6991
39	5	0.3467	1	0	0.3467
39	5	5.831	0	0	5.831
39	5	5.092	1	1	5.092
39	5	1.743	0	1	1.743
39	5	0.2577	1	1	0.2577
39	5	0.295	1	1	0.295
39	5	5.447	1	1	5.447
39	5	2.139	1	1	2.139
39	5	5.629	1	1	5.629
39	5	0.577	0	1	0.577
39	5	0.8842	1	1	0.8842
39	5	0.6127	1	1	0.6127
39	5	1.497	1	1	1.497
39	5	0.6963	0	1	0.6963
39	5	2.029	0	1	2.029
39	5	1.36	0	1	1.36
39	5	5.463	1	1	5.463
39	5	0.04539	0	1	0.04539
39	5	1.683	0	0	1.683
39	5	0.4523	0	1	0.4523
39	5	0.1942	1	1	0.1942
39	5	0.4457	0	0	0.4457
39	5	0.2187	1	0	0.2187
39	5	1.642	0	0	1.642
39	5	0.7145	0	0	0.7145
39	5	5.403	1	1	5.403
39	5	1.658	1	1	1.658
39	5	1.299	1	0	1.299
39	5	1.562	1	1	1.562
39	5	5.269	1	1	5.269
39	5	0.5776	0	0	0.5776
39	5	1.043	0	0	1.043
39	5	0.4618	1	0	0.4618
39	5	5.503	0	0	5.503
39	5	5.249	1	1	5.249
39	5	0.3822	0	1	0.3822
39	5	0.1579	0	0	0.1579
40	6	0.5901	0	1	0.5901
40	6	3.654	0	0	3.654
40	6	0.5068	0	0	0.5068
40	6	3.878	1	1	3.878
40	6	0.09126	0	1	0.09126
40	6	3.738	0	0	3.738
40	6	0.1262	1	1	0.1262
40	6	0.2802	1	1	0.2802
40	6	0.4488	0	1	0.4488
40	6	0.3647	0	0	0.3647
40	6	0.4894	0	1	0.4894
40	6	0.07609	1	1	0.07609
40	6	1.003	0	0	1.003
40	6	0.2213	0	0	0.2213
40	6	0.221	1	1	0.221
40	6	0.7506	0	0	0.7506
40	6	1.274	1	1	1.274
40	6	0.6175	1	1	0.6175
40	6	0.5594	1	1	0.5594
40	6	0.04524	1	1	0.04524
40	6	0.1502	1	0	0.1502
40	6	0.2953	0	0	0.2953
40	6	1.172	1	1	1.172
40	6	1.05	0	1	1.05
40	6	0.2299	1	1	0.2299
40	6	3.464	1	1	3.464
40	6	0.1772	1	1	0.1772
40	6	0.2009	0	1	0.2009
40	6	0.4795	1	0	0.4795
40	6	3.532	1	1	3.532
40	6	0.3089	1	1	0.3089
40	6	3.762	1	1	3.762
40	6	0.5593	0	0	0.5593
40	6	0.1792	0	1	0.1792
40	6	0.4309	1	1	0.4309
40	6	1.064	0	1	1.064
40	6	0.8452	0	0	0.8452
40	6	0.8734	0	1	0.8734
40	6	3.748	0	0	3.748
40	6	0.2822	1	1	0.2822
40	6	0.7556	1	1	0.7556
40	6	0.2014	0	1	0.2014
40	6	0.5222	1	1	0.5222
40	6	0.4349	1	1	0.4349
40	6	0.1597	1	0	0.1597
40	6	3.884	1	1	3.884
40	6	0.1274	1	1	0.1274
40	6	0.1708	1	0	0.1708
40	6	3.511	0	0	3.511
40	6	3.621	0	0	3.621
41	6	0.2972	0	1	0.2972
41	6	1.114	0	1	1.114
41	6	0.4902	0	0	0.4902
41	6	0.03225	1	1	0.03225
41	6	3.489	1	1	3.489
41	6	0.3304	1	1	0.3304
41	6	3.864	1	1	3.864
41	6	0.1196	1	1	0.1196
41	6	3.596	1	1	3.596
41	6	0.7793	1	1	0.7793
41	6	0.1307	0	0	0.1307
41	6	1.293	1	1	1.293
41	6	0.5043	0	1	0.5043
41	6	0.4689	1	1	0.4689
41	6	0.1727	0	0	0.1727
41	6	1.193	1	1	1.193
41	6	0.3	0	0	0.3
41	6	3.343	0	0	3.343
41	6	1.006	1	0	1.006
41	6	0.1249	1	0	0.1249
41	6	0.6106	0	0	0.6106
41	6	0.3907	0	0	0.3907
41	6	3.826	0	0	3.826
41	6	0.1133	1	1	0.1133
41	6	0.1911	1	0	0.1911
41	6	0.6679	0	0	0.6679
41	6	0.07388	0	0	0.07388
41	6	1.219	1	1	1.219
41	6	0.9896	1	1	0.9896
41	6	0.5082	0	0	0.5082
41	6	0.3441	0	1	0.3441
41	6	3.543	1	1	3.543
41	6	0.6093	1	0	0.6093
41	6	0.1863	1	0	0.1863
41	6	0.2391	1	1	0.2391
41	6	0.2792	0	1	0.2792
41	6	1.313	0	0	1.313
41	6	0.0005703	1	1	0.0005703
41	6	0.9144	1	0	0.9144
41	6	0.1548	0	0	0.1548
41	6	0.108	0	0	0.108
41	6	0.1281	0	0	0.1281
41	6	3.991	0	0	3.991
41	6	3.592	0	0	3.592
41	6	3.462	1	1	3.462
41	6	0.1081	0	0	0.1081
41	6	0.1139	0	0	0.1139
41	6	3.569	0	0	3.569
41	6	0.4123	1	1	0.4123
41	6	0.4656	1	0	0.4656
42	6	0.6679	0	0	0.6679
42	6	0.07336	1	0	0.07336
42	6	0.997	0	1	0.997
42	6	0.709	1	1	0.709
42	6	0.3468	1	1	0.3468
42	6	0.135	1	1	0.135
42	6	4.013	0	0	4.013
42	6	1	1	1	1
42	6	0.3004	1	1	0.3004
42	6	0.6693	0	1	0.6693
42	6	0.3057	0	1	0.3057
42	6	0.3764	1	0	0.3764
42	6	3.793	1	1	3.793
42	6	0.4992	0	0	0.4992
42	6	0.02358	0	1	0.02358
42	6	0.8446	1	1	0.8446
42	6	3.781	1	1	3.781
42	6	0.4999	0	0	0.4999
42	6	0.04888	0	0	0.04888
42	6	0.2787	0	0	0.2787
42	6	0.6642	0	0	0.6642
42	6	0.4195	1	0	0.4195
42	6	0.02487	0	1	0.02487
42	6	0.3759	0	0	0.3759
42	6	0.3093	1	0	0.3093
42	6	0.7716	0	0	0.7716
42	6	0.1649	1	1	0.1649
42	6	3.642	1	1	3.642
42	6	1.028	1	1	1.028
42	6	3.57	0	0	3.57
42	6	0.02907	0	1	0.02907
42	6	3.776	1	1	3.776
42	6	1.037	1	0	1.037
42	6	0.08585	0	1	0.08585
42	6	0.4701	0	0	0.4701
42	6	1.159	0	0	1.159
42	6	0.02619	1	0	0.02619
42	6	3.897	0	0	3.897
42	6	0.5833	0	0	0.5833
42	6	0.3873	0	0	0.3873
42	6	1.004	1	1	1.004
42	6	3.56	1	1	3.56
42	6	0.05069	1	0	0.05069
42	6	0.6617	1	0	0.6617
42	6	0.2614	0	1	0.2614
42	6	1.067	1	0	1.067
42	6	0.5222	1	1	0.5222
42	6	3.821	1	1	3.821
42	6	3.779	1	1	3.779
42	6	0.008252	1	0	0.008252
43	6	0.8202	0	0	0.8202
43	6	0.425	0	1	0.425
43	6	0.456	0	1	0.456
43	6	3.696	1	1	3.696
43	6	0.1501	1	1	0.1501
43	6	3.554	1	1	3.554
43	6	3.491	1	1	3.491
43	6	3.633	1	1	3.633
43	6	0.8702	1	0	0.8702
43	6	0.6156	0	0	0.6156
43	6	0.5038	0	1	0.5038
43	6	1.011	0	0	1.011
43	6	3.786	1	1	3.786
43	6	0.1545	0	0	0.1545
43	6	3.721	0	0	3.721
43	6	0.2359	1	1	0.2359
43	6	0.5407	0	0	0.5407
43	6	0.04396	0	0	0.04396
43	6	0.8126	1	0	0.8126
43	6	1.059	0	0	1.059
43	6	0.8576	1	0	0.8576
43	6	0.2188	0	0	0.2188
43	6	0.2904	0	0	0.2904
43	6	0.1792	1	0	0.1792
43	6	0.09679	1	1	0.09679
43	6	3.104	0	0	3.104
43	6	0.6696	0	0	0.6696
43	6	0.3862	0	0	0.3862
43	6	3.769	0	0	3.769
43	6	0.3077	0	0	0.3077
43	6	0.09225	1	0	0.09225
43	6	0.3317	1	1	0.3317
43	6	0.8165	1	0	0.8165
43	6	0.08188	1	0	0.08188
43	6	0.5606	0	0	0.5606
43	6	0.2647	1	1	0.2647
43	6	0.8139	1	1	0.8139
43	6	3.663	1	1	3.663
43	6	0.9489	1	0	0.9489
43	6	0.3667	0	0	0.3667
43	6	0.5403	1	1	0.5403
43	6	0.06541	1	0	0.06541
43	6	3.136	1	1	3.136
43	6	0.05863	1	0	0.05863
43	6	0.01163	1	1	0.01163
43	6	0.6849	1	1	0.6849
43	6	0.1465	0	1	0.1465
43	6	0.09799	0	1	0.09799
43	6	0.5516	1	1	0.5516
43	6	0.002208	0	1	0.002208
44	6	3.647	1	1	3.647
44	6	0.6591	0	0	0.6591
44	6	0.403	0	0	0.403
44	6	0.2024	1	0	0.2024
44	6	1.209	1	0	1.209
44	6	0.7658	0	0	0.7658
44	6	0.03668	0	1	0.03668
44	6	0.3876	0	0	0.3876
44	6	1.324	0	0	1.324
44	6	0.2513	0	0	0.2513
44	6	0.1934	1	0	0.1934
44	6	0.1523	1	1	0.1523
44	6	1.021	0	1	1.021
44	6	0.007346	1	1	0.007346
44	6	3.651	0	0	3.651
44	6	0.5455	1	1	0.5455
44	6	3.409	1	1	3.409
44	6	0.07002	1	0	0.07002
44	6	0.246	0	1	0.246
44	6	0.7833	0	0	0.7833
44	6	0.9872	0	0	0.9872
44	6	0.9397	0	1	0.9397
44	6	0.869	1	1	0.869
44	6	0.1173	0	1	0.1173
44	6	0.5307	1	1	0.5307
44	6	0.5957	1	0	0.5957
44	6	0.2433	0	1	0.2433
44	6	0.5489	1	0	0.5489
44	6	0.3008	1	0	0.3008
44	6	0.5949	1	1	0.5949
44	6	3.861	0	0	3.861
44	6	0.1591	0	1	0.1591
44	6	3.492	1	1	3.492
44	6	0.6281	0	0	0.6281
44	6	0.2288	0	1	0.2288
44	6	3.876	0	0	3.876
44	6	0.3234	0	0	0.3234
44	6	3.804	1	1	3.804
44	6	3.391	0	0	3.391
44	6	0.1581	0	0	0.1581
44	6	0.2087	0	1	0.2087
44	6	0.03475	1	0	0.03475
44	6	0.05875	0	0	0.05875
44	6	0.3142	0	1	0.3142
44	6	0.5068	1	0	0.5068
44	6	3.612	1	1	3.612
44	6	0.281	1	1	0.281
44	6	0.1245	1	0	0.1245
44	6	3.359	0	0	3.359
44	6	0.1783	1	0	0.1783
45	6	3.479	0	0	3.479
45	6	0.6492	1	1	0.6492
45	6	0.7279	0	1	0.7279
45	6	0.5581	1	0	0.5581
45	6	0.1488	0	1	0.1488
45	6	0.259	0	0	0.259
45	6	1.009	0	1	1.009
45	6	0.08343	1	1	0.08343
45	6	0.2804	1	0	0.2804
45	6	0.1444	1	1	0.1444
45	6	0.4178	1	0	0.4178
45	6	3.384	1	0	3.384
45	6	0.3723	1	0	0.3723
45	6	0.455	0	0	0.455
45	6	0.4475	0	0	0.4475
45	6	0.7103	0	0	0.7103
45	6	3.497	1	1	3.497
45	6	0.4702	0	0	0.4702
45	6	0.6733	1	0	0.6733
45	6	3.868	0	0	3.868
45	6	3.529	0	0	3.529
45	6	0.3682	1	0	0.3682
45	6	0.06917	0	0	0.06917
45	6	0.2663	0	0	0.2663
45	6	0.9871	1	0	0.9871
45	6	0.2093	0	1	0.2093
45	6	0.1727	0	0	0.1727
45	6	0.6715	1	1	0.6715
45	6	1.025	0	0	1.025
45	6	3.495	0	0	3.495
45	6	0.6902	1	1	0.6902
45	6	1.169	0	0	1.169
45	6	0.1646	1	0	0.1646
45	6	0.6393	0	1	0.6393
45	6	0.1082	1	1	0.1082
45	6	0.2947	1	0	0.2947
45	6	0.2376	1	0	0.2376
45	6	0.9512	1	1	0.9512
45	6	3.739	1	1	3.739
45	6	3.375	0	0	3.375
45	6	0.5346	0	0	0.5346
45	6	3.527	1	1	3.527
45	6	0.364	1	1	0.364
45	6	0.7527	1	1	0.7527
45	6	0.06486	0	0	0.06486
45	6	0.01446	0	1	0.01446
45	6	0.06887	1	0	0.06887
45	6	3.62	0	0	3.62
45	6	0.2499	0	0	0.2499
45	6	0.9297	1	0	0.9297
46	6	1.122	1	0	1.122
46	6	0.3259	0	1	0.3259
46	6	0.7612	0	0	0.7612
46	6	3.647	0	0	3.647
46	6	0.1368	0	0	0.1368
46	6	0.0483	0	0	0.0483
46	6	0.3505	0	0	0.3505
46	6	0.07499	0	1	0.07499
46	6	0.6358	0	0	0.6358
46	6	0.7424	1	1	0.7424
46	6	3.698	0	0	3.698
46	6	0.1085	1	1	0.1085
46	6	3.675	1	1	3.675
46	6	0.1463	1	1	0.1463
46	6	0.7527	1	0	0.7527
46	6	1.05	1	1	1.05
46	6	3.701	1	1	3.701
46	6	0.8715	1	1	0.8715
46	6	3.804	0	0	3.804
46	6	0.8945	1	1	0.8945
46	6	0.3968	1	1	0.3968
46	6	0.1284	0	0	0.1284
46	6	0.3458	1	1	0.3458
46	6	0.01285	1	0	0.01285
46	6	3.658	1	1	3.658
46	6	0.07701	0	0	0.07701
46	6	0.1297	1	1	0.1297
46	6	0.5398	1	1	0.5398
46	6	3.698	0	0	3.698
46	6	0.5157	0	1	0.5157
46	6	0.5384	1	0	0.5384
46	6	0.3566	0	1	0.3566
46	6	0.04219	0	0	0.04219
46	6	0.03686	1	0	0.03686
46	6	3.556	0	0	3.556
46	6	0.2102	1	1	0.2102
46	6	3.796	1	1	3.796
46	6	0.5862	1	1	0.5862
46	6	0.1235	0	1	0.1235
46	6	0.4154	1	1	0.4154
46	6	0.1533	0	1	0.1533
46	6	0.9456	1	1	0.9456
46	6	0.3106	1	1	0.3106
46	6	0.003408	1	1	0.003408
46	6	0.9463	1	1	0.9463
46	6	0.3906	1	1	0.3906
46	6	0.04825	1	0	0.04825
46	6	0.235	0	1	0.235
46	6	3.822	0	0	3.822
46	6	0.3749	0	1	0.3749
47	6	3.589	1	1	3.589
47	6	0.5708	0	0	0.5708
47	6	0.8576	1	0	0.8576
47	6	0.5178	1	1	0.5178
47	6	1.172	1	0	1.172
47	6	0.08933	0	0	0.08933
47	6	0.5498	1	1	0.5498
47	6	0.546	0	0	0.546
47	6	3.463	1	1	3.463
47	6	0.1329	0	0	0.1329
47	6	0.356	0	0	0.356
47	6	3.612	0	0	3.612
47	6	0.932	0	0	0.932
47	6	0.1164	0	0	0.1164
47	6	3.717	0	0	3.717
47	6	0.8579	1	1	0.8579
47	6	0.216	0	0	0.216
47	6	1.458	1	1	1.458
47	6	0.418	1	0	0.418
47	6	3.671	1	1	3.671
47	6	0.1199	1	1	0.1199
47	6	0.2317	0	0	0.2317
47	6	0.1506	0	0	0.1506
47	6	0.03754	1	0	0.03754
47	6	3.268	0	0	3.268
47	6	0.3111	0	0	0.3111
47	6	0.1294	0	0	0.1294
47	6	3.682	0	0	3.682
47	6	0.1425	1	0	0.1425
47	6	0.5602	1	1	0.5602
47	6	0.4632	0	1	0.4632
47	6	0.118	1	1	0.118
47	6	0.9218	0	0	0.9218
47	6	0.9888	1	0	0.9888
47	6	0.08489	0	1	0.08489
47	6	3.623	1	1	3.623
47	6	4.006	0	0	4.006
47	6	1.085	1	1	1.085
47	6	1.06	1	1	1.06
47	6	0.5913	1	1	0.5913
47	6	0.3787	0	1	0.3787
47	6	0.9466	0	0	0.9466
47	6	0.001634	1	1	0.001634
47	6	0.4296	0	1	0.4296
47	6	3.782	1	1	3.782
47	6	0.4695	0	1	0.4695
47	6	0.4356	0	0	0.4356
47	6	0.7353	1	0	0.7353
47	6	0.1472	1	0	0.1472
47	6	0.5007	0	1	0.5007
48	6	0.9209	0	0	0.9209
48	6	3.659	0	0	3.659
48	6	0.955	1	0	0.955
48	6	0.3713	0	1	0.3713
48	6	4.246	1	1	4.246
48	6	3.268	0	0	3.268
48	6	0.2229	0	0	0.2229
48	6	1.15	1	1	1.15
48	6	0.1806	1	0	0.1806
48	6	0.07276	0	0	0.07276
48	6	3.424	0	0	3.424
48	6	0.6562	0	0	0.6562
48	6	0.1737	1	0	0.1737
48	6	0.3211	1	1	0.3211
48	6	0.02391	1	0	0.02391
48	6	0.006526	1	1	0.006526
48	6	4.234	1	1	4.234
48	6	0.6967	0	1	0.6967
48	6	0.2913	0	0	0.2913
48	6	0.9932	0	0	0.9932
48	6	3.43	1	1	3.43
48	6	0.1353	1	0	0.1353
48	6	0.4176	1	0	0.4176
48	6	0.2953	1	1	0.2953
48	6	0.3309	1	1	0.3309
48	6	3.742	1	1	3.742
48	6	0.7155	1	0	0.7155
48	6	0.4303	0	0	0.4303
48	6	0.02796	0	0	0.02796
48	6	0.2331	1	0	0.2331
48	6	0.3433	0	1	0.3433
48	6	0.4883	1	1	0.4883
48	6	1.227	0	1	1.227
48	6	3.313	0	0	3.313
48	6	3.564	1	1	3.564
48	6	0.5154	1	0	0.5154
48	6	0.7753	1	0	0.7753
48	6	0.03158	1	1	0.03158
48	6	0.3954	0	1	0.3954
48	6	0.5436	1	0	0.5436
48	6	1.101	0	1	1.101
48	6	0.01429	1	1	0.01429
48	6	0.01858	1	1	0.01858
48	6	0.6741	0	0	0.6741
48	6	3.578	1	1	3.578
48	6	0.02261	1	1	0.02261
48	6	0.3949	0	1	0.3949
48	6	0.6708	0	0	0.6708
48	6	0.268	0	0	0.268
48	6	0.1747	0	1	0.1747
49	6	0.1151	1	0	0.1151
49	6	0.4555	1	0	0.4555
49	6	0.06484	0	0	0.06484
49	6	0.1492	1	1	0.1492
49	6	0.07228	1	0	0.07228
49	6	0.1809	0	0	0.1809
49	6	0.548	1	1	0.548
49	6	0.6519	0	1	0.6519
49	6	3.975	0	0	3.975
49	6	0.8823	0	0	0.8823
49	6	0.4038	0	0	0.4038
49	6	0.8903	0	0	0.8903
49	6	0.1036	1	1	0.1036
49	6	0.002339	0	1	0.002339
49	6	3.688	0	0	3.688
49	6	3.881	1	1	3.881
49	6	0.9387	0	0	0.9387
49	6	0.2006	1	1	0.2006
49	6	0.3159	1	0	0.3159
49	6	3.615	1	1	3.615
49	6	1.333	1	1	1.333
49	6	3.289	1	1	3.289
49	6	0.2349	0	1	0.2349
49	6	0.7722	1	1	0.7722
49	6	0.09271	1	1	0.09271
49	6	1.226	1	0	1.226
49	6	0.4119	0	1	0.4119
49	6	0.9335	0	0	0.9335
49	6	0.4585	0	0	0.4585
49	6	3.681	1	1	3.681
49	6	0.3186	1	1	0.3186
49	6	0.9548	0	0	0.9548
49	6	0.07166	0	1	0.07166
49	6	0.04763	0	1	0.04763
49	6	0.1004	0	0	0.1004
49	6	0.2844	1	0	0.2844
49	6	0.8341	0	0	0.8341
49	6	0.2757	0	0	0.2757
49	6	3.6	1	0	3.6
49	6	0.8158	1	0	0.8158
49	6	0.5229	1	0	0.5229
49	6	0.959	1	1	0.959
49	6	3.521	1	1	3.521
49	6	0.03775	1	0	0.03775
49	6	0.1706	0	0	0.1706
49	6	0.5543	1	0	0.5543
49	6	3.857	0	0	3.857
49	6	3.496	1	1	3.496
49	6	0.054	0	1	0.054
49	6	0.3663	0	0	0.3663
