0	2	0.855	0	1	0.855
0	2	5.548	0	0	5.548
0	2	1.564	0	0	1.564
0	2	5.345	1	1	5.345
0	2	0.09461	0	1	0.09461
0	2	4.896	0	0	4.896
0	2	0.281	1	1	0.281
0	2	0.1611	1	1	0.1611
0	2	1.082	0	1	1.082
0	2	0.3572	0	0	0.3572
0	2	0.7077	0	1	0.7077
0	2	0.3026	1	1	0.3026
0	2	1.85	0	1	1.85
0	2	1.03	0	1	1.03
0	2	0.3553	0	0	0.3553
0	2	1.654	0	1	1.654
0	2	2.011	1	1	2.011
0	2	0.9037	1	1	0.9037
0	2	0.8919	1	0	0.8919
0	2	0.755	1	1	0.755
0	2	0.4328	1	0	0.4328
0	2	0.5023	0	1	0.5023
0	2	1.724	1	1	1.724
0	2	1.896	0	1	1.896
0	2	0.2864	1	1	0.2864
0	2	5.396	1	1	5.396
0	2	0.6085	1	1	0.6085
0	2	0.04365	1	1	0.04365
0	2	1.69	1	1	1.69
0	2	5.518	1	1	5.518
0	2	0.7195	1	1	0.7195
0	2	5.653	1	1	5.653
0	2	1.067	0	0	1.067
0	2	0.1755	0	1	0.1755
0	2	0.1478	1	0	0.1478
0	2	1.922	0	0	1.922
0	2	1.312	0	1	1.312
0	2	0.9128	0	0	0.9128
0	2	5.551	0	0	5.551
0	2	0.07738	0	1	0.07738
0	2	1.994	1	1	1.994
0	2	0.4321	0	1	0.4321
0	2	0.9632	1	1	0.9632
0	2	0.5345	1	0	0.5345
0	2	0.2226	0	1	0.2226
0	2	5.691	1	1	5.691
0	2	0.1228	0	1	0.1228
0	2	0.2136	1	1	0.2136
0	2	5.611	0	0	5.611
0	2	5.488	0	0	5.488
1	2	0.4353	1	1	0.4353
1	2	0.4424	0	1	0.4424
1	2	1.724	0	1	1.724
1	2	0.8655	0	1	0.8655
1	2	5.449	1	1	5.449
1	2	0.5224	1	0	0.5224
1	2	0.9912	1	1	0.9912
1	2	0.2148	0	1	0.2148
1	2	1.61	1	1	1.61
1	2	2.203	1	1	2.203
1	2	1.781	0	0	1.781
1	2	0.2272	0	0	0.2272
1	2	1.106	0	0	1.106
1	2	1.942	0	0	1.942
1	2	5.743	1	1	5.743
1	2	1.305	0	0	1.305
1	2	1.113	0	1	1.113
1	2	0.315	0	0	0.315
1	2	0.4441	0	0	0.4441
1	2	0.1822	1	0	0.1822
1	2	1.657	1	1	1.657
1	2	5.642	1	1	5.642
1	2	0.7897	1	1	0.7897
1	2	0.1898	0	1	0.1898
1	2	2.039	1	1	2.039
1	2	0.287	0	0	0.287
1	2	0.2448	1	1	0.2448
1	2	5.48	1	1	5.48
1	2	0.2893	1	1	0.2893
1	2	0.2176	1	0	0.2176
1	2	1.885	0	1	1.885
1	2	5.611	0	0	5.611
1	2	0.3125	1	1	0.3125
1	2	1.038	0	1	1.038
1	2	5.195	1	1	5.195
1	2	1.646	0	1	1.646
1	2	2.051	1	1	2.051
1	2	0.1516	1	1	0.1516
1	2	5.253	0	0	5.253
1	2	0.4816	0	1	0.4816
1	2	5.834	0	0	5.834
1	2	0.8425	1	1	0.8425
1	2	5.408	1	1	5.408
1	2	5.552	1	1	5.552
1	2	0.07586	1	1	0.07586
1	2	0.3202	1	1	0.3202
1	2	1.064	1	0	1.064
1	2	0.26	1	0	0.26
1	2	0.4247	0	1	0.4247
1	2	0.8299	0	1	0.8299
2	2	0.6089	0	1	0.6089
2	2	0.6465	1	0	0.6465
2	2	0.1939	0	1	0.1939
2	2	5.289	0	0	5.289
2	2	1.738	0	0	1.738
2	2	0.2794	1	1	0.2794
2	2	0.5288	1	1	0.5288
2	2	5.137	1	1	5.137
2	2	0.8695	0	0	0.8695
2	2	0.8669	0	0	0.8669
2	2	0.2065	0	1	0.2065
2	2	1.025	0	1	1.025
2	2	1.746	0	0	1.746
2	2	1.408	1	1	1.408
2	2	0.4981	1	1	0.4981
2	2	1.811	1	1	1.811
2	2	0.804	0	0	0.804
2	2	0.2831	0	0	0.2831
2	2	0.009483	0	0	0.009483
2	2	0.8815	1	1	0.8815
2	2	1.787	0	0	1.787
2	2	0.1329	0	0	0.1329
2	2	0.9214	1	1	0.9214
2	2	5.283	1	1	5.283
2	2	0.1857	1	1	0.1857
2	2	1.975	1	1	1.975
2	2	1.018	0	1	1.018
2	2	5.454	0	0	5.454
2	2	2.111	0	1	2.111
2	2	5.553	0	0	5.553
2	2	0.4899	1	0	0.4899
2	2	1.374	0	0	1.374
2	2	0.02534	1	1	0.02534
2	2	0.7664	0	1	0.7664
2	2	0.9779	0	0	0.9779
2	2	0.1326	1	0	0.1326
2	2	2.183	1	1	2.183
2	2	5.223	1	1	5.223
2	2	0.3721	1	1	0.3721
2	2	0.8508	0	0	0.8508
2	2	5.368	1	1	5.368
2	2	0.5984	1	1	0.5984
2	2	0.836	1	1	0.836
2	2	5.394	0	0	5.394
2	2	0.5294	0	0	0.5294
2	2	5.564	1	1	5.564
2	2	1.677	1	1	1.677
2	2	0.3019	1	1	0.3019
2	2	0.1052	0	1	0.1052
2	2	5.495	1	1	5.495
3	2	1.459	0	0	1.459
3	2	0.1382	0	1	0.1382
3	2	0.6569	0	1	0.6569
3	2	5.093	1	1	5.093
3	2	0.2859	0	1	0.2859
3	2	5.595	1	0	5.595
3	2	5.523	1	1	5.523
3	2	5.393	1	1	5.393
3	2	1.883	1	1	1.883
3	2	1.103	0	1	1.103
3	2	0.4588	0	0	0.4588
3	2	1.904	0	0	1.904
3	2	5.139	1	1	5.139
3	2	0.2767	0	0	0.2767
3	2	5.373	0	0	5.373
3	2	0.7109	1	0	0.7109
3	2	1.068	0	1	1.068
3	2	0.3966	0	1	0.3966
3	2	2.114	1	1	2.114
3	2	1.666	0	0	1.666
3	2	1.703	1	1	1.703
3	2	0.3927	0	1	0.3927
3	2	0.6439	0	1	0.6439
3	2	0.6656	1	0	0.6656
3	2	0.1935	1	0	0.1935
3	2	5.679	0	0	5.679
3	2	0.9084	0	0	0.9084
3	2	1.114	0	0	1.114
3	2	5.626	0	0	5.626
3	2	0.06652	0	1	0.06652
3	2	0.5394	1	0	0.5394
3	2	0.2363	1	0	0.2363
3	2	1.432	1	0	1.432
3	2	0.3616	1	1	0.3616
3	2	1.017	0	0	1.017
3	2	0.1609	1	1	0.1609
3	2	1.818	1	1	1.818
3	2	5.822	1	1	5.822
3	2	1.764	1	1	1.764
3	2	1.048	0	1	1.048
3	2	0.2331	1	1	0.2331
3	2	0.9668	1	1	0.9668
3	2	5.069	1	1	5.069
3	2	0.5975	0	1	0.5975
3	2	0.3975	0	0	0.3975
3	2	1.941	1	1	1.941
3	2	0.04046	1	1	0.04046
3	2	1.088	0	0	1.088
3	2	1.165	1	1	1.165
3	2	0.2169	0	1	0.2169
4	2	5.211	1	1	5.211
4	2	1.631	0	1	1.631
4	2	1.097	0	0	1.097
4	2	0.2322	1	1	0.2322
4	2	1.597	1	1	1.597
4	2	1.871	0	1	1.871
4	2	0.3151	0	1	0.3151
4	2	0.6994	0	0	0.6994
4	2	1.929	0	0	1.929
4	2	0.5701	1	1	0.5701
4	2	0.7719	1	1	0.7719
4	2	0.3465	1	1	0.3465
4	2	1.645	0	0	1.645
4	2	0.9901	1	1	0.9901
4	2	5.722	0	0	5.722
4	2	0.8458	1	1	0.8458
4	2	5.796	1	1	5.796
4	2	0.3083	1	0	0.3083
4	2	0.5543	0	1	0.5543
4	2	0.8112	0	1	0.8112
4	2	1.883	0	1	1.883
4	2	1.267	0	0	1.267
4	2	1.62	1	1	1.62
4	2	0.3553	1	1	0.3553
4	2	1.717	1	1	1.717
4	2	1.035	1	1	1.035
4	2	0.9365	0	1	0.9365
4	2	1.413	1	0	1.413
4	2	0.7398	1	1	0.7398
4	2	1.626	1	1	1.626
4	2	5.361	0	0	5.361
4	2	0.5694	0	1	0.5694
4	2	5.762	1	1	5.762
4	2	1.255	0	1	1.255
4	2	0.1568	1	0	0.1568
4	2	5.578	0	0	5.578
4	2	0.3565	0	0	0.3565
4	2	5.351	1	0	5.351
4	2	5.179	0	0	5.179
4	2	0.3504	0	1	0.3504
4	2	0.5477	1	0	0.5477
4	2	0.1069	1	0	0.1069
4	2	0.4647	0	1	0.4647
4	2	0.4312	0	1	0.4312
4	2	1.35	1	0	1.35
4	2	5.304	1	1	5.304
4	2	0.5136	1	1	0.5136
4	2	0.4847	1	1	0.4847
4	2	5.126	0	0	5.126
4	2	0.5211	1	0	0.5211
5	2	5.438	1	1	5.438
5	2	1.188	0	0	1.188
5	2	0.03478	1	0	0.03478
5	2	2.075	1	1	2.075
5	2	5.246	0	0	5.246
5	2	0.5636	1	1	0.5636
5	2	0.2713	1	1	0.2713
5	2	2.139	0	0	2.139
5	2	1.882	0	1	1.882
5	2	5.389	1	1	5.389
5	2	5.201	1	1	5.201
5	2	0.4329	1	0	0.4329
5	2	5.4	1	1	5.4
5	2	0.483	0	1	0.483
5	2	0.07478	0	0	0.07478
5	2	0.7833	0	1	0.7833
5	2	1.865	0	0	1.865
5	2	0.7667	0	1	0.7667
5	2	1.935	1	1	1.935
5	2	1.25	1	0	1.25
5	2	1.646	1	0	1.646
5	2	0.2945	0	0	0.2945
5	2	0.5709	1	0	0.5709
5	2	2.003	1	1	2.003
5	2	0.361	0	0	0.361
5	2	0.624	1	1	0.624
5	2	0.06252	0	1	0.06252
5	2	0.4812	0	1	0.4812
5	2	0.5578	0	0	0.5578
5	2	0.5479	0	0	0.5479
5	2	5.621	0	0	5.621
5	2	5.214	0	0	5.214
5	2	5.156	1	1	5.156
5	2	0.9639	0	1	0.9639
5	2	0.9964	1	1	0.9964
5	2	0.5961	0	1	0.5961
5	2	1.523	1	1	1.523
5	2	0.3452	0	1	0.3452
5	2	1.959	1	1	1.959
5	2	0.2054	0	1	0.2054
5	2	5.496	0	0	5.496
5	2	1.671	1	1	1.671
5	2	0.8572	1	1	0.8572
5	2	0.155	0	0	0.155
5	2	0.5774	0	0	0.5774
5	2	5.215	0	0	5.215
5	2	0.5888	1	1	0.5888
5	2	0.6342	1	1	0.6342
5	2	1.186	1	1	1.186
6	2	0.7069	1	1	0.7069
6	2	0.9203	0	1	0.9203
6	2	1.912	1	1	1.912
6	2	0.3825	0	1	0.3825
6	2	1.551	1	1	1.551
6	2	0.1706	0	1	0.1706
6	2	0.03827	0	1	0.03827
6	2	0.2802	1	1	0.2802
6	2	1.65	0	1	1.65
6	2	0.4047	1	1	0.4047
6	2	5.253	0	0	5.253
6	2	0.2483	1	0	0.2483
6	2	5.313	1	1	5.313
6	2	1.726	0	0	1.726
6	2	1.931	1	1	1.931
6	2	0.1502	0	1	0.1502
6	2	0.2748	0	1	0.2748
6	2	1.921	1	1	1.921
6	2	0.7291	0	0	0.7291
6	2	5.522	0	0	5.522
6	2	1.782	0	0	1.782
6	2	5.582	1	1	5.582
6	2	0.6316	1	1	0.6316
6	2	0.1673	0	1	0.1673
6	2	1.033	1	1	1.033
6	2	1.063	0	0	1.063
6	2	0.7679	0	1	0.7679
6	2	5.599	1	1	5.599
6	2	2.12	1	1	2.12
6	2	0.06182	0	1	0.06182
6	2	0.2595	0	1	0.2595
6	2	0.5493	1	0	0.5493
6	2	0.2365	1	0	0.2365
6	2	0.002845	0	0	0.002845
6	2	0.8454	0	0	0.8454
6	2	1.844	1	1	1.844
6	2	1.252	1	1	1.252
6	2	0.5056	0	1	0.5056
6	2	5.554	1	1	5.554
6	2	0.05052	0	1	0.05052
6	2	2.202	0	0	2.202
6	2	5.793	0	0	5.793
6	2	0.7253	1	0	0.7253
6	2	5.645	0	0	5.645
6	2	0.9217	0	1	0.9217
6	2	0.5336	1	1	0.5336
6	2	0.7912	0	1	0.7912
6	2	5.119	1	1	5.119
6	2	0.3626	0	1	0.3626
6	2	5.758	1	1	5.758
7	2	1.682	0	1	1.682
7	2	5.525	0	0	5.525
7	2	0.6939	0	1	0.6939
7	2	0.4584	1	1	0.4584
7	2	2.007	0	1	2.007
7	2	0.2811	0	1	0.2811
7	2	0.5045	1	1	0.5045
7	2	1.977	1	1	1.977
7	2	0.6604	1	1	0.6604
7	2	0.6311	0	0	0.6311
7	2	0.5209	1	1	0.5209
7	2	1.396	1	1	1.396
7	2	0.7516	1	1	0.7516
7	2	0.1946	1	1	0.1946
7	2	0.3223	0	1	0.3223
7	2	5.829	0	0	5.829
7	2	0.04856	0	1	0.04856
7	2	2.152	0	1	2.152
7	2	1.649	1	1	1.649
7	2	5.412	0	0	5.412
7	2	1.084	0	1	1.084
7	2	5.306	1	1	5.306
7	2	1.862	1	1	1.862
7	2	0.5252	0	1	0.5252
7	2	0.3211	0	1	0.3211
7	2	0.4985	0	0	0.4985
7	2	5.497	1	1	5.497
7	2	0.2205	1	1	0.2205
7	2	0.9285	0	0	0.9285
7	2	1.686	0	0	1.686
7	2	0.9892	0	0	0.9892
7	2	0.7871	0	1	0.7871
7	2	0.4187	0	0	0.4187
7	2	5.497	1	1	5.497
7	2	0.5571	1	1	0.5571
7	2	0.1479	0	0	0.1479
7	2	1.673	1	1	1.673
7	2	0.2101	1	1	0.2101
7	2	1.3	1	1	1.3
7	2	5.478	1	1	5.478
7	2	0.9515	1	1	0.9515
7	2	0.3314	0	1	0.3314
7	2	2.228	1	1	2.228
7	2	5.288	0	0	5.288
7	2	0.8056	1	1	0.8056
7	2	5.715	1	1	5.715
7	2	0.1899	0	0	0.1899
7	2	0.7548	1	1	0.7548
7	2	0.406	1	1	0.406
7	2	5.25	0	0	5.25
8	2	1.451	0	1	1.451
8	2	5.347	0	0	5.347
8	2	1.775	1	1	1.775
8	2	1.185	0	0	1.185
8	2	5.376	1	1	5.376
8	2	5.238	0	0	5.238
8	2	0.1266	0	1	0.1266
8	2	2.083	1	1	2.083
8	2	0.2968	1	1	0.2968
8	2	1.082	1	1	1.082
8	2	5.49	0	0	5.49
8	2	1.872	0	0	1.872
8	2	0.5788	1	1	0.5788
8	2	0.8502	1	1	0.8502
8	2	0.4891	0	1	0.4891
8	2	0.1846	0	1	0.1846
8	2	5.69	1	1	5.69
8	2	1.745	0	1	1.745
8	2	0.1698	0	1	0.1698
8	2	1.682	0	0	1.682
8	2	5.258	1	1	5.258
8	2	0.8249	1	1	0.8249
8	2	0.5545	1	1	0.5545
8	2	0.5704	1	1	0.5704
8	2	1.489	1	1	1.489
8	2	5.37	1	1	5.37
8	2	1.127	1	1	1.127
8	2	0.03193	1	1	0.03193
8	2	0.2283	1	1	0.2283
8	2	0.4656	1	1	0.4656
8	2	0.836	0	0	0.836
8	2	0.5672	1	1	0.5672
8	2	1.662	0	0	1.662
8	2	5.171	0	0	5.171
8	2	5.224	1	1	5.224
8	2	0.9163	1	1	0.9163
8	2	0.9906	1	1	0.9906
8	2	0.2983	1	1	0.2983
8	2	0.646	0	1	0.646
8	2	1.154	1	1	1.154
8	2	1.647	0	0	1.647
8	2	0.4381	0	0	0.4381
8	2	0.4297	1	1	0.4297
8	2	1.351	0	0	1.351
8	2	5.448	1	1	5.448
8	2	0.306	0	0	0.306
8	2	0.2222	0	1	0.2222
8	2	0.554	0	1	0.554
8	2	0.7988	0	1	0.7988
8	2	0.07299	0	0	0.07299
9	2	0.01524	0	1	0.01524
9	2	2	0	0	2
9	2	1.03	1	0	1.03
9	2	5.066	0	0	5.066
9	2	0.8469	1	0	0.8469
9	2	5.304	0	1	5.304
9	2	0.8453	0	0	0.8453
9	2	0.4115	1	1	0.4115
9	2	1.85	0	0	1.85
9	2	0.02905	1	1	0.02905
9	2	1.742	0	0	1.742
9	2	0.1749	1	1	0.1749
9	2	0.9697	1	1	0.9697
9	2	1.534	1	1	1.534
9	2	0.1824	1	1	0.1824
9	2	0.1397	0	1	0.1397
9	2	0.02277	1	1	0.02277
9	2	5.577	1	1	5.577
9	2	5.401	1	1	5.401
9	2	5.494	0	0	5.494
9	2	1.017	0	1	1.017
9	2	1.792	0	0	1.792
9	2	0.1327	0	1	0.1327
9	2	0.3097	1	1	0.3097
9	2	5.149	0	0	5.149
9	2	5.184	0	0	5.184
9	2	1.582	0	0	1.582
9	2	1.057	0	0	1.057
9	2	0.1021	1	1	0.1021
9	2	0.4112	0	1	0.4112
9	2	5.524	0	1	5.524
9	2	0.4247	0	0	0.4247
9	2	0.01936	0	0	0.01936
9	2	0.5085	0	1	0.5085
9	2	0.2377	1	1	0.2377
9	2	0.187	1	1	0.187
9	2	1.216	1	1	1.216
9	2	0.4466	1	1	0.4466
9	2	2.114	1	1	2.114
9	2	2.034	1	1	2.034
9	2	0.9825	1	0	0.9825
9	2	0.7315	0	0	0.7315
9	2	0.07313	0	1	0.07313
9	2	0.9239	1	1	0.9239
9	2	0.5245	1	1	0.5245
9	2	0.5147	0	1	0.5147
9	2	1.678	1	1	1.678
9	2	5.53	0	0	5.53
9	2	1.985	1	1	1.985
9	2	5.359	1	1	5.359
10	3	0.6526	1	1	0.6526
10	3	0.07202	1	1	0.07202
10	3	0.07412	1	1	0.07412
10	3	5.447	1	1	5.447
10	3	5.381	0	0	5.381
10	3	0.2569	0	1	0.2569
10	3	0.05828	0	1	0.05828
10	3	1.388	0	0	1.388
10	3	0.09314	0	1	0.09314
10	3	5.202	1	1	5.202
10	3	0.8084	1	0	0.8084
10	3	1.72	0	0	1.72
10	3	5.234	0	0	5.234
10	3	0.897	1	0	0.897
10	3	5.28	1	1	5.28
10	3	5.18	1	1	5.18
10	3	1.647	0	1	1.647
10	3	1.032	1	1	1.032
10	3	1.011	0	0	1.011
10	3	1.888	0	0	1.888
10	3	2.015	0	0	2.015
10	3	0.3852	0	0	0.3852
10	3	0.3118	1	1	0.3118
10	3	1.999	1	1	1.999
10	3	5.484	1	1	5.484
10	3	1.126	1	1	1.126
10	3	0.1771	1	1	0.1771
10	3	0.4613	1	1	0.4613
10	3	0.1286	0	0	0.1286
10	3	5.605	0	0	5.605
10	3	0.4885	1	0	0.4885
10	3	2.12	0	0	2.12
10	3	0.3872	0	1	0.3872
10	3	0.1272	1	0	0.1272
10	3	1.989	0	0	1.989
10	3	0.7289	1	1	0.7289
10	3	2.109	0	1	2.109
10	3	0.3975	1	1	0.3975
10	3	0.4574	0	0	0.4574
10	3	1.705	1	1	1.705
10	3	0.9015	1	1	0.9015
10	3	0.7093	0	0	0.7093
10	3	0.3709	1	1	0.3709
10	3	5.867	0	0	5.867
10	3	0.1082	0	1	0.1082
10	3	5.68	0	0	5.68
10	3	0.6788	0	0	0.6788
10	3	0.127	0	1	0.127
10	3	0.7767	0	0	0.7767
10	3	0.03894	0	0	0.03894
11	3	0.1998	0	1	0.1998
11	3	0.1476	0	1	0.1476
11	3	0.453	0	1	0.453
11	3	0.1338	1	1	0.1338
11	3	1.743	0	0	1.743
11	3	0.8333	1	1	0.8333
11	3	0.1619	1	1	0.1619
11	3	1.033	1	0	1.033
11	3	0.005354	1	1	0.005354
11	3	0.1325	0	1	0.1325
11	3	1.73	0	0	1.73
11	3	0.5218	1	1	0.5218
11	3	0.672	1	1	0.672
11	3	1.898	1	1	1.898
11	3	1.729	1	1	1.729
11	3	5.476	1	1	5.476
11	3	1.078	0	0	1.078
11	3	0.02198	0	0	0.02198
11	3	5.058	0	0	5.058
11	3	0.4357	1	0	0.4357
11	3	0.3908	0	1	0.3908
11	3	1.733	0	0	1.733
11	3	5.053	1	1	5.053
11	3	5.309	0	0	5.309
11	3	0.3151	1	0	0.3151
11	3	5.336	0	0	5.336
11	3	1.127	0	1	1.127
11	3	0.2393	1	1	0.2393
11	3	0.08932	0	1	0.08932
11	3	1.014	0	0	1.014
11	3	0.2443	1	1	0.2443
11	3	5.682	1	1	5.682
11	3	1.422	1	1	1.422
11	3	5.144	0	0	5.144
11	3	0.6496	0	1	0.6496
11	3	0.4646	1	1	0.4646
11	3	0.8561	0	1	0.8561
11	3	0.5328	1	1	0.5328
11	3	5.379	0	0	5.379
11	3	2.128	0	0	2.128
11	3	1.994	1	1	1.994
11	3	2.073	0	0	2.073
11	3	0.9244	1	1	0.9244
11	3	1.186	0	0	1.186
11	3	0.9148	0	0	0.9148
11	3	1.721	1	1	1.721
11	3	5.242	1	1	5.242
11	3	0.5449	1	1	0.5449
11	3	0.4424	1	1	0.4424
11	3	5.491	0	0	5.491
12	3	0.06381	0	1	0.06381
12	3	0.9445	0	0	0.9445
12	3	5.52	1	1	5.52
12	3	0.4935	0	0	0.4935
12	3	0.8254	1	1	0.8254
12	3	5.314	0	0	5.314
12	3	0.9336	1	1	0.9336
12	3	0.3819	1	1	0.3819
12	3	0.9151	0	1	0.9151
12	3	0.8827	1	1	0.8827
12	3	5.285	1	1	5.285
12	3	0.2311	0	0	0.2311
12	3	0.3308	1	1	0.3308
12	3	5.289	0	0	5.289
12	3	2.229	1	1	2.229
12	3	0.6879	0	1	0.6879
12	3	1.908	0	1	1.908
12	3	0.9238	0	1	0.9238
12	3	1.985	1	1	1.985
12	3	0.6845	1	1	0.6845
12	3	1.612	1	1	1.612
12	3	0.3551	1	1	0.3551
12	3	0.6243	0	0	0.6243
12	3	0.252	0	0	0.252
12	3	5.67	0	0	5.67
12	3	0.04844	1	0	0.04844
12	3	1.073	1	1	1.073
12	3	1.953	0	0	1.953
12	3	0.318	1	1	0.318
12	3	0.481	0	0	0.481
12	3	5.464	1	1	5.464
12	3	1.647	1	1	1.647
12	3	0.4979	1	1	0.4979
12	3	2.031	0	1	2.031
12	3	5.725	0	0	5.725
12	3	1.893	1	1	1.893
12	3	2.082	0	0	2.082
12	3	1.111	0	0	1.111
12	3	2.135	0	0	2.135
12	3	5.618	0	0	5.618
12	3	5.644	0	0	5.644
12	3	5.362	0	0	5.362
12	3	0.386	1	0	0.386
12	3	0.5175	1	0	0.5175
12	3	0.1459	1	0	0.1459
12	3	1.112	0	0	1.112
12	3	0.4838	0	0	0.4838
12	3	0.03555	0	0	0.03555
12	3	0.5563	1	1	0.5563
12	3	0.9073	1	1	0.9073
13	3	0.01028	0	1	0.01028
13	3	0.05312	1	1	0.05312
13	3	5.546	1	1	5.546
13	3	0.312	1	0	0.312
13	3	0.8178	1	1	0.8178
13	3	0.6122	1	1	0.6122
13	3	5.652	0	0	5.652
13	3	1.08	0	0	1.08
13	3	5.25	0	0	5.25
13	3	1.748	0	0	1.748
13	3	0.06534	1	0	0.06534
13	3	0.3735	0	1	0.3735
13	3	1.97	1	1	1.97
13	3	0.1693	0	0	0.1693
13	3	5.587	0	0	5.587
13	3	1.882	1	1	1.882
13	3	0.5388	0	0	0.5388
13	3	0.392	1	0	0.392
13	3	2.172	0	0	2.172
13	3	1.097	1	0	1.097
13	3	1.773	1	1	1.773
13	3	0.4012	1	1	0.4012
13	3	0.1408	0	0	0.1408
13	3	0.6055	1	1	0.6055
13	3	5.257	0	0	5.257
13	3	0.141	0	1	0.141
13	3	5.342	1	1	5.342
13	3	2.124	0	0	2.124
13	3	1.484	1	1	1.484
13	3	1.056	0	1	1.056
13	3	0.2619	0	0	0.2619
13	3	0.9814	0	0	0.9814
13	3	0.8975	1	1	0.8975
13	3	0.9293	1	1	0.9293
13	3	0.3662	1	1	0.3662
13	3	0.5501	1	1	0.5501
13	3	1.885	1	0	1.885
13	3	5.787	0	0	5.787
13	3	0.5407	0	0	0.5407
13	3	1.377	0	0	1.377
13	3	0.4045	0	1	0.4045
13	3	5.487	1	1	5.487
13	3	5.424	0	0	5.424
13	3	1.655	0	1	1.655
13	3	0.5358	0	1	0.5358
13	3	0.05391	0	1	0.05391
13	3	5.184	1	1	5.184
13	3	0.7362	0	0	0.7362
13	3	0.5513	0	0	0.5513
13	3	0.7731	1	1	0.7731
14	3	5.167	1	1	5.167
14	3	0.6927	1	1	0.6927
14	3	2.039	1	1	2.039
14	3	0.3005	1	1	0.3005
14	3	5.591	1	1	5.591
14	3	1.839	0	1	1.839
14	3	5.382	1	1	5.382
14	3	0.519	0	1	0.519
14	3	0.09989	1	0	0.09989
14	3	0.7362	0	0	0.7362
14	3	0.5703	0	0	0.5703
14	3	0.4984	0	1	0.4984
14	3	1.006	1	1	1.006
14	3	0.3948	1	0	0.3948
14	3	0.2942	0	1	0.2942
14	3	1.584	0	0	1.584
14	3	0.1892	1	1	0.1892
14	3	5.507	0	0	5.507
14	3	5.276	1	1	5.276
14	3	0.8999	0	1	0.8999
14	3	5.16	1	1	5.16
14	3	0.7446	0	1	0.7446
14	3	0.7149	0	0	0.7149
14	3	0.5115	1	1	0.5115
14	3	5.204	1	1	5.204
14	3	0.5793	0	0	0.5793
14	3	5.512	0	0	5.512
14	3	0.8263	1	0	0.8263
14	3	0.8846	1	0	0.8846
14	3	2.028	0	0	2.028
14	3	1.098	1	1	1.098
14	3	1.068	0	0	1.068
14	3	2.02	0	0	2.02
14	3	0.09953	1	1	0.09953
14	3	0.9986	1	0	0.9986
14	3	0.7896	0	0	0.7896
14	3	1.007	0	0	1.007
14	3	2.167	1	1	2.167
14	3	2.203	0	0	2.203
14	3	5.313	1	1	5.313
14	3	1.971	0	0	1.971
14	3	5.144	0	0	5.144
14	3	2.316	1	0	2.316
14	3	0.1275	1	0	0.1275
14	3	0.5755	1	0	0.5755
14	3	0.07391	0	0	0.07391
14	3	0.08639	1	0	0.08639
14	3	0.5145	0	0	0.5145
14	3	1.834	0	0	1.834
14	3	0.6983	1	1	0.6983
15	3	0.3364	1	1	0.3364
15	3	0.621	0	0	0.621
15	3	5.247	0	0	5.247
15	3	5.263	1	1	5.263
15	3	5.44	0	0	5.44
15	3	5.532	0	0	5.532
15	3	1.547	1	1	1.547
15	3	5.359	1	1	5.359
15	3	0.6947	0	0	0.6947
15	3	1.787	1	1	1.787
15	3	1.948	1	1	1.948
15	3	5.481	0	0	5.481
15	3	0.5582	1	1	0.5582
15	3	0.3494	1	1	0.3494
15	3	1.5	1	1	1.5
15	3	0.6563	1	1	0.6563
15	3	0.3774	0	1	0.3774
15	3	1.628	0	0	1.628
15	3	0.5511	0	1	0.5511
15	3	2.005	1	1	2.005
15	3	0.9008	0	1	0.9008
15	3	0.5457	0	0	0.5457
15	3	1.964	0	0	1.964
15	3	1.094	1	1	1.094
15	3	0.2553	1	0	0.2553
15	3	0.2139	1	0	0.2139
15	3	0.969	1	1	0.969
15	3	1.17	0	0	1.17
15	3	0.3463	1	0	0.3463
15	3	1.146	0	0	1.146
15	3	0.4017	1	1	0.4017
15	3	5.066	1	1	5.066
15	3	0.5766	1	1	0.5766
15	3	0.7706	0	0	0.7706
15	3	0.12	0	1	0.12
15	3	1.66	0	1	1.66
15	3	5.448	0	0	5.448
15	3	0.4632	0	0	0.4632
15	3	0.3509	0	0	0.3509
15	3	5.226	0	0	5.226
15	3	0.3326	0	1	0.3326
15	3	0.6999	0	1	0.6999
15	3	0.6761	1	0	0.6761
15	3	0.4648	0	0	0.4648
15	3	0.936	0	1	0.936
15	3	0.2477	1	1	0.2477
15	3	1.653	1	1	1.653
15	3	5.268	1	1	5.268
15	3	1.452	1	1	1.452
15	3	0.7607	1	1	0.7607
16	3	1.648	1	1	1.648
16	3	1.789	1	1	1.789
16	3	5.225	1	1	5.225
16	3	1.648	1	1	1.648
16	3	5.307	0	0	5.307
16	3	5.28	1	1	5.28
16	3	0.5241	0	0	0.5241
16	3	0.5876	0	1	0.5876
16	3	0.5404	0	0	0.5404
16	3	1.302	1	1	1.302
16	3	0.9425	1	1	0.9425
16	3	5.634	0	0	5.634
16	3	1.345	1	1	1.345
16	3	1.793	0	0	1.793
16	3	5.423	0	0	5.423
16	3	0.5478	0	0	0.5478
16	3	0.6314	1	1	0.6314
16	3	0.1525	1	1	0.1525
16	3	1.876	1	1	1.876
16	3	0.3715	0	1	0.3715
16	3	0.9859	1	1	0.9859
16	3	0.658	0	1	0.658
16	3	0.04338	0	0	0.04338
16	3	1.905	0	0	1.905
16	3	5.263	1	1	5.263
16	3	0.9181	0	0	0.9181
16	3	0.8592	0	0	0.8592
16	3	1.281	1	1	1.281
16	3	0.3723	0	1	0.3723
16	3	1.142	0	0	1.142
16	3	0.473	1	0	0.473
16	3	0.9136	1	0	0.9136
16	3	0.2702	1	1	0.2702
16	3	1.944	0	0	1.944
16	3	0.648	0	0	0.648
16	3	5.251	1	1	5.251
16	3	0.03295	1	0	0.03295
16	3	2.251	0	0	2.251
16	3	5.335	1	1	5.335
16	3	0.5919	0	0	0.5919
16	3	0.1091	1	1	0.1091
16	3	0.4224	1	0	0.4224
16	3	1.858	1	1	1.858
16	3	0.3474	0	0	0.3474
16	3	1.386	1	1	1.386
16	3	5.428	0	0	5.428
16	3	5.503	1	1	5.503
16	3	1.839	0	0	1.839
16	3	0.2219	0	1	0.2219
16	3	0.4608	1	0	0.4608
17	3	1.027	0	0	1.027
17	3	0.403	1	1	0.403
17	3	0.9252	1	1	0.9252
17	3	0.7386	1	1	0.7386
17	3	0.2475	0	1	0.2475
17	3	0.6753	1	1	0.6753
17	3	0.004653	0	1	0.004653
17	3	5.179	1	1	5.179
17	3	0.1817	0	0	0.1817
17	3	0.4338	1	1	0.4338
17	3	1.384	1	1	1.384
17	3	0.1389	0	1	0.1389
17	3	0.5657	1	1	0.5657
17	3	0.3564	1	1	0.3564
17	3	2.204	1	1	2.204
17	3	0.02068	0	1	0.02068
17	3	5.542	0	0	5.542
17	3	0.2549	0	1	0.2549
17	3	0.8307	1	1	0.8307
17	3	5.507	0	0	5.507
17	3	0.3528	1	1	0.3528
17	3	0.2711	1	1	0.2711
17	3	1.817	0	0	1.817
17	3	0.4612	1	1	0.4612
17	3	0.8877	1	1	0.8877
17	3	1.813	0	1	1.813
17	3	1.883	0	0	1.883
17	3	1.628	0	0	1.628
17	3	5.644	1	1	5.644
17	3	5.288	1	1	5.288
17	3	5.592	0	0	5.592
17	3	5.085	0	0	5.085
17	3	1.149	0	1	1.149
17	3	1.692	1	1	1.692
17	3	0.6936	1	0	0.6936
17	3	0.354	0	1	0.354
17	3	1.568	0	0	1.568
17	3	1.807	1	0	1.807
17	3	0.8375	0	0	0.8375
17	3	0.7711	1	1	0.7711
17	3	5.405	1	1	5.405
17	3	1.566	1	1	1.566
17	3	5.63	0	0	5.63
17	3	0.05785	0	0	0.05785
17	3	5.352	0	0	5.352
17	3	0.1996	0	1	0.1996
17	3	0.389	0	0	0.389
17	3	1.143	1	1	1.143
17	3	0.8011	0	0	0.8011
17	3	1.64	0	0	1.64
18	3	1.021	0	1	1.021
18	3	0.9755	0	1	0.9755
18	3	5.535	1	1	5.535
18	3	0.5869	1	1	0.5869
18	3	0.7491	0	0	0.7491
18	3	0.3416	1	1	0.3416
18	3	0.8625	0	0	0.8625
18	3	1.949	0	0	1.949
18	3	0.2508	0	0	0.2508
18	3	0.5898	0	0	0.5898
18	3	1.539	1	1	1.539
18	3	5.442	1	1	5.442
18	3	1.965	0	0	1.965
18	3	1.163	0	0	1.163
18	3	0.3385	1	1	0.3385
18	3	1.968	1	1	1.968
18	3	0.9196	0	0	0.9196
18	3	0.3314	1	1	0.3314
18	3	2.084	0	1	2.084
18	3	0.7389	1	1	0.7389
18	3	0.5005	0	1	0.5005
18	3	0.04469	0	0	0.04469
18	3	5.301	0	0	5.301
18	3	0.1177	1	0	0.1177
18	3	1.003	0	0	1.003
18	3	0.1562	1	0	0.1562
18	3	0.1921	1	1	0.1921
18	3	0.7709	0	1	0.7709
18	3	5.14	1	1	5.14
18	3	0.4476	0	0	0.4476
18	3	1.789	1	1	1.789
18	3	0.6271	1	0	0.6271
18	3	1.923	0	1	1.923
18	3	1.704	1	1	1.704
18	3	5.225	0	0	5.225
18	3	0.5712	1	1	0.5712
18	3	1.974	0	0	1.974
18	3	5.735	1	1	5.735
18	3	5.203	1	1	5.203
18	3	0.5669	1	1	0.5669
18	3	0.9409	1	1	0.9409
18	3	5.635	0	0	5.635
18	3	0.3603	1	0	0.3603
18	3	1.003	1	1	1.003
18	3	1.547	0	0	1.547
18	3	0.3061	0	0	0.3061
18	3	0.6786	0	0	0.6786
18	3	0.211	1	0	0.211
18	3	5.392	1	1	5.392
18	3	5.777	1	1	5.777
19	3	0.1677	0	1	0.1677
19	3	0.2163	1	1	0.2163
19	3	0.2345	1	1	0.2345
19	3	5.393	0	0	5.393
19	3	5.307	0	0	5.307
19	3	0.2954	0	1	0.2954
19	3	0.6554	0	0	0.6554
19	3	1.881	1	1	1.881
19	3	5.681	1	1	5.681
19	3	0.3886	0	1	0.3886
19	3	0.8575	0	0	0.8575
19	3	0.5702	0	1	0.5702
19	3	2.051	0	0	2.051
19	3	0.5644	0	0	0.5644
19	3	0.4939	0	1	0.4939
19	3	0.07742	1	1	0.07742
19	3	0.1289	0	1	0.1289
19	3	0.2002	0	1	0.2002
19	3	0.3854	1	1	0.3854
19	3	2.22	1	0	2.22
19	3	0.5719	0	0	0.5719
19	3	4.971	1	1	4.971
19	3	5.475	0	0	5.475
19	3	0.1387	0	1	0.1387
19	3	0.8854	1	1	0.8854
19	3	5.729	0	0	5.729
19	3	0.3094	1	0	0.3094
19	3	0.6458	1	1	0.6458
19	3	1.969	1	1	1.969
19	3	0.6625	0	0	0.6625
19	3	1.286	0	0	1.286
19	3	5.471	1	1	5.471
19	3	1.559	0	0	1.559
19	3	5.463	0	0	5.463
19	3	0.08169	1	0	0.08169
19	3	5.727	0	0	5.727
19	3	0.7932	0	1	0.7932
19	3	0.9885	1	1	0.9885
19	3	0.9841	1	0	0.9841
19	3	0.9276	1	0	0.9276
19	3	0.454	1	1	0.454
19	3	5.641	1	1	5.641
19	3	1.401	1	1	1.401
19	3	0.5285	1	1	0.5285
19	3	2.03	0	0	2.03
19	3	1.629	1	1	1.629
19	3	0.217	1	1	0.217
19	3	1.736	0	0	1.736
19	3	0.474	1	0	0.474
19	3	1.281	1	1	1.281
20	4	0.8522	0	1	0.8522
20	4	5.549	0	0	5.549
20	4	1.568	0	1	1.568
20	4	5.34	1	1	5.34
20	4	0.09349	0	1	0.09349
20	4	4.896	0	0	4.896
20	4	0.2779	1	0	0.2779
20	4	0.1601	1	1	0.1601
20	4	1.079	0	1	1.079
20	4	0.3547	0	0	0.3547
20	4	0.7104	0	0	0.7104
20	4	0.3037	1	1	0.3037
20	4	1.849	0	0	1.849
20	4	1.034	0	1	1.034
20	4	0.3549	0	0	0.3549
20	4	1.651	0	0	1.651
20	4	2.005	1	1	2.005
20	4	0.905	1	1	0.905
20	4	0.8907	1	1	0.8907
20	4	0.7494	1	1	0.7494
20	4	0.4351	1	1	0.4351
20	4	0.5051	0	0	0.5051
20	4	1.728	1	1	1.728
20	4	1.896	0	1	1.896
20	4	0.2851	1	1	0.2851
20	4	5.393	1	1	5.393
20	4	0.611	1	1	0.611
20	4	0.04534	1	1	0.04534
20	4	1.69	1	1	1.69
20	4	5.513	1	1	5.513
20	4	0.7218	1	1	0.7218
20	4	5.655	1	1	5.655
20	4	1.061	0	0	1.061
20	4	0.1753	0	1	0.1753
20	4	0.1434	1	0	0.1434
20	4	1.919	0	0	1.919
20	4	1.312	0	0	1.312
20	4	0.9161	0	0	0.9161
20	4	5.551	0	0	5.551
20	4	0.07653	0	1	0.07653
20	4	1.992	1	1	1.992
20	4	0.4258	0	0	0.4258
20	4	0.9622	1	1	0.9622
20	4	0.5327	1	0	0.5327
20	4	0.2239	0	1	0.2239
20	4	5.684	1	1	5.684
20	4	0.1249	0	1	0.1249
20	4	0.2186	1	1	0.2186
20	4	5.609	0	0	5.609
20	4	5.486	0	0	5.486
21	4	0.6613	0	1	0.6613
21	4	1.829	0	0	1.829
21	4	0.7717	0	0	0.7717
21	4	0.8627	1	1	0.8627
21	4	5.706	1	1	5.706
21	4	0.4236	1	1	0.4236
21	4	5.418	1	1	5.418
21	4	0.708	1	0	0.708
21	4	5.108	1	1	5.108
21	4	2.121	1	1	2.121
21	4	0.9213	0	1	0.9213
21	4	2.054	1	0	2.054
21	4	0.7349	0	0	0.7349
21	4	1.169	1	1	1.169
21	4	0.1652	0	0	0.1652
21	4	1.848	1	1	1.848
21	4	0.4394	0	1	0.4394
21	4	5.431	0	0	5.431
21	4	1.937	1	1	1.937
21	4	0.6801	1	1	0.6801
21	4	1.024	0	0	1.024
21	4	1.252	0	0	1.252
21	4	5.134	0	0	5.134
21	4	0.5955	1	0	0.5955
21	4	0.8615	1	0	0.8615
21	4	1.654	0	0	1.654
21	4	0.4554	1	0	0.4554
21	4	1.999	1	1	1.999
21	4	2.209	1	1	2.209
21	4	0.3805	0	0	0.3805
21	4	0.3478	0	0	0.3478
21	4	5.265	1	1	5.265
21	4	0.1484	1	0	0.1484
21	4	0.4018	1	1	0.4018
21	4	0.8227	1	1	0.8227
21	4	0.7794	0	0	0.7794
21	4	1.564	0	0	1.564
21	4	0.3937	0	1	0.3937
21	4	1.728	1	1	1.728
21	4	0.2379	0	0	0.2379
21	4	0.152	1	1	0.152
21	4	0.04216	0	0	0.04216
21	4	5.605	0	0	5.605
21	4	5.39	0	0	5.39
21	4	5.57	1	1	5.57
21	4	0.5638	0	0	0.5638
21	4	0.4229	0	0	0.4229
21	4	5.218	0	0	5.218
21	4	1.101	1	0	1.101
21	4	0.3045	1	1	0.3045
22	4	0.8978	0	0	0.8978
22	4	0.3853	0	1	0.3853
22	4	1.609	0	1	1.609
22	4	0.5456	1	1	0.5456
22	4	0.3325	0	1	0.3325
22	4	0.5921	1	1	0.5921
22	4	5.612	0	0	5.612
22	4	1.759	1	1	1.759
22	4	1.021	1	1	1.021
22	4	0.7388	0	1	0.7388
22	4	0.3575	0	0	0.3575
22	4	1.069	1	1	1.069
22	4	5.146	1	1	5.146
22	4	0.28	0	1	0.28
22	4	0.4432	0	0	0.4432
22	4	1.789	1	1	1.789
22	4	5.481	1	1	5.481
22	4	1.275	0	0	1.275
22	4	0.1168	1	1	0.1168
22	4	0.253	0	0	0.253
22	4	1.845	0	1	1.845
22	4	0.173	0	1	0.173
22	4	0.07405	0	0	0.07405
22	4	0.1387	0	1	0.1387
22	4	0.4744	1	1	0.4744
22	4	0.8184	0	1	0.8184
22	4	0.8477	1	1	0.8477
22	4	5.478	1	1	5.478
22	4	1.625	1	1	1.625
22	4	5.148	0	0	5.148
22	4	0.4341	1	0	0.4341
22	4	5.511	1	1	5.511
22	4	2.074	1	1	2.074
22	4	0.8879	0	1	0.8879
22	4	0.7311	0	0	0.7311
22	4	1.84	0	0	1.84
22	4	0.00068	0	0	0.00068
22	4	5.728	0	0	5.728
22	4	0.4549	0	1	0.4549
22	4	0.3874	0	0	0.3874
22	4	1.996	1	0	1.996
22	4	5.385	1	1	5.385
22	4	0.6799	0	0	0.6799
22	4	1.507	1	1	1.507
22	4	0.2335	0	0	0.2335
22	4	1.904	1	1	1.904
22	4	0.1075	0	0	0.1075
22	4	5.618	1	1	5.618
22	4	5.579	1	1	5.579
22	4	0.8949	1	1	0.8949
23	4	1.646	0	1	1.646
23	4	0.1747	0	1	0.1747
23	4	0.461	0	1	0.461
23	4	5.148	1	1	5.148
23	4	0.2361	0	1	0.2361
23	4	5.504	1	1	5.504
23	4	6.07	1	1	6.07
23	4	5.315	1	1	5.315
23	4	1.89	1	1	1.89
23	4	0.777	0	0	0.777
23	4	0.625	0	0	0.625
23	4	1.696	0	1	1.696
23	4	5.642	1	1	5.642
23	4	0.3758	0	0	0.3758
23	4	5.324	0	0	5.324
23	4	0.5269	1	1	0.5269
23	4	1.033	0	1	1.033
23	4	0.2378	0	0	0.2378
23	4	1.448	1	1	1.448
23	4	2.023	0	0	2.023
23	4	1.661	1	1	1.661
23	4	0.3066	0	1	0.3066
23	4	0.3449	0	1	0.3449
23	4	0.6111	1	0	0.6111
23	4	0.1306	0	0	0.1306
23	4	5.744	0	0	5.744
23	4	0.8475	0	1	0.8475
23	4	0.5327	0	0	0.5327
23	4	5.361	0	0	5.361
23	4	0.5171	0	0	0.5171
23	4	0.1442	1	0	0.1442
23	4	0.565	1	0	0.565
23	4	1.912	1	0	1.912
23	4	0.1583	0	0	0.1583
23	4	0.8287	0	0	0.8287
23	4	0.2517	1	0	0.2517
23	4	1.973	1	0	1.973
23	4	5.615	1	1	5.615
23	4	1.847	1	0	1.847
23	4	1.306	0	0	1.306
23	4	0.7187	1	0	0.7187
23	4	0.643	1	0	0.643
23	4	5.674	1	1	5.674
23	4	0.6082	0	0	0.6082
23	4	0.1859	0	0	0.1859
23	4	2.054	1	1	2.054
23	4	0.2166	1	1	0.2166
23	4	0.9809	0	0	0.9809
23	4	0.8693	1	1	0.8693
23	4	0.2777	0	1	0.2777
24	4	5.429	1	1	5.429
24	4	1.839	0	0	1.839
24	4	0.7782	0	0	0.7782
24	4	0.4418	0	0	0.4418
24	4	1.759	1	1	1.759
24	4	1.821	0	1	1.821
24	4	0.3487	0	1	0.3487
24	4	0.5488	0	0	0.5488
24	4	1.741	0	0	1.741
24	4	0.3168	1	1	0.3168
24	4	0.2106	1	1	0.2106
24	4	0.2976	1	0	0.2976
24	4	2.078	0	0	2.078
24	4	0.9051	1	1	0.9051
24	4	5.217	0	0	5.217
24	4	0.8481	1	1	0.8481
24	4	5.296	1	1	5.296
24	4	0.07213	0	1	0.07213
24	4	0.2351	0	1	0.2351
24	4	0.6082	0	1	0.6082
24	4	1.619	0	0	1.619
24	4	2.364	0	0	2.364
24	4	1.34	1	1	1.34
24	4	0.2005	1	1	0.2005
24	4	2.021	1	1	2.021
24	4	0.7737	1	1	0.7737
24	4	0.797	0	0	0.797
24	4	0.9775	1	0	0.9775
24	4	0.8834	1	0	0.8834
24	4	1.915	1	1	1.915
24	4	5.142	0	0	5.142
24	4	0.01704	0	0	0.01704
24	4	5.686	1	1	5.686
24	4	0.5933	0	1	0.5933
24	4	0.3494	1	0	0.3494
24	4	5.434	0	0	5.434
24	4	0.6153	0	0	0.6153
24	4	5.383	1	1	5.383
24	4	5.502	0	0	5.502
24	4	0.353	0	0	0.353
24	4	0.3811	1	0	0.3811
24	4	0.02472	1	0	0.02472
24	4	0.3198	0	0	0.3198
24	4	0.7473	0	0	0.7473
24	4	1.083	1	1	1.083
24	4	5.134	1	1	5.134
24	4	0.6123	1	0	0.6123
24	4	0.03616	1	1	0.03616
24	4	5.524	0	0	5.524
24	4	0.09482	1	0	0.09482
25	4	5.588	0	0	5.588
25	4	0.8644	1	1	0.8644
25	4	1.223	0	0	1.223
25	4	0.9028	1	1	0.9028
25	4	0.4197	0	0	0.4197
25	4	0.1652	0	1	0.1652
25	4	2.008	0	0	2.008
25	4	0.1906	1	1	0.1906
25	4	0.1	1	0	0.1
25	4	0.1104	0	1	0.1104
25	4	0.3457	1	0	0.3457
25	4	5.654	1	1	5.654
25	4	0.5958	1	0	0.5958
25	4	1.134	0	0	1.134
25	4	0.3826	0	1	0.3826
25	4	1.744	0	0	1.744
25	4	5.127	1	1	5.127
25	4	0.6254	0	0	0.6254
25	4	0.4357	1	0	0.4357
25	4	5.377	0	0	5.377
25	4	5.101	0	0	5.101
25	4	0.3973	1	0	0.3973
25	4	0.4276	0	0	0.4276
25	4	0.5193	0	1	0.5193
25	4	1.92	1	1	1.92
25	4	0.1997	0	1	0.1997
25	4	0.6375	0	0	0.6375
25	4	1.647	1	1	1.647
25	4	1.359	0	0	1.359
25	4	5.273	0	0	5.273
25	4	1.765	1	0	1.765
25	4	1.662	0	0	1.662
25	4	0.6416	1	0	0.6416
25	4	1.858	0	0	1.858
25	4	0.4503	1	0	0.4503
25	4	0.434	1	0	0.434
25	4	0.1419	0	0	0.1419
25	4	1.562	1	0	1.562
25	4	5.412	1	0	5.412
25	4	5.312	0	0	5.312
25	4	0.5646	0	0	0.5646
25	4	5.415	1	1	5.415
25	4	0.9195	1	0	0.9195
25	4	1.023	1	1	1.023
25	4	0.2551	0	1	0.2551
25	4	0.225	1	0	0.225
25	4	0.3372	1	0	0.3372
25	4	5.554	0	0	5.554
25	4	0.2559	0	1	0.2559
25	4	1.99	1	1	1.99
26	4	1.384	1	1	1.384
26	4	1.219	0	0	1.219
26	4	0.8725	0	0	0.8725
26	4	5.422	0	0	5.422
26	4	0.6058	0	0	0.6058
26	4	0.39	0	0	0.39
26	4	0.6085	0	1	0.6085
26	4	0.08364	0	1	0.08364
26	4	1.802	0	0	1.802
26	4	1.438	1	1	1.438
26	4	5.512	0	0	5.512
26	4	0.4614	0	0	0.4614
26	4	5.066	1	1	5.066
26	4	0.4218	1	1	0.4218
26	4	2.139	1	0	2.139
26	4	2.223	1	1	2.223
26	4	5.679	1	1	5.679
26	4	1.417	1	1	1.417
26	4	5.566	0	0	5.566
26	4	1.639	1	0	1.639
26	4	0.5405	1	1	0.5405
26	4	0.3623	1	1	0.3623
26	4	1.123	1	0	1.123
26	4	0.5252	0	0	0.5252
26	4	5.587	1	1	5.587
26	4	0.5799	0	0	0.5799
26	4	0.3415	1	1	0.3415
26	4	0.9442	1	1	0.9442
26	4	5.205	0	0	5.205
26	4	0.8094	0	0	0.8094
26	4	1.114	1	1	1.114
26	4	0.8973	0	0	0.8973
26	4	0.1388	0	0	0.1388
26	4	0.3544	0	0	0.3544
26	4	5.581	0	0	5.581
26	4	0.5061	1	1	0.5061
26	4	5.341	1	1	5.341
26	4	0.9591	1	1	0.9591
26	4	0.2804	0	0	0.2804
26	4	0.9436	1	1	0.9436
26	4	0.7046	0	1	0.7046
26	4	1.963	1	1	1.963
26	4	0.2669	1	1	0.2669
26	4	0.5566	1	0	0.5566
26	4	2.15	1	0	2.15
26	4	2.011	1	1	2.011
26	4	0.7433	0	0	0.7433
26	4	0.1143	0	1	0.1143
26	4	5.337	0	0	5.337
26	4	0.7993	0	0	0.7993
27	4	5.069	1	1	5.069
27	4	1.96	0	0	1.96
27	4	0.5828	1	1	0.5828
27	4	0.8657	1	1	0.8657
27	4	2.073	1	0	2.073
27	4	0.8518	1	0	0.8518
27	4	0.358	1	0	0.358
27	4	0.9343	0	0	0.9343
27	4	5.679	1	1	5.679
27	4	0.3125	0	0	0.3125
27	4	0.7586	0	0	0.7586
27	4	5.25	0	0	5.25
27	4	1.798	0	0	1.798
27	4	0.2118	1	0	0.2118
27	4	5.534	0	0	5.534
27	4	1.493	1	1	1.493
27	4	1.239	0	0	1.239
27	4	1.845	1	0	1.845
27	4	1.271	1	1	1.271
27	4	5.498	1	1	5.498
27	4	0.4441	1	1	0.4441
27	4	0.826	0	0	0.826
27	4	0.05012	0	0	0.05012
27	4	0.5704	0	0	0.5704
27	4	5.507	0	0	5.507
27	4	0.1661	0	0	0.1661
27	4	1.101	0	0	1.101
27	4	5.47	0	0	5.47
27	4	0.2686	1	0	0.2686
27	4	0.02028	0	0	0.02028
27	4	0.3181	0	0	0.3181
27	4	0.382	1	0	0.382
27	4	1.499	0	0	1.499
27	4	2.112	1	0	2.112
27	4	0.2748	1	0	0.2748
27	4	5.716	1	0	5.716
27	4	5.173	0	0	5.173
27	4	1.958	1	0	1.958
27	4	1.898	1	0	1.898
27	4	0.2542	1	1	0.2542
27	4	1.983	0	0	1.983
27	4	0.1836	0	0	0.1836
27	4	0.5127	0	0	0.5127
27	4	5.596	1	0	5.596
27	4	0.9086	0	0	0.9086
27	4	0.5021	0	1	0.5021
27	4	1.211	1	1	1.211
27	4	0.2898	1	0	0.2898
27	4	0.9741	0	1	0.9741
28	4	2.126	0	0	2.126
28	4	5.472	0	0	5.472
28	4	1.923	1	1	1.923
28	4	0.6791	0	0	0.6791
28	4	5.363	1	1	5.363
28	4	5.036	0	0	5.036
28	4	0.4822	0	0	0.4822
28	4	1.68	1	1	1.68
28	4	0.6299	1	1	0.6299
28	4	0.8315	1	1	0.8315
28	4	5.736	0	0	5.736
28	4	1.723	0	0	1.723
28	4	0.2152	1	0	0.2152
28	4	0.8737	1	0	0.8737
28	4	0.1108	1	1	0.1108
28	4	0.3962	0	0	0.3962
28	4	5.755	1	1	5.755
28	4	1.949	0	0	1.949
28	4	0.1877	1	1	0.1877
28	4	1.908	0	0	1.908
28	4	5.349	1	1	5.349
28	4	1.055	1	0	1.055
28	4	0.5337	1	1	0.5337
28	4	0.3474	1	0	0.3474
28	4	2.133	1	1	2.133
28	4	5.841	1	1	5.841
28	4	1.178	1	1	1.178
28	4	0.1119	0	1	0.1119
28	4	0.09112	0	0	0.09112
28	4	0.7501	1	0	0.7501
28	4	1.081	0	0	1.081
28	4	0.2297	1	0	0.2297
28	4	1.895	0	0	1.895
28	4	5.419	0	0	5.419
28	4	5.117	1	1	5.117
28	4	1.11	1	1	1.11
28	4	1.005	1	1	1.005
28	4	0.3031	1	1	0.3031
28	4	1.076	0	0	1.076
28	4	0.9175	1	0	0.9175
28	4	1.722	0	1	1.722
28	4	0.1128	0	1	0.1128
28	4	0.8141	1	1	0.8141
28	4	1.642	0	1	1.642
28	4	5.909	1	1	5.909
28	4	0.7445	0	0	0.7445
28	4	0.05092	1	0	0.05092
28	4	0.8442	0	0	0.8442
28	4	0.9039	0	0	0.9039
28	4	0.3138	0	0	0.3138
29	4	0.05946	0	1	0.05946
29	4	0.4594	1	0	0.4594
29	4	0.01359	0	0	0.01359
29	4	0.1013	1	0	0.1013
29	4	0.0865	0	0	0.0865
29	4	0.6809	0	0	0.6809
29	4	1.277	0	0	1.277
29	4	5.326	0	0	5.326
29	4	1.708	0	0	1.708
29	4	0.9844	0	0	0.9844
29	4	1.653	0	0	1.653
29	4	0.8599	0	1	0.8599
29	4	0.04381	1	0	0.04381
29	4	5.253	0	0	5.253
29	4	5.039	1	1	5.039
29	4	1.775	0	0	1.775
29	4	0.5106	1	1	0.5106
29	4	0.4139	1	0	0.4139
29	4	5.531	1	1	5.531
29	4	1.737	1	1	1.737
29	4	5.598	1	1	5.598
29	4	0.8469	0	1	0.8469
29	4	1.086	1	0	1.086
29	4	0.2306	1	0	0.2306
29	4	1.996	1	1	1.996
29	4	0.6314	0	1	0.6314
29	4	2.343	0	0	2.343
29	4	0.5886	0	0	0.5886
29	4	5.245	1	1	5.245
29	4	0.1499	0	0	0.1499
29	4	1.616	0	0	1.616
29	4	0.5125	0	1	0.5125
29	4	0.1104	1	0	0.1104
29	4	0.4159	0	0	0.4159
29	4	0.7709	1	0	0.7709
29	4	2.127	0	0	2.127
29	4	0.794	0	0	0.794
29	4	5.697	1	1	5.697
29	4	1.898	1	1	1.898
29	4	0.9093	1	0	0.9093
29	4	1.855	1	0	1.855
29	4	5.116	1	1	5.116
29	4	0.2077	0	0	0.2077
29	4	1.328	0	0	1.328
29	4	0.312	1	0	0.312
29	4	5.413	0	0	5.413
29	4	5.674	1	1	5.674
29	4	0.9571	0	0	0.9571
29	4	0.1354	0	0	0.1354
30	5	0.8528	0	1	0.8528
30	5	5.548	0	0	5.548
30	5	1.567	0	0	1.567
30	5	5.34	1	1	5.34
30	5	0.09436	0	0	0.09436
30	5	4.895	0	0	4.895
30	5	0.2779	1	1	0.2779
30	5	0.1635	1	0	0.1635
30	5	1.079	0	1	1.079
30	5	0.3555	0	0	0.3555
30	5	0.7125	0	1	0.7125
30	5	0.3044	1	1	0.3044
30	5	1.034	0	0	1.034
30	5	0.3556	0	1	0.3556
30	5	1.65	0	0	1.65
30	5	2.004	1	1	2.004
30	5	0.9067	1	1	0.9067
30	5	0.8912	1	1	0.8912
30	5	0.7502	1	1	0.7502
30	5	0.4339	1	0	0.4339
30	5	0.5038	0	1	0.5038
30	5	1.73	1	1	1.73
30	5	1.894	0	0	1.894
30	5	0.2856	1	0	0.2856
30	5	5.396	1	1	5.396
30	5	0.6135	1	0	0.6135
30	5	0.04452	1	0	0.04452
30	5	1.689	1	0	1.689
30	5	5.514	1	1	5.514
30	5	0.7232	1	0	0.7232
30	5	5.656	1	1	5.656
30	5	1.062	0	0	1.062
30	5	0.1738	0	1	0.1738
30	5	0.1419	1	0	0.1419
30	5	1.919	0	0	1.919
30	5	1.313	0	0	1.313
30	5	0.9159	0	0	0.9159
30	5	5.552	0	0	5.552
30	5	0.0791	0	0	0.0791
30	5	1.991	1	1	1.991
30	5	0.4255	0	0	0.4255
30	5	0.96	1	0	0.96
30	5	0.5308	1	0	0.5308
30	5	0.2254	0	1	0.2254
30	5	5.683	1	1	5.683
30	5	0.1243	0	1	0.1243
30	5	0.2197	1	1	0.2197
30	5	5.609	0	0	5.609
30	5	5.486	0	0	5.486
31	5	0.661	0	1	0.661
31	5	1.831	0	0	1.831
31	5	0.7707	0	0	0.7707
31	5	0.8619	1	0	0.8619
31	5	5.704	1	1	5.704
31	5	0.425	1	0	0.425
31	5	5.421	1	1	5.421
31	5	0.7083	1	0	0.7083
31	5	5.109	1	1	5.109
31	5	2.123	1	0	2.123
31	5	0.9222	0	0	0.9222
31	5	2.054	1	1	2.054
31	5	0.7349	0	0	0.7349
31	5	1.17	1	0	1.17
31	5	0.1663	0	0	0.1663
31	5	1.851	1	0	1.851
31	5	0.4416	0	1	0.4416
31	5	5.427	0	0	5.427
31	5	1.936	1	1	1.936
31	5	0.6774	1	0	0.6774
31	5	1.023	0	0	1.023
31	5	1.253	0	0	1.253
31	5	5.133	0	0	5.133
31	5	0.5961	1	0	0.5961
31	5	0.86	1	0	0.86
31	5	1.653	0	0	1.653
31	5	0.4571	1	0	0.4571
31	5	1.999	1	0	1.999
31	5	2.209	1	1	2.209
31	5	0.3812	0	0	0.3812
31	5	0.3478	0	0	0.3478
31	5	5.266	1	1	5.266
31	5	0.1478	1	0	0.1478
31	5	0.4006	1	1	0.4006
31	5	0.82	1	1	0.82
31	5	0.7793	0	0	0.7793
31	5	1.561	0	0	1.561
31	5	0.3929	0	0	0.3929
31	5	1.728	1	0	1.728
31	5	0.2402	0	0	0.2402
31	5	0.1528	1	0	0.1528
31	5	0.04036	0	0	0.04036
31	5	5.604	0	0	5.604
31	5	5.39	0	0	5.39
31	5	5.569	1	1	5.569
31	5	0.5643	0	0	0.5643
31	5	0.4224	0	0	0.4224
31	5	5.217	0	0	5.217
31	5	1.101	1	0	1.101
31	5	0.3047	1	1	0.3047
32	5	0.898	0	0	0.898
32	5	0.3855	0	0	0.3855
32	5	1.61	0	0	1.61
32	5	0.543	1	0	0.543
32	5	0.3338	0	0	0.3338
32	5	0.5899	1	0	0.5899
32	5	5.613	0	0	5.613
32	5	1.759	1	1	1.759
32	5	1.022	1	0	1.022
32	5	0.7381	0	0	0.7381
32	5	0.3568	0	0	0.3568
32	5	1.071	1	0	1.071
32	5	5.437	1	1	5.437
32	5	0.1447	0	1	0.1447
32	5	0.3999	0	0	0.3999
32	5	1.746	1	0	1.746
32	5	5.14	1	1	5.14
32	5	0.8889	0	0	0.8889
32	5	0.08234	1	0	0.08234
32	5	0.615	0	0	0.615
32	5	1.782	0	0	1.782
32	5	0.178	1	0	0.178
32	5	0.3176	0	1	0.3176
32	5	0.09898	0	0	0.09898
32	5	0.4612	1	0	0.4612
32	5	0.8088	0	0	0.8088
32	5	0.8814	1	0	0.8814
32	5	5.332	1	1	5.332
32	5	1.877	1	1	1.877
32	5	5.368	0	0	5.368
32	5	0.4368	1	0	0.4368
32	5	5.434	1	1	5.434
32	5	1.902	1	0	1.902
32	5	0.6266	0	0	0.6266
32	5	0.8961	0	0	0.8961
32	5	1.957	0	0	1.957
32	5	0.03216	0	0	0.03216
32	5	0.0587	1	0	0.0587
32	5	0.5238	0	0	0.5238
32	5	1.659	1	0	1.659
32	5	5.727	1	1	5.727
32	5	0.676	0	0	0.676
32	5	1.994	1	0	1.994
32	5	0.1677	0	0	0.1677
32	5	2.135	1	1	2.135
32	5	0.3737	1	0	0.3737
32	5	5.052	1	1	5.052
32	5	5.484	1	1	5.484
32	5	0.4963	1	1	0.4963
33	5	1.716	0	0	1.716
33	5	0.1164	0	0	0.1164
33	5	0.9644	0	0	0.9644
33	5	5.392	1	1	5.392
33	5	0.3717	0	0	0.3717
33	5	4.88	1	1	4.88
33	5	5.622	1	1	5.622
33	5	5.35	1	1	5.35
33	5	1.764	1	1	1.764
33	5	0.8583	0	0	0.8583
33	5	0.5963	0	0	0.5963
33	5	1.702	0	0	1.702
33	5	5.483	1	1	5.483
33	5	0.2627	0	0	0.2627
33	5	5.735	0	0	5.735
33	5	0.4124	1	0	0.4124
33	5	1.117	0	0	1.117
33	5	0.2153	0	0	0.2153
33	5	1.305	1	0	1.305
33	5	1.48	0	0	1.48
33	5	2.201	1	1	2.201
33	5	0.4323	0	0	0.4323
33	5	0.4695	0	1	0.4695
33	5	0.4206	1	0	0.4206
33	5	0.2071	1	0	0.2071
33	5	5.339	0	0	5.339
33	5	0.7936	0	0	0.7936
33	5	1.056	0	0	1.056
33	5	5.233	0	0	5.233
33	5	0.5837	0	1	0.5837
33	5	0.3081	1	0	0.3081
33	5	0.2026	0	1	0.2026
33	5	2.095	1	0	2.095
33	5	0.3917	1	1	0.3917
33	5	1.06	0	0	1.06
33	5	0.1989	1	0	0.1989
33	5	1.874	1	0	1.874
33	5	5.521	1	1	5.521
33	5	2.087	1	0	2.087
33	5	1.206	0	0	1.206
33	5	0.6932	1	1	0.6932
33	5	0.7484	1	0	0.7484
33	5	5.29	1	0	5.29
33	5	0.18	0	0	0.18
33	5	0.6348	0	0	0.6348
33	5	1.723	1	1	1.723
33	5	0.6838	1	0	0.6838
33	5	0.8668	0	0	0.8668
33	5	0.9134	1	1	0.9134
33	5	0.3311	0	0	0.3311
34	5	5.343	1	1	5.343
34	5	1.492	0	0	1.492
34	5	1.132	0	0	1.132
34	5	0.2572	0	0	0.2572
34	5	1.941	1	0	1.941
34	5	1.637	0	0	1.637
34	5	0.1822	0	0	0.1822
34	5	0.7311	0	0	0.7311
34	5	2.169	0	0	2.169
34	5	0.04249	0	1	0.04249
34	5	0.6802	1	0	0.6802
34	5	0.4461	1	0	0.4461
34	5	1.806	0	0	1.806
34	5	1.519	1	0	1.519
34	5	5.47	0	0	5.47
34	5	0.5013	1	0	0.5013
34	5	5.175	1	1	5.175
34	5	0.1227	1	0	0.1227
34	5	0.4056	0	0	0.4056
34	5	0.8281	0	0	0.8281
34	5	1.752	0	0	1.752
34	5	1.822	0	0	1.822
34	5	2.022	1	1	2.022
34	5	0.3367	1	0	0.3367
34	5	1.851	1	1	1.851
34	5	0.9545	1	1	0.9545
34	5	1.009	0	0	1.009
34	5	0.9956	1	0	0.9956
34	5	0.8047	1	0	0.8047
34	5	1.454	1	0	1.454
34	5	5.478	0	0	5.478
34	5	0.5907	0	0	0.5907
34	5	5.093	1	1	5.093
34	5	0.7968	0	0	0.7968
34	5	0.2786	1	0	0.2786
34	5	5.525	0	0	5.525
34	5	0.1712	0	0	0.1712
34	5	5.463	1	1	5.463
34	5	5.565	0	0	5.565
34	5	0.5158	0	0	0.5158
34	5	0.3714	1	0	0.3714
34	5	0.2278	0	0	0.2278
34	5	0.2001	0	0	0.2001
34	5	0.003465	0	0	0.003465
34	5	0.9583	1	1	0.9583
34	5	5.491	1	1	5.491
34	5	0.4481	1	0	0.4481
34	5	0.1442	1	0	0.1442
34	5	5.43	0	0	5.43
34	5	0.3593	1	0	0.3593
35	5	5.644	0	0	5.644
35	5	0.939	1	1	0.939
35	5	0.8894	0	0	0.8894
35	5	0.8428	1	0	0.8428
35	5	0.241	0	0	0.241
35	5	0.2191	0	0	0.2191
35	5	1.854	0	0	1.854
35	5	0.6447	1	0	0.6447
35	5	0.7183	1	0	0.7183
35	5	0.6237	1	1	0.6237
35	5	0.4649	1	0	0.4649
35	5	5.696	1	1	5.696
35	5	0.3749	1	1	0.3749
35	5	0.7133	0	0	0.7133
35	5	0.191	0	0	0.191
35	5	1.628	0	0	1.628
35	5	5.214	1	1	5.214
35	5	1.001	0	0	1.001
35	5	0.3264	1	0	0.3264
35	5	5.184	0	0	5.184
35	5	5.6	0	0	5.6
35	5	0.4031	1	0	0.4031
35	5	0.2257	0	0	0.2257
35	5	0.08881	0	0	0.08881
35	5	1.726	1	0	1.726
35	5	0.5341	0	0	0.5341
35	5	0.6791	0	0	0.6791
35	5	1.57	1	0	1.57
35	5	1.797	0	0	1.797
35	5	5.132	0	0	5.132
35	5	1.482	1	0	1.482
35	5	2.191	0	0	2.191
35	5	0.9483	1	0	0.9483
35	5	1.976	0	0	1.976
35	5	0.5102	1	0	0.5102
35	5	0.4532	1	0	0.4532
35	5	0.2256	0	0	0.2256
35	5	1.948	1	0	1.948
35	5	5.699	1	1	5.699
35	5	5.738	0	0	5.738
35	5	0.6263	0	0	0.6263
35	5	5.154	1	1	5.154
35	5	0.5371	1	0	0.5371
35	5	1.18	1	1	1.18
35	5	0.4451	0	1	0.4451
35	5	0.3185	1	0	0.3185
35	5	0.302	1	0	0.302
35	5	5.625	0	0	5.625
35	5	0.7571	0	0	0.7571
35	5	1.951	1	0	1.951
36	5	1.927	1	1	1.927
36	5	0.733	0	0	0.733
36	5	0.7074	0	0	0.7074
36	5	5.305	0	0	5.305
36	5	0.4425	0	0	0.4425
36	5	0.686	0	0	0.686
36	5	0.6014	0	0	0.6014
36	5	0.03607	0	0	0.03607
36	5	1.64	0	0	1.64
36	5	1.846	1	0	1.846
36	5	5.569	0	0	5.569
36	5	0.1114	1	1	0.1114
36	5	4.865	1	1	4.865
36	5	0.5096	1	0	0.5096
36	5	1.876	1	0	1.876
36	5	1.342	1	0	1.342
36	5	5.601	1	1	5.601
36	5	2.015	1	1	2.015
36	5	5.305	0	0	5.305
36	5	1.725	1	1	1.725
36	5	0.55	1	1	0.55
36	5	0.4509	1	0	0.4509
36	5	1.036	1	0	1.036
36	5	0.4291	0	0	0.4291
36	5	4.973	1	1	4.973
36	5	0.1799	1	0	0.1799
36	5	0.1242	1	0	0.1242
36	5	0.8985	1	0	0.8985
36	5	5.431	0	0	5.431
36	5	0.7572	0	0	0.7572
36	5	0.9203	1	0	0.9203
36	5	0.9586	0	0	0.9586
36	5	0.07378	0	0	0.07378
36	5	0.3762	0	0	0.3762
36	5	5.549	0	0	5.549
36	5	0.3451	1	0	0.3451
36	5	5.345	1	1	5.345
36	5	1.062	1	1	1.062
36	5	0.1275	0	0	0.1275
36	5	0.9388	1	1	0.9388
36	5	0.6857	0	0	0.6857
36	5	1.533	1	0	1.533
36	5	0.04138	1	0	0.04138
36	5	0.5146	1	0	0.5146
36	5	1.956	1	1	1.956
36	5	1.985	1	1	1.985
36	5	0.1187	1	0	0.1187
36	5	0.2904	0	0	0.2904
36	5	5.328	0	0	5.328
36	5	0.4639	0	0	0.4639
37	5	5.203	1	1	5.203
37	5	1.757	0	0	1.757
37	5	0.8616	1	0	0.8616
37	5	0.7835	1	0	0.7835
37	5	1.826	1	1	1.826
37	5	0.3325	1	0	0.3325
37	5	0.2871	1	0	0.2871
37	5	0.642	0	0	0.642
37	5	5.356	1	1	5.356
37	5	0.4281	0	0	0.4281
37	5	0.3405	0	0	0.3405
37	5	5.644	0	0	5.644
37	5	1.937	0	0	1.937
37	5	0.06649	1	1	0.06649
37	5	5.159	0	0	5.159
37	5	1.88	1	1	1.88
37	5	0.7543	0	0	0.7543
37	5	1.917	1	1	1.917
37	5	1.236	1	0	1.236
37	5	5.52	1	1	5.52
37	5	0.3579	1	0	0.3579
37	5	0.6922	0	0	0.6922
37	5	0.03823	1	0	0.03823
37	5	0.2909	0	0	0.2909
37	5	5.566	0	0	5.566
37	5	0.5575	0	0	0.5575
37	5	0.3888	0	0	0.3888
37	5	5.399	0	0	5.399
37	5	0.4457	1	1	0.4457
37	5	0.09609	1	0	0.09609
37	5	0.2388	0	0	0.2388
37	5	0.4269	1	0	0.4269
37	5	1.469	0	0	1.469
37	5	1.855	1	1	1.855
37	5	0.137	1	0	0.137
37	5	5.495	1	0	5.495
37	5	5.016	0	0	5.016
37	5	2.05	1	0	2.05
37	5	1.649	1	0	1.649
37	5	0.1595	1	0	0.1595
37	5	0.06865	1	0	0.06865
37	5	1.789	0	0	1.789
37	5	0.5203	0	0	0.5203
37	5	0.6086	0	0	0.6086
37	5	5.44	1	1	5.44
37	5	0.9577	0	0	0.9577
37	5	0.4084	0	0	0.4084
37	5	1.122	1	0	1.122
37	5	0.8967	1	0	0.8967
37	5	0.9637	0	0	0.9637
38	5	1.67	0	0	1.67
38	5	5.54	0	0	5.54
38	5	1.899	1	0	1.899
38	5	0.5592	0	0	0.5592
38	5	5.495	1	1	5.495
38	5	5.288	0	0	5.288
38	5	0.7507	0	0	0.7507
38	5	1.58	1	0	1.58
38	5	0.5502	1	0	0.5502
38	5	0.7002	1	0	0.7002
38	5	5.602	0	0	5.602
38	5	1.901	0	0	1.901
38	5	0.2922	1	0	0.2922
38	5	0.6821	1	1	0.6821
38	5	0.2717	0	0	0.2717
38	5	0.215	0	0	0.215
38	5	5.92	1	1	5.92
38	5	1.651	0	0	1.651
38	5	0.05893	1	0	0.05893
38	5	1.823	0	0	1.823
38	5	5.346	1	1	5.346
38	5	1.055	1	1	1.055
38	5	0.5349	1	1	0.5349
38	5	0.3471	1	0	0.3471
38	5	2.135	1	1	2.135
38	5	5.841	1	1	5.841
38	5	1.18	1	0	1.18
38	5	0.1112	0	0	0.1112
38	5	0.09097	0	0	0.09097
38	5	0.7502	1	0	0.7502
38	5	1.082	0	0	1.082
38	5	0.2308	1	0	0.2308
38	5	1.895	0	0	1.895
38	5	5.416	0	0	5.416
38	5	5.117	1	1	5.117
38	5	1.112	1	0	1.112
38	5	1.006	1	0	1.006
38	5	0.3069	1	1	0.3069
38	5	1.077	0	0	1.077
38	5	0.9172	1	1	0.9172
38	5	1.722	0	0	1.722
38	5	0.1157	0	0	0.1157
38	5	0.8133	1	0	0.8133
38	5	1.642	0	0	1.642
38	5	5.907	1	1	5.907
38	5	0.7508	0	0	0.7508
38	5	0.05186	1	0	0.05186
38	5	0.8442	0	0	0.8442
38	5	0.9045	0	0	0.9045
38	5	0.3154	0	0	0.3154
39	5	0.06079	0	1	0.06079
39	5	0.4608	1	1	0.4608
39	5	0.01382	0	0	0.01382
39	5	0.1014	1	0	0.1014
39	5	0.08658	0	0	0.08658
39	5	0.6816	0	0	0.6816
39	5	0.6861	1	1	0.6861
39	5	1.274	0	0	1.274
39	5	5.326	0	0	5.326
39	5	1.709	0	0	1.709
39	5	0.9849	0	0	0.9849
39	5	1.655	0	0	1.655
39	5	0.8598	0	0	0.8598
39	5	0.04263	1	0	0.04263
39	5	5.253	0	0	5.253
39	5	5.041	1	1	5.041
39	5	1.774	0	0	1.774
39	5	0.5089	1	0	0.5089
39	5	0.4156	1	0	0.4156
39	5	5.529	1	1	5.529
39	5	1.735	1	1	1.735
39	5	5.595	1	1	5.595
39	5	0.8483	0	0	0.8483
39	5	1.086	1	1	1.086
39	5	0.2321	1	1	0.2321
39	5	1.997	1	1	1.997
39	5	0.6314	0	0	0.6314
39	5	2.342	0	0	2.342
39	5	0.5894	0	1	0.5894
39	5	5.245	1	1	5.245
39	5	0.1487	0	0	0.1487
39	5	1.614	0	0	1.614
39	5	0.5139	0	0	0.5139
39	5	0.1117	1	0	0.1117
39	5	0.4139	0	0	0.4139
39	5	0.7719	1	0	0.7719
39	5	2.125	0	0	2.125
39	5	0.7928	0	0	0.7928
39	5	5.698	1	1	5.698
39	5	1.901	1	1	1.901
39	5	0.9095	1	0	0.9095
39	5	1.853	1	1	1.853
39	5	5.114	1	1	5.114
39	5	0.2083	0	0	0.2083
39	5	1.328	0	1	1.328
39	5	0.3115	1	0	0.3115
39	5	5.414	0	0	5.414
39	5	5.674	1	1	5.674
39	5	0.9566	0	0	0.9566
39	5	0.1341	0	0	0.1341
40	6	0.8545	0	0	0.8545
40	6	5.549	0	0	5.549
40	6	1.568	0	0	1.568
40	6	5.341	1	1	5.341
40	6	0.09349	0	0	0.09349
40	6	4.896	0	0	4.896
40	6	0.2774	1	0	0.2774
40	6	0.1601	1	0	0.1601
40	6	1.079	0	0	1.079
40	6	0.3547	0	1	0.3547
40	6	0.7104	0	0	0.7104
40	6	0.3037	1	1	0.3037
40	6	1.849	0	0	1.849
40	6	1.034	0	0	1.034
40	6	0.3558	0	1	0.3558
40	6	1.651	0	0	1.651
40	6	2.007	1	0	2.007
40	6	0.9046	1	0	0.9046
40	6	0.8905	1	1	0.8905
40	6	0.7494	1	0	0.7494
40	6	0.4361	1	1	0.4361
40	6	0.5057	0	0	0.5057
40	6	1.728	1	1	1.728
40	6	1.896	0	0	1.896
40	6	0.2851	1	0	0.2851
40	6	5.394	1	1	5.394
40	6	0.6098	1	0	0.6098
40	6	0.04529	1	0	0.04529
40	6	1.69	1	1	1.69
40	6	5.514	1	1	5.514
40	6	0.7218	1	0	0.7218
40	6	5.655	1	1	5.655
40	6	1.061	0	0	1.061
40	6	0.1753	0	0	0.1753
40	6	0.1473	1	0	0.1473
40	6	1.919	0	0	1.919
40	6	1.312	0	0	1.312
40	6	0.9161	0	0	0.9161
40	6	5.551	0	0	5.551
40	6	0.07865	0	1	0.07865
40	6	1.992	1	1	1.992
40	6	0.428	0	0	0.428
40	6	0.962	1	1	0.962
40	6	0.5318	1	0	0.5318
40	6	0.2248	0	0	0.2248
40	6	5.684	1	1	5.684
40	6	0.1249	0	0	0.1249
40	6	0.2186	1	0	0.2186
40	6	5.609	0	0	5.609
40	6	5.486	0	0	5.486
41	6	0.6618	0	1	0.6618
41	6	1.83	0	0	1.83
41	6	0.7718	0	0	0.7718
41	6	0.8616	1	0	0.8616
41	6	5.706	1	1	5.706
41	6	0.423	1	0	0.423
41	6	5.418	1	1	5.418
41	6	0.708	1	1	0.708
41	6	5.108	1	1	5.108
41	6	2.121	1	1	2.121
41	6	0.9219	0	0	0.9219
41	6	2.055	1	1	2.055
41	6	0.7349	0	1	0.7349
41	6	1.168	1	1	1.168
41	6	0.165	0	1	0.165
41	6	1.848	1	1	1.848
41	6	0.4397	0	0	0.4397
41	6	5.432	0	0	5.432
41	6	1.937	1	1	1.937
41	6	0.6782	1	0	0.6782
41	6	1.026	0	0	1.026
41	6	1.252	0	0	1.252
41	6	5.134	0	0	5.134
41	6	0.5956	1	0	0.5956
41	6	0.8619	1	0	0.8619
41	6	1.654	0	0	1.654
41	6	0.4554	1	0	0.4554
41	6	2	1	0	2
41	6	2.209	1	1	2.209
41	6	0.3815	0	0	0.3815
41	6	0.3467	0	0	0.3467
41	6	5.266	1	1	5.266
41	6	0.1484	1	0	0.1484
41	6	0.4024	1	1	0.4024
41	6	0.8227	1	0	0.8227
41	6	0.78	0	1	0.78
41	6	1.564	0	0	1.564
41	6	0.394	0	1	0.394
41	6	1.728	1	0	1.728
41	6	0.2379	0	0	0.2379
41	6	0.1521	1	0	0.1521
41	6	0.04224	0	0	0.04224
41	6	5.605	0	0	5.605
41	6	5.39	0	0	5.39
41	6	5.57	1	1	5.57
41	6	0.5641	0	0	0.5641
41	6	0.4225	0	0	0.4225
41	6	5.22	0	0	5.22
41	6	1.101	1	0	1.101
41	6	0.3045	1	1	0.3045
42	6	0.8978	0	0	0.8978
42	6	0.3851	0	1	0.3851
42	6	1.609	0	0	1.609
42	6	0.5467	1	0	0.5467
42	6	0.3321	0	0	0.3321
42	6	0.5914	1	0	0.5914
42	6	5.612	0	0	5.612
42	6	1.76	1	1	1.76
42	6	1.021	1	1	1.021
42	6	0.7388	0	0	0.7388
42	6	0.3577	0	1	0.3577
42	6	1.068	1	1	1.068
42	6	5.146	1	1	5.146
42	6	0.28	0	0	0.28
42	6	0.4437	0	0	0.4437
42	6	1.79	1	1	1.79
42	6	5.481	1	1	5.481
42	6	1.275	0	0	1.275
42	6	0.1167	1	0	0.1167
42	6	0.2533	0	1	0.2533
42	6	1.845	0	0	1.845
42	6	0.1734	0	0	0.1734
42	6	0.07485	0	1	0.07485
42	6	0.1389	0	0	0.1389
42	6	0.4745	1	1	0.4745
42	6	0.8184	0	0	0.8184
42	6	0.8471	1	1	0.8471
42	6	5.478	1	1	5.478
42	6	1.625	1	1	1.625
42	6	5.149	0	0	5.149
42	6	0.434	1	1	0.434
42	6	5.511	1	1	5.511
42	6	2.074	1	1	2.074
42	6	0.8878	0	0	0.8878
42	6	0.7311	0	0	0.7311
42	6	1.84	0	1	1.84
42	6	0.0008783	0	0	0.0008783
42	6	5.728	0	0	5.728
42	6	0.4549	0	0	0.4549
42	6	0.3881	0	0	0.3881
42	6	1.996	1	1	1.996
42	6	5.385	1	1	5.385
42	6	0.6796	0	0	0.6796
42	6	1.507	1	1	1.507
42	6	0.2338	0	1	0.2338
42	6	1.904	1	1	1.904
42	6	0.1078	0	1	0.1078
42	6	5.618	1	1	5.618
42	6	5.577	1	1	5.577
42	6	0.8935	1	0	0.8935
43	6	1.649	0	0	1.649
43	6	0.1747	0	1	0.1747
43	6	0.4614	0	0	0.4614
43	6	5.149	1	1	5.149
43	6	0.236	0	0	0.236
43	6	5.504	1	1	5.504
43	6	6.07	1	1	6.07
43	6	5.314	1	1	5.314
43	6	1.89	1	1	1.89
43	6	0.777	0	0	0.777
43	6	0.625	0	1	0.625
43	6	1.696	0	0	1.696
43	6	5.643	1	1	5.643
43	6	0.3758	0	0	0.3758
43	6	5.325	0	0	5.325
43	6	0.5269	1	0	0.5269
43	6	1.034	0	0	1.034
43	6	0.2378	0	0	0.2378
43	6	1.449	1	1	1.449
43	6	2.023	0	0	2.023
43	6	1.661	1	1	1.661
43	6	0.3046	0	0	0.3046
43	6	0.3449	0	0	0.3449
43	6	0.6108	1	0	0.6108
43	6	0.129	0	0	0.129
43	6	5.744	0	0	5.744
43	6	0.8458	0	0	0.8458
43	6	0.5327	0	0	0.5327
43	6	5.362	0	0	5.362
43	6	0.5142	0	0	0.5142
43	6	0.1442	1	0	0.1442
43	6	0.5647	1	0	0.5647
43	6	1.911	1	0	1.911
43	6	0.1583	0	1	0.1583
43	6	0.8284	0	0	0.8284
43	6	0.2505	1	0	0.2505
43	6	1.972	1	0	1.972
43	6	5.615	1	1	5.615
43	6	1.847	1	1	1.847
43	6	1.306	0	0	1.306
43	6	0.7183	1	0	0.7183
43	6	0.6427	1	0	0.6427
43	6	5.674	1	1	5.674
43	6	0.6085	0	0	0.6085
43	6	0.1856	0	0	0.1856
43	6	2.055	1	0	2.055
43	6	0.2166	1	0	0.2166
43	6	0.98	0	0	0.98
43	6	0.8689	1	0	0.8689
43	6	0.2777	0	0	0.2777
44	6	5.428	1	1	5.428
44	6	1.838	0	0	1.838
44	6	0.7782	0	0	0.7782
44	6	0.441	0	0	0.441
44	6	1.758	1	0	1.758
44	6	1.82	0	0	1.82
44	6	0.3488	0	0	0.3488
44	6	0.5488	0	0	0.5488
44	6	1.741	0	0	1.741
44	6	0.3168	1	0	0.3168
44	6	0.2106	1	0	0.2106
44	6	0.2976	1	0	0.2976
44	6	2.079	0	0	2.079
44	6	0.9063	1	0	0.9063
44	6	5.216	0	0	5.216
44	6	0.8478	1	0	0.8478
44	6	5.297	1	1	5.297
44	6	0.07174	0	0	0.07174
44	6	0.2351	0	0	0.2351
44	6	0.6082	0	0	0.6082
44	6	1.618	0	0	1.618
44	6	2.364	0	0	2.364
44	6	1.34	1	1	1.34
44	6	0.2009	1	0	0.2009
44	6	2.021	1	1	2.021
44	6	0.7737	1	0	0.7737
44	6	0.7972	0	0	0.7972
44	6	0.9775	1	0	0.9775
44	6	0.8827	1	0	0.8827
44	6	1.915	1	0	1.915
44	6	5.142	0	0	5.142
44	6	0.01705	0	0	0.01705
44	6	5.686	1	1	5.686
44	6	0.5933	0	0	0.5933
44	6	0.3491	1	1	0.3491
44	6	5.434	0	0	5.434
44	6	0.6165	0	0	0.6165
44	6	5.383	1	1	5.383
44	6	5.502	0	0	5.502
44	6	0.353	0	0	0.353
44	6	0.3809	1	1	0.3809
44	6	0.02471	1	0	0.02471
44	6	0.3198	0	0	0.3198
44	6	0.7482	0	0	0.7482
44	6	1.083	1	0	1.083
44	6	5.135	1	1	5.135
44	6	0.6123	1	0	0.6123
44	6	0.03617	1	0	0.03617
44	6	5.524	0	0	5.524
44	6	0.09482	1	0	0.09482
45	6	5.588	0	0	5.588
45	6	0.8643	1	1	0.8643
45	6	1.222	0	0	1.222
45	6	0.9032	1	0	0.9032
45	6	0.4197	0	0	0.4197
45	6	0.164	0	0	0.164
45	6	2.008	0	0	2.008
45	6	0.1906	1	1	0.1906
45	6	0.1004	1	0	0.1004
45	6	0.1103	0	0	0.1103
45	6	0.3457	1	1	0.3457
45	6	5.654	1	1	5.654
45	6	0.5958	1	0	0.5958
45	6	1.134	0	0	1.134
45	6	0.3822	0	0	0.3822
45	6	1.744	0	1	1.744
45	6	5.127	1	1	5.127
45	6	0.6247	0	0	0.6247
45	6	0.4357	1	0	0.4357
45	6	5.377	0	0	5.377
45	6	5.101	0	0	5.101
45	6	0.3979	1	1	0.3979
45	6	0.4276	0	1	0.4276
45	6	0.5174	0	0	0.5174
45	6	1.92	1	0	1.92
45	6	0.1994	0	0	0.1994
45	6	0.6375	0	0	0.6375
45	6	1.647	1	0	1.647
45	6	1.359	0	0	1.359
45	6	5.272	0	0	5.272
45	6	1.765	1	1	1.765
45	6	1.661	0	0	1.661
45	6	0.6426	1	0	0.6426
45	6	1.858	0	0	1.858
45	6	0.4505	1	0	0.4505
45	6	0.434	1	0	0.434
45	6	0.1412	0	0	0.1412
45	6	1.562	1	0	1.562
45	6	5.413	1	1	5.413
45	6	5.312	0	0	5.312
45	6	0.5651	0	0	0.5651
45	6	5.416	1	1	5.416
45	6	0.9192	1	0	0.9192
45	6	1.023	1	1	1.023
45	6	0.2533	0	1	0.2533
45	6	0.225	1	0	0.225
45	6	0.3372	1	0	0.3372
45	6	5.554	0	0	5.554
45	6	0.2559	0	0	0.2559
45	6	1.991	1	1	1.991
46	6	1.384	1	1	1.384
46	6	1.22	0	0	1.22
46	6	0.8718	0	0	0.8718
46	6	5.422	0	0	5.422
46	6	0.6074	0	0	0.6074
46	6	0.3911	0	0	0.3911
46	6	0.6079	0	0	0.6079
46	6	0.08388	0	0	0.08388
46	6	1.802	0	0	1.802
46	6	1.438	1	0	1.438
46	6	5.512	0	0	5.512
46	6	0.4615	0	0	0.4615
46	6	5.066	1	1	5.066
46	6	0.4195	1	1	0.4195
46	6	2.137	1	0	2.137
46	6	2.223	1	1	2.223
46	6	5.679	1	1	5.679
46	6	1.418	1	0	1.418
46	6	5.567	0	0	5.567
46	6	1.639	1	1	1.639
46	6	0.539	1	0	0.539
46	6	0.3623	1	0	0.3623
46	6	1.123	1	0	1.123
46	6	0.5252	0	0	0.5252
46	6	5.588	1	1	5.588
46	6	0.5799	0	0	0.5799
46	6	0.3419	1	0	0.3419
46	6	0.9441	1	1	0.9441
46	6	5.205	0	0	5.205
46	6	0.8098	0	0	0.8098
46	6	1.112	1	0	1.112
46	6	0.897	0	0	0.897
46	6	0.1403	0	0	0.1403
46	6	0.3545	0	0	0.3545
46	6	5.582	0	0	5.582
46	6	0.5065	1	0	0.5065
46	6	5.341	1	1	5.341
46	6	0.959	1	0	0.959
46	6	0.2804	0	0	0.2804
46	6	0.9429	1	0	0.9429
46	6	0.7046	0	0	0.7046
46	6	1.963	1	1	1.963
46	6	0.265	1	0	0.265
46	6	0.5566	1	1	0.5566
46	6	2.15	1	0	2.15
46	6	2.011	1	1	2.011
46	6	0.7433	0	0	0.7433
46	6	0.1143	0	0	0.1143
46	6	5.336	0	0	5.336
46	6	0.7993	0	1	0.7993
47	6	5.069	1	1	5.069
47	6	1.963	0	0	1.963
47	6	0.5823	1	1	0.5823
47	6	0.8657	1	1	0.8657
47	6	2.073	1	1	2.073
47	6	0.8541	1	1	0.8541
47	6	0.358	1	0	0.358
47	6	0.9343	0	0	0.9343
47	6	5.679	1	1	5.679
47	6	0.3128	0	0	0.3128
47	6	0.7586	0	0	0.7586
47	6	5.25	0	0	5.25
47	6	1.798	0	0	1.798
47	6	0.2118	1	1	0.2118
47	6	5.534	0	0	5.534
47	6	1.492	1	1	1.492
47	6	1.238	0	0	1.238
47	6	1.845	1	0	1.845
47	6	1.271	1	1	1.271
47	6	5.498	1	1	5.498
47	6	0.4438	1	0	0.4438
47	6	0.8259	0	0	0.8259
47	6	0.05012	0	0	0.05012
47	6	0.5704	0	0	0.5704
47	6	5.508	0	0	5.508
47	6	0.1668	0	0	0.1668
47	6	1.101	0	0	1.101
47	6	5.471	0	0	5.471
47	6	0.2689	1	0	0.2689
47	6	0.01982	0	0	0.01982
47	6	0.3179	0	0	0.3179
47	6	0.382	1	0	0.382
47	6	1.498	0	0	1.498
47	6	2.112	1	1	2.112
47	6	0.2752	1	0	0.2752
47	6	5.716	1	0	5.716
47	6	5.173	0	0	5.173
47	6	1.957	1	1	1.957
47	6	1.897	1	1	1.897
47	6	0.2545	1	0	0.2545
47	6	0.1107	0	0	0.1107
47	6	1.983	0	0	1.983
47	6	0.1836	0	0	0.1836
47	6	0.5125	0	0	0.5125
47	6	5.596	1	1	5.596
47	6	0.9086	0	0	0.9086
47	6	0.5028	0	1	0.5028
47	6	1.211	1	0	1.211
47	6	0.2896	1	0	0.2896
47	6	0.9741	0	0	0.9741
48	6	2.127	0	0	2.127
48	6	5.472	0	0	5.472
48	6	1.923	1	1	1.923
48	6	0.6792	0	0	0.6792
48	6	5.364	1	1	5.364
48	6	5.035	0	0	5.035
48	6	0.4827	0	0	0.4827
48	6	1.681	1	1	1.681
48	6	0.6301	1	1	0.6301
48	6	0.8313	1	1	0.8313
48	6	5.736	0	0	5.736
48	6	1.723	0	0	1.723
48	6	0.2148	1	1	0.2148
48	6	0.8732	1	1	0.8732
48	6	0.1108	1	0	0.1108
48	6	0.3962	0	0	0.3962
48	6	5.755	1	1	5.755
48	6	1.949	0	0	1.949
48	6	0.1885	1	0	0.1885
48	6	1.908	0	0	1.908
48	6	5.35	1	1	5.35
48	6	1.056	1	1	1.056
48	6	0.5337	1	1	0.5337
48	6	0.3461	1	0	0.3461
48	6	2.132	1	1	2.132
48	6	5.841	1	1	5.841
48	6	1.178	1	0	1.178
48	6	0.1121	0	0	0.1121
48	6	0.09333	0	0	0.09333
48	6	0.7503	1	1	0.7503
48	6	1.081	0	0	1.081
48	6	0.2296	1	0	0.2296
48	6	1.896	0	0	1.896
48	6	5.419	0	0	5.419
48	6	5.117	1	1	5.117
48	6	1.114	1	1	1.114
48	6	1.006	1	0	1.006
48	6	0.3039	1	0	0.3039
48	6	1.076	0	0	1.076
48	6	0.9175	1	0	0.9175
48	6	1.722	0	0	1.722
48	6	0.113	0	0	0.113
48	6	0.8139	1	1	0.8139
48	6	1.642	0	0	1.642
48	6	5.909	1	1	5.909
48	6	0.7445	0	1	0.7445
48	6	0.05144	1	0	0.05144
48	6	0.8442	0	0	0.8442
48	6	0.9045	0	0	0.9045
48	6	0.3134	0	0	0.3134
49	6	0.05946	0	0	0.05946
49	6	0.4589	1	1	0.4589
49	6	0.01357	0	0	0.01357
49	6	0.1017	1	0	0.1017
49	6	0.08916	0	1	0.08916
49	6	0.6809	0	0	0.6809
49	6	0.685	1	1	0.685
49	6	1.277	0	0	1.277
49	6	5.326	0	0	5.326
49	6	1.708	0	0	1.708
49	6	0.9843	0	0	0.9843
49	6	1.654	0	0	1.654
49	6	0.86	0	0	0.86
49	6	0.04381	1	0	0.04381
49	6	5.252	0	0	5.252
49	6	5.039	1	1	5.039
49	6	1.775	0	0	1.775
49	6	0.51	1	0	0.51
49	6	0.4139	1	0	0.4139
49	6	5.531	1	1	5.531
49	6	1.737	1	0	1.737
49	6	5.598	1	1	5.598
49	6	0.8469	0	0	0.8469
49	6	1.086	1	0	1.086
49	6	0.2306	1	1	0.2306
49	6	1.996	1	1	1.996
49	6	0.6314	0	1	0.6314
49	6	2.342	0	0	2.342
49	6	0.5886	0	0	0.5886
49	6	5.244	1	1	5.244
49	6	0.1499	0	0	0.1499
49	6	1.617	0	0	1.617
49	6	0.5125	0	0	0.5125
49	6	0.1126	1	0	0.1126
49	6	0.4179	0	0	0.4179
49	6	0.7719	1	1	0.7719
49	6	2.127	0	1	2.127
49	6	0.794	0	0	0.794
49	6	5.698	1	1	5.698
49	6	1.899	1	1	1.899
49	6	0.9085	1	1	0.9085
49	6	1.855	1	1	1.855
49	6	5.116	1	1	5.116
49	6	0.2087	0	0	0.2087
49	6	1.328	0	0	1.328
49	6	0.3124	1	0	0.3124
49	6	5.413	0	0	5.413
49	6	5.674	1	1	5.674
49	6	0.958	0	0	0.958
49	6	0.135	0	0	0.135
