0	2	3.71	1	1	-0.5742
0	2	0.852	1	0	-1.003
0	2	1.977	1	0	0.7461
0	2	1.745	1	1	-2.393
0	2	0.6627	1	0	0.4777
0	2	3.568	1	0	0.8168
0	2	2.081	1	0	-0.4785
0	2	5.387	0	0	0.1523
0	2	3.657	0	0	1.187
0	2	1.761	0	0	0.5417
0	2	1.699	0	0	-0.3201
0	2	5.368	1	1	-0.002679
0	2	5.414	1	1	0.0933
0	2	5.417	0	0	0.7102
0	2	0.4001	0	0	-0.05787
0	2	3.54	0	0	0.3566
0	2	3.737	0	0	0.6121
0	2	0.4252	1	0	0.3818
0	2	5.615	1	1	-0.5975
0	2	1.11	1	1	0.9917
0	2	0.9506	1	0	1.515
0	2	0.7339	1	1	-0.2043
0	2	2.043	1	0	0.3605
0	2	5.386	1	1	0.5795
0	2	0.5893	0	0	0.818
0	2	1.069	0	0	0.8445
0	2	5.112	0	0	0.03793
0	2	5.163	0	0	1.417
0	2	0.2689	0	0	-0.07043
0	2	0.3157	0	0	1.122
0	2	0.5751	1	0	0.5005
0	2	1.034	0	1	0.09021
0	2	1.67	1	0	0.7967
0	2	5.479	0	0	0.64
0	2	5.563	1	0	-0.1822
0	2	1.896	0	0	2.158
0	2	0.404	0	0	-0.542
0	2	0.8552	1	0	0.8815
0	2	0.7332	0	0	1.523
0	2	3.718	0	0	-0.5461
0	2	0.6652	1	1	0.5561
0	2	3.808	0	0	0.3363
0	2	0.9006	0	0	0.4675
0	2	0.3826	1	0	1.45
0	2	3.702	0	0	0.8325
0	2	1.918	1	0	0.7698
0	2	3.688	0	0	0.4362
0	2	0.2941	1	0	1.115
1	2	3.553	0	0	-0.599
1	2	1.734	0	0	0.8411
1	2	0.655	0	0	0.242
1	2	5.377	1	1	0.4745
1	2	1.978	1	1	0.7163
1	2	3.583	0	0	0.608
1	2	5.765	1	0	1.626
1	2	1.844	0	0	-0.3711
1	2	3.572	0	0	-0.2717
1	2	0.3711	0	0	-0.3977
1	2	0.6753	1	1	-0.452
1	2	0.7448	0	0	-0.3005
1	2	0.4924	1	0	0.9266
1	2	1.042	1	0	-0.3165
1	2	0.7645	0	0	-0.04676
1	2	0.9888	0	0	-0.1634
1	2	2.088	0	0	1.115
1	2	5.425	0	0	0.6075
1	2	1.934	1	1	0.2252
1	2	1.978	1	0	1.82
1	2	3.468	0	0	1.263
1	2	1.653	0	0	0.2199
1	2	3.511	1	1	0.5211
1	2	0.1918	1	0	0.464
1	2	1.571	0	0	0.08078
1	2	5.242	1	1	0.9549
1	2	5.589	1	1	0.3208
1	2	5.221	0	0	0.3063
1	2	3.767	0	0	0.1829
1	2	3.49	0	0	1.475
1	2	5.525	1	1	0.5717
1	2	1.733	0	0	1.674
1	2	2.007	1	1	0.5437
1	2	5.335	1	1	0.04793
1	2	0.2051	0	0	1.478
1	2	0.8629	1	0	1.301
1	2	1.165	1	0	0.2885
1	2	0.3757	0	0	0.3697
1	2	0.5885	1	0	0.5595
1	2	3.77	1	1	-0.6617
1	2	0.4647	0	0	0.2436
1	2	0.4032	1	1	0.5873
1	2	3.559	0	0	0.5395
1	2	0.7902	0	1	0.6763
1	2	5.476	1	1	-1.072
1	2	5.452	1	1	0.0001358
1	2	0.9662	0	0	0.3914
1	2	0.8308	1	0	-0.5332
1	2	0.2973	1	0	-0.2463
1	2	3.789	1	0	-0.5768
2	2	0.5364	0	1	-0.1736
2	2	5.413	1	1	0.6963
2	2	1.791	1	0	-0.6932
2	2	2.052	0	0	1.485
2	2	0.345	0	0	1.457
2	2	1.891	1	0	0.2123
2	2	1.955	1	0	-0.3168
2	2	5.376	0	0	0.6055
2	2	0.4589	0	0	-0.08783
2	2	3.751	1	0	-0.2641
2	2	3.757	0	0	0.9962
2	2	3.777	1	1	-0.5038
2	2	1.086	1	1	0.3077
2	2	5.246	0	0	0.7073
2	2	0.6665	0	0	0.3742
2	2	5.238	0	0	2.5
2	2	0.7401	0	0	1.338
2	2	0.8224	1	1	-0.4546
2	2	0.232	1	0	1.607
2	2	0.7246	1	0	-0.455
2	2	1.228	1	1	-0.4189
2	2	3.457	0	0	0.547
2	2	3.264	0	0	0.7222
2	2	1.847	1	0	0.8838
2	2	0.3562	0	0	0.8701
2	2	3.726	0	0	0.8037
2	2	3.41	0	0	-0.9675
2	2	5.296	1	1	0.3343
2	2	0.4031	0	1	1.644
2	2	3.723	1	1	0.5371
2	2	5.435	0	0	1.764
2	2	5.436	1	1	0.8061
2	2	1.709	0	0	0.05117
2	2	5.362	1	1	-0.1589
2	2	0.716	1	0	-0.3167
2	2	0.8497	0	1	1.247
2	2	1.006	0	0	1.969
2	2	0.4671	1	1	0.3984
2	2	1.93	0	0	0.8174
2	2	0.9051	0	0	-0.6339
2	2	5.499	1	1	-0.7883
2	2	3.567	1	1	1.099
2	2	1.026	0	0	0.7414
2	2	2.174	1	1	0.6396
2	2	1.733	1	1	1.186
2	2	0.5738	1	0	1.779
2	2	5.41	0	0	1.329
2	2	3.451	0	0	0.4068
2	2	1.151	1	1	1.542
2	2	1.926	1	1	-1.099
3	2	0.4497	0	1	-0.006762
3	2	5.437	1	1	-0.03266
3	2	1.664	0	0	1.221
3	2	3.751	1	1	0.7079
3	2	5.185	1	1	1.292
3	2	0.4929	0	0	1.229
3	2	0.5552	0	1	-0.03307
3	2	0.3478	1	0	0.5354
3	2	3.439	1	1	-0.2234
3	2	5.31	1	1	0.05395
3	2	1.174	1	1	-0.2783
3	2	0.5088	1	0	0.635
3	2	0.345	0	0	1.952
3	2	1.885	0	0	0.4719
3	2	0.4617	1	0	0.5237
3	2	5.239	0	0	0.2499
3	2	3.715	0	0	-1.309
3	2	1.117	0	1	0.2435
3	2	5.226	0	0	-1.044
3	2	0.4868	1	0	0.6074
3	2	0.9592	0	1	1.527
3	2	1.988	1	1	0.8528
3	2	3.769	1	1	0.9826
3	2	2.074	1	0	-1.83
3	2	2.064	1	1	-0.8782
3	2	5.151	1	1	1.734
3	2	1.767	0	0	1.556
3	2	0.328	1	1	1.593
3	2	1.788	0	0	-0.01671
3	2	0.7916	0	0	1.326
3	2	3.445	0	0	0.4702
3	2	0.3964	1	0	0.9484
3	2	0.8924	0	0	-0.6995
3	2	3.719	0	0	0.8144
3	2	3.602	1	0	1.647
3	2	0.994	0	0	0.6186
3	2	5.478	1	1	-0.01956
3	2	3.43	0	0	0.841
3	2	5.276	0	0	-0.7703
3	2	0.9163	0	0	1.202
3	2	1.065	1	1	-0.7911
3	2	1.808	1	1	0.5142
3	2	1.77	1	1	0.8238
3	2	1.089	0	0	0.3276
3	2	1.952	1	0	1.231
3	2	3.331	0	0	0.2104
3	2	5.208	1	1	0.7778
3	2	1.279	0	0	1.396
3	2	3.336	0	0	-0.1344
3	2	5.4	1	0	1.716
4	2	1.025	0	0	-0.9169
4	2	0.3703	1	1	0.9448
4	2	3.553	1	1	1.51
4	2	1.675	0	1	0.5221
4	2	1.054	0	1	-0.4315
4	2	1.667	1	0	1.389
4	2	1.059	1	1	0.1868
4	2	0.5324	1	0	1.293
4	2	1.007	1	0	0.3571
4	2	0.3248	1	0	1.203
4	2	3.543	1	0	-0.5456
4	2	1.792	0	0	0.8871
4	2	0.2008	0	0	1.699
4	2	0.6304	1	1	0.1751
4	2	1.615	0	0	0.7161
4	2	5.504	1	1	1.265
4	2	3.641	0	0	-0.2615
4	2	0.6739	0	1	0.08319
4	2	0.806	1	1	-0.6188
4	2	5.439	0	0	0.9347
4	2	5.323	0	0	1.755
4	2	3.46	0	0	-0.5356
4	2	5.571	0	0	-0.5989
4	2	1.856	1	0	0.8195
4	2	1.128	1	0	-0.1793
4	2	2.107	1	1	0.2026
4	2	0.7901	1	0	0.1302
4	2	1.758	0	0	-0.3395
4	2	3.817	1	1	0.6182
4	2	3.608	1	1	-0.06027
4	2	3.481	0	0	0.2904
4	2	1.842	0	0	0.4474
4	2	1.114	0	0	0.4356
4	2	0.5734	1	0	0.1523
4	2	3.673	0	0	-0.2303
4	2	0.4538	0	0	0.6972
4	2	5.262	0	0	0.7665
4	2	5.203	0	0	0.09586
4	2	3.464	0	0	0.3975
4	2	0.4403	1	1	0.6398
4	2	5.392	0	0	0.6275
4	2	0.3447	0	0	-0.3049
4	2	0.3629	0	0	0.9964
4	2	5.309	1	1	1.118
4	2	1.588	1	1	0.8271
4	2	3.955	1	0	0.9414
5	2	5.304	0	0	2.328
5	2	1.958	1	1	-3.646
5	2	1.866	0	0	0.5879
5	2	2.008	1	0	1.62
5	2	0.8691	0	0	-0.3637
5	2	0.206	0	1	-0.1523
5	2	3.467	0	0	0.6604
5	2	0.4064	1	0	-2.528
5	2	1.111	1	0	-1.095
5	2	0.7052	1	1	0.4752
5	2	0.8301	1	0	0.8792
5	2	5.404	1	1	0.2683
5	2	1.093	1	1	1.093
5	2	1.566	0	1	-0.9003
5	2	0.4139	0	0	-0.05966
5	2	3.492	0	0	0.1587
5	2	5.601	1	1	-0.03393
5	2	1.816	0	0	1.25
5	2	1.088	1	0	-1.26
5	2	5.361	0	0	-1.255
5	2	5.226	0	0	0.00285
5	2	1.366	1	0	-0.2201
5	2	0.2743	0	0	-0.1463
5	2	0.7688	0	0	0.9534
5	2	3.976	1	0	1.817
5	2	0.4421	0	0	-1.575
5	2	1.421	0	0	-0.9093
5	2	4.004	1	0	0.9938
5	2	3.547	0	0	-0.4655
5	2	5.339	0	0	-1.177
5	2	3.471	1	1	-0.8204
5	2	3.506	0	0	0.4398
5	2	1.865	1	0	0.4135
5	2	3.634	0	0	-1.896
5	2	1.089	1	1	0.7517
5	2	0.8433	1	1	-1.547
5	2	0.3986	0	0	-0.6009
5	2	3.706	1	1	-0.6513
5	2	5.436	1	1	-0.7546
5	2	5.602	0	0	-1.818
5	2	1.622	0	0	0.2106
5	2	1.995	1	1	-0.9048
5	2	1.707	1	1	-0.2989
5	2	0.4076	0	0	-0.6683
5	2	0.434	1	0	-0.6116
5	2	0.6861	1	0	-1.857
5	2	5.14	0	0	0.1644
5	2	0.8889	0	0	1.163
5	2	3.881	1	1	-1.321
6	2	3.494	1	0	-1.207
6	2	1.608	0	0	0.8348
6	2	1.552	0	0	0.382
6	2	5.182	0	0	1.059
6	2	0.6783	0	0	-0.1897
6	2	0.8585	0	0	-0.538
6	2	0.6285	0	0	0.05644
6	2	0.4852	0	1	-0.3059
6	2	3.591	0	0	-0.3434
6	2	3.597	1	0	0.498
6	2	5.389	0	0	-0.2915
6	2	0.5754	0	0	0.3231
6	2	5.399	1	1	0.5774
6	2	1.192	1	0	-0.3416
6	2	3.83	1	1	-0.7564
6	2	3.673	1	1	-2.004
6	2	5.528	1	0	-0.6138
6	2	3.297	1	1	1.212
6	2	5.053	0	0	-1.25
6	2	3.85	1	0	0.2873
6	2	1.064	1	1	2.599
6	2	1.285	1	0	-0.4727
6	2	2.096	1	1	-0.9503
6	2	0.6349	0	0	0.2493
6	2	5.763	1	1	-0.6922
6	2	0.2697	0	1	0.9681
6	2	0.6969	1	1	-0.2701
6	2	1.897	1	0	-0.1483
6	2	5.569	0	0	0.6742
6	2	1.773	0	0	-1.667
6	2	1.538	1	0	-0.6894
6	2	1.666	0	0	1.416
6	2	0.4878	0	1	-1.087
6	2	0.967	0	0	0.7247
6	2	5.429	0	0	0.2084
6	2	0.7976	1	0	-0.3646
6	2	5.559	1	1	-0.6913
6	2	1.818	1	1	-1.3
6	2	0.08155	0	0	-0.9188
6	2	1.957	1	1	-1.24
6	2	1.759	0	0	-0.01627
6	2	3.668	1	0	-0.06236
6	2	0.3002	1	1	-1.302
6	2	0.6625	1	1	-1.398
6	2	3.421	1	0	0.2633
6	2	3.777	1	1	0.2656
6	2	0.9964	0	0	0.4164
6	2	0.3675	0	0	-1.882
6	2	5.26	0	0	0.2515
6	2	0.6743	0	0	-1.335
7	2	5.654	1	0	-0.9526
7	2	3.664	0	0	0.9586
7	2	1.794	1	0	-0.1036
7	2	1.978	1	1	-0.6715
7	2	3.974	1	1	0.6485
7	2	0.8436	1	0	-0.2243
7	2	0.6149	1	0	0.5277
7	2	1.66	0	0	2.159
7	2	5.357	1	1	-0.03782
7	2	0.3942	0	1	-0.5832
7	2	0.8512	0	1	0.3992
7	2	5.486	0	0	-2.002
7	2	3.542	0	0	0.5204
7	2	0.5215	1	1	0.2131
7	2	5.264	0	0	0.3349
7	2	3.599	1	1	0.4672
7	2	1.537	0	0	-0.9163
7	2	3.449	1	0	-1.372
7	2	1.681	1	1	-0.579
7	2	5.647	1	1	-0.05754
7	2	1.082	1	0	0.3753
7	2	1.743	0	0	0.423
7	2	0.3191	0	1	-1.56
7	2	0.3926	0	0	-0.5381
7	2	5.378	0	0	-0.5879
7	2	0.7781	0	0	1.992
7	2	1.537	0	1	-1.214
7	2	5.198	0	0	1.034
7	2	0.4771	1	1	0.8822
7	2	0.422	1	0	-0.06487
7	2	0.885	0	0	-2.138
7	2	1.264	1	0	0.1269
7	2	3.88	0	0	-0.3509
7	2	3.631	1	1	-1.806
7	2	0.7308	1	1	1.179
7	2	5.548	1	1	-0.01245
7	2	5.267	0	0	1.048
7	2	3.829	1	1	-2.688
7	2	3.639	1	1	-1.244
7	2	1.087	1	0	-0.2592
7	2	0.3395	0	0	0.2057
7	2	3.56	0	0	1.291
7	2	0.3236	0	1	1.063
7	2	0.7155	0	0	-0.8543
7	2	5.575	1	0	-1.421
7	2	1.925	0	1	-0.1191
7	2	0.637	0	1	-2.719
7	2	1.828	1	1	-2.254
7	2	1.058	1	1	-1.53
7	2	1.501	0	0	-0.6275
8	2	3.452	0	1	1.168
8	2	5.402	0	0	-0.8997
8	2	3.616	1	1	-1.072
8	2	1.76	0	0	-0.8666
8	2	5.908	1	1	-1.35
8	2	5.407	0	0	-1.176
8	2	1.046	0	0	-0.6492
8	2	3.838	1	0	-2.382
8	2	0.7893	1	0	0.01105
8	2	1.923	1	0	-0.1929
8	2	5.636	0	0	0.01609
8	2	3.625	0	0	-0.7224
8	2	1.008	1	1	-0.7756
8	2	1.757	1	0	-1.728
8	2	0.1643	0	0	-0.4114
8	2	0.3292	0	0	-0.6944
8	2	5.78	1	0	1.601
8	2	3.202	0	0	-0.04746
8	2	0.2305	0	0	0.8267
8	2	3.625	0	0	2.799
8	2	5.336	1	1	0.2988
8	2	2.276	1	1	-0.3207
8	2	0.7129	1	0	0.4372
8	2	0.457	1	0	0.1448
8	2	3.611	1	1	0.6363
8	2	5.579	1	1	-0.5096
8	2	2.043	1	0	0.5016
8	2	0.1646	0	0	1.033
8	2	0.7477	1	0	0.7807
8	2	1.098	1	1	0.3835
8	2	1.86	0	0	0.5852
8	2	0.7606	1	1	-0.07936
8	2	3.624	0	1	-1.028
8	2	5.327	0	0	-0.08711
8	2	5.54	1	1	0.1271
8	2	1.954	1	1	0.6904
8	2	1.955	1	1	-0.7268
8	2	0.4017	1	1	0.7885
8	2	0.8442	0	0	-0.3711
8	2	1.845	1	0	-1.228
8	2	3.343	0	0	-1.121
8	2	0.4134	0	0	-1.878
8	2	1.126	1	0	0.2973
8	2	3.372	0	0	-1.842
8	2	5.802	1	1	0.261
8	2	0.8955	0	0	-0.3206
8	2	0.3402	0	0	0.2113
8	2	0.9709	0	0	1.104
8	2	1.789	0	0	1.403
8	2	0.4274	0	0	-0.09468
9	2	0.4598	1	1	-3.545
9	2	1.002	1	0	0.5985
9	2	0.7259	0	1	-0.9489
9	2	0.629	1	0	-0.6415
9	2	0.7569	1	0	-0.559
9	2	0.4902	0	0	1.159
9	2	2.094	1	1	0.451
9	2	1.775	0	0	0.3566
9	2	5.326	0	0	0.9479
9	2	3.618	0	0	-1.242
9	2	1.853	0	0	0.9868
9	2	3.433	0	0	0.8636
9	2	0.8038	0	0	1.421
9	2	0.4185	1	0	-0.609
9	2	5.167	0	0	1.569
9	2	5.342	1	1	-1.678
9	2	3.584	0	0	-0.3031
9	2	0.8246	1	0	1.076
9	2	0.5529	1	0	-0.9551
9	2	5.454	1	1	0.6407
9	2	3.679	1	1	0.5507
9	2	5.532	1	1	-0.4791
9	2	1.673	0	0	0.6861
9	2	1.668	1	0	-0.01839
9	2	1.044	1	0	0.884
9	2	3.531	1	0	1.452
9	2	0.7443	0	0	0.6748
9	2	3.444	0	0	-0.7965
9	2	1.911	0	0	0.9803
9	2	5.383	1	0	-1.161
9	2	0.2656	0	0	1.117
9	2	3.58	0	0	-1.793
9	2	0.6178	1	0	0.1048
9	2	0.3587	0	0	0.1807
9	2	1.003	1	0	0.4028
9	2	3.549	0	0	0.3651
9	2	1.659	0	0	1.013
9	2	5.369	1	1	0.7596
9	2	3.723	1	1	-0.5089
9	2	1.858	1	0	0.9833
9	2	3.526	1	1	0.5347
9	2	5.561	1	1	1.082
9	2	0.6859	0	0	-0.445
9	2	1.657	0	0	0.121
9	2	1.061	1	0	1.012
9	2	5.391	0	0	0.6653
9	2	5.397	1	1	1.286
9	2	1.898	0	0	1.271
9	2	0.2887	0	0	0.7657
10	3	0.9508	0	1	-0.5736
10	3	5.372	0	0	-1.815
10	3	0.2425	1	1	-1.406
10	3	3.425	0	0	0.424
10	3	0.7609	1	0	-0.4718
10	3	3.63	0	0	-0.6057
10	3	0.6068	0	0	-0.08682
10	3	3.645	0	0	0.3571
10	3	1.749	0	0	0.3637
10	3	1.824	1	1	-0.421
10	3	3.282	1	0	0.2371
10	3	1.717	1	0	0.1689
10	3	3.285	0	0	0.3719
10	3	0.358	0	0	0.967
10	3	0.6606	1	0	0.2469
10	3	3.773	1	1	0.4633
10	3	5.442	1	1	0.7946
10	3	0.4898	1	1	-0.7442
10	3	3.793	1	1	0.3108
10	3	1.199	1	0	-1.433
10	3	3.519	0	0	0.4167
10	3	0.4841	0	1	0.1625
10	3	0.4349	1	1	-0.08995
10	3	0.6287	0	0	-0.1561
10	3	1.946	1	1	-0.2724
10	3	1.239	1	0	0.2786
10	3	3.656	1	1	-0.5537
10	3	1.901	1	1	1.406
10	3	5.488	1	0	1.012
10	3	0.6644	1	0	-0.3977
10	3	5.271	1	1	0.7244
10	3	5.3	0	0	1.231
10	3	0.9679	0	0	-0.4162
10	3	1.165	1	0	-0.1974
10	3	1.011	0	1	-0.005695
10	3	2.011	1	0	0.5346
10	3	4.968	1	0	1.088
10	3	1.706	1	1	-0.1173
10	3	0.3028	0	0	0.2565
10	3	5.3	0	0	1.608
10	3	5.274	1	0	1.407
10	3	5.257	0	0	-0.2186
10	3	3.406	0	0	1.458
10	3	1.872	0	0	-0.003101
10	3	0.891	0	0	-0.2257
10	3	0.5757	0	0	2.145
10	3	1.55	0	0	0.7144
10	3	5.403	0	0	0.2251
10	3	1.233	1	1	1.027
10	3	1.753	0	0	0.9225
11	3	1.741	0	1	0.1781
11	3	0.8585	0	0	2.178
11	3	0.5288	0	0	1.175
11	3	3.381	0	0	-0.4902
11	3	5.568	1	1	1.281
11	3	3.544	0	0	-0.3919
11	3	5.622	0	0	1.759
11	3	1.882	0	0	1.362
11	3	0.8782	1	0	-0.5331
11	3	3.41	0	0	-0.1807
11	3	0.7097	0	1	0.3043
11	3	5.374	1	1	0.6737
11	3	3.337	0	1	0.2503
11	3	3.962	1	1	0.8093
11	3	0.3186	0	1	0.08267
11	3	0.8821	1	1	0.4973
11	3	1.642	1	1	-0.266
11	3	1.162	1	1	-0.283
11	3	0.4211	1	0	0.281
11	3	3.394	0	0	0.6785
11	3	1.639	0	1	1.218
11	3	5.742	1	0	0.6706
11	3	3.819	1	1	0.9092
11	3	5.216	0	0	-0.5128
11	3	5.408	1	1	1.117
11	3	5.538	1	1	0.9023
11	3	0.8966	0	1	-0.3075
11	3	5.51	1	1	-0.8793
11	3	1.178	1	1	0.7672
11	3	0.3737	0	0	0.1679
11	3	3.649	1	1	-0.1509
11	3	0.3425	1	0	-0.07113
11	3	0.4111	0	0	0.297
11	3	0.6155	0	0	-0.3917
11	3	0.7791	1	1	0.9913
11	3	1.884	1	1	0.6056
11	3	1.554	0	0	-0.7501
11	3	3.608	1	1	0.271
11	3	1.772	1	1	1.403
11	3	0.2273	0	1	-0.516
11	3	1.021	1	0	0.415
11	3	0.5003	0	0	0.06756
11	3	5.503	0	0	0.5676
11	3	5.334	1	1	0.5224
11	3	1.803	0	0	0.9402
11	3	0.5918	0	0	-0.6586
11	3	3.656	1	1	-0.2473
11	3	1.89	1	1	1.353
12	3	0.6574	0	0	0.02931
12	3	1.902	1	0	1.312
12	3	0.6963	0	0	1.18
12	3	1.839	1	0	0.7253
12	3	3.397	0	0	0.4941
12	3	3.568	1	0	-0.126
12	3	0.9384	1	1	0.549
12	3	1.642	0	0	1.078
12	3	0.408	1	1	-0.7366
12	3	1.125	1	1	-0.1656
12	3	0.8382	0	1	0.4991
12	3	3.461	1	0	0.1847
12	3	5.534	0	0	0.7374
12	3	3.746	1	1	-0.2243
12	3	0.1532	1	0	-1.363
12	3	3.715	1	1	0.06766
12	3	1.7	0	0	0.3727
12	3	5.663	0	0	0.02135
12	3	5.423	0	0	1.2
12	3	0.2892	0	0	1.005
12	3	1.798	1	0	0.5817
12	3	1.724	0	0	-0.06722
12	3	3.86	1	1	0.3545
12	3	3.881	1	0	1.648
12	3	3.705	1	0	1.461
12	3	1.925	0	0	1.226
12	3	0.9171	1	0	0.281
12	3	5.425	1	1	0.1158
12	3	4.999	0	0	0.3577
12	3	0.2524	0	0	0.5379
12	3	0.5407	0	0	-0.4972
12	3	5.538	1	1	0.7402
12	3	0.7872	0	0	-0.1007
12	3	0.7445	0	0	1.28
12	3	1.786	0	0	0.9703
12	3	0.992	0	0	0.08253
12	3	1.021	1	0	0.3098
12	3	0.5033	0	1	-0.777
12	3	3.534	0	1	0.7716
12	3	1.998	1	1	-0.3493
12	3	0.4262	1	1	0.2378
12	3	1.677	0	1	0.4753
12	3	0.5626	1	0	0.7985
12	3	0.7908	0	0	-0.3733
12	3	5.473	0	0	0.2945
12	3	5.497	1	0	-1.81
12	3	5.328	1	0	-0.4534
12	3	5.099	0	0	-1.006
12	3	0.5092	1	0	-0.4742
13	3	0.4307	1	0	0.9844
13	3	5.286	0	0	0.8457
13	3	1.851	1	1	0.6456
13	3	3.626	1	1	-0.1316
13	3	0.6622	0	1	1.016
13	3	5.439	1	1	0.2164
13	3	0.5476	0	0	0.08777
13	3	3.768	1	1	1.196
13	3	3.567	0	0	0.6977
13	3	3.474	0	0	0.4441
13	3	2.077	1	0	0.7726
13	3	0.1941	0	1	0.2677
13	3	0.5217	0	0	0.1813
13	3	3.601	1	0	0.626
13	3	1.998	1	1	0.002505
13	3	5.271	1	1	0.2991
13	3	0.9551	1	1	0.05497
13	3	0.3477	1	0	0.5477
13	3	5.372	0	0	-0.2197
13	3	5.145	0	0	0.9246
13	3	3.723	1	0	1.14
13	3	3.749	0	0	0.6087
13	3	1.207	0	0	1.509
13	3	1.766	0	0	0.1592
13	3	5.268	0	0	0.9916
13	3	1.146	1	1	-0.03052
13	3	1.856	1	0	1.489
13	3	2.012	0	1	0.2535
13	3	0.4138	1	0	0.3241
13	3	0.8152	1	1	1.371
13	3	0.7946	1	0	0.1895
13	3	0.9161	0	0	0.8574
13	3	0.4245	0	1	0.594
13	3	1.69	0	1	0.3042
13	3	2.045	1	0	0.4417
13	3	3.286	0	0	0.445
13	3	0.6277	1	0	1.706
13	3	1.754	1	0	1.94
13	3	3.633	1	1	0.7053
13	3	5.356	0	0	1.497
13	3	0.7103	0	0	0.3449
13	3	5.41	0	0	0.296
13	3	3.44	1	1	1.118
13	3	5.241	0	0	1.918
13	3	0.8568	0	1	0.05008
13	3	1.037	1	0	0.2957
13	3	0.3075	0	1	0.292
13	3	0.865	1	1	1.445
13	3	1.789	0	0	0.7907
13	3	5.591	1	1	-0.4196
14	3	5.673	1	1	0.9426
14	3	3.572	0	0	0.9375
14	3	3.942	1	1	0.8273
14	3	0.4841	0	1	0.7097
14	3	0.2844	0	0	1.016
14	3	0.4594	0	1	1.119
14	3	5.2	0	0	0.4129
14	3	0.08096	1	1	0.1819
14	3	5.283	1	1	-0.03903
14	3	1.911	1	1	0.4569
14	3	3.547	1	1	0.7858
14	3	0.8227	0	1	0.4057
14	3	0.4635	1	1	0.8804
14	3	5.3	1	1	0.5653
14	3	0.9119	1	1	0.5944
14	3	1.815	1	0	0.8218
14	3	0.6773	1	1	1.369
14	3	2.034	1	0	0.5275
14	3	5.37	1	1	-1.182
14	3	3.644	1	0	0.6817
14	3	0.4134	0	1	0.6594
14	3	1.628	0	1	0.4351
14	3	1.611	0	0	0.2598
14	3	0.9417	1	1	0.58
14	3	1.044	1	0	0.8253
14	3	5.452	1	1	0.5366
14	3	0.7417	0	0	0.1983
14	3	0.8161	0	0	0.7212
14	3	3.837	0	0	0.4668
14	3	3.712	0	0	0.5523
14	3	1.692	0	0	0.2436
14	3	5.227	0	0	0.01723
14	3	0.6715	0	0	0.5089
14	3	1.617	0	1	0.8099
14	3	1.776	0	0	0.728
14	3	0.463	0	0	0.6108
14	3	3.843	1	1	0.1813
14	3	0.6857	1	0	0.13
14	3	0.3696	1	1	0.5302
14	3	1.691	0	0	1.013
14	3	1.904	1	0	0.2707
14	3	5.22	0	0	0.9586
14	3	0.5972	0	0	-1.619
14	3	3.378	1	0	0.2076
14	3	3.822	1	1	0.1702
14	3	3.649	1	0	0.6404
14	3	0.7729	1	1	0.4776
14	3	5.334	0	0	0.8492
14	3	5.432	0	0	0.5668
14	3	0.6787	1	0	0.1265
15	3	2.051	1	0	0.979
15	3	0.3728	0	0	-0.3689
15	3	3.596	0	0	-0.003282
15	3	1.933	1	1	0.8688
15	3	3.666	0	1	0.7565
15	3	5.623	1	1	-0.1726
15	3	3.933	1	1	-0.03862
15	3	0.4323	1	0	0.7719
15	3	0.5105	1	1	0.4624
15	3	0.7808	1	1	0.5522
15	3	0.4936	1	0	0.4124
15	3	5.426	1	1	-0.07313
15	3	5.335	1	1	0.7013
15	3	5.107	0	0	0.1447
15	3	3.595	1	1	-0.5019
15	3	0.723	0	0	-0.05296
15	3	0.3083	0	1	0.2047
15	3	0.5675	1	1	-0.1802
15	3	1.812	0	0	0.6076
15	3	0.6126	0	0	-0.1959
15	3	0.5366	1	0	0.6447
15	3	3.618	0	1	0.2878
15	3	3.758	1	1	-0.1333
15	3	0.5447	0	0	0.5389
15	3	0.1751	0	1	0.4078
15	3	1.946	0	1	0.7838
15	3	1.829	1	1	0.4895
15	3	0.8368	1	0	1.18
15	3	5.413	0	0	0.3724
15	3	5.691	1	1	0.7572
15	3	5.355	1	1	1.032
15	3	1.84	0	0	0.1038
15	3	0.9387	1	1	0.3585
15	3	1.004	0	1	1.044
15	3	3.793	1	1	1.522
15	3	1.767	0	1	-0.007195
15	3	0.9184	1	0	1.15
15	3	3.475	0	0	0.3891
15	3	1.439	0	0	0.72
15	3	0.5185	1	1	1.027
15	3	0.9663	1	0	1.104
15	3	0.6824	0	0	0.3388
15	3	3.928	1	1	1.038
15	3	5.371	0	0	0.09749
15	3	1.891	0	0	0.4867
15	3	1.974	0	1	0.01409
15	3	0.4623	0	1	0.4415
15	3	5.184	0	0	1.651
15	3	3.518	0	0	2.261
16	3	3.793	1	1	2.118
16	3	0.3711	1	1	0.561
16	3	3.788	1	1	1.159
16	3	0.424	1	0	1.549
16	3	0.2183	1	1	0.9256
16	3	1.03	1	0	0.282
16	3	3.301	0	0	1.046
16	3	0.8304	1	1	-0.1906
16	3	5.626	1	0	1.498
16	3	1.759	0	1	0.458
16	3	0.9072	1	1	1.03
16	3	1.857	0	0	0.7559
16	3	1.758	0	0	1.569
16	3	5.347	0	0	0.327
16	3	0.6803	0	0	-0.958
16	3	3.804	1	1	2.116
16	3	5.563	1	0	0.6111
16	3	1.616	0	0	0.4955
16	3	5.639	1	1	1.102
16	3	0.396	0	0	-1.075
16	3	0.3646	0	0	0.6686
16	3	1.789	0	0	0.9653
16	3	0.7787	0	0	-0.7154
16	3	0.4247	0	0	1.679
16	3	3.708	1	1	1.066
16	3	3.668	1	0	0.7303
16	3	1.908	1	0	0.2563
16	3	3.617	0	1	1.481
16	3	3.777	1	0	1.373
16	3	0.757	0	0	0.9363
16	3	1.702	0	0	1.389
16	3	0.5426	1	1	0.7075
16	3	1.849	1	1	-0.164
16	3	1.948	1	0	1.36
16	3	5.315	0	0	-1.295
16	3	5.389	0	0	0.6128
16	3	3.573	0	0	1.606
16	3	1.726	0	0	1.071
16	3	3.748	1	0	0.6599
16	3	1.018	0	0	0.988
16	3	0.8453	1	0	0.9893
16	3	0.9276	0	0	0.5513
16	3	5.777	1	1	0.3668
16	3	5.3	1	1	-0.232
16	3	5.341	0	0	0.9685
16	3	0.6988	0	1	0.8709
16	3	0.5149	1	0	0.7988
16	3	0.4824	0	0	0.06594
16	3	5.203	0	0	-0.1411
16	3	1.047	1	1	1.272
17	3	5.211	0	0	-0.06279
17	3	1.574	0	0	-0.3718
17	3	0.2203	0	0	1.356
17	3	1.021	1	0	0.459
17	3	0.3194	0	0	-0.9685
17	3	1.725	0	0	0.6136
17	3	0.7637	0	0	1.576
17	3	1.676	0	0	0.5874
17	3	1.643	0	0	0.3275
17	3	3.553	0	0	0.1894
17	3	1.932	0	0	1.071
17	3	5.898	1	1	0.9326
17	3	1.124	1	0	0.5292
17	3	5.496	1	1	-0.1274
17	3	6.062	1	1	-1.494
17	3	5.48	1	1	0.1964
17	3	3.696	1	1	0.2962
17	3	2.036	1	1	0.1379
17	3	3.556	0	0	0.6828
17	3	3.548	0	0	0.3326
17	3	1.161	1	0	0.2414
17	3	1.823	0	0	-0.3068
17	3	5.47	1	1	-0.4182
17	3	5.606	0	0	0.3792
17	3	0.4858	1	0	1.162
17	3	3.555	0	0	0.2137
17	3	0.4605	1	1	-0.4207
17	3	5.652	1	1	-0.0486
17	3	0.8274	1	1	0.7513
17	3	0.7597	0	1	0.4461
17	3	5.572	1	1	-0.8135
17	3	0.2597	1	1	0.04457
17	3	0.9455	1	1	0.3964
17	3	0.445	0	1	0.2385
17	3	0.5763	1	1	-0.0335
17	3	3.348	0	0	0.1591
17	3	0.3364	0	1	-0.2635
17	3	2.154	1	1	-0.05801
17	3	0.7531	0	0	0.7137
17	3	0.8592	0	1	1.119
17	3	3.537	1	1	-1.349
17	3	0.6748	0	0	0.7587
17	3	5.311	1	1	-2.779
17	3	2.011	1	1	0.2682
17	3	3.549	1	1	0.5487
17	3	3.645	0	0	2.008
17	3	0.5991	1	0	0.4618
17	3	1.607	0	0	0.7292
17	3	0.6349	1	0	-0.0311
17	3	3.38	0	0	-0.1527
18	3	0.27	0	1	-0.623
18	3	0.8966	1	1	0.275
18	3	1.894	0	0	0.01348
18	3	0.03599	0	1	0.09421
18	3	1.678	0	0	0.392
18	3	0.2936	0	0	0.3252
18	3	5.499	1	1	0.1544
18	3	0.92	1	1	-0.8122
18	3	1.572	1	1	1.396
18	3	1.377	1	0	0.0908
18	3	0.4253	1	1	-0.04522
18	3	5.414	1	1	0.1367
18	3	0.4743	1	0	-0.7919
18	3	5.578	1	1	0.6601
18	3	1.842	0	0	0.5153
18	3	3.552	1	1	1.454
18	3	3.669	1	1	-0.5791
18	3	5.45	1	1	0.4508
18	3	5.528	0	0	0.6072
18	3	3.595	0	0	0.1864
18	3	1.134	0	0	0.8177
18	3	0.6978	0	1	2.01
18	3	0.7278	1	1	-0.05019
18	3	0.3434	0	1	0.9575
18	3	3.733	1	1	1.116
18	3	0.8203	1	1	-0.1692
18	3	1.513	0	1	1.379
18	3	3.712	0	0	1.908
18	3	5.395	0	0	1.458
18	3	1.785	0	0	-0.564
18	3	0.3211	1	0	-1.93
18	3	0.3461	0	1	1.748
18	3	1.531	1	0	2.743
18	3	5.367	1	1	-0.2488
18	3	5.568	1	1	0.7005
18	3	5.148	0	0	0.715
18	3	3.203	0	0	0.2434
18	3	1.89	0	0	-0.5277
18	3	0.7771	0	0	0.8424
18	3	1.906	1	1	1.542
18	3	3.427	0	0	0.2826
18	3	1.915	0	0	0.1591
18	3	3.841	1	1	-0.2651
18	3	0.8858	0	0	-0.7687
18	3	3.756	0	1	0.3929
18	3	5.381	1	1	0.4354
18	3	1.162	1	1	1.293
18	3	0.4772	0	1	-0.07311
18	3	0.8738	1	1	-0.7448
18	3	3.678	1	1	-0.8844
19	3	0.6815	0	1	-0.3725
19	3	0.3701	0	0	-1.254
19	3	0.4146	1	1	-0.3112
19	3	1.894	1	0	0.06676
19	3	1.101	1	1	0.2607
19	3	5.604	1	1	0.4577
19	3	1.86	1	1	-0.6803
19	3	0.9955	0	0	-0.02474
19	3	3.56	0	0	0.1299
19	3	0.4276	0	1	-0.3997
19	3	5.368	1	1	-0.1079
19	3	1.72	1	0	0.1639
19	3	3.687	0	0	-0.225
19	3	5.173	0	0	-0.4087
19	3	0.3429	0	0	-1.904
19	3	5.67	1	1	0.2267
19	3	5.385	1	1	0.251
19	3	5.27	1	0	0.2844
19	3	0.8302	0	1	-0.5506
19	3	0.3104	0	0	-0.01255
19	3	2.016	1	1	0.2679
19	3	0.2055	0	0	-0.1815
19	3	5.422	0	0	0.6788
19	3	0.333	0	1	-0.1763
19	3	3.804	1	1	0.01644
19	3	5.654	1	1	-0.5185
19	3	1.807	0	0	1.687
19	3	0.9967	1	0	-0.1916
19	3	0.2408	0	1	-0.2786
19	3	1.822	1	0	-0.34
19	3	3.883	1	1	0.276
19	3	0.1665	0	1	0.7019
19	3	3.475	0	0	0.005311
19	3	3.504	0	0	0.1999
19	3	1.068	1	0	1.567
19	3	0.7942	0	0	1.32
19	3	3.644	0	0	0.8484
19	3	3.356	0	0	0.4412
19	3	1.846	0	0	-0.2455
19	3	1.896	1	1	1.167
19	3	3.382	0	0	-0.4154
19	3	5.41	1	1	0.7982
19	3	1.741	0	0	1.646
19	3	1.142	1	1	0.6359
19	3	0.8867	1	0	1.112
19	3	5.773	1	1	-0.8085
19	3	1.232	1	1	-0.1983
19	3	3.775	1	1	0.453
19	3	0.2635	1	0	-0.0767
19	3	1.56	0	0	0.7012
20	4	1.049	0	0	-1.309
20	4	5.262	0	0	-1.285
20	4	3.581	0	0	-1.677
20	4	5.373	1	1	0.6537
20	4	0.447	0	0	-0.9384
20	4	5.172	0	0	0.1992
20	4	1.166	1	0	1.302
20	4	0.7444	1	1	0.8989
20	4	1.795	0	0	0.556
20	4	0.6552	0	0	-0.6818
20	4	1.699	0	0	0.07359
20	4	0.5838	1	0	-0.7932
20	4	3.455	0	0	-0.517
20	4	1.645	0	0	0.3066
20	4	0.4532	0	0	-0.4636
20	4	3.31	0	0	-1.088
20	4	3.633	1	1	0.3043
20	4	1.801	1	1	-0.4289
20	4	1.524	1	1	-0.573
20	4	1.583	1	1	-0.4911
20	4	0.8969	1	0	-0.1326
20	4	1.71	0	0	-0.2877
20	4	3.506	1	1	0.03962
20	4	3.686	0	0	-0.3186
20	4	0.6527	1	1	-1.214
20	4	5.348	1	1	-0.6413
20	4	0.8932	1	0	-0.9534
20	4	0.3176	0	0	-1.482
20	4	3.535	1	1	-1.332
20	4	5.367	1	1	-1.111
20	4	0.8687	1	0	-1.277
20	4	5.601	1	1	-1.842
20	4	1.767	0	1	-2.658
20	4	0.4756	0	0	-0.9321
20	4	0.8941	1	0	-1.42
20	4	3.524	0	0	0.2907
20	4	3.663	0	0	-0.06422
20	4	1.88	0	0	-0.1784
20	4	5.355	0	0	-0.7195
20	4	0.4002	1	1	-2.671
20	4	4.18	1	1	-1.504
20	4	1.056	0	0	-1.346
20	4	1.857	1	0	0.2571
20	4	0.8958	1	1	-2.32
20	4	0.8016	0	1	-0.7666
20	4	5.451	1	1	-0.4377
20	4	0.5077	1	1	-0.3189
20	4	0.6415	1	1	-1.135
20	4	5.398	0	0	0.9748
20	4	5.612	0	1	3.506
21	4	0.8508	0	0	0.01423
21	4	3.644	0	0	0.3677
21	4	1.632	0	0	-0.7852
21	4	1.847	1	0	-0.4131
21	4	5.633	1	1	-0.5628
21	4	0.778	1	1	-0.8852
21	4	5.426	1	1	-0.0633
21	4	0.5961	1	0	-0.9722
21	4	5.503	1	1	-1.245
21	4	3.338	1	1	-1.191
21	4	1.832	0	1	0.5977
21	4	3.353	1	1	-1.513
21	4	1.952	0	1	-1.312
21	4	1.779	1	1	-0.9459
21	4	0.3876	0	1	-0.4208
21	4	4.002	1	1	-1.962
21	4	0.6101	0	0	0.579
21	4	5.56	0	0	-1.247
21	4	3.437	1	0	-0.1875
21	4	1.065	1	0	-0.6739
21	4	1.587	0	1	-0.6924
21	4	1.828	0	0	-0.3023
21	4	5.324	0	0	1.164
21	4	0.6471	1	1	0.6418
21	4	1.064	1	1	-1.164
21	4	3.355	0	0	1.289
21	4	0.5433	1	1	-0.6116
21	4	3.605	1	1	2.818
21	4	3.548	1	1	-0.2389
21	4	1.277	0	1	-0.144
21	4	0.4336	0	0	-0.1017
21	4	5.384	1	1	-1.695
21	4	0.4708	1	1	1.932
21	4	0.91	1	1	-0.06666
21	4	1.606	1	1	1.804
21	4	2.013	0	1	-0.9782
21	4	3.519	0	0	1.095
21	4	0.4773	0	0	-2.365
21	4	3.784	1	1	0.2955
21	4	0.3709	0	1	0.06876
21	4	0.6006	0	0	-1.99
21	4	0.8824	0	0	1.203
21	4	5.451	0	0	0.739
21	4	5.774	0	0	0.7823
21	4	5.124	1	1	-0.9363
21	4	0.956	0	0	-0.004007
21	4	0.278	0	1	-0.8476
21	4	5.144	0	0	0.4446
21	4	1.537	1	1	-0.3719
21	4	0.9594	1	1	-0.5504
22	4	2.281	0	1	0.2821
22	4	0.8531	0	0	1.191
22	4	3.441	0	0	0.09255
22	4	1.773	1	0	1.548
22	4	0.6219	0	1	0.01807
22	4	1.025	1	1	1.027
22	4	5.378	0	0	1.045
22	4	3.614	1	1	0.5577
22	4	1.938	1	1	-1.041
22	4	1.927	0	0	0.9109
22	4	0.6163	0	0	-0.7442
22	4	1.692	1	1	0.6505
22	4	4.952	1	0	-0.2444
22	4	0.5949	0	1	-1.21
22	4	0.7033	0	1	-0.4532
22	4	3.669	1	0	0.783
22	4	5.349	1	1	0.08766
22	4	1.581	0	0	0.5012
22	4	0.7618	1	1	0.7732
22	4	1.032	0	1	-1.712
22	4	3.461	0	0	1.391
22	4	0.9677	1	1	1.242
22	4	0.5069	0	0	-0.5915
22	4	0.6085	0	1	0.262
22	4	0.9658	1	0	0.8854
22	4	1.618	0	0	-0.3961
22	4	1.822	1	0	0.2235
22	4	5.221	1	0	0.4362
22	4	3.865	1	1	0.5532
22	4	5.424	0	0	1.408
22	4	0.7517	1	1	-1.135
22	4	5.542	1	0	0.7144
22	4	3.398	1	1	0.7299
22	4	1.994	0	1	-0.2163
22	4	1.753	0	0	-0.02918
22	4	3.354	0	0	1.367
22	4	0.2061	0	0	1.225
22	4	5.384	0	0	-0.3227
22	4	0.7511	0	0	0.338
22	4	0.8632	0	0	1.451
22	4	3.546	1	0	0.1122
22	4	5.345	1	1	-0.9459
22	4	0.8004	0	0	0.1302
22	4	3.536	1	1	1.986
22	4	0.85	0	0	1.746
22	4	3.504	1	1	-0.4709
22	4	0.9188	1	1	-0.5611
22	4	5.779	1	1	-0.8611
22	4	5.322	1	1	-0.8258
22	4	0.8354	1	1	0.8697
23	4	3.998	0	0	0.7565
23	4	0.4423	0	1	-1.161
23	4	1.828	0	0	-0.5729
23	4	5.211	1	1	-0.07769
23	4	0.6873	0	1	-1.493
23	4	4.967	1	1	-0.9416
23	4	5.422	1	1	-0.6403
23	4	5.418	1	1	-0.6776
23	4	3.207	1	1	0.4593
23	4	1.93	0	0	0.3813
23	4	1.087	0	1	0.1672
23	4	3.466	0	0	0.06301
23	4	5.372	1	1	0.05377
23	4	0.6227	0	1	0.1611
23	4	5.475	0	0	0.9005
23	4	0.6801	1	1	0.368
23	4	1.956	0	0	-0.09878
23	4	0.1524	0	0	-0.02938
23	4	3.659	1	1	-1.036
23	4	3.585	0	0	0.9981
23	4	3.614	1	0	-0.5373
23	4	0.7561	0	0	-0.383
23	4	0.6915	0	1	-0.4548
23	4	0.673	1	1	0.6445
23	4	0.2724	1	0	0.9706
23	4	4.997	0	0	-1.83
23	4	1.769	0	0	0.2211
23	4	1.673	0	0	-0.9432
23	4	5.303	0	0	0.7715
23	4	1.023	0	0	0.9017
23	4	0.7827	1	0	0.07517
23	4	0.6922	1	1	0.4653
23	4	3.572	1	1	0.9854
23	4	0.06399	0	1	0.5082
23	4	1.98	0	0	1.211
23	4	0.5732	1	0	-0.07926
23	4	4.053	1	1	0.05067
23	4	5.835	1	1	-1.224
23	4	3.402	1	1	-0.07872
23	4	1.521	0	0	1.017
23	4	0.7966	1	1	0.5101
23	4	2.013	1	0	0.09614
23	4	5.187	1	1	-0.4556
23	4	0.1454	0	0	-0.7682
23	4	0.9808	0	0	-1.185
23	4	3.479	1	1	0.6968
23	4	0.5823	1	1	-1.259
23	4	1.551	0	0	-1.036
23	4	1.597	1	1	-0.5815
23	4	0.7172	0	0	0.307
24	4	5.543	1	0	0.2877
24	4	3.384	0	0	0.8681
24	4	1.758	0	0	0.08556
24	4	0.6497	0	1	0.7191
24	4	3.365	1	1	1.125
24	4	3.484	0	0	0.8011
24	4	0.5244	0	0	0.7238
24	4	1.195	0	0	1.22
24	4	3.995	0	0	1.069
24	4	0.3155	1	0	1.888
24	4	0.8505	1	0	2.109
24	4	0.449	1	1	1.872
24	4	3.317	0	0	0.7268
24	4	1.801	1	1	0.9065
24	4	5.804	0	0	1.28
24	4	1.837	1	1	0.6919
24	4	5.181	1	1	-0.509
24	4	0.4156	1	1	0.6133
24	4	0.6296	0	0	0.8093
24	4	1.898	0	0	0.05679
24	4	3.836	0	0	0.123
24	4	3.498	0	0	1.701
24	4	3.626	1	1	0.8132
24	4	1.024	1	1	1.247
24	4	3.927	1	1	0.198
24	4	1.578	1	1	0.4121
24	4	1.969	0	0	0.4683
24	4	1.477	1	1	0.04981
24	4	1.807	1	0	0.1805
24	4	3.491	1	1	0.4607
24	4	5.588	0	0	0.04623
24	4	1.008	0	0	1.68
24	4	5.115	1	1	-2.359
24	4	1.656	0	0	-0.1456
24	4	0.1575	1	1	1.031
24	4	5.168	0	0	2.352
24	4	1.027	0	0	0.3979
24	4	5.703	1	1	-0.1277
24	4	5.082	0	0	1.425
24	4	0.3505	0	0	0.05093
24	4	0.5763	1	0	0.6725
24	4	0.4493	0	0	0.2779
24	4	0.9921	0	0	0.1962
24	4	0.744	0	0	-0.3976
24	4	1.825	1	1	-0.1182
24	4	5.115	1	0	1.031
24	4	0.9677	1	1	-0.4308
24	4	1.003	1	0	-0.6717
24	4	5.036	0	0	-0.07475
24	4	0.3437	1	0	-1.693
25	4	2.102	1	1	-0.01434
25	4	2.187	0	1	0.1598
25	4	1.665	1	1	1.635
25	4	0.9634	0	0	-1.862
25	4	0.3559	0	0	0.2908
25	4	3.433	0	0	-0.8585
25	4	0.7318	1	1	0.5871
25	4	0.9471	1	0	0.4614
25	4	0.3224	1	1	0.0741
25	4	0.9618	1	0	0.562
25	4	5.749	1	1	0.936
25	4	0.8036	1	1	0.7991
25	4	2.083	0	1	0.4519
25	4	0.3826	0	1	-0.7179
25	4	3.731	0	0	0.9224
25	4	5.539	1	1	0.1191
25	4	1.829	0	0	1.378
25	4	0.8157	1	0	-0.3121
25	4	5.247	0	0	-0.9335
25	4	5.368	0	0	1.949
25	4	0.8308	1	0	-1.217
25	4	0.4909	0	0	-1.08
25	4	0.8617	0	1	1.402
25	4	3.835	1	1	0.3528
25	4	0.4104	0	0	0.1161
25	4	1.732	0	0	-0.9316
25	4	3.424	1	0	1.392
25	4	3.728	0	0	0.3668
25	4	5.583	0	0	-1.268
25	4	3.614	1	1	-2.156
25	4	3.496	0	0	1.933
25	4	1.854	1	0	0.6401
25	4	3.46	0	0	0.471
25	4	1.126	1	0	0.7904
25	4	0.8994	1	0	0.2505
25	4	0.3874	0	1	0.02572
25	4	3.217	1	1	-0.9662
25	4	5.132	1	1	0.9392
25	4	5.361	0	0	-0.7684
25	4	1.765	0	0	1.827
25	4	5.089	1	1	0.9784
25	4	1.724	1	1	1.455
25	4	1.946	1	1	0.9721
25	4	0.385	0	0	1.282
25	4	0.331	1	1	-0.7141
25	4	0.65	1	0	1.032
25	4	5.554	0	0	0.489
25	4	1.057	0	0	2.114
25	4	3.541	1	1	0.5846
26	4	3.685	1	1	0.4672
26	4	1.444	0	0	0.2849
26	4	1.336	0	0	1.379
26	4	5.51	0	0	0.3102
26	4	0.1472	0	1	0.2406
26	4	1.481	0	1	0.9362
26	4	0.9354	0	1	-0.1366
26	4	0.4141	0	0	-0.4642
26	4	3.847	0	0	1.847
26	4	4.008	1	1	-1.198
26	4	5.257	0	0	1.069
26	4	0.5065	0	0	1.915
26	4	5.098	1	1	-0.002281
26	4	1.287	1	0	1.301
26	4	3.926	1	1	-0.3877
26	4	3.688	1	1	0.7814
26	4	5.408	1	1	0.6046
26	4	3.457	1	1	1.109
26	4	5.518	0	0	1.494
26	4	3.996	1	1	0.5957
26	4	1.127	1	0	-0.05867
26	4	0.6386	1	1	-0.1359
26	4	1.429	1	1	-0.1566
26	4	1.032	0	0	-1.027
26	4	5.633	1	1	-0.2954
26	4	0.01657	0	0	-0.7623
26	4	0.5191	1	1	-0.3779
26	4	2.106	1	1	-0.6222
26	4	5.48	0	0	2.859
26	4	1.756	0	0	1.166
26	4	1.964	1	1	0.8614
26	4	1.913	0	0	1.086
26	4	0.002	0	0	-0.9095
26	4	0.9131	0	1	1.001
26	4	5.496	0	0	-0.214
26	4	0.6011	1	1	0.7352
26	4	5.276	1	1	-2.491
26	4	1.541	1	1	1.136
26	4	0.5178	0	0	-0.1835
26	4	1.851	1	1	-0.1957
26	4	1.928	0	0	0.3198
26	4	3.71	1	1	0.4003
26	4	0.3891	1	0	1.664
26	4	0.9561	1	1	-0.1953
26	4	3.487	1	1	-0.2058
26	4	3.878	1	1	0.702
26	4	1.054	0	0	0.5574
26	4	0.5596	0	0	-2.603
26	4	5.377	0	0	-0.1498
26	4	1.112	0	0	1.405
27	4	5.297	1	1	-1.022
27	4	3.698	0	1	1.235
27	4	1.793	1	1	0.3926
27	4	1.828	1	1	-0.7957
27	4	3.376	1	0	0.307
27	4	0.9463	1	1	-0.0486
27	4	0.6974	1	1	0.5222
27	4	1.842	0	1	-0.8723
27	4	5.605	1	1	-2.103
27	4	0.5848	0	1	0.4371
27	4	1.246	0	1	0.7896
27	4	5.677	0	0	1.195
27	4	3.426	0	0	0.8299
27	4	0.8629	1	1	-0.03079
27	4	5.027	0	0	-0.4934
27	4	3.431	1	1	-0.823
27	4	1.916	0	0	1.555
27	4	1.452	1	1	0.691
27	4	5.357	1	1	0.612
27	4	0.9294	1	0	1.303
27	4	1.97	0	0	-0.02122
27	4	0.1754	0	1	0.1217
27	4	0.3034	0	1	0.188
27	4	5.278	0	0	1.267
27	4	0.9978	0	0	1.834
27	4	1.788	0	0	0.9298
27	4	5.373	0	0	-1.366
27	4	0.4435	1	1	-1.244
27	4	0.6391	1	0	0.1495
27	4	0.8389	0	0	-0.7398
27	4	0.9947	1	1	1.963
27	4	3.676	0	1	1.479
27	4	3.556	1	1	0.5195
27	4	0.4672	1	1	1.25
27	4	5.359	1	1	-0.4107
27	4	5.54	0	0	-0.3839
27	4	3.538	1	1	1.183
27	4	3.465	1	1	0.7143
27	4	0.8116	1	1	-1.685
27	4	0.414	0	1	-0.6864
27	4	3.489	0	0	1.43
27	4	0.2906	0	0	0.1182
27	4	0.6991	0	1	1.052
27	4	5.501	1	1	-0.6608
27	4	1.967	0	0	0.1523
27	4	0.9037	0	1	0.9203
27	4	2.209	1	1	1.596
27	4	0.7904	1	1	-1.467
27	4	1.779	0	0	2.584
28	4	3.555	0	0	1.118
28	4	5.54	0	0	-0.3306
28	4	3.372	1	1	0.6546
28	4	1.863	0	1	1.136
28	4	5.623	1	1	0.7618
28	4	5.241	0	0	0.273
28	4	0.8686	0	0	0.2777
28	4	3.063	1	1	-0.3543
28	4	0.515	1	0	-1.205
28	4	1.606	1	0	-0.5315
28	4	5.214	0	0	-0.3476
28	4	3.814	0	0	1.318
28	4	0.8729	1	0	-0.2346
28	4	1.977	1	0	0.8173
28	4	0.3509	0	0	-0.1875
28	4	0.386	0	1	0.08085
28	4	5.437	1	1	-0.005819
28	4	4.134	0	0	1.33
28	4	0.564	0	0	0.4602
28	4	3.761	0	1	2.136
28	4	5.577	1	1	-0.5198
28	4	1.804	1	1	-1.628
28	4	0.7543	1	1	-1.262
28	4	0.7284	1	1	-0.2139
28	4	3.849	1	1	0.04255
28	4	5.539	1	1	-1.908
28	4	1.647	1	1	1.068
28	4	0.5156	0	0	-1.101
28	4	0.3777	1	1	-2.098
28	4	0.629	1	1	-2.221
28	4	1.604	0	0	-0.08153
28	4	0.8409	1	0	-0.753
28	4	3.487	0	0	1
28	4	5.218	0	0	-0.3081
28	4	5.533	1	1	0.7678
28	4	1.577	1	0	-0.02299
28	4	1.887	1	1	1.152
28	4	0.4448	1	0	0.2709
28	4	0.8925	0	0	-0.7638
28	4	1.943	1	1	-1.784
28	4	3.135	0	0	-2.092
28	4	0.6795	0	0	-0.526
28	4	0.8257	1	1	-3.266
28	4	3.488	0	0	0.5828
28	4	5.1	1	1	-0.05733
28	4	1.112	0	0	0.04625
28	4	0.3783	0	1	0.05485
28	4	0.7157	0	0	0.4946
28	4	1.629	0	0	0.1926
28	4	0.3441	0	0	0.09718
29	4	0.5325	1	1	0.9872
29	4	0.9436	1	0	0.295
29	4	1.355	0	0	-0.4161
29	4	0.515	1	0	-0.8465
29	4	0.5282	1	1	0.8438
29	4	0.5583	0	1	-1.615
29	4	1.94	1	1	-0.1609
29	4	1.974	0	0	-0.8243
29	4	5.446	0	0	-0.05749
29	4	3.515	0	1	-1.039
29	4	1.707	0	0	-0.8705
29	4	3.677	0	0	-0.4664
29	4	0.8761	0	1	-0.9017
29	4	0.5481	1	0	-0.3842
29	4	5.353	0	0	-1.73
29	4	5.587	1	1	-0.5641
29	4	3.252	0	0	0.6932
29	4	1.095	1	0	-1.241
29	4	0.4732	1	0	0.404
29	4	5.316	1	1	-2.102
29	4	3.823	1	1	-0.3859
29	4	5.488	1	1	-0.9102
29	4	1.76	0	0	-2.27
29	4	1.89	1	1	-1.308
29	4	0.5348	1	1	-0.8449
29	4	3.641	1	1	-2.523
29	4	0.8125	0	1	1.82
29	4	3.694	0	0	-0.3627
29	4	1.868	0	0	-2.087
29	4	5.851	1	1	-3.694
29	4	0.6074	0	1	-0.04995
29	4	3.371	0	0	-1.379
29	4	1.049	0	0	-1.844
29	4	0.6906	1	1	0.6316
29	4	0.5017	0	1	-3.062
29	4	1.053	1	0	0.8071
29	4	3.68	0	0	-0.5784
29	4	1.801	0	0	0.2857
29	4	4.986	1	1	1.516
29	4	3.446	1	1	-0.4324
29	4	1.499	1	1	-0.7092
29	4	3.974	1	1	-1.568
29	4	5.231	1	1	-1.454
29	4	0.975	0	0	-0.3691
29	4	2.103	0	0	-0.8811
29	4	1.018	1	0	-1.35
29	4	5.45	0	0	0.2101
29	4	5.656	1	1	-0.2782
29	4	1.571	0	0	-0.4501
29	4	0.5143	0	0	-0.3704
30	5	0.3546	0	0	0.1078
30	5	5.088	0	0	-1.09
30	5	1.713	0	1	-0.8496
30	5	5.681	1	1	-0.4006
30	5	0.2092	0	1	0.1276
30	5	5.615	0	0	-0.2979
30	5	0.1766	1	0	-2.47
30	5	0.5769	1	0	0.7269
30	5	0.791	0	0	-0.7514
30	5	0.09849	1	0	-1.788
30	5	1.435	0	0	-0.3365
30	5	0.7326	1	0	-0.7979
30	5	1.445	0	0	-0.6511
30	5	1.295	0	1	0.1052
30	5	0.376	0	0	-0.3196
30	5	1.625	0	0	-0.7067
30	5	2.184	1	0	0.3478
30	5	1.031	1	0	-4.779
30	5	1.08	1	0	0.3473
30	5	1.045	1	0	1.737
30	5	0.5132	1	0	-0.1099
30	5	0.7803	0	0	-0.02354
30	5	1.696	1	1	0.3144
30	5	2.124	0	0	-0.07087
30	5	0.1084	0	1	-0.3525
30	5	5.297	1	1	0.1458
30	5	0.2776	1	0	-0.09061
30	5	0.23	0	0	-0.1824
30	5	1.826	1	0	-0.2113
30	5	5.529	1	1	0.26
30	5	0.4336	1	1	-1.932
30	5	5.793	1	1	-0.6979
30	5	1.251	0	0	0.2234
30	5	0.07655	1	1	-0.3806
30	5	0.3081	1	0	-0.256
30	5	1.856	0	1	-0.003334
30	5	1.925	0	0	-0.5434
30	5	1.084	0	0	-0.4578
30	5	5.479	0	0	0.7365
30	5	0.1952	1	0	1.291
30	5	1.714	1	1	-1.731
30	5	0.6796	0	0	2.765
30	5	0.8666	1	0	0.6698
30	5	0.2146	1	1	-1.608
30	5	0.1836	0	0	-1.032
30	5	5.527	1	0	-0.5481
30	5	0.07395	1	1	0.4065
30	5	0.6402	1	0	-0.1923
30	5	5.188	0	0	-0.01198
30	5	5.311	0	0	2.154
31	5	0.5495	0	1	0.8805
31	5	1.912	0	0	0.4597
31	5	1.309	0	0	-1.12
31	5	0.9154	1	0	-2.972
31	5	5.493	1	1	-3.197
31	5	0.2464	1	1	-0.2634
31	5	5.497	1	1	-0.7475
31	5	0.2837	1	0	-0.1679
31	5	5.345	1	1	0.02191
31	5	2.053	1	0	-0.1963
31	5	0.94	0	0	-0.1343
31	5	2.058	1	1	-2.306
31	5	0.9627	0	1	-0.4879
31	5	0.6495	1	0	0.5868
31	5	0.04102	0	0	-0.2552
31	5	1.684	1	0	-0.1693
31	5	0.4071	0	1	-0.04599
31	5	5.621	0	0	-0.3028
31	5	2.218	1	1	-0.7181
31	5	0.1751	0	1	0.3069
31	5	1.014	0	1	-0.3306
31	5	1.121	0	0	-0.165
31	5	5.222	0	0	-0.4499
31	5	0.6219	1	1	-2.56
31	5	0.518	1	0	-0.7958
31	5	1.635	0	0	-0.6081
31	5	0.2132	1	0	-0.4753
31	5	1.724	1	1	-1.465
31	5	1.77	1	1	-0.1572
31	5	0.3731	0	0	-0.6002
31	5	0.1357	0	0	1.009
31	5	5.318	1	1	-0.6263
31	5	0.2662	1	0	-2.269
31	5	0.6303	1	0	-1.004
31	5	0.9465	1	1	-0.391
31	5	1.051	0	1	0.7174
31	5	1.856	0	0	-0.9087
31	5	0.21	0	1	-1.349
31	5	2.048	1	0	-1.222
31	5	0.08855	0	1	-1.235
31	5	0.3878	0	1	-0.5108
31	5	0.2906	0	0	3.003
31	5	5.178	0	0	-0.05531
31	5	5.581	0	0	-2.444
31	5	5.102	1	1	-0.6633
31	5	0.3116	0	0	-1.846
31	5	0.05461	0	1	-1.573
31	5	5.026	0	0	-0.8491
31	5	1.145	1	1	1.634
31	5	0.1921	1	0	-1.063
32	5	1	0	1	0.5283
32	5	0.4172	0	1	-0.2897
32	5	1.502	0	1	0.2459
32	5	0.7622	1	1	-0.2931
32	5	0.4313	0	0	0.6394
32	5	0.168	1	0	0.3549
32	5	5.126	0	0	-0.2465
32	5	1.972	1	1	-0.3172
32	5	0.9751	1	0	-0.2217
32	5	1.164	0	1	-1.308
32	5	0.4045	0	1	-1.15
32	5	0.9356	1	1	-0.8038
32	5	5.378	1	1	-1.133
32	5	0.3306	0	0	0.1248
32	5	0.2069	0	0	-0.6719
32	5	1.514	1	1	0.03244
32	5	5.28	1	1	-0.4142
32	5	0.2034	1	1	0.4073
32	5	0.6226	0	1	-0.1171
32	5	1.892	0	1	-0.04116
32	5	0.01013	1	1	0.1282
32	5	0.4567	0	1	-0.2479
32	5	0.1989	0	0	-0.4862
32	5	0.6177	1	1	-0.6738
32	5	1.186	0	0	0.5896
32	5	0.9832	1	1	0.4959
32	5	5.343	1	1	-1.526
32	5	2.239	1	1	-0.5555
32	5	5.638	0	0	-0.9712
32	5	0.4572	1	0	1.825
32	5	5.103	1	1	-0.2954
32	5	2.103	1	0	-0.3199
32	5	0.7139	0	0	-0.2057
32	5	0.708	0	1	-1.426
32	5	1.784	0	0	-0.3067
32	5	0.1923	1	0	0.3763
32	5	5.49	0	0	-0.2181
32	5	0.1483	0	0	-0.5814
32	5	0.8449	0	0	-1.422
32	5	2.003	1	1	-1.074
32	5	5.315	1	1	-0.8024
32	5	0.6361	0	0	1.704
32	5	1.813	1	1	-0.8925
32	5	0.8978	0	1	-1.406
32	5	1.583	1	0	-0.4905
32	5	0.2938	1	1	-1.866
32	5	5.25	1	1	-2.091
32	5	5.73	1	1	2.009
32	5	0.765	1	1	-1.254
33	5	0.3814	0	0	0.2165
33	5	0.7113	1	1	-0.2534
33	5	0.7218	1	0	-0.7138
33	5	0.1645	0	1	-0.5477
33	5	0.9957	1	0	-0.5308
33	5	0.4917	1	0	-0.6615
33	5	1.46	1	1	-0.1618
33	5	0.2993	1	0	0.1571
33	5	0.9155	0	0	0.3369
33	5	5.607	1	1	0.3737
33	5	1.586	0	0	-0.1437
33	5	2	1	1	0.5453
33	5	0.1956	0	1	0.5409
33	5	1.651	0	1	-0.2695
33	5	1.522	0	1	-0.6676
33	5	0.6008	0	0	-0.1537
33	5	5.724	0	0	-0.3518
33	5	1.787	0	0	0.6762
33	5	0.7336	1	0	0.8298
33	5	1.796	1	1	0.5042
33	5	5.595	0	0	2.186
33	5	0.02449	0	0	0.8756
33	5	0.844	1	0	-0.2107
33	5	5.73	1	1	0.3963
33	5	0.4129	1	0	0.1061
33	5	0.5829	0	1	-2.556
33	5	5.48	1	1	1.521
33	5	0.6376	1	0	1.451
33	5	1.85	0	0	0.9954
33	5	0.0007629	0	0	0.2316
33	5	0.09645	1	0	-0.7513
33	5	1.917	0	0	0.6943
33	5	0.01309	1	0	1.088
33	5	0.9465	1	1	0.8666
33	5	0.8092	1	1	0.9362
33	5	0.09887	1	0	-0.09921
33	5	1.738	0	0	0.4741
33	5	0.07114	0	1	1.002
33	5	5.328	1	1	-0.1808
33	5	0.7001	1	0	-0.1469
33	5	0.09994	0	0	0.07848
33	5	5.501	0	0	0.6034
33	5	5.574	1	1	-0.1544
33	5	0.737	1	0	0.3564
33	5	5.606	0	0	0.06655
33	5	0.2004	1	0	-0.2166
33	5	0.2085	1	0	0.4232
33	5	0.6896	0	0	-0.1541
33	5	5.362	0	0	-0.3019
33	5	0.5488	1	0	0.3618
34	5	0.5116	0	1	0.07815
34	5	0.513	0	1	-0.04307
34	5	0.8719	0	0	1.423
34	5	0.612	0	0	-0.4028
34	5	2.006	0	1	-0.414
34	5	0.2398	0	0	0.1126
34	5	0.3697	0	0	-1.92
34	5	1.138	0	0	0.4684
34	5	0.5904	1	0	-0.8768
34	5	0.6506	1	0	-0.8317
34	5	1.634	1	0	-1.292
34	5	0.3948	1	0	0.2221
34	5	1.361	1	1	0.4591
34	5	1.084	1	0	-0.9834
34	5	5.547	0	0	-0.4938
34	5	5.702	1	0	-0.3795
34	5	5.522	0	0	-0.2802
34	5	0.4622	0	1	-1.471
34	5	1.761	1	1	-1.444
34	5	5.322	1	1	-0.8067
34	5	0.5782	1	0	-1.51
34	5	1.932	0	1	-0.6121
34	5	0.9367	1	1	-0.9133
34	5	0.347	1	1	-0.6847
34	5	0.29	0	0	-2.837
34	5	0.3289	1	1	0.1996
34	5	1.033	1	1	-1.347
34	5	0.7868	0	1	-0.09227
34	5	5.38	0	0	-0.2911
34	5	0.8864	1	1	-0.7328
34	5	0.5661	0	0	-0.9605
34	5	1.697	0	0	-0.8835
34	5	0.919	0	0	-1.044
34	5	1.774	1	0	-1.442
34	5	0.7312	0	0	-0.4788
34	5	5.412	0	0	-0.6791
34	5	0.4684	1	1	-1.546
34	5	1.692	0	0	-0.8982
34	5	0.3835	0	1	0.116
34	5	5.111	1	1	-0.7677
34	5	5.437	1	1	-1.855
34	5	0.6932	1	1	-0.7688
34	5	5.639	1	1	-1.445
34	5	2.102	1	0	1.979
34	5	1.831	0	0	-0.8433
34	5	1.551	1	1	-2.186
34	5	0.08643	0	0	-1.684
34	5	0.3869	0	1	-1.611
34	5	0.2795	1	1	-1.497
34	5	5.167	1	1	0.06143
35	5	0.3609	0	1	-1
35	5	1.069	1	1	-1.393
35	5	0.1382	0	1	-0.242
35	5	0.4797	0	1	-1.721
35	5	0.8408	0	0	-0.0135
35	5	0.2776	1	1	-0.9635
35	5	1.048	1	1	-0.4023
35	5	0.3108	1	1	-0.5701
35	5	0.2141	1	1	-1.451
35	5	1.115	1	1	-1.093
35	5	0.4694	0	1	-0.5861
35	5	5.049	0	0	-0.6387
35	5	0.3884	1	1	-1.373
35	5	0.01645	1	0	-0.4403
35	5	0.7533	1	1	-0.6685
35	5	0.5323	0	1	-0.1233
35	5	1.615	0	1	-0.8753
35	5	0.8284	0	0	-2.099
35	5	0.01972	0	0	-2.005
35	5	1.833	0	0	-1.421
35	5	0.02821	1	1	-1.814
35	5	1.728	0	0	-0.3811
35	5	5.273	1	0	-0.6439
35	5	0.6313	1	0	0.7861
35	5	0.5275	1	0	-1.004
35	5	5.609	0	0	-1.42
35	5	0.3648	0	1	1.363
35	5	1.982	1	1	0.138
35	5	2.064	1	1	-2.853
35	5	0.7992	1	1	-1.582
35	5	1.072	1	0	-1.09
35	5	5.571	1	1	1.894
35	5	5.499	1	1	-0.03177
35	5	0.02234	0	1	0.3082
35	5	2.03	1	1	-0.7688
35	5	5.175	0	0	-0.6018
35	5	5.568	0	0	-1.047
35	5	0.4073	0	0	-1.026
35	5	5.543	0	0	-0.3228
35	5	0.2649	1	1	0.3193
35	5	5.267	1	1	-1.083
35	5	1.366	0	0	-0.3343
35	5	0.5055	1	0	1.772
35	5	1.459	0	0	-0.9732
35	5	0.3961	0	0	-1.793
35	5	0.8476	1	1	-3.103
35	5	5.679	0	0	-0.1246
35	5	1.999	1	1	-1.649
35	5	0.1669	1	1	1.834
35	5	1.945	1	1	1.405
36	5	1.096	0	0	1.59
36	5	0.6524	1	1	-0.6304
36	5	2.005	0	0	-0.7571
36	5	1.114	1	1	0.09569
36	5	0.9208	1	1	-0.1164
36	5	1.85	0	1	0.09328
36	5	0.5221	0	1	-0.117
36	5	1.506	0	1	-0.5994
36	5	5.095	0	0	0.8468
36	5	1.711	0	1	-0.2813
36	5	0.905	1	1	0.6788
36	5	1.839	1	1	0.2456
36	5	1.059	1	1	0.3083
36	5	1.101	1	0	-0.2615
36	5	5.355	1	1	0.8312
36	5	0.6442	1	1	1.292
36	5	0.9974	0	0	0.3454
36	5	0.2487	1	1	1.191
36	5	0.1919	0	1	0.142
36	5	0.5545	0	1	-0.5605
36	5	0.6421	1	0	-0.8715
36	5	5.17	1	1	0.4036
36	5	0.9288	1	0	0.9888
36	5	1.665	1	1	-1.15
36	5	0.6893	1	0	0.5823
36	5	5.845	1	1	-1.382
36	5	1.721	0	0	0.8352
36	5	5.648	0	0	0.1175
36	5	5.888	1	1	0.6111
36	5	0.6016	0	1	0.7092
36	5	0.3441	0	0	-0.4514
36	5	0.3165	0	1	0.2994
36	5	5.21	1	1	-0.4124
36	5	0.3731	0	1	0.1536
36	5	5.273	0	0	-0.7323
36	5	1.495	0	0	0.09648
36	5	5.262	1	1	-0.6083
36	5	0.07043	1	0	0.403
36	5	0.7849	1	1	-0.908
36	5	0.001516	1	0	-2.647
36	5	1.534	0	0	1.572
36	5	0.5554	0	0	1.747
36	5	5.29	1	1	-0.9271
36	5	1.982	0	1	1.387
36	5	0.263	0	0	0.7325
36	5	0.6492	1	0	0.5342
36	5	0.6308	1	1	-1.69
36	5	0.4177	0	1	1.885
36	5	0.2319	0	0	-1.365
36	5	0.3275	0	1	1.893
37	5	5.63	1	1	-1.286
37	5	0.1951	1	1	2.067
37	5	5.47	1	1	-0.9957
37	5	0.3911	1	1	-1.53
37	5	5.404	1	1	-1.036
37	5	0.7515	0	0	1.643
37	5	1.757	1	1	-0.42
37	5	0.6815	1	1	1.135
37	5	0.11	0	1	-0.225
37	5	0.5399	1	1	0.1877
37	5	0.0978	1	1	-1.733
37	5	0.3371	0	1	-1.506
37	5	0.2112	0	0	-1.624
37	5	0.5252	1	1	1.004
37	5	1.55	0	1	-0.9738
37	5	1.791	0	0	-1.614
37	5	0.4467	1	1	-0.4632
37	5	1.161	0	1	-0.5437
37	5	0.1743	0	0	-0.8829
37	5	5.494	1	1	-3.034
37	5	1.983	0	0	0.2016
37	5	0.3795	0	1	-1.284
37	5	0.4222	1	0	-1.759
37	5	2.019	0	1	0.5717
37	5	0.4355	0	1	-1.274
37	5	1.406	0	0	0.4282
37	5	5.298	0	0	-0.9118
37	5	2.17	1	1	-0.333
37	5	0.9798	1	0	-2.184
37	5	1.539	1	1	0.08662
37	5	0.5621	1	0	0.4873
37	5	0.9473	1	1	-0.1032
37	5	0.05861	1	0	0.9608
37	5	0.7788	0	1	-1.803
37	5	5.646	1	1	-0.966
37	5	1	0	0	-0.8999
37	5	5.772	1	1	-2.021
37	5	5.46	0	0	1.023
37	5	0.8077	1	1	-0.9514
37	5	0.8793	0	0	0.2557
37	5	0.2238	0	1	-1.307
37	5	0.9603	0	0	-0.537
37	5	0.4327	0	1	1.914
37	5	0.07111	0	0	-1.005
37	5	5.393	1	1	0.02015
37	5	1.402	1	1	0.2697
37	5	1.178	1	0	-0.662
37	5	0.4121	1	0	0.9277
37	5	5.442	0	0	-2.257
37	5	1.922	0	0	0.3232
38	5	0.03258	1	0	-1.12
38	5	0.6883	0	0	-0.7448
38	5	0.6349	1	1	-0.09027
38	5	1.69	1	1	-1.359
38	5	0.2079	1	1	0.7522
38	5	0.2567	0	1	-1.568
38	5	5.558	0	0	0.8194
38	5	0.2915	1	1	0.04525
38	5	1.707	0	0	0.4835
38	5	0.2977	0	1	-1.092
38	5	1.238	1	0	-1.077
38	5	0.7694	1	1	-0.4611
38	5	5.537	0	0	-0.9184
38	5	0.3057	0	0	-2.333
38	5	0.03576	0	1	-0.8426
38	5	0.8925	0	1	-1.247
38	5	5.427	1	1	-1.273
38	5	5.525	0	0	0.1388
38	5	0.3111	0	0	-0.8225
38	5	0.7063	1	1	-0.0005389
38	5	5.526	1	1	-1.3
38	5	5.407	1	1	-1.138
38	5	0.5633	1	0	-0.4499
38	5	1.506	0	0	-1.205
38	5	0.2635	1	0	-0.155
38	5	1.709	0	1	-0.1358
38	5	1.913	1	1	-0.7067
38	5	0.8208	1	1	-2.101
38	5	0.2514	1	1	-0.1613
38	5	1.672	0	1	-0.04668
38	5	1.825	0	0	0.7359
38	5	5.534	0	0	-1.372
38	5	0.6288	1	1	1.353
38	5	0.2745	1	1	0.07649
38	5	5.408	1	1	-1.225
38	5	1.569	0	0	2.491
38	5	0.5331	0	1	-0.8164
38	5	1.096	1	1	-0.4261
38	5	0.7386	1	1	-0.6589
38	5	1	0	1	-1.446
38	5	0.3027	0	0	-1.191
38	5	0.7766	1	1	-1.335
38	5	1.772	0	0	-0.07309
38	5	5.841	1	1	-0.2327
38	5	0.6437	1	1	-0.3161
38	5	0.2483	1	1	-0.2477
38	5	1.01	0	0	-0.3732
38	5	5.187	0	0	-0.6034
38	5	0.132	0	0	-0.8054
38	5	1.779	0	1	-0.349
39	5	0.4958	0	0	-0.3911
39	5	0.2359	1	0	-0.1739
39	5	0.582	0	0	0.01717
39	5	0.9963	1	0	0.2801
39	5	0.8876	1	0	-0.05305
39	5	0.3554	0	1	0.249
39	5	0.8286	1	1	-1.277
39	5	0.2497	1	1	-0.4175
39	5	0.8828	0	1	-0.7871
39	5	5.623	1	1	-0.2739
39	5	5.49	1	1	0.2552
39	5	0.2442	0	1	0.2139
39	5	1.037	0	0	-1.662
39	5	1.558	0	0	-0.3138
39	5	0.7682	1	0	-2.495
39	5	5.252	1	1	-0.7633
39	5	0.8466	1	1	-3.305
39	5	0.1107	0	1	0.02985
39	5	1.821	1	1	0.06222
39	5	1.115	0	1	-0.497
39	5	5.204	0	0	0.01898
39	5	1.769	1	1	0.06738
39	5	0.2205	1	1	0.3212
39	5	5.674	1	1	-0.7503
39	5	0.7149	0	0	-0.2168
39	5	0.2052	1	0	-0.1872
39	5	1.756	1	0	0.2068
39	5	0.8113	1	1	1.021
39	5	0.01145	1	0	-0.1119
39	5	1.926	0	0	-0.1989
39	5	0.9669	0	0	0.8881
39	5	0.6863	0	0	1.137
39	5	1.548	1	0	0.2894
39	5	5.231	1	1	-0.7979
39	5	0.7494	1	0	-1.307
39	5	5.357	0	0	0.7667
39	5	5.407	0	0	-0.3247
39	5	5.765	1	1	-0.1204
39	5	4.826	0	0	-1.973
39	5	0.8585	0	0	1.264
39	5	0.2618	0	0	0.2797
39	5	1.932	0	0	0.6893
39	5	0.736	0	1	0.1114
39	5	1.86	0	0	0.2071
39	5	0.3777	1	1	-3.476
39	5	0.2878	1	0	1.49
39	5	1.808	0	0	0.1793
39	5	0.4199	0	1	-0.2552
39	5	1.511	0	0	0.8112
39	5	0.2571	0	1	-0.02905
40	6	1.953	1	0	0.3511
40	6	0.04753	1	1	-0.2273
40	6	0.01914	0	1	0.04545
40	6	5.327	1	0	0.8493
40	6	0.01218	1	1	-0.3012
40	6	1.725	1	0	0.08618
40	6	0.6845	1	1	-1.14
40	6	0.2544	0	0	0.412
40	6	5.447	0	0	0.9583
40	6	2.12	0	0	0.7016
40	6	0.5578	0	0	-0.1069
40	6	0.2251	1	1	0.3459
40	6	0.8612	0	0	0.3233
40	6	0.3188	0	0	0.6861
40	6	1.578	1	1	-0.2899
40	6	0.8623	1	0	0.4741
40	6	5.597	0	0	0.09461
40	6	1.604	1	1	0.8455
40	6	5.071	0	0	0.4597
40	6	4.993	1	1	0.7668
40	6	0.808	0	0	-0.3608
40	6	0.7443	1	0	-0.7194
40	6	1.949	1	0	0.5194
40	6	0.8507	0	0	-0.2754
40	6	0.4744	0	1	0.9552
40	6	5.541	1	1	0.5533
40	6	0.3231	0	0	0.5651
40	6	0.3828	1	1	-0.5747
40	6	0.293	0	0	0.6453
40	6	0.6252	0	0	-0.3168
40	6	0.8668	1	0	-0.5259
40	6	0.5051	1	0	2.513
40	6	1.565	1	1	-0.1227
40	6	1.266	1	1	-1.935
40	6	5.822	1	0	-1.777
40	6	5.577	0	0	0.8518
40	6	0.3131	0	0	1.693
40	6	2.053	0	0	-1.636
40	6	2.005	0	1	-0.3471
40	6	1.921	1	1	-1.302
40	6	0.53	1	1	-0.5442
40	6	0.5277	0	0	0.4138
40	6	0.6057	0	0	2.655
40	6	0.5608	0	0	0.6224
40	6	0.09581	0	0	0.6583
40	6	5.663	0	0	-1.497
40	6	0.8962	1	1	0.4912
40	6	0.1399	0	1	0.6608
40	6	0.2584	1	1	-0.6041
40	6	5.531	1	1	0.1631
41	6	2.135	0	0	0.7354
41	6	0.1697	1	0	-1.479
41	6	1.972	0	0	-1.136
41	6	0.8269	1	0	0.08608
41	6	0.6156	0	0	-0.3481
41	6	5.658	0	0	0.09367
41	6	0.03475	1	0	0.9736
41	6	0.6573	0	0	-1.507
41	6	0.6499	0	1	-2.333
41	6	5.644	1	1	-0.3237
41	6	0.9494	1	0	-1.79
41	6	0.3784	1	0	0.7338
41	6	1.052	1	0	0.01671
41	6	5.167	1	1	-0.6195
41	6	0.4837	0	0	-1.242
41	6	5.184	0	0	-0.7098
41	6	1.805	0	0	0.4901
41	6	1.645	0	0	0.05819
41	6	0.4209	0	1	-0.6159
41	6	1.137	1	0	0.125
41	6	2.271	0	0	1.489
41	6	0.9433	1	1	1.195
41	6	5.339	1	1	0.2087
41	6	0.7144	0	0	-1.974
41	6	5.439	1	1	0.499
41	6	0.04075	1	0	0.672
41	6	1.936	1	1	-1.597
41	6	1.958	1	0	0.7177
41	6	5.429	0	0	-0.6002
41	6	0.5991	1	0	-1.285
41	6	0.1322	0	0	0.3686
41	6	0.8511	0	0	0.2824
41	6	2.004	1	0	-1.009
41	6	0.9385	1	0	-0.4725
41	6	0.625	1	0	0.7616
41	6	5.185	0	0	-0.5612
41	6	5.39	1	1	-1.266
41	6	0.4954	1	0	-0.658
41	6	1.325	0	0	-0.7323
41	6	0.3959	0	0	-1.87
41	6	0.4826	0	1	0.6571
41	6	5.429	0	0	-0.04312
41	6	1.87	1	0	-1.467
41	6	0.09555	1	0	0.8845
41	6	0.1683	0	0	-2.629
41	6	0.9697	1	1	-1.916
41	6	2.042	1	0	0.9251
41	6	0.6536	0	0	0.4274
41	6	0.1511	1	1	-1.293
42	6	0.4848	0	0	-0.5915
42	6	0.2545	0	0	-0.2988
42	6	0.8318	1	1	0.03262
42	6	1.556	0	1	-0.04124
42	6	1.786	1	1	-0.01609
42	6	0.3457	1	1	-0.6871
42	6	5.435	0	0	-0.8821
42	6	5.655	0	1	0.6603
42	6	0.9253	1	1	-1.135
42	6	0.1385	1	0	-0.9116
42	6	1.909	1	0	-0.3721
42	6	1.866	0	1	0.04698
42	6	0.1642	0	0	-1.856
42	6	0.3059	0	0	-0.05364
42	6	5.641	1	1	-0.5838
42	6	1.084	0	1	-0.9373
42	6	5.189	1	1	-1.029
42	6	0.9685	0	1	-0.4229
42	6	5.386	0	0	-0.8759
42	6	0.5754	1	1	-0.4773
42	6	1.069	1	0	0.3245
42	6	5.365	0	0	0.241
42	6	0.3472	0	0	-0.4698
42	6	0.9087	1	0	-1.44
42	6	0.6106	1	0	0.5376
42	6	0.2013	1	0	0.6094
42	6	5.107	0	0	-0.3608
42	6	1.413	0	0	-0.8369
42	6	0.9877	1	0	-0.2484
42	6	0.3618	0	1	2.104
42	6	0.3653	1	1	0.05553
42	6	1.538	1	0	-1.438
42	6	0.4312	1	1	-0.04998
42	6	0.0144	1	0	0.4758
42	6	0.1464	1	1	-1.096
42	6	0.6674	0	0	-0.3381
42	6	1.676	0	1	-1.078
42	6	2.191	1	0	-2.059
42	6	0.5885	0	0	1.472
42	6	1.815	1	0	-0.7396
42	6	5.039	1	1	-1.262
42	6	0.7456	0	0	-1.969
42	6	5.547	0	0	-0.9725
42	6	0.2974	0	1	-0.7969
42	6	1.028	0	0	-0.1378
42	6	0.9977	1	1	-0.6672
42	6	0.8399	0	0	-0.0606
42	6	0.1331	0	0	0.1796
42	6	5.458	1	1	-0.7504
42	6	1.585	1	0	-2.39
43	6	1.14	0	0	-0.8344
43	6	1.92	1	1	-1.024
43	6	5.274	0	0	1.824
43	6	1.995	1	1	0.8066
43	6	0.5697	1	0	0.1426
43	6	0.447	0	0	-0.5483
43	6	5.517	0	0	-0.4409
43	6	0.5849	1	0	-1.235
43	6	1.886	0	0	-0.344
43	6	0.3918	0	0	0.01989
43	6	0.335	1	0	-0.2901
43	6	1.712	1	0	-0.08797
43	6	0.8878	1	0	-0.7226
43	6	0.9377	0	0	-0.0234
43	6	1.009	1	0	-0.7232
43	6	0.3219	0	0	-0.4416
43	6	0.2946	0	0	0.07387
43	6	5.248	0	0	-0.2628
43	6	0.3931	0	0	-0.5566
43	6	5.498	0	0	-0.03927
43	6	0.6504	1	0	0.3333
43	6	0.7407	0	0	-0.3639
43	6	5.32	1	1	-0.2854
43	6	1.707	1	1	-0.8642
43	6	1.608	0	0	0.07916
43	6	1.12	0	0	-1.547
43	6	5.425	0	0	-0.2715
43	6	0.3992	0	0	0.9891
43	6	5.278	1	1	-0.4687
43	6	0.5614	1	0	-1.095
43	6	5.372	0	0	2.127
43	6	5.519	1	0	0.4449
43	6	0.235	1	0	0.04545
43	6	0.6015	0	0	-0.5193
43	6	1.833	1	0	0.4055
43	6	0.729	1	0	-0.1049
43	6	0.8759	1	0	-0.1776
43	6	1.048	0	0	-0.1849
43	6	0.1881	1	1	-0.4508
43	6	0.05661	1	0	-0.2767
43	6	0.02691	0	1	-0.7397
43	6	0.7756	1	1	-2.504
43	6	0.04985	0	0	0.08593
43	6	1.873	1	0	0.8672
43	6	0.4992	0	0	-0.2017
43	6	2.03	0	0	1.647
43	6	0.1783	1	1	-0.4141
43	6	5.392	1	1	1.814
43	6	1.828	0	0	-0.2324
43	6	0.3761	1	1	0.1017
44	6	0.5371	1	1	-0.07937
44	6	0.7336	0	0	-0.4861
44	6	5.379	0	0	0.5627
44	6	0.7002	1	1	0.4123
44	6	0.9079	1	1	-0.4178
44	6	2.051	0	0	0.1591
44	6	1.012	0	1	-0.128
44	6	1.871	1	1	-1.33
44	6	0.109	0	0	0.816
44	6	5.446	0	0	0.2948
44	6	5.576	0	0	0.06811
44	6	0.492	0	0	0.2833
44	6	5.472	0	0	-0.559
44	6	1.777	1	0	0.1428
44	6	5.135	0	0	-0.9532
44	6	5.664	1	1	-0.4416
44	6	5.661	1	0	-0.1213
44	6	0.8375	0	0	-0.4555
44	6	0.08774	1	1	0.04394
44	6	0.08037	0	0	-1.53
44	6	1.507	0	1	-1.14
44	6	0.007306	1	0	-0.0006804
44	6	0.2155	1	1	-0.7864
44	6	1.484	1	0	-0.8382
44	6	0.3498	1	0	-1.803
44	6	0.1689	0	0	1.718
44	6	0.7457	0	0	-1.221
44	6	0.2046	1	0	-0.5068
44	6	1.798	1	1	-1.904
44	6	1.359	0	0	-1.005
44	6	0.2079	1	1	-0.225
44	6	5.33	1	1	0.1366
44	6	1.948	1	0	-0.6389
44	6	1.925	1	1	-0.9497
44	6	0.9302	0	0	0.2894
44	6	5.276	0	0	0.822
44	6	0.0473	0	0	-1.962
44	6	2.025	0	0	-0.01192
44	6	0.4873	0	1	0.8434
44	6	0.8158	1	0	-0.9784
44	6	0.8022	1	0	-0.713
44	6	0.5537	1	1	-0.769
44	6	0.1699	0	1	1.092
44	6	0.5666	1	0	0.01878
44	6	0.3174	1	1	0.4668
44	6	5.599	0	0	0.438
44	6	0.9023	1	0	-0.5305
44	6	1.922	0	0	0.09187
44	6	0.2907	0	0	-0.9204
44	6	1.642	1	1	-2.086
45	6	0.08968	1	1	0.8237
45	6	0.4835	0	0	-0.5679
45	6	0.2697	1	1	-0.4984
45	6	5.436	1	1	-0.2518
45	6	0.1882	0	1	-0.1307
45	6	0.9569	0	1	-0.3926
45	6	0.04373	0	1	1.716
45	6	5.292	0	0	0.8323
45	6	1.966	0	1	-0.9875
45	6	0.1095	1	0	-0.3601
45	6	0.6596	1	1	-0.7566
45	6	5.208	0	0	-0.1428
45	6	0.5397	0	0	-0.3912
45	6	0.6473	0	1	-0.3463
45	6	1.08	0	0	0.6448
45	6	1.278	1	1	-0.1041
45	6	1.252	1	1	0.7197
45	6	1.164	1	1	0.9144
45	6	1.717	1	1	-0.499
45	6	5.553	1	1	1.038
45	6	0.9789	0	0	-0.3663
45	6	2.364	1	1	0.4321
45	6	0.1932	1	1	-0.1314
45	6	0.2193	0	1	-0.2186
45	6	0.6479	0	0	0.8223
45	6	0.3788	1	1	0.6039
45	6	2.035	1	0	-0.7348
45	6	0.8963	0	0	-0.3365
45	6	0.2231	0	1	-2.06
45	6	5.563	0	0	-0.1721
45	6	5.286	1	1	-0.9749
45	6	0.8144	1	0	-0.2208
45	6	5.319	1	1	0.2124
45	6	5.581	0	0	-0.3862
45	6	0.4095	0	0	1.561
45	6	1.804	1	1	-1.013
45	6	1.634	1	1	-0.6186
45	6	0.4258	1	0	3.123
45	6	0.9686	0	0	0.2701
45	6	2.22	1	1	0.1708
45	6	5.448	0	0	0.7384
45	6	1.759	1	1	-1.029
45	6	5.918	1	1	-2.194
45	6	0.4951	0	0	0.8864
45	6	0.1985	0	0	-2.412
45	6	0.4463	1	1	0.6589
45	6	1.013	0	0	1.27
45	6	0.7036	0	0	0.5066
45	6	1.935	0	0	-1.33
45	6	2.053	1	0	-1.605
46	6	0.9267	1	1	0.7561
46	6	0.7975	0	0	1.481
46	6	0.3645	1	1	-0.7768
46	6	0.3009	0	0	-0.1387
46	6	0.417	1	1	-0.04202
46	6	0.09941	1	1	-0.7672
46	6	0.3178	0	1	-0.6888
46	6	0.9817	1	1	0.2551
46	6	0.8405	1	0	-0.3227
46	6	0.1147	0	1	-0.6223
46	6	0.7724	0	1	-0.05083
46	6	5.5	0	0	0.3581
46	6	0.1917	1	1	-0.6952
46	6	5.184	0	0	0.5804
46	6	1.507	1	1	-1.089
46	6	0.4144	0	0	-0.4777
46	6	0.6019	0	1	0.8173
46	6	1.82	0	0	0.6967
46	6	2.038	1	1	-1.644
46	6	0.1439	1	1	-0.2032
46	6	0.4529	1	1	-1.422
46	6	5.323	0	0	0.5732
46	6	0.8152	1	0	-1.758
46	6	1.692	0	0	-0.6737
46	6	1.273	1	1	0.06892
46	6	1.652	0	1	-1.293
46	6	0.3998	1	1	0.8337
46	6	1.629	0	0	1.476
46	6	0.6123	0	0	-1.999
46	6	0.2238	0	0	0.1048
46	6	0.2705	1	0	1.357
46	6	5.343	1	1	-0.08476
46	6	1.087	0	0	0.9903
46	6	0.3879	1	0	0.2972
46	6	1.782	1	1	1.393
46	6	5.652	1	1	-0.5273
46	6	1.28	1	1	-1.061
46	6	0.2324	0	0	0.3246
46	6	1.659	0	0	-0.8397
46	6	1.918	0	0	0.1043
46	6	0.1923	0	0	1.024
46	6	0.2183	0	0	-0.3509
46	6	0.2937	1	1	-1.632
46	6	1.614	0	0	1.484
46	6	5.257	1	1	1.123
46	6	5.022	0	0	1.387
46	6	0.8658	0	0	-0.3517
46	6	5.455	0	0	-1.785
46	6	5.348	0	0	0.04883
46	6	5.283	1	1	-1.023
47	6	0.3307	0	1	0.8614
47	6	5.593	0	0	-0.4837
47	6	5.708	1	1	-1.578
47	6	0.7622	0	1	-1.334
47	6	0.1977	1	1	-1.219
47	6	1.544	0	1	0.3485
47	6	2.019	0	0	-0.03126
47	6	0.298	1	1	-0.616
47	6	1.178	1	0	-0.5407
47	6	1.766	0	0	-0.4288
47	6	0.9666	1	0	-0.4656
47	6	0.4595	1	0	-1.833
47	6	0.2456	0	1	-0.2789
47	6	5.538	0	0	-0.5071
47	6	1.715	0	0	0.3539
47	6	0.7865	0	1	-0.4535
47	6	0.8528	1	1	-0.8063
47	6	0.9202	1	1	-0.605
47	6	0.2219	1	0	0.7136
47	6	6.041	1	1	-1.725
47	6	1.787	1	1	0.4011
47	6	0.04706	0	1	-0.03238
47	6	5.492	1	1	-1.124
47	6	0.3399	0	1	-1.397
47	6	0.3143	0	1	-0.4042
47	6	0.4415	1	1	-0.9907
47	6	5.883	1	1	1.293
47	6	2.147	0	0	-0.4175
47	6	0.4473	1	1	1.283
47	6	0.3619	1	1	-0.5749
47	6	1.291	0	0	-0.3697
47	6	0.3963	0	1	-0.2584
47	6	2.041	1	1	0.4493
47	6	0.7241	0	1	-1.931
47	6	1.736	1	1	-1.22
47	6	1.317	0	0	-0.9995
47	6	5.466	0	0	-0.7414
47	6	0.462	0	1	2.849
47	6	5.521	0	0	-0.6848
47	6	0.4427	0	0	-0.239
47	6	0.4717	0	0	-2.089
47	6	0.1286	1	0	-1.06
47	6	0.2245	1	1	-1.665
47	6	0.116	0	0	1.72
47	6	0.1051	1	0	-1.862
47	6	5.228	1	1	0.006718
47	6	0.8703	1	1	-2.653
47	6	1.921	1	1	3.298
47	6	5.263	1	1	-2.827
47	6	1.838	1	1	2.661
48	6	5.323	1	1	1.796
48	6	0.5881	0	1	-0.7109
48	6	0.8537	0	0	-0.6132
48	6	0.8159	1	1	-0.07141
48	6	2.102	1	0	-0.1288
48	6	0.6383	0	0	-1.799
48	6	0.2674	1	1	-0.6172
48	6	5.285	0	0	1.293
48	6	0.6975	1	1	0.1376
48	6	0.1738	1	1	-1.207
48	6	0.5254	0	1	0.1069
48	6	0.01828	1	1	-0.1007
48	6	0.3017	1	1	1.172
48	6	1.441	1	1	0.2035
48	6	2.226	0	0	-1.983
48	6	1.948	0	0	1.512
48	6	0.2601	0	0	0.5785
48	6	5.391	0	0	0.2954
48	6	0.7943	0	1	-0.6711
48	6	0.08723	1	1	-0.4426
48	6	1.733	1	1	-0.6197
48	6	5.62	1	1	0.7594
48	6	0.5148	0	0	0.9926
48	6	0.3077	1	1	0.6122
48	6	1.743	0	0	-0.9913
48	6	1.05	0	0	-1.965
48	6	1.531	0	0	-0.2119
48	6	5.325	0	0	-0.06299
48	6	1.66	0	0	0.5695
48	6	0.6011	1	1	-0.4569
48	6	0.311	0	0	-0.9749
48	6	0.9452	0	0	0.6596
48	6	0.4524	1	1	2.015
48	6	0.7737	1	0	1.444
48	6	1.877	1	0	0.1263
48	6	0.5587	0	0	-0.1279
48	6	0.7363	1	1	-0.7908
48	6	0.09641	0	1	0.66
48	6	0.1542	1	0	-0.2632
48	6	0.2875	1	0	-0.7487
48	6	5.775	1	1	-0.02285
48	6	0.1753	1	0	0.5566
48	6	5.61	1	1	-2.196
48	6	5.466	1	1	0.1408
48	6	0.086	0	0	-1.843
48	6	5.68	1	1	-0.1508
48	6	1.751	0	0	-1.865
48	6	5.619	0	0	-1.536
48	6	1.893	1	1	-0.1497
48	6	0.6861	0	0	1.858
49	6	1.092	0	0	1.933
49	6	1.813	1	0	1.235
49	6	0.4285	0	0	0.5377
49	6	0.3188	1	0	0.3034
49	6	0.4327	0	1	-0.3835
49	6	0.1459	1	1	0.8538
49	6	0.2788	1	0	0.8938
49	6	5.229	1	1	-1.794
49	6	1.679	1	1	-0.7119
49	6	1.629	1	0	3.705
49	6	0.7917	1	0	0.8161
49	6	5.235	1	1	0.1048
49	6	0.7683	1	1	-0.08419
49	6	5.428	1	1	-1.146
49	6	0.3857	0	0	2.558
49	6	1.063	0	1	-0.6848
49	6	0.6315	1	1	-1.687
49	6	0.2801	0	1	-0.3937
49	6	0.8902	0	1	-0.1959
49	6	0.2754	1	1	0.4746
49	6	0.3553	1	0	-0.3854
49	6	0.257	1	1	0.4696
49	6	0.5135	1	0	0.5857
49	6	2.153	0	1	-2.236
49	6	0.007437	0	0	-1.469
49	6	1.547	0	0	-0.8416
49	6	0.875	1	0	-1.714
49	6	2.053	0	0	0.5649
49	6	1.602	1	1	-0.6416
49	6	0.5093	0	0	0.4196
49	6	0.0869	0	0	0.08859
49	6	0.3069	0	1	-1.133
49	6	5.123	0	0	0.02721
49	6	4.885	0	0	1.007
49	6	0.0759	1	1	-0.7163
49	6	0.6194	1	0	-0.4593
49	6	1.127	0	0	-0.6516
49	6	5.468	0	0	0.8579
49	6	5.522	0	0	-0.1981
49	6	5.384	1	1	0.3786
49	6	2.101	0	0	1.94
49	6	5.19	1	1	1.512
49	6	0.7792	1	1	-0.07241
49	6	0.1413	0	1	-1.829
49	6	1.693	0	0	-1.293
49	6	1.687	0	0	-0.4784
49	6	0.482	1	0	-1.432
49	6	0.3284	1	0	-0.9478
49	6	0.5182	0	1	-1.5
49	6	5.669	1	1	-1.061
