0	2	0.2651	0	0	0.6161	0.4035
0	2	5.534	0	0	-0.2343	-1.907
0	2	1.656	0	0	0.1517	-0.5828
0	2	5.364	1	1	0.5436	-1.902
0	2	0.2341	0	0	-0.01912	0.4086
0	2	5.459	0	0	0.3612	-1.909
0	2	0.5273	1	1	0.5719	0.1854
0	2	0.5884	1	1	0.1878	0.1716
0	2	1.267	0	0	-1.194	-0.32
0	2	0.3677	0	0	0.1349	0.33
0	2	0.9031	0	1	-0.6031	1.376
0	2	0.4577	1	1	-0.1273	0.2728
0	2	1.744	0	0	0.3695	-0.616
0	2	0.6324	0	0	-0.4954	0.1567
0	2	0.2634	0	0	0.5231	0.4324
0	2	2.058	0	0	-0.2367	-0.8638
0	2	1.855	1	1	0.6688	-0.7118
0	2	0.7889	1	1	1.131	-0.03581
0	2	0.7596	1	1	1.337	0.05762
0	2	0.6889	1	0	0.3112	1.128
0	2	0.2032	1	0	0.4943	0.7337
0	2	1.009	0	0	0.08426	-0.1507
0	2	1.738	1	1	-1.236	-0.6557
0	2	1.867	0	0	0.5583	-0.7314
0	2	0.4115	1	0	-0.06169	0.9774
0	2	5.528	1	1	-4.527	-1.913
0	2	0.3634	1	1	0.4404	0.354
0	2	0.009953	0	0	1.048	0.6059
0	2	2.044	1	1	0.8212	-0.8474
0	2	5.64	1	1	0.006902	-1.92
0	2	0.5328	1	1	-1.044	0.1866
0	2	5.666	1	1	1.95	-1.92
0	2	0.8094	0	0	2.17	-0.04826
0	2	0.2914	0	0	0.3452	0.4438
0	2	0.4125	1	1	-0.05979	0.3081
0	2	1.941	0	0	-2.281	-0.7621
0	2	1.934	0	0	2.145	-0.7911
0	2	0.8324	0	0	-0.1306	-0.02398
0	2	5.291	0	0	-0.3307	-1.888
0	2	0.668	1	0	0.6338	1.118
0	2	1.691	1	1	1.289	-0.6273
0	2	0.1405	0	0	-0.3178	0.4855
0	2	0.6408	1	0	-2.807	1.128
0	2	0.001893	0	0	-1.257	0.5866
0	2	0.4559	0	1	1.01	0.9317
0	2	5.45	1	1	0.6495	-1.902
0	2	0.2903	1	0	0.5773	0.8253
0	2	0.09099	1	0	0.1241	0.7018
0	2	5.917	0	0	0.2743	-1.927
0	2	5.535	0	0	1.023	-1.915
1	2	0.3871	0	1	-0.6771	0.9061
1	2	1.466	0	0	0.6644	-0.4331
1	2	1.007	0	0	0.8009	-0.1965
1	2	1.064	1	1	-0.3639	-0.1905
1	2	5.52	1	1	-1.013	-1.913
1	2	0.4491	1	0	0.1772	1.026
1	2	5.346	1	1	-0.4413	-1.903
1	2	0.3846	1	0	0.7188	0.889
1	2	5.213	1	1	0.719	-1.881
1	2	1.687	1	1	-0.8003	-0.6665
1	2	0.5143	0	1	-0.1618	0.937
1	2	1.859	1	0	-0.04024	1.653
1	2	0.9489	0	1	0.2735	1.269
1	2	0.9059	1	0	0.2227	1.258
1	2	0.02961	0	0	-0.121	0.5643
1	2	1.826	1	0	0.02134	1.842
1	2	0.3342	0	0	-0.274	0.3657
1	2	5.392	0	0	1.052	-1.903
1	2	1.842	1	1	-0.8213	-0.7306
1	2	0.537	1	1	-0.1004	0.1888
1	2	0.729	0	0	-0.3938	-0.007338
1	2	0.9735	0	0	1.184	-0.0856
1	2	5.31	0	0	0.2865	-1.898
1	2	0.5716	1	1	0.06647	0.1706
1	2	0.5304	1	1	-0.8873	0.2001
1	2	1.8	0	1	0.7697	1.849
1	2	0.2085	1	1	-0.6403	0.4547
1	2	1.81	1	1	-1.959	-0.6942
1	2	1.744	1	0	2.113	1.761
1	2	0.2904	0	1	-0.6614	0.7999
1	2	0.06229	0	1	0.8232	0.7031
1	2	5.83	1	1	-0.01907	-1.931
1	2	0.1587	1	1	-0.9714	0.3896
1	2	0.1382	1	1	1.348	0.4624
1	2	1.312	1	1	-0.5683	-0.3407
1	2	1.238	0	1	1.752	1.52
1	2	2.187	0	1	0.8423	2.135
1	2	0.138	0	0	-0.09261	0.5014
1	2	1.589	1	1	-1.207	-0.5687
1	2	0.1648	0	1	1.438	0.673
1	2	0.374	0	1	1.385	0.891
1	2	0.528	0	1	1.032	1.079
1	2	5.732	0	0	1.131	-1.918
1	2	5.386	0	0	0.02489	-1.909
1	2	5.469	1	1	1.403	-1.915
1	2	0.914	0	1	1.191	1.199
1	2	0.2663	0	1	-1.114	0.8065
1	2	5.258	0	0	0.3513	-1.892
1	2	0.7808	1	0	1.312	1.182
1	2	0.3013	1	1	0.8227	0.446
2	2	0.9061	0	1	-1.734	1.171
2	2	0.2477	0	0	0.3125	0.3871
2	2	1.343	0	0	-0.6482	-0.3407
2	2	0.6271	1	0	-0.2175	1.105
2	2	0.1464	0	0	-0.663	0.4899
2	2	0.374	1	1	0.7668	0.3002
2	2	5.483	0	0	0.03876	-1.914
2	2	1.734	1	1	0.744	-0.719
2	2	1.039	1	1	0.8707	-0.1409
2	2	0.6967	0	0	0.1852	0.05122
2	2	0.2381	1	0	1.842	0.4121
2	2	0.8169	1	1	-0.263	0.03479
2	2	5.526	1	1	1.049	-1.91
2	2	0.1013	0	1	1.039	0.6958
2	2	0.2907	0	0	0.304	0.3944
2	2	1.575	1	1	1.478	-0.5157
2	2	5.449	1	1	0.03962	-1.908
2	2	0.6082	0	0	2.15	0.12
2	2	0.3624	1	1	0.2609	0.353
2	2	0.2363	0	1	-0.4732	0.8307
2	2	1.576	0	1	0.04279	1.708
2	2	0.5399	1	1	0.5913	0.2287
2	2	0.01718	0	0	-1.723	0.6055
2	2	0.03018	0	1	0.0012	0.6617
2	2	0.4895	1	1	-1.202	0.2238
2	2	0.8717	0	0	-0.669	-0.006234
2	2	1.151	1	1	-0.7536	-0.2502
2	2	5.552	1	1	-0.6359	-1.913
2	2	1.884	1	1	1.773	-0.7496
2	2	5.146	0	0	-0.542	-1.891
2	2	0.3297	1	1	0.1921	0.3711
2	2	5.659	1	1	0.4197	-1.918
2	2	1.821	1	1	-0.5525	-0.6954
2	2	0.864	0	1	0.6763	1.22
2	2	0.838	0	0	0.859	-0.02902
2	2	1.462	0	1	0.1176	1.547
2	2	0.4466	0	1	-0.647	1.009
2	2	5.134	0	0	-0.5095	-1.877
2	2	0.4939	0	1	-1.628	0.8841
2	2	0.2362	0	1	-0.9676	0.8536
2	2	2.089	1	1	0.8999	-0.8858
2	2	5.469	1	1	-0.7186	-1.91
2	2	0.0584	0	0	1.204	0.5297
2	2	2.223	1	1	-1.104	-0.988
2	2	0.4201	0	1	-2.183	0.9469
2	2	1.974	1	1	3.419	-0.8057
2	2	0.3554	1	1	0.2467	0.3379
2	2	5.554	1	1	0.8859	-1.914
2	2	5.347	1	1	0.3964	-1.906
2	2	0.1908	1	1	-2.164	0.4932
3	2	1.787	0	1	0.2554	1.847
3	2	0.01095	0	1	-0.2566	0.6351
3	2	1.022	0	1	0.4479	1.361
3	2	5.435	1	1	0.1034	-1.903
3	2	0.08478	0	1	0.6253	0.6679
3	2	5.476	1	1	-0.4137	-1.91
3	2	5.902	1	1	-0.4286	-1.93
3	2	5.605	1	1	-0.6719	-1.914
3	2	1.478	1	1	-0.4293	-0.5389
3	2	0.7811	0	0	-0.6359	-0.04294
3	2	0.2733	0	1	0.8827	0.7482
3	2	1.962	0	1	0.1511	1.948
3	2	5.227	1	1	-0.4224	-1.895
3	2	0.6273	0	0	1.571	0.1508
3	2	5.583	0	0	0.8711	-1.918
3	2	0.1914	1	1	1.745	0.4824
3	2	1.293	0	1	2.711	1.439
3	2	0.3228	0	0	0.06216	0.2989
3	2	2.2	1	1	-2.318	-0.9416
3	2	2.329	0	0	0.2613	-1.03
3	2	1.863	1	1	1.647	-0.6851
3	2	0.3738	0	1	-0.9343	0.9266
3	2	0.8536	0	0	-0.7349	-0.0288
3	2	0.7137	1	1	0.3789	0.0341
3	2	0.4445	1	0	0.5292	0.9377
3	2	5.629	0	0	0.5914	-1.917
3	2	0.8784	0	1	0.3754	1.239
3	2	1.044	0	0	-0.3712	-0.1753
3	2	5.2	0	0	0.5551	-1.894
3	2	0.6738	0	1	1.707	1.112
3	2	0.09977	1	1	0.08614	0.4818
3	2	0.0002632	0	0	-1.4	0.5932
3	2	2.038	1	1	-1.762	-0.857
3	2	0.1194	1	1	-1.862	0.5236
3	2	0.5118	0	0	2.279	0.237
3	2	0.4123	1	1	0.6763	0.2637
3	2	1.881	1	1	0.2607	-0.7684
3	2	5.463	1	1	-0.0334	-1.914
3	2	1.777	1	1	-1.792	-0.6733
3	2	0.9089	0	0	1.763	-0.08273
3	2	0.4798	1	1	-0.2849	0.2396
3	2	1.396	1	1	-0.5202	-0.4236
3	2	5.572	1	1	-0.3066	-1.918
3	2	0.5047	0	1	0.5837	0.9503
3	2	0.7789	0	1	-2.68	1.24
3	2	2.045	1	1	-2.303	-0.8584
3	2	0.2112	1	0	0.09137	0.7805
3	2	1.038	0	0	-2.226	-0.1446
3	2	1.126	1	0	0.08533	1.431
3	2	0.4988	0	1	0.04273	1.033
4	2	5.431	1	1	0.6891	-1.908
4	2	1.616	0	0	0.9659	-0.5879
4	2	1.111	0	0	0.3004	-0.2223
4	2	0.2376	0	1	-1.012	0.8137
4	2	1.784	1	1	-0.129	-0.6656
4	2	1.739	0	0	1.159	-0.6695
4	2	0.3036	0	0	-0.9661	0.3654
4	2	0.5579	0	0	0.004279	0.1707
4	2	1.861	0	0	0.3302	-0.7271
4	2	0.03425	0	1	0.8824	0.5931
4	2	0.3776	1	1	-0.06607	0.3365
4	2	0.07325	0	0	0.09175	0.5872
4	2	1.89	0	0	-0.9531	-0.7297
4	2	1.051	1	0	0.02827	1.292
4	2	5.629	0	0	-0.6523	-1.917
4	2	1.082	1	1	-0.05701	-0.2172
4	2	5.23	1	1	-2.689	-1.891
4	2	0.2375	1	0	0.0195	0.7878
4	2	0.5725	0	1	0.2774	1.078
4	2	0.9067	0	0	-0.8574	-0.01127
4	2	1.418	0	0	-1.123	-0.4632
4	2	2.263	0	0	0.3755	-0.9672
4	2	1.813	1	1	0.547	-0.6936
4	2	0.04574	0	1	-0.3488	0.6024
4	2	1.729	1	1	0.646	-0.6836
4	2	0.9182	1	0	1.038	1.271
4	2	0.6394	0	1	-0.6426	1.121
4	2	1.039	1	1	-0.8007	-0.1269
4	2	1.19	1	1	-0.117	-0.3077
4	2	1.903	1	0	-0.3309	1.91
4	2	5.596	0	0	1.333	-1.913
4	2	0.8155	0	1	-0.5833	1.182
4	2	5.813	1	1	-1.015	-1.924
4	2	1.026	0	0	0.377	-0.1539
4	2	0.4184	1	0	1.156	0.9525
4	2	5.033	0	0	-0.6371	-1.876
4	2	0.9297	0	1	0.7951	1.232
4	2	5.302	1	1	0.4489	-1.901
4	2	5.734	0	0	0.3623	-1.925
4	2	0.4373	0	1	-3.117	0.9044
4	2	0.5324	1	1	0.0591	0.2436
4	2	0.454	0	1	1	0.969
4	2	0.2817	0	1	1.112	0.874
4	2	0.6187	0	1	-0.5312	1.081
4	2	1.203	1	1	0.4445	-0.2713
4	2	5.6	1	1	-0.2633	-1.919
4	2	0.1663	0	1	-1.266	0.4942
4	2	0.2536	1	1	-1.89	0.4382
4	2	5.235	0	0	2.503	-1.886
4	2	0.02527	1	1	-0.1109	0.6025
5	2	5.588	0	0	-0.3869	-1.919
5	2	0.644	1	0	0.009729	1.088
5	2	0.9725	0	0	-1.688	-0.126
5	2	0.866	1	1	-0.5962	-0.04137
5	2	0.3702	0	1	0.189	0.8904
5	2	0.2173	0	1	0.02519	0.7644
5	2	1.863	0	1	-0.378	1.794
5	2	0.1091	0	1	-0.3418	0.5262
5	2	0.6695	1	1	-0.7341	0.1179
5	2	0.2353	1	1	0.5511	0.3948
5	2	0.6166	1	1	0.07174	0.1927
5	2	5.481	1	1	0.2712	-1.913
5	2	0.6558	1	1	0.7169	0.1071
5	2	0.9348	0	1	-0.27	1.231
5	2	0.2883	0	1	-0.2164	0.8057
5	2	2.034	0	1	0.237	1.948
5	2	5.377	1	1	-0.0664	-1.908
5	2	0.8741	0	1	1.094	1.162
5	2	0.4576	1	0	-2.285	0.9488
5	2	5.483	0	0	-0.5698	-1.907
5	2	5.452	0	0	-1.021	-1.907
5	2	0.651	1	0	1.104	1.084
5	2	0.04443	0	0	1.026	0.5438
5	2	0.4812	0	1	1.109	0.9668
5	2	1.907	1	1	-0.5967	-0.7437
5	2	0.3149	0	1	-2.613	0.8295
5	2	1.104	0	0	0.1596	-0.1673
5	2	1.575	1	1	0.1616	-0.5155
5	2	1.912	0	0	0.843	-0.7518
5	2	5.575	0	0	0.8982	-1.916
5	2	1.739	1	1	-0.2996	-0.6589
5	2	1.842	0	0	-0.3332	-0.7207
5	2	1.228	1	1	0.07321	-0.2517
5	2	1.959	0	0	0.7975	-0.8042
5	2	0.4088	1	1	0.33	0.3371
5	2	0.5741	1	1	-0.436	0.1492
5	2	0.4314	0	0	0.003625	0.3194
5	2	1.646	1	1	-0.3962	-0.5942
5	2	5.845	1	1	-0.02847	-1.924
5	2	5.682	0	0	-0.3074	-1.914
5	2	1.043	0	1	1.968	1.423
5	2	5.482	1	1	0.4249	-1.915
5	2	0.8404	1	1	-0.13	-0.05573
5	2	1.04	1	1	0.6969	-0.2243
5	2	0.4944	0	0	-0.5978	0.2711
5	2	0.3052	1	1	-1.305	0.3803
5	2	0.1261	0	1	-2.728	0.5348
5	2	5.271	0	0	-1.284	-1.896
5	2	0.1929	0	1	-1.485	0.7957
5	2	1.963	1	1	0.3657	-0.8142
6	2	2.17	1	1	-0.5588	-0.9019
6	2	0.8051	0	0	-0.03362	0.04699
6	2	0.8189	0	0	-0.2054	-0.07725
6	2	5.347	0	0	0.7722	-1.906
6	2	0.04832	1	0	-0.3949	0.6038
6	2	0.4847	0	0	0.5171	0.2709
6	2	0.5082	0	0	0.8517	0.2516
6	2	0.02045	1	0	0.176	0.5638
6	2	1.898	0	0	-1.823	-0.7567
6	2	2.079	1	1	-0.2371	-0.8693
6	2	5.206	0	0	0.8446	-1.89
6	2	0.19	0	1	-0.3254	0.7838
6	2	5.25	1	1	-2.389	-1.894
6	2	0.7256	1	1	0.777	0.04786
6	2	2.114	1	1	1.136	-0.8935
6	2	1.855	1	1	1.313	-0.7303
6	2	5.438	1	1	-0.3722	-1.908
6	2	2.001	1	0	1.127	2.13
6	2	5.41	0	0	0.561	-1.904
6	2	1.812	1	1	1.505	-0.7165
6	2	0.5045	1	1	-0.1319	0.2405
6	2	0.2618	1	0	-0.2498	0.8289
6	2	0.9425	1	1	-0.197	-0.06619
6	2	0.4423	0	0	-0.8436	0.3343
6	2	5.501	1	1	-0.3166	-1.914
6	2	0.4465	1	0	0.1883	0.2439
6	2	0.1668	1	0	0.1942	0.7705
6	2	0.8962	1	1	-0.2039	-0.08802
6	2	5.798	0	0	-0.8983	-1.925
6	2	0.8165	0	1	-0.2121	1.264
6	2	1.24	1	1	0.6426	-0.3358
6	2	0.6079	0	1	-0.4194	1.002
6	2	0.4094	0	1	0.8	0.9675
6	2	0.3969	0	1	-0.2705	0.9409
6	2	5.958	0	0	-0.02301	-1.934
6	2	0.0254	1	1	1.298	0.6004
6	2	5.497	1	1	-0.3272	-1.911
6	2	0.8708	1	0	2.215	1.238
6	2	0.2662	0	1	-1.084	0.7989
6	2	0.7478	1	1	-0.945	0.06636
6	2	1.099	0	1	1.515	1.314
6	2	2.296	1	1	0.6573	-0.9983
6	2	0.4887	1	1	0.743	0.2386
6	2	0.4942	1	1	0.3602	0.1483
6	2	1.789	1	1	1.12	-0.6776
6	2	1.593	1	1	1.225	-0.5591
6	2	0.4785	0	0	0.3328	0.2662
6	2	0.2688	0	0	-0.9767	0.4099
6	2	5.641	0	0	-0.0003138	-1.919
6	2	0.7435	0	0	1.477	0.08036
7	2	5.42	1	1	-2.248	-1.9
7	2	1.906	0	0	0.2445	-0.7781
7	2	1.288	1	1	-0.2847	-0.3385
7	2	0.9331	1	1	-0.3249	-0.1706
7	2	1.986	1	1	0.1387	-0.8123
7	2	0.4706	1	1	0.3	0.2096
7	2	0.2168	1	1	0.02107	0.4108
7	2	0.6898	0	0	-0.4222	0.1217
7	2	5.355	1	1	-0.7006	-1.905
7	2	0.3039	0	1	-0.4032	0.8588
7	2	0.6319	0	0	0.3658	0.1259
7	2	5.59	0	0	-0.3311	-1.915
7	2	1.741	0	1	-2.434	1.863
7	2	0.08793	0	1	1.696	0.4969
7	2	5.778	0	0	-0.9054	-1.925
7	2	1.758	1	1	-0.002064	-0.6856
7	2	0.9013	0	1	-0.2626	1.226
7	2	1.698	1	1	-0.01488	-0.638
7	2	1.054	1	1	-0.4166	-0.1791
7	2	5.352	1	1	-0.4801	-1.892
7	2	0.222	1	0	1.035	0.817
7	2	0.8441	0	1	-0.1858	1.25
7	2	0.1692	0	1	-1.339	0.6446
7	2	0.1988	0	0	-0.5903	0.4211
7	2	5.321	0	0	0.8454	-1.898
7	2	0.5537	0	0	-1.163	0.1717
7	2	0.5498	0	1	-0.4434	0.9594
7	2	5.415	0	0	-0.1221	-1.903
7	2	0.2317	0	1	-0.9166	0.4593
7	2	0.138	1	1	1.227	0.5293
7	2	0.1958	0	1	0.2697	0.7625
7	2	0.09997	1	1	-1.469	0.5257
7	2	1.878	0	0	0.841	-0.7983
7	2	1.987	1	1	2.17	-0.7649
7	2	0.08693	1	1	-2.597	0.5702
7	2	5.266	1	1	2.027	-1.894
7	2	5.454	0	0	0.8502	-1.904
7	2	1.579	1	1	-0.2652	-0.5659
7	2	1.799	1	1	-0.4248	-0.6593
7	2	0.02823	1	0	-0.4545	0.5971
7	2	0.01435	1	0	0.7967	0.5742
7	2	1.814	0	0	0.4503	-0.6986
7	2	0.3563	0	0	0.6732	0.3104
7	2	0.45	0	0	1.701	0.2169
7	2	5.488	1	1	1.826	-1.915
7	2	0.7933	0	1	0.3607	1.178
7	2	0.5506	0	1	-2.767	1.022
7	2	0.7748	1	1	1.132	0.08074
7	2	0.46	1	0	2.18	1.005
7	2	0.8452	0	0	0.7562	-0.01053
8	2	1.765	0	0	0.06068	-0.6537
8	2	5.451	0	0	-0.1389	-1.911
8	2	2.155	1	1	0.8061	-0.9427
8	2	1.407	0	0	-1.854	-0.4381
8	2	5.374	1	1	0.2306	-1.902
8	2	5.629	0	0	0.8156	-1.924
8	2	0.7253	0	0	1.841	0.08622
8	2	2.198	1	1	0.9667	-0.9263
8	2	0.3072	1	1	0.2917	0.3462
8	2	0.9282	1	0	-0.6516	1.276
8	2	5.202	0	0	-2.318	-1.889
8	2	2.048	0	0	0.03699	-0.8394
8	2	0.7241	1	1	0.4258	0.03012
8	2	1.021	1	1	0.7487	-0.1451
8	2	0.2407	0	0	0.9107	0.4126
8	2	0.01538	0	1	-1.76	0.6775
8	2	5.478	1	1	-0.254	-1.905
8	2	1.503	0	1	1.165	1.693
8	2	0.1289	0	1	-0.09844	0.7252
8	2	1.344	0	0	0.2056	-0.3662
8	2	5.402	1	1	0.6537	-1.916
8	2	0.9356	1	1	-0.1798	-0.06021
8	2	0.1718	1	1	0.2935	0.4352
8	2	0.08286	0	0	-0.7548	0.6644
8	2	1.624	1	1	-1.912	-0.5744
8	2	5.907	1	1	0.9146	-1.929
8	2	1.06	1	1	-0.6377	-0.1811
8	2	0.4103	0	0	-0.7495	0.315
8	2	0.4833	1	0	-0.4353	1.024
8	2	0.4783	1	0	0.03473	1.024
8	2	0.8683	0	1	0.1952	1.207
8	2	0.02176	1	1	1.021	0.6412
8	2	1.521	0	0	-0.5589	-0.5517
8	2	5.187	0	0	-1.493	-1.888
8	2	5.232	1	1	-1.002	-1.892
8	2	0.7619	1	1	0.565	0.0237
8	2	1.148	1	1	-0.1183	-0.1946
8	2	0.2625	1	0	1.16	0.8121
8	2	0.3346	0	1	-0.3243	0.8135
8	2	0.727	1	1	0.06248	0.02264
8	2	1.909	0	0	-2.706	-0.7244
8	2	0.446	0	0	1.3	0.2975
8	2	0.1636	1	1	-0.696	0.442
8	2	1.779	0	0	-0.2308	-0.7111
8	2	5.378	1	1	-0.5352	-1.9
8	2	0.6073	0	1	-0.2562	1.108
8	2	0.2737	0	0	-2.281	0.3853
8	2	0.4746	0	0	1.602	0.2587
8	2	1.123	0	0	0.1561	-0.1861
8	2	0.2115	0	0	-1.557	0.448
9	2	0.2402	1	1	-0.3037	0.4208
9	2	0.4278	1	0	1.33	0.9241
9	2	0.155	0	0	1.24	0.5261
9	2	0.1588	1	1	0.78	0.5294
9	2	0.6877	1	1	1.9	0.1128
9	2	0.3353	0	0	-0.4135	0.3462
9	2	1.058	1	1	-0.5316	-0.1545
9	2	1.131	0	0	-0.9614	-0.2491
9	2	5.282	0	0	0.6489	-1.899
9	2	1.484	0	0	0.004421	-0.4806
9	2	0.6487	0	1	0.6327	1.016
9	2	1.913	0	0	-0.01768	-0.7505
9	2	0.5211	0	1	0.8784	1.015
9	2	0.415	1	0	0.9315	0.8955
9	2	5.16	0	0	-0.9398	-1.884
9	2	5.405	1	1	-1.927	-1.898
9	2	1.97	0	0	-0.6771	-0.7906
9	2	0.1661	1	1	-1.034	0.426
9	2	0.1838	1	0	-1.536	0.7411
9	2	5.025	1	1	0.2841	-1.884
9	2	1.962	1	1	-1.488	-0.8084
9	2	5.261	1	1	-0.02555	-1.896
9	2	0.5448	0	1	-1.716	1.082
9	2	0.4358	1	1	-0.4432	0.2993
9	2	0.6289	1	1	2.118	0.1727
9	2	2.457	1	1	0.875	-1.088
9	2	0.7314	0	0	-0.2565	-0.01213
9	2	1.993	0	0	-0.7239	-0.788
9	2	1.135	0	0	-1.282	-0.2403
9	2	5.359	1	1	0.7066	-1.896
9	2	0.01499	1	0	0.008636	0.6487
9	2	2.067	0	0	-2.23	-0.8901
9	2	0.6062	0	0	0.7603	0.1159
9	2	0.435	1	1	-2.043	0.3083
9	2	0.3269	0	0	-0.383	0.3364
9	2	0.5749	1	0	-0.4708	1.053
9	2	1.431	0	0	-0.6016	-0.4127
9	2	0.8686	0	0	0.7974	-0.02293
9	2	5.601	1	1	-0.247	-1.917
9	2	1.828	1	1	1.491	-0.7559
9	2	0.8674	1	0	-0.5235	1.267
9	2	1.367	1	1	-0.4223	-0.3876
9	2	5.224	1	1	-0.0007668	-1.89
9	2	0.3516	0	1	0.2569	0.8935
9	2	0.8799	0	1	-2.121	1.265
9	2	0.5778	1	0	-0.707	1.032
9	2	5.808	0	0	0.9965	-1.923
9	2	5.46	1	1	1.118	-1.91
9	2	0.9442	0	1	0.04248	1.271
9	2	0.1068	0	1	-0.7167	0.7332
10	3	1.753	0	1	1.02	1.763
10	3	2.009	1	1	0.7364	-0.8256
10	3	5.33	0	0	0.09462	-1.901
10	3	0.6399	1	0	-0.482	1.13
10	3	0.4041	1	0	0.4121	0.9048
10	3	5.374	0	0	-1.812	-1.906
10	3	0.6631	0	0	0.8303	0.04479
10	3	0.8694	1	1	-3.628	-0.0766
10	3	0.1832	0	1	-0.4871	0.789
10	3	1.977	0	0	-0.4643	-0.8279
10	3	5.515	1	1	-0.1253	-1.911
10	3	0.5917	0	1	-0.1843	1.056
10	3	5.628	1	1	-0.535	-1.92
10	3	0.8007	1	1	-0.122	0.001205
10	3	0.9516	0	1	-0.2346	1.333
10	3	0.273	1	0	-1.101	0.8987
10	3	0.9774	0	1	-0.6134	1.3
10	3	0.5952	0	1	-0.5101	1.05
10	3	0.7269	1	1	0.5186	0.04961
10	3	1.833	1	1	-0.1288	-0.7279
10	3	0.4199	0	1	-2.519	0.3575
10	3	1.185	0	0	0.6245	-0.2627
10	3	0.3561	0	0	0.9357	0.3514
10	3	0.1966	1	0	-0.01184	0.7407
10	3	0.3291	1	0	-0.2348	0.8622
10	3	5.642	0	0	-0.1518	-1.917
10	3	1.318	1	1	0.4332	-0.3601
10	3	0.3501	1	0	-0.9168	0.979
10	3	5.389	0	0	0.6889	-1.908
10	3	0.2493	1	0	0.9302	0.7833
10	3	0.1474	0	0	-1.437	0.4993
10	3	0.4802	0	0	-0.9965	0.2343
10	3	0.9765	1	0	-1.194	1.242
10	3	1.412	0	0	0.2635	-0.4022
10	3	1.588	1	1	-0.08701	-0.5544
10	3	5.671	1	1	-4.266	-1.92
10	3	0.6206	0	0	1.614	0.1315
10	3	1.648	1	0	2.153	1.686
10	3	0.5143	0	0	0.5345	0.2264
10	3	1.814	1	0	-0.5593	1.819
10	3	0.1243	1	0	1.07	0.7336
10	3	1.83	0	0	-0.8589	-0.703
10	3	5.579	1	1	-1.325	-1.916
10	3	0.05223	1	1	-1.062	0.7004
10	3	2.396	1	1	-0.2707	-1.049
10	3	5.252	0	0	0.1639	-1.891
10	3	0.7615	0	0	0.05826	0.03219
10	3	0.683	1	0	-0.2313	1.123
10	3	0.7681	0	0	0.1777	0.04912
10	3	5.34	0	0	-1.265	-1.909
11	3	0.1112	1	1	-0.3567	0.4883
11	3	0.1794	1	0	-0.7414	0.7302
11	3	5.133	0	0	-0.213	-1.889
11	3	0.479	0	0	0.519	0.2399
11	3	0.5069	1	1	-0.501	0.2423
11	3	0.3023	1	1	-0.2869	0.3303
11	3	5.821	1	1	0.5249	-1.928
11	3	0.04239	1	0	1.429	0.6151
11	3	5.514	0	0	0.3461	-1.912
11	3	1.654	1	1	1.213	-0.5687
11	3	0.8636	1	1	-0.4493	-0.09595
11	3	0.5806	0	0	0.3006	0.1523
11	3	1.053	0	0	0.5025	-0.1778
11	3	0.1927	0	0	-1.47	0.4548
11	3	5.614	1	1	2.333	-1.919
11	3	0.4012	0	1	0.3144	0.9117
11	3	1.692	1	1	-0.2149	-0.6373
11	3	0.02934	1	1	-1.366	0.6726
11	3	0.9064	1	0	2.195	1.338
11	3	2.015	0	0	-0.2527	-0.8485
11	3	1.146	1	0	1.109	1.402
11	3	1.924	1	1	-0.3524	-0.7733
11	3	1.592	1	0	-0.3769	1.598
11	3	1.057	1	1	-0.6654	-0.2048
11	3	2.081	0	0	-0.6979	-0.8771
11	3	5.511	0	0	0.3934	-1.916
11	3	0.1771	0	1	0.1164	0.7473
11	3	5.619	1	1	-0.1719	-1.915
11	3	5.635	0	0	1.78	-1.921
11	3	0.6957	0	0	1.754	0.04756
11	3	1.723	0	0	1.825	-0.6229
11	3	0.5527	1	0	-1.139	1.009
11	3	5.484	1	1	-1.124	-1.914
11	3	0.6086	1	1	0.3	0.1553
11	3	2.134	0	0	0.5555	-0.9047
11	3	1.912	0	0	0.9118	-0.7687
11	3	0.04823	0	0	1.302	0.5943
11	3	5.291	0	0	0.055	-1.897
11	3	0.6388	1	1	0.2159	0.08827
11	3	0.5125	1	0	0.09683	0.9902
11	3	1.883	1	1	-0.00954	-0.7639
11	3	0.7962	1	0	1.713	1.259
11	3	0.1913	1	1	2.294	0.4538
11	3	0.5786	1	1	0.2058	0.1258
11	3	0.5097	0	1	1.974	1.097
11	3	0.306	0	0	0.07595	0.3832
11	3	0.1036	0	0	1.99	0.5208
11	3	5.277	1	1	-1.326	-1.891
11	3	0.3221	0	1	-0.1343	0.8208
11	3	0.4351	0	1	0.7125	0.9757
12	3	0.5456	0	0	-0.6614	0.1911
12	3	0.5853	0	1	0.5992	1.048
12	3	0.9597	1	0	-0.2372	1.305
12	3	1.613	0	0	0.7444	-0.574
12	3	1.303	1	1	-0.006227	-0.3538
12	3	5.409	0	0	-0.1455	-1.905
12	3	0.3857	0	0	0.2159	0.3412
12	3	2.013	0	0	-0.6189	-0.8594
12	3	5.398	0	0	1.572	-1.906
12	3	1.132	1	1	0.3276	-0.2134
12	3	1.11	0	0	0.2266	-0.2296
12	3	5.375	0	0	-2.062	-1.908
12	3	5.1	1	1	0.4848	-1.879
12	3	0.5936	0	0	1.534	0.168
12	3	0.1832	0	0	0.02264	0.4247
12	3	5.291	0	0	-0.007878	-1.899
12	3	2.138	1	1	0.4221	-0.9334
12	3	1.654	1	1	-0.2565	-0.5813
12	3	0.1204	0	0	0.4087	0.7057
12	3	1.843	1	1	0.1168	-0.7094
12	3	0.1366	0	0	-0.2069	0.4867
12	3	0.1396	0	1	0.07136	0.7895
12	3	0.2314	1	1	-0.7864	0.4601
12	3	2.048	1	1	0.5071	-0.8655
12	3	5.322	0	0	0.1602	-1.909
12	3	0.1257	0	1	-0.2219	0.6949
12	3	0.8014	1	1	-0.01645	0.01705
12	3	0.5653	0	0	0.5174	0.1908
12	3	0.0174	1	1	0.464	0.6049
12	3	0.5659	1	1	-0.7914	0.1615
12	3	1.883	0	1	-0.2651	1.85
12	3	2.067	1	1	0.1666	-0.8858
12	3	1.886	1	0	-0.3711	1.833
12	3	0.5017	1	1	0.7432	0.2646
12	3	0.9425	0	0	0.4058	-0.1098
12	3	1.041	1	1	0.6764	-0.179
12	3	0.6585	1	0	1.851	1.113
12	3	1.149	1	1	0.4365	-0.2159
12	3	5.26	1	1	-0.5266	-1.901
12	3	0.4196	1	1	1.104	0.3022
12	3	0.8984	0	1	0.4399	1.301
12	3	0.3585	1	1	-0.5468	0.373
12	3	0.7102	1	1	-1.193	0.08345
12	3	5.398	0	0	-0.8271	-1.907
12	3	2.123	1	1	1.785	-0.9428
12	3	5.297	0	0	0.6377	-1.896
12	3	0.7518	1	1	0.2079	0.02166
12	3	0.5283	0	1	0.3054	0.9842
12	3	0.2975	0	1	-0.6364	0.8795
12	3	5.268	0	0	0.795	-1.899
13	3	0.3367	1	1	-2.84	0.3783
13	3	1.795	1	1	0.3139	-0.7252
13	3	0.691	0	0	-1.485	0.03316
13	3	5.188	1	1	0.08218	-1.889
13	3	5.48	0	0	0.1605	-1.913
13	3	1.131	1	1	-0.6925	-0.2314
13	3	0.688	1	1	0.1126	0.1056
13	3	0.3272	1	0	1.67	0.8555
13	3	1.761	1	1	-0.9432	-0.637
13	3	0.9349	1	0	-0.7766	1.237
13	3	2.123	0	0	-0.6188	-0.9347
13	3	0.8037	0	0	-0.1875	0.03666
13	3	5.502	1	1	0.653	-1.91
13	3	0.1624	0	0	0.3776	0.4599
13	3	1.926	1	1	0.8961	-0.7547
13	3	0.5216	1	1	-0.3725	0.2018
13	3	5.576	0	0	-0.1513	-1.912
13	3	0.6632	1	0	-0.3747	0.9908
13	3	5.333	1	1	1.207	-1.903
13	3	0.05291	0	0	2.196	0.4991
13	3	0.1511	0	1	0.03406	0.7068
13	3	5.693	0	0	0.5114	-1.917
13	3	0.6734	0	0	0.04669	0.145
13	3	0.6152	0	1	-1.248	1.161
13	3	2.032	0	0	-0.8001	-0.8424
13	3	0.2094	1	0	1.222	0.6423
13	3	5.482	0	0	-0.3386	-1.911
13	3	0.6414	0	0	0.7195	0.1535
13	3	0.03492	1	1	0.8009	0.6196
13	3	0.2181	1	0	1.281	0.8231
13	3	0.2137	1	1	0.9288	0.4272
13	3	1.118	1	1	-0.1402	-0.2211
13	3	1.935	0	0	0.3267	-0.8017
13	3	5.201	0	0	0.06274	-1.884
13	3	0.3222	1	0	-0.4738	0.8792
13	3	0.4306	1	1	0.709	0.2874
13	3	1.789	0	0	-0.06097	-0.6726
13	3	5.411	1	1	-0.4855	-1.913
13	3	0.8441	0	0	0.05444	0.009344
13	3	1.994	0	0	0.4324	-0.7774
13	3	0.9303	0	1	0.1514	1.302
13	3	0.9105	0	1	0.3907	1.278
13	3	0.5282	0	0	-0.1408	0.2047
13	3	5.129	1	1	-2.881	-1.885
13	3	0.678	1	0	0.1265	1.147
13	3	1.281	0	0	0.4177	-0.3522
13	3	2.03	1	1	0.4987	-0.8381
13	3	0.6911	1	1	0.2589	0.06531
13	3	0.3229	1	0	0.7758	0.8347
13	3	1.882	0	0	0.5222	-0.8094
14	3	1.679	0	1	0.06836	1.826
14	3	0.7008	1	1	0.1447	0.1198
14	3	5.611	1	1	0.2199	-1.914
14	3	2.401	0	0	-0.6004	-1.046
14	3	0.0392	1	0	-0.2339	0.6523
14	3	0.3231	0	1	-0.4615	0.8836
14	3	1.488	1	1	-0.8746	-0.5178
14	3	0.6979	0	1	0.6051	1.141
14	3	0.06476	0	1	-0.1607	0.686
14	3	1.089	0	0	1.49	-0.1918
14	3	0.6401	1	1	0.3995	0.1149
14	3	5.425	0	0	-0.2483	-1.908
14	3	5.371	0	0	0.2688	-1.903
14	3	0.597	0	0	0.2672	0.05322
14	3	0.1191	1	0	0.8892	0.6915
14	3	0.1451	0	1	-0.5389	0.7475
14	3	0.2663	0	0	-0.2749	0.7794
14	3	0.2312	1	0	0.3161	0.7256
14	3	1.993	0	0	-0.04859	-0.821
14	3	5.596	0	0	-0.591	-1.916
14	3	0.6044	1	1	-0.5904	0.2201
14	3	0.562	0	1	0.8984	0.998
14	3	0.5247	1	1	0.1048	0.1899
14	3	0.3759	0	0	0.0796	0.3417
14	3	5.529	0	0	0.2895	-1.91
14	3	1.81	1	1	-1.607	-0.676
14	3	5.695	1	1	-0.1661	-1.925
14	3	0.4675	0	1	0.4995	1.025
14	3	2.211	0	1	-0.05408	2.091
14	3	5.009	0	0	-0.7173	-1.865
14	3	0.7236	0	1	0.6216	1.118
14	3	1.011	1	1	0.03261	-0.1522
14	3	1.909	0	0	0.8386	-0.7748
14	3	0.6735	1	1	0.03051	0.1261
14	3	0.3256	1	1	0.2744	0.3648
14	3	1.067	0	0	0.7891	-0.2057
14	3	5.222	1	1	0.06075	-1.895
14	3	0.3679	1	0	0.5795	0.8945
14	3	1.167	0	0	-0.8228	-0.2487
14	3	0.1555	0	1	0.3351	0.6934
14	3	4.924	1	1	0.0185	-1.87
14	3	0.6658	0	1	0.7049	1.113
14	3	0.001304	1	1	0.4174	0.6524
14	3	1.765	1	1	-0.3926	-0.6728
14	3	1.88	1	1	0.1743	-0.7641
14	3	0.4639	1	1	0.7022	0.3157
14	3	1.553	1	1	-0.3491	-0.5192
14	3	0.5856	1	0	0.9066	1.083
14	3	5.484	1	1	-2.08	-1.914
14	3	1.455	1	0	1.443	1.595
15	3	0.5243	0	1	0.2716	1.012
15	3	1.047	1	1	1.158	-0.1617
15	3	5.741	0	0	-2.111	-1.924
15	3	5.39	0	0	-0.1726	-1.903
15	3	5.273	0	0	-0.6688	-1.892
15	3	0.5523	0	1	0.2317	1.022
15	3	0.3996	1	1	0.8311	0.318
15	3	0.9727	0	0	-0.1924	-0.1326
15	3	0.4071	1	0	0.5035	0.9061
15	3	5.147	0	0	-0.3861	-1.889
15	3	5.299	0	0	0.636	-1.907
15	3	0.183	1	0	0.2302	0.7785
15	3	0.05425	1	0	0.9513	0.5454
15	3	5.523	0	0	0.5231	-1.913
15	3	0.4386	0	1	-1.053	0.9494
15	3	0.2992	1	0	0.6969	0.8739
15	3	0.2697	1	1	0.2978	0.3492
15	3	1.684	0	0	0.1991	-0.6476
15	3	2.065	1	1	0.8872	-0.8597
15	3	0.5529	1	1	0.4994	0.2173
15	3	1.857	0	0	0.002384	-0.6938
15	3	1.072	1	0	0.9998	1.329
15	3	5.185	1	1	-0.6371	-1.897
15	3	0.3387	0	1	0.6232	0.8703
15	3	0.1	1	1	-1.111	0.5271
15	3	5.27	1	1	0.2938	-1.899
15	3	1.577	1	1	0.59	-0.5236
15	3	1.096	0	0	-0.1708	-0.1863
15	3	1.714	0	0	-0.2852	-0.6542
15	3	0.02909	0	0	-0.9173	0.6098
15	3	0.5704	1	1	0.06988	0.1569
15	3	0.258	0	0	-1.005	0.4112
15	3	1.325	1	1	0.09321	-0.3379
15	3	0.6397	1	0	-0.1237	1.037
15	3	5.474	1	0	1.278	3.332
15	3	0.7104	1	1	-0.3324	0.08859
15	3	1.039	1	1	-0.5501	-0.1477
15	3	0.3121	0	1	0.7121	0.8803
15	3	0.01169	1	0	-1.584	0.5356
15	3	1.809	1	1	0.5406	-0.6917
15	3	1.614	0	0	0.5399	-0.5901
15	3	1.875	1	1	1.214	-0.7268
15	3	0.321	0	0	0.322	0.3784
15	3	5.602	1	1	-0.4611	-1.918
15	3	1.707	1	1	-0.1738	-0.6034
15	3	0.3362	0	0	0.9568	0.3711
15	3	0.4913	1	1	1.248	0.2285
15	3	1.096	1	1	1	-0.1939
15	3	1.861	0	0	-0.7484	-0.7844
15	3	0.2812	0	0	0.3973	0.3992
16	3	0.8133	1	1	-0.4374	-0.001594
16	3	0.4576	1	0	1.672	1.033
16	3	0.8353	0	0	-0.842	0.001999
16	3	0.9982	1	0	-0.3751	1.368
16	3	0.8975	0	0	0.4631	-0.06298
16	3	5.724	0	0	0.9159	-1.924
16	3	0.5481	1	0	0.2106	1.104
16	3	0.4986	1	1	-0.02979	0.2368
16	3	0.2392	0	1	-2.765	0.4036
16	3	0.4767	0	1	0.2935	1.073
16	3	0.1035	1	0	0.6632	0.565
16	3	0.2883	0	1	0.2267	0.7791
16	3	0.4221	0	1	0.2526	0.9389
16	3	0.6677	0	1	0.0246	1.122
16	3	0.7358	0	1	0.4229	1.146
16	3	0.04765	1	0	-0.6015	0.6359
16	3	1.002	1	1	0.5959	-0.09839
16	3	5.393	1	1	-0.08474	-1.899
16	3	0.6144	0	0	0.1201	0.1669
16	3	1.589	1	1	-0.8227	-0.5946
16	3	0.9831	1	0	2.011	1.34
16	3	5.514	1	1	-0.2469	-1.909
16	3	0.5315	0	1	-0.4395	1.055
16	3	5.543	0	0	-0.9614	-1.915
16	3	1.568	1	1	1.023	-0.5536
16	3	0.8801	1	1	0.9702	-0.04252
16	3	5.157	0	0	-0.1792	-1.888
16	3	1.912	0	0	1.524	-0.7691
16	3	1.657	1	1	-0.2412	-0.5895
16	3	5.578	0	0	-1.582	-1.917
16	3	0.1229	0	0	0.3376	0.7393
16	3	1.811	1	1	0.0268	-0.6681
16	3	0.1756	0	1	-0.1612	0.7925
16	3	5.036	1	1	-0.5222	-1.878
16	3	2.105	0	0	-0.9625	-0.8727
16	3	5.233	0	0	-0.3074	-1.897
16	3	1.712	0	0	0.2856	-0.6587
16	3	0.07409	0	0	0.4306	0.5434
16	3	2.062	0	0	0.7479	-0.8925
16	3	5.46	1	1	0.214	-1.908
16	3	0.8922	0	0	-0.05407	-0.02967
16	3	0.9485	1	1	-0.2468	-0.1083
16	3	0.2042	1	1	-1.482	0.4136
16	3	1.894	0	0	0.6986	-0.7427
16	3	1.944	1	1	0.9344	-0.7462
16	3	0.3165	0	0	0.4614	0.3257
16	3	0.6705	1	0	-0.792	1.059
16	3	5.778	1	1	0.474	-1.928
16	3	0.7929	1	1	1.094	-0.04151
16	3	0.6767	0	0	-0.773	0.09894
17	3	0.1749	0	1	0.4481	0.7231
17	3	1.982	1	0	-0.3953	1.965
17	3	2.091	1	0	-0.3137	1.948
17	3	0.5713	0	1	-0.09142	1.064
17	3	0.3033	0	1	0.5535	0.863
17	3	0.4145	1	0	-0.7105	0.8565
17	3	1.871	0	0	-0.8117	-0.7576
17	3	5.213	1	1	-0.6982	-1.896
17	3	0.3172	0	0	-0.9499	0.3124
17	3	0.563	0	0	-0.8246	0.1788
17	3	1.341	0	1	-0.2391	1.643
17	3	0.1366	0	0	-0.838	0.5287
17	3	1.262	1	0	-0.09433	1.613
17	3	0.631	1	1	-0.3309	0.1239
17	3	5.402	0	0	0.03729	-1.905
17	3	0.1615	0	1	-0.08439	0.7045
17	3	1.748	1	1	0.02698	-0.6633
17	3	5.176	0	0	-1.22	-1.883
17	3	0.8108	1	0	-0.04159	1.242
17	3	5.447	0	0	-0.2699	-1.902
17	3	0.6705	1	1	0.7209	0.09982
17	3	1.662	0	0	-0.3197	-0.6235
17	3	0.7415	1	1	0.5227	0.06635
17	3	0.6976	1	1	-0.3687	0.1173
17	3	0.2811	1	1	-0.8808	0.346
17	3	1.192	0	0	-1.001	-0.2675
17	3	5.655	0	0	-0.312	-1.924
17	3	5.356	1	1	-0.4151	-1.903
17	3	0.1915	1	1	-1.477	0.4124
17	3	0.3024	1	1	1.431	0.3754
17	3	0.45	1	0	2.3	0.9398
17	3	0.6447	0	0	0.4646	0.1311
17	3	1.474	1	1	-0.5771	-0.447
17	3	0.6247	1	1	-0.8086	0.1547
17	3	1.869	1	1	0.08972	-0.7479
17	3	0.8872	0	1	0.05287	1.205
17	3	0.9947	0	0	0.02402	-0.09113
17	3	0.1573	1	0	-0.6432	0.7243
17	3	5.481	0	0	-0.4508	-1.912
17	3	0.934	1	1	-1.533	-0.1028
17	3	5.456	0	0	-4.072	-1.907
17	3	1.813	1	0	0.5649	1.816
17	3	0.4211	0	1	-1.874	0.9151
17	3	0.2426	0	0	0.5927	0.3455
17	3	1.149	0	1	0.7233	1.458
17	3	5.492	0	0	1.151	-1.908
17	3	1.684	1	1	1.509	-0.5962
17	3	5.666	0	0	-0.3696	-1.919
17	3	0.3643	1	1	0.751	0.3198
17	3	0.6205	1	1	1.693	0.08929
18	3	0.5034	0	1	-0.5029	0.972
18	3	0.7668	0	0	0.6471	0.00412
18	3	0.7389	0	1	-1.781	1.184
18	3	5.462	1	1	0.3929	-1.913
18	3	0.09807	1	1	0.7847	0.5815
18	3	5.35	0	0	-0.4032	-1.901
18	3	1.675	1	1	0.06403	-0.6429
18	3	1.105	0	0	0.6806	-0.2226
18	3	0.7374	0	0	-0.5134	0.116
18	3	5.525	0	0	0.2814	-1.91
18	3	5.504	0	0	-0.742	-1.913
18	3	0.3213	0	1	0.9886	0.8099
18	3	0.4832	0	1	0.04101	0.9852
18	3	5.189	1	1	0.2896	-1.888
18	3	0.932	1	1	-1.3	-0.09406
18	3	1.064	1	1	0.7978	-0.1613
18	3	1.632	1	0	0.04901	1.767
18	3	0.311	1	0	-0.7039	0.8344
18	3	0.4723	1	0	0.4151	0.9772
18	3	0.275	1	1	-0.118	0.4018
18	3	1.849	1	1	-0.6328	-0.7547
18	3	0.2958	0	0	1.888	0.399
18	3	1.926	1	1	-1.656	-0.782
18	3	5.657	1	1	0.1616	-1.921
18	3	2.21	1	1	0.51	-0.9733
18	3	0.608	1	1	0.6516	0.1318
18	3	0.09979	1	1	-0.6268	0.5331
18	3	1.308	0	1	-0.5081	1.545
18	3	0.1938	0	1	1.289	0.789
18	3	5.499	0	0	0.357	-1.907
18	3	0.584	0	0	-0.3483	0.1889
18	3	1.133	0	1	-1.6	1.415
18	3	0.6682	0	0	0.9241	0.07719
18	3	0.003099	1	1	0.05039	0.6871
18	3	1.456	1	1	0.6872	-0.4506
18	3	0.3068	0	0	-0.41	0.3621
18	3	5.308	1	1	1.379	-1.901
18	3	0.2106	0	1	-0.2261	0.7923
18	3	0.1058	1	0	1.07	0.6924
18	3	1.874	0	0	0.4857	-0.7435
18	3	1.742	0	0	0.1888	-0.6472
18	3	0.3156	1	0	-0.04448	0.8825
18	3	2.06	0	0	0.04379	-0.8661
18	3	2.183	1	1	1.6	-0.9656
18	3	5.529	1	1	-2.008	-1.915
18	3	0.7352	1	1	0.2664	0.03482
18	3	1.376	1	0	-1.024	1.643
18	3	0.1668	0	1	-1.555	0.776
18	3	5.581	0	0	-1.242	-1.918
18	3	0.4034	0	1	0.9845	0.9579
19	3	0.3599	1	1	-0.6177	0.339
19	3	1.525	1	1	-0.8703	-0.5309
19	3	0.3232	0	0	0.7147	0.3078
19	3	0.303	0	0	0.8724	0.3548
19	3	0.3691	0	0	0.4821	0.3139
19	3	0.3086	1	0	0.3188	0.8373
19	3	0.07908	0	0	-0.8363	0.5847
19	3	5.34	1	1	-2.624	-1.899
19	3	5.455	0	0	-1.577	-1.916
19	3	0.7001	1	1	0.4476	0.06507
19	3	0.9372	1	1	0.3102	-0.09978
19	3	0.6922	1	0	0.44	1.204
19	3	1.666	0	1	-0.3968	1.752
19	3	0.542	0	0	0.5911	0.1886
19	3	0.5557	1	0	0.2402	1.017
19	3	5.422	0	0	-0.5671	-1.907
19	3	1.712	0	0	1.625	-0.6208
19	3	5.545	0	0	-0.9796	-1.912
19	3	0.3488	0	0	1.79	0.3345
19	3	5.393	0	0	0.6079	-1.906
19	3	0.6824	1	0	1.273	1.12
19	3	5.322	1	1	-0.0941	-1.898
19	3	0.4983	0	1	0.08999	1.046
19	3	0.8047	1	1	-0.4039	-0.02813
19	3	1.755	1	1	1.306	-0.6795
19	3	1.832	0	0	-0.9339	-0.6977
19	3	1.134	0	0	0.6886	-0.2131
19	3	0.2935	1	1	-0.839	0.3287
19	3	1.812	1	1	-0.3438	-0.668
19	3	0.6449	0	0	0.2225	0.1083
19	3	1.666	1	1	-0.7682	-0.6154
19	3	0.2995	0	1	0.5729	0.8563
19	3	0.4554	0	0	1.84	0.2327
19	3	5.451	1	1	0.8726	-1.897
19	3	0.9576	1	1	0.2018	-0.1091
19	3	1.315	1	1	-0.9045	-0.315
19	3	0.4418	0	0	-0.6205	0.2905
19	3	5.279	0	0	-1.104	-1.894
19	3	5.239	0	0	1.196	-1.897
19	3	5.309	0	0	-1.273	-1.901
19	3	0.1493	0	1	1.33	0.6946
19	3	0.1811	1	1	0.4124	0.5232
19	3	2.079	1	1	-1.148	-0.841
19	3	0.7525	1	1	0.4803	0.03289
19	3	1.342	1	1	-3.173	-0.3685
19	3	1.897	0	0	0.3871	-0.7441
19	3	0.4054	1	1	0.07252	0.309
19	3	0.01515	1	0	0.8153	0.5786
19	3	0.8593	1	1	-1.181	-0.03704
19	3	0.8896	1	0	1.045	1.258
20	4	0.2174	0	0	0.7073	0.4175
20	4	3.964	0	0	-0.5033	-1.689
20	4	0.9923	0	0	0.3152	-0.149
20	4	3.672	1	1	0.4151	-1.619
20	4	0.09376	0	0	-2.428	0.5466
20	4	3.25	0	0	0.7834	-1.463
20	4	0.3031	1	1	0.1152	0.3482
20	4	0.4106	1	0	1.73	0.8742
20	4	0.4789	0	0	-0.4403	0.2822
20	4	0.1968	0	0	0.08363	0.3983
20	4	0.7009	0	0	-1.742	0.05592
20	4	0.3801	1	1	1.258	0.2729
20	4	0.9649	0	0	0.6136	-0.1096
20	4	0.43	0	0	0.0364	0.275
20	4	0.1821	0	0	-0.387	0.441
20	4	0.9861	0	0	0.3831	-0.1069
20	4	0.5162	1	0	0.2713	0.9778
20	4	0.242	1	1	1.116	0.4207
20	4	0.2594	1	1	-2.849	0.418
20	4	0.1713	1	0	0.3205	0.73
20	4	0.01306	0	1	0.8538	0.5596
20	4	0.6198	0	0	-0.2702	0.09724
20	4	0.9936	1	1	0.6851	-0.143
20	4	0.9634	0	0	0.3507	-0.1266
20	4	0.5391	1	0	0.5736	1.058
20	4	3.29	1	1	0.3481	-1.489
20	4	0.2677	0	1	2.163	0.4034
20	4	0.119	1	1	1.087	0.7792
20	4	1.36	1	1	-0.2467	-0.42
20	4	3.711	1	1	0.3652	-1.594
20	4	0.1946	1	1	0.2654	0.3967
20	4	3.39	1	1	1.239	-1.515
20	4	0.2114	0	1	-0.3262	0.7995
20	4	0.1522	1	1	-0.2572	0.7346
20	4	0.4939	1	0	0.5703	1.001
20	4	1.2	0	0	-0.9356	-0.3095
20	4	0.9631	0	0	0.1856	-0.09129
20	4	0.4785	0	0	-1.555	0.1584
20	4	3.652	0	0	0.481	-1.623
20	4	0.3809	1	1	2.253	0.3487
20	4	0.9977	1	1	0.3212	-0.0945
20	4	0.4168	0	1	0.7397	0.9618
20	4	0.4279	1	1	-0.9169	0.234
20	4	0.05203	1	1	-2.452	0.5304
20	4	0.06046	1	0	-0.9309	0.5975
20	4	3.471	1	1	-0.7248	-1.557
20	4	0.1329	1	0	-0.9279	0.7263
20	4	0.02448	0	1	0.6961	0.5567
20	4	3.537	0	0	0.4333	-1.577
20	4	3.412	0	0	0.7628	-1.517
21	4	0.07653	1	1	0.6225	0.683
21	4	1.03	0	1	0.1363	1.405
21	4	0.51	0	0	-0.2263	0.2558
21	4	0.5802	1	1	0.1777	0.0942
21	4	3.466	1	1	-0.2715	-1.541
21	4	0.2288	1	0	0.2062	0.758
21	4	3.873	1	1	-0.2368	-1.677
21	4	0.1952	1	0	-0.6325	0.8199
21	4	3.965	1	1	0.1132	-1.694
21	4	0.9181	1	0	0.1853	1.309
21	4	0.6673	0	0	0.8131	0.1301
21	4	0.8685	1	0	-0.07101	1.261
21	4	0.928	0	0	-1.258	-0.05338
21	4	0.6499	1	0	-0.06821	1.031
21	4	0.05862	0	0	0.7365	0.6129
21	4	1.038	1	0	-1.039	1.304
21	4	0.2999	0	0	-0.6776	0.3522
21	4	3.29	0	0	1.77	-1.503
21	4	0.6873	1	0	0.7322	1.133
21	4	0.03632	1	1	1.711	0.5442
21	4	0.4005	0	0	0.7924	0.3687
21	4	0.1091	0	0	0.2849	0.5226
21	4	3.789	0	0	0.1087	-1.648
21	4	0.0633	0	0	-0.07364	0.6425
21	4	0.3666	1	0	0.3988	0.9134
21	4	0.8009	0	0	1.22	0.03255
21	4	0.3748	1	0	0.1615	0.9734
21	4	0.8625	1	1	-0.6072	-0.01263
21	4	0.9337	1	1	-3.909	-0.05894
21	4	0.08926	1	1	0.9328	0.6926
21	4	0.09826	0	0	0.4324	0.4819
21	4	3.595	1	1	0.3606	-1.595
21	4	0.098	1	0	-1.034	0.6987
21	4	0.2147	1	0	-0.07021	0.7291
21	4	0.5707	1	1	-2.477	0.2161
21	4	0.3543	0	1	-2.285	0.9318
21	4	0.444	0	0	0.06291	0.2635
21	4	0.01503	0	0	0.04278	0.6569
21	4	0.9125	1	1	-0.3	-0.0514
21	4	0.05814	1	1	0.4822	0.6764
21	4	0.1802	1	1	-1.17	0.8112
21	4	0.2018	0	0	-0.09465	0.4096
21	4	3.77	0	0	-0.4248	-1.648
21	4	3.466	0	0	0.8787	-1.544
21	4	3.653	1	1	0.9904	-1.62
21	4	0.4022	0	1	1.51	0.9497
21	4	0.2918	0	0	1.877	0.4342
21	4	3.798	0	0	-0.03956	-1.648
21	4	0.6724	1	0	0.4134	1.129
21	4	0.3281	1	1	0.81	0.3979
22	4	0.5123	0	1	-0.003426	0.9482
22	4	0.4223	0	1	-0.2714	0.9223
22	4	1.254	0	1	0.1063	1.436
22	4	0.4835	1	1	0.6426	0.1641
22	4	0.3169	0	1	0.1685	0.884
22	4	0.06148	1	0	-0.04196	0.6439
22	4	3.416	0	0	-0.275	-1.534
22	4	0.8193	1	0	1.312	1.187
22	4	0.3576	1	1	0.04445	0.3865
22	4	0.671	0	0	-1.411	0.08362
22	4	0.3785	0	0	0.3091	0.3046
22	4	0.29	1	0	-0.08229	0.8799
22	4	3.581	1	1	-0.3472	-1.607
22	4	0.1338	0	1	-0.4448	0.7296
22	4	0.2393	0	0	-0.3344	0.4012
22	4	1.19	1	1	-3.301	-0.2835
22	4	3.872	1	1	1.653	-1.682
22	4	0.5002	0	1	0.722	0.9654
22	4	0.1615	1	1	-2.862	0.4626
22	4	0.2871	0	0	-0.8325	0.3748
22	4	0.8691	0	0	1.037	-0.06774
22	4	0.403	1	0	0.8098	0.9419
22	4	0.353	0	0	-0.2969	0.2703
22	4	0.0286	0	0	-1.999	0.5748
22	4	0.05322	1	1	-0.7602	0.5145
22	4	0.1796	0	0	2.697	0.4405
22	4	0.5653	1	1	-0.2102	0.1543
22	4	3.187	1	1	-0.03421	-1.426
22	4	0.8459	1	1	0.04087	-0.01653
22	4	3.609	0	0	0.8394	-1.575
22	4	0.1938	1	1	1.327	0.3985
22	4	3.184	1	1	-0.7996	-1.448
22	4	0.7571	1	1	1.499	0.05522
22	4	0.4513	0	1	-0.6379	0.9015
22	4	0.08568	0	0	1.681	0.6112
22	4	1.309	0	0	0.51	-0.361
22	4	0.09806	1	0	-0.2654	0.5192
22	4	3.573	0	0	0.8971	-1.575
22	4	0.001995	0	0	-0.216	0.557
22	4	0.1535	0	1	1.08	0.7487
22	4	0.884	1	0	-0.06415	1.256
22	4	3.739	1	1	-0.3874	-1.649
22	4	0.02001	0	1	0.02067	0.7965
22	4	1.047	1	1	-1.739	-0.2263
22	4	0.3953	0	1	0.8232	0.9663
22	4	0.9925	1	1	-0.4903	-0.1334
22	4	0.1256	1	1	1.241	0.4596
22	4	3.497	1	1	-0.1493	-1.526
22	4	3.659	1	1	1.764	-1.606
22	4	0.3804	1	1	-0.4871	0.3161
23	4	0.8644	0	1	-1.023	1.208
23	4	0.03602	1	1	-0.3097	0.6977
23	4	0.3829	0	1	0.1754	0.9394
23	4	3.616	1	1	0.07117	-1.597
23	4	0.001142	1	1	0.6059	0.6048
23	4	3.646	1	1	-0.6173	-1.623
23	4	3.521	1	1	-0.5454	-1.564
23	4	3.259	1	1	-0.5221	-1.49
23	4	0.8746	1	0	1.04	1.259
23	4	0.3931	0	1	-0.06099	0.8829
23	4	0.2173	0	0	0.9954	0.4572
23	4	0.8856	0	0	1.136	-0.09155
23	4	3.272	1	1	-0.3371	-1.467
23	4	0.3599	0	1	-0.5064	0.9079
23	4	3.586	0	0	-0.4768	-1.585
23	4	0.3244	1	1	-0.1995	0.3503
23	4	0.2251	0	0	1.425	0.473
23	4	0.2498	1	0	0.7424	0.4495
23	4	1.033	1	1	-0.162	-0.1082
23	4	0.5909	0	0	1.825	0.1977
23	4	0.7055	1	1	0.1521	0.1033
23	4	0.2365	0	1	-0.1508	0.8508
23	4	0.2083	0	0	0.1777	0.4668
23	4	0.2215	1	0	-0.4681	0.7368
23	4	0.4091	1	0	0.996	0.8525
23	4	3.562	0	0	-1.524	-1.58
23	4	0.6458	0	1	0.8615	1.155
23	4	0.08729	0	1	0.1095	0.7309
23	4	3.246	0	0	0.1368	-1.476
23	4	0.3155	0	0	-0.1505	0.3754
23	4	0.02068	0	1	-0.8221	0.5454
23	4	0.1448	1	1	1.59	0.4726
23	4	0.8345	1	1	0.06729	-0.01115
23	4	0.02174	0	1	3.164	0.5813
23	4	0.6526	0	0	3.313	0.07648
23	4	0.7309	1	0	-0.004783	1.261
23	4	1.113	1	1	1.639	-0.2425
23	4	3.801	1	1	0.4579	-1.647
23	4	0.8643	1	1	-0.9618	-0.00218
23	4	0.04742	1	0	0.7158	0.5548
23	4	0.3956	1	1	0.6727	0.2824
23	4	0.07868	1	1	0.09582	0.5343
23	4	3.901	1	1	0.2349	-1.686
23	4	0.1351	0	0	0.2552	0.481
23	4	0.03822	0	1	1.027	0.6544
23	4	0.7518	1	0	0.4052	1.12
23	4	0.08972	1	1	2.768	0.5021
23	4	0.4677	0	1	0.08587	1.021
23	4	0.4188	1	1	1.623	0.2839
23	4	0.1297	1	0	-0.152	0.4798
24	4	3.638	1	1	0.1924	-1.613
24	4	0.8262	0	0	-1.255	-0.02285
24	4	0.0826	0	0	-0.4754	0.5182
24	4	0.2161	0	0	-0.3932	0.4413
24	4	1.081	1	0	0.4289	1.462
24	4	0.7425	0	0	0.272	-0.04113
24	4	0.1829	0	0	0.004273	0.5118
24	4	0.151	0	0	-0.5851	0.5021
24	4	0.6252	0	0	-0.2593	0.1441
24	4	0.1825	1	0	-0.3728	0.7443
24	4	0.07945	1	0	-0.3043	0.6745
24	4	0.2443	1	0	0.1676	0.7784
24	4	0.9568	0	1	0.6577	1.206
24	4	0.7576	1	0	0.02639	1.157
24	4	3.222	0	0	-0.4169	-1.451
24	4	0.4442	1	1	0.5647	0.2538
24	4	3.507	1	1	-1.121	-1.575
24	4	0.008516	0	0	-0.6613	0.5955
24	4	0.3613	0	0	1.585	0.3446
24	4	0.4644	0	1	-0.3349	1.079
24	4	0.5221	0	1	0.7395	1.048
24	4	0.8886	0	0	0.3793	-0.1032
24	4	0.5759	1	1	-2.367	0.1398
24	4	0.5272	1	1	0.8743	0.1783
24	4	1.381	1	0	0.8883	1.637
24	4	0.4505	1	0	2.805	0.9336
24	4	0.4114	0	0	-0.01252	0.2529
24	4	0.003031	0	1	-1.971	0.5833
24	4	0.5694	1	1	-1.132	0.231
24	4	0.7698	1	1	0.1083	0.0312
24	4	3.29	0	0	0.7262	-1.467
24	4	0.1261	1	0	-2.74	0.4871
24	4	3.542	1	1	-0.4315	-1.56
24	4	0.1104	0	0	-0.7273	0.4826
24	4	0.4434	1	0	-0.6118	0.9216
24	4	3.718	0	0	-0.6009	-1.627
24	4	0.1007	0	1	1.225	0.7122
24	4	3.745	1	1	1.226	-1.63
24	4	3.481	0	0	-0.2367	-1.552
24	4	0.3041	0	1	1.839	0.8423
24	4	0.08113	1	0	-0.5247	0.6831
24	4	0.696	0	1	-0.9724	1.097
24	4	0.06167	1	0	-1.774	0.5997
24	4	0.2839	0	0	-1.047	0.404
24	4	0.34	1	1	1.355	0.3985
24	4	3.8	1	1	-0.01879	-1.65
24	4	0.1743	1	0	-0.6708	0.761
24	4	0.1017	1	0	0.255	0.765
24	4	3.679	0	0	0.5022	-1.605
24	4	0.04153	1	0	0.3046	0.6718
25	4	3.482	0	0	-1.885	-1.553
25	4	0.3897	1	1	-0.6518	0.3189
25	4	0.6743	0	0	-0.2369	0.0924
25	4	0.3908	1	1	0.04821	0.2287
25	4	0.2473	0	1	-0.8283	0.7807
25	4	0.1272	0	0	0.5821	0.5444
25	4	0.3696	0	0	0.1726	0.3155
25	4	0.1081	1	0	0.4365	0.8006
25	4	0.3181	1	0	-2.371	0.8442
25	4	0.4247	1	0	0.8037	1.04
25	4	0.1836	1	0	1.073	0.662
25	4	3.55	1	1	-0.02101	-1.57
25	4	0.4914	1	0	-1.375	1.004
25	4	0.07984	0	0	1.023	0.5376
25	4	0.09314	0	0	-1.346	0.4771
25	4	0.6795	0	0	-1.018	0.1142
25	4	3.493	1	1	0.4464	-1.563
25	4	0.3675	0	0	-3.303	0.3475
25	4	0.6846	1	1	-0.8478	0.1436
25	4	3.687	0	0	0.261	-1.613
25	4	4.215	0	0	-0.705	-1.757
25	4	0.3873	1	0	0.09418	0.8547
25	4	0.02838	0	0	0.03659	0.5756
25	4	0.3823	0	1	-2.575	0.8836
25	4	0.8847	1	1	-0.05783	-0.0554
25	4	0.07119	1	0	1.222	0.5767
25	4	0.3968	0	0	0.2623	0.3516
25	4	0.7659	1	1	-0.1381	-0.03972
25	4	0.8282	0	1	-0.3089	1.236
25	4	3.849	0	0	-1.303	-1.676
25	4	0.7756	1	1	0.114	0.02242
25	4	0.9652	0	0	-0.4423	-0.1027
25	4	0.3171	1	1	0.3016	0.3919
25	4	0.5112	0	1	-1.033	1.013
25	4	0.6036	1	1	0.4207	0.1148
25	4	0.05993	0	1	-0.5761	0.4769
25	4	0.2624	0	1	-0.1921	0.8046
25	4	1.081	1	1	-1.193	-0.2282
25	4	3.529	1	1	-1.847	-1.577
25	4	3.739	0	0	1.059	-1.641
25	4	0.3719	0	1	0.694	0.8379
25	4	3.66	1	1	1.312	-1.581
25	4	0.9497	1	0	1.709	1.251
25	4	0.001071	1	1	0.1452	0.5799
25	4	0.09107	0	1	-0.09655	0.7329
25	4	0.1912	1	0	-0.01007	0.7579
25	4	0.005076	0	1	-0.795	0.5539
25	4	3.54	0	0	1.757	-1.582
25	4	0.2082	0	1	-0.2163	0.7676
25	4	1.128	1	0	-0.1002	1.427
26	4	0.7095	1	1	-0.8237	0.1093
26	4	0.5271	0	0	-0.9192	0.2214
26	4	0.7389	0	1	-0.09647	1.082
26	4	3.891	0	0	0.1056	-1.683
26	4	0.1619	0	1	-0.3301	0.6616
26	4	0.08534	0	1	0.8518	0.726
26	4	0.4441	1	1	-0.1469	0.9717
26	4	0.1222	0	1	0.2368	0.7598
26	4	0.9341	0	0	1.005	-0.1166
26	4	0.7694	1	1	0.8491	0.04241
26	4	3.72	0	0	-0.1509	-1.618
26	4	0.01762	1	1	-0.3182	0.6541
26	4	3.332	1	1	-1.091	-1.49
26	4	0.2642	1	1	0.2567	0.3641
26	4	1.102	1	1	0.6367	-0.2497
26	4	0.9202	1	1	-0.504	-0.1234
26	4	3.83	1	1	1.148	-1.658
26	4	0.7697	1	1	0.6229	-0.03671
26	4	3.791	0	0	0.08836	-1.637
26	4	1.149	1	1	0.4431	-0.2594
26	4	0.2262	1	1	0.6521	0.5004
26	4	0.19	1	0	-0.5487	0.7464
26	4	0.7979	1	1	0.683	0.04792
26	4	0.07042	0	1	-0.09246	0.6708
26	4	3.71	1	1	-9.845e-05	-1.643
26	4	0.3186	0	1	0.4732	0.8061
26	4	0.2948	1	1	0.04568	0.3975
26	4	0.4232	1	1	-0.6788	0.2869
26	4	3.542	0	0	1.567	-1.572
26	4	0.2614	0	1	1.465	0.7589
26	4	0.9353	1	1	0.9604	-0.1097
26	4	0.4451	0	1	-0.2592	0.9777
26	4	0.2261	0	1	0.4876	0.8575
26	4	0.6191	0	1	0.05341	1.07
26	4	3.245	0	0	-0.5884	-1.478
26	4	0.3358	1	1	-0.04885	0.3313
26	4	3.773	1	1	0.6745	-1.646
26	4	0.9209	1	1	0.1426	-0.119
26	4	0.2662	0	1	-0.6946	0.8111
26	4	0.4568	1	1	0.1088	0.2699
26	4	0.5002	0	0	-1.64	0.1998
26	4	0.5027	1	1	1.391	0.1764
26	4	0.04319	1	1	-1.642	0.5355
26	4	0.7525	1	1	0.8429	0.0859
26	4	0.4875	1	1	0.6911	0.2313
26	4	0.9087	1	1	-0.273	-0.08751
26	4	0.09993	1	1	0.05544	0.6864
26	4	0.3547	0	1	0.9671	0.9457
26	4	3.81	0	0	0.6985	-1.666
26	4	0.2222	0	1	-0.7177	0.7727
27	4	3.729	1	1	-0.09986	-1.641
27	4	0.8161	0	1	-0.3675	1.223
27	4	0.3857	1	1	0.4206	0.3048
27	4	0.4544	1	1	0.2733	0.2797
27	4	0.969	1	1	-0.6025	-0.1248
27	4	0.7738	1	1	-0.2618	0.04966
27	4	0.1475	0	1	-0.7545	0.5229
27	4	0.5102	0	1	-0.1409	1.034
27	4	3.656	1	1	-0.3394	-1.586
27	4	0.5455	0	0	0.3313	0.2259
27	4	0.3671	0	0	0.0762	0.3171
27	4	3.636	0	0	-0.02056	-1.59
27	4	0.8469	0	1	-1.257	1.149
27	4	0.05565	1	1	0.1271	0.5427
27	4	3.719	0	0	0.3245	-1.634
27	4	0.7391	1	1	0.205	0.08779
27	4	0.2632	0	0	0.5388	0.4222
27	4	0.6555	1	0	0.8185	1.129
27	4	0.579	1	1	0.3502	0.1805
27	4	3.709	1	1	-1.973	-1.622
27	4	0.02486	1	1	-0.1707	0.5332
27	4	0.4797	0	0	0.9174	0.2459
27	4	0.1465	1	0	2.206	0.5214
27	4	0.1071	0	0	2.475	0.4607
27	4	3.704	0	0	-3.777	-1.628
27	4	0.2521	0	0	1.277	0.4179
27	4	0.5106	0	0	1.598	0.1948
27	4	3.737	0	0	-3.045	-1.646
27	4	0.5414	1	1	-1.276	0.1779
27	4	0.05816	1	1	-0.2375	0.609
27	4	0.008805	0	0	1.526	0.5293
27	4	0.1052	0	1	-0.9367	0.4764
27	4	0.3836	0	0	1.685	0.3265
27	4	0.9164	1	1	-0.9421	-0.08529
27	4	0.3301	1	1	0.1228	0.3737
27	4	3.477	1	0	1.1	2.451
27	4	3.391	0	0	-0.7932	-1.559
27	4	0.8505	1	0	1.515	1.331
27	4	0.7753	1	1	0.2044	0.02623
27	4	0.2071	1	0	0.9653	0.7779
27	4	0.1521	0	0	-0.04818	0.4114
27	4	1.124	0	0	-0.4076	-0.2121
27	4	0.1489	0	1	0.2205	0.6927
27	4	0.3547	0	1	-3.454	0.8556
27	4	3.539	1	1	-0.3572	-1.587
27	4	0.745	0	1	1.073	1.12
27	4	0.1422	0	1	-0.356	0.736
27	4	0.4252	1	1	-0.156	0.2744
27	4	0.5133	1	1	-3.973	0.2121
27	4	0.5321	0	0	-0.2067	0.2236
28	4	0.8823	0	1	0.9978	1.19
28	4	3.701	0	0	-0.02769	-1.65
28	4	0.875	1	0	0.821	1.238
28	4	0.9159	0	0	0.02631	-0.01815
28	4	3.661	1	1	-0.1513	-1.628
28	4	4.048	0	0	-0.5201	-1.733
28	4	0.09732	0	1	2.03	0.6923
28	4	1.129	1	1	1.007	-0.2836
28	4	0.3182	1	1	0.8879	0.3385
28	4	0.5771	1	0	1.352	1.077
28	4	3.528	0	0	0.3647	-1.588
28	4	1.182	0	1	-0.218	1.296
28	4	0.6161	1	1	0.4996	0.1981
28	4	0.2727	1	1	-0.4194	0.3234
28	4	0.2431	0	0	2.049	0.323
28	4	0.3453	0	1	0.6394	0.8564
28	4	3.588	1	1	1.937	-1.599
28	4	1.13	0	0	0.3771	-0.2804
28	4	0.1618	1	1	-0.7318	0.734
28	4	0.4906	0	1	0.2801	0.999
28	4	3.89	1	1	1.342	-1.681
28	4	0.06111	1	1	-0.2337	0.5251
28	4	0.2824	1	1	-0.06666	0.3919
28	4	0.2825	1	1	-0.09388	0.4321
28	4	0.9677	1	0	1.575	1.353
28	4	3.43	1	1	-0.3222	-1.53
28	4	0.6379	1	0	-0.3604	1.064
28	4	0.0646	0	1	-2.126	0.7226
28	4	0.1163	1	0	2.106	0.6936
28	4	0.516	1	1	0.8732	0.2266
28	4	0.5272	0	0	0.4375	0.1726
28	4	0.2398	1	0	-1.476	0.7652
28	4	0.5787	0	0	-2.616	0.1752
28	4	3.517	0	0	1.864	-1.567
28	4	3.604	1	1	-0.411	-1.596
28	4	0.05704	1	1	-0.7788	0.5975
28	4	0.6894	1	1	-0.08443	0.1068
28	4	0.09931	0	1	-1.476	0.5416
28	4	0.1288	0	1	-0.3586	0.7124
28	4	0.1237	1	1	-0.3482	0.4811
28	4	0.4969	0	0	-0.1138	0.2224
28	4	0.07176	1	0	0.1128	0.5706
28	4	0.5014	1	1	-2.029	0.1777
28	4	0.9903	0	0	1.15	-0.1427
28	4	3.273	1	1	-1.672	-1.501
28	4	0.00577	0	1	1.039	0.6245
28	4	0.2337	0	0	0.7231	0.3587
28	4	0.4449	0	1	1.174	0.9224
28	4	0.06268	0	0	-0.6764	0.5912
28	4	0.3848	0	1	-3.467	0.78
29	4	0.3134	1	1	-0.1342	0.3827
29	4	0.1616	1	0	0.01198	0.7641
29	4	0.04036	0	1	-0.8171	0.663
29	4	0.06709	1	0	0.3329	0.6711
29	4	0.1084	1	0	-0.3065	0.7494
29	4	0.3393	1	0	0.6845	0.3453
29	4	0.4959	1	0	-0.1355	0.9965
29	4	0.314	0	0	0.9506	0.3175
29	4	3.851	0	0	1.119	-1.679
29	4	0.9811	0	0	-0.05799	-0.1642
29	4	0.6546	0	0	-1.823	0.09318
29	4	1.04	0	0	-0.6143	-0.1872
29	4	0.4447	0	0	-0.1386	0.2684
29	4	0.231	1	0	0.06059	0.8311
29	4	3.5	0	0	-0.005492	-1.559
29	4	3.358	1	1	-0.02475	-1.501
29	4	0.9445	0	0	-0.6259	-0.08854
29	4	0.1545	1	1	-0.605	0.433
29	4	0.04699	0	1	0.4988	0.5837
29	4	3.808	1	1	-0.2172	-1.653
29	4	1.285	1	0	-0.7174	1.526
29	4	3.832	1	1	-1.633	-1.662
29	4	0.7843	0	0	0.9468	0.05518
29	4	0.5237	1	1	0.919	0.2442
29	4	0.366	0	1	0.3126	0.2904
29	4	0.6826	1	1	-0.6584	0.1097
29	4	0.2742	0	0	0.6	0.3658
29	4	1.016	0	1	0.3291	1.381
29	4	0.5391	0	0	1.385	0.2186
29	4	3.763	1	1	0.09312	-1.64
29	4	0.3132	0	0	1.178	0.3661
29	4	0.7774	0	0	0.1545	0.01302
29	4	0.1653	1	0	2.123	0.4484
29	4	0.2997	1	0	-2.429	0.8
29	4	0.03174	0	0	0.1176	0.5699
29	4	0.0896	1	0	0.5844	0.7121
29	4	1.171	0	0	1.037	-0.2471
29	4	0.2997	0	0	0.2128	0.3815
29	4	3.622	1	1	1.244	-1.595
29	4	0.7517	1	1	-0.1379	0.04097
29	4	0.3122	1	1	-0.4888	0.3559
29	4	0.6823	1	0	0.9888	1.139
29	4	3.381	1	1	-0.01184	-1.512
29	4	0.5298	0	0	0.9122	0.1495
29	4	0.4085	0	0	-0.2017	0.2616
29	4	0.3623	1	0	-0.4451	0.916
29	4	3.429	0	0	0.2591	-1.546
29	4	3.824	1	1	0.04897	-1.657
29	4	0.6112	0	1	-0.7302	1.044
29	4	0.1208	0	1	-1.379	0.7036
30	5	0.2183	0	0	0.4691	0.4777
30	5	3.964	0	0	-0.6356	-1.697
30	5	0.9943	0	0	0.08762	-0.1158
30	5	3.677	1	1	-0.2954	-1.607
30	5	0.0951	0	0	-0.07411	0.5562
30	5	3.249	0	0	-0.2232	-1.478
30	5	0.3038	1	0	0.1092	0.8202
30	5	0.4118	1	1	0.003621	0.2879
30	5	0.4785	0	0	-0.8159	0.2242
30	5	0.1919	0	0	0.1509	0.508
30	5	0.7	0	0	0.5115	0.0416
30	5	0.3817	1	0	0.4663	0.8771
30	5	0.9664	0	1	-0.3824	1.36
30	5	0.429	0	0	0.01233	0.2367
30	5	0.1844	0	0	-1.276	0.5112
30	5	0.9836	0	0	0.6747	-0.1641
30	5	0.5184	1	0	-0.7661	1.004
30	5	0.2412	1	1	-6.085	0.3633
30	5	0.265	1	0	2.434	0.8946
30	5	0.1722	1	1	-0.01691	0.4764
30	5	0.01045	0	0	0.7138	0.63
30	5	0.624	0	0	0.1276	0.09979
30	5	0.9958	1	1	0.2154	-0.1501
30	5	0.9685	0	1	0.3449	1.299
30	5	0.5399	1	1	-0.07652	0.1637
30	5	3.288	1	1	0.05568	-1.497
30	5	0.2677	0	1	-0.4497	0.445
30	5	0.1112	1	1	-0.4757	0.716
30	5	1.361	1	1	-0.1708	-0.3935
30	5	3.716	1	1	0.05303	-1.621
30	5	0.1902	1	0	-0.3349	0.7427
30	5	3.385	1	1	1.26	-1.519
30	5	0.2177	0	0	0.1112	0.4346
30	5	0.1536	1	1	0.644	0.7393
30	5	0.5003	1	1	0.6035	0.2429
30	5	1.192	0	0	-0.04866	-0.3027
30	5	0.9612	0	1	-0.1585	1.231
30	5	0.4828	0	0	0.3429	0.2555
30	5	3.651	0	0	2.009	-1.616
30	5	0.3809	1	1	1.929	0.2938
30	5	0.9979	1	1	-0.1566	-0.1265
30	5	0.42	0	0	-2.562	0.2296
30	5	0.429	1	0	-1.069	0.8557
30	5	0.04826	1	0	0.1171	0.672
30	5	0.06526	1	1	1.469	0.6543
30	5	3.471	1	1	0.2777	-1.563
30	5	0.132	1	0	0.1782	0.7697
30	5	0.02106	0	0	-1.335	0.6852
30	5	3.542	0	0	0.5872	-1.576
30	5	3.42	0	0	0.7257	-1.512
31	5	0.08031	1	0	-0.9382	0.5702
31	5	1.028	0	0	0.1037	-0.1224
31	5	0.5107	0	0	1.158	0.2823
31	5	0.5819	1	0	0.5506	1.048
31	5	3.47	1	1	-0.4841	-1.537
31	5	0.2295	1	0	0.2618	0.8016
31	5	3.872	1	1	-0.5595	-1.665
31	5	0.1985	1	1	-0.3193	0.4042
31	5	3.965	1	1	0.9499	-1.692
31	5	0.9209	1	1	0.7872	-0.0755
31	5	0.6633	0	0	-2.205	0.09798
31	5	0.8652	1	0	2.011	1.26
31	5	0.9361	0	0	-1.204	-0.1014
31	5	0.6397	1	0	0.5093	1.141
31	5	0.05643	0	1	0.7766	0.5923
31	5	1.034	1	1	0.2104	-0.1674
31	5	0.2992	0	0	1.499	0.372
31	5	3.294	0	0	1.138	-1.483
31	5	0.688	1	0	0.4203	1.063
31	5	0.03652	1	1	1.178	0.5632
31	5	0.3976	0	0	-0.2823	0.2646
31	5	0.1078	0	1	0.6976	0.6319
31	5	3.726	0	0	-0.1738	-1.627
31	5	0.2979	0	1	-0.01483	0.3385
31	5	0.2985	1	1	-0.9987	0.3698
31	5	0.9791	0	1	-0.05745	1.479
31	5	0.171	1	1	-0.2832	0.4507
31	5	0.7064	1	0	3.06	1.195
31	5	1.309	1	1	0.3454	-0.3787
31	5	0.3303	0	1	-0.7922	0.9037
31	5	0.04529	0	0	1.008	0.5233
31	5	3.585	1	1	0.9852	-1.58
31	5	0.3816	1	0	0.03441	0.8961
31	5	0.08618	1	0	1.13	0.7195
31	5	0.2008	1	1	0.3414	0.5075
31	5	0.4477	0	0	0.8906	0.2174
31	5	0.9375	0	0	-0.5972	-0.09124
31	5	0.09141	0	0	-0.3914	0.5267
31	5	0.9241	1	0	-1.159	1.343
31	5	0.3488	0	0	-0.08915	0.2594
31	5	0.01187	0	0	-0.5468	0.5728
31	5	0.4507	0	0	-0.2303	0.3676
31	5	3.926	0	0	-0.376	-1.671
31	5	3.743	0	0	0.6411	-1.638
31	5	3.904	1	1	1.575	-1.678
31	5	0.5476	0	0	0.3275	0.1855
31	5	0.1848	0	0	-0.08122	0.4598
31	5	3.779	0	0	1.369	-1.655
31	5	0.2058	1	1	1.126	0.4412
31	5	0.448	1	1	0.7288	0.311
32	5	0.6433	0	1	-1.706	1.019
32	5	0.1791	0	1	-0.05598	0.7203
32	5	1.132	0	0	-0.0597	-0.1752
32	5	0.2353	1	1	-1.194	0.391
32	5	0.3307	0	0	0.07892	0.3922
32	5	0.1849	1	0	-0.05703	0.7324
32	5	3.641	0	0	0.7875	-1.586
32	5	1.025	1	1	0.007233	-0.1684
32	5	0.6894	1	0	-0.026	1.1
32	5	0.7592	0	1	0.1925	1.228
32	5	0.3441	0	1	1.032	0.9007
32	5	0.2516	1	1	-0.4928	0.4126
32	5	3.872	1	1	-0.5615	-1.667
32	5	0.1141	0	1	0.6111	0.6831
32	5	0.1029	0	0	0.3054	0.605
32	5	1.174	1	1	-0.1072	-0.2775
32	5	3.666	1	1	0.6395	-1.593
32	5	0.6416	0	0	0.2488	0.1801
32	5	0.2091	1	1	-0.7532	0.4011
32	5	0.5953	0	0	-0.03691	0.142
32	5	0.8555	0	0	-1.793	-0.007448
32	5	0.05913	1	1	-0.8018	0.5151
32	5	0.2403	1	1	-0.5895	0.7618
32	5	0.0736	0	1	0.8221	0.7292
32	5	0.2852	1	1	-0.5793	0.4056
32	5	0.3255	0	1	0.7201	0.877
32	5	0.4815	1	1	-0.162	0.2299
32	5	3.843	1	1	-0.9653	-1.667
32	5	0.6739	1	1	-0.2258	0.06114
32	5	3.68	0	0	0.2543	-1.621
32	5	0.6916	1	1	-0.2878	0.1021
32	5	3.906	1	1	0.5929	-1.686
32	5	0.9301	1	0	0.8541	1.272
32	5	0.6189	0	0	-0.04259	0.1083
32	5	0.09606	0	0	0.129	0.5524
32	5	1.143	0	0	-0.8027	-0.1953
32	5	0.1595	0	0	1.178	0.4518
32	5	3.543	0	0	-0.7724	-1.561
32	5	0.1387	0	0	-1.943	0.5084
32	5	0.3926	0	1	1.928	0.928
32	5	1.16	1	0	-2.299	1.423
32	5	3.573	1	1	-0.9545	-1.59
32	5	0.05581	1	1	-0.301	0.6466
32	5	0.9905	1	1	0.3936	-0.1233
32	5	0.3247	0	0	1.322	0.3769
32	5	0.7756	1	0	-0.02574	1.239
32	5	0.2811	1	1	1.281	0.3602
32	5	3.732	1	1	-0.8142	-1.603
32	5	3.409	1	1	-0.1034	-1.526
32	5	0.324	1	1	-0.2915	0.387
33	5	0.6481	0	1	1.285	1.156
33	5	0.1621	0	1	0.2655	0.6688
33	5	0.1306	0	1	0.1793	0.6989
33	5	3.49	1	1	0.03698	-1.564
33	5	0.4591	0	1	0.2115	0.9311
33	5	3.957	1	1	0.657	-1.703
33	5	3.908	1	1	-0.09044	-1.7
33	5	3.704	1	1	-0.4862	-1.621
33	5	0.8864	1	1	-0.3999	-0.09004
33	5	0.4299	0	1	-1.43	0.9401
33	5	0.06279	0	1	-1.511	0.6731
33	5	0.83	0	1	0.3843	1.196
33	5	3.551	1	1	-0.9817	-1.576
33	5	0.5516	0	0	0.6117	0.2178
33	5	3.43	0	0	-0.4505	-1.544
33	5	0.2071	1	1	-0.1663	0.46
33	5	0.6696	0	1	-0.08005	1.124
33	5	0.1598	1	0	-0.3036	0.492
33	5	0.6804	1	1	0.2417	0.06731
33	5	0.9371	0	0	-0.1284	-0.07309
33	5	0.9018	1	0	-0.4959	1.305
33	5	0.2278	0	1	-0.1956	0.7944
33	5	0.3625	0	1	-0.3621	0.9138
33	5	0.56	1	1	0.2303	0.1694
33	5	0.304	1	1	-0.2467	0.38
33	5	3.672	0	0	0.01727	-1.614
33	5	0.3808	0	0	1.104	0.2556
33	5	0.4162	0	1	0.5394	0.8882
33	5	3.99	0	0	1.049	-1.695
33	5	0.2865	0	0	-0.2827	0.4082
33	5	0.1657	1	0	0.3882	0.7666
33	5	0.01367	1	0	1.084	0.6543
33	5	0.9818	1	1	0.2979	-0.07045
33	5	0.1646	1	1	1.288	0.4352
33	5	0.3406	0	1	-0.2186	0.9128
33	5	0.2332	1	1	0.9419	0.4142
33	5	0.4021	1	0	0.1101	0.8888
33	5	4.208	1	1	0.4477	-1.744
33	5	1.062	1	1	-2.162	-0.1388
33	5	0.1153	0	1	0.3321	0.6981
33	5	0.5136	1	1	-1.494	0.1817
33	5	0.5263	1	1	-0.7191	0.196
33	5	3.528	1	1	0.6537	-1.546
33	5	0.2682	0	1	-0.02777	0.7923
33	5	0.2445	0	0	-0.1358	0.3868
33	5	1.073	1	1	-3.308	-0.1822
33	5	0.09984	1	0	-0.6939	0.7166
33	5	0.4473	0	1	-0.0001128	0.9733
33	5	0.4215	1	1	-2.167	0.2774
33	5	0.2531	0	1	0.5479	0.7757
34	5	3.858	1	1	-0.7833	-1.674
34	5	0.9378	0	0	-2.127	-0.11
34	5	0.4677	0	0	0.5599	0.2025
34	5	0.07979	0	0	-0.1319	0.6509
34	5	1.066	1	1	-0.6774	-0.2519
34	5	0.7231	0	0	0.1281	0.01565
34	5	0.1148	1	0	0.01189	0.5293
34	5	0.1521	0	1	-0.03998	0.7642
34	5	0.7809	0	0	-2.25	0.03565
34	5	0.01869	1	1	0.108	0.5701
34	5	0.1319	1	1	0.01207	0.437
34	5	0.1517	1	1	-3.162	0.4815
34	5	0.8161	0	0	0.05826	-0.01375
34	5	0.3482	1	1	-1.602	0.3288
34	5	3.489	0	0	0.3417	-1.557
34	5	0.4411	1	0	0.6031	0.9969
34	5	3.526	1	1	-0.4286	-1.566
34	5	0.1288	0	1	-0.06612	0.4804
34	5	0.2638	0	0	0.4357	0.4153
34	5	0.2062	0	0	0.2744	0.4164
34	5	1.086	0	0	0.6437	-0.2305
34	5	0.7209	0	1	-0.4133	1.165
34	5	0.9931	1	1	-0.01862	-0.1653
34	5	0.3968	1	1	-0.8501	0.3004
34	5	1.185	1	1	0.7418	-0.2644
34	5	0.4681	1	1	0.4815	0.2597
34	5	0.3141	0	1	-0.4278	0.9179
34	5	0.4452	1	0	-0.5559	0.9764
34	5	0.5738	1	1	-0.7634	0.1872
34	5	0.7698	1	1	1.271	0.06012
34	5	3.3	0	0	0.51	-1.496
34	5	0.1219	1	0	-0.4636	0.5186
34	5	3.539	1	1	0.8072	-1.575
34	5	0.1062	0	0	1.426	0.5027
34	5	0.4465	1	0	2.477	0.9441
34	5	3.722	0	0	-0.8623	-1.627
34	5	0.1023	0	1	0.06567	0.7069
34	5	3.746	1	1	0.1589	-1.654
34	5	3.482	0	0	0.4225	-1.554
34	5	0.3008	0	1	0.3644	0.8286
34	5	0.09035	1	1	0.1678	0.5329
34	5	0.7039	0	1	0.7915	1.129
34	5	0.06978	1	0	0.1694	0.5646
34	5	0.2904	0	1	-1.417	0.8408
34	5	0.3412	1	1	0.3198	0.3817
34	5	3.802	1	1	0.3739	-1.63
34	5	0.173	1	0	-1.47	0.7239
34	5	0.09866	1	0	0.4689	0.7063
34	5	3.678	0	0	-0.9322	-1.62
34	5	0.03985	1	0	-0.5316	0.6535
35	5	3.486	0	0	-0.2153	-1.543
35	5	0.3956	1	1	0.3978	0.3744
35	5	0.6751	0	0	0.1088	0.1556
35	5	0.3941	1	1	0.4312	0.3554
35	5	0.2574	0	0	0.6039	0.3543
35	5	0.1278	0	1	0.9885	0.7146
35	5	0.3674	0	0	0.01263	0.3226
35	5	0.1036	1	1	0.7352	0.5251
35	5	0.3184	1	0	1.128	0.8024
35	5	0.4253	1	0	-0.4622	0.9651
35	5	0.1766	1	0	-0.1632	0.7429
35	5	3.554	1	1	0.3798	-1.579
35	5	0.4835	1	1	-0.09928	0.2137
35	5	0.08148	0	1	-0.2737	0.7586
35	5	0.09966	0	1	-0.472	0.7091
35	5	0.6819	0	1	0.7789	1.094
35	5	3.496	1	1	-0.3455	-1.563
35	5	0.3723	0	1	-1.507	0.8909
35	5	0.6898	1	0	0.4389	1.206
35	5	3.691	0	0	0.9561	-1.621
35	5	4.218	0	0	-0.4354	-1.746
35	5	0.3885	1	0	0.5393	0.9065
35	5	0.02515	0	1	-0.3445	0.6392
35	5	0.3782	0	0	1.069	0.3351
35	5	0.8946	1	0	0.5942	1.256
35	5	0.07294	1	0	1.34	0.5333
35	5	0.4	0	0	-1.152	0.3471
35	5	0.7654	1	1	1.438	-0.001539
35	5	0.8271	0	0	-2.306	-0.008307
35	5	3.851	0	0	0.4543	-1.687
35	5	0.7718	1	0	1.023	1.101
35	5	0.9658	0	0	-0.9253	-0.1266
35	5	0.3178	1	0	1.105	0.765
35	5	0.5053	0	0	-0.9334	0.2568
35	5	0.6055	1	0	1.378	1.079
35	5	0.05779	0	0	-0.5961	0.7018
35	5	0.2634	0	0	-0.2016	0.4396
35	5	1.075	1	1	-0.6136	-0.1668
35	5	3.523	1	1	-0.5613	-1.571
35	5	3.741	0	0	0.06573	-1.632
35	5	0.3654	0	0	-1.17	0.358
35	5	3.66	1	1	0.7197	-1.606
35	5	0.9476	1	0	2.51	1.32
35	5	0.001009	1	1	0.2108	0.5981
35	5	0.08666	0	1	-0.2037	0.6966
35	5	0.1855	1	0	0.08093	0.7145
35	5	0.005244	0	1	-2.29	0.6145
35	5	3.545	0	0	-0.5103	-1.588
35	5	0.2102	0	0	-0.3689	0.4727
35	5	1.128	1	1	-0.1454	-0.2333
36	5	0.7107	1	1	-0.2181	0.05271
36	5	0.5237	0	0	0.4529	0.271
36	5	0.7348	0	1	-0.154	1.147
36	5	3.897	0	0	-0.06778	-1.675
36	5	0.1657	0	0	0.8027	0.4555
36	5	0.08381	0	0	1.037	0.5209
36	5	0.4444	1	1	1.686	0.9311
36	5	0.1231	0	0	-0.1442	0.5472
36	5	0.9337	0	0	-1.866	-0.05664
36	5	0.7696	1	0	-0.4143	1.19
36	5	3.728	0	0	-0.02017	-1.632
36	5	0.01565	1	1	0.09922	0.6816
36	5	3.333	1	1	-0.2819	-1.494
36	5	0.2648	1	1	1.058	0.3825
36	5	1.098	1	1	-2.567	-0.2865
36	5	0.9239	1	1	0.08317	-0.1398
36	5	3.84	1	1	0.9287	-1.648
36	5	0.7693	1	1	1.606	0.02825
36	5	3.79	0	0	-0.0414	-1.648
36	5	1.142	1	1	0.292	-0.2428
36	5	0.2253	1	0	-0.5287	0.8001
36	5	0.1898	1	1	-0.5786	0.4161
36	5	0.7983	1	1	0.1991	0.03216
36	5	0.07069	0	0	2.479	0.5962
36	5	3.709	1	1	-0.7651	-1.614
36	5	0.3188	0	0	1.391	0.4012
36	5	0.3005	1	1	-1.327	0.4495
36	5	0.4221	1	0	0.9632	0.9744
36	5	3.549	0	0	-0.9563	-1.589
36	5	0.2598	0	1	-0.0933	0.7713
36	5	0.9353	1	1	0.3065	-0.08772
36	5	0.4407	0	0	0.3466	0.2809
36	5	0.2196	0	0	-0.4643	0.4287
36	5	0.619	0	0	0.3777	0.1478
36	5	3.247	0	0	0.1045	-1.456
36	5	0.3391	1	0	-0.8152	0.8731
36	5	3.777	1	1	-0.008157	-1.64
36	5	0.9172	1	1	0.4418	-0.08526
36	5	0.2647	0	1	-2.242	0.8726
36	5	0.4483	1	1	-1.762	0.3103
36	5	0.5004	0	1	0.9507	0.8893
36	5	0.5071	1	1	1.135	0.2258
36	5	0.05064	1	0	-1.283	0.6936
36	5	0.7509	1	0	-1.482	1.174
36	5	0.4859	1	1	0.454	0.2127
36	5	0.9094	1	1	-0.772	-0.0686
36	5	0.1027	1	0	-0.3374	0.5044
36	5	0.3599	0	0	1.225	0.2629
36	5	3.823	0	0	0.1463	-1.665
36	5	0.221	0	1	-0.2426	0.7828
37	5	3.728	1	1	-1.119	-1.634
37	5	0.8152	0	1	-0.2329	1.205
37	5	0.3904	1	0	-0.2707	0.9158
37	5	0.4544	1	1	-0.1124	0.2811
37	5	0.9711	1	1	-2.772	-0.09966
37	5	0.7715	1	1	0.02957	0.06723
37	5	0.1465	0	1	0.8895	0.4625
37	5	0.5064	0	0	-0.08715	0.17
37	5	3.658	1	1	0.3694	-1.617
37	5	0.5435	0	1	0.3054	0.9877
37	5	0.3618	0	1	-0.2566	0.8457
37	5	3.642	0	0	0.1625	-1.602
37	5	0.8501	0	1	-0.4602	1.253
37	5	0.05404	1	1	-0.5305	0.5278
37	5	3.724	0	0	0.1614	-1.639
37	5	0.7413	1	1	0.5752	0.08264
37	5	0.2677	0	0	0.2637	0.4586
37	5	0.6624	1	1	0.7686	0.1627
37	5	0.5842	1	0	-0.1967	1.065
37	5	3.711	1	1	0.145	-1.622
37	5	0.01656	1	1	0.7861	0.6278
37	5	0.4856	0	1	-0.2227	1.036
37	5	0.1444	1	1	-1.63	0.7758
37	5	0.1026	0	0	0.5628	0.5043
37	5	3.705	0	0	-1.864	-1.605
37	5	0.2522	0	0	0.103	0.3497
37	5	0.5074	0	1	-0.2581	0.9513
37	5	3.734	0	0	0.4119	-1.638
37	5	0.5466	1	0	0.7402	0.9819
37	5	0.06096	1	1	1.953	0.541
37	5	1.335e-05	0	0	-0.5764	0.5687
37	5	0.09955	0	1	-0.1585	0.5381
37	5	0.3848	0	0	0.8169	0.3037
37	5	0.9185	1	1	0.3132	-0.08117
37	5	0.3271	1	0	0.7885	0.9065
37	5	3.48	1	1	-1.074	-1.545
37	5	3.389	0	0	-0.4571	-1.507
37	5	0.8469	1	1	-0.4974	-0.07181
37	5	0.7808	1	1	0.9715	0.03617
37	5	0.2072	1	1	-1.326	0.4012
37	5	0.1538	0	1	1.069	0.6653
37	5	1.122	0	0	-1.009	-0.2357
37	5	0.1471	0	1	0.7185	0.7103
37	5	0.3573	0	1	-3.364	0.9177
37	5	3.535	1	1	-0.5623	-1.58
37	5	0.7539	0	1	1.276	1.156
37	5	0.1406	0	1	-1.18	0.7431
37	5	0.4241	1	1	2.22	0.2956
37	5	0.5109	1	1	-0.03877	0.2407
37	5	0.5293	0	0	-2.543	0.2565
38	5	0.8834	0	0	-0.81	-0.1245
38	5	3.705	0	0	0.1589	-1.641
38	5	0.8707	1	1	-0.09752	0.01315
38	5	0.9117	0	0	-0.3336	-0.1004
38	5	3.663	1	1	-0.7745	-1.613
38	5	4.05	0	0	-2.254	-1.708
38	5	0.09865	0	0	1.237	0.5544
38	5	1.13	1	1	0.3515	-0.205
38	5	0.3189	1	1	0.129	0.3025
38	5	0.5789	1	1	0.8407	0.1112
38	5	3.529	0	0	-0.3863	-1.577
38	5	1.182	0	0	-1.457	-0.2357
38	5	0.6164	1	1	2.155	0.1788
38	5	0.2731	1	0	-0.693	0.8377
38	5	0.2424	0	0	-1.087	0.3838
38	5	0.3433	0	1	0.2038	0.9499
38	5	3.59	1	1	0.1143	-1.586
38	5	1.134	0	0	0.4638	-0.262
38	5	0.1618	1	1	-2.154	0.7464
38	5	0.4871	0	1	-2.609	1.027
38	5	3.892	1	1	-0.8465	-1.696
38	5	0.05637	1	1	0.2708	0.5172
38	5	0.2898	1	0	-1.08	0.8705
38	5	0.2781	1	1	-0.07472	0.3812
38	5	0.9702	1	1	0.4089	-0.05871
38	5	3.428	1	1	-1.096	-1.531
38	5	0.6313	1	1	0.1456	0.1246
38	5	0.06416	0	1	-1.036	0.6607
38	5	0.1241	1	1	0.5947	0.4457
38	5	0.5176	1	1	0.1866	0.2012
38	5	0.5255	0	0	-0.6671	0.2066
38	5	0.2408	1	0	-0.1061	0.8321
38	5	0.5794	0	0	-0.3126	0.194
38	5	3.517	0	0	-0.07451	-1.573
38	5	3.611	1	1	0.9033	-1.607
38	5	0.05759	1	0	1.797	0.6505
38	5	0.6929	1	1	0.2834	0.1225
38	5	0.09871	0	0	0.8818	0.7173
38	5	0.1285	0	1	1.353	0.784
38	5	0.5091	1	0	1.191	1.021
38	5	0.9029	0	0	-1.552	-0.09317
38	5	0.01552	1	0	1.888	0.5917
38	5	0.4999	1	0	0.3156	1.006
38	5	0.9902	0	0	-2.687	-0.1457
38	5	3.281	1	1	-0.1487	-1.471
38	5	0.005099	0	0	1.805	0.5708
38	5	0.2379	0	0	0.3314	0.4561
38	5	0.4492	0	0	-2.526	0.2309
38	5	0.06107	0	0	-1.38	0.5826
38	5	0.3872	0	0	0.6005	0.3221
39	5	0.3138	1	1	0.2652	0.3786
39	5	0.1661	1	1	0.1384	0.4801
39	5	0.04032	0	0	0.5856	0.5939
39	5	0.0711	1	1	-0.3859	0.5328
39	5	0.1026	1	1	-1.526	0.5947
39	5	0.3388	1	1	-1.355	0.805
39	5	0.4987	1	0	-1.642	1.005
39	5	0.3133	0	0	0.8679	0.3755
39	5	3.853	0	0	-0.4323	-1.661
39	5	0.9787	0	1	0.7427	1.346
39	5	0.6516	0	0	0.4395	0.1035
39	5	1.044	0	1	0.2512	1.373
39	5	0.4466	0	0	-0.7054	0.2038
39	5	0.2343	1	1	-1.445	0.3933
39	5	3.499	0	0	1.404	-1.568
39	5	3.367	1	1	0.4345	-1.496
39	5	0.9434	0	0	0.3222	-0.1032
39	5	0.1514	1	0	1.526	0.7212
39	5	0.05195	0	1	0.7497	0.4918
39	5	3.81	1	1	0.298	-1.658
39	5	1.281	1	1	0.7142	-0.3371
39	5	3.828	1	1	0.2636	-1.665
39	5	0.7947	0	0	0.7791	-0.04967
39	5	0.5239	1	0	-0.8117	0.9821
39	5	0.3631	0	0	-1.465	0.8983
39	5	0.6861	1	0	0.0776	1.044
39	5	0.2727	0	0	0.1867	0.3265
39	5	1.012	0	0	-0.2995	-0.1553
39	5	0.5396	0	1	-1.809	1.063
39	5	3.764	1	1	0.9824	-1.639
39	5	0.3134	0	0	-0.6671	0.3425
39	5	0.7782	0	0	1.356	0.006281
39	5	0.1627	1	0	0.2596	0.5248
39	5	0.301	1	0	-1.477	0.884
39	5	0.03819	0	0	-0.8502	0.521
39	5	0.09205	1	0	0.27	0.6393
39	5	1.17	0	0	-0.6101	-0.2915
39	5	0.2995	0	0	1.143	0.4063
39	5	3.621	1	1	-0.4548	-1.614
39	5	0.7492	1	0	0.1772	1.158
39	5	0.3127	1	1	0.3951	0.3134
39	5	0.6819	1	1	-1.589	0.1165
39	5	3.383	1	1	0.2206	-1.51
39	5	0.5312	0	0	-0.5877	0.2267
39	5	0.4112	0	0	0.05978	0.2764
39	5	0.3604	1	0	-1.074	0.9331
39	5	3.433	0	0	-0.733	-1.541
39	5	3.819	1	1	0.742	-1.657
39	5	0.6089	0	0	0.6788	0.1371
39	5	0.1181	0	1	-1.458	0.7295
40	6	0.2188	0	0	-0.2934	0.4534
40	6	3.967	0	0	-1.604	-1.696
40	6	0.9925	0	0	-0.9102	-0.1372
40	6	3.674	1	1	-0.4623	-1.627
40	6	0.09484	0	0	-0.4988	0.5562
40	6	3.249	0	0	0.4302	-1.473
40	6	0.3037	1	0	0.5093	0.871
40	6	0.4113	1	0	-0.844	0.9315
40	6	0.4799	0	0	-1.87	0.2684
40	6	0.1946	0	0	0.1316	0.4533
40	6	0.7026	0	0	-0.1238	0.08664
40	6	0.3788	1	0	-1.299	0.8743
40	6	0.9653	0	1	0.1942	1.289
40	6	0.4344	0	1	0.09031	0.875
40	6	0.1809	0	1	0.3966	0.794
40	6	0.9837	0	0	-0.5799	-0.1583
40	6	0.5154	1	0	0.3019	1.021
40	6	0.239	1	1	-0.04504	0.4668
40	6	0.2628	1	1	-0.6198	0.4513
40	6	0.1707	1	1	0.1585	0.3804
40	6	0.01154	0	1	-0.4467	0.5666
40	6	0.6242	0	0	0.2559	0.1461
40	6	0.9942	1	1	-1.007	-0.07566
40	6	0.9666	0	1	-0.01751	1.336
40	6	0.5374	1	1	0.8133	0.1917
40	6	3.288	1	1	-1.738	-1.487
40	6	0.2706	0	0	1.198	0.8536
40	6	0.1153	1	1	-1.055	0.7424
40	6	1.362	1	1	0.2854	-0.3877
40	6	3.716	1	1	1.232	-1.633
40	6	0.1922	1	1	0.1854	0.4257
40	6	3.39	1	1	-0.2888	-1.523
40	6	0.2122	0	0	-0.9953	0.4642
40	6	0.1523	1	1	-3.83	0.7876
40	6	0.4962	1	0	0.8428	0.9629
40	6	1.2	0	0	0.4872	-0.248
40	6	0.964	0	0	0.7134	-0.1245
40	6	0.4806	0	0	1.288	0.2533
40	6	3.651	0	0	1.321	-1.609
40	6	0.3806	1	1	-0.4685	0.318
40	6	0.9987	1	1	0.7492	-0.1555
40	6	0.4169	0	0	-1.638	0.282
40	6	0.4278	1	0	-2.088	0.951
40	6	0.05094	1	1	-0.4686	0.6257
40	6	0.05886	1	0	-2.416	0.5769
40	6	3.469	1	1	-1.225	-1.571
40	6	0.1313	1	1	1.44	0.5497
40	6	0.01937	0	1	-1.204	0.5711
40	6	3.539	0	0	0.3278	-1.579
40	6	3.413	0	0	-0.2666	-1.518
41	6	0.07668	1	0	-0.2412	0.4755
41	6	1.028	0	0	-0.2158	-0.1699
41	6	0.5089	0	0	-0.1858	0.2023
41	6	0.5835	1	0	-0.5996	1.05
41	6	3.465	1	1	-0.5734	-1.544
41	6	0.2299	1	0	-0.09128	0.8279
41	6	3.873	1	1	-0.5604	-1.667
41	6	0.1967	1	0	-0.1938	0.8092
41	6	3.964	1	1	-0.4852	-1.724
41	6	0.9184	1	1	0.2587	-0.1309
41	6	0.6647	0	1	-0.07499	1.071
41	6	0.8644	1	1	-0.5755	-0.09911
41	6	0.9306	0	0	-0.1224	-0.1153
41	6	0.6425	1	0	-0.2117	1.167
41	6	0.05617	0	0	-0.4298	0.526
41	6	1.034	1	0	-1.443	1.304
41	6	0.3013	0	1	0.136	0.8271
41	6	3.291	0	0	-0.23	-1.475
41	6	0.6862	1	1	-0.7258	0.001669
41	6	0.0375	1	1	-0.2021	0.6004
41	6	0.3971	0	0	-2.361	0.3273
41	6	0.1088	0	0	0.2635	0.5636
41	6	3.787	0	0	-0.6535	-1.654
41	6	0.06304	0	1	-0.7705	0.5471
41	6	0.3657	1	0	2.056	0.9145
41	6	0.8062	0	0	-0.3351	-0.02054
41	6	0.3718	1	1	0.2293	0.3364
41	6	0.8644	1	1	0.1998	-0.04335
41	6	0.9378	1	1	0.8042	-0.1216
41	6	0.08741	1	1	0.193	0.7164
41	6	0.09405	0	0	-0.3791	0.5012
41	6	3.593	1	1	-0.07456	-1.61
41	6	0.09928	1	1	-1.263	0.5505
41	6	0.2123	1	1	-0.6769	0.4162
41	6	0.5753	1	0	0.4602	1.034
41	6	0.3539	0	1	0.7962	0.9018
41	6	0.4465	0	0	-1.564	0.2523
41	6	0.01354	0	1	0.7374	0.6923
41	6	0.9115	1	0	-0.3692	1.236
41	6	0.05549	1	0	1.042	0.6089
41	6	0.1771	1	1	-0.2324	0.7659
41	6	0.2055	0	0	-0.5043	0.3852
41	6	3.772	0	0	-0.2434	-1.669
41	6	3.467	0	0	-1.132	-1.547
41	6	3.653	1	1	0.6496	-1.616
41	6	0.4039	0	0	-0.6534	0.3542
41	6	0.2904	0	1	-1.516	0.8886
41	6	3.801	0	0	-0.9401	-1.655
41	6	0.6716	1	1	-0.2471	0.1201
41	6	0.3314	1	0	1.396	0.9082
42	6	0.5121	0	1	-0.4515	1.015
42	6	0.4276	0	1	0.3923	0.9924
42	6	1.253	0	0	-0.7083	-0.3109
42	6	0.481	1	1	-0.4554	0.237
42	6	0.3171	0	0	0.3042	0.3593
42	6	0.06072	1	0	0.133	0.6598
42	6	3.417	0	0	-0.9086	-1.528
42	6	0.8188	1	0	0.0432	1.241
42	6	0.3534	1	1	-0.2221	0.2799
42	6	0.6768	0	0	0.4372	0.0658
42	6	0.3806	0	0	0.3249	0.3688
42	6	0.286	1	0	-0.4704	0.8658
42	6	3.586	1	1	-0.2748	-1.593
42	6	0.1322	0	0	0.2108	0.5078
42	6	0.2409	0	0	0.2969	0.4521
42	6	1.191	1	1	0.1691	-0.3025
42	6	3.874	1	1	-0.2629	-1.672
42	6	0.5034	0	1	-0.2967	0.9989
42	6	0.1616	1	1	-0.3956	0.4656
42	6	0.2868	0	0	-0.0829	0.439
42	6	0.8681	0	0	0.3164	-0.06515
42	6	0.4047	1	1	0.1251	0.2633
42	6	0.3566	0	0	-0.03613	0.338
42	6	0.0242	0	0	-0.4038	0.6542
42	6	0.05383	1	1	-0.07423	0.5173
42	6	0.177	0	0	0.2881	0.4997
42	6	0.5668	1	1	1.671	0.2459
42	6	3.183	1	1	-0.7147	-1.45
42	6	0.8481	1	1	0.185	-0.0736
42	6	3.61	0	0	-0.7358	-1.579
42	6	0.1925	1	0	-0.3206	0.7869
42	6	3.193	1	1	0.2572	-1.46
42	6	0.7559	1	1	-0.8334	0.04851
42	6	0.4526	0	0	0.7301	0.2664
42	6	0.08465	0	0	-0.09186	0.5872
42	6	1.306	0	0	0.8357	-0.3583
42	6	0.09802	1	1	0.8206	0.7261
42	6	3.581	0	0	-0.441	-1.592
42	6	0.001382	1	1	0.06082	0.6401
42	6	0.1534	0	1	-1.256	0.83
42	6	0.8811	1	1	-1.132	-0.08699
42	6	3.739	1	1	-0.2758	-1.653
42	6	0.02067	0	1	-0.3443	0.6975
42	6	1.046	1	0	0.6459	1.474
42	6	0.396	0	1	-0.2659	0.8628
42	6	0.9937	1	1	-0.7994	-0.1516
42	6	0.1257	1	0	-1.151	0.7222
42	6	3.496	1	1	0.1905	-1.556
42	6	3.658	1	1	0.08076	-1.618
42	6	0.3817	1	0	-0.04992	0.8605
43	6	0.8664	0	0	0.6706	-0.05249
43	6	0.03732	1	0	0.6619	0.5633
43	6	0.3805	0	0	0.3687	0.3735
43	6	3.621	1	1	-0.5664	-1.61
43	6	0.001212	1	0	0.2601	0.5495
43	6	3.644	1	1	-0.3362	-1.615
43	6	3.522	1	1	-0.6958	-1.578
43	6	3.263	1	0	0.1645	2.427
43	6	0.8744	1	0	0.2397	1.235
43	6	0.3921	0	0	-0.249	0.325
43	6	0.2183	0	0	-0.2679	0.429
43	6	0.8838	0	0	-0.6532	-0.08981
43	6	3.273	1	1	1.048	-1.456
43	6	0.3607	0	0	1.032	0.3811
43	6	3.583	0	0	1.86	-1.581
43	6	0.3206	1	0	0.6198	0.8493
43	6	0.2211	0	0	-0.8773	0.4352
43	6	0.2457	1	0	-0.3287	0.3882
43	6	1.033	1	0	-0.7178	1.403
43	6	0.5952	0	0	-0.1327	0.1489
43	6	0.7085	1	0	1.158	1.154
43	6	0.2341	0	0	-0.1999	0.4345
43	6	0.2069	0	0	-0.1901	0.5248
43	6	0.2184	1	0	-0.06893	0.7727
43	6	0.4094	1	0	0.3899	0.9934
43	6	3.562	0	0	0.04778	-1.592
43	6	0.6453	0	0	-1.054	0.171
43	6	0.08984	0	0	1.973	0.5088
43	6	3.249	0	0	0.517	-1.485
43	6	0.3172	0	0	1.473	0.3637
43	6	0.02151	0	1	1.008	0.5683
43	6	0.1437	1	0	-0.01227	0.6801
43	6	0.8401	1	0	1.249	1.226
43	6	0.02269	0	1	1.869	0.6068
43	6	0.6492	0	0	-1.356	0.1746
43	6	0.7306	1	1	-1.671	0.02661
43	6	1.114	1	0	-0.6701	1.459
43	6	3.8	1	1	-0.4954	-1.637
43	6	0.8635	1	1	0.1841	-0.05743
43	6	0.04493	1	0	0.05442	0.5976
43	6	0.3984	1	1	-0.3185	0.3233
43	6	0.08319	1	1	0.3924	0.5517
43	6	3.904	1	1	-1.431	-1.687
43	6	0.1323	0	0	-2.09	0.5287
43	6	0.03702	0	1	-2.24	0.687
43	6	0.7541	1	1	0.3698	0.03034
43	6	0.08634	1	0	-0.9305	0.6576
43	6	0.4686	0	0	-1.58	0.2632
43	6	0.4204	1	1	-0.8201	0.2615
43	6	0.1268	1	0	0.9484	0.4205
44	6	3.646	1	1	0.777	-1.607
44	6	0.828	0	0	1.004	0.006774
44	6	0.08142	0	1	1.504	0.7165
44	6	0.2173	0	0	0.1433	0.4644
44	6	1.085	1	0	1.377	1.371
44	6	0.7437	0	0	-0.9828	0.03229
44	6	0.1836	0	0	0.1357	0.464
44	6	0.1529	0	0	-0.4951	0.5138
44	6	0.6298	0	0	-0.9968	0.1389
44	6	0.184	1	1	0.3121	0.5095
44	6	0.07771	1	0	0.8575	0.6628
44	6	0.2465	1	0	1.499	0.834
44	6	0.9589	0	1	0.4503	1.311
44	6	0.7584	1	1	-0.2949	0.06644
44	6	3.222	0	0	-0.5421	-1.446
44	6	0.4472	1	0	0.3812	0.9494
44	6	3.512	1	1	0.04002	-1.574
44	6	0.01033	0	0	0.2585	0.6429
44	6	0.3593	0	0	0.5965	0.3542
44	6	0.4645	0	0	-1.044	0.2637
44	6	0.5227	0	0	-0.8725	0.1982
44	6	1.022	0	1	-0.3785	1.334
44	6	0.7466	1	0	-0.1495	1.177
44	6	0.4724	1	1	-0.4883	0.2137
44	6	0.5837	1	0	-0.2948	1.04
44	6	0.5477	1	1	0.9619	0.1802
44	6	0.1603	0	0	0.08091	0.4376
44	6	0.7232	1	0	-0.5712	1.18
44	6	0.574	1	1	1.061	0.153
44	6	0.7683	1	1	-2.059	0.03244
44	6	3.294	0	0	-1.316	-1.487
44	6	0.128	1	0	0.2864	0.5091
44	6	3.537	1	1	1.477	-1.591
44	6	0.1084	0	0	-0.7067	0.5458
44	6	0.4434	1	0	0.1735	0.9774
44	6	3.72	0	0	0.3811	-1.646
44	6	0.1004	0	0	-0.7802	0.5694
44	6	3.745	1	1	-0.5124	-1.635
44	6	3.482	0	0	-0.0538	-1.567
44	6	0.3023	0	0	0.6859	0.3959
44	6	0.08591	1	0	-0.4356	0.6305
44	6	0.7026	0	1	-1.004	1.162
44	6	0.06836	1	1	-0.4286	0.6855
44	6	0.2901	0	0	-1.034	0.3787
44	6	0.3405	1	0	-0.2532	0.9086
44	6	3.8	1	0	1.019	3.255
44	6	0.1711	1	0	0.1955	0.6994
44	6	0.1032	1	0	-0.8222	0.6614
44	6	3.679	0	0	-0.6041	-1.607
44	6	0.03855	1	0	-2.023	0.666
45	6	3.486	0	0	-0.2701	-1.551
45	6	0.3913	1	0	0.6604	0.9107
45	6	0.6753	0	0	-0.3177	0.09145
45	6	0.3938	1	0	0.2526	0.8476
45	6	0.2565	0	0	0.536	0.4211
45	6	0.129	0	1	0.2774	0.7186
45	6	0.3727	0	0	0.03238	0.3348
45	6	0.1036	1	1	-0.1829	0.5215
45	6	0.3197	1	0	0.1561	0.8729
45	6	0.4261	1	1	-0.3331	0.2966
45	6	0.1778	1	0	-0.08274	0.7674
45	6	3.553	1	1	0.07728	-1.562
45	6	0.4924	1	0	-0.05002	0.9903
45	6	0.0797	0	1	-0.1917	0.6743
45	6	0.09684	0	0	0.5778	0.5171
45	6	0.679	0	1	1.357	1.144
45	6	3.492	1	1	-0.443	-1.562
45	6	0.3678	0	0	1.169	0.3015
45	6	0.687	1	1	-1.625	0.09335
45	6	3.688	0	0	1.946	-1.608
45	6	4.216	0	0	-1.302	-1.759
45	6	0.3869	1	0	1.04	0.9735
45	6	0.02504	0	0	0.7004	0.5736
45	6	0.3824	0	0	-0.09104	0.2867
45	6	0.8928	1	1	-0.3728	-0.1073
45	6	0.07065	1	1	0.9617	0.7117
45	6	0.3984	0	0	0.8596	0.3295
45	6	0.7642	1	0	-0.4385	1.101
45	6	0.8267	0	0	0.5182	-0.006092
45	6	3.853	0	0	0.3794	-1.664
45	6	0.7712	1	0	0.03971	1.248
45	6	0.9649	0	0	0.6687	-0.07938
45	6	0.3191	1	1	0.3495	0.2936
45	6	0.5089	0	0	0.3757	0.2263
45	6	0.6056	1	0	0.2276	1.064
45	6	0.06171	0	1	0.5007	0.5545
45	6	0.2665	0	1	-0.6498	0.8392
45	6	1.081	1	1	0.6176	-0.2297
45	6	3.529	1	1	0.5029	-1.554
45	6	3.742	0	0	-0.2147	-1.635
45	6	0.3663	0	1	-2.152	0.8808
45	6	3.659	1	1	-0.001572	-1.635
45	6	0.9478	1	0	2.049	1.338
45	6	0.0007162	1	1	-0.8407	0.5716
45	6	0.09056	0	0	0.9303	0.5148
45	6	0.1899	1	0	-0.2784	0.7784
45	6	0.00195	0	0	0.1578	0.6575
45	6	3.545	0	0	1.455	-1.565
45	6	0.2083	0	0	-1.855	0.4508
45	6	1.125	1	0	1.685	1.427
46	6	0.7093	1	1	-1.592	0.1056
46	6	0.5248	0	0	-1.837	0.1508
46	6	0.7386	0	0	0.2668	0.05569
46	6	3.894	0	0	0.2529	-1.713
46	6	0.1628	0	0	-0.04791	0.5222
46	6	0.07991	0	0	1.696	0.5704
46	6	0.4444	1	1	1.568	0.8885
46	6	0.1223	0	1	0.3512	0.6867
46	6	0.9349	0	0	0.4115	-0.1222
46	6	0.7711	1	1	-0.842	-0.04096
46	6	3.725	0	0	-0.356	-1.629
46	6	0.01791	1	0	2.491	0.5527
46	6	3.333	1	1	0.2207	-1.495
46	6	0.2633	1	1	0.05519	0.3509
46	6	1.103	1	1	-0.978	-0.2123
46	6	0.9225	1	1	0.8615	-0.07012
46	6	3.836	1	1	2.211	-1.665
46	6	0.7718	1	1	0.2611	0.01205
46	6	3.792	0	0	0.7208	-1.643
46	6	1.147	1	1	0.4889	-0.2422
46	6	0.2272	1	1	-0.4653	0.4042
46	6	0.1903	1	1	0.3606	0.4851
46	6	0.797	1	1	-0.1635	0.02258
46	6	0.0714	0	0	1.55	0.5338
46	6	3.708	1	1	1.316	-1.634
46	6	0.3193	0	1	-1.132	0.9155
46	6	0.2978	1	0	-0.5579	0.8496
46	6	0.4242	1	0	1.322	0.9905
46	6	3.546	0	0	-0.3484	-1.571
46	6	0.2621	0	1	-1.091	0.8681
46	6	0.9369	1	0	0.5331	1.249
46	6	0.442	0	1	-0.4074	0.9528
46	6	0.2263	0	1	1.578	0.698
46	6	0.6169	0	0	1.235	0.16
46	6	3.244	0	0	-1.113	-1.489
46	6	0.3383	1	0	-1.255	0.9615
46	6	3.775	1	1	-1.702	-1.644
46	6	0.922	1	1	-0.144	-0.07777
46	6	0.2639	0	0	0.5313	0.4317
46	6	0.4557	1	0	-0.7154	0.9732
46	6	0.5014	0	1	-1.995	0.9975
46	6	0.5033	1	1	-0.07223	0.1883
46	6	0.04623	1	1	-2.941	0.5575
46	6	0.7505	1	1	-0.4036	0.05002
46	6	0.4858	1	0	-0.0442	0.9317
46	6	0.9088	1	0	-0.0953	1.294
46	6	0.1026	1	0	-0.7077	0.4747
46	6	0.3583	0	1	-1.784	0.9234
46	6	3.811	0	0	-1.87	-1.661
46	6	0.2213	0	1	-1.232	0.736
47	6	3.731	1	1	1.661	-1.642
47	6	0.8121	0	1	-0.114	1.24
47	6	0.3886	1	1	-0.9311	0.3148
47	6	0.4574	1	1	-0.5512	0.3057
47	6	0.9687	1	1	-0.05651	-0.1056
47	6	0.7717	1	1	0.03108	0.01263
47	6	0.1483	0	1	-0.9452	0.5654
47	6	0.5089	0	0	-0.006791	0.1954
47	6	3.659	1	1	0.972	-1.606
47	6	0.5486	0	1	0.3485	0.9302
47	6	0.3633	0	1	0.06555	0.9437
47	6	3.642	0	0	-0.6412	-1.612
47	6	0.8484	0	0	-0.2693	-0.03596
47	6	0.0555	1	0	1.827	0.7273
47	6	3.722	0	0	1.34	-1.642
47	6	0.7371	1	1	0.2623	0.07852
47	6	0.2636	0	1	0.1114	0.8086
47	6	0.6615	1	1	-0.4726	0.1219
47	6	0.588	1	1	-0.7173	0.161
47	6	3.715	1	1	-0.2899	-1.642
47	6	0.0221	1	0	0.04299	0.6458
47	6	0.4864	0	0	0.3294	0.2271
47	6	0.1451	1	0	0.3051	0.5475
47	6	0.1037	0	0	-1.117	0.53
47	6	3.704	0	0	-0.04554	-1.659
47	6	0.253	0	0	0.9226	0.4916
47	6	0.5103	0	0	0.3867	0.1981
47	6	3.736	0	0	-1.892	-1.644
47	6	0.5423	1	1	-0.5689	0.1634
47	6	0.06071	1	0	0.69	0.6511
47	6	0.004495	0	1	-0.06459	0.6037
47	6	0.1033	0	1	1.503	0.5534
47	6	0.3824	0	0	1.46	0.2876
47	6	0.917	1	1	-1.394	-0.09403
47	6	0.331	1	1	-0.4955	0.3587
47	6	3.479	1	1	0.6166	-1.559
47	6	3.389	0	0	-0.1869	-1.526
47	6	0.8516	1	1	-1.056	-0.01769
47	6	0.7794	1	1	0.5211	0.03909
47	6	0.2083	1	0	1.999	0.754
47	6	0.154	0	1	-1.27	0.7127
47	6	1.122	0	0	0.7334	-0.2428
47	6	0.1481	0	0	0.9742	0.5186
47	6	0.3589	0	1	0.5972	0.8571
47	6	3.539	1	1	-1.053	-1.558
47	6	0.7505	0	0	0.6328	0.07799
47	6	0.1421	0	1	-0.2357	0.6781
47	6	0.4233	1	1	0.4253	0.23
47	6	0.5099	1	1	-0.76	0.2409
47	6	0.5302	0	0	-1.661	0.2322
48	6	0.8814	0	1	0.4948	1.267
48	6	3.707	0	0	0.7896	-1.637
48	6	0.8712	1	1	-1.121	-0.09218
48	6	0.9135	0	1	-0.1107	1.306
48	6	3.664	1	1	-0.3201	-1.625
48	6	4.052	0	0	0.2334	-1.723
48	6	0.09758	0	0	0.6624	0.585
48	6	1.131	1	1	-0.5408	-0.235
48	6	0.3193	1	0	-0.002811	0.8755
48	6	0.5768	1	0	0.6466	1.05
48	6	3.531	0	1	0.323	2.8
48	6	1.182	0	0	-0.249	-0.2477
48	6	0.6158	1	1	0.2844	0.1325
48	6	0.2732	1	1	0.9237	0.4032
48	6	0.2452	0	0	-0.3093	0.4258
48	6	0.3409	0	0	1.08	0.2935
48	6	3.588	1	1	1.702	-1.596
48	6	1.134	0	0	0.2401	-0.2267
48	6	0.1598	1	1	-0.3831	0.7502
48	6	0.4911	0	1	-0.6283	0.9792
48	6	3.888	1	1	-0.02944	-1.678
48	6	0.05839	1	0	0.9474	0.7479
48	6	0.2846	1	1	2.072	0.3693
48	6	0.2825	1	1	-0.4761	0.3646
48	6	0.97	1	0	1.264	1.25
48	6	3.424	1	1	-0.2332	-1.523
48	6	0.6298	1	0	-0.3852	1.126
48	6	0.06407	0	1	0.14	0.6228
48	6	0.124	1	0	0.6414	0.7694
48	6	0.5165	1	1	0.121	0.151
48	6	0.5279	0	0	1.687	0.2191
48	6	0.2372	1	1	0.4589	0.3611
48	6	0.5785	0	0	-0.01134	0.1685
48	6	3.515	0	0	-0.38	-1.568
48	6	3.608	1	1	-0.171	-1.601
48	6	0.05347	1	0	0.5648	0.7517
48	6	0.6904	1	1	0.8548	0.07947
48	6	0.1011	0	0	0.1399	0.6675
48	6	0.1277	0	0	-0.3249	0.4749
48	6	0.118	1	0	-0.4862	0.7196
48	6	0.4903	0	0	0.03561	0.2168
48	6	0.07021	1	0	-0.5706	0.6028
48	6	0.4998	1	1	0.06448	0.2373
48	6	0.9912	0	0	0.3287	-0.1343
48	6	3.275	1	1	0.5982	-1.47
48	6	0.004309	0	1	-0.07735	0.7054
48	6	0.2377	0	0	-0.1761	0.4573
48	6	0.4452	0	0	-1.851	0.2444
48	6	0.06319	0	0	2.202	0.5501
48	6	0.3851	0	0	-0.1251	0.2837
49	6	0.3154	1	0	1.277	0.8284
49	6	0.1631	1	1	0.792	0.4264
49	6	0.04117	0	0	-0.9514	0.6351
49	6	0.0684	1	0	1.052	0.727
49	6	0.1053	1	1	-0.09469	0.5388
49	6	0.3392	1	1	0.3113	0.8242
49	6	0.4983	1	1	1.056	0.1424
49	6	0.3123	0	1	1.268	0.8189
49	6	3.854	0	0	-1.083	-1.672
49	6	0.9807	0	0	1.705	-0.09816
49	6	0.654	0	0	-0.08681	0.1034
49	6	1.042	0	1	0.5311	1.488
49	6	0.4444	0	1	-0.02296	0.9576
49	6	0.2312	1	0	-0.3559	0.8954
49	6	3.503	0	0	0.9479	-1.561
49	6	3.36	1	1	1.055	-1.518
49	6	0.944	0	0	2.235	-0.1282
49	6	0.1505	1	0	0.9014	0.8046
49	6	0.04953	0	0	-2.482	0.6671
49	6	3.808	1	1	-1.422	-1.663
49	6	1.284	1	1	1.546	-0.3723
49	6	3.831	1	1	-1.238	-1.661
49	6	0.7877	0	0	-0.1286	0.03452
49	6	0.5233	1	1	-0.07037	0.247
49	6	0.3638	0	0	0.1673	0.9379
49	6	0.6854	1	1	-3.349	0.1032
49	6	0.2731	0	1	-0.04044	0.7658
49	6	1.015	0	1	0.7586	1.409
49	6	0.5417	0	1	-0.8542	1.08
49	6	3.761	1	1	-0.334	-1.648
49	6	0.3132	0	1	0.1017	0.8221
49	6	0.7774	0	0	-2.603	0.03796
49	6	0.1612	1	1	-2.359	0.7987
49	6	0.3021	1	1	0.7449	0.3643
49	6	0.03373	0	0	0.3834	0.5719
49	6	0.08812	1	0	1.073	0.7249
49	6	1.171	0	0	-0.5913	-0.2377
49	6	0.3001	0	0	1.468	0.3635
49	6	3.621	1	1	2.937	-1.595
49	6	0.751	1	0	1.731	1.089
49	6	0.3148	1	0	-1.827	0.8282
49	6	0.6799	1	1	-1.827	0.0936
49	6	3.38	1	1	-1.642	-1.501
49	6	0.5301	0	0	1.366	0.2056
49	6	0.4099	0	1	-0.4685	0.8945
49	6	0.3625	1	0	0.3051	0.8864
49	6	3.431	0	0	0.1058	-1.551
49	6	3.817	1	1	0.8857	-1.662
49	6	0.607	0	0	0.097	0.1511
49	6	0.1197	0	1	-0.2902	0.7288
