0	2	0.3827	1	0
0	2	0.7175	0	1
0	2	2.145	0	0
0	2	1.826	0	0
0	2	1.072	0	1
0	2	0.3089	0	1
0	2	1.028	0	0
0	2	0.1673	1	1
0	2	5.269	0	0
0	2	0.3592	1	0
0	2	0.5876	1	1
0	2	5.491	0	0
0	2	0.39	1	1
0	2	0.2793	1	0
0	2	5.296	1	1
0	2	1.848	1	0
0	2	0.2995	0	1
0	2	0.8149	1	0
0	2	0.6954	0	0
0	2	1.564	0	0
0	2	4.963	0	0
0	2	1.441	1	1
0	2	0.06767	0	0
0	2	1.484	0	1
0	2	5.539	1	1
0	2	0.001127	0	1
0	2	1.772	0	0
0	2	0.0327	0	1
0	2	0.5102	1	0
0	2	0.3229	1	1
0	2	0.6728	1	0
0	2	1.191	0	0
0	2	5.366	1	1
0	2	0.3654	1	0
0	2	0.9287	0	1
0	2	1.13	1	0
0	2	1.727	0	0
0	2	2.089	0	0
0	2	0.5545	0	0
0	2	1.697	1	1
0	2	0.1641	0	0
0	2	0.8785	0	1
0	2	0.02375	0	1
0	2	0.4385	1	1
0	2	0.9735	0	0
0	2	5.347	1	1
0	2	5.345	1	1
0	2	5.249	1	1
0	2	0.3977	1	0
0	2	5.082	1	1
1	2	0.3326	0	1
1	2	1.038	0	0
1	2	1.281	0	1
1	2	1.779	0	0
1	2	5.624	1	1
1	2	0.4495	1	0
1	2	1.679	0	1
1	2	0.2961	0	0
1	2	5.399	0	0
1	2	0.2673	1	0
1	2	1.12	1	1
1	2	0.7986	1	0
1	2	5.28	0	0
1	2	0.3856	1	0
1	2	5.262	0	0
1	2	1.807	1	1
1	2	1.111	1	0
1	2	0.204	0	1
1	2	1.142	0	1
1	2	1.938	0	0
1	2	0.6001	0	1
1	2	0.3009	1	1
1	2	1.261	0	0
1	2	0.4169	1	0
1	2	1.658	1	1
1	2	0.6184	0	1
1	2	1.497	1	1
1	2	0.8878	0	1
1	2	1.709	1	0
1	2	0.008622	1	1
1	2	0.1505	1	1
1	2	1.665	1	1
1	2	0.1618	0	0
1	2	0.02029	1	0
1	2	1.289	0	1
1	2	5.589	1	1
1	2	0.4899	0	1
1	2	5.554	0	0
1	2	0.1442	0	0
1	2	0.46	0	0
1	2	0.4193	0	1
1	2	0.3921	1	1
1	2	5.202	1	1
1	2	5.298	1	0
1	2	1.67	0	0
1	2	5.497	0	0
1	2	5.166	0	0
1	2	0.08814	1	1
1	2	0.1761	1	1
1	2	1.598	1	0
2	2	1.901	0	0
2	2	0.4588	0	1
2	2	0.09576	1	0
2	2	0.9292	0	0
2	2	0.5391	1	1
2	2	0.1545	1	1
2	2	0.15	1	1
2	2	0.05558	0	0
2	2	0.4749	1	1
2	2	5.038	0	0
2	2	2.351	0	0
2	2	0.9349	1	1
2	2	1.034	1	1
2	2	5.638	1	1
2	2	1.877	1	1
2	2	5.417	1	1
2	2	0.4234	0	1
2	2	1.695	1	0
2	2	0.9441	1	1
2	2	0.3413	1	0
2	2	5.43	0	0
2	2	0.3853	1	1
2	2	1.533	1	1
2	2	0.6053	0	0
2	2	1.964	1	1
2	2	0.1009	1	0
2	2	5.184	0	0
2	2	0.6088	1	1
2	2	0.08271	0	1
2	2	5.347	0	0
2	2	1.779	1	1
2	2	1.353	1	0
2	2	0.2826	0	0
2	2	0.5949	1	0
2	2	1.793	1	0
2	2	1.681	0	1
2	2	0.5263	1	1
2	2	5.428	0	0
2	2	5.381	0	0
2	2	0.066	0	0
2	2	0.8571	0	1
2	2	5.766	0	0
2	2	0.9658	0	0
2	2	0.02855	0	1
2	2	0.02824	0	1
2	2	0.2295	1	1
2	2	5.288	0	0
2	2	1.081	0	0
2	2	0.2537	1	1
2	2	0.7637	0	0
3	2	5.433	1	1
3	2	5.43	1	1
3	2	0.07076	1	1
3	2	0.6489	1	0
3	2	1.802	0	1
3	2	1.979	0	0
3	2	0.4436	1	0
3	2	0.2528	1	1
3	2	0.2383	1	1
3	2	2.139	0	1
3	2	5.521	1	1
3	2	0.9425	1	0
3	2	1.136	0	0
3	2	0.6513	0	0
3	2	0.6461	1	0
3	2	0.4074	1	1
3	2	0.8727	1	1
3	2	0.6555	1	1
3	2	1.847	1	1
3	2	0.5143	0	0
3	2	5.31	0	0
3	2	5.119	1	1
3	2	1.91	0	0
3	2	5.148	1	1
3	2	0.459	1	0
3	2	0.2328	1	0
3	2	1.004	0	0
3	2	0.4845	0	1
3	2	0.3821	1	1
3	2	1.561	0	0
3	2	0.3451	0	1
3	2	0.4512	1	0
3	2	0.3308	0	1
3	2	0.8268	0	0
3	2	5.172	1	1
3	2	0.07761	0	1
3	2	0.6261	1	1
3	2	1.759	1	1
3	2	1.613	0	0
3	2	1.704	0	1
3	2	1.716	1	0
3	2	0.5228	1	1
3	2	0.09258	0	1
3	2	5.497	1	1
3	2	0.9881	0	0
3	2	5.094	0	0
3	2	0.6039	0	0
3	2	5.449	0	0
3	2	0.1777	0	1
3	2	0.3273	0	0
4	2	0.03217	0	0
4	2	0.5058	1	0
4	2	0.6533	0	1
4	2	0.4191	1	0
4	2	1.617	1	1
4	2	0.1621	0	0
4	2	0.2765	0	1
4	2	1.6	1	1
4	2	2.085	0	0
4	2	0.1359	1	1
4	2	0.1065	0	0
4	2	0.9535	0	1
4	2	0.2237	1	0
4	2	1.975	0	0
4	2	0.9246	1	1
4	2	1.042	0	0
4	2	5.061	1	1
4	2	1.823	0	0
4	2	0.5372	0	0
4	2	1.939	1	1
4	2	0.1299	0	1
4	2	0.8295	0	1
4	2	1.158	1	1
4	2	5.648	1	1
4	2	0.04942	0	1
4	2	5.522	0	0
4	2	5.304	1	1
4	2	5.67	0	0
4	2	0.4056	1	1
4	2	1.821	0	1
4	2	5.456	0	0
4	2	0.9549	1	1
4	2	0.009601	0	0
4	2	0.1172	0	1
4	2	0.236	0	1
4	2	1.183	1	0
4	2	0.9015	0	0
4	2	1.69	1	1
4	2	5.533	0	0
4	2	0.4695	1	1
4	2	0.02601	1	1
4	2	0.49	0	1
4	2	2.074	0	0
4	2	5.083	1	1
4	2	1.729	0	0
4	2	5.638	0	0
4	2	0.4154	1	1
4	2	0.9389	0	1
4	2	5.42	1	1
4	2	0.8809	1	1
5	2	5.594	1	1
5	2	0.7639	1	0
5	2	5.279	0	0
5	2	0.2767	0	1
5	2	0.1637	0	0
5	2	5.33	0	0
5	2	5.547	1	1
5	2	0.4846	1	1
5	2	0.9445	0	0
5	2	0.6579	0	0
5	2	0.7958	1	0
5	2	0.5886	1	1
5	2	1.435	1	1
5	2	0.6801	0	1
5	2	1.663	1	1
5	2	0.8609	0	1
5	2	5.125	0	0
5	2	5.433	0	0
5	2	1.817	0	1
5	2	0.1444	1	1
5	2	5.539	0	0
5	2	0.7691	1	0
5	2	0.1876	0	1
5	2	1.565	0	1
5	2	1.592	1	1
5	2	5.263	1	1
5	2	1.191	0	0
5	2	1.113	0	0
5	2	1.713	0	0
5	2	0.9394	1	1
5	2	0.04944	1	1
5	2	0.3271	0	0
5	2	0.2978	0	1
5	2	0.5258	1	0
5	2	0.1596	0	1
5	2	5.228	1	1
5	2	1.782	1	1
5	2	0.7043	0	0
5	2	0.3089	0	1
5	2	0.1076	1	1
5	2	1.915	1	1
5	2	0.1536	1	0
5	2	1.939	0	0
5	2	0.3297	1	0
5	2	0.7005	1	1
5	2	1.304	1	1
5	2	0.6201	1	1
5	2	5.706	0	0
5	2	0.005411	0	1
5	2	0.7775	0	0
6	2	5.601	1	1
6	2	0.07144	1	0
6	2	2.032	0	0
6	2	1.636	1	1
6	2	0.4472	1	1
6	2	0.1577	1	0
6	2	1.968	0	0
6	2	1.005	1	0
6	2	0.5042	1	1
6	2	0.05399	1	0
6	2	2	0	0
6	2	0.5912	0	1
6	2	0.337	1	1
6	2	0.195	0	0
6	2	0.4947	1	0
6	2	5.68	0	0
6	2	0.2949	0	1
6	2	0.7467	0	0
6	2	0.05131	1	0
6	2	5.245	1	1
6	2	1.814	0	1
6	2	5.108	1	1
6	2	0.5555	0	0
6	2	5.438	0	0
6	2	1.127	0	1
6	2	0.2677	1	0
6	2	5.478	1	1
6	2	0.08107	0	0
6	2	1.936	1	1
6	2	1.812	1	1
6	2	1.723	1	1
6	2	0.9535	0	0
6	2	5.223	1	1
6	2	0.4862	0	1
6	2	0.5731	1	1
6	2	0.06535	1	1
6	2	1.216	1	1
6	2	1.131	0	0
6	2	0.2027	0	1
6	2	1.025	0	1
6	2	0.6974	1	1
6	2	1.658	1	1
6	2	5.099	0	0
6	2	0.8011	0	0
6	2	0.686	0	1
6	2	0.9418	1	1
6	2	0.2796	1	1
6	2	1.747	1	0
6	2	5.61	0	0
6	2	5.219	0	0
7	2	1.583	0	0
7	2	0.5475	0	0
7	2	0.8664	1	1
7	2	0.7842	0	1
7	2	5.317	1	1
7	2	1.869	0	0
7	2	1.705	0	0
7	2	0.2753	0	1
7	2	2.012	0	0
7	2	2	1	1
7	2	1.863	1	1
7	2	4.618	1	1
7	2	0.4518	1	0
7	2	5.362	1	1
7	2	0.2619	0	0
7	2	0.8104	1	1
7	2	0.4214	0	0
7	2	0.3158	0	1
7	2	0.7493	1	0
7	2	0.3579	0	1
7	2	5.478	0	0
7	2	0.08678	0	1
7	2	0.8684	1	1
7	2	1.01	0	1
7	2	0.2281	1	0
7	2	1.075	1	1
7	2	1.048	1	1
7	2	0.5559	1	1
7	2	0.398	1	1
7	2	0.7089	1	0
7	2	0.6003	1	1
7	2	0.5354	1	1
7	2	1.94	1	1
7	2	0.3112	1	1
7	2	0.8425	0	0
7	2	5.344	0	0
7	2	5.162	0	0
7	2	1.953	0	0
7	2	0.9549	0	0
7	2	5.753	0	0
7	2	0.2444	0	1
7	2	5.357	1	1
7	2	0.3011	0	1
7	2	0.28	0	1
7	2	5.596	1	1
7	2	5.713	0	0
7	2	0.3307	1	1
7	2	1.72	1	1
7	2	1.792	1	1
7	2	1.154	0	0
8	2	1.671	1	1
8	2	0.8258	1	1
8	2	1.65	0	1
8	2	0.73	0	1
8	2	1.735	0	0
8	2	0.8798	0	1
8	2	0.6979	0	1
8	2	0.9206	1	1
8	2	1.155	0	0
8	2	5.181	1	1
8	2	0.2541	0	1
8	2	1.855	1	1
8	2	0.07498	0	0
8	2	5.383	0	0
8	2	1.924	1	1
8	2	0.3451	1	1
8	2	1.997	1	1
8	2	0.5295	1	1
8	2	5.816	0	0
8	2	0.06246	1	1
8	2	0.7598	1	1
8	2	0.07302	1	1
8	2	0.007561	0	0
8	2	0.2655	0	1
8	2	0.4471	1	1
8	2	5.511	0	0
8	2	1.04	0	1
8	2	0.5881	1	0
8	2	0.5511	1	1
8	2	5.296	0	0
8	2	5.241	1	1
8	2	5.362	1	1
8	2	0.4241	0	0
8	2	0.4358	1	1
8	2	0.1829	1	1
8	2	0.3201	1	0
8	2	0.631	0	1
8	2	0.8175	0	1
8	2	5.306	0	0
8	2	0.4727	0	1
8	2	5.525	1	1
8	2	1.613	0	0
8	2	0.3266	1	0
8	2	0.2766	1	1
8	2	5.21	0	0
8	2	1.579	0	0
8	2	1.103	1	1
8	2	1.801	0	1
8	2	1.935	0	0
8	2	0.3921	1	1
9	2	0.9225	1	1
9	2	1.853	1	1
9	2	0.117	0	0
9	2	2.334	0	0
9	2	0.3321	1	1
9	2	0.9415	0	0
9	2	1.93	0	0
9	2	1.072	1	1
9	2	5.16	0	0
9	2	0.2649	0	1
9	2	0.7181	1	1
9	2	0.4514	1	0
9	2	0.08362	0	1
9	2	0.7823	1	1
9	2	1.449	0	0
9	2	0.3659	1	1
9	2	0.9033	1	1
9	2	5.148	1	1
9	2	0.8905	0	0
9	2	0.4813	0	1
9	2	5.304	0	0
9	2	1.663	1	1
9	2	5.156	1	1
9	2	0.5777	1	0
9	2	1.888	0	0
9	2	0.4174	1	1
9	2	0.2564	0	0
9	2	0.115	0	0
9	2	0.5058	1	1
9	2	5.24	0	0
9	2	0.2127	1	1
9	2	0.2171	0	0
9	2	5.371	1	1
9	2	1.715	1	1
9	2	5.568	1	1
9	2	0.9078	0	0
9	2	0.7184	1	1
9	2	5.557	1	1
9	2	5.218	0	0
9	2	0.04977	1	1
9	2	0.3146	0	0
9	2	0.5492	0	0
9	2	2.147	1	1
9	2	0.1155	0	1
9	2	1.93	0	0
9	2	0.6312	0	1
9	2	1.741	0	0
9	2	5.215	0	0
9	2	0.6246	1	1
9	2	0.7784	0	1
10	3	0.8883	0	0
10	3	5.771	0	0
10	3	2.423	0	0
10	3	5.322	1	1
10	3	0.1185	0	0
10	3	5.55	0	0
10	3	0.2024	1	1
10	3	0.4844	1	1
10	3	0.8398	0	1
10	3	0.3094	0	1
10	3	0.9485	0	0
10	3	0.4924	1	1
10	3	1.959	0	0
10	3	0.9388	0	1
10	3	0.1306	0	0
10	3	2.041	0	0
10	3	1.463	1	1
10	3	0.7702	1	0
10	3	0.8577	1	1
10	3	0.9366	1	1
10	3	0.3662	1	0
10	3	0.6742	0	0
10	3	1.831	1	1
10	3	1.818	0	0
10	3	0.2029	0	0
10	3	5.416	1	1
10	3	0.3092	1	0
10	3	0.4172	0	0
10	3	1.933	1	1
10	3	5.312	1	1
10	3	0.3039	1	0
10	3	5.325	1	1
10	3	0.7713	0	0
10	3	0.157	0	0
10	3	0.2851	1	1
10	3	1.815	0	0
10	3	1.655	0	0
10	3	0.6426	0	1
10	3	5.328	0	0
10	3	0.089	1	1
10	3	1.903	1	1
10	3	0.3009	0	0
10	3	0.8877	1	1
10	3	0.1968	1	1
10	3	0.09395	0	0
10	3	5.46	1	1
10	3	0.2278	1	0
10	3	0.04674	1	0
10	3	5.296	0	0
10	3	5.323	0	0
11	3	0.4859	0	0
11	3	1.81	0	0
11	3	1.278	0	0
11	3	1.059	1	1
11	3	5.4	1	1
11	3	0.5368	1	1
11	3	5.482	1	1
11	3	0.1922	1	0
11	3	5.345	1	1
11	3	1.825	1	1
11	3	1.062	0	1
11	3	1.948	1	1
11	3	0.7766	0	0
11	3	0.7609	1	1
11	3	0.238	0	1
11	3	1.504	1	1
11	3	0.4595	0	1
11	3	5.297	0	0
11	3	1.854	1	1
11	3	0.3322	1	1
11	3	0.9076	0	0
11	3	0.9249	0	0
11	3	5.456	0	0
11	3	0.2966	1	0
11	3	0.2683	1	1
11	3	1.888	0	0
11	3	0.6446	1	0
11	3	1.381	1	1
11	3	1.678	1	1
11	3	0.1741	0	0
11	3	0.3057	0	1
11	3	5.42	1	1
11	3	0.1857	1	1
11	3	0.3152	1	0
11	3	0.9629	1	1
11	3	1.031	0	0
11	3	1.846	0	0
11	3	0.3259	0	1
11	3	1.696	1	1
11	3	0.1056	0	0
11	3	0.1968	0	0
11	3	0.6402	0	0
11	3	5.405	0	0
11	3	5.593	0	0
11	3	5.021	1	1
11	3	0.347	0	0
11	3	0.5391	0	1
11	3	5.599	0	0
11	3	0.8984	1	1
11	3	0.1141	1	0
12	3	0.866	0	0
12	3	0.4603	0	0
12	3	1.947	0	0
12	3	0.9555	1	1
12	3	0.3494	0	1
12	3	0.4046	1	0
12	3	5.296	0	0
12	3	1.808	1	1
12	3	0.9293	1	1
12	3	0.739	0	0
12	3	0.3047	0	0
12	3	1.068	1	1
12	3	5.4	1	0
12	3	0.0461	1	0
12	3	0.4073	0	1
12	3	1.881	1	1
12	3	5.337	1	1
12	3	1.122	0	1
12	3	0.3312	1	0
12	3	0.4427	0	0
12	3	1.776	0	0
12	3	0.271	1	0
12	3	0.184	0	1
12	3	0.4286	0	0
12	3	0.285	1	1
12	3	0.951	0	0
12	3	0.821	1	1
12	3	5.424	1	1
12	3	1.641	1	1
12	3	5.295	0	0
12	3	0.2951	1	1
12	3	5.177	1	1
12	3	2.015	1	1
12	3	0.8816	0	0
12	3	0.9147	0	1
12	3	1.57	0	0
12	3	0.4174	0	0
12	3	5.364	0	0
12	3	0.2268	0	0
12	3	0.3263	0	1
12	3	1.541	1	1
12	3	5.708	1	1
12	3	0.6058	0	0
12	3	1.553	1	1
12	3	0.2793	0	0
12	3	1.954	1	1
12	3	0.4265	1	1
12	3	5.422	1	1
12	3	5.632	1	1
12	3	0.4968	1	0
13	3	1.791	0	0
13	3	0.04412	0	0
13	3	1.032	0	0
13	3	5.281	1	1
13	3	0.03458	1	0
13	3	5.401	1	1
13	3	5.676	1	1
13	3	5.006	1	1
13	3	2.063	1	1
13	3	0.8936	0	1
13	3	0.4014	0	0
13	3	1.793	0	0
13	3	5.345	1	1
13	3	0.4348	0	0
13	3	5.176	0	0
13	3	0.4642	1	1
13	3	1.252	0	0
13	3	0.4421	0	1
13	3	1.714	1	1
13	3	1.889	0	1
13	3	1.642	1	0
13	3	0.6579	0	0
13	3	0.102	0	0
13	3	0.2825	1	1
13	3	0.04564	1	1
13	3	5.359	0	0
13	3	1.057	0	1
13	3	1.157	0	0
13	3	5.569	0	0
13	3	0.5238	0	0
13	3	0.2287	1	0
13	3	0.2035	1	1
13	3	1.888	1	1
13	3	0.1466	1	0
13	3	0.83	0	0
13	3	0.3512	1	0
13	3	1.736	1	0
13	3	5.05	1	1
13	3	1.891	1	1
13	3	0.6891	0	0
13	3	0.1533	1	1
13	3	0.76	1	1
13	3	5.793	1	1
13	3	0.05374	1	0
13	3	0.6632	0	0
13	3	1.856	1	1
13	3	0.007555	1	0
13	3	0.6387	0	0
13	3	0.8793	1	0
13	3	0.3456	0	0
14	3	5.554	1	1
14	3	1.852	0	0
14	3	0.8745	0	0
14	3	0.6093	0	1
14	3	2.002	1	1
14	3	1.74	0	0
14	3	0.07145	0	0
14	3	0.4717	0	0
14	3	1.593	0	0
14	3	0.3195	1	1
14	3	0.5857	1	1
14	3	0.2477	1	1
14	3	2.163	0	0
14	3	0.9569	1	1
14	3	5.328	0	0
14	3	1.285	1	1
14	3	5.555	1	1
14	3	0.22	1	0
14	3	0.5311	0	0
14	3	0.7745	0	0
14	3	1.541	0	0
14	3	1.807	0	0
14	3	1.836	1	1
14	3	0.3093	1	1
14	3	1.707	1	1
14	3	0.9028	1	0
14	3	0.8351	0	0
14	3	0.7623	1	1
14	3	0.7191	1	0
14	3	1.881	1	1
14	3	5.529	0	0
14	3	0.5785	0	0
14	3	5.411	1	1
14	3	0.8177	0	0
14	3	0.457	1	0
14	3	5.348	0	0
14	3	0.3242	0	0
14	3	5.568	1	1
14	3	4.784	0	0
14	3	0.1383	0	0
14	3	0.5356	1	1
14	3	0.6736	0	1
14	3	0.4421	0	1
14	3	0.6818	0	0
14	3	1.117	1	1
14	3	5.069	1	1
14	3	0.5886	1	1
14	3	0.3239	1	1
14	3	5.659	0	0
14	3	0.1992	1	1
15	3	5.536	0	0
15	3	1.33	1	0
15	3	0.7067	0	0
15	3	0.9705	1	1
15	3	0.5563	0	0
15	3	0.4631	0	1
15	3	2.14	0	0
15	3	0.102	1	0
15	3	0.7882	1	1
15	3	0.02697	1	0
15	3	0.4775	1	0
15	3	5.456	1	1
15	3	0.6792	1	0
15	3	0.9323	0	0
15	3	0.4976	0	0
15	3	1.782	0	0
15	3	5.378	1	1
15	3	0.735	0	0
15	3	0.4576	1	0
15	3	5.108	0	0
15	3	5.379	0	0
15	3	0.06993	1	0
15	3	0.2108	0	1
15	3	0.5172	0	0
15	3	1.808	1	1
15	3	0.05209	0	1
15	3	0.81	0	0
15	3	1.688	1	1
15	3	1.71	0	1
15	3	5.172	0	0
15	3	2.068	1	1
15	3	1.908	0	0
15	3	1.229	1	1
15	3	1.51	0	0
15	3	0.2613	1	1
15	3	0.337	1	0
15	3	0.3434	0	1
15	3	1.867	1	1
15	3	5.285	1	1
15	3	5.529	0	0
15	3	0.7872	0	0
15	3	5.396	1	1
15	3	0.8742	1	1
15	3	1.087	1	1
15	3	0.008301	1	1
15	3	0.2609	1	1
15	3	0.1602	1	1
15	3	5.748	0	0
15	3	0.7537	0	0
15	3	1.702	1	1
16	3	2.04	1	1
16	3	1.197	0	0
16	3	0.8236	0	0
16	3	5.512	0	0
16	3	0.349	0	1
16	3	0.5566	0	1
16	3	0.4026	0	0
16	3	0.3339	0	1
16	3	1.757	0	0
16	3	1.742	1	1
16	3	5.284	0	0
16	3	0.1155	0	1
16	3	5.526	1	1
16	3	0.4379	1	1
16	3	1.744	1	1
16	3	1.912	1	1
16	3	5.284	1	1
16	3	1.89	1	1
16	3	5.339	0	0
16	3	2.044	1	1
16	3	0.09054	1	0
16	3	0.5615	1	1
16	3	1.037	1	1
16	3	0.07311	0	1
16	3	5.285	1	1
16	3	0.03105	1	1
16	3	0.06502	1	1
16	3	0.8986	1	1
16	3	5.715	0	0
16	3	0.6203	0	1
16	3	0.8838	1	1
16	3	0.6954	0	1
16	3	0.1392	0	1
16	3	0.4363	0	1
16	3	5.217	0	0
16	3	0.001203	0	1
16	3	5.306	1	1
16	3	0.6211	1	1
16	3	0.3459	0	1
16	3	1.195	1	0
16	3	1.174	0	0
16	3	1.831	1	1
16	3	0.2778	1	1
16	3	0.5962	1	0
16	3	1.7	1	1
16	3	1.505	1	1
16	3	0.2268	0	0
16	3	0.05223	0	0
16	3	5.342	0	0
16	3	0.5071	0	1
17	3	5.456	1	1
17	3	1.856	0	1
17	3	1.313	1	0
17	3	0.787	1	1
17	3	2.135	1	1
17	3	0.4171	1	1
17	3	0.1318	1	0
17	3	0.7269	0	1
17	3	5.354	1	1
17	3	0.1041	0	1
17	3	0.07799	0	0
17	3	5.547	0	0
17	3	1.836	0	1
17	3	0.0675	1	0
17	3	5.588	0	0
17	3	1.72	1	1
17	3	0.7377	0	0
17	3	1.499	1	1
17	3	1.3	1	1
17	3	5.587	1	1
17	3	0.7727	1	1
17	3	0.431	0	1
17	3	0.1006	0	0
17	3	0.05839	0	1
17	3	5.257	0	0
17	3	0.6279	0	0
17	3	0.9141	0	0
17	3	5.645	0	0
17	3	0.368	1	1
17	3	0.4528	1	1
17	3	0.5782	0	1
17	3	0.6054	1	1
17	3	1.225	0	0
17	3	1.697	1	1
17	3	0.3492	1	0
17	3	5.458	1	1
17	3	5.203	0	0
17	3	1.892	1	1
17	3	2.027	1	1
17	3	0.1994	1	0
17	3	0.09798	0	1
17	3	1.658	0	0
17	3	0.1335	1	0
17	3	0.5732	0	1
17	3	5.189	1	1
17	3	1.121	0	0
17	3	0.4666	0	1
17	3	0.6416	1	0
17	3	0.4457	1	0
17	3	0.7631	0	0
18	3	1.838	0	0
18	3	5.453	0	0
18	3	1.687	1	1
18	3	0.7518	0	1
18	3	5.174	1	1
18	3	5.64	0	0
18	3	0.4061	0	0
18	3	2.407	1	1
18	3	0.512	1	0
18	3	0.9082	1	1
18	3	5.379	0	0
18	3	1.978	0	0
18	3	0.5799	1	1
18	3	1.086	1	1
18	3	0.03049	0	1
18	3	0.05173	0	1
18	3	5.426	1	1
18	3	1.653	0	0
18	3	0.381	0	0
18	3	1.837	0	0
18	3	5.538	1	1
18	3	0.7271	1	1
18	3	0.3832	1	1
18	3	0.09244	1	1
18	3	1.734	1	1
18	3	5.524	1	1
18	3	0.9563	1	0
18	3	0.1364	1	0
18	3	0.3829	1	1
18	3	0.4221	1	1
18	3	1.001	0	1
18	3	0.6667	1	1
18	3	1.938	0	0
18	3	5.425	0	0
18	3	5.233	1	1
18	3	0.879	1	0
18	3	0.9694	1	1
18	3	0.2188	0	1
18	3	0.5939	0	0
18	3	0.6673	1	1
18	3	1.883	0	0
18	3	0.261	0	0
18	3	0.5845	1	1
18	3	1.687	0	1
18	3	5.116	1	1
18	3	0.5407	0	0
18	3	0.6256	0	1
18	3	0.7094	0	0
18	3	0.9826	0	0
18	3	0.1981	0	0
19	3	0.5707	1	0
19	3	0.284	1	1
19	3	0.3864	0	1
19	3	0.1091	1	0
19	3	0.3264	1	0
19	3	0.04437	1	0
19	3	0.9519	1	1
19	3	0.7015	0	0
19	3	5.097	0	0
19	3	2.067	0	0
19	3	0.6545	0	1
19	3	1.605	0	0
19	3	0.6991	0	0
19	3	0.3473	1	0
19	3	5.832	0	0
19	3	5.092	1	1
19	3	1.742	0	0
19	3	0.2589	1	0
19	3	0.2952	1	0
19	3	5.446	1	1
19	3	2.139	1	1
19	3	5.629	1	1
19	3	0.5759	0	0
19	3	0.8844	1	1
19	3	0.6116	1	1
19	3	1.498	1	1
19	3	0.6964	0	1
19	3	2.029	0	1
19	3	1.361	0	1
19	3	5.463	1	1
19	3	0.04539	0	0
19	3	1.682	0	0
19	3	0.4522	0	0
19	3	0.1947	1	1
19	3	0.4446	0	0
19	3	0.2184	1	1
19	3	1.642	0	0
19	3	0.7148	0	0
19	3	5.404	1	1
19	3	1.658	1	1
19	3	1.297	1	1
19	3	1.562	1	1
19	3	5.271	1	1
19	3	0.5785	0	0
19	3	1.043	0	1
19	3	0.4617	1	1
19	3	5.504	0	0
19	3	5.248	1	1
19	3	0.38	0	0
19	3	0.1571	0	1
20	4	0.2248	0	0
20	4	3.608	0	0
20	4	0.8916	0	0
20	4	3.599	1	1
20	4	0.1329	0	1
20	4	3.608	0	0
20	4	0.2319	1	0
20	4	0.2319	1	1
20	4	0.4438	0	1
20	4	0.1329	0	0
20	4	0.4438	0	0
20	4	0.2319	1	0
20	4	0.8916	0	0
20	4	0.4438	0	1
20	4	0.1329	0	1
20	4	0.8916	0	0
20	4	0.9149	1	1
20	4	0.4634	1	1
20	4	0.4634	1	1
20	4	0.4634	1	1
20	4	0.2319	1	0
20	4	0.4438	0	0
20	4	0.9149	1	1
20	4	0.8916	0	0
20	4	0.1552	1	1
20	4	3.599	1	1
20	4	0.2319	1	0
20	4	0.1329	0	0
20	4	0.9149	1	0
20	4	3.599	1	1
20	4	0.2319	1	0
20	4	3.599	1	1
20	4	0.4438	0	0
20	4	0.1329	0	0
20	4	0.2319	1	1
20	4	0.8916	0	0
20	4	0.8916	0	0
20	4	0.4438	0	1
20	4	3.608	0	0
20	4	0.1552	1	1
20	4	0.9149	1	1
20	4	0.2248	0	1
20	4	0.4634	1	0
20	4	0.2319	1	1
20	4	0.1329	0	0
20	4	3.599	1	1
20	4	0.1552	1	0
20	4	0.1552	1	1
20	4	3.608	0	0
20	4	3.608	0	0
21	4	0.2248	0	1
21	4	0.8916	0	0
21	4	0.4438	0	0
21	4	0.4634	1	1
21	4	3.599	1	1
21	4	0.1552	1	1
21	4	3.599	1	1
21	4	0.1552	1	1
21	4	3.599	1	1
21	4	0.9149	1	1
21	4	0.4438	0	0
21	4	0.9149	1	1
21	4	0.4438	0	0
21	4	0.4634	1	1
21	4	0.1329	0	0
21	4	0.9149	1	1
21	4	0.2248	0	0
21	4	3.608	0	0
21	4	0.9149	1	1
21	4	0.2319	1	0
21	4	0.4438	0	0
21	4	0.4438	0	1
21	4	3.608	0	0
21	4	0.2319	1	0
21	4	0.2319	1	0
21	4	0.8916	0	1
21	4	0.2319	1	1
21	4	0.9149	1	1
21	4	0.9149	1	1
21	4	0.2248	0	0
21	4	0.1329	0	1
21	4	3.599	1	1
21	4	0.1552	1	0
21	4	0.2319	1	1
21	4	0.4634	1	1
21	4	0.4438	0	0
21	4	0.8916	0	0
21	4	0.1329	0	1
21	4	0.9149	1	1
21	4	0.1329	0	1
21	4	0.1329	0	0
21	4	0.2248	0	0
21	4	3.608	0	0
21	4	3.608	0	0
21	4	3.599	1	1
21	4	0.2248	0	0
21	4	0.1329	0	1
21	4	3.608	0	0
21	4	0.4634	1	1
21	4	0.1552	1	0
22	4	0.4438	0	0
22	4	0.2248	0	0
22	4	0.8916	0	0
22	4	0.4634	1	0
22	4	0.1329	0	1
22	4	0.2319	1	1
22	4	3.608	0	0
22	4	0.9149	1	1
22	4	0.4634	1	1
22	4	0.4438	0	1
22	4	0.1329	0	1
22	4	0.4634	1	0
22	4	3.599	1	1
22	4	0.1329	0	1
22	4	0.1329	0	1
22	4	0.9149	1	1
22	4	3.599	1	1
22	4	0.4438	0	0
22	4	0.1552	1	0
22	4	0.2248	0	1
22	4	0.8916	0	0
22	4	0.1552	1	0
22	4	0.1329	0	0
22	4	0.1329	0	1
22	4	0.2319	1	1
22	4	0.4438	0	0
22	4	0.4634	1	1
22	4	3.599	1	1
22	4	0.9149	1	1
22	4	3.608	0	0
22	4	0.2319	1	1
22	4	3.599	1	1
22	4	0.9149	1	1
22	4	0.4438	0	1
22	4	0.4438	0	0
22	4	0.8916	0	0
22	4	0.1329	0	1
22	4	3.608	0	0
22	4	0.2248	0	1
22	4	0.2248	0	0
22	4	0.9149	1	1
22	4	3.599	1	1
22	4	0.2248	0	0
22	4	0.9149	1	1
22	4	0.2248	0	1
22	4	0.9149	1	1
22	4	0.1552	1	0
22	4	3.599	1	1
22	4	3.599	1	1
22	4	0.2319	1	0
23	4	0.8916	0	0
23	4	0.1329	0	0
23	4	0.4438	0	1
23	4	3.599	1	1
23	4	0.1329	0	0
23	4	3.599	1	1
23	4	3.599	1	1
23	4	3.599	1	1
23	4	0.9149	1	1
23	4	0.4438	0	0
23	4	0.2248	0	1
23	4	0.8916	0	0
23	4	3.599	1	1
23	4	0.2248	0	1
23	4	3.608	0	0
23	4	0.2319	1	0
23	4	0.4438	0	0
23	4	0.1329	0	1
23	4	0.9149	1	1
23	4	0.8916	0	0
23	4	0.9149	1	1
23	4	0.2248	0	0
23	4	0.2248	0	0
23	4	0.2319	1	1
23	4	0.1552	1	1
23	4	3.608	0	0
23	4	0.4438	0	0
23	4	0.4438	0	1
23	4	3.608	0	0
23	4	0.2248	0	0
23	4	0.1552	1	1
23	4	0.1552	1	0
23	4	0.9149	1	1
23	4	0.1552	1	1
23	4	0.4438	0	1
23	4	0.1552	1	1
23	4	0.9149	1	0
23	4	3.599	1	1
23	4	0.9149	1	1
23	4	0.4438	0	0
23	4	0.2319	1	1
23	4	0.4634	1	0
23	4	3.599	1	1
23	4	0.1329	0	0
23	4	0.2248	0	0
23	4	0.9149	1	1
23	4	0.1552	1	0
23	4	0.4438	0	0
23	4	0.4634	1	1
23	4	0.2248	0	0
24	4	3.599	1	1
24	4	0.8916	0	0
24	4	0.4438	0	0
24	4	0.1329	0	0
24	4	0.9149	1	1
24	4	0.8916	0	0
24	4	0.1329	0	1
24	4	0.2248	0	1
24	4	0.8916	0	0
24	4	0.1552	1	1
24	4	0.2319	1	1
24	4	0.1552	1	0
24	4	0.8916	0	1
24	4	0.4634	1	1
24	4	3.608	0	0
24	4	0.4634	1	1
24	4	3.599	1	1
24	4	0.1552	1	0
24	4	0.2248	0	0
24	4	0.4438	0	0
24	4	0.8916	0	1
24	4	0.8916	0	0
24	4	0.9149	1	1
24	4	0.2319	1	1
24	4	0.9149	1	1
24	4	0.4634	1	0
24	4	0.4438	0	0
24	4	0.4634	1	0
24	4	0.4634	1	1
24	4	0.9149	1	1
24	4	3.608	0	1
24	4	0.2248	0	0
24	4	3.599	1	1
24	4	0.4438	0	1
24	4	0.1552	1	0
24	4	3.608	0	0
24	4	0.2248	0	1
24	4	3.599	1	1
24	4	3.608	0	0
24	4	0.1329	0	1
24	4	0.2319	1	0
24	4	0.1329	0	1
24	4	0.2248	0	1
24	4	0.2248	0	0
24	4	0.4634	1	1
24	4	3.599	1	1
24	4	0.2319	1	0
24	4	0.1552	1	1
24	4	3.608	0	0
24	4	0.1552	1	1
25	4	3.73	0	0
25	4	0.3032	1	1
25	4	0.5102	0	0
25	4	0.9972	1	1
25	4	0.1412	0	1
25	4	0.3521	0	1
25	4	0.8793	0	0
25	4	0.01496	1	0
25	4	0.09385	1	0
25	4	0.1221	0	1
25	4	0.007586	1	1
25	4	3.769	1	1
25	4	0.09256	0	0
25	4	0.08925	0	1
25	4	0.251	0	1
25	4	0.8969	0	0
25	4	3.517	1	1
25	4	0.2909	0	0
25	4	0.04669	0	0
25	4	3.443	0	0
25	4	3.593	0	0
25	4	0.4976	1	1
25	4	0.1874	0	1
25	4	0.2657	0	0
25	4	1.002	1	1
25	4	0.06327	1	1
25	4	0.5345	0	1
25	4	0.7769	1	1
25	4	0.8111	0	1
25	4	3.481	0	0
25	4	0.8849	1	0
25	4	1.011	0	1
25	4	0.2112	1	1
25	4	0.6184	0	0
25	4	0.1635	1	1
25	4	0.3976	1	1
25	4	0.6701	0	1
25	4	1.202	1	0
25	4	3.63	1	1
25	4	3.846	0	0
25	4	0.5396	0	1
25	4	3.698	1	1
25	4	0.1716	1	1
25	4	0.6315	1	1
25	4	0.3641	0	1
25	4	0.06643	1	1
25	4	0.1135	1	1
25	4	3.783	0	0
25	4	0.432	1	1
25	4	1.101	1	1
26	4	1.13	1	1
26	4	0.517	0	0
26	4	0.2322	0	1
26	4	3.827	0	0
26	4	0.09775	1	1
26	4	0.3987	0	1
26	4	0.3926	0	1
26	4	0.0003452	1	1
26	4	0.9684	0	0
26	4	1.439	1	1
26	4	3.51	0	0
26	4	0.05671	0	0
26	4	3.525	1	1
26	4	0.02379	1	1
26	4	1.021	1	1
26	4	0.9487	1	1
26	4	3.963	1	1
26	4	0.8808	1	1
26	4	3.412	0	0
26	4	1.06	1	1
26	4	0.5279	1	0
26	4	0.05735	1	0
26	4	0.3168	1	1
26	4	0.2645	0	1
26	4	3.325	1	1
26	4	0.2766	0	1
26	4	0.05691	0	1
26	4	0.43	1	1
26	4	3.606	0	1
26	4	0.4202	0	1
26	4	0.538	1	0
26	4	0.5454	0	0
26	4	0.1265	0	1
26	4	0.1115	0	1
26	4	3.749	0	0
26	4	0.2608	1	0
26	4	3.626	1	1
26	4	0.7328	1	1
26	4	0.211	0	1
26	4	0.3906	1	0
26	4	0.5405	0	0
26	4	0.7198	1	1
26	4	0.3633	1	1
26	4	0.1116	0	1
26	4	1.232	1	1
26	4	1.01	1	0
26	4	0.4239	0	1
26	4	0.3881	0	0
26	4	3.731	0	0
26	4	0.3212	0	0
27	4	3.772	1	1
27	4	0.8531	0	1
27	4	0.457	1	0
27	4	0.3642	1	1
27	4	0.6898	1	1
27	4	0.2413	1	1
27	4	0.3926	1	1
27	4	0.6331	0	1
27	4	3.383	1	1
27	4	0.2032	0	1
27	4	0.01414	1	1
27	4	3.776	0	0
27	4	1.174	0	0
27	4	0.1073	1	1
27	4	3.648	0	0
27	4	0.8301	1	1
27	4	0.09863	0	0
27	4	0.78	1	1
27	4	0.5466	1	0
27	4	3.204	1	1
27	4	0.2399	1	0
27	4	0.4059	0	0
27	4	0.1573	0	1
27	4	0.08651	0	0
27	4	3.57	0	0
27	4	0.1905	0	1
27	4	0.5742	0	0
27	4	3.616	0	0
27	4	0.1128	1	0
27	4	0.1023	1	1
27	4	0.5262	0	1
27	4	0.02403	0	1
27	4	1.003	0	0
27	4	0.8547	1	1
27	4	0.3393	0	1
27	4	3.594	1	1
27	4	3.578	0	0
27	4	0.836	1	0
27	4	0.68	1	1
27	4	0.1552	1	1
27	4	0.09081	0	1
27	4	1.258	0	0
27	4	0.03422	1	0
27	4	0.5502	0	1
27	4	3.571	1	1
27	4	0.6351	0	0
27	4	0.0699	0	0
27	4	0.4117	1	1
27	4	0.1465	1	0
27	4	0.1895	0	1
28	4	0.8023	0	0
28	4	3.297	0	0
28	4	0.6657	1	1
28	4	0.5721	0	0
28	4	3.566	1	1
28	4	3.677	0	0
28	4	0.1213	0	1
28	4	0.948	1	1
28	4	0.06145	0	0
28	4	0.7102	1	1
28	4	3.868	0	0
28	4	0.9614	0	0
28	4	0.1698	1	1
28	4	0.5512	1	0
28	4	0.1622	0	1
28	4	0.5848	0	0
28	4	3.853	1	1
28	4	0.6291	0	1
28	4	0.2051	1	1
28	4	1.014	0	0
28	4	3.718	1	1
28	4	0.5806	1	0
28	4	0.03039	0	1
28	4	0.03137	0	1
28	4	0.6663	1	1
28	4	3.511	1	1
28	4	0.4216	1	0
28	4	0.03569	0	1
28	4	0.04705	0	1
28	4	0.6152	1	0
28	4	0.8316	0	0
28	4	0.08229	1	1
28	4	0.9574	0	0
28	4	3.71	0	0
28	4	3.69	1	1
28	4	0.6604	1	1
28	4	0.6573	1	1
28	4	0.02041	0	1
28	4	0.1001	0	1
28	4	0.5066	1	1
28	4	1.244	0	1
28	4	0.1428	0	1
28	4	0.3328	1	0
28	4	0.5346	0	0
28	4	3.453	1	1
28	4	0.2339	0	1
28	4	0.2791	0	1
28	4	0.305	0	0
28	4	0.5602	0	1
28	4	0.2509	1	0
29	4	0.06064	0	1
29	4	0.3177	0	0
29	4	0.2368	0	0
29	4	0.2863	0	0
29	4	0.2477	0	1
29	4	0.07995	1	1
29	4	0.5131	1	1
29	4	0.6414	0	0
29	4	3.696	0	0
29	4	0.9971	0	1
29	4	0.1631	0	0
29	4	0.7976	0	1
29	4	0.4278	0	0
29	4	0.1422	1	1
29	4	3.717	0	0
29	4	3.452	1	1
29	4	0.6326	0	0
29	4	0.4893	1	1
29	4	0.1354	1	0
29	4	3.664	1	1
29	4	1.168	1	1
29	4	3.828	1	1
29	4	0.49	0	0
29	4	0.5644	1	1
29	4	0.2811	1	0
29	4	1.149	1	1
29	4	0.2895	0	1
29	4	0.7295	0	1
29	4	0.2489	0	0
29	4	3.604	1	1
29	4	0.02627	0	0
29	4	1.161	0	0
29	4	0.3739	0	0
29	4	0.1131	0	1
29	4	0.4834	0	1
29	4	0.2803	1	1
29	4	0.8186	0	0
29	4	0.5023	0	1
29	4	3.412	1	1
29	4	0.9763	1	1
29	4	0.1073	1	0
29	4	1.164	1	1
29	4	3.781	1	1
29	4	0.05117	0	1
29	4	0.5505	0	0
29	4	0.5808	1	0
29	4	3.657	0	0
29	4	3.665	1	1
29	4	0.8907	0	0
29	4	0.1775	0	0
30	5	0.5921	0	0
30	5	3.655	0	0
30	5	0.5107	0	0
30	5	3.875	1	1
30	5	0.09166	0	0
30	5	3.739	0	0
30	5	0.1241	1	0
30	5	0.2789	1	1
30	5	0.4502	0	1
30	5	0.3631	0	0
30	5	0.4899	0	0
30	5	0.07811	1	0
30	5	1.005	0	0
30	5	0.2215	0	0
30	5	0.2217	1	0
30	5	0.7563	0	1
30	5	1.273	1	1
30	5	0.617	1	1
30	5	0.5592	1	1
30	5	0.04392	1	0
30	5	0.152	1	0
30	5	0.2954	0	1
30	5	1.168	1	1
30	5	1.048	0	0
30	5	0.2314	1	1
30	5	3.464	1	1
30	5	0.1792	1	0
30	5	0.1996	0	1
30	5	0.476	1	0
30	5	3.533	1	1
30	5	0.3108	1	0
30	5	3.761	1	1
30	5	0.5556	0	0
30	5	0.1794	0	0
30	5	0.4314	1	1
30	5	1.062	0	0
30	5	0.8502	0	0
30	5	0.8725	0	1
30	5	3.75	0	0
30	5	0.2815	1	1
30	5	0.754	1	1
30	5	0.2009	0	1
30	5	0.5202	1	1
30	5	0.4366	1	0
30	5	0.1625	1	1
30	5	3.882	1	1
30	5	0.1311	1	0
30	5	0.1699	1	1
30	5	3.518	0	0
30	5	3.622	0	0
31	5	0.2952	0	1
31	5	1.115	0	0
31	5	0.4882	0	0
31	5	0.03502	1	1
31	5	3.49	1	1
31	5	0.3276	1	0
31	5	3.865	1	1
31	5	0.1182	1	0
31	5	3.599	1	1
31	5	0.781	1	1
31	5	0.1314	0	0
31	5	1.294	1	1
31	5	0.5086	0	1
31	5	0.4692	1	1
31	5	0.1732	0	1
31	5	1.193	1	1
31	5	0.2991	0	0
31	5	3.345	0	0
31	5	1.01	1	1
31	5	0.1269	1	1
31	5	0.6096	0	0
31	5	0.391	0	0
31	5	3.824	0	0
31	5	0.1144	1	0
31	5	0.1902	1	1
31	5	0.665	0	1
31	5	0.07042	0	1
31	5	1.221	1	1
31	5	0.9924	1	1
31	5	0.5136	0	1
31	5	0.343	0	1
31	5	3.545	1	1
31	5	0.6122	1	1
31	5	0.1911	1	1
31	5	0.2419	1	1
31	5	0.2748	0	0
31	5	1.313	0	0
31	5	0.0002165	0	1
31	5	0.9114	1	1
31	5	0.1568	0	1
31	5	0.1049	0	1
31	5	0.128	0	0
31	5	3.993	0	0
31	5	3.594	0	1
31	5	3.467	1	1
31	5	0.1084	0	0
31	5	0.1152	0	1
31	5	3.571	0	0
31	5	0.4106	1	0
31	5	0.4637	1	0
32	5	0.6679	0	0
32	5	0.07381	1	1
32	5	0.9981	0	1
32	5	0.7089	1	1
32	5	0.3453	1	0
32	5	0.1326	1	0
32	5	4.013	0	0
32	5	1.003	1	1
32	5	0.3038	1	0
32	5	0.6671	0	1
32	5	0.3065	0	1
32	5	0.3781	1	1
32	5	3.798	1	1
32	5	0.4985	0	1
32	5	0.0234	0	0
32	5	0.8444	1	1
32	5	3.781	1	1
32	5	0.5002	0	0
32	5	0.0493	0	1
32	5	0.2791	0	0
32	5	0.6664	0	1
32	5	0.421	1	1
32	5	0.02339	0	1
32	5	0.3753	0	1
32	5	0.3124	1	1
32	5	0.772	0	0
32	5	0.1652	1	0
32	5	3.642	1	1
32	5	1.029	1	1
32	5	3.573	0	0
32	5	0.02703	0	0
32	5	3.774	1	1
32	5	1.035	1	1
32	5	0.08296	0	0
32	5	0.4726	0	1
32	5	1.157	0	1
32	5	0.02582	1	1
32	5	3.901	0	0
32	5	0.5797	0	1
32	5	0.3882	0	1
32	5	1.007	1	1
32	5	3.561	1	1
32	5	0.0521	1	0
32	5	0.6652	1	0
32	5	0.2617	0	1
32	5	1.061	1	1
32	5	0.5255	1	0
32	5	3.824	1	1
32	5	3.781	1	1
32	5	0.007797	1	1
33	5	0.8195	0	0
33	5	0.4252	0	1
33	5	0.4561	0	1
33	5	3.698	1	1
33	5	0.1506	1	0
33	5	3.549	1	1
33	5	3.49	1	1
33	5	3.635	1	1
33	5	0.8743	1	1
33	5	0.616	0	0
33	5	0.503	0	0
33	5	1.01	0	1
33	5	3.786	1	1
33	5	0.1549	0	0
33	5	3.722	0	0
33	5	0.2353	1	0
33	5	0.5404	0	0
33	5	0.04663	0	1
33	5	0.8152	1	0
33	5	1.059	0	1
33	5	0.8561	1	1
33	5	0.2179	0	1
33	5	0.2902	0	1
33	5	0.1803	1	0
33	5	0.09935	1	1
33	5	3.105	0	0
33	5	0.6719	0	1
33	5	0.3848	0	0
33	5	3.772	0	0
33	5	0.3064	0	0
33	5	0.09258	1	0
33	5	0.3362	1	1
33	5	0.8183	1	1
33	5	0.08361	1	1
33	5	0.5627	0	0
33	5	0.2652	1	0
33	5	0.8184	1	0
33	5	3.663	1	1
33	5	0.9477	1	1
33	5	0.3653	0	1
33	5	0.5412	1	0
33	5	0.06573	1	1
33	5	3.133	1	1
33	5	0.05733	1	0
33	5	0.0128	1	0
33	5	0.6819	1	0
33	5	0.146	0	0
33	5	0.1005	0	1
33	5	0.5492	1	1
33	5	0.00115	0	0
34	5	3.647	1	1
34	5	0.6583	0	1
34	5	0.3997	0	0
34	5	0.2044	1	1
34	5	1.21	1	1
34	5	0.7681	0	1
34	5	0.03244	0	0
34	5	0.3848	0	1
34	5	1.327	0	1
34	5	0.252	0	0
34	5	0.1925	1	0
34	5	0.152	1	1
34	5	1.019	0	0
34	5	0.00759	1	1
34	5	3.654	0	0
34	5	0.5456	1	1
34	5	3.412	1	1
34	5	0.06682	1	0
34	5	0.2459	0	1
34	5	0.7848	0	1
34	5	0.9856	0	1
34	5	0.9388	0	0
34	5	0.8697	1	1
34	5	0.1198	0	0
34	5	0.5266	1	1
34	5	0.5972	1	1
34	5	0.2457	0	0
34	5	0.549	1	0
34	5	0.3005	1	1
34	5	0.5942	1	0
34	5	3.861	0	0
34	5	0.158	0	0
34	5	3.492	1	1
34	5	0.6262	0	1
34	5	0.2304	0	0
34	5	3.875	0	0
34	5	0.3253	0	1
34	5	3.805	1	1
34	5	3.395	0	0
34	5	0.1586	0	0
34	5	0.206	0	1
34	5	0.03519	1	1
34	5	0.05895	0	0
34	5	0.3161	0	1
34	5	0.5086	1	0
34	5	3.612	1	1
34	5	0.2819	1	0
34	5	0.1231	1	0
34	5	3.359	0	0
34	5	0.1816	1	1
35	5	3.481	0	0
35	5	0.652	1	0
35	5	0.7247	0	0
35	5	0.5625	1	0
35	5	0.1506	0	1
35	5	0.2604	0	0
35	5	1.011	0	0
35	5	0.08198	1	1
35	5	0.2754	1	1
35	5	0.1456	1	0
35	5	0.4189	1	1
35	5	3.386	1	1
35	5	0.377	1	1
35	5	0.4586	0	1
35	5	0.4476	0	1
35	5	0.7112	0	0
35	5	3.497	1	1
35	5	0.4695	0	1
35	5	0.6708	1	1
35	5	3.87	0	0
35	5	3.532	0	0
35	5	0.3662	1	1
35	5	0.06996	0	0
35	5	0.2688	0	1
35	5	0.9859	1	1
35	5	0.2103	0	1
35	5	0.1717	0	0
35	5	0.6792	1	1
35	5	1.025	0	1
35	5	3.495	0	0
35	5	0.6933	1	1
35	5	1.169	0	0
35	5	0.1627	1	1
35	5	0.6409	0	0
35	5	0.1067	1	1
35	5	0.2905	1	0
35	5	0.2361	1	1
35	5	0.9522	1	1
35	5	3.744	1	1
35	5	3.378	0	0
35	5	0.5309	0	1
35	5	3.529	1	1
35	5	0.3632	1	0
35	5	0.7557	1	1
35	5	0.06681	0	0
35	5	0.01185	0	1
35	5	0.06766	1	0
35	5	3.62	0	0
35	5	0.2501	0	1
35	5	0.9317	1	1
36	5	1.124	1	1
36	5	0.3252	0	0
36	5	0.7604	0	0
36	5	3.646	0	0
36	5	0.1367	0	0
36	5	0.04913	0	1
36	5	0.3544	0	0
36	5	0.07575	0	1
36	5	0.6367	0	0
36	5	0.7472	1	1
36	5	3.697	0	0
36	5	0.1086	1	1
36	5	3.676	1	1
36	5	0.149	1	1
36	5	0.7539	1	1
36	5	1.047	1	1
36	5	3.699	1	1
36	5	0.8689	1	0
36	5	3.803	0	0
36	5	0.8972	1	1
36	5	0.3945	1	0
36	5	0.1271	0	1
36	5	0.3475	1	1
36	5	0.01219	1	0
36	5	3.659	1	1
36	5	0.07747	0	0
36	5	0.1308	1	0
36	5	0.5379	1	1
36	5	3.7	0	0
36	5	0.514	0	1
36	5	0.5375	1	1
36	5	0.359	0	0
36	5	0.04372	0	1
36	5	0.03798	1	0
36	5	3.558	0	0
36	5	0.2103	1	1
36	5	3.796	1	1
36	5	0.5864	1	1
36	5	0.1241	0	0
36	5	0.4155	1	1
36	5	0.1518	0	1
36	5	0.9421	1	0
36	5	0.3093	1	0
36	5	0.0005255	0	0
36	5	0.943	1	1
36	5	0.3908	1	0
36	5	0.04827	1	1
36	5	0.2353	0	1
36	5	3.822	0	0
36	5	0.3759	0	1
37	5	3.593	1	1
37	5	0.5709	0	0
37	5	0.8582	1	1
37	5	0.5189	1	1
37	5	1.171	1	1
37	5	0.08809	0	0
37	5	0.5511	1	1
37	5	0.5454	0	0
37	5	3.465	1	1
37	5	0.1335	0	0
37	5	0.3571	0	1
37	5	3.614	0	0
37	5	0.9303	0	0
37	5	0.1165	0	0
37	5	3.715	0	0
37	5	0.8579	1	1
37	5	0.2142	0	1
37	5	1.462	1	1
37	5	0.4201	1	0
37	5	3.671	1	1
37	5	0.1204	1	1
37	5	0.2308	0	0
37	5	0.1508	0	0
37	5	0.03985	1	1
37	5	3.269	0	0
37	5	0.3124	0	1
37	5	0.1312	0	0
37	5	3.683	0	0
37	5	0.1426	1	1
37	5	0.5587	1	1
37	5	0.4616	0	0
37	5	0.1177	1	0
37	5	0.9206	0	1
37	5	0.9865	1	1
37	5	0.08438	0	1
37	5	3.622	1	1
37	5	4.006	0	0
37	5	1.089	1	0
37	5	1.061	1	1
37	5	0.5915	1	0
37	5	0.3745	0	1
37	5	0.947	0	0
37	5	0.004249	1	0
37	5	0.4283	0	1
37	5	3.786	1	1
37	5	0.4711	0	0
37	5	0.4358	0	0
37	5	0.7392	1	1
37	5	0.1489	1	1
37	5	0.4997	0	1
38	5	0.9212	0	0
38	5	3.66	0	0
38	5	0.9523	1	1
38	5	0.3709	0	0
38	5	4.247	1	1
38	5	3.267	0	0
38	5	0.2231	0	1
38	5	1.145	1	0
38	5	0.1803	1	1
38	5	0.07028	0	1
38	5	3.424	0	0
38	5	0.6541	0	0
38	5	0.1687	1	0
38	5	0.321	1	1
38	5	0.02361	1	0
38	5	0.008986	1	1
38	5	4.235	1	1
38	5	0.6968	0	0
38	5	0.2932	0	1
38	5	0.9917	0	1
38	5	3.429	1	1
38	5	0.1314	1	1
38	5	0.4153	1	1
38	5	0.2939	1	1
38	5	0.3356	1	0
38	5	3.744	1	1
38	5	0.715	1	1
38	5	0.4313	0	0
38	5	0.02544	0	0
38	5	0.2308	1	1
38	5	0.3449	0	0
38	5	0.4908	1	0
38	5	1.228	0	0
38	5	3.316	0	0
38	5	3.562	1	1
38	5	0.5152	1	1
38	5	0.7789	1	1
38	5	0.03215	1	1
38	5	0.3928	0	1
38	5	0.5419	1	0
38	5	1.1	0	0
38	5	0.01004	1	1
38	5	0.02315	1	0
38	5	0.6739	0	1
38	5	3.576	1	1
38	5	0.02168	1	0
38	5	0.3918	0	1
38	5	0.6693	0	0
38	5	0.2642	0	1
38	5	0.1756	0	1
39	5	0.119	1	1
39	5	0.4539	1	0
39	5	0.0663	0	1
39	5	0.1483	1	1
39	5	0.07451	1	0
39	5	0.1828	0	1
39	5	0.5469	1	0
39	5	0.6506	0	0
39	5	3.975	0	0
39	5	0.883	0	1
39	5	0.4024	0	1
39	5	0.8951	0	0
39	5	0.1058	1	0
39	5	0.0002642	1	0
39	5	3.689	0	0
39	5	3.879	1	1
39	5	0.939	0	0
39	5	0.05672	1	1
39	5	0.2892	1	0
39	5	3.296	1	1
39	5	0.6665	1	0
39	5	3.703	1	1
39	5	0.03314	0	0
39	5	0.5333	1	1
39	5	0.006886	1	1
39	5	0.792	1	1
39	5	0.0306	1	0
39	5	0.7291	0	0
39	5	0.6087	0	0
39	5	3.54	1	1
39	5	0.3223	1	1
39	5	0.9554	0	0
39	5	0.07526	0	0
39	5	0.04724	0	1
39	5	0.1043	0	0
39	5	0.2827	1	0
39	5	0.8315	0	0
39	5	0.2744	0	1
39	5	3.601	1	1
39	5	0.8134	1	1
39	5	0.5212	1	1
39	5	0.9571	1	1
39	5	3.523	1	1
39	5	0.03718	1	0
39	5	0.1676	0	0
39	5	0.5582	1	1
39	5	3.86	0	0
39	5	3.496	1	1
39	5	0.05722	0	0
39	5	0.3654	0	1
40	6	0.5899	0	0
40	6	3.654	0	0
40	6	0.5178	0	0
40	6	3.878	1	1
40	6	0.08748	0	0
40	6	3.738	0	0
40	6	0.1266	1	1
40	6	0.278	1	1
40	6	0.4503	0	0
40	6	0.3661	0	0
40	6	0.4886	0	0
40	6	0.08106	1	1
40	6	1.006	0	1
40	6	0.2246	0	0
40	6	0.2157	1	1
40	6	0.7598	0	1
40	6	1.277	1	1
40	6	0.6047	1	1
40	6	0.5603	1	0
40	6	0.04722	1	1
40	6	0.1501	1	1
40	6	0.2931	0	1
40	6	1.172	1	1
40	6	1.044	0	0
40	6	0.2352	1	1
40	6	3.463	1	1
40	6	0.1828	1	1
40	6	0.1975	0	0
40	6	0.4733	1	1
40	6	3.537	1	1
40	6	0.3041	1	0
40	6	3.763	1	1
40	6	0.5556	0	0
40	6	0.1721	0	0
40	6	0.4323	1	1
40	6	1.058	0	1
40	6	0.8496	0	0
40	6	0.8727	0	0
40	6	3.753	0	0
40	6	0.2819	1	1
40	6	0.7452	1	1
40	6	0.2045	0	1
40	6	0.5287	1	1
40	6	0.4434	1	0
40	6	0.156	1	0
40	6	3.886	1	1
40	6	0.1332	1	1
40	6	0.1707	1	0
40	6	3.52	0	0
40	6	3.622	0	0
41	6	0.2909	0	0
41	6	1.11	0	0
41	6	0.4868	0	0
41	6	0.03489	1	1
41	6	3.486	1	1
41	6	0.3234	1	1
41	6	3.871	1	1
41	6	0.1219	1	1
41	6	3.604	1	1
41	6	0.7866	1	1
41	6	0.1273	0	0
41	6	1.294	1	0
41	6	0.5045	0	1
41	6	0.4749	1	1
41	6	0.1702	0	0
41	6	1.196	1	0
41	6	0.3061	0	1
41	6	3.352	0	0
41	6	1.01	1	1
41	6	0.1332	1	1
41	6	0.6138	0	1
41	6	0.3927	0	0
41	6	3.821	0	0
41	6	0.1113	1	1
41	6	0.1944	1	1
41	6	0.6595	0	0
41	6	0.07175	0	1
41	6	1.222	1	1
41	6	0.9923	1	0
41	6	0.5147	0	0
41	6	0.3515	0	0
41	6	3.545	1	1
41	6	0.6121	1	1
41	6	0.1879	1	0
41	6	0.2353	1	1
41	6	0.3418	0	1
41	6	1.124	0	1
41	6	0.0005388	0	1
41	6	0.9128	1	1
41	6	0.1587	0	1
41	6	0.1074	0	0
41	6	0.1284	0	0
41	6	3.965	0	0
41	6	3.594	0	0
41	6	3.463	1	1
41	6	0.112	0	0
41	6	0.1131	0	0
41	6	3.571	0	0
41	6	0.4152	1	1
41	6	0.4623	1	0
42	6	0.6607	0	0
42	6	0.07192	1	1
42	6	0.9997	0	0
42	6	0.7028	1	1
42	6	0.3434	1	1
42	6	0.1306	1	1
42	6	4.013	0	0
42	6	1.005	1	0
42	6	0.3055	1	1
42	6	0.6636	0	1
42	6	0.305	0	1
42	6	0.3863	1	1
42	6	3.799	1	1
42	6	0.4983	0	0
42	6	0.02327	0	1
42	6	0.8442	1	1
42	6	3.784	1	1
42	6	0.506	0	0
42	6	0.04949	0	1
42	6	0.2831	0	0
42	6	0.6719	0	1
42	6	0.4198	1	0
42	6	0.02582	0	1
42	6	0.3762	0	1
42	6	0.3123	1	0
42	6	0.7716	0	0
42	6	0.06552	1	1
42	6	3.647	1	1
42	6	1.029	1	0
42	6	3.568	0	0
42	6	0.02191	0	1
42	6	3.773	1	1
42	6	1.038	1	1
42	6	0.08711	0	1
42	6	0.4765	0	1
42	6	1.165	0	0
42	6	0.02834	1	1
42	6	3.901	0	0
42	6	0.5788	0	1
42	6	0.3838	0	0
42	6	1.007	1	1
42	6	3.568	1	1
42	6	0.0528	1	0
42	6	0.6667	1	0
42	6	0.2596	0	1
42	6	1.062	1	1
42	6	0.5219	1	0
42	6	3.828	1	1
42	6	3.786	1	1
42	6	0.003826	1	0
43	6	0.8196	0	0
43	6	0.4244	0	0
43	6	0.4612	0	0
43	6	3.699	1	1
43	6	0.1525	1	1
43	6	3.549	1	1
43	6	3.487	1	1
43	6	3.64	1	1
43	6	0.8732	1	1
43	6	0.6162	0	0
43	6	0.5016	0	0
43	6	1.012	0	0
43	6	3.787	1	0
43	6	0.1531	0	1
43	6	3.72	0	0
43	6	0.2356	1	1
43	6	0.543	0	0
43	6	0.05377	0	0
43	6	0.8199	1	0
43	6	1.06	0	0
43	6	0.8588	1	1
43	6	0.2217	0	1
43	6	0.2884	0	0
43	6	0.1796	1	0
43	6	0.1015	1	1
43	6	3.105	0	0
43	6	0.6736	0	1
43	6	0.3829	0	1
43	6	3.773	0	0
43	6	0.3035	0	0
43	6	0.08356	1	0
43	6	0.3357	1	0
43	6	0.8186	1	1
43	6	0.08261	1	1
43	6	0.5688	0	1
43	6	0.2683	1	1
43	6	0.8154	1	1
43	6	3.662	1	1
43	6	0.9492	1	1
43	6	0.3616	0	0
43	6	0.5493	1	0
43	6	0.06441	1	0
43	6	3.125	1	1
43	6	0.0576	1	1
43	6	0.01668	1	0
43	6	0.6853	1	1
43	6	0.1454	0	1
43	6	0.09485	0	0
43	6	0.5521	1	1
43	6	0.001116	1	0
44	6	3.649	1	1
44	6	0.6567	0	0
44	6	0.392	0	0
44	6	0.1979	1	0
44	6	1.222	1	1
44	6	0.7651	0	1
44	6	0.02986	0	0
44	6	0.3852	0	1
44	6	1.327	0	0
44	6	0.2535	0	1
44	6	0.1891	1	1
44	6	0.1455	1	1
44	6	1.02	0	0
44	6	0.005628	1	1
44	6	3.658	0	0
44	6	0.5461	1	1
44	6	3.405	1	1
44	6	0.06613	1	0
44	6	0.2495	0	0
44	6	0.7863	0	0
44	6	0.985	0	0
44	6	0.9371	0	1
44	6	0.8691	1	0
44	6	0.1202	0	1
44	6	0.5253	1	1
44	6	0.5946	1	1
44	6	0.2483	0	0
44	6	0.55	1	1
44	6	0.3002	1	1
44	6	0.5914	1	0
44	6	3.861	0	0
44	6	0.1605	0	1
44	6	3.497	1	1
44	6	0.6284	0	1
44	6	0.2341	0	0
44	6	3.885	0	0
44	6	0.3317	0	1
44	6	3.812	1	1
44	6	3.398	0	0
44	6	0.1512	0	1
44	6	0.2089	0	0
44	6	0.03143	1	1
44	6	0.05659	0	0
44	6	0.3157	0	1
44	6	0.5059	1	1
44	6	3.614	1	1
44	6	0.2792	1	0
44	6	0.1224	1	1
44	6	3.245	0	0
44	6	0.1748	1	1
45	6	3.482	0	0
45	6	0.6572	1	0
45	6	0.727	0	0
45	6	0.5628	1	0
45	6	0.1476	0	0
45	6	0.2607	0	1
45	6	1.014	0	0
45	6	0.08484	1	0
45	6	0.2749	1	1
45	6	0.1446	1	1
45	6	0.4206	1	0
45	6	3.393	1	1
45	6	0.3805	1	0
45	6	0.4557	0	0
45	6	0.4412	0	0
45	6	0.708	0	1
45	6	3.492	1	1
45	6	0.465	0	0
45	6	0.666	1	1
45	6	3.873	0	0
45	6	3.537	0	0
45	6	0.3684	1	0
45	6	0.07449	0	1
45	6	0.2752	0	0
45	6	0.9854	1	1
45	6	0.2079	0	0
45	6	0.1686	0	1
45	6	0.6745	1	1
45	6	1.023	0	1
45	6	0.6944	1	1
45	6	1.166	0	0
45	6	0.1613	1	1
45	6	0.64	0	0
45	6	0.09852	1	0
45	6	0.2936	1	1
45	6	0.2353	1	1
45	6	0.9507	1	1
45	6	3.738	1	1
45	6	3.381	0	0
45	6	0.5354	0	0
45	6	3.537	1	1
45	6	0.3614	1	0
45	6	0.7542	1	1
45	6	0.06096	0	0
45	6	0.007511	0	0
45	6	0.06761	1	0
45	6	3.621	0	0
45	6	0.2455	0	0
45	6	0.9297	1	0
46	6	1.125	1	1
46	6	0.3238	0	1
46	6	0.7641	0	0
46	6	3.643	0	0
46	6	0.1381	0	1
46	6	0.05055	0	1
46	6	0.3547	0	0
46	6	0.07713	0	0
46	6	0.6324	0	0
46	6	0.7468	1	0
46	6	3.694	0	0
46	6	0.1052	1	1
46	6	3.672	1	1
46	6	0.1505	1	1
46	6	0.7494	1	1
46	6	1.043	1	0
46	6	3.7	1	1
46	6	0.8615	1	0
46	6	3.8	0	0
46	6	0.8922	1	1
46	6	0.391	1	1
46	6	0.1251	0	0
46	6	0.3479	1	1
46	6	0.01298	1	0
46	6	3.658	1	1
46	6	0.08356	0	0
46	6	0.136	1	0
46	6	0.5381	1	1
46	6	3.702	0	0
46	6	0.5127	0	0
46	6	0.536	1	0
46	6	0.3583	0	1
46	6	0.04534	0	0
46	6	0.03296	1	1
46	6	3.565	0	0
46	6	0.2137	1	1
46	6	3.796	1	1
46	6	0.5874	1	1
46	6	0.1289	0	0
46	6	0.4157	1	1
46	6	0.1569	0	0
46	6	0.949	1	1
46	6	0.3144	1	0
46	6	0.001612	0	0
46	6	0.9389	1	1
46	6	0.3924	1	0
46	6	0.04523	1	0
46	6	0.23	0	1
46	6	3.826	0	0
46	6	0.3751	0	0
47	6	3.593	1	1
47	6	0.5668	0	0
47	6	0.8651	1	1
47	6	0.5164	1	1
47	6	1.17	1	1
47	6	0.08707	0	1
47	6	0.547	1	0
47	6	0.5462	0	1
47	6	3.468	1	1
47	6	0.1336	0	0
47	6	0.3559	0	1
47	6	3.617	0	0
47	6	0.9381	0	0
47	6	0.1164	0	1
47	6	3.718	0	0
47	6	0.8632	1	0
47	6	0.207	0	1
47	6	1.466	1	1
47	6	0.4247	1	1
47	6	3.679	1	1
47	6	0.1188	1	1
47	6	0.2296	0	0
47	6	0.1543	0	1
47	6	0.03634	1	0
47	6	3.267	0	1
47	6	0.3199	0	0
47	6	0.1349	0	1
47	6	3.684	0	0
47	6	0.136	1	0
47	6	0.5627	1	0
47	6	0.4612	0	1
47	6	0.1144	1	1
47	6	0.9225	0	0
47	6	0.9838	1	1
47	6	0.07516	0	0
47	6	3.622	1	1
47	6	4.001	0	0
47	6	1.089	1	1
47	6	1.06	1	1
47	6	0.5948	1	0
47	6	0.3723	0	0
47	6	0.9398	0	0
47	6	0.006119	1	1
47	6	0.4203	0	1
47	6	3.792	1	1
47	6	0.5423	0	0
47	6	0.4269	0	1
47	6	0.7376	1	1
47	6	0.1493	1	0
47	6	0.4979	0	0
48	6	0.9219	0	0
48	6	3.661	0	0
48	6	0.9476	1	1
48	6	0.3737	0	0
48	6	4.261	1	1
48	6	3.271	0	0
48	6	0.2201	0	0
48	6	1.138	1	1
48	6	0.1789	1	1
48	6	0.06943	0	1
48	6	3.422	0	0
48	6	0.6522	0	1
48	6	0.1735	1	0
48	6	0.3312	1	0
48	6	0.02173	1	1
48	6	0.01186	1	1
48	6	4.237	1	1
48	6	0.6956	0	0
48	6	0.2924	0	1
48	6	0.9866	0	1
48	6	3.423	1	1
48	6	0.1284	1	1
48	6	0.4174	1	0
48	6	0.2964	1	0
48	6	0.3404	1	1
48	6	3.74	1	1
48	6	0.7144	1	0
48	6	0.4347	0	0
48	6	0.02704	0	0
48	6	0.2232	1	0
48	6	0.3435	0	1
48	6	0.4966	1	1
48	6	1.226	0	1
48	6	3.316	0	0
48	6	3.561	1	1
48	6	0.5109	1	0
48	6	0.7775	1	1
48	6	0.03069	1	0
48	6	0.3915	0	0
48	6	0.537	1	1
48	6	1.098	0	0
48	6	0.006168	1	0
48	6	0.0188	1	1
48	6	0.6735	0	0
48	6	3.575	1	1
48	6	0.02585	1	1
48	6	0.391	0	0
48	6	0.6625	0	0
48	6	0.258	0	0
48	6	0.1711	0	0
49	6	0.1218	1	1
49	6	0.4501	1	0
49	6	0.07275	0	0
49	6	0.1547	1	1
49	6	0.07715	1	0
49	6	0.1849	0	1
49	6	0.5513	1	1
49	6	0.6547	0	0
49	6	3.978	0	0
49	6	0.8818	0	1
49	6	0.408	0	0
49	6	0.9002	0	0
49	6	0.1134	1	0
49	6	0.003957	1	0
49	6	3.683	0	0
49	6	3.877	1	1
49	6	0.9378	0	0
49	6	0.05592	1	1
49	6	0.2894	1	0
49	6	3.303	1	1
49	6	0.6632	1	1
49	6	3.701	1	1
49	6	0.038	0	0
49	6	0.5343	1	0
49	6	0.00996	1	1
49	6	0.789	1	0
49	6	0.02886	1	0
49	6	0.7262	0	1
49	6	0.6039	0	0
49	6	3.543	1	1
49	6	0.3233	1	0
49	6	0.9537	0	0
49	6	0.08265	0	0
49	6	0.04969	0	0
49	6	0.1053	0	1
49	6	0.28	1	1
49	6	0.8296	0	1
49	6	0.2727	0	0
49	6	3.605	1	1
49	6	0.8149	1	0
49	6	0.5282	1	1
49	6	0.9552	1	1
49	6	3.524	1	1
49	6	0.03788	1	1
49	6	0.1729	0	0
49	6	0.5536	1	1
49	6	3.863	0	0
49	6	3.462	1	1
49	6	0.05562	0	0
49	6	0.3633	0	0
