0	2	3.891	1	0
0	2	3.74	0	0
0	2	0.8188	0	1
0	2	1.862	1	1
0	2	1.663	1	0
0	2	3.756	1	0
0	2	1.768	0	0
0	2	3.52	1	1
0	2	0.6433	1	0
0	2	3.598	1	1
0	2	0.5966	0	0
0	2	5.488	0	0
0	2	5.67	1	0
0	2	1.892	0	0
0	2	5.14	0	0
0	2	5.7	1	1
0	2	3.661	1	1
0	2	0.6774	1	1
0	2	5.069	1	1
0	2	0.7339	0	0
0	2	0.7456	0	0
0	2	5.975	1	1
0	2	0.4892	1	1
0	2	0.3188	0	0
0	2	0.8796	1	1
0	2	0.913	0	1
0	2	0.9225	1	0
0	2	5.345	0	0
0	2	0.7455	1	1
0	2	3.874	1	1
0	2	3.764	0	0
0	2	0.692	0	1
0	2	5.353	0	0
0	2	0.9738	1	0
0	2	1.207	0	1
0	2	0.06156	1	1
0	2	1.658	0	0
0	2	0.9029	0	1
0	2	1.806	1	0
0	2	1.757	0	0
0	2	3.777	0	0
0	2	0.3818	0	1
0	2	1.393	0	1
0	2	3.692	1	1
0	2	5.05	0	0
0	2	5.228	0	0
0	2	0.1119	0	1
0	2	1.785	1	1
1	2	1.876	1	0
1	2	2.169	1	1
1	2	0.7959	0	0
1	2	3.608	0	0
1	2	1.34	1	1
1	2	0.6833	0	0
1	2	5.377	1	1
1	2	0.5556	0	1
1	2	0.5384	1	1
1	2	5.224	1	1
1	2	1.735	1	0
1	2	1.543	0	0
1	2	3.585	0	0
1	2	1.329	1	0
1	2	3.719	0	0
1	2	5.304	0	0
1	2	1.688	1	1
1	2	1.083	0	0
1	2	3.811	1	1
1	2	1.843	1	0
1	2	0.4059	1	1
1	2	0.3493	0	1
1	2	0.8405	0	1
1	2	2.069	1	0
1	2	1.769	0	0
1	2	3.696	0	0
1	2	3.737	1	0
1	2	5.359	0	0
1	2	5.273	1	1
1	2	0.8886	0	0
1	2	5.382	1	1
1	2	5.606	1	1
1	2	1.479	1	1
1	2	0.8703	0	0
1	2	0.04933	1	0
1	2	1.007	0	0
1	2	5.26	1	1
1	2	3.672	1	0
1	2	0.5839	1	0
1	2	3.191	0	0
1	2	0.2919	0	0
1	2	3.501	1	0
1	2	5.315	0	0
1	2	0.131	0	0
1	2	5.595	0	0
2	2	3.61	0	0
2	2	3.57	0	0
2	2	0.4576	1	0
2	2	0.545	1	1
2	2	1.745	0	0
2	2	1.778	1	0
2	2	1.829	1	1
2	2	0.6284	0	0
2	2	1.663	0	0
2	2	1.098	1	0
2	2	0.3102	0	1
2	2	5.471	1	1
2	2	0.6882	1	0
2	2	5.362	1	0
2	2	5.067	1	1
2	2	0.7414	1	0
2	2	3.415	0	0
2	2	0.8322	1	1
2	2	1.374	0	0
2	2	3.363	0	0
2	2	0.5944	1	0
2	2	1.867	0	0
2	2	0.8133	0	0
2	2	0.1304	1	0
2	2	0.7612	0	1
2	2	3.23	0	0
2	2	5.202	0	0
2	2	1.489	1	0
2	2	5.361	1	1
2	2	5.23	0	0
2	2	3.327	0	0
2	2	5.344	1	1
2	2	3.78	1	0
2	2	1.974	1	0
2	2	0.887	0	0
2	2	3.462	0	0
2	2	0.8357	0	0
2	2	0.8047	0	0
2	2	1.584	1	1
2	2	1.613	1	0
2	2	1.782	0	1
2	2	5.612	1	1
2	2	5.379	1	1
2	2	0.2781	1	0
2	2	3.731	1	1
2	2	3.502	0	0
2	2	1.071	0	0
2	2	5.451	0	0
3	2	4.745	0	0
3	2	1.503	1	0
3	2	3.334	1	1
3	2	1.624	1	1
3	2	0.6317	1	0
3	2	3.778	0	0
3	2	1.669	1	0
3	2	5.546	0	0
3	2	0.3187	0	0
3	2	1.99	0	0
3	2	0.7646	0	0
3	2	5.658	0	0
3	2	1.139	1	1
3	2	0.7317	0	1
3	2	5.227	0	0
3	2	3.64	0	0
3	2	5.507	0	0
3	2	3.463	0	0
3	2	3.467	0	1
3	2	5.465	0	0
3	2	2.271	1	1
3	2	2.075	1	0
3	2	0.3884	0	0
3	2	0.5769	0	0
3	2	1.599	1	0
3	2	0.8597	0	0
3	2	3.304	0	0
3	2	2.016	0	0
3	2	5.38	1	1
3	2	0.5866	0	0
3	2	0.6247	1	0
3	2	3.583	1	1
3	2	3.568	1	1
3	2	1.618	0	0
3	2	0.6393	1	1
3	2	0.3205	1	1
3	2	0.2854	0	0
3	2	3.861	1	1
3	2	0.8169	1	1
3	2	5.563	0	0
3	2	0.465	1	1
3	2	0.3868	1	0
3	2	0.7128	0	1
3	2	5.514	1	1
3	2	3.716	1	0
3	2	2.068	0	0
3	2	0.3143	0	0
3	2	0.6563	1	0
4	2	5.487	1	1
4	2	3.202	1	1
4	2	1.78	0	0
4	2	1.04	1	1
4	2	0.7591	0	0
4	2	0.6129	1	0
4	2	5.6	1	1
4	2	3.601	1	0
4	2	3.624	0	0
4	2	1.754	1	0
4	2	0.1513	0	0
4	2	0.3692	0	0
4	2	1.268	0	0
4	2	0.3672	1	1
4	2	1.703	0	0
4	2	3.256	0	0
4	2	1.652	0	0
4	2	3.663	0	0
4	2	5.446	1	1
4	2	3.665	1	0
4	2	5.583	0	0
4	2	5.503	1	1
4	2	3.496	0	0
4	2	1.206	1	0
4	2	1.867	1	0
4	2	0.639	1	0
4	2	1.872	0	0
4	2	0.5139	1	1
4	2	3.673	0	0
4	2	1.744	0	0
4	2	4.677	1	1
4	2	5.383	0	0
4	2	1.06	1	1
4	2	0.4636	1	0
4	2	0.6081	1	1
4	2	0.1662	0	0
4	2	5.193	0	0
4	2	3.756	0	0
4	2	0.5865	0	1
4	2	0.2501	0	1
4	2	0.7074	1	0
4	2	0.8419	1	0
4	2	1.691	1	1
4	2	3.617	0	0
4	2	0.4219	0	0
4	2	5.334	1	1
4	2	2.22	1	1
5	2	4.981	0	0
5	2	0.2733	1	1
5	2	3.693	0	0
5	2	0.4766	0	0
5	2	3.906	0	0
5	2	1.966	0	1
5	2	5.027	1	1
5	2	3.573	0	0
5	2	1.435	0	1
5	2	0.5302	0	0
5	2	0.2143	1	0
5	2	1.731	1	1
5	2	0.5092	1	0
5	2	5.33	0	0
5	2	3.531	1	1
5	2	5.568	1	1
5	2	3.72	1	1
5	2	3.596	1	1
5	2	0.4788	0	0
5	2	5.56	1	0
5	2	1.194	0	0
5	2	0.3776	0	0
5	2	0.8286	1	0
5	2	0.8001	1	0
5	2	3.416	1	1
5	2	0.696	0	1
5	2	1.118	0	0
5	2	1.654	1	0
5	2	0.8845	0	0
5	2	3.867	0	0
5	2	5.458	0	0
5	2	0.6221	0	0
5	2	5.232	0	0
5	2	1.033	1	1
5	2	3.523	0	0
5	2	3.474	0	0
5	2	5.424	0	0
5	2	1.757	1	0
5	2	0.4873	0	0
5	2	0.9209	1	1
5	2	0.1705	0	0
5	2	1.637	1	1
5	2	1.897	1	1
5	2	1.918	0	0
5	2	1.985	0	0
6	2	1.797	0	0
6	2	0.3386	1	1
6	2	5.786	0	0
6	2	3.896	1	1
6	2	1.045	0	0
6	2	0.9998	0	0
6	2	5.33	0	0
6	2	1.964	0	0
6	2	0.1973	0	1
6	2	5.359	0	0
6	2	0.7362	0	0
6	2	3.384	1	1
6	2	3.721	1	0
6	2	1.764	1	1
6	2	0.4328	1	1
6	2	0.2017	0	0
6	2	0.5132	1	0
6	2	3.552	1	1
6	2	3.908	1	0
6	2	0.851	0	0
6	2	1.598	1	0
6	2	1.577	1	1
6	2	3.691	0	0
6	2	0.9986	1	0
6	2	0.4011	1	1
6	2	1.658	1	1
6	2	0.5736	1	0
6	2	1.782	1	1
6	2	0.9593	1	0
6	2	3.541	1	1
6	2	0.656	0	1
6	2	1.126	0	0
6	2	3.49	1	0
6	2	0.7228	0	0
6	2	5.302	1	1
6	2	0.9402	1	1
6	2	0.9784	0	0
6	2	3.228	0	1
6	2	5.673	0	0
6	2	1.901	1	0
6	2	1.883	0	0
6	2	0.2026	0	0
6	2	5.352	1	1
6	2	5.828	0	0
6	2	5.151	0	0
6	2	1.44	0	0
6	2	3.122	1	1
6	2	0.6057	0	1
6	2	5.463	1	1
6	2	5.266	0	0
7	2	5.352	0	0
7	2	1.536	1	0
7	2	1.895	1	1
7	2	1.637	1	1
7	2	0.5153	1	0
7	2	3.545	1	1
7	2	0.1317	0	1
7	2	0.403	1	0
7	2	0.8775	0	0
7	2	0.4341	0	0
7	2	5.272	1	1
7	2	0.8933	0	1
7	2	3.723	1	1
7	2	0.4623	1	1
7	2	5.373	0	0
7	2	3.574	0	0
7	2	0.6911	0	0
7	2	5.404	1	1
7	2	3.742	0	0
7	2	0.5792	0	0
7	2	2.22	1	0
7	2	5.404	1	1
7	2	0.7432	0	0
7	2	5.554	0	0
7	2	3.801	0	0
7	2	1.147	0	0
7	2	0.6453	1	0
7	2	3.625	0	1
7	2	3.602	1	1
7	2	1.639	1	1
7	2	5.422	1	1
7	2	3.655	1	1
7	2	0.09531	0	0
7	2	3.486	1	1
7	2	0.8846	0	0
7	2	1.91	0	1
7	2	2.235	1	0
7	2	0.4052	0	1
7	2	3.551	1	1
7	2	0.5612	1	1
7	2	5.484	1	1
7	2	1.778	0	0
7	2	5.44	0	0
7	2	0.9191	1	0
7	2	1.067	1	0
7	2	1.612	0	1
7	2	1.735	1	1
7	2	5.805	0	0
8	2	0.9917	0	1
8	2	0.9661	0	0
8	2	3.507	0	0
8	2	1.781	0	0
8	2	1.67	1	0
8	2	1.959	0	0
8	2	3.277	1	1
8	2	1.288	0	0
8	2	0.6928	0	0
8	2	3.637	1	0
8	2	0.7535	0	0
8	2	4.961	1	1
8	2	5.263	1	1
8	2	3.614	0	0
8	2	0.07013	0	0
8	2	2.2	0	0
8	2	2.141	1	0
8	2	1.989	0	0
8	2	5.453	0	0
8	2	5.41	1	1
8	2	3.386	1	1
8	2	3.572	0	0
8	2	5.438	1	1
8	2	0.2156	1	1
8	2	5.409	0	0
8	2	0.4999	1	0
8	2	0.4616	1	1
8	2	0.9756	0	0
8	2	1.957	1	1
8	2	0.4669	1	0
8	2	0.5649	0	1
8	2	0.4154	0	0
8	2	0.4135	0	0
8	2	1.592	1	1
8	2	0.3751	0	0
8	2	5.284	0	0
8	2	1.183	1	0
8	2	1.218	0	0
8	2	3.37	0	0
8	2	3.28	1	1
8	2	1.557	1	0
8	2	0.902	1	0
8	2	0.2838	0	0
8	2	3.919	0	0
8	2	5.348	0	0
8	2	5.516	1	1
9	2	0.948	0	0
9	2	0.02181	1	0
9	2	1.959	0	0
9	2	1.654	0	0
9	2	3.543	0	0
9	2	3.46	0	0
9	2	5.762	0	0
9	2	1.003	0	1
9	2	5.184	1	1
9	2	3.714	1	1
9	2	0.2646	1	0
9	2	0.8175	0	0
9	2	3.505	0	0
9	2	1.009	1	0
9	2	3.544	1	1
9	2	0.8159	0	1
9	2	0.8181	0	0
9	2	0.7606	0	0
9	2	0.3791	0	0
9	2	5.53	1	0
9	2	0.4418	0	0
9	2	0.8992	0	0
9	2	0.8739	1	0
9	2	0.4186	0	0
9	2	5.231	0	0
9	2	5.163	1	1
9	2	5.953	1	1
9	2	1.867	0	0
9	2	5.312	1	1
9	2	0.2349	1	0
9	2	1.977	1	1
9	2	2	0	0
9	2	2.225	1	1
9	2	3.486	1	1
9	2	1.749	0	0
9	2	3.643	1	1
9	2	1.031	0	0
9	2	5.099	1	1
9	2	0.8912	0	0
9	2	1.839	0	0
9	2	3.507	1	1
9	2	0.2796	1	0
9	2	1.072	1	0
9	2	5.59	0	0
9	2	5.257	1	1
9	2	1.64	0	1
9	2	3.582	0	0
9	2	3.367	1	0
10	3	1.233	0	1
10	3	5.033	0	0
10	3	5.274	0	0
10	3	3.796	1	1
10	3	0.9597	0	0
10	3	0.4212	1	1
10	3	0.2389	0	0
10	3	1.692	0	0
10	3	3.731	1	1
10	3	3.456	1	1
10	3	5.286	1	1
10	3	0.6241	1	1
10	3	3.667	1	1
10	3	2.084	0	0
10	3	0.5124	1	0
10	3	0.7977	1	0
10	3	5.525	0	0
10	3	3.57	1	1
10	3	1.058	1	1
10	3	2.019	0	0
10	3	0.9317	0	0
10	3	5.283	0	0
10	3	0.9432	0	0
10	3	3.718	1	1
10	3	3.486	1	1
10	3	1.593	1	0
10	3	2.173	0	0
10	3	3.314	1	1
10	3	0.7413	0	1
10	3	1.764	0	0
10	3	5.558	0	0
10	3	0.1761	0	0
10	3	0.4732	1	0
10	3	0.4971	1	1
10	3	5.345	1	1
10	3	0.452	0	0
10	3	3.641	1	1
10	3	3.552	0	0
10	3	1.719	0	0
10	3	0.5307	1	1
10	3	5.416	1	1
10	3	0.6848	1	1
10	3	0.4164	0	0
10	3	5.501	1	1
10	3	5.411	0	0
10	3	2.187	0	0
10	3	1.491	1	0
10	3	1.446	0	0
10	3	1.151	0	0
10	3	0.3749	1	0
11	3	5.249	0	0
11	3	5.662	1	1
11	3	2.12	0	0
11	3	0.4133	1	0
11	3	2.045	0	1
11	3	1.716	0	0
11	3	1.509	1	1
11	3	3.489	0	0
11	3	1.603	1	1
11	3	5.315	0	0
11	3	3.415	1	1
11	3	5.403	1	1
11	3	3.767	1	0
11	3	0.9944	1	0
11	3	1.623	1	1
11	3	0.7045	0	0
11	3	0.4275	1	1
11	3	2.012	0	0
11	3	0.9071	0	0
11	3	0.6505	1	0
11	3	3.877	0	0
11	3	2.351	1	1
11	3	3.786	1	1
11	3	0.6759	1	0
11	3	1.75	1	0
11	3	1.035	0	0
11	3	0.4981	0	0
11	3	0.5165	0	0
11	3	2.141	0	1
11	3	0.6167	0	0
11	3	0.4346	0	0
11	3	3.949	1	1
11	3	3.513	1	1
11	3	5.14	1	1
11	3	3.611	1	1
11	3	5.338	1	1
11	3	0.5715	0	0
11	3	0.8069	0	0
11	3	0.6567	1	0
11	3	0.4871	1	0
11	3	1.009	0	1
11	3	0.7573	1	0
11	3	3.646	0	0
11	3	5.544	0	0
11	3	0.5685	0	1
11	3	0.8195	0	0
11	3	5.548	0	0
11	3	5.748	1	1
11	3	3.412	1	1
11	3	5.251	0	0
12	3	0.4192	1	1
12	3	5.31	0	0
12	3	5.407	0	0
12	3	5.518	0	0
12	3	0.3433	1	1
12	3	1.894	1	1
12	3	3.808	0	1
12	3	3.844	0	0
12	3	1.91	1	1
12	3	0.5388	1	0
12	3	0.5312	0	0
12	3	1.707	0	0
12	3	0.8383	1	1
12	3	5.297	0	0
12	3	0.7242	1	1
12	3	3.585	0	1
12	3	0.8548	0	0
12	3	4.221	0	0
12	3	0.7107	1	1
12	3	0.4543	0	0
12	3	0.3965	0	0
12	3	3.752	0	0
12	3	0.778	0	0
12	3	0.4816	0	0
12	3	0.9807	0	0
12	3	0.4317	0	1
12	3	3.289	1	1
12	3	1.116	0	0
12	3	5.765	0	0
12	3	3.478	1	1
12	3	0.789	0	1
12	3	2.298	1	1
12	3	2.003	1	0
12	3	5.52	0	0
12	3	5.478	1	1
12	3	5.29	1	1
12	3	5.59	0	0
12	3	1.733	1	1
12	3	3.527	1	1
12	3	0.3222	1	0
12	3	1.873	1	1
12	3	0.7384	1	1
12	3	1.777	1	1
12	3	5.534	0	0
12	3	1.868	1	1
12	3	3.679	1	1
12	3	0.222	0	0
12	3	2.122	1	0
12	3	0.9513	1	1
12	3	3.643	1	1
13	3	0.6865	1	0
13	3	1.764	0	0
13	3	5.556	1	1
13	3	0.6567	1	0
13	3	1.913	1	1
13	3	1.02	0	0
13	3	1.058	1	0
13	3	1.885	0	0
13	3	3.729	0	0
13	3	1.028	1	1
13	3	3.687	0	0
13	3	5.389	0	0
13	3	1.577	1	1
13	3	0.7855	1	1
13	3	5.058	1	1
13	3	2.132	0	0
13	3	5.407	0	0
13	3	3.817	1	1
13	3	3.366	0	0
13	3	3.67	0	0
13	3	1.952	0	0
13	3	0.8546	0	0
13	3	3.41	0	0
13	3	0.5946	1	0
13	3	3.613	1	1
13	3	5.173	1	1
13	3	5.457	1	1
13	3	1.995	0	0
13	3	5.283	0	0
13	3	0.691	1	1
13	3	0.9698	0	1
13	3	0.4027	1	0
13	3	4.976	0	0
13	3	0.8523	0	0
13	3	5.494	0	0
13	3	0.4303	0	1
13	3	1.97	0	0
13	3	1.791	1	1
13	3	1.272	1	1
13	3	1.985	0	0
13	3	0.9864	1	1
13	3	3.436	1	1
13	3	0.4621	0	0
13	3	1.306	1	0
13	3	3.484	1	1
13	3	5.444	1	1
13	3	0.6798	0	0
13	3	0.3932	1	1
13	3	3.68	1	1
13	3	0.4818	0	0
14	3	1.01	0	0
14	3	0.3939	0	0
14	3	5.38	1	1
14	3	0.4969	1	1
14	3	3.462	1	1
14	3	0.8724	1	0
14	3	2.148	1	0
14	3	5.48	0	0
14	3	0.7121	0	0
14	3	1.676	1	0
14	3	0.8694	0	0
14	3	0.3582	1	0
14	3	0.7434	1	0
14	3	0.9054	1	1
14	3	1.588	0	0
14	3	0.4582	0	0
14	3	0.2242	1	0
14	3	5.503	0	0
14	3	0.4725	1	1
14	3	5.473	0	0
14	3	1.596	1	1
14	3	0.7039	0	0
14	3	5.222	0	0
14	3	3.414	0	0
14	3	5.336	0	0
14	3	1.546	1	1
14	3	3.614	0	0
14	3	1.905	0	0
14	3	0.8411	1	0
14	3	2.081	0	1
14	3	1.592	0	0
14	3	0.7329	1	1
14	3	3.294	0	0
14	3	0.7919	1	0
14	3	0.9827	1	1
14	3	0.8256	1	1
14	3	3.588	1	1
14	3	1.724	0	0
14	3	5.487	1	1
14	3	0.1789	1	0
14	3	1.795	1	1
14	3	3.581	1	1
14	3	3.6	0	0
14	3	5.414	1	1
14	3	3.208	0	0
14	3	3.377	0	0
14	3	5.276	0	0
14	3	3.535	1	1
14	3	5.392	1	1
15	3	0.519	1	1
15	3	5.518	0	0
15	3	0.7073	0	1
15	3	0.3898	1	0
15	3	0.3188	1	1
15	3	0.9916	1	1
15	3	3.822	0	0
15	3	5.406	1	1
15	3	1.055	0	0
15	3	1.91	0	0
15	3	5.682	1	1
15	3	0.7557	0	0
15	3	0.4643	1	0
15	3	1.911	0	1
15	3	5.298	1	0
15	3	5.336	0	0
15	3	1.755	0	1
15	3	1.778	0	0
15	3	1.187	1	0
15	3	3.32	0	0
15	3	0.8495	0	0
15	3	0.4937	0	0
15	3	3.294	1	0
15	3	5.725	0	0
15	3	0.776	0	0
15	3	3.532	1	0
15	3	3.809	1	1
15	3	2.419	1	0
15	3	3.432	1	1
15	3	0.505	1	0
15	3	1.749	1	0
15	3	3.773	1	1
15	3	0.1233	0	1
15	3	3.869	1	1
15	3	1.695	1	0
15	3	3.957	0	0
15	3	5.206	0	1
15	3	5.18	1	1
15	3	5.499	1	1
15	3	0.9962	0	0
15	3	2.1	0	0
15	3	0.3758	0	0
15	3	1.535	1	0
15	3	5.556	0	0
15	3	0.6652	0	1
15	3	0.679	0	0
15	3	1.848	0	0
15	3	3.924	1	1
16	3	0.4635	0	0
16	3	1.766	0	1
16	3	0.2741	0	0
16	3	5.285	1	1
16	3	0.5936	1	0
16	3	0.6827	0	1
16	3	3.603	0	0
16	3	0.0493	1	1
16	3	3.905	1	1
16	3	5.682	0	0
16	3	0.8617	0	1
16	3	0.4347	0	0
16	3	3.678	1	1
16	3	5.614	1	1
16	3	2.088	1	0
16	3	3.406	1	0
16	3	0.3195	0	1
16	3	3.42	0	0
16	3	0.2368	0	0
16	3	0.9391	1	0
16	3	5.524	1	1
16	3	3.435	0	0
16	3	0.8506	1	0
16	3	1.766	0	0
16	3	0.8188	0	0
16	3	1.906	1	1
16	3	0.8438	0	0
16	3	1.076	1	1
16	3	5.668	1	1
16	3	0.4381	1	0
16	3	1.66	0	0
16	3	1.976	1	0
16	3	4.764	1	1
16	3	3.613	0	0
16	3	0.925	1	0
16	3	5.407	0	0
16	3	1.598	1	1
16	3	0.8446	0	0
16	3	3.634	0	0
16	3	5.43	0	0
16	3	0.3822	1	0
16	3	1.883	1	1
16	3	3.516	0	0
16	3	0.9807	0	0
16	3	5.447	0	0
16	3	5.421	0	0
16	3	1.867	1	1
16	3	3.824	0	0
16	3	0.2538	1	0
16	3	2.31	1	1
17	3	0.9578	0	1
17	3	0.106	1	0
17	3	3.733	1	1
17	3	1.885	0	0
17	3	2.018	0	0
17	3	0.6863	1	0
17	3	5.267	0	0
17	3	1.81	0	0
17	3	3.494	0	0
17	3	1.001	1	1
17	3	0.9819	1	1
17	3	0.9931	0	1
17	3	5.206	0	0
17	3	5.325	0	0
17	3	3.828	1	1
17	3	0.1007	1	0
17	3	1.922	1	1
17	3	5.283	0	0
17	3	3.691	0	0
17	3	0.6209	0	1
17	3	0.7623	0	1
17	3	0.4825	1	0
17	3	5.462	0	0
17	3	0.7499	1	1
17	3	1.74	1	1
17	3	3.393	1	1
17	3	0.6498	1	1
17	3	0.719	1	1
17	3	0.5162	0	0
17	3	0.9433	1	0
17	3	5.839	1	1
17	3	3.618	0	0
17	3	5.565	1	1
17	3	1.863	1	1
17	3	5.072	1	1
17	3	0.7562	1	0
17	3	3.585	0	1
17	3	1.716	0	0
17	3	0.6234	0	0
17	3	1.7	1	0
17	3	0.8552	0	1
17	3	1.193	1	1
17	3	3.57	0	0
17	3	3.448	0	0
17	3	1.889	0	0
17	3	3.868	1	1
17	3	1.771	0	0
17	3	5.47	0	0
17	3	5.276	1	1
18	3	1.583	1	1
18	3	3.8	1	1
18	3	0.8445	1	0
18	3	1.888	1	1
18	3	3.748	1	1
18	3	1.892	1	1
18	3	1.639	0	0
18	3	2.076	0	0
18	3	5.584	0	0
18	3	5.348	1	1
18	3	1.02	0	0
18	3	0.2029	0	1
18	3	5.304	0	0
18	3	0.2797	1	0
18	3	3.136	1	1
18	3	1.682	0	0
18	3	0.7721	0	0
18	3	0.8011	1	1
18	3	3.592	1	1
18	3	4.049	0	0
18	3	1.79	1	1
18	3	1.152	0	0
18	3	5.414	1	1
18	3	5.515	1	1
18	3	1.066	0	0
18	3	0.2466	1	0
18	3	3.436	0	0
18	3	1.91	0	0
18	3	0.7762	1	0
18	3	5.411	0	0
18	3	2.029	1	1
18	3	0.3793	0	0
18	3	3.489	0	0
18	3	1.881	1	1
18	3	3.698	1	1
18	3	0.2518	1	0
18	3	0.3706	0	0
18	3	0.6589	0	0
18	3	0.06127	0	1
18	3	5.119	0	0
18	3	0.4339	1	0
18	3	5.449	1	1
18	3	0.8941	1	0
18	3	3.153	0	0
18	3	5.74	0	0
18	3	0.851	0	1
18	3	3.88	1	1
18	3	5.07	1	1
18	3	0.6887	0	0
19	3	5.475	1	1
19	3	5.444	0	0
19	3	6.095	1	1
19	3	0.2231	1	0
19	3	3.577	1	0
19	3	0.9037	1	0
19	3	0.4929	0	0
19	3	1.415	1	1
19	3	0.9108	0	0
19	3	0.7122	0	1
19	3	1.931	1	1
19	3	1.559	1	1
19	3	0.3878	1	0
19	3	5.408	0	0
19	3	0.5612	0	1
19	3	3.377	1	1
19	3	3.529	1	1
19	3	1.527	0	0
19	3	0.3294	0	0
19	3	1.755	1	1
19	3	0.9549	1	0
19	3	0.8566	0	0
19	3	0.5904	1	0
19	3	3.519	1	1
19	3	3.551	0	0
19	3	1.202	1	0
19	3	0.3272	1	0
19	3	3.611	1	1
19	3	3.812	1	1
19	3	3.321	0	0
19	3	5.338	1	1
19	3	0.7175	0	0
19	3	1.069	0	1
19	3	0.536	1	1
19	3	0.7935	0	0
19	3	5.544	0	0
19	3	3.974	0	0
19	3	1.932	0	1
19	3	0.3088	0	0
19	3	3.234	1	1
19	3	5.315	1	1
19	3	1.12	0	1
19	3	0.3064	0	0
19	3	1.644	0	1
19	3	1.712	0	0
19	3	5.282	0	0
19	3	1.982	1	1
19	3	5.316	0	0
19	3	5.287	1	1
19	3	1.8	1	1
20	4	1.624	0	0
20	4	5.717	0	0
20	4	1.204	0	1
20	4	0.7379	0	0
20	4	1.92	1	1
20	4	3.894	1	1
20	4	1.131	1	0
20	4	5.712	0	0
20	4	0.4153	1	1
20	4	0.517	0	0
20	4	0.9217	0	0
20	4	3.559	1	1
20	4	5.322	1	1
20	4	0.8987	1	0
20	4	5.464	0	0
20	4	3.497	1	1
20	4	5.403	1	1
20	4	0.4776	0	0
20	4	0.6271	1	0
20	4	0.8949	0	0
20	4	1.89	0	0
20	4	3.667	0	0
20	4	3.211	1	1
20	4	0.855	1	0
20	4	3.655	1	1
20	4	1.948	1	0
20	4	0.9085	0	0
20	4	3.693	1	1
20	4	4.813	1	1
20	4	1.013	1	0
20	4	1.782	0	0
20	4	2.004	0	0
20	4	5.441	0	0
20	4	5.378	0	0
20	4	3.564	0	0
20	4	3.41	1	1
20	4	1.873	0	0
20	4	1.36	1	1
20	4	0.3755	1	1
20	4	1.54	0	0
20	4	0.9847	0	0
20	4	0.68	0	0
20	4	5.52	0	0
20	4	3.373	1	1
20	4	0.5752	0	0
20	4	1.636	1	1
20	4	0.7611	0	0
20	4	0.8152	1	1
20	4	0.4344	0	0
20	4	4.773	1	1
21	4	0.2078	0	0
21	4	0.2585	0	0
21	4	1.009	1	0
21	4	5.513	0	0
21	4	0.6142	0	1
21	4	3.811	0	0
21	4	3.656	1	1
21	4	0.8778	0	0
21	4	1.079	1	1
21	4	0.7703	1	1
21	4	1.624	1	1
21	4	1.839	1	1
21	4	5.39	0	0
21	4	3.336	0	0
21	4	1.936	1	1
21	4	0.7875	0	0
21	4	1.45	1	1
21	4	0.7348	0	0
21	4	3.506	1	1
21	4	3.575	1	1
21	4	3.727	1	1
21	4	0.8638	1	1
21	4	0.1786	0	1
21	4	1.245	0	0
21	4	0.7279	0	0
21	4	1.827	1	1
21	4	5.493	1	1
21	4	1.847	1	0
21	4	5.675	1	1
21	4	5.155	0	0
21	4	5.406	1	1
21	4	3.264	0	0
21	4	1.005	1	0
21	4	5.502	0	0
21	4	0.4055	0	1
21	4	0.158	1	1
21	4	3.405	1	1
21	4	0.5543	0	0
21	4	3.3	1	1
21	4	5.481	1	1
21	4	2.033	1	0
21	4	1.654	0	0
21	4	0.8401	0	0
21	4	1.811	0	0
21	4	5.382	1	1
21	4	0.515	0	0
21	4	0.8934	1	1
21	4	3.677	1	1
21	4	1.964	1	1
21	4	5.257	0	0
22	4	1.72	1	0
22	4	0.4899	0	0
22	4	1.642	1	1
22	4	3.594	0	0
22	4	3.632	1	1
22	4	1.893	0	0
22	4	5.338	0	0
22	4	3.668	0	0
22	4	5.18	1	1
22	4	0.2693	1	1
22	4	0.8875	1	1
22	4	0.5404	1	1
22	4	0.8953	1	1
22	4	0.2974	0	0
22	4	5.407	1	1
22	4	5.459	0	0
22	4	0.8258	0	1
22	4	0.1091	1	1
22	4	0.4689	0	0
22	4	3.389	1	1
22	4	1.521	1	1
22	4	5.525	0	0
22	4	0.8601	1	1
22	4	0.2281	0	1
22	4	5.017	0	0
22	4	3.869	1	1
22	4	3.742	0	1
22	4	1.595	0	0
22	4	5.019	0	0
22	4	5.487	0	0
22	4	3.776	0	0
22	4	0.67	1	0
22	4	0.8171	0	0
22	4	0.1901	0	1
22	4	1.834	1	1
22	4	0.8838	1	1
22	4	1.322	0	0
22	4	2.029	0	0
22	4	0.9625	1	1
22	4	5.682	1	1
22	4	4.952	1	1
22	4	0.1879	1	1
22	4	0.818	1	1
22	4	2.051	0	0
22	4	3.842	1	1
22	4	3.668	1	1
22	4	3.592	0	0
22	4	1.939	0	1
22	4	1.286	0	0
22	4	0.7798	0	0
23	4	5.361	1	1
23	4	1.864	1	1
23	4	3.45	0	0
23	4	0.9225	0	1
23	4	2.232	0	0
23	4	3.488	1	1
23	4	0.4502	0	0
23	4	1.311	1	1
23	4	1.14	1	1
23	4	5.451	0	0
23	4	0.2279	0	1
23	4	1.952	1	1
23	4	0.7141	1	1
23	4	3.293	1	1
23	4	4.86	1	1
23	4	3.603	1	1
23	4	5.185	0	0
23	4	5.496	0	0
23	4	0.443	1	1
23	4	1.529	1	1
23	4	0.8349	1	1
23	4	0.9723	1	1
23	4	0.668	0	0
23	4	5.484	1	1
23	4	0.6848	0	1
23	4	0.5177	0	0
23	4	1.826	0	0
23	4	1.03	1	0
23	4	1.928	0	0
23	4	0.508	0	1
23	4	0.8841	0	0
23	4	5.052	0	0
23	4	3.172	1	1
23	4	1.477	0	0
23	4	3.674	0	0
23	4	2.092	0	1
23	4	1.502	1	0
23	4	0.3738	0	0
23	4	0.5652	1	0
23	4	0.1957	0	1
23	4	3.726	0	0
23	4	3.684	1	1
23	4	3.854	1	1
23	4	5.443	1	1
23	4	5.449	0	0
23	4	1.346	0	0
23	4	1.138	1	1
23	4	5.658	1	1
23	4	3.825	1	1
24	4	1.672	1	1
24	4	0.5652	0	0
24	4	3.544	0	0
24	4	3.475	0	0
24	4	3.536	0	0
24	4	1.044	0	1
24	4	5.601	1	1
24	4	5.546	1	1
24	4	0.7399	1	0
24	4	5.641	1	1
24	4	3.603	1	1
24	4	3.267	0	0
24	4	0.05259	1	1
24	4	5.241	0	0
24	4	1.899	1	1
24	4	1.723	0	0
24	4	0.2021	0	1
24	4	1.057	1	0
24	4	1.633	1	1
24	4	2.03	0	0
24	4	0.4164	0	0
24	4	0.4728	0	0
24	4	3.27	0	0
24	4	0.6628	1	0
24	4	1.739	0	0
24	4	0.9774	1	1
24	4	1.776	0	1
24	4	1.184	1	1
24	4	0.8623	0	0
24	4	0.7652	1	0
24	4	3.702	1	1
24	4	5.059	1	1
24	4	5.383	0	0
24	4	3.529	0	0
24	4	5.154	1	1
24	4	5.443	0	0
24	4	5.257	1	1
24	4	0.7273	1	1
24	4	0.8706	0	0
24	4	1.576	0	1
24	4	0.5346	1	1
24	4	0.9618	1	1
24	4	3.566	1	1
24	4	1.751	0	0
24	4	0.3322	0	0
24	4	0.6802	0	0
24	4	3.419	0	0
24	4	5.334	1	1
24	4	0.4039	1	0
25	4	1.119	0	1
25	4	1.875	0	0
25	4	0.8766	1	0
25	4	3.706	0	0
25	4	5.549	1	1
25	4	5.33	1	1
25	4	0.3855	1	1
25	4	0.9334	0	0
25	4	1.129	0	1
25	4	5.078	0	0
25	4	3.586	1	1
25	4	0.9657	1	1
25	4	0.5049	0	0
25	4	1.856	1	1
25	4	3.56	0	0
25	4	3.553	1	1
25	4	0.05199	1	1
25	4	1.912	0	0
25	4	0.6368	0	0
25	4	0.08426	1	0
25	4	0.5003	1	0
25	4	5.783	0	0
25	4	3.538	0	0
25	4	5.42	0	0
25	4	3.897	1	1
25	4	1.573	0	0
25	4	1.722	1	1
25	4	1.875	0	0
25	4	5.544	0	0
25	4	1.576	1	1
25	4	0.3763	1	0
25	4	5.367	1	1
25	4	3.314	1	1
25	4	3.584	1	1
25	4	3.637	0	0
25	4	0.6091	0	1
25	4	5.514	0	0
25	4	0.7201	1	1
25	4	5.569	1	1
25	4	1.188	1	1
25	4	1.745	1	1
25	4	0.4763	0	0
25	4	1.745	0	0
25	4	1.99	0	0
25	4	5.528	1	1
25	4	0.3609	0	0
25	4	1.045	0	0
25	4	3.464	1	1
25	4	0.4649	1	0
26	4	5.407	1	1
26	4	0.9694	0	0
26	4	0.7272	1	1
26	4	3.449	0	0
26	4	0.5808	1	0
26	4	3.569	1	1
26	4	3.473	1	1
26	4	5.31	1	1
26	4	3.313	0	0
26	4	3.859	1	1
26	4	0.8783	0	0
26	4	5.067	1	1
26	4	1.575	1	1
26	4	0.1637	1	0
26	4	1.845	0	0
26	4	0.8753	0	1
26	4	1.701	0	0
26	4	1.37	1	1
26	4	0.8028	1	0
26	4	5.521	1	1
26	4	1.761	1	0
26	4	1.723	0	0
26	4	0.5423	0	0
26	4	3.777	0	0
26	4	0.1983	0	1
26	4	2.028	0	0
26	4	3.668	1	1
26	4	0.009711	0	0
26	4	0.6177	1	0
26	4	5.101	0	0
26	4	1.561	0	0
26	4	2.193	0	0
26	4	0.187	1	0
26	4	3.465	0	0
26	4	2.072	0	0
26	4	5.527	0	0
26	4	2.112	0	0
26	4	1.398	1	1
26	4	0.564	0	0
26	4	0.3128	1	0
26	4	0.903	1	1
26	4	5.64	0	0
26	4	3.605	0	0
26	4	0.2314	1	0
26	4	5.354	1	1
26	4	0.6452	0	0
26	4	5.399	0	0
26	4	3.663	1	1
26	4	5.419	1	1
26	4	0.6291	1	1
27	4	1.495	1	1
27	4	1.889	0	0
27	4	0.5248	1	0
27	4	5.395	0	0
27	4	0.8572	0	0
27	4	3.613	0	0
27	4	5.292	0	0
27	4	2.018	0	0
27	4	5.105	1	1
27	4	3.882	1	1
27	4	0.7899	1	1
27	4	1.941	0	0
27	4	0.3127	1	0
27	4	1.67	1	1
27	4	3.366	0	0
27	4	0.1283	1	1
27	4	3.772	1	1
27	4	0.4478	1	0
27	4	5.598	0	0
27	4	1.068	1	1
27	4	5.531	0	0
27	4	5.353	0	0
27	4	5.806	1	1
27	4	3.59	0	0
27	4	3.358	1	1
27	4	1.617	1	1
27	4	1.866	0	0
27	4	2.105	1	0
27	4	0.4723	1	0
27	4	5.271	1	1
27	4	1.035	0	0
27	4	0.7725	0	0
27	4	0.5417	1	1
27	4	0.6053	0	0
27	4	3.648	1	1
27	4	0.9918	1	0
27	4	0.8339	0	1
27	4	0.9066	0	0
27	4	5.068	1	1
27	4	2.938	1	1
27	4	2.029	1	1
27	4	1.167	1	0
27	4	3.831	0	0
27	4	3.495	0	0
27	4	0.8215	0	0
27	4	2.039	0	0
27	4	5.493	1	1
28	4	5.319	0	0
28	4	1.068	1	1
28	4	5.378	0	0
28	4	2.115	1	1
28	4	5.342	1	1
28	4	1.133	1	1
28	4	5.341	1	1
28	4	3.572	0	0
28	4	5.236	1	1
28	4	1.663	1	0
28	4	3.936	0	0
28	4	3.833	0	0
28	4	1.594	0	0
28	4	3.7	1	1
28	4	0.3429	1	1
28	4	1.935	1	1
28	4	0.6423	0	1
28	4	0.4912	1	1
28	4	2.264	1	0
28	4	1.705	1	0
28	4	2.023	0	0
28	4	1.199	0	1
28	4	5.005	1	1
28	4	3.379	0	0
28	4	1.734	0	0
28	4	0.8548	0	0
28	4	0.6877	1	1
28	4	5.327	0	0
28	4	5.717	0	0
28	4	0.9559	1	1
28	4	1.085	1	1
28	4	5.353	0	0
28	4	0.8829	0	1
28	4	3.458	1	1
28	4	0.4876	0	0
28	4	0.7793	1	0
28	4	1.894	1	0
28	4	5.792	1	1
28	4	3.717	0	0
28	4	1.935	0	0
28	4	0.4854	1	1
28	4	3.266	1	1
28	4	3.579	0	0
28	4	0.5758	0	1
28	4	0.2798	0	0
28	4	0.4838	0	1
28	4	0.4856	1	1
28	4	3.761	1	1
28	4	0.9903	0	0
29	4	0.7692	0	1
29	4	0.2734	0	0
29	4	0.2721	1	0
29	4	2.094	0	0
29	4	5.505	1	1
29	4	0.3464	0	1
29	4	3.589	1	0
29	4	0.5219	1	1
29	4	4.938	1	1
29	4	3.415	1	1
29	4	3.611	1	1
29	4	0.8742	1	0
29	4	3.64	0	0
29	4	5.46	0	0
29	4	1.413	0	0
29	4	5.346	0	0
29	4	0.4937	0	1
29	4	5.593	1	1
29	4	1.911	0	0
29	4	1.862	0	0
29	4	1.769	0	0
29	4	1.891	0	0
29	4	5.322	1	1
29	4	5.235	0	0
29	4	1.674	0	0
29	4	1.103	1	1
29	4	3.323	0	0
29	4	3.56	0	0
29	4	1.962	1	1
29	4	1.928	0	0
29	4	1.553	0	0
29	4	5.401	0	0
29	4	0.8618	1	0
29	4	0.9021	0	0
29	4	0.5053	1	1
29	4	1.007	1	1
29	4	3.311	1	1
29	4	3.527	0	0
29	4	0.9451	1	0
29	4	0.5599	1	1
29	4	0.78	1	1
29	4	5.301	1	1
29	4	0.661	1	1
29	4	0.4327	0	1
29	4	3.783	1	1
29	4	5.651	1	1
29	4	0.7832	0	0
29	4	1.01	1	1
29	4	3.342	1	1
29	4	1.925	0	0
30	5	1.148	0	0
30	5	1.772	0	0
30	5	5.517	1	1
30	5	1.883	1	0
30	5	3.331	0	0
30	5	5.271	1	1
30	5	0.2254	0	1
30	5	0.5136	0	0
30	5	3.446	0	0
30	5	0.7023	0	1
30	5	5.422	1	1
30	5	3.752	1	1
30	5	1.69	0	0
30	5	0.587	0	0
30	5	0.4585	1	1
30	5	3.62	1	1
30	5	1.246	1	1
30	5	0.4336	0	0
30	5	0.2403	0	0
30	5	1.757	0	0
30	5	0.04691	1	0
30	5	1.671	1	1
30	5	3.263	1	1
30	5	5.472	0	0
30	5	5.414	1	1
30	5	0.5682	0	0
30	5	1.11	1	1
30	5	5.599	0	0
30	5	3.47	1	1
30	5	0.4071	0	0
30	5	1.405	1	0
30	5	1.01	0	0
30	5	3.49	1	1
30	5	5.344	1	1
30	5	0.8113	1	0
30	5	5.444	1	1
30	5	1.758	1	0
30	5	1.842	1	1
30	5	0.7304	0	0
30	5	0.9011	0	0
30	5	0.785	1	0
30	5	3.42	1	1
30	5	0.8293	0	0
30	5	5.663	0	0
30	5	5.319	0	0
30	5	3.928	1	1
30	5	3.896	0	0
30	5	1.845	0	0
30	5	0.8031	0	0
30	5	1.752	0	0
31	5	0.7072	0	0
31	5	0.5939	0	0
31	5	0.5981	1	1
31	5	5.571	0	0
31	5	0.5726	0	0
31	5	0.6681	1	0
31	5	1.582	1	0
31	5	0.4528	0	1
31	5	1.404	0	0
31	5	2.085	0	0
31	5	4.091	0	0
31	5	1.617	0	1
31	5	2.041	1	1
31	5	0.3279	1	1
31	5	1.771	1	1
31	5	1.848	0	0
31	5	3.514	0	0
31	5	1.086	0	0
31	5	1.717	0	0
31	5	0.364	1	0
31	5	0.8916	0	0
31	5	1.015	0	0
31	5	3.774	1	0
31	5	3.665	0	0
31	5	1.555	1	1
31	5	5.638	1	1
31	5	3.412	0	0
31	5	3.709	1	1
31	5	3.961	0	0
31	5	0.4788	1	1
31	5	5.33	0	0
31	5	5.381	0	0
31	5	5.04	0	0
31	5	3.482	0	0
31	5	5.471	1	1
31	5	3.421	1	1
31	5	0.6707	0	0
31	5	0.08048	1	0
31	5	0.949	1	1
31	5	0.8511	1	1
31	5	5.445	1	1
31	5	0.3229	1	0
31	5	3.707	0	1
31	5	0.9856	1	1
31	5	0.2451	1	0
31	5	1.928	1	1
31	5	5.269	0	0
31	5	5.527	1	1
31	5	0.1947	1	0
31	5	5.597	0	0
32	5	0.3911	0	1
32	5	5.557	1	1
32	5	5.552	1	1
32	5	3.304	1	0
32	5	2.184	0	0
32	5	3.998	0	0
32	5	3.705	0	0
32	5	0.8559	0	1
32	5	5.319	0	0
32	5	3.446	1	1
32	5	0.5343	1	1
32	5	1.804	1	1
32	5	2.009	1	0
32	5	0.1593	0	0
32	5	0.8573	1	0
32	5	5.702	0	0
32	5	3.577	1	0
32	5	2.066	1	1
32	5	3.664	0	0
32	5	3.839	0	0
32	5	0.485	0	1
32	5	0.903	1	1
32	5	5.4	1	1
32	5	5.106	0	0
32	5	0.8728	0	1
32	5	1.882	0	0
32	5	0.6106	0	0
32	5	1.573	1	1
32	5	0.932	1	0
32	5	1.122	1	1
32	5	1.495	0	0
32	5	0.3859	0	1
32	5	3.709	1	1
32	5	1.165	0	0
32	5	5.401	0	0
32	5	5.594	1	1
32	5	0.6942	1	0
32	5	3.695	1	0
32	5	0.208	1	0
32	5	0.4066	0	0
32	5	0.7866	1	1
32	5	1.687	0	0
32	5	5.684	0	0
32	5	3.681	1	1
32	5	0.6486	0	1
32	5	1.89	1	0
32	5	1.625	1	0
32	5	0.6099	0	0
32	5	5.688	0	0
33	5	5.325	0	0
33	5	2.042	1	0
33	5	1.193	1	0
33	5	1.935	1	1
33	5	1.528	1	1
33	5	0.4115	1	0
33	5	5.272	0	0
33	5	0.4773	0	1
33	5	1.955	1	1
33	5	1.81	0	1
33	5	1.03	0	0
33	5	3.619	0	0
33	5	0.1881	0	0
33	5	5.609	1	1
33	5	0.4791	0	0
33	5	1.543	0	0
33	5	3.401	1	1
33	5	5.472	0	0
33	5	0.6196	1	1
33	5	3.452	1	1
33	5	0.9432	1	1
33	5	3.72	0	0
33	5	0.2141	0	0
33	5	0.8376	1	1
33	5	0.8946	1	1
33	5	3.517	1	1
33	5	1.847	1	0
33	5	3.59	0	0
33	5	3.557	1	1
33	5	1.021	0	0
33	5	3.51	0	0
33	5	5.503	0	0
33	5	1.141	0	0
33	5	5.394	1	1
33	5	5.165	1	1
33	5	1.295	0	0
33	5	1.622	0	0
33	5	0.6859	1	1
33	5	0.7302	1	1
33	5	5.384	0	0
33	5	0.3831	0	1
33	5	3.727	0	0
33	5	1.838	1	1
33	5	5.687	0	0
33	5	3.666	0	0
33	5	1.045	1	1
33	5	5.414	0	0
33	5	0.4539	1	1
34	5	3.355	0	0
34	5	0.5016	1	0
34	5	1.051	1	1
34	5	5.552	1	1
34	5	5.534	1	1
34	5	5.346	0	0
34	5	3.79	0	0
34	5	3.766	1	1
34	5	1.958	1	1
34	5	1.969	0	0
34	5	0.7679	1	1
34	5	1.372	1	1
34	5	3.603	0	0
34	5	2.059	0	0
34	5	0.9743	0	0
34	5	1.772	1	1
34	5	0.5336	1	0
34	5	0.3158	0	0
34	5	0.3642	1	1
34	5	3.635	1	1
34	5	1.329	1	1
34	5	0.8965	1	1
34	5	4.131	0	0
34	5	0.9654	0	1
34	5	1.066	1	0
34	5	1.868	0	0
34	5	3.512	0	0
34	5	5.179	1	1
34	5	0.674	0	1
34	5	0.3238	0	0
34	5	5.366	0	0
34	5	1.946	1	1
34	5	5.403	0	0
34	5	1.768	0	0
34	5	5.525	0	0
34	5	0.1924	1	1
34	5	3.328	1	1
34	5	0.7406	1	1
34	5	3.724	0	0
34	5	1.966	0	0
34	5	0.6852	1	1
34	5	0.3716	0	1
34	5	5.381	1	1
34	5	1.237	1	0
34	5	5.582	0	0
34	5	2.099	1	1
34	5	3.69	1	1
34	5	0.8909	0	1
34	5	0.7707	0	0
34	5	5.1	0	0
35	5	1.814	0	1
35	5	2.114	0	1
35	5	0.5504	1	1
35	5	0.2591	0	1
35	5	5.236	1	1
35	5	3.741	1	1
35	5	5.528	0	1
35	5	1.274	0	0
35	5	0.9578	0	0
35	5	1.94	1	1
35	5	2.051	0	0
35	5	1.901	1	1
35	5	3.557	1	1
35	5	3.375	1	1
35	5	3.592	1	1
35	5	1.279	1	1
35	5	3.532	1	1
35	5	1.092	1	0
35	5	5.427	0	0
35	5	0.8947	1	1
35	5	3.674	1	1
35	5	5.835	1	1
35	5	5.731	1	1
35	5	0.4703	1	0
35	5	3.536	0	0
35	5	5.371	0	0
35	5	0.4227	1	1
35	5	2.138	1	1
35	5	5.338	0	0
35	5	5.266	1	1
35	5	0.9352	0	1
35	5	0.2642	1	0
35	5	0.2761	0	0
35	5	3.861	0	0
35	5	0.3843	0	0
35	5	2.111	0	0
35	5	3.57	0	0
35	5	0.6415	0	0
35	5	5.424	1	1
35	5	1.733	0	0
35	5	1.632	1	0
35	5	0.2825	0	0
35	5	0.942	0	0
35	5	3.477	0	0
35	5	0.3989	0	1
35	5	0.3784	0	0
35	5	1.211	1	1
35	5	1.421	0	1
35	5	5.467	1	1
36	5	0.1479	1	0
36	5	5.354	1	1
36	5	0.6681	0	0
36	5	3.578	1	1
36	5	0.4817	0	0
36	5	5.433	1	1
36	5	5.498	0	0
36	5	4.311	1	1
36	5	0.3287	0	1
36	5	3.295	1	1
36	5	0.707	1	1
36	5	3.204	1	1
36	5	0.5287	0	0
36	5	1.532	0	0
36	5	0.8966	0	0
36	5	0.7669	0	0
36	5	1.9	0	0
36	5	0.5316	1	0
36	5	0.9278	0	0
36	5	0.5434	0	0
36	5	0.852	0	1
36	5	3.779	1	1
36	5	1.754	1	1
36	5	5.392	1	1
36	5	3.516	1	1
36	5	1.758	0	1
36	5	1.901	1	0
36	5	0.3205	1	0
36	5	5.395	0	0
36	5	1.9	1	0
36	5	2.124	1	1
36	5	5.137	1	1
36	5	1.607	0	0
36	5	1.414	0	0
36	5	0.9448	0	0
36	5	0.8241	1	1
36	5	0.2015	0	0
36	5	5.247	1	1
36	5	0.6397	0	0
36	5	3.525	1	1
36	5	1.811	1	1
36	5	0.9275	0	0
36	5	1.082	0	0
36	5	5.116	0	0
36	5	0.6788	1	1
36	5	5.533	1	1
36	5	3.638	0	0
36	5	3.669	0	0
36	5	5.733	0	0
37	5	1.917	0	0
37	5	0.746	1	1
37	5	0.9853	1	1
37	5	0.5851	0	0
37	5	1.883	1	1
37	5	1.568	0	0
37	5	5.269	1	1
37	5	0.8272	0	0
37	5	0.3383	0	0
37	5	3.067	1	1
37	5	0.22	1	1
37	5	0.2315	1	0
37	5	3.716	0	0
37	5	3.696	1	1
37	5	3.902	0	0
37	5	5.36	0	0
37	5	3.543	1	1
37	5	5.149	0	0
37	5	0.4065	1	1
37	5	0.7178	0	0
37	5	5.405	1	1
37	5	1.801	1	0
37	5	1.498	0	0
37	5	0.1501	1	1
37	5	0.9635	1	1
37	5	0.4309	1	1
37	5	0.2379	0	1
37	5	0.6178	0	0
37	5	0.7056	1	1
37	5	1.557	1	1
37	5	5.282	1	1
37	5	3.464	1	1
37	5	5.152	0	0
37	5	3.614	0	0
37	5	3.37	0	0
37	5	1.551	0	0
37	5	3.645	1	1
37	5	5.338	1	1
37	5	5.319	1	1
37	5	1.181	0	0
37	5	1.952	0	0
37	5	1.967	0	0
37	5	0.9992	0	0
37	5	5.276	0	0
37	5	3.64	0	0
37	5	1.772	0	0
37	5	1.439	1	1
37	5	1.044	1	1
37	5	5.561	0	0
37	5	0.7829	1	1
38	5	0.07481	1	1
38	5	0.7615	0	0
38	5	3.824	1	1
38	5	1.938	1	1
38	5	1.157	1	1
38	5	5.482	1	1
38	5	3.945	1	1
38	5	0.6146	1	0
38	5	3.526	1	1
38	5	5.592	1	1
38	5	1.026	0	0
38	5	0.8404	0	1
38	5	3.631	0	0
38	5	0.7649	1	1
38	5	3.632	0	0
38	5	0.5604	1	1
38	5	1.088	0	1
38	5	2.011	1	1
38	5	1.593	0	0
38	5	3.352	0	0
38	5	0.7072	1	0
38	5	5.248	1	1
38	5	2.025	1	1
38	5	5.641	0	0
38	5	5.204	1	1
38	5	0.7822	0	1
38	5	5.42	1	1
38	5	5.305	0	0
38	5	1.349	1	1
38	5	3.722	0	0
38	5	3.11	0	0
38	5	0.5122	0	1
38	5	1.79	0	0
38	5	1.701	1	1
38	5	0.106	1	1
38	5	1.828	0	0
38	5	1.638	1	1
38	5	0.3943	1	1
38	5	5.548	0	0
38	5	0.7996	0	0
38	5	3.494	1	1
38	5	5.423	0	0
38	5	0.9002	0	1
38	5	5.613	0	0
38	5	2.015	1	1
38	5	0.4732	0	1
38	5	0.4357	0	1
38	5	0.8093	0	0
38	5	3.896	0	0
39	5	0.6066	1	1
39	5	1.914	0	1
39	5	5.195	0	0
39	5	5.22	1	1
39	5	0.4329	1	0
39	5	0.7728	0	0
39	5	0.829	1	1
39	5	0.6002	0	0
39	5	0.5988	1	1
39	5	3.734	0	0
39	5	0.9108	0	1
39	5	0.7254	1	1
39	5	5.344	0	0
39	5	1.734	0	0
39	5	5.103	0	0
39	5	0.8957	0	1
39	5	3.643	0	0
39	5	3.374	0	0
39	5	5.331	0	0
39	5	0.7023	0	1
39	5	3.746	0	0
39	5	4.028	0	0
39	5	2.111	1	1
39	5	3.416	1	1
39	5	2.034	1	1
39	5	3.651	0	0
39	5	1.706	0	0
39	5	0.2423	0	1
39	5	0.6005	1	1
39	5	0.6554	1	0
39	5	0.578	1	0
39	5	1.492	0	0
39	5	1.834	1	1
39	5	0.3367	0	0
39	5	0.4035	1	1
39	5	0.9793	1	1
39	5	2.071	1	1
39	5	1.089	0	0
39	5	3.295	1	1
39	5	1.636	0	0
39	5	1.964	1	1
39	5	3.33	1	1
39	5	5.339	1	1
39	5	5.487	0	0
39	5	5.586	1	1
39	5	5.378	1	1
39	5	5.146	1	1
39	5	3.54	0	0
39	5	0.3213	1	1
40	6	2.103	0	1
40	6	1.805	1	0
40	6	0.3514	0	1
40	6	3.829	1	1
40	6	3.605	0	0
40	6	1.066	1	1
40	6	5.678	1	1
40	6	1.753	0	1
40	6	5.508	0	0
40	6	1.116	1	1
40	6	0.4591	0	0
40	6	5.176	0	0
40	6	0.1592	0	1
40	6	3.589	1	1
40	6	5.272	1	1
40	6	1.633	0	0
40	6	0.6275	1	1
40	6	0.92	1	1
40	6	2.339	1	1
40	6	5.303	1	1
40	6	1.622	1	1
40	6	0.3291	1	0
40	6	3.842	1	1
40	6	5.395	0	0
40	6	5.174	0	0
40	6	0.8972	0	0
40	6	0.3154	1	0
40	6	0.3952	1	1
40	6	0.8644	1	1
40	6	1.693	0	0
40	6	0.5834	1	1
40	6	0.3997	0	0
40	6	5.349	1	1
40	6	1.748	0	1
40	6	3.588	0	1
40	6	0.9131	0	0
40	6	3.683	0	0
40	6	1.134	0	1
40	6	3.478	0	0
40	6	0.7597	0	0
40	6	3.553	1	1
40	6	0.9771	0	1
40	6	5.673	0	0
40	6	5.185	1	1
40	6	3.239	1	1
40	6	1.623	0	1
40	6	1.161	0	0
40	6	0.3561	1	0
41	6	5.137	1	1
41	6	1.039	0	0
41	6	0.6383	0	1
41	6	0.9946	0	0
41	6	5.417	1	1
41	6	5.464	1	1
41	6	1.122	1	0
41	6	5.434	0	0
41	6	4.916	1	1
41	6	5.069	0	0
41	6	5.121	0	0
41	6	3.398	1	1
41	6	0.4917	0	0
41	6	0.1502	0	1
41	6	0.5369	0	1
41	6	1.886	1	1
41	6	2.02	0	0
41	6	0.7922	0	1
41	6	1.996	1	0
41	6	0.9531	0	0
41	6	0.1237	1	0
41	6	0.7905	1	1
41	6	5.43	1	1
41	6	3.77	0	0
41	6	0.7325	0	1
41	6	3.345	1	1
41	6	0.6431	1	0
41	6	0.2021	1	0
41	6	5.052	0	0
41	6	5.271	0	1
41	6	3.644	1	1
41	6	1.797	0	0
41	6	1.943	0	0
41	6	3.818	1	0
41	6	1.088	0	1
41	6	0.8658	1	0
41	6	1.636	0	0
41	6	0.3533	0	0
41	6	3.365	0	0
41	6	3.363	0	0
41	6	0.7105	0	1
41	6	0.3051	1	0
41	6	2.047	1	1
41	6	1.848	1	1
41	6	1.413	1	1
41	6	0.9123	1	0
41	6	1.706	0	0
41	6	3.881	1	1
41	6	3.916	0	0
41	6	3.821	1	1
42	6	5.115	1	1
42	6	0.599	0	0
42	6	0.7999	1	1
42	6	3.445	1	1
42	6	3.466	1	1
42	6	0.3518	0	0
42	6	2.047	0	0
42	6	3.601	1	1
42	6	2.02	1	1
42	6	1.494	0	0
42	6	0.3911	0	0
42	6	3.366	0	0
42	6	0.2351	0	0
42	6	0.1388	1	0
42	6	0.6535	1	0
42	6	0.9292	0	0
42	6	1.767	1	1
42	6	5.058	1	1
42	6	0.5222	0	0
42	6	0.814	1	0
42	6	0.7788	0	0
42	6	1.013	1	0
42	6	5.609	0	0
42	6	3.308	1	1
42	6	3.805	1	1
42	6	2.011	1	1
42	6	5	1	1
42	6	0.6841	0	0
42	6	3.531	1	1
42	6	0.6464	0	0
42	6	3.784	1	1
42	6	0.6971	1	0
42	6	5.26	1	1
42	6	5.78	1	1
42	6	0.3831	1	1
42	6	1.015	0	0
42	6	2.069	0	0
42	6	5.293	0	0
42	6	1.573	0	0
42	6	0.1392	1	1
42	6	1.763	0	0
42	6	5.34	0	0
42	6	5.519	0	0
42	6	3.615	0	0
42	6	1.312	0	0
42	6	5.459	0	0
42	6	0.1288	0	0
42	6	1.278	1	1
42	6	1.643	0	0
42	6	3.69	1	1
43	6	1.696	0	0
43	6	1.28	0	0
43	6	0.3308	0	0
43	6	1.966	1	0
43	6	0.1748	1	1
43	6	0.535	1	1
43	6	0.3126	0	1
43	6	1.509	0	0
43	6	0.4022	0	0
43	6	5.587	0	0
43	6	5.086	0	0
43	6	1.773	0	0
43	6	3.76	1	1
43	6	3.575	0	0
43	6	5.086	1	1
43	6	0.2219	1	0
43	6	0.7656	0	0
43	6	5.122	1	1
43	6	0.8097	0	0
43	6	2.043	1	1
43	6	5.423	1	1
43	6	5.506	0	0
43	6	1.418	1	1
43	6	3.586	1	1
43	6	3.621	1	1
43	6	1.047	0	0
43	6	0.8256	0	0
43	6	0.7492	1	0
43	6	0.2341	1	0
43	6	3.304	1	1
43	6	3.64	0	0
43	6	0.5058	0	0
43	6	5.47	1	1
43	6	1.058	1	1
43	6	0.2051	0	0
43	6	5.704	0	0
43	6	3.297	1	1
43	6	5.353	0	0
43	6	3.437	0	0
43	6	3.811	1	1
43	6	1.704	1	0
43	6	0.822	0	1
43	6	3.946	0	0
43	6	1.817	1	1
43	6	0.694	0	0
43	6	0.2881	1	1
43	6	2.019	1	1
43	6	1.031	1	0
43	6	1.428	1	0
43	6	5.556	0	0
44	6	0.1591	1	1
44	6	0.7052	1	1
44	6	5.335	0	0
44	6	5.301	1	1
44	6	3.945	0	0
44	6	5.591	1	1
44	6	1.551	1	1
44	6	0.3245	0	0
44	6	3.56	0	0
44	6	5.368	0	0
44	6	0.9109	0	1
44	6	3.374	0	0
44	6	1.852	0	0
44	6	5.191	0	0
44	6	1.571	1	1
44	6	2.071	1	1
44	6	3.435	0	0
44	6	0.4935	1	1
44	6	1.782	0	0
44	6	0.6986	1	1
44	6	5.437	1	1
44	6	1.699	0	0
44	6	0.7089	1	1
44	6	5.651	1	1
44	6	0.74	0	0
44	6	0.6491	1	0
44	6	5.662	0	0
44	6	5.521	1	1
44	6	0.97	1	1
44	6	2.028	0	1
44	6	0.3789	0	0
44	6	3.8	0	0
44	6	0.3284	0	0
44	6	1.136	0	0
44	6	1.21	1	0
44	6	5.396	0	0
44	6	3.448	1	1
44	6	3.594	1	1
44	6	0.7446	0	1
44	6	3.566	0	0
44	6	3.772	0	0
44	6	0.7866	1	0
44	6	0.3609	1	0
44	6	1.504	1	1
44	6	0.5319	0	0
44	6	1.988	1	1
44	6	3.832	0	0
44	6	0.4923	0	0
44	6	1.143	1	1
44	6	2.16	1	1
45	6	5.683	1	1
45	6	5.771	1	1
45	6	0.5054	0	0
45	6	3.693	0	0
45	6	3.742	0	0
45	6	5.505	1	1
45	6	3.77	1	1
45	6	5.018	0	0
45	6	0.5638	0	1
45	6	5.439	0	0
45	6	0.2831	1	1
45	6	3.536	1	1
45	6	5.08	1	1
45	6	4.082	0	0
45	6	3.643	1	1
45	6	1.95	1	1
45	6	1.896	0	0
45	6	0.9018	1	0
45	6	0.4057	0	0
45	6	1.653	1	1
45	6	3.621	1	1
45	6	3.584	0	0
45	6	0.7337	1	1
45	6	5.827	1	1
45	6	1.842	0	0
45	6	0.9758	1	1
45	6	3.731	0	0
45	6	0.3569	1	1
45	6	1.871	0	0
45	6	1.967	0	0
45	6	0.7473	0	0
45	6	5.448	0	0
45	6	1.707	0	0
45	6	0.5683	1	1
45	6	0.61	1	1
45	6	1.096	1	1
45	6	1.041	0	1
45	6	0.5652	1	1
45	6	1.519	0	0
45	6	0.5469	0	0
45	6	0.9689	0	1
45	6	1.863	0	0
45	6	0.615	1	0
45	6	1.763	1	1
45	6	0.8776	0	0
45	6	0.7021	1	0
45	6	3.678	1	1
45	6	5.537	0	0
45	6	5.636	0	0
45	6	0.2737	0	0
46	6	0.9106	0	1
46	6	0.645	0	0
46	6	0.3367	0	0
46	6	0.8517	0	0
46	6	5.291	0	0
46	6	0.9475	1	1
46	6	3.844	1	1
46	6	5.563	1	1
46	6	1.743	1	1
46	6	3.159	1	1
46	6	0.6751	0	1
46	6	0.4123	1	0
46	6	1.357	0	0
46	6	0.757	0	0
46	6	0.5764	0	0
46	6	1.742	1	1
46	6	1.868	1	0
46	6	1.842	0	0
46	6	5.057	0	0
46	6	0.7697	1	0
46	6	3.734	0	0
46	6	5.381	1	1
46	6	5.25	1	1
46	6	0.6868	1	0
46	6	0.8186	0	1
46	6	3.586	0	0
46	6	0.145	0	1
46	6	1.804	1	1
46	6	3.695	0	0
46	6	3.513	1	1
46	6	0.38	0	0
46	6	1.932	0	0
46	6	0.4339	1	0
46	6	0.5625	1	1
46	6	1.821	0	1
46	6	0.3938	0	0
46	6	3.476	1	1
46	6	1.389	1	0
46	6	3.808	0	0
46	6	3.491	1	1
46	6	5.451	1	1
46	6	5.367	1	0
46	6	0.6475	0	0
46	6	3.848	0	0
46	6	1.047	1	1
46	6	5.503	1	1
46	6	1.984	0	0
46	6	5.816	0	0
46	6	1.735	1	0
46	6	5.313	0	0
47	6	5.181	0	0
47	6	3.648	1	1
47	6	0.2705	1	1
47	6	3.676	1	1
47	6	3.585	0	0
47	6	0.3026	0	1
47	6	0.7176	0	0
47	6	2.073	0	0
47	6	1.713	0	1
47	6	1.145	1	1
47	6	2.026	1	1
47	6	0.4982	0	1
47	6	0.3932	1	1
47	6	0.8286	0	0
47	6	3.651	0	0
47	6	1.343	0	0
47	6	1.858	1	1
47	6	3.12	1	1
47	6	5.418	0	0
47	6	3.708	0	0
47	6	1.894	1	1
47	6	5.483	0	0
47	6	1.951	1	1
47	6	1.064	0	1
47	6	0.4245	0	1
47	6	5.429	0	0
47	6	0.7171	1	1
47	6	3.481	0	0
47	6	5.476	0	0
47	6	1.216	0	0
47	6	5.304	0	0
47	6	0.47	1	1
47	6	3.598	1	1
47	6	0.9809	0	0
47	6	3.283	1	1
47	6	1.985	0	0
47	6	5.443	1	1
47	6	0.478	1	1
47	6	1.599	1	0
47	6	0.8546	1	0
47	6	0.393	0	0
47	6	0.7511	1	0
47	6	3.778	1	1
47	6	5.157	1	1
47	6	0.6154	1	0
47	6	5.607	0	0
47	6	5.419	0	0
47	6	1.701	1	1
47	6	0.217	1	0
47	6	0.768	0	0
48	6	3.532	0	0
48	6	0.4208	1	1
48	6	0.5838	0	0
48	6	5.676	1	1
48	6	0.4797	1	0
48	6	3.459	0	0
48	6	1.735	1	1
48	6	3.781	0	0
48	6	1.483	0	0
48	6	5.495	1	1
48	6	0.3808	1	1
48	6	3.905	1	1
48	6	0.7279	1	0
48	6	0.3571	1	0
48	6	1.905	1	1
48	6	3.679	1	1
48	6	0.5886	0	0
48	6	1.898	1	0
48	6	1.847	1	1
48	6	0.6104	0	1
48	6	0.6585	0	0
48	6	3.405	0	0
48	6	5.192	0	0
48	6	3.828	1	1
48	6	3.771	0	0
48	6	1.097	1	1
48	6	3.812	1	1
48	6	1.409	0	0
48	6	1.117	0	0
48	6	5.443	0	0
48	6	0.681	0	0
48	6	2.024	0	0
48	6	5.426	0	0
48	6	1.624	0	0
48	6	0.6234	1	1
48	6	5.197	1	1
48	6	3.835	0	0
48	6	5.409	0	0
48	6	0.9617	1	1
48	6	5.284	0	0
48	6	0.4696	1	1
48	6	1.859	0	0
48	6	5.462	1	1
48	6	5.512	0	0
48	6	0.8744	0	0
48	6	0.3682	0	0
48	6	0.8918	1	0
48	6	1.519	1	1
48	6	1.107	1	1
48	6	0.5106	1	0
49	6	0.3664	0	0
49	6	5.423	0	0
49	6	5.605	1	1
49	6	2.425	1	1
49	6	0.7214	1	1
49	6	3.883	1	1
49	6	2.193	0	0
49	6	1.646	0	0
49	6	5.323	0	0
49	6	0.6671	0	0
49	6	0.6467	1	1
49	6	1.959	0	0
49	6	3.4	0	0
49	6	1.759	0	1
49	6	5.212	1	1
49	6	3.934	1	1
49	6	5.067	1	1
49	6	0.2866	0	1
49	6	3.62	1	1
49	6	1.849	0	0
49	6	0.8476	1	1
49	6	0.7365	0	0
49	6	3.645	1	1
49	6	5.167	0	0
49	6	3.422	0	0
49	6	5.343	1	1
49	6	5.136	0	0
49	6	5.269	0	0
49	6	0.4624	1	1
49	6	3.767	1	1
49	6	1.197	1	1
49	6	0.006006	1	1
49	6	0.7271	0	1
49	6	1.721	1	1
49	6	0.5032	0	0
49	6	3.802	0	0
49	6	0.6457	1	1
49	6	3.349	1	1
49	6	5.643	1	1
49	6	1.56	0	0
49	6	0.5134	0	0
49	6	2.126	0	0
49	6	0.512	1	0
49	6	0.9276	0	0
49	6	0.7559	1	1
49	6	0.2606	1	1
49	6	1.988	1	1
49	6	3.56	0	1
49	6	0.5561	1	1
49	6	0.8072	1	0
