0	2	3.44	0	0	1.084
0	2	2.028	0	1	-0.1651
0	2	5.207	0	0	0.3674
0	2	1.529	1	1	-0.3546
0	2	3.967	0	0	-0.4541
0	2	1.092	0	0	-0.729
0	2	0.582	1	1	-0.7969
0	2	5.611	1	1	-0.3959
0	2	5.6	1	1	-0.9342
0	2	1.868	1	0	-0.3084
0	2	0.6814	0	0	-0.6044
0	2	3.534	1	0	-0.145
0	2	0.512	1	1	-0.3398
0	2	3.597	0	1	-0.1031
0	2	1.191	1	1	0.235
0	2	5.28	0	0	-0.02851
0	2	1.702	1	1	-1.936
0	2	0.5961	0	1	-0.7651
0	2	3.24	0	1	-0.2002
0	2	5.625	1	0	-0.005497
0	2	1.219	1	0	-0.4238
0	2	0.2302	1	0	-1.063
0	2	0.3091	1	1	-0.04791
0	2	1.827	0	1	0.1824
0	2	0.4846	0	0	-0.2761
0	2	1.941	0	0	0.2777
0	2	5.232	1	1	-0.5452
0	2	3.189	1	1	0.2332
0	2	5.279	1	1	-0.5964
0	2	3.419	1	0	-0.07459
0	2	0.6723	1	1	-0.6365
0	2	1.811	1	0	-0.1619
0	2	1.691	0	0	-1.162
0	2	0.7375	0	0	-1.875
0	2	0.2408	0	1	0.5765
0	2	0.8517	1	0	0.5778
0	2	3.553	0	0	-0.2824
0	2	0.8863	1	0	-0.9765
0	2	3.714	0	0	-0.6083
0	2	1.908	0	0	-0.6822
0	2	5.364	1	1	-0.6211
0	2	3.741	0	0	-0.66
0	2	0.7688	1	0	3.184
0	2	5.448	1	1	1.269
0	2	0.3715	0	1	0.6406
0	2	5.465	1	1	1.83
0	2	0.3731	0	1	0.8675
0	2	0.6461	0	1	0.3362
0	2	0.8381	1	1	0.6427
0	2	1.927	0	1	0.7122
1	2	5.599	0	0	1.116
1	2	1.07	1	1	-0.03267
1	2	1.813	1	1	-1.794
1	2	0.1934	0	0	4.339
1	2	3.417	1	1	-0.6053
1	2	2.261	0	0	-0.06383
1	2	4.852	0	0	1.632
1	2	1.053	1	0	-1.892
1	2	2.12	0	0	-1.443
1	2	2.006	0	1	1.263
1	2	3.481	0	1	-0.2714
1	2	3.513	1	0	0.5651
1	2	5.345	0	0	-0.01064
1	2	1.023	1	0	-0.1855
1	2	5.119	1	0	0.9602
1	2	1.531	1	0	-0.3868
1	2	0.6757	1	1	-0.1026
1	2	3.53	1	1	-1.56
1	2	1.894	1	0	-0.04105
1	2	0.69	0	0	0.9047
1	2	1.058	0	0	-0.6774
1	2	3.693	0	0	-0.07903
1	2	0.6142	1	0	-0.5495
1	2	5.24	0	0	0.9299
1	2	5.389	0	0	-0.2118
1	2	1.872	0	0	-1.126
1	2	2.026	0	1	-0.1327
1	2	0.8899	0	0	-0.2272
1	2	3.599	1	1	0.212
1	2	1.864	0	1	2.028
1	2	0.1529	0	1	0.8552
1	2	3.544	1	0	-0.3699
1	2	0.4978	1	0	-1.168
1	2	5.268	1	1	-0.8962
1	2	0.1883	0	0	-2.62
1	2	0.6827	1	0	-0.9291
1	2	5.095	1	1	1.134
1	2	0.2374	0	1	-0.6252
1	2	3.547	0	0	-2.882
1	2	0.6542	1	0	-0.6324
1	2	1.095	1	1	-0.7538
1	2	0.2411	1	0	-0.4903
1	2	3.66	1	1	-0.4586
1	2	0.8379	0	1	0.8754
1	2	0.6668	0	0	1.514
1	2	3.402	0	1	-0.3164
1	2	5.424	1	1	0.4741
1	2	1.85	0	1	0.5374
1	2	5.561	1	0	-1.423
1	2	0.4836	1	0	-1.571
2	2	0.6055	1	1	-0.4965
2	2	3.676	1	1	-0.2874
2	2	0.9225	0	1	1.363
2	2	0.3545	1	0	-0.4282
2	2	2.005	1	1	-0.1011
2	2	0.148	0	1	0.3885
2	2	3.46	0	0	2.136
2	2	1.589	0	0	0.4525
2	2	1.377	0	0	0.5568
2	2	0.8163	1	1	0.1382
2	2	3.616	0	1	0.00633
2	2	1.762	1	1	0.7337
2	2	0.08988	0	0	0.5891
2	2	0.8106	1	1	1.44
2	2	5.587	1	1	-0.3414
2	2	1.331	0	1	0.3646
2	2	5.399	1	1	0.7233
2	2	1.072	1	1	1.633
2	2	1.645	1	0	0.6863
2	2	0.8065	0	1	-0.8571
2	2	5.345	1	1	0.519
2	2	3.477	1	1	1.041
2	2	5.324	1	1	-0.8036
2	2	1.02	0	0	-0.7084
2	2	1.86	0	0	1.744
2	2	3.291	0	0	1.778
2	2	0.4239	1	0	-0.06281
2	2	0.4391	1	0	-2.978
2	2	3.821	0	0	-0.9894
2	2	0.5326	0	1	-0.1281
2	2	0.9319	0	1	-1.311
2	2	5.44	1	1	-1.283
2	2	3.739	1	1	-0.1051
2	2	1.289	1	1	-0.7411
2	2	5.471	1	1	0.4726
2	2	5.377	0	0	-0.4429
2	2	1.684	0	1	-0.5912
2	2	3.283	1	0	0.802
2	2	1.225	1	1	-0.3076
2	2	3.42	0	0	-0.4013
2	2	5.87	1	1	1.246
2	2	1.615	0	1	-1.338
2	2	0.3072	0	1	2.442
2	2	1.937	1	0	-0.5134
2	2	1.899	0	0	-3.58
2	2	0.3533	0	1	-0.2975
2	2	5.522	0	0	0.1785
2	2	0.4389	1	1	0.384
2	2	3.752	0	0	1.589
2	2	5.159	0	0	1.749
3	2	5.015	1	1	1.093
3	2	1.74	1	1	-0.5117
3	2	5.281	1	1	0.7872
3	2	1.929	1	1	0.8554
3	2	0.6861	0	0	1.709
3	2	1.143	1	1	-0.3624
3	2	1.578	0	0	-0.336
3	2	0.8618	1	1	0.6406
3	2	0.4486	1	0	-0.855
3	2	1.956	0	1	-1.139
3	2	0.16	0	0	-0.8745
3	2	5.414	0	1	0.4145
3	2	5.568	1	1	1.407
3	2	3.391	0	0	-0.4547
3	2	0.9356	0	0	-0.744
3	2	0.3202	0	0	0.3336
3	2	3.807	1	1	-0.8256
3	2	0.3958	0	1	0.3324
3	2	0.8769	0	0	-0.991
3	2	0.88	1	1	0.4898
3	2	3.763	1	1	1.646
3	2	5.404	0	0	-0.5414
3	2	0.748	0	0	-0.6857
3	2	5.518	0	0	-1.576
3	2	0.3359	0	0	-0.3219
3	2	3.993	0	0	-1.868
3	2	5.196	1	0	-0.4002
3	2	1.851	1	1	0.9285
3	2	3.775	1	1	1.463
3	2	3.264	0	0	-0.7067
3	2	3.538	1	0	0.6803
3	2	3.98	0	1	1.076
3	2	0.2786	1	0	-0.2009
3	2	5.591	0	0	-0.2586
3	2	0.5307	1	0	0.516
3	2	3.76	1	1	0.1371
3	2	0.04076	0	1	-1.303
3	2	3.339	0	0	-0.952
3	2	1.944	0	1	-1.32
3	2	1.527	1	1	0.5732
3	2	0.5566	1	1	0.2578
3	2	0.8466	0	0	-1.328
3	2	1.646	1	1	1.313
3	2	0.4619	1	0	-0.3674
3	2	1.885	0	0	0.5836
3	2	0.9293	0	0	-0.1087
3	2	5.567	1	1	2.337
3	2	1.583	1	0	1.395
3	2	6.032	1	1	-1.381
3	2	0.2047	1	1	-0.9704
4	2	3.269	1	1	0.3296
4	2	1.011	1	0	0.2656
4	2	5.897	1	1	-0.7004
4	2	5.024	1	1	1.004
4	2	2.099	1	1	-0.1696
4	2	1.585	1	1	-1.756
4	2	0.291	1	0	-0.5166
4	2	3.494	0	0	1.392
4	2	5.617	1	0	-0.02756
4	2	3.68	0	1	-0.7398
4	2	0.4108	1	0	0.1255
4	2	5.592	1	0	-0.4498
4	2	1.802	0	0	-0.6882
4	2	0.5331	1	1	0.06987
4	2	3.612	0	0	-0.2492
4	2	0.7306	1	0	-0.3901
4	2	1.954	0	0	-0.6915
4	2	3.301	0	0	0.8816
4	2	5.181	0	0	0.6752
4	2	0.4662	0	1	1.077
4	2	0.8891	1	0	-1.055
4	2	1.872	1	0	0.8556
4	2	3.611	0	0	-1.433
4	2	1.152	1	1	-2.543
4	2	0.4514	0	0	1.222
4	2	5.634	0	0	0.1198
4	2	0.722	0	0	0.8172
4	2	0.7772	1	1	0.532
4	2	1.664	0	0	-0.204
4	2	1.818	0	0	0.3083
4	2	5.392	0	0	-0.7417
4	2	3.434	1	0	1.307
4	2	3.545	1	0	-0.9316
4	2	1.866	0	1	-0.3717
4	2	0.7671	0	0	0.3517
4	2	5.221	1	0	0.01347
4	2	0.964	1	1	-1.288
4	2	3.374	1	0	0.1914
4	2	0.9969	0	1	0.9777
4	2	3.788	1	1	-0.6218
4	2	1.828	0	0	-0.5119
4	2	5.458	0	0	0.2171
4	2	0.5388	1	1	-0.5313
4	2	1.925	1	1	1.338
4	2	1.022	1	1	-0.1404
4	2	0.8621	0	0	-0.06935
4	2	0.352	0	0	-0.8022
4	2	1.357	1	0	-0.1252
4	2	5.156	0	0	0.1441
4	2	0.7005	0	0	0.3951
5	2	1.125	1	1	-0.3303
5	2	3.508	0	1	0.7378
5	2	0.2543	1	1	-1.418
5	2	3.449	0	0	0.3395
5	2	3.504	1	1	0.4665
5	2	0.8931	0	1	-0.4848
5	2	1.912	0	1	-0.4377
5	2	0.3255	0	1	-1.4
5	2	5.373	0	0	-0.499
5	2	5.29	1	1	0.3817
5	2	0.452	1	1	0.7784
5	2	0.9782	1	1	-0.4283
5	2	5.297	1	1	1.031
5	2	3.554	0	1	-1.679
5	2	1.039	1	1	-0.4011
5	2	0.192	1	1	-0.6881
5	2	0.2427	1	1	1.552
5	2	5.287	1	1	-1.112
5	2	5.271	0	0	1.491
5	2	2.139	1	1	-0.339
5	2	0.4204	0	1	0.3186
5	2	3.675	1	0	1.063
5	2	0.1042	0	0	0.8984
5	2	0.617	0	0	-1.318
5	2	5.205	1	1	1.36
5	2	0.8472	1	1	-0.1379
5	2	1.866	1	1	-0.113
5	2	1.986	0	0	-1.206
5	2	1.058	0	1	0.819
5	2	3.79	1	0	-0.1255
5	2	1.125	0	1	0.04039
5	2	1.542	0	0	-0.8713
5	2	0.6613	1	0	0.844
5	2	4.85	1	1	1.442
5	2	0.3062	0	1	-2.217
5	2	1.806	0	0	2.384
5	2	3.886	1	1	-0.5002
5	2	3.537	1	1	-0.115
5	2	1.938	0	1	-0.4478
5	2	1.811	0	0	0.1094
5	2	5.705	0	0	-0.7283
5	2	1.652	1	0	2.86
5	2	5.378	0	0	-1.457
5	2	0.5188	0	0	-0.9356
5	2	3.73	0	0	0.9069
5	2	1.367	0	1	-1.198
5	2	0.9323	1	1	-0.03049
5	2	0.5272	1	1	-1.327
5	2	5.154	1	1	-0.2101
5	2	3.728	0	1	0.883
6	2	3.591	1	1	0.07438
6	2	0.8705	1	1	1.102
6	2	3.672	1	1	0.2372
6	2	1.032	0	1	1.383
6	2	0.4223	0	1	0.384
6	2	1.668	1	1	-0.9936
6	2	0.4472	1	1	-0.0323
6	2	5.159	0	0	0.2768
6	2	0.4492	0	1	-0.4089
6	2	5.387	0	0	-1.334
6	2	0.8362	0	1	0.1149
6	2	1.663	1	1	0.2289
6	2	5.273	0	0	0.75
6	2	0.7367	0	1	1.558
6	2	1.479	1	0	0.4539
6	2	3.363	1	1	-1.796
6	2	0.5437	0	1	0.1639
6	2	0.2745	0	1	0.683
6	2	3.526	0	0	-1.29
6	2	2.051	0	1	0.3984
6	2	5.605	1	1	2.267
6	2	0.9668	0	0	0.5107
6	2	3.785	1	1	-0.5634
6	2	5.484	0	0	0.263
6	2	0.5942	0	1	1.438
6	2	0.3695	1	1	0.2125
6	2	5.172	0	1	0.4669
6	2	5.522	1	1	0.3433
6	2	0.2193	1	1	-0.2656
6	2	1.96	1	1	-0.2624
6	2	5.706	0	0	-0.6299
6	2	0.8917	0	1	-2.335
6	2	1.197	1	1	-1.148
6	2	3.653	0	0	0.5671
6	2	0.8083	1	0	0.2107
6	2	2.077	1	1	-2.41
6	2	2.028	1	0	1.015
6	2	1.016	0	0	-0.7718
6	2	5.479	0	0	-0.9697
6	2	2.008	0	0	-0.1568
6	2	2.042	1	1	0.05844
6	2	3.343	1	1	0.3662
6	2	0.6184	1	0	0.5661
6	2	1.663	1	0	-0.1264
6	2	3.538	0	0	-1.328
6	2	0.7304	1	0	0.2538
6	2	3.799	1	1	-3.95
6	2	5.528	0	0	0.2534
6	2	0.5757	1	0	1.123
6	2	3.66	1	0	1.174
7	2	0.779	1	1	0.2345
7	2	0.823	0	0	-0.181
7	2	0.6391	0	0	1.394
7	2	0.7311	1	1	-0.3026
7	2	1.615	1	1	1.582
7	2	0.3989	1	0	0.9302
7	2	5.149	0	0	0.6039
7	2	3.596	1	1	0.4586
7	2	0.2954	0	0	-1.006
7	2	0.7369	0	1	-0.5253
7	2	4.96	0	0	-0.6542
7	2	0.8586	1	1	1.677
7	2	5.309	1	1	-0.3596
7	2	1.397	1	0	1.15
7	2	0.9549	1	0	0.2625
7	2	3.582	1	1	1.721
7	2	1.741	0	0	-0.5618
7	2	2.03	1	0	0.5945
7	2	2.081	1	0	1.429
7	2	2.082	0	0	1.178
7	2	3.698	1	1	0.5622
7	2	0.5615	1	0	-1.166
7	2	0.5456	0	0	2.731
7	2	5.246	1	0	1.735
7	2	0.4614	0	0	-0.6652
7	2	1.654	0	0	-3.609
7	2	5.091	0	0	0.2148
7	2	1.658	1	1	0.1048
7	2	5.673	0	0	0.7848
7	2	0.2592	0	0	-0.2435
7	2	3.461	0	0	0.8043
7	2	3.671	1	0	0.9668
7	2	5.581	0	0	-0.7779
7	2	5.422	1	1	0.5408
7	2	3.65	0	0	-0.4716
7	2	0.4969	1	0	-0.1309
7	2	1.923	0	0	-0.1358
7	2	3.185	0	0	-1.152
7	2	3.504	0	0	0.4692
7	2	0.1624	0	0	1.937
7	2	1.038	0	0	-1.148
7	2	5.352	1	0	-0.5701
7	2	0.4538	0	0	1.002
7	2	4.997	0	0	-1.172
7	2	1.681	1	0	1.561
7	2	0.8608	0	0	-0.9362
7	2	3.778	0	0	-1.199
7	2	0.6024	1	0	0.05641
7	2	3.907	1	0	-0.7668
7	2	0.3231	1	0	0.1366
8	2	3.948	1	1	0.5861
8	2	3.748	0	0	1.252
8	2	3.645	0	0	-0.212
8	2	0.8926	1	1	-0.7816
8	2	0.8245	0	1	-0.5212
8	2	0.2768	0	0	0.31
8	2	3.244	0	0	0.1539
8	2	0.9297	1	0	0.3084
8	2	0.2941	1	0	-0.3919
8	2	0.7831	1	0	-1.933
8	2	0.1564	0	0	-1.123
8	2	5.281	1	1	-0.6463
8	2	5.459	0	0	0.4233
8	2	3.331	1	1	2.003
8	2	1.464	0	0	0.7018
8	2	0.8947	0	0	-3.051
8	2	0.8489	1	1	0.258
8	2	2.2	1	0	-0.4623
8	2	5.196	1	1	-0.3369
8	2	0.1463	1	0	0.1038
8	2	1.837	0	1	-1.163
8	2	1.892	1	0	1.191
8	2	5.295	1	1	-0.7674
8	2	0.177	1	0	0.7582
8	2	0.7484	0	0	0.63
8	2	3.682	0	0	0.7078
8	2	5.556	0	1	0.7696
8	2	3.558	1	1	0.5011
8	2	5.169	0	0	-0.002843
8	2	0.499	0	0	0.1877
8	2	5.575	0	0	1.096
8	2	1.416	1	1	1.965
8	2	3.433	0	0	-0.8399
8	2	5.675	0	1	0.4108
8	2	1.773	1	0	-0.5178
8	2	0.6376	1	0	-0.7721
8	2	3.198	1	0	0.4054
8	2	0.2234	1	1	0.7739
8	2	1.888	0	0	2.618
8	2	1.647	0	0	-1.389
8	2	5.418	0	0	-0.0494
8	2	3.605	1	0	-1.827
8	2	2.215	0	0	-0.5839
8	2	1.662	0	1	0.9749
8	2	5.319	1	0	-0.6759
8	2	0.6422	1	1	0.6633
8	2	0.3422	1	0	0.4187
8	2	0.7522	0	1	-0.7333
8	2	0.9902	1	0	1.677
8	2	0.4206	0	1	0.5589
9	2	1.824	0	0	0.7412
9	2	0.479	0	1	-0.4879
9	2	0.306	1	1	0.4877
9	2	1.834	1	1	0.6078
9	2	0.8966	0	0	2.118
9	2	0.4863	0	0	0.05931
9	2	5.433	1	1	-0.8796
9	2	2.087	1	1	-1.495
9	2	6.038	1	1	-0.1624
9	2	0.5175	1	0	-0.1779
9	2	5.311	0	0	-1.212
9	2	3.479	0	0	-0.8209
9	2	0.21	1	1	0.5776
9	2	3.395	0	0	-0.06552
9	2	0.9292	1	1	0.2222
9	2	5.553	1	1	0.4872
9	2	3.67	1	1	-0.5979
9	2	4.892	1	1	-0.1944
9	2	1.504	1	1	-0.8754
9	2	3.48	0	0	-0.4798
9	2	0.4753	0	1	-1.595
9	2	1.933	1	0	0.007183
9	2	0.7653	0	0	-0.8125
9	2	5.482	0	0	1.242
9	2	0.8801	0	1	1.256
9	2	0.9841	0	0	0.2432
9	2	5.232	1	1	-0.009954
9	2	5.297	0	0	0.1991
9	2	0.6444	1	1	-1.147
9	2	0.2327	0	0	0.8424
9	2	0.6411	1	1	-0.5529
9	2	3.754	0	1	0.4111
9	2	0.8072	1	1	1.003
9	2	1.682	0	0	-0.5261
9	2	0.6957	0	0	0.3353
9	2	0.5323	0	1	-0.0932
9	2	5.279	0	0	-0.5242
9	2	3.446	1	1	-0.241
9	2	1.612	1	1	-0.3055
9	2	1.023	1	1	-0.006007
9	2	3.731	0	0	-0.6262
9	2	3.669	0	0	-2.078
9	2	1.319	0	0	-1.684
9	2	2.051	1	1	-0.8062
9	2	0.9585	1	1	1.247
9	2	3.003	0	0	-0.6441
9	2	2.062	1	1	0.2526
9	2	0.2509	1	1	0.5547
9	2	3.589	0	0	-0.8825
9	2	5.394	1	1	-0.571
10	3	1.047	0	1	1.212
10	3	5.434	0	0	-0.6853
10	3	5.098	0	0	-1.554
10	3	3.607	1	1	-0.2451
10	3	1.226	0	0	-0.4189
10	3	0.4898	1	1	-0.1311
10	3	0.5633	0	0	0.813
10	3	2.029	0	1	-0.6231
10	3	3.679	1	1	-1.172
10	3	3.754	1	1	-1.16
10	3	5.413	1	1	-0.3442
10	3	0.955	1	0	0.6696
10	3	3.495	1	0	-1.317
10	3	1.753	0	0	-0.9386
10	3	0.688	1	1	-0.2036
10	3	1.21	1	0	0.3225
10	3	5.58	0	0	-1.729
10	3	3.422	1	0	1.415
10	3	0.7373	1	0	-1.654
10	3	1.934	0	1	-1.395
10	3	0.6405	0	1	0.9494
10	3	5.202	0	0	-0.1966
10	3	0.9539	0	1	2.594
10	3	3.302	1	1	-1.727
10	3	3.833	1	0	-0.2511
10	3	2.039	1	1	-0.6866
10	3	1.576	0	0	-0.06095
10	3	3.886	1	1	0.5011
10	3	0.8538	0	1	0.1578
10	3	1.564	0	0	-0.7234
10	3	5.27	0	0	-0.6975
10	3	0.1291	0	1	1.592
10	3	0.8837	1	1	0.5433
10	3	1.223	1	1	-0.5119
10	3	5.359	1	1	0.5743
10	3	0.678	0	0	-0.6348
10	3	3.652	1	1	-1.381
10	3	3.494	0	0	0.6971
10	3	1.746	0	1	1.99
10	3	0.3699	1	1	1.178
10	3	5.548	1	1	1.968
10	3	1.063	1	0	-2.605
10	3	0.5656	0	0	-0.7217
10	3	5.367	1	0	0.565
10	3	5.459	0	0	0.09054
10	3	1.933	0	0	-0.52
10	3	1.689	1	1	0.2686
10	3	1.532	0	0	-0.4276
10	3	0.9381	0	0	-0.3763
10	3	0.5877	1	0	0.9569
11	3	5.414	0	1	0.8095
11	3	5.554	1	1	-0.5673
11	3	1.677	0	0	-1.114
11	3	0.7059	1	0	-0.8914
11	3	2.107	0	0	-1.537
11	3	1.928	0	0	0.3228
11	3	2.035	1	1	-8.078e-05
11	3	3.737	0	0	-0.2112
11	3	1.628	1	1	1.184
11	3	5.439	0	0	-1.49
11	3	3.574	1	0	-0.7337
11	3	5.316	1	1	-1.401
11	3	4.194	1	1	-0.2126
11	3	0.5498	1	0	-0.2951
11	3	1.856	1	0	1.54
11	3	0.5907	0	0	-1.089
11	3	0.4653	1	1	2.578
11	3	1.393	0	0	0.3836
11	3	1.416	0	0	0.1412
11	3	0.3281	1	0	1.483
11	3	3.453	0	0	-1.559
11	3	1.466	1	1	-0.4429
11	3	3.506	1	0	-0.5662
11	3	0.7261	1	0	-1.274
11	3	1.538	1	0	-1.221
11	3	0.7693	0	0	0.1143
11	3	0.2516	0	1	0.5989
11	3	0.509	0	0	1.963
11	3	1.881	0	0	-0.2498
11	3	0.4679	0	1	0.6813
11	3	0.6664	0	0	-0.1672
11	3	3.291	1	1	0.06295
11	3	3.927	1	1	0.3822
11	3	5.331	1	1	0.4528
11	3	3.515	1	0	-0.1054
11	3	5.205	1	1	0.4484
11	3	1.035	0	0	-0.2617
11	3	1.023	0	0	0.7012
11	3	0.8292	1	0	0.861
11	3	0.649	1	1	-1.067
11	3	1.098	0	0	-0.1384
11	3	0.938	1	1	-0.5307
11	3	3.311	0	0	-1.104
11	3	5.355	0	0	-0.6765
11	3	0.7249	0	1	-1.421
11	3	1.189	0	1	-1.821
11	3	5.449	0	0	0.1949
11	3	5.561	1	1	-0.5534
11	3	3.337	1	1	-0.2597
11	3	5.348	0	0	0.1447
12	3	0.419	1	1	1.065
12	3	5.202	0	0	0.1832
12	3	5.016	0	0	-0.1343
12	3	5.433	0	0	-0.3928
12	3	0.7674	1	0	-0.04641
12	3	1.702	1	0	-0.2034
12	3	3.848	0	1	-1.431
12	3	3.388	0	0	-0.9203
12	3	1.674	1	0	-0.5568
12	3	0.4538	1	0	-1.6
12	3	0.2163	0	0	-0.874
12	3	1.924	0	0	-0.6541
12	3	1.282	1	0	0.1056
12	3	5.522	0	0	-0.2153
12	3	0.9549	1	0	-0.00505
12	3	3.75	0	0	-0.2646
12	3	0.7962	0	1	0.3376
12	3	3.336	0	0	-0.2754
12	3	0.6174	1	0	-1.615
12	3	0.5093	0	1	-0.06342
12	3	0.06931	0	0	-4.585
12	3	3.205	0	1	0.197
12	3	1.076	0	0	-0.4265
12	3	0.03082	0	1	-0.9182
12	3	1.231	0	1	-2.569
12	3	5.199	0	1	-2.501
12	3	5.268	1	1	-0.0174
12	3	5.767	1	1	-0.07655
12	3	5.315	0	0	0.1703
12	3	1.992	1	1	-0.2071
12	3	3.656	1	1	-0.007845
12	3	0.5344	1	1	-0.8684
12	3	2.007	1	1	0.439
12	3	0.5666	1	1	-0.864
12	3	1.965	1	1	-0.5946
12	3	5.265	0	0	-0.7745
12	3	1.849	1	1	0.001061
12	3	3.341	1	1	0.4791
12	3	0.3915	0	0	0.1293
12	3	1.889	1	1	-1.841
12	3	1.142	1	0	-1.112
12	3	3.473	1	1	-2.051
13	3	0.4932	1	0	1.8
13	3	1.985	0	1	1.155
13	3	5.286	1	1	1.115
13	3	0.5565	1	0	0.04096
13	3	1.752	1	1	0.02166
13	3	1.016	0	1	0.2213
13	3	0.7412	1	0	-0.1684
13	3	1.892	0	0	0.47
13	3	3.687	0	0	1.623
13	3	0.5045	1	1	0.8581
13	3	3.676	0	0	0.3771
13	3	5.314	0	0	2.223
13	3	1.586	1	0	-0.8632
13	3	0.1595	1	0	-0.3844
13	3	5.61	1	0	1.216
13	3	1.862	0	1	2.028
13	3	5.499	0	0	-1.23
13	3	3.3	1	0	-0.8302
13	3	3.74	0	0	-0.7417
13	3	3.405	0	0	0.1364
13	3	2.031	0	0	-1.191
13	3	0.744	0	0	0.5744
13	3	3.505	0	0	-0.1651
13	3	0.6	1	0	0.06101
13	3	3.636	1	1	0.7627
13	3	5.098	1	0	0.3301
13	3	5.533	1	1	-0.4516
13	3	1.938	0	0	-0.2029
13	3	5.108	0	0	1.856
13	3	0.8088	1	1	-1.036
13	3	0.9882	0	0	-0.05926
13	3	0.2432	1	0	0.3005
13	3	5.402	0	0	0.6204
13	3	0.6005	0	0	1.358
13	3	5.221	0	0	1.635
13	3	0.3612	0	1	1.267
13	3	1.608	0	1	-0.3984
13	3	1.996	1	1	0.1005
13	3	0.9233	1	0	-0.2459
13	3	2.024	0	0	0.989
13	3	0.8738	1	1	0.462
13	3	3.493	1	1	-0.06245
13	3	0.1288	0	0	0.08721
13	3	0.7563	1	0	0.6992
13	3	3.219	1	0	1.675
13	3	5.408	1	1	0.1673
13	3	0.3156	0	0	0.08304
13	3	0.09843	1	1	0.0591
13	3	3.817	1	1	0.6567
13	3	0.3332	0	0	-2.607
14	3	0.7613	0	0	2.181
14	3	0.3435	0	1	1.777
14	3	5.499	1	1	2.089
14	3	0.1961	1	1	1.597
14	3	3.332	1	1	0.6781
14	3	0.2794	1	0	0.8873
14	3	2.099	1	1	-0.2662
14	3	5.612	0	0	-1.821
14	3	1.027	0	0	-0.1769
14	3	1.636	1	1	-1.079
14	3	1.084	0	0	0.5009
14	3	0.4058	1	1	0.5037
14	3	0.1487	1	0	-0.638
14	3	0.8024	1	0	-0.1519
14	3	1.252	0	0	0.7699
14	3	0.586	0	1	0.01526
14	3	0.3799	1	0	0.5814
14	3	5.725	0	0	0.6419
14	3	0.3797	1	1	2.34
14	3	5.444	0	0	-0.2406
14	3	1.706	1	1	0.2357
14	3	0.5926	0	0	0.4977
14	3	0.7788	0	0	1.483
14	3	5.439	0	0	-1.083
14	3	3.66	0	0	0.8205
14	3	5.444	0	0	-1.191
14	3	2.115	1	1	-0.5653
14	3	3.461	0	0	-0.002819
14	3	1.441	0	0	0.4234
14	3	0.8509	1	1	-0.08683
14	3	1.768	0	0	-0.3438
14	3	1.854	0	1	0.4182
14	3	1.012	1	1	0.03137
14	3	3.794	0	0	0.4148
14	3	0.2905	1	1	0.7909
14	3	0.8674	1	0	0.1307
14	3	0.8411	1	1	0.8005
14	3	3.671	1	1	-0.6944
14	3	1.506	0	1	1.083
14	3	5.178	1	1	-0.874
14	3	0.1906	1	1	-0.7492
14	3	1.729	1	1	0.1936
14	3	3.792	1	1	-0.7809
14	3	3.709	0	0	-2.977
14	3	5.321	1	1	-0.3549
14	3	3.483	0	1	-0.6901
14	3	3.559	0	0	-0.4638
14	3	5.555	0	0	0.2098
14	3	4.163	1	1	-0.8158
14	3	5.257	1	1	-0.7206
15	3	0.5173	1	1	0.8594
15	3	5.701	0	0	-0.4564
15	3	0.9338	0	0	-0.3125
15	3	0.6002	1	1	-0.3176
15	3	0.3243	1	0	0.2438
15	3	1.027	1	0	0.3304
15	3	3.587	0	1	-0.155
15	3	5.28	1	1	-0.1904
15	3	0.8463	0	0	0.8708
15	3	1.918	0	0	-0.5459
15	3	5.378	1	1	0.8774
15	3	1.43	0	1	0.109
15	3	0.6375	1	0	0.2431
15	3	1.659	0	0	-0.8101
15	3	5.312	1	1	-1.308
15	3	5.7	0	0	1.79
15	3	2.395	0	0	-0.4178
15	3	2.06	0	0	-2.578
15	3	1.038	1	0	-0.9496
15	3	3.696	0	0	0.3678
15	3	1.115	0	0	-0.09586
15	3	0.3351	0	1	0.02532
15	3	3.451	1	1	-0.7381
15	3	5.085	0	0	0.07398
15	3	1.114	0	0	0.6258
15	3	3.597	1	1	0.8485
15	3	3.693	1	1	-0.211
15	3	1.564	1	1	0.2113
15	3	3.746	1	1	-1.561
15	3	0.231	1	0	-1.04
15	3	1.686	1	1	0.8947
15	3	3.763	1	1	1.215
15	3	0.105	0	0	-1.452
15	3	0.7788	0	1	0.4629
15	3	3.646	1	1	-0.5185
15	3	1.615	1	1	0.4238
15	3	3.761	0	0	0.814
15	3	0.954	1	1	-0.7709
15	3	5.404	0	0	-0.4803
15	3	5.281	1	1	0.0795
15	3	5.188	1	1	-0.7613
15	3	0.485	0	1	0.7596
15	3	1.867	0	0	1.163
15	3	0.6005	0	0	-0.5947
15	3	2.013	1	0	-2.752
15	3	5.423	0	0	-0.5519
15	3	0.3457	0	1	0.6087
15	3	0.7026	0	0	-0.8802
15	3	1.679	0	1	-0.5486
15	3	3.356	1	1	0.1173
16	3	0.4186	0	1	-0.1299
16	3	1.79	0	0	-1.67
16	3	0.4887	0	1	0.06075
16	3	5.235	1	1	0.8012
16	3	0.6698	1	0	0.8754
16	3	1.068	0	0	-0.09899
16	3	3.545	0	1	0.3381
16	3	0.06964	0	0	0.4585
16	3	3.452	1	0	1.235
16	3	5.271	0	0	-4.706
16	3	1.002	0	0	-2.097
16	3	0.2727	0	0	0.9926
16	3	3.819	1	1	0.2794
16	3	5.632	1	1	0.6102
16	3	1.938	1	0	-0.5155
16	3	3.77	1	0	0.7529
16	3	0.3731	0	1	-0.03134
16	3	3.646	0	0	-1.5
16	3	0.43	0	0	-0.188
16	3	1.276	1	1	1.187
16	3	5.556	1	1	-0.8619
16	3	3.438	0	1	0.8653
16	3	0.6959	1	1	0.2779
16	3	1.51	0	1	-1.327
16	3	0.3886	0	0	-0.8348
16	3	1.888	1	0	2.329
16	3	1.255	0	0	0.2692
16	3	1.144	1	1	-0.5941
16	3	5.376	1	1	0.6946
16	3	0.5297	1	0	-0.5089
16	3	1.762	0	0	0.9718
16	3	1.457	1	1	1.882
16	3	5.169	1	1	1.13
16	3	3.858	0	0	-0.4902
16	3	0.7141	1	1	-1.408
16	3	5.476	0	0	1.093
16	3	1.558	1	1	-2.381
16	3	1.059	0	0	-0.4507
16	3	3.625	0	1	-0.1765
16	3	5.245	0	0	-0.4051
16	3	0.3433	1	1	0.4185
16	3	1.921	1	1	1.593
16	3	3.898	0	0	0.3998
16	3	0.9123	0	1	1.143
16	3	5.142	0	0	-0.4637
16	3	5.142	0	0	1.188
16	3	1.891	1	0	-0.2789
16	3	3.542	0	0	-0.6344
16	3	0.5461	1	1	0.09635
16	3	2.289	1	1	-1.55
17	3	1.073	0	1	0.0166
17	3	0.5086	1	0	-0.6018
17	3	3.556	1	1	0.8674
17	3	1.807	0	1	0.1972
17	3	1.772	0	0	0.9974
17	3	0.6757	1	0	2.454
17	3	5.091	0	0	0.07447
17	3	1.677	0	0	0.9605
17	3	3.904	0	0	0.975
17	3	1.107	1	1	0.9483
17	3	0.876	1	1	-0.2943
17	3	0.8899	0	1	1.142
17	3	5.503	0	0	-0.4917
17	3	5.457	0	0	0.6559
17	3	3.744	1	0	0.7496
17	3	0.105	1	1	-0.2066
17	3	2.081	1	1	1.16
17	3	5.299	0	0	-0.6648
17	3	3.734	0	1	0.1951
17	3	0.6205	0	0	0.1731
17	3	0.6659	0	0	0.1891
17	3	0.3777	1	1	1.33
17	3	5.513	0	0	0.3035
17	3	0.6253	1	0	-1.232
17	3	1.699	1	0	0.4256
17	3	3.581	1	1	0.5699
17	3	0.7141	1	1	0.1739
17	3	0.6088	1	1	0.9598
17	3	0.4879	0	0	-0.3726
17	3	1.003	1	0	0.7805
17	3	5.409	1	1	1.094
17	3	3.66	0	0	-0.505
17	3	5.485	1	1	0.3565
17	3	1.86	1	0	0.2552
17	3	5.302	1	1	-0.4983
17	3	0.9689	1	1	0.1101
17	3	3.681	0	0	-1.753
17	3	1.4	0	0	1.121
17	3	0.379	0	1	-1.573
17	3	2.077	1	1	0.5515
17	3	0.3871	0	0	-0.204
17	3	1.114	1	0	-0.3721
17	3	3.461	0	0	-0.8543
17	3	3.622	0	0	-0.3655
17	3	0.6724	1	0	0.6338
17	3	2.18	0	0	1.013
17	3	3.533	1	1	-0.01208
17	3	1.67	0	1	0.1239
17	3	5.362	0	0	-1.265
17	3	5.408	1	1	1.307
18	3	1.768	1	1	0.4767
18	3	3.699	1	1	-0.3234
18	3	0.5794	1	1	0.202
18	3	2.002	1	1	-0.597
18	3	3.319	1	0	-0.2442
18	3	1.965	1	1	0.7251
18	3	1.777	0	0	0.08853
18	3	1.847	0	0	0.8005
18	3	5.676	0	0	0.5005
18	3	5.053	1	1	-0.5929
18	3	0.7382	0	1	0.07756
18	3	0.2161	0	0	-2.727
18	3	5.042	0	0	0.9937
18	3	0.6448	1	1	-0.0145
18	3	3.564	1	1	-0.4641
18	3	1.937	0	1	-0.8896
18	3	0.696	0	0	-0.5598
18	3	0.7283	1	0	-0.1279
18	3	3.65	1	1	0.2071
18	3	4.17	0	0	-0.4948
18	3	2.162	1	1	-0.08816
18	3	1.078	0	1	0.1189
18	3	5.213	1	1	1.163
18	3	5.487	1	1	-0.8133
18	3	0.8801	0	0	-0.4976
18	3	0.4097	1	1	-0.2055
18	3	3.447	0	0	0.4806
18	3	1.713	0	1	0.7192
18	3	0.7897	1	0	1.094
18	3	5.228	0	0	-0.1012
18	3	1.894	1	1	-0.01305
18	3	0.4617	0	0	-0.2334
18	3	4.021	0	0	-0.4948
18	3	1.838	1	1	0.3028
18	3	3.659	1	1	0.1844
18	3	0.3391	1	1	0.05602
18	3	0.2227	0	1	-1.14
18	3	0.756	0	0	-0.9418
18	3	0.6069	0	1	-0.3529
18	3	5.491	0	0	0.7034
18	3	0.4769	1	1	-0.3992
18	3	5.666	1	0	0.09678
18	3	0.7564	1	1	-0.2276
18	3	3.49	0	0	0.1484
18	3	5.392	0	0	-0.8041
18	3	1.03	0	1	-0.1276
18	3	3.321	1	1	-0.7125
18	3	5.312	1	1	-0.6902
18	3	0.8386	0	1	1.015
18	3	1.128	1	0	-0.1371
19	3	5.561	1	1	-0.6656
19	3	5.07	0	0	0.5644
19	3	5.342	1	1	-1.819
19	3	0.2827	1	1	-1.725
19	3	3.167	1	1	0.07256
19	3	1.271	1	1	-1.849
19	3	0.3262	0	0	1.916
19	3	1.712	1	1	-2.479
19	3	0.6038	0	0	-0.6686
19	3	0.546	0	1	-0.8382
19	3	1.837	1	1	0.2179
19	3	1.887	1	1	-0.09408
19	3	0.6595	1	0	-0.1448
19	3	5.255	0	0	-0.5656
19	3	0.9002	0	0	0.8815
19	3	3.416	1	1	-0.3406
19	3	3.963	1	1	-0.2764
19	3	1.855	0	0	0.7798
19	3	0.5009	0	1	-0.3121
19	3	1.682	1	1	0.1017
19	3	1.383	1	0	-0.7816
19	3	1.221	0	0	-0.5129
19	3	0.6403	1	0	-0.1528
19	3	3.726	1	0	1.783
19	3	3.321	0	0	-0.8065
19	3	1.002	1	1	0.4886
19	3	0.6552	1	1	-0.04758
19	3	3.592	1	1	0.1994
19	3	3.575	1	1	-0.1308
19	3	3.277	0	0	-1.133
19	3	5.724	1	1	-0.1735
19	3	0.5753	0	1	-0.7104
19	3	0.4356	0	1	-0.9346
19	3	0.4112	1	0	-0.3065
19	3	0.5069	0	0	0.2746
19	3	5.599	0	0	0.303
19	3	3.227	0	0	0.1566
19	3	1.902	0	0	0.1476
19	3	0.2996	0	1	-0.1443
19	3	3.598	1	0	-0.5656
19	3	5.478	1	1	0.1346
19	3	0.7258	0	1	-0.05815
19	3	0.2588	0	0	0.9486
19	3	1.761	0	0	0.1416
19	3	2.006	0	0	0.771
19	3	5.518	0	0	-1.148
19	3	1.276	1	1	-1.078
19	3	5.28	0	0	0.2326
19	3	5.348	1	1	-2.361
19	3	1.859	1	1	1.544
20	4	5.311	1	1	2.166
20	4	1.543	1	0	-0.1831
20	4	1.138	0	1	-0.5275
20	4	1.495	0	1	-0.6632
20	4	0.7195	1	1	0.06533
20	4	1.886	0	0	0.151
20	4	1.967	0	1	-0.4433
20	4	0.7227	1	1	-1.21
20	4	3.181	0	0	1.115
20	4	1.053	1	1	-1.503
20	4	3.538	1	1	-0.1962
20	4	0.8495	0	0	0.1896
20	4	0.4789	1	1	-1.337
20	4	0.2293	1	1	-0.3684
20	4	2.113	1	1	-0.1821
20	4	1.562	0	0	-1.205
20	4	5.675	0	0	0.03717
20	4	1.959	1	1	-0.8082
20	4	1.267	1	1	3.72
20	4	2.076	1	1	-1.564
20	4	5.304	1	1	-0.08527
20	4	0.3071	1	1	-0.1701
20	4	0.8169	0	0	-1.473
20	4	3.418	1	1	-0.6953
20	4	5.302	0	0	0.1323
20	4	3.77	0	1	0.3033
20	4	5.321	0	0	1.047
20	4	5.475	1	1	-0.3496
20	4	0.1546	1	1	-0.2248
20	4	0.8619	0	1	-0.521
20	4	0.5887	0	1	-1.12
20	4	3.754	0	0	-1.53
20	4	5.298	0	0	-0.4615
20	4	5.465	0	0	0.4261
20	4	3.389	0	0	-2.534
20	4	5.122	0	0	-1.14
20	4	0.6953	1	1	-0.202
20	4	5.333	0	0	-0.7275
20	4	0.7939	1	0	-0.9859
20	4	1.201	0	0	-0.9676
20	4	3.997	0	0	-1.651
20	4	3.424	1	0	-0.06799
20	4	1.806	1	1	1.274
20	4	0.3369	0	1	-1.53
20	4	0.5361	1	0	-1.096
20	4	0.8755	0	0	-0.3675
20	4	3.857	1	1	1.983
20	4	0.9821	1	1	1.059
20	4	3.633	0	0	1.408
20	4	1.873	0	1	0.2589
21	4	1.719	0	1	0.8017
21	4	5.382	0	0	0.6952
21	4	0.8288	1	0	1.905
21	4	3.883	0	0	-1.214
21	4	0.5826	1	1	2.313
21	4	3.301	1	1	0.3014
21	4	3.67	0	0	-0.179
21	4	5.308	1	1	0.2739
21	4	0.1649	0	0	-0.8592
21	4	1.886	1	1	-0.07781
21	4	5.104	0	0	-2.572
21	4	0.1621	1	1	0.5441
21	4	0.8203	0	0	-0.2431
21	4	5.618	1	1	0.4172
21	4	0.7111	0	1	-1.276
21	4	3.544	0	0	0.7242
21	4	3.507	0	0	-0.8046
21	4	1.298	1	0	-0.735
21	4	5.253	0	0	0.3734
21	4	3.369	0	0	-1.131
21	4	0.687	0	0	-0.167
21	4	1.823	0	0	-1.526
21	4	3.579	1	0	1.138
21	4	1.892	0	0	1.392
21	4	5.368	0	0	-2.006
21	4	1.984	0	0	1.393
21	4	0.9941	1	1	0.4423
21	4	0.8419	0	1	2.167
21	4	1.789	0	1	-0.8554
21	4	1.339	1	1	0.7283
21	4	0.3492	1	0	0.842
21	4	3.748	0	0	-0.2876
21	4	0.186	0	0	-1.372
21	4	1.247	0	0	0.1446
21	4	0.7415	0	0	0.8578
21	4	1.871	0	1	1.179
21	4	3.722	1	1	-0.08159
21	4	0.2245	1	0	-0.3562
21	4	5.32	1	1	-0.2489
21	4	0.6131	1	0	-2.597
21	4	5.314	1	1	0.6292
21	4	3.626	1	1	0.2201
21	4	0.8602	1	1	-0.7789
21	4	1.766	1	0	2.067
21	4	5.341	0	0	-0.1205
21	4	5.381	1	0	0.8463
21	4	0.6367	1	1	0.1594
21	4	1.467	1	0	0.6445
21	4	0.9156	1	1	0.4066
21	4	0.5947	1	1	-0.09859
22	4	1.028	1	1	1.828
22	4	5.331	1	1	0.8
22	4	0.4365	1	1	-0.07291
22	4	0.8278	1	0	0.3898
22	4	1.797	0	0	1.013
22	4	1.013	1	0	-1.673
22	4	1.825	0	1	2.1
22	4	5.626	1	1	-0.9233
22	4	0.561	0	0	0.1563
22	4	5.455	1	1	1.138
22	4	1.827	0	0	-0.5177
22	4	0.805	0	0	0.1318
22	4	1.717	1	1	-0.9842
22	4	3.265	1	0	-1.274
22	4	5.074	0	0	-1.397
22	4	3.727	1	0	0.05517
22	4	3.442	1	0	-2.25
22	4	0.387	1	1	0.871
22	4	0.7256	0	0	-0.7988
22	4	0.6303	0	0	-1.272
22	4	1.92	0	0	-1.837
22	4	3.477	0	0	2.477
22	4	3.603	0	0	-2.075
22	4	5.555	0	0	0.6267
22	4	5.71	1	0	1.4
22	4	3.645	0	0	0.06381
22	4	0.3288	1	1	1.377
22	4	0.8151	0	0	1.095
22	4	0.2942	1	1	0.09656
22	4	1.81	1	1	0.03468
22	4	0.2699	1	0	0.21
22	4	0.8066	0	0	0.5248
22	4	0.5926	0	0	-0.7899
22	4	1.983	0	0	-0.6293
22	4	1.868	1	0	0.3294
22	4	3.381	1	0	-0.8287
22	4	1.8	1	0	-0.3275
22	4	5.03	0	0	-1.164
22	4	3.31	0	0	1.176
22	4	5.518	1	1	0.8731
22	4	5.185	0	0	0.8664
22	4	3.452	0	0	-1.436
22	4	1.02	0	0	0.3554
22	4	5.492	0	0	0.17
22	4	3.463	0	0	-0.1391
22	4	0.7057	1	0	0.6329
22	4	0.9456	0	0	-3.03
22	4	1.836	1	0	1.409
22	4	0.4661	1	1	-0.1593
22	4	0.2746	0	0	-0.3092
23	4	2.013	0	0	-0.1384
23	4	0.3434	0	1	0.06353
23	4	3.881	0	0	1.362
23	4	3.737	0	0	1.825
23	4	5.482	1	0	-1.059
23	4	3.3	1	1	0.6208
23	4	0.2429	0	0	-0.8132
23	4	1.945	1	0	0.3003
23	4	1.364	1	1	-0.1569
23	4	0.7964	1	1	-1.569
23	4	3.604	0	0	0.6977
23	4	1.933	1	1	-1.032
23	4	3.622	1	1	1.041
23	4	1.635	1	0	-0.2282
23	4	0.5889	1	0	1.328
23	4	0.2165	0	0	-0.8096
23	4	0.3362	1	0	0.5306
23	4	0.6884	0	0	0.3481
23	4	3.847	0	0	1.136
23	4	5.585	1	1	0.8106
23	4	5.463	1	0	0.8007
23	4	1.934	1	1	0.9542
23	4	0.3295	0	0	-1.247
23	4	3.691	0	0	-0.226
23	4	5.767	0	0	1.141
23	4	0.7583	0	0	1.65
23	4	0.4129	1	0	-2.058
23	4	5.436	1	0	0.3617
23	4	5.439	0	0	-2.106
23	4	0.1537	1	1	-0.8336
23	4	0.5977	0	0	-0.7514
23	4	0.7037	1	1	0.2547
23	4	0.8919	0	0	0.1815
23	4	3.686	0	0	0.2747
23	4	1.701	1	0	0.09689
23	4	0.8601	0	0	1.24
23	4	5.376	0	0	-0.3481
23	4	5.567	0	0	0.1831
23	4	1.908	1	0	-0.6735
23	4	1.876	1	1	1.592
23	4	1.845	0	0	0.5046
23	4	5.574	1	1	1.508
23	4	1.687	1	1	-0.06016
23	4	3.169	1	1	-0.3367
23	4	0.9203	0	1	-0.7472
23	4	0.5791	0	0	-1.021
23	4	0.3264	1	0	0.3661
23	4	3.559	1	1	-0.1342
23	4	1.208	0	0	-0.1685
23	4	5.116	0	0	-1.05
24	4	5.497	0	0	-0.1702
24	4	1.923	1	0	0.3488
24	4	0.3036	0	0	1.567
24	4	0.4707	0	0	-0.3853
24	4	5.157	0	0	0.7554
24	4	3.551	1	1	0.4853
24	4	1.841	1	0	1.192
24	4	3.682	0	0	0.5776
24	4	2.049	0	0	0.9219
24	4	5.599	0	0	-0.04782
24	4	1.716	1	0	-0.6618
24	4	1.741	0	0	1.818
24	4	0.52	0	0	1.177
24	4	1.755	1	0	-1.059
24	4	0.5545	1	0	1.594
24	4	0.2335	0	0	-0.08666
24	4	1.011	1	0	0.04688
24	4	0.6619	1	0	-2.225
24	4	5.905	1	0	0.5563
24	4	0.637	1	0	0.6575
24	4	5.566	0	0	-0.6957
24	4	3.759	1	0	1.901
24	4	1.906	1	1	0.5149
24	4	0.1292	0	1	0.3262
24	4	0.8761	1	1	0.3243
24	4	1.084	1	0	0.06445
24	4	1.218	1	0	0.1115
24	4	5.697	0	0	-2.631
24	4	1.884	1	1	1.25
24	4	0.381	1	0	-1.032
24	4	3.541	1	0	-0.3091
24	4	1.951	0	1	-0.8879
24	4	0.8195	0	0	-1.052
24	4	3.492	0	0	-1.442
24	4	1.251	0	0	-1.001
24	4	5.424	0	0	-3.509
24	4	0.4957	1	0	0.01914
24	4	3.722	0	0	-3.577
24	4	1.891	1	0	0.3204
24	4	3.705	1	0	-0.8427
24	4	0.4827	0	0	-2.338
24	4	3.684	0	0	-0.7366
24	4	3.55	1	0	-2.049
24	4	5.646	1	0	-0.3003
24	4	3.453	0	0	-3.188
24	4	0.9503	1	0	0.2717
24	4	5.445	1	1	0.189
24	4	0.8232	0	0	0.09184
24	4	5.339	0	0	0.2088
24	4	0.7563	1	0	-1.548
25	4	3.427	1	1	1.109
25	4	0.3823	1	0	0.1813
25	4	2.025	1	1	-0.8898
25	4	5.731	1	0	-0.191
25	4	3.901	0	0	0.137
25	4	3.663	1	0	-0.7973
25	4	1.699	0	0	-0.9799
25	4	5.23	0	0	0.8767
25	4	5.18	1	1	1.652
25	4	0.2653	0	0	0.1709
25	4	1.605	0	0	0.04132
25	4	0.8971	0	0	-0.04261
25	4	0.9101	1	0	-0.2275
25	4	3.778	1	1	0.8806
25	4	5.548	0	0	-1.905
25	4	3.41	0	0	1.539
25	4	5.469	0	0	-0.932
25	4	0.8507	0	0	-0.8612
25	4	0.4653	1	1	-0.09433
25	4	0.801	0	0	1.825
25	4	0.5001	0	0	0.1219
25	4	3.611	0	0	-1.015
25	4	3.683	1	0	0.5445
25	4	0.562	1	1	-1.119
25	4	0.4837	0	0	-1.288
25	4	1.748	1	1	-0.1969
25	4	5.279	0	1	2.146
25	4	0.6673	1	0	1.004
25	4	1.779	0	0	0.06281
25	4	1.745	0	0	-0.464
25	4	0.5097	0	0	0.5584
25	4	0.6841	0	0	-0.1953
25	4	0.7416	0	0	-1.271
25	4	0.7768	1	1	-2.125
25	4	5.556	1	1	1.453
25	4	1.108	1	0	0.3889
25	4	1.793	0	0	2.768
25	4	3.582	1	0	-0.07604
25	4	5.552	1	1	-0.1347
25	4	1.377	1	1	0.06412
25	4	0.7979	1	1	-0.859
25	4	1.017	0	0	0.3094
25	4	0.77	1	1	0.5934
25	4	1.777	0	0	-0.7582
25	4	5.092	1	1	-0.1368
25	4	3.55	0	0	-0.5359
25	4	1.206	1	0	-0.2882
25	4	3.673	0	0	0.2768
25	4	5.717	0	0	-1.611
25	4	0.9825	1	0	0.7898
26	4	0.9777	0	0	1.398
26	4	0.39	1	1	1.117
26	4	0.7379	1	1	0.6694
26	4	3.484	0	1	-0.03057
26	4	1.074	1	0	-0.2196
26	4	0.3955	1	1	-0.7971
26	4	5.15	1	0	1.248
26	4	3.533	0	0	1.612
26	4	5.51	0	0	0.3119
26	4	1.721	1	0	0.321
26	4	3.413	1	0	0.9228
26	4	5.501	0	0	-1.623
26	4	3.961	0	0	1.016
26	4	0.4519	1	1	0.2988
26	4	0.3426	1	1	-0.2463
26	4	3.571	1	0	-0.2647
26	4	1.037	0	0	-0.0147
26	4	1.049	0	1	-0.3866
26	4	3.552	1	1	-0.8474
26	4	3.679	1	1	0.1988
26	4	3.67	1	1	0.2516
26	4	1.618	0	1	-0.2884
26	4	0.7626	1	0	-0.0576
26	4	1.933	1	1	-0.6783
26	4	0.7663	0	1	1.085
26	4	5.501	0	0	0.1852
26	4	1.664	1	1	-1.997
26	4	3.607	0	0	1.116
26	4	1.879	1	1	0.525
26	4	1.919	1	1	0.173
26	4	0.4316	1	0	-0.3547
26	4	5.212	0	0	-1.227
26	4	0.6054	0	0	-0.1261
26	4	0.3328	1	0	0.7841
26	4	1.911	0	0	0.1726
26	4	0.3032	0	0	-0.2487
26	4	1.945	1	0	1.67
26	4	0.985	0	0	-0.5159
26	4	1.663	0	0	-0.7329
26	4	0.627	1	0	1.21
26	4	2.035	0	0	0.674
26	4	5.218	1	1	1.307
26	4	3.316	1	1	0.3381
26	4	5.344	0	0	-2.316
26	4	0.4231	1	0	-2.654
26	4	0.7265	1	0	0.09117
26	4	5.246	0	0	-0.6287
26	4	0.696	0	0	1.167
26	4	5.356	0	0	-1.111
26	4	5.38	0	0	1.303
27	4	3.872	1	1	1.567
27	4	1.314	0	0	1.392
27	4	1.896	0	0	-1.308
27	4	3.46	0	0	-0.5085
27	4	0.3944	0	0	1.144
27	4	5.439	1	0	0.1703
27	4	3.653	0	0	-0.1109
27	4	1.914	1	1	1.218
27	4	1.691	0	1	-1.013
27	4	0.4561	0	0	-1.508
27	4	0.9848	1	0	0.2665
27	4	5.631	0	0	-1.025
27	4	0.8889	1	1	0.9612
27	4	1.377	1	1	1.418
27	4	1.101	1	0	0.2276
27	4	5.604	1	1	-0.1717
27	4	1.848	0	0	-0.257
27	4	0.8018	1	1	-0.913
27	4	1.857	0	0	-0.3574
27	4	3.537	0	1	0.162
27	4	0.3419	0	1	0.7681
27	4	5.472	0	0	0.3235
27	4	0.5135	1	0	-0.0667
27	4	0.9021	0	0	-1.693
27	4	5.968	1	1	0.801
27	4	5.437	0	0	-0.6671
27	4	5.559	1	1	-0.4563
27	4	0.392	0	1	0.4417
27	4	3.58	0	0	-0.3712
27	4	0.2631	0	1	-0.9158
27	4	0.3555	1	0	-0.04061
27	4	3.862	1	0	-1.867
27	4	5.457	0	0	0.839
27	4	1.991	0	1	2.12
27	4	3.675	0	0	-0.4069
27	4	1.749	0	0	-0.5306
27	4	3.595	1	1	-1.862
27	4	0.9624	1	1	0.05649
27	4	0.147	1	1	-0.6493
27	4	1.141	1	1	0.4329
27	4	0.7382	1	1	-0.5891
27	4	1.029	0	1	-1.088
27	4	0.6661	1	1	0.4513
27	4	1.866	0	1	-0.4116
27	4	5.156	1	0	-2.412
27	4	5.311	1	1	-0.06674
27	4	1.002	0	0	0.4173
27	4	0.5285	0	1	0.7954
27	4	3.721	1	0	0.8035
27	4	3.823	1	1	0.3968
28	4	3.516	1	1	0.711
28	4	0.2973	0	1	-0.3098
28	4	1.749	1	0	1.036
28	4	5.338	1	1	1.023
28	4	5.946	1	1	0.5945
28	4	0.7297	0	0	-1.857
28	4	5.534	0	0	0.4038
28	4	5.103	0	0	-1.571
28	4	1.763	1	1	-0.8752
28	4	3.519	0	0	-1.178
28	4	0.685	1	1	1.06
28	4	5.329	0	0	0.6845
28	4	5.243	0	0	0.09824
28	4	5.17	0	0	-0.05978
28	4	0.7732	1	1	0.3325
28	4	0.8044	1	0	-0.7015
28	4	3.49	1	1	0.8128
28	4	1.673	1	1	-2.009
28	4	3.494	0	0	-1.066
28	4	0.5671	1	1	0.4591
28	4	0.05451	1	1	-0.06238
28	4	3.822	0	0	-0.03565
28	4	0.0856	1	0	-0.128
28	4	3.54	0	0	0.7592
28	4	5.394	1	1	-0.04273
28	4	1.107	0	0	1.08
28	4	0.2232	0	0	1.973
28	4	5.166	1	1	0.751
28	4	0.3128	0	1	1.062
28	4	0.9517	0	1	0.4835
28	4	3.767	0	0	-2.171
28	4	0.5766	0	0	0.4301
28	4	1.012	1	0	-1.254
28	4	1.596	1	0	-0.6423
28	4	5.598	0	0	-0.1371
28	4	0.7114	1	0	-0.5282
28	4	0.5512	1	0	-0.8789
28	4	1.871	0	1	1.507
28	4	0.7287	0	0	-0.8764
28	4	1.851	0	1	0.3425
28	4	1.966	1	1	-0.7863
28	4	3.568	1	1	1.102
28	4	3.524	1	1	1.167
28	4	2.125	1	1	0.2228
28	4	0.5538	1	1	0.4116
28	4	1.371	0	0	0.1169
28	4	0.7084	0	0	-0.4833
28	4	3.632	1	1	0.9281
28	4	0.5534	0	0	0.1395
28	4	1.84	0	1	2.228
29	4	3.539	1	1	0.9362
29	4	3.857	1	1	-0.8532
29	4	2.202	1	1	0.02699
29	4	0.7696	0	1	0.5967
29	4	1.403	1	0	-1.72
29	4	0.9858	1	0	-0.6895
29	4	1.79	0	0	1.573
29	4	5.281	0	0	-0.1004
29	4	0.4245	1	0	-0.8568
29	4	3.47	0	1	0.3199
29	4	0.1452	1	0	-1.665
29	4	5.373	1	0	0.3561
29	4	0.5699	1	0	0.0571
29	4	0.8013	0	1	-1.577
29	4	5.173	0	1	-2.26
29	4	0.8465	1	0	-1.027
29	4	0.8159	0	0	-0.2843
29	4	5.271	0	0	-2.481
29	4	5.578	0	0	0.588
29	4	1.905	0	0	0.3823
29	4	3.309	1	0	0.6778
29	4	5.456	0	0	-0.7269
29	4	0.5334	1	1	0.962
29	4	1.691	0	1	1.622
29	4	5.384	1	1	-0.8782
29	4	5.373	1	1	0.6756
29	4	2.08	0	0	0.9288
29	4	1.045	1	1	0.08544
29	4	5.659	1	1	-0.2621
29	4	3.735	1	1	0.2324
29	4	1.905	1	0	1.956
29	4	0.6505	0	0	0.09686
29	4	0.7268	0	1	0.4249
29	4	3.818	1	1	-0.3071
29	4	0.6979	1	0	-0.08688
29	4	0.5162	1	0	-2.528
29	4	0.4433	0	0	0.1973
29	4	0.7471	0	0	0.9308
29	4	1.386	0	0	0.1684
29	4	0.7266	1	1	-1.376
29	4	1.986	0	0	-0.2126
29	4	3.512	1	1	0.9086
29	4	3.5	1	1	-0.8079
29	4	3.612	1	0	-0.1577
29	4	0.4337	0	1	0.7274
29	4	3.886	0	0	0.237
29	4	0.1678	1	0	1.334
29	4	5.611	0	0	0.1702
29	4	1.36	0	0	0.3544
29	4	1.07	0	1	-0.7745
30	5	1.675	1	1	0.914
30	5	1.688	0	1	0.5142
30	5	0.7181	0	0	0.3353
30	5	1.532	1	1	-2.34
30	5	5.412	1	1	-1.283
30	5	5.083	1	0	-1.509
30	5	3.532	0	0	0.8539
30	5	3.745	0	0	1.994
30	5	3.477	1	1	-0.3884
30	5	5.161	0	0	-0.6465
30	5	0.856	0	0	-0.05277
30	5	1.748	1	0	0.6656
30	5	0.451	0	0	-1.171
30	5	0.9293	0	0	-0.6852
30	5	5.442	1	1	-0.1611
30	5	1.077	1	1	0.2256
30	5	1.034	0	0	-0.4701
30	5	0.6992	1	0	-1.887
30	5	1.492	0	1	-0.09859
30	5	0.6565	0	0	-0.6194
30	5	0.3719	1	0	-0.6511
30	5	3.934	0	0	-0.1002
30	5	5.058	0	0	-0.6747
30	5	0.8861	1	0	0.6059
30	5	0.4038	1	1	-0.08964
30	5	0.9335	1	0	-0.1026
30	5	0.4948	1	0	-1.508
30	5	3.39	0	0	0.01553
30	5	5.415	0	1	-0.4384
30	5	5.648	1	1	-1.425
30	5	0.7145	0	0	-0.6241
30	5	3.501	1	1	-0.1791
30	5	3.256	0	0	-0.2402
30	5	3.677	0	0	-1.374
30	5	0.9694	1	1	0.5815
30	5	1.694	1	1	-1.297
30	5	1.998	0	0	-0.3774
30	5	4.004	0	0	-0.5415
30	5	3.53	0	0	-0.5489
30	5	1.552	1	1	0.5956
30	5	0.464	1	0	-0.8839
30	5	1.969	0	0	-0.01902
30	5	0.6781	0	0	-0.6716
30	5	0.835	0	1	0.9866
30	5	5.363	0	0	0.864
30	5	5.601	1	1	-0.6856
30	5	5.133	1	0	0.9914
30	5	0.6569	1	0	-0.7421
30	5	2.012	1	0	-1.136
30	5	0.4335	1	0	-0.7204
31	5	1.463	1	0	2.507
31	5	4.937	0	0	0.6294
31	5	3.858	1	1	0.2586
31	5	5.199	0	0	-0.4749
31	5	0.9254	1	0	-1.381
31	5	0.9777	1	1	-3.575
31	5	1.153	0	0	0.9624
31	5	0.9014	0	0	1.671
31	5	3.818	1	1	-0.004165
31	5	5.571	0	0	-0.8084
31	5	0.2499	0	0	-0.5584
31	5	1.909	1	1	0.2663
31	5	5.442	0	0	1.347
31	5	3.241	0	0	0.7436
31	5	0.4794	1	1	-0.8895
31	5	0.3634	0	0	-0.1688
31	5	1.864	1	0	-0.9286
31	5	0.7169	0	0	-0.3815
31	5	3.713	0	0	1.873
31	5	1.81	1	0	0.199
31	5	0.5071	1	1	0.7969
31	5	1.765	1	0	0.5179
31	5	1.861	1	1	-0.935
31	5	4.929	1	1	-0.7018
31	5	0.968	1	1	0.1287
31	5	1.784	0	0	-0.2707
31	5	1.774	1	1	-0.5791
31	5	0.9813	1	1	0.04997
31	5	5.179	1	1	0.3607
31	5	3.849	1	0	-0.3805
31	5	0.9409	0	0	0.09474
31	5	5.078	0	0	0.4923
31	5	2.027	0	0	-1.167
31	5	3.664	0	0	-0.5334
31	5	5.199	0	0	-0.8603
31	5	0.2768	0	0	0.7306
31	5	0.4995	1	0	-0.546
31	5	1.042	1	1	-1.674
31	5	3.399	0	0	-0.37
31	5	1.288	0	0	2.222
31	5	0.979	1	0	-0.04075
31	5	0.7212	0	0	1.132
31	5	0.9706	0	0	0.08287
31	5	3.58	0	0	-0.8407
31	5	0.8766	1	0	-1.23
31	5	1.857	1	1	1.192
31	5	3.834	0	1	1.675
31	5	5.129	0	0	-0.05518
31	5	5.156	1	1	0.4123
31	5	3.373	1	0	-0.4631
32	5	0.9066	0	0	0.4392
32	5	1.078	0	1	-0.6014
32	5	1.606	1	0	-1.221
32	5	1.502	0	0	-0.03927
32	5	0.4669	1	0	-0.5771
32	5	0.5822	0	0	1.785
32	5	3.763	0	0	-0.3125
32	5	3.3	0	0	0.5168
32	5	0.411	0	0	-1.299
32	5	0.4962	0	0	0.2014
32	5	0.849	1	0	-0.06691
32	5	3.15	1	0	-0.2117
32	5	3.815	1	0	-0.1436
32	5	1.031	0	0	0.0307
32	5	3.435	0	0	0.02803
32	5	0.834	1	0	-0.3876
32	5	3.357	1	1	0.3551
32	5	3.79	0	1	0.5704
32	5	1.738	1	1	0.6613
32	5	0.4552	1	0	-0.1592
32	5	3.694	1	1	-0.7498
32	5	1.389	0	0	-0.1555
32	5	4.9	1	0	-1.025
32	5	5.568	1	0	0.4387
32	5	5.22	0	0	-0.5859
32	5	1.886	1	0	-0.1899
32	5	5.222	1	0	0.561
32	5	3.776	0	0	0.1154
32	5	0.5701	0	1	-0.5613
32	5	0.3619	0	0	-0.1062
32	5	3.951	0	0	-2.52
32	5	5.137	0	0	-0.9075
32	5	5.539	1	0	-0.148
32	5	0.463	1	0	1.666
32	5	0.6537	0	1	0.4538
32	5	2	0	0	-1.896
32	5	0.4113	1	0	-1.143
32	5	2.092	1	1	0.2586
32	5	2.089	1	1	-0.3656
32	5	0.7807	0	0	0.3195
32	5	0.7173	1	1	0.2416
32	5	5.284	0	0	1.112
32	5	5.277	0	1	1.397
32	5	5.417	1	1	1.401
32	5	0.286	1	0	-1.933
32	5	2.197	0	1	-0.1344
32	5	5.579	1	1	-3.004
32	5	0.1928	1	0	2.297
32	5	2.193	0	1	-1.122
32	5	0.4488	0	0	0.3972
33	5	0.6806	0	1	0.5619
33	5	3.588	0	0	-0.5103
33	5	5.39	0	1	-0.1261
33	5	1.606	1	1	-0.9716
33	5	0.8622	0	0	-0.9437
33	5	0.3137	1	0	-0.6624
33	5	5.323	1	1	-0.1421
33	5	5.515	1	1	-1.812
33	5	1.026	1	1	0.4696
33	5	3.782	0	0	-0.2492
33	5	3.306	0	1	-0.3014
33	5	1.781	1	1	-0.6308
33	5	1.993	0	0	0.07563
33	5	5.15	0	0	-0.7515
33	5	1.972	1	1	1.88
33	5	0.8395	1	0	-1.066
33	5	5.397	0	0	1.339
33	5	1.735	0	0	-2.421
33	5	3.452	1	1	-0.3346
33	5	0.5946	1	1	1.417
33	5	0.4656	0	0	-1.08
33	5	0.8086	0	1	-1.117
33	5	3.272	0	0	-0.3115
33	5	0.7389	1	0	-0.4645
33	5	5.211	1	1	0.9571
33	5	5.508	0	0	-0.1801
33	5	3.397	0	0	0.08786
33	5	0.6978	1	0	1.089
33	5	1.874	1	1	-2.476
33	5	3.444	1	1	-1.637
33	5	3.587	1	1	-0.1363
33	5	0.4238	1	0	0.3442
33	5	2.152	1	0	-0.1088
33	5	5.639	1	1	0.5637
33	5	0.6103	0	1	1.71
33	5	0.6357	0	0	-1.475
33	5	0.5116	0	1	0.2362
33	5	3.758	1	0	0.04368
33	5	1.494	0	0	-0.6841
33	5	0.3606	0	0	1.308
33	5	3.384	1	1	-0.3143
33	5	5.173	0	0	-1.12
33	5	5.461	0	0	-1.464
33	5	0.7766	0	0	0.7649
33	5	0.7896	1	0	-0.2261
33	5	1.011	0	0	0.2044
33	5	1.707	1	1	0.0475
33	5	1.803	0	0	0.6668
33	5	0.2933	1	0	0.5217
33	5	0.152	1	1	-0.03259
34	5	0.8682	1	1	0.8872
34	5	0.7271	1	1	-0.3985
34	5	3.572	1	1	0.3975
34	5	3.392	1	1	0.8165
34	5	0.6452	1	1	-0.252
34	5	1.916	0	0	1.312
34	5	5.447	1	1	0.807
34	5	3.346	0	0	1.383
34	5	5.728	1	1	0.4751
34	5	0.2943	1	0	-0.1898
34	5	0.7732	1	0	-1.226
34	5	1.189	1	1	1.501
34	5	5.321	1	1	1.83
34	5	0.9986	1	1	1.536
34	5	3.568	0	0	1.457
34	5	1.324	1	1	-0.5562
34	5	1.011	0	0	-0.6521
34	5	1.629	1	1	-1.042
34	5	1.47	0	1	2.089
34	5	0.04744	0	1	0.76
34	5	2.036	1	1	0.8368
34	5	3.601	1	1	1.778
34	5	3.655	0	0	1.229
34	5	1.885	0	0	-0.1056
34	5	2.012	0	1	0.2111
34	5	1.877	0	1	0.1122
34	5	3.477	0	0	0.1682
34	5	0.3743	0	0	1.742
34	5	1.041	1	0	-0.01291
34	5	0.7975	0	0	-0.2121
34	5	0.508	1	1	0.8175
34	5	5.646	1	1	0.3437
34	5	0.4352	0	1	-0.4097
34	5	5.161	0	0	-0.2789
34	5	0.7349	0	1	0.1442
34	5	0.2707	0	0	-1.309
34	5	4.035	0	0	0.2141
34	5	5.63	1	1	1.519
34	5	1.784	0	1	-0.7445
34	5	3.504	1	1	-0.08294
34	5	0.3532	0	0	1.081
34	5	5.442	0	0	-0.6019
34	5	0.6861	1	1	-0.6571
34	5	1.801	0	0	0.8721
34	5	3.71	0	1	-1.859
34	5	5.432	1	1	1.473
34	5	1.642	0	0	-0.4028
34	5	5.444	0	0	0.2054
34	5	0.6213	1	1	0.316
34	5	5.484	1	0	-0.06615
35	5	1.981	1	1	1.739
35	5	0.1405	0	0	-0.2835
35	5	3.836	0	0	-0.09016
35	5	0.9073	1	0	0.4003
35	5	1.713	1	1	0.2027
35	5	1.643	0	0	0.3245
35	5	5.416	0	0	0.1967
35	5	5.28	1	1	0.8796
35	5	5.062	1	1	0.5158
35	5	1.035	1	1	0.2185
35	5	0.7761	1	1	-0.5636
35	5	2.079	1	0	-0.06072
35	5	3.405	1	1	0.1678
35	5	0.6447	0	1	-0.8358
35	5	0.3105	0	0	0.8414
35	5	3.716	1	1	-1.332
35	5	2.19	0	1	-0.07474
35	5	3.46	1	0	-0.1593
35	5	0.5296	1	1	0.3548
35	5	0.7152	1	1	0.5988
35	5	3.757	0	0	0.5618
35	5	5.041	0	1	-0.07089
35	5	1.516	1	1	-1.189
35	5	5.541	0	0	-0.4632
35	5	0.5052	0	1	1.47
35	5	0.5669	1	1	-0.1893
35	5	1.065	0	1	-0.06613
35	5	1.813	0	0	-1.016
35	5	3.475	0	0	-0.4428
35	5	1.224	1	1	1.098
35	5	0.7882	1	1	-1.19
35	5	0.8786	1	0	-0.1253
35	5	5.066	1	1	0.1962
35	5	0.4317	1	1	0.6072
35	5	3.272	0	0	0.5746
35	5	3.743	0	0	0.1148
35	5	3.489	0	0	1.816
35	5	5.107	0	0	1.003
35	5	5.368	1	1	1.065
35	5	5.742	0	0	0.6064
35	5	0.6578	0	1	0.7417
35	5	1.03	1	1	1.649
35	5	3.694	0	0	-0.7271
35	5	1.577	0	1	1.298
35	5	5.333	1	1	1.087
35	5	1.607	0	1	0.8182
35	5	0.2984	0	1	0.4877
35	5	0.6079	1	1	0.2391
35	5	1.884	0	1	-0.2378
35	5	0.9723	1	1	2.237
36	5	0.4189	0	1	0.8942
36	5	5.279	1	1	0.4411
36	5	0.9005	0	1	0.5131
36	5	1.889	0	1	2.206
36	5	1.676	1	1	-1.315
36	5	0.4689	0	0	-0.663
36	5	3.464	0	0	1.133
36	5	5.239	0	0	-0.2807
36	5	0.2337	0	0	-1.442
36	5	0.5637	1	0	-0.9162
36	5	1.922	0	0	-0.6435
36	5	0.9214	1	1	1.969
36	5	3.288	1	1	-0.1004
36	5	0.6297	0	1	0.3913
36	5	5.023	1	1	0.439
36	5	1.991	1	1	-1.116
36	5	1.715	1	1	0.4545
36	5	5.451	1	1	0.7641
36	5	0.779	1	1	0.03264
36	5	0.583	1	1	-0.2333
36	5	5.292	0	0	-1.917
36	5	0.8257	0	0	-1.85
36	5	3.736	1	1	1.588
36	5	0.3746	1	0	0.5009
36	5	0.3819	0	1	1.463
36	5	3.548	0	0	1.239
36	5	1.013	0	0	-0.558
36	5	0.3823	0	1	1.68
36	5	1.489	1	1	0.2135
36	5	5.553	0	0	-0.6986
36	5	0.7812	1	1	1.146
36	5	0.2928	1	0	0.7197
36	5	5.567	0	0	-0.09402
36	5	0.1886	1	1	1.079
36	5	3.75	1	1	-0.3476
36	5	1.771	1	1	0.8016
36	5	0.8223	1	0	-1.087
36	5	2.035	1	1	0.1683
36	5	1.866	0	0	-0.09335
36	5	3.557	1	1	0.3379
36	5	5.401	1	1	-1.877
36	5	3.652	0	0	0.1372
36	5	1.699	0	0	-0.8248
36	5	0.125	0	1	-1.055
36	5	5.37	0	0	1.308
36	5	3.262	1	1	-0.3019
36	5	3.347	0	0	0.9357
36	5	4.981	0	0	-1.815
36	5	3.739	1	0	0.5802
36	5	0.2586	0	0	-0.5941
37	5	1.778	0	1	1.128
37	5	0.4899	0	0	-0.7734
37	5	3.393	0	0	1.228
37	5	1.086	1	0	1.023
37	5	3.577	0	1	0.872
37	5	1.971	0	0	-0.207
37	5	0.5928	1	1	2.303
37	5	3.893	0	1	0.8408
37	5	0.6233	0	0	-0.7922
37	5	3.796	1	1	1.319
37	5	5.443	0	0	1.153
37	5	5.469	0	1	-1.021
37	5	5.511	0	0	-0.9274
37	5	0.8172	1	0	0.7537
37	5	1.664	1	1	-0.501
37	5	0.5962	1	0	0.7141
37	5	5.32	0	0	0.623
37	5	1.027	0	1	0.6824
37	5	3.393	1	1	-0.2841
37	5	0.9886	1	0	-1.43
37	5	1.25	1	0	0.2873
37	5	3.617	0	0	-0.3431
37	5	5.317	0	0	0.8228
37	5	5.49	0	0	1.151
37	5	0.4048	1	0	-1.767
37	5	2.313	1	1	0.6342
37	5	0.5597	1	1	-0.644
37	5	4.926	0	1	0.0654
37	5	1.892	0	1	1.1
37	5	0.9628	1	0	-0.2408
37	5	4.909	0	0	-2.815
37	5	3.478	1	0	0.1214
37	5	1.02	0	0	-0.9461
37	5	3.604	0	1	0.7581
37	5	0.1024	1	1	-0.02045
37	5	0.9317	1	1	0.3175
37	5	1.729	1	1	-0.2894
37	5	3.557	1	1	0.003776
37	5	0.311	1	1	-1.429
37	5	1.065	1	1	-0.4697
37	5	0.1819	0	0	0.2309
37	5	3.81	1	0	0.1221
37	5	0.7861	0	1	-0.3221
37	5	1.354	1	0	1.3
37	5	0.7457	1	1	0.182
37	5	5.652	0	0	0.4871
37	5	1.903	0	1	2.916
37	5	1.93	1	1	-0.7118
37	5	5.362	0	0	0.4722
38	5	0.8436	0	1	-0.6084
38	5	1.237	1	1	-0.3852
38	5	0.3995	0	0	-0.4036
38	5	1.509	1	1	0.638
38	5	0.6865	1	0	0.9285
38	5	0.2702	0	1	-0.3866
38	5	5.652	0	0	1.419
38	5	5.596	1	1	1.23
38	5	0.5306	0	1	-0.1026
38	5	0.6081	0	0	0.2567
38	5	1.647	0	0	-1.171
38	5	5.341	0	0	0.9013
38	5	0.9374	1	1	0.2883
38	5	0.4387	1	0	-0.7338
38	5	3.425	1	1	-0.3393
38	5	1.6	1	1	-0.6123
38	5	5.381	0	0	-0.837
38	5	1.19	1	0	-0.4019
38	5	0.4213	1	1	-1.037
38	5	0.5143	0	0	-0.493
38	5	0.7071	0	1	0.3248
38	5	3.932	0	0	0.2598
38	5	1.936	1	1	-0.3459
38	5	3.788	1	1	0.08466
38	5	0.4981	0	0	0.1938
38	5	3.81	1	1	-0.281
38	5	3.871	0	0	-0.6952
38	5	1.388	1	1	0.667
38	5	1.969	1	0	-1.024
38	5	5.275	1	0	0.9642
38	5	1.07	0	0	1.617
38	5	5.422	0	0	-1.032
38	5	3.106	0	0	0.818
38	5	3.485	0	0	1.763
38	5	5.101	1	1	-0.2048
38	5	0.7553	0	1	-0.4487
38	5	5.304	1	1	1.072
38	5	0.9123	1	1	0.04301
38	5	1.599	0	1	-0.09041
38	5	5.841	1	1	0.6341
38	5	3.604	0	0	-2.076
38	5	1.034	1	1	-1.248
38	5	3.341	1	1	-0.565
38	5	1.332	1	1	-1.898
38	5	0.5931	1	1	-0.03507
38	5	1.094	0	0	1.312
38	5	1.671	0	1	0.71
38	5	2.003	0	1	2.502
38	5	3.404	1	1	-1.235
38	5	5.501	1	1	0.7905
39	5	1.654	1	0	0.7406
39	5	5.741	1	1	0.2679
39	5	5.394	1	1	1.013
39	5	0.9196	0	1	0.8085
39	5	1.592	0	1	0.9678
39	5	3.673	0	0	0.4447
39	5	0.8442	0	1	0.85
39	5	0.8493	0	0	1.978
39	5	0.8055	1	0	0.3155
39	5	3.581	0	0	-0.713
39	5	0.2769	0	0	-0.4327
39	5	1.796	0	1	0.8807
39	5	5.53	1	0	2.39
39	5	1.698	0	1	0.1288
39	5	1.999	0	0	0.878
39	5	5.415	1	1	0.09612
39	5	5.473	1	1	-0.8049
39	5	3.671	1	1	0.7338
39	5	5.376	1	1	1.641
39	5	5.503	0	0	-0.9974
39	5	2.072	1	0	1.231
39	5	5.198	1	1	1.433
39	5	2.047	1	1	1.01
39	5	3.41	0	0	-2.29
39	5	1.092	1	1	-0.1535
39	5	4.926	1	0	-0.419
39	5	0.5416	0	1	1.116
39	5	0.4914	1	0	0.8386
39	5	1.773	1	0	0.7139
39	5	0.5689	1	0	0.5357
39	5	3.779	0	0	-2.324
39	5	0.9676	1	0	0.7584
39	5	3.407	0	1	1.27
39	5	0.4917	1	0	-0.3326
39	5	3.434	0	1	0.1106
39	5	3.763	0	1	-0.4446
39	5	1.264	1	1	-0.3314
39	5	0.4703	0	0	1.624
39	5	3.744	0	0	0.855
39	5	1.01	0	0	0.6245
39	5	0.3576	0	0	0.7276
39	5	5.033	1	1	1.117
39	5	1.819	1	0	0.5586
39	5	1.746	1	1	0.7571
39	5	0.8473	1	0	-0.000675
39	5	0.7208	0	0	-0.03129
39	5	0.8872	0	1	1.408
39	5	0.7037	1	0	0.2113
39	5	0.1601	0	1	-1.106
39	5	3.551	0	0	1.526
40	6	5.212	1	1	1.181
40	6	0.7597	1	0	0.4442
40	6	5.395	0	0	-0.09077
40	6	5.491	0	0	-0.1729
40	6	3.214	0	0	-0.2393
40	6	0.6081	1	1	0.3246
40	6	0.3109	0	0	-0.457
40	6	1.85	1	1	-0.05032
40	6	1.591	0	0	-0.5418
40	6	0.6164	1	0	-1.003
40	6	1.453	1	1	-0.2354
40	6	5.444	1	1	-1.324
40	6	0.03832	1	1	-0.6776
40	6	0.6075	0	0	-0.07037
40	6	2.058	1	1	0.1141
40	6	1.719	0	0	1.237
40	6	1.68	1	1	-2.555
40	6	5.288	0	0	-3.542
40	6	0.1756	1	0	-0.5176
40	6	0.9016	0	0	-0.8933
40	6	0.2402	0	0	-0.1713
40	6	0.6641	0	0	0.5253
40	6	4.107	0	0	0.05704
40	6	1.73	1	1	0.4063
40	6	5.528	1	1	-0.7607
40	6	0.4398	0	0	0.4269
40	6	3.71	1	1	0.07639
40	6	0.683	1	1	-1.989
40	6	3.475	0	0	0.8734
40	6	0.3107	1	1	-0.1126
40	6	0.8685	0	1	-0.03165
40	6	1.913	0	0	0.2742
40	6	5.396	0	0	1.509
40	6	3.967	1	1	1.299
40	6	3.512	0	0	-0.2115
40	6	0.3224	1	1	-0.9186
40	6	3.865	1	1	-0.6919
40	6	5.304	1	1	0.4843
40	6	1.062	0	1	1.183
40	6	2.011	0	0	1.513
40	6	5.438	1	1	0.9981
40	6	3.674	1	1	1.031
40	6	0.9315	1	1	0.1679
40	6	5.615	1	1	-0.4679
40	6	3.46	1	1	-1.906
40	6	1.743	1	1	-0.5384
40	6	1.623	0	0	-0.498
40	6	3.7	0	0	-1.55
40	6	1.108	0	1	-0.439
41	6	1.769	1	1	1.895
41	6	5.274	0	0	0.574
41	6	1.754	0	0	0.545
41	6	0.5479	0	1	-0.6425
41	6	5.269	1	1	0.9138
41	6	1.822	0	1	0.5236
41	6	4.992	1	1	-1.008
41	6	1.994	0	0	0.2795
41	6	1.846	1	0	0.8077
41	6	1.846	1	1	-1.275
41	6	5.376	1	1	0.2269
41	6	1.034	0	0	0.1506
41	6	3.518	1	1	-0.3734
41	6	0.4475	1	1	0.4467
41	6	0.3792	1	1	1.022
41	6	0.7849	1	1	-0.02813
41	6	0.9218	1	1	-0.9622
41	6	1.949	0	1	1.703
41	6	1.085	0	1	-0.7191
41	6	0.1238	0	0	-0.3604
41	6	0.6976	0	1	-2.784
41	6	5.469	1	0	0.1706
41	6	1.058	0	1	-0.2112
41	6	3.62	1	1	0.4517
41	6	0.423	0	0	0.2041
41	6	0.8949	0	0	0.9509
41	6	5.181	1	1	0.1677
41	6	3.567	1	1	-0.4959
41	6	3.542	1	1	-0.03425
41	6	3.419	0	0	0.1915
41	6	5.154	0	0	1.04
41	6	0.593	0	1	1.493
41	6	1.864	1	1	0.9703
41	6	3.653	1	1	-0.1105
41	6	5.745	0	0	-0.6001
41	6	1.484	0	0	1.272
41	6	3.732	0	0	-0.2242
41	6	5.256	0	0	0.07888
41	6	0.4239	1	0	0.2332
41	6	0.5596	0	0	1.34
41	6	0.6183	1	1	-0.8623
41	6	3.772	1	1	-0.183
41	6	1.172	0	0	0.2039
41	6	0.862	0	0	-0.09787
41	6	3.747	1	1	1.453
41	6	5.141	1	1	1.519
41	6	1.762	1	1	0.1012
41	6	1.3	0	0	1.721
41	6	3.659	0	0	2.03
41	6	0.6456	1	0	-0.9976
42	6	1.948	0	0	1.372
42	6	0.6239	1	0	1.375
42	6	3.717	0	0	1.004
42	6	5.731	0	0	-0.554
42	6	0.7517	1	1	0.6256
42	6	3.404	1	1	0.1426
42	6	0.5456	0	1	-0.2155
42	6	0.5572	1	0	0.8689
42	6	0.6261	0	0	-0.322
42	6	1.815	0	0	1.359
42	6	0.8912	0	0	0.6594
42	6	1.727	1	0	-1.553
42	6	3.367	1	1	2.091
42	6	1.324	0	0	-0.5074
42	6	3.495	0	0	0.5834
42	6	0.9553	1	1	0.9057
42	6	0.8661	1	0	-1.39
42	6	1.834	1	1	-0.3852
42	6	3.587	1	1	1.586
42	6	0.7361	0	1	-0.3697
42	6	3.597	0	1	-1.407
42	6	0.5097	1	1	-0.6963
42	6	0.531	1	1	0.3024
42	6	1.636	0	0	0.916
42	6	1.383	1	1	-0.2401
42	6	5.503	1	1	-0.1983
42	6	0.5874	0	1	-0.7632
42	6	1.747	0	1	-1.018
42	6	3.577	0	0	2.309
42	6	3.732	1	1	1.022
42	6	1.939	1	1	0.9563
42	6	0.6499	0	1	0.1189
42	6	0.9974	1	1	-1.168
42	6	3.784	0	1	-0.1081
42	6	5.078	0	0	0.07014
42	6	1.822	0	1	-2.377
42	6	0.8609	0	1	1.296
42	6	5.032	1	1	0.6597
42	6	3.769	1	1	0.2039
42	6	5.452	1	1	0.8469
42	6	1.926	1	1	-1.232
42	6	5.128	0	0	0.4908
42	6	0.4018	0	1	-1.043
42	6	0.3525	1	0	0.752
42	6	1.152	1	1	-0.2324
42	6	5.287	1	1	-1.712
42	6	5.509	0	0	1.045
42	6	5.325	0	0	0.6193
42	6	0.3236	1	0	0.1757
42	6	5.481	0	0	-1.285
43	6	3.717	1	1	2.025
43	6	3.692	0	0	-0.3574
43	6	0.9965	1	1	-0.1589
43	6	1.492	0	0	-0.5153
43	6	4.984	0	0	-0.2065
43	6	3.556	1	1	0.09673
43	6	1.115	0	1	1.433
43	6	0.901	1	1	-1.128
43	6	3.263	0	0	-0.8922
43	6	1.926	1	1	-0.4296
43	6	0.5232	1	1	-1.981
43	6	5.119	1	1	0.06753
43	6	0.8795	1	0	1.361
43	6	0.9177	0	0	1.965
43	6	0.8267	1	0	0.4775
43	6	3.37	1	1	0.1721
43	6	1.151	0	1	0.9842
43	6	5.531	1	1	-0.1658
43	6	0.1478	1	0	0.007131
43	6	3.574	1	1	-0.3179
43	6	5.246	0	0	-0.3251
43	6	5.46	1	1	-0.8743
43	6	3.325	1	1	1.876
43	6	3.697	0	1	0.1604
43	6	3.613	0	0	-1.428
43	6	5.357	1	1	0.8118
43	6	1.127	0	1	-1.048
43	6	1.681	0	1	-0.7197
43	6	0.8182	0	1	0.5994
43	6	1.784	1	1	-0.2976
43	6	0.3037	0	1	-0.9322
43	6	1.742	0	1	1.279
43	6	1.009	0	1	0.4086
43	6	5.371	0	0	0.5129
43	6	3.48	1	1	0.6303
43	6	1.879	1	1	-0.2227
43	6	1.163	0	1	0.1514
43	6	0.3224	0	0	0.8615
43	6	0.9524	0	1	0.443
43	6	1.829	1	1	-0.005715
43	6	0.1283	0	1	0.3259
43	6	1.714	0	0	-0.2114
43	6	5.321	1	1	1.037
43	6	0.6673	0	1	0.2635
43	6	2.128	0	1	-0.2467
43	6	5.34	0	0	0.04695
43	6	0.276	0	0	-0.3394
43	6	1.693	1	1	-0.8711
43	6	0.5233	1	1	-0.3559
43	6	5.175	1	1	0.3017
44	6	5.504	0	0	-0.5444
44	6	0.5926	1	1	1.393
44	6	5.096	1	1	0.4889
44	6	0.6425	1	1	0.3747
44	6	1.91	1	1	-0.7155
44	6	1.971	1	0	-1.098
44	6	1.838	1	1	0.6456
44	6	0.3458	1	1	-0.5582
44	6	1.264	0	1	-1.722
44	6	0.7297	0	1	1.389
44	6	3.788	0	0	-1.318
44	6	3.591	0	0	0.9137
44	6	1.013	1	1	0.08984
44	6	1.025	0	1	0.1838
44	6	5.309	1	1	-0.6069
44	6	2.022	1	1	0.2369
44	6	1.985	1	1	-0.6117
44	6	3.572	0	0	0.4493
44	6	0.9266	1	1	1.219
44	6	1.655	0	1	-1.274
44	6	5.363	1	1	-0.8239
44	6	0.8105	1	1	0.7622
44	6	4.059	1	1	1.201
44	6	0.7422	0	1	-0.7497
44	6	0.496	1	1	1.61
44	6	3.301	1	1	1.084
44	6	0.4048	0	1	0.6702
44	6	0.3493	0	1	0.6467
44	6	5.544	0	0	-0.2586
44	6	5.49	0	1	-0.5495
44	6	0.7346	1	1	1.23
44	6	0.7296	0	1	-0.1367
44	6	1.539	1	1	-0.1649
44	6	0.6354	0	1	-0.2442
44	6	1.086	0	1	-1.065
44	6	3.608	1	1	0.485
44	6	5.422	1	1	1.34
44	6	1.797	1	1	-0.07681
44	6	5.505	0	0	0.3353
44	6	1.874	0	1	-0.3562
44	6	0.4949	1	1	-0.00411
44	6	1.143	0	0	1.115
44	6	3.581	0	0	-0.5292
44	6	1.805	1	1	-0.3789
44	6	3.589	0	0	-0.9681
44	6	5.43	0	0	0.915
44	6	3.243	1	1	0.8481
44	6	3.796	0	1	1.573
44	6	0.8767	0	1	-1.752
44	6	4.908	0	0	-1.949
45	6	0.7806	0	1	0.7257
45	6	5.502	1	1	-1.018
45	6	1.685	1	1	-0.9129
45	6	5.731	1	1	-0.9888
45	6	0.8596	0	1	-0.2137
45	6	5.259	0	0	-0.009643
45	6	3.715	0	0	-0.1405
45	6	1.033	1	1	1.231
45	6	1.676	1	1	-0.9216
45	6	1.905	0	0	-1.414
45	6	3.433	0	1	1.124
45	6	3.717	0	1	-0.1699
45	6	0.3871	0	1	0.0571
45	6	0.7736	1	1	-0.332
45	6	0.7095	0	0	2.214
45	6	4.973	1	1	-0.5661
45	6	5.727	1	1	1.173
45	6	3.328	1	1	0.5834
45	6	5.536	0	0	0.338
45	6	5.271	0	0	-1.668
45	6	0.2651	0	0	1.557
45	6	0.5639	0	1	0.05804
45	6	0.3489	1	1	1.406
45	6	0.16	0	0	0.1501
45	6	0.7329	1	1	0.4937
45	6	3.962	1	1	-0.4141
45	6	1.831	0	1	-0.5401
45	6	3.604	1	1	0.7926
45	6	0.6943	1	0	-0.04148
45	6	1.635	0	0	-0.8869
45	6	3.963	0	0	-0.01047
45	6	3.856	0	1	-1.447
45	6	1.244	1	0	1.256
45	6	1.711	1	1	-0.4717
45	6	0.5462	0	1	2.009
45	6	0.4151	0	1	-0.07912
45	6	0.902	0	1	-0.8721
45	6	5.75	1	1	1.889
45	6	0.5221	0	1	-1.715
45	6	1.94	1	1	1.697
45	6	0.5206	1	1	-0.5395
45	6	1.646	1	1	0.3431
45	6	5.256	0	0	1.98
45	6	1.658	0	0	1.478
45	6	5.194	1	1	0.06943
45	6	0.9938	0	1	0.775
45	6	3.723	1	1	1.496
45	6	3.837	0	1	-0.2012
45	6	1.839	1	1	0.1697
45	6	0.8247	1	1	0.8955
46	6	2.099	0	1	0.9909
46	6	0.9408	0	0	1.515
46	6	0.4934	1	1	2.394
46	6	5.105	1	1	0.6308
46	6	5.559	1	1	0.5675
46	6	5.102	0	0	0.3593
46	6	3.72	0	0	-0.4242
46	6	1.794	0	1	1.194
46	6	3.507	1	1	0.5153
46	6	0.8675	0	1	-1.097
46	6	1.607	1	1	0.544
46	6	1.959	1	1	-2.155
46	6	3.676	0	0	1.038
46	6	1.711	1	1	-0.3221
46	6	1.877	1	1	-0.1604
46	6	5.457	1	1	-0.7231
46	6	1.623	1	1	-0.2066
46	6	0.4441	0	0	0.9947
46	6	1.241	0	1	1.329
46	6	0.6939	0	1	0.7205
46	6	2.01	1	1	0.1835
46	6	5.103	1	1	-1.304
46	6	3.517	1	1	0.2079
46	6	3.909	0	1	0.5038
46	6	0.9317	1	0	0.1008
46	6	5.762	0	1	0.5751
46	6	2.05	0	1	-1.135
46	6	0.9905	0	0	1.098
46	6	0.7681	0	1	0.5322
46	6	1.835	1	0	-0.3509
46	6	0.554	0	0	-0.9045
46	6	3.42	1	1	0.6212
46	6	0.4858	1	1	0.2231
46	6	3.696	1	1	-0.7256
46	6	0.5495	0	1	-0.7134
46	6	5.249	1	1	0.2859
46	6	0.2962	1	1	0.4105
46	6	3.623	0	0	0.07161
46	6	0.472	1	1	-0.07809
46	6	0.7762	0	0	1.086
46	6	3.545	1	1	-0.2102
46	6	0.8996	0	0	-0.0523
46	6	0.7635	0	0	-0.8517
46	6	3.808	1	0	-0.7094
46	6	0.4483	1	1	-0.1525
46	6	5.469	0	0	0.5846
46	6	0.2503	1	1	0.6386
46	6	1.129	1	0	-0.8452
46	6	5.403	0	0	0.236
46	6	5.3	0	0	0.3908
47	6	3.708	1	1	0.7514
47	6	0.798	0	0	-1.531
47	6	3.537	1	1	0.8267
47	6	3.594	0	0	0.5078
47	6	5.561	0	0	-0.6885
47	6	1.606	1	1	1.42
47	6	5.318	1	1	-0.158
47	6	0.2446	0	1	-0.9999
47	6	2.111	0	1	-1.19
47	6	0.8704	1	1	0.7399
47	6	1.043	1	1	-0.05212
47	6	1.036	1	1	-0.9816
47	6	0.5512	1	1	0.7376
47	6	5.165	0	0	0.4466
47	6	0.6919	1	1	0.03113
47	6	1.024	0	0	-0.7002
47	6	1.821	1	1	-0.6437
47	6	0.6105	0	0	1.319
47	6	3.303	1	1	-1.575
47	6	5.356	0	0	-1.43
47	6	3.308	0	0	-0.6457
47	6	5.416	0	0	0.3505
47	6	0.4281	0	1	-0.8756
47	6	0.8179	1	1	-0.2287
47	6	2.072	1	1	1.008
47	6	0.3743	0	0	0.4713
47	6	5.481	0	0	-0.1628
47	6	5.463	0	0	0.9434
47	6	0.3525	1	0	0.5459
47	6	3.62	1	0	-0.6636
47	6	0.3382	1	0	-0.7374
47	6	5.399	1	1	0.4143
47	6	3.761	0	0	0.8608
47	6	1.893	0	0	0.2074
47	6	1.986	0	0	-0.0988
47	6	1.039	1	1	0.3412
47	6	1.843	1	1	-0.2667
47	6	3.85	1	1	-0.4925
47	6	1.59	0	0	0.2311
47	6	0.4595	1	1	1.413
47	6	5.456	0	0	-0.2784
47	6	3.496	0	0	0.1893
47	6	5.546	0	0	-0.4513
47	6	1.024	1	1	0.5869
47	6	1.818	0	0	1.036
47	6	3.499	0	0	-0.9095
47	6	1.174	1	0	0.1047
47	6	1.879	0	0	1.138
47	6	0.3624	0	0	0.1563
47	6	0.1879	0	0	0.4733
48	6	0.3345	1	1	-0.7034
48	6	2.156	1	1	-0.1717
48	6	0.4468	1	1	-1.066
48	6	3.513	1	0	0.3331
48	6	0.9518	0	1	-0.6819
48	6	1.896	0	1	0.07807
48	6	0.2923	0	1	0.04159
48	6	1.514	1	1	-0.27
48	6	5.515	0	0	-0.8193
48	6	1.299	0	1	0.2822
48	6	5.402	0	0	0.1821
48	6	0.7538	1	1	1.177
48	6	1.78	1	1	1.011
48	6	0.8344	0	1	-0.5424
48	6	3.252	1	1	-0.4339
48	6	1.883	0	0	1.723
48	6	5.216	0	0	1.816
48	6	3.742	1	1	1.782
48	6	3.872	1	1	-0.2532
48	6	0.709	1	1	-1.037
48	6	0.7649	0	1	-0.7649
48	6	1.707	1	1	-0.4746
48	6	1.591	1	1	-0.3679
48	6	3.542	0	1	-0.08429
48	6	1.654	1	1	-1.638
48	6	1.863	0	0	-0.2868
48	6	5.142	1	1	-0.8157
48	6	0.672	1	0	-0.027
48	6	5.397	0	0	0.615
48	6	3.563	0	1	-0.1358
48	6	3.48	0	0	-1.815
48	6	0.9356	1	1	0.1075
48	6	0.7048	1	1	-0.8991
48	6	0.9488	0	1	-0.9062
48	6	0.9174	1	0	0.324
48	6	0.2165	0	1	-1.011
48	6	0.6342	0	0	0.3177
48	6	0.5962	0	0	0.3384
48	6	3.835	0	0	-1.05
48	6	5.323	0	0	0.07069
48	6	3.305	1	1	-0.5903
48	6	0.2042	1	0	-0.6904
48	6	5.455	0	0	-0.005868
48	6	1.764	0	1	-0.817
48	6	5.292	0	0	0.3165
48	6	0.3863	1	1	0.2122
48	6	0.8121	0	0	-0.03235
48	6	3.788	1	1	-0.3843
48	6	5.523	0	0	0.03188
48	6	5.339	1	1	0.8388
49	6	1.549	1	1	0.1169
49	6	1.713	1	1	-0.8725
49	6	5.357	0	1	-1.385
49	6	3.63	1	1	-1.221
49	6	1.833	0	1	-1.872
49	6	1.758	0	1	0.4653
49	6	2.026	0	1	-0.9386
49	6	5.22	1	1	-0.479
49	6	0.7658	1	1	0.1112
49	6	0.8086	1	1	0.5602
49	6	3.649	0	0	-1.094
49	6	0.3966	1	1	0.4128
49	6	1.776	0	0	0.3268
49	6	0.7257	0	1	2.042
49	6	5.61	0	0	-0.3654
49	6	0.1678	1	1	0.6453
49	6	0.9368	0	1	0.5789
49	6	0.3305	1	0	1.026
49	6	0.06586	0	1	-0.7774
49	6	3.654	1	1	1.682
49	6	1.968	0	0	-0.443
49	6	3.536	0	1	-0.3062
49	6	1.151	0	1	0.1114
49	6	0.9985	0	0	1.343
49	6	0.3191	0	1	0.5819
49	6	0.23	0	1	-0.352
49	6	3.419	0	0	0.1633
49	6	5.012	0	0	-1.33
49	6	5.5	0	0	-0.5994
49	6	0.4541	1	1	1.429
49	6	0.3274	0	0	-1.303
49	6	3.343	1	1	-0.6912
49	6	0.2743	1	0	0.6324
49	6	1.766	1	1	-1.45
49	6	1.017	1	1	1.085
49	6	3.758	1	1	-0.3865
49	6	5.132	1	1	-0.002864
49	6	5.391	0	0	-0.01934
49	6	5.341	1	1	-0.9009
49	6	1.139	1	0	-0.4109
49	6	5.352	1	1	-0.933
49	6	3.769	0	0	0.1072
49	6	0.6898	1	1	1.118
49	6	0.9561	0	1	-0.01679
49	6	3.862	1	1	0.4321
49	6	1.004	0	1	-0.1711
49	6	3.56	0	0	0.6583
49	6	5.448	1	1	-1.744
49	6	2.074	1	0	0.7768
49	6	1.621	0	0	0.442
