0	2	0.6471	0	1
0	2	5.445	0	0
0	2	1.998	0	1
0	2	5.828	1	1
0	2	0.02766	1	1
0	2	5.071	0	0
0	2	0.3518	1	1
0	2	0.6556	1	1
0	2	0.6727	0	1
0	2	0.2068	0	0
0	2	0.9453	0	0
0	2	0.5482	1	1
0	2	1.704	0	0
0	2	1.157	0	1
0	2	0.5831	0	1
0	2	1.728	0	0
0	2	1.863	1	1
0	2	0.6286	1	1
0	2	1.013	1	0
0	2	1.263	1	0
0	2	0.5233	1	0
0	2	1.085	0	0
0	2	1.993	1	1
0	2	1.638	0	0
0	2	0.4684	1	1
0	2	5.193	1	1
0	2	0.3126	1	1
0	2	0.1699	0	1
0	2	1.411	1	0
0	2	5.278	1	1
0	2	0.6367	1	0
0	2	5.468	1	1
0	2	1.064	0	1
0	2	0.3036	0	1
0	2	0.5972	1	0
0	2	1.552	0	0
0	2	1.521	0	0
0	2	0.8258	0	0
0	2	5.601	0	0
0	2	0.2718	1	1
0	2	1.726	1	1
0	2	0.2348	0	0
0	2	1.191	1	1
0	2	0.3151	1	1
0	2	0.1672	0	1
0	2	5.625	1	1
0	2	0.2213	1	1
0	2	0.1653	0	1
0	2	5.145	0	0
0	2	5.539	0	0
1	2	0.468	0	1
1	2	1.965	0	1
1	2	0.8549	0	1
1	2	1.167	1	1
1	2	5.493	1	1
1	2	0.235	1	1
1	2	5.986	1	1
1	2	0.004523	0	1
1	2	5.311	1	1
1	2	1.757	1	0
1	2	0.7588	0	1
1	2	1.979	1	1
1	2	0.9125	0	0
1	2	0.7128	1	0
1	2	0.2147	0	0
1	2	1.984	1	1
1	2	0.4323	0	0
1	2	4.872	0	0
1	2	1.546	1	1
1	2	0.2264	1	0
1	2	0.6997	0	1
1	2	1.036	0	0
1	2	5.365	0	0
1	2	0.348	1	0
1	2	0.9117	1	1
1	2	1.743	0	1
1	2	0.4483	1	0
1	2	2.189	1	1
1	2	1.965	1	1
1	2	0.5015	0	1
1	2	0.08414	0	1
1	2	5.664	1	1
1	2	0.3442	1	1
1	2	0.6851	1	1
1	2	1.018	1	1
1	2	0.9208	0	1
1	2	1.732	0	0
1	2	0.2554	0	0
1	2	1.858	1	1
1	2	0.2049	0	1
1	2	0.02246	1	1
1	2	0.5021	0	1
1	2	5.556	0	0
1	2	5.586	0	0
1	2	5.254	1	1
1	2	0.404	0	1
1	2	0.4755	0	1
1	2	5.369	0	0
1	2	0.8905	1	1
1	2	0.09291	1	1
2	2	0.699	0	0
2	2	0.6552	0	0
2	2	1.957	0	0
2	2	0.8349	1	1
2	2	0.1084	0	1
2	2	0.559	1	1
2	2	5.556	0	0
2	2	1.421	1	1
2	2	0.8436	1	1
2	2	0.8543	0	1
2	2	0.2278	0	1
2	2	0.643	1	1
2	2	5.202	1	1
2	2	0.3506	0	1
2	2	0.3303	0	1
2	2	1.92	1	1
2	2	5.5	1	1
2	2	0.6713	0	1
2	2	0.5031	1	1
2	2	0.08882	0	0
2	2	1.847	0	0
2	2	0.2918	1	1
2	2	0.3425	0	0
2	2	0.007482	0	0
2	2	0.5416	1	1
2	2	0.6901	0	0
2	2	0.7524	1	1
2	2	5.329	1	1
2	2	1.615	1	0
2	2	5.533	0	0
2	2	0.2807	1	1
2	2	5.773	1	1
2	2	1.427	1	1
2	2	0.8139	0	1
2	2	0.7262	0	0
2	2	1.778	0	0
2	2	0.3986	0	0
2	2	5.371	0	0
2	2	0.3508	0	1
2	2	0.8791	0	1
2	2	1.838	1	1
2	2	5.12	1	1
2	2	0.3846	0	1
2	2	1.809	1	1
2	2	0.6479	0	1
2	2	1.938	1	1
2	2	0.3249	1	0
2	2	5.338	1	1
2	2	5.426	1	1
2	2	0.2821	1	1
3	2	1.878	0	0
3	2	0.55	0	0
3	2	0.9177	0	0
3	2	5.366	1	1
3	2	0.2334	0	0
3	2	5.514	1	1
3	2	5.191	1	1
3	2	5.188	1	1
3	2	1.726	1	1
3	2	0.8317	0	0
3	2	0.8155	0	0
3	2	2.251	0	0
3	2	5.509	1	1
3	2	0.4301	0	0
3	2	5.418	0	0
3	2	0.4292	1	0
3	2	0.9487	0	1
3	2	0.09849	0	0
3	2	1.725	1	0
3	2	1.735	0	1
3	2	1.843	1	1
3	2	0.8945	0	0
3	2	0.6171	0	1
3	2	0.3212	1	0
3	2	0.1284	1	0
3	2	5.299	0	0
3	2	0.8532	0	1
3	2	0.8498	0	0
3	2	5.658	0	0
3	2	0.5187	0	0
3	2	0.09259	1	0
3	2	0.008465	1	1
3	2	1.666	1	1
3	2	0.1908	1	0
3	2	0.8412	0	0
3	2	0.0007963	1	1
3	2	1.655	1	0
3	2	5.493	1	1
3	2	1.888	1	1
3	2	0.4692	0	1
3	2	0.3455	1	0
3	2	0.9704	1	1
3	2	5.157	1	1
3	2	0.04883	0	0
3	2	0.4224	0	0
3	2	1.719	1	1
3	2	0.3597	1	1
3	2	1.119	0	1
3	2	1.456	1	0
3	2	0.3695	0	0
4	2	5.456	1	1
4	2	1.926	0	0
4	2	1.191	0	0
4	2	0.2668	0	0
4	2	1.944	1	0
4	2	1.726	0	1
4	2	0.1765	0	1
4	2	0.3816	0	0
4	2	1.792	0	0
4	2	0.05539	0	0
4	2	0.694	1	1
4	2	0.005713	1	1
4	2	1.847	0	1
4	2	1.143	1	1
4	2	5.471	0	0
4	2	1.101	1	0
4	2	5.152	1	1
4	2	0.01925	1	1
4	2	0.5028	0	1
4	2	0.8338	0	0
4	2	1.697	0	0
4	2	1.836	0	0
4	2	1.524	1	1
4	2	0.4995	1	1
4	2	1.949	1	1
4	2	0.6222	1	1
4	2	0.7777	0	0
4	2	0.7989	1	1
4	2	0.785	1	1
4	2	1.923	1	1
4	2	5.212	0	0
4	2	0.439	0	1
4	2	5.335	1	1
4	2	1.212	0	0
4	2	0.2342	1	1
4	2	5.512	0	0
4	2	0.7357	0	0
4	2	5.097	1	1
4	2	5.221	0	0
4	2	0.169	0	1
4	2	0.4679	1	0
4	2	0.4344	0	1
4	2	0.8068	0	1
4	2	0.8528	0	0
4	2	0.8495	1	1
4	2	5.546	1	1
4	2	0.4497	1	1
4	2	0.4475	1	0
4	2	5.586	0	0
4	2	0.3556	1	0
5	2	5.768	0	0
5	2	1.195	1	1
5	2	0.6948	0	0
5	2	0.7659	1	1
5	2	0.6251	0	1
5	2	0.1382	0	0
5	2	1.92	0	1
5	2	0.3832	1	0
5	2	0.3758	1	1
5	2	0.3143	1	1
5	2	0.5782	1	1
5	2	5.157	1	1
5	2	0.6088	1	0
5	2	0.4537	0	1
5	2	0.1898	0	0
5	2	1.483	0	1
5	2	5.373	1	1
5	2	0.8614	0	1
5	2	0.5296	1	0
5	2	5.109	0	0
5	2	5.807	0	0
5	2	0.3184	1	1
5	2	0.2142	0	1
5	2	0.5487	0	0
5	2	2.071	1	1
5	2	0.2424	0	1
5	2	0.6496	0	0
5	2	1.779	1	0
5	2	1.737	0	0
5	2	5.409	0	0
5	2	1.748	1	1
5	2	1.882	0	0
5	2	0.8878	1	1
5	2	1.859	0	0
5	2	0.146	1	1
5	2	0.4851	1	1
5	2	0.009532	0	1
5	2	1.795	1	0
5	2	5.669	1	1
5	2	5.058	0	0
5	2	0.7733	0	0
5	2	5.668	1	1
5	2	1.127	1	1
5	2	0.9193	1	1
5	2	0.3541	0	0
5	2	0.3253	1	0
5	2	0.1261	1	1
5	2	5.475	0	0
5	2	0.761	0	1
5	2	1.905	1	1
6	2	2.091	1	1
6	2	0.8576	0	1
6	2	0.9447	0	1
6	2	5.042	0	0
6	2	0.2698	0	0
6	2	0.8316	0	0
6	2	0.5412	0	0
6	2	0.3733	0	1
6	2	2.006	0	0
6	2	1.623	1	0
6	2	5.133	0	0
6	2	0.3612	0	1
6	2	5.465	1	1
6	2	0.4132	1	1
6	2	1.665	1	1
6	2	1.767	1	1
6	2	5.534	1	1
6	2	1.701	1	1
6	2	5.412	0	0
6	2	1.616	1	1
6	2	0.5797	1	1
6	2	0.8107	1	1
6	2	1.071	1	0
6	2	0.2265	0	1
6	2	5.48	1	1
6	2	0.3025	0	1
6	2	0.205	1	1
6	2	0.7996	1	0
6	2	5.464	0	0
6	2	0.9147	0	0
6	2	0.6681	1	1
6	2	1.13	0	1
6	2	0.3468	0	1
6	2	0.7209	0	1
6	2	4.979	0	0
6	2	0.1583	1	1
6	2	5.643	1	1
6	2	0.8382	1	0
6	2	0.1686	0	1
6	2	1.132	1	1
6	2	1.122	0	1
6	2	1.839	1	0
6	2	0.1648	0	1
6	2	0.2049	1	1
6	2	1.647	1	1
6	2	2.113	1	1
6	2	0.5152	0	1
6	2	0.4758	0	1
6	2	5.793	0	0
6	2	0.3517	0	0
7	2	5.495	1	1
7	2	1.575	0	0
7	2	0.9509	1	1
7	2	0.8493	1	1
7	2	1.786	1	0
7	2	0.1756	1	1
7	2	0.4047	1	1
7	2	0.8625	0	0
7	2	5.584	1	1
7	2	0.2147	0	1
7	2	0.4227	0	1
7	2	5.165	0	0
7	2	1.636	0	1
7	2	0.2021	1	1
7	2	5.485	0	0
7	2	1.417	1	1
7	2	0.6751	0	1
7	2	1.666	1	1
7	2	1.093	1	1
7	2	5.654	1	1
7	2	0.5027	1	0
7	2	0.9729	0	1
7	2	0.5127	0	0
7	2	0.1833	0	0
7	2	5.337	0	0
7	2	0.4995	0	0
7	2	0.8888	0	1
7	2	5.601	0	0
7	2	0.2145	1	1
7	2	0.3548	1	0
7	2	0.7956	0	0
7	2	0.3696	1	1
7	2	1.704	0	1
7	2	2.201	1	1
7	2	0.3425	1	1
7	2	5.458	1	1
7	2	5.163	0	0
7	2	1.877	1	1
7	2	1.554	1	0
7	2	0.4645	1	0
7	2	0.1442	0	1
7	2	2.324	0	0
7	2	0.09647	0	0
7	2	0.2033	0	0
7	2	5.373	1	1
7	2	0.8989	0	0
7	2	0.1468	0	0
7	2	0.8958	1	1
7	2	0.8474	1	1
7	2	0.9263	0	0
8	2	1.757	0	0
8	2	5.352	0	0
8	2	1.663	1	1
8	2	0.862	0	1
8	2	5.603	1	1
8	2	5.43	0	0
8	2	0.3378	0	0
8	2	1.79	1	1
8	2	0.5732	1	1
8	2	1.119	1	0
8	2	5.365	0	0
8	2	1.785	0	0
8	2	0.2718	1	1
8	2	0.8988	1	1
8	2	0.1674	0	1
8	2	0.4772	0	0
8	2	5.374	1	1
8	2	1.889	0	0
8	2	0.7468	0	0
8	2	1.628	0	0
8	2	5.145	1	1
8	2	1.11	1	1
8	2	0.8222	1	1
8	2	0.4981	1	0
8	2	1.687	1	0
8	2	4.957	1	1
8	2	0.8368	1	1
8	2	0.3992	0	1
8	2	0.1187	1	0
8	2	0.3365	1	1
8	2	1.424	0	1
8	2	0.5025	1	0
8	2	2.065	0	0
8	2	5.455	0	0
8	2	5.298	1	1
8	2	0.6226	1	0
8	2	0.8451	1	0
8	2	0.1893	1	0
8	2	0.4886	0	0
8	2	0.854	1	0
8	2	1.775	0	1
8	2	0.2657	0	0
8	2	0.848	1	0
8	2	1.884	0	0
8	2	5.686	1	1
8	2	0.2233	0	0
8	2	0.2575	0	1
8	2	0.7032	0	0
8	2	0.8121	0	0
8	2	0.3937	0	0
9	2	0.1091	0	0
9	2	0.4921	1	1
9	2	0.354	0	1
9	2	0.304	1	0
9	2	0.2943	1	1
9	2	0.5497	0	0
9	2	0.8918	1	1
9	2	0.9514	0	1
9	2	5.455	0	0
9	2	1.367	0	0
9	2	0.7578	0	1
9	2	1.494	0	1
9	2	0.6294	0	1
9	2	0.4957	1	1
9	2	5.475	0	0
9	2	5.286	1	1
9	2	2.075	0	1
9	2	0.5025	1	1
9	2	0.0361	1	0
9	2	6.055	1	1
9	2	1.686	1	1
9	2	5.227	1	1
9	2	0.9047	0	1
9	2	1.041	1	0
9	2	0.6054	1	1
9	2	1.857	1	1
9	2	0.2074	0	1
9	2	1.639	0	0
9	2	0.5917	0	0
9	2	5.578	1	1
9	2	0.4622	0	1
9	2	1.618	0	0
9	2	0.5142	0	1
9	2	0.5147	1	0
9	2	0.5395	0	1
9	2	0.3323	1	0
9	2	1.999	0	0
9	2	0.8262	0	1
9	2	5.297	1	1
9	2	1.764	1	1
9	2	1.198	1	1
9	2	1.845	1	1
9	2	5.326	1	1
9	2	0.4836	0	0
9	2	0.6375	0	0
9	2	0.05697	1	0
9	2	5.291	0	0
9	2	5.37	1	1
9	2	1.132	0	1
9	2	0.4855	0	0
10	3	0.6477	0	1
10	3	5.453	0	0
10	3	1.995	0	0
10	3	5.833	1	1
10	3	0.03464	1	0
10	3	5.084	0	0
10	3	0.3495	1	0
10	3	0.6602	1	0
10	3	0.6808	0	0
10	3	0.2091	0	0
10	3	0.9403	0	0
10	3	0.5523	1	0
10	3	1.703	0	0
10	3	1.16	0	0
10	3	0.5807	0	0
10	3	1.732	0	0
10	3	1.869	1	1
10	3	0.6301	1	1
10	3	1.02	1	0
10	3	1.268	1	0
10	3	0.5188	1	1
10	3	1.076	0	0
10	3	1.994	1	0
10	3	1.64	0	0
10	3	0.4744	1	0
10	3	5.194	1	1
10	3	0.3142	1	1
10	3	0.1749	0	1
10	3	1.413	1	1
10	3	5.283	1	1
10	3	0.641	1	1
10	3	5.465	1	1
10	3	1.066	0	0
10	3	0.2998	0	0
10	3	0.5952	1	0
10	3	1.556	0	0
10	3	1.519	0	0
10	3	0.828	0	0
10	3	5.608	0	0
10	3	0.272	1	1
10	3	1.728	1	0
10	3	0.2357	0	1
10	3	1.193	1	0
10	3	0.3191	1	1
10	3	0.1632	0	1
10	3	5.63	1	1
10	3	0.2219	1	1
10	3	0.168	0	1
10	3	5.153	0	0
10	3	5.539	0	0
11	3	0.4666	0	0
11	3	1.964	0	0
11	3	0.8566	0	1
11	3	1.169	1	1
11	3	5.491	1	1
11	3	0.2376	1	1
11	3	5.996	1	1
11	3	0.01192	0	0
11	3	5.327	1	1
11	3	1.757	1	1
11	3	0.7583	0	1
11	3	1.978	1	1
11	3	0.9124	0	0
11	3	0.7135	1	1
11	3	0.2079	0	0
11	3	1.98	1	0
11	3	0.4262	0	1
11	3	4.879	0	0
11	3	1.55	1	1
11	3	0.2303	1	1
11	3	0.6994	0	1
11	3	1.033	0	0
11	3	5.374	0	0
11	3	0.3496	1	0
11	3	0.9117	1	0
11	3	1.743	0	0
11	3	0.4496	1	0
11	3	2.194	1	1
11	3	1.97	1	1
11	3	0.5046	0	1
11	3	0.08034	0	0
11	3	5.669	1	1
11	3	0.3438	1	1
11	3	0.6899	1	0
11	3	1.018	1	1
11	3	0.9227	0	0
11	3	1.733	0	0
11	3	0.2568	0	1
11	3	1.855	1	0
11	3	0.2095	0	1
11	3	0.0283	1	0
11	3	0.5031	0	0
11	3	5.557	0	1
11	3	5.587	0	0
11	3	5.25	1	1
11	3	0.4039	0	1
11	3	0.475	0	0
11	3	5.377	0	0
11	3	0.8982	1	1
11	3	0.09802	1	0
12	3	0.6938	0	1
12	3	0.6492	0	0
12	3	1.954	0	1
12	3	0.8355	1	0
12	3	0.1053	0	1
12	3	0.56	1	1
12	3	5.564	0	0
12	3	1.418	1	1
12	3	0.8434	1	1
12	3	0.8528	0	0
12	3	0.226	0	1
12	3	0.645	1	0
12	3	5.212	1	1
12	3	0.3589	0	1
12	3	0.3264	0	1
12	3	1.918	1	1
12	3	5.498	1	1
12	3	0.6767	0	0
12	3	0.5042	1	1
12	3	0.08705	0	0
12	3	1.848	0	0
12	3	0.2862	1	0
12	3	0.3423	0	1
12	3	0.007044	0	1
12	3	0.551	1	0
12	3	0.6942	0	1
12	3	0.7581	1	0
12	3	5.334	1	1
12	3	1.614	1	1
12	3	5.542	0	0
12	3	0.2811	1	0
12	3	5.782	1	1
12	3	1.429	1	1
12	3	0.8089	0	0
12	3	0.7238	0	1
12	3	1.781	0	0
12	3	0.3999	0	1
12	3	5.375	0	0
12	3	0.3483	0	0
12	3	0.8741	0	0
12	3	1.836	1	1
12	3	5.126	1	1
12	3	0.3821	0	1
12	3	1.806	1	1
12	3	0.646	0	1
12	3	1.94	1	1
12	3	0.325	1	0
12	3	5.345	1	1
12	3	5.428	1	1
12	3	0.2812	1	1
13	3	1.878	0	0
13	3	0.5575	0	1
13	3	0.9209	0	0
13	3	5.366	1	1
13	3	0.2285	0	0
13	3	5.512	1	1
13	3	5.188	1	1
13	3	5.187	1	1
13	3	1.6	1	1
13	3	0.9691	0	0
13	3	0.8138	0	1
13	3	2.247	0	0
13	3	5.507	1	1
13	3	0.4268	0	1
13	3	5.421	0	0
13	3	0.4337	1	0
13	3	0.9503	0	0
13	3	0.09921	0	0
13	3	1.72	1	1
13	3	1.738	0	0
13	3	1.85	1	0
13	3	0.9008	0	0
13	3	0.6162	0	0
13	3	0.3163	1	0
13	3	0.1299	1	1
13	3	5.304	0	0
13	3	0.8522	0	0
13	3	0.851	0	1
13	3	5.664	0	0
13	3	0.5151	0	0
13	3	0.09663	1	0
13	3	0.006624	1	1
13	3	1.664	1	1
13	3	0.1946	1	0
13	3	0.8414	0	0
13	3	0.00158	0	0
13	3	1.662	1	1
13	3	5.504	1	1
13	3	1.887	1	1
13	3	0.4704	0	0
13	3	0.3437	1	1
13	3	0.9698	1	0
13	3	5.163	1	1
13	3	0.04934	0	1
13	3	0.4223	0	0
13	3	1.722	1	1
13	3	0.367	1	1
13	3	1.119	0	1
13	3	1.454	1	1
13	3	0.3716	0	0
14	3	5.459	1	1
14	3	1.927	0	0
14	3	1.187	0	0
14	3	0.2736	0	0
14	3	1.94	1	0
14	3	1.73	0	0
14	3	0.18	0	1
14	3	0.3764	0	1
14	3	1.789	0	0
14	3	0.05566	0	0
14	3	0.6914	1	1
14	3	0.0004482	0	0
14	3	1.846	0	0
14	3	1.144	1	0
14	3	5.473	0	0
14	3	1.105	1	1
14	3	5.153	1	1
14	3	0.02357	1	1
14	3	0.5033	0	0
14	3	0.8398	0	0
14	3	1.701	0	0
14	3	1.841	0	0
14	3	1.527	1	1
14	3	0.5024	1	1
14	3	1.956	1	0
14	3	0.625	1	0
14	3	0.7712	0	0
14	3	0.8013	1	1
14	3	0.7886	1	1
14	3	1.919	1	1
14	3	5.218	0	0
14	3	0.441	0	1
14	3	5.337	1	1
14	3	1.21	0	0
14	3	0.238	1	1
14	3	5.52	0	0
14	3	0.7326	0	0
14	3	5.095	1	1
14	3	5.225	0	0
14	3	0.1695	0	0
14	3	0.4638	1	0
14	3	0.4305	0	1
14	3	0.8155	0	1
14	3	0.8554	0	1
14	3	0.8486	1	0
14	3	5.554	1	1
14	3	0.4511	1	1
14	3	0.4512	1	1
14	3	5.594	0	0
14	3	0.3566	1	0
15	3	5.772	0	0
15	3	1.192	1	1
15	3	0.6967	0	0
15	3	0.7659	1	1
15	3	0.62	0	0
15	3	0.1363	0	0
15	3	1.922	0	0
15	3	0.3811	1	1
15	3	0.376	1	1
15	3	0.3165	1	1
15	3	0.5816	1	1
15	3	5.163	1	1
15	3	0.61	1	0
15	3	0.4656	0	0
15	3	0.1869	0	0
15	3	1.477	0	0
15	3	5.376	1	1
15	3	0.8655	0	0
15	3	0.5388	1	0
15	3	5.108	0	0
15	3	5.8	0	0
15	3	0.7364	1	0
15	3	0.04853	0	1
15	3	0.5277	0	0
15	3	1.805	1	1
15	3	0.007252	0	1
15	3	0.4891	0	0
15	3	1.696	1	1
15	3	1.794	0	0
15	3	5.214	0	0
15	3	1.48	1	1
15	3	1.715	0	0
15	3	1.356	1	1
15	3	2.121	0	0
15	3	0.2462	1	0
15	3	0.09742	1	0
15	3	0.2483	1	0
15	3	1.661	1	0
15	3	4.835	1	1
15	3	5.525	0	0
15	3	0.9646	0	1
15	3	5.41	1	1
15	3	0.9603	1	1
15	3	1.134	1	1
15	3	0.4205	0	1
15	3	0.3239	1	0
15	3	0.1292	1	1
15	3	5.475	0	0
15	3	0.7682	0	1
15	3	1.907	1	1
16	3	2.092	1	1
16	3	0.851	0	0
16	3	0.9421	0	0
16	3	5.042	0	0
16	3	0.2695	0	1
16	3	0.8299	0	1
16	3	0.5424	0	1
16	3	0.3703	0	1
16	3	2.007	0	0
16	3	1.621	1	1
16	3	5.132	0	0
16	3	0.3658	0	1
16	3	5.467	1	1
16	3	0.4161	1	1
16	3	1.662	1	1
16	3	1.755	1	1
16	3	5.541	1	1
16	3	1.703	1	1
16	3	5.419	0	0
16	3	1.617	1	1
16	3	0.5826	1	0
16	3	0.8154	1	0
16	3	1.082	1	1
16	3	0.2252	0	1
16	3	5.485	1	1
16	3	0.3025	0	0
16	3	0.2	1	0
16	3	0.8004	1	1
16	3	5.464	0	0
16	3	0.9172	0	0
16	3	0.6696	1	1
16	3	1.129	0	0
16	3	0.3466	0	1
16	3	0.7266	0	1
16	3	4.989	0	0
16	3	0.1609	1	1
16	3	5.655	1	1
16	3	0.8368	1	0
16	3	0.168	0	0
16	3	1.133	1	1
16	3	1.115	0	1
16	3	1.846	1	0
16	3	0.1538	0	0
16	3	0.201	1	1
16	3	1.652	1	1
16	3	2.122	1	1
16	3	0.5202	0	0
16	3	0.4751	0	0
16	3	5.794	0	0
16	3	0.3462	0	1
17	3	5.497	1	1
17	3	1.575	0	0
17	3	0.9501	1	1
17	3	0.8484	1	1
17	3	1.784	1	1
17	3	0.1688	1	0
17	3	0.4086	1	1
17	3	0.8647	0	1
17	3	5.592	1	1
17	3	0.2218	0	1
17	3	0.4242	0	0
17	3	5.167	0	0
17	3	1.641	0	0
17	3	0.1998	1	0
17	3	5.488	0	0
17	3	1.421	1	1
17	3	0.6755	0	1
17	3	1.668	1	1
17	3	1.088	1	1
17	3	5.66	1	1
17	3	0.5054	1	1
17	3	0.9768	0	0
17	3	0.5141	0	0
17	3	0.1873	0	0
17	3	5.342	0	0
17	3	0.5022	0	0
17	3	0.8833	0	0
17	3	5.7	0	0
17	3	0.4614	1	1
17	3	0.2397	1	0
17	3	0.7684	0	1
17	3	0.3511	1	0
17	3	1.791	0	0
17	3	1.791	1	0
17	3	0.2375	1	0
17	3	5.283	1	1
17	3	5.268	0	0
17	3	1.884	1	1
17	3	1.561	1	0
17	3	0.5463	1	1
17	3	0.4031	0	1
17	3	1.751	0	0
17	3	0.1188	0	0
17	3	0.1308	0	0
17	3	5.511	1	1
17	3	0.8115	0	0
17	3	0.2582	0	1
17	3	1.142	1	1
17	3	0.2749	1	1
17	3	0.7899	0	0
18	3	1.634	0	0
18	3	5.088	0	0
18	3	2.046	1	1
18	3	0.6385	0	1
18	3	5.716	1	1
18	3	5.804	0	0
18	3	0.3723	0	1
18	3	1.807	1	1
18	3	0.4582	1	1
18	3	0.9618	1	1
18	3	5.31	0	0
18	3	1.935	0	0
18	3	0.8507	1	1
18	3	0.6497	1	1
18	3	0.3162	0	0
18	3	0.1341	0	0
18	3	5.317	1	1
18	3	2.01	0	1
18	3	0.09504	0	0
18	3	1.585	0	0
18	3	5.406	1	1
18	3	0.8148	1	1
18	3	0.4614	1	1
18	3	0.1768	1	0
18	3	2.281	1	0
18	3	5.509	1	1
18	3	0.814	1	1
18	3	0.2514	0	0
18	3	0.4095	1	0
18	3	0.486	1	1
18	3	0.9463	0	0
18	3	0.9204	1	1
18	3	1.826	0	0
18	3	5.394	0	0
18	3	5.361	1	1
18	3	0.8912	1	1
18	3	0.7639	1	0
18	3	0.2506	1	0
18	3	0.5045	0	0
18	3	0.9289	1	0
18	3	1.635	0	1
18	3	0.002523	1	1
18	3	0.6299	1	0
18	3	2.101	0	0
18	3	5.731	1	1
18	3	0.5929	0	1
18	3	0.1708	0	1
18	3	0.5736	0	0
18	3	1.001	0	0
18	3	0.15	1	0
19	3	0.3252	1	0
19	3	0.4094	1	1
19	3	0.495	0	0
19	3	0.06145	0	1
19	3	0.2115	1	0
19	3	0.1077	0	1
19	3	1.201	1	1
19	3	0.8115	0	1
19	3	1.878	0	0
19	3	0.7208	0	1
19	3	1.467	0	0
19	3	0.2468	0	1
19	3	0.09736	1	0
19	3	5.825	0	0
19	3	5.248	1	1
19	3	1.981	0	0
19	3	0.3467	1	1
19	3	0.1742	1	1
19	3	5.427	1	1
19	3	1.871	1	0
19	3	5.557	1	1
19	3	0.8708	0	0
19	3	0.988	1	1
19	3	0.401	1	1
19	3	1.922	1	0
19	3	0.4363	0	1
19	3	1.683	0	0
19	3	0.7683	0	0
19	3	5.279	1	1
19	3	0.1054	0	1
19	3	1.727	0	1
19	3	0.5358	0	0
19	3	0.07346	1	0
19	3	0.3345	0	0
19	3	0.5901	1	1
19	3	1.668	0	0
19	3	0.7249	0	1
19	3	5.544	1	1
19	3	1.675	1	1
19	3	0.9871	1	1
19	3	1.786	1	1
19	3	5.374	1	1
19	3	0.6142	0	0
19	3	0.8304	0	0
19	3	0.1248	1	0
19	3	5.516	0	0
19	3	5.67	1	1
19	3	0.9307	0	0
19	3	0.2833	0	0
20	4	0.3533	0	1
20	4	3.569	0	0
20	4	0.8141	0	0
20	4	3.349	1	1
20	4	0.3119	0	0
20	4	3.492	0	0
20	4	0.07414	1	1
20	4	0.6277	1	0
20	4	0.3317	0	1
20	4	0.1064	0	1
20	4	0.2078	0	1
20	4	0.1218	1	1
20	4	0.9809	0	1
20	4	0.3208	0	0
20	4	0.0156	0	0
20	4	1.107	0	0
20	4	1.067	1	1
20	4	0.5506	1	1
20	4	0.6434	1	0
20	4	0.2369	1	0
20	4	0.04723	1	1
20	4	0.2365	0	1
20	4	0.8064	1	0
20	4	1.227	0	0
20	4	0.1478	1	0
20	4	3.976	1	1
20	4	0.2203	1	0
20	4	0.1401	0	1
20	4	1.073	1	0
20	4	3.886	1	1
20	4	0.1386	1	0
20	4	3.541	1	1
20	4	0.2805	0	0
20	4	0.4456	0	0
20	4	0.6727	1	0
20	4	0.9726	0	0
20	4	1.31	0	0
20	4	0.8898	0	0
20	4	3.672	0	0
20	4	0.07512	0	0
20	4	1.129	1	1
20	4	0.4856	0	1
20	4	0.1779	1	0
20	4	0.06616	1	1
20	4	0.1915	0	0
20	4	3.706	1	1
20	4	0.02154	1	0
20	4	0.08916	1	0
20	4	3.872	0	0
20	4	3.839	0	0
21	4	0.02812	0	0
21	4	0.9581	0	0
21	4	0.2965	0	0
21	4	0.397	1	1
21	4	3.417	1	1
21	4	0.04926	0	1
21	4	3.483	1	1
21	4	0.2394	1	1
21	4	3.929	1	1
21	4	0.9489	1	0
21	4	0.3263	0	1
21	4	1.177	1	1
21	4	0.5518	0	0
21	4	0.7525	1	1
21	4	0.1038	0	1
21	4	0.5489	1	1
21	4	0.2375	1	1
21	4	3.643	0	0
21	4	0.8095	1	1
21	4	0.3351	1	0
21	4	0.6316	0	1
21	4	0.1779	0	0
21	4	3.257	0	0
21	4	0.4661	1	1
21	4	0.03448	0	1
21	4	1.055	0	0
21	4	0.09649	1	0
21	4	0.9037	1	1
21	4	0.794	1	1
21	4	0.1922	0	1
21	4	0.2111	1	0
21	4	3.513	1	1
21	4	0.2951	1	0
21	4	0.009077	1	0
21	4	0.618	1	1
21	4	0.6195	0	1
21	4	1.202	0	0
21	4	0.2192	0	1
21	4	0.558	1	1
21	4	0.1997	0	1
21	4	0.1419	0	0
21	4	0.6934	0	1
21	4	3.656	0	0
21	4	3.795	0	0
21	4	3.447	1	1
21	4	0.6224	0	0
21	4	0.1974	0	1
21	4	3.686	0	0
21	4	0.1201	1	0
21	4	0.2994	0	0
22	4	0.4576	0	1
22	4	0.6775	0	0
22	4	0.8159	0	0
22	4	0.1278	1	1
22	4	0.03704	0	1
22	4	0.1923	0	1
22	4	3.948	0	0
22	4	0.7122	1	1
22	4	0.3817	1	1
22	4	0.4643	0	0
22	4	0.04462	0	1
22	4	0.1421	1	0
22	4	3.634	1	1
22	4	0.1091	0	1
22	4	0.2351	0	1
22	4	0.9952	1	0
22	4	3.485	1	1
22	4	0.1952	0	0
22	4	0.3201	1	1
22	4	0.2413	0	1
22	4	0.8811	0	1
22	4	0.4605	1	0
22	4	0.2587	0	1
22	4	0.3603	0	0
22	4	0.4846	1	1
22	4	0.2538	0	1
22	4	0.4492	1	1
22	4	3.701	1	1
22	4	0.9357	1	1
22	4	3.868	0	1
22	4	0.3068	1	1
22	4	3.737	1	1
22	4	0.9474	1	1
22	4	0.4485	0	0
22	4	0.3519	0	0
22	4	0.8304	0	0
22	4	0.2886	0	0
22	4	3.47	0	0
22	4	0.1685	0	1
22	4	0.2272	0	0
22	4	0.8023	1	1
22	4	3.695	1	1
22	4	0.2528	0	0
22	4	0.8011	1	0
22	4	0.1402	1	1
22	4	0.4782	1	0
22	4	0.3599	1	0
22	4	3.765	1	1
22	4	3.559	1	1
22	4	0.386	1	1
23	4	0.6949	0	0
23	4	0.01253	1	0
23	4	0.2497	0	1
23	4	3.658	1	1
23	4	0.272	1	1
23	4	3.285	1	1
23	4	3.523	1	1
23	4	3.699	1	1
23	4	0.4304	1	0
23	4	0.5893	0	0
23	4	0.08042	1	0
23	4	0.7867	0	0
23	4	3.82	1	1
23	4	0.2772	0	0
23	4	3.576	0	0
23	4	0.3154	1	0
23	4	0.2719	0	0
23	4	0.1605	0	0
23	4	0.9504	1	0
23	4	0.7693	0	0
23	4	0.6043	1	1
23	4	0.237	0	0
23	4	0.12	0	0
23	4	0.2952	1	1
23	4	0.0672	0	1
23	4	3.99	0	0
23	4	0.3919	0	0
23	4	0.2535	0	0
23	4	3.359	0	0
23	4	0.5621	0	1
23	4	0.09881	1	0
23	4	0.05091	0	1
23	4	1.058	1	0
23	4	0.1583	1	0
23	4	0.7953	0	0
23	4	0.1588	1	0
23	4	0.6332	1	1
23	4	3.526	1	1
23	4	0.9437	1	1
23	4	0.4919	0	1
23	4	0.2669	1	1
23	4	0.01014	1	1
23	4	3.61	1	1
23	4	0.2818	0	0
23	4	0.4934	0	0
23	4	0.7718	1	1
23	4	0.2771	1	0
23	4	0.4527	0	1
23	4	0.5821	1	1
23	4	0.1134	0	1
24	4	3.604	1	0
24	4	0.7012	0	1
24	4	0.5372	0	1
24	4	0.2535	0	1
24	4	0.6079	1	0
24	4	0.658	0	1
24	4	0.02261	0	1
24	4	0.5179	0	0
24	4	0.9659	0	0
24	4	0.1122	1	0
24	4	0.3203	1	1
24	4	0.2601	1	1
24	4	0.7244	0	0
24	4	0.3428	1	0
24	4	3.911	0	0
24	4	0.562	1	0
24	4	3.572	1	1
24	4	0.3482	1	0
24	4	0.3013	0	1
24	4	0.3611	0	1
24	4	0.7113	0	0
24	4	1.203	0	1
24	4	0.9828	1	1
24	4	0.1829	1	1
24	4	1.141	1	1
24	4	0.4787	1	1
24	4	0.5254	0	0
24	4	0.6557	1	0
24	4	0.3645	1	0
24	4	1.116	1	0
24	4	3.847	0	0
24	4	0.3884	0	0
24	4	3.613	1	1
24	4	0.3657	0	0
24	4	0.3203	1	1
24	4	3.813	0	0
24	4	0.4581	0	0
24	4	3.553	1	1
24	4	3.701	0	0
24	4	0.1463	0	0
24	4	0.5125	1	0
24	4	0.313	0	1
24	4	0.4555	0	0
24	4	0.05888	1	1
24	4	0.5004	1	0
24	4	3.607	1	1
24	4	0.09715	0	1
24	4	0.07638	1	1
24	4	3.419	0	0
24	4	0.07516	0	0
25	4	3.563	0	0
25	4	0.2834	1	0
25	4	0.6167	0	1
25	4	0.5428	1	1
25	4	0.004956	0	1
25	4	0.01048	0	0
25	4	0.7383	0	1
25	4	0.0673	0	0
25	4	0.2491	1	1
25	4	0.05598	1	1
25	4	0.0109	1	1
25	4	3.425	1	1
25	4	0.4188	1	1
25	4	0.03843	0	0
25	4	0.05537	1	0
25	4	0.7563	0	1
25	4	3.539	1	1
25	4	0.3561	0	1
25	4	0.3967	1	1
25	4	3.648	0	0
25	4	3.336	0	0
25	4	0.1721	1	0
25	4	0.4317	0	0
25	4	0.09417	1	1
25	4	1.042	1	1
25	4	0.1707	0	1
25	4	0.3218	0	0
25	4	0.9422	1	1
25	4	0.7481	0	1
25	4	3.949	0	0
25	4	0.7301	1	1
25	4	1.002	0	0
25	4	0.6756	1	0
25	4	0.763	0	1
25	4	0.6795	1	1
25	4	0.7039	1	1
25	4	0.4683	0	0
25	4	1.177	1	1
25	4	3.559	1	1
25	4	4.106	0	0
25	4	0.489	0	1
25	4	3.917	1	1
25	4	0.128	1	1
25	4	0.328	1	1
25	4	0.0002003	1	0
25	4	0.4661	1	0
25	4	0.3061	1	0
25	4	3.614	0	0
25	4	0.5922	0	1
25	4	0.8951	1	1
26	4	1.023	1	1
26	4	0.4958	0	1
26	4	0.3474	0	1
26	4	3.833	0	0
26	4	0.1326	0	1
26	4	0.03182	0	0
26	4	0.02622	0	1
26	4	0.0409	0	0
26	4	1.132	0	1
26	4	0.8496	1	0
26	4	3.064	0	1
26	4	0.449	0	0
26	4	3.816	1	0
26	4	0.2533	1	1
26	4	1.153	1	1
26	4	1.025	1	1
26	4	3.601	1	1
26	4	1.166	1	0
26	4	3.602	0	0
26	4	0.8075	1	1
26	4	0.2454	1	1
26	4	0.03611	1	1
26	4	0.5798	1	1
26	4	0.2079	0	1
26	4	3.672	1	0
26	4	0.09593	0	1
26	4	0.07384	1	0
26	4	0.4265	1	1
26	4	3.882	0	0
26	4	0.6152	0	0
26	4	0.4211	1	1
26	4	0.05932	0	1
26	4	0.3288	1	1
26	4	0.1441	0	0
26	4	3.731	0	0
26	4	0.01862	0	1
26	4	3.099	1	1
26	4	0.4403	1	1
26	4	0.4145	1	0
26	4	0.2598	1	1
26	4	0.4081	0	1
26	4	0.8371	1	1
26	4	0.4814	1	0
26	4	0.144	1	0
26	4	0.7988	1	1
26	4	1.111	1	1
26	4	0.1808	0	0
26	4	0.3113	0	1
26	4	3.332	0	0
26	4	0.03812	0	1
27	4	3.623	1	1
27	4	1.253	0	0
27	4	0.7576	1	0
27	4	0.6158	1	0
27	4	0.7246	1	1
27	4	0.4475	1	1
27	4	0.00792	0	1
27	4	0.4408	0	1
27	4	3.655	1	1
27	4	0.1863	0	1
27	4	0.1949	0	1
27	4	3.853	0	0
27	4	0.6613	0	0
27	4	0.1014	0	0
27	4	3.564	0	0
27	4	0.9905	1	1
27	4	0.6434	0	0
27	4	0.7898	1	0
27	4	0.3268	1	1
27	4	3.397	1	1
27	4	0.0121	0	0
27	4	0.1954	0	1
27	4	0.1188	0	0
27	4	0.3523	0	1
27	4	3.524	0	0
27	4	0.2613	0	0
27	4	0.5792	0	1
27	4	3.533	0	0
27	4	0.1933	1	1
27	4	0.1121	1	0
27	4	0.0915	1	0
27	4	0.2632	1	0
27	4	0.92	0	1
27	4	0.9328	1	1
27	4	0.02541	1	0
27	4	3.411	1	1
27	4	3.488	0	1
27	4	0.7554	1	1
27	4	0.8621	1	1
27	4	0.1778	1	0
27	4	0.03049	1	0
27	4	0.9833	0	0
27	4	0.07079	0	1
27	4	0.3786	0	0
27	4	3.769	1	1
27	4	0.6215	0	1
27	4	0.1981	0	0
27	4	0.4848	1	0
27	4	0.22	1	1
27	4	0.5243	0	1
28	4	0.9054	0	0
28	4	3.55	0	0
28	4	0.9913	1	0
28	4	0.1777	0	0
28	4	3.411	1	1
28	4	3.667	0	0
28	4	0.4381	0	1
28	4	1.081	1	1
28	4	0.04856	0	1
28	4	0.4056	1	0
28	4	3.585	0	0
28	4	1.013	0	1
28	4	0.2207	1	0
28	4	0.2599	1	1
28	4	0.1314	0	0
28	4	0.05756	0	1
28	4	3.774	1	0
28	4	1.052	0	0
28	4	0.4942	0	0
28	4	1.132	0	1
28	4	3.421	1	1
28	4	0.3612	1	1
28	4	0.5741	1	1
28	4	0.657	1	1
28	4	1.305	1	1
28	4	3.466	1	1
28	4	0.4763	1	1
28	4	0.3524	0	1
28	4	0.004284	0	0
28	4	0.07385	1	0
28	4	0.6734	0	0
28	4	0.3044	1	0
28	4	1.117	0	0
28	4	3.561	0	0
28	4	3.398	1	1
28	4	0.4944	1	0
28	4	0.02804	1	0
28	4	0.2107	0	1
28	4	0.3628	0	1
28	4	0.6916	1	0
28	4	0.8737	0	1
28	4	0.1346	1	1
28	4	0.1844	1	0
28	4	0.9732	0	0
28	4	3.504	1	1
28	4	0.108	0	1
28	4	0.2724	1	0
28	4	0.0368	0	1
28	4	0.6769	0	0
28	4	0.04427	0	0
29	4	0.07666	0	1
29	4	0.5272	1	0
29	4	0.1849	0	1
29	4	0.1249	1	0
29	4	0.2096	1	1
29	4	0.2402	1	1
29	4	0.5772	1	1
29	4	0.7012	0	1
29	4	3.685	0	0
29	4	0.7573	0	0
29	4	0.2701	0	1
29	4	0.8145	0	1
29	4	0.2599	0	0
29	4	0.2189	1	1
29	4	3.317	0	0
29	4	4.067	1	1
29	4	1.057	0	0
29	4	0.1117	1	1
29	4	0.1009	0	0
29	4	3.332	1	1
29	4	1.072	1	1
29	4	3.81	1	0
29	4	0.4738	0	0
29	4	0.754	1	0
29	4	0.1596	1	0
29	4	0.8214	1	1
29	4	0.541	0	0
29	4	1.075	0	0
29	4	0.629	0	0
29	4	3.625	1	1
29	4	0.2211	0	1
29	4	0.8824	0	0
29	4	0.03861	0	1
29	4	0.121	1	1
29	4	0.2742	0	0
29	4	0.02161	1	1
29	4	0.6368	0	1
29	4	0.1631	0	0
29	4	3.652	1	0
29	4	0.7294	1	1
29	4	0.6744	1	1
29	4	1.073	1	1
29	4	3.653	1	1
29	4	0.4527	0	0
29	4	0.6199	0	0
29	4	0.2132	1	0
29	4	3.589	0	0
29	4	3.453	1	0
29	4	0.2271	0	1
29	4	0.5084	0	1
30	5	0.3527	0	1
30	5	3.567	0	0
30	5	0.8131	0	0
30	5	3.362	1	0
30	5	0.3082	0	1
30	5	3.494	0	0
30	5	0.07878	1	1
30	5	0.6286	1	1
30	5	0.3306	0	0
30	5	0.1038	0	1
30	5	0.207	0	0
30	5	0.1255	1	0
30	5	0.9806	0	1
30	5	0.3207	0	0
30	5	0.01567	0	0
30	5	1.104	0	0
30	5	1.064	1	1
30	5	0.5486	1	0
30	5	0.6367	1	0
30	5	0.2378	1	1
30	5	0.04287	1	1
30	5	0.2358	0	1
30	5	0.8032	1	0
30	5	1.226	0	1
30	5	0.1455	1	1
30	5	3.978	1	1
30	5	0.2206	1	0
30	5	0.1435	0	0
30	5	1.075	1	0
30	5	3.888	1	1
30	5	0.141	1	1
30	5	3.541	1	1
30	5	0.2799	0	0
30	5	0.4564	0	0
30	5	0.669	1	0
30	5	0.9703	0	0
30	5	1.311	0	0
30	5	0.8917	0	0
30	5	3.673	0	0
30	5	0.07422	0	1
30	5	1.128	1	1
30	5	0.4892	0	0
30	5	0.1787	1	0
30	5	0.06458	1	0
30	5	0.1901	0	1
30	5	3.711	1	0
30	5	0.01906	1	1
30	5	0.08797	1	0
30	5	3.879	0	0
30	5	3.841	0	0
31	5	0.03075	0	1
31	5	0.9564	0	0
31	5	0.2998	0	0
31	5	0.3986	1	0
31	5	3.416	1	1
31	5	0.05059	0	1
31	5	3.484	1	1
31	5	0.2412	1	0
31	5	3.928	1	1
31	5	0.9449	1	0
31	5	0.3253	0	1
31	5	1.176	1	0
31	5	0.5499	0	1
31	5	0.7556	1	0
31	5	0.09987	0	1
31	5	0.5468	1	1
31	5	0.2357	1	1
31	5	3.647	0	0
31	5	0.8088	1	0
31	5	0.3315	1	0
31	5	0.6363	0	1
31	5	0.1793	0	1
31	5	3.258	0	0
31	5	0.4674	1	0
31	5	0.0326	0	0
31	5	1.052	0	0
31	5	0.0978	1	1
31	5	0.9017	1	1
31	5	0.7966	1	1
31	5	0.1924	0	1
31	5	0.2099	1	0
31	5	3.513	1	1
31	5	0.2981	1	0
31	5	0.009243	1	0
31	5	0.6173	1	1
31	5	0.6187	0	1
31	5	1.203	0	0
31	5	0.2206	0	0
31	5	0.5629	1	0
31	5	0.1994	0	1
31	5	0.1449	0	0
31	5	0.6936	0	1
31	5	4.038	0	0
31	5	3.799	0	0
31	5	3.355	1	1
31	5	0.1997	0	1
31	5	0.3772	0	0
31	5	3.716	0	0
31	5	0.4616	1	1
31	5	0.1832	1	1
32	5	0.7324	0	1
32	5	0.3763	0	0
32	5	0.8939	0	0
32	5	0.3131	1	0
32	5	0.09392	0	1
32	5	0.4397	1	1
32	5	3.579	0	0
32	5	0.9896	1	1
32	5	0.1852	1	1
32	5	0.5678	0	1
32	5	0.2251	1	1
32	5	0.2112	1	0
32	5	3.624	1	1
32	5	0.3188	0	1
32	5	0.1996	0	0
32	5	0.8913	1	0
32	5	3.914	1	0
32	5	0.2643	0	0
32	5	0.9146	1	0
32	5	0.6816	0	1
32	5	0.9364	0	1
32	5	0.1001	0	1
32	5	0.5427	0	0
32	5	0.01981	1	0
32	5	0.08691	1	1
32	5	0.6713	0	1
32	5	0.5471	1	1
32	5	4.135	1	1
32	5	1.016	1	1
32	5	3.357	0	1
32	5	0.0232	1	0
32	5	3.867	1	1
32	5	0.922	1	0
32	5	0.2675	0	1
32	5	0.351	0	0
32	5	0.9639	0	0
32	5	0.2456	0	0
32	5	3.882	0	0
32	5	0.3343	0	0
32	5	0.3229	0	1
32	5	0.9091	1	1
32	5	3.828	1	1
32	5	0.2452	0	0
32	5	0.802	1	0
32	5	0.1411	1	1
32	5	0.4808	1	1
32	5	0.3584	1	1
32	5	3.765	1	1
32	5	3.558	1	1
32	5	0.3839	1	0
33	5	0.6881	0	0
33	5	0.01065	1	0
33	5	0.2489	0	0
33	5	3.659	1	1
33	5	0.2733	1	0
33	5	3.284	1	1
33	5	3.528	1	1
33	5	3.698	1	1
33	5	0.4348	1	1
33	5	0.5923	0	0
33	5	0.08224	1	0
33	5	0.7864	0	1
33	5	3.821	1	1
33	5	0.271	0	0
33	5	3.577	0	0
33	5	0.3161	1	1
33	5	0.275	0	0
33	5	0.1649	0	0
33	5	0.9508	1	1
33	5	0.772	0	0
33	5	0.6039	1	0
33	5	0.2375	0	1
33	5	0.1211	0	0
33	5	0.2945	1	0
33	5	0.06788	0	0
33	5	3.992	0	0
33	5	0.3926	0	1
33	5	0.2559	0	0
33	5	3.36	0	0
33	5	0.5618	0	1
33	5	0.09587	1	0
33	5	0.05444	0	0
33	5	1.057	1	0
33	5	0.1578	1	1
33	5	0.7966	0	1
33	5	0.1609	1	1
33	5	0.634	1	1
33	5	3.529	1	1
33	5	0.947	1	1
33	5	0.4967	0	0
33	5	0.2626	1	1
33	5	0.008817	1	1
33	5	3.606	1	1
33	5	0.2822	0	0
33	5	0.4941	0	0
33	5	0.7709	1	1
33	5	0.2766	1	1
33	5	0.4512	0	0
33	5	0.5816	1	0
33	5	0.1128	0	0
34	5	3.604	1	0
34	5	0.701	0	1
34	5	0.538	0	1
34	5	0.2557	0	1
34	5	0.6096	1	0
34	5	0.6564	0	1
34	5	0.02592	0	0
34	5	0.5208	0	1
34	5	0.9668	0	0
34	5	0.1036	1	1
34	5	0.3209	1	1
34	5	0.2613	1	1
34	5	0.7197	0	0
34	5	0.3407	1	0
34	5	3.911	0	0
34	5	0.5579	1	0
34	5	3.57	1	1
34	5	0.3562	1	1
34	5	0.3013	0	1
34	5	0.3599	0	0
34	5	0.7098	0	0
34	5	1.204	0	1
34	5	0.9788	1	0
34	5	0.1803	1	0
34	5	1.141	1	1
34	5	0.4872	1	1
34	5	0.5285	0	1
34	5	0.6564	1	1
34	5	0.3618	1	1
34	5	1.112	1	1
34	5	3.845	0	0
34	5	0.3876	0	1
34	5	3.612	1	1
34	5	0.3603	0	1
34	5	0.3202	1	1
34	5	3.819	0	0
34	5	0.4579	0	0
34	5	3.555	1	1
34	5	3.705	0	0
34	5	0.1496	0	0
34	5	0.5109	1	0
34	5	0.3136	0	1
34	5	0.4559	0	1
34	5	0.0587	1	0
34	5	0.4985	1	0
34	5	3.606	1	1
34	5	0.09784	0	0
34	5	0.07875	1	1
34	5	3.422	0	0
34	5	0.07318	0	0
35	5	3.567	0	0
35	5	0.2855	1	0
35	5	0.6137	0	1
35	5	0.5417	1	1
35	5	0.0002079	0	1
35	5	0.01509	0	0
35	5	0.7459	0	0
35	5	0.07086	0	1
35	5	0.2497	1	1
35	5	0.05413	1	0
35	5	0.01145	1	1
35	5	3.425	1	1
35	5	0.4183	1	1
35	5	0.03635	0	0
35	5	0.05377	1	0
35	5	0.7596	0	0
35	5	3.538	1	1
35	5	0.3576	0	0
35	5	0.3932	1	0
35	5	3.649	0	0
35	5	3.336	0	0
35	5	0.1696	1	0
35	5	0.4303	0	0
35	5	0.09571	1	0
35	5	1.042	1	0
35	5	0.1716	0	1
35	5	0.3208	0	0
35	5	0.9426	1	1
35	5	0.7488	0	1
35	5	3.946	0	0
35	5	0.7314	1	1
35	5	1.002	0	1
35	5	0.672	1	0
35	5	0.7597	0	1
35	5	0.6788	1	1
35	5	0.7025	1	1
35	5	0.4668	0	0
35	5	1.178	1	0
35	5	3.56	1	1
35	5	4.107	0	0
35	5	0.4895	0	1
35	5	3.921	1	1
35	5	0.1291	1	1
35	5	0.329	1	1
35	5	0.003599	1	1
35	5	0.465	1	1
35	5	0.3012	1	1
35	5	3.613	0	0
35	5	0.5951	0	1
35	5	0.8931	1	0
36	5	1.02	1	1
36	5	0.4972	0	0
36	5	0.3481	0	1
36	5	3.835	0	0
36	5	0.1356	0	0
36	5	0.03298	0	0
36	5	0.02651	0	0
36	5	0.04197	0	1
36	5	1.129	0	1
36	5	0.8536	1	0
36	5	3.07	0	0
36	5	0.4494	0	1
36	5	3.813	1	1
36	5	0.2578	1	1
36	5	1.154	1	1
36	5	1.025	1	1
36	5	3.604	1	1
36	5	1.171	1	1
36	5	3.602	0	0
36	5	0.8058	1	0
36	5	0.2467	1	0
36	5	0.0354	1	0
36	5	0.5797	1	1
36	5	0.2105	0	1
36	5	3.67	1	1
36	5	0.09648	0	1
36	5	0.0742	1	0
36	5	0.4269	1	0
36	5	3.882	0	1
36	5	0.614	0	0
36	5	0.4208	1	0
36	5	0.05911	0	1
36	5	0.3272	1	1
36	5	0.1464	0	0
36	5	3.735	0	0
36	5	0.01471	0	1
36	5	3.104	1	1
36	5	0.4384	1	0
36	5	0.4149	1	0
36	5	0.2609	1	1
36	5	0.4042	0	1
36	5	0.8365	1	1
36	5	0.4787	1	1
36	5	0.1421	1	1
36	5	0.8004	1	1
36	5	1.108	1	1
36	5	0.1803	0	0
36	5	0.3072	0	1
36	5	3.33	0	0
36	5	0.03712	0	1
37	5	3.62	1	0
37	5	1.255	0	0
37	5	0.757	1	1
37	5	0.6165	1	1
37	5	0.7289	1	1
37	5	0.445	1	0
37	5	0.007941	0	0
37	5	0.4369	0	1
37	5	3.658	1	1
37	5	0.191	0	1
37	5	0.1955	0	1
37	5	3.855	0	1
37	5	0.6599	0	0
37	5	0.1029	0	0
37	5	3.568	0	0
37	5	0.9897	1	1
37	5	0.6459	0	1
37	5	0.7913	1	0
37	5	0.3247	1	1
37	5	3.397	1	1
37	5	0.01425	0	1
37	5	0.194	0	0
37	5	0.1194	0	1
37	5	0.3505	0	0
37	5	3.524	0	1
37	5	0.2624	0	0
37	5	0.5746	0	0
37	5	3.533	0	0
37	5	0.1907	1	1
37	5	0.112	1	1
37	5	0.09117	1	1
37	5	0.2619	1	0
37	5	0.9231	0	1
37	5	0.9273	1	0
37	5	0.02281	1	1
37	5	3.407	1	1
37	5	3.49	0	0
37	5	0.7516	1	0
37	5	0.8634	1	0
37	5	0.1783	1	1
37	5	0.02725	1	1
37	5	0.9815	0	0
37	5	0.06803	0	1
37	5	0.3834	0	0
37	5	3.768	1	1
37	5	0.6209	0	0
37	5	0.2006	0	0
37	5	0.4832	1	0
37	5	0.2198	1	0
37	5	0.5228	0	1
38	5	0.9094	0	0
38	5	3.555	0	0
38	5	0.9888	1	0
38	5	0.1804	0	1
38	5	3.412	1	0
38	5	3.668	0	0
38	5	0.438	0	0
38	5	1.078	1	1
38	5	0.05166	0	1
38	5	0.4109	1	1
38	5	3.586	0	0
38	5	1.014	0	0
38	5	0.2209	1	1
38	5	0.2607	1	1
38	5	0.1318	0	1
38	5	0.05649	0	1
38	5	3.778	1	1
38	5	1.047	0	0
38	5	0.4949	0	0
38	5	1.133	0	0
38	5	3.417	1	1
38	5	0.3647	1	1
38	5	0.575	1	1
38	5	0.66	1	1
38	5	1.306	1	0
38	5	3.468	1	1
38	5	0.4811	1	1
38	5	0.3533	0	1
38	5	0.006705	0	0
38	5	0.07568	1	1
38	5	0.6701	0	0
38	5	0.3082	1	1
38	5	1.121	0	0
38	5	3.563	0	0
38	5	3.404	1	1
38	5	0.4928	1	0
38	5	0.03174	1	1
38	5	0.2135	0	1
38	5	0.3592	0	1
38	5	0.6891	1	0
38	5	0.8729	0	0
38	5	0.1354	1	0
38	5	0.1857	1	0
38	5	0.9758	0	0
38	5	3.509	1	1
38	5	0.1078	0	1
38	5	0.2726	1	0
38	5	0.03819	0	0
38	5	0.6774	0	1
38	5	0.0447	0	0
39	5	0.07508	0	0
39	5	0.5247	1	1
39	5	0.1821	0	1
39	5	0.1234	1	0
39	5	0.2036	1	1
39	5	0.2412	1	1
39	5	0.5775	1	0
39	5	0.7079	0	0
39	5	3.693	0	0
39	5	0.7567	0	0
39	5	0.2683	0	0
39	5	0.8162	0	0
39	5	0.2609	0	0
39	5	0.2167	1	0
39	5	3.32	0	0
39	5	4.067	1	1
39	5	1.06	0	1
39	5	0.1113	1	0
39	5	0.103	0	0
39	5	3.333	1	1
39	5	1.074	1	1
39	5	3.814	1	1
39	5	0.4729	0	0
39	5	0.752	1	1
39	5	0.1566	1	1
39	5	0.8199	1	0
39	5	0.5405	0	0
39	5	1.08	0	1
39	5	0.6303	0	0
39	5	3.625	1	1
39	5	0.2197	0	1
39	5	0.8827	0	1
39	5	0.03651	0	1
39	5	0.1261	1	1
39	5	0.2729	0	1
39	5	0.01926	1	0
39	5	0.6369	0	0
39	5	0.1617	0	0
39	5	3.656	1	1
39	5	0.7284	1	0
39	5	0.6753	1	1
39	5	3.651	1	0
39	5	0.6206	0	1
39	5	0.2098	1	1
39	5	3.592	0	0
39	5	3.451	1	1
39	5	0.2255	0	1
39	5	0.5091	0	1
40	6	0.353	0	0
40	6	3.568	0	0
40	6	0.8135	0	0
40	6	3.349	1	1
40	6	0.3123	0	0
40	6	3.491	0	0
40	6	0.07195	1	0
40	6	0.6277	1	0
40	6	0.3313	0	1
40	6	0.1061	0	1
40	6	0.2066	0	0
40	6	0.1234	1	0
40	6	0.9789	0	0
40	6	0.3211	0	0
40	6	0.01661	0	0
40	6	1.108	0	0
40	6	1.067	1	0
40	6	0.5505	1	1
40	6	0.6356	1	0
40	6	0.2365	1	0
40	6	0.04575	1	1
40	6	0.2352	0	1
40	6	0.8043	1	0
40	6	1.227	0	0
40	6	0.1476	1	1
40	6	3.976	1	1
40	6	0.2208	1	0
40	6	0.1401	0	0
40	6	1.073	1	0
40	6	3.885	1	1
40	6	0.1397	1	0
40	6	3.542	1	1
40	6	0.2805	0	1
40	6	0.445	0	1
40	6	0.6693	1	0
40	6	0.9728	0	0
40	6	1.31	0	0
40	6	0.8901	0	0
40	6	3.672	0	0
40	6	0.07703	0	1
40	6	1.129	1	1
40	6	0.4857	0	1
40	6	0.1786	1	0
40	6	0.06668	1	0
40	6	0.1891	0	1
40	6	3.708	1	0
40	6	0.02101	1	1
40	6	0.08968	1	0
40	6	3.873	0	1
40	6	3.84	0	0
41	6	0.02873	0	1
41	6	0.9577	0	0
41	6	0.2968	0	0
41	6	0.3991	1	1
41	6	3.417	1	1
41	6	0.0496	0	1
41	6	3.484	1	1
41	6	0.2381	1	1
41	6	3.929	1	1
41	6	0.9475	1	1
41	6	0.3261	0	0
41	6	1.176	1	0
41	6	0.5504	0	1
41	6	0.7549	1	0
41	6	0.1023	0	1
41	6	0.5494	1	0
41	6	0.2365	1	1
41	6	3.643	0	0
41	6	0.8082	1	1
41	6	0.3332	1	0
41	6	0.6333	0	1
41	6	0.1776	0	0
41	6	3.257	0	0
41	6	0.4677	1	0
41	6	0.03467	0	1
41	6	1.055	0	0
41	6	0.09772	1	1
41	6	0.9052	1	1
41	6	0.7949	1	1
41	6	0.1908	0	1
41	6	0.2115	1	1
41	6	3.513	1	0
41	6	0.2951	1	1
41	6	0.01055	1	1
41	6	0.6183	1	1
41	6	0.6177	0	1
41	6	1.203	0	0
41	6	0.2211	0	0
41	6	0.5574	1	1
41	6	0.2015	0	1
41	6	0.142	0	0
41	6	0.6925	0	0
41	6	3.655	0	1
41	6	3.799	0	0
41	6	3.447	1	1
41	6	0.6232	0	1
41	6	0.1984	0	0
41	6	3.685	0	0
41	6	0.1212	1	0
41	6	0.2992	0	0
42	6	0.4579	0	1
42	6	0.6776	0	0
42	6	0.8162	0	0
42	6	0.1285	1	1
42	6	0.03641	0	1
42	6	0.1927	0	1
42	6	3.949	0	1
42	6	0.7111	1	1
42	6	0.3817	1	0
42	6	0.4647	0	1
42	6	0.04384	0	0
42	6	0.1419	1	1
42	6	3.636	1	1
42	6	0.109	0	1
42	6	0.2345	0	1
42	6	0.9951	1	0
42	6	3.484	1	1
42	6	0.1948	0	1
42	6	0.3193	1	1
42	6	0.2413	0	1
42	6	0.8794	0	1
42	6	0.4609	1	1
42	6	0.2582	0	0
42	6	0.3629	0	1
42	6	0.485	1	1
42	6	0.2525	0	1
42	6	0.4503	1	0
42	6	3.7	1	1
42	6	0.9352	1	1
42	6	3.867	0	0
42	6	0.3062	1	1
42	6	3.736	1	1
42	6	0.9476	1	0
42	6	0.448	0	0
42	6	0.3509	0	1
42	6	0.8315	0	1
42	6	0.2884	0	0
42	6	3.47	0	0
42	6	0.1715	0	1
42	6	0.2277	0	0
42	6	0.8019	1	1
42	6	3.695	1	1
42	6	0.2519	0	0
42	6	0.7997	1	1
42	6	0.1397	1	1
42	6	0.4806	1	1
42	6	0.3601	1	0
42	6	3.764	1	1
42	6	3.56	1	0
42	6	0.3854	1	1
43	6	0.02934	0	0
43	6	1.045	0	0
43	6	3.794	1	1
43	6	0.09495	1	1
43	6	1.119	0	1
43	6	3.549	0	0
43	6	0.1478	0	1
43	6	0.2229	1	1
43	6	0.9873	0	0
43	6	3.431	1	1
43	6	1.11	1	1
43	6	0.1181	0	1
43	6	0.7399	1	1
43	6	0.5306	0	1
43	6	1.071	1	0
43	6	3.612	1	1
43	6	3.571	0	0
43	6	0.4166	1	1
43	6	0.3055	0	0
43	6	0.919	0	0
43	6	3.377	0	0
43	6	0.3724	1	0
43	6	1.162	1	1
43	6	4.094	0	0
43	6	0.9239	0	1
43	6	0.4799	1	0
43	6	0.6162	1	1
43	6	0.2404	0	1
43	6	0.6062	1	0
43	6	0.608	0	0
43	6	0.04566	1	0
43	6	0.2487	1	1
43	6	0.2871	1	1
43	6	0.4789	0	1
43	6	0.3758	1	1
43	6	0.06667	0	0
43	6	0.3477	1	1
43	6	0.2326	1	1
43	6	0.2825	1	0
43	6	3.64	1	1
43	6	0.4564	0	1
43	6	3.712	1	0
43	6	0.6556	1	1
43	6	0.2952	0	1
43	6	0.3078	0	0
43	6	0.5212	1	0
43	6	0.04378	0	0
43	6	0.3415	1	1
43	6	0.4989	0	1
43	6	3.709	0	0
44	6	0.7068	1	0
44	6	1.123	0	1
44	6	0.3266	1	0
44	6	0.2154	1	1
44	6	0.6733	0	1
44	6	0.2246	0	1
44	6	0.4962	1	0
44	6	3.775	1	1
44	6	0.5936	0	1
44	6	3.738	0	0
44	6	0.4678	1	1
44	6	3.443	1	1
44	6	0.0002985	1	1
44	6	0.1031	0	1
44	6	0.7297	1	0
44	6	0.03842	0	1
44	6	3.626	0	0
44	6	0.9117	1	1
44	6	0.159	0	1
44	6	0.01268	0	0
44	6	0.2759	1	1
44	6	0.5223	1	1
44	6	0.897	0	1
44	6	0.6748	1	1
44	6	0.08055	1	1
44	6	0.4859	1	1
44	6	3.756	0	0
44	6	3.491	0	0
44	6	3.416	0	0
44	6	0.411	0	1
44	6	0.8743	0	1
44	6	0.3364	1	0
44	6	0.5195	1	1
44	6	3.836	0	0
44	6	0.2022	0	0
44	6	3.624	0	1
44	6	0.4274	1	1
44	6	0.6133	0	0
44	6	0.5302	0	1
44	6	1.002	1	0
44	6	0.175	1	1
44	6	0.3819	1	1
44	6	3.919	0	0
44	6	0.2341	0	0
44	6	0.402	0	0
44	6	0.06529	0	1
44	6	0.7589	1	1
44	6	0.633	1	1
44	6	0.4175	1	0
44	6	0.3153	0	1
45	6	0.5285	0	0
45	6	0.2165	0	0
45	6	0.5562	0	1
45	6	3.255	1	1
45	6	0.08239	0	1
45	6	0.3613	0	1
45	6	0.01868	0	1
45	6	0.7764	0	1
45	6	3.675	1	1
45	6	0.002959	0	1
45	6	0.8113	0	1
45	6	3.896	1	0
45	6	0.1562	0	1
45	6	0.5781	0	1
45	6	0.2363	1	1
45	6	0.1591	1	1
45	6	3.81	0	1
45	6	0.2251	1	1
45	6	0.0319	1	1
45	6	0.5429	0	1
45	6	0.1611	1	1
45	6	0.3755	1	0
45	6	3.508	0	0
45	6	0.8426	1	1
45	6	0.4322	0	1
45	6	3.831	0	1
45	6	1.06	1	1
45	6	0.6627	0	0
45	6	1.311	1	0
45	6	0.2751	0	1
45	6	0.3343	1	1
45	6	0.1366	1	1
45	6	1.188	0	1
45	6	0.4992	1	1
45	6	3.62	1	1
45	6	3.887	0	1
45	6	0.4362	0	0
45	6	0.03226	1	1
45	6	0.3796	0	1
45	6	0.1877	1	0
45	6	3.461	0	1
45	6	0.712	0	0
45	6	0.4543	1	1
45	6	0.8896	0	1
45	6	1.14	1	1
45	6	0.1687	0	0
45	6	3.571	0	0
45	6	0.2726	0	1
45	6	1.172	0	0
45	6	0.9035	1	0
46	6	3.698	0	0
46	6	0.1823	0	0
46	6	0.248	1	0
46	6	3.43	1	1
46	6	0.7893	0	1
46	6	0.03387	1	1
46	6	0.4565	0	1
46	6	0.1554	0	1
46	6	1.197	0	0
46	6	0.4526	0	0
46	6	0.184	1	1
46	6	3.982	1	1
46	6	3.577	0	1
46	6	3.517	1	1
46	6	0.2937	0	1
46	6	0.3743	1	1
46	6	3.587	0	0
46	6	1.071	0	0
46	6	0.02014	0	0
46	6	0.1489	1	1
46	6	0.5283	0	1
46	6	0.3953	1	1
46	6	1.219	0	1
46	6	0.1534	0	1
46	6	0.02321	1	1
46	6	3.887	0	0
46	6	0.09913	1	0
46	6	0.891	1	1
46	6	3.829	0	0
46	6	0.3364	0	1
46	6	0.03042	1	0
46	6	0.2029	1	0
46	6	3.975	0	0
46	6	1.037	1	1
46	6	0.1153	1	0
46	6	0.7552	1	1
46	6	0.1923	1	1
46	6	0.9861	1	1
46	6	0.418	1	0
46	6	0.01582	0	1
46	6	0.0743	1	0
46	6	0.2119	0	0
46	6	3.633	0	0
46	6	0.3107	0	0
46	6	0.7605	0	0
46	6	1.029	1	1
46	6	0.2677	1	1
46	6	0.3476	1	1
46	6	0.2354	1	0
46	6	1.035	1	1
47	6	0.001407	0	1
47	6	1.173	0	0
47	6	3.634	1	1
47	6	0.7084	0	1
47	6	0.551	0	1
47	6	0.4912	0	0
47	6	4.222	1	0
47	6	0.2097	0	1
47	6	0.9316	0	1
47	6	1.147	1	1
47	6	0.1747	0	1
47	6	0.9452	0	0
47	6	3.77	1	1
47	6	0.3103	1	1
47	6	0.5184	1	1
47	6	0.3792	1	0
47	6	0.04158	1	1
47	6	0.2032	0	0
47	6	3.394	1	1
47	6	0.7283	0	0
47	6	3.365	1	1
47	6	0.5209	0	1
47	6	0.8687	1	1
47	6	0.009089	0	1
47	6	0.2239	1	1
47	6	0.109	0	0
47	6	0.2307	1	0
47	6	3.842	1	1
47	6	0.0808	1	1
47	6	3.772	1	1
47	6	0.2779	0	1
47	6	0.04437	1	0
47	6	0.6289	0	1
47	6	3.723	1	0
47	6	0.8818	0	1
47	6	3.649	0	1
47	6	0.1336	1	0
47	6	0.003654	1	1
47	6	0.2599	0	0
47	6	0.3059	1	0
47	6	0.2213	0	1
47	6	0.1664	0	1
47	6	4.068	1	1
47	6	0.2099	0	1
47	6	0.9988	0	0
47	6	0.3886	1	0
47	6	0.0676	1	0
47	6	0.9908	0	0
47	6	0.4363	0	1
47	6	0.337	0	1
48	6	0.1221	1	0
48	6	3.642	0	1
48	6	1.568	0	0
48	6	0.6883	0	0
48	6	0.2107	0	0
48	6	0.8221	1	1
48	6	3.454	1	1
48	6	0.3851	1	1
48	6	0.8327	0	0
48	6	1.055	0	1
48	6	0.6725	1	0
48	6	0.2453	0	0
48	6	0.03805	0	0
48	6	3.212	0	0
48	6	3.664	1	1
48	6	0.2847	1	1
48	6	0.06229	1	0
48	6	0.02269	0	0
48	6	3.418	1	0
48	6	0.3036	0	0
48	6	0.6324	1	0
48	6	0.7137	0	0
48	6	4.011	1	1
48	6	0.9584	0	1
48	6	0.03271	0	0
48	6	0.6328	1	1
48	6	0.4751	1	0
48	6	0.1948	0	0
48	6	0.1488	0	0
48	6	0.3893	0	0
48	6	0.5649	1	0
48	6	0.5237	0	1
48	6	0.1947	1	1
48	6	3.827	1	1
48	6	0.06935	1	0
48	6	3.434	1	0
48	6	0.2302	1	1
48	6	0.3361	1	1
48	6	0.3105	0	1
48	6	0.6551	1	1
48	6	3.921	0	1
48	6	1.045	0	1
48	6	0.2349	0	1
48	6	1.001	1	0
48	6	3.307	1	1
48	6	0.1869	1	1
48	6	0.1904	0	1
48	6	0.741	0	1
48	6	0.4309	0	1
48	6	0.3743	0	1
49	6	3.727	1	1
49	6	0.1545	1	1
49	6	0.5718	0	1
49	6	0.4687	0	0
49	6	0.9753	0	0
49	6	3.35	1	1
49	6	1.183	1	1
49	6	0.007888	1	0
49	6	0.02346	1	1
49	6	0.4745	0	0
49	6	0.8285	0	1
49	6	0.6726	0	1
49	6	0.2303	0	0
49	6	0.007561	0	0
49	6	0.66	0	1
49	6	3.495	0	0
49	6	3.495	1	1
49	6	3.932	1	1
49	6	0.02199	0	0
49	6	0.4251	1	0
49	6	0.2512	1	1
49	6	3.86	0	0
49	6	0.4161	0	0
49	6	0.6717	1	0
49	6	0.5816	1	0
49	6	0.5669	0	0
49	6	1.034	0	1
49	6	0.2653	1	0
49	6	0.3933	0	0
49	6	0.2997	1	0
49	6	3.936	1	1
49	6	3.428	0	0
49	6	0.3423	1	0
49	6	0.04349	0	1
49	6	3.224	1	1
49	6	0.284	1	0
49	6	0.06954	1	1
49	6	1.021	0	1
49	6	0.9649	1	1
49	6	0.2429	1	1
49	6	0.6684	0	1
49	6	0.6491	0	0
49	6	0.09832	0	0
49	6	0.03992	0	0
49	6	0.4394	0	0
49	6	0.2553	1	0
49	6	3.774	0	0
49	6	0.7935	1	0
49	6	0.9504	0	0
49	6	0.2563	1	0
