0	2	1.512	1	0	0.4578
0	2	1.832	1	1	-0.7477
0	2	3.792	0	0	0.2205
0	2	5.556	1	1	1.112
0	2	1.64	0	0	1.004
0	2	3.713	0	0	1.188
0	2	0.1375	0	0	0.1461
0	2	2.058	0	0	0.05819
0	2	1.084	0	0	0.7008
0	2	3.6	0	0	0.07228
0	2	0.4328	0	0	0.1322
0	2	0.3027	0	0	0.05037
0	2	0.5018	0	0	0.8572
0	2	0.8121	1	0	-0.004471
0	2	5.294	0	0	-0.3456
0	2	0.3631	1	1	0.3298
0	2	0.5964	1	0	-0.3083
0	2	1.722	1	1	0.1159
0	2	0.4406	0	1	0.4176
0	2	3.296	1	1	-0.3671
0	2	1.632	0	0	-0.9613
0	2	1.717	1	1	-2.365
0	2	3.493	0	1	-0.8427
0	2	5.47	1	1	0.3108
0	2	5.465	0	0	0.4639
0	2	3.544	0	0	0.7585
0	2	1.059	1	0	-0.03302
0	2	1.301	0	0	-0.3684
0	2	0.5744	1	1	0.2857
0	2	5.152	1	1	-0.3366
0	2	5.461	0	1	0.7561
0	2	3.775	0	0	-0.1054
0	2	5.028	1	1	0.2495
0	2	3.447	0	0	-1.221
0	2	1.696	0	0	0.0334
0	2	1.733	0	0	0.105
0	2	3.54	1	1	0.3329
0	2	0.6487	1	1	0.6123
0	2	0.491	1	1	-4.427
0	2	1.131	1	1	-2.903
0	2	5.421	0	0	-0.2587
0	2	1.181	1	0	0.2165
0	2	0.7922	0	0	-0.7521
0	2	0.5541	0	1	0.4884
0	2	1.633	1	1	0.6292
0	2	1.728	1	1	1.229
0	2	1.085	1	1	1.196
0	2	5.398	1	1	0.2658
0	2	5.376	1	1	0.6725
0	2	3.366	1	1	0.07241
1	2	0.5209	1	0	1.049
1	2	0.6711	0	1	1.225
1	2	1.457	1	0	0.8778
1	2	3.631	0	0	0.473
1	2	0.5988	1	0	0.3817
1	2	3.75	0	0	0.1213
1	2	3.417	1	1	0.3623
1	2	0.6556	1	0	-0.07791
1	2	5.46	1	1	-0.3757
1	2	0.6306	0	0	-0.2817
1	2	5.559	0	0	-0.3526
1	2	1.142	1	0	-0.002633
1	2	1.36	0	0	-0.1929
1	2	0.399	0	0	-0.2855
1	2	3.136	1	1	-0.3789
1	2	5.469	1	1	0.7396
1	2	0.847	1	1	-1.703
1	2	0.5081	1	0	-1.575
1	2	0.4989	1	1	0.3911
1	2	0.5321	1	0	0.4206
1	2	3.622	1	1	1.024
1	2	1.859	0	0	0.1001
1	2	5.549	1	1	0.814
1	2	0.933	1	1	-0.5491
1	2	1.793	0	0	-0.1324
1	2	1.949	0	1	-1.216
1	2	0.8836	1	1	0.8527
1	2	3.613	0	0	0.814
1	2	5.506	1	1	0.1441
1	2	0.6085	0	0	0.3614
1	2	5.196	0	0	0.9235
1	2	5.76	0	0	-0.5339
1	2	0.3689	0	1	0.8291
1	2	3.662	0	0	-4.049
1	2	5.561	0	0	-1.183
1	2	0.842	0	0	-2.633
1	2	3.345	0	0	-0.4498
1	2	1.926	1	0	-0.2262
1	2	1.739	0	0	-1.106
1	2	0.7018	0	0	-0.03611
1	2	1.671	1	0	0.2255
1	2	3.896	0	0	0.3878
1	2	0.6353	1	1	-0.3881
1	2	5.606	0	0	-0.2502
1	2	2.101	0	0	-0.7393
1	2	3.911	0	0	0.2537
1	2	5.201	1	1	1.002
1	2	0.7256	0	0	1.149
1	2	1.223	1	1	1.324
1	2	1.711	1	1	-1.913
2	2	1.774	1	1	0.537
2	2	0.2228	0	1	-0.7557
2	2	2.017	1	0	0.8492
2	2	1.982	1	1	0.4681
2	2	5.132	0	0	-0.006944
2	2	1.844	0	1	-0.5985
2	2	2.078	0	0	0.03099
2	2	0.3262	1	0	0.03002
2	2	3.707	1	1	-1.101
2	2	0.766	0	0	0.08529
2	2	0.7448	1	1	0.09831
2	2	1.137	1	1	-0.583
2	2	1.869	1	1	-0.7988
2	2	1.022	0	0	-1.029
2	2	0.5827	1	1	0.5782
2	2	0.7409	0	0	-0.4099
2	2	1.969	0	0	0.5103
2	2	1.866	1	1	0.7417
2	2	5.132	1	1	0.1704
2	2	3.327	1	1	0.5934
2	2	1.232	0	0	-0.7671
2	2	1.913	1	1	-1.721
2	2	3.491	0	0	-1.275
2	2	0.5351	1	1	1.382
2	2	0.1788	1	0	-0.4172
2	2	3.727	0	0	-0.7546
2	2	1.264	0	0	-0.5329
2	2	3.196	1	0	-0.3496
2	2	3.477	1	1	0.409
2	2	1.083	1	0	-0.0879
2	2	0.3389	0	1	-0.8226
2	2	5.671	1	1	0.01383
2	2	0.2951	1	1	-0.275
2	2	0.982	0	0	-0.5483
2	2	5.39	0	0	0.316
2	2	3.878	0	0	0.14
2	2	5.769	0	0	1.123
2	2	5.115	0	0	-0.4135
2	2	1.498	0	0	0.02641
2	2	3.7	1	1	-0.4618
2	2	5.338	0	0	-0.2226
2	2	0.7197	0	0	0.8909
2	2	3.783	1	1	-0.01525
2	2	0.4289	1	1	-0.7
2	2	5.607	0	0	1.089
2	2	5.506	0	0	0.1948
2	2	1.09	0	0	-0.2626
2	2	5.407	1	1	-1.243
2	2	1.106	1	0	-0.06347
2	2	3.932	1	1	-0.03141
3	2	3.737	1	0	1.165
3	2	5.621	1	1	0.8041
3	2	0.4833	0	0	0.9555
3	2	0.5245	0	1	0.8592
3	2	0.6984	0	0	0.6593
3	2	1.042	1	1	0.6751
3	2	0.2735	0	0	-1.302
3	2	0.3611	1	1	0.4598
3	2	3.241	1	1	0.7476
3	2	1.008	1	0	0.9326
3	2	0.3901	0	1	-0.002467
3	2	0.5409	0	0	-0.5948
3	2	5.388	0	0	-0.2083
3	2	3.652	0	0	0.6051
3	2	5.248	1	1	0.2327
3	2	5.005	0	0	-0.353
3	2	3.14	0	0	-0.05011
3	2	5.207	1	1	0.2006
3	2	5.379	0	0	0.2587
3	2	1.596	1	0	0.1915
3	2	1.035	1	1	-0.8132
3	2	0.7365	0	0	0.1171
3	2	1.952	0	0	0.06662
3	2	0.3327	0	0	0.2848
3	2	1.838	1	1	-0.02113
3	2	5.521	0	0	0.8762
3	2	0.4189	1	0	0.472
3	2	0.6743	1	1	0.6479
3	2	2.08	1	0	0.231
3	2	2.275	1	0	0.5147
3	2	0.8868	1	1	-5.048
3	2	5.118	1	1	0.02021
3	2	3.474	0	0	-0.3364
3	2	3.682	0	0	-0.587
3	2	3.705	1	1	0.005933
3	2	3.442	0	0	1.094
3	2	5.677	1	1	-0.383
3	2	0.8498	0	1	-0.7204
3	2	1.638	0	0	0.1165
3	2	3.781	0	0	0.9466
3	2	3.691	1	1	0.2923
3	2	5.158	1	1	0.09595
3	2	0.3422	1	0	0.03153
3	2	1.053	1	1	0.4008
3	2	1.926	0	0	0.5548
3	2	0.3727	0	0	-0.5918
3	2	1.674	0	0	0.4067
3	2	0.9968	1	1	0.1307
3	2	1.727	0	0	0.7641
3	2	1.901	1	1	-0.0476
4	2	2.19	1	1	1.012
4	2	1.135	1	1	-0.02712
4	2	3.221	0	1	0.3821
4	2	5.576	0	0	-0.01712
4	2	0.6529	1	0	0.5443
4	2	0.6699	1	1	-0.1524
4	2	3.416	1	1	0.1029
4	2	0.2947	0	0	0.6853
4	2	0.9279	0	1	0.7369
4	2	0.2211	0	0	0.7533
4	2	3.53	1	1	1.129
4	2	1.646	1	1	1.011
4	2	0.4501	1	1	-2.481
4	2	1.745	1	1	0.2612
4	2	5.286	1	1	-3.894
4	2	0.9601	1	1	-2.877
4	2	1.927	1	1	0.5989
4	2	4.03	0	0	1.214
4	2	3.61	1	1	-2.86
4	2	0.8381	0	0	-0.06567
4	2	0.6109	1	1	1.181
4	2	5.199	0	0	0.2617
4	2	5.246	0	0	0.9066
4	2	0.5676	0	0	1.064
4	2	1.058	1	1	-0.2959
4	2	0.826	1	1	-1.508
4	2	0.8402	0	0	0.5571
4	2	0.6313	0	1	-0.07031
4	2	3.766	1	1	0.5193
4	2	5.208	0	0	0.2918
4	2	0.6909	0	0	-0.755
4	2	3.606	0	0	-0.1278
4	2	1.259	0	0	-0.4661
4	2	0.2166	0	0	-0.4553
4	2	2.007	1	1	0.6884
4	2	1.79	0	0	-0.5444
4	2	1.969	1	1	0.03126
4	2	1.476	1	1	-0.3578
4	2	1.853	0	0	-0.4096
4	2	5.312	1	1	0.2839
4	2	0.6071	0	0	0.18
4	2	3.308	1	1	-0.06445
4	2	5.283	1	1	-0.1071
4	2	3.694	0	0	0.1256
4	2	2.072	0	0	0.7357
4	2	5.314	1	1	0.143
4	2	3.316	0	0	-0.2247
4	2	5.714	0	0	-0.389
4	2	0.4512	1	1	0.8282
4	2	5.309	0	0	-0.4696
5	2	0.5202	1	0	0.4774
5	2	5.253	0	0	0.9295
5	2	0.7308	1	0	0.3511
5	2	0.1654	0	0	0.167
5	2	1.409	0	0	0.2046
5	2	2.341	1	1	0.2744
5	2	1.231	1	1	0.2266
5	2	0.4072	0	1	0.4088
5	2	5.396	1	1	0.2822
5	2	0.8228	0	0	0.0406
5	2	1.701	1	0	0.3998
5	2	5.353	0	0	0.1589
5	2	3.46	1	1	-0.1561
5	2	0.5758	1	0	0.01454
5	2	3.246	0	0	-0.4151
5	2	1.031	1	1	0.1746
5	2	2.1	1	0	-0.193
5	2	5.37	1	1	0.3549
5	2	0.5668	1	1	0.2672
5	2	3.527	1	1	0.171
5	2	0.902	0	0	-0.08564
5	2	3.468	0	0	-0.6553
5	2	0.4389	1	1	0.37
5	2	0.9182	1	0	0.4467
5	2	3.598	0	0	0.09953
5	2	0.5316	0	0	0.4214
5	2	1.833	1	1	-0.3316
5	2	5.612	1	1	-0.2448
5	2	1.725	1	1	0.2162
5	2	5.353	0	0	0.2135
5	2	3.365	0	0	0.3449
5	2	5.063	0	0	0.7782
5	2	3.114	0	0	0.8935
5	2	1.897	1	1	-1.248
5	2	3.615	0	0	0.5063
5	2	1.4	0	0	-0.08979
5	2	0.4354	0	0	0.9264
5	2	3.432	1	1	-0.08496
5	2	5.115	0	0	0.3113
5	2	1.781	0	0	-0.3816
5	2	3.368	0	0	0.582
5	2	1.443	1	1	0.7971
5	2	0.8211	1	0	0.7746
5	2	1.065	1	0	1.206
5	2	5.43	0	0	1.591
5	2	0.9741	0	0	0.9627
5	2	1.605	0	0	-3.668
5	2	0.05851	1	0	-0.07538
5	2	0.2158	1	1	-1.093
5	2	5.08	1	1	0.1634
6	2	5.266	1	1	0.8874
6	2	3.369	1	1	1.29
6	2	5.392	1	1	1.188
6	2	1.623	1	1	1.151
6	2	0.3225	0	0	0.3662
6	2	0.5541	0	0	-0.07799
6	2	0.2659	1	0	-0.4701
6	2	1.206	1	0	0.547
6	2	3.595	1	1	-2.201
6	2	3.347	1	1	-1.884
6	2	5.285	1	1	0.8625
6	2	0.1697	0	0	0.5563
6	2	1.952	1	1	0.1287
6	2	0.6635	0	0	-0.7533
6	2	5.035	1	1	-2.25
6	2	5.343	0	0	-1.619
6	2	1.812	1	1	-2.024
6	2	0.1596	1	0	-1.018
6	2	5.094	1	1	0.2074
6	2	0.6018	0	1	1.417
6	2	1.317	0	0	1.143
6	2	3.41	0	0	0.6396
6	2	2.096	1	0	0.6129
6	2	0.8078	1	0	1.206
6	2	1.883	0	0	0.4558
6	2	1.973	0	0	0.7552
6	2	3.822	1	1	0.6904
6	2	1.663	1	0	0.3472
6	2	1.204	0	0	-0.9461
6	2	0.8488	0	0	-1.211
6	2	3.966	0	0	-0.2444
6	2	3.572	0	0	-0.3794
6	2	0.5581	1	0	-0.4048
6	2	0.8216	1	1	0.4437
6	2	5.299	0	0	-1.137
6	2	1.768	0	0	0.6781
6	2	1.335	1	0	0.6898
6	2	1.547	0	0	-0.2129
6	2	3.201	1	1	-1.693
6	2	0.2509	0	0	0.1648
6	2	3.623	0	0	-0.8131
6	2	3.189	1	1	-0.02833
6	2	1.053	0	0	-0.2798
6	2	5.162	0	0	-0.4599
6	2	1.296	1	0	-0.03317
6	2	0.8634	1	1	0.7105
6	2	5.334	0	0	0.4295
6	2	0.6961	0	0	0.5982
6	2	5.51	0	0	0.3682
6	2	1.727	0	0	0.572
7	2	2.028	1	0	-0.5473
7	2	0.7325	0	0	1.152
7	2	3.62	1	1	0.54
7	2	5.372	0	0	0.3375
7	2	3.5	0	0	-0.1983
7	2	5.469	1	1	0.678
7	2	1.778	1	1	-0.08522
7	2	1.695	1	1	-1.07
7	2	5.142	1	1	1.162
7	2	0.67	0	0	0.6854
7	2	3.401	1	1	-0.3964
7	2	0.4646	1	0	-0.9368
7	2	5.695	0	0	0.02672
7	2	3.41	1	1	0.04997
7	2	0.5551	0	1	-0.4179
7	2	0.5109	0	0	0.3637
7	2	0.9722	1	0	0.2521
7	2	0.9935	0	0	0.03782
7	2	5.426	1	1	-0.1032
7	2	5.314	1	1	-0.07821
7	2	5.365	1	1	0.1844
7	2	2.056	0	0	0.2908
7	2	0.5749	0	0	0.5039
7	2	0.2113	0	0	0.4987
7	2	1.099	0	0	-0.9969
7	2	0.9102	1	0	0.3421
7	2	3.441	1	1	-0.5118
7	2	0.3642	1	0	0.6384
7	2	5.413	0	0	0.1055
7	2	3.834	1	1	0.2186
7	2	1.502	0	0	-0.9516
7	2	0.8232	0	0	-0.5816
7	2	5.325	0	0	-0.5501
7	2	5.326	0	0	0.02484
7	2	1.756	1	0	-0.5238
7	2	0.4161	1	0	0.416
7	2	1.069	0	1	1.444
7	2	2.009	0	0	1.525
7	2	3.642	0	0	0.7472
7	2	1.856	0	0	0.03054
7	2	3.686	0	0	1.299
7	2	0.9965	0	0	1.979
7	2	0.4229	1	1	-2.222
7	2	1.234	1	1	-2.139
7	2	3.41	1	1	0.7926
7	2	0.4765	0	0	0.3137
7	2	1.988	1	1	0.9367
7	2	0.6118	1	1	-2.766
7	2	3.661	0	0	-0.09401
7	2	1.716	1	0	-0.5412
8	2	0.9874	0	0	0.9732
8	2	3.443	1	1	0.3278
8	2	0.2246	1	1	0.7967
8	2	2.233	1	1	0.5861
8	2	1.796	0	0	0.7855
8	2	3.802	0	0	0.03691
8	2	0.2672	0	0	0.2817
8	2	3.535	1	1	0.2159
8	2	1.075	0	0	-2.343
8	2	1.914	0	0	-0.8817
8	2	3.725	0	0	0.5515
8	2	0.8759	1	0	0.56
8	2	5.512	1	1	1.128
8	2	0.09738	1	1	-0.3164
8	2	0.0795	1	0	1.086
8	2	5.481	0	0	-1.406
8	2	3.457	0	0	-0.5996
8	2	0.8985	1	0	0.2084
8	2	0.8407	0	0	1.085
8	2	0.4981	0	0	0.1195
8	2	0.8796	1	0	0.6901
8	2	2.013	1	1	0.7774
8	2	3.606	0	0	-3.271
8	2	0.6319	0	1	-0.4012
8	2	5.438	0	0	0.4027
8	2	0.4987	0	0	-0.3863
8	2	1.134	1	1	-1.805
8	2	1.887	1	0	0.3049
8	2	3.455	0	0	-0.2034
8	2	1.669	0	0	0.3036
8	2	3.481	1	1	0.7753
8	2	0.2837	1	1	1.003
8	2	1.655	0	0	1.388
8	2	3.755	1	1	-1.878
8	2	5.18	1	1	0.06921
8	2	0.2863	0	0	-2.028
8	2	1.142	0	0	-2.07
8	2	5.447	1	1	0.2292
8	2	4.91	1	1	0.7206
8	2	5.335	0	0	1.039
8	2	5.452	1	1	0.7058
8	2	0.09519	0	0	-1.312
8	2	1.826	1	1	-0.9388
8	2	5.497	1	1	-0.7937
8	2	5.091	0	0	0.3147
8	2	1.844	0	0	-0.2936
8	2	1.859	1	1	0.1775
8	2	0.529	1	1	0.4538
8	2	0.5652	1	1	0.3901
8	2	3.526	0	0	-1.123
9	2	3.541	1	1	1.455
9	2	5.207	0	0	0.2749
9	2	5.437	0	0	-0.1767
9	2	3.424	1	1	1.073
9	2	3.806	0	0	1.211
9	2	1.097	0	0	-0.1565
9	2	0.2811	1	1	-0.2492
9	2	0.3752	0	1	0.4202
9	2	0.4867	1	1	-0.9226
9	2	1.022	0	0	0.06316
9	2	0.7642	1	0	0.4773
9	2	1.839	1	1	1.095
9	2	3.732	0	0	0.1932
9	2	3.686	1	1	0.6562
9	2	5.495	1	1	-0.1244
9	2	0.7145	0	1	-1.481
9	2	1.048	1	0	0.6575
9	2	0.8213	1	1	1.178
9	2	1.917	0	0	1.106
9	2	5.431	0	0	0.8673
9	2	1.712	1	1	1.131
9	2	3.322	1	1	1.169
9	2	5.179	1	1	-1.407
9	2	1.513	1	1	-0.9211
9	2	2.211	1	1	-1.302
9	2	0.8762	1	1	0.1763
9	2	3.383	0	0	0.08703
9	2	5.292	0	0	0.2936
9	2	5.669	0	0	-0.5666
9	2	1.991	1	1	0.1702
9	2	5.241	1	1	-4.079
9	2	1.735	1	1	-0.6038
9	2	0.4849	0	0	0.1058
9	2	1.916	1	1	0.02283
9	2	0.527	0	1	1.129
9	2	0.5558	0	0	1.054
9	2	1.845	0	0	0.5643
9	2	1.086	0	0	0.3776
9	2	3.693	0	0	-0.9192
9	2	1.098	0	0	-0.1943
9	2	0.2743	0	0	-4.673
9	2	5.601	1	1	-0.3999
9	2	0.9986	1	0	0.2401
9	2	0.6145	0	1	1.295
9	2	3.742	1	1	0.8004
9	2	4.03	1	1	-0.03461
9	2	5.401	0	0	-1.042
9	2	0.7604	0	1	0.2245
9	2	1.528	0	0	0.2655
9	2	0.9629	1	1	0.4286
10	3	0.006664	1	0	0.9916
10	3	0.547	0	0	0.6501
10	3	1.658	1	0	0.9566
10	3	3.443	1	1	0.9283
10	3	1.736	1	1	-1.482
10	3	3.075	1	1	-0.3927
10	3	0.3024	0	1	0.01032
10	3	0.9163	1	1	-0.152
10	3	5.585	0	0	0.1096
10	3	1.098	0	1	0.02787
10	3	1.083	0	1	0.1318
10	3	3.221	1	1	-0.6226
10	3	0.321	1	0	0.3711
10	3	0.7309	1	1	0.6357
10	3	0.7892	1	1	-0.2351
10	3	0.2809	0	0	0.3476
10	3	5.38	0	0	-0.2271
10	3	0.4643	1	0	-0.2391
10	3	0.7606	1	1	0.3385
10	3	1.723	0	0	-0.1108
10	3	0.7525	1	0	-0.3445
10	3	0.5041	1	0	0.4399
10	3	5.146	0	0	-0.3484
10	3	3.765	0	0	0.608
10	3	5.386	1	1	0.7308
10	3	1.876	1	1	-1.016
10	3	1.536	1	1	0.7228
10	3	3.629	0	0	-0.4506
10	3	5.371	0	0	1.091
10	3	3.522	0	0	1.168
10	3	2.071	0	0	-2.678
10	3	3.799	1	1	0.8566
10	3	0.4116	0	0	-5.294
10	3	1.759	0	1	0.07382
10	3	1.967	0	0	-0.7876
10	3	0.3655	1	1	0.726
10	3	0.8382	1	1	0.6275
10	3	1.797	0	0	0.8692
10	3	5.314	1	1	1.193
10	3	1.504	1	0	-0.7835
10	3	0.7667	1	0	1.273
10	3	3.201	0	0	-1.731
10	3	5.488	1	1	0.4168
10	3	0.9439	0	0	0.1792
10	3	5.323	0	0	0.4938
10	3	0.0871	1	0	1.026
10	3	5.081	0	0	0.112
10	3	3.504	0	0	0.8056
10	3	5.486	1	1	-0.0137
10	3	3.678	0	0	-1.341
11	3	5.422	0	0	-0.3639
11	3	3.456	0	0	0.9033
11	3	1.539	0	0	1.449
11	3	3.706	0	0	1.011
11	3	0.5689	0	0	0.5729
11	3	0.6733	1	1	0.7317
11	3	0.2785	0	0	0.2121
11	3	1.995	1	1	-0.07144
11	3	5.428	1	1	-0.2934
11	3	1.048	0	0	0.1409
11	3	3.458	1	1	0.6289
11	3	5.647	1	1	-0.07735
11	3	0.4123	0	1	0.6902
11	3	5.559	1	1	0.967
11	3	3.469	1	1	0.2505
11	3	3.682	0	0	0.07928
11	3	0.3776	1	0	-4.465
11	3	3.652	1	1	-4.361
11	3	5.146	0	0	0.1266
11	3	1.683	0	0	-0.4689
11	3	1.871	0	0	0.3811
11	3	5.486	1	1	0.3959
11	3	3.8	1	1	1.19
11	3	0.306	0	0	0.828
11	3	0.615	0	0	0.6496
11	3	1.445	0	0	0.4307
11	3	0.4892	1	0	1.241
11	3	0.998	1	1	-0.05047
11	3	5.521	1	1	0.5041
11	3	0.3614	0	0	0.3939
11	3	5.255	0	0	0.6638
11	3	5.355	1	1	-1.398
11	3	3.686	0	0	-0.5522
11	3	0.8926	1	1	0.2346
11	3	1.322	1	1	0.1404
11	3	1.549	0	0	0.5172
11	3	1.173	1	1	0.00125
11	3	5.172	0	0	0.7829
11	3	3.521	0	0	-0.01878
11	3	0.8259	0	0	-0.05603
11	3	0.9385	1	0	0.4684
11	3	1.643	0	0	1.007
11	3	3.562	0	0	-0.112
11	3	1.987	1	1	-0.01798
11	3	0.3561	1	1	-0.408
11	3	0.6929	1	1	0.06496
11	3	0.6657	1	1	-0.3434
11	3	0.5176	1	0	-0.1827
11	3	2.01	1	1	0.1584
11	3	2.025	0	0	-0.4879
12	3	1.994	0	0	1.259
12	3	0.8103	1	1	1.184
12	3	1.612	0	0	0.5424
12	3	0.7867	0	0	1.267
12	3	0.6456	0	1	0.7787
12	3	0.6883	1	1	-3.054
12	3	0.1839	1	0	-0.3864
12	3	0.2607	0	0	-0.6189
12	3	5.234	0	0	0.6018
12	3	5.232	1	1	-0.2928
12	3	0.564	1	0	0.3134
12	3	0.4225	1	1	-0.1235
12	3	3.695	0	0	-0.07541
12	3	2.071	0	0	-0.8572
12	3	0.3641	1	1	-1.185
12	3	3.508	1	1	0.4891
12	3	0.8451	1	0	0.6031
12	3	3.791	0	0	0.4179
12	3	0.5711	1	0	0.7563
12	3	5.695	0	0	0.6309
12	3	0.8886	1	0	1.233
12	3	3.635	0	0	1.139
12	3	3.718	0	0	1.154
12	3	1.935	0	0	0.04746
12	3	5.412	0	0	-0.2324
12	3	1.851	1	1	-0.05345
12	3	3.149	0	0	-2.936
12	3	0.893	1	1	0.199
12	3	0.4055	0	1	-0.7741
12	3	5.273	1	1	-0.7937
12	3	0.8599	1	1	1.223
12	3	3.818	0	0	0.4048
12	3	5.271	0	0	-0.5491
12	3	2.129	1	1	0.134
12	3	1.442	1	1	0.6274
12	3	5.547	0	0	-0.46
12	3	0.8142	1	0	0.1747
12	3	3.762	1	1	1.542
12	3	2.008	0	0	0.5843
12	3	5.043	0	0	-2.886
12	3	3.859	0	0	0.3566
12	3	5.399	1	1	0.05412
12	3	3.599	1	1	0.2367
12	3	0.2491	1	1	1.126
12	3	0.9576	1	0	0.355
12	3	5.386	1	1	0.4804
12	3	0.4851	1	0	0.5323
12	3	2.1	0	0	1.21
12	3	0.6095	0	0	-1.536
12	3	1.664	1	1	-1.233
13	3	0.2564	0	1	0.9199
13	3	5.274	1	1	1.756
13	3	1.805	1	1	1.147
13	3	0.7178	0	0	1.253
13	3	1.942	1	1	1.989
13	3	0.3541	0	1	-0.5323
13	3	5.134	0	0	-1.48
13	3	5.368	1	1	0.2915
13	3	0.6828	1	1	0.00947
13	3	0.9581	0	0	-0.06565
13	3	5.443	0	0	0.2334
13	3	3.497	0	0	0.01841
13	3	3.574	0	0	-0.03442
13	3	3.747	1	1	-0.61
13	3	0.776	0	1	0.6459
13	3	0.5498	0	1	0.4821
13	3	5.43	1	1	0.4355
13	3	5.245	1	1	-1.89
13	3	5.3	0	0	-0.4572
13	3	1.995	0	0	0.1101
13	3	0.6767	1	0	0.03054
13	3	3.746	0	0	0.1047
13	3	1.817	1	1	0.1269
13	3	1.725	1	1	-2.634
13	3	0.1008	0	0	-0.1581
13	3	3.36	1	1	-0.2074
13	3	0.3999	0	0	0.1396
13	3	5.474	0	0	-0.3135
13	3	3.554	1	1	0.2381
13	3	1.138	1	1	-0.9927
13	3	1.003	0	1	0.217
13	3	1.581	0	0	0.704
13	3	3.661	0	0	0.1247
13	3	0.6513	0	0	0.2766
13	3	0.8913	1	1	0.2459
13	3	3.401	1	1	-0.4843
13	3	1.622	0	0	-0.735
13	3	0.8574	1	1	-0.3224
13	3	5.501	1	1	-0.598
13	3	0.3846	1	1	0.04593
13	3	0.5313	1	1	-0.2697
13	3	5.533	0	0	-0.515
13	3	1.648	0	0	0.03656
13	3	1.951	1	1	0.1438
13	3	0.9989	0	0	-0.7635
13	3	1.877	0	0	-0.8012
13	3	3.576	0	0	-0.8597
13	3	0.9905	1	1	0.8626
13	3	3.47	1	1	-0.07993
13	3	0.3445	1	0	-0.4045
14	3	0.326	1	0	0.9475
14	3	0.8861	0	0	0.9824
14	3	0.8281	1	0	0.8403
14	3	5.333	0	0	-0.6551
14	3	1.996	0	0	0.3855
14	3	1.844	0	0	0.6584
14	3	0.8274	1	0	1.334
14	3	5.579	1	1	-0.006815
14	3	3.801	1	1	-0.3548
14	3	5.198	0	0	0.4173
14	3	1.856	1	1	0.4606
14	3	0.1958	0	1	1.013
14	3	5.071	0	0	-0.1221
14	3	0.6038	0	1	-2.396
14	3	1.918	1	1	-0.8477
14	3	3.654	0	0	0.4076
14	3	5.471	0	0	0.5318
14	3	2.185	0	0	1.285
14	3	3.432	1	1	-0.5884
14	3	3.967	1	1	0.1374
14	3	0.856	0	0	-4.251
14	3	3.45	0	0	-0.0345
14	3	0.03242	1	1	0.2275
14	3	3.485	1	1	1.228
14	3	5.326	1	1	-0.9286
14	3	1.15	0	0	-0.2087
14	3	5.331	1	1	0.7945
14	3	0.9348	0	1	0.94
14	3	0.6142	1	1	0.9065
14	3	1.087	1	0	-3.498
14	3	1.851	0	0	-0.1233
14	3	1.502	1	1	-0.2258
14	3	0.3882	0	0	0.2039
14	3	0.3947	1	0	0.07023
14	3	0.7465	1	0	-0.4106
14	3	5.089	1	1	1.04
14	3	5.261	1	1	0.3955
14	3	1.332	1	0	1.122
14	3	0.4771	1	0	1.142
14	3	1.695	0	0	0.8517
14	3	3.473	0	0	-0.3214
14	3	1.417	1	1	0.2065
14	3	5.357	0	0	0.2005
14	3	0.508	0	0	0.226
14	3	3.846	0	0	0.1441
14	3	3.621	1	1	0.1927
14	3	1.936	1	1	-0.622
14	3	0.4927	0	0	-0.8132
14	3	0.621	0	0	-0.5586
14	3	3.736	0	0	-0.3666
15	3	3.493	1	0	0.5714
15	3	5.561	1	1	0.2441
15	3	3.67	1	1	-0.2956
15	3	1.691	0	0	0.6051
15	3	0.7082	0	0	-0.05793
15	3	5.57	1	1	0.355
15	3	3.421	0	0	0.3354
15	3	5.47	0	0	0.316
15	3	0.9254	0	0	0.1509
15	3	0.5642	0	1	0.2635
15	3	0.9053	1	1	0.3579
15	3	5.107	0	0	-0.007577
15	3	1.853	0	0	0.06567
15	3	1.83	0	0	-0.374
15	3	0.2354	1	1	-0.01281
15	3	1.417	0	0	0.1223
15	3	1.103	1	0	0.3046
15	3	0.1119	0	1	0.2596
15	3	3.666	1	1	0.4969
15	3	1.717	0	0	0.2101
15	3	2.282	0	0	0.2146
15	3	5.559	0	0	0.07474
15	3	3.332	1	1	0.2281
15	3	0.4978	0	0	0.423
15	3	0.8991	0	0	0.4506
15	3	5.708	1	1	0.2714
15	3	5.494	1	1	-1.182
15	3	5.103	1	1	0.1994
15	3	0.2975	1	0	0.4353
15	3	5.41	1	1	0.9012
15	3	0.659	1	0	0.6004
15	3	1.01	0	0	0.5407
15	3	4.151	0	0	0.7455
15	3	3.685	1	1	-3.651
15	3	0.4256	1	0	-0.1162
15	3	0.8029	1	1	1.326
15	3	0.6175	1	1	0.9961
15	3	5.391	0	0	0.4519
15	3	1.009	1	1	-3.289
15	3	0.3029	0	0	-2.558
15	3	0.03009	1	0	1.455
15	3	1.797	0	0	1.573
15	3	3.576	1	1	1.114
15	3	1.484	1	1	-3.408
15	3	0.8298	1	1	1.277
15	3	3.798	1	1	-2.962
15	3	2.052	0	0	0.7195
15	3	1.661	1	1	0.9875
15	3	3.392	0	0	-0.02149
15	3	0.755	0	0	-0.5044
16	3	1.772	0	0	1.427
16	3	1.585	1	1	1.458
16	3	5.192	0	0	1.718
16	3	5.556	0	0	1.414
16	3	2.086	1	1	0.356
16	3	1.95	1	1	-1.855
16	3	3.962	1	1	0.1643
16	3	5.199	0	0	0.004427
16	3	1.322	0	0	-0.05819
16	3	4.934	1	1	-1.466
16	3	1.041	1	1	1.429
16	3	5.419	1	1	-0.1554
16	3	5.547	1	1	-1.896
16	3	3.812	0	0	-3.998
16	3	1.846	1	1	-1.1
16	3	1.148	1	0	-0.6048
16	3	3.844	0	0	0.7952
16	3	0.9705	1	0	1.05
16	3	2.025	0	0	0.4382
16	3	5.657	0	0	0.8636
16	3	1.634	0	0	0.1893
16	3	0.6543	1	1	-1.059
16	3	1.819	1	1	0.7375
16	3	0.6206	0	0	-0.1266
16	3	0.8871	0	0	-1.127
16	3	1.051	1	1	-1.901
16	3	1.081	1	0	0.7586
16	3	0.6508	0	0	0.3672
16	3	1.991	0	0	-1.067
16	3	3.567	1	1	-0.1627
16	3	0.3676	0	0	0.1889
16	3	1.045	1	1	0.9721
16	3	5.662	1	1	0.3996
16	3	5.086	1	1	0.7439
16	3	1.554	0	0	-0.215
16	3	0.2026	0	0	0.01187
16	3	0.966	1	1	-0.9549
16	3	0.4634	0	0	-0.6286
16	3	5.129	1	1	0.163
16	3	0.195	1	0	0.6854
16	3	1.145	1	0	0.8052
16	3	0.5214	1	0	1.151
16	3	3.37	0	0	0.6385
16	3	4.006	0	0	0.2904
16	3	3.687	0	0	0.9252
16	3	3.762	0	0	0.3058
16	3	0.1333	0	0	0.2564
16	3	3.748	1	1	-0.178
16	3	3.699	0	0	-1.41
16	3	0.1564	1	0	-0.9013
17	3	1.787	0	0	2.2
17	3	0.731	0	0	2.208
17	3	0.2676	0	0	1.17
17	3	0.3502	0	0	1.397
17	3	5.126	0	0	0.5388
17	3	0.4444	1	0	0.7278
17	3	0.9808	0	0	0.9007
17	3	5.111	1	1	-0.5252
17	3	1.818	0	0	-1.932
17	3	5.736	1	1	-0.6044
17	3	5.07	0	0	0.07058
17	3	3.649	1	1	0.7458
17	3	3.4	0	0	0.5445
17	3	0.9756	0	0	1.041
17	3	1.529	1	1	-0.4316
17	3	0.3423	1	1	-2.379
17	3	5.513	1	1	-2.731
17	3	5.131	1	1	0.09416
17	3	5.342	0	0	0.6415
17	3	3.769	0	0	-0.4017
17	3	0.6133	0	0	-0.7132
17	3	3.665	1	1	-0.2185
17	3	3.606	1	1	0.5111
17	3	5.662	1	1	-0.7046
17	3	1.208	1	1	-0.03288
17	3	1.922	1	1	-0.4302
17	3	0.7791	0	1	-0.0452
17	3	1.985	1	1	0.4044
17	3	5.482	1	1	-0.5008
17	3	3.818	0	0	1.268
17	3	0.4881	1	1	-1.12
17	3	0.6178	0	0	-0.563
17	3	0.2543	1	1	-1.063
17	3	1.079	1	1	0.4256
17	3	0.4337	1	0	1.021
17	3	3.397	1	1	0.03184
17	3	3.705	0	0	0.2356
17	3	1.652	0	0	0.5402
17	3	0.5317	0	1	0.7952
17	3	3.787	0	0	0.4806
17	3	5.096	1	1	0.7012
17	3	0.7916	0	0	-0.1684
17	3	1.317	1	1	-0.3965
17	3	2.071	0	0	0.6772
17	3	1.851	0	0	-0.1357
17	3	1.715	0	0	0.0254
17	3	1.18	1	0	0.6032
17	3	1.912	1	1	0.2257
17	3	0.9966	1	1	-0.5209
17	3	3.623	0	0	-1.113
18	3	3.747	0	0	1.292
18	3	1.822	0	0	0.5184
18	3	0.6366	1	0	0.3615
18	3	3.762	1	0	0.3886
18	3	0.2861	1	0	0.6214
18	3	1.684	0	0	-0.8389
18	3	1.957	0	0	0.02849
18	3	0.5997	0	1	0.8488
18	3	0.785	0	0	0.2899
18	3	0.2951	1	1	-0.02693
18	3	1.276	0	0	-0.04027
18	3	0.4857	1	1	-0.3094
18	3	1.596	0	0	-0.2328
18	3	5.455	1	1	-0.7731
18	3	1.232	0	1	-2.468
18	3	3.774	1	1	0.01499
18	3	0.9189	1	0	-0.729
18	3	3.403	1	1	-0.4588
18	3	0.5001	1	0	0.9905
18	3	0.4392	1	0	0.8287
18	3	3.472	0	0	0.6048
18	3	3.889	1	1	0.2703
18	3	5.316	0	0	0.08822
18	3	0.7672	0	0	0.3823
18	3	0.9159	1	0	0.2077
18	3	0.1039	0	0	0.5271
18	3	1.68	1	0	0.6765
18	3	3.629	0	0	-0.2204
18	3	3.598	1	1	0.5748
18	3	2.195	1	1	0.1279
18	3	3.6	0	0	-0.2691
18	3	5.545	1	1	-0.5005
18	3	1.09	0	1	-0.3386
18	3	0.9112	1	1	-0.05303
18	3	1.782	1	0	0.4093
18	3	0.4028	0	0	0.9253
18	3	5.42	0	0	0.7885
18	3	3.525	0	0	0.3389
18	3	5.396	0	0	0.711
18	3	5.652	1	1	-0.6868
18	3	0.2507	1	1	-1.202
18	3	0.2263	0	1	0.869
18	3	1.646	1	1	1.18
18	3	1.976	1	0	1.213
18	3	5.52	1	1	0.8898
18	3	5.182	0	0	0.7797
18	3	1.846	0	0	0.6629
18	3	5.549	0	0	-3.753
18	3	1.182	1	1	-0.1915
18	3	5.53	0	0	-0.1058
19	3	0.7144	1	0	0.8044
19	3	3.81	1	1	-0.9384
19	3	1.151	0	0	0.6111
19	3	0.9297	1	1	0.5656
19	3	0.8898	1	0	-0.2504
19	3	1.766	0	0	0.3214
19	3	5.571	0	0	0.6898
19	3	1.172	0	0	0.1211
19	3	3.707	0	0	-0.3654
19	3	3.554	1	1	-0.0624
19	3	1.86	0	0	0.8697
19	3	0.6333	0	0	-0.1481
19	3	0.9607	1	0	-0.782
19	3	5.624	0	0	-1.044
19	3	0.5005	1	1	-0.4285
19	3	5.331	1	1	-0.381
19	3	1.857	0	0	0.1843
19	3	5.138	1	1	0.3791
19	3	1.722	0	0	0.1322
19	3	3.598	0	0	0.9995
19	3	0.591	0	1	-1.495
19	3	5.222	0	0	-0.2629
19	3	5.269	0	0	0.7142
19	3	0.5436	0	1	-0.05325
19	3	5.641	1	1	-0.5074
19	3	3.7	1	1	-1.742
19	3	0.7218	0	0	-0.4976
19	3	0.291	0	0	-0.4289
19	3	5.841	1	1	-3.339
19	3	0.6294	1	0	1.89
19	3	5.493	0	0	0.5433
19	3	3.327	0	0	0.8244
19	3	1.09	1	0	-0.06534
19	3	1.919	1	1	0.4839
19	3	0.7395	1	0	0.2775
19	3	1.981	1	1	0.4871
19	3	3.451	0	0	0.1408
19	3	0.5162	1	1	-0.4687
19	3	0.2007	1	1	-0.5
19	3	1.845	0	0	0.4962
19	3	5.395	0	0	-0.6996
19	3	1.658	1	1	0.3191
19	3	1.931	1	1	-0.08733
19	3	3.77	1	1	0.3711
19	3	0.3028	0	0	1.054
19	3	0.7602	0	0	0.09092
19	3	3.826	1	1	-2.595
19	3	3.429	0	0	-1.145
19	3	1.135	1	0	0.2645
19	3	1.9	0	0	-1.646
20	4	0.8646	0	0	4.46
20	4	5.291	0	0	0.456
20	4	5.42	0	0	0.4132
20	4	3.816	1	1	1.085
20	4	0.5676	0	0	0.6947
20	4	0.3672	1	1	1.165
20	4	0.2226	0	1	0.3543
20	4	2.001	0	0	0.7388
20	4	3.56	1	1	0.6222
20	4	3.624	1	1	0.932
20	4	5.543	1	1	-0.2232
20	4	1.169	1	1	0.09579
20	4	3.756	1	1	-0.6855
20	4	2.187	0	0	-4.103
20	4	0.5402	1	1	-0.1189
20	4	0.8352	1	0	-0.6243
20	4	5.123	0	0	-0.377
20	4	3.437	1	1	-0.3678
20	4	0.992	1	1	-0.6231
20	4	1.915	0	0	0.3379
20	4	1.173	0	1	0.05443
20	4	5.562	0	0	0.5561
20	4	0.8666	0	1	0.5048
20	4	3.252	1	1	0.2231
20	4	3.595	1	1	-0.1467
20	4	1.713	1	1	-2.289
20	4	1.815	0	0	0.5433
20	4	3.763	1	1	0.7163
20	4	0.4468	0	0	-3.802
20	4	1.558	0	0	-0.2016
20	4	5.086	0	0	0.2396
20	4	0.1917	0	0	0.2094
20	4	0.5451	1	1	-0.4821
20	4	1.072	1	1	1.072
20	4	4.698	1	1	0.1977
20	4	0.4117	0	1	0.1741
20	4	3.772	1	1	1.228
20	4	3.681	0	0	0.263
20	4	1.625	0	0	-0.2954
20	4	0.5731	1	0	-0.02316
20	4	5.768	1	1	0.09416
20	4	0.699	1	1	-0.1185
20	4	0.4961	0	1	-0.4382
20	4	5.793	1	1	0.8941
20	4	5.367	0	0	0.07833
20	4	1.693	0	1	0.5219
20	4	1.328	1	1	-0.4155
20	4	2.056	0	0	0.5987
20	4	0.7895	0	0	-0.2396
20	4	0.2288	1	1	-0.34
21	4	5.304	0	1	0.9852
21	4	5.397	1	1	0.9371
21	4	1.781	0	0	1.139
21	4	0.244	1	0	0.8685
21	4	1.534	0	1	0.8296
21	4	1.86	0	0	1.192
21	4	1.791	1	1	0.4396
21	4	3.505	0	0	-0.1133
21	4	1.67	1	1	0.1737
21	4	5.132	0	0	0.608
21	4	3.472	1	1	0.3173
21	4	5.425	1	1	-1.162
21	4	3.704	1	1	-0.4368
21	4	0.683	1	1	-0.9781
21	4	1.759	1	1	-3.602
21	4	0.5325	0	1	-0.07463
21	4	0.7614	1	0	0.2406
21	4	1.905	0	0	0.1687
21	4	0.9044	0	0	0.1113
21	4	0.0913	1	1	0.4213
21	4	3.852	0	0	0.5037
21	4	1.913	1	1	0.03141
21	4	3.397	1	1	-0.2627
21	4	1.135	1	0	1.227
21	4	1.503	1	1	0.7576
21	4	0.6227	0	0	0.484
21	4	0.7355	0	0	0.3914
21	4	0.3298	0	0	-0.2602
21	4	1.646	0	0	0.7416
21	4	0.2949	0	0	-1.708
21	4	0.2694	0	0	0.05777
21	4	3.877	1	1	0.8008
21	4	3.859	1	1	-0.1234
21	4	5.276	1	1	-0.2862
21	4	3.943	1	1	-3.718
21	4	5.798	1	1	-1.192
21	4	0.9597	0	0	-0.4268
21	4	0.9086	0	0	-1.771
21	4	0.8219	1	0	-0.2487
21	4	0.5327	1	0	1.119
21	4	1.409	0	0	0.4407
21	4	1.066	1	0	0.9398
21	4	3.555	0	0	0.3829
21	4	5.315	0	0	-0.1136
21	4	0.592	0	1	0.4501
21	4	0.9311	0	0	-0.1994
21	4	5.433	0	0	0.4851
21	4	5.737	1	1	0.3523
21	4	3.536	1	1	0.4749
21	4	5.464	0	0	-0.7269
22	4	0.4787	1	0	0.933
22	4	5.013	0	0	0.9056
22	4	5.172	0	0	0.1075
22	4	5.055	0	0	0.7152
22	4	0.3289	1	1	0.6963
22	4	1.978	1	1	-0.2579
22	4	3.583	0	0	0.2768
22	4	3.546	0	0	-0.1902
22	4	2.057	1	1	-0.2502
22	4	0.186	1	1	-0.4094
22	4	0.4235	0	1	0.07211
22	4	1.451	0	0	0.7809
22	4	1.034	1	0	0.1294
22	4	5.278	0	0	0.7622
22	4	0.8868	1	0	0.8887
22	4	3.665	0	0	0.7595
22	4	1.032	0	0	0.6861
22	4	3.188	0	0	-0.1298
22	4	1.339	1	1	-3.785
22	4	0.6403	0	1	1.376
22	4	0.5897	0	1	-0.09177
22	4	3.61	0	0	1.051
22	4	0.6917	0	0	-3.157
22	4	0.3787	0	0	0.6267
22	4	0.9658	0	0	-1.984
22	4	0.6468	0	1	-4.172
22	4	3.908	1	1	-0.7797
22	4	1.065	0	0	0.7513
22	4	5.122	0	0	0.7125
22	4	3.695	1	1	1.419
22	4	0.6029	0	1	1.434
22	4	1.815	1	1	0.4207
22	4	2.031	1	1	-0.8541
22	4	5.589	0	0	0.187
22	4	5.489	1	1	-0.7291
22	4	5.313	1	1	-0.2313
22	4	5.707	0	0	0.8488
22	4	1.38	1	1	0.6334
22	4	3.624	1	1	0.08395
22	4	0.4346	1	0	0.2537
22	4	1.699	1	1	0.05857
22	4	0.9397	1	1	0.4749
22	4	1.572	1	1	-0.2176
22	4	5.126	0	0	-1.067
22	4	2.048	1	1	0.3882
22	4	3.828	1	1	-0.7108
22	4	0.4588	0	1	0.3541
22	4	1.638	1	1	0.6316
22	4	0.5571	1	1	-1.393
22	4	3.536	1	1	-1.07
23	4	0.1364	1	1	1.212
23	4	1.654	0	0	1.175
23	4	5.312	1	1	0.9512
23	4	0.5127	1	1	0.01584
23	4	1.913	1	1	-0.4489
23	4	1.027	0	1	-0.7298
23	4	0.5272	1	1	0.2362
23	4	1.675	0	0	-0.1743
23	4	3.349	0	0	-0.7264
23	4	1.11	1	1	0.1212
23	4	3.549	0	0	-0.1648
23	4	5.259	0	0	-2.268
23	4	1.729	1	1	-0.1519
23	4	0.624	1	1	-0.4395
23	4	5.379	1	1	-0.7109
23	4	1.864	0	1	0.5301
23	4	5.429	0	0	0.5392
23	4	3.649	1	1	-0.2714
23	4	3.777	0	0	-0.7235
23	4	3.425	0	0	0.4924
23	4	1.848	0	0	0.5916
23	4	0.6499	0	0	-0.2148
23	4	3.558	0	0	-1.835
23	4	0.4003	1	1	0.1036
23	4	3.32	1	1	0.4009
23	4	5.331	1	1	-2.581
23	4	5.269	1	1	0.579
23	4	1.555	0	0	-0.3301
23	4	5.443	0	0	0.1334
23	4	0.8346	1	1	0.2477
23	4	0.8022	0	0	0.07276
23	4	0.6508	1	0	0.1524
23	4	5.191	0	0	-0.05894
23	4	0.8931	0	0	0.9166
23	4	5.563	0	0	-0.3068
23	4	0.3363	0	0	1.139
23	4	1.567	0	0	0.3303
23	4	1.472	1	1	0.369
23	4	1.028	1	1	-0.7028
23	4	1.797	0	0	0.07066
23	4	0.7956	1	1	0.08801
23	4	3.591	1	1	0.7498
23	4	0.4948	0	1	-0.2739
23	4	0.9869	1	1	0.8482
23	4	3.365	1	1	1.084
23	4	5.075	1	1	0.9848
23	4	0.5045	0	0	-3.81
23	4	0.7832	1	0	-0.3228
23	4	3.611	1	1	1.261
23	4	0.2631	0	0	0.09646
24	4	1.264	0	0	-1.704
24	4	0.5371	0	0	0.9831
24	4	5.226	1	1	0.6096
24	4	0.7882	1	1	1.082
24	4	3.673	1	1	-2.721
24	4	0.4836	1	1	0.1094
24	4	1.908	1	1	0.5184
24	4	4.727	0	0	0.1653
24	4	0.7729	0	0	0.4753
24	4	1.733	1	1	0.6678
24	4	0.5801	0	0	-0.1721
24	4	0.2697	1	0	0.5637
24	4	0.9022	1	0	-0.08261
24	4	1.028	1	1	0.5026
24	4	1.624	0	0	-0.3061
24	4	0.1388	0	1	0.5683
24	4	0.03056	0	1	-0.1732
24	4	5.343	0	0	-0.0967
24	4	0.6428	1	1	-0.2353
24	4	5.281	0	0	0.9261
24	4	1.541	1	1	-1.263
24	4	0.8753	0	0	-1.187
24	4	0.8517	0	0	0.2541
24	4	5.289	0	0	0.8836
24	4	3.107	0	0	0.8773
24	4	5.355	0	0	0.4394
24	4	1.619	1	1	0.2412
24	4	3.249	0	0	-2.118
24	4	1.677	0	0	-0.333
24	4	1.22	1	0	-0.602
24	4	1.998	0	0	0.08171
24	4	1.809	0	0	0.7391
24	4	0.8839	1	1	-0.1112
24	4	3.572	0	0	1.329
24	4	0.3437	1	1	0.7207
24	4	0.7558	1	1	1.067
24	4	0.8073	1	0	0.7842
24	4	3.788	1	1	-3.356
24	4	1.445	0	0	-0.2109
24	4	5.493	1	1	-0.3696
24	4	0.6286	1	1	0.2971
24	4	2.227	1	1	1.234
24	4	3.439	1	1	0.5012
24	4	3.359	0	0	0.6356
24	4	5.181	1	1	1.323
24	4	3.697	0	0	-0.5391
24	4	3.76	0	0	-2.33
24	4	5.663	0	0	0.01723
24	4	3.549	1	1	-0.1402
24	4	5.56	1	1	-0.8852
25	4	0.879	1	0	0.9598
25	4	5.337	0	0	1.422
25	4	0.2016	0	0	1.262
25	4	0.1325	1	0	0.9875
25	4	0.409	1	1	-0.9929
25	4	0.7894	1	1	0.3181
25	4	3.831	0	0	0.32
25	4	5.375	1	1	-0.2555
25	4	0.7218	0	1	0.09264
25	4	1.723	0	0	0.2424
25	4	5.349	1	1	0.02583
25	4	1.012	0	0	-0.7884
25	4	0.6167	1	1	-0.1529
25	4	1.697	0	1	-0.2842
25	4	5.551	1	1	0.2582
25	4	5.134	0	0	-0.6453
25	4	1.777	0	0	-0.8288
25	4	1.646	0	0	0.07234
25	4	0.9854	1	0	0.6853
25	4	3.413	0	0	0.9941
25	4	0.889	0	0	0.443
25	4	0.3586	0	1	0.726
25	4	3.313	1	1	0.1178
25	4	5.324	0	0	0.3272
25	4	0.7235	0	0	-0.2618
25	4	3.698	1	1	-0.0401
25	4	3.652	1	1	-0.3282
25	4	1.766	1	1	-0.188
25	4	3.619	1	1	0.9123
25	4	0.6008	1	1	0.7401
25	4	1.581	1	1	-5.537
25	4	3.398	1	1	-1.317
25	4	0.2333	0	0	-0.2661
25	4	0.793	0	0	0.6632
25	4	3.738	1	1	0.3403
25	4	1.828	1	0	0.6239
25	4	3.957	0	0	0.8042
25	4	1.071	1	1	-0.5241
25	4	5.209	0	0	-0.02134
25	4	5.274	1	1	1.408
25	4	5.511	1	1	-0.03407
25	4	0.8788	0	0	0.2435
25	4	1.684	0	0	-0.6088
25	4	0.66	0	0	-0.5555
25	4	1.789	1	1	0.4282
25	4	5.638	0	0	-0.1763
25	4	0.3358	0	0	0.3014
25	4	1.158	0	0	0.2218
25	4	2.04	0	0	-0.3921
25	4	3.662	1	1	-1.73
26	4	0.3478	0	0	-0.1095
26	4	1.59	0	0	1.375
26	4	0.3433	0	0	0.7839
26	4	5.488	1	1	1.359
26	4	0.9559	1	1	0.2574
26	4	1.106	0	0	0.3518
26	4	3.691	0	0	0.2311
26	4	0.7663	1	1	0.2865
26	4	3.005	1	1	0.1133
26	4	5.478	0	0	0.3668
26	4	1.244	0	1	-0.3705
26	4	0.3365	0	1	-0.7476
26	4	3.36	1	1	-0.1956
26	4	5.568	1	1	-0.6609
26	4	1.265	1	1	-0.3787
26	4	3.717	1	1	-0.0747
26	4	0.2996	0	0	0.3007
26	4	3.524	0	0	-0.2223
26	4	0.5039	0	0	1.167
26	4	0.7694	1	1	-1.122
26	4	5.333	1	1	-0.7169
26	4	3.732	0	0	1.011
26	4	1.148	1	1	0.8912
26	4	1.915	0	0	0.5617
26	4	0.4644	0	1	0.6122
26	4	1.792	1	1	-4.959
26	4	0.9987	0	0	0.007503
26	4	1.245	1	1	-0.1376
26	4	5.358	1	1	-0.02166
26	4	0.2544	1	0	-1.283
26	4	1.756	0	0	-0.1446
26	4	1.812	1	1	0.4803
26	4	5.426	1	1	0.08563
26	4	3.662	0	0	-0.06558
26	4	0.8737	1	0	0.407
26	4	5.172	0	0	0.6985
26	4	2.066	1	1	0.5278
26	4	0.9809	0	0	-0.6605
26	4	3.866	0	0	-0.03865
26	4	5.377	0	0	-0.9606
26	4	0.3861	1	1	-1.106
26	4	1.772	1	1	-0.3241
26	4	3.52	0	0	0.1548
26	4	0.9531	0	0	-1.802
26	4	5.584	0	0	0.09022
26	4	5.173	0	0	1.134
26	4	2.286	1	1	0.2356
26	4	3.595	0	0	1.896
26	4	0.6763	1	1	2.642
26	4	1.517	1	1	-1.353
27	4	0.9211	0	0	-0.8259
27	4	0.05693	0	0	-0.04854
27	4	3.56	1	1	0.7647
27	4	1.85	0	0	-2.025
27	4	1.496	0	0	-0.01752
27	4	0.3632	1	0	0.3446
27	4	5.336	0	0	0.02394
27	4	1.533	0	0	0.08662
27	4	3.522	0	0	0.6577
27	4	0.8234	1	1	0.4626
27	4	0.8812	1	1	-0.1338
27	4	0.7323	0	1	0.3944
27	4	5.564	0	0	0.4688
27	4	5.465	0	0	0.2693
27	4	3.826	1	1	0.3419
27	4	0.2579	1	1	0.3018
27	4	1.841	1	1	-0.4769
27	4	5.306	0	0	0.4199
27	4	3.582	0	0	0.2488
27	4	0.9049	0	0	-0.7864
27	4	0.4573	0	0	0.6426
27	4	0.3034	1	1	-1
27	4	5.228	0	0	0.6691
27	4	1.055	1	1	-0.9991
27	4	1.664	1	1	-0.77
27	4	3.557	1	1	0.1662
27	4	0.8046	1	1	-0.2357
27	4	0.8775	1	1	-0.02869
27	4	0.7077	0	0	0.1765
27	4	0.9707	1	1	0.6488
27	4	5.416	1	1	0.05647
27	4	3.569	0	0	0.3458
27	4	5.296	1	1	1.401
27	4	1.841	1	1	0.05149
27	4	5.075	1	1	1.012
27	4	0.885	1	1	0.2016
27	4	3.781	0	0	0.9859
27	4	2.051	0	0	-2.645
27	4	0.4038	0	0	0.5372
27	4	1.87	1	1	0.691
27	4	0.3962	0	0	1.048
27	4	1.088	1	1	-5.406
27	4	3.975	0	0	1.175
27	4	3.804	0	0	-0.3508
27	4	0.7118	1	0	0.8169
27	4	1.788	0	0	-0.9003
27	4	3.08	1	1	0.5039
27	4	1.892	0	0	-0.552
27	4	5.429	0	0	-1.125
27	4	5.442	1	1	-0.05688
28	4	1.826	1	0	0.8738
28	4	3.847	1	1	0.6246
28	4	0.4325	1	0	0.3293
28	4	1.762	1	1	0.7887
28	4	3.559	1	1	0.2059
28	4	1.816	1	1	0.2152
28	4	1.973	0	0	0.2022
28	4	1.864	0	0	0.1587
28	4	5.392	0	0	-0.282
28	4	5.592	1	1	-0.3898
28	4	0.8584	0	0	-0.7014
28	4	0.4375	0	1	-0.1571
28	4	5.299	0	0	-0.4796
28	4	0.4952	1	1	0.1618
28	4	3.402	1	1	0.4087
28	4	1.758	0	0	0.3972
28	4	0.5584	0	0	0.3248
28	4	0.6503	1	1	0.2871
28	4	3.428	1	1	0.8948
28	4	3.425	0	0	-3.079
28	4	1.597	1	0	-0.4885
28	4	0.7777	0	0	-1.134
28	4	5.426	1	1	1.06
28	4	5.359	1	1	0.5545
28	4	1.067	0	0	-1.551
28	4	0.6159	1	0	-0.1306
28	4	3.697	0	0	-1.186
28	4	1.983	0	0	0.2811
28	4	0.6429	1	1	-1.889
28	4	5.244	0	0	0.4491
28	4	1.415	1	1	0.51
28	4	0.3105	0	1	0.4197
28	4	3.583	0	0	1.069
28	4	1.816	1	1	-0.3952
28	4	3.307	1	1	-3.57
28	4	0.6666	1	0	-0.6167
28	4	0.5569	0	0	0.2976
28	4	0.7878	0	0	0.461
28	4	0.2863	0	0	0.4063
28	4	5.051	0	0	0.4072
28	4	0.6355	1	0	0.292
28	4	5.438	1	1	0.7545
28	4	0.7129	1	0	0.5696
28	4	3.286	0	0	0.2548
28	4	5.449	0	0	0.647
28	4	0.9027	0	0	0.1359
28	4	3.455	1	1	0.5306
28	4	5.487	1	1	-3.098
28	4	0.5391	0	0	-1.574
28	4	1.073	1	0	-2.41
29	4	5.505	1	1	2.266
29	4	4.859	0	0	1.349
29	4	5.054	1	1	1.106
29	4	0.3763	1	0	0.9639
29	4	3.563	1	1	-1.414
29	4	0.4395	1	0	-0.3192
29	4	0.6177	0	0	0.6419
29	4	1.466	1	1	-0.0589
29	4	1.214	0	0	-0.05533
29	4	1.118	0	0	0.9041
29	4	1.988	1	1	1.144
29	4	1.581	1	1	-2.527
29	4	0.6225	1	1	-2.092
29	4	5.138	0	0	-2.081
29	4	0.6543	0	1	0.3679
29	4	3.829	1	1	0.3876
29	4	3.45	1	1	-2.366
29	4	1.864	0	0	0.372
29	4	0.5941	0	1	0.8447
29	4	1.945	1	1	0.2928
29	4	0.6781	1	1	-0.8663
29	4	0.7245	0	0	-1.696
29	4	0.4816	1	0	0.5398
29	4	3.887	1	1	-0.3161
29	4	3.605	0	0	0.1374
29	4	0.9654	1	1	1.024
29	4	0.6033	1	0	0.6311
29	4	3.849	1	1	0.7526
29	4	3.998	1	1	-0.3646
29	4	3.544	0	0	1.074
29	4	5.249	1	1	0.627
29	4	0.6398	0	1	-1.111
29	4	1.029	0	0	-0.1938
29	4	0.266	1	0	-0.7872
29	4	1.188	0	0	-0.354
29	4	5.571	0	0	-0.2792
29	4	3.643	0	0	-0.1819
29	4	1.661	0	0	-0.02743
29	4	0.3403	0	0	0.3687
29	4	3.8	1	1	-0.0869
29	4	5.485	1	1	-0.3995
29	4	0.7654	0	0	-1.894
29	4	0.2659	0	0	-0.4211
29	4	1.697	0	0	0.4233
29	4	1.536	0	0	-0.4308
29	4	5.256	0	0	-1.323
29	4	1.832	1	1	0.05176
29	4	5.34	0	0	0.4889
29	4	5.327	1	1	-0.5849
29	4	2.07	1	1	-0.7864
30	5	0.8879	0	0	0.1943
30	5	5.393	0	0	2.556
30	5	5.293	0	0	1.249
30	5	3.407	1	1	-0.2201
30	5	1.115	0	0	-0.7384
30	5	0.4722	1	1	-0.6162
30	5	0.3544	0	1	-0.7885
30	5	1.712	0	0	0.01092
30	5	3.633	1	1	0.4725
30	5	3.443	1	1	0.5371
30	5	5.592	1	1	-0.6539
30	5	0.8754	1	1	-0.07696
30	5	3.45	1	1	-0.6176
30	5	1.72	0	0	0.1851
30	5	0.6498	1	1	-0.0336
30	5	0.827	1	1	-1.33
30	5	5.075	0	0	0.2011
30	5	3.446	1	1	0.07425
30	5	1.008	1	1	-0.1719
30	5	1.446	0	0	-0.07232
30	5	0.8083	0	1	-0.1524
30	5	5.747	0	0	-0.1739
30	5	1.289	0	1	0.5247
30	5	3.383	1	1	0.749
30	5	3.471	1	1	0.5252
30	5	2.011	1	1	-0.3514
30	5	1.989	0	0	0.6746
30	5	3.495	1	1	0.4358
30	5	0.6962	0	0	0.2221
30	5	1.466	0	0	-1.961
30	5	5.097	0	0	-0.9665
30	5	0.1988	0	0	0.6611
30	5	0.8217	1	1	1.024
30	5	1.102	1	0	0.595
30	5	4.693	1	1	0.7787
30	5	0.3966	0	0	0.8307
30	5	3.804	1	1	-2.262
30	5	3.694	0	0	0.2953
30	5	1.63	0	0	-3.048
30	5	0.5678	1	1	0.03797
30	5	5.787	1	1	-1.738
30	5	0.6713	1	0	0.5436
30	5	0.505	0	0	0.1487
30	5	5.809	1	1	-0.7168
30	5	5.213	0	0	-0.7898
30	5	1.5	0	0	0.3691
30	5	2.047	1	1	1.036
30	5	1.556	0	0	1.061
30	5	0.8312	0	0	-0.04749
30	5	0.03966	1	1	-1.292
31	5	5.538	0	0	1.449
31	5	5.688	1	1	1.668
31	5	2.15	0	0	0.8752
31	5	0.6809	1	0	0.4777
31	5	1.929	0	0	0.7466
31	5	1.58	0	1	0.5873
31	5	1.805	1	1	0.6129
31	5	3.774	0	0	0.2982
31	5	1.897	1	1	0.3411
31	5	5.357	0	0	-0.05736
31	5	3.452	1	1	-0.4992
31	5	5.413	1	1	-0.4219
31	5	3.318	1	1	-0.5622
31	5	0.9255	1	0	-0.65
31	5	1.185	1	0	0.4921
31	5	0.3606	0	1	0.4319
31	5	0.7503	1	1	0.1866
31	5	1.857	0	0	0.09507
31	5	1.034	0	0	0.4349
31	5	0.6853	1	1	-0.2889
31	5	3.698	0	0	0.6816
31	5	1.582	1	1	0.007425
31	5	3.933	1	1	-1.575
31	5	0.7766	1	0	0.3741
31	5	1.561	1	1	0.1859
31	5	0.777	0	0	-3.329
31	5	0.4511	0	1	-0.3154
31	5	0.3344	0	0	-0.3519
31	5	1.526	0	0	0.1926
31	5	0.3108	0	0	0.05164
31	5	0.5359	0	0	0.6135
31	5	3.512	1	1	0.2398
31	5	3.727	1	1	-0.3493
31	5	5.251	1	1	0.284
31	5	3.528	1	1	0.6728
31	5	5.391	1	1	0.5641
31	5	0.7702	0	0	-2.711
31	5	1.224	0	0	-1.801
31	5	1.038	1	0	-0.309
31	5	0.589	1	1	1.131
31	5	0.9589	0	0	-0.671
31	5	0.9004	1	0	-0.2385
31	5	3.865	0	0	0.1348
31	5	5.521	0	0	0.181
31	5	0.03785	0	0	0.08089
31	5	0.9035	0	0	-0.1919
31	5	5.292	0	0	0.2607
31	5	5.243	1	1	-0.1182
31	5	3.503	1	1	-0.163
31	5	5.7	0	0	-1.482
32	5	0.3469	1	0	1.477
32	5	5.351	0	0	2.138
32	5	5.413	0	0	1.151
32	5	5.733	0	0	0.9403
32	5	0.5472	1	1	-1.747
32	5	1.793	1	1	-0.2077
32	5	3.48	0	0	-0.01179
32	5	3.653	0	0	0.4992
32	5	1.805	1	1	-0.268
32	5	0.3612	1	1	0.4694
32	5	0.5029	0	1	0.5348
32	5	2.018	0	0	0.126
32	5	0.98	1	1	-0.6207
32	5	5.305	0	0	-0.2286
32	5	0.8999	1	1	-0.0242
32	5	3.552	0	0	0.2647
32	5	0.8158	0	0	-0.2425
32	5	3.369	0	0	-1.81
32	5	0.6278	1	1	-3.45
32	5	0.4046	0	1	-0.8658
32	5	0.5422	0	0	0.393
32	5	3.362	0	0	0.184
32	5	0.897	0	0	0.7404
32	5	0.7822	0	1	0.6075
32	5	0.692	0	0	0.01214
32	5	0.2659	0	1	-0.5401
32	5	3.478	1	1	0.08382
32	5	0.6428	0	1	0.05342
32	5	5.689	0	0	0.3593
32	5	3.535	1	1	0.5946
32	5	1.18	0	0	0.1345
32	5	2.428	1	1	-0.5732
32	5	1.748	1	1	0.5914
32	5	5.231	0	0	-0.5492
32	5	5.265	1	1	-0.1973
32	5	5.493	1	1	-0.4468
32	5	5.478	0	0	-0.219
32	5	1.825	1	1	-0.9539
32	5	3.449	1	1	-0.301
32	5	0.575	1	1	-0.1715
32	5	1.807	1	1	-1.014
32	5	0.8209	1	1	0.3535
32	5	2.063	1	1	0.4026
32	5	5.505	0	0	-0.4594
32	5	1.507	1	1	0.1264
32	5	3.469	1	1	0.2486
32	5	0.4851	0	0	-0.2513
32	5	2.112	1	1	1.035
32	5	0.8314	1	0	1.053
32	5	3.561	1	1	-0.849
33	5	0.3386	1	0	0.4762
33	5	2.055	0	0	0.7774
33	5	5.42	1	1	1.004
33	5	0.6884	1	0	0.9585
33	5	1.754	1	1	0.6259
33	5	0.9374	0	0	0.119
33	5	1.089	1	1	0.8662
33	5	2.026	0	0	-0.0932
33	5	3.771	0	0	-0.1923
33	5	0.9543	1	1	0.3925
33	5	3.466	0	0	0.6894
33	5	5.112	0	0	1.293
33	5	1.78	1	1	0.9855
33	5	0.5262	1	1	-0.3053
33	5	5.308	1	1	-0.8624
33	5	1.844	0	0	-0.711
33	5	5.232	0	0	-0.6813
33	5	3.346	1	1	0.5776
33	5	3.478	0	0	-1.761
33	5	3.591	0	0	-2.038
33	5	1.568	0	0	-0.5134
33	5	0.9927	0	0	0.7426
33	5	3.582	0	0	-0.2368
33	5	0.4625	1	1	1.153
33	5	3.821	1	1	-0.3411
33	5	5.53	1	1	-1.067
33	5	5.161	1	1	0.6544
33	5	1.819	0	1	0.4409
33	5	5.474	0	0	-0.8355
33	5	0.9678	1	1	-0.07266
33	5	0.9366	0	0	-0.7564
33	5	0.9156	1	1	0.3309
33	5	5.343	0	0	-0.04399
33	5	1.097	0	1	0.5111
33	5	5.395	0	0	0.2656
33	5	0.4108	0	0	-0.00829
33	5	1.755	0	0	-0.3198
33	5	1.46	1	1	-2.625
33	5	1.291	1	1	-1.33
33	5	1.652	0	1	-0.1664
33	5	0.9831	1	1	0.4834
33	5	3.592	1	1	0.8725
33	5	0.721	0	1	-1.029
33	5	1.1	1	1	-0.04098
33	5	3.483	1	1	0.59
33	5	5.593	1	1	0.9414
33	5	0.3471	0	0	0.88
33	5	0.614	1	0	1.546
33	5	3.892	1	1	-4.134
33	5	0.3069	0	0	-0.6485
34	5	0.868	0	0	0.2844
34	5	0.7576	0	1	1.634
34	5	5.279	1	1	-3.781
34	5	0.5139	1	1	0.8943
34	5	3.133	1	1	0.9824
34	5	0.5113	1	1	-1.321
34	5	1.804	1	1	0.7135
34	5	5.378	0	0	0.7383
34	5	1.18	0	0	0.6734
34	5	1.664	1	1	-1.177
34	5	0.9291	0	0	0.4856
34	5	0.2799	1	0	0.1356
34	5	0.167	1	0	0.4071
34	5	1.035	1	0	0.3104
34	5	1.866	0	0	0.1024
34	5	0.5203	0	0	-0.5543
34	5	0.4216	1	0	0.9232
34	5	5.587	0	0	-0.2194
34	5	0.327	1	1	0.8869
34	5	5.411	0	0	0.4738
34	5	2.043	1	1	0.3066
34	5	1.092	0	0	0.243
34	5	0.9872	0	0	0.8121
34	5	5.568	0	0	0.2765
34	5	2.996	0	0	0.6677
34	5	5.055	0	0	0.8361
34	5	1.146	1	1	0.2854
34	5	3.961	0	0	0.34
34	5	1.598	0	0	-3.404
34	5	0.8198	1	0	-0.3853
34	5	1.986	0	0	-0.1244
34	5	2.216	0	0	0.961
34	5	1.162	1	1	0.5225
34	5	3.423	0	0	0.8591
34	5	0.485	1	0	-0.2406
34	5	0.8386	1	1	0.1119
34	5	0.9077	1	1	0.6982
34	5	3.736	1	1	-0.5557
34	5	1.683	0	0	-0.9202
34	5	5.486	1	1	-0.8318
34	5	0.02961	1	1	1.418
34	5	1.633	1	1	0.956
34	5	3.744	1	1	0.2289
34	5	3.475	0	0	0.3521
34	5	5.369	1	1	0.7784
34	5	3.565	0	0	0.8694
34	5	3.7	0	0	-0.09024
34	5	5.35	0	0	0.7093
34	5	3.632	1	1	0.2818
34	5	5.484	1	1	-1.361
35	5	0.4905	1	0	0.5543
35	5	5.492	0	0	0.6873
35	5	0.3598	0	0	0.957
35	5	0.502	1	0	0.5383
35	5	0.6074	1	1	1.068
35	5	1.047	1	1	0.2721
35	5	3.679	0	0	0.3994
35	5	5.625	1	1	0.8276
35	5	0.8734	0	0	0.8426
35	5	1.77	0	0	-0.2174
35	5	5.569	1	1	0.2581
35	5	0.9299	0	0	-0.01991
35	5	0.5005	1	1	0.4169
35	5	1.807	0	0	0.5144
35	5	5.292	1	1	-1.434
35	5	5.192	0	0	0.1757
35	5	2.007	0	0	-0.3745
35	5	1.938	0	0	0.5036
35	5	0.7835	1	1	0.08356
35	5	3.784	0	0	0.5798
35	5	0.8819	0	0	-0.01739
35	5	0.8531	0	0	0.5973
35	5	3.685	1	1	0.5305
35	5	5.629	0	0	-1.083
35	5	1.105	0	0	0.6952
35	5	3.788	1	1	0.09487
35	5	3.683	1	1	-0.1175
35	5	1.758	1	1	0.2526
35	5	3.56	1	1	-0.2959
35	5	0.4401	1	1	0.6476
35	5	2.02	1	1	0.3591
35	5	3.722	1	1	0.6388
35	5	0.3507	0	0	-0.06839
35	5	0.4193	0	0	-0.08439
35	5	3.734	1	1	0.1269
35	5	1.875	1	1	1.031
35	5	3.661	0	0	0.1505
35	5	1.126	1	1	-0.3458
35	5	5.195	0	0	0.9526
35	5	5.336	1	1	0.2709
35	5	5.036	1	1	-0.9063
35	5	0.772	0	0	0.1875
35	5	1.603	0	0	0.9976
35	5	0.9781	0	0	0.5603
35	5	1.784	1	1	1.602
35	5	5.059	0	0	1.462
35	5	0.3679	0	0	2.847
35	5	0.3801	0	0	-3.828
35	5	1.837	0	0	-1.758
35	5	3.765	1	1	-0.4098
36	5	0.4104	0	0	0.9729
36	5	1.597	0	0	0.8646
36	5	0.429	0	0	0.5843
36	5	5.446	1	1	0.7321
36	5	0.836	1	0	0.7676
36	5	1.203	0	0	0.9871
36	5	3.93	0	0	-0.1956
36	5	0.9554	1	1	-0.159
36	5	3.326	1	1	0.63
36	5	5.053	0	0	-1.916
36	5	0.9102	0	0	-0.1517
36	5	0.2353	0	0	1.378
36	5	3.465	1	1	1.345
36	5	5.299	1	1	-0.9098
36	5	1.695	1	1	-2.057
36	5	3.73	1	1	-2.694
36	5	0.6348	0	0	-2.065
36	5	3.567	0	0	0.528
36	5	0.5458	0	0	0.9448
36	5	0.9727	1	0	-0.05783
36	5	5.777	1	1	0.6143
36	5	3.779	0	0	-0.651
36	5	0.9037	1	1	0.712
36	5	1.502	0	0	-0.1622
36	5	0.5686	0	0	-1.08
36	5	1.86	1	1	0.4766
36	5	0.5278	0	1	0.5311
36	5	1.217	1	1	0.2694
36	5	5.493	1	1	0.4877
36	5	0.9088	1	0	0.378
36	5	1.676	0	0	0.2776
36	5	1.816	1	1	0.2637
36	5	5.222	1	1	0.004597
36	5	3.758	0	0	-1.462
36	5	1.144	1	1	0.2986
36	5	5.513	0	0	-0.6211
36	5	1.89	1	1	0.05967
36	5	0.8034	0	0	0.4431
36	5	3.281	0	0	-0.3023
36	5	5.035	0	0	0.05681
36	5	0.5263	1	0	0.9786
36	5	1.443	1	0	0.3897
36	5	3.593	0	0	0.6822
36	5	0.7342	0	0	0.6835
36	5	5.047	0	0	-1.374
36	5	5.373	0	0	0.9429
36	5	2.003	1	1	-2.398
36	5	3.259	0	0	-0.3076
36	5	0.7669	1	1	-2.028
36	5	1.57	1	1	-0.323
37	5	0.7687	0	0	1.495
37	5	0.7105	1	0	0.9649
37	5	3.8	1	1	-0.1605
37	5	1.753	0	0	0.07738
37	5	2.041	0	0	1.113
37	5	0.2666	1	0	-0.266
37	5	5.521	0	0	0.6015
37	5	1.61	0	0	0.7954
37	5	3.646	0	0	1.227
37	5	0.8658	1	1	-1.211
37	5	1.026	1	1	-2.586
37	5	1.165	0	0	-1.659
37	5	5.226	0	0	-0.8295
37	5	5.311	0	0	-0.08284
37	5	3.625	1	1	0.6537
37	5	0.009899	0	0	0.03326
37	5	1.393	1	1	-1.013
37	5	5.381	0	0	0.006145
37	5	3.62	0	0	-0.5032
37	5	0.4002	0	0	-0.475
37	5	0.4561	0	0	0.183
37	5	0.6757	1	1	0.4624
37	5	5.464	0	0	0.07038
37	5	0.685	1	1	-0.787
37	5	1.515	1	1	-0.2847
37	5	3.589	1	1	-0.4529
37	5	1.079	1	0	0.1414
37	5	0.6277	1	0	-1.085
37	5	0.1599	0	1	0.4915
37	5	0.9144	1	0	0.734
37	5	5.202	1	1	0.3402
37	5	3.699	0	0	-0.1546
37	5	5.424	1	1	0.3245
37	5	1.751	1	1	-0.1833
37	5	5.159	1	1	-0.3566
37	5	0.886	1	1	-0.5435
37	5	3.581	0	0	0.4535
37	5	1.711	0	0	-1.122
37	5	0.3193	0	0	-0.3355
37	5	1.908	1	1	1.39
37	5	0.4624	0	0	-0.9962
37	5	1.057	1	1	-0.7674
37	5	3.971	0	0	-0.9195
37	5	3.801	0	0	0.1987
37	5	0.6323	1	0	0.1222
37	5	1.797	0	0	-0.4947
37	5	4.004	1	1	0.9692
37	5	1.886	0	0	-0.01042
37	5	5.505	0	0	-0.9267
37	5	6.104	1	1	-0.7627
38	5	2.118	1	1	0.6432
38	5	3.689	1	1	0.196
38	5	0.677	1	0	0.2408
38	5	1.941	1	1	0.2278
38	5	3.358	1	1	0.3244
38	5	1.899	1	1	0.1289
38	5	1.609	0	0	-0.9044
38	5	2.083	0	0	-0.08333
38	5	5.528	0	0	-0.1812
38	5	5.417	1	1	-0.3987
38	5	1.013	0	1	-1.452
38	5	0.4595	0	0	0.3834
38	5	5.488	0	0	0.262
38	5	0.6571	1	1	-0.2426
38	5	3.917	1	1	-0.06177
38	5	1.895	0	0	-0.2176
38	5	0.5841	0	0	-0.4099
38	5	0.7985	1	1	0.2097
38	5	3.399	1	1	0.2529
38	5	3.436	0	0	-0.1769
38	5	2.272	1	1	1.42
38	5	0.9054	0	0	-4.677
38	5	5.126	1	1	-1.248
38	5	5.557	1	1	1.234
38	5	0.8403	0	0	0.7421
38	5	0.39	1	1	-0.2348
38	5	3.956	0	0	-1.813
38	5	1.778	0	0	-0.9925
38	5	0.1288	1	0	0.2484
38	5	5.519	0	0	0.1998
38	5	1.658	1	1	0.7012
38	5	0.3136	0	0	1.058
38	5	3.74	0	0	0.6637
38	5	1.666	1	1	0.4682
38	5	3.725	1	1	0.3996
38	5	0.2395	1	1	0.5888
38	5	0.349	0	0	0.002203
38	5	1.078	0	0	-0.5452
38	5	0.2841	0	0	-0.1063
38	5	5.271	0	0	-1.501
38	5	0.3179	1	0	0.08973
38	5	5.22	1	1	-0.727
38	5	0.8202	1	0	0.8583
38	5	3.44	0	0	-0.3789
38	5	5.356	0	0	-0.166
38	5	1.035	0	0	-0.925
38	5	3.522	1	1	-0.701
38	5	5.648	1	1	-0.5888
38	5	0.5874	0	0	-0.7755
38	5	1.222	1	1	-0.4886
39	5	5.143	1	1	-0.4039
39	5	5.364	0	0	0.5399
39	5	5.342	1	1	1.202
39	5	0.4493	1	1	0.01256
39	5	2.946	1	1	-4.463
39	5	1.118	1	0	-0.1645
39	5	0.6696	0	1	0.8379
39	5	2.005	1	0	0.9511
39	5	0.8124	0	0	0.6695
39	5	0.7261	0	0	0.4647
39	5	1.888	1	1	0.5481
39	5	1.701	1	1	0.3031
39	5	0.5694	1	1	0.727
39	5	5.474	0	0	-0.0003916
39	5	0.8226	0	0	-1.193
39	5	3.397	1	1	0.3137
39	5	3.678	1	1	1.266
39	5	1.561	0	0	1.383
39	5	0.4076	0	0	-0.4938
39	5	1.78	1	1	0.6766
39	5	0.6923	1	1	-1.561
39	5	1.426	0	0	-1.284
39	5	0.414	1	1	0.09154
39	5	3.378	1	1	-0.2681
39	5	3.286	0	0	0.285
39	5	1.15	1	1	0.9278
39	5	0.3454	1	1	0.6203
39	5	3.484	1	1	0.969
39	5	3.552	1	1	0.2876
39	5	3.736	0	0	0.1053
39	5	5.076	1	1	1.303
39	5	0.5068	0	0	-0.5718
39	5	1.24	0	0	0.508
39	5	0.3647	1	0	0.9377
39	5	1.009	0	0	1.091
39	5	5.435	0	0	-1.541
39	5	3.387	0	0	0.3725
39	5	1.654	0	0	0.9961
39	5	0.8442	0	0	-3.36
39	5	3.751	1	1	0.7579
39	5	5.319	1	1	-0.8793
39	5	0.6311	0	0	-0.3773
39	5	0.399	0	0	0.08952
39	5	1.588	0	0	0.4445
39	5	2.092	0	0	2.113
39	5	5.317	0	0	-0.06072
39	5	1.987	1	1	-0.2817
39	5	5.231	0	0	0.3989
39	5	5.234	1	1	0.4353
39	5	1.945	1	1	-1.449
40	6	0.8879	0	0	0.9976
40	6	5.304	0	0	-0.02074
40	6	5.421	0	0	0.7376
40	6	3.838	1	1	0.7478
40	6	0.5834	0	0	0.4741
40	6	0.3701	1	1	1.614
40	6	0.2357	0	1	0.3781
40	6	2.015	0	1	-0.03134
40	6	3.561	1	1	-0.03859
40	6	3.642	1	1	-0.0382
40	6	5.425	1	1	0.01638
40	6	1.171	1	1	0.457
40	6	3.784	1	1	-0.3476
40	6	2.181	0	0	-1.146
40	6	0.5596	1	1	-0.1621
40	6	0.859	1	1	-0.123
40	6	5.135	0	0	0.1821
40	6	3.441	1	1	0.3627
40	6	1.017	1	0	-0.2504
40	6	1.935	0	0	0.2271
40	6	1.171	0	0	1.536
40	6	5.59	0	0	0.005211
40	6	0.8579	0	0	0.9585
40	6	3.257	1	1	-0.4545
40	6	3.583	1	1	-0.5194
40	6	1.721	1	1	0.3355
40	6	1.819	0	0	-1.578
40	6	3.758	1	1	1.33
40	6	0.5608	0	0	0.1564
40	6	1.463	0	0	0.8916
40	6	5.096	0	0	-1.623
40	6	0.1958	0	0	-1.507
40	6	0.8163	1	0	-0.2772
40	6	1.104	1	0	1.928
40	6	4.703	1	1	0.7927
40	6	0.409	0	0	0.6426
40	6	3.788	1	1	-0.4336
40	6	3.688	0	0	0.1548
40	6	1.63	0	0	-1.035
40	6	0.5723	1	0	0.3005
40	6	5.781	1	1	0.474
40	6	0.681	1	1	0.7789
40	6	0.5047	0	1	0.684
40	6	5.813	1	1	0.1617
40	6	5.211	0	0	0.8885
40	6	1.497	0	0	0.1828
40	6	2.047	1	1	-0.004979
40	6	1.555	0	0	0.1634
40	6	0.8273	0	0	0.1849
40	6	0.04302	1	1	-1.055
41	6	5.395	0	0	0.8376
41	6	5.113	1	1	0.2205
41	6	1.71	0	0	-0.02242
41	6	0.2913	1	1	-0.001797
41	6	1.943	0	0	0.06113
41	6	1.857	0	0	0.0005781
41	6	1.857	1	1	-0.7493
41	6	3.523	0	0	0.673
41	6	1.828	1	1	0.04779
41	6	5.341	0	0	0.195
41	6	4.159	1	1	0.9225
41	6	5.731	1	1	-0.6709
41	6	3.657	1	1	0.5017
41	6	0.7253	1	1	-0.272
41	6	1.836	1	1	0.8636
41	6	0.5223	0	1	-0.09414
41	6	0.4857	1	1	0.3957
41	6	1.711	0	0	0.9317
41	6	1.152	0	0	-1.993
41	6	0.1293	1	1	-1.165
41	6	3.564	0	0	0.1176
41	6	1.604	1	0	0.608
41	6	3.751	1	1	-2.284
41	6	0.8508	1	1	-1.497
41	6	1.968	1	1	0.2762
41	6	0.7035	0	0	-0.0263
41	6	0.7451	0	0	1.111
41	6	0.07005	0	0	0.7141
41	6	2.012	0	0	-0.2764
41	6	0.0273	1	0	-1.802
41	6	0.4376	0	0	-0.8118
41	6	3.505	1	1	-0.438
41	6	3.601	1	1	1.054
41	6	5.294	1	1	-0.4096
41	6	3.583	1	1	0.1893
41	6	5.263	1	1	0.5947
41	6	1.179	0	0	0.03847
41	6	0.817	0	0	0.2167
41	6	1.247	1	0	0.2671
41	6	0.2265	1	0	0.2841
41	6	1.185	0	0	0.9985
41	6	1.064	1	0	0.548
41	6	3.59	0	0	0.6183
41	6	5.656	0	0	0.5339
41	6	0.1212	1	0	0.7406
41	6	1.196	0	0	0.0879
41	6	5.751	0	0	0.07968
41	6	5.037	1	1	0.2923
41	6	3.423	1	1	-0.6092
41	6	5.718	0	0	-0.9889
42	6	0.4333	1	1	1.117
42	6	5.368	0	0	1.538
42	6	5.246	0	0	1.772
42	6	5.337	0	0	-1.483
42	6	0.2531	1	0	-0.1794
42	6	1.622	1	1	0.07397
42	6	3.812	0	0	0.3444
42	6	4.036	0	0	0.3489
42	6	1.817	1	1	0.596
42	6	0.5709	1	0	0.3626
42	6	0.5477	0	0	-0.5122
42	6	1.629	0	0	0.1952
42	6	0.7904	1	1	-0.1983
42	6	5.308	0	0	-0.5207
42	6	1.154	1	1	0.4334
42	6	3.395	0	0	-2.133
42	6	1.006	0	0	-0.3337
42	6	3.418	0	0	-0.7621
42	6	0.9505	1	0	0.04113
42	6	0.02363	0	1	0.1326
42	6	0.5939	0	1	0.7547
42	6	3.687	0	0	0.914
42	6	0.5767	0	0	0.436
42	6	0.2825	0	0	0.6392
42	6	0.973	0	0	0.5904
42	6	0.3315	0	1	1.202
42	6	3.816	1	1	-0.5416
42	6	1.282	0	0	0.08064
42	6	5.044	0	0	-4.403
42	6	3.531	1	1	-2.936
42	6	0.8291	0	1	-0.9722
42	6	1.671	1	1	-0.5447
42	6	2.007	1	1	0.196
42	6	5.61	0	0	-0.2635
42	6	5.441	1	1	0.6316
42	6	5.26	1	1	-0.1637
42	6	5.507	0	0	1.497
42	6	1.815	1	1	0.3033
42	6	3.04	1	1	0.121
42	6	0.6542	1	1	-0.2729
42	6	1.905	1	1	0.1598
42	6	0.7963	1	1	0.544
42	6	1.824	1	1	-1.763
42	6	5.309	0	0	-0.7798
42	6	2.413	1	1	0.6931
42	6	3.85	1	1	0.6958
42	6	0.4166	0	0	-1.976
42	6	1.883	1	1	-1.205
42	6	0.6494	1	1	1.241
42	6	3.895	1	1	-1.155
43	6	0.4587	1	0	1.19
43	6	1.772	0	0	1.473
43	6	5.432	1	1	-1.345
43	6	0.5219	1	1	0.7865
43	6	1.996	1	1	0.2038
43	6	1.128	0	0	0.4319
43	6	0.8066	1	1	-0.2836
43	6	1.379	0	0	0.1239
43	6	3.54	0	0	1.478
43	6	1.184	1	1	0.1832
43	6	3.391	0	0	-0.1989
43	6	5.564	0	0	-1.329
43	6	1.685	1	1	0.8158
43	6	0.7075	1	1	1.276
43	6	5.104	1	1	0.5856
43	6	1.445	0	0	-1.055
43	6	5.263	0	0	0.3254
43	6	3.268	1	1	0.477
43	6	3.492	0	0	-0.1125
43	6	3.586	0	0	1.19
43	6	1.533	0	0	0.04437
43	6	0.8775	0	0	-0.4749
43	6	3.603	0	0	-3.339
43	6	0.4694	1	1	-0.3555
43	6	3.472	1	1	-0.8543
43	6	5.209	1	1	-0.1913
43	6	4.969	1	1	-0.4947
43	6	1.939	0	0	-3.042
43	6	5.441	0	0	-0.8642
43	6	0.7721	1	1	-0.8621
43	6	0.9327	0	0	-0.9855
43	6	0.5205	1	1	0.6733
43	6	5.434	0	0	0.2067
43	6	0.6183	0	0	0.2925
43	6	5.524	0	0	0.8348
43	6	0.6356	0	1	0.05414
43	6	1.566	0	0	0.1964
43	6	1.598	1	1	-0.7546
43	6	0.8884	1	1	-1.91
43	6	1.48	0	0	-0.7578
43	6	1.162	1	1	1.228
43	6	3.696	1	1	-0.2351
43	6	0.9799	0	1	0.7408
43	6	1.096	1	1	0.04557
43	6	3.323	1	1	-1.858
43	6	5.733	1	1	-0.5319
43	6	0.2899	0	0	0.9391
43	6	0.6813	1	1	1.008
43	6	3.671	1	1	-0.08499
43	6	0.5197	0	0	-0.3997
44	6	0.7996	0	0	0.9472
44	6	0.278	0	0	1.072
44	6	5.024	1	1	1.537
44	6	0.41	1	1	-0.1077
44	6	3.371	1	1	1.216
44	6	0.02563	1	1	0.07918
44	6	1.977	1	1	-0.3205
44	6	5.051	0	0	0.3651
44	6	0.9993	0	1	-0.3107
44	6	2.137	1	1	-0.3083
44	6	0.6737	0	1	0.2772
44	6	0.5692	1	1	-0.4491
44	6	0.3901	1	0	1.052
44	6	0.5604	1	0	0.3116
44	6	1.782	0	0	0.123
44	6	0.6831	0	0	-0.06495
44	6	0.5449	1	1	0.8299
44	6	5.488	0	0	0.9601
44	6	0.64	1	1	-0.5946
44	6	5.688	0	0	0.452
44	6	1.912	1	1	-0.1368
44	6	0.7185	0	1	2.19
44	6	0.9907	0	0	1.037
44	6	5.143	0	0	0.0987
44	6	3.107	0	0	-2.342
44	6	5.474	0	0	-0.3268
44	6	1.969	1	1	-2.41
44	6	3.687	0	0	-2.184
44	6	1.665	0	1	1.542
44	6	0.6585	1	1	0.2934
44	6	1.709	0	0	-0.466
44	6	2.118	0	0	1.115
44	6	0.8532	1	1	-0.1849
44	6	3.603	0	0	0.896
44	6	0.09253	1	1	0.9988
44	6	1.079	1	1	-0.3678
44	6	0.9477	1	1	0.3685
44	6	3.673	1	1	-0.03271
44	6	1.474	0	0	1.743
44	6	5.535	1	1	0.6083
44	6	0.9887	1	1	-0.4266
44	6	2.162	1	1	0.5571
44	6	3.65	1	1	-1.557
44	6	3.737	0	0	1.38
44	6	5.501	1	1	-1.62
44	6	3.57	0	0	0.2799
44	6	3.754	0	0	-2.231
44	6	5.042	0	0	0.7738
44	6	3.796	1	1	1.045
44	6	5.507	1	1	-1.285
45	6	0.3977	1	0	0.8053
45	6	5.174	0	0	-1.089
45	6	0.3219	0	1	0.007817
45	6	0.1839	1	0	0.5089
45	6	0.4908	1	1	0.1332
45	6	0.8647	1	1	0.7111
45	6	3.713	0	0	-0.365
45	6	5.641	1	1	0.1233
45	6	0.6537	0	0	-0.5555
45	6	1.795	0	0	0.2642
45	6	5.339	1	1	0.1076
45	6	0.8876	0	0	0.292
45	6	0.3399	1	1	0.4758
45	6	1.606	0	0	0.04293
45	6	5.096	1	1	-0.0645
45	6	5.336	0	0	0.2461
45	6	1.596	0	0	0.18
45	6	2.067	0	0	-0.5393
45	6	1.077	1	1	0.1341
45	6	3.771	0	0	0.8503
45	6	0.7293	0	0	0.7164
45	6	0.3682	0	1	-0.1055
45	6	3.877	1	1	0.02858
45	6	5.387	0	0	-0.4082
45	6	0.9303	0	0	0.5064
45	6	3.44	1	1	0.9627
45	6	3.417	1	1	0.1255
45	6	1.72	1	1	0.3717
45	6	3.605	1	1	0.6865
45	6	0.8431	1	1	-2.314
45	6	1.695	1	1	0.1699
45	6	3.382	1	1	-0.3456
45	6	0.4556	0	1	-0.03569
45	6	0.7917	0	0	-0.02904
45	6	3.516	1	1	0.0005007
45	6	1.87	1	1	0.01472
45	6	3.827	0	0	0.9135
45	6	0.7473	1	1	-1.905
45	6	5.403	0	0	-1.316
45	6	5.495	1	1	-0.5335
45	6	5.105	1	1	0.4599
45	6	0.6939	0	0	0.1462
45	6	1.399	0	0	-0.1918
45	6	1.048	0	0	0.5401
45	6	1.874	1	1	0.684
45	6	5.403	0	0	1.237
45	6	0.6826	0	0	1.349
45	6	0.8614	0	0	-4.717
45	6	1.699	0	0	-1.9
45	6	3.761	1	1	-0.05462
46	6	0.08526	0	1	1.392
46	6	1.442	0	0	1.557
46	6	0.5785	0	1	0.6683
46	6	5.471	1	1	0.8673
46	6	0.8865	1	1	0.5788
46	6	0.5887	0	0	-1.348
46	6	4.027	0	0	-1.002
46	6	0.1474	1	1	-2.083
46	6	3.696	1	1	0.3116
46	6	5.517	0	0	1.379
46	6	0.9642	0	0	0.3983
46	6	0.5217	0	1	0.4857
46	6	3.4	1	1	0.03522
46	6	5.014	1	1	0.164
46	6	1.822	1	1	0.1259
46	6	3.502	1	1	-0.06873
46	6	0.244	0	0	0.9223
46	6	3.398	0	0	0.8785
46	6	0.34	0	1	0.6694
46	6	0.618	1	0	0.4822
46	6	4.99	1	1	-2.611
46	6	3.564	0	0	0.05023
46	6	0.9197	1	1	-0.03432
46	6	1.823	0	0	0.8016
46	6	0.6872	0	0	0.5469
46	6	1.598	1	1	0.9355
46	6	0.7862	0	0	-2.107
46	6	1.255	1	1	1.124
46	6	5.43	1	1	-2.537
46	6	0.484	1	1	-1.019
46	6	1.804	0	0	-1.293
46	6	1.824	1	1	0.3776
46	6	5.311	1	1	0.3859
46	6	3.484	0	0	0.6161
46	6	0.7332	1	0	0.8668
46	6	5.541	0	0	0.3565
46	6	1.677	1	1	0.8431
46	6	1.217	0	0	-1.378
46	6	3.563	0	0	-0.07436
46	6	5.44	0	0	0.05047
46	6	0.6256	1	1	-1.328
46	6	1.77	1	0	0.02525
46	6	3.461	0	0	-0.8822
46	6	1.041	0	0	0.7399
46	6	5.431	0	0	0.08211
46	6	5.357	0	0	0.08837
46	6	1.523	1	0	0.2071
46	6	3.898	0	0	0.7224
46	6	0.3295	1	0	0.3982
46	6	1.764	1	1	-0.252
47	6	0.6818	0	0	0.234
47	6	0.5825	1	0	0.2023
47	6	3.266	1	1	0.1895
47	6	2.047	0	0	-0.02167
47	6	1.866	0	0	0.897
47	6	0.4573	1	1	0.2346
47	6	5.554	0	0	0.3331
47	6	1.819	0	0	-0.6324
47	6	3.815	0	0	0.68
47	6	0.877	1	0	0.2183
47	6	1.069	1	1	0.1913
47	6	0.6841	0	1	1.004
47	6	5.438	0	0	0.2596
47	6	5.494	0	0	0.0907
47	6	4.247	1	1	-0.5788
47	6	0.4017	1	1	-3.045
47	6	1.876	1	1	-1.233
47	6	5.451	0	0	-0.1987
47	6	3.673	0	0	-0.7926
47	6	0.2483	0	0	-1.344
47	6	0.3575	0	0	0.02139
47	6	0.3117	1	1	0.5612
47	6	5.009	0	0	0.5888
47	6	0.8319	1	1	-0.58
47	6	1.778	1	1	0.03889
47	6	3.733	1	1	0.5996
47	6	0.8553	1	1	1.932
47	6	0.9004	1	1	-0.3128
47	6	0.4379	0	0	-1.017
47	6	0.7754	1	1	-0.01
47	6	5.114	1	1	-1.418
47	6	3.406	0	0	-0.3757
47	6	5.303	1	1	-0.3186
47	6	1.995	1	1	0.0385
47	6	5.426	1	1	-1.32
47	6	0.7596	1	1	-0.02425
47	6	3.561	0	0	-0.1367
47	6	1.399	0	0	-0.3169
47	6	0.3165	0	0	-1.835
47	6	1.515	1	0	1.208
47	6	0.6523	0	0	-1.056
47	6	1.275	1	1	0.5546
47	6	3.456	0	0	0.4356
47	6	3.481	0	0	0.2791
47	6	0.321	1	1	-0.8454
47	6	1.708	0	0	-0.9227
47	6	3.557	1	1	-0.1388
47	6	1.903	0	0	0.7764
47	6	5.364	0	0	0.7074
47	6	5.408	1	1	-1.391
48	6	1.52	1	1	-1.229
48	6	3.697	1	1	0.5506
48	6	0.4333	1	0	0.3635
48	6	1.772	1	1	0.4524
48	6	3.327	1	1	0.5574
48	6	1.969	1	1	0.1097
48	6	2.087	0	0	0.1233
48	6	2.177	0	0	0.2302
48	6	4.88	0	0	0.6272
48	6	5.742	1	1	-1.726
48	6	0.5736	0	1	0.2362
48	6	0.4009	0	0	-0.2511
48	6	5.217	0	0	0.08933
48	6	0.673	1	1	1.299
48	6	3.958	1	1	0.2804
48	6	1.947	0	0	-0.2089
48	6	0.8174	0	0	0.5155
48	6	0.5445	1	1	-0.0659
48	6	3.708	1	1	0.444
48	6	3.596	0	0	-0.04692
48	6	1.821	1	1	0.2486
48	6	0.6057	0	1	0.3363
48	6	5.61	1	1	0.6893
48	6	5.439	1	1	0.8875
48	6	0.8429	0	0	1.834
48	6	0.4648	1	0	1.558
48	6	3.811	0	0	1.109
48	6	1.747	0	0	-1.88
48	6	0.9152	1	0	0.4758
48	6	5.268	0	0	0.4088
48	6	1.766	1	1	0.5134
48	6	0.2643	0	0	-2.067
48	6	3.667	0	0	-4.102
48	6	1.788	1	1	-0.2243
48	6	3.679	1	1	-0.2626
48	6	0.855	1	1	0.8548
48	6	0.548	0	1	1.162
48	6	0.7366	0	0	-0.05494
48	6	0.4452	0	0	1.371
48	6	5.425	0	0	1.348
48	6	0.4274	1	0	1.18
48	6	5.321	1	1	-0.009468
48	6	1.005	1	1	-0.4118
48	6	3.734	0	0	0.1011
48	6	5.562	0	0	0.5301
48	6	0.7463	0	0	0.5756
48	6	3.733	1	1	-0.3664
48	6	5.065	1	1	1.047
48	6	0.8077	0	0	-0.2233
48	6	0.817	1	1	-0.6764
49	6	5.303	1	1	-4.212
49	6	5.184	0	0	0.5572
49	6	5.046	1	1	0.8527
49	6	0.3123	1	0	1.163
49	6	3.42	1	1	0.499
49	6	0.9257	1	1	-0.6425
49	6	0.3507	0	0	-0.8619
49	6	1.582	1	1	0.1645
49	6	0.9031	0	0	-0.1699
49	6	0.9447	0	0	0.7863
49	6	2.215	1	1	1.118
49	6	1.84	1	1	-0.1982
49	6	0.567	1	1	1.555
49	6	5.26	0	0	0.6886
49	6	0.8437	0	0	0.1512
49	6	3.24	1	1	1.269
49	6	3.643	1	1	0.8017
49	6	1.762	0	0	0.2144
49	6	0.5275	0	0	-0.7687
49	6	1.744	1	1	-0.6542
49	6	1.011	1	0	-1.362
49	6	1.086	0	0	-0.6092
49	6	0.5739	1	0	0.207
49	6	3.708	1	1	0.9232
49	6	3.486	0	0	-0.322
49	6	0.8098	1	1	-0.8021
49	6	0.6127	1	1	0.2937
49	6	3.709	1	1	-0.1114
49	6	3.989	1	1	-1.795
49	6	4.052	0	0	-0.5167
49	6	5.269	1	1	0.9104
49	6	0.2994	0	0	-0.1469
49	6	1.106	0	0	0.8752
49	6	0.427	1	0	0.6236
49	6	1.079	0	0	0.2808
49	6	5.374	0	0	-0.1659
49	6	3.634	0	0	0.3792
49	6	1.968	0	0	1.048
49	6	0.5874	0	1	1.318
49	6	3.895	1	1	1.036
49	6	5.097	1	1	0.1418
49	6	1.024	0	0	0.2593
49	6	0.4678	0	0	0.5541
49	6	2.102	0	0	0.7084
49	6	1.617	0	0	0.2665
49	6	5.451	0	0	-0.3298
49	6	1.841	1	1	0.01263
49	6	5.127	0	0	0.008096
49	6	5.23	1	1	-0.2775
49	6	1.52	1	1	-0.9595
