0	2	0.6562	0	1	-0.5455
0	2	5.493	0	1	0.3502
0	2	3.702	0	0	0.6581
0	2	5.433	1	1	0.2612
0	2	0.547	0	1	-0.4681
0	2	5.781	0	0	-0.4413
0	2	1.016	1	1	-0.2861
0	2	0.9088	1	1	0.2226
0	2	1.595	0	0	0.076
0	2	0.4951	0	1	0.9101
0	2	1.899	0	1	-0.004019
0	2	1.163	1	1	0.08489
0	2	3.497	0	0	0.205
0	2	1.792	0	1	0.2944
0	2	0.1681	0	0	0.2585
0	2	3.677	0	0	0.04211
0	2	3.6	1	1	-0.5137
0	2	1.968	1	1	-0.6803
0	2	1.856	1	1	-1.183
0	2	1.676	1	1	-0.4709
0	2	0.7555	1	1	-0.7266
0	2	2.031	0	0	-0.3262
0	2	3.748	1	1	0.02259
0	2	3.679	0	0	-0.3289
0	2	0.3143	1	1	0.8976
0	2	5.486	1	1	-0.4039
0	2	1.249	1	1	0.845
0	2	0.4615	0	1	-0.7032
0	2	3.832	1	1	0.3156
0	2	5.089	1	1	0.0567
0	2	1.142	1	1	-0.1698
0	2	5.433	1	1	0.1399
0	2	1.69	0	0	-0.01948
0	2	0.4087	0	0	-2.159
0	2	0.9125	1	0	0.3323
0	2	4.064	0	1	0.6892
0	2	3.675	0	0	2.07
0	2	1.601	0	0	-0.6166
0	2	5.094	0	0	0.01102
0	2	0.3837	1	0	-0.4877
0	2	3.661	1	1	-0.2835
0	2	0.455	0	1	-0.1419
0	2	2.044	1	1	0.06778
0	2	0.3262	1	1	0.05608
0	2	0.8114	0	0	0.1952
0	2	5.464	1	1	-0.5214
0	2	0.5515	1	1	-1.411
0	2	0.6272	1	1	-0.5718
0	2	5.582	0	0	-0.4209
0	2	5.224	0	0	0.2287
1	2	0.8046	0	1	-0.8766
1	2	3.349	0	0	0.2045
1	2	2.18	0	0	0.7347
1	2	1.688	1	1	0.9697
1	2	5.135	1	1	-1.046
1	2	0.5004	1	1	1.043
1	2	5.409	1	1	1.296
1	2	0.335	1	1	0.338
1	2	5.381	1	0	-0.8557
1	2	3.499	1	1	-0.2356
1	2	1.852	0	1	-1.17
1	2	3.944	1	0	-0.6887
1	2	1.789	0	0	0.2093
1	2	1.69	1	1	1.159
1	2	0.6084	0	0	1.326
1	2	3.823	1	1	-0.806
1	2	0.9967	0	1	1.009
1	2	5.253	0	1	0.1529
1	2	3.837	1	1	0.09867
1	2	0.954	1	1	0.2349
1	2	1.903	0	0	-1.325
1	2	1.825	0	1	0.3517
1	2	5.658	0	0	-0.3126
1	2	0.7352	1	1	-0.5724
1	2	0.9157	1	1	-0.3235
1	2	3.615	0	0	0.3382
1	2	1.103	1	0	0.2878
1	2	3.644	1	1	0.868
1	2	3.498	1	1	-0.4547
1	2	0.954	0	1	0.8849
1	2	0.3007	0	1	0.7973
1	2	5.401	1	1	-0.5016
1	2	0.1058	1	0	0.4928
1	2	0.9747	1	1	0.3052
1	2	2.04	1	1	0.5273
1	2	2.132	0	0	0.7886
1	2	3.193	0	0	0.1336
1	2	0.3778	0	1	0.4758
1	2	3.593	1	1	-0.907
1	2	0.3321	0	0	-1.211
1	2	0.3764	0	0	0.5854
1	2	0.8399	0	1	0.1915
1	2	5.375	0	0	-0.09171
1	2	5.422	0	0	0.5823
1	2	5.11	1	1	0.02942
1	2	1.168	0	0	1.376
1	2	0.5167	0	0	0.5641
1	2	5.173	0	0	0.3685
1	2	2.169	1	1	0.447
1	2	0.5898	1	1	-1.447
2	2	1.999	0	1	0.6118
2	2	0.6757	0	1	0.9526
2	2	3.596	0	0	-0.3531
2	2	1.869	1	1	0.5846
2	2	0.4938	0	1	-0.29
2	2	1.005	1	1	0.7589
2	2	5.462	0	0	0.09069
2	2	3.601	1	1	0.2983
2	2	1.822	1	1	0.7898
2	2	1.507	0	0	-0.5819
2	2	0.809	0	1	-1.915
2	2	1.722	1	1	0.03415
2	2	5.301	1	1	-0.6703
2	2	0.6708	0	0	-0.7519
2	2	0.4426	0	1	0.7961
2	2	3.832	1	1	1.319
2	2	5.501	1	1	-1.604
2	2	2.026	0	1	0.8785
2	2	0.3302	1	0	0.1765
2	2	1.083	0	1	1.248
2	2	3.691	0	0	0.3431
2	2	0.1526	1	0	1.537
2	2	0.2	0	1	-2.028
2	2	0.8901	1	1	-1.458
2	2	1.519	0	1	-0.3535
2	2	1.68	1	1	0.692
2	2	5.277	1	1	-1.394
2	2	3.72	1	1	-0.02059
2	2	5.401	0	0	-3.282
2	2	0.9991	1	1	-0.6515
2	2	5.375	1	1	1.684
2	2	4.128	1	1	2.314
2	2	2.002	0	0	-0.9383
2	2	1.664	0	1	0.5515
2	2	3.657	0	0	-0.5602
2	2	0.9415	0	1	0.6601
2	2	5.546	0	0	1.152
2	2	0.8041	0	1	0.1202
2	2	0.9071	0	0	1.289
2	2	3.911	1	1	0.2667
2	2	5.097	1	1	0.2751
2	2	0.9684	0	1	0.2033
2	2	3.628	1	1	-0.6221
2	2	0.8135	0	1	-1.472
2	2	3.279	1	0	0.5254
2	2	0.1253	1	1	0.3187
2	2	5.056	1	1	0.5668
2	2	5.294	1	1	-2.103
3	2	3.835	0	1	1.395
3	2	0.3295	0	0	1.463
3	2	1.649	0	0	0.6592
3	2	5.449	1	1	0.02824
3	2	0.2737	0	1	-0.3227
3	2	5.423	1	1	-0.2224
3	2	5.42	1	1	0.6923
3	2	5.477	1	1	0.5585
3	2	3.897	1	1	-0.858
3	2	1.537	0	0	1.399
3	2	0.8821	0	0	0.7235
3	2	3.277	0	1	0.595
3	2	5.301	1	1	0.05721
3	2	0.83	0	1	0.5031
3	2	5.359	0	0	-0.4978
3	2	1.381	1	0	0.7624
3	2	1.624	0	0	-0.6835
3	2	0.4004	0	1	2.113
3	2	3.562	1	1	0.4213
3	2	3.448	0	1	0.9844
3	2	3.654	1	1	2.219
3	2	0.8996	0	1	1.243
3	2	0.898	0	1	-1.006
3	2	0.9405	1	1	-0.6041
3	2	0.431	1	1	0.5741
3	2	4.997	0	0	0.801
3	2	1.78	0	0	-1.25
3	2	1.691	0	0	0.2536
3	2	5.493	0	0	-1.181
3	2	1.173	0	1	0.7735
3	2	0.3767	1	1	-0.5264
3	2	0.485	1	1	0.752
3	2	3.982	1	1	-0.834
3	2	0.5157	1	1	1.141
3	2	1.969	0	0	1.039
3	2	0.2964	1	1	1.024
3	2	3.586	1	1	0.9215
3	2	5.529	1	1	-0.4277
3	2	3.805	1	1	-1.272
3	2	1.939	0	1	0.005473
3	2	0.8985	1	1	0.5068
3	2	1.542	1	0	0.3053
3	2	5.428	1	1	1.359
3	2	0.3006	0	1	1.438
3	2	0.9738	0	0	0.6577
3	2	3.498	1	1	-0.001788
3	2	0.7283	1	1	-0.2141
3	2	1.554	0	1	0.2617
3	2	1.89	1	1	-1.128
3	2	0.7473	0	0	0.3534
4	2	5.302	1	1	-0.2108
4	2	3.616	0	0	-0.06019
4	2	1.864	0	0	0.498
4	2	0.664	0	0	1.241
4	2	3.43	1	1	0.08508
4	2	3.64	0	0	-0.1095
4	2	0.6028	0	0	-0.9086
4	2	0.8038	0	1	0.338
4	2	3.872	0	1	0.9864
4	2	0.5236	1	0	0.03395
4	2	0.9113	1	1	-0.4108
4	2	0.7057	1	1	1.051
4	2	3.545	0	1	1.179
4	2	1.984	1	1	-0.03184
4	2	5.431	0	0	0.9028
4	2	1.919	1	1	1.629
4	2	5.481	1	1	0.934
4	2	0.6136	1	1	0.5102
4	2	0.9436	0	1	0.2108
4	2	1.72	0	1	1.415
4	2	3.254	0	0	-0.7919
4	2	3.615	0	1	0.2164
4	2	3.169	1	1	0.1815
4	2	0.6159	1	0	0.4215
4	2	3.678	1	0	0.4973
4	2	1.931	1	0	0.2783
4	2	2.103	0	1	0.9533
4	2	1.631	1	1	0.4494
4	2	1.908	1	1	0.3421
4	2	3.552	1	1	2.077
4	2	5.539	0	0	0.5636
4	2	0.9375	0	1	-0.2427
4	2	5.613	1	1	1.202
4	2	1.649	0	0	0.853
4	2	0.1744	1	1	0.267
4	2	5.53	0	0	0.4645
4	2	0.6808	0	1	0.325
4	2	5.591	1	1	-0.3719
4	2	5.478	0	0	0.7351
4	2	0.2382	0	0	0.5206
4	2	1.27	1	1	-0.3937
4	2	0.6037	0	0	0.4866
4	2	1.046	0	1	0.9793
4	2	1.09	0	1	0.3926
4	2	1.64	1	1	-0.4585
4	2	5.179	1	1	1.375
4	2	1.153	1	1	-2.808
4	2	0.1671	1	1	-0.3387
4	2	5.598	0	0	0.1186
4	2	0.6187	1	1	0.5633
5	2	5.499	0	0	0.6433
5	2	1.808	1	1	0.4999
5	2	1.581	0	0	-0.4167
5	2	1.437	1	1	-0.1259
5	2	0.7819	0	1	0.2797
5	2	0.127	0	1	0.5219
5	2	3.553	0	1	-0.03392
5	2	0.414	1	1	0.5005
5	2	1.334	1	1	1.343
5	2	0.4405	1	1	1.047
5	2	0.8688	1	1	1.289
5	2	5.299	1	1	-0.8665
5	2	1.029	1	1	0.6907
5	2	1.746	0	1	1.424
5	2	0.3582	0	1	0.8643
5	2	3.446	0	0	-0.6794
5	2	5.12	1	1	1.203
5	2	1.964	0	0	0.431
5	2	0.9822	1	0	0.8823
5	2	5.804	0	0	0.5878
5	2	5.713	0	0	1.232
5	2	0.9879	1	1	-2.492
5	2	0.08456	0	1	-1.615
5	2	0.7198	0	1	-0.3886
5	2	3.404	1	1	0.8332
5	2	0.3851	0	0	0.4776
5	2	2.023	0	1	0.46
5	2	3.715	1	1	-0.7051
5	2	4.007	0	1	0.07718
5	2	5.136	0	0	-0.1161
5	2	3.717	1	0	0.6457
5	2	3.718	0	1	0.7463
5	2	1.799	1	0	1.128
5	2	3.391	0	1	1.014
5	2	1.123	1	1	-0.6978
5	2	1.523	1	1	1.728
5	2	0.6461	0	1	0.5747
5	2	3.703	1	1	1.676
5	2	5.166	1	1	0.797
5	2	5.632	0	0	2.444
5	2	1.844	0	1	-0.5482
5	2	5.187	1	1	0.01175
5	2	2.028	1	1	-0.595
5	2	1.599	1	0	-0.2804
5	2	0.1637	0	1	0.5897
5	2	0.6108	1	1	-0.03375
5	2	0.5049	1	0	0.5427
5	2	5.077	0	0	-1.454
5	2	0.8999	0	0	0.222
5	2	3.687	1	1	0.6745
6	2	4.093	1	1	1.063
6	2	2.133	0	0	0.8487
6	2	1.78	0	0	0.3692
6	2	5.469	0	1	1.796
6	2	0.581	0	1	0.3184
6	2	1.13	0	0	0.8337
6	2	0.8551	0	1	0.2747
6	2	0.3962	0	1	-3.501
6	2	3.721	0	0	-0.1812
6	2	3.7	1	1	0.9557
6	2	5.515	0	0	-0.9375
6	2	0.2926	0	0	0.2211
6	2	5.794	1	1	1.555
6	2	0.8253	1	1	0.3533
6	2	3.937	1	1	-0.452
6	2	3.742	1	1	0.1506
6	2	5.537	1	1	0.3306
6	2	3.525	1	1	0.8527
6	2	5.438	0	0	-2.447
6	2	3.777	1	0	-0.6309
6	2	1.266	1	1	0.7268
6	2	1.138	1	0	-2.092
6	2	1.77	1	1	1.213
6	2	1.108	0	1	1.459
6	2	5.697	1	1	0.1103
6	2	0.2608	0	1	0.8879
6	2	0.7623	1	0	0.8873
6	2	1.787	1	0	0.232
6	2	5.538	0	0	0.3107
6	2	1.843	0	0	1.133
6	2	1.944	1	0	-1.488
6	2	1.704	0	0	2.303
6	2	0.5373	0	1	1.536
6	2	0.8659	0	1	1.525
6	2	5.647	0	1	-0.6503
6	2	0.5543	1	1	-1.546
6	2	5.603	1	0	1.682
6	2	1.728	1	1	-0.7449
6	2	0.5151	0	0	-1.557
6	2	2.084	1	1	-1.175
6	2	1.632	0	0	0.2669
6	2	3.57	1	1	0.5851
6	2	0.7047	1	0	0.1782
6	2	0.8583	1	1	-1.169
6	2	3.898	1	1	0.4349
6	2	3.786	1	1	-1.431
6	2	0.9505	0	1	0.2543
6	2	0.5808	0	0	1.366
6	2	5.448	0	0	1.661
6	2	1.523	0	1	1.953
7	2	5.705	1	1	-1.276
7	2	3.711	0	1	-0.2016
7	2	1.433	1	1	-0.2477
7	2	1.964	1	1	0.7341
7	2	3.656	1	1	0.7946
7	2	0.7143	1	1	1.35
7	2	0.5632	1	1	0.7363
7	2	1.72	0	1	-0.2074
7	2	5.533	1	1	-0.01759
7	2	0.7032	0	0	-1.294
7	2	1.052	0	1	0.669
7	2	5.255	0	0	1.198
7	2	4.061	0	0	0.9445
7	2	0.3908	1	1	-0.1928
7	2	5.265	0	0	0.4204
7	2	3.643	1	1	0.7264
7	2	2.018	0	1	-0.003149
7	2	3.565	1	1	-0.8455
7	2	1.664	1	1	0.8112
7	2	5.091	1	1	0.4333
7	2	0.9921	1	0	0.08121
7	2	2.355	0	0	3.898
7	2	0.3139	0	0	-0.7559
7	2	0.4724	0	1	1.219
7	2	5.294	0	0	-0.3729
7	2	1.187	0	1	0.4893
7	2	1.604	0	0	1.349
7	2	5.488	0	0	-0.3262
7	2	0.3483	1	1	1.436
7	2	0.8158	1	1	-0.6479
7	2	0.9819	0	1	2.06
7	2	0.9798	1	1	-0.04188
7	2	4.054	0	0	0.8056
7	2	3.713	1	1	0.7412
7	2	0.4588	1	1	0.8262
7	2	5.318	1	1	-0.4708
7	2	5.421	0	0	-0.09158
7	2	3.43	1	1	0.5696
7	2	3.641	1	1	0.4173
7	2	1.031	1	0	0.4813
7	2	0.3852	0	1	0.3175
7	2	3.659	0	0	0.05909
7	2	0.3072	0	0	0.3134
7	2	0.8316	0	0	-0.5707
7	2	5.164	1	1	-0.6585
7	2	1.619	0	0	1.676
7	2	0.5967	0	0	1.324
7	2	1.908	1	1	0.8963
7	2	0.9445	1	1	0.8079
7	2	1.757	0	1	1.575
8	2	3.644	0	0	-0.6507
8	2	5	0	0	0.2655
8	2	3.587	1	1	0.743
8	2	2.126	0	1	1.475
8	2	5.58	1	1	-0.03437
8	2	5.845	0	0	-0.2853
8	2	0.8499	0	0	0.2429
8	2	3.882	1	1	0.9767
8	2	0.8254	1	1	1.149
8	2	1.648	1	1	-0.5609
8	2	5.595	0	0	-0.9784
8	2	3.328	0	0	0.002926
8	2	0.9939	1	1	1.923
8	2	1.574	1	0	1.251
8	2	0.194	0	0	0.8139
8	2	0.6695	0	0	0.3002
8	2	5.025	1	1	-3.306
8	2	3.764	0	0	0.3973
8	2	0.3047	0	0	0.8711
8	2	3.738	0	0	-0.06907
8	2	5.447	1	1	0.5553
8	2	1.669	1	1	1.478
8	2	1.183	1	0	-0.7564
8	2	0.5237	1	0	2.002
8	2	3.693	1	0	0.9249
8	2	5.564	1	1	-0.002939
8	2	1.558	1	1	1.153
8	2	0.3425	0	0	0.6278
8	2	0.5602	1	1	0.4135
8	2	0.8944	1	1	1.194
8	2	1.581	0	0	1.518
8	2	0.7767	1	1	1.668
8	2	3.787	0	0	-0.3147
8	2	5.499	0	0	0.583
8	2	5.289	1	1	0.5152
8	2	2.153	1	1	0.2404
8	2	1.948	1	0	-0.1833
8	2	0.3831	1	0	0.759
8	2	0.7132	0	0	1.556
8	2	1.82	1	1	0.2596
8	2	3.472	0	0	-0.4178
8	2	0.1004	0	0	0.4568
8	2	0.7921	1	0	1.628
8	2	3.762	0	0	0.5019
8	2	5.625	1	1	-2.373
8	2	0.8645	0	1	-0.811
8	2	0.4298	0	0	-0.7826
8	2	1.139	0	0	1.919
8	2	1.763	0	0	0.5654
8	2	0.3925	0	1	0.8054
9	2	0.5951	1	1	0.1491
9	2	0.9458	1	1	-1.257
9	2	0.9903	0	0	-0.1217
9	2	0.6329	1	1	0.6145
9	2	0.7405	1	0	0.7645
9	2	0.5425	0	1	1.432
9	2	1.776	1	0	-0.09859
9	2	2.213	0	1	0.8411
9	2	5.318	0	0	0.0963
9	2	3.283	0	0	0.2903
9	2	1.812	0	0	0.4687
9	2	3.69	0	0	-0.4639
9	2	0.9863	0	1	1.633
9	2	0.2706	1	1	1.054
9	2	5.208	0	0	-0.1573
9	2	5.314	1	1	-1.444
9	2	2.932	0	0	-1.881
9	2	1.072	1	0	1.703
9	2	0.7039	1	1	0.1434
9	2	5.33	1	1	0.9061
9	2	3.397	1	1	-0.1145
9	2	5.035	1	1	-0.5705
9	2	1.887	0	0	0.02352
9	2	2.033	1	0	-0.1899
9	2	0.7567	1	0	-0.5093
9	2	3.466	1	1	0.5895
9	2	1.102	0	1	0.1288
9	2	3.55	0	0	-0.09577
9	2	2.014	0	1	0.6216
9	2	5.671	1	1	-1.354
9	2	0.2207	0	1	-0.7137
9	2	3.477	0	0	0.9431
9	2	0.6087	0	1	1.43
9	2	0.5057	1	1	0.9666
9	2	0.7508	0	1	1.756
9	2	1.297	1	1	-0.1846
9	2	3.588	0	1	-1.031
9	2	2.191	0	0	0.3006
9	2	5.619	1	1	1.549
9	2	3.343	1	1	0.06766
9	2	1.84	1	0	2.023
9	2	3.384	1	1	0.01707
9	2	5.25	1	1	1.015
9	2	0.8837	0	0	-0.3742
9	2	1.592	0	0	0.2905
9	2	0.8411	1	0	0.315
9	2	5.317	0	0	-0.1982
9	2	5.22	1	1	0.2286
9	2	2.143	0	0	0.4217
9	2	0.5018	0	0	0.09671
10	3	0.661	0	0	-0.9773
10	3	5.494	0	0	0.05132
10	3	3.704	0	0	-0.2283
10	3	5.442	1	1	-0.2471
10	3	0.5495	0	1	-0.1196
10	3	5.78	0	0	0.2284
10	3	1.02	1	1	-0.6318
10	3	0.9116	1	1	0.09826
10	3	1.597	0	1	-0.3834
10	3	0.4914	0	1	1.549
10	3	1.899	0	0	0.3627
10	3	1.163	1	0	-0.4254
10	3	3.501	0	0	-1.48
10	3	1.795	0	0	1.567
10	3	0.1677	0	1	0.3073
10	3	3.684	0	1	-0.09144
10	3	3.605	1	1	0.1135
10	3	1.964	1	1	0.1232
10	3	1.721	1	1	0.215
10	3	1.627	1	0	0.4289
10	3	0.9376	1	1	0.1826
10	3	1.546	0	0	-0.4387
10	3	3.692	1	1	0.01984
10	3	3.678	0	0	-0.4331
10	3	0.3101	1	0	0.2568
10	3	5.495	1	1	0.6684
10	3	1.252	1	1	0.1139
10	3	0.4616	0	1	0.07833
10	3	3.836	1	1	0.5924
10	3	5.091	1	1	0.08246
10	3	1.141	1	1	-0.6452
10	3	5.441	1	1	-1.767
10	3	1.693	0	0	-0.5322
10	3	0.41	0	0	0.1956
10	3	0.9092	1	0	-0.3245
10	3	4.064	0	0	-0.01558
10	3	3.68	0	0	-0.2967
10	3	1.594	0	1	0.79
10	3	5.1	0	0	-0.39
10	3	0.3775	1	1	0.5783
10	3	3.658	1	1	0.3557
10	3	0.4574	0	0	-0.2662
10	3	2.04	1	1	0.7052
10	3	0.3317	1	1	-0.5019
10	3	0.8176	0	0	0.4249
10	3	5.47	1	1	-0.9875
10	3	0.5481	1	1	-0.4853
10	3	0.6282	1	1	0.4476
10	3	5.581	0	0	0.0647
10	3	5.229	0	0	0.5774
11	3	0.8023	0	1	-0.1302
11	3	3.352	0	0	0.02437
11	3	2.186	0	1	0.2744
11	3	1.692	1	1	-0.1713
11	3	5.135	1	1	0.6576
11	3	0.5011	1	0	-0.6354
11	3	5.412	1	1	0.4169
11	3	0.3321	1	0	-0.1142
11	3	5.382	1	0	-0.1839
11	3	3.395	1	1	0.7436
11	3	2.033	0	1	0.3893
11	3	3.644	1	1	-0.2651
11	3	1.936	0	0	-0.1197
11	3	1.883	1	1	0.2828
11	3	0.5163	0	1	-0.1884
11	3	3.808	1	1	-0.8834
11	3	0.8641	0	1	0.1893
11	3	5.345	0	1	0.513
11	3	3.764	1	1	-0.007326
11	3	0.9653	1	1	-1.178
11	3	1.933	0	0	-0.4202
11	3	2.198	0	0	-0.1332
11	3	5.353	0	0	0.34
11	3	0.735	1	0	0.1119
11	3	0.9169	1	1	0.9947
11	3	3.617	0	1	0.7512
11	3	1.093	1	1	0.1032
11	3	3.649	1	1	-1.372
11	3	3.493	1	1	0.7728
11	3	0.952	0	0	0.5733
11	3	0.3067	0	1	1.253
11	3	5.401	1	0	0.9234
11	3	0.1093	1	0	0.2563
11	3	0.9752	1	1	1.445
11	3	2.045	1	1	-1.269
11	3	2.133	0	1	0.145
11	3	3.194	0	0	0.3097
11	3	0.3755	0	0	-0.4804
11	3	3.6	1	1	0.1348
11	3	0.338	0	0	1.049
11	3	0.3718	0	0	0.6313
11	3	0.8456	0	0	0.2394
11	3	5.372	0	0	0.6653
11	3	5.426	0	0	-1.247
11	3	5.11	1	1	-0.5499
11	3	1.164	0	0	0.487
11	3	0.5222	0	1	0.902
11	3	5.177	0	0	-0.9134
11	3	2.17	1	1	0.5893
11	3	0.5936	1	0	1.059
12	3	2.002	0	1	0.5706
12	3	0.6837	0	1	1.607
12	3	3.6	0	1	-0.5295
12	3	1.871	1	1	0.4022
12	3	0.4902	0	1	0.08243
12	3	1.01	1	1	0.6835
12	3	5.467	0	0	-0.08125
12	3	3.601	1	1	0.6137
12	3	1.819	1	1	0.2498
12	3	1.507	0	1	0.02131
12	3	0.8053	0	0	-0.4888
12	3	1.724	1	1	1.052
12	3	5.312	1	1	1.192
12	3	0.6729	0	0	0.4492
12	3	0.4439	0	1	1.411
12	3	3.831	1	1	1.642
12	3	5.503	1	1	0.1258
12	3	2.025	0	1	0.275
12	3	0.3351	1	0	1.059
12	3	1.086	0	1	0.3323
12	3	3.689	0	1	1.016
12	3	0.1574	1	0	1.28
12	3	0.5649	0	1	-0.9755
12	3	0.4497	0	0	1.393
12	3	1.11	1	1	1.016
12	3	1.871	0	0	0.9124
12	3	1.873	1	1	-0.9619
12	3	5.547	1	1	0.7771
12	3	3.864	1	1	-0.8586
12	3	5.181	0	0	0.2583
12	3	1.086	1	1	-0.08631
12	3	5.59	1	1	1.44
12	3	3.107	1	1	2.562
12	3	1.95	0	0	1.205
12	3	1.663	0	1	-0.04917
12	3	3.657	0	1	0.7769
12	3	0.9435	0	1	-0.8649
12	3	5.545	0	0	-0.8688
12	3	0.8013	0	1	-0.09623
12	3	0.9077	0	0	0.7156
12	3	3.916	1	1	-1.09
12	3	5.097	1	1	1.159
12	3	0.9699	0	0	-0.9484
12	3	3.636	1	0	-0.5127
12	3	0.8232	0	0	-0.6275
12	3	3.448	1	0	1.568
12	3	0.1278	1	1	0.2637
12	3	5.06	1	1	0.5137
12	3	5.299	1	1	-2.32
12	3	0.8289	1	0	0.5648
13	3	3.834	0	0	0.8111
13	3	0.3307	0	0	-0.3714
13	3	1.648	0	0	0.006835
13	3	5.459	1	1	1.254
13	3	0.2765	0	0	1.294
13	3	5.423	1	1	0.1494
13	3	5.417	1	1	0.4888
13	3	5.481	1	1	0.7334
13	3	3.897	1	1	1.331
13	3	1.536	0	0	0.3763
13	3	0.8838	0	0	-0.4038
13	3	3.271	0	0	0.1076
13	3	5.305	1	1	-1.374
13	3	0.8258	0	0	-0.4134
13	3	5.356	0	0	1.17
13	3	1.382	1	1	-0.3321
13	3	1.632	0	1	0.3908
13	3	0.4025	0	0	-1.14
13	3	3.566	1	1	0.2717
13	3	3.448	0	0	0.565
13	3	3.657	1	1	-1.568
13	3	0.9015	0	0	0.2076
13	3	0.8982	0	0	0.558
13	3	0.9322	1	0	-0.9387
13	3	0.4306	1	1	-0.4657
13	3	4.997	0	0	-0.5273
13	3	1.783	0	1	1.097
13	3	1.695	0	0	1.376
13	3	5.498	0	1	1.588
13	3	1.168	0	1	1.709
13	3	0.3802	1	0	0.4682
13	3	0.4855	1	1	0.6938
13	3	3.988	1	1	-0.978
13	3	0.5122	1	1	-1.053
13	3	1.969	0	0	0.4134
13	3	0.2979	1	0	0.5922
13	3	3.584	1	1	2.169
13	3	5.535	1	1	0.5434
13	3	3.801	1	1	-0.5517
13	3	1.952	0	0	1.652
13	3	0.901	1	0	-1.685
13	3	1.543	1	0	0.6942
13	3	5.435	1	1	-0.247
13	3	0.3028	0	1	3.173
13	3	0.9739	0	1	1.34
13	3	3.501	1	1	0.9358
13	3	0.7551	1	0	0.4658
13	3	1.763	0	0	-2.114
13	3	1.517	1	0	1.457
13	3	0.9553	0	0	-0.6758
14	3	5.611	1	1	-0.1187
14	3	3.658	0	0	0.8368
14	3	1.483	0	0	-1.118
14	3	0.4993	0	0	1.477
14	3	3.402	1	1	-0.6251
14	3	4.163	0	1	-0.0588
14	3	0.6346	0	1	-0.1867
14	3	1.11	0	1	0.7189
14	3	3.65	0	1	0.8124
14	3	0.5817	1	1	-0.4948
14	3	1.026	1	0	1.168
14	3	0.2415	1	1	0.05625
14	3	3.983	0	1	1.997
14	3	1.574	1	1	0.4182
14	3	5.333	0	0	1.179
14	3	1.874	1	1	1.2
14	3	5.499	1	1	0.05752
14	3	0.8085	1	1	1.469
14	3	0.739	0	0	1.219
14	3	1.573	0	0	0.7055
14	3	3.703	0	0	-1.111
14	3	3.828	0	0	1.744
14	3	3.744	1	1	-0.5204
14	3	1.086	1	1	0.6402
14	3	3.62	1	1	-1.462
14	3	1.972	1	1	2.098
14	3	1.743	0	0	-0.08948
14	3	1.434	1	0	0.5015
14	3	1.656	1	1	2.24
14	3	3.795	1	1	0.6379
14	3	5.006	0	0	-0.6031
14	3	0.9879	0	0	0.753
14	3	5.132	1	1	-1.952
14	3	1.515	0	0	-0.6165
14	3	0.4573	1	1	0.4085
14	3	5.51	0	0	-0.8232
14	3	1.061	0	1	2.361
14	3	5.028	1	1	-1.127
14	3	5.593	0	0	-0.2572
14	3	0.2383	0	1	1.326
14	3	0.8321	1	1	0.4383
14	3	0.4255	0	0	-0.1131
14	3	0.8685	0	0	0.2006
14	3	0.6843	0	1	0.3625
14	3	1.723	1	0	0.3439
14	3	5.388	1	1	1.835
14	3	1.023	1	1	2.168
14	3	0.1286	1	1	-0.00603
14	3	5.602	0	0	0.6163
14	3	0.6171	1	0	1.87
15	3	5.503	0	0	0.5449
15	3	1.812	1	1	0.6658
15	3	1.582	0	0	-0.3506
15	3	1.441	1	0	-0.8768
15	3	0.7855	0	1	0.601
15	3	0.1307	0	1	0.5305
15	3	3.563	0	1	1.146
15	3	0.4098	1	0	-0.5719
15	3	1.349	1	1	0.1549
15	3	0.4397	1	1	0.6339
15	3	0.8799	1	0	0.9225
15	3	5.3	1	1	1.05
15	3	1.032	1	0	0.6878
15	3	1.734	0	1	-0.4355
15	3	0.3376	0	1	1.331
15	3	3.705	0	1	0.06601
15	3	5.129	1	1	0.167
15	3	1.97	0	0	0.8249
15	3	0.9828	1	1	1.028
15	3	5.807	0	0	0.9462
15	3	5.715	0	0	0.7625
15	3	0.9885	1	1	-0.9939
15	3	0.08401	0	0	0.5612
15	3	0.715	0	1	0.15
15	3	3.409	1	1	0.5379
15	3	0.3884	0	1	1.027
15	3	2.023	0	0	0.06622
15	3	3.719	1	1	-0.1309
15	3	4.012	0	0	0.9195
15	3	5.14	0	0	0.6136
15	3	3.724	1	1	0.1132
15	3	3.718	0	0	0.678
15	3	1.8	1	1	-0.1985
15	3	3.39	0	0	-0.8043
15	3	1.124	1	0	-0.3383
15	3	1.52	1	1	-0.3802
15	3	0.6433	0	1	0.9281
15	3	3.697	1	1	-0.4542
15	3	5.164	1	0	-0.1271
15	3	5.635	0	0	0.3046
15	3	1.843	0	0	-0.2645
15	3	5.183	1	1	-1.217
15	3	2.031	1	0	1.158
15	3	1.601	1	1	0.9015
15	3	0.1563	0	0	0.9632
15	3	0.6053	1	1	-0.1776
15	3	0.5061	1	1	1.81
15	3	5.076	0	0	-1.912
15	3	0.9077	0	0	0.06027
15	3	3.688	1	1	-1.305
16	3	4.095	1	1	0.4762
16	3	2.139	0	0	0.3622
16	3	1.78	0	0	0.3573
16	3	5.47	0	0	-0.9507
16	3	0.5854	0	0	-0.7978
16	3	1.133	0	0	0.4123
16	3	0.8593	0	1	0.1561
16	3	0.3964	0	0	1.558
16	3	3.728	0	0	0.7938
16	3	3.7	1	1	-0.4857
16	3	5.512	0	0	-0.9899
16	3	0.2965	0	0	1.447
16	3	5.799	1	1	-1.367
16	3	0.8284	1	1	0.8568
16	3	3.936	1	1	-0.8548
16	3	3.742	1	1	0.07959
16	3	5.535	1	1	-0.5416
16	3	3.525	1	1	0.4745
16	3	5.436	0	0	-2.19
16	3	3.783	1	1	-2.513
16	3	1.268	1	0	0.3511
16	3	1.141	1	1	1.098
16	3	1.772	1	1	-0.4093
16	3	1.111	0	0	0.4228
16	3	5.705	1	1	0.1904
16	3	0.2604	0	1	0.9097
16	3	0.7639	1	0	0.3583
16	3	1.788	1	1	-0.08901
16	3	5.54	0	0	0.6267
16	3	1.848	0	1	1.608
16	3	1.944	1	1	-0.4474
16	3	1.708	0	0	-0.3541
16	3	0.5367	0	0	0.6209
16	3	0.8674	0	0	-0.3452
16	3	5.655	0	0	-0.9478
16	3	0.5542	1	0	1.191
16	3	5.607	1	0	-1.05
16	3	1.729	1	0	0.7475
16	3	0.5147	0	1	0.7611
16	3	2.086	1	1	-0.2916
16	3	1.631	0	1	0.5801
16	3	3.57	1	1	-0.316
16	3	0.7071	1	0	0.24
16	3	0.8632	1	1	3.151
16	3	3.907	1	1	0.2034
16	3	3.796	1	1	-0.1871
16	3	0.9449	0	0	0.4774
16	3	0.5869	0	0	-1.463
16	3	5.452	0	0	1.099
16	3	1.526	0	1	-0.08451
17	3	5.708	1	0	0.3448
17	3	3.717	0	0	-1.539
17	3	1.431	1	1	-1.226
17	3	1.969	1	1	-0.4098
17	3	3.65	1	1	0.2739
17	3	0.7194	1	1	1.242
17	3	0.5634	1	0	-0.8354
17	3	1.723	0	1	-0.31
17	3	5.538	1	1	-0.6545
17	3	0.7013	0	1	-0.2678
17	3	1.054	0	0	0.6005
17	3	5.256	0	0	0.3048
17	3	4.068	0	0	-0.6644
17	3	0.3847	1	0	0.1672
17	3	5.264	0	0	0.9778
17	3	3.645	1	1	0.3265
17	3	2.02	0	0	-0.2229
17	3	3.571	1	1	0.07704
17	3	1.667	1	0	0.8125
17	3	5.088	1	1	1.103
17	3	0.9871	1	1	0.26
17	3	2.36	0	0	1.487
17	3	0.3117	0	0	-1.05
17	3	0.4658	0	1	0.05466
17	3	5.298	0	0	-0.3554
17	3	1.195	0	1	-0.5131
17	3	1.605	0	0	0.8448
17	3	5.494	0	0	-0.3313
17	3	0.348	1	1	0.7912
17	3	0.8141	1	0	2.1
17	3	0.9841	0	0	-0.1963
17	3	0.9742	1	1	-0.05362
17	3	4.063	0	0	1.265
17	3	3.714	1	1	1.484
17	3	0.4665	1	1	1.399
17	3	5.322	1	1	-1.051
17	3	5.424	0	0	-0.5312
17	3	3.434	1	1	1.359
17	3	3.646	1	1	0.7318
17	3	1.029	1	0	0.1963
17	3	0.3819	0	1	0.4278
17	3	3.664	0	0	-1.399
17	3	0.3108	0	0	-0.6184
17	3	0.8384	0	0	0.8484
17	3	5.176	1	1	-0.8534
17	3	1.62	0	0	0.7958
17	3	0.6002	0	1	0.7734
17	3	1.906	1	1	2.054
17	3	0.9491	1	1	-0.6167
17	3	1.759	0	1	0.6156
18	3	3.647	0	0	0.5697
18	3	4.999	0	0	-0.4661
18	3	3.598	1	1	0.1511
18	3	2.127	0	0	-0.6862
18	3	5.581	1	1	0.04292
18	3	5.851	0	0	-1.111
18	3	0.8559	0	0	-0.3783
18	3	3.883	1	1	-0.4241
18	3	0.824	1	1	0.7774
18	3	1.654	1	1	-0.285
18	3	5.601	0	0	-0.6492
18	3	3.334	0	0	0.6224
18	3	0.989	1	1	-1.036
18	3	1.578	1	1	0.7819
18	3	0.196	0	0	-0.159
18	3	0.6698	0	0	0.8702
18	3	5.033	1	1	0.03085
18	3	3.766	0	0	1.355
18	3	0.3023	0	0	0.06278
18	3	3.741	0	0	-0.1378
18	3	5.45	1	1	-1.845
18	3	1.671	1	1	0.3004
18	3	1.179	1	1	-0.3874
18	3	0.5238	1	1	0.33
18	3	3.7	1	1	0.08394
18	3	5.562	1	1	0.3539
18	3	1.561	1	0	0.2792
18	3	0.3447	0	1	0.1901
18	3	0.5597	1	0	0.9185
18	3	0.8987	1	1	0.7661
18	3	1.579	0	0	-0.2023
18	3	0.7788	1	1	-0.7909
18	3	3.79	0	0	-1.055
18	3	5.498	0	0	1.493
18	3	5.29	1	1	-1.894
18	3	2.15	1	1	-0.4633
18	3	1.942	1	1	-0.7066
18	3	0.3899	1	1	1.538
18	3	0.7116	0	0	-1.135
18	3	1.818	1	1	1.026
18	3	3.477	0	1	1.605
18	3	0.09818	0	1	0.8449
18	3	0.7929	1	1	1.371
18	3	3.762	0	0	-4.382
18	3	5.632	1	1	-1.454
18	3	0.8619	0	0	-0.949
18	3	0.4289	0	0	-0.1229
18	3	1.147	0	0	0.7536
18	3	1.762	0	0	-1.02
18	3	0.3968	0	0	-1.075
19	3	0.5881	1	0	0.3701
19	3	0.9451	1	1	1.255
19	3	0.9887	0	0	1.077
19	3	0.6339	1	0	0.141
19	3	0.997	1	0	0.3261
19	3	0.1362	0	1	0.08996
19	3	1.701	1	0	1.014
19	3	1.71	0	0	-0.9879
19	3	5.215	0	0	0.07446
19	3	3.292	0	0	-0.01686
19	3	1.81	0	0	1.188
19	3	3.698	0	0	-0.4888
19	3	0.9905	0	0	-1.446
19	3	0.2697	1	1	-0.3912
19	3	5.212	0	0	0.6848
19	3	5.312	1	1	0.003406
19	3	2.931	0	0	-1.395
19	3	1.067	1	1	1.158
19	3	0.7037	1	1	0.3534
19	3	5.331	1	1	-2.606
19	3	3.397	1	1	-1.72
19	3	5.046	1	1	-0.8368
19	3	1.888	0	0	-0.3829
19	3	2.046	1	1	-0.0943
19	3	0.7559	1	1	2.44
19	3	3.471	1	1	0.4804
19	3	1.098	0	1	1.439
19	3	3.549	0	0	-0.009426
19	3	2.011	0	0	0.7049
19	3	5.669	1	1	-0.4026
19	3	0.2134	0	0	-1.055
19	3	3.48	0	0	-0.03942
19	3	0.6085	0	0	0.1697
19	3	0.4967	1	0	0.7478
19	3	0.7553	0	1	2.355
19	3	1.295	1	1	0.763
19	3	3.595	0	0	0.07356
19	3	2.198	0	1	1.628
19	3	5.618	1	1	-0.924
19	3	3.341	1	1	0.2471
19	3	1.842	1	1	0.6822
19	3	3.388	1	1	-2.176
19	3	5.25	1	1	0.354
19	3	0.8821	0	1	-1.153
19	3	1.587	0	0	-0.1545
19	3	0.8406	1	1	0.3458
19	3	5.323	0	0	-0.7282
19	3	5.221	1	1	0.1902
19	3	2.147	0	0	-1.076
19	3	0.5084	0	1	0.6686
20	4	0.2659	0	0	-0.8951
20	4	5.532	0	1	0.8825
20	4	1.66	0	1	0.7739
20	4	5.365	1	1	-0.497
20	4	0.2342	0	0	0.1961
20	4	5.461	0	0	0.6977
20	4	0.5269	1	1	-0.1301
20	4	0.5886	1	0	-0.2158
20	4	1.269	0	1	0.7593
20	4	0.367	0	0	2.152
20	4	0.9062	0	1	0.1352
20	4	0.4615	1	1	-0.9993
20	4	1.747	0	0	-0.1829
20	4	0.6329	0	0	0.0805
20	4	0.2688	0	1	-0.4026
20	4	2.059	0	1	0.7734
20	4	1.854	1	1	-0.6939
20	4	0.788	1	0	0.8604
20	4	0.757	1	0	0.3737
20	4	0.6905	1	1	-0.6735
20	4	0.2028	1	1	0.8379
20	4	1.008	0	0	1.48
20	4	1.742	1	1	0.2604
20	4	1.867	0	0	-0.246
20	4	0.4111	1	0	-1.138
20	4	5.528	1	1	-0.7234
20	4	0.364	1	0	-1.319
20	4	0.01252	0	1	1.24
20	4	2.046	1	1	0.5901
20	4	5.644	1	1	0.3878
20	4	0.5329	1	1	0.772
20	4	5.67	1	1	0.1033
20	4	0.8113	0	0	-1.295
20	4	0.2897	0	0	1.491
20	4	0.4083	1	1	0.01593
20	4	1.942	0	1	-0.5908
20	4	1.932	0	0	-0.6041
20	4	0.8324	0	1	-0.6795
20	4	5.294	0	0	0.07912
20	4	0.6763	1	1	-0.2815
20	4	1.692	1	1	0.9536
20	4	0.1412	0	1	-1.195
20	4	0.6415	1	1	1.151
20	4	0.004328	0	1	-0.3838
20	4	0.4556	0	0	0.9339
20	4	5.453	1	1	-2.315
20	4	0.08948	1	1	-0.112
20	4	5.917	0	0	0.1245
20	4	5.536	0	0	-1.895
21	4	0.386	0	0	-0.2922
21	4	1.467	0	0	1.46
21	4	1.006	0	0	1.105
21	4	1.063	1	1	-1.506
21	4	5.524	1	1	1.412
21	4	0.4493	1	0	0.7281
21	4	5.348	1	1	-0.75
21	4	0.3868	1	0	1.112
21	4	5.216	1	1	1.115
21	4	1.69	1	1	-0.1151
21	4	0.5129	0	1	-0.006269
21	4	1.86	1	0	-0.6619
21	4	0.9528	0	1	0.00365
21	4	0.9051	1	0	0.8418
21	4	0.02743	0	0	0.8914
21	4	1.826	1	1	0.9187
21	4	0.3324	0	0	-1.175
21	4	5.391	0	0	-1.547
21	4	1.843	1	1	2.202
21	4	0.5349	1	1	0.06237
21	4	0.7274	0	0	0.01929
21	4	0.976	0	0	1.226
21	4	5.311	0	0	1.951
21	4	0.5721	1	1	-0.2388
21	4	0.5281	1	0	0.8169
21	4	1.806	0	0	-0.7122
21	4	0.2083	1	1	0.1687
21	4	1.811	1	1	0.7512
21	4	1.747	1	0	0.7507
21	4	0.2947	0	1	0.788
21	4	0.06106	0	1	1.553
21	4	5.834	1	1	0.8421
21	4	0.1602	1	1	0.3062
21	4	0.1446	1	0	-1.381
21	4	1.313	1	1	1.238
21	4	1.234	0	0	-0.8738
21	4	2.186	0	0	-0.945
21	4	0.141	0	0	-1.75
21	4	1.591	1	1	0.4764
21	4	0.1615	0	0	-0.4465
21	4	0.3751	0	0	0.634
21	4	0.5278	0	0	-0.4166
21	4	5.731	0	0	-0.4467
21	4	5.386	0	0	-1.289
21	4	5.47	1	1	0.5923
21	4	0.9148	0	0	-0.4165
21	4	0.2653	0	0	-1.741
21	4	5.259	0	0	-0.9762
21	4	0.7849	1	1	-3.594
21	4	0.2999	1	1	-0.401
22	4	0.9036	0	0	0.4438
22	4	0.244	0	1	0.06596
22	4	1.343	0	1	0.1788
22	4	0.627	1	1	-0.1895
22	4	0.1457	0	1	0.9533
22	4	0.3691	1	1	0.5497
22	4	5.486	0	0	0.5869
22	4	1.735	1	1	-0.6291
22	4	1.041	1	1	-0.5497
22	4	0.6935	0	1	-3.612
22	4	0.2777	1	1	0.2548
22	4	0.8708	1	1	-3.374
22	4	5.682	1	1	-1.099
22	4	0.0167	1	0	-0.4911
22	4	0.2956	0	1	2.46
22	4	1.628	1	0	-0.4507
22	4	5.207	1	1	-2.028
22	4	1.128	0	0	0.127
22	4	0.01254	0	1	0.6298
22	4	0.3674	0	0	-0.2983
22	4	1.888	0	0	-0.8419
22	4	0.06881	0	0	-0.6077
22	4	0.3108	0	1	-0.8552
22	4	0.3438	0	0	0.627
22	4	0.5135	1	1	-0.9583
22	4	1.205	0	1	0.8311
22	4	1.126	1	1	0.8095
22	4	5.617	1	1	-0.8297
22	4	1.883	1	1	-1.514
22	4	5.145	0	0	-0.1312
22	4	0.3306	1	0	-0.7122
22	4	5.657	1	1	-0.4788
22	4	1.82	1	0	0.7017
22	4	0.8646	0	0	-0.9178
22	4	0.8422	0	1	-0.1747
22	4	1.461	0	1	0.1757
22	4	0.447	0	0	-0.2436
22	4	5.135	0	0	0.2007
22	4	0.4908	0	1	1.604
22	4	0.2355	0	1	-2.974
22	4	2.088	1	1	-0.03223
22	4	5.471	1	1	-1.969
22	4	0.0552	0	1	-0.4216
22	4	2.221	1	1	-0.4408
22	4	0.4178	0	0	-0.0565
22	4	1.976	1	0	0.9636
22	4	0.3569	1	1	1.175
22	4	5.551	1	1	0.3746
22	4	5.35	1	1	-0.3464
22	4	0.1896	1	1	-0.9406
23	4	1.784	0	1	0.9865
23	4	0.00828	0	0	0.6254
23	4	1.021	0	0	0.7104
23	4	5.437	1	1	0.9204
23	4	0.08343	0	0	0.7914
23	4	5.479	1	1	-0.7991
23	4	5.903	1	1	-3.216
23	4	5.605	1	1	-0.4938
23	4	1.48	1	1	0.6111
23	4	0.7823	0	0	-1.951
23	4	0.2696	0	0	-0.479
23	4	1.963	0	0	0.4516
23	4	5.228	1	1	0.4868
23	4	0.6251	0	0	-1.654
23	4	5.585	0	0	0.3448
23	4	0.1924	1	0	1.528
23	4	1.294	0	1	1.296
23	4	0.3208	0	0	-1.733
23	4	2.204	1	1	-0.4416
23	4	2.331	0	1	0.231
23	4	1.868	1	1	-0.3469
23	4	0.374	0	0	-0.151
23	4	0.8529	0	1	0.8559
23	4	0.7178	1	1	-0.06925
23	4	0.4432	1	1	-0.991
23	4	5.633	0	0	1.076
23	4	0.8799	0	0	-0.06576
23	4	1.048	0	0	-0.4595
23	4	5.2	0	0	-0.7354
23	4	0.6654	0	0	0.5678
23	4	0.1001	1	0	2.163
23	4	0.003971	0	1	2.003
23	4	2.043	1	0	-0.6629
23	4	0.119	1	1	-0.2225
23	4	0.517	0	0	-0.6525
23	4	0.4155	1	0	0.7049
23	4	1.881	1	1	-0.05496
23	4	5.464	1	1	0.3573
23	4	1.775	1	1	-1.035
23	4	0.9061	0	1	0.01242
23	4	0.4782	1	0	0.04789
23	4	1.393	1	0	-0.4068
23	4	5.571	1	1	-0.5219
23	4	0.5002	0	1	0.6989
23	4	0.7769	0	1	2.426
23	4	2.047	1	1	0.4983
23	4	0.2069	1	0	0.3646
23	4	1.038	0	0	-0.4526
23	4	1.132	1	1	0.1878
23	4	0.4975	0	0	-0.2807
24	4	5.428	1	1	-0.8215
24	4	1.62	0	1	-0.4315
24	4	1.108	0	0	0.4952
24	4	0.2363	0	1	1.444
24	4	1.787	1	0	0.305
24	4	1.738	0	1	0.9438
24	4	0.3045	0	1	0.8238
24	4	0.5592	0	1	0.4235
24	4	1.861	0	1	0.39
24	4	0.03442	0	1	0.2014
24	4	0.3766	1	0	-0.5356
24	4	0.07373	0	1	0.2602
24	4	1.886	0	0	-0.6775
24	4	1.047	1	0	1.002
24	4	5.626	0	0	-0.5761
24	4	1.08	1	0	0.4179
24	4	5.229	1	1	-0.1572
24	4	0.2362	1	1	-1.239
24	4	0.5737	0	0	0.1676
24	4	0.9133	0	1	0.8336
24	4	1.423	0	0	0.2659
24	4	2.263	0	0	-0.5645
24	4	1.808	1	1	-1.524
24	4	0.04367	0	1	0.9382
24	4	1.726	1	1	-0.5653
24	4	0.9178	1	1	-0.4397
24	4	0.6451	0	0	-1.666
24	4	1.04	1	1	-1.505
24	4	1.193	1	1	-0.3024
24	4	1.898	1	0	-0.759
24	4	5.595	0	0	-0.8535
24	4	0.8168	0	0	0.1981
24	4	5.813	1	1	-0.9004
24	4	1.023	0	1	-0.3486
24	4	0.412	1	1	-1.671
24	4	5.034	0	0	0.09647
24	4	0.9281	0	1	-1.312
24	4	5.302	1	1	-0.3413
24	4	5.738	0	0	-0.8584
24	4	0.4395	0	0	-1.169
24	4	0.5318	1	1	-0.07465
24	4	0.454	0	0	0.01729
24	4	0.2769	0	1	-1.263
24	4	0.6185	0	0	-0.3002
24	4	1.202	1	0	-0.1659
24	4	5.606	1	1	-2.363
24	4	0.1675	0	1	-0.2195
24	4	0.2544	1	0	-0.453
24	4	5.236	0	0	-1.087
24	4	0.02436	1	1	-0.7895
25	4	5.591	0	0	0.03619
25	4	0.6442	1	1	-0.6021
25	4	0.9741	0	0	0.2895
25	4	0.8632	1	1	-0.6713
25	4	0.3681	0	0	0.39
25	4	0.2215	0	1	-0.5239
25	4	1.863	0	1	-0.01134
25	4	0.1069	0	0	-0.1196
25	4	0.6697	1	1	1.045
25	4	0.2327	1	1	0.09524
25	4	0.6168	1	0	-1.374
25	4	5.485	1	1	-1.056
25	4	0.6559	1	1	0.4608
25	4	0.9342	0	1	-1.064
25	4	0.2899	0	1	-0.1509
25	4	2.034	0	0	3.071
25	4	5.376	1	1	-1.957
25	4	0.8729	0	0	0.364
25	4	0.4567	1	0	-0.6688
25	4	5.484	0	0	-0.2802
25	4	5.456	0	0	-0.3663
25	4	0.6509	1	1	-1.053
25	4	0.04611	0	1	0.5906
25	4	0.4794	0	1	-2.918
25	4	1.907	1	1	0.2568
25	4	0.3191	0	1	-0.2858
25	4	1.106	0	0	-1.133
25	4	1.572	1	0	-0.8369
25	4	1.915	0	1	4.551
25	4	5.575	0	0	-0.6116
25	4	2.014	1	0	-0.2685
25	4	1.817	0	0	0.647
25	4	0.8237	1	1	-0.3775
25	4	1.719	0	1	2.514
25	4	0.4688	1	1	1.443
25	4	0.5746	1	1	0.4325
25	4	0.4335	0	1	0.7566
25	4	1.647	1	1	0.8673
25	4	5.846	1	1	-0.1783
25	4	5.686	0	0	-0.3939
25	4	1.044	0	0	-1.564
25	4	5.484	1	1	0.4693
25	4	0.8387	1	0	0.7833
25	4	1.045	1	0	-0.4383
25	4	0.4956	0	1	-0.2333
25	4	0.3095	1	1	-1.659
25	4	0.1302	0	0	1.182
25	4	5.269	0	0	0.1175
25	4	0.1949	0	1	-0.1228
25	4	1.958	1	1	-0.6425
26	4	2.168	1	0	1.583
26	4	0.8058	0	0	0.6821
26	4	0.8158	0	1	0.1937
26	4	5.35	0	1	1.915
26	4	0.04436	1	1	0.2817
26	4	0.4902	0	1	0.7659
26	4	0.5097	0	0	-0.7572
26	4	0.02348	1	1	0.8142
26	4	1.897	0	0	1.177
26	4	2.08	1	1	-0.9554
26	4	5.204	0	0	-0.2045
26	4	0.1913	0	1	0.3981
26	4	5.251	1	1	1.895
26	4	0.7241	1	1	-1.509
26	4	2.116	1	0	1.57
26	4	1.853	1	1	-1.564
26	4	5.441	1	1	-0.4872
26	4	2.003	1	1	0.7302
26	4	5.409	0	0	1.642
26	4	1.814	1	1	-3.129
26	4	0.5055	1	1	-2.574
26	4	0.2643	1	1	-0.421
26	4	0.9431	1	1	0.0171
26	4	0.4392	0	0	0.549
26	4	5.499	1	1	-1.535
26	4	0.4475	1	1	0.7044
26	4	0.1667	1	1	-0.855
26	4	0.8989	1	1	-0.2633
26	4	5.799	0	0	-1.713
26	4	0.8169	0	0	-0.7341
26	4	1.239	1	0	-0.8755
26	4	0.6089	0	0	1.704
26	4	0.4149	0	1	0.04842
26	4	0.3975	0	1	-1.79
26	4	5.959	0	0	1.495
26	4	0.02417	1	0	0.8086
26	4	5.498	1	1	-0.7387
26	4	0.8718	1	1	-1.716
26	4	0.2656	0	1	-0.3557
26	4	0.7473	1	1	-0.2516
26	4	1.098	0	0	-0.7323
26	4	2.297	1	0	1.045
26	4	0.4929	1	0	1.112
26	4	0.4926	1	0	0.4765
26	4	1.789	1	1	1.726
26	4	1.593	1	0	-2.432
26	4	0.4763	0	1	1.498
26	4	0.2676	0	0	-1.557
26	4	5.642	0	0	-0.6821
26	4	0.7408	0	1	-0.9266
27	4	5.418	1	1	0.06279
27	4	1.904	0	0	1.211
27	4	1.287	1	0	-0.4586
27	4	0.9284	1	0	2.027
27	4	1.985	1	1	0.3248
27	4	0.4716	1	1	1.251
27	4	0.2184	1	1	1.956
27	4	0.6896	0	1	0.7196
27	4	5.349	1	1	0.3786
27	4	0.3028	0	1	0.9771
27	4	0.6308	0	1	1.156
27	4	5.587	0	0	0.803
27	4	1.747	0	0	-0.9265
27	4	0.09127	0	1	0.4292
27	4	5.779	0	1	0.1887
27	4	1.756	1	1	-1.547
27	4	0.902	0	0	-0.869
27	4	1.696	1	1	0.5646
27	4	1.053	1	1	0.1437
27	4	5.358	1	1	1.594
27	4	0.2191	1	0	0.6292
27	4	0.8451	0	1	-2.479
27	4	0.17	0	0	-4.975
27	4	0.198	0	0	-0.09448
27	4	5.323	0	0	3.142
27	4	0.5554	0	1	-0.4178
27	4	0.5518	0	1	0.1421
27	4	5.416	0	0	-0.2662
27	4	0.2323	0	0	-0.728
27	4	0.1367	1	1	-0.3897
27	4	0.1954	0	1	1.607
27	4	0.1004	1	1	1.422
27	4	1.882	0	0	-0.5944
27	4	1.989	1	0	1.115
27	4	0.08786	1	1	0.93
27	4	5.27	1	1	0.3292
27	4	5.453	0	0	-2.551
27	4	1.576	1	1	0.185
27	4	1.8	1	1	-0.4937
27	4	0.02896	1	0	-1.477
27	4	0.01105	1	1	-0.384
27	4	1.811	0	0	0.4404
27	4	0.3561	0	0	0.02001
27	4	0.4501	0	1	-1.764
27	4	5.49	1	1	1.899
27	4	0.7938	0	1	1.809
27	4	0.5494	0	1	-0.9372
27	4	0.7737	1	0	0.8389
27	4	0.4637	1	1	-0.4444
27	4	0.8435	0	0	2.59
28	4	1.764	0	0	1.828
28	4	5.452	0	0	0.831
28	4	2.156	1	1	0.8872
28	4	1.407	0	1	1.666
28	4	5.371	1	1	-1.489
28	4	5.631	0	0	1.542
28	4	0.7258	0	1	1.137
28	4	2.197	1	1	1.036
28	4	0.3071	1	1	-0.2308
28	4	0.9301	1	1	-1.698
28	4	5.202	0	1	0.4497
28	4	2.047	0	1	-0.7827
28	4	0.7198	1	0	1.699
28	4	1.019	1	1	0.9283
28	4	0.2369	0	1	0.2162
28	4	0.0172	0	0	-0.1102
28	4	5.482	1	1	1.249
28	4	1.503	0	0	0.1419
28	4	0.1285	0	0	-1.303
28	4	1.345	0	0	-1.453
28	4	5.4	1	1	-1.083
28	4	0.936	1	1	1.876
28	4	0.1751	1	1	1.59
28	4	0.08049	0	1	-0.8208
28	4	1.624	1	1	1.159
28	4	5.907	1	1	-1.745
28	4	1.058	1	1	0.6541
28	4	0.4088	0	0	0.4804
28	4	0.4827	1	1	3.071
28	4	0.4779	1	1	-2.264
28	4	0.8684	0	1	0.8973
28	4	0.0224	1	1	0.3296
28	4	1.52	0	0	0.02662
28	4	5.187	0	0	-1.168
28	4	5.234	1	1	-2.035
28	4	0.7655	1	0	0.4599
28	4	1.146	1	1	-0.2808
28	4	0.2605	1	0	0.8888
28	4	0.3314	0	1	0.07048
28	4	0.7284	1	1	0.2989
28	4	1.911	0	0	1.471
28	4	0.4429	0	1	2.02
28	4	0.1661	1	0	-1.352
28	4	1.781	0	0	-0.3828
28	4	5.376	1	1	-0.6207
28	4	0.6138	0	1	-0.416
28	4	0.2737	0	1	0.3647
28	4	0.4763	0	0	0.82
28	4	1.119	0	1	0.1739
28	4	0.2085	0	0	0.2016
29	4	0.2427	1	1	1.063
29	4	0.4275	1	0	0.9179
29	4	0.1555	0	1	0.003395
29	4	0.1587	1	1	-0.005886
29	4	0.6885	1	1	-0.639
29	4	0.3339	0	1	-1.853
29	4	1.058	1	1	-0.7539
29	4	1.131	0	1	0.2892
29	4	5.281	0	0	0.554
29	4	1.485	0	0	-0.6976
29	4	0.6482	0	1	1.604
29	4	1.916	0	0	0.06396
29	4	0.5174	0	1	-0.8386
29	4	0.4139	1	1	-0.05482
29	4	5.161	0	1	0.687
29	4	5.41	1	1	0.1961
29	4	1.973	0	0	1.896
29	4	0.1645	1	0	-0.05776
29	4	0.1845	1	1	0.7982
29	4	5.019	1	1	1.789
29	4	1.966	1	1	-0.9665
29	4	5.258	1	1	0.7609
29	4	0.5486	0	1	-0.8081
29	4	0.4385	1	1	0.1414
29	4	0.6283	1	1	1.103
29	4	2.458	1	0	-0.1613
29	4	0.7282	0	1	3.084
29	4	1.995	0	1	-0.441
29	4	1.132	0	1	-0.5025
29	4	5.362	1	1	0.2939
29	4	0.01567	1	0	0.2227
29	4	2.069	0	0	0.8006
29	4	0.6046	0	1	-2.848
29	4	0.4385	1	1	-0.5167
29	4	0.3254	0	1	-0.8348
29	4	0.5711	1	1	-0.7108
29	4	1.433	0	1	-0.7135
29	4	0.872	0	0	0.1452
29	4	5.602	1	1	0.5122
29	4	1.829	1	1	2.2
29	4	0.866	1	1	0.6133
29	4	1.366	1	1	0.1577
29	4	5.231	1	1	-3.034
29	4	0.3492	0	0	-3.847
29	4	0.8811	0	1	0.1868
29	4	0.5802	1	1	-3.068
29	4	5.807	0	0	1.445
29	4	5.459	1	1	-4.387
29	4	0.9444	0	0	-3.403
29	4	0.1092	0	0	-1.895
30	5	0.2668	0	0	-0.2352
30	5	5.535	0	0	-2.903
30	5	1.656	0	0	0.2808
30	5	5.366	1	1	0.3999
30	5	0.237	0	0	-0.1877
30	5	5.46	0	0	0.2616
30	5	0.5265	1	1	0.2154
30	5	0.5881	1	1	0.1057
30	5	1.269	0	1	-2.882
30	5	0.3673	0	1	0.3373
30	5	0.9023	0	1	-1.059
30	5	0.4568	1	1	-0.1442
30	5	1.736	0	1	-0.09836
30	5	0.6313	0	1	-0.2419
30	5	0.2621	0	1	0.5941
30	5	2.056	0	1	-1.773
30	5	1.857	1	1	-0.05039
30	5	0.7887	1	1	1.604
30	5	0.761	1	1	1.003
30	5	0.6878	1	1	-0.8841
30	5	0.2007	1	1	0.4352
30	5	1.011	0	1	1.294
30	5	1.733	1	1	0.6156
30	5	1.866	0	0	-0.3609
30	5	0.4124	1	1	-0.5928
30	5	5.527	1	1	-1.414
30	5	0.3937	1	1	1.176
30	5	0.008704	0	0	-0.4478
30	5	2.042	1	1	-0.3287
30	5	5.636	1	1	0.6929
30	5	0.5329	1	1	-0.07616
30	5	5.662	1	1	-0.8499
30	5	0.8093	0	1	-0.6336
30	5	0.2914	0	1	1.25
30	5	0.4139	1	1	0.7048
30	5	1.948	0	1	-0.01364
30	5	1.936	0	0	0.208
30	5	0.8315	0	0	-0.2446
30	5	5.288	0	0	-1.933
30	5	0.6685	1	1	0.1673
30	5	1.691	1	1	1.485
30	5	0.141	0	1	0.7099
30	5	0.6387	1	0	-1.747
30	5	0.002237	0	1	0.2917
30	5	0.4515	0	1	-0.0603
30	5	5.452	1	1	0.4194
30	5	0.2889	1	1	0.5432
30	5	0.09253	1	1	0.5946
30	5	5.921	0	0	-1.702
30	5	5.535	0	0	0.7545
31	5	0.3874	0	1	0.04203
31	5	1.467	0	0	0.3607
31	5	1.005	0	1	0.8166
31	5	1.063	1	1	-1.105
31	5	5.52	1	1	-0.4598
31	5	0.4486	1	1	0.5753
31	5	5.344	1	1	0.7407
31	5	0.3864	1	0	-0.1825
31	5	5.217	1	1	-0.5567
31	5	1.687	1	1	0.1606
31	5	0.514	0	1	0.1367
31	5	1.859	1	1	0.4943
31	5	0.9521	0	1	0.4862
31	5	0.9067	1	1	1.422
31	5	0.02931	0	1	1.317
31	5	1.832	1	1	-0.5659
31	5	0.3348	0	0	0.3772
31	5	5.389	0	0	0.7665
31	5	1.84	1	1	0.3283
31	5	0.5384	1	1	-0.5697
31	5	0.7291	0	1	0.8672
31	5	0.9697	0	1	-0.2324
31	5	5.312	0	0	-0.3188
31	5	0.5712	1	0	0.9534
31	5	0.525	1	1	-0.457
31	5	1.798	0	0	0.1367
31	5	0.2074	1	1	0.8763
31	5	1.81	1	1	0.07544
31	5	1.747	1	1	0.6032
31	5	0.2892	0	1	-0.1109
31	5	0.05922	0	1	-0.2145
31	5	5.827	1	1	0.0545
31	5	0.1553	1	1	0.2294
31	5	0.1367	1	0	-2.005
31	5	1.308	1	0	0.4501
31	5	1.239	0	0	1.038
31	5	2.188	0	0	0.2074
31	5	0.1344	0	0	-3.373
31	5	1.589	1	1	-0.09744
31	5	0.1623	0	0	-0.1147
31	5	0.3721	0	0	-2.117
31	5	0.5297	0	1	-1.139
31	5	5.73	0	0	-0.4917
31	5	5.388	0	0	-0.2873
31	5	5.467	1	1	-1.272
31	5	0.914	0	0	0.09705
31	5	0.2668	0	1	-0.4256
31	5	5.251	0	0	-0.1766
31	5	0.7771	1	1	0.5222
31	5	0.2743	1	1	0.2512
32	5	0.9047	0	0	-0.9902
32	5	0.2464	0	1	0.7257
32	5	1.345	0	1	0.5954
32	5	0.6266	1	0	1.403
32	5	0.1472	0	1	-0.1666
32	5	0.3732	1	1	0.1558
32	5	5.482	0	0	0.08169
32	5	1.734	1	1	-0.6668
32	5	1.042	1	1	-0.5272
32	5	0.6963	0	1	-0.03382
32	5	0.245	1	0	-1.791
32	5	0.8174	1	1	-0.2205
32	5	5.528	1	1	-0.8509
32	5	0.09805	0	1	-0.2533
32	5	0.2933	0	1	0.629
32	5	1.573	1	1	0.8599
32	5	5.45	1	1	-0.9587
32	5	0.6078	0	1	1.358
32	5	0.3621	1	1	-0.6177
32	5	0.237	0	0	0.2988
32	5	1.576	0	1	0.1629
32	5	0.5389	1	1	-0.36
32	5	0.0171	0	1	-0.8745
32	5	0.03181	0	0	0.2125
32	5	0.4827	1	1	-1.152
32	5	0.8686	0	1	0.1764
32	5	1.152	1	1	-0.0891
32	5	5.547	1	1	-0.4438
32	5	1.884	1	1	-3.262
32	5	5.144	0	0	-1.311
32	5	0.3251	1	0	0.6683
32	5	5.661	1	1	0.4016
32	5	1.824	1	1	0.1149
32	5	0.8591	0	0	-0.757
32	5	0.8361	0	0	-0.06644
32	5	1.465	0	1	0.1797
32	5	0.4475	0	1	1.414
32	5	5.13	0	0	-1.376
32	5	0.4939	0	1	-1.252
32	5	0.2384	0	0	-0.5241
32	5	2.087	1	1	1.354
32	5	5.468	1	1	-1.773
32	5	0.05678	0	1	-0.5112
32	5	2.223	1	1	-0.7209
32	5	0.4201	0	0	0.2946
32	5	1.976	1	0	0.6628
32	5	0.3558	1	1	-1.872
32	5	5.559	1	1	0.3411
32	5	5.348	1	1	-1.663
32	5	0.1876	1	1	-1.215
33	5	1.79	0	0	0.07161
33	5	0.01216	0	0	0.1766
33	5	1.023	0	0	-0.726
33	5	5.434	1	1	1.068
33	5	0.08788	0	1	-2.178
33	5	5.479	1	1	-0.7409
33	5	5.897	1	1	-1.662
33	5	5.603	1	1	-0.2286
33	5	1.482	1	1	0.4142
33	5	0.7805	0	1	0.4512
33	5	0.2697	0	0	0.2195
33	5	1.959	0	1	0.3114
33	5	5.225	1	1	0.5184
33	5	0.6276	0	1	0.4589
33	5	5.583	0	0	1.082
33	5	0.1866	1	0	0.01349
33	5	1.292	0	1	-0.2515
33	5	0.3198	0	1	-0.9948
33	5	2.202	1	1	-0.8622
33	5	2.326	0	1	-0.08595
33	5	1.864	1	1	-1.773
33	5	0.3749	0	0	0.8277
33	5	0.8539	0	1	0.1395
33	5	0.7137	1	0	-1.339
33	5	0.4458	1	1	1.03
33	5	5.629	0	0	-2.456
33	5	0.8764	0	0	-0.05135
33	5	1.045	0	0	-0.6476
33	5	5.201	0	0	0.3309
33	5	0.6789	0	0	-1.165
33	5	0.09714	1	0	1.051
33	5	0.0002327	0	1	-0.05652
33	5	2.038	1	1	-0.9217
33	5	0.116	1	1	0.9089
33	5	0.5086	0	0	-1.552
33	5	0.409	1	1	0.1979
33	5	1.878	1	1	-0.85
33	5	5.467	1	1	-0.00765
33	5	1.78	1	1	-0.1986
33	5	0.9108	0	1	-0.6412
33	5	0.482	1	0	-0.7957
33	5	1.397	1	1	-0.926
33	5	5.576	1	1	-2.68
33	5	0.5062	0	1	-0.4933
33	5	0.7817	0	1	0.133
33	5	2.045	1	1	0.2612
33	5	0.2089	1	0	-0.2978
33	5	1.037	0	0	0.4335
33	5	1.131	1	0	1.143
33	5	0.502	0	0	-0.5341
34	5	5.432	1	1	0.5791
34	5	1.615	0	0	0.2227
34	5	1.106	0	1	-0.6217
34	5	0.2419	0	0	-0.6766
34	5	1.785	1	1	-1.944
34	5	1.737	0	0	-2.076
34	5	0.3014	0	1	-0.8139
34	5	0.5573	0	1	-0.2014
34	5	1.859	0	1	0.5831
34	5	0.03602	0	0	0.4681
34	5	0.3786	1	1	-0.1652
34	5	0.07361	0	0	0.3751
34	5	1.889	0	1	-0.6129
34	5	1.046	1	1	0.862
34	5	5.627	0	1	0.001801
34	5	1.08	1	0	-0.7703
34	5	5.227	1	1	0.3205
34	5	0.2367	1	1	0.4384
34	5	0.5737	0	0	-0.6737
34	5	0.9093	0	0	0.6579
34	5	1.413	0	0	-0.9132
34	5	2.265	0	0	-0.8545
34	5	1.814	1	1	-0.6644
34	5	0.04787	0	0	-1.414
34	5	1.727	1	1	-0.9583
34	5	0.9193	1	1	-0.6898
34	5	0.6418	0	0	0.3955
34	5	1.04	1	1	-1.684
34	5	1.189	1	1	1.122
34	5	1.903	1	1	0.4808
34	5	5.596	0	0	-2.083
34	5	0.8156	0	1	0.2856
34	5	5.812	1	1	-1.616
34	5	1.027	0	1	-0.243
34	5	0.4183	1	0	0.4204
34	5	5.03	0	0	-0.9774
34	5	0.9277	0	0	-0.6307
34	5	5.304	1	1	-0.2377
34	5	5.734	0	0	-0.1948
34	5	0.4377	0	1	-1.508
34	5	0.5314	1	1	0.7862
34	5	0.4531	0	0	-0.3115
34	5	0.2819	0	1	0.2692
34	5	0.6163	0	1	1.302
34	5	1.202	1	1	0.6654
34	5	5.603	1	1	0.5009
34	5	0.1625	0	1	-0.4787
34	5	0.2521	1	0	1.108
34	5	5.233	0	0	-0.9175
34	5	0.0281	1	0	-0.2875
35	5	5.589	0	0	-0.2172
35	5	0.6432	1	1	-0.503
35	5	0.9709	0	1	0.07904
35	5	0.8639	1	1	-0.8279
35	5	0.3694	0	0	-2.255
35	5	0.2148	0	1	-2.15
35	5	1.865	0	1	-0.6067
35	5	0.1089	0	0	0.2656
35	5	0.6672	1	1	-0.07192
35	5	0.1935	1	1	-1.067
35	5	0.6136	1	1	0.3893
35	5	5.481	1	1	0.3871
35	5	0.653	1	1	-0.8398
35	5	0.9379	0	1	1.506
35	5	0.2856	0	0	-0.9487
35	5	2.038	0	1	-0.1058
35	5	5.379	1	1	-0.2511
35	5	0.8744	0	1	-0.2345
35	5	0.4549	1	1	1.504
35	5	5.484	0	0	1.358
35	5	5.451	0	0	0.3516
35	5	0.6513	1	0	0.03898
35	5	0.04518	0	1	-0.3892
35	5	0.4827	0	1	0.3045
35	5	1.905	1	1	-0.376
35	5	0.3163	0	1	0.7566
35	5	1.103	0	0	0.3933
35	5	1.575	1	1	0.6243
35	5	1.912	0	1	0.8044
35	5	5.575	0	0	0.654
35	5	1.736	1	1	-0.5933
35	5	1.841	0	0	0.4746
35	5	1.229	1	1	-0.6042
35	5	1.959	0	1	0.328
35	5	0.4083	1	1	0.03204
35	5	0.5734	1	1	-1.266
35	5	0.4327	0	1	-0.6272
35	5	1.648	1	1	0.6707
35	5	5.85	1	1	-1.073
35	5	5.682	0	0	-0.1913
35	5	1.045	0	1	-1.144
35	5	5.481	1	1	0.3111
35	5	0.837	1	1	2.325
35	5	0.7261	1	0	-1.709
35	5	0.5357	0	1	-1.544
35	5	0.4514	1	1	0.07267
35	5	0.2782	0	1	1.056
35	5	5.663	0	0	0.9952
35	5	0.01813	0	1	-0.3145
35	5	2.285	1	1	0.01745
36	5	2.205	1	1	0.1804
36	5	0.6666	0	1	-0.6225
36	5	0.89	0	0	1.048
36	5	5.56	0	0	1.01
36	5	0.2027	0	1	-0.2338
36	5	0.1642	0	1	-0.06722
36	5	0.5573	0	0	-0.8015
36	5	0.05347	1	0	0.6332
36	5	2.115	0	0	-0.3909
36	5	2.082	1	1	0.1643
36	5	5.207	0	0	0.108
36	5	0.1869	0	0	-0.8149
36	5	5.248	1	1	1.691
36	5	0.7258	1	1	1.18
36	5	2.113	1	1	-1.443
36	5	1.854	1	1	0.8588
36	5	5.435	1	1	1.222
36	5	1.999	1	1	-0.4278
36	5	5.412	0	0	-0.3843
36	5	1.81	1	1	0.8047
36	5	0.5022	1	0	0.1967
36	5	0.263	1	1	-0.193
36	5	0.9449	1	1	0.725
36	5	0.4454	0	1	1.224
36	5	5.501	1	1	1.008
36	5	0.4442	1	1	-0.8126
36	5	0.167	1	1	1.589
36	5	0.8967	1	1	0.3916
36	5	5.799	0	0	-1.397
36	5	0.8138	0	1	-0.9407
36	5	1.241	1	1	0.5539
36	5	0.6066	0	1	0.4644
36	5	0.4087	0	0	0.4964
36	5	0.4023	0	1	0.8683
36	5	5.953	0	0	-0.9896
36	5	0.02714	1	1	0.4084
36	5	5.493	1	1	-0.1148
36	5	0.8686	1	1	-0.9489
36	5	0.2707	0	0	-0.9673
36	5	0.7467	1	1	-0.2726
36	5	1.098	0	1	-0.9301
36	5	2.293	1	1	1.212
36	5	0.485	1	1	1.728
36	5	0.4925	1	1	-0.5114
36	5	1.79	1	1	-1.14
36	5	1.59	1	1	-0.9829
36	5	0.4789	0	1	0.1708
36	5	0.2658	0	1	-1.77
36	5	5.637	0	0	-0.8818
36	5	0.7408	0	0	-0.4962
37	5	5.423	1	1	0.397
37	5	1.904	0	0	-1.38
37	5	1.289	1	1	1.025
37	5	0.9333	1	0	-0.007626
37	5	1.987	1	1	1.225
37	5	0.4726	1	0	-0.1356
37	5	0.2164	1	1	0.8365
37	5	0.6894	0	0	0.5875
37	5	5.355	1	1	0.2612
37	5	0.3036	0	1	-0.05999
37	5	0.6335	0	0	-0.74
37	5	5.59	0	0	1.137
37	5	1.743	0	0	-0.7115
37	5	0.08819	0	1	0.1753
37	5	5.779	0	0	0.1219
37	5	1.755	1	1	0.4099
37	5	0.906	0	0	-1.689
37	5	1.698	1	1	-1.712
37	5	1.055	1	1	1.156
37	5	5.351	1	1	-0.8348
37	5	0.2208	1	1	0.6718
37	5	0.8398	0	1	-0.7368
37	5	0.1667	0	1	-0.1889
37	5	0.1957	0	1	-0.1086
37	5	5.324	0	0	-0.0425
37	5	0.5495	0	0	0.1182
37	5	0.5544	0	1	-0.5753
37	5	5.413	0	0	-2.096
37	5	0.2332	0	0	1.389
37	5	0.1381	1	1	-0.06219
37	5	0.1955	0	0	-1.116
37	5	0.09895	1	0	-0.5609
37	5	1.881	0	1	-1.394
37	5	1.986	1	0	-0.4789
37	5	0.08641	1	0	-0.06458
37	5	5.264	1	1	0.5904
37	5	5.453	0	0	-0.7531
37	5	1.581	1	1	0.0321
37	5	1.801	1	0	-0.7407
37	5	0.02546	1	1	0.1972
37	5	0.01557	1	0	-0.3346
37	5	1.816	0	0	-0.431
37	5	0.356	0	0	-1.107
37	5	0.4525	0	0	-1.425
37	5	5.482	1	1	-0.1109
37	5	0.7956	0	0	-0.1187
37	5	0.5491	0	0	1.472
37	5	0.7705	1	1	0.9273
37	5	0.4641	1	1	-0.8803
37	5	0.842	0	0	-0.7054
38	5	1.765	0	1	-1.339
38	5	5.45	0	0	-0.6317
38	5	2.154	1	1	-0.4089
38	5	1.406	0	0	0.1683
38	5	5.373	1	1	-0.8301
38	5	5.631	0	0	-0.002151
38	5	0.7231	0	0	-0.7327
38	5	2.198	1	1	-0.2381
38	5	0.3088	1	0	0.8552
38	5	0.9316	1	1	-2.889
38	5	5.199	0	1	-1.078
38	5	2.046	0	1	-0.3732
38	5	0.7231	1	1	1.285
38	5	1.02	1	1	-0.03607
38	5	0.2379	0	1	-0.5996
38	5	0.01487	0	1	0.1976
38	5	5.469	1	1	-0.9329
38	5	1.504	0	0	0.4748
38	5	0.1289	0	1	-0.326
38	5	1.342	0	1	0.003231
38	5	5.399	1	1	-1.711
38	5	0.9363	1	1	-0.7114
38	5	0.1706	1	1	-0.3107
38	5	0.08554	0	1	0.908
38	5	1.624	1	1	-1.819
38	5	5.908	1	1	0.0934
38	5	1.064	1	1	1.532
38	5	0.412	0	1	0.6194
38	5	0.4816	1	1	-0.4612
38	5	0.4811	1	1	0.4895
38	5	0.8668	0	0	-0.5305
38	5	0.02508	1	1	0.3995
38	5	1.526	0	1	0.1565
38	5	5.185	0	0	0.2667
38	5	5.233	1	1	-0.4967
38	5	0.7632	1	0	0.2529
38	5	1.151	1	0	-0.05889
38	5	0.2611	1	0	-0.7921
38	5	0.3393	0	0	0.7093
38	5	0.7256	1	1	-0.3828
38	5	1.911	0	0	-0.8543
38	5	0.4486	0	0	-1.47
38	5	0.1599	1	0	0.1746
38	5	1.778	0	1	2.294
38	5	5.382	1	1	1.156
38	5	0.6088	0	0	-0.6541
38	5	0.2726	0	1	0.6756
38	5	0.4775	0	0	-0.09623
38	5	1.123	0	0	1.013
38	5	0.2139	0	1	0.7522
39	5	0.2399	1	0	-0.08401
39	5	0.4304	1	0	0.2122
39	5	0.1557	0	0	0.7483
39	5	0.1523	1	0	0.328
39	5	0.6883	1	1	1.064
39	5	0.3375	0	0	0.7862
39	5	1.057	1	1	-0.06078
39	5	1.131	0	0	-0.8161
39	5	5.279	0	0	-1.43
39	5	1.483	0	0	-0.354
39	5	0.6476	0	0	-0.4734
39	5	1.912	0	0	0.3412
39	5	0.521	0	1	-3.502
39	5	0.4096	1	1	-0.4616
39	5	5.158	0	0	-0.5416
39	5	5.405	1	1	0.5286
39	5	1.973	0	1	0.8007
39	5	0.1662	1	1	0.9179
39	5	0.1846	1	0	-1.101
39	5	5.027	1	1	-1.377
39	5	1.954	1	1	0.7503
39	5	5.26	1	1	-1.003
39	5	0.5439	0	1	0.2257
39	5	0.4329	1	0	-0.4081
39	5	0.6295	1	1	-0.1278
39	5	2.459	1	0	-1.394
39	5	0.7323	0	1	-0.202
39	5	1.993	0	1	1.093
39	5	1.132	0	1	-0.1234
39	5	5.357	1	1	-0.5518
39	5	0.01509	1	1	-1.066
39	5	2.074	0	1	-0.4582
39	5	0.6068	0	0	0.4955
39	5	0.4368	1	0	0.958
39	5	0.3261	0	0	0.5916
39	5	0.5725	1	1	2.101
39	5	1.43	0	0	-0.4798
39	5	0.8632	0	1	0.5327
39	5	5.602	1	1	0.2115
39	5	1.828	1	0	0.6009
39	5	0.8676	1	1	-0.1127
39	5	1.366	1	1	-1.743
39	5	5.217	1	1	0.2604
39	5	0.3523	0	0	-4.033
39	5	0.8759	0	1	1.001
39	5	0.5835	1	0	0.4344
39	5	5.806	0	0	0.3143
39	5	5.459	1	1	-0.894
39	5	0.9441	0	0	-2.375
39	5	0.1077	0	0	-0.2331
40	6	0.2652	0	0	-0.7648
40	6	5.532	0	0	-0.6601
40	6	1.657	0	1	-0.3861
40	6	5.364	1	1	-0.6375
40	6	0.2351	0	0	-0.1752
40	6	5.459	0	0	-0.1105
40	6	0.5239	1	1	-0.6545
40	6	0.5874	1	0	-1.422
40	6	1.272	0	1	1.421
40	6	0.3632	0	1	-1.142
40	6	0.9009	0	0	1.477
40	6	0.4533	1	0	1.006
40	6	1.733	0	0	-0.1742
40	6	0.6336	0	1	1.344
40	6	0.2643	0	1	0.723
40	6	2.054	0	1	-0.3058
40	6	1.855	1	1	0.338
40	6	0.7852	1	1	0.3794
40	6	0.7616	1	1	-1.11
40	6	0.6844	1	1	0.4875
40	6	0.2028	1	1	0.529
40	6	1.011	0	0	1.249
40	6	1.732	1	1	0.444
40	6	1.866	0	0	-0.1777
40	6	0.4097	1	0	0.9315
40	6	5.527	1	1	-1.483
40	6	0.3841	1	1	2.039
40	6	0.00964	0	1	-0.01792
40	6	2.043	1	1	-0.4166
40	6	5.633	1	1	-0.9464
40	6	0.5342	1	0	0.863
40	6	5.659	1	1	-0.7417
40	6	0.8107	0	0	0.112
40	6	0.2916	0	0	-1.087
40	6	0.4089	1	0	1.105
40	6	1.947	0	0	-0.5198
40	6	1.937	0	1	-0.751
40	6	0.8307	0	1	-0.799
40	6	5.288	0	0	-2.083
40	6	0.6667	1	0	1.061
40	6	1.69	1	1	-1.117
40	6	0.1455	0	0	1.46
40	6	0.6361	1	1	1.691
40	6	0.005127	0	1	-0.2569
40	6	0.45	0	0	0.225
40	6	5.455	1	1	0.6268
40	6	0.2886	1	1	-0.7949
40	6	0.09124	1	0	0.2333
40	6	5.923	0	0	1.143
40	6	5.533	0	0	-1.842
41	6	0.3916	0	0	0.01031
41	6	1.469	0	1	0.5695
41	6	1.004	0	1	-0.1431
41	6	1.062	1	1	-0.3735
41	6	5.517	1	1	-1.556
41	6	0.4544	1	1	0.1903
41	6	5.337	1	1	0.6272
41	6	0.393	1	1	1.327
41	6	5.214	1	1	0.2442
41	6	1.686	1	1	-0.2486
41	6	0.5177	0	1	1.045
41	6	1.855	1	1	0.5805
41	6	0.9498	0	1	-1.128
41	6	0.9051	1	1	-1.377
41	6	0.02248	0	1	-2.005
41	6	1.827	1	1	-0.5179
41	6	0.3365	0	0	0.6105
41	6	5.39	0	0	-1.562
41	6	1.835	1	1	0.7433
41	6	0.5419	1	1	0.3585
41	6	0.7332	0	0	-2.813
41	6	0.9703	0	0	0.9527
41	6	5.317	0	0	-0.8818
41	6	0.5734	1	0	-0.4596
41	6	0.5287	1	0	-1.011
41	6	1.795	0	1	2.061
41	6	0.2128	1	1	1.71
41	6	1.81	1	0	0.2104
41	6	1.747	1	0	0.9941
41	6	0.2906	0	1	0.6225
41	6	0.05389	0	1	0.4834
41	6	5.828	1	1	-0.6583
41	6	0.1524	1	0	1.729
41	6	0.1393	1	0	0.8903
41	6	1.31	1	1	-1.166
41	6	1.238	0	0	0.3547
41	6	2.187	0	0	-0.5677
41	6	0.1424	0	0	-0.9999
41	6	1.589	1	1	-1.258
41	6	0.1619	0	1	1.363
41	6	0.3691	0	0	-0.5918
41	6	0.5313	0	0	0.4494
41	6	5.731	0	0	-0.8123
41	6	5.384	0	0	-0.5586
41	6	5.466	1	1	-0.2771
41	6	0.9187	0	0	-1.526
41	6	0.2659	0	0	2.165
41	6	5.249	0	1	1.276
41	6	0.7814	1	1	-0.982
41	6	0.2739	1	0	-1.136
42	6	1.98	0	1	-1.137
42	6	0.672	0	0	0.2937
42	6	5.514	0	0	0.3834
42	6	0.0182	1	1	1.294
42	6	0.6729	1	1	0.1705
42	6	0.6603	0	0	-1.073
42	6	0.8974	1	1	-1.761
42	6	0.07774	1	0	-1.089
42	6	0.3995	0	1	0.6447
42	6	0.4042	0	1	0.7583
42	6	0.8162	1	0	-0.04699
42	6	0.4901	0	0	1.077
42	6	0.7287	1	1	0.4622
42	6	0.4249	1	1	0.7857
42	6	1.776	0	1	-1.155
42	6	5.308	1	1	0.4007
42	6	0.8187	0	0	-0.634
42	6	0.6643	1	1	0.7733
42	6	1.195	0	1	0.09123
42	6	1.437	1	0	0.7202
42	6	5.556	0	0	-0.04881
42	6	5.501	1	1	0.2476
42	6	1.922	1	1	0.1011
42	6	0.2012	1	1	-1.962
42	6	5.638	1	1	-0.5645
42	6	0.8435	0	0	-0.6646
42	6	5.371	1	1	0.8285
42	6	0.8677	1	1	-1.238
42	6	0.1898	0	1	0.07225
42	6	0.6534	0	0	-0.9916
42	6	0.9292	1	1	-0.1606
42	6	0.5558	1	1	0.6767
42	6	0.4239	0	0	0.05698
42	6	5.426	0	0	0.1705
42	6	0.7147	0	1	-0.656
42	6	5.03	0	0	0.4102
42	6	1.802	1	1	-0.8133
42	6	0.2319	1	0	0.6542
42	6	1.625	0	1	-0.1863
42	6	5.595	0	0	-0.1266
42	6	1.807	0	0	0.5266
42	6	0.07077	1	1	0.6771
42	6	0.9915	1	1	0.1037
42	6	2.202	1	1	-0.4286
42	6	0.2647	1	1	0.1449
42	6	5.567	1	1	0.395
42	6	0.132	0	0	-1.13
42	6	1.663	1	1	0.05978
42	6	1.771	0	0	0.869
42	6	0.0933	1	1	-0.4214
43	6	1.943	0	0	0.4819
43	6	0.2426	1	1	-0.173
43	6	0.1886	0	0	0.6225
43	6	1.528	1	0	-0.6668
43	6	0.01278	0	0	-0.4599
43	6	5.378	1	1	-1.228
43	6	0.6767	1	0	1.77
43	6	0.6865	1	1	0.4583
43	6	5.181	0	0	0.8974
43	6	1.632	1	1	-0.5292
43	6	0.04146	1	1	0.161
43	6	0.3308	0	1	0.175
43	6	0.4523	0	1	0.009361
43	6	1.048	0	0	1.233
43	6	0.08798	0	0	-0.4281
43	6	1.123	1	0	0.05759
43	6	0.0794	0	1	-2.101
43	6	1.587	0	0	0.5589
43	6	0.4264	0	1	2.169
43	6	1.005	0	0	-0.24
43	6	1.752	1	1	-0.6594
43	6	0.453	1	1	1.711
43	6	0.2889	1	1	0.2877
43	6	0.7338	0	0	0.4134
43	6	0.3961	1	1	-0.2606
43	6	5.533	0	0	-1.086
43	6	5.469	1	1	-1.41
43	6	5.3	1	1	-1.348
43	6	0.6835	0	0	0.344
43	6	5.478	1	1	-0.227
43	6	0.5464	0	0	0.31
43	6	1.383	0	0	-1.309
43	6	0.3843	1	1	-0.3097
43	6	0.334	0	1	-1.075
43	6	5.7	0	0	-0.7826
43	6	5.399	0	0	-0.9669
43	6	1.972	1	1	1.254
43	6	0.551	0	0	-0.8234
43	6	1.746	1	1	-0.9483
43	6	5.429	1	1	-0.571
43	6	0.4574	0	0	-0.8391
43	6	0.2258	1	1	0.4959
43	6	5.166	0	0	-1.131
43	6	0.1304	1	1	-1.332
43	6	1.725	1	1	-1.143
43	6	0.1033	1	1	0.1769
43	6	1.746	1	1	0.9432
43	6	0.341	1	0	-0.9736
43	6	0.8754	1	1	-1.255
43	6	1.131	1	0	0.3807
44	6	0.5279	1	1	-0.5231
44	6	5.631	0	0	0.3112
44	6	1.069	1	0	-0.5624
44	6	1.243	1	1	-0.05034
44	6	0.7861	1	0	0.3798
44	6	1.834	0	0	0.8501
44	6	0.4041	1	1	-0.5531
44	6	5.218	0	0	-0.2576
44	6	0.85	0	0	-0.03172
44	6	5.18	1	1	-1.056
44	6	0.104	0	1	-0.6485
44	6	1.702	0	0	-0.3154
44	6	1.03	1	1	-0.9857
44	6	5.489	0	0	-0.5106
44	6	0.01748	1	1	0.259
44	6	0.7952	0	1	-0.7282
44	6	0.3365	0	1	1.51
44	6	1.435	0	0	-0.7036
44	6	1.669	1	1	-1.142
44	6	0.9279	1	1	-0.1032
44	6	2.018	0	0	-1.532
44	6	0.272	1	0	-0.9874
44	6	1.954	0	0	-1.404
44	6	0.6108	1	1	-0.5291
44	6	0.326	0	0	-1.397
44	6	0.2831	1	1	0.02599
44	6	0.9929	0	1	-0.1263
44	6	1.166	1	1	0.006363
44	6	5.121	1	1	-0.2237
44	6	0.2486	1	1	-0.4012
44	6	5.447	1	1	-1.18
44	6	0.4481	0	0	-0.3136
44	6	1.844	0	1	-1.641
44	6	0.3438	1	1	-0.4763
44	6	5.208	1	1	-1.073
44	6	5.464	1	1	-0.3995
44	6	1.961	1	1	-0.6715
44	6	5.399	0	0	1.274
44	6	0.5586	1	1	0.9075
44	6	0.00623	0	1	2.116
44	6	0.6769	0	0	0.9837
44	6	0.1701	0	0	-0.1712
44	6	5.326	1	1	-1.373
44	6	0.2855	0	1	-1.429
44	6	0.388	1	1	-0.5832
44	6	0.6117	0	0	0.4495
44	6	0.5552	0	1	-0.3693
44	6	0.1712	0	1	-0.5091
44	6	0.7042	0	1	-0.334
44	6	1.588	0	1	0.5188
45	6	0.03375	0	0	0.4712
45	6	5.379	1	1	-1.526
45	6	0.3677	1	1	0.9144
45	6	0.5239	0	1	-1.906
45	6	0.4633	0	1	-0.1039
45	6	1.658	0	0	0.06991
45	6	2.137	1	1	-0.4166
45	6	5.336	0	0	-0.6329
45	6	0.5117	0	0	-1.252
45	6	1.605	0	0	-2.674
45	6	5.42	1	1	-1.065
45	6	1.982	1	1	-1.359
45	6	0.5554	1	1	0.9157
45	6	0.8198	0	0	-0.8665
45	6	0.4097	0	1	0.4941
45	6	0.3432	1	1	-0.2843
45	6	4.851	1	1	-0.3075
45	6	5.157	1	1	0.2871
45	6	0.08703	0	0	0.8545
45	6	5.487	0	0	-0.5814
45	6	0.654	0	1	-0.5925
45	6	5.476	0	0	-1.183
45	6	0.5138	1	1	0.2078
45	6	1.134	0	1	0.7726
45	6	0.2074	0	1	0.6351
45	6	0.6439	1	1	-0.1289
45	6	1.672	0	0	0.08831
45	6	0.343	0	1	-0.4961
45	6	0.4695	0	1	0.8087
45	6	5.709	0	0	-1.273
45	6	1.608	0	1	0.7068
45	6	0.5214	1	1	-0.361
45	6	0.737	0	0	-0.1022
45	6	0.05906	1	1	0.7172
45	6	0.3547	1	0	-0.9394
45	6	1.031	0	0	1.019
45	6	1.456	1	1	-0.9268
45	6	0.4633	1	1	-0.3359
45	6	1.099	1	1	0.3277
45	6	5.188	1	1	0.5576
45	6	1.863	1	1	0.5624
45	6	0.9895	1	1	-1.078
45	6	0.1449	1	1	0.8219
45	6	1.818	0	0	0.3592
45	6	0.7037	1	0	-0.3022
45	6	0.632	0	0	-0.6983
45	6	0.4862	0	0	-2.41
45	6	1.058	1	1	0.5301
45	6	1.752	0	0	-2.743
45	6	5.095	1	1	-0.8655
46	6	5.744	0	0	-1.158
46	6	1.893	0	0	-0.2301
46	6	0.9631	1	1	-0.7685
46	6	0.3523	1	1	-0.2493
46	6	0.008001	1	1	-0.3447
46	6	1.82	1	1	-1.274
46	6	1.034	1	1	-2.187
46	6	0.7511	0	0	0.3134
46	6	0.5463	1	0	-0.9889
46	6	0.7746	0	1	-0.7225
46	6	1.726	0	1	1.823
46	6	0.2981	0	1	-0.2212
46	6	0.512	1	1	-0.7532
46	6	5.297	1	1	-0.8106
46	6	0.4785	0	1	-1.879
46	6	0.02906	1	1	0.01207
46	6	0.3795	0	0	-0.1148
46	6	0.2136	1	0	1.136
46	6	0.9135	0	1	1.292
46	6	0.8449	0	1	1.852
46	6	0.575	1	0	-0.4913
46	6	1.977	1	0	1.042
46	6	0.7329	0	1	0.2818
46	6	5.188	0	0	0.4311
46	6	0.08631	0	0	0.6218
46	6	0.4986	0	1	-0.06037
46	6	1.905	0	1	0.236
46	6	1.873	1	1	-0.5225
46	6	0.2781	0	1	-0.8868
46	6	0.0433	1	1	-0.2937
46	6	0.7537	0	0	0.1242
46	6	0.3401	0	1	-0.3569
46	6	1.788	1	1	0.6843
46	6	5.472	0	0	0.3364
46	6	5.616	1	1	0.713
46	6	5.545	0	0	-0.3094
46	6	1.512	1	0	0.1207
46	6	0.4022	1	1	0.1614
46	6	0.05848	1	1	0.5588
46	6	1.367	1	1	-0.551
46	6	5.468	1	1	-1.596
46	6	0.7366	0	1	-1.106
46	6	5.19	1	1	-1.157
46	6	0.3128	1	1	-0.758
46	6	5.172	1	1	-2.281
46	6	0.605	1	0	0.1077
46	6	5.024	1	1	-1.221
46	6	0.4081	1	0	-0.3535
46	6	1.641	0	0	-1.527
46	6	0.5979	0	0	1.261
47	6	0.5463	1	1	0.2202
47	6	1.823	1	0	-0.9249
47	6	0.2927	1	0	1.272
47	6	0.5387	0	1	0.2942
47	6	5.376	1	1	-0.0706
47	6	2.066	0	0	0.5435
47	6	2.008	1	1	-1.628
47	6	0.4506	0	0	-0.1524
47	6	0.558	0	0	0.3235
47	6	0.2235	0	1	0.08902
47	6	5.981	1	1	0.7547
47	6	0.9688	0	0	-0.9328
47	6	2.085	1	0	-1.97
47	6	0.4856	0	0	-1.208
47	6	1.669	1	0	0.1379
47	6	0.6024	0	0	0.2963
47	6	0.2487	1	1	1.275
47	6	5.456	0	0	-0.1266
47	6	1.919	0	0	0.1332
47	6	0.7669	0	0	0.8042
47	6	0.4542	1	0	-1.223
47	6	0.1977	0	1	-0.6458
47	6	5.34	0	0	-0.897
47	6	0.9432	0	0	-0.1324
47	6	0.6943	1	1	-0.6996
47	6	0.8866	1	0	-0.6051
47	6	0.8607	1	1	-0.4424
47	6	0.7018	1	1	-0.4507
47	6	1.733	0	0	0.6773
47	6	0.1166	1	1	-0.2764
47	6	0.08301	1	0	-0.8363
47	6	0.6266	1	0	0.3727
47	6	0.7254	1	1	-0.6633
47	6	5.413	0	0	-3.505
47	6	0.1279	0	0	-0.1357
47	6	1.987	1	1	-1.661
47	6	5.295	1	1	-0.6769
47	6	0.3864	1	1	-0.4264
47	6	1.013	0	0	2.356
47	6	0.6095	0	1	0.2433
47	6	0.1351	0	0	0.2519
47	6	0.7073	1	0	1.256
47	6	1.696	0	0	-0.09794
47	6	0.2913	0	0	-0.4005
47	6	5.352	0	0	-1.388
47	6	1.711	1	1	-1.462
47	6	5.27	0	0	-1.096
47	6	0.5874	0	1	-1.275
47	6	5.374	0	0	-0.487
47	6	5.548	1	1	1.196
48	6	0.09574	0	0	-1.266
48	6	2.047	0	0	-0.2173
48	6	5.261	1	1	-0.6285
48	6	5.313	1	1	-0.2288
48	6	1.947	1	1	-1.969
48	6	0.9279	1	1	0.1374
48	6	1.609	1	1	0.01228
48	6	5.316	0	0	-0.3144
48	6	0.0574	0	1	0.1082
48	6	0.2929	0	1	1.228
48	6	0.3462	0	1	0.8698
48	6	5.154	1	1	-0.03511
48	6	0.1843	0	0	-0.7087
48	6	5.515	0	0	-1.002
48	6	5.443	0	0	-1.727
48	6	0.5091	1	1	-0.0223
48	6	0.3241	0	1	-1.768
48	6	0.4397	0	1	0.1849
48	6	0.2308	0	1	0.3077
48	6	0.6737	0	1	0.2863
48	6	0.1225	1	1	-0.3439
48	6	0.3995	0	1	0.4424
48	6	0.8509	0	0	-0.04683
48	6	0.8564	1	1	-0.3788
48	6	0.4513	1	1	-1.957
48	6	0.1971	1	1	-0.02407
48	6	0.2762	1	1	-1.369
48	6	1.279	0	0	-1.377
48	6	1.018	0	0	-0.2425
48	6	1.806	0	1	-0.3069
48	6	1.726	0	0	0.02701
48	6	0.1834	1	1	0.6747
48	6	2.138	0	0	-0.7495
48	6	0.1411	1	0	-0.817
48	6	1.064	1	1	-1.091
48	6	1.834	0	1	-0.645
48	6	1.413	0	1	-0.4311
48	6	5.386	1	1	-0.7113
48	6	0.3209	1	0	1.062
48	6	4.968	1	1	-2.033
48	6	0.8895	0	0	-0.9269
48	6	1.767	1	1	-0.7518
48	6	1.138	1	1	-1.221
48	6	2.416	1	0	-0.5187
48	6	1.001	0	0	-0.7796
48	6	0.4798	0	1	0.07812
48	6	1.088	1	1	0.7621
48	6	0.7813	0	1	-0.2351
48	6	5.079	1	1	0.3416
48	6	5.305	1	0	-0.467
49	6	0.1411	1	0	-0.5559
49	6	0.7668	0	1	0.2066
49	6	1.614	0	0	-0.7084
49	6	5.241	0	0	-0.682
49	6	0.4034	1	1	-0.1863
49	6	0.1183	1	1	-0.9458
49	6	1.76	0	0	0.9327
49	6	1.158	0	1	-0.7453
49	6	0.1618	1	0	0.1402
49	6	0.3601	1	1	0.7064
49	6	1.882	0	0	-0.6877
49	6	1.705	0	0	0.2526
49	6	5.244	1	1	-0.1286
49	6	0.5543	0	1	0.623
49	6	0.9879	1	1	0.02135
49	6	0.3401	0	0	-0.5142
49	6	0.2092	1	1	-0.6801
49	6	0.3346	1	1	-1.482
49	6	0.3266	0	0	0.1308
49	6	0.8982	0	0	-1.132
49	6	1.874	1	1	-0.4208
49	6	5.386	1	1	0.4052
49	6	1.936	0	0	0.717
49	6	0.4686	0	1	1.006
49	6	1.133	0	1	0.8861
49	6	0.9011	1	1	-0.2667
49	6	0.9607	0	0	0.6953
49	6	5.297	0	0	-2.87
49	6	2.046	1	1	-0.9196
49	6	5.227	1	1	0.1915
49	6	0.2615	0	0	-0.4592
49	6	0.3109	0	0	-0.8279
49	6	0.07865	0	1	0.4449
49	6	0.8403	1	0	-1.192
49	6	0.167	1	0	0.496
49	6	5.741	0	0	-1.281
49	6	0.9176	0	0	0.3978
49	6	2.165	0	0	-0.975
49	6	0.73	1	1	-0.03128
49	6	0.3177	1	1	-1.087
49	6	5.65	1	1	-0.7944
49	6	0.3737	1	0	0.5605
49	6	5.495	0	0	-1.179
49	6	1.888	1	1	0.003357
49	6	0.4728	1	1	-2.192
49	6	5.493	1	1	-0.3834
49	6	5.639	0	0	0.03409
49	6	0.5421	0	0	-1.222
49	6	0.6558	1	0	0.8361
49	6	2.1	1	1	-0.827
