0	2	1.011	1	1	1.011
0	2	3.406	0	0	3.406
0	2	0.1319	0	0	0.1319
0	2	5.803	1	1	5.803
0	2	0.167	1	1	0.167
0	2	0.4919	0	0	0.4919
0	2	3.504	1	1	3.504
0	2	0.5251	1	0	0.5251
0	2	0.1803	1	1	0.1803
0	2	5.614	1	1	5.614
0	2	1.777	0	1	1.777
0	2	5.335	0	0	5.335
0	2	1.59	1	1	1.59
0	2	1.982	1	1	1.982
0	2	0.7941	0	1	0.7941
0	2	1.012	1	1	1.012
0	2	3.358	1	1	3.358
0	2	0.3488	1	1	0.3488
0	2	3.727	0	0	3.727
0	2	3.517	0	0	3.517
0	2	1.07	1	1	1.07
0	2	3.967	0	1	3.967
0	2	0.6787	0	1	0.6787
0	2	1.703	0	1	1.703
0	2	5.256	0	0	5.256
0	2	0.7961	1	1	0.7961
0	2	1.467	0	1	1.467
0	2	1.898	1	1	1.898
0	2	5.518	1	1	5.518
0	2	5.46	0	0	5.46
0	2	1.908	0	1	1.908
0	2	1.378	1	1	1.378
0	2	5.404	0	0	5.404
0	2	3.567	1	1	3.567
0	2	0.8385	0	1	0.8385
0	2	0.4459	0	1	0.4459
0	2	1.706	1	1	1.706
0	2	0.5924	0	0	0.5924
0	2	5.463	0	0	5.463
0	2	0.614	1	1	0.614
0	2	3.435	1	1	3.435
0	2	0.2233	0	1	0.2233
0	2	0.814	0	0	0.814
0	2	1.035	0	1	1.035
0	2	1.725	0	0	1.725
0	2	3.235	0	0	3.235
0	2	1.91	1	1	1.91
0	2	5.456	0	0	5.456
0	2	3.294	1	1	3.294
0	2	5.129	1	1	5.129
1	2	3.508	0	0	3.508
1	2	0.8798	0	1	0.8798
1	2	5.542	0	0	5.542
1	2	0.5958	1	1	0.5958
1	2	5.122	1	1	5.122
1	2	0.6354	1	1	0.6354
1	2	0.6275	1	0	0.6275
1	2	0.6609	1	1	0.6609
1	2	0.5089	0	0	0.5089
1	2	3.744	0	0	3.744
1	2	5.664	0	0	5.664
1	2	1.951	0	0	1.951
1	2	0.7298	1	0	0.7298
1	2	3.423	0	0	3.423
1	2	1.103	0	1	1.103
1	2	1.923	1	1	1.923
1	2	5.171	0	0	5.171
1	2	1.097	1	1	1.097
1	2	5.091	0	0	5.091
1	2	0.8702	1	1	0.8702
1	2	2.062	0	1	2.062
1	2	0.9184	1	1	0.9184
1	2	5.79	0	0	5.79
1	2	5.375	0	0	5.375
1	2	3.803	0	0	3.803
1	2	3.441	0	0	3.441
1	2	2.144	1	1	2.144
1	2	0.9109	0	1	0.9109
1	2	0.9764	0	1	0.9764
1	2	3.909	1	1	3.909
1	2	0.5136	0	1	0.5136
1	2	0.3215	1	1	0.3215
1	2	3.844	1	1	3.844
1	2	0.3001	1	1	0.3001
1	2	3.743	0	0	3.743
1	2	1.822	0	0	1.822
1	2	1.711	1	1	1.711
1	2	0.3578	1	1	0.3578
1	2	3.53	1	1	3.53
1	2	0.6308	1	1	0.6308
1	2	1.924	0	0	1.924
1	2	0.3271	1	1	0.3271
1	2	5.54	0	0	5.54
1	2	0.9151	1	1	0.9151
1	2	5.442	1	1	5.442
1	2	3.368	0	0	3.368
1	2	1.634	0	0	1.634
1	2	1.86	1	1	1.86
1	2	0.7159	1	1	0.7159
1	2	5.438	1	1	5.438
2	2	1.927	1	1	1.927
2	2	0.7123	0	0	0.7123
2	2	5.306	0	0	5.306
2	2	1.857	0	1	1.857
2	2	5.482	1	1	5.482
2	2	3.628	1	1	3.628
2	2	0.4088	0	1	0.4088
2	2	0.9363	1	1	0.9363
2	2	0.2507	0	1	0.2507
2	2	1.073	1	1	1.073
2	2	0.9141	1	1	0.9141
2	2	5.458	1	1	5.458
2	2	1.661	1	1	1.661
2	2	0.608	0	1	0.608
2	2	0.5614	0	1	0.5614
2	2	0.3754	1	1	0.3754
2	2	3.362	0	0	3.362
2	2	3.475	0	0	3.475
2	2	0.4638	0	1	0.4638
2	2	1.994	0	0	1.994
2	2	1.938	0	1	1.938
2	2	1.097	1	1	1.097
2	2	3.658	0	1	3.658
2	2	0.961	0	1	0.961
2	2	1.929	0	1	1.929
2	2	0.207	1	1	0.207
2	2	1.157	1	1	1.157
2	2	0.7209	1	1	0.7209
2	2	5.204	1	1	5.204
2	2	0.5539	1	1	0.5539
2	2	0.8952	1	1	0.8952
2	2	3.434	0	0	3.434
2	2	1.262	1	1	1.262
2	2	4.896	1	1	4.896
2	2	3.487	1	1	3.487
2	2	3.909	1	1	3.909
2	2	5.192	0	0	5.192
2	2	1.775	1	1	1.775
2	2	3.406	1	1	3.406
2	2	1.169	0	1	1.169
2	2	1.598	1	1	1.598
2	2	1.597	0	0	1.597
2	2	5.528	0	0	5.528
2	2	5.292	1	1	5.292
2	2	3.332	0	0	3.332
2	2	3.347	0	0	3.347
2	2	0.9835	1	1	0.9835
2	2	5.356	1	1	5.356
2	2	1.575	0	0	1.575
2	2	5.313	0	0	5.313
3	2	0.9292	0	1	0.9292
3	2	0.5107	0	0	0.5107
3	2	5.171	0	0	5.171
3	2	0.9253	1	0	0.9253
3	2	2.027	0	0	2.027
3	2	0.6459	0	1	0.6459
3	2	3.219	1	1	3.219
3	2	0.5009	0	1	0.5009
3	2	1.975	1	1	1.975
3	2	1.664	0	0	1.664
3	2	2.045	0	0	2.045
3	2	1.393	0	0	1.393
3	2	5.287	0	0	5.287
3	2	1.028	1	1	1.028
3	2	0.7124	0	0	0.7124
3	2	3.048	1	1	3.048
3	2	3.468	1	1	3.468
3	2	3.739	0	0	3.739
3	2	3.476	1	1	3.476
3	2	0.5979	1	1	0.5979
3	2	3.38	0	0	3.38
3	2	0.2231	1	1	0.2231
3	2	0.7854	1	1	0.7854
3	2	3.763	1	1	3.763
3	2	5.572	1	1	5.572
3	2	1.611	1	1	1.611
3	2	0.6868	0	1	0.6868
3	2	0.402	1	0	0.402
3	2	1.918	1	1	1.918
3	2	0.9522	1	1	0.9522
3	2	1.022	1	1	1.022
3	2	3.372	1	1	3.372
3	2	0.1056	1	1	0.1056
3	2	5.577	1	1	5.577
3	2	3.287	0	0	3.287
3	2	5.565	0	0	5.565
3	2	1.762	0	0	1.762
3	2	5.022	1	1	5.022
3	2	5.492	0	0	5.492
3	2	3.497	1	1	3.497
3	2	5.028	1	1	5.028
3	2	0.6984	0	0	0.6984
3	2	1.765	0	0	1.765
3	2	0.5367	0	1	0.5367
3	2	0.8639	0	0	0.8639
3	2	5.365	1	1	5.365
3	2	1.929	0	0	1.929
3	2	5.531	0	0	5.531
3	2	0.6026	0	0	0.6026
3	2	0.8252	1	1	0.8252
4	2	3.226	1	1	3.226
4	2	5.739	1	1	5.739
4	2	0.7855	0	0	0.7855
4	2	0.6445	0	0	0.6445
4	2	0.4948	1	1	0.4948
4	2	3.485	1	1	3.485
4	2	3.64	0	0	3.64
4	2	5.142	0	0	5.142
4	2	1.196	1	1	1.196
4	2	3.017	1	1	3.017
4	2	1.983	1	1	1.983
4	2	5.49	0	0	5.49
4	2	0.7641	1	1	0.7641
4	2	0.8181	1	1	0.8181
4	2	1.692	0	1	1.692
4	2	0.5141	1	0	0.5141
4	2	1.635	0	0	1.635
4	2	0.347	1	1	0.347
4	2	1.649	1	1	1.649
4	2	5.183	0	0	5.183
4	2	0.4936	0	0	0.4936
4	2	1.828	0	0	1.828
4	2	3.452	1	1	3.452
4	2	5.597	1	1	5.597
4	2	0.2042	0	1	0.2042
4	2	0.48	0	0	0.48
4	2	3.314	0	0	3.314
4	2	1.645	1	1	1.645
4	2	5.28	0	0	5.28
4	2	0.7683	1	1	0.7683
4	2	0.4977	0	1	0.4977
4	2	1.78	1	1	1.78
4	2	3.894	1	1	3.894
4	2	5.414	1	1	5.414
4	2	3.711	1	1	3.711
4	2	1.192	0	1	1.192
4	2	3.61	0	0	3.61
4	2	1.865	0	1	1.865
4	2	1.603	1	1	1.603
4	2	0.5405	0	1	0.5405
4	2	1.595	0	1	1.595
4	2	1.51	1	0	1.51
4	2	5.463	1	1	5.463
4	2	0.5297	0	1	0.5297
4	2	0.69	0	1	0.69
4	2	5.175	0	0	5.175
4	2	5.368	0	0	5.368
4	2	1.104	0	1	1.104
4	2	0.7102	1	1	0.7102
4	2	3.563	1	1	3.563
5	2	0.6348	0	1	0.6348
5	2	0.8283	1	1	0.8283
5	2	0.2773	1	1	0.2773
5	2	5.398	1	1	5.398
5	2	1.621	0	0	1.621
5	2	5.382	1	1	5.382
5	2	1.029	0	1	1.029
5	2	0.7693	1	1	0.7693
5	2	0.4434	1	1	0.4434
5	2	0.9105	0	1	0.9105
5	2	5.329	0	0	5.329
5	2	0.5185	1	1	0.5185
5	2	1.789	0	0	1.789
5	2	5.384	0	0	5.384
5	2	5.325	1	1	5.325
5	2	5.415	1	1	5.415
5	2	1.78	1	1	1.78
5	2	3.7	1	1	3.7
5	2	5.235	1	1	5.235
5	2	3.876	1	1	3.876
5	2	1.838	0	0	1.838
5	2	4.999	1	1	4.999
5	2	3.551	1	1	3.551
5	2	3.175	1	1	3.175
5	2	0.8697	0	0	0.8697
5	2	0.4773	0	0	0.4773
5	2	5.921	1	1	5.921
5	2	1.051	0	0	1.051
5	2	0.2278	1	0	0.2278
5	2	1.815	0	0	1.815
5	2	1.798	1	1	1.798
5	2	1.706	0	0	1.706
5	2	3.507	0	0	3.507
5	2	0.3541	1	0	0.3541
5	2	3.712	0	0	3.712
5	2	3.521	0	1	3.521
5	2	1.709	0	0	1.709
5	2	0.8329	1	1	0.8329
5	2	0.9774	1	1	0.9774
5	2	0.279	0	1	0.279
5	2	5.423	1	1	5.423
5	2	0.8501	1	1	0.8501
5	2	0.1087	1	0	0.1087
5	2	4.055	0	0	4.055
5	2	0.1339	0	1	0.1339
5	2	0.4345	0	1	0.4345
5	2	3.617	0	0	3.617
5	2	3.609	1	1	3.609
5	2	2.015	0	0	2.015
5	2	2.129	0	0	2.129
6	2	3.454	0	0	3.454
6	2	1.13	0	0	1.13
6	2	0.651	0	1	0.651
6	2	1.611	1	1	1.611
6	2	0.5758	1	1	0.5758
6	2	5.664	0	0	5.664
6	2	1.943	1	1	1.943
6	2	0.7415	0	0	0.7415
6	2	3.67	0	0	3.67
6	2	5.614	0	0	5.614
6	2	0.3306	0	0	0.3306
6	2	5.296	1	1	5.296
6	2	3.413	0	0	3.413
6	2	3.563	0	0	3.563
6	2	1.63	0	0	1.63
6	2	5.137	1	1	5.137
6	2	0.9584	1	1	0.9584
6	2	2.097	1	1	2.097
6	2	5.109	0	0	5.109
6	2	3.266	1	1	3.266
6	2	0.2216	0	0	0.2216
6	2	0.7811	1	1	0.7811
6	2	0.486	1	1	0.486
6	2	0.3657	0	1	0.3657
6	2	0.7098	1	1	0.7098
6	2	5.384	1	1	5.384
6	2	0.6007	1	1	0.6007
6	2	5.024	0	0	5.024
6	2	0.8355	1	1	0.8355
6	2	3.531	0	0	3.531
6	2	5.591	1	1	5.591
6	2	1.658	1	1	1.658
6	2	0.2525	1	0	0.2525
6	2	0.3834	1	1	0.3834
6	2	3.811	0	0	3.811
6	2	0.7629	1	1	0.7629
6	2	0.05753	0	1	0.05753
6	2	1.697	0	0	1.697
6	2	3.785	0	0	3.785
6	2	1.872	1	1	1.872
6	2	5.202	1	1	5.202
6	2	1.459	1	1	1.459
6	2	2.116	0	0	2.116
6	2	5.651	0	0	5.651
6	2	3.384	1	1	3.384
6	2	3.75	1	1	3.75
6	2	1.099	1	1	1.099
6	2	0.1164	0	1	0.1164
6	2	1.969	1	1	1.969
6	2	1.078	0	1	1.078
7	2	3.671	0	0	3.671
7	2	0.5088	1	0	0.5088
7	2	1.097	1	1	1.097
7	2	1.089	0	0	1.089
7	2	0.7904	1	1	0.7904
7	2	0.6252	0	1	0.6252
7	2	3.352	0	0	3.352
7	2	0.5909	1	1	0.5909
7	2	3.72	1	1	3.72
7	2	2.098	0	1	2.098
7	2	5.503	0	0	5.503
7	2	5.301	0	0	5.301
7	2	4.962	1	1	4.962
7	2	3.428	1	1	3.428
7	2	5.469	1	1	5.469
7	2	3.712	1	1	3.712
7	2	3.56	0	0	3.56
7	2	3.29	0	1	3.29
7	2	0.8154	1	1	0.8154
7	2	0.9773	0	0	0.9773
7	2	3.528	1	1	3.528
7	2	0.8071	1	1	0.8071
7	2	1.128	0	1	1.128
7	2	0.5417	0	1	0.5417
7	2	1.592	1	1	1.592
7	2	0.8041	1	1	0.8041
7	2	0.3105	0	0	0.3105
7	2	5.334	1	1	5.334
7	2	0.5505	0	0	0.5505
7	2	5.522	1	1	5.522
7	2	0.1823	0	0	0.1823
7	2	0.9366	1	1	0.9366
7	2	1.224	1	1	1.224
7	2	0.1177	0	1	0.1177
7	2	3.43	1	1	3.43
7	2	1.651	1	1	1.651
7	2	0.4845	1	1	0.4845
7	2	1.428	1	1	1.428
7	2	2.084	0	0	2.084
7	2	1.637	1	1	1.637
7	2	4.889	1	1	4.889
7	2	5.179	0	0	5.179
7	2	1.985	0	1	1.985
7	2	0.7677	0	0	0.7677
7	2	0.3492	0	1	0.3492
8	2	1.186	0	1	1.186
8	2	2.155	0	0	2.155
8	2	0.4857	1	1	0.4857
8	2	0.5671	0	1	0.5671
8	2	5.3	0	0	5.3
8	2	3.858	0	0	3.858
8	2	0.5988	1	1	0.5988
8	2	5.45	1	1	5.45
8	2	5.577	1	1	5.577
8	2	1.637	1	1	1.637
8	2	1.698	0	1	1.698
8	2	1.479	0	1	1.479
8	2	2.083	0	0	2.083
8	2	3.467	1	1	3.467
8	2	0.7124	1	1	0.7124
8	2	3.586	0	0	3.586
8	2	1.936	1	1	1.936
8	2	1.543	0	1	1.543
8	2	1.607	1	1	1.607
8	2	0.2176	1	1	0.2176
8	2	3.927	1	1	3.927
8	2	5.694	0	0	5.694
8	2	0.2145	1	0	0.2145
8	2	3.825	1	1	3.825
8	2	5.576	1	1	5.576
8	2	1.318	1	1	1.318
8	2	0.2449	1	1	0.2449
8	2	3.532	1	1	3.532
8	2	5.108	0	0	5.108
8	2	1.604	0	1	1.604
8	2	4.996	0	0	4.996
8	2	0.747	1	1	0.747
8	2	1.092	1	1	1.092
8	2	1.26	0	0	1.26
8	2	0.9609	1	1	0.9609
8	2	0.4505	0	1	0.4505
8	2	3.781	0	0	3.781
8	2	5.543	1	1	5.543
8	2	5.124	0	0	5.124
8	2	0.9785	1	1	0.9785
8	2	0.7313	0	0	0.7313
8	2	0.5971	0	1	0.5971
8	2	3.855	0	0	3.855
8	2	1.975	0	0	1.975
8	2	3.556	0	0	3.556
8	2	0.4632	1	1	0.4632
8	2	0.9831	0	0	0.9831
8	2	3.407	0	0	3.407
8	2	0.7381	1	1	0.7381
8	2	5.56	1	1	5.56
9	2	5.36	1	1	5.36
9	2	0.8823	0	0	0.8823
9	2	0.729	1	1	0.729
9	2	0.7319	0	1	0.7319
9	2	0.8897	0	0	0.8897
9	2	1.511	1	1	1.511
9	2	3.586	0	0	3.586
9	2	3.4	1	1	3.4
9	2	2.058	0	0	2.058
9	2	0.6164	0	0	0.6164
9	2	3.784	1	1	3.784
9	2	0.2582	0	0	0.2582
9	2	3.472	0	0	3.472
9	2	5.369	0	0	5.369
9	2	3.288	1	1	3.288
9	2	1.905	1	1	1.905
9	2	3.683	1	1	3.683
9	2	1.93	1	1	1.93
9	2	0.8564	1	1	0.8564
9	2	5.32	1	1	5.32
9	2	0.3812	1	1	0.3812
9	2	3.596	0	0	3.596
9	2	3.675	0	0	3.675
9	2	0.1562	0	1	0.1562
9	2	3.615	0	0	3.615
9	2	5.427	1	1	5.427
9	2	0.3295	1	1	0.3295
9	2	1.508	1	1	1.508
9	2	1.719	0	0	1.719
9	2	0.2015	1	1	0.2015
9	2	1.78	1	1	1.78
9	2	1.171	1	1	1.171
9	2	1.973	0	0	1.973
9	2	1.164	1	1	1.164
9	2	5.536	1	1	5.536
9	2	0.9818	1	1	0.9818
9	2	5.479	0	0	5.479
9	2	1.746	0	0	1.746
9	2	0.1321	1	0	0.1321
9	2	1.998	0	0	1.998
9	2	5.527	1	1	5.527
9	2	5.466	0	0	5.466
9	2	5.603	0	0	5.603
9	2	5.485	0	0	5.485
9	2	0.9253	0	1	0.9253
9	2	1.018	1	1	1.018
9	2	0.4602	0	1	0.4602
9	2	0.9711	1	1	0.9711
9	2	3.636	1	1	3.636
9	2	1.171	0	1	1.171
10	3	0.9364	1	1	0.9364
10	3	3.448	0	0	3.448
10	3	3.619	0	0	3.619
10	3	3.638	0	0	3.638
10	3	5.214	0	0	5.214
10	3	4.87	1	1	4.87
10	3	0.4696	0	1	0.4696
10	3	1.239	1	1	1.239
10	3	3.548	1	1	3.548
10	3	0.4875	0	1	0.4875
10	3	5.515	0	0	5.515
10	3	2.074	1	1	2.074
10	3	0.9382	0	0	0.9382
10	3	1.797	0	0	1.797
10	3	1.884	0	0	1.884
10	3	1.958	0	1	1.958
10	3	0.6971	1	1	0.6971
10	3	1.753	0	0	1.753
10	3	0.4809	1	1	0.4809
10	3	5.457	1	1	5.457
10	3	4.903	1	1	4.903
10	3	0.7194	1	0	0.7194
10	3	3.674	0	0	3.674
10	3	3.778	0	0	3.778
10	3	5.411	1	1	5.411
10	3	3.586	0	0	3.586
10	3	3.421	1	1	3.421
10	3	1.723	1	1	1.723
10	3	1.959	0	0	1.959
10	3	0.9854	0	1	0.9854
10	3	5.442	0	0	5.442
10	3	1.06	1	1	1.06
10	3	0.9561	0	1	0.9561
10	3	5.292	1	1	5.292
10	3	5.549	1	1	5.549
10	3	0.2822	0	0	0.2822
10	3	1.332	1	1	1.332
10	3	2.078	0	0	2.078
10	3	1.794	1	1	1.794
10	3	0.2736	0	0	0.2736
10	3	0.7646	1	1	0.7646
10	3	5.32	1	1	5.32
10	3	3.845	1	1	3.845
10	3	0.4286	1	1	0.4286
10	3	0.9724	1	1	0.9724
10	3	3.721	1	1	3.721
10	3	2.085	1	1	2.085
10	3	0.5432	1	1	0.5432
10	3	0.7705	0	0	0.7705
10	3	0.6748	0	0	0.6748
11	3	0.4736	0	0	0.4736
11	3	5.347	1	1	5.347
11	3	3.659	0	0	3.659
11	3	5.22	0	0	5.22
11	3	1.056	0	1	1.056
11	3	1.8	0	0	1.8
11	3	3.895	0	0	3.895
11	3	2.037	1	1	2.037
11	3	1.003	0	0	1.003
11	3	0.3004	1	0	0.3004
11	3	3.878	1	1	3.878
11	3	1.797	0	0	1.797
11	3	5.431	1	1	5.431
11	3	5.509	0	0	5.509
11	3	3.656	0	0	3.656
11	3	3.537	0	0	3.537
11	3	0.7448	1	1	0.7448
11	3	5.636	1	1	5.636
11	3	0.2873	1	0	0.2873
11	3	3.324	1	1	3.324
11	3	5.221	0	0	5.221
11	3	0.6189	1	0	0.6189
11	3	1.982	0	0	1.982
11	3	3.954	1	1	3.954
11	3	1.002	1	1	1.002
11	3	0.4365	0	0	0.4365
11	3	0.716	1	0	0.716
11	3	0.2807	1	0	0.2807
11	3	1.605	1	1	1.605
11	3	1.713	0	0	1.713
11	3	0.5163	1	1	0.5163
11	3	5.228	0	0	5.228
11	3	3.784	1	1	3.784
11	3	0.9905	1	1	0.9905
11	3	3.82	1	1	3.82
11	3	0.9527	1	1	0.9527
11	3	1.544	1	1	1.544
11	3	0.6373	0	0	0.6373
11	3	2.205	0	1	2.205
11	3	3.536	0	0	3.536
11	3	0.3334	0	1	0.3334
11	3	1.628	0	0	1.628
11	3	0.9866	1	1	0.9866
11	3	5.667	1	1	5.667
11	3	0.7885	1	1	0.7885
11	3	5.134	0	0	5.134
11	3	5.383	1	1	5.383
11	3	0.3753	0	0	0.3753
11	3	1.5	1	1	1.5
11	3	0.1541	0	1	0.1541
12	3	3.469	0	0	3.469
12	3	5.372	1	1	5.372
12	3	3.599	0	0	3.599
12	3	0.5209	0	1	0.5209
12	3	5.518	0	0	5.518
12	3	3.328	0	0	3.328
12	3	0.7154	1	1	0.7154
12	3	3.693	0	0	3.693
12	3	0.8576	0	0	0.8576
12	3	1.848	1	0	1.848
12	3	0.4773	1	1	0.4773
12	3	3.537	1	1	3.537
12	3	1.955	1	1	1.955
12	3	2.087	0	0	2.087
12	3	3.504	0	0	3.504
12	3	0.1892	1	0	0.1892
12	3	0.4592	1	1	0.4592
12	3	0.5815	1	1	0.5815
12	3	1.037	0	1	1.037
12	3	1.586	1	1	1.586
12	3	3.963	0	0	3.963
12	3	5.411	0	0	5.411
12	3	0.7863	1	1	0.7863
12	3	5.308	1	1	5.308
12	3	0.7053	0	0	0.7053
12	3	1.005	1	1	1.005
12	3	5.555	1	1	5.555
12	3	0.3698	0	0	0.3698
12	3	3.371	1	1	3.371
12	3	1.01	0	0	1.01
12	3	2.21	1	1	2.21
12	3	5.345	1	1	5.345
12	3	5.599	0	0	5.599
12	3	1.738	0	0	1.738
12	3	1.664	0	0	1.664
12	3	3.681	0	0	3.681
12	3	1.752	0	1	1.752
12	3	2.113	1	0	2.113
12	3	0.8598	0	1	0.8598
12	3	0.5935	1	1	0.5935
12	3	5.297	0	0	5.297
12	3	3.724	0	0	3.724
12	3	5.11	0	0	5.11
12	3	0.6501	1	1	0.6501
12	3	0.3204	1	1	0.3204
12	3	0.5646	0	1	0.5646
12	3	1.871	0	0	1.871
12	3	0.8501	1	1	0.8501
12	3	4.968	1	1	4.968
12	3	0.5091	1	1	0.5091
13	3	5.238	0	0	5.238
13	3	1.085	1	0	1.085
13	3	3.32	1	1	3.32
13	3	5.036	1	1	5.036
13	3	0.6322	0	0	0.6322
13	3	3.929	1	1	3.929
13	3	4.041	0	0	4.041
13	3	5.653	0	0	5.653
13	3	0.4258	0	0	0.4258
13	3	1.981	0	0	1.981
13	3	1.673	1	1	1.673
13	3	3.651	1	1	3.651
13	3	3.757	0	0	3.757
13	3	1.803	1	1	1.803
13	3	3.877	0	0	3.877
13	3	3.193	1	1	3.193
13	3	5.224	0	0	5.224
13	3	0.6953	1	1	0.6953
13	3	1.659	1	0	1.659
13	3	0.7286	1	0	0.7286
13	3	1.491	1	1	1.491
13	3	3.516	0	0	3.516
13	3	0.5946	0	0	0.5946
13	3	5.426	0	0	5.426
13	3	1.87	1	1	1.87
13	3	3.671	1	1	3.671
13	3	0.9158	1	1	0.9158
13	3	1.994	1	1	1.994
13	3	0.9952	0	1	0.9952
13	3	0.5703	1	1	0.5703
13	3	0.8097	1	0	0.8097
13	3	0.599	0	0	0.599
13	3	1.177	0	0	1.177
13	3	0.381	0	1	0.381
13	3	5.604	0	0	5.604
13	3	1.174	1	1	1.174
13	3	0.4609	0	0	0.4609
13	3	5.39	1	1	5.39
13	3	1.072	0	1	1.072
13	3	5.437	0	0	5.437
13	3	0.3588	0	0	0.3588
13	3	0.2212	0	0	0.2212
13	3	5.449	1	1	5.449
13	3	2.295	1	1	2.295
13	3	0.3563	1	0	0.3563
13	3	1.772	0	0	1.772
13	3	5.25	1	1	5.25
13	3	3.636	0	0	3.636
13	3	0.5274	0	1	0.5274
13	3	1.784	0	0	1.784
14	3	3.52	0	0	3.52
14	3	1.021	0	0	1.021
14	3	0.6128	0	0	0.6128
14	3	5.452	1	1	5.452
14	3	0.5281	0	1	0.5281
14	3	0.7105	1	0	0.7105
14	3	5.477	1	1	5.477
14	3	1.639	0	0	1.639
14	3	5.653	0	0	5.653
14	3	1.522	0	1	1.522
14	3	0.7112	0	1	0.7112
14	3	0.4169	1	1	0.4169
14	3	1.895	0	0	1.895
14	3	0.4672	0	1	0.4672
14	3	5.143	1	1	5.143
14	3	1.532	1	0	1.532
14	3	3.661	0	0	3.661
14	3	1.899	1	1	1.899
14	3	1.901	1	1	1.901
14	3	3.562	1	1	3.562
14	3	3.366	0	0	3.366
14	3	1.885	1	1	1.885
14	3	5.646	1	1	5.646
14	3	1.888	1	1	1.888
14	3	0.7338	0	0	0.7338
14	3	0.6898	0	1	0.6898
14	3	5.31	1	1	5.31
14	3	3.764	1	1	3.764
14	3	0.404	0	0	0.404
14	3	1.365	0	0	1.365
14	3	3.986	0	0	3.986
14	3	0.5539	0	0	0.5539
14	3	1.986	0	0	1.986
14	3	0.5093	1	1	0.5093
14	3	0.4195	1	0	0.4195
14	3	3.802	1	1	3.802
14	3	4.987	0	0	4.987
14	3	1.212	1	1	1.212
14	3	1.399	1	1	1.399
14	3	5.061	0	0	5.061
14	3	5.141	1	1	5.141
14	3	0.7965	1	1	0.7965
14	3	3.804	0	0	3.804
14	3	3.736	1	1	3.736
14	3	5.108	0	0	5.108
14	3	0.3726	0	0	0.3726
14	3	0.7006	0	1	0.7006
14	3	3.586	1	1	3.586
14	3	1.11	1	1	1.11
14	3	1.134	1	1	1.134
15	3	0.1615	0	1	0.1615
15	3	2.071	1	1	2.071
15	3	1.056	1	1	1.056
15	3	3.501	1	1	3.501
15	3	5.493	0	0	5.493
15	3	0.9028	0	1	0.9028
15	3	0.4149	0	1	0.4149
15	3	1.903	0	0	1.903
15	3	0.9196	0	0	0.9196
15	3	1.752	1	1	1.752
15	3	3.429	1	1	3.429
15	3	0.09905	1	1	0.09905
15	3	2.105	1	1	2.105
15	3	5.282	1	1	5.282
15	3	0.81	1	0	0.81
15	3	3.444	1	1	3.444
15	3	3.584	0	0	3.584
15	3	2.026	0	0	2.026
15	3	0.4406	0	1	0.4406
15	3	5.532	1	1	5.532
15	3	5.426	0	0	5.426
15	3	3.63	1	1	3.63
15	3	0.1809	1	1	0.1809
15	3	3.7	0	0	3.7
15	3	0.5889	0	0	0.5889
15	3	0.3293	1	1	0.3293
15	3	5.112	0	0	5.112
15	3	3.702	0	0	3.702
15	3	1.817	0	0	1.817
15	3	3.734	1	1	3.734
15	3	0.5027	1	0	0.5027
15	3	5.237	0	0	5.237
15	3	0.6674	1	1	0.6674
15	3	1.684	0	0	1.684
15	3	0.2808	1	1	0.2808
15	3	0.8439	0	1	0.8439
15	3	5.51	1	1	5.51
15	3	0.5116	1	1	0.5116
15	3	1.049	0	1	1.049
15	3	3.43	1	1	3.43
15	3	1.634	0	0	1.634
15	3	3.395	0	0	3.395
15	3	5.541	1	1	5.541
15	3	1.22	0	0	1.22
15	3	0.4852	1	1	0.4852
15	3	1	0	1	1
15	3	5.415	0	0	5.415
15	3	1.595	1	1	1.595
15	3	5.501	1	1	5.501
16	3	0.2995	1	0	0.2995
16	3	1.619	0	0	1.619
16	3	1.835	0	0	1.835
16	3	3.514	0	0	3.514
16	3	5.367	0	0	5.367
16	3	0.511	0	1	0.511
16	3	1.531	1	1	1.531
16	3	3.703	1	1	3.703
16	3	1.142	1	1	1.142
16	3	0.3553	1	1	0.3553
16	3	5.195	0	0	5.195
16	3	0.4058	0	0	0.4058
16	3	0.5935	0	0	0.5935
16	3	3.501	0	0	3.501
16	3	0.4332	1	1	0.4332
16	3	1.588	0	0	1.588
16	3	5.434	0	0	5.434
16	3	3.605	1	1	3.605
16	3	1.085	1	1	1.085
16	3	2.05	1	1	2.05
16	3	3.657	1	1	3.657
16	3	0.573	0	0	0.573
16	3	1.205	0	0	1.205
16	3	0.2651	1	1	0.2651
16	3	3.656	1	1	3.656
16	3	3.613	1	1	3.613
16	3	1.438	0	1	1.438
16	3	1.6	1	1	1.6
16	3	0.5916	0	0	0.5916
16	3	1.767	1	1	1.767
16	3	5.225	0	0	5.225
16	3	1.236	1	1	1.236
16	3	4.936	1	1	4.936
16	3	5.447	0	0	5.447
16	3	1.161	1	1	1.161
16	3	3.714	1	1	3.714
16	3	0.4721	0	1	0.4721
16	3	0.7093	1	1	0.7093
16	3	1.166	0	0	1.166
16	3	1.099	1	1	1.099
16	3	3.663	0	0	3.663
16	3	1.876	0	1	1.876
16	3	5.095	1	1	5.095
16	3	3.569	1	1	3.569
16	3	5.17	0	0	5.17
16	3	0.7904	1	1	0.7904
16	3	0.4771	1	1	0.4771
16	3	5.39	0	0	5.39
16	3	1.403	0	0	1.403
16	3	5.449	0	0	5.449
17	3	3.344	1	1	3.344
17	3	1.685	0	0	1.685
17	3	0.9826	1	1	0.9826
17	3	1.708	1	1	1.708
17	3	3.525	0	0	3.525
17	3	3.737	1	1	3.737
17	3	1.084	1	1	1.084
17	3	1.661	0	0	1.661
17	3	3.983	1	1	3.983
17	3	1.115	1	1	1.115
17	3	0.8179	0	0	0.8179
17	3	0.7597	0	0	0.7597
17	3	1.065	1	1	1.065
17	3	2.026	1	1	2.026
17	3	5.289	1	1	5.289
17	3	0.1984	1	0	0.1984
17	3	1.98	0	0	1.98
17	3	5.292	0	0	5.292
17	3	0.418	0	0	0.418
17	3	1.569	0	0	1.569
17	3	5.34	1	1	5.34
17	3	1.307	0	0	1.307
17	3	3.778	0	0	3.778
17	3	5.262	0	0	5.262
17	3	1.883	0	1	1.883
17	3	1.15	0	0	1.15
17	3	1.262	1	1	1.262
17	3	0.492	0	0	0.492
17	3	4.195	1	1	4.195
17	3	0.857	1	1	0.857
17	3	5.698	0	0	5.698
17	3	0.5784	0	1	0.5784
17	3	0.9726	0	0	0.9726
17	3	5.378	1	1	5.378
17	3	5.186	0	0	5.186
17	3	5.554	1	1	5.554
17	3	0.4516	1	1	0.4516
17	3	5.444	1	1	5.444
17	3	0.6615	1	0	0.6615
17	3	3.636	0	0	3.636
17	3	3.837	0	0	3.837
17	3	0.9082	0	0	0.9082
17	3	0.3168	1	0	0.3168
17	3	5.417	0	0	5.417
17	3	3.636	1	1	3.636
17	3	1.35	1	1	1.35
17	3	1.784	1	1	1.784
17	3	0.537	1	1	0.537
17	3	3.173	0	0	3.173
17	3	0.3943	1	1	0.3943
18	3	5.423	0	0	5.423
18	3	5.305	0	0	5.305
18	3	0.6165	0	0	0.6165
18	3	4.037	1	1	4.037
18	3	0.1885	0	1	0.1885
18	3	1.008	1	1	1.008
18	3	3.533	0	0	3.533
18	3	0.8169	1	1	0.8169
18	3	0.7236	0	1	0.7236
18	3	0.4821	1	1	0.4821
18	3	5.124	1	1	5.124
18	3	0.9286	1	1	0.9286
18	3	3.316	1	1	3.316
18	3	0.7932	0	0	0.7932
18	3	0.2438	0	0	0.2438
18	3	1.603	0	0	1.603
18	3	0.5177	1	1	0.5177
18	3	0.3649	0	0	0.3649
18	3	5.402	1	1	5.402
18	3	5.32	0	0	5.32
18	3	3.8	0	0	3.8
18	3	0.4541	0	1	0.4541
18	3	1.603	0	1	1.603
18	3	0.3798	1	0	0.3798
18	3	5.585	0	0	5.585
18	3	3.581	0	0	3.581
18	3	3.546	1	1	3.546
18	3	0.05408	1	0	0.05408
18	3	3.353	0	0	3.353
18	3	0.7067	1	1	0.7067
18	3	5.768	1	1	5.768
18	3	1.872	1	1	1.872
18	3	1.911	0	0	1.911
18	3	0.9016	0	1	0.9016
18	3	0.994	1	0	0.994
18	3	1.978	0	0	1.978
18	3	1.608	1	1	1.608
18	3	5.616	0	0	5.616
18	3	1.521	1	1	1.521
18	3	2.14	1	1	2.14
18	3	0.5779	0	1	0.5779
18	3	3.636	0	0	3.636
18	3	0.3263	0	1	0.3263
18	3	1.066	1	1	1.066
18	3	3.821	1	1	3.821
18	3	1.811	1	1	1.811
18	3	5.695	1	1	5.695
18	3	1.511	1	1	1.511
18	3	3.826	1	1	3.826
18	3	5.5	1	1	5.5
19	3	1.523	0	0	1.523
19	3	3.364	0	0	3.364
19	3	0.671	1	1	0.671
19	3	3.777	0	0	3.777
19	3	1.891	1	1	1.891
19	3	5.547	1	1	5.547
19	3	1.664	0	0	1.664
19	3	3.734	0	0	3.734
19	3	0.4523	0	0	0.4523
19	3	3.653	0	0	3.653
19	3	0.8793	0	0	0.8793
19	3	0.535	1	1	0.535
19	3	0.8299	0	0	0.8299
19	3	5.5	1	1	5.5
19	3	0.7703	0	1	0.7703
19	3	0.261	0	1	0.261
19	3	1.872	1	1	1.872
19	3	1.595	0	0	1.595
19	3	0.4652	1	0	0.4652
19	3	0.667	1	1	0.667
19	3	2.22	1	1	2.22
19	3	0.9224	1	0	0.9224
19	3	1.657	0	0	1.657
19	3	0.2271	0	0	0.2271
19	3	5.84	0	0	5.84
19	3	1.775	0	0	1.775
19	3	0.3041	1	1	0.3041
19	3	3.758	0	0	3.758
19	3	0.944	0	1	0.944
19	3	3.483	1	1	3.483
19	3	0.7118	1	1	0.7118
19	3	0.3297	1	0	0.3297
19	3	3.606	1	1	3.606
19	3	0.6143	1	1	0.6143
19	3	0.9209	0	0	0.9209
19	3	1.963	0	0	1.963
19	3	0.3444	0	0	0.3444
19	3	3.883	0	0	3.883
19	3	3.758	1	1	3.758
19	3	0.5571	1	1	0.5571
19	3	5.599	0	0	5.599
19	3	5.375	1	1	5.375
19	3	1.937	0	0	1.937
19	3	5.675	1	1	5.675
19	3	5.463	0	0	5.463
19	3	5.295	1	1	5.295
19	3	5.563	1	1	5.563
19	3	5.3	0	0	5.3
19	3	0.963	1	1	0.963
19	3	3.152	1	1	3.152
20	4	2.065	1	1	2.065
20	4	0.01519	0	1	0.01519
20	4	5.273	0	0	5.273
20	4	5.286	1	1	5.286
20	4	5.498	1	1	5.498
20	4	3.661	0	0	3.661
20	4	0.9028	1	0	0.9028
20	4	0.4291	0	0	0.4291
20	4	0.9926	0	0	0.9926
20	4	0.653	1	1	0.653
20	4	3.831	0	0	3.831
20	4	1.114	0	0	1.114
20	4	1.163	1	1	1.163
20	4	3.638	1	1	3.638
20	4	0.5666	0	0	0.5666
20	4	0.2074	0	0	0.2074
20	4	1.448	0	0	1.448
20	4	5.087	0	0	5.087
20	4	0.451	1	1	0.451
20	4	0.4795	1	1	0.4795
20	4	1.854	1	1	1.854
20	4	0.7705	0	1	0.7705
20	4	3.6	0	0	3.6
20	4	3.459	0	0	3.459
20	4	5.56	1	1	5.56
20	4	3.722	1	1	3.722
20	4	1.525	1	1	1.525
20	4	5.146	0	0	5.146
20	4	5.584	0	0	5.584
20	4	3.792	1	1	3.792
20	4	5.297	0	0	5.297
20	4	1.077	1	1	1.077
20	4	2.031	0	0	2.031
20	4	0.9382	1	1	0.9382
20	4	0.19	0	0	0.19
20	4	3.842	1	1	3.842
20	4	1.803	1	1	1.803
20	4	5.267	1	1	5.267
20	4	0.6493	1	1	0.6493
20	4	1.236	1	0	1.236
20	4	3.747	0	0	3.747
20	4	1.929	1	0	1.929
20	4	1.914	1	1	1.914
20	4	0.6346	1	1	0.6346
20	4	0.9994	0	0	0.9994
20	4	2.144	1	1	2.144
20	4	5.262	0	0	5.262
20	4	3.742	0	0	3.742
20	4	0.7465	0	0	0.7465
20	4	1.653	0	0	1.653
21	4	1.746	0	0	1.746
21	4	0.3682	1	1	0.3682
21	4	1.109	0	1	1.109
21	4	1.805	1	1	1.805
21	4	3.517	0	0	3.517
21	4	3.629	0	0	3.629
21	4	0.5016	0	0	0.5016
21	4	0.6911	0	0	0.6911
21	4	2.082	1	1	2.082
21	4	5.167	1	1	5.167
21	4	0.8815	1	0	0.8815
21	4	0.3758	1	0	0.3758
21	4	1.493	1	1	1.493
21	4	5.545	1	1	5.545
21	4	1.668	1	1	1.668
21	4	5.298	1	1	5.298
21	4	3.856	0	0	3.856
21	4	5.223	1	1	5.223
21	4	0.6907	0	0	0.6907
21	4	5.127	1	1	5.127
21	4	0.7667	0	0	0.7667
21	4	3.634	0	0	3.634
21	4	0.7409	0	0	0.7409
21	4	1.496	0	0	1.496
21	4	3.496	1	1	3.496
21	4	1.276	1	1	1.276
21	4	1.968	0	0	1.968
21	4	5.521	1	1	5.521
21	4	1.979	0	0	1.979
21	4	0.8413	1	0	0.8413
21	4	0.9198	1	0	0.9198
21	4	0.2347	0	0	0.2347
21	4	0.531	1	0	0.531
21	4	0.5219	1	1	0.5219
21	4	3.354	0	0	3.354
21	4	0.7609	0	0	0.7609
21	4	0.5642	1	1	0.5642
21	4	0.5333	1	1	0.5333
21	4	3.634	1	1	3.634
21	4	5.305	1	1	5.305
21	4	5.317	0	0	5.317
21	4	3.802	0	0	3.802
21	4	3.975	0	0	3.975
21	4	5.277	1	1	5.277
21	4	0.2811	0	0	0.2811
21	4	0.8606	0	1	0.8606
21	4	2.05	1	1	2.05
21	4	5.266	0	0	5.266
21	4	0.9126	0	0	0.9126
21	4	3.624	0	0	3.624
22	4	1.827	1	1	1.827
22	4	0.0245	0	0	0.0245
22	4	0.508	0	0	0.508
22	4	0.9485	0	0	0.9485
22	4	3.811	0	0	3.811
22	4	0.9794	1	1	0.9794
22	4	0.8123	1	1	0.8123
22	4	1.29	1	1	1.29
22	4	5.35	0	0	5.35
22	4	1.969	1	1	1.969
22	4	1.119	0	0	1.119
22	4	0.3649	1	0	0.3649
22	4	5.343	0	0	5.343
22	4	0.84	1	1	0.84
22	4	1.453	0	0	1.453
22	4	5.784	1	1	5.784
22	4	0.3111	1	0	0.3111
22	4	0.302	0	0	0.302
22	4	5.174	1	1	5.174
22	4	3.487	0	0	3.487
22	4	5.181	0	0	5.181
22	4	0.243	0	0	0.243
22	4	3.584	0	0	3.584
22	4	5.419	1	1	5.419
22	4	1.145	0	0	1.145
22	4	0.8516	0	0	0.8516
22	4	5.287	1	1	5.287
22	4	0.4372	1	1	0.4372
22	4	0.744	0	0	0.744
22	4	1.764	0	0	1.764
22	4	0.6236	1	1	0.6236
22	4	5.383	1	1	5.383
22	4	1.992	1	0	1.992
22	4	1.629	1	1	1.629
22	4	1.523	0	0	1.523
22	4	3.601	1	1	3.601
22	4	3.595	1	1	3.595
22	4	1.35	1	1	1.35
22	4	0.4612	0	0	0.4612
22	4	1.782	0	0	1.782
22	4	5.405	0	0	5.405
22	4	3.611	0	0	3.611
22	4	1.91	1	1	1.91
22	4	1.042	1	1	1.042
22	4	3.705	1	1	3.705
22	4	3.858	0	0	3.858
22	4	3.222	0	0	3.222
22	4	3.608	1	1	3.608
22	4	5.308	1	1	5.308
22	4	0.5235	0	0	0.5235
23	4	0.7269	1	1	0.7269
23	4	2.087	1	1	2.087
23	4	0.3169	0	1	0.3169
23	4	3.935	0	0	3.935
23	4	1.396	1	1	1.396
23	4	0.8781	0	0	0.8781
23	4	0.4771	0	0	0.4771
23	4	1.526	0	0	1.526
23	4	0.6884	1	1	0.6884
23	4	1.017	1	1	1.017
23	4	5.409	0	0	5.409
23	4	0.2135	0	1	0.2135
23	4	0.7714	0	1	0.7714
23	4	0.392	1	1	0.392
23	4	4.026	0	0	4.026
23	4	0.2529	1	1	0.2529
23	4	5.846	0	0	5.846
23	4	1.017	1	1	1.017
23	4	0.5135	0	0	0.5135
23	4	1.109	0	0	1.109
23	4	1.847	0	0	1.847
23	4	3.527	0	0	3.527
23	4	5.143	1	1	5.143
23	4	5.464	1	1	5.464
23	4	0.6195	0	0	0.6195
23	4	1.97	1	1	1.97
23	4	3.334	0	0	3.334
23	4	3.478	1	1	3.478
23	4	2.153	1	1	2.153
23	4	0.7452	0	0	0.7452
23	4	3.693	1	1	3.693
23	4	1.932	0	0	1.932
23	4	3.314	0	0	3.314
23	4	1.861	0	0	1.861
23	4	0.08016	0	0	0.08016
23	4	5.29	1	1	5.29
23	4	0.7713	1	1	0.7713
23	4	3.587	1	1	3.587
23	4	1.627	1	1	1.627
23	4	1.872	0	0	1.872
23	4	0.292	0	1	0.292
23	4	0.6255	1	0	0.6255
23	4	5.487	1	1	5.487
23	4	3.635	1	1	3.635
23	4	2.229	1	1	2.229
23	4	5.222	1	1	5.222
23	4	5.483	0	0	5.483
23	4	5.042	1	1	5.042
23	4	3.817	1	1	3.817
23	4	5.162	1	1	5.162
24	4	3.917	1	1	3.917
24	4	0.8118	0	0	0.8118
24	4	1.548	1	0	1.548
24	4	0.9405	1	0	0.9405
24	4	5.486	1	1	5.486
24	4	3.49	0	0	3.49
24	4	1.802	1	0	1.802
24	4	1.912	0	0	1.912
24	4	3.269	0	0	3.269
24	4	3.756	0	0	3.756
24	4	3.49	0	0	3.49
24	4	5.442	0	0	5.442
24	4	0.6294	0	0	0.6294
24	4	0.8743	1	1	0.8743
24	4	0.457	1	0	0.457
24	4	1.834	0	0	1.834
24	4	5.488	1	1	5.488
24	4	0.3437	1	1	0.3437
24	4	1.86	1	0	1.86
24	4	0.0955	0	0	0.0955
24	4	0.26	0	0	0.26
24	4	5.614	1	1	5.614
24	4	2.203	0	0	2.203
24	4	0.4054	1	0	0.4054
24	4	5.547	1	1	5.547
24	4	5.232	0	0	5.232
24	4	3.609	0	0	3.609
24	4	3.581	0	0	3.581
24	4	5.418	0	0	5.418
24	4	3.814	1	1	3.814
24	4	1.09	1	1	1.09
24	4	0.3678	1	0	0.3678
24	4	3.555	0	0	3.555
24	4	1.028	1	0	1.028
24	4	1.509	1	0	1.509
24	4	1.649	1	1	1.649
24	4	5.565	0	0	5.565
24	4	1.799	0	0	1.799
24	4	0.5227	1	0	0.5227
24	4	1.129	0	1	1.129
24	4	5.7	1	1	5.7
24	4	0.8065	0	0	0.8065
24	4	0.9896	1	1	0.9896
24	4	1.054	0	0	1.054
24	4	0.9107	0	0	0.9107
24	4	0.7585	1	0	0.7585
24	4	5.712	1	1	5.712
24	4	1.161	1	1	1.161
24	4	1.936	0	0	1.936
24	4	3.606	0	0	3.606
25	4	3.657	0	0	3.657
25	4	5.144	0	0	5.144
25	4	0.5998	0	0	0.5998
25	4	0.6983	0	0	0.6983
25	4	1.634	0	0	1.634
25	4	1.714	1	1	1.714
25	4	0.9765	0	1	0.9765
25	4	0.5108	1	0	0.5108
25	4	0.4941	1	1	0.4941
25	4	0.4674	1	1	0.4674
25	4	0.5547	1	0	0.5547
25	4	3.385	1	1	3.385
25	4	0.5026	0	1	0.5026
25	4	0.6938	1	0	0.6938
25	4	0.69	0	0	0.69
25	4	3.513	0	0	3.513
25	4	1.975	1	1	1.975
25	4	3.675	0	0	3.675
25	4	1.065	1	1	1.065
25	4	1.33	1	1	1.33
25	4	0.3869	1	1	0.3869
25	4	1.562	1	1	1.562
25	4	3.848	0	0	3.848
25	4	1.096	1	1	1.096
25	4	0.7585	0	0	0.7585
25	4	3.997	1	1	3.997
25	4	5.717	0	0	5.717
25	4	1.77	0	0	1.77
25	4	2.027	0	0	2.027
25	4	1.782	1	1	1.782
25	4	3.482	1	1	3.482
25	4	5.395	0	0	5.395
25	4	3.66	0	0	3.66
25	4	0.8333	0	0	0.8333
25	4	1.954	0	0	1.954
25	4	5.552	1	1	5.552
25	4	5.534	0	0	5.534
25	4	0.2156	1	0	0.2156
25	4	0.7784	0	0	0.7784
25	4	1.614	0	0	1.614
25	4	3.615	0	0	3.615
25	4	5.291	1	1	5.291
25	4	0.7095	1	1	0.7095
25	4	2.152	1	1	2.152
25	4	5.507	1	1	5.507
25	4	5.126	1	1	5.126
25	4	0.8499	0	0	0.8499
25	4	5.363	1	1	5.363
25	4	3.54	0	0	3.54
25	4	5.306	1	1	5.306
26	4	5.426	0	0	5.426
26	4	1.275	0	0	1.275
26	4	1.114	1	1	1.114
26	4	3.493	1	1	3.493
26	4	1.433	1	1	1.433
26	4	5.42	1	1	5.42
26	4	0.9311	1	0	0.9311
26	4	0.7021	0	0	0.7021
26	4	0.8495	0	0	0.8495
26	4	3.418	0	0	3.418
26	4	3.428	1	1	3.428
26	4	5.099	0	0	5.099
26	4	0.445	0	1	0.445
26	4	0.5164	0	1	0.5164
26	4	3.558	1	1	3.558
26	4	5.331	0	0	5.331
26	4	5.292	1	1	5.292
26	4	1.004	1	1	1.004
26	4	5.292	1	1	5.292
26	4	1.575	0	0	1.575
26	4	0.9342	1	1	0.9342
26	4	0.4591	0	0	0.4591
26	4	0.3605	0	0	0.3605
26	4	3.573	1	1	3.573
26	4	5.038	0	0	5.038
26	4	5.499	1	1	5.499
26	4	3.433	0	0	3.433
26	4	3.624	1	1	3.624
26	4	0.996	1	0	0.996
26	4	3.473	0	0	3.473
26	4	0.6372	0	1	0.6372
26	4	5.401	0	0	5.401
26	4	3.638	0	0	3.638
26	4	0.5088	1	0	0.5088
26	4	1.635	0	0	1.635
26	4	0.8852	1	1	0.8852
26	4	1.05	1	1	1.05
26	4	1.802	0	0	1.802
26	4	1.783	1	1	1.783
26	4	0.7497	0	1	0.7497
26	4	1.603	1	1	1.603
26	4	3.718	1	1	3.718
26	4	0.7896	1	1	0.7896
26	4	2.183	0	0	2.183
26	4	1.568	0	0	1.568
26	4	0.3912	0	1	0.3912
26	4	5.453	0	0	5.453
26	4	0.96	0	1	0.96
26	4	1.728	1	1	1.728
26	4	1.599	1	1	1.599
27	4	3.237	1	1	3.237
27	4	0.4737	1	0	0.4737
27	4	1.777	1	1	1.777
27	4	0.6374	1	1	0.6374
27	4	0.3624	1	1	0.3624
27	4	1.013	0	1	1.013
27	4	1.78	0	0	1.78
27	4	1.931	1	1	1.931
27	4	5.55	0	0	5.55
27	4	1.032	0	0	1.032
27	4	0.6328	1	1	0.6328
27	4	5.421	0	0	5.421
27	4	3.865	1	1	3.865
27	4	5.593	0	0	5.593
27	4	0.3582	1	1	0.3582
27	4	3.266	1	1	3.266
27	4	0.9938	1	1	0.9938
27	4	3.332	0	0	3.332
27	4	1.639	1	1	1.639
27	4	0.5216	0	0	0.5216
27	4	0.7517	1	1	0.7517
27	4	2.167	0	0	2.167
27	4	0.9915	0	0	0.9915
27	4	0.5072	0	0	0.5072
27	4	5.381	1	1	5.381
27	4	1.847	0	0	1.847
27	4	1.923	0	0	1.923
27	4	0.8561	0	0	0.8561
27	4	3.333	0	0	3.333
27	4	1.893	1	1	1.893
27	4	5.278	0	0	5.278
27	4	0.8706	0	1	0.8706
27	4	0.4293	1	0	0.4293
27	4	3.636	1	1	3.636
27	4	5.237	0	0	5.237
27	4	1.982	0	0	1.982
27	4	3.073	1	1	3.073
27	4	0.7913	1	1	0.7913
27	4	1.642	1	0	1.642
27	4	0.7369	0	0	0.7369
27	4	3.788	0	0	3.788
27	4	5.331	0	0	5.331
27	4	5.068	0	0	5.068
27	4	0.2905	1	1	0.2905
27	4	3.625	1	1	3.625
27	4	0.7132	0	1	0.7132
27	4	3.388	1	1	3.388
27	4	5.264	1	1	5.264
27	4	5.513	1	1	5.513
27	4	0.4895	1	1	0.4895
28	4	0.691	0	0	0.691
28	4	0.8469	1	1	0.8469
28	4	1.148	1	1	1.148
28	4	3.777	1	1	3.777
28	4	1.884	0	0	1.884
28	4	0.8986	1	0	0.8986
28	4	0.9399	0	0	0.9399
28	4	0.8531	0	0	0.8531
28	4	1.871	0	0	1.871
28	4	3.801	0	0	3.801
28	4	0.4077	0	0	0.4077
28	4	5.209	1	1	5.209
28	4	3.335	1	1	3.335
28	4	5.627	1	1	5.627
28	4	5.362	0	0	5.362
28	4	1.709	1	0	1.709
28	4	3.575	0	0	3.575
28	4	0.4742	1	0	0.4742
28	4	1.599	1	1	1.599
28	4	5.223	0	0	5.223
28	4	3.675	0	0	3.675
28	4	0.3672	0	0	0.3672
28	4	0.4323	1	1	0.4323
28	4	1.175	0	0	1.175
28	4	1.966	1	0	1.966
28	4	0.5602	1	0	0.5602
28	4	1.881	1	1	1.881
28	4	5.224	1	1	5.224
28	4	3.654	1	1	3.654
28	4	0.225	0	1	0.225
28	4	3.66	0	0	3.66
28	4	1.809	1	1	1.809
28	4	0.1616	0	0	0.1616
28	4	5.408	0	0	5.408
28	4	1.973	0	0	1.973
28	4	1.702	0	0	1.702
28	4	5.515	0	0	5.515
28	4	1.174	1	1	1.174
28	4	0.5502	0	0	0.5502
28	4	5.569	1	1	5.569
28	4	0.7898	0	1	0.7898
28	4	5.017	1	1	5.017
28	4	1.824	1	1	1.824
28	4	4.138	1	1	4.138
28	4	5.739	0	0	5.739
28	4	0.8409	0	0	0.8409
28	4	3.646	1	1	3.646
28	4	3.928	0	0	3.928
28	4	0.9415	0	0	0.9415
28	4	0.5789	1	0	0.5789
29	4	3.586	0	0	3.586
29	4	5.36	0	0	5.36
29	4	5.299	1	1	5.299
29	4	0.6801	1	0	0.6801
29	4	3.528	1	1	3.528
29	4	1.656	0	0	1.656
29	4	5.474	0	0	5.474
29	4	3.2	0	0	3.2
29	4	5.247	0	0	5.247
29	4	1.805	0	0	1.805
29	4	0.125	0	0	0.125
29	4	0.9431	1	1	0.9431
29	4	1.56	0	0	1.56
29	4	1.689	1	0	1.689
29	4	0.7521	1	0	0.7521
29	4	1.141	1	0	1.141
29	4	0.1835	1	0	0.1835
29	4	3.456	1	1	3.456
29	4	0.406	0	0	0.406
29	4	0.5552	1	1	0.5552
29	4	0.8389	0	0	0.8389
29	4	1.647	0	0	1.647
29	4	0.9419	0	0	0.9419
29	4	1.545	1	1	1.545
29	4	0.8197	0	1	0.8197
29	4	5.45	0	0	5.45
29	4	0.8989	1	0	0.8989
29	4	1.509	0	0	1.509
29	4	3.45	1	1	3.45
29	4	1.088	0	0	1.088
29	4	0.8036	1	0	0.8036
29	4	5.062	0	0	5.062
29	4	0.9539	0	0	0.9539
29	4	5.464	0	0	5.464
29	4	0.4829	1	1	0.4829
29	4	5.798	1	1	5.798
29	4	3.38	0	0	3.38
29	4	0.6744	0	0	0.6744
29	4	1.18	1	1	1.18
29	4	0.5891	1	0	0.5891
29	4	3.499	0	0	3.499
29	4	5.187	1	1	5.187
29	4	3.591	1	1	3.591
29	4	5.162	1	1	5.162
29	4	0.2102	0	1	0.2102
29	4	3.578	0	0	3.578
29	4	3.573	1	1	3.573
29	4	1.953	1	1	1.953
29	4	2.013	1	1	2.013
29	4	2.152	1	1	2.152
30	5	1.046	0	0	1.046
30	5	5.434	0	0	5.434
30	5	5.093	0	0	5.093
30	5	3.611	1	1	3.611
30	5	1.228	0	0	1.228
30	5	0.4889	1	0	0.4889
30	5	0.5636	0	1	0.5636
30	5	2.033	0	1	2.033
30	5	3.673	1	1	3.673
30	5	3.752	1	1	3.752
30	5	5.407	1	1	5.407
30	5	0.9518	1	1	0.9518
30	5	3.494	1	1	3.494
30	5	1.751	0	0	1.751
30	5	0.6865	1	1	0.6865
30	5	1.209	1	1	1.209
30	5	5.578	0	0	5.578
30	5	3.422	1	1	3.422
30	5	0.7401	1	0	0.7401
30	5	1.931	0	0	1.931
30	5	5.199	0	0	5.199
30	5	0.9539	0	0	0.9539
30	5	3.302	1	1	3.302
30	5	3.837	1	1	3.837
30	5	2.036	1	0	2.036
30	5	1.576	0	0	1.576
30	5	3.888	1	1	3.888
30	5	0.8555	0	0	0.8555
30	5	1.559	0	0	1.559
30	5	5.272	0	0	5.272
30	5	0.1248	0	1	0.1248
30	5	0.8814	1	0	0.8814
30	5	1.219	1	0	1.219
30	5	5.363	1	1	5.363
30	5	0.6796	0	0	0.6796
30	5	3.654	1	1	3.654
30	5	3.495	0	0	3.495
30	5	1.741	0	0	1.741
30	5	0.3715	1	1	0.3715
30	5	5.548	1	1	5.548
30	5	1.062	1	0	1.062
30	5	0.5618	0	0	0.5618
30	5	5.359	1	1	5.359
30	5	5.46	0	0	5.46
30	5	1.933	0	0	1.933
30	5	1.694	1	0	1.694
30	5	1.532	0	0	1.532
30	5	0.9375	0	0	0.9375
30	5	0.5885	1	0	0.5885
31	5	5.384	0	0	5.384
31	5	5.308	1	1	5.308
31	5	1.842	0	0	1.842
31	5	0.2136	1	1	0.2136
31	5	1.816	0	0	1.816
31	5	1.778	0	0	1.778
31	5	1.767	1	1	1.767
31	5	3.521	0	0	3.521
31	5	1.738	1	1	1.738
31	5	5.106	0	0	5.106
31	5	3.668	1	1	3.668
31	5	5.264	1	1	5.264
31	5	3.773	1	1	3.773
31	5	0.9364	1	1	0.9364
31	5	2.082	1	0	2.082
31	5	0.494	0	0	0.494
31	5	0.8734	1	1	0.8734
31	5	1.365	0	0	1.365
31	5	0.7482	0	0	0.7482
31	5	0.695	1	0	0.695
31	5	3.653	0	0	3.653
31	5	2.19	1	1	2.19
31	5	3.732	1	1	3.732
31	5	0.7001	1	0	0.7001
31	5	1.903	1	1	1.903
31	5	0.8908	0	0	0.8908
31	5	0.993	0	0	0.993
31	5	0.3398	0	1	0.3398
31	5	1.833	0	0	1.833
31	5	0.2964	0	0	0.2964
31	5	0.2593	0	1	0.2593
31	5	3.777	1	1	3.777
31	5	3.707	1	1	3.707
31	5	5.143	1	1	5.143
31	5	3.713	1	1	3.713
31	5	5.484	1	1	5.484
31	5	0.774	0	0	0.774
31	5	0.8806	0	0	0.8806
31	5	0.8807	1	0	0.8807
31	5	0.7946	1	1	0.7946
31	5	0.4719	0	0	0.4719
31	5	0.8046	1	1	0.8046
31	5	3.591	0	0	3.591
31	5	5.349	0	0	5.349
31	5	0.7539	0	0	0.7539
31	5	0.6982	0	1	0.6982
31	5	5.576	0	0	5.576
31	5	5.565	1	1	5.565
31	5	3.773	1	1	3.773
31	5	5.524	0	0	5.524
32	5	0.7317	1	1	0.7317
32	5	5.185	0	0	5.185
32	5	5.28	0	0	5.28
32	5	5.334	0	0	5.334
32	5	0.5168	1	1	0.5168
32	5	2.07	1	1	2.07
32	5	3.693	0	0	3.693
32	5	3.919	0	0	3.919
32	5	1.811	1	1	1.811
32	5	0.6232	1	1	0.6232
32	5	0.5179	0	1	0.5179
32	5	1.847	0	0	1.847
32	5	0.7374	1	1	0.7374
32	5	5.248	0	0	5.248
32	5	1.081	1	1	1.081
32	5	3.836	0	0	3.836
32	5	1.059	0	0	1.059
32	5	3.222	0	0	3.222
32	5	0.8052	1	1	0.8052
32	5	0.6185	0	1	0.6185
32	5	0.3825	0	0	0.3825
32	5	3.78	0	0	3.78
32	5	0.5122	0	0	0.5122
32	5	0.2134	0	0	0.2134
32	5	0.5796	0	0	0.5796
32	5	0.2136	0	1	0.2136
32	5	3.383	1	1	3.383
32	5	1.08	0	0	1.08
32	5	5.326	0	0	5.326
32	5	3.835	1	1	3.835
32	5	1.064	0	0	1.064
32	5	1.762	1	1	1.762
32	5	1.799	1	1	1.799
32	5	5.417	0	0	5.417
32	5	5.305	1	1	5.305
32	5	5.577	1	1	5.577
32	5	5.476	0	0	5.476
32	5	1.828	1	1	1.828
32	5	3.512	1	1	3.512
32	5	0.4448	1	1	0.4448
32	5	2.103	1	1	2.103
32	5	0.8544	1	0	0.8544
32	5	2.093	1	1	2.093
32	5	5.416	0	0	5.416
32	5	1.799	1	1	1.799
32	5	3.679	1	1	3.679
32	5	0.6159	0	1	0.6159
32	5	1.896	1	1	1.896
32	5	0.842	1	1	0.842
32	5	3.647	1	1	3.647
33	5	1.565	0	0	1.565
33	5	5.198	1	1	5.198
33	5	0.3366	1	0	0.3366
33	5	1.853	1	1	1.853
33	5	1.156	0	0	1.156
33	5	1.032	1	0	1.032
33	5	2.003	0	0	2.003
33	5	3.488	0	0	3.488
33	5	0.8052	1	1	0.8052
33	5	3.368	0	0	3.368
33	5	5.181	0	0	5.181
33	5	2.243	1	1	2.243
33	5	0.6823	1	1	0.6823
33	5	5.108	1	1	5.108
33	5	2.019	0	0	2.019
33	5	5.327	0	0	5.327
33	5	3.559	1	1	3.559
33	5	3.677	0	0	3.677
33	5	3.223	0	0	3.223
33	5	1.674	0	0	1.674
33	5	0.8095	0	0	0.8095
33	5	3.601	0	0	3.601
33	5	0.3419	1	1	0.3419
33	5	3.744	1	1	3.744
33	5	5.239	1	1	5.239
33	5	5.217	1	1	5.217
33	5	2.14	0	0	2.14
33	5	5.294	0	0	5.294
33	5	1.107	1	1	1.107
33	5	0.822	0	0	0.822
33	5	0.3121	1	1	0.3121
33	5	5.54	0	0	5.54
33	5	1.003	0	0	1.003
33	5	5.229	0	0	5.229
33	5	0.64	0	0	0.64
33	5	1.623	0	0	1.623
33	5	1.738	1	1	1.738
33	5	0.9876	1	1	0.9876
33	5	1.616	0	0	1.616
33	5	0.9139	1	1	0.9139
33	5	3.496	1	1	3.496
33	5	0.18	0	0	0.18
33	5	1.148	1	1	1.148
33	5	3.538	1	1	3.538
33	5	5.452	1	1	5.452
33	5	0.4667	0	0	0.4667
33	5	0.3673	1	0	0.3673
33	5	3.36	1	1	3.36
33	5	0.2851	0	0	0.2851
34	5	0.8061	0	0	0.8061
34	5	0.1453	0	1	0.1453
34	5	5.659	1	1	5.659
34	5	0.4272	1	0	0.4272
34	5	3.687	1	1	3.687
34	5	0.589	1	0	0.589
34	5	1.769	1	1	1.769
34	5	5.301	0	0	5.301
34	5	0.7506	0	0	0.7506
34	5	1.945	1	1	1.945
34	5	0.7333	0	0	0.7333
34	5	0.3031	1	0	0.3031
34	5	0.7717	1	1	0.7717
34	5	1.057	1	1	1.057
34	5	1.811	0	0	1.811
34	5	0.7029	0	0	0.7029
34	5	0.4899	1	0	0.4899
34	5	5.336	0	0	5.336
34	5	0.2268	1	0	0.2268
34	5	5.399	0	0	5.399
34	5	1.716	1	1	1.716
34	5	0.9995	0	0	0.9995
34	5	0.9257	0	0	0.9257
34	5	5.563	0	0	5.563
34	5	3.425	0	0	3.425
34	5	5.317	0	0	5.317
34	5	1.751	1	1	1.751
34	5	3.479	0	0	3.479
34	5	1.807	0	0	1.807
34	5	0.7239	1	1	0.7239
34	5	1.785	0	0	1.785
34	5	1.697	0	0	1.697
34	5	0.8406	1	1	0.8406
34	5	3.825	0	0	3.825
34	5	0.4146	1	0	0.4146
34	5	0.5427	1	1	0.5427
34	5	1.054	1	1	1.054
34	5	3.477	1	1	3.477
34	5	1.762	0	0	1.762
34	5	5.456	1	1	5.456
34	5	0.3932	1	0	0.3932
34	5	1.74	1	0	1.74
34	5	3.79	1	1	3.79
34	5	3.734	0	0	3.734
34	5	5.271	1	1	5.271
34	5	3.825	0	0	3.825
34	5	3.634	0	0	3.634
34	5	5.514	0	0	5.514
34	5	3.838	1	1	3.838
34	5	5.542	1	1	5.542
35	5	0.8588	1	0	0.8588
35	5	5.983	0	0	5.983
35	5	0.5019	0	0	0.5019
35	5	0.5327	1	1	0.5327
35	5	0.5702	1	0	0.5702
35	5	1.076	1	0	1.076
35	5	3.061	0	0	3.061
35	5	5.012	1	1	5.012
35	5	0.8682	0	0	0.8682
35	5	1.641	0	0	1.641
35	5	5.629	1	1	5.629
35	5	0.7714	0	0	0.7714
35	5	0.5354	1	0	0.5354
35	5	1.747	0	0	1.747
35	5	5.568	1	1	5.568
35	5	5.291	0	0	5.291
35	5	1.693	0	0	1.693
35	5	1.805	0	0	1.805
35	5	0.6985	1	0	0.6985
35	5	3.473	0	0	3.473
35	5	0.7254	0	0	0.7254
35	5	0.4429	0	0	0.4429
35	5	3.816	1	1	3.816
35	5	5.333	0	0	5.333
35	5	0.956	0	0	0.956
35	5	3.307	1	1	3.307
35	5	3.456	1	1	3.456
35	5	1.709	1	1	1.709
35	5	3.413	1	1	3.413
35	5	0.7355	1	1	0.7355
35	5	1.61	1	1	1.61
35	5	3.498	1	1	3.498
35	5	0.5082	0	0	0.5082
35	5	0.4851	0	0	0.4851
35	5	3.672	1	1	3.672
35	5	1.884	1	1	1.884
35	5	3.327	0	0	3.327
35	5	0.8292	1	1	0.8292
35	5	5.178	0	0	5.178
35	5	5.104	1	1	5.104
35	5	5.546	1	1	5.546
35	5	0.8674	0	0	0.8674
35	5	1.627	0	0	1.627
35	5	0.7291	0	0	0.7291
35	5	1.711	1	1	1.711
35	5	5.424	0	0	5.424
35	5	0.3623	0	0	0.3623
35	5	1.353	0	0	1.353
35	5	1.586	0	0	1.586
35	5	3.445	1	1	3.445
36	5	0.1095	0	0	0.1095
36	5	1.617	0	0	1.617
36	5	0.8399	0	0	0.8399
36	5	5.266	1	1	5.266
36	5	0.4606	1	0	0.4606
36	5	0.5323	0	0	0.5323
36	5	3.878	0	0	3.878
36	5	0.4012	1	1	0.4012
36	5	3.276	1	1	3.276
36	5	5.417	0	0	5.417
36	5	1.081	0	0	1.081
36	5	0.3452	0	0	0.3452
36	5	3.682	1	1	3.682
36	5	5.651	1	1	5.651
36	5	1.699	1	1	1.699
36	5	3.717	1	1	3.717
36	5	0.2886	0	0	0.2886
36	5	3.491	0	0	3.491
36	5	0.4583	0	0	0.4583
36	5	0.8409	1	0	0.8409
36	5	4.957	1	1	4.957
36	5	3.139	0	0	3.139
36	5	1.185	1	0	1.185
36	5	1.992	0	0	1.992
36	5	0.6284	0	0	0.6284
36	5	1.941	1	0	1.941
36	5	0.6239	0	0	0.6239
36	5	0.7165	1	1	0.7165
36	5	5.324	1	1	5.324
36	5	0.3933	1	1	0.3933
36	5	1.917	0	0	1.917
36	5	1.626	1	1	1.626
36	5	5.653	1	1	5.653
36	5	3.564	0	0	3.564
36	5	0.9873	1	0	0.9873
36	5	5.174	0	0	5.174
36	5	1.847	1	1	1.847
36	5	1.104	0	0	1.104
36	5	3.592	0	0	3.592
36	5	5.6	0	0	5.6
36	5	0.1106	1	0	0.1106
36	5	1.989	1	1	1.989
36	5	3.264	0	0	3.264
36	5	0.9854	0	0	0.9854
36	5	5.223	0	0	5.223
36	5	5.519	0	0	5.519
36	5	1.67	1	1	1.67
36	5	3.651	0	0	3.651
36	5	0.6515	1	1	0.6515
36	5	2.17	1	1	2.17
37	5	0.6782	0	0	0.6782
37	5	0.5669	1	0	0.5669
37	5	3.227	1	1	3.227
37	5	1.713	0	0	1.713
37	5	1.943	0	0	1.943
37	5	0.2019	1	0	0.2019
37	5	5.584	0	0	5.584
37	5	1.712	0	1	1.712
37	5	3.863	0	0	3.863
37	5	0.9775	1	1	0.9775
37	5	0.9101	1	0	0.9101
37	5	0.8688	0	0	0.8688
37	5	5.422	0	0	5.422
37	5	5.273	0	0	5.273
37	5	3.457	1	1	3.457
37	5	0.5528	1	0	0.5528
37	5	1.712	1	1	1.712
37	5	5.168	0	0	5.168
37	5	3.863	0	0	3.863
37	5	0.5633	0	0	0.5633
37	5	0.3383	0	0	0.3383
37	5	0.8634	1	1	0.8634
37	5	5.337	0	0	5.337
37	5	0.6223	1	1	0.6223
37	5	1.897	1	1	1.897
37	5	3.365	1	1	3.365
37	5	0.9982	1	1	0.9982
37	5	1.291	1	1	1.291
37	5	0.452	0	0	0.452
37	5	0.682	1	1	0.682
37	5	5.661	1	1	5.661
37	5	3.438	0	0	3.438
37	5	5.122	1	1	5.122
37	5	1.619	1	1	1.619
37	5	5.178	1	1	5.178
37	5	0.8883	1	1	0.8883
37	5	3.733	0	0	3.733
37	5	2.128	0	0	2.128
37	5	0.6585	0	0	0.6585
37	5	1.758	1	1	1.758
37	5	0.1858	0	0	0.1858
37	5	1.039	1	1	1.039
37	5	3.555	0	0	3.555
37	5	3.526	0	0	3.526
37	5	0.7686	1	0	0.7686
37	5	1.595	0	0	1.595
37	5	3.701	1	1	3.701
37	5	1.703	0	0	1.703
37	5	5.33	0	0	5.33
37	5	5.281	1	1	5.281
38	5	1.565	1	1	1.565
38	5	3.44	1	1	3.44
38	5	3.583	1	1	3.583
38	5	1.532	1	0	1.532
38	5	1.884	0	0	1.884
38	5	1.612	0	0	1.612
38	5	5.828	0	0	5.828
38	5	5.303	1	1	5.303
38	5	1.011	0	0	1.011
38	5	0.3875	0	0	0.3875
38	5	5.562	0	0	5.562
38	5	0.5434	1	1	0.5434
38	5	3.59	1	1	3.59
38	5	1.882	0	0	1.882
38	5	1.005	0	1	1.005
38	5	1.112	1	1	1.112
38	5	3.397	1	1	3.397
38	5	3.729	0	0	3.729
38	5	1.743	1	1	1.743
38	5	0.5581	0	0	0.5581
38	5	5.522	1	1	5.522
38	5	5.413	1	1	5.413
38	5	0.8047	0	0	0.8047
38	5	0.492	1	0	0.492
38	5	3.731	0	0	3.731
38	5	1.995	0	0	1.995
38	5	0.5642	1	1	0.5642
38	5	5.699	0	0	5.699
38	5	1.868	1	1	1.868
38	5	0.3915	0	0	0.3915
38	5	3.761	0	0	3.761
38	5	1.491	1	1	1.491
38	5	3.467	1	1	3.467
38	5	0.7916	1	0	0.7916
38	5	0.2718	0	0	0.2718
38	5	0.9069	0	0	0.9069
38	5	0.5107	0	1	0.5107
38	5	5.428	0	0	5.428
38	5	0.7748	1	1	0.7748
38	5	5.575	1	1	5.575
38	5	0.5094	1	1	0.5094
38	5	3.095	0	0	3.095
38	5	5.268	0	0	5.268
38	5	1.02	0	0	1.02
38	5	3.346	1	1	3.346
38	5	4.986	1	1	4.986
38	5	1.018	0	0	1.018
38	5	0.9085	1	1	0.9085
39	5	5.703	1	1	5.703
39	5	5.44	0	0	5.44
39	5	5.65	1	1	5.65
39	5	0.6902	1	0	0.6902
39	5	3.585	1	1	3.585
39	5	0.6003	1	1	0.6003
39	5	0.5159	0	1	0.5159
39	5	2.087	1	1	2.087
39	5	1.047	0	0	1.047
39	5	0.8409	0	1	0.8409
39	5	2.034	1	1	2.034
39	5	1.369	1	1	1.369
39	5	0.4769	1	1	0.4769
39	5	5.317	0	0	5.317
39	5	1.126	0	0	1.126
39	5	3.486	1	1	3.486
39	5	3.606	1	1	3.606
39	5	1.532	0	0	1.532
39	5	0.4083	0	0	0.4083
39	5	2.005	1	1	2.005
39	5	0.8704	1	1	0.8704
39	5	0.6877	0	0	0.6877
39	5	0.6562	1	0	0.6562
39	5	3.884	1	1	3.884
39	5	3.447	0	0	3.447
39	5	0.9552	1	1	0.9552
39	5	0.62	1	1	0.62
39	5	3.828	1	1	3.828
39	5	3.728	1	1	3.728
39	5	3.621	0	0	3.621
39	5	5.248	1	1	5.248
39	5	0.4297	0	0	0.4297
39	5	0.7002	0	0	0.7002
39	5	0.466	1	0	0.466
39	5	0.5928	0	0	0.5928
39	5	5.431	0	0	5.431
39	5	3.36	0	0	3.36
39	5	1.985	0	0	1.985
39	5	0.6471	0	0	0.6471
39	5	3.457	1	1	3.457
39	5	5.432	1	1	5.432
39	5	1.32	0	1	1.32
39	5	0.2441	0	0	0.2441
39	5	1.743	0	0	1.743
39	5	1.629	0	0	1.629
39	5	5.469	0	0	5.469
39	5	1.666	1	1	1.666
39	5	5.395	0	0	5.395
39	5	5.214	1	1	5.214
39	5	1.537	1	0	1.537
40	6	1.049	0	1	1.049
40	6	5.426	0	0	5.426
40	6	5.084	0	0	5.084
40	6	3.609	1	1	3.609
40	6	1.228	0	1	1.228
40	6	0.5269	1	1	0.5269
40	6	0.5643	0	1	0.5643
40	6	2.029	0	1	2.029
40	6	3.663	1	1	3.663
40	6	3.753	1	1	3.753
40	6	5.397	1	1	5.397
40	6	0.9427	1	1	0.9427
40	6	3.491	1	1	3.491
40	6	1.755	0	0	1.755
40	6	0.6816	1	1	0.6816
40	6	1.213	1	1	1.213
40	6	5.572	0	0	5.572
40	6	3.427	1	1	3.427
40	6	0.7368	1	1	0.7368
40	6	1.936	0	0	1.936
40	6	0.6388	0	0	0.6388
40	6	5.197	0	0	5.197
40	6	0.9547	0	0	0.9547
40	6	3.3	1	1	3.3
40	6	3.839	1	1	3.839
40	6	2.036	1	1	2.036
40	6	1.576	0	0	1.576
40	6	3.884	1	1	3.884
40	6	0.8423	0	0	0.8423
40	6	1.556	0	0	1.556
40	6	0.4845	0	0	0.4845
40	6	1.018	1	1	1.018
40	6	1.215	1	0	1.215
40	6	5.362	1	1	5.362
40	6	0.6835	0	0	0.6835
40	6	3.661	1	1	3.661
40	6	3.495	0	0	3.495
40	6	1.744	0	0	1.744
40	6	0.3723	1	1	0.3723
40	6	5.543	1	1	5.543
40	6	1.055	1	0	1.055
40	6	0.5661	0	0	0.5661
40	6	5.362	1	1	5.362
40	6	5.454	0	0	5.454
40	6	1.926	0	0	1.926
40	6	1.698	1	1	1.698
40	6	1.533	0	0	1.533
40	6	0.9325	0	0	0.9325
40	6	0.5942	1	1	0.5942
41	6	5.266	0	0	5.266
41	6	5.558	1	1	5.558
41	6	1.588	0	0	1.588
41	6	0.5239	1	1	0.5239
41	6	2.172	0	0	2.172
41	6	1.579	0	0	1.579
41	6	1.257	1	1	1.257
41	6	3.478	0	0	3.478
41	6	1.714	1	1	1.714
41	6	5.445	0	0	5.445
41	6	3.845	1	1	3.845
41	6	5.532	1	1	5.532
41	6	3.649	1	1	3.649
41	6	1.07	1	1	1.07
41	6	1.975	1	1	1.975
41	6	0.3058	0	0	0.3058
41	6	0.1087	1	1	0.1087
41	6	1.382	0	0	1.382
41	6	1.039	0	0	1.039
41	6	0.3396	1	0	0.3396
41	6	3.478	0	0	3.478
41	6	1.834	1	0	1.834
41	6	3.239	1	1	3.239
41	6	1.048	1	0	1.048
41	6	1.998	1	1	1.998
41	6	0.7388	0	0	0.7388
41	6	0.2694	0	0	0.2694
41	6	0.4736	0	0	0.4736
41	6	1.846	0	1	1.846
41	6	0.7042	0	0	0.7042
41	6	0.493	0	1	0.493
41	6	3.575	1	1	3.575
41	6	3.661	1	1	3.661
41	6	5.328	1	1	5.328
41	6	3.753	1	1	3.753
41	6	5.571	1	1	5.571
41	6	0.6532	0	0	0.6532
41	6	0.8292	0	0	0.8292
41	6	0.7852	1	0	0.7852
41	6	0.6053	1	1	0.6053
41	6	1.167	0	0	1.167
41	6	1.103	1	1	1.103
41	6	3.658	0	0	3.658
41	6	5.386	0	0	5.386
41	6	0.3243	0	0	0.3243
41	6	1.084	0	0	1.084
41	6	5.154	0	0	5.154
41	6	4.898	1	1	4.898
41	6	3.787	1	1	3.787
41	6	5.576	0	0	5.576
42	6	0.4025	1	1	0.4025
42	6	5.28	0	0	5.28
42	6	5.298	0	0	5.298
42	6	5.216	0	0	5.216
42	6	0.2566	1	0	0.2566
42	6	1.676	1	1	1.676
42	6	3.784	0	0	3.784
42	6	3.487	0	0	3.487
42	6	2.04	1	1	2.04
42	6	0.5751	1	1	0.5751
42	6	0.5089	0	0	0.5089
42	6	1.876	0	0	1.876
42	6	0.6639	1	1	0.6639
42	6	5.382	0	0	5.382
42	6	0.6667	1	1	0.6667
42	6	3.595	0	0	3.595
42	6	0.7229	0	0	0.7229
42	6	3.685	0	0	3.685
42	6	1.018	1	0	1.018
42	6	0.7276	0	0	0.7276
42	6	0.6734	0	0	0.6734
42	6	3.567	0	0	3.567
42	6	0.8503	0	0	0.8503
42	6	0.3355	0	0	0.3355
42	6	0.8846	0	0	0.8846
42	6	0.6062	0	0	0.6062
42	6	3.774	1	1	3.774
42	6	0.7066	0	1	0.7066
42	6	5.386	0	0	5.386
42	6	3.472	1	1	3.472
42	6	0.9326	0	0	0.9326
42	6	1.542	1	1	1.542
42	6	1.93	1	1	1.93
42	6	5.119	0	0	5.119
42	6	5.544	1	1	5.544
42	6	5.548	1	1	5.548
42	6	5.603	0	0	5.603
42	6	1.615	1	1	1.615
42	6	3.612	1	1	3.612
42	6	0.5487	1	0	0.5487
42	6	1.669	1	1	1.669
42	6	1.124	1	1	1.124
42	6	1.618	1	1	1.618
42	6	5.29	0	0	5.29
42	6	1.915	1	1	1.915
42	6	3.801	1	1	3.801
42	6	0.8556	0	0	0.8556
42	6	1.631	1	1	1.631
42	6	0.5685	1	0	0.5685
42	6	4.019	1	1	4.019
43	6	0.177	1	1	0.177
43	6	1.972	0	0	1.972
43	6	5.256	1	1	5.256
43	6	0.6245	1	0	0.6245
43	6	2.006	1	1	2.006
43	6	1.189	0	0	1.189
43	6	0.7207	1	1	0.7207
43	6	1.89	0	0	1.89
43	6	3.61	0	0	3.61
43	6	1.141	1	1	1.141
43	6	3.486	0	0	3.486
43	6	4.907	0	0	4.907
43	6	2.148	1	1	2.148
43	6	0.4655	1	1	0.4655
43	6	5.153	1	1	5.153
43	6	1.611	0	0	1.611
43	6	5.361	0	0	5.361
43	6	3.328	1	1	3.328
43	6	3.635	0	0	3.635
43	6	3.749	0	0	3.749
43	6	1.791	0	0	1.791
43	6	1.068	0	0	1.068
43	6	3.85	0	0	3.85
43	6	0.4453	1	1	0.4453
43	6	3.809	1	1	3.809
43	6	5.522	1	1	5.522
43	6	5.245	1	1	5.245
43	6	1.783	0	0	1.783
43	6	5.133	0	0	5.133
43	6	0.925	1	1	0.925
43	6	1.054	0	0	1.054
43	6	0.4088	1	1	0.4088
43	6	5.85	0	0	5.85
43	6	0.984	0	0	0.984
43	6	5.238	0	0	5.238
43	6	0.5284	0	0	0.5284
43	6	1.893	0	0	1.893
43	6	1.918	1	1	1.918
43	6	0.8038	1	1	0.8038
43	6	1.757	0	0	1.757
43	6	0.9901	1	1	0.9901
43	6	3.284	1	1	3.284
43	6	0.6913	0	1	0.6913
43	6	1.031	1	1	1.031
43	6	4.058	1	1	4.058
43	6	5.412	1	1	5.412
43	6	0.5211	0	1	0.5211
43	6	0.3567	1	0	0.3567
43	6	3.707	1	1	3.707
43	6	0.6208	0	0	0.6208
44	6	1.023	0	0	1.023
44	6	0.4419	0	0	0.4419
44	6	5.129	1	1	5.129
44	6	0.5918	1	0	0.5918
44	6	3.526	1	1	3.526
44	6	0.5794	1	0	0.5794
44	6	1.877	1	1	1.877
44	6	5.469	0	0	5.469
44	6	0.8187	0	0	0.8187
44	6	1.658	1	1	1.658
44	6	0.7589	0	0	0.7589
44	6	0.2451	1	1	0.2451
44	6	0.5882	1	0	0.5882
44	6	1.165	1	1	1.165
44	6	1.902	0	0	1.902
44	6	0.4372	0	1	0.4372
44	6	0.4373	1	1	0.4373
44	6	5.674	0	0	5.674
44	6	0.4612	1	1	0.4612
44	6	5.201	0	0	5.201
44	6	1.762	1	1	1.762
44	6	0.6292	0	0	0.6292
44	6	1.036	0	0	1.036
44	6	5.037	0	0	5.037
44	6	3.171	0	0	3.171
44	6	5.297	0	0	5.297
44	6	1.69	1	1	1.69
44	6	3.418	0	0	3.418
44	6	2.014	0	0	2.014
44	6	0.7277	1	1	0.7277
44	6	1.717	0	0	1.717
44	6	1.732	0	0	1.732
44	6	0.7955	1	1	0.7955
44	6	3.611	0	0	3.611
44	6	0.6456	1	0	0.6456
44	6	0.9377	1	1	0.9377
44	6	0.8537	1	1	0.8537
44	6	3.741	1	1	3.741
44	6	1.982	0	0	1.982
44	6	5.56	1	1	5.56
44	6	0.542	1	1	0.542
44	6	1.539	1	1	1.539
44	6	3.659	1	1	3.659
44	6	3.322	0	0	3.322
44	6	5.581	1	1	5.581
44	6	3.307	0	0	3.307
44	6	3.423	0	0	3.423
44	6	5.441	0	0	5.441
44	6	3.591	1	1	3.591
44	6	5.015	1	1	5.015
45	6	0.586	1	1	0.586
45	6	5.191	0	0	5.191
45	6	0.1115	0	1	0.1115
45	6	0.486	1	1	0.486
45	6	0.618	1	0	0.618
45	6	0.8348	1	1	0.8348
45	6	3.65	0	0	3.65
45	6	5.183	1	1	5.183
45	6	0.7702	0	0	0.7702
45	6	2.03	0	0	2.03
45	6	5.438	1	1	5.438
45	6	0.909	0	0	0.909
45	6	0.5521	1	0	0.5521
45	6	1.323	0	0	1.323
45	6	5.37	1	1	5.37
45	6	4.908	0	0	4.908
45	6	1.905	0	0	1.905
45	6	1.498	0	0	1.498
45	6	1.001	1	1	1.001
45	6	3.784	0	0	3.784
45	6	0.94	0	0	0.94
45	6	0.6739	0	0	0.6739
45	6	3.659	1	1	3.659
45	6	5.585	0	0	5.585
45	6	0.8085	0	0	0.8085
45	6	3.678	1	1	3.678
45	6	3.672	1	1	3.672
45	6	1.646	1	1	1.646
45	6	3.823	1	1	3.823
45	6	0.6566	1	1	0.6566
45	6	1.634	1	0	1.634
45	6	3.983	1	1	3.983
45	6	0.259	0	0	0.259
45	6	0.5407	0	1	0.5407
45	6	3.752	1	1	3.752
45	6	1.864	1	1	1.864
45	6	3.697	0	0	3.697
45	6	0.4758	1	0	0.4758
45	6	5.117	0	0	5.117
45	6	5.335	1	1	5.335
45	6	5.554	1	1	5.554
45	6	0.9599	0	0	0.9599
45	6	1.845	0	0	1.845
45	6	0.8741	0	0	0.8741
45	6	1.68	1	1	1.68
45	6	5.378	0	0	5.378
45	6	0.604	0	1	0.604
45	6	1.205	0	0	1.205
45	6	2.051	0	0	2.051
45	6	3.267	1	1	3.267
46	6	0.3984	0	1	0.3984
46	6	1.554	0	0	1.554
46	6	0.2922	0	1	0.2922
46	6	5.505	1	1	5.505
46	6	1.168	1	1	1.168
46	6	0.8015	0	0	0.8015
46	6	3.255	0	0	3.255
46	6	0.3399	1	0	0.3399
46	6	3.568	1	1	3.568
46	6	5.39	0	0	5.39
46	6	0.6946	0	0	0.6946
46	6	0.6183	0	0	0.6183
46	6	3.315	1	1	3.315
46	6	5.49	1	1	5.49
46	6	1.922	1	1	1.922
46	6	3.589	1	1	3.589
46	6	0.4789	0	1	0.4789
46	6	3.294	0	0	3.294
46	6	0.6618	0	0	0.6618
46	6	0.6573	1	1	0.6573
46	6	5.447	1	1	5.447
46	6	3.624	0	0	3.624
46	6	0.9559	1	0	0.9559
46	6	1.528	0	0	1.528
46	6	0.2036	0	0	0.2036
46	6	1.547	1	1	1.547
46	6	1.074	0	1	1.074
46	6	1.106	1	1	1.106
46	6	5.59	1	1	5.59
46	6	0.3972	1	1	0.3972
46	6	1.989	0	0	1.989
46	6	1.559	1	1	1.559
46	6	5.368	1	1	5.368
46	6	3.242	0	0	3.242
46	6	1.275	1	0	1.275
46	6	5.45	0	0	5.45
46	6	2.095	1	1	2.095
46	6	1.123	0	1	1.123
46	6	3.497	0	0	3.497
46	6	5.373	0	0	5.373
46	6	0.722	1	1	0.722
46	6	1.94	1	1	1.94
46	6	3.517	0	0	3.517
46	6	1.104	0	0	1.104
46	6	5.386	0	0	5.386
46	6	5.626	0	0	5.626
46	6	1.529	1	1	1.529
46	6	3.372	0	0	3.372
46	6	0.4382	1	1	0.4382
46	6	1.749	1	1	1.749
47	6	0.8397	0	0	0.8397
47	6	0.407	1	1	0.407
47	6	3.663	1	1	3.663
47	6	2.096	0	0	2.096
47	6	1.637	0	0	1.637
47	6	0.2485	1	1	0.2485
47	6	5.495	0	0	5.495
47	6	1.621	0	0	1.621
47	6	3.506	0	0	3.506
47	6	0.7332	1	0	0.7332
47	6	1.205	1	1	1.205
47	6	0.9951	0	1	0.9951
47	6	5.297	0	0	5.297
47	6	5.61	0	0	5.61
47	6	3.115	1	1	3.115
47	6	0.5688	1	1	0.5688
47	6	1.617	1	1	1.617
47	6	5.436	0	0	5.436
47	6	3.476	0	0	3.476
47	6	0.2069	1	0	0.2069
47	6	0.3218	0	1	0.3218
47	6	0.3545	1	1	0.3545
47	6	5.042	0	0	5.042
47	6	0.8479	1	1	0.8479
47	6	1.603	1	1	1.603
47	6	3.601	1	1	3.601
47	6	1.154	1	1	1.154
47	6	0.8462	1	1	0.8462
47	6	0.1605	0	1	0.1605
47	6	0.7259	1	1	0.7259
47	6	5.393	1	1	5.393
47	6	3.81	0	0	3.81
47	6	5.266	1	1	5.266
47	6	1.769	1	1	1.769
47	6	5.205	1	1	5.205
47	6	1	1	0	1
47	6	3.618	0	0	3.618
47	6	1.836	0	0	1.836
47	6	0.3462	0	1	0.3462
47	6	1.923	1	0	1.923
47	6	0.22	0	0	0.22
47	6	0.9135	1	1	0.9135
47	6	3.564	0	0	3.564
47	6	3.344	0	0	3.344
47	6	0.393	1	0	0.393
47	6	1.753	0	0	1.753
47	6	3.895	1	1	3.895
47	6	1.879	0	0	1.879
47	6	5.389	0	0	5.389
47	6	5.266	1	1	5.266
48	6	1.685	1	1	1.685
48	6	3.636	1	1	3.636
48	6	0.4072	1	1	0.4072
48	6	1.82	1	1	1.82
48	6	3.551	1	1	3.551
48	6	1.841	1	1	1.841
48	6	1.906	0	0	1.906
48	6	1.874	0	0	1.874
48	6	5.534	0	0	5.534
48	6	5.536	1	1	5.536
48	6	0.9087	0	0	0.9087
48	6	0.4903	0	0	0.4903
48	6	5.293	0	0	5.293
48	6	0.4847	1	1	0.4847
48	6	3.623	1	1	3.623
48	6	1.483	0	0	1.483
48	6	0.8056	0	0	0.8056
48	6	0.8828	1	1	0.8828
48	6	3.623	1	1	3.623
48	6	3.733	0	0	3.733
48	6	1.661	1	1	1.661
48	6	0.5744	0	0	0.5744
48	6	5.224	1	1	5.224
48	6	5.247	1	1	5.247
48	6	1.15	0	0	1.15
48	6	0.5148	1	0	0.5148
48	6	3.792	0	0	3.792
48	6	1.69	0	1	1.69
48	6	0.6338	1	1	0.6338
48	6	5.37	0	0	5.37
48	6	1.745	1	1	1.745
48	6	0.2018	0	0	0.2018
48	6	3.406	0	0	3.406
48	6	2.114	1	1	2.114
48	6	3.625	1	1	3.625
48	6	0.5171	1	1	0.5171
48	6	0.2246	0	0	0.2246
48	6	0.8234	0	0	0.8234
48	6	0.2225	0	0	0.2225
48	6	5.681	0	0	5.681
48	6	0.7762	1	1	0.7762
48	6	5.682	1	1	5.682
48	6	0.9849	1	0	0.9849
48	6	3.568	0	0	3.568
48	6	5.238	0	0	5.238
48	6	1.161	0	0	1.161
48	6	3.69	1	1	3.69
48	6	5.383	1	1	5.383
48	6	0.9321	0	0	0.9321
48	6	0.9365	1	0	0.9365
49	6	5.592	1	1	5.592
49	6	5.294	0	0	5.294
49	6	5.281	1	1	5.281
49	6	0.4846	1	1	0.4846
49	6	3.626	1	1	3.626
49	6	0.5998	1	1	0.5998
49	6	0.3799	0	0	0.3799
49	6	1.603	1	1	1.603
49	6	0.9936	0	0	0.9936
49	6	1.082	0	0	1.082
49	6	1.839	1	1	1.839
49	6	1.727	1	1	1.727
49	6	0.4908	1	1	0.4908
49	6	5.607	0	0	5.607
49	6	1.392	0	0	1.392
49	6	3.361	1	1	3.361
49	6	3.42	1	1	3.42
49	6	1.829	0	0	1.829
49	6	0.7075	0	0	0.7075
49	6	1.697	1	1	1.697
49	6	0.4802	1	1	0.4802
49	6	0.6063	0	0	0.6063
49	6	0.3791	1	0	0.3791
49	6	3.577	1	1	3.577
49	6	3.431	0	0	3.431
49	6	0.7453	1	1	0.7453
49	6	0.6425	1	1	0.6425
49	6	3.479	1	1	3.479
49	6	3.158	1	1	3.158
49	6	3.697	0	0	3.697
49	6	5.51	1	1	5.51
49	6	0.6689	0	1	0.6689
49	6	1.114	0	0	1.114
49	6	0.5664	1	1	0.5664
49	6	0.7473	0	1	0.7473
49	6	5.483	0	0	5.483
49	6	3.627	0	0	3.627
49	6	1.889	0	0	1.889
49	6	0.1823	0	0	0.1823
49	6	3.382	1	1	3.382
49	6	5.699	1	1	5.699
49	6	0.6589	0	0	0.6589
49	6	0.4251	0	1	0.4251
49	6	1.953	0	0	1.953
49	6	2.016	0	0	2.016
49	6	5.275	0	0	5.275
49	6	1.643	1	1	1.643
49	6	5.031	0	0	5.031
49	6	5.284	1	1	5.284
49	6	2.193	1	1	2.193
