0	2	5.362	0	0	5.362
0	2	3.788	1	1	3.788
0	2	3.503	0	0	3.503
0	2	5.797	0	0	5.797
0	2	5.361	0	0	5.361
0	2	1.141	0	1	1.141
0	2	1.793	1	1	1.793
0	2	3.661	1	1	3.661
0	2	0.5034	1	1	0.5034
0	2	5.326	1	1	5.326
0	2	0.243	0	0	0.243
0	2	3.821	0	0	3.821
0	2	0.4563	1	1	0.4563
0	2	3.377	1	1	3.377
0	2	0.8234	0	1	0.8234
0	2	1.794	0	1	1.794
0	2	1.132	0	1	1.132
0	2	5.017	1	0	5.017
0	2	0.9029	0	0	0.9029
0	2	0.5088	0	0	0.5088
0	2	6.037	1	1	6.037
0	2	0.1551	1	0	0.1551
0	2	0.4786	1	1	0.4786
0	2	2.205	0	0	2.205
0	2	1.083	0	0	1.083
0	2	3.739	1	1	3.739
0	2	5.159	1	0	5.159
0	2	1.252	1	0	1.252
0	2	0.2375	0	1	0.2375
0	2	5.175	0	0	5.175
0	2	0.9372	0	1	0.9372
0	2	3.571	0	1	3.571
0	2	0.4124	1	0	0.4124
0	2	0.01407	0	0	0.01407
0	2	1.832	0	0	1.832
0	2	1.874	1	0	1.874
0	2	0.242	1	1	0.242
0	2	0.8337	1	1	0.8337
0	2	3.451	1	1	3.451
0	2	1.522	0	1	1.522
0	2	0.9626	1	1	0.9626
0	2	1.695	0	0	1.695
0	2	3.846	1	1	3.846
0	2	1.591	0	1	1.591
0	2	1.015	1	1	1.015
0	2	3.96	1	1	3.96
0	2	5.342	0	0	5.342
0	2	5.203	0	0	5.203
0	2	2.003	1	1	2.003
0	2	2.098	0	1	2.098
1	2	1.153	0	0	1.153
1	2	0.3312	1	1	0.3312
1	2	0.1461	1	1	0.1461
1	2	5.596	0	0	5.596
1	2	5.519	0	1	5.519
1	2	0.8848	1	1	0.8848
1	2	0.4379	1	1	0.4379
1	2	3.986	1	1	3.986
1	2	0.2822	1	1	0.2822
1	2	0.3643	0	1	0.3643
1	2	1.091	0	1	1.091
1	2	1.706	0	0	1.706
1	2	5.596	1	1	5.596
1	2	5.161	0	1	5.161
1	2	5.35	0	0	5.35
1	2	3.766	1	1	3.766
1	2	0.7604	0	1	0.7604
1	2	3.583	1	1	3.583
1	2	1.738	1	1	1.738
1	2	1.86	1	1	1.86
1	2	5.361	0	0	5.361
1	2	3.663	1	0	3.663
1	2	0.4897	1	1	0.4897
1	2	3.667	0	0	3.667
1	2	1.741	0	0	1.741
1	2	5.169	0	0	5.169
1	2	1.036	1	0	1.036
1	2	3.27	0	0	3.27
1	2	2.202	1	1	2.202
1	2	1.625	1	1	1.625
1	2	3.506	0	1	3.506
1	2	1.693	0	1	1.693
1	2	0.5579	1	1	0.5579
1	2	5.434	1	1	5.434
1	2	0.7385	0	0	0.7385
1	2	1.918	1	1	1.918
1	2	0.4468	1	0	0.4468
1	2	0.6308	1	0	0.6308
1	2	5.428	0	0	5.428
1	2	0.7773	0	1	0.7773
1	2	1.77	1	0	1.77
1	2	5.442	1	1	5.442
1	2	0.892	0	0	0.892
1	2	0.4014	0	0	0.4014
1	2	3.885	0	0	3.885
1	2	0.5763	0	0	0.5763
1	2	1.26	1	1	1.26
1	2	3.598	1	1	3.598
1	2	2.116	0	1	2.116
1	2	4.007	1	1	4.007
2	2	0.5787	1	1	0.5787
2	2	1.953	0	0	1.953
2	2	3.485	1	1	3.485
2	2	3.329	1	1	3.329
2	2	0.6918	0	1	0.6918
2	2	0.4975	1	1	0.4975
2	2	0.3591	1	1	0.3591
2	2	1.515	1	1	1.515
2	2	5.357	1	1	5.357
2	2	0.6663	0	1	0.6663
2	2	1.645	0	1	1.645
2	2	0.3958	0	0	0.3958
2	2	3.562	0	0	3.562
2	2	2.021	0	0	2.021
2	2	5.409	1	1	5.409
2	2	1.671	0	0	1.671
2	2	0.888	1	0	0.888
2	2	0.9039	1	0	0.9039
2	2	1.497	0	1	1.497
2	2	5.264	0	0	5.264
2	2	0.814	0	1	0.814
2	2	5.39	1	0	5.39
2	2	4.853	0	0	4.853
2	2	5.327	1	0	5.327
2	2	0.9204	1	1	0.9204
2	2	0.7711	0	1	0.7711
2	2	3.401	0	1	3.401
2	2	0.2185	0	0	0.2185
2	2	0.5998	0	1	0.5998
2	2	0.576	0	0	0.576
2	2	3.405	1	1	3.405
2	2	5.498	0	0	5.498
2	2	3.59	1	0	3.59
2	2	3.62	0	1	3.62
2	2	0.7044	0	1	0.7044
2	2	1.761	0	1	1.761
2	2	0.9847	1	1	0.9847
2	2	1.934	1	1	1.934
2	2	0.4189	1	1	0.4189
2	2	0.8891	0	1	0.8891
2	2	5.372	0	0	5.372
2	2	3.544	1	1	3.544
2	2	5.489	1	1	5.489
2	2	0.7143	0	1	0.7143
2	2	1.778	1	1	1.778
2	2	2.076	1	0	2.076
2	2	5.312	1	1	5.312
2	2	3.451	0	1	3.451
2	2	3.181	1	1	3.181
2	2	0.5351	1	0	0.5351
3	2	3.882	0	0	3.882
3	2	0.3068	0	1	0.3068
3	2	5.507	0	0	5.507
3	2	3.314	1	1	3.314
3	2	5.329	1	1	5.329
3	2	0.9244	0	0	0.9244
3	2	2.212	1	0	2.212
3	2	1.904	1	1	1.904
3	2	3.701	0	0	3.701
3	2	1.139	0	0	1.139
3	2	1.611	1	0	1.611
3	2	3.383	1	1	3.383
3	2	2.146	0	1	2.146
3	2	0.8687	0	1	0.8687
3	2	1.801	1	1	1.801
3	2	5.792	1	1	5.792
3	2	5.506	0	0	5.506
3	2	0.716	0	0	0.716
3	2	0.4853	0	0	0.4853
3	2	0.8585	0	1	0.8585
3	2	3.252	0	0	3.252
3	2	0.7526	1	0	0.7526
3	2	3.293	1	1	3.293
3	2	3.868	0	0	3.868
3	2	1.803	1	1	1.803
3	2	0.7561	1	1	0.7561
3	2	0.9003	1	1	0.9003
3	2	0.6725	0	1	0.6725
3	2	5.48	1	1	5.48
3	2	0.07116	0	1	0.07116
3	2	5.178	0	1	5.178
3	2	0.4384	1	1	0.4384
3	2	5.535	0	1	5.535
3	2	5.368	1	1	5.368
3	2	5.251	1	1	5.251
3	2	0.6786	1	1	0.6786
3	2	2.083	0	1	2.083
3	2	0.4468	0	1	0.4468
3	2	1.817	0	1	1.817
3	2	1.122	1	1	1.122
3	2	3.174	1	1	3.174
3	2	1.526	1	1	1.526
3	2	3.596	0	1	3.596
3	2	3.92	1	0	3.92
3	2	0.8903	0	1	0.8903
3	2	0.5754	0	1	0.5754
3	2	0.6833	1	0	0.6833
3	2	0.1422	0	1	0.1422
3	2	5.625	1	1	5.625
3	2	1.738	1	0	1.738
4	2	0.5507	1	0	0.5507
4	2	0.2455	1	1	0.2455
4	2	5.467	1	1	5.467
4	2	0.6042	1	1	0.6042
4	2	0.6727	0	1	0.6727
4	2	5.234	1	1	5.234
4	2	3.372	0	0	3.372
4	2	1.877	1	1	1.877
4	2	1.903	0	1	1.903
4	2	0.7516	0	0	0.7516
4	2	5.413	0	0	5.413
4	2	1.076	1	0	1.076
4	2	3.74	1	1	3.74
4	2	1.949	0	0	1.949
4	2	1.633	1	1	1.633
4	2	5.564	0	1	5.564
4	2	3.853	0	0	3.853
4	2	3.751	1	1	3.751
4	2	0.5289	0	1	0.5289
4	2	1.551	0	0	1.551
4	2	0.4307	1	0	0.4307
4	2	1.317	1	1	1.317
4	2	0.5053	0	1	0.5053
4	2	3.768	0	1	3.768
4	2	0.7711	0	1	0.7711
4	2	3.253	0	0	3.253
4	2	3.563	0	1	3.563
4	2	0.4666	1	1	0.4666
4	2	1.163	1	0	1.163
4	2	1.961	0	1	1.961
4	2	1.296	1	1	1.296
4	2	1.954	0	1	1.954
4	2	0.8391	1	1	0.8391
4	2	3.697	1	1	3.697
4	2	1.796	0	1	1.796
4	2	5.626	1	1	5.626
4	2	0.4346	0	1	0.4346
4	2	5.616	0	0	5.616
4	2	3.867	0	0	3.867
4	2	0.5364	1	0	0.5364
4	2	3.238	1	1	3.238
4	2	5.277	1	1	5.277
4	2	1.025	0	1	1.025
4	2	0.4532	0	1	0.4532
4	2	5.012	1	1	5.012
4	2	0.8242	1	1	0.8242
4	2	5.385	0	0	5.385
4	2	0.8987	0	0	0.8987
4	2	0.9697	0	0	0.9697
4	2	5.543	1	0	5.543
5	2	0.7681	0	1	0.7681
5	2	1.835	1	1	1.835
5	2	0.7508	0	1	0.7508
5	2	5.987	1	1	5.987
5	2	3.608	1	1	3.608
5	2	1.254	1	1	1.254
5	2	0.934	1	1	0.934
5	2	1.984	0	1	1.984
5	2	0.98	1	0	0.98
5	2	1.09	0	1	1.09
5	2	3.997	0	1	3.997
5	2	3.267	1	1	3.267
5	2	1.778	1	1	1.778
5	2	5.721	0	1	5.721
5	2	1.246	1	0	1.246
5	2	0.2771	0	1	0.2771
5	2	0.6835	0	0	0.6835
5	2	0.6684	1	0	0.6684
5	2	0.8726	0	0	0.8726
5	2	5.25	0	0	5.25
5	2	1.74	0	0	1.74
5	2	1.8	1	0	1.8
5	2	5.302	1	1	5.302
5	2	4.981	1	1	4.981
5	2	0.358	0	1	0.358
5	2	1.734	0	1	1.734
5	2	5.313	0	0	5.313
5	2	0.6582	0	0	0.6582
5	2	4.195	0	0	4.195
5	2	2.064	0	0	2.064
5	2	0.3331	0	1	0.3331
5	2	0.1645	1	0	0.1645
5	2	2.31	1	1	2.31
5	2	0.6905	0	0	0.6905
5	2	1.687	1	1	1.687
5	2	0.6577	0	0	0.6577
5	2	3.532	1	0	3.532
5	2	5.447	0	0	5.447
5	2	0.7679	1	1	0.7679
5	2	4.918	1	1	4.918
5	2	0.9137	0	0	0.9137
5	2	0.571	1	1	0.571
5	2	0.795	1	1	0.795
5	2	5.288	0	0	5.288
5	2	3.94	0	1	3.94
5	2	3.866	0	0	3.866
5	2	5.393	1	1	5.393
5	2	3.282	1	1	3.282
5	2	3.588	1	1	3.588
5	2	3.236	1	1	3.236
6	2	0.8728	0	1	0.8728
6	2	5.138	0	1	5.138
6	2	0.5351	1	1	0.5351
6	2	5.534	0	0	5.534
6	2	5.025	1	1	5.025
6	2	1.647	1	1	1.647
6	2	0.3785	1	1	0.3785
6	2	0.3013	1	1	0.3013
6	2	0.3981	1	1	0.3981
6	2	0.805	0	1	0.805
6	2	5.342	0	1	5.342
6	2	0.6244	0	1	0.6244
6	2	3.587	0	1	3.587
6	2	5.15	0	0	5.15
6	2	0.6281	1	0	0.6281
6	2	1.843	1	1	1.843
6	2	5.54	0	0	5.54
6	2	0.03182	0	1	0.03182
6	2	1.013	0	1	1.013
6	2	1.972	1	1	1.972
6	2	1.166	1	0	1.166
6	2	3.605	0	0	3.605
6	2	0.3055	0	1	0.3055
6	2	5.315	0	0	5.315
6	2	3.681	0	0	3.681
6	2	3.788	0	0	3.788
6	2	3.633	0	0	3.633
6	2	3.537	1	0	3.537
6	2	0.4345	0	0	0.4345
6	2	0.3758	1	1	0.3758
6	2	3.906	1	1	3.906
6	2	2.203	1	1	2.203
6	2	4.153	0	0	4.153
6	2	3.544	1	1	3.544
6	2	5.344	0	0	5.344
6	2	1.82	1	1	1.82
6	2	0.7675	1	1	0.7675
6	2	0.9298	1	1	0.9298
6	2	1.605	0	1	1.605
6	2	1.907	1	1	1.907
6	2	1.064	0	1	1.064
6	2	5.494	1	1	5.494
6	2	3.248	0	1	3.248
6	2	1.816	1	1	1.816
6	2	0.6868	0	1	0.6868
6	2	0.8482	1	0	0.8482
6	2	1.956	1	1	1.956
6	2	1.582	1	1	1.582
6	2	1.143	1	0	1.143
6	2	5.576	0	0	5.576
7	2	0.3307	0	0	0.3307
7	2	0.9458	0	0	0.9458
7	2	1.814	1	0	1.814
7	2	1.731	1	1	1.731
7	2	0.9172	0	1	0.9172
7	2	1.622	1	0	1.622
7	2	5.136	1	1	5.136
7	2	4.871	1	1	4.871
7	2	0.62	0	1	0.62
7	2	0.8597	0	0	0.8597
7	2	1.813	1	1	1.813
7	2	5.477	0	0	5.477
7	2	0.6182	0	0	0.6182
7	2	1.093	1	1	1.093
7	2	0.5976	1	1	0.5976
7	2	1.53	0	0	1.53
7	2	1.364	0	1	1.364
7	2	5.399	0	0	5.399
7	2	3.42	1	1	3.42
7	2	3.316	1	1	3.316
7	2	0.5545	0	0	0.5545
7	2	0.411	0	1	0.411
7	2	3.772	1	1	3.772
7	2	0.02219	0	1	0.02219
7	2	5.233	0	1	5.233
7	2	5.351	0	0	5.351
7	2	5.519	0	0	5.519
7	2	1.755	1	1	1.755
7	2	1.103	0	1	1.103
7	2	5.093	1	1	5.093
7	2	0.7642	0	1	0.7642
7	2	1.72	0	0	1.72
7	2	5.224	1	1	5.224
7	2	2.07	0	0	2.07
7	2	3.739	1	1	3.739
7	2	3.927	1	1	3.927
7	2	5.327	0	1	5.327
7	2	0.6214	0	1	0.6214
7	2	3.541	0	1	3.541
7	2	0.8827	1	1	0.8827
7	2	0.8993	1	1	0.8993
7	2	3.503	1	1	3.503
7	2	1.006	1	1	1.006
7	2	3.72	0	0	3.72
7	2	3.494	1	1	3.494
7	2	0.6794	0	0	0.6794
7	2	0.7496	0	1	0.7496
7	2	0.5505	1	1	0.5505
7	2	3.677	1	1	3.677
8	2	5.59	0	0	5.59
8	2	1.845	1	1	1.845
8	2	0.4838	1	1	0.4838
8	2	0.4645	0	1	0.4645
8	2	1.043	1	1	1.043
8	2	3.405	0	1	3.405
8	2	1.47	0	0	1.47
8	2	3.36	0	0	3.36
8	2	3.304	0	0	3.304
8	2	0.9562	1	0	0.9562
8	2	0.2007	1	1	0.2007
8	2	0.967	0	0	0.967
8	2	5.139	1	1	5.139
8	2	1.032	1	1	1.032
8	2	0.638	1	1	0.638
8	2	2.572	0	0	2.572
8	2	5.528	1	1	5.528
8	2	0.08501	0	1	0.08501
8	2	5.67	1	1	5.67
8	2	0.5743	1	0	0.5743
8	2	1.927	0	0	1.927
8	2	3.791	1	1	3.791
8	2	3.378	1	1	3.378
8	2	0.3324	1	1	0.3324
8	2	0.2941	0	1	0.2941
8	2	5.578	0	0	5.578
8	2	3.613	1	1	3.613
8	2	1.002	1	1	1.002
8	2	3.568	0	0	3.568
8	2	1.931	0	1	1.931
8	2	0.8113	1	1	0.8113
8	2	0.9752	0	1	0.9752
8	2	3.776	0	1	3.776
8	2	1.348	0	1	1.348
8	2	0.4536	1	1	0.4536
8	2	0.5516	1	1	0.5516
8	2	3.813	1	1	3.813
8	2	0.8117	0	0	0.8117
8	2	1.974	0	1	1.974
8	2	5.428	0	0	5.428
8	2	1.49	1	1	1.49
8	2	0.3006	1	0	0.3006
8	2	1.544	0	1	1.544
8	2	5.179	0	0	5.179
8	2	3.572	0	0	3.572
8	2	1.726	1	1	1.726
8	2	1.008	0	1	1.008
8	2	5.683	0	1	5.683
8	2	5.652	0	0	5.652
8	2	5.608	1	1	5.608
9	2	1.96	1	1	1.96
9	2	3.801	0	0	3.801
9	2	1.741	0	0	1.741
9	2	5.598	1	1	5.598
9	2	3.496	0	1	3.496
9	2	5.057	1	1	5.057
9	2	1.366	1	1	1.366
9	2	5.326	1	1	5.326
9	2	2.099	0	1	2.099
9	2	1.109	1	1	1.109
9	2	3.454	0	0	3.454
9	2	0.7525	0	1	0.7525
9	2	0.3828	1	1	0.3828
9	2	0.06147	0	1	0.06147
9	2	3.965	0	0	3.965
9	2	1.429	1	1	1.429
9	2	0.6992	1	1	0.6992
9	2	0.9307	1	0	0.9307
9	2	0.3288	0	1	0.3288
9	2	3.759	1	1	3.759
9	2	1.159	0	0	1.159
9	2	1.894	1	1	1.894
9	2	5.421	1	1	5.421
9	2	0.9408	0	1	0.9408
9	2	0.543	0	1	0.543
9	2	0.6049	1	1	0.6049
9	2	1.56	0	1	1.56
9	2	5.501	0	0	5.501
9	2	0.9638	0	1	0.9638
9	2	1.968	0	1	1.968
9	2	0.6085	0	1	0.6085
9	2	1.323	1	1	1.323
9	2	0.8729	1	0	0.8729
9	2	5.506	1	1	5.506
9	2	3.696	1	1	3.696
9	2	3.321	1	1	3.321
9	2	0.6189	1	1	0.6189
9	2	5.579	1	1	5.579
9	2	0.373	1	1	0.373
9	2	3.704	0	1	3.704
9	2	0.4367	0	1	0.4367
9	2	0.1453	0	1	0.1453
9	2	3.511	0	0	3.511
9	2	5.374	1	1	5.374
9	2	1.053	1	1	1.053
9	2	3.871	0	1	3.871
9	2	5.288	1	1	5.288
9	2	1.788	0	1	1.788
9	2	1.488	0	0	1.488
9	2	5.075	0	0	5.075
10	3	0.6241	0	0	0.6241
10	3	2.031	0	0	2.031
10	3	0.207	0	0	0.207
10	3	0.9997	1	1	0.9997
10	3	3.124	1	1	3.124
10	3	0.2901	1	1	0.2901
10	3	3.418	1	1	3.418
10	3	0.4648	0	1	0.4648
10	3	5.346	1	1	5.346
10	3	2.068	0	1	2.068
10	3	1.799	0	1	1.799
10	3	3.291	1	0	3.291
10	3	0.2062	1	1	0.2062
10	3	0.9146	1	1	0.9146
10	3	3.678	0	1	3.678
10	3	0.4721	1	1	0.4721
10	3	5.427	0	1	5.427
10	3	1.771	1	1	1.771
10	3	5.303	1	1	5.303
10	3	0.8388	0	0	0.8388
10	3	3.754	1	1	3.754
10	3	0.4248	1	1	0.4248
10	3	1.822	0	0	1.822
10	3	0.8609	0	1	0.8609
10	3	3.998	0	0	3.998
10	3	0.6889	1	0	0.6889
10	3	0.9427	1	1	0.9427
10	3	0.3951	1	0	0.3951
10	3	0.4192	1	1	0.4192
10	3	1.633	0	1	1.633
10	3	3.503	0	0	3.503
10	3	3.528	0	0	3.528
10	3	3.658	1	1	3.658
10	3	0.5611	0	1	0.5611
10	3	5.339	0	0	5.339
10	3	0.997	1	1	0.997
10	3	0.7706	0	0	0.7706
10	3	5.289	0	0	5.289
10	3	1.762	1	1	1.762
10	3	1.594	1	0	1.594
10	3	5.574	0	0	5.574
10	3	1.967	1	1	1.967
10	3	5.139	0	0	5.139
10	3	5.271	1	1	5.271
10	3	5.278	1	0	5.278
10	3	5.46	1	1	5.46
10	3	0.5471	0	1	0.5471
10	3	1.962	0	0	1.962
10	3	3.59	0	0	3.59
10	3	1.115	1	1	1.115
11	3	0.2055	1	1	0.2055
11	3	5.769	0	0	5.769
11	3	1.936	0	0	1.936
11	3	3.514	1	1	3.514
11	3	0.4158	1	0	0.4158
11	3	3.903	0	0	3.903
11	3	1.802	1	1	1.802
11	3	1.077	0	0	1.077
11	3	1.851	1	1	1.851
11	3	5.393	1	0	5.393
11	3	0.5611	1	1	0.5611
11	3	1.041	0	0	1.041
11	3	0.6665	0	1	0.6665
11	3	5.677	1	1	5.677
11	3	0.5149	0	1	0.5149
11	3	1.946	1	1	1.946
11	3	1.868	1	1	1.868
11	3	0.08933	1	1	0.08933
11	3	3.493	0	0	3.493
11	3	0.9653	0	0	0.9653
11	3	5.038	1	1	5.038
11	3	3.878	0	0	3.878
11	3	3.804	1	0	3.804
11	3	0.4606	1	1	0.4606
11	3	0.7161	0	1	0.7161
11	3	3.618	0	0	3.618
11	3	3.99	1	1	3.99
11	3	5.127	0	1	5.127
11	3	0.7105	0	1	0.7105
11	3	0.7217	1	1	0.7217
11	3	3.545	0	1	3.545
11	3	5.141	0	1	5.141
11	3	5.362	0	0	5.362
11	3	0.8215	1	1	0.8215
11	3	2.087	0	1	2.087
11	3	0.6489	0	1	0.6489
11	3	0.5421	1	1	0.5421
11	3	5.149	0	0	5.149
11	3	1.99	0	1	1.99
11	3	3.467	0	0	3.467
11	3	1.598	1	1	1.598
11	3	1.026	0	1	1.026
11	3	1.89	0	1	1.89
11	3	0.9429	0	0	0.9429
11	3	5.095	0	0	5.095
11	3	3.915	1	1	3.915
11	3	5.561	1	1	5.561
11	3	0.7888	1	1	0.7888
11	3	1.725	1	0	1.725
12	3	0.5253	1	1	0.5253
12	3	3.566	1	1	3.566
12	3	5.102	1	1	5.102
12	3	1.89	0	1	1.89
12	3	0.4681	1	0	0.4681
12	3	1.047	1	1	1.047
12	3	0.6558	1	1	0.6558
12	3	3.206	1	1	3.206
12	3	5.171	1	1	5.171
12	3	1.984	1	0	1.984
12	3	0.9464	0	1	0.9464
12	3	5.414	1	0	5.414
12	3	3.799	0	0	3.799
12	3	5.243	1	0	5.243
12	3	1.658	0	0	1.658
12	3	1.567	0	1	1.567
12	3	1.776	1	1	1.776
12	3	1.875	0	1	1.875
12	3	5.576	1	1	5.576
12	3	5.25	0	0	5.25
12	3	5.339	0	0	5.339
12	3	0.6589	0	1	0.6589
12	3	3.632	1	1	3.632
12	3	1.752	0	1	1.752
12	3	0.9069	0	0	0.9069
12	3	5.519	1	1	5.519
12	3	3.713	1	0	3.713
12	3	0.5309	1	1	0.5309
12	3	3.629	0	0	3.629
12	3	1.655	0	1	1.655
12	3	0.9867	0	1	0.9867
12	3	3.837	1	1	3.837
12	3	5.521	0	0	5.521
12	3	1.964	0	0	1.964
12	3	0.6268	1	0	0.6268
12	3	0.5227	0	1	0.5227
12	3	0.3003	0	1	0.3003
12	3	0.8974	0	0	0.8974
12	3	0.08261	0	0	0.08261
12	3	0.8152	1	1	0.8152
12	3	0.2096	1	0	0.2096
12	3	0.8072	0	1	0.8072
12	3	3.583	0	1	3.583
12	3	3.498	1	1	3.498
12	3	3.637	0	0	3.637
12	3	0.5532	0	0	0.5532
12	3	1.13	0	1	1.13
12	3	5.391	1	1	5.391
12	3	0.4616	1	0	0.4616
12	3	1.597	1	1	1.597
13	3	5.453	1	1	5.453
13	3	3.854	0	0	3.854
13	3	1.72	1	0	1.72
13	3	0.209	1	1	0.209
13	3	0.51	1	1	0.51
13	3	1.595	0	0	1.595
13	3	1.185	0	0	1.185
13	3	3.641	0	1	3.641
13	3	0.6638	1	0	0.6638
13	3	3.449	0	1	3.449
13	3	0.9899	1	1	0.9899
13	3	5.333	1	1	5.333
13	3	1.855	0	1	1.855
13	3	1.516	1	0	1.516
13	3	2.036	1	0	2.036
13	3	1.921	0	0	1.921
13	3	3.714	1	1	3.714
13	3	3.772	0	1	3.772
13	3	0.7172	1	0	0.7172
13	3	0.0237	1	1	0.0237
13	3	0.4566	1	0	0.4566
13	3	5.178	0	0	5.178
13	3	0.711	0	0	0.711
13	3	0.8178	0	1	0.8178
13	3	0.6555	0	0	0.6555
13	3	1.564	1	1	1.564
13	3	5.287	1	0	5.287
13	3	4.892	0	0	4.892
13	3	0.9103	0	1	0.9103
13	3	0.3436	0	1	0.3436
13	3	5.229	1	1	5.229
13	3	3.665	1	1	3.665
13	3	2.031	1	1	2.031
13	3	5.612	1	1	5.612
13	3	5.254	0	1	5.254
13	3	1.767	0	0	1.767
13	3	1.139	1	0	1.139
13	3	3.199	1	0	3.199
13	3	5.104	0	0	5.104
13	3	0.9713	1	1	0.9713
13	3	0.4548	1	0	0.4548
13	3	4.088	0	0	4.088
13	3	0.8559	0	1	0.8559
13	3	1.912	0	0	1.912
13	3	0.4449	1	0	0.4449
13	3	5.888	0	1	5.888
13	3	3.664	0	1	3.664
13	3	0.1463	1	1	0.1463
13	3	3.549	1	1	3.549
13	3	0.8703	0	0	0.8703
14	3	1.028	1	1	1.028
14	3	5.654	1	1	5.654
14	3	1.346	0	0	1.346
14	3	1.899	1	1	1.899
14	3	3.554	1	1	3.554
14	3	0.587	1	1	0.587
14	3	3.771	1	1	3.771
14	3	1.968	0	0	1.968
14	3	0.2459	0	1	0.2459
14	3	5.629	0	0	5.629
14	3	3.616	1	1	3.616
14	3	0.7037	0	0	0.7037
14	3	0.4823	1	1	0.4823
14	3	1.488	0	0	1.488
14	3	0.2752	1	0	0.2752
14	3	0.5691	0	0	0.5691
14	3	0.8157	1	1	0.8157
14	3	1.761	1	1	1.761
14	3	0.6707	1	1	0.6707
14	3	1.646	0	1	1.646
14	3	5.263	0	0	5.263
14	3	0.4454	1	1	0.4454
14	3	3.462	0	1	3.462
14	3	3.759	1	1	3.759
14	3	1.117	0	1	1.117
14	3	1.072	0	0	1.072
14	3	1.647	1	1	1.647
14	3	5.157	0	0	5.157
14	3	3.489	0	0	3.489
14	3	5.387	0	0	5.387
14	3	3.436	0	0	3.436
14	3	0.4191	1	1	0.4191
14	3	0.2725	0	1	0.2725
14	3	0.3805	1	1	0.3805
14	3	3.686	1	1	3.686
14	3	5.202	1	1	5.202
14	3	5.212	1	1	5.212
14	3	5.414	0	0	5.414
14	3	5.049	1	1	5.049
14	3	0.2849	1	1	0.2849
14	3	5.315	1	1	5.315
14	3	0.768	0	0	0.768
14	3	3.724	0	0	3.724
14	3	3.211	1	1	3.211
14	3	1.928	1	0	1.928
14	3	0.8241	1	1	0.8241
14	3	2.029	0	1	2.029
14	3	1.634	0	0	1.634
14	3	0.61	0	0	0.61
14	3	1.88	0	1	1.88
15	3	3.745	1	1	3.745
15	3	0.8326	1	1	0.8326
15	3	3.8	1	1	3.8
15	3	3.771	1	1	3.771
15	3	0.8936	0	0	0.8936
15	3	5.612	0	0	5.612
15	3	0.3682	0	1	0.3682
15	3	3.699	0	0	3.699
15	3	3.45	1	1	3.45
15	3	4.85	1	1	4.85
15	3	0.5039	1	0	0.5039
15	3	5.487	0	0	5.487
15	3	1.316	1	0	1.316
15	3	0.3094	1	1	0.3094
15	3	3.655	1	1	3.655
15	3	5.451	0	0	5.451
15	3	1.756	0	0	1.756
15	3	3.863	1	1	3.863
15	3	1.481	0	1	1.481
15	3	3.686	0	1	3.686
15	3	3.466	0	0	3.466
15	3	0.7865	0	1	0.7865
15	3	5.13	0	0	5.13
15	3	1.089	0	1	1.089
15	3	5.109	1	1	5.109
15	3	1.872	1	1	1.872
15	3	0.984	1	1	0.984
15	3	0.2101	0	1	0.2101
15	3	0.4633	1	1	0.4633
15	3	1.781	0	1	1.781
15	3	1.084	1	0	1.084
15	3	2.211	0	0	2.211
15	3	1.385	0	0	1.385
15	3	0.7145	1	0	0.7145
15	3	5.634	0	0	5.634
15	3	1.581	1	1	1.581
15	3	1.75	1	1	1.75
15	3	0.7155	0	1	0.7155
15	3	5.602	0	0	5.602
15	3	2.03	0	0	2.03
15	3	3.829	1	0	3.829
15	3	0.6432	1	1	0.6432
15	3	0.9769	1	1	0.9769
15	3	1.255	0	1	1.255
15	3	5.59	1	1	5.59
15	3	5.189	0	0	5.189
15	3	0.3555	1	0	0.3555
15	3	1.973	0	0	1.973
15	3	0.5242	1	1	0.5242
15	3	0.0132	0	1	0.0132
16	3	1.001	1	1	1.001
16	3	5.558	0	0	5.558
16	3	2.014	0	1	2.014
16	3	0.2125	0	1	0.2125
16	3	3.729	1	0	3.729
16	3	5.577	1	1	5.577
16	3	1.281	1	0	1.281
16	3	0.5261	0	1	0.5261
16	3	0.4504	1	1	0.4504
16	3	1.837	1	1	1.837
16	3	0.7787	0	1	0.7787
16	3	0.8232	0	0	0.8232
16	3	0.2772	1	0	0.2772
16	3	1.34	0	0	1.34
16	3	0.517	0	0	0.517
16	3	5.312	0	0	5.312
16	3	5.273	1	1	5.273
16	3	3.807	1	1	3.807
16	3	1.517	1	1	1.517
16	3	3.727	0	0	3.727
16	3	0.813	0	1	0.813
16	3	0.7627	1	0	0.7627
16	3	1.714	1	1	1.714
16	3	1.929	0	1	1.929
16	3	3.228	1	0	3.228
16	3	4.985	0	0	4.985
16	3	0.8106	1	1	0.8106
16	3	1.656	0	1	1.656
16	3	3.521	0	1	3.521
16	3	5.489	0	0	5.489
16	3	0.7418	0	0	0.7418
16	3	3.682	1	0	3.682
16	3	1.504	1	1	1.504
16	3	5.251	1	1	5.251
16	3	3.389	1	1	3.389
16	3	1.008	1	1	1.008
16	3	0.05455	0	1	0.05455
16	3	5.691	1	1	5.691
16	3	3.493	1	0	3.493
16	3	0.7446	1	1	0.7446
16	3	0.4458	1	1	0.4458
16	3	3.128	0	1	3.128
16	3	5.153	1	1	5.153
16	3	5.204	0	0	5.204
16	3	1.016	0	0	1.016
16	3	1.788	1	1	1.788
16	3	0.2712	0	0	0.2712
16	3	3.634	1	0	3.634
16	3	1.802	0	0	1.802
16	3	0.8229	0	1	0.8229
17	3	1.552	1	1	1.552
17	3	3.605	0	0	3.605
17	3	5.12	1	1	5.12
17	3	0.5987	1	1	0.5987
17	3	0.778	1	0	0.778
17	3	0.9276	0	0	0.9276
17	3	0.4214	0	0	0.4214
17	3	1.897	1	1	1.897
17	3	0.4996	1	1	0.4996
17	3	4.851	1	1	4.851
17	3	3.33	1	1	3.33
17	3	5.133	0	0	5.133
17	3	1.022	1	0	1.022
17	3	0.8566	1	1	0.8566
17	3	5.284	0	0	5.284
17	3	1.681	1	1	1.681
17	3	5.083	0	0	5.083
17	3	0.6006	0	1	0.6006
17	3	5.346	1	1	5.346
17	3	2.201	1	1	2.201
17	3	1.556	1	1	1.556
17	3	1.056	1	0	1.056
17	3	4.006	1	1	4.006
17	3	3.699	1	1	3.699
17	3	1.738	0	1	1.738
17	3	0.7705	1	1	0.7705
17	3	0.3299	0	1	0.3299
17	3	0.1525	0	1	0.1525
17	3	1.695	0	0	1.695
17	3	0.2167	0	1	0.2167
17	3	5.326	1	1	5.326
17	3	3.267	1	1	3.267
17	3	3.665	0	0	3.665
17	3	5.312	0	1	5.312
17	3	3.572	0	0	3.572
17	3	1.769	0	0	1.769
17	3	0.8538	1	1	0.8538
17	3	0.4863	1	1	0.4863
17	3	0.4125	0	1	0.4125
17	3	5.481	0	0	5.481
17	3	3.476	1	1	3.476
17	3	3.609	0	0	3.609
17	3	0.9104	1	1	0.9104
17	3	0.2893	0	1	0.2893
17	3	0.9768	1	1	0.9768
17	3	1.488	0	1	1.488
17	3	1.474	1	0	1.474
17	3	3.726	0	1	3.726
17	3	0.9165	0	1	0.9165
17	3	5.403	0	0	5.403
18	3	3.652	1	1	3.652
18	3	0.9523	0	1	0.9523
18	3	5.493	0	0	5.493
18	3	0.6044	1	1	0.6044
18	3	1.992	1	1	1.992
18	3	0.563	0	0	0.563
18	3	5.645	0	0	5.645
18	3	0.4943	1	1	0.4943
18	3	3.376	1	1	3.376
18	3	3.406	1	1	3.406
18	3	3.439	1	1	3.439
18	3	5.442	0	0	5.442
18	3	1.234	0	1	1.234
18	3	0.6321	0	0	0.6321
18	3	0.2242	1	1	0.2242
18	3	0.2055	0	1	0.2055
18	3	1.789	0	1	1.789
18	3	5.243	0	0	5.243
18	3	0.4871	0	1	0.4871
18	3	1.884	1	1	1.884
18	3	3.736	1	0	3.736
18	3	0.2832	1	1	0.2832
18	3	0.7438	0	1	0.7438
18	3	0.6351	1	0	0.6351
18	3	3.508	1	1	3.508
18	3	5.389	0	0	5.389
18	3	0.6016	0	0	0.6016
18	3	3.429	0	0	3.429
18	3	1.787	1	1	1.787
18	3	0.4619	0	0	0.4619
18	3	1.46	0	0	1.46
18	3	1.17	1	1	1.17
18	3	5.284	0	0	5.284
18	3	1.93	1	1	1.93
18	3	1.239	1	1	1.239
18	3	5.871	1	1	5.871
18	3	3.387	0	1	3.387
18	3	3.759	1	0	3.759
18	3	0.9151	0	0	0.9151
18	3	1.68	1	1	1.68
18	3	5.145	1	1	5.145
18	3	0.7585	0	1	0.7585
18	3	1.963	0	1	1.963
18	3	1.013	0	1	1.013
18	3	0.7148	0	0	0.7148
18	3	1.866	1	0	1.866
18	3	5.335	0	0	5.335
18	3	0.8975	1	0	0.8975
18	3	5.541	1	1	5.541
18	3	3.736	1	1	3.736
19	3	5.142	1	1	5.142
19	3	1.727	0	0	1.727
19	3	3.562	1	1	3.562
19	3	0.9842	0	0	0.9842
19	3	0.458	1	0	0.458
19	3	1.686	1	0	1.686
19	3	3.642	1	1	3.642
19	3	1.325	1	1	1.325
19	3	3.494	1	0	3.494
19	3	3.635	0	0	3.635
19	3	0.96	1	0	0.96
19	3	0.9022	1	0	0.9022
19	3	0.5378	1	0	0.5378
19	3	0.7685	0	0	0.7685
19	3	1.753	0	0	1.753
19	3	0.6646	0	1	0.6646
19	3	3.778	0	0	3.778
19	3	1.928	1	1	1.928
19	3	1.802	0	0	1.802
19	3	3.693	0	0	3.693
19	3	5.276	0	1	5.276
19	3	4.859	1	1	4.859
19	3	0.1505	1	1	0.1505
19	3	0.495	1	1	0.495
19	3	3.694	0	0	3.694
19	3	0.537	1	1	0.537
19	3	1.839	1	1	1.839
19	3	5.169	0	1	5.169
19	3	0.2415	0	1	0.2415
19	3	0.7222	0	1	0.7222
19	3	0.6954	0	0	0.6954
19	3	1.634	1	0	1.634
19	3	5.694	0	0	5.694
19	3	5.581	1	1	5.581
19	3	3.278	0	0	3.278
19	3	5.185	0	0	5.185
19	3	1.338	1	1	1.338
19	3	0.7881	1	1	0.7881
19	3	1.731	1	1	1.731
19	3	1.944	0	1	1.944
19	3	1.864	0	0	1.864
19	3	5.625	0	0	5.625
19	3	5.598	0	0	5.598
19	3	3.37	1	1	3.37
19	3	3.658	0	0	3.658
19	3	0.8378	0	0	0.8378
19	3	5.59	1	1	5.59
19	3	0.9488	0	0	0.9488
19	3	0.7617	1	1	0.7617
19	3	0.6143	1	1	0.6143
20	4	1.227	0	1	1.227
20	4	5.035	0	0	5.035
20	4	5.277	0	0	5.277
20	4	3.797	1	1	3.797
20	4	0.962	0	1	0.962
20	4	0.431	1	1	0.431
20	4	0.2762	0	1	0.2762
20	4	1.576	0	0	1.576
20	4	3.374	1	1	3.374
20	4	3.591	1	1	3.591
20	4	5.277	1	1	5.277
20	4	0.6185	1	0	0.6185
20	4	3.685	1	1	3.685
20	4	2.075	0	0	2.075
20	4	0.5138	1	0	0.5138
20	4	0.8003	1	1	0.8003
20	4	5.532	0	0	5.532
20	4	3.575	1	1	3.575
20	4	1.055	1	0	1.055
20	4	2.021	0	0	2.021
20	4	0.9264	0	0	0.9264
20	4	5.286	0	0	5.286
20	4	0.9397	0	1	0.9397
20	4	3.733	1	1	3.733
20	4	3.496	1	1	3.496
20	4	1.583	1	1	1.583
20	4	2.174	0	0	2.174
20	4	3.318	1	1	3.318
20	4	0.7417	0	1	0.7417
20	4	1.768	0	1	1.768
20	4	5.554	0	0	5.554
20	4	0.174	0	1	0.174
20	4	0.4671	1	1	0.4671
20	4	0.5034	1	1	0.5034
20	4	5.343	1	1	5.343
20	4	0.4487	0	0	0.4487
20	4	3.656	1	1	3.656
20	4	3.557	0	0	3.557
20	4	1.711	0	0	1.711
20	4	0.5291	1	0	0.5291
20	4	5.472	1	1	5.472
20	4	0.6809	1	1	0.6809
20	4	0.4173	0	1	0.4173
20	4	5.493	1	1	5.493
20	4	5.415	0	0	5.415
20	4	2.194	0	0	2.194
20	4	1.967	1	0	1.967
20	4	1.794	0	0	1.794
20	4	0.9824	0	1	0.9824
20	4	0.3799	1	1	0.3799
21	4	5.41	0	0	5.41
21	4	5.337	1	1	5.337
21	4	2.228	0	1	2.228
21	4	0.5869	1	1	0.5869
21	4	1.711	0	0	1.711
21	4	1.948	0	1	1.948
21	4	1.676	1	1	1.676
21	4	3.644	0	0	3.644
21	4	1.863	1	1	1.863
21	4	4.955	0	0	4.955
21	4	3.439	1	1	3.439
21	4	5.215	1	1	5.215
21	4	3.613	1	1	3.613
21	4	1.09	1	1	1.09
21	4	1.972	1	1	1.972
21	4	0.3	0	0	0.3
21	4	0.4492	1	0	0.4492
21	4	1.856	0	0	1.856
21	4	0.7487	0	0	0.7487
21	4	0.6516	1	0	0.6516
21	4	3.37	0	0	3.37
21	4	1.887	1	1	1.887
21	4	3.566	1	1	3.566
21	4	0.9936	1	0	0.9936
21	4	1.624	1	1	1.624
21	4	0.5691	0	0	0.5691
21	4	0.3916	0	0	0.3916
21	4	0.7991	0	0	0.7991
21	4	1.556	0	1	1.556
21	4	0.279	0	1	0.279
21	4	0.2249	0	0	0.2249
21	4	3.414	1	1	3.414
21	4	3.51	1	0	3.51
21	4	5.492	1	1	5.492
21	4	3.582	1	1	3.582
21	4	5.255	1	1	5.255
21	4	0.7643	0	1	0.7643
21	4	1.065	0	0	1.065
21	4	0.8466	1	1	0.8466
21	4	0.7277	1	1	0.7277
21	4	1.208	0	1	1.208
21	4	1.229	1	0	1.229
21	4	3.238	0	1	3.238
21	4	5.363	0	0	5.363
21	4	0.6656	0	0	0.6656
21	4	0.6598	0	1	0.6598
21	4	5.059	0	0	5.059
21	4	5.436	1	1	5.436
21	4	3.44	1	0	3.44
21	4	5.156	0	0	5.156
22	4	0.362	1	1	0.362
22	4	5.186	0	0	5.186
22	4	5.265	0	0	5.265
22	4	5.167	0	0	5.167
22	4	0.3796	1	1	0.3796
22	4	1.94	1	1	1.94
22	4	3.542	0	0	3.542
22	4	3.499	0	0	3.499
22	4	1.847	1	0	1.847
22	4	0.0357	0	1	0.0357
22	4	0.5026	0	1	0.5026
22	4	1.779	0	0	1.779
22	4	1.214	1	1	1.214
22	4	5.421	0	0	5.421
22	4	1.02	1	1	1.02
22	4	3.825	0	0	3.825
22	4	1.077	0	1	1.077
22	4	3.46	0	0	3.46
22	4	0.7909	1	0	0.7909
22	4	0.8482	0	1	0.8482
22	4	0.6723	0	1	0.6723
22	4	3.658	0	0	3.658
22	4	1.1	0	1	1.1
22	4	0.6417	0	1	0.6417
22	4	0.5333	0	1	0.5333
22	4	0.8549	0	1	0.8549
22	4	3.346	1	0	3.346
22	4	0.7864	0	1	0.7864
22	4	5.339	0	0	5.339
22	4	3.675	1	1	3.675
22	4	1.033	0	0	1.033
22	4	1.443	1	0	1.443
22	4	1.952	1	1	1.952
22	4	5.758	0	0	5.758
22	4	5.431	1	1	5.431
22	4	5.257	1	1	5.257
22	4	5.434	0	0	5.434
22	4	1.475	1	0	1.475
22	4	3.549	1	1	3.549
22	4	0.3911	1	0	0.3911
22	4	1.643	1	1	1.643
22	4	0.966	1	1	0.966
22	4	1.77	1	1	1.77
22	4	5.262	0	0	5.262
22	4	2.063	1	1	2.063
22	4	3.853	1	1	3.853
22	4	0.482	0	1	0.482
22	4	1.876	1	0	1.876
22	4	0.9792	1	0	0.9792
22	4	3.986	1	1	3.986
23	4	0.2692	1	1	0.2692
23	4	1.73	0	0	1.73
23	4	5.619	1	1	5.619
23	4	0.2815	1	1	0.2815
23	4	2.022	1	0	2.022
23	4	0.9292	0	0	0.9292
23	4	1.04	1	1	1.04
23	4	1.651	0	0	1.651
23	4	3.843	0	0	3.843
23	4	0.8591	1	1	0.8591
23	4	3.696	0	0	3.696
23	4	5.156	0	0	5.156
23	4	2.388	1	1	2.388
23	4	0.3719	1	0	0.3719
23	4	5.486	1	0	5.486
23	4	1.928	0	0	1.928
23	4	5.431	0	0	5.431
23	4	3.414	1	0	3.414
23	4	3.59	0	0	3.59
23	4	3.393	0	0	3.393
23	4	1.721	0	0	1.721
23	4	1.2	0	0	1.2
23	4	3.831	0	0	3.831
23	4	0.5373	1	1	0.5373
23	4	3.497	1	0	3.497
23	4	5.774	1	1	5.774
23	4	5.554	1	1	5.554
23	4	1.883	0	0	1.883
23	4	5.269	0	0	5.269
23	4	0.835	1	0	0.835
23	4	0.9481	0	0	0.9481
23	4	0.552	1	1	0.552
23	4	5.116	0	0	5.116
23	4	0.9075	0	0	0.9075
23	4	5.325	0	0	5.325
23	4	0.8371	0	0	0.8371
23	4	2.011	0	0	2.011
23	4	1.915	1	1	1.915
23	4	0.838	1	1	0.838
23	4	1.717	0	0	1.717
23	4	0.7177	1	1	0.7177
23	4	3.382	1	0	3.382
23	4	0.9046	0	1	0.9046
23	4	1.015	1	1	1.015
23	4	3.823	1	1	3.823
23	4	0.3315	0	0	0.3315
23	4	0.3862	1	1	0.3862
23	4	3.335	1	1	3.335
23	4	0.4194	0	0	0.4194
24	4	0.8438	0	0	0.8438
24	4	0.6978	0	1	0.6978
24	4	5.161	1	1	5.161
24	4	0.3675	1	1	0.3675
24	4	3.412	1	1	3.412
24	4	0.6079	1	0	0.6079
24	4	5.454	0	0	5.454
24	4	0.8063	0	0	0.8063
24	4	1.731	1	1	1.731
24	4	0.9019	0	1	0.9019
24	4	0.5503	1	1	0.5503
24	4	0.6417	1	0	0.6417
24	4	0.9998	1	0	0.9998
24	4	1.717	0	0	1.717
24	4	0.5901	0	1	0.5901
24	4	0.5872	1	1	0.5872
24	4	5.039	0	0	5.039
24	4	0.762	1	1	0.762
24	4	5.595	0	0	5.595
24	4	1.942	1	0	1.942
24	4	0.9906	0	0	0.9906
24	4	0.9616	0	0	0.9616
24	4	5.586	0	0	5.586
24	4	3.368	0	0	3.368
24	4	5.697	0	0	5.697
24	4	1.883	1	1	1.883
24	4	3.556	0	0	3.556
24	4	1.764	0	1	1.764
24	4	1.289	1	1	1.289
24	4	1.915	0	1	1.915
24	4	1.814	0	0	1.814
24	4	1.05	1	0	1.05
24	4	3.566	0	0	3.566
24	4	0.1285	1	1	0.1285
24	4	1.059	1	0	1.059
24	4	1.268	1	0	1.268
24	4	3.471	1	1	3.471
24	4	2.331	0	0	2.331
24	4	5.318	1	1	5.318
24	4	0.7319	1	0	0.7319
24	4	1.55	1	1	1.55
24	4	3.927	1	1	3.927
24	4	3.48	0	0	3.48
24	4	5.32	1	1	5.32
24	4	3.976	0	0	3.976
24	4	3.738	0	0	3.738
24	4	5.449	0	0	5.449
24	4	3.553	1	1	3.553
24	4	5.216	1	0	5.216
25	4	0.8122	1	1	0.8122
25	4	5.674	0	0	5.674
25	4	0.601	0	1	0.601
25	4	0.02133	0	1	0.02133
25	4	0.6191	1	0	0.6191
25	4	1.025	1	1	1.025
25	4	3.527	0	1	3.527
25	4	5.222	1	1	5.222
25	4	0.7271	0	0	0.7271
25	4	1.843	0	0	1.843
25	4	5.211	1	1	5.211
25	4	1.097	0	0	1.097
25	4	0.4605	1	1	0.4605
25	4	2.174	0	1	2.174
25	4	5.423	1	1	5.423
25	4	5.495	0	0	5.495
25	4	1.701	0	0	1.701
25	4	1.936	0	0	1.936
25	4	0.808	1	0	0.808
25	4	3.679	0	0	3.679
25	4	0.8881	0	0	0.8881
25	4	0.4153	0	0	0.4153
25	4	3.701	1	0	3.701
25	4	5.385	0	0	5.385
25	4	1.068	0	0	1.068
25	4	3.836	1	1	3.836
25	4	3.402	1	1	3.402
25	4	1.806	1	1	1.806
25	4	3.222	1	1	3.222
25	4	0.2581	1	1	0.2581
25	4	1.969	1	1	1.969
25	4	3.731	1	1	3.731
25	4	0.2736	0	1	0.2736
25	4	0.1207	0	1	0.1207
25	4	3.74	1	1	3.74
25	4	1.912	1	0	1.912
25	4	3.533	0	0	3.533
25	4	0.8294	1	1	0.8294
25	4	5.316	0	0	5.316
25	4	5.629	1	1	5.629
25	4	5.485	1	1	5.485
25	4	1.271	0	0	1.271
25	4	1.838	0	1	1.838
25	4	0.855	0	1	0.855
25	4	1.917	1	1	1.917
25	4	5.463	0	0	5.463
25	4	0.431	0	0	0.431
25	4	0.8047	0	0	0.8047
25	4	1.774	0	1	1.774
25	4	3.953	1	1	3.953
26	4	0.4953	0	0	0.4953
26	4	1.594	0	0	1.594
26	4	0.3783	0	1	0.3783
26	4	5.187	1	1	5.187
26	4	0.4875	1	0	0.4875
26	4	0.5117	0	1	0.5117
26	4	3.46	0	0	3.46
26	4	0.3793	1	0	0.3793
26	4	3.649	1	0	3.649
26	4	5.855	0	0	5.855
26	4	0.7317	0	0	0.7317
26	4	0.562	0	0	0.562
26	4	3.401	1	1	3.401
26	4	5.237	1	1	5.237
26	4	1.481	1	0	1.481
26	4	3.513	1	1	3.513
26	4	0.3507	0	0	0.3507
26	4	3.797	0	1	3.797
26	4	0.2234	0	0	0.2234
26	4	1.023	1	1	1.023
26	4	5.251	1	1	5.251
26	4	3.435	0	0	3.435
26	4	0.7207	1	0	0.7207
26	4	1.433	0	0	1.433
26	4	0.5274	0	1	0.5274
26	4	1.864	1	1	1.864
26	4	0.6053	0	0	0.6053
26	4	0.8067	1	1	0.8067
26	4	5.252	1	1	5.252
26	4	0.2372	1	1	0.2372
26	4	1.979	0	1	1.979
26	4	1.596	1	1	1.596
26	4	5.833	1	1	5.833
26	4	3.617	0	0	3.617
26	4	0.9773	1	1	0.9773
26	4	5.516	0	0	5.516
26	4	1.829	1	0	1.829
26	4	1.027	0	1	1.027
26	4	3.773	0	0	3.773
26	4	5.099	0	0	5.099
26	4	0.4783	1	1	0.4783
26	4	1.709	1	1	1.709
26	4	3.702	0	0	3.702
26	4	0.957	0	0	0.957
26	4	5.393	0	0	5.393
26	4	5.367	0	0	5.367
26	4	1.603	1	0	1.603
26	4	3.819	0	0	3.819
26	4	0.5125	1	0	0.5125
26	4	2.074	1	1	2.074
27	4	1.229	0	1	1.229
27	4	0.2223	1	0	0.2223
27	4	3.783	1	1	3.783
27	4	1.784	0	0	1.784
27	4	1.756	0	1	1.756
27	4	0.5281	1	1	0.5281
27	4	5.692	0	0	5.692
27	4	2.124	0	0	2.124
27	4	3.338	0	1	3.338
27	4	0.5056	1	1	0.5056
27	4	0.7678	1	1	0.7678
27	4	1.065	0	0	1.065
27	4	5.58	0	0	5.58
27	4	5.557	0	0	5.557
27	4	3.324	1	0	3.324
27	4	0.3087	1	0	0.3087
27	4	1.575	1	1	1.575
27	4	5.39	0	0	5.39
27	4	3.664	0	0	3.664
27	4	0.2897	0	0	0.2897
27	4	0.4565	0	0	0.4565
27	4	0.4313	1	1	0.4313
27	4	5.337	0	0	5.337
27	4	0.9022	1	1	0.9022
27	4	1.429	1	1	1.429
27	4	3.923	1	1	3.923
27	4	0.7256	1	1	0.7256
27	4	0.7496	1	1	0.7496
27	4	0.469	0	0	0.469
27	4	0.9998	1	1	0.9998
27	4	5.355	1	1	5.355
27	4	3.59	0	0	3.59
27	4	5.376	1	1	5.376
27	4	1.781	1	0	1.781
27	4	5.459	1	1	5.459
27	4	0.9619	1	1	0.9619
27	4	3.504	0	0	3.504
27	4	1.74	0	1	1.74
27	4	0.5053	0	1	0.5053
27	4	2.09	1	1	2.09
27	4	1.056	0	0	1.056
27	4	0.7304	1	1	0.7304
27	4	3.556	0	0	3.556
27	4	3.581	0	1	3.581
27	4	0.5413	1	1	0.5413
27	4	2.007	0	1	2.007
27	4	3.462	1	1	3.462
27	4	1.695	0	0	1.695
27	4	5.245	0	0	5.245
27	4	5.272	1	1	5.272
28	4	1.936	1	1	1.936
28	4	3.451	1	1	3.451
28	4	0.3137	1	0	0.3137
28	4	1.818	1	1	1.818
28	4	3.433	1	1	3.433
28	4	2.028	1	1	2.028
28	4	2.066	0	0	2.066
28	4	1.685	0	0	1.685
28	4	5.158	0	0	5.158
28	4	5.51	1	1	5.51
28	4	0.8674	0	0	0.8674
28	4	0.5838	0	1	0.5838
28	4	5.425	0	0	5.425
28	4	0.7218	1	0	0.7218
28	4	3.139	1	1	3.139
28	4	1.753	0	0	1.753
28	4	0.6228	0	0	0.6228
28	4	1.312	1	0	1.312
28	4	3.765	1	1	3.765
28	4	3.642	0	0	3.642
28	4	1.702	1	1	1.702
28	4	1.249	0	0	1.249
28	4	5.555	1	1	5.555
28	4	5.336	1	1	5.336
28	4	0.7829	0	1	0.7829
28	4	0.2321	1	0	0.2321
28	4	3.652	0	0	3.652
28	4	1.607	0	0	1.607
28	4	0.4965	1	0	0.4965
28	4	5.286	0	0	5.286
28	4	1.683	1	1	1.683
28	4	0.5414	0	1	0.5414
28	4	3.764	0	0	3.764
28	4	1.656	1	1	1.656
28	4	3.549	1	1	3.549
28	4	0.5265	1	1	0.5265
28	4	0.5547	0	1	0.5547
28	4	0.9687	0	1	0.9687
28	4	0.4971	0	1	0.4971
28	4	4.931	0	0	4.931
28	4	0.3979	1	1	0.3979
28	4	5.224	1	1	5.224
28	4	1.145	1	1	1.145
28	4	3.516	0	0	3.516
28	4	5.141	0	0	5.141
28	4	0.9413	0	0	0.9413
28	4	3.209	1	1	3.209
28	4	5.219	1	1	5.219
28	4	0.7736	0	0	0.7736
28	4	0.6754	1	0	0.6754
29	4	5.619	1	1	5.619
29	4	5.356	0	0	5.356
29	4	5.688	1	1	5.688
29	4	0.6884	1	1	0.6884
29	4	3.406	1	1	3.406
29	4	1.129	1	0	1.129
29	4	0.624	0	0	0.624
29	4	1.67	1	0	1.67
29	4	0.9614	0	0	0.9614
29	4	1.194	0	0	1.194
29	4	2.085	1	0	2.085
29	4	1.918	1	1	1.918
29	4	0.3415	1	0	0.3415
29	4	5.432	0	0	5.432
29	4	1.037	0	1	1.037
29	4	3.89	1	1	3.89
29	4	3.401	1	0	3.401
29	4	1.832	0	0	1.832
29	4	0.4359	0	0	0.4359
29	4	1.902	1	1	1.902
29	4	0.9273	1	0	0.9273
29	4	0.8207	0	0	0.8207
29	4	0.4277	1	1	0.4277
29	4	3.534	1	1	3.534
29	4	3.357	0	0	3.357
29	4	0.834	1	1	0.834
29	4	0.4414	1	0	0.4414
29	4	3.738	1	1	3.738
29	4	3.608	1	1	3.608
29	4	3.703	0	0	3.703
29	4	5.398	1	0	5.398
29	4	0.422	0	1	0.422
29	4	0.8602	0	0	0.8602
29	4	0.7057	1	1	0.7057
29	4	0.5255	0	1	0.5255
29	4	5.327	0	0	5.327
29	4	3.687	0	0	3.687
29	4	1.789	0	1	1.789
29	4	0.1757	0	1	0.1757
29	4	3.75	1	1	3.75
29	4	5.541	1	1	5.541
29	4	0.9643	0	0	0.9643
29	4	0.9964	0	0	0.9964
29	4	1.759	0	0	1.759
29	4	1.802	0	0	1.802
29	4	5.468	0	0	5.468
29	4	1.699	1	1	1.699
29	4	5.732	0	0	5.732
29	4	5.447	1	1	5.447
29	4	2.023	1	0	2.023
30	5	5.28	0	0	5.28
30	5	3.317	1	1	3.317
30	5	1.952	1	0	1.952
30	5	2.058	1	1	2.058
30	5	5.392	1	1	5.392
30	5	5.518	1	1	5.518
30	5	0.9654	1	0	0.9654
30	5	1.158	1	1	1.158
30	5	5.375	0	1	5.375
30	5	4.124	1	1	4.124
30	5	2.091	0	0	2.091
30	5	3.752	0	0	3.752
30	5	3.717	1	1	3.717
30	5	1.784	0	0	1.784
30	5	3.706	1	1	3.706
30	5	0.2815	0	0	0.2815
30	5	0.3204	0	1	0.3204
30	5	1.662	1	1	1.662
30	5	1.771	1	1	1.771
30	5	1.671	0	1	1.671
30	5	0.5264	0	1	0.5264
30	5	1.656	0	1	1.656
30	5	0.5949	1	1	0.5949
30	5	0.4739	1	1	0.4739
30	5	0.8161	1	1	0.8161
30	5	1.014	0	0	1.014
30	5	3.691	0	0	3.691
30	5	0.2431	1	0	0.2431
30	5	5.197	1	1	5.197
30	5	1.206	0	0	1.206
30	5	1.421	0	0	1.421
30	5	0.9813	1	1	0.9813
30	5	0.781	0	0	0.781
30	5	1.181	0	1	1.181
30	5	0.744	0	0	0.744
30	5	1.137	0	0	1.137
30	5	5.252	1	0	5.252
30	5	5.128	0	0	5.128
30	5	0.3647	0	1	0.3647
30	5	0.7851	1	1	0.7851
30	5	3.589	1	1	3.589
30	5	5.217	1	1	5.217
30	5	3.969	0	0	3.969
30	5	0.7102	1	0	0.7102
30	5	5.392	1	1	5.392
30	5	3.726	0	0	3.726
30	5	3.898	1	1	3.898
30	5	0.3469	0	0	0.3469
30	5	1.662	0	1	1.662
30	5	5.71	0	0	5.71
31	5	3.551	1	1	3.551
31	5	0.7487	1	1	0.7487
31	5	0.2684	1	1	0.2684
31	5	1.816	0	1	1.816
31	5	5.475	1	0	5.475
31	5	3.588	0	0	3.588
31	5	0.6999	0	1	0.6999
31	5	1.638	1	0	1.638
31	5	1.249	1	1	1.249
31	5	3.727	0	0	3.727
31	5	3.47	0	1	3.47
31	5	1.845	0	0	1.845
31	5	1.878	1	1	1.878
31	5	5.311	0	0	5.311
31	5	0.2741	0	0	0.2741
31	5	3.443	1	1	3.443
31	5	0.2628	0	1	0.2628
31	5	5.58	0	0	5.58
31	5	0.8833	1	1	0.8833
31	5	0.7459	0	0	0.7459
31	5	5.087	0	0	5.087
31	5	5.377	0	0	5.377
31	5	1.333	1	1	1.333
31	5	1.992	0	1	1.992
31	5	0.6473	1	1	0.6473
31	5	0.8353	0	0	0.8353
31	5	0.7338	1	1	0.7338
31	5	5.323	1	1	5.323
31	5	3.474	1	1	3.474
31	5	0.9119	1	1	0.9119
31	5	1.685	1	1	1.685
31	5	0.919	0	1	0.919
31	5	5.666	1	1	5.666
31	5	0.6369	0	0	0.6369
31	5	3.453	0	0	3.453
31	5	0.2561	1	0	0.2561
31	5	1.644	1	1	1.644
31	5	1.251	1	1	1.251
31	5	0.8851	0	1	0.8851
31	5	0.1913	1	1	0.1913
31	5	3.348	1	1	3.348
31	5	5.185	0	0	5.185
31	5	2.073	1	1	2.073
31	5	0.9612	1	1	0.9612
31	5	1.919	0	1	1.919
31	5	4.958	0	0	4.958
31	5	3.688	0	0	3.688
31	5	3.722	0	0	3.722
31	5	5.212	0	0	5.212
31	5	1.548	0	0	1.548
32	5	5.208	0	0	5.208
32	5	5.517	1	1	5.517
32	5	0.2507	1	1	0.2507
32	5	3.899	0	1	3.899
32	5	0.904	1	1	0.904
32	5	1.745	0	0	1.745
32	5	2.031	1	1	2.031
32	5	2.251	0	0	2.251
32	5	4.98	1	1	4.98
32	5	5.061	0	0	5.061
32	5	3.651	1	1	3.651
32	5	3.389	1	1	3.389
32	5	3.77	0	0	3.77
32	5	5.343	0	0	5.343
32	5	2.148	1	1	2.148
32	5	0.9115	0	1	0.9115
32	5	3.864	1	1	3.864
32	5	1.502	0	0	1.502
32	5	0.4244	1	1	0.4244
32	5	0.7931	0	0	0.7931
32	5	5.013	1	1	5.013
32	5	0.9795	0	0	0.9795
32	5	0.9721	0	1	0.9721
32	5	0.5682	0	0	0.5682
32	5	0.2559	1	0	0.2559
32	5	0.5759	1	1	0.5759
32	5	1.759	0	0	1.759
32	5	5.518	1	1	5.518
32	5	2.183	1	1	2.183
32	5	0.4833	1	0	0.4833
32	5	0.4724	1	1	0.4724
32	5	1.789	1	0	1.789
32	5	1.726	1	1	1.726
32	5	0.1583	1	0	0.1583
32	5	3.88	1	1	3.88
32	5	5.872	1	1	5.872
32	5	1.028	1	0	1.028
32	5	1.477	0	0	1.477
32	5	3.738	0	0	3.738
32	5	0.7489	0	1	0.7489
32	5	3.368	0	0	3.368
32	5	0.8874	1	1	0.8874
32	5	1.14	1	1	1.14
32	5	3.549	0	1	3.549
32	5	0.743	0	1	0.743
32	5	5.194	0	0	5.194
32	5	3.548	0	0	3.548
32	5	0.2788	1	1	0.2788
32	5	0.8108	0	0	0.8108
32	5	5.254	0	0	5.254
33	5	1.656	0	0	1.656
33	5	1.785	0	0	1.785
33	5	3.551	0	0	3.551
33	5	0.5514	0	1	0.5514
33	5	5.367	0	0	5.367
33	5	0.1755	1	0	0.1755
33	5	1.899	0	0	1.899
33	5	0.7311	0	1	0.7311
33	5	2.034	0	1	2.034
33	5	3.902	0	0	3.902
33	5	5.392	0	0	5.392
33	5	0.7474	1	1	0.7474
33	5	1.757	0	0	1.757
33	5	3.654	1	1	3.654
33	5	1.039	1	1	1.039
33	5	0.7699	0	0	0.7699
33	5	5.079	0	0	5.079
33	5	0.4266	1	1	0.4266
33	5	1.015	1	1	1.015
33	5	5.255	1	1	5.255
33	5	1.544	0	0	1.544
33	5	1.63	1	1	1.63
33	5	0.3193	1	0	0.3193
33	5	5.782	0	0	5.782
33	5	5.59	1	1	5.59
33	5	0.6769	0	0	0.6769
33	5	1.508	0	1	1.508
33	5	1.848	0	0	1.848
33	5	3.404	1	1	3.404
33	5	0.6952	1	0	0.6952
33	5	1.241	1	0	1.241
33	5	1.47	1	1	1.47
33	5	0.9811	1	0	0.9811
33	5	3.381	0	0	3.381
33	5	3.729	1	1	3.729
33	5	0.2798	0	0	0.2798
33	5	1.209	1	1	1.209
33	5	4.802	1	1	4.802
33	5	3.49	0	0	3.49
33	5	1.76	1	1	1.76
33	5	0.1956	0	0	0.1956
33	5	5.211	0	0	5.211
33	5	1.785	0	1	1.785
33	5	0.8037	1	0	0.8037
33	5	3.848	1	1	3.848
33	5	3.311	1	1	3.311
33	5	5.35	1	1	5.35
33	5	0.8736	0	0	0.8736
33	5	3.54	1	1	3.54
33	5	5.529	1	1	5.529
34	5	0.4501	1	1	0.4501
34	5	1.347	0	1	1.347
34	5	1.744	1	1	1.744
34	5	1.024	1	1	1.024
34	5	3.105	1	1	3.105
34	5	0.2645	1	0	0.2645
34	5	2.024	1	1	2.024
34	5	0.9298	0	1	0.9298
34	5	1.062	0	0	1.062
34	5	0.8679	0	1	0.8679
34	5	3.488	1	1	3.488
34	5	0.6019	0	0	0.6019
34	5	5.384	0	0	5.384
34	5	3.561	1	1	3.561
34	5	1.693	1	1	1.693
34	5	1.955	1	1	1.955
34	5	5.379	1	1	5.379
34	5	0.7032	1	1	0.7032
34	5	0.8223	1	0	0.8223
34	5	3.67	1	1	3.67
34	5	1.913	0	0	1.913
34	5	3.711	0	0	3.711
34	5	5.322	1	1	5.322
34	5	0.5615	0	0	0.5615
34	5	1.815	1	0	1.815
34	5	0.6567	0	1	0.6567
34	5	0.6621	1	1	0.6621
34	5	5.092	0	0	5.092
34	5	5.184	0	0	5.184
34	5	0.7693	1	0	0.7693
34	5	3.669	1	1	3.669
34	5	2.087	1	1	2.087
34	5	0.759	1	1	0.759
34	5	3.399	0	0	3.399
34	5	0.6205	0	1	0.6205
34	5	3.391	1	1	3.391
34	5	0.677	0	0	0.677
34	5	1.869	0	0	1.869
34	5	0.4719	0	1	0.4719
34	5	5.119	0	0	5.119
34	5	3.571	1	1	3.571
34	5	0.5246	0	0	0.5246
34	5	1.688	1	0	1.688
34	5	5.737	0	0	5.737
34	5	0.222	0	1	0.222
34	5	5.431	0	0	5.431
34	5	5.516	1	1	5.516
34	5	3.192	0	0	3.192
34	5	5.313	1	1	5.313
34	5	1.849	0	0	1.849
35	5	1.731	1	1	1.731
35	5	0.6909	1	1	0.6909
35	5	1.431	0	0	1.431
35	5	0.5397	0	0	0.5397
35	5	1.883	0	0	1.883
35	5	3.561	0	0	3.561
35	5	5.458	0	0	5.458
35	5	0.7662	1	1	0.7662
35	5	3.747	1	1	3.747
35	5	1.78	0	0	1.78
35	5	3.735	0	0	3.735
35	5	1.014	1	1	1.014
35	5	5.674	1	1	5.674
35	5	0.5218	0	1	0.5218
35	5	3.647	1	1	3.647
35	5	1.815	0	1	1.815
35	5	5.441	0	0	5.441
35	5	5.418	0	0	5.418
35	5	3.449	1	1	3.449
35	5	1.852	0	0	1.852
35	5	3.891	1	0	3.891
35	5	0.9012	1	1	0.9012
35	5	0.3705	0	0	0.3705
35	5	0.9979	1	1	0.9979
35	5	3.622	0	0	3.622
35	5	5.141	0	0	5.141
35	5	5.064	1	1	5.064
35	5	3.42	1	1	3.42
35	5	5.424	1	1	5.424
35	5	1.446	0	0	1.446
35	5	0.8136	0	0	0.8136
35	5	2.071	1	1	2.071
35	5	0.2242	0	1	0.2242
35	5	1.998	1	1	1.998
35	5	5.396	1	1	5.396
35	5	0.6796	0	1	0.6796
35	5	0.2987	0	0	0.2987
35	5	0.2856	1	1	0.2856
35	5	0.5209	1	0	0.5209
35	5	1.105	1	0	1.105
35	5	0.6465	1	0	0.6465
35	5	0.6501	1	1	0.6501
35	5	0.9708	1	1	0.9708
35	5	1.809	0	0	1.809
35	5	0.2982	1	0	0.2982
35	5	3.741	0	0	3.741
35	5	5.579	0	0	5.579
35	5	0.4476	0	0	0.4476
35	5	3.499	0	0	3.499
35	5	5.718	1	1	5.718
36	5	0.74	1	1	0.74
36	5	3.472	1	1	3.472
36	5	0.5837	1	1	0.5837
36	5	1.525	1	1	1.525
36	5	3.576	0	0	3.576
36	5	3.685	1	1	3.685
36	5	0.4601	0	0	0.4601
36	5	3.348	1	1	3.348
36	5	0.5359	0	1	0.5359
36	5	5.455	1	1	5.455
36	5	5.413	1	1	5.413
36	5	1.753	0	0	1.753
36	5	5.393	0	0	5.393
36	5	3.607	1	1	3.607
36	5	1.483	1	1	1.483
36	5	1.164	0	1	1.164
36	5	5.633	0	0	5.633
36	5	0.9412	0	0	0.9412
36	5	0.2398	1	1	0.2398
36	5	1.018	0	1	1.018
36	5	1.858	1	0	1.858
36	5	3.693	0	0	3.693
36	5	5.34	0	0	5.34
36	5	0.4324	1	1	0.4324
36	5	0.9756	0	0	0.9756
36	5	5.77	1	1	5.77
36	5	0.6257	1	0	0.6257
36	5	3.68	1	1	3.68
36	5	5.54	0	0	5.54
36	5	0.8166	0	0	0.8166
36	5	1.792	0	1	1.792
36	5	1.923	0	0	1.923
36	5	5.661	1	1	5.661
36	5	3.076	0	0	3.076
36	5	5.312	0	0	5.312
36	5	0.4063	0	1	0.4063
36	5	0.509	1	0	0.509
36	5	5.528	0	0	5.528
36	5	1.689	1	1	1.689
36	5	1.803	1	1	1.803
36	5	0.6353	1	1	0.6353
36	5	3.543	1	0	3.543
36	5	1.871	1	1	1.871
36	5	0.7284	0	1	0.7284
36	5	1.105	1	1	1.105
36	5	0.6274	1	0	0.6274
36	5	0.9049	1	1	0.9049
36	5	3.582	0	0	3.582
36	5	1.926	1	1	1.926
36	5	0.7982	0	1	0.7982
37	5	1.26	1	0	1.26
37	5	0.5992	0	0	0.5992
37	5	0.6474	1	1	0.6474
37	5	0.7493	1	1	0.7493
37	5	0.4061	1	0	0.4061
37	5	0.7732	0	1	0.7732
37	5	1.32	0	0	1.32
37	5	5.217	0	0	5.217
37	5	0.5197	0	1	0.5197
37	5	5.356	1	1	5.356
37	5	5.39	1	1	5.39
37	5	2.94	1	1	2.94
37	5	3.604	1	1	3.604
37	5	1.714	0	1	1.714
37	5	0.03753	1	1	0.03753
37	5	5.865	1	1	5.865
37	5	3.583	1	0	3.583
37	5	3.586	1	0	3.586
37	5	1.552	0	1	1.552
37	5	1.789	0	1	1.789
37	5	3.707	1	1	3.707
37	5	2.408	0	0	2.408
37	5	5.568	1	1	5.568
37	5	0.4216	0	0	0.4216
37	5	1.566	0	0	1.566
37	5	0.8868	1	0	0.8868
37	5	5.006	0	0	5.006
37	5	1.1	0	0	1.1
37	5	5.342	0	0	5.342
37	5	1.816	1	1	1.816
37	5	0.7503	0	0	0.7503
37	5	0.5132	0	0	0.5132
37	5	1.258	0	0	1.258
37	5	0.9961	1	1	0.9961
37	5	3.586	0	0	3.586
37	5	1.003	1	0	1.003
37	5	1.662	1	1	1.662
37	5	1.676	1	0	1.676
37	5	0.3326	0	0	0.3326
37	5	3.322	0	0	3.322
37	5	0.4135	1	1	0.4135
37	5	0.3511	1	1	0.3511
37	5	5.232	0	0	5.232
37	5	5.146	0	0	5.146
37	5	0.9801	1	1	0.9801
37	5	3.913	1	1	3.913
37	5	5.131	1	1	5.131
37	5	3.303	0	0	3.303
37	5	1.914	1	1	1.914
37	5	3.889	0	0	3.889
38	5	0.5635	1	1	0.5635
38	5	1.791	1	1	1.791
38	5	5.777	1	1	5.777
38	5	3.564	1	1	3.564
38	5	5.378	1	0	5.378
38	5	0.489	1	1	0.489
38	5	5.712	1	1	5.712
38	5	3.62	1	1	3.62
38	5	0.6326	0	1	0.6326
38	5	3.341	1	0	3.341
38	5	5.337	1	1	5.337
38	5	0.8556	0	0	0.8556
38	5	0.2896	1	1	0.2896
38	5	0.7538	1	1	0.7538
38	5	1.693	1	0	1.693
38	5	0.7053	0	1	0.7053
38	5	5.272	0	0	5.272
38	5	0.5041	0	0	0.5041
38	5	5.386	0	0	5.386
38	5	0.6103	1	1	0.6103
38	5	1.852	0	0	1.852
38	5	0.9013	0	0	0.9013
38	5	0.6964	0	1	0.6964
38	5	1.155	1	1	1.155
38	5	1.958	1	0	1.958
38	5	0.8685	1	1	0.8685
38	5	0.9414	0	0	0.9414
38	5	1.691	0	0	1.691
38	5	3.907	0	1	3.907
38	5	1.881	1	1	1.881
38	5	0.6872	0	1	0.6872
38	5	3.823	0	0	3.823
38	5	5.386	0	0	5.386
38	5	3.521	0	0	3.521
38	5	5.404	1	1	5.404
38	5	3.674	1	1	3.674
38	5	0.1577	0	0	0.1577
38	5	5.135	1	1	5.135
38	5	0.2356	0	0	0.2356
38	5	5.35	0	0	5.35
38	5	1.672	1	0	1.672
38	5	3.403	0	1	3.403
38	5	3.591	0	0	3.591
38	5	3.29	0	0	3.29
38	5	2.254	1	1	2.254
38	5	0.7711	0	0	0.7711
38	5	2.114	1	1	2.114
38	5	1.784	0	0	1.784
38	5	1.123	1	1	1.123
38	5	0.7132	0	1	0.7132
39	5	0.4242	1	1	0.4242
39	5	5.506	1	1	5.506
39	5	3.851	1	1	3.851
39	5	1.686	0	0	1.686
39	5	5.49	1	1	5.49
39	5	3.668	0	0	3.668
39	5	5.141	0	0	5.141
39	5	3.803	0	0	3.803
39	5	0.7136	1	1	0.7136
39	5	0.3863	1	0	0.3863
39	5	0.4008	1	1	0.4008
39	5	1.192	1	1	1.192
39	5	3.394	1	1	3.394
39	5	5.492	0	0	5.492
39	5	0.7616	1	1	0.7616
39	5	3.458	1	1	3.458
39	5	3.14	1	1	3.14
39	5	1.56	1	1	1.56
39	5	5.53	0	0	5.53
39	5	0.8842	1	1	0.8842
39	5	3.598	0	1	3.598
39	5	1.14	0	1	1.14
39	5	5.05	0	0	5.05
39	5	0.6383	0	1	0.6383
39	5	1.201	1	1	1.201
39	5	0.4646	0	1	0.4646
39	5	0.6968	1	1	0.6968
39	5	3.639	0	0	3.639
39	5	0.118	1	1	0.118
39	5	5.493	1	1	5.493
39	5	1.815	0	0	1.815
39	5	3.673	1	1	3.673
39	5	5.39	0	0	5.39
39	5	5.517	0	0	5.517
39	5	1.219	0	1	1.219
39	5	0.03991	1	0	0.03991
39	5	2.097	1	1	2.097
39	5	1.844	1	1	1.844
39	5	0.2457	0	1	0.2457
39	5	1.581	1	1	1.581
39	5	0.4583	0	0	0.4583
39	5	3.446	0	1	3.446
39	5	1.753	0	0	1.753
39	5	1.675	0	0	1.675
39	5	1.465	0	0	1.465
39	5	0.9897	0	1	0.9897
39	5	0.6967	0	1	0.6967
39	5	5.403	1	1	5.403
39	5	1.841	0	0	1.841
39	5	0.7668	1	1	0.7668
40	6	0.6524	0	0	0.6524
40	6	5.604	1	1	5.604
40	6	3.458	1	1	3.458
40	6	2.04	1	1	2.04
40	6	5.188	0	0	5.188
40	6	3.599	1	1	3.599
40	6	0.8039	1	1	0.8039
40	6	1.674	0	1	1.674
40	6	2.026	0	0	2.026
40	6	5.421	1	1	5.421
40	6	1.633	1	1	1.633
40	6	3.451	1	1	3.451
40	6	0.9942	0	1	0.9942
40	6	1.86	1	1	1.86
40	6	0.3543	1	1	0.3543
40	6	1.888	0	0	1.888
40	6	0.6669	1	1	0.6669
40	6	0.4178	0	1	0.4178
40	6	5.72	1	1	5.72
40	6	0.4143	1	1	0.4143
40	6	5.533	0	0	5.533
40	6	3.775	0	0	3.775
40	6	1.049	0	1	1.049
40	6	5.095	1	1	5.095
40	6	1.014	1	1	1.014
40	6	2.021	1	0	2.021
40	6	0.7784	0	1	0.7784
40	6	3.717	1	1	3.717
40	6	0.7693	0	0	0.7693
40	6	5.473	0	0	5.473
40	6	0.4069	0	1	0.4069
40	6	2.051	0	0	2.051
40	6	0.4971	0	0	0.4971
40	6	3.735	1	1	3.735
40	6	3.707	0	0	3.707
40	6	3.699	1	1	3.699
40	6	0.359	0	0	0.359
40	6	5.475	0	0	5.475
40	6	1.769	0	0	1.769
40	6	5.423	0	0	5.423
40	6	0.8677	1	0	0.8677
40	6	3.367	0	0	3.367
40	6	1.836	1	0	1.836
40	6	0.137	1	1	0.137
40	6	1.185	1	1	1.185
40	6	1.075	1	1	1.075
40	6	3.464	1	1	3.464
40	6	0.3427	0	0	0.3427
40	6	5.394	0	0	5.394
40	6	0.9877	0	0	0.9877
41	6	0.5031	0	1	0.5031
41	6	0.6523	0	1	0.6523
41	6	2.078	0	0	2.078
41	6	5.285	1	1	5.285
41	6	0.9626	1	1	0.9626
41	6	0.8345	0	1	0.8345
41	6	3.505	1	1	3.505
41	6	1.885	1	1	1.885
41	6	1.876	1	0	1.876
41	6	1.804	1	0	1.804
41	6	0.8844	1	1	0.8844
41	6	3.771	0	0	3.771
41	6	2.115	0	0	2.115
41	6	3.609	1	0	3.609
41	6	1.11	0	0	1.11
41	6	0.3738	1	1	0.3738
41	6	5.313	1	1	5.313
41	6	3.905	0	0	3.905
41	6	3.541	1	1	3.541
41	6	5.421	0	0	5.421
41	6	3.446	1	1	3.446
41	6	0.5381	1	0	0.5381
41	6	1.612	0	0	1.612
41	6	1.787	0	0	1.787
41	6	5.572	0	0	5.572
41	6	0.397	0	0	0.397
41	6	1.952	1	0	1.952
41	6	0.4593	0	1	0.4593
41	6	3.364	1	1	3.364
41	6	0.5303	1	1	0.5303
41	6	3.798	0	0	3.798
41	6	3.403	0	0	3.403
41	6	0.9885	0	0	0.9885
41	6	1.854	0	1	1.854
41	6	1.292	0	1	1.292
41	6	0.3987	0	0	0.3987
41	6	5.606	1	1	5.606
41	6	0.4542	0	0	0.4542
41	6	0.8563	0	0	0.8563
41	6	3.321	1	1	3.321
41	6	5.657	1	1	5.657
41	6	5.458	1	1	5.458
41	6	1.099	0	0	1.099
41	6	0.6826	1	1	0.6826
41	6	4.98	1	1	4.98
41	6	5.709	0	0	5.709
41	6	1.83	1	1	1.83
41	6	5.219	0	0	5.219
41	6	0.7578	0	1	0.7578
41	6	0.4264	1	1	0.4264
42	6	3.593	0	0	3.593
42	6	5.22	0	0	5.22
42	6	2.275	1	1	2.275
42	6	0.5191	1	0	0.5191
42	6	3.695	0	0	3.695
42	6	0.934	0	0	0.934
42	6	2.055	1	1	2.055
42	6	5.433	1	0	5.433
42	6	5.386	0	0	5.386
42	6	0.5707	1	0	0.5707
42	6	1.931	0	0	1.931
42	6	3.352	0	0	3.352
42	6	1.921	1	0	1.921
42	6	3.092	0	0	3.092
42	6	1.632	0	0	1.632
42	6	3.178	0	0	3.178
42	6	0.6056	0	1	0.6056
42	6	3.666	0	0	3.666
42	6	5.331	0	0	5.331
42	6	3.463	1	1	3.463
42	6	0.8262	1	1	0.8262
42	6	0.6689	0	0	0.6689
42	6	0.58	1	1	0.58
42	6	1.721	1	0	1.721
42	6	1.844	1	0	1.844
42	6	1.751	0	0	1.751
42	6	0.8632	1	1	0.8632
42	6	1.018	1	1	1.018
42	6	5.498	0	0	5.498
42	6	5.695	0	0	5.695
42	6	3.563	1	1	3.563
42	6	0.9014	1	1	0.9014
42	6	0.2751	0	0	0.2751
42	6	0.8862	1	1	0.8862
42	6	0.5376	0	0	0.5376
42	6	3.92	0	1	3.92
42	6	5.739	0	1	5.739
42	6	3.253	0	0	3.253
42	6	0.9874	1	0	0.9874
42	6	5.148	1	1	5.148
42	6	0.8629	0	0	0.8629
42	6	0.7886	0	0	0.7886
42	6	1.461	1	0	1.461
42	6	5.355	1	1	5.355
42	6	0.6825	1	1	0.6825
42	6	2.098	1	0	2.098
42	6	0.2736	1	0	0.2736
42	6	5.591	0	0	5.591
42	6	0.6121	1	1	0.6121
42	6	0.6034	1	1	0.6034
43	6	0.08457	0	1	0.08457
43	6	1.22	1	1	1.22
43	6	0.4684	1	1	0.4684
43	6	3.574	1	1	3.574
43	6	1.548	1	1	1.548
43	6	1.653	1	1	1.653
43	6	1.155	1	1	1.155
43	6	0.6611	0	1	0.6611
43	6	3.47	0	0	3.47
43	6	3.74	0	0	3.74
43	6	1.447	1	1	1.447
43	6	0.398	0	1	0.398
43	6	1.911	1	0	1.911
43	6	3.796	1	1	3.796
43	6	5.609	1	1	5.609
43	6	0.4248	1	0	0.4248
43	6	1.059	0	0	1.059
43	6	1.167	0	0	1.167
43	6	5.597	1	1	5.597
43	6	1.845	0	0	1.845
43	6	1.044	0	1	1.044
43	6	1.629	0	0	1.629
43	6	0.7315	1	0	0.7315
43	6	0.8715	1	1	0.8715
43	6	5.52	0	0	5.52
43	6	5.284	1	1	5.284
43	6	5.647	0	0	5.647
43	6	5.07	0	0	5.07
43	6	3.613	1	1	3.613
43	6	5.246	0	0	5.246
43	6	1.505	0	0	1.505
43	6	0.4389	1	1	0.4389
43	6	0.8991	0	0	0.8991
43	6	0.4912	0	1	0.4912
43	6	0.04226	1	1	0.04226
43	6	3.172	1	1	3.172
43	6	1.703	0	0	1.703
43	6	0.1777	1	1	0.1777
43	6	1.552	1	0	1.552
43	6	0.05124	0	1	0.05124
43	6	3.437	1	1	3.437
43	6	0.7106	0	1	0.7106
43	6	3.379	0	0	3.379
43	6	5.356	1	1	5.356
43	6	3.375	0	0	3.375
43	6	1.798	0	0	1.798
43	6	3.63	0	0	3.63
43	6	5.38	1	1	5.38
43	6	5.38	0	0	5.38
43	6	0.4159	1	1	0.4159
44	6	3.45	1	1	3.45
44	6	3.967	0	0	3.967
44	6	5.533	1	0	5.533
44	6	1.224	1	0	1.224
44	6	1.697	0	0	1.697
44	6	1.931	0	0	1.931
44	6	1.079	0	0	1.079
44	6	3.407	1	1	3.407
44	6	0.1665	0	1	0.1665
44	6	1.745	0	0	1.745
44	6	0.7745	1	0	0.7745
44	6	1.078	0	0	1.078
44	6	1.902	0	0	1.902
44	6	1.929	1	0	1.929
44	6	3.848	0	0	3.848
44	6	0.9396	0	1	0.9396
44	6	1.071	1	1	1.071
44	6	5.398	0	0	5.398
44	6	0.931	1	0	0.931
44	6	1.891	1	1	1.891
44	6	1.607	1	0	1.607
44	6	0.7199	1	1	0.7199
44	6	0.187	1	1	0.187
44	6	5.633	0	0	5.633
44	6	0.8032	1	1	0.8032
44	6	1.073	0	1	1.073
44	6	0.9001	1	0	0.9001
44	6	0.4371	0	1	0.4371
44	6	5.087	0	0	5.087
44	6	5.637	0	0	5.637
44	6	3.836	0	0	3.836
44	6	4.936	0	0	4.936
44	6	3.91	1	1	3.91
44	6	5.482	0	0	5.482
44	6	1.953	1	1	1.953
44	6	3.647	1	1	3.647
44	6	5.395	1	1	5.395
44	6	0.4946	1	0	0.4946
44	6	0.432	1	0	0.432
44	6	0.8695	1	1	0.8695
44	6	5.25	0	0	5.25
44	6	1.451	1	1	1.451
44	6	0.199	1	1	0.199
44	6	0.4709	1	1	0.4709
44	6	3.573	0	0	3.573
44	6	0.8774	0	0	0.8774
44	6	3.491	0	0	3.491
44	6	5.254	0	0	5.254
44	6	1.817	1	1	1.817
44	6	3.718	0	0	3.718
45	6	3.718	0	0	3.718
45	6	1.813	1	0	1.813
45	6	5.548	0	0	5.548
45	6	0.4936	0	1	0.4936
45	6	5.047	1	1	5.047
45	6	1.838	1	0	1.838
45	6	5.704	1	1	5.704
45	6	3.417	0	0	3.417
45	6	0.3378	0	0	0.3378
45	6	0.1496	1	1	0.1496
45	6	3.721	0	0	3.721
45	6	0.7124	1	0	0.7124
45	6	5.464	1	1	5.464
45	6	1.834	1	1	1.834
45	6	5.412	1	1	5.412
45	6	2.113	1	0	2.113
45	6	5.077	0	0	5.077
45	6	1.747	0	0	1.747
45	6	5.509	0	0	5.509
45	6	0.7887	1	0	0.7887
45	6	1.248	1	1	1.248
45	6	0.1829	1	1	0.1829
45	6	3.545	0	0	3.545
45	6	0.8707	0	0	0.8707
45	6	0.4651	0	0	0.4651
45	6	3.335	1	1	3.335
45	6	0.8815	1	1	0.8815
45	6	0.712	0	0	0.712
45	6	0.8093	1	1	0.8093
45	6	2.011	0	0	2.011
45	6	5.3	1	1	5.3
45	6	5.228	0	0	5.228
45	6	3.776	0	0	3.776
45	6	2.067	0	1	2.067
45	6	1.918	1	1	1.918
45	6	0.3591	1	0	0.3591
45	6	3.358	1	1	3.358
45	6	5.496	0	0	5.496
45	6	3.484	1	1	3.484
45	6	3.831	0	1	3.831
45	6	0.9116	0	1	0.9116
45	6	0.7964	0	1	0.7964
45	6	0.08274	1	0	0.08274
45	6	1.128	1	0	1.128
45	6	2.081	0	0	2.081
45	6	0.8036	0	0	0.8036
45	6	1.933	0	0	1.933
45	6	0.7415	1	0	0.7415
45	6	1.134	0	0	1.134
45	6	3.677	1	0	3.677
46	6	5.417	0	0	5.417
46	6	5.452	0	0	5.452
46	6	3.732	1	1	3.732
46	6	3.892	0	0	3.892
46	6	0.2791	1	0	0.2791
46	6	0.5853	0	0	0.5853
46	6	1.175	1	1	1.175
46	6	0.456	1	0	0.456
46	6	3.717	0	0	3.717
46	6	0.3034	1	1	0.3034
46	6	1.902	1	0	1.902
46	6	3.553	1	1	3.553
46	6	1.932	1	0	1.932
46	6	1.947	1	1	1.947
46	6	0.9642	1	1	0.9642
46	6	5.3	0	0	5.3
46	6	3.823	0	0	3.823
46	6	0.6314	1	0	0.6314
46	6	3.657	0	0	3.657
46	6	5.478	0	0	5.478
46	6	3.589	1	1	3.589
46	6	1.124	0	0	1.124
46	6	1.768	0	0	1.768
46	6	5.458	1	0	5.458
46	6	1.069	0	1	1.069
46	6	3.682	0	0	3.682
46	6	5.606	1	1	5.606
46	6	0.8182	1	0	0.8182
46	6	0.09678	0	1	0.09678
46	6	0.5254	0	1	0.5254
46	6	0.5458	1	1	0.5458
46	6	0.3226	1	0	0.3226
46	6	1.698	0	1	1.698
46	6	0.7843	1	0	0.7843
46	6	1.16	1	0	1.16
46	6	0.332	0	1	0.332
46	6	3.59	0	0	3.59
46	6	0.9075	1	0	0.9075
46	6	1.629	1	1	1.629
46	6	0.7142	0	1	0.7142
46	6	1.716	0	0	1.716
46	6	0.9368	0	0	0.9368
46	6	1.851	0	1	1.851
46	6	3.613	1	1	3.613
46	6	1.667	1	1	1.667
46	6	1.758	1	0	1.758
46	6	5.331	0	0	5.331
46	6	5.189	1	1	5.189
46	6	5.474	0	0	5.474
47	6	0.9825	1	1	0.9825
47	6	0.4917	0	0	0.4917
47	6	1.19	1	0	1.19
47	6	2.032	0	0	2.032
47	6	1.04	0	0	1.04
47	6	0.3309	0	0	0.3309
47	6	0.9465	0	0	0.9465
47	6	1.129	0	1	1.129
47	6	5.412	1	1	5.412
47	6	1.368	1	1	1.368
47	6	0.9092	0	0	0.9092
47	6	0.9676	1	1	0.9676
47	6	3.774	0	0	3.774
47	6	1.895	1	1	1.895
47	6	3.563	0	1	3.563
47	6	5.54	1	1	5.54
47	6	5.458	0	0	5.458
47	6	3.538	0	1	3.538
47	6	3.546	1	1	3.546
47	6	5.141	0	0	5.141
47	6	1.786	0	0	1.786
47	6	0.5756	1	1	0.5756
47	6	0.7184	1	0	0.7184
47	6	0.3843	0	0	0.3843
47	6	1.048	0	0	1.048
47	6	1.78	1	1	1.78
47	6	3.427	1	1	3.427
47	6	1.853	0	0	1.853
47	6	5.188	1	0	5.188
47	6	0.5856	1	1	0.5856
47	6	3.569	1	1	3.569
47	6	5.892	1	1	5.892
47	6	0.1056	0	0	0.1056
47	6	0.524	0	0	0.524
47	6	1.715	1	1	1.715
47	6	3.428	0	0	3.428
47	6	0.6781	1	0	0.6781
47	6	4.876	1	1	4.876
47	6	1.705	1	1	1.705
47	6	3.31	1	1	3.31
47	6	1.738	1	1	1.738
47	6	3.674	0	0	3.674
47	6	0.7443	0	1	0.7443
47	6	0.2505	0	1	0.2505
47	6	5.177	1	1	5.177
47	6	0.5167	1	0	0.5167
47	6	5.314	0	0	5.314
47	6	3.594	0	0	3.594
47	6	1.567	0	0	1.567
47	6	5.316	0	0	5.316
48	6	0.4317	0	0	0.4317
48	6	0.8301	1	1	0.8301
48	6	0.6567	0	1	0.6567
48	6	5.261	0	0	5.261
48	6	0.5839	1	1	0.5839
48	6	0.8965	0	1	0.8965
48	6	5.408	0	0	5.408
48	6	0.5563	0	1	0.5563
48	6	1.159	1	1	1.159
48	6	0.5998	0	1	0.5998
48	6	3.683	0	1	3.683
48	6	3.524	1	1	3.524
48	6	0.554	1	0	0.554
48	6	1.941	0	1	1.941
48	6	3.866	1	1	3.866
48	6	3.516	1	0	3.516
48	6	0.8079	1	1	0.8079
48	6	1.859	0	0	1.859
48	6	3.371	1	0	3.371
48	6	5.285	0	0	5.285
48	6	5.23	0	0	5.23
48	6	0.749	0	0	0.749
48	6	1.042	0	0	1.042
48	6	1.022	0	0	1.022
48	6	5.498	0	0	5.498
48	6	1.281	1	1	1.281
48	6	5.35	0	0	5.35
48	6	5.259	1	0	5.259
48	6	3.282	1	1	3.282
48	6	0.6027	0	1	0.6027
48	6	3.349	1	1	3.349
48	6	1.486	1	1	1.486
48	6	0.3322	0	1	0.3322
48	6	1.266	0	0	1.266
48	6	3.458	0	0	3.458
48	6	1.567	0	1	1.567
48	6	0.3498	0	1	0.3498
48	6	3.433	1	0	3.433
48	6	0.3964	1	1	0.3964
48	6	5.153	1	1	5.153
48	6	3.51	0	0	3.51
48	6	1.461	1	1	1.461
48	6	1.944	1	0	1.944
48	6	1.845	1	0	1.845
48	6	1.619	1	1	1.619
48	6	5.289	0	0	5.289
48	6	5.295	1	1	5.295
48	6	2.028	1	1	2.028
48	6	1.557	1	0	1.557
48	6	0.6973	1	0	0.6973
49	6	3.528	0	0	3.528
49	6	0.1549	1	0	0.1549
49	6	5.396	1	1	5.396
49	6	1.086	0	0	1.086
49	6	1.851	0	1	1.851
49	6	1.618	1	1	1.618
49	6	3.695	0	1	3.695
49	6	1.105	0	0	1.105
49	6	3.891	0	0	3.891
49	6	1.504	1	1	1.504
49	6	5.349	0	0	5.349
49	6	3.651	1	1	3.651
49	6	0.8625	1	1	0.8625
49	6	0.4012	1	1	0.4012
49	6	0.262	1	0	0.262
49	6	5.231	1	1	5.231
49	6	1.457	0	0	1.457
49	6	3.618	1	1	3.618
49	6	1.805	0	1	1.805
49	6	3.611	0	0	3.611
49	6	5.486	1	1	5.486
49	6	1.94	1	0	1.94
49	6	0.3123	0	1	0.3123
49	6	3.278	1	1	3.278
49	6	1.627	1	1	1.627
49	6	0.3506	1	1	0.3506
49	6	5.371	1	0	5.371
49	6	3.734	0	0	3.734
49	6	0.5933	1	0	0.5933
49	6	0.7812	0	0	0.7812
49	6	0.7464	0	0	0.7464
49	6	0.3135	1	0	0.3135
49	6	1.076	1	1	1.076
49	6	0.5369	0	0	0.5369
49	6	5.593	0	0	5.593
49	6	5.632	0	0	5.632
49	6	5.435	0	0	5.435
49	6	1.142	1	1	1.142
49	6	2.081	1	1	2.081
49	6	0.9723	0	0	0.9723
49	6	1.704	1	1	1.704
49	6	1.099	1	1	1.099
49	6	0.4186	0	0	0.4186
49	6	5.341	0	0	5.341
49	6	3.624	0	0	3.624
49	6	3.51	1	1	3.51
49	6	0.3308	0	0	0.3308
49	6	0.08235	0	0	0.08235
49	6	5.415	0	0	5.415
49	6	1.972	0	0	1.972
