0	2	3.44	0	0
0	2	2.028	0	1
0	2	5.207	0	0
0	2	1.529	1	1
0	2	3.967	0	0
0	2	1.092	0	0
0	2	0.582	1	1
0	2	5.611	1	1
0	2	5.6	1	1
0	2	1.868	1	0
0	2	0.6814	0	0
0	2	3.534	1	0
0	2	0.512	1	1
0	2	3.597	0	1
0	2	1.191	1	1
0	2	5.28	0	0
0	2	1.702	1	1
0	2	0.5961	0	1
0	2	3.24	0	1
0	2	5.625	1	0
0	2	1.219	1	0
0	2	0.2302	1	0
0	2	0.3091	1	1
0	2	1.827	0	1
0	2	0.4846	0	0
0	2	1.941	0	0
0	2	5.232	1	1
0	2	3.189	1	1
0	2	5.279	1	1
0	2	3.419	1	0
0	2	0.6723	1	1
0	2	1.811	1	0
0	2	1.691	0	0
0	2	0.7375	0	0
0	2	0.2408	0	1
0	2	0.8517	1	0
0	2	3.553	0	0
0	2	0.8863	1	0
0	2	3.714	0	0
0	2	1.908	0	0
0	2	5.364	1	1
0	2	3.741	0	0
0	2	0.7688	1	0
0	2	5.448	1	1
0	2	0.3715	0	1
0	2	5.465	1	1
0	2	0.3731	0	1
0	2	0.6461	0	1
0	2	0.8381	1	1
0	2	1.927	0	1
1	2	5.599	0	0
1	2	1.07	1	1
1	2	1.813	1	1
1	2	0.1934	0	0
1	2	3.417	1	1
1	2	2.261	0	0
1	2	4.852	0	0
1	2	1.053	1	0
1	2	2.12	0	0
1	2	2.006	0	1
1	2	3.481	0	1
1	2	3.513	1	0
1	2	5.345	0	0
1	2	1.023	1	0
1	2	5.119	1	0
1	2	1.531	1	0
1	2	0.6757	1	1
1	2	3.53	1	1
1	2	1.894	1	0
1	2	0.69	0	0
1	2	1.058	0	0
1	2	3.693	0	0
1	2	0.6142	1	0
1	2	5.24	0	0
1	2	5.389	0	0
1	2	1.872	0	0
1	2	2.026	0	1
1	2	0.8899	0	0
1	2	3.599	1	1
1	2	1.864	0	1
1	2	0.1529	0	1
1	2	3.544	1	0
1	2	0.4978	1	0
1	2	5.268	1	1
1	2	0.1883	0	0
1	2	0.6827	1	0
1	2	5.095	1	1
1	2	0.2374	0	1
1	2	3.547	0	0
1	2	0.6542	1	0
1	2	1.095	1	1
1	2	0.2411	1	0
1	2	3.66	1	1
1	2	0.8379	0	1
1	2	0.6668	0	0
1	2	3.402	0	1
1	2	5.424	1	1
1	2	1.85	0	1
1	2	5.561	1	0
1	2	0.4836	1	0
2	2	0.6055	1	1
2	2	3.676	1	1
2	2	0.9225	0	1
2	2	0.3545	1	0
2	2	2.005	1	1
2	2	0.148	0	1
2	2	3.46	0	0
2	2	1.589	0	0
2	2	1.377	0	0
2	2	0.8163	1	1
2	2	3.616	0	1
2	2	1.762	1	1
2	2	0.08988	0	0
2	2	0.8106	1	1
2	2	5.587	1	1
2	2	1.331	0	1
2	2	5.399	1	1
2	2	1.072	1	1
2	2	1.645	1	0
2	2	0.8065	0	1
2	2	5.345	1	1
2	2	3.477	1	1
2	2	5.324	1	1
2	2	1.02	0	0
2	2	1.86	0	0
2	2	3.291	0	0
2	2	0.4239	1	0
2	2	0.4391	1	0
2	2	3.821	0	0
2	2	0.5326	0	1
2	2	0.9319	0	1
2	2	5.44	1	1
2	2	3.739	1	1
2	2	1.289	1	1
2	2	5.471	1	1
2	2	5.377	0	0
2	2	1.684	0	1
2	2	3.283	1	0
2	2	1.225	1	1
2	2	3.42	0	0
2	2	5.87	1	1
2	2	1.615	0	1
2	2	0.3072	0	1
2	2	1.937	1	0
2	2	1.899	0	0
2	2	0.3533	0	1
2	2	5.522	0	0
2	2	0.4389	1	1
2	2	3.752	0	0
2	2	5.159	0	0
3	2	5.015	1	1
3	2	1.74	1	1
3	2	5.281	1	1
3	2	1.929	1	1
3	2	0.6861	0	0
3	2	1.143	1	1
3	2	1.578	0	0
3	2	0.8618	1	1
3	2	0.4486	1	0
3	2	1.956	0	1
3	2	0.16	0	0
3	2	5.414	0	1
3	2	5.568	1	1
3	2	3.391	0	0
3	2	0.9356	0	0
3	2	0.3202	0	0
3	2	3.807	1	1
3	2	0.3958	0	1
3	2	0.8769	0	0
3	2	0.88	1	1
3	2	3.763	1	1
3	2	5.404	0	0
3	2	0.748	0	0
3	2	5.518	0	0
3	2	0.3359	0	0
3	2	3.993	0	0
3	2	5.196	1	0
3	2	1.851	1	1
3	2	3.775	1	1
3	2	3.264	0	0
3	2	3.538	1	0
3	2	3.98	0	1
3	2	0.2786	1	0
3	2	5.591	0	0
3	2	0.5307	1	0
3	2	3.76	1	1
3	2	0.04076	0	1
3	2	3.339	0	0
3	2	1.944	0	1
3	2	1.527	1	1
3	2	0.5566	1	1
3	2	0.8466	0	0
3	2	1.646	1	1
3	2	0.4619	1	0
3	2	1.885	0	0
3	2	0.9293	0	0
3	2	5.567	1	1
3	2	1.583	1	0
3	2	6.032	1	1
3	2	0.2047	1	1
4	2	3.269	1	1
4	2	1.011	1	0
4	2	5.897	1	1
4	2	5.024	1	1
4	2	2.099	1	1
4	2	1.585	1	1
4	2	0.291	1	0
4	2	3.494	0	0
4	2	5.617	1	0
4	2	3.68	0	1
4	2	0.4108	1	0
4	2	5.592	1	0
4	2	1.802	0	0
4	2	0.5331	1	1
4	2	3.612	0	0
4	2	0.7306	1	0
4	2	1.954	0	0
4	2	3.301	0	0
4	2	5.181	0	0
4	2	0.4662	0	1
4	2	0.8891	1	0
4	2	1.872	1	0
4	2	3.611	0	0
4	2	1.152	1	1
4	2	0.4514	0	0
4	2	5.634	0	0
4	2	0.722	0	0
4	2	0.7772	1	1
4	2	1.664	0	0
4	2	1.818	0	0
4	2	5.392	0	0
4	2	3.434	1	0
4	2	3.545	1	0
4	2	1.866	0	1
4	2	0.7671	0	0
4	2	5.221	1	0
4	2	0.964	1	1
4	2	3.374	1	0
4	2	0.9969	0	1
4	2	3.788	1	1
4	2	1.828	0	0
4	2	5.458	0	0
4	2	0.5388	1	1
4	2	1.925	1	1
4	2	1.022	1	1
4	2	0.8621	0	0
4	2	0.352	0	0
4	2	1.357	1	0
4	2	5.156	0	0
4	2	0.7005	0	0
5	2	1.125	1	1
5	2	3.508	0	1
5	2	0.2543	1	1
5	2	3.449	0	0
5	2	3.504	1	1
5	2	0.8931	0	1
5	2	1.912	0	1
5	2	0.3255	0	1
5	2	5.373	0	0
5	2	5.29	1	1
5	2	0.452	1	1
5	2	0.9782	1	1
5	2	5.297	1	1
5	2	3.554	0	1
5	2	1.039	1	1
5	2	0.192	1	1
5	2	0.2427	1	1
5	2	5.287	1	1
5	2	5.271	0	0
5	2	2.139	1	1
5	2	0.4204	0	1
5	2	3.675	1	0
5	2	0.1042	0	0
5	2	0.617	0	0
5	2	5.205	1	1
5	2	0.8472	1	1
5	2	1.866	1	1
5	2	1.986	0	0
5	2	1.058	0	1
5	2	3.79	1	0
5	2	1.125	0	1
5	2	1.542	0	0
5	2	0.6613	1	0
5	2	4.85	1	1
5	2	0.3062	0	1
5	2	1.806	0	0
5	2	3.886	1	1
5	2	3.537	1	1
5	2	1.938	0	1
5	2	1.811	0	0
5	2	5.705	0	0
5	2	1.652	1	0
5	2	5.378	0	0
5	2	0.5188	0	0
5	2	3.73	0	0
5	2	1.367	0	1
5	2	0.9323	1	1
5	2	0.5272	1	1
5	2	5.154	1	1
5	2	3.728	0	1
6	2	3.591	1	1
6	2	0.8705	1	1
6	2	3.672	1	1
6	2	1.032	0	1
6	2	0.4223	0	1
6	2	1.668	1	1
6	2	0.4472	1	1
6	2	5.159	0	0
6	2	0.4492	0	1
6	2	5.387	0	0
6	2	0.8362	0	1
6	2	1.663	1	1
6	2	5.273	0	0
6	2	0.7367	0	1
6	2	1.479	1	0
6	2	3.363	1	1
6	2	0.5437	0	1
6	2	0.2745	0	1
6	2	3.526	0	0
6	2	2.051	0	1
6	2	5.605	1	1
6	2	0.9668	0	0
6	2	3.785	1	1
6	2	5.484	0	0
6	2	0.5942	0	1
6	2	0.3695	1	1
6	2	5.172	0	1
6	2	5.522	1	1
6	2	0.2193	1	1
6	2	1.96	1	1
6	2	5.706	0	0
6	2	0.8917	0	1
6	2	1.197	1	1
6	2	3.653	0	0
6	2	0.8083	1	0
6	2	2.077	1	1
6	2	2.028	1	0
6	2	1.016	0	0
6	2	5.479	0	0
6	2	2.008	0	0
6	2	2.042	1	1
6	2	3.343	1	1
6	2	0.6184	1	0
6	2	1.663	1	0
6	2	3.538	0	0
6	2	0.7304	1	0
6	2	3.799	1	1
6	2	5.528	0	0
6	2	0.5757	1	0
6	2	3.66	1	0
7	2	0.779	1	1
7	2	0.823	0	0
7	2	0.6391	0	0
7	2	0.7311	1	1
7	2	1.615	1	1
7	2	0.3989	1	0
7	2	5.149	0	0
7	2	3.596	1	1
7	2	0.2954	0	0
7	2	0.7369	0	1
7	2	4.96	0	0
7	2	0.8586	1	1
7	2	5.309	1	1
7	2	1.397	1	0
7	2	0.9549	1	0
7	2	3.582	1	1
7	2	1.741	0	0
7	2	2.03	1	0
7	2	2.081	1	0
7	2	2.082	0	0
7	2	3.698	1	1
7	2	0.5615	1	0
7	2	0.5456	0	0
7	2	5.246	1	0
7	2	0.4614	0	0
7	2	1.654	0	0
7	2	5.091	0	0
7	2	1.658	1	1
7	2	5.673	0	0
7	2	0.2592	0	0
7	2	3.461	0	0
7	2	3.671	1	0
7	2	5.581	0	0
7	2	5.422	1	1
7	2	3.65	0	0
7	2	0.4969	1	0
7	2	1.923	0	0
7	2	3.185	0	0
7	2	3.504	0	0
7	2	0.1624	0	0
7	2	1.038	0	0
7	2	5.352	1	0
7	2	0.4538	0	0
7	2	4.997	0	0
7	2	1.681	1	0
7	2	0.8608	0	0
7	2	3.778	0	0
7	2	0.6024	1	0
7	2	3.907	1	0
7	2	0.3231	1	0
8	2	3.948	1	1
8	2	3.748	0	0
8	2	3.645	0	0
8	2	0.8926	1	1
8	2	0.8245	0	1
8	2	0.2768	0	0
8	2	3.244	0	0
8	2	0.9297	1	0
8	2	0.2941	1	0
8	2	0.7831	1	0
8	2	0.1564	0	0
8	2	5.281	1	1
8	2	5.459	0	0
8	2	3.331	1	1
8	2	1.464	0	0
8	2	0.8947	0	0
8	2	0.8489	1	1
8	2	2.2	1	0
8	2	5.196	1	1
8	2	0.1463	1	0
8	2	1.837	0	1
8	2	1.892	1	0
8	2	5.295	1	1
8	2	0.177	1	0
8	2	0.7484	0	0
8	2	3.682	0	0
8	2	5.556	0	1
8	2	3.558	1	1
8	2	5.169	0	0
8	2	0.499	0	0
8	2	5.575	0	0
8	2	1.416	1	1
8	2	3.433	0	0
8	2	5.675	0	1
8	2	1.773	1	0
8	2	0.6376	1	0
8	2	3.198	1	0
8	2	0.2234	1	1
8	2	1.888	0	0
8	2	1.647	0	0
8	2	5.418	0	0
8	2	3.605	1	0
8	2	2.215	0	0
8	2	1.662	0	1
8	2	5.319	1	0
8	2	0.6422	1	1
8	2	0.3422	1	0
8	2	0.7522	0	1
8	2	0.9902	1	0
8	2	0.4206	0	1
9	2	1.824	0	0
9	2	0.479	0	1
9	2	0.306	1	1
9	2	1.834	1	1
9	2	0.8966	0	0
9	2	0.4863	0	0
9	2	5.433	1	1
9	2	2.087	1	1
9	2	6.038	1	1
9	2	0.5175	1	0
9	2	5.311	0	0
9	2	3.479	0	0
9	2	0.21	1	1
9	2	3.395	0	0
9	2	0.9292	1	1
9	2	5.553	1	1
9	2	3.67	1	1
9	2	4.892	1	1
9	2	1.504	1	1
9	2	3.48	0	0
9	2	0.4753	0	1
9	2	1.933	1	0
9	2	0.7653	0	0
9	2	5.482	0	0
9	2	0.8801	0	1
9	2	0.9841	0	0
9	2	5.232	1	1
9	2	5.297	0	0
9	2	0.6444	1	1
9	2	0.2327	0	0
9	2	0.6411	1	1
9	2	3.754	0	1
9	2	0.8072	1	1
9	2	1.682	0	0
9	2	0.6957	0	0
9	2	0.5323	0	1
9	2	5.279	0	0
9	2	3.446	1	1
9	2	1.612	1	1
9	2	1.023	1	1
9	2	3.731	0	0
9	2	3.669	0	0
9	2	1.319	0	0
9	2	2.051	1	1
9	2	0.9585	1	1
9	2	3.003	0	0
9	2	2.062	1	1
9	2	0.2509	1	1
9	2	3.589	0	0
9	2	5.394	1	1
10	3	1.047	0	1
10	3	5.434	0	0
10	3	5.098	0	0
10	3	3.607	1	1
10	3	1.226	0	0
10	3	0.4898	1	1
10	3	0.5633	0	0
10	3	2.029	0	1
10	3	3.679	1	1
10	3	3.754	1	1
10	3	5.413	1	1
10	3	0.955	1	0
10	3	3.495	1	0
10	3	1.753	0	0
10	3	0.688	1	1
10	3	1.21	1	0
10	3	5.58	0	0
10	3	3.422	1	0
10	3	0.7373	1	0
10	3	1.934	0	1
10	3	0.6405	0	1
10	3	5.202	0	0
10	3	0.9539	0	1
10	3	3.302	1	1
10	3	3.833	1	0
10	3	2.039	1	1
10	3	1.576	0	0
10	3	3.886	1	1
10	3	0.8538	0	1
10	3	1.564	0	0
10	3	5.27	0	0
10	3	0.1291	0	1
10	3	0.8837	1	1
10	3	1.223	1	1
10	3	5.359	1	1
10	3	0.678	0	0
10	3	3.652	1	1
10	3	3.494	0	0
10	3	1.746	0	1
10	3	0.3699	1	1
10	3	5.548	1	1
10	3	1.063	1	0
10	3	0.5656	0	0
10	3	5.367	1	0
10	3	5.459	0	0
10	3	1.933	0	0
10	3	1.689	1	1
10	3	1.532	0	0
10	3	0.9381	0	0
10	3	0.5877	1	0
11	3	5.414	0	1
11	3	5.554	1	1
11	3	1.677	0	0
11	3	0.7059	1	0
11	3	2.107	0	0
11	3	1.928	0	0
11	3	2.035	1	1
11	3	3.737	0	0
11	3	1.628	1	1
11	3	5.439	0	0
11	3	3.574	1	0
11	3	5.316	1	1
11	3	4.194	1	1
11	3	0.5498	1	0
11	3	1.856	1	0
11	3	0.5907	0	0
11	3	0.4653	1	1
11	3	1.393	0	0
11	3	1.416	0	0
11	3	0.3281	1	0
11	3	3.453	0	0
11	3	1.466	1	1
11	3	3.506	1	0
11	3	0.7261	1	0
11	3	1.538	1	0
11	3	0.7693	0	0
11	3	0.2516	0	1
11	3	0.509	0	0
11	3	1.881	0	0
11	3	0.4679	0	1
11	3	0.6664	0	0
11	3	3.291	1	1
11	3	3.927	1	1
11	3	5.331	1	1
11	3	3.515	1	0
11	3	5.205	1	1
11	3	1.035	0	0
11	3	1.023	0	0
11	3	0.8292	1	0
11	3	0.649	1	1
11	3	1.098	0	0
11	3	0.938	1	1
11	3	3.311	0	0
11	3	5.355	0	0
11	3	0.7249	0	1
11	3	1.189	0	1
11	3	5.449	0	0
11	3	5.561	1	1
11	3	3.337	1	1
11	3	5.348	0	0
12	3	0.419	1	1
12	3	5.202	0	0
12	3	5.016	0	0
12	3	5.433	0	0
12	3	0.7674	1	0
12	3	1.702	1	0
12	3	3.848	0	1
12	3	3.388	0	0
12	3	1.674	1	0
12	3	0.4538	1	0
12	3	0.2163	0	0
12	3	1.924	0	0
12	3	1.282	1	0
12	3	5.522	0	0
12	3	0.9549	1	0
12	3	3.75	0	0
12	3	0.7962	0	1
12	3	3.336	0	0
12	3	0.6174	1	0
12	3	0.5093	0	1
12	3	0.06931	0	0
12	3	3.205	0	1
12	3	1.076	0	0
12	3	0.03082	0	1
12	3	1.231	0	1
12	3	5.199	0	1
12	3	5.268	1	1
12	3	5.767	1	1
12	3	5.315	0	0
12	3	1.992	1	1
12	3	3.656	1	1
12	3	0.5344	1	1
12	3	2.007	1	1
12	3	0.5666	1	1
12	3	1.965	1	1
12	3	5.265	0	0
12	3	1.849	1	1
12	3	3.341	1	1
12	3	0.3915	0	0
12	3	1.889	1	1
12	3	1.142	1	0
12	3	3.473	1	1
13	3	0.4932	1	0
13	3	1.985	0	1
13	3	5.286	1	1
13	3	0.5565	1	0
13	3	1.752	1	1
13	3	1.016	0	1
13	3	0.7412	1	0
13	3	1.892	0	0
13	3	3.687	0	0
13	3	0.5045	1	1
13	3	3.676	0	0
13	3	5.314	0	0
13	3	1.586	1	0
13	3	0.1595	1	0
13	3	5.61	1	0
13	3	1.862	0	1
13	3	5.499	0	0
13	3	3.3	1	0
13	3	3.74	0	0
13	3	3.405	0	0
13	3	2.031	0	0
13	3	0.744	0	0
13	3	3.505	0	0
13	3	0.6	1	0
13	3	3.636	1	1
13	3	5.098	1	0
13	3	5.533	1	1
13	3	1.938	0	0
13	3	5.108	0	0
13	3	0.8088	1	1
13	3	0.9882	0	0
13	3	0.2432	1	0
13	3	5.402	0	0
13	3	0.6005	0	0
13	3	5.221	0	0
13	3	0.3612	0	1
13	3	1.608	0	1
13	3	1.996	1	1
13	3	0.9233	1	0
13	3	2.024	0	0
13	3	0.8738	1	1
13	3	3.493	1	1
13	3	0.1288	0	0
13	3	0.7563	1	0
13	3	3.219	1	0
13	3	5.408	1	1
13	3	0.3156	0	0
13	3	0.09843	1	1
13	3	3.817	1	1
13	3	0.3332	0	0
14	3	0.7613	0	0
14	3	0.3435	0	1
14	3	5.499	1	1
14	3	0.1961	1	1
14	3	3.332	1	1
14	3	0.2794	1	0
14	3	2.099	1	1
14	3	5.612	0	0
14	3	1.027	0	0
14	3	1.636	1	1
14	3	1.084	0	0
14	3	0.4058	1	1
14	3	0.1487	1	0
14	3	0.8024	1	0
14	3	1.252	0	0
14	3	0.586	0	1
14	3	0.3799	1	0
14	3	5.725	0	0
14	3	0.3797	1	1
14	3	5.444	0	0
14	3	1.706	1	1
14	3	0.5926	0	0
14	3	0.7788	0	0
14	3	5.439	0	0
14	3	3.66	0	0
14	3	5.444	0	0
14	3	2.115	1	1
14	3	3.461	0	0
14	3	1.441	0	0
14	3	0.8509	1	1
14	3	1.768	0	0
14	3	1.854	0	1
14	3	1.012	1	1
14	3	3.794	0	0
14	3	0.2905	1	1
14	3	0.8674	1	0
14	3	0.8411	1	1
14	3	3.671	1	1
14	3	1.506	0	1
14	3	5.178	1	1
14	3	0.1906	1	1
14	3	1.729	1	1
14	3	3.792	1	1
14	3	3.709	0	0
14	3	5.321	1	1
14	3	3.483	0	1
14	3	3.559	0	0
14	3	5.555	0	0
14	3	4.163	1	1
14	3	5.257	1	1
15	3	0.5173	1	1
15	3	5.701	0	0
15	3	0.9338	0	0
15	3	0.6002	1	1
15	3	0.3243	1	0
15	3	1.027	1	0
15	3	3.587	0	1
15	3	5.28	1	1
15	3	0.8463	0	0
15	3	1.918	0	0
15	3	5.378	1	1
15	3	1.43	0	1
15	3	0.6375	1	0
15	3	1.659	0	0
15	3	5.312	1	1
15	3	5.7	0	0
15	3	2.395	0	0
15	3	2.06	0	0
15	3	1.038	1	0
15	3	3.696	0	0
15	3	1.115	0	0
15	3	0.3351	0	1
15	3	3.451	1	1
15	3	5.085	0	0
15	3	1.114	0	0
15	3	3.597	1	1
15	3	3.693	1	1
15	3	1.564	1	1
15	3	3.746	1	1
15	3	0.231	1	0
15	3	1.686	1	1
15	3	3.763	1	1
15	3	0.105	0	0
15	3	0.7788	0	1
15	3	3.646	1	1
15	3	1.615	1	1
15	3	3.761	0	0
15	3	0.954	1	1
15	3	5.404	0	0
15	3	5.281	1	1
15	3	5.188	1	1
15	3	0.485	0	1
15	3	1.867	0	0
15	3	0.6005	0	0
15	3	2.013	1	0
15	3	5.423	0	0
15	3	0.3457	0	1
15	3	0.7026	0	0
15	3	1.679	0	1
15	3	3.356	1	1
16	3	0.4186	0	1
16	3	1.79	0	0
16	3	0.4887	0	1
16	3	5.235	1	1
16	3	0.6698	1	0
16	3	1.068	0	0
16	3	3.545	0	1
16	3	0.06964	0	0
16	3	3.452	1	0
16	3	5.271	0	0
16	3	1.002	0	0
16	3	0.2727	0	0
16	3	3.819	1	1
16	3	5.632	1	1
16	3	1.938	1	0
16	3	3.77	1	0
16	3	0.3731	0	1
16	3	3.646	0	0
16	3	0.43	0	0
16	3	1.276	1	1
16	3	5.556	1	1
16	3	3.438	0	1
16	3	0.6959	1	1
16	3	1.51	0	1
16	3	0.3886	0	0
16	3	1.888	1	0
16	3	1.255	0	0
16	3	1.144	1	1
16	3	5.376	1	1
16	3	0.5297	1	0
16	3	1.762	0	0
16	3	1.457	1	1
16	3	5.169	1	1
16	3	3.858	0	0
16	3	0.7141	1	1
16	3	5.476	0	0
16	3	1.558	1	1
16	3	1.059	0	0
16	3	3.625	0	1
16	3	5.245	0	0
16	3	0.3433	1	1
16	3	1.921	1	1
16	3	3.898	0	0
16	3	0.9123	0	1
16	3	5.142	0	0
16	3	5.142	0	0
16	3	1.891	1	0
16	3	3.542	0	0
16	3	0.5461	1	1
16	3	2.289	1	1
17	3	1.073	0	1
17	3	0.5086	1	0
17	3	3.556	1	1
17	3	1.807	0	1
17	3	1.772	0	0
17	3	0.6757	1	0
17	3	5.091	0	0
17	3	1.677	0	0
17	3	3.904	0	0
17	3	1.107	1	1
17	3	0.876	1	1
17	3	0.8899	0	1
17	3	5.503	0	0
17	3	5.457	0	0
17	3	3.744	1	0
17	3	0.105	1	1
17	3	2.081	1	1
17	3	5.299	0	0
17	3	3.734	0	1
17	3	0.6205	0	0
17	3	0.6659	0	0
17	3	0.3777	1	1
17	3	5.513	0	0
17	3	0.6253	1	0
17	3	1.699	1	0
17	3	3.581	1	1
17	3	0.7141	1	1
17	3	0.6088	1	1
17	3	0.4879	0	0
17	3	1.003	1	0
17	3	5.409	1	1
17	3	3.66	0	0
17	3	5.485	1	1
17	3	1.86	1	0
17	3	5.302	1	1
17	3	0.9689	1	1
17	3	3.681	0	0
17	3	1.4	0	0
17	3	0.379	0	1
17	3	2.077	1	1
17	3	0.3871	0	0
17	3	1.114	1	0
17	3	3.461	0	0
17	3	3.622	0	0
17	3	0.6724	1	0
17	3	2.18	0	0
17	3	3.533	1	1
17	3	1.67	0	1
17	3	5.362	0	0
17	3	5.408	1	1
18	3	1.768	1	1
18	3	3.699	1	1
18	3	0.5794	1	1
18	3	2.002	1	1
18	3	3.319	1	0
18	3	1.965	1	1
18	3	1.777	0	0
18	3	1.847	0	0
18	3	5.676	0	0
18	3	5.053	1	1
18	3	0.7382	0	1
18	3	0.2161	0	0
18	3	5.042	0	0
18	3	0.6448	1	1
18	3	3.564	1	1
18	3	1.937	0	1
18	3	0.696	0	0
18	3	0.7283	1	0
18	3	3.65	1	1
18	3	4.17	0	0
18	3	2.162	1	1
18	3	1.078	0	1
18	3	5.213	1	1
18	3	5.487	1	1
18	3	0.8801	0	0
18	3	0.4097	1	1
18	3	3.447	0	0
18	3	1.713	0	1
18	3	0.7897	1	0
18	3	5.228	0	0
18	3	1.894	1	1
18	3	0.4617	0	0
18	3	4.021	0	0
18	3	1.838	1	1
18	3	3.659	1	1
18	3	0.3391	1	1
18	3	0.2227	0	1
18	3	0.756	0	0
18	3	0.6069	0	1
18	3	5.491	0	0
18	3	0.4769	1	1
18	3	5.666	1	0
18	3	0.7564	1	1
18	3	3.49	0	0
18	3	5.392	0	0
18	3	1.03	0	1
18	3	3.321	1	1
18	3	5.312	1	1
18	3	0.8386	0	1
18	3	1.128	1	0
19	3	5.561	1	1
19	3	5.07	0	0
19	3	5.342	1	1
19	3	0.2827	1	1
19	3	3.167	1	1
19	3	1.271	1	1
19	3	0.3262	0	0
19	3	1.712	1	1
19	3	0.6038	0	0
19	3	0.546	0	1
19	3	1.837	1	1
19	3	1.887	1	1
19	3	0.6595	1	0
19	3	5.255	0	0
19	3	0.9002	0	0
19	3	3.416	1	1
19	3	3.963	1	1
19	3	1.855	0	0
19	3	0.5009	0	1
19	3	1.682	1	1
19	3	1.383	1	0
19	3	1.221	0	0
19	3	0.6403	1	0
19	3	3.726	1	0
19	3	3.321	0	0
19	3	1.002	1	1
19	3	0.6552	1	1
19	3	3.592	1	1
19	3	3.575	1	1
19	3	3.277	0	0
19	3	5.724	1	1
19	3	0.5753	0	1
19	3	0.4356	0	1
19	3	0.4112	1	0
19	3	0.5069	0	0
19	3	5.599	0	0
19	3	3.227	0	0
19	3	1.902	0	0
19	3	0.2996	0	1
19	3	3.598	1	0
19	3	5.478	1	1
19	3	0.7258	0	1
19	3	0.2588	0	0
19	3	1.761	0	0
19	3	2.006	0	0
19	3	5.518	0	0
19	3	1.276	1	1
19	3	5.28	0	0
19	3	5.348	1	1
19	3	1.859	1	1
20	4	5.311	1	1
20	4	1.543	1	0
20	4	1.138	0	1
20	4	1.495	0	1
20	4	0.7195	1	1
20	4	1.886	0	0
20	4	1.967	0	1
20	4	0.7227	1	1
20	4	3.181	0	0
20	4	1.053	1	1
20	4	3.538	1	1
20	4	0.8495	0	0
20	4	0.4789	1	1
20	4	0.2293	1	1
20	4	2.113	1	1
20	4	1.562	0	0
20	4	5.675	0	0
20	4	1.959	1	1
20	4	1.267	1	1
20	4	2.076	1	1
20	4	5.304	1	1
20	4	0.3071	1	1
20	4	0.8169	0	0
20	4	3.418	1	1
20	4	5.302	0	0
20	4	3.77	0	1
20	4	5.321	0	0
20	4	5.475	1	1
20	4	0.1546	1	1
20	4	0.8619	0	1
20	4	0.5887	0	1
20	4	3.754	0	0
20	4	5.298	0	0
20	4	5.465	0	0
20	4	3.389	0	0
20	4	5.122	0	0
20	4	0.6953	1	1
20	4	5.333	0	0
20	4	0.7939	1	0
20	4	1.201	0	0
20	4	3.997	0	0
20	4	3.424	1	0
20	4	1.806	1	1
20	4	0.3369	0	1
20	4	0.5361	1	0
20	4	0.8755	0	0
20	4	3.857	1	1
20	4	0.9821	1	1
20	4	3.633	0	0
20	4	1.873	0	1
21	4	1.719	0	1
21	4	5.382	0	0
21	4	0.8288	1	0
21	4	3.883	0	0
21	4	0.5826	1	1
21	4	3.301	1	1
21	4	3.67	0	0
21	4	5.308	1	1
21	4	0.1649	0	0
21	4	1.886	1	1
21	4	5.104	0	0
21	4	0.1621	1	1
21	4	0.8203	0	0
21	4	5.618	1	1
21	4	0.7111	0	1
21	4	3.544	0	0
21	4	3.507	0	0
21	4	1.298	1	0
21	4	5.253	0	0
21	4	3.369	0	0
21	4	0.687	0	0
21	4	1.823	0	0
21	4	3.579	1	0
21	4	1.892	0	0
21	4	5.368	0	0
21	4	1.984	0	0
21	4	0.9941	1	1
21	4	0.8419	0	1
21	4	1.789	0	1
21	4	1.339	1	1
21	4	0.3492	1	0
21	4	3.748	0	0
21	4	0.186	0	0
21	4	1.247	0	0
21	4	0.7415	0	0
21	4	1.871	0	1
21	4	3.722	1	1
21	4	0.2245	1	0
21	4	5.32	1	1
21	4	0.6131	1	0
21	4	5.314	1	1
21	4	3.626	1	1
21	4	0.8602	1	1
21	4	1.766	1	0
21	4	5.341	0	0
21	4	5.381	1	0
21	4	0.6367	1	1
21	4	1.467	1	0
21	4	0.9156	1	1
21	4	0.5947	1	1
22	4	1.028	1	1
22	4	5.331	1	1
22	4	0.4365	1	1
22	4	0.8278	1	0
22	4	1.797	0	0
22	4	1.013	1	0
22	4	1.825	0	1
22	4	5.626	1	1
22	4	0.561	0	0
22	4	5.455	1	1
22	4	1.827	0	0
22	4	0.805	0	0
22	4	1.717	1	1
22	4	3.265	1	0
22	4	5.074	0	0
22	4	3.727	1	0
22	4	3.442	1	0
22	4	0.387	1	1
22	4	0.7256	0	0
22	4	0.6303	0	0
22	4	1.92	0	0
22	4	3.477	0	0
22	4	3.603	0	0
22	4	5.555	0	0
22	4	5.71	1	0
22	4	3.645	0	0
22	4	0.3288	1	1
22	4	0.8151	0	0
22	4	0.2942	1	1
22	4	1.81	1	1
22	4	0.2699	1	0
22	4	0.8066	0	0
22	4	0.5926	0	0
22	4	1.983	0	0
22	4	1.868	1	0
22	4	3.381	1	0
22	4	1.8	1	0
22	4	5.03	0	0
22	4	3.31	0	0
22	4	5.518	1	1
22	4	5.185	0	0
22	4	3.452	0	0
22	4	1.02	0	0
22	4	5.492	0	0
22	4	3.463	0	0
22	4	0.7057	1	0
22	4	0.9456	0	0
22	4	1.836	1	0
22	4	0.4661	1	1
22	4	0.2746	0	0
23	4	2.013	0	0
23	4	0.3434	0	1
23	4	3.881	0	0
23	4	3.737	0	0
23	4	5.482	1	0
23	4	3.3	1	1
23	4	0.2429	0	0
23	4	1.945	1	0
23	4	1.364	1	1
23	4	0.7964	1	1
23	4	3.604	0	0
23	4	1.933	1	1
23	4	3.622	1	1
23	4	1.635	1	0
23	4	0.5889	1	0
23	4	0.2165	0	0
23	4	0.3362	1	0
23	4	0.6884	0	0
23	4	3.847	0	0
23	4	5.585	1	1
23	4	5.463	1	0
23	4	1.934	1	1
23	4	0.3295	0	0
23	4	3.691	0	0
23	4	5.767	0	0
23	4	0.7583	0	0
23	4	0.4129	1	0
23	4	5.436	1	0
23	4	5.439	0	0
23	4	0.1537	1	1
23	4	0.5977	0	0
23	4	0.7037	1	1
23	4	0.8919	0	0
23	4	3.686	0	0
23	4	1.701	1	0
23	4	0.8601	0	0
23	4	5.376	0	0
23	4	5.567	0	0
23	4	1.908	1	0
23	4	1.876	1	1
23	4	1.845	0	0
23	4	5.574	1	1
23	4	1.687	1	1
23	4	3.169	1	1
23	4	0.9203	0	1
23	4	0.5791	0	0
23	4	0.3264	1	0
23	4	3.559	1	1
23	4	1.208	0	0
23	4	5.116	0	0
24	4	5.497	0	0
24	4	1.923	1	0
24	4	0.3036	0	0
24	4	0.4707	0	0
24	4	5.157	0	0
24	4	3.551	1	1
24	4	1.841	1	0
24	4	3.682	0	0
24	4	2.049	0	0
24	4	5.599	0	0
24	4	1.716	1	0
24	4	1.741	0	0
24	4	0.52	0	0
24	4	1.755	1	0
24	4	0.5545	1	0
24	4	0.2335	0	0
24	4	1.011	1	0
24	4	0.6619	1	0
24	4	5.905	1	0
24	4	0.637	1	0
24	4	5.566	0	0
24	4	3.759	1	0
24	4	1.906	1	1
24	4	0.1292	0	1
24	4	0.8761	1	1
24	4	1.084	1	0
24	4	1.218	1	0
24	4	5.697	0	0
24	4	1.884	1	1
24	4	0.381	1	0
24	4	3.541	1	0
24	4	1.951	0	1
24	4	0.8195	0	0
24	4	3.492	0	0
24	4	1.251	0	0
24	4	5.424	0	0
24	4	0.4957	1	0
24	4	3.722	0	0
24	4	1.891	1	0
24	4	3.705	1	0
24	4	0.4827	0	0
24	4	3.684	0	0
24	4	3.55	1	0
24	4	5.646	1	0
24	4	3.453	0	0
24	4	0.9503	1	0
24	4	5.445	1	1
24	4	0.8232	0	0
24	4	5.339	0	0
24	4	0.7563	1	0
25	4	3.427	1	1
25	4	0.3823	1	0
25	4	2.025	1	1
25	4	5.731	1	0
25	4	3.901	0	0
25	4	3.663	1	0
25	4	1.699	0	0
25	4	5.23	0	0
25	4	5.18	1	1
25	4	0.2653	0	0
25	4	1.605	0	0
25	4	0.8971	0	0
25	4	0.9101	1	0
25	4	3.778	1	1
25	4	5.548	0	0
25	4	3.41	0	0
25	4	5.469	0	0
25	4	0.8507	0	0
25	4	0.4653	1	1
25	4	0.801	0	0
25	4	0.5001	0	0
25	4	3.611	0	0
25	4	3.683	1	0
25	4	0.562	1	1
25	4	0.4837	0	0
25	4	1.748	1	1
25	4	5.279	0	1
25	4	0.6673	1	0
25	4	1.779	0	0
25	4	1.745	0	0
25	4	0.5097	0	0
25	4	0.6841	0	0
25	4	0.7416	0	0
25	4	0.7768	1	1
25	4	5.556	1	1
25	4	1.108	1	0
25	4	1.793	0	0
25	4	3.582	1	0
25	4	5.552	1	1
25	4	1.377	1	1
25	4	0.7979	1	1
25	4	1.017	0	0
25	4	0.77	1	1
25	4	1.777	0	0
25	4	5.092	1	1
25	4	3.55	0	0
25	4	1.206	1	0
25	4	3.673	0	0
25	4	5.717	0	0
25	4	0.9825	1	0
26	4	0.9777	0	0
26	4	0.39	1	1
26	4	0.7379	1	1
26	4	3.484	0	1
26	4	1.074	1	0
26	4	0.3955	1	1
26	4	5.15	1	0
26	4	3.533	0	0
26	4	5.51	0	0
26	4	1.721	1	0
26	4	3.413	1	0
26	4	5.501	0	0
26	4	3.961	0	0
26	4	0.4519	1	1
26	4	0.3426	1	1
26	4	3.571	1	0
26	4	1.037	0	0
26	4	1.049	0	1
26	4	3.552	1	1
26	4	3.679	1	1
26	4	3.67	1	1
26	4	1.618	0	1
26	4	0.7626	1	0
26	4	1.933	1	1
26	4	0.7663	0	1
26	4	5.501	0	0
26	4	1.664	1	1
26	4	3.607	0	0
26	4	1.879	1	1
26	4	1.919	1	1
26	4	0.4316	1	0
26	4	5.212	0	0
26	4	0.6054	0	0
26	4	0.3328	1	0
26	4	1.911	0	0
26	4	0.3032	0	0
26	4	1.945	1	0
26	4	0.985	0	0
26	4	1.663	0	0
26	4	0.627	1	0
26	4	2.035	0	0
26	4	5.218	1	1
26	4	3.316	1	1
26	4	5.344	0	0
26	4	0.4231	1	0
26	4	0.7265	1	0
26	4	5.246	0	0
26	4	0.696	0	0
26	4	5.356	0	0
26	4	5.38	0	0
27	4	3.872	1	1
27	4	1.314	0	0
27	4	1.896	0	0
27	4	3.46	0	0
27	4	0.3944	0	0
27	4	5.439	1	0
27	4	3.653	0	0
27	4	1.914	1	1
27	4	1.691	0	1
27	4	0.4561	0	0
27	4	0.9848	1	0
27	4	5.631	0	0
27	4	0.8889	1	1
27	4	1.377	1	1
27	4	1.101	1	0
27	4	5.604	1	1
27	4	1.848	0	0
27	4	0.8018	1	1
27	4	1.857	0	0
27	4	3.537	0	1
27	4	0.3419	0	1
27	4	5.472	0	0
27	4	0.5135	1	0
27	4	0.9021	0	0
27	4	5.968	1	1
27	4	5.437	0	0
27	4	5.559	1	1
27	4	0.392	0	1
27	4	3.58	0	0
27	4	0.2631	0	1
27	4	0.3555	1	0
27	4	3.862	1	0
27	4	5.457	0	0
27	4	1.991	0	1
27	4	3.675	0	0
27	4	1.749	0	0
27	4	3.595	1	1
27	4	0.9624	1	1
27	4	0.147	1	1
27	4	1.141	1	1
27	4	0.7382	1	1
27	4	1.029	0	1
27	4	0.6661	1	1
27	4	1.866	0	1
27	4	5.156	1	0
27	4	5.311	1	1
27	4	1.002	0	0
27	4	0.5285	0	1
27	4	3.721	1	0
27	4	3.823	1	1
28	4	3.516	1	1
28	4	0.2973	0	1
28	4	1.749	1	0
28	4	5.338	1	1
28	4	5.946	1	1
28	4	0.7297	0	0
28	4	5.534	0	0
28	4	5.103	0	0
28	4	1.763	1	1
28	4	3.519	0	0
28	4	0.685	1	1
28	4	5.329	0	0
28	4	5.243	0	0
28	4	5.17	0	0
28	4	0.7732	1	1
28	4	0.8044	1	0
28	4	3.49	1	1
28	4	1.673	1	1
28	4	3.494	0	0
28	4	0.5671	1	1
28	4	0.05451	1	1
28	4	3.822	0	0
28	4	0.0856	1	0
28	4	3.54	0	0
28	4	5.394	1	1
28	4	1.107	0	0
28	4	0.2232	0	0
28	4	5.166	1	1
28	4	0.3128	0	1
28	4	0.9517	0	1
28	4	3.767	0	0
28	4	0.5766	0	0
28	4	1.012	1	0
28	4	1.596	1	0
28	4	5.598	0	0
28	4	0.7114	1	0
28	4	0.5512	1	0
28	4	1.871	0	1
28	4	0.7287	0	0
28	4	1.851	0	1
28	4	1.966	1	1
28	4	3.568	1	1
28	4	3.524	1	1
28	4	2.125	1	1
28	4	0.5538	1	1
28	4	1.371	0	0
28	4	0.7084	0	0
28	4	3.632	1	1
28	4	0.5534	0	0
28	4	1.84	0	1
29	4	3.539	1	1
29	4	3.857	1	1
29	4	2.202	1	1
29	4	0.7696	0	1
29	4	1.403	1	0
29	4	0.9858	1	0
29	4	1.79	0	0
29	4	5.281	0	0
29	4	0.4245	1	0
29	4	3.47	0	1
29	4	0.1452	1	0
29	4	5.373	1	0
29	4	0.5699	1	0
29	4	0.8013	0	1
29	4	5.173	0	1
29	4	0.8465	1	0
29	4	0.8159	0	0
29	4	5.271	0	0
29	4	5.578	0	0
29	4	1.905	0	0
29	4	3.309	1	0
29	4	5.456	0	0
29	4	0.5334	1	1
29	4	1.691	0	1
29	4	5.384	1	1
29	4	5.373	1	1
29	4	2.08	0	0
29	4	1.045	1	1
29	4	5.659	1	1
29	4	3.735	1	1
29	4	1.905	1	0
29	4	0.6505	0	0
29	4	0.7268	0	1
29	4	3.818	1	1
29	4	0.6979	1	0
29	4	0.5162	1	0
29	4	0.4433	0	0
29	4	0.7471	0	0
29	4	1.386	0	0
29	4	0.7266	1	1
29	4	1.986	0	0
29	4	3.512	1	1
29	4	3.5	1	1
29	4	3.612	1	0
29	4	0.4337	0	1
29	4	3.886	0	0
29	4	0.1678	1	0
29	4	5.611	0	0
29	4	1.36	0	0
29	4	1.07	0	1
30	5	1.675	1	1
30	5	1.688	0	1
30	5	0.7181	0	0
30	5	1.532	1	1
30	5	5.412	1	1
30	5	5.083	1	0
30	5	3.532	0	0
30	5	3.745	0	0
30	5	3.477	1	1
30	5	5.161	0	0
30	5	0.856	0	0
30	5	1.748	1	0
30	5	0.451	0	0
30	5	0.9293	0	0
30	5	5.442	1	1
30	5	1.077	1	1
30	5	1.034	0	0
30	5	0.6992	1	0
30	5	1.492	0	1
30	5	0.6565	0	0
30	5	0.3719	1	0
30	5	3.934	0	0
30	5	5.058	0	0
30	5	0.8861	1	0
30	5	0.4038	1	1
30	5	0.9335	1	0
30	5	0.4948	1	0
30	5	3.39	0	0
30	5	5.415	0	1
30	5	5.648	1	1
30	5	0.7145	0	0
30	5	3.501	1	1
30	5	3.256	0	0
30	5	3.677	0	0
30	5	0.9694	1	1
30	5	1.694	1	1
30	5	1.998	0	0
30	5	4.004	0	0
30	5	3.53	0	0
30	5	1.552	1	1
30	5	0.464	1	0
30	5	1.969	0	0
30	5	0.6781	0	0
30	5	0.835	0	1
30	5	5.363	0	0
30	5	5.601	1	1
30	5	5.133	1	0
30	5	0.6569	1	0
30	5	2.012	1	0
30	5	0.4335	1	0
31	5	1.463	1	0
31	5	4.937	0	0
31	5	3.858	1	1
31	5	5.199	0	0
31	5	0.9254	1	0
31	5	0.9777	1	1
31	5	1.153	0	0
31	5	0.9014	0	0
31	5	3.818	1	1
31	5	5.571	0	0
31	5	0.2499	0	0
31	5	1.909	1	1
31	5	5.442	0	0
31	5	3.241	0	0
31	5	0.4794	1	1
31	5	0.3634	0	0
31	5	1.864	1	0
31	5	0.7169	0	0
31	5	3.713	0	0
31	5	1.81	1	0
31	5	0.5071	1	1
31	5	1.765	1	0
31	5	1.861	1	1
31	5	4.929	1	1
31	5	0.968	1	1
31	5	1.784	0	0
31	5	1.774	1	1
31	5	0.9813	1	1
31	5	5.179	1	1
31	5	3.849	1	0
31	5	0.9409	0	0
31	5	5.078	0	0
31	5	2.027	0	0
31	5	3.664	0	0
31	5	5.199	0	0
31	5	0.2768	0	0
31	5	0.4995	1	0
31	5	1.042	1	1
31	5	3.399	0	0
31	5	1.288	0	0
31	5	0.979	1	0
31	5	0.7212	0	0
31	5	0.9706	0	0
31	5	3.58	0	0
31	5	0.8766	1	0
31	5	1.857	1	1
31	5	3.834	0	1
31	5	5.129	0	0
31	5	5.156	1	1
31	5	3.373	1	0
32	5	0.9066	0	0
32	5	1.078	0	1
32	5	1.606	1	0
32	5	1.502	0	0
32	5	0.4669	1	0
32	5	0.5822	0	0
32	5	3.763	0	0
32	5	3.3	0	0
32	5	0.411	0	0
32	5	0.4962	0	0
32	5	0.849	1	0
32	5	3.15	1	0
32	5	3.815	1	0
32	5	1.031	0	0
32	5	3.435	0	0
32	5	0.834	1	0
32	5	3.357	1	1
32	5	3.79	0	1
32	5	1.738	1	1
32	5	0.4552	1	0
32	5	3.694	1	1
32	5	1.389	0	0
32	5	4.9	1	0
32	5	5.568	1	0
32	5	5.22	0	0
32	5	1.886	1	0
32	5	5.222	1	0
32	5	3.776	0	0
32	5	0.5701	0	1
32	5	0.3619	0	0
32	5	3.951	0	0
32	5	5.137	0	0
32	5	5.539	1	0
32	5	0.463	1	0
32	5	0.6537	0	1
32	5	2	0	0
32	5	0.4113	1	0
32	5	2.092	1	1
32	5	2.089	1	1
32	5	0.7807	0	0
32	5	0.7173	1	1
32	5	5.284	0	0
32	5	5.277	0	1
32	5	5.417	1	1
32	5	0.286	1	0
32	5	2.197	0	1
32	5	5.579	1	1
32	5	0.1928	1	0
32	5	2.193	0	1
32	5	0.4488	0	0
33	5	0.6806	0	1
33	5	3.588	0	0
33	5	5.39	0	1
33	5	1.606	1	1
33	5	0.8622	0	0
33	5	0.3137	1	0
33	5	5.323	1	1
33	5	5.515	1	1
33	5	1.026	1	1
33	5	3.782	0	0
33	5	3.306	0	1
33	5	1.781	1	1
33	5	1.993	0	0
33	5	5.15	0	0
33	5	1.972	1	1
33	5	0.8395	1	0
33	5	5.397	0	0
33	5	1.735	0	0
33	5	3.452	1	1
33	5	0.5946	1	1
33	5	0.4656	0	0
33	5	0.8086	0	1
33	5	3.272	0	0
33	5	0.7389	1	0
33	5	5.211	1	1
33	5	5.508	0	0
33	5	3.397	0	0
33	5	0.6978	1	0
33	5	1.874	1	1
33	5	3.444	1	1
33	5	3.587	1	1
33	5	0.4238	1	0
33	5	2.152	1	0
33	5	5.639	1	1
33	5	0.6103	0	1
33	5	0.6357	0	0
33	5	0.5116	0	1
33	5	3.758	1	0
33	5	1.494	0	0
33	5	0.3606	0	0
33	5	3.384	1	1
33	5	5.173	0	0
33	5	5.461	0	0
33	5	0.7766	0	0
33	5	0.7896	1	0
33	5	1.011	0	0
33	5	1.707	1	1
33	5	1.803	0	0
33	5	0.2933	1	0
33	5	0.152	1	1
34	5	0.8682	1	1
34	5	0.7271	1	1
34	5	3.572	1	1
34	5	3.392	1	1
34	5	0.6452	1	1
34	5	1.916	0	0
34	5	5.447	1	1
34	5	3.346	0	0
34	5	5.728	1	1
34	5	0.2943	1	0
34	5	0.7732	1	0
34	5	1.189	1	1
34	5	5.321	1	1
34	5	0.9986	1	1
34	5	3.568	0	0
34	5	1.324	1	1
34	5	1.011	0	0
34	5	1.629	1	1
34	5	1.47	0	1
34	5	0.04744	0	1
34	5	2.036	1	1
34	5	3.601	1	1
34	5	3.655	0	0
34	5	1.885	0	0
34	5	2.012	0	1
34	5	1.877	0	1
34	5	3.477	0	0
34	5	0.3743	0	0
34	5	1.041	1	0
34	5	0.7975	0	0
34	5	0.508	1	1
34	5	5.646	1	1
34	5	0.4352	0	1
34	5	5.161	0	0
34	5	0.7349	0	1
34	5	0.2707	0	0
34	5	4.035	0	0
34	5	5.63	1	1
34	5	1.784	0	1
34	5	3.504	1	1
34	5	0.3532	0	0
34	5	5.442	0	0
34	5	0.6861	1	1
34	5	1.801	0	0
34	5	3.71	0	1
34	5	5.432	1	1
34	5	1.642	0	0
34	5	5.444	0	0
34	5	0.6213	1	1
34	5	5.484	1	0
35	5	1.981	1	1
35	5	0.1405	0	0
35	5	3.836	0	0
35	5	0.9073	1	0
35	5	1.713	1	1
35	5	1.643	0	0
35	5	5.416	0	0
35	5	5.28	1	1
35	5	5.062	1	1
35	5	1.035	1	1
35	5	0.7761	1	1
35	5	2.079	1	0
35	5	3.405	1	1
35	5	0.6447	0	1
35	5	0.3105	0	0
35	5	3.716	1	1
35	5	2.19	0	1
35	5	3.46	1	0
35	5	0.5296	1	1
35	5	0.7152	1	1
35	5	3.757	0	0
35	5	5.041	0	1
35	5	1.516	1	1
35	5	5.541	0	0
35	5	0.5052	0	1
35	5	0.5669	1	1
35	5	1.065	0	1
35	5	1.813	0	0
35	5	3.475	0	0
35	5	1.224	1	1
35	5	0.7882	1	1
35	5	0.8786	1	0
35	5	5.066	1	1
35	5	0.4317	1	1
35	5	3.272	0	0
35	5	3.743	0	0
35	5	3.489	0	0
35	5	5.107	0	0
35	5	5.368	1	1
35	5	5.742	0	0
35	5	0.6578	0	1
35	5	1.03	1	1
35	5	3.694	0	0
35	5	1.577	0	1
35	5	5.333	1	1
35	5	1.607	0	1
35	5	0.2984	0	1
35	5	0.6079	1	1
35	5	1.884	0	1
35	5	0.9723	1	1
36	5	0.4189	0	1
36	5	5.279	1	1
36	5	0.9005	0	1
36	5	1.889	0	1
36	5	1.676	1	1
36	5	0.4689	0	0
36	5	3.464	0	0
36	5	5.239	0	0
36	5	0.2337	0	0
36	5	0.5637	1	0
36	5	1.922	0	0
36	5	0.9214	1	1
36	5	3.288	1	1
36	5	0.6297	0	1
36	5	5.023	1	1
36	5	1.991	1	1
36	5	1.715	1	1
36	5	5.451	1	1
36	5	0.779	1	1
36	5	0.583	1	1
36	5	5.292	0	0
36	5	0.8257	0	0
36	5	3.736	1	1
36	5	0.3746	1	0
36	5	0.3819	0	1
36	5	3.548	0	0
36	5	1.013	0	0
36	5	0.3823	0	1
36	5	1.489	1	1
36	5	5.553	0	0
36	5	0.7812	1	1
36	5	0.2928	1	0
36	5	5.567	0	0
36	5	0.1886	1	1
36	5	3.75	1	1
36	5	1.771	1	1
36	5	0.8223	1	0
36	5	2.035	1	1
36	5	1.866	0	0
36	5	3.557	1	1
36	5	5.401	1	1
36	5	3.652	0	0
36	5	1.699	0	0
36	5	0.125	0	1
36	5	5.37	0	0
36	5	3.262	1	1
36	5	3.347	0	0
36	5	4.981	0	0
36	5	3.739	1	0
36	5	0.2586	0	0
37	5	1.778	0	1
37	5	0.4899	0	0
37	5	3.393	0	0
37	5	1.086	1	0
37	5	3.577	0	1
37	5	1.971	0	0
37	5	0.5928	1	1
37	5	3.893	0	1
37	5	0.6233	0	0
37	5	3.796	1	1
37	5	5.443	0	0
37	5	5.469	0	1
37	5	5.511	0	0
37	5	0.8172	1	0
37	5	1.664	1	1
37	5	0.5962	1	0
37	5	5.32	0	0
37	5	1.027	0	1
37	5	3.393	1	1
37	5	0.9886	1	0
37	5	1.25	1	0
37	5	3.617	0	0
37	5	5.317	0	0
37	5	5.49	0	0
37	5	0.4048	1	0
37	5	2.313	1	1
37	5	0.5597	1	1
37	5	4.926	0	1
37	5	1.892	0	1
37	5	0.9628	1	0
37	5	4.909	0	0
37	5	3.478	1	0
37	5	1.02	0	0
37	5	3.604	0	1
37	5	0.1024	1	1
37	5	0.9317	1	1
37	5	1.729	1	1
37	5	3.557	1	1
37	5	0.311	1	1
37	5	1.065	1	1
37	5	0.1819	0	0
37	5	3.81	1	0
37	5	0.7861	0	1
37	5	1.354	1	0
37	5	0.7457	1	1
37	5	5.652	0	0
37	5	1.903	0	1
37	5	1.93	1	1
37	5	5.362	0	0
38	5	0.8436	0	1
38	5	1.237	1	1
38	5	0.3995	0	0
38	5	1.509	1	1
38	5	0.6865	1	0
38	5	0.2702	0	1
38	5	5.652	0	0
38	5	5.596	1	1
38	5	0.5306	0	1
38	5	0.6081	0	0
38	5	1.647	0	0
38	5	5.341	0	0
38	5	0.9374	1	1
38	5	0.4387	1	0
38	5	3.425	1	1
38	5	1.6	1	1
38	5	5.381	0	0
38	5	1.19	1	0
38	5	0.4213	1	1
38	5	0.5143	0	0
38	5	0.7071	0	1
38	5	3.932	0	0
38	5	1.936	1	1
38	5	3.788	1	1
38	5	0.4981	0	0
38	5	3.81	1	1
38	5	3.871	0	0
38	5	1.388	1	1
38	5	1.969	1	0
38	5	5.275	1	0
38	5	1.07	0	0
38	5	5.422	0	0
38	5	3.106	0	0
38	5	3.485	0	0
38	5	5.101	1	1
38	5	0.7553	0	1
38	5	5.304	1	1
38	5	0.9123	1	1
38	5	1.599	0	1
38	5	5.841	1	1
38	5	3.604	0	0
38	5	1.034	1	1
38	5	3.341	1	1
38	5	1.332	1	1
38	5	0.5931	1	1
38	5	1.094	0	0
38	5	1.671	0	1
38	5	2.003	0	1
38	5	3.404	1	1
38	5	5.501	1	1
39	5	1.654	1	0
39	5	5.741	1	1
39	5	5.394	1	1
39	5	0.9196	0	1
39	5	1.592	0	1
39	5	3.673	0	0
39	5	0.8442	0	1
39	5	0.8493	0	0
39	5	0.8055	1	0
39	5	3.581	0	0
39	5	0.2769	0	0
39	5	1.796	0	1
39	5	5.53	1	0
39	5	1.698	0	1
39	5	1.999	0	0
39	5	5.415	1	1
39	5	5.473	1	1
39	5	3.671	1	1
39	5	5.376	1	1
39	5	5.503	0	0
39	5	2.072	1	0
39	5	5.198	1	1
39	5	2.047	1	1
39	5	3.41	0	0
39	5	1.092	1	1
39	5	4.926	1	0
39	5	0.5416	0	1
39	5	0.4914	1	0
39	5	1.773	1	0
39	5	0.5689	1	0
39	5	3.779	0	0
39	5	0.9676	1	0
39	5	3.407	0	1
39	5	0.4917	1	0
39	5	3.434	0	1
39	5	3.763	0	1
39	5	1.264	1	1
39	5	0.4703	0	0
39	5	3.744	0	0
39	5	1.01	0	0
39	5	0.3576	0	0
39	5	5.033	1	1
39	5	1.819	1	0
39	5	1.746	1	1
39	5	0.8473	1	0
39	5	0.7208	0	0
39	5	0.8872	0	1
39	5	0.7037	1	0
39	5	0.1601	0	1
39	5	3.551	0	0
40	6	5.212	1	1
40	6	0.7597	1	0
40	6	5.395	0	0
40	6	5.491	0	0
40	6	3.214	0	0
40	6	0.6081	1	1
40	6	0.3109	0	0
40	6	1.85	1	1
40	6	1.591	0	0
40	6	0.6164	1	0
40	6	1.453	1	1
40	6	5.444	1	1
40	6	0.03832	1	1
40	6	0.6075	0	0
40	6	2.058	1	1
40	6	1.719	0	0
40	6	1.68	1	1
40	6	5.288	0	0
40	6	0.1756	1	0
40	6	0.9016	0	0
40	6	0.2402	0	0
40	6	0.6641	0	0
40	6	4.107	0	0
40	6	1.73	1	1
40	6	5.528	1	1
40	6	0.4398	0	0
40	6	3.71	1	1
40	6	0.683	1	1
40	6	3.475	0	0
40	6	0.3107	1	1
40	6	0.8685	0	1
40	6	1.913	0	0
40	6	5.396	0	0
40	6	3.967	1	1
40	6	3.512	0	0
40	6	0.3224	1	1
40	6	3.865	1	1
40	6	5.304	1	1
40	6	1.062	0	1
40	6	2.011	0	0
40	6	5.438	1	1
40	6	3.674	1	1
40	6	0.9315	1	1
40	6	5.615	1	1
40	6	3.46	1	1
40	6	1.743	1	1
40	6	1.623	0	0
40	6	3.7	0	0
40	6	1.108	0	1
41	6	1.769	1	1
41	6	5.274	0	0
41	6	1.754	0	0
41	6	0.5479	0	1
41	6	5.269	1	1
41	6	1.822	0	1
41	6	4.992	1	1
41	6	1.994	0	0
41	6	1.846	1	0
41	6	1.846	1	1
41	6	5.376	1	1
41	6	1.034	0	0
41	6	3.518	1	1
41	6	0.4475	1	1
41	6	0.3792	1	1
41	6	0.7849	1	1
41	6	0.9218	1	1
41	6	1.949	0	1
41	6	1.085	0	1
41	6	0.1238	0	0
41	6	0.6976	0	1
41	6	5.469	1	0
41	6	1.058	0	1
41	6	3.62	1	1
41	6	0.423	0	0
41	6	0.8949	0	0
41	6	5.181	1	1
41	6	3.567	1	1
41	6	3.542	1	1
41	6	3.419	0	0
41	6	5.154	0	0
41	6	0.593	0	1
41	6	1.864	1	1
41	6	3.653	1	1
41	6	5.745	0	0
41	6	1.484	0	0
41	6	3.732	0	0
41	6	5.256	0	0
41	6	0.4239	1	0
41	6	0.5596	0	0
41	6	0.6183	1	1
41	6	3.772	1	1
41	6	1.172	0	0
41	6	0.862	0	0
41	6	3.747	1	1
41	6	5.141	1	1
41	6	1.762	1	1
41	6	1.3	0	0
41	6	3.659	0	0
41	6	0.6456	1	0
42	6	1.948	0	0
42	6	0.6239	1	0
42	6	3.717	0	0
42	6	5.731	0	0
42	6	0.7517	1	1
42	6	3.404	1	1
42	6	0.5456	0	1
42	6	0.5572	1	0
42	6	0.6261	0	0
42	6	1.815	0	0
42	6	0.8912	0	0
42	6	1.727	1	0
42	6	3.367	1	1
42	6	1.324	0	0
42	6	3.495	0	0
42	6	0.9553	1	1
42	6	0.8661	1	0
42	6	1.834	1	1
42	6	3.587	1	1
42	6	0.7361	0	1
42	6	3.597	0	1
42	6	0.5097	1	1
42	6	0.531	1	1
42	6	1.636	0	0
42	6	1.383	1	1
42	6	5.503	1	1
42	6	0.5874	0	1
42	6	1.747	0	1
42	6	3.577	0	0
42	6	3.732	1	1
42	6	1.939	1	1
42	6	0.6499	0	1
42	6	0.9974	1	1
42	6	3.784	0	1
42	6	5.078	0	0
42	6	1.822	0	1
42	6	0.8609	0	1
42	6	5.032	1	1
42	6	3.769	1	1
42	6	5.452	1	1
42	6	1.926	1	1
42	6	5.128	0	0
42	6	0.4018	0	1
42	6	0.3525	1	0
42	6	1.152	1	1
42	6	5.287	1	1
42	6	5.509	0	0
42	6	5.325	0	0
42	6	0.3236	1	0
42	6	5.481	0	0
43	6	3.717	1	1
43	6	3.692	0	0
43	6	0.9965	1	1
43	6	1.492	0	0
43	6	4.984	0	0
43	6	3.556	1	1
43	6	1.115	0	1
43	6	0.901	1	1
43	6	3.263	0	0
43	6	1.926	1	1
43	6	0.5232	1	1
43	6	5.119	1	1
43	6	0.8795	1	0
43	6	0.9177	0	0
43	6	0.8267	1	0
43	6	3.37	1	1
43	6	1.151	0	1
43	6	5.531	1	1
43	6	0.1478	1	0
43	6	3.574	1	1
43	6	5.246	0	0
43	6	5.46	1	1
43	6	3.325	1	1
43	6	3.697	0	1
43	6	3.613	0	0
43	6	5.357	1	1
43	6	1.127	0	1
43	6	1.681	0	1
43	6	0.8182	0	1
43	6	1.784	1	1
43	6	0.3037	0	1
43	6	1.742	0	1
43	6	1.009	0	1
43	6	5.371	0	0
43	6	3.48	1	1
43	6	1.879	1	1
43	6	1.163	0	1
43	6	0.3224	0	0
43	6	0.9524	0	1
43	6	1.829	1	1
43	6	0.1283	0	1
43	6	1.714	0	0
43	6	5.321	1	1
43	6	0.6673	0	1
43	6	2.128	0	1
43	6	5.34	0	0
43	6	0.276	0	0
43	6	1.693	1	1
43	6	0.5233	1	1
43	6	5.175	1	1
44	6	5.504	0	0
44	6	0.5926	1	1
44	6	5.096	1	1
44	6	0.6425	1	1
44	6	1.91	1	1
44	6	1.971	1	0
44	6	1.838	1	1
44	6	0.3458	1	1
44	6	1.264	0	1
44	6	0.7297	0	1
44	6	3.788	0	0
44	6	3.591	0	0
44	6	1.013	1	1
44	6	1.025	0	1
44	6	5.309	1	1
44	6	2.022	1	1
44	6	1.985	1	1
44	6	3.572	0	0
44	6	0.9266	1	1
44	6	1.655	0	1
44	6	5.363	1	1
44	6	0.8105	1	1
44	6	4.059	1	1
44	6	0.7422	0	1
44	6	0.496	1	1
44	6	3.301	1	1
44	6	0.4048	0	1
44	6	0.3493	0	1
44	6	5.544	0	0
44	6	5.49	0	1
44	6	0.7346	1	1
44	6	0.7296	0	1
44	6	1.539	1	1
44	6	0.6354	0	1
44	6	1.086	0	1
44	6	3.608	1	1
44	6	5.422	1	1
44	6	1.797	1	1
44	6	5.505	0	0
44	6	1.874	0	1
44	6	0.4949	1	1
44	6	1.143	0	0
44	6	3.581	0	0
44	6	1.805	1	1
44	6	3.589	0	0
44	6	5.43	0	0
44	6	3.243	1	1
44	6	3.796	0	1
44	6	0.8767	0	1
44	6	4.908	0	0
45	6	0.7806	0	1
45	6	5.502	1	1
45	6	1.685	1	1
45	6	5.731	1	1
45	6	0.8596	0	1
45	6	5.259	0	0
45	6	3.715	0	0
45	6	1.033	1	1
45	6	1.676	1	1
45	6	1.905	0	0
45	6	3.433	0	1
45	6	3.717	0	1
45	6	0.3871	0	1
45	6	0.7736	1	1
45	6	0.7095	0	0
45	6	4.973	1	1
45	6	5.727	1	1
45	6	3.328	1	1
45	6	5.536	0	0
45	6	5.271	0	0
45	6	0.2651	0	0
45	6	0.5639	0	1
45	6	0.3489	1	1
45	6	0.16	0	0
45	6	0.7329	1	1
45	6	3.962	1	1
45	6	1.831	0	1
45	6	3.604	1	1
45	6	0.6943	1	0
45	6	1.635	0	0
45	6	3.963	0	0
45	6	3.856	0	1
45	6	1.244	1	0
45	6	1.711	1	1
45	6	0.5462	0	1
45	6	0.4151	0	1
45	6	0.902	0	1
45	6	5.75	1	1
45	6	0.5221	0	1
45	6	1.94	1	1
45	6	0.5206	1	1
45	6	1.646	1	1
45	6	5.256	0	0
45	6	1.658	0	0
45	6	5.194	1	1
45	6	0.9938	0	1
45	6	3.723	1	1
45	6	3.837	0	1
45	6	1.839	1	1
45	6	0.8247	1	1
46	6	2.099	0	1
46	6	0.9408	0	0
46	6	0.4934	1	1
46	6	5.105	1	1
46	6	5.559	1	1
46	6	5.102	0	0
46	6	3.72	0	0
46	6	1.794	0	1
46	6	3.507	1	1
46	6	0.8675	0	1
46	6	1.607	1	1
46	6	1.959	1	1
46	6	3.676	0	0
46	6	1.711	1	1
46	6	1.877	1	1
46	6	5.457	1	1
46	6	1.623	1	1
46	6	0.4441	0	0
46	6	1.241	0	1
46	6	0.6939	0	1
46	6	2.01	1	1
46	6	5.103	1	1
46	6	3.517	1	1
46	6	3.909	0	1
46	6	0.9317	1	0
46	6	5.762	0	1
46	6	2.05	0	1
46	6	0.9905	0	0
46	6	0.7681	0	1
46	6	1.835	1	0
46	6	0.554	0	0
46	6	3.42	1	1
46	6	0.4858	1	1
46	6	3.696	1	1
46	6	0.5495	0	1
46	6	5.249	1	1
46	6	0.2962	1	1
46	6	3.623	0	0
46	6	0.472	1	1
46	6	0.7762	0	0
46	6	3.545	1	1
46	6	0.8996	0	0
46	6	0.7635	0	0
46	6	3.808	1	0
46	6	0.4483	1	1
46	6	5.469	0	0
46	6	0.2503	1	1
46	6	1.129	1	0
46	6	5.403	0	0
46	6	5.3	0	0
47	6	3.708	1	1
47	6	0.798	0	0
47	6	3.537	1	1
47	6	3.594	0	0
47	6	5.561	0	0
47	6	1.606	1	1
47	6	5.318	1	1
47	6	0.2446	0	1
47	6	2.111	0	1
47	6	0.8704	1	1
47	6	1.043	1	1
47	6	1.036	1	1
47	6	0.5512	1	1
47	6	5.165	0	0
47	6	0.6919	1	1
47	6	1.024	0	0
47	6	1.821	1	1
47	6	0.6105	0	0
47	6	3.303	1	1
47	6	5.356	0	0
47	6	3.308	0	0
47	6	5.416	0	0
47	6	0.4281	0	1
47	6	0.8179	1	1
47	6	2.072	1	1
47	6	0.3743	0	0
47	6	5.481	0	0
47	6	5.463	0	0
47	6	0.3525	1	0
47	6	3.62	1	0
47	6	0.3382	1	0
47	6	5.399	1	1
47	6	3.761	0	0
47	6	1.893	0	0
47	6	1.986	0	0
47	6	1.039	1	1
47	6	1.843	1	1
47	6	3.85	1	1
47	6	1.59	0	0
47	6	0.4595	1	1
47	6	5.456	0	0
47	6	3.496	0	0
47	6	5.546	0	0
47	6	1.024	1	1
47	6	1.818	0	0
47	6	3.499	0	0
47	6	1.174	1	0
47	6	1.879	0	0
47	6	0.3624	0	0
47	6	0.1879	0	0
48	6	0.3345	1	1
48	6	2.156	1	1
48	6	0.4468	1	1
48	6	3.513	1	0
48	6	0.9518	0	1
48	6	1.896	0	1
48	6	0.2923	0	1
48	6	1.514	1	1
48	6	5.515	0	0
48	6	1.299	0	1
48	6	5.402	0	0
48	6	0.7538	1	1
48	6	1.78	1	1
48	6	0.8344	0	1
48	6	3.252	1	1
48	6	1.883	0	0
48	6	5.216	0	0
48	6	3.742	1	1
48	6	3.872	1	1
48	6	0.709	1	1
48	6	0.7649	0	1
48	6	1.707	1	1
48	6	1.591	1	1
48	6	3.542	0	1
48	6	1.654	1	1
48	6	1.863	0	0
48	6	5.142	1	1
48	6	0.672	1	0
48	6	5.397	0	0
48	6	3.563	0	1
48	6	3.48	0	0
48	6	0.9356	1	1
48	6	0.7048	1	1
48	6	0.9488	0	1
48	6	0.9174	1	0
48	6	0.2165	0	1
48	6	0.6342	0	0
48	6	0.5962	0	0
48	6	3.835	0	0
48	6	5.323	0	0
48	6	3.305	1	1
48	6	0.2042	1	0
48	6	5.455	0	0
48	6	1.764	0	1
48	6	5.292	0	0
48	6	0.3863	1	1
48	6	0.8121	0	0
48	6	3.788	1	1
48	6	5.523	0	0
48	6	5.339	1	1
49	6	1.549	1	1
49	6	1.713	1	1
49	6	5.357	0	1
49	6	3.63	1	1
49	6	1.833	0	1
49	6	1.758	0	1
49	6	2.026	0	1
49	6	5.22	1	1
49	6	0.7658	1	1
49	6	0.8086	1	1
49	6	3.649	0	0
49	6	0.3966	1	1
49	6	1.776	0	0
49	6	0.7257	0	1
49	6	5.61	0	0
49	6	0.1678	1	1
49	6	0.9368	0	1
49	6	0.3305	1	0
49	6	0.06586	0	1
49	6	3.654	1	1
49	6	1.968	0	0
49	6	3.536	0	1
49	6	1.151	0	1
49	6	0.9985	0	0
49	6	0.3191	0	1
49	6	0.23	0	1
49	6	3.419	0	0
49	6	5.012	0	0
49	6	5.5	0	0
49	6	0.4541	1	1
49	6	0.3274	0	0
49	6	3.343	1	1
49	6	0.2743	1	0
49	6	1.766	1	1
49	6	1.017	1	1
49	6	3.758	1	1
49	6	5.132	1	1
49	6	5.391	0	0
49	6	5.341	1	1
49	6	1.139	1	0
49	6	5.352	1	1
49	6	3.769	0	0
49	6	0.6898	1	1
49	6	0.9561	0	1
49	6	3.862	1	1
49	6	1.004	0	1
49	6	3.56	0	0
49	6	5.448	1	1
49	6	2.074	1	0
49	6	1.621	0	0
