0	2	3.71	1	1	-0.5926	0.2042
0	2	0.852	1	0	-0.7968	0.966
0	2	1.977	1	0	0.9719	0.905
0	2	1.745	1	1	-1.081	2.749
0	2	0.6627	1	0	0.6259	0.7096
0	2	3.568	1	0	0.8408	0.2481
0	2	2.081	1	0	-0.1488	1.219
0	2	5.387	0	0	-0.1471	-1.541
0	2	3.657	0	0	1.412	0.8738
0	2	1.761	0	0	0.4622	-0.08204
0	2	1.699	0	0	-0.3845	0.01811
0	2	5.368	1	1	0.4178	1.396
0	2	5.414	1	1	0.3518	1.025
0	2	5.417	0	0	0.8698	0.7096
0	2	0.4001	0	0	-0.1151	0.01811
0	2	3.54	0	0	0.2373	-0.2426
0	2	3.737	0	0	0.3931	-0.8995
0	2	0.4252	1	0	0.3205	-0.03132
0	2	5.615	1	1	-0.4778	0.675
0	2	1.11	1	1	1.421	1.371
0	2	0.9506	1	0	1.406	-0.3575
0	2	0.7339	1	1	0.4839	1.902
0	2	2.043	1	0	0.814	1.443
0	2	5.386	1	1	0.9613	1.297
0	2	0.5893	0	0	0.7719	-0.03132
0	2	1.069	0	0	0.7991	-0.03132
0	2	5.112	0	0	-0.09712	-0.3575
0	2	5.163	0	0	1.085	-2.333
0	2	0.2689	0	0	-0.4616	-2.333
0	2	0.3157	0	0	1.175	0.333
0	2	0.5751	1	0	0.1267	-2.333
0	2	1.034	0	1	0.1236	0.333
0	2	1.67	1	0	0.5798	-0.8995
0	2	5.479	0	0	0.402	-1.062
0	2	5.563	1	0	-0.001346	0.8738
0	2	1.896	0	0	1.93	-1.149
0	2	0.404	0	0	-0.6387	-0.1341
0	2	0.8552	1	0	0.5175	-2.333
0	2	0.7332	0	0	1.33	-0.823
0	2	3.718	0	0	-0.8789	-1.335
0	2	0.6652	1	1	0.6752	0.604
0	2	3.808	0	0	0.08759	-0.9792
0	2	0.9006	0	0	0.1261	-1.897
0	2	0.3826	1	0	1.378	-0.2426
0	2	3.702	0	0	0.5752	-1.149
0	2	1.918	1	0	0.7809	0.2042
0	2	3.688	0	0	0.3194	-0.2426
0	2	0.2941	1	0	1.108	0.1593
1	2	3.553	0	0	-0.6323	0.1134
1	2	1.734	0	0	0.4762	-2.176
1	2	0.655	0	0	0.5953	1.245
1	2	5.377	1	1	0.6173	0.675
1	2	1.978	1	1	1.327	1.727
1	2	3.583	0	0	0.434	-0.6098
1	2	5.765	1	0	1.4	-1.149
1	2	1.844	0	0	-0.1256	1.025
1	2	3.572	0	0	-0.01712	1.025
1	2	0.3711	0	0	-0.5906	-0.6098
1	2	0.6753	1	1	-0.3322	0.675
1	2	0.7448	0	0	-0.4609	-0.4796
1	2	0.4924	1	0	0.6584	-1.335
1	2	1.042	1	0	0.06327	1.322
1	2	0.7645	0	0	-0.01482	0.3741
1	2	0.9888	0	0	0.5728	1.957
1	2	2.088	0	0	0.7905	-1.897
1	2	5.425	0	0	0.3093	-1.541
1	2	1.934	1	1	1.011	2.028
1	2	1.978	1	0	1.704	-0.4176
1	2	3.468	0	0	1.026	-1.062
1	2	1.653	0	0	-0.1242	-1.897
1	2	3.511	1	1	0.6169	0.5304
1	2	0.1918	1	0	0.7782	1.111
1	2	1.571	0	0	-0.1814	-1.149
1	2	5.242	1	1	0.9789	0.2481
1	2	5.589	1	1	1.106	2.028
1	2	5.221	0	0	0.06309	-1.062
1	2	3.767	0	0	0.09193	-0.1341
1	2	3.49	0	0	1.339	-0.5436
1	2	5.525	1	1	0.6196	0.333
1	2	1.733	0	0	1.334	-2.176
1	2	2.007	1	1	0.6459	0.5304
1	2	5.335	1	1	1.095	2.393
1	2	0.2051	0	0	1.234	-1.149
1	2	0.8629	1	0	1.133	-0.6098
1	2	1.165	1	0	-0.07647	-2.176
1	2	0.3757	0	0	0.3003	-0.03132
1	2	0.5885	1	0	0.2802	-1.24
1	2	3.77	1	1	-0.6107	0.5304
1	2	0.4647	0	0	-0.1033	-1.771
1	2	0.4032	1	1	0.8849	1.111
1	2	3.559	0	0	0.6623	0.6399
1	2	0.7902	0	1	0.8084	0.6399
1	2	5.476	1	1	-0.7041	1.347
1	2	5.452	1	1	0.08968	0.5675
1	2	0.9662	0	0	0.1663	-0.8995
1	2	0.8308	1	0	-0.6613	-0.1876
1	2	0.2973	1	0	-0.2534	0.2481
1	2	3.789	1	0	-0.652	0.01811
2	2	0.5364	0	1	0.005735	0.842
2	2	5.413	1	1	0.8271	0.6399
2	2	1.791	1	0	-0.5854	0.6399
2	2	2.052	0	0	1.351	-0.4176
2	2	0.345	0	0	1.327	-0.4796
2	2	1.891	1	0	0.0003593	-0.823
2	2	1.955	1	0	-0.3694	0.06632
2	2	5.376	0	0	0.318	-1.435
2	2	0.4589	0	0	-0.4014	-1.541
2	2	3.751	1	0	-0.4313	-0.5436
2	2	3.757	0	0	0.9126	-0.1876
2	2	3.777	1	1	-0.1325	1.322
2	2	1.086	1	1	0.3452	0.3741
2	2	5.246	0	0	0.5151	-0.7493
2	2	0.6665	0	0	0.598	0.905
2	2	5.238	0	0	2.193	-2.032
2	2	0.7401	0	0	1.043	-1.653
2	2	0.8224	1	1	-0.285	0.8098
2	2	0.232	1	0	1.408	-0.8995
2	2	0.7246	1	0	0.05911	1.601
2	2	1.228	1	1	-0.4268	0.2481
2	2	3.457	0	0	0.4571	-0.1876
2	2	3.264	0	0	0.4732	-1.149
2	2	1.847	1	0	0.966	0.4538
2	2	0.3562	0	0	1.96	2.422
2	2	3.726	0	0	0.7482	0.01811
2	2	3.41	0	0	-1.331	-1.897
2	2	5.296	1	1	0.3857	0.4143
2	2	0.4031	0	1	1.83	0.7096
2	2	3.723	1	1	0.5671	0.333
2	2	5.435	0	0	1.499	-1.435
2	2	5.436	1	1	0.8353	0.2481
2	2	1.709	0	0	0.2231	0.8098
2	2	5.362	1	1	0.0348	0.8738
2	2	0.716	1	0	-0.1645	0.7769
2	2	0.8497	0	1	1.359	0.5304
2	2	1.006	0	0	2.659	1.807
2	2	0.4671	1	1	0.7541	1.245
2	2	1.93	0	0	0.8472	0.333
2	2	0.9051	0	0	-0.7041	0.01811
2	2	5.499	1	1	-0.5137	1.138
2	2	3.567	1	1	1.182	0.4538
2	2	1.026	0	0	0.6979	0.01811
2	2	2.174	1	1	0.6889	0.3741
2	2	1.733	1	1	1.19	0.1593
2	2	0.5738	1	0	1.613	-0.7493
2	2	5.41	0	0	1.151	-0.6783
2	2	3.451	0	0	0.3686	0.06632
2	2	1.151	1	1	1.726	0.7436
2	2	1.926	1	1	-0.9998	0.675
3	2	0.4497	0	1	0.09028	0.5675
3	2	5.437	1	1	0.6432	1.865
3	2	1.664	0	0	1.114	-0.2992
3	2	3.751	1	1	1.585	2.147
3	2	5.185	1	1	1.61	1.111
3	2	0.4929	0	0	1.463	0.905
3	2	0.5552	0	1	0.08944	0.675
3	2	0.3478	1	0	1.564	2.364
3	2	3.439	1	1	-0.1461	0.5304
3	2	5.31	1	1	0.1495	0.5675
3	2	1.174	1	1	0.2456	1.644
3	2	0.5088	1	0	0.5895	0.01811
3	2	0.345	0	0	1.879	-0.2426
3	2	1.885	0	0	0.3203	-0.5436
3	2	0.4617	1	0	0.556	0.333
3	2	5.239	0	0	0.02972	-0.8995
3	2	3.715	0	0	-1.637	-1.541
3	2	1.117	0	1	0.4784	0.966
3	2	5.226	0	0	-1.303	-0.8995
3	2	0.4868	1	0	1.673	2.393
3	2	0.9592	0	1	1.632	0.5304
3	2	1.988	1	1	0.9947	0.675
3	2	3.769	1	1	1.157	0.7436
3	2	2.074	1	0	-1.801	0.5304
3	2	2.064	1	1	-0.7107	0.842
3	2	5.151	1	1	2.186	1.371
3	2	1.767	0	0	1.488	-0.2426
3	2	0.328	1	1	1.781	0.7436
3	2	1.788	0	0	-0.07736	0.06632
3	2	0.7916	0	0	1.22	-0.3575
3	2	3.445	0	0	0.1833	-1.335
3	2	0.3964	1	0	0.5955	-2.176
3	2	0.8924	0	0	-1.11	-2.502
3	2	3.719	0	0	0.4531	-2.176
3	2	3.602	1	0	1.338	-1.771
3	2	0.994	0	0	0.3176	-1.541
3	2	5.478	1	1	-0.03866	0.2481
3	2	3.43	0	0	0.4878	-2.176
3	2	5.276	0	0	-1.18	-2.502
3	2	0.9163	0	0	1.008	-0.7493
3	2	1.065	1	1	-0.8425	0.1134
3	2	1.808	1	1	0.505	0.1593
3	2	1.77	1	1	1.097	1.025
3	2	1.089	0	0	0.04338	-1.335
3	2	1.952	1	0	0.9607	-1.435
3	2	3.331	0	0	-0.04602	-1.062
3	2	5.208	1	1	0.7447	0.06632
3	2	1.279	0	0	1.099	-1.653
3	2	3.336	0	0	-0.3324	-0.7493
3	2	5.4	1	0	1.387	-2.032
4	2	1.025	0	0	-0.7524	0.8738
4	2	0.3703	1	1	1.283	1.166
4	2	3.553	1	1	1.806	1.054
4	2	1.675	0	1	0.5032	0.1134
4	2	1.054	0	1	-0.3442	0.5675
4	2	1.667	1	0	1.363	0.01811
4	2	1.059	1	1	0.2135	0.3741
4	2	0.5324	1	0	1.207	-0.2426
4	2	1.007	1	0	-0.01724	-2.333
4	2	0.3248	1	0	0.9647	-1.149
4	2	3.543	1	0	0.3566	2.211
4	2	1.792	0	0	0.6237	-1.24
4	2	0.2008	0	0	1.353	-2.333
4	2	0.6304	1	1	0.152	0.1593
4	2	1.615	0	0	0.3837	-1.897
4	2	5.504	1	1	1.29	0.2481
4	2	3.641	0	0	-0.629	-2.032
4	2	0.6739	0	1	0.1162	0.333
4	2	0.806	1	1	-0.6376	0.2481
4	2	5.439	0	0	0.7181	-0.8995
4	2	5.323	0	0	1.441	-2.032
4	2	3.46	0	0	-0.9577	-2.502
4	2	5.571	0	0	-0.8791	-1.149
4	2	1.856	1	0	0.4446	-2.502
4	2	1.128	1	0	-0.02891	0.7096
4	2	2.107	1	1	0.1693	0.1134
4	2	0.7901	1	0	0.2031	0.4538
4	2	1.758	0	0	-0.5291	-0.5436
4	2	3.817	1	1	0.6017	0.1134
4	2	3.608	1	1	-0.05431	0.291
4	2	3.481	0	0	0.1194	-0.6098
4	2	1.842	0	0	0.35	-0.2426
4	2	1.114	0	0	0.3576	-0.1341
4	2	0.5734	1	0	0.2822	0.675
4	2	3.673	0	0	-0.4611	-0.8995
4	2	0.4538	0	0	0.4436	-1.149
4	2	5.262	0	0	0.4775	-1.435
4	2	5.203	0	0	-0.2596	-2.032
4	2	3.464	0	0	0.3646	0.06632
4	2	0.4403	1	1	0.717	0.4538
4	2	5.392	0	0	0.2888	-2.032
4	2	0.3447	0	0	-0.2858	0.3741
4	2	0.3629	0	0	0.6158	-2.333
4	2	5.309	1	1	1.09	0.01811
4	2	1.588	1	1	0.8451	0.2481
4	2	3.955	1	0	1.206	0.9958
5	2	5.304	0	0	2.492	0.604
5	2	1.958	1	1	-3.497	0.966
5	2	1.866	0	0	0.5476	-0.03132
5	2	2.008	1	0	2.073	1.371
5	2	0.8691	0	0	-0.3262	0.4143
5	2	0.206	0	1	1.215	2.761
5	2	3.467	0	0	0.7666	0.5304
5	2	0.4064	1	0	-2.73	-0.4176
5	2	1.111	1	0	-1.124	0.2042
5	2	0.7052	1	1	0.5239	0.3741
5	2	0.8301	1	0	0.9711	0.4538
5	2	5.404	1	1	0.4566	0.842
5	2	1.093	1	1	1.361	0.966
5	2	1.566	0	1	-0.01001	2.211
5	2	0.4139	0	0	-0.1358	0.01811
5	2	3.492	0	0	0.0187	-0.3575
5	2	5.601	1	1	0.665	1.884
5	2	1.816	0	0	1.056	-0.8995
5	2	1.088	1	0	-1.512	-0.6783
5	2	5.361	0	0	-1.233	0.3741
5	2	5.226	0	0	-0.2574	-1.149
5	2	1.366	1	0	-0.4787	-1.149
5	2	0.2743	0	0	-0.08402	0.4538
5	2	0.7688	0	0	1.073	0.5304
5	2	3.976	1	0	1.625	-0.9792
5	2	0.4421	0	0	-1.692	-0.1341
5	2	1.421	0	0	-0.744	0.8098
5	2	4.004	1	0	1.527	1.535
5	2	3.547	0	0	-0.5948	-0.2426
5	2	5.339	0	0	-1.217	0.2042
5	2	3.471	1	1	-0.7553	0.4538
5	2	3.506	0	0	0.4475	0.2042
5	2	1.865	1	0	0.3341	-0.08204
5	2	3.634	0	0	-2.177	-0.8995
5	2	1.089	1	1	0.7797	0.2481
5	2	0.8433	1	1	-1.556	0.3741
5	2	0.3986	0	0	-0.6878	0.01811
5	2	3.706	1	1	-0.719	0.01811
5	2	5.436	1	1	-0.7562	0.3741
5	2	5.602	0	0	-2.113	-0.9792
5	2	1.622	0	0	0.6464	1.42
5	2	1.995	1	1	-0.9466	0.2042
5	2	1.707	1	1	-0.206	0.5675
5	2	0.4076	0	0	-0.2092	1.49
5	2	0.434	1	0	-0.7354	-0.2426
5	2	0.6861	1	0	-1.964	-0.08204
5	2	5.14	0	0	-0.2131	-2.333
5	2	0.8889	0	0	1.11	-0.08204
5	2	3.881	1	1	-1.384	0.1134
6	2	3.494	1	0	0.3032	2.922
6	2	1.608	0	0	0.6319	-0.7493
6	2	1.552	0	0	0.3016	-0.1341
6	2	5.182	0	0	0.9437	-0.3575
6	2	0.6783	0	0	-0.602	-2.502
6	2	0.8585	0	0	-0.7864	-0.8995
6	2	0.6285	0	0	0.09845	0.3741
6	2	0.4852	0	1	-0.2208	0.5304
6	2	3.591	0	0	-0.2865	0.4538
6	2	3.597	1	0	0.4053	-0.1876
6	2	5.389	0	0	-0.4691	-0.4176
6	2	0.5754	0	0	0.3055	0.1134
6	2	5.399	1	1	0.652	0.4538
6	2	1.192	1	0	-0.6017	-1.062
6	2	3.83	1	1	-0.6234	0.7436
6	2	3.673	1	1	-1.589	1.49
6	2	5.528	1	0	-0.6016	0.333
6	2	3.297	1	1	1.364	0.6399
6	2	5.053	0	0	-1.395	-0.2426
6	2	3.85	1	0	0.2651	0.1134
6	2	1.064	1	1	2.865	0.905
6	2	1.285	1	0	-0.8463	-1.897
6	2	2.096	1	1	-1.038	0.06632
6	2	0.6349	0	0	0.1765	-0.03132
6	2	5.763	1	1	-0.2409	1.467
6	2	0.2697	0	1	1.186	0.8738
6	2	0.6969	1	1	-0.2676	0.2481
6	2	1.897	1	0	0.4679	1.748
6	2	5.569	0	0	0.5018	-0.6098
6	2	1.773	0	0	-1.705	0.1593
6	2	1.538	1	0	-1.086	-2.176
6	2	1.666	0	0	1.381	0.06632
6	2	0.4878	0	1	-1.124	0.1593
6	2	0.967	0	0	0.6192	-0.2426
6	2	5.429	0	0	0.01414	-0.6783
6	2	0.7976	1	0	-0.4243	0.1134
6	2	5.559	1	1	-0.8463	-0.3575
6	2	1.818	1	1	-1.31	0.333
6	2	0.08155	0	0	-0.6686	1.083
6	2	1.957	1	1	-1.06	0.8738
6	2	1.759	0	0	-0.06838	0.01811
6	2	3.668	1	0	0.3023	1.297
6	2	0.3002	1	1	-1.377	0.1134
6	2	0.6625	1	1	-1.369	0.4538
6	2	3.421	1	0	0.1788	-0.08204
6	2	3.777	1	1	0.4326	0.7769
6	2	0.9964	0	0	0.3719	0.01811
6	2	0.3675	0	0	-1.838	0.5304
6	2	5.26	0	0	-0.0728	-1.653
6	2	0.6743	0	0	-1.39	0.1593
7	2	5.654	1	0	-0.9286	0.4538
7	2	3.664	0	0	0.6813	-1.435
7	2	1.794	1	0	-0.1815	-0.08204
7	2	1.978	1	1	-0.5603	0.6399
7	2	3.974	1	1	0.8033	0.675
7	2	0.8436	1	0	-0.3485	-0.2426
7	2	0.6149	1	0	0.4077	-0.2992
7	2	1.66	0	0	2.064	-0.4176
7	2	5.357	1	1	-0.02284	0.291
7	2	0.3942	0	1	-0.0177	1.707
7	2	0.8512	0	1	0.7466	1.245
7	2	5.486	0	0	-2.173	-0.2992
7	2	3.542	0	0	0.3171	-0.823
7	2	0.5215	1	1	0.4861	1.083
7	2	5.264	0	0	0.06355	-1.24
7	2	3.599	1	1	0.7706	1.111
7	2	1.537	0	0	-1.122	-0.5436
7	2	3.449	1	0	-0.9375	1.49
7	2	1.681	1	1	-0.3975	0.8738
7	2	5.647	1	1	-0.04107	0.333
7	2	1.082	1	0	0.3342	0.06632
7	2	1.743	0	0	0.04643	-2.333
7	2	0.3191	0	1	-1.568	0.333
7	2	0.3926	0	0	-0.5295	0.333
7	2	5.378	0	0	-0.7583	-0.4176
7	2	0.7781	0	0	1.898	-0.3575
7	2	1.537	0	1	-1.211	0.333
7	2	5.198	0	0	0.9772	-0.1341
7	2	0.4771	1	1	0.9109	0.2481
7	2	0.422	1	0	-0.1517	-0.08204
7	2	0.885	0	0	-2.434	-1.062
7	2	1.264	1	0	-0.1574	-1.24
7	2	3.88	0	0	-0.5744	-0.7493
7	2	3.631	1	1	-1.637	0.905
7	2	0.7308	1	1	1.302	0.5675
7	2	5.548	1	1	-0.01374	0.2481
7	2	5.267	0	0	0.8723	-0.7493
7	2	3.829	1	1	-2.792	0.01811
7	2	3.639	1	1	-1.244	0.333
7	2	1.087	1	0	0.03212	1.111
7	2	0.3395	0	0	0.1722	0.01811
7	2	3.56	0	0	1.101	-0.8995
7	2	0.3236	0	1	1.001	-0.08204
7	2	0.7155	0	0	-1.163	-1.335
7	2	5.575	1	0	-1.666	-0.823
7	2	1.925	0	1	0.01173	0.604
7	2	0.637	0	1	-1.86	2.243
7	2	1.828	1	1	-2.135	0.8098
7	2	1.058	1	1	-1.402	0.7769
7	2	1.501	0	0	-0.6124	0.4143
8	2	3.452	0	1	1.105	-0.08204
8	2	5.402	0	0	-1.067	-0.3575
8	2	3.616	1	1	-0.4467	1.827
8	2	1.76	0	0	-0.7804	0.604
8	2	5.908	1	1	-0.9005	1.49
8	2	5.407	0	0	-1.461	-1.149
8	2	1.046	0	0	-0.8818	-0.6783
8	2	3.838	1	0	-1.768	1.846
8	2	0.7893	1	0	0.002398	0.2481
8	2	1.923	1	0	-0.3594	-0.5436
8	2	5.636	0	0	-0.3594	-2.176
8	2	3.625	0	0	-1.014	-1.24
8	2	1.008	1	1	-0.1676	1.768
8	2	1.757	1	0	-1.655	0.5675
8	2	0.1643	0	0	-0.5599	-0.3575
8	2	0.3292	0	0	-0.4649	1.025
8	2	5.78	1	0	1.321	-1.653
8	2	3.202	0	0	0.3063	1.297
8	2	0.2305	0	0	0.7255	-0.2992
8	2	3.625	0	0	2.766	-0.2426
8	2	5.336	1	1	0.4896	0.8738
8	2	2.276	1	1	0.02076	1.219
8	2	0.7129	1	0	0.364	-0.03132
8	2	0.457	1	0	-0.01905	-0.4796
8	2	3.611	1	1	0.9994	1.219
8	2	5.579	1	1	-0.3933	0.7436
8	2	2.043	1	0	0.8081	1.111
8	2	0.1646	0	0	0.8496	-0.7493
8	2	0.7477	1	0	0.9929	0.8098
8	2	1.098	1	1	1.125	1.957
8	2	1.86	0	0	0.2414	-2.333
8	2	0.7606	1	1	0.09513	0.8098
8	2	3.624	0	1	0.4676	2.9
8	2	5.327	0	0	-0.4642	-2.333
8	2	5.54	1	1	0.1707	0.4143
8	2	1.954	1	1	0.7948	0.5304
8	2	1.955	1	1	-0.7259	0.333
8	2	0.4017	1	1	0.8389	0.3741
8	2	0.8442	0	0	-0.4936	-0.2426
8	2	1.845	1	0	-1.058	0.8738
8	2	3.343	0	0	-1.288	-0.2992
8	2	0.4134	0	0	-0.5885	2.713
8	2	1.126	1	0	0.1866	-0.1876
8	2	3.372	0	0	-1.659	0.9358
8	2	5.802	1	1	0.5596	1.111
8	2	0.8955	0	0	-0.7196	-2.502
8	2	0.3402	0	0	0.2416	0.333
8	2	0.9709	0	0	0.7325	-2.502
8	2	1.789	0	0	1.293	-0.3575
8	2	0.4274	0	0	-0.2868	-0.5436
9	2	0.4598	1	1	-2.699	2.243
9	2	1.002	1	0	1.044	1.42
9	2	0.7259	0	1	-0.2056	1.993
9	2	0.629	1	0	-0.1897	1.49
9	2	0.7569	1	0	-0.5865	0.1593
9	2	0.4902	0	0	1.171	0.1593
9	2	2.094	1	1	0.8005	1.245
9	2	1.775	0	0	0.381	0.333
9	2	5.326	0	0	0.7839	-0.6098
9	2	3.618	0	0	-1.332	0.01811
9	2	1.853	0	0	0.842	-0.4796
9	2	3.433	0	0	0.5192	-1.897
9	2	0.8038	0	0	1.156	-1.435
9	2	0.4185	1	0	-0.9557	-1.897
9	2	5.167	0	0	1.26	-1.897
9	2	5.342	1	1	-1.414	1.111
9	2	3.584	0	0	-0.3149	0.2042
9	2	0.8246	1	0	1.011	-0.1341
9	2	0.5529	1	0	-0.8168	0.7436
9	2	5.454	1	1	1.215	1.644
9	2	3.679	1	1	0.6758	0.675
9	2	5.532	1	1	-0.3523	0.7769
9	2	1.673	0	0	0.5105	-0.6098
9	2	1.668	1	0	-0.4144	-2.502
9	2	1.044	1	0	0.6709	-0.8995
9	2	3.531	1	0	1.16	-1.653
9	2	0.7443	0	0	0.7164	0.3741
9	2	3.444	0	0	-1.018	-0.6783
9	2	1.911	0	0	1.475	1.49
9	2	5.383	1	0	-1.194	0.2481
9	2	0.2656	0	0	0.7552	-2.333
9	2	3.58	0	0	-2.152	-1.653
9	2	0.6178	1	0	0.4341	1.166
9	2	0.3587	0	0	0.2045	0.333
9	2	1.003	1	0	0.08176	-1.653
9	2	3.549	0	0	0.3459	0.1134
9	2	1.659	0	0	0.7954	-0.8995
9	2	5.369	1	1	0.8248	0.4538
9	2	3.723	1	1	-0.4979	0.333
9	2	1.858	1	0	0.6188	-2.176
9	2	3.526	1	1	0.6055	0.4538
9	2	5.561	1	1	1.1	0.2481
9	2	0.6859	0	0	-0.6281	-0.5436
9	2	1.657	0	0	-0.1237	-0.9792
9	2	1.061	1	0	0.734	-1.541
9	2	5.391	0	0	0.4314	-0.9792
9	2	5.397	1	1	1.335	0.333
9	2	1.898	0	0	1.308	0.2481
9	2	0.2887	0	0	0.817	0.333
10	3	0.9508	0	1	0.3821	2.304
10	3	5.372	0	0	-1.009	2.13
10	3	0.2425	1	1	-0.2782	2.533
10	3	3.425	0	0	0.2614	-0.5436
10	3	0.7609	1	0	-0.3303	0.7436
10	3	3.63	0	0	-0.8988	-1.24
10	3	0.6068	0	0	-0.3437	-1.062
10	3	3.645	0	0	0.06096	-1.335
10	3	1.749	0	0	0.219	-0.4176
10	3	1.824	1	1	-0.1955	0.966
10	3	3.282	1	0	-0.1493	-2.689
10	3	1.717	1	0	0.1084	-0.03132
10	3	3.285	0	0	0.1327	-0.9792
10	3	0.358	0	0	0.7807	-0.7493
10	3	0.6606	1	0	0.3634	0.604
10	3	3.773	1	1	0.414	0.01811
10	3	5.442	1	1	0.7394	-0.03132
10	3	0.4898	1	1	-0.7816	0.1593
10	3	3.793	1	1	0.3765	0.4538
10	3	1.199	1	0	-1.55	-0.1341
10	3	3.519	0	0	0.1072	-1.541
10	3	0.4841	0	1	0.1098	0.01811
10	3	0.4349	1	1	0.4871	1.707
10	3	0.6287	0	0	-0.09396	0.4538
10	3	1.946	1	1	-0.1574	0.6399
10	3	1.239	1	0	0.06323	-0.823
10	3	3.656	1	1	-0.578	0.2481
10	3	1.901	1	1	1.593	0.7769
10	3	5.488	1	0	0.7996	-0.8995
10	3	0.6644	1	0	-0.6059	-0.6783
10	3	5.271	1	1	0.6654	0.01811
10	3	5.3	0	0	0.9084	-1.897
10	3	0.9679	0	0	-0.6762	-0.9792
10	3	1.165	1	0	-0.3896	-0.6098
10	3	1.011	0	1	-0.09511	-0.1341
10	3	2.011	1	0	0.3102	-0.8995
10	3	4.968	1	0	0.8375	-1.149
10	3	1.706	1	1	-0.09629	0.333
10	3	0.3028	0	0	0.07896	-0.6098
10	3	5.3	0	0	1.315	-1.653
10	3	5.274	1	0	1.187	-1.062
10	3	5.257	0	0	-0.5109	-1.335
10	3	3.406	0	0	1.246	-0.9792
10	3	1.872	0	0	-0.2673	-1.149
10	3	0.891	0	0	-0.5921	-2.176
10	3	0.5757	0	0	1.797	-2.502
10	3	1.55	0	0	0.5317	-0.6783
10	3	5.403	0	0	0.03057	-0.6783
10	3	1.233	1	1	0.9723	-0.03132
10	3	1.753	0	0	0.6684	-1.149
11	3	1.741	0	1	0.82	1.787
11	3	0.8585	0	0	1.962	-1.149
11	3	0.5288	0	0	0.8151	-2.689
11	3	3.381	0	0	0.01259	1.58
11	3	5.568	1	1	1.301	0.2042
11	3	3.544	0	0	-0.7108	-1.541
11	3	5.622	0	0	1.441	-2.032
11	3	1.882	0	0	0.9974	-2.689
11	3	0.8782	1	0	-0.9219	-2.333
11	3	3.41	0	0	-0.2993	-0.2426
11	3	0.7097	0	1	0.3172	0.2481
11	3	5.374	1	1	0.5822	-0.1876
11	3	3.337	0	1	0.5515	1.111
11	3	3.962	1	1	0.6509	-0.5436
11	3	0.3186	0	1	0.1908	0.604
11	3	0.8821	1	1	0.5467	0.3741
11	3	1.642	1	1	-0.0988	0.8098
11	3	1.162	1	1	0.3398	1.787
11	3	0.4211	1	0	0.1998	-0.1341
11	3	3.394	0	0	0.5235	-0.5436
11	3	1.639	0	1	1.299	0.4538
11	3	5.742	1	0	0.6287	0.01811
11	3	3.819	1	1	0.841	-0.08204
11	3	5.216	0	0	-0.5297	0.2481
11	3	5.408	1	1	1.262	0.6399
11	3	5.538	1	1	1.014	0.5675
11	3	0.8966	0	1	-0.1618	0.7436
11	3	5.51	1	1	-0.3822	1.601
11	3	1.178	1	1	0.7989	0.3741
11	3	0.3737	0	0	-0.09864	-1.149
11	3	3.649	1	1	-0.06371	0.5675
11	3	0.3425	1	0	-0.2805	-0.6783
11	3	0.4111	0	0	0.09112	-0.823
11	3	0.6155	0	0	0.1551	1.665
11	3	0.7791	1	1	1.093	0.5304
11	3	1.884	1	1	0.772	0.7436
11	3	1.554	0	0	-0.8319	0.01811
11	3	3.608	1	1	0.3479	0.4924
11	3	1.772	1	1	1.408	0.1593
11	3	0.2273	0	1	-0.389	0.675
11	3	1.021	1	0	0.1634	-1.149
11	3	0.5003	0	0	0.02024	0.06632
11	3	5.503	0	0	0.3806	-0.7493
11	3	5.334	1	1	0.5163	0.2481
11	3	1.803	0	0	0.8531	-0.1876
11	3	0.5918	0	0	-0.1149	1.644
11	3	3.656	1	1	-0.21	0.4538
11	3	1.89	1	1	1.328	0.01811
12	3	0.6574	0	0	-0.1579	-0.6783
12	3	1.902	1	0	1.094	-1.062
12	3	0.6963	0	0	1.089	-0.2426
12	3	1.839	1	0	0.6755	-0.03132
12	3	3.397	0	0	0.3688	-0.3575
12	3	3.568	1	0	-0.3366	-0.823
12	3	0.9384	1	1	0.8997	1.219
12	3	1.642	0	0	1.007	-0.1341
12	3	0.408	1	1	-0.3316	1.396
12	3	1.125	1	1	-0.2031	0.1134
12	3	0.8382	0	1	0.6322	0.6399
12	3	3.461	1	0	0.01676	-0.5436
12	3	5.534	0	0	0.3588	-2.689
12	3	3.746	1	1	0.01218	0.9958
12	3	0.1532	1	0	-1.616	-0.823
12	3	3.715	1	1	0.04967	0.1593
12	3	1.7	0	0	0.05246	-1.653
12	3	5.663	0	0	-0.2983	-1.653
12	3	5.423	0	0	0.835	-2.689
12	3	0.2892	0	0	0.6249	-2.689
12	3	1.798	1	0	0.2563	-1.897
12	3	1.724	0	0	-0.3513	-1.335
12	3	3.86	1	1	0.1819	-0.5436
12	3	3.881	1	0	1.359	-1.653
12	3	3.705	1	0	1.093	-2.689
12	3	1.925	0	0	0.9716	-1.24
12	3	0.9171	1	0	-0.004309	-1.335
12	3	5.425	1	1	0.02582	-0.1341
12	3	4.999	0	0	0.1315	-0.8995
12	3	0.2524	0	0	0.275	-1.24
12	3	0.5407	0	0	-0.766	-1.149
12	3	5.538	1	1	0.6551	-0.1876
12	3	0.7872	0	0	0.2409	1.245
12	3	0.7445	0	0	0.9331	-2.333
12	3	1.786	0	0	0.6313	-1.897
12	3	0.992	0	0	-0.2227	-1.541
12	3	1.021	1	0	0.2891	0.1593
12	3	0.5033	0	1	-0.7808	0.291
12	3	3.534	0	1	0.8367	0.4143
12	3	1.998	1	1	0.396	1.993
12	3	0.4262	1	1	0.176	-0.03132
12	3	1.677	0	1	0.4394	0.06632
12	3	0.5626	1	0	0.5797	-0.9792
12	3	0.7908	0	0	-0.7846	-2.689
12	3	5.473	0	0	0.08908	-0.7493
12	3	5.497	1	0	-1.606	1.025
12	3	5.328	1	0	-0.8573	-2.689
12	3	5.099	0	0	-1.282	-0.8995
12	3	0.5092	1	0	-0.1708	1.166
13	3	0.4307	1	0	0.6663	-1.653
13	3	5.286	0	0	0.5575	-1.435
13	3	1.851	1	1	0.6576	0.2481
13	3	3.626	1	1	-0.0844	0.4143
13	3	0.6622	0	1	0.978	0.01811
13	3	5.439	1	1	0.2397	0.333
13	3	0.5476	0	0	0.07396	0.2042
13	3	3.768	1	1	1.576	1.245
13	3	3.567	0	0	0.6107	-0.1876
13	3	3.474	0	0	0.3926	0.01811
13	3	2.077	1	0	0.6037	-0.6098
13	3	0.1941	0	1	1.703	2.82
13	3	0.5217	0	0	0.07543	-0.2426
13	3	3.601	1	0	0.5601	-0.08204
13	3	1.998	1	1	0.1399	0.7096
13	3	5.271	1	1	0.3919	0.5675
13	3	0.9551	1	1	0.1642	0.604
13	3	0.3477	1	0	0.4962	0.01811
13	3	5.372	0	0	-0.4251	-0.7493
13	3	5.145	0	0	0.7274	-0.823
13	3	3.723	1	0	1.341	0.8098
13	3	3.749	0	0	0.5069	-0.2426
13	3	1.207	0	0	1.424	-0.2426
13	3	1.766	0	0	0.1651	0.2481
13	3	5.268	0	0	0.8064	-0.7493
13	3	1.146	1	1	0.113	0.7096
13	3	1.856	1	0	1.186	-1.771
13	3	2.012	0	1	0.5835	1.193
13	3	0.4138	1	0	0.2427	-0.1341
13	3	0.8152	1	1	1.428	0.333
13	3	0.7946	1	0	-0.08055	-1.24
13	3	0.9161	0	0	0.8034	-0.08204
13	3	0.4245	0	1	1.138	1.623
13	3	1.69	0	1	0.5883	1.111
13	3	2.045	1	0	0.5076	0.4538
13	3	3.286	0	0	0.2504	-0.7493
13	3	0.6277	1	0	1.599	-0.4176
13	3	1.754	1	0	1.956	0.1593
13	3	3.633	1	1	0.7309	0.2481
13	3	5.356	0	0	1.337	-0.6098
13	3	0.7103	0	0	0.04853	-1.335
13	3	5.41	0	0	0.1628	-0.3575
13	3	3.44	1	1	1.275	0.675
13	3	5.241	0	0	1.571	-2.689
13	3	0.8568	0	1	0.3666	1.166
13	3	1.037	1	0	-0.08544	-2.502
13	3	0.3075	0	1	0.7137	1.42
13	3	0.865	1	1	1.491	0.333
13	3	1.789	0	0	0.816	0.2481
13	3	5.591	1	1	-0.3453	0.5675
14	3	5.673	1	1	1.534	1.686
14	3	3.572	0	0	0.9847	0.333
14	3	3.942	1	1	0.8758	0.3741
14	3	0.4841	0	1	0.8438	0.6399
14	3	0.2844	0	0	1.051	0.291
14	3	0.4594	0	1	1.18	0.3741
14	3	5.2	0	0	0.3422	-0.08204
14	3	0.08096	1	1	0.193	0.2481
14	3	5.283	1	1	0.02107	0.4538
14	3	1.911	1	1	0.589	0.6399
14	3	3.547	1	1	0.864	0.4538
14	3	0.8227	0	1	0.5813	0.7769
14	3	0.4635	1	1	1.136	0.966
14	3	5.3	1	1	0.5339	0.06632
14	3	0.9119	1	1	0.5959	0.2042
14	3	1.815	1	0	0.8144	0.1593
14	3	0.6773	1	1	1.539	0.7096
14	3	2.034	1	0	0.3346	-0.7493
14	3	5.37	1	1	0.378	2.976
14	3	3.644	1	0	0.8807	0.842
14	3	0.4134	0	1	0.5742	-0.1341
14	3	1.628	0	1	0.5571	0.6399
14	3	1.611	0	0	0.2431	0.1593
14	3	0.9417	1	1	0.7066	0.6399
14	3	1.044	1	0	0.9937	0.7436
14	3	5.452	1	1	0.6908	0.7096
14	3	0.7417	0	0	0.2958	0.5675
14	3	0.8161	0	0	0.7117	0.1593
14	3	3.837	0	0	0.1859	-1.24
14	3	3.712	0	0	0.2404	-1.653
14	3	1.692	0	0	-0.0236	-1.149
14	3	5.227	0	0	-0.01135	0.1134
14	3	0.6715	0	0	0.7967	1.054
14	3	1.617	0	1	0.8322	0.291
14	3	1.776	0	0	0.8309	0.5304
14	3	0.463	0	0	0.479	-0.3575
14	3	3.843	1	1	0.1849	0.2481
14	3	0.6857	1	0	0.01226	-0.2426
14	3	0.3696	1	1	0.6916	0.7096
14	3	1.691	0	0	1.128	0.5675
14	3	1.904	1	0	0.7256	1.443
14	3	5.22	0	0	0.8699	-0.1876
14	3	0.5972	0	0	-1.758	-0.1341
14	3	3.378	1	0	0.2862	0.604
14	3	3.822	1	1	0.1204	0.06632
14	3	3.649	1	0	0.5596	-0.1341
14	3	0.7729	1	1	0.5678	0.5304
14	3	5.334	0	0	0.6754	-0.6783
14	3	5.432	0	0	0.3185	-1.149
14	3	0.6787	1	0	0.2626	0.675
15	3	2.051	1	0	0.9935	0.2042
15	3	0.3728	0	0	-0.2744	0.604
15	3	3.596	0	0	0.06331	0.4538
15	3	1.933	1	1	0.915	0.333
15	3	3.666	0	1	1.169	1.347
15	3	5.623	1	1	-0.06836	0.6399
15	3	3.933	1	1	0.1532	0.8738
15	3	0.4323	1	0	0.6647	-0.2426
15	3	0.5105	1	1	0.6325	0.7769
15	3	0.7808	1	1	0.9929	1.42
15	3	0.4936	1	0	0.3515	-0.03132
15	3	5.426	1	1	-0.1098	0.1134
15	3	5.335	1	1	0.6946	0.2042
15	3	5.107	0	0	0.01481	-0.3575
15	3	3.595	1	1	-0.5794	0.01811
15	3	0.723	0	0	0.006055	0.4538
15	3	0.3083	0	1	0.2829	0.4924
15	3	0.5675	1	1	-0.1342	0.4143
15	3	1.812	0	0	0.4125	-0.7493
15	3	0.6126	0	0	-0.2312	0.1134
15	3	0.5366	1	0	0.8284	0.7769
15	3	3.618	0	1	0.06706	-0.8995
15	3	3.758	1	1	0.2469	1.322
15	3	0.5447	0	0	0.481	-0.03132
15	3	0.1751	0	1	0.3842	0.1134
15	3	1.946	0	1	1.152	1.245
15	3	1.829	1	1	0.5574	0.4538
15	3	0.8368	1	0	1.496	1.111
15	3	5.413	0	0	0.1769	-0.7493
15	3	5.691	1	1	0.8106	0.3741
15	3	5.355	1	1	1.048	0.2481
15	3	1.84	0	0	0.07729	0.1134
15	3	0.9387	1	1	0.7912	1.42
15	3	1.004	0	1	1.069	0.2481
15	3	3.793	1	1	1.639	0.5304
15	3	1.767	0	1	0.1289	0.675
15	3	0.9184	1	0	1.118	0.01811
15	3	3.475	0	0	0.2508	-0.4176
15	3	1.439	0	0	0.466	-1.149
15	3	0.5185	1	1	1.211	0.7769
15	3	0.9663	1	0	1.071	0.01811
15	3	0.6824	0	0	0.2645	-0.08204
15	3	3.928	1	1	1.08	0.333
15	3	5.371	0	0	-0.08422	-0.6098
15	3	1.891	0	0	0.2401	-1.062
15	3	1.974	0	1	0.3475	1.219
15	3	0.4623	0	1	0.6444	0.8738
15	3	5.184	0	0	1.491	-0.7493
15	3	3.518	0	0	2.175	-0.2992
16	3	3.793	1	1	2.1	0.01811
16	3	0.3711	1	1	0.6722	0.5675
16	3	3.788	1	1	1.301	0.6399
16	3	0.424	1	0	1.377	-0.7493
16	3	0.2183	1	1	1.431	1.535
16	3	1.03	1	0	0.02298	-1.149
16	3	3.301	0	0	1.069	0.2481
16	3	0.8304	1	1	-0.1356	0.4538
16	3	5.626	1	0	1.135	-2.502
16	3	1.759	0	1	0.476	0.2481
16	3	0.9072	1	1	1.005	0.06632
16	3	1.857	0	0	0.6846	-0.1341
16	3	1.758	0	0	1.604	0.2481
16	3	5.347	0	0	0.4402	0.604
16	3	0.6803	0	0	-0.764	0.9358
16	3	3.804	1	1	2.315	0.7436
16	3	5.563	1	0	0.6854	0.4538
16	3	1.616	0	0	0.3717	-0.3575
16	3	5.639	1	1	1.325	0.8738
16	3	0.396	0	0	-1.333	-0.8995
16	3	0.3646	0	0	0.471	-0.7493
16	3	1.789	0	0	0.6314	-1.897
16	3	0.7787	0	0	-1.04	-1.541
16	3	0.4247	0	0	1.396	-1.541
16	3	3.708	1	1	1.115	0.333
16	3	3.668	1	0	0.5327	-0.7493
16	3	1.908	1	0	0.1801	-0.08204
16	3	3.617	0	1	1.425	-0.1341
16	3	3.777	1	0	1.343	-0.03132
16	3	0.757	0	0	0.8267	-0.3575
16	3	1.702	0	0	1.109	-1.541
16	3	0.5426	1	1	0.7492	0.333
16	3	1.849	1	1	-0.234	-0.03132
16	3	1.948	1	0	1.812	1.396
16	3	5.315	0	0	-1.583	-1.149
16	3	5.389	0	0	0.5935	0.1134
16	3	3.573	0	0	1.601	0.1134
16	3	1.726	0	0	0.9025	-0.7493
16	3	3.748	1	0	0.6925	0.333
16	3	1.018	0	0	0.8119	-0.6783
16	3	0.8453	1	0	1.016	0.291
16	3	0.9276	0	0	0.4083	-0.4176
16	3	5.777	1	1	0.3648	0.2042
16	3	5.3	1	1	-0.1446	0.604
16	3	5.341	0	0	0.7685	-0.823
16	3	0.6988	0	1	0.9098	0.333
16	3	0.5149	1	0	0.6226	-0.7493
16	3	0.4824	0	0	0.1705	0.6399
16	3	5.203	0	0	-0.4768	-1.897
16	3	1.047	1	1	1.299	0.2042
17	3	5.211	0	0	-0.3105	-0.9792
17	3	1.574	0	0	-0.4021	0.1134
17	3	0.2203	0	0	1.017	-2.333
17	3	1.021	1	0	0.3184	-0.4796
17	3	0.3194	0	0	-1.054	-0.03132
17	3	1.725	0	0	0.4841	-0.2992
17	3	0.7637	0	0	1.354	-1.062
17	3	1.676	0	0	0.3467	-1.062
17	3	1.643	0	0	0.1667	-0.4796
17	3	3.553	0	0	0.1617	0.1134
17	3	1.932	0	0	0.769	-1.653
17	3	5.898	1	1	1.095	0.7096
17	3	1.124	1	0	0.4468	-0.1341
17	3	5.496	1	1	-0.1542	0.1593
17	3	6.062	1	1	-1.651	-0.3575
17	3	5.48	1	1	0.1794	0.1593
17	3	3.696	1	1	0.2856	0.1593
17	3	2.036	1	1	0.06384	-0.08204
17	3	3.556	0	0	0.6333	0.01811
17	3	3.548	0	0	0.2664	-0.08204
17	3	1.161	1	0	0.4689	0.9358
17	3	1.823	0	0	-0.3565	0.01811
17	3	5.47	1	1	-0.4599	0.06632
17	3	5.606	0	0	0.181	-0.7493
17	3	0.4858	1	0	0.9781	-0.6783
17	3	3.555	0	0	0.003041	-0.8995
17	3	0.4605	1	1	-0.3493	0.604
17	3	5.652	1	1	-0.02944	0.333
17	3	0.8274	1	1	0.7922	0.333
17	3	0.7597	0	1	0.5156	0.4538
17	3	5.572	1	1	-0.8963	-0.03132
17	3	0.2597	1	1	-0.00708	0.01811
17	3	0.9455	1	1	0.347	0.01811
17	3	0.445	0	1	0.06779	-0.4796
17	3	0.5763	1	1	-0.09545	0.01811
17	3	3.348	0	0	0.01862	-0.3575
17	3	0.3364	0	1	-0.239	0.333
17	3	2.154	1	1	-0.1787	-0.1341
17	3	0.7531	0	0	0.4533	-1.149
17	3	0.8592	0	1	1.345	0.905
17	3	3.537	1	1	-1.291	0.5304
17	3	0.6748	0	0	0.921	0.7769
17	3	5.311	1	1	-2.755	0.5304
17	3	2.011	1	1	0.2535	0.1134
17	3	3.549	1	1	0.6571	0.5675
17	3	3.645	0	0	2.006	0.06632
17	3	0.5991	1	0	0.2778	-0.5436
17	3	1.607	0	0	0.6844	0.01811
17	3	0.6349	1	0	0.06878	0.6399
17	3	3.38	0	0	-0.0686	0.5675
18	3	0.27	0	1	-0.3604	1.054
18	3	0.8966	1	1	0.3721	0.5304
18	3	1.894	0	0	-0.1896	-0.7493
18	3	0.03599	0	1	0.1024	0.2481
18	3	1.678	0	0	0.1054	-1.335
18	3	0.2936	0	0	0.1915	-0.3575
18	3	5.499	1	1	0.1725	0.333
18	3	0.92	1	1	-0.536	1.111
18	3	1.572	1	1	1.61	0.8098
18	3	1.377	1	0	0.1228	0.3741
18	3	0.4253	1	1	0.07731	0.6399
18	3	5.414	1	1	0.2139	0.5304
18	3	0.4743	1	0	-0.6578	0.7096
18	3	5.578	1	1	0.6598	0.1593
18	3	1.842	0	0	0.4359	-0.1341
18	3	3.552	1	1	1.372	-0.2426
18	3	3.669	1	1	-0.4267	0.8098
18	3	5.45	1	1	0.4247	0.1134
18	3	5.528	0	0	0.3541	-1.149
18	3	3.595	0	0	-0.004155	-0.6098
18	3	1.134	0	0	0.6317	-0.7493
18	3	0.6978	0	1	1.959	-0.1876
18	3	0.7278	1	1	-0.08854	0.1593
18	3	0.3434	0	1	0.9721	0.2481
18	3	3.733	1	1	1.096	0.1134
18	3	0.8203	1	1	-0.2634	-0.1341
18	3	1.513	0	1	1.54	0.675
18	3	3.712	0	0	1.877	-0.03132
18	3	5.395	0	0	1.216	-1.062
18	3	1.785	0	0	-0.7176	-0.3575
18	3	0.3211	1	0	-2.272	-1.435
18	3	0.3461	0	1	1.865	0.5304
18	3	1.531	1	0	2.407	-2.333
18	3	5.367	1	1	-0.2798	0.1593
18	3	5.568	1	1	0.7516	0.3741
18	3	5.148	0	0	0.4487	-1.24
18	3	3.203	0	0	-0.07537	-1.771
18	3	1.89	0	0	-0.1612	1.297
18	3	0.7771	0	0	0.6765	-0.6098
18	3	1.906	1	1	1.735	0.7436
18	3	3.427	0	0	-0.04772	-1.653
18	3	1.915	0	0	-0.2156	-2.333
18	3	3.841	1	1	-0.5647	-1.335
18	3	0.8858	0	0	-0.8418	0.01811
18	3	3.756	0	1	0.4119	0.333
18	3	5.381	1	1	0.4459	0.2481
18	3	1.162	1	1	1.226	-0.1341
18	3	0.4772	0	1	-0.1666	-0.08204
18	3	0.8738	1	1	-0.737	0.333
18	3	3.678	1	1	-0.977	-0.03132
19	3	0.6815	0	1	-0.1645	0.966
19	3	0.3701	0	0	-1.3	0.1134
19	3	0.4146	1	1	-0.09576	0.966
19	3	1.894	1	0	1.079	2.349
19	3	1.101	1	1	0.05859	-0.7493
19	3	5.604	1	1	0.4262	0.1134
19	3	1.86	1	1	-0.4036	1.083
19	3	0.9955	0	0	-0.3917	-2.176
19	3	3.56	0	0	-0.04091	-0.5436
19	3	0.4276	0	1	-0.4463	0.1134
19	3	5.368	1	1	-0.1864	-0.03132
19	3	1.72	1	0	-0.08684	-1.062
19	3	3.687	0	0	-0.5435	-1.435
19	3	5.173	0	0	-0.6726	-1.149
19	3	0.3429	0	0	-1.991	0.01811
19	3	5.67	1	1	-0.007453	-0.8995
19	3	5.385	1	1	0.611	1.245
19	3	5.27	1	0	-0.102	-2.502
19	3	0.8302	0	1	-0.1597	1.371
19	3	0.3104	0	0	0.04032	0.4538
19	3	2.016	1	1	0.2459	0.1134
19	3	0.2055	0	0	-0.4016	-0.823
19	3	5.422	0	0	0.374	-1.541
19	3	0.333	0	1	-0.1367	0.3741
19	3	3.804	1	1	0.1319	0.604
19	3	5.654	1	1	-0.4394	0.5675
19	3	1.807	0	0	1.336	-2.333
19	3	0.9967	1	0	-0.2479	0.06632
19	3	0.2408	0	1	-0.0886	0.8738
19	3	1.822	1	0	-0.596	-1.062
19	3	3.883	1	1	0.2862	0.2481
19	3	0.1665	0	1	0.7294	0.333
19	3	3.475	0	0	-0.1812	-0.6098
19	3	3.504	0	0	0.03797	-0.5436
19	3	1.068	1	0	1.512	-0.1341
19	3	0.7942	0	0	1.115	-0.8995
19	3	3.644	0	0	0.4781	-2.502
19	3	3.356	0	0	0.3593	-0.08204
19	3	1.846	0	0	-0.4838	-0.8995
19	3	1.896	1	1	1.141	0.01811
19	3	3.382	0	0	-0.7457	-1.653
19	3	5.41	1	1	0.7236	-0.1341
19	3	1.741	0	0	1.532	-0.4176
19	3	1.142	1	1	0.79	0.7436
19	3	0.8867	1	0	0.9394	-0.6783
19	3	5.773	1	1	-0.9472	-0.2992
19	3	1.232	1	1	-0.3257	-0.2426
19	3	3.775	1	1	0.4633	0.2481
19	3	0.2635	1	0	-0.1142	0.1134
19	3	1.56	0	0	0.4313	-1.335
20	4	1.049	0	0	-0.6918	1.884
20	4	5.262	0	0	-0.8609	1.443
20	4	3.581	0	0	-1.836	-0.2426
20	4	5.373	1	1	0.6816	0.291
20	4	0.447	0	0	-1.191	-0.823
20	4	5.172	0	0	0.05729	-0.3575
20	4	1.166	1	0	1.532	0.905
20	4	0.7444	1	1	0.992	0.4924
20	4	1.795	0	0	0.2211	-1.897
20	4	0.6552	0	0	-1.033	-1.653
20	4	1.699	0	0	-0.001744	-0.08204
20	4	0.5838	1	0	-0.8093	0.2481
20	4	3.455	0	0	-0.8054	-1.149
20	4	1.645	0	0	-0.05793	-2.176
20	4	0.4532	0	0	-0.3836	0.5675
20	4	3.31	0	0	-1.23	-0.2426
20	4	3.633	1	1	0.2779	0.1134
20	4	1.801	1	1	-0.4426	0.2481
20	4	1.524	1	1	-0.6653	-0.08204
20	4	1.583	1	1	-0.4878	0.333
20	4	0.8969	1	0	-0.3739	-0.8995
20	4	1.71	0	0	-0.1673	0.675
20	4	3.506	1	1	0.04822	0.2481
20	4	3.686	0	0	-0.4695	-0.3575
20	4	0.6527	1	1	-1.096	0.7096
20	4	5.348	1	1	-0.7746	-0.2426
20	4	0.8932	1	0	-0.9133	0.4538
20	4	0.3176	0	0	-1.562	0.01811
20	4	3.535	1	1	-1.272	0.5675
20	4	5.367	1	1	-1.129	0.291
20	4	0.8687	1	0	-0.9225	1.322
20	4	5.601	1	1	-2.092	-0.7493
20	4	1.767	0	1	-2.81	-0.1876
20	4	0.4756	0	0	-1.324	-2.176
20	4	0.8941	1	0	-1.593	-0.4176
20	4	3.524	0	0	0.1517	-0.3575
20	4	3.663	0	0	-0.373	-1.335
20	4	1.88	0	0	-0.5554	-2.176
20	4	5.355	0	0	-1.058	-1.541
20	4	0.4002	1	1	-2.674	0.4143
20	4	4.18	1	1	-1.577	0.06632
20	4	1.056	0	0	-1.699	-1.541
20	4	1.857	1	0	0.1246	-0.3575
20	4	0.8958	1	1	-2.326	0.4924
20	4	0.8016	0	1	-0.807	0.1593
20	4	5.451	1	1	-0.3623	0.5675
20	4	0.5077	1	1	-0.2611	0.4924
20	4	0.6415	1	1	-1.25	-0.1341
20	4	5.398	0	0	0.8961	-0.1341
20	4	5.612	0	1	3.718	0.7096
21	4	0.8508	0	0	-0.2921	-1.435
21	4	3.644	0	0	0.07659	-1.435
21	4	1.632	0	0	-1.125	-1.653
21	4	1.847	1	0	-0.7234	-1.435
21	4	5.633	1	1	-0.7119	-0.3575
21	4	0.778	1	1	-0.3852	1.601
21	4	5.426	1	1	-0.1509	-0.1341
21	4	0.5961	1	0	-1.252	-1.062
21	4	5.503	1	1	-0.8551	1.42
21	4	3.338	1	1	-1.257	0.1134
21	4	1.832	0	1	0.6725	0.4538
21	4	3.353	1	1	-1.347	0.8738
21	4	1.952	0	1	-1.14	0.905
21	4	1.779	1	1	-0.3375	1.787
21	4	0.3876	0	1	-0.4475	0.1593
21	4	4.002	1	1	-1.724	1.111
21	4	0.6101	0	0	0.5713	0.1593
21	4	5.56	0	0	-1.341	0.01811
21	4	3.437	1	0	-0.1861	0.291
21	4	1.065	1	0	-1.077	-2.333
21	4	1.587	0	1	-0.7112	0.2481
21	4	1.828	0	0	-0.1578	0.7436
21	4	5.324	0	0	0.9753	-0.6783
21	4	0.6471	1	1	0.6133	0.01811
21	4	1.064	1	1	-0.5831	1.748
21	4	3.355	0	0	1.033	-1.24
21	4	0.5433	1	1	-0.4298	0.8738
21	4	3.605	1	1	2.905	0.333
21	4	3.548	1	1	-0.2622	0.1593
21	4	1.277	0	1	-0.01167	0.7096
21	4	0.4336	0	0	-0.183	-0.08204
21	4	5.384	1	1	-1.631	0.604
21	4	0.4708	1	1	1.964	0.2042
21	4	0.91	1	1	0.1745	1.025
21	4	1.606	1	1	1.95	0.6399
21	4	2.013	0	1	-0.8893	0.6399
21	4	3.519	0	0	0.848	-1.149
21	4	0.4773	0	0	-2.528	-0.2426
21	4	3.784	1	1	0.3344	0.3741
21	4	0.3709	0	1	0.4181	1.245
21	4	0.6006	0	0	-2.118	-0.03132
21	4	0.8824	0	0	0.9543	-1.24
21	4	5.451	0	0	0.409	-1.897
21	4	5.774	0	0	0.823	0.333
21	4	5.124	1	1	-0.3987	1.665
21	4	0.956	0	0	-0.1444	-0.3575
21	4	0.278	0	1	-0.2461	1.768
21	4	5.144	0	0	0.2777	-0.6098
21	4	1.537	1	1	-0.03788	1.219
21	4	0.9594	1	1	-0.2224	1.219
22	4	2.281	0	1	0.5779	1.138
22	4	0.8531	0	0	0.9264	-1.335
22	4	3.441	0	0	-0.06296	-0.4176
22	4	1.773	1	0	1.784	0.8738
22	4	0.6219	0	1	0.19	0.8098
22	4	1.025	1	1	1.64	1.727
22	4	5.378	0	0	0.7106	-2.032
22	4	3.614	1	1	0.9656	1.347
22	4	1.938	1	1	0.3354	2.785
22	4	1.927	0	0	0.6887	-0.8995
22	4	0.6163	0	0	-0.7694	0.1593
22	4	1.692	1	1	1.092	1.42
22	4	4.952	1	0	0.2426	1.535
22	4	0.5949	0	1	-0.1363	2.464
22	4	0.7033	0	1	0.1507	1.768
22	4	3.669	1	0	1.097	1.111
22	4	5.349	1	1	0.1493	0.4538
22	4	1.581	0	0	0.4008	-0.2426
22	4	0.7618	1	1	1.348	1.665
22	4	1.032	0	1	-0.85	2.211
22	4	3.461	0	0	1.266	-0.4796
22	4	0.9677	1	1	1.696	1.42
22	4	0.5069	0	0	-0.06214	1.644
22	4	0.6085	0	1	0.4133	0.7436
22	4	0.9658	1	0	0.6585	-0.9792
22	4	1.618	0	0	-0.6153	-0.6783
22	4	1.822	1	0	0.08226	-0.2992
22	4	5.221	1	0	0.524	0.5304
22	4	3.865	1	1	0.4683	-0.1341
22	4	5.424	0	0	1.154	-1.335
22	4	0.7517	1	1	-0.926	0.966
22	4	5.542	1	0	1.181	1.49
22	4	3.398	1	1	0.8026	0.4538
22	4	1.994	0	1	-0.162	0.4538
22	4	1.753	0	0	-0.1673	-0.3575
22	4	3.354	0	0	1.057	-1.897
22	4	0.2061	0	0	0.8781	-2.176
22	4	5.384	0	0	-0.6465	-1.653
22	4	0.7511	0	0	0.2087	-0.3575
22	4	0.8632	0	0	1.332	-0.4176
22	4	3.546	1	0	0.3234	0.9358
22	4	5.345	1	1	-0.9901	0.2042
22	4	0.8004	0	0	-0.1529	-1.335
22	4	3.536	1	1	2.125	0.5675
22	4	0.85	0	0	1.602	-0.5436
22	4	3.504	1	1	-0.1666	1.166
22	4	0.9188	1	1	-0.3677	0.905
22	4	5.779	1	1	-0.4714	1.371
22	4	5.322	1	1	-0.3651	1.535
22	4	0.8354	1	1	1.422	1.644
23	4	3.998	0	0	0.4169	-2.032
23	4	0.4423	0	1	-1.237	0.01811
23	4	1.828	0	0	-0.8493	-1.062
23	4	5.211	1	1	-0.083	0.2481
23	4	0.6873	0	1	-1.427	0.604
23	4	4.967	1	1	-0.7269	0.966
23	4	5.422	1	1	-0.3938	1.054
23	4	5.418	1	1	-0.421	1.054
23	4	3.207	1	1	0.5094	0.3741
23	4	1.93	0	0	0.2574	-0.2992
23	4	1.087	0	1	0.5201	1.245
23	4	3.466	0	0	-0.07067	-0.2992
23	4	5.372	1	1	0.28	0.966
23	4	0.6227	0	1	0.233	0.4924
23	4	5.475	0	0	0.5886	-1.771
23	4	0.6801	1	1	0.6172	0.9958
23	4	1.956	0	0	-0.04157	0.4538
23	4	0.1524	0	0	-0.3182	-1.335
23	4	3.659	1	1	-1.065	0.2481
23	4	3.585	0	0	0.6383	-2.333
23	4	3.614	1	0	-0.6515	-0.1341
23	4	0.7561	0	0	-0.1669	0.9358
23	4	0.6915	0	1	-0.122	1.245
23	4	0.673	1	1	0.7941	0.7096
23	4	0.2724	1	0	0.9552	0.1134
23	4	4.997	0	0	-1.301	1.686
23	4	1.769	0	0	0.4634	0.966
23	4	1.673	0	0	-0.4807	1.535
23	4	5.303	0	0	0.5311	-1.062
23	4	1.023	0	0	0.8564	0.01811
23	4	0.7827	1	0	0.5332	1.467
23	4	0.6922	1	1	0.6512	0.8098
23	4	3.572	1	1	1.081	0.5304
23	4	0.06399	0	1	0.5528	0.333
23	4	1.98	0	0	1.255	0.2481
23	4	0.5732	1	0	-0.2599	-0.5436
23	4	4.053	1	1	0.4302	1.297
23	4	5.835	1	1	-1.101	0.7436
23	4	3.402	1	1	0.3359	1.396
23	4	1.521	0	0	0.9116	-0.2992
23	4	0.7966	1	1	0.5695	0.4538
23	4	2.013	1	0	0.2025	0.604
23	4	5.187	1	1	-0.1986	1.083
23	4	0.1454	0	0	-0.7264	0.4538
23	4	0.9808	0	0	-1.218	0.2042
23	4	3.479	1	1	0.7602	0.4143
23	4	0.5823	1	1	-1.232	0.4538
23	4	1.551	0	0	-1.303	-1.062
23	4	1.597	1	1	-0.5347	0.4538
23	4	0.7172	0	0	-0.0005875	-1.541
24	4	5.543	1	0	0.5256	0.966
24	4	3.384	0	0	0.569	-1.653
24	4	1.758	0	0	-0.09452	-0.5436
24	4	0.6497	0	1	0.7376	0.2481
24	4	3.365	1	1	1.223	0.5304
24	4	3.484	0	0	0.5566	-1.149
24	4	0.5244	0	0	0.7607	0.291
24	4	1.195	0	0	0.8611	-2.502
24	4	3.995	0	0	0.9205	-0.5436
24	4	0.3155	1	0	1.786	-0.4176
24	4	0.8505	1	0	2.6	1.467
24	4	0.449	1	1	2.087	0.8098
24	4	3.317	0	0	0.3848	-2.032
24	4	1.801	1	1	1.246	1.166
24	4	5.804	0	0	1.012	-1.435
24	4	1.837	1	1	0.8839	0.8098
24	4	5.181	1	1	-0.1676	1.245
24	4	0.4156	1	1	0.8333	0.905
24	4	0.6296	0	0	0.8568	0.333
24	4	1.898	0	0	-0.2234	-1.24
24	4	3.836	0	0	-0.2542	-2.333
24	4	3.498	0	0	1.469	-1.149
24	4	3.626	1	1	0.764	0.01811
24	4	1.024	1	1	1.257	0.1593
24	4	3.927	1	1	0.1794	0.1593
24	4	1.578	1	1	0.4701	0.4538
24	4	1.969	0	0	0.4605	0.1593
24	4	1.477	1	1	-0.01277	0.01811
24	4	1.807	1	0	0.2963	0.6399
24	4	3.491	1	1	0.4674	0.2481
24	4	5.588	0	0	-0.2138	-1.149
24	4	1.008	0	0	1.671	0.06632
24	4	5.115	1	1	-1.831	1.707
24	4	1.656	0	0	-0.3895	-0.8995
24	4	0.1575	1	1	0.987	0.01811
24	4	5.168	0	0	2.009	-2.502
24	4	1.027	0	0	0.1077	-1.435
24	4	5.703	1	1	-0.08799	0.4143
24	4	5.082	0	0	1.085	-2.176
24	4	0.3505	0	0	0.2725	0.9358
24	4	0.5763	1	0	0.9958	1.166
24	4	0.4493	0	0	0.525	0.966
24	4	0.9921	0	0	-0.1857	-2.333
24	4	0.744	0	0	0.8651	2.663
24	4	1.825	1	1	0.01176	0.7096
24	4	5.115	1	0	0.6793	-2.333
24	4	0.9677	1	1	-0.5032	0.01811
24	4	1.003	1	0	-0.9971	-1.435
24	4	5.036	0	0	-0.4572	-2.333
24	4	0.3437	1	0	-2.037	-1.541
25	4	2.102	1	1	0.2773	1.111
25	4	2.187	0	1	0.1314	0.1134
25	4	1.665	1	1	1.638	0.1134
25	4	0.9634	0	0	-1.627	1.083
25	4	0.3559	0	0	0.3295	0.3741
25	4	3.433	0	0	-0.9351	0.01811
25	4	0.7318	1	1	0.7346	0.7096
25	4	0.9471	1	0	0.3409	-0.2426
25	4	0.3224	1	1	-0.02437	-0.1876
25	4	0.9618	1	0	0.2258	-1.771
25	4	5.749	1	1	1.034	0.5304
25	4	0.8036	1	1	0.7776	0.1134
25	4	2.083	0	1	0.4173	0.06632
25	4	0.3826	0	1	-0.8338	-0.1341
25	4	3.731	0	0	0.7521	-0.6098
25	4	5.539	1	1	0.1174	0.2042
25	4	1.829	0	0	1.351	0.01811
25	4	0.8157	1	0	-0.6397	-1.541
25	4	5.247	0	0	-1.351	-2.333
25	4	5.368	0	0	1.699	-1.335
25	4	0.8308	1	0	-1.441	-0.7493
25	4	0.4909	0	0	-1.367	-1.149
25	4	0.8617	0	1	1.587	0.7436
25	4	3.835	1	1	0.3868	0.333
25	4	0.4104	0	0	0.4114	1.111
25	4	1.732	0	0	-1.34	-2.502
25	4	3.424	1	0	1.684	1.025
25	4	3.728	0	0	0.1073	-1.149
25	4	5.583	0	0	-1.664	-2.176
25	4	3.614	1	1	-1.922	1.111
25	4	3.496	0	0	1.61	-2.032
25	4	1.854	1	0	0.8995	0.9958
25	4	3.46	0	0	0.1887	-1.335
25	4	1.126	1	0	0.6153	-0.5436
25	4	0.8994	1	0	0.6078	1.245
25	4	0.3874	0	1	0.05266	0.333
25	4	3.217	1	1	-1.019	0.1593
25	4	5.132	1	1	0.9193	0.01811
25	4	5.361	0	0	-1.142	-1.897
25	4	1.765	0	0	1.485	-2.333
25	4	5.089	1	1	1.101	0.604
25	4	1.724	1	1	1.47	0.2042
25	4	1.946	1	1	1.045	0.4538
25	4	0.385	0	0	0.9177	-2.333
25	4	0.331	1	1	0.895	3.008
25	4	0.65	1	0	1.306	1.025
25	4	5.554	0	0	0.4121	-0.08204
25	4	1.057	0	0	2.397	0.966
25	4	3.541	1	1	0.4343	-0.4796
26	4	3.685	1	1	0.4668	0.2042
26	4	1.444	0	0	0.08491	-0.7493
26	4	1.336	0	0	1.098	-1.541
26	4	5.51	0	0	0.01079	-1.435
26	4	0.1472	0	1	0.3275	0.5304
26	4	1.481	0	1	1.008	0.4143
26	4	0.9354	0	1	-0.08037	0.4538
26	4	0.4141	0	0	-0.6387	-0.4796
26	4	3.847	0	0	1.537	-1.897
26	4	4.008	1	1	0.5256	3.121
26	4	5.257	0	0	0.7149	-2.333
26	4	0.5065	0	0	1.844	-0.1876
26	4	5.098	1	1	-0.1164	-0.2426
26	4	1.287	1	0	1.274	0.01811
26	4	3.926	1	1	-0.3606	0.3741
26	4	3.688	1	1	0.7555	0.1134
26	4	5.408	1	1	0.5933	0.1593
26	4	3.457	1	1	1.075	0.01811
26	4	5.518	0	0	1.198	-1.771
26	4	3.996	1	1	0.5365	-0.08204
26	4	1.127	1	0	-0.2212	-0.4176
26	4	0.6386	1	1	-0.1339	0.2481
26	4	1.429	1	1	-0.162	0.2042
26	4	1.032	0	0	-1.264	-0.7493
26	4	5.633	1	1	-0.3257	0.1593
26	4	0.01657	0	0	-1.062	-1.149
26	4	0.5191	1	1	-0.4809	-0.1341
26	4	2.106	1	1	-0.6929	0.06632
26	4	5.48	0	0	2.533	-2.333
26	4	1.756	0	0	0.9332	-1.062
26	4	1.964	1	1	1.972	2.45
26	4	1.913	0	0	0.9613	-0.4176
26	4	0.002	0	0	-0.8976	0.3741
26	4	0.9131	0	1	0.9258	-0.1341
26	4	5.496	0	0	0.201	1.42
26	4	0.6011	1	1	0.6955	0.1134
26	4	5.276	1	1	-2.706	-0.4796
26	4	1.541	1	1	1.253	0.5304
26	4	0.5178	0	0	0.06515	1.054
26	4	1.851	1	1	0.08203	1.111
26	4	1.928	0	0	0.1746	-0.4176
26	4	3.71	1	1	0.3809	0.1593
26	4	0.3891	1	0	1.592	-0.1876
26	4	0.9561	1	1	0.4705	1.865
26	4	3.487	1	1	-0.06805	0.7096
26	4	3.878	1	1	0.682	0.1134
26	4	1.054	0	0	0.675	0.6399
26	4	0.5596	0	0	-2.46	0.905
26	4	5.377	0	0	-0.4672	-1.541
26	4	1.112	0	0	1.049	-2.333
27	4	5.297	1	1	-1.08	0.1134
27	4	3.698	0	1	1.22	0.06632
27	4	1.793	1	1	0.4782	0.5304
27	4	1.828	1	1	-0.8402	0.1134
27	4	3.376	1	0	0.2957	0.1593
27	4	0.9463	1	1	-0.02654	0.333
27	4	0.6974	1	1	0.5045	0.1593
27	4	1.842	0	1	-0.9946	-0.1876
27	4	5.605	1	1	-2.209	0.01811
27	4	0.5848	0	1	0.2986	-0.4176
27	4	1.246	0	1	0.8679	0.4538
27	4	5.677	0	0	0.9338	-1.24
27	4	3.426	0	0	0.5186	-1.653
27	4	0.8629	1	1	-0.04287	0.2042
27	4	5.027	0	0	-0.773	-1.24
27	4	3.431	1	1	-0.9387	-0.1341
27	4	1.916	0	0	1.208	-2.333
27	4	1.452	1	1	0.6799	0.1593
27	4	5.357	1	1	0.5497	-0.03132
27	4	0.9294	1	0	1.564	0.966
27	4	1.97	0	0	0.1954	0.9358
27	4	0.1754	0	1	0.1868	0.4538
27	4	0.3034	0	1	0.09534	-0.1341
27	4	5.278	0	0	1.039	-0.9792
27	4	0.9978	0	0	1.523	-1.897
27	4	1.788	0	0	0.7595	-0.6783
27	4	5.373	0	0	-1.632	-1.062
27	4	0.4435	1	1	-1.364	-0.1341
27	4	0.6391	1	0	-0.1903	-1.897
27	4	0.8389	0	0	-0.8928	-0.2992
27	4	0.9947	1	1	1.969	0.1134
27	4	3.676	0	1	1.545	0.333
27	4	3.556	1	1	0.5625	0.333
27	4	0.4672	1	1	1.268	0.2481
27	4	5.359	1	1	-0.2511	0.8098
27	4	5.54	0	0	-0.1182	1.054
27	4	3.538	1	1	1.227	0.333
27	4	3.465	1	1	0.7222	0.2042
27	4	0.8116	1	1	-1.797	-0.08204
27	4	0.414	0	1	-0.8802	-0.5436
27	4	3.489	0	0	1.079	-2.176
27	4	0.2906	0	0	0.2262	0.604
27	4	0.6991	0	1	1.021	0.01811
27	4	5.501	1	1	-0.8744	-0.6783
27	4	1.967	0	0	0.5228	1.297
27	4	0.9037	0	1	1.08	0.7436
27	4	2.209	1	1	2.173	1.644
27	4	0.7904	1	1	-1.619	-0.2426
27	4	1.779	0	0	2.315	-1.653
28	4	3.555	0	0	0.7955	-1.897
28	4	5.54	0	0	-0.6238	-1.24
28	4	3.372	1	1	0.5131	-0.4176
28	4	1.863	0	1	0.9116	-1.062
28	4	5.623	1	1	0.5966	-0.5436
28	4	5.241	0	0	0.08983	-0.6098
28	4	0.8686	0	0	0.02444	-1.062
28	4	3.063	1	1	0.003041	1.297
28	4	0.515	1	0	-0.3328	2.211
28	4	1.606	1	0	-0.3617	0.842
28	4	5.214	0	0	-0.4972	-0.3575
28	4	3.814	0	0	0.9555	-2.502
28	4	0.8729	1	0	-0.3232	-0.08204
28	4	1.977	1	0	0.7006	-0.2992
28	4	0.3509	0	0	-0.426	-0.9792
28	4	0.386	0	1	0.02712	0.01811
28	4	5.437	1	1	-0.08979	-0.08204
28	4	4.134	0	0	1.882	1.601
28	4	0.564	0	0	0.3388	-0.3575
28	4	3.761	0	1	2.02	-0.4796
28	4	5.577	1	1	-0.5235	0.291
28	4	1.804	1	1	0.1196	3.151
28	4	0.7543	1	1	-1.128	0.8098
28	4	0.7284	1	1	-0.0437	0.8098
28	4	3.849	1	1	-0.1619	-0.6783
28	4	5.539	1	1	-2.09	-0.3575
28	4	1.647	1	1	0.8546	-0.8995
28	4	0.5156	0	0	-1.474	-1.771
28	4	0.3777	1	1	-0.9298	2.599
28	4	0.629	1	1	-2.273	0.2042
28	4	1.604	0	0	-0.318	-0.8995
28	4	0.8409	1	0	-0.4007	1.297
28	4	3.487	0	0	0.9262	-0.1341
28	4	5.218	0	0	-0.28	0.3741
28	4	5.533	1	1	0.6653	-0.2426
28	4	1.577	1	0	-0.2882	-1.149
28	4	1.887	1	1	1.202	0.333
28	4	0.4448	1	0	0.09869	-0.5436
28	4	0.8925	0	0	-0.8233	0.01811
28	4	1.943	1	1	-1.346	1.513
28	4	3.135	0	0	-2.342	-0.6783
28	4	0.6795	0	0	-0.7813	-0.9792
28	4	0.8257	1	1	-3.244	0.5675
28	4	3.488	0	0	0.2303	-2.176
28	4	5.1	1	1	-0.1462	-0.08204
28	4	1.112	0	0	-0.2041	-0.8995
28	4	0.3783	0	1	0.09072	0.333
28	4	0.7157	0	0	0.2985	-0.6783
28	4	1.629	0	0	0.08912	-0.2426
28	4	0.3441	0	0	-0.2356	-1.771
29	4	0.5325	1	1	0.9571	0.01811
29	4	0.9436	1	0	0.1955	-0.1341
29	4	1.355	0	0	-0.5665	-0.3575
29	4	0.515	1	0	-0.3661	1.558
29	4	0.5282	1	1	0.855	0.2481
29	4	0.5583	0	1	-1.601	0.4538
29	4	1.94	1	1	-0.214	0.06632
29	4	1.974	0	0	-1.049	-0.7493
29	4	5.446	0	0	-0.3273	-1.062
29	4	3.515	0	1	0.2648	2.713
29	4	1.707	0	0	-1.044	-0.4796
29	4	3.677	0	0	-0.8065	-1.653
29	4	0.8761	0	1	-0.4953	1.42
29	4	0.5481	1	0	-0.6261	-0.8995
29	4	5.353	0	0	-1.622	0.7096
29	4	5.587	1	1	-0.6245	0.01811
29	4	3.252	0	0	0.6436	-0.08204
29	4	1.095	1	0	-1.348	-0.08204
29	4	0.4732	1	0	0.2502	-0.5436
29	4	5.316	1	1	-1.893	1.025
29	4	3.823	1	1	-0.1674	0.966
29	4	5.488	1	1	-0.8284	0.6399
29	4	1.76	0	0	-2.073	1.025
29	4	1.89	1	1	-1.229	0.6399
29	4	0.5348	1	1	-0.7301	0.7096
29	4	3.641	1	1	-2.418	0.7769
29	4	0.8125	0	1	1.84	0.1593
29	4	3.694	0	0	-0.6046	-0.9792
29	4	1.868	0	0	-2.343	-0.7493
29	4	5.851	1	1	-3.718	0.4143
29	4	0.6074	0	1	-0.158	-0.2426
29	4	3.371	0	0	-1.374	0.333
29	4	1.049	0	0	-1.98	-0.08204
29	4	0.6906	1	1	0.7169	0.4924
29	4	0.5017	0	1	-3.184	0.1134
29	4	1.053	1	0	0.8886	0.4538
29	4	3.68	0	0	-0.9554	-1.897
29	4	1.801	0	0	0.1768	-0.2426
29	4	4.986	1	1	1.631	0.5304
29	4	3.446	1	1	-0.4864	0.06632
29	4	1.499	1	1	-0.5239	0.8738
29	4	3.974	1	1	-1.576	0.333
29	4	5.231	1	1	-1.585	-0.08204
29	4	0.975	0	0	-0.3779	0.2481
29	4	2.103	0	0	-1.074	-0.5436
29	4	1.018	1	0	-1.302	0.5304
29	4	5.45	0	0	-0.07237	-1.149
29	4	5.656	1	1	-0.2882	0.2481
29	4	1.571	0	0	-0.6575	-0.6783
29	4	0.5143	0	0	-0.5476	-0.5436
30	5	0.3546	0	0	0.1494	0.333
30	5	5.088	0	0	-1.426	-1.541
30	5	1.713	0	1	-0.4947	1.297
30	5	5.681	1	1	-0.4175	0.2042
30	5	0.2092	0	1	0.3061	0.8098
30	5	5.615	0	0	-0.5724	-1.149
30	5	0.1766	1	0	-2.547	0.1593
30	5	0.5769	1	0	0.5987	-0.4176
30	5	0.791	0	0	-0.943	-0.5436
30	5	0.09849	1	0	-1.125	1.902
30	5	1.435	0	0	0.1441	1.535
30	5	0.7326	1	0	-0.3293	1.535
30	5	1.445	0	0	-0.9432	-1.335
30	5	1.295	0	1	0.285	0.8098
30	5	0.376	0	0	-0.3591	0.1134
30	5	1.625	0	0	-0.9628	-0.9792
30	5	2.184	1	0	0.04151	-1.541
30	5	1.031	1	0	-4.809	0.5675
30	5	1.08	1	0	0.1094	-0.8995
30	5	1.045	1	0	1.515	-1.062
30	5	0.5132	1	0	-0.2232	-0.2426
30	5	0.7803	0	0	0.08927	0.6399
30	5	1.696	1	1	0.4401	0.6399
30	5	2.124	0	0	-0.269	-0.6783
30	5	0.1084	0	1	-0.338	0.333
30	5	5.297	1	1	0.1504	0.2481
30	5	0.2776	1	0	-0.2296	-0.3575
30	5	0.23	0	0	-0.3671	-0.5436
30	5	1.826	1	0	-0.2509	0.1134
30	5	5.529	1	1	0.2358	0.1134
30	5	0.4336	1	1	-1.872	0.5675
30	5	5.793	1	1	-0.6495	0.4538
30	5	1.251	0	0	-0.1532	-2.333
30	5	0.07655	1	1	-0.3543	0.3741
30	5	0.3081	1	0	-0.4729	-0.7493
30	5	1.856	0	1	0.1705	0.8098
30	5	1.925	0	0	-0.8234	-1.149
30	5	1.084	0	0	-0.1418	1.219
30	5	5.479	0	0	0.4016	-2.032
30	5	0.1952	1	0	1.004	-1.541
30	5	1.714	1	1	-1.611	0.7436
30	5	0.6796	0	0	2.762	0.01811
30	5	0.8666	1	0	1.281	1.727
30	5	0.2146	1	1	-1.495	0.7436
30	5	0.1836	0	0	-1.003	0.4924
30	5	5.527	1	0	-0.1088	1.49
30	5	0.07395	1	1	0.2873	-0.2992
30	5	0.6402	1	0	0.004441	0.8738
30	5	5.188	0	0	-0.3392	-1.653
30	5	5.311	0	0	1.821	-2.333
31	5	0.5495	0	1	1.088	0.8098
31	5	1.912	0	0	0.2418	-0.8995
31	5	1.309	0	0	-0.9554	0.8098
31	5	0.9154	1	0	-3.178	-0.4176
31	5	5.493	1	1	-3.211	0.4538
31	5	0.2464	1	1	0.07789	1.245
31	5	5.497	1	1	-0.7273	0.333
31	5	0.2837	1	0	-0.02048	0.7436
31	5	5.345	1	1	-0.01508	0.06632
31	5	2.053	1	0	-0.1918	0.2481
31	5	0.94	0	0	-0.3139	-0.5436
31	5	2.058	1	1	-2.344	0.2481
31	5	0.9627	0	1	-0.3984	0.5304
31	5	0.6495	1	0	0.3905	-0.7493
31	5	0.04102	0	0	-0.3798	-0.2992
31	5	1.684	1	0	-0.227	0.01811
31	5	0.4071	0	1	-0.199	-0.3575
31	5	5.621	0	0	-0.4247	-0.2426
31	5	2.218	1	1	-0.7516	0.06632
31	5	0.1751	0	1	0.3164	0.2481
31	5	1.014	0	1	-0.2785	0.4538
31	5	1.121	0	0	-0.2748	-0.1876
31	5	5.222	0	0	-0.7009	-0.8995
31	5	0.6219	1	1	-2.353	1.054
31	5	0.518	1	0	-0.9143	-0.1341
31	5	1.635	0	0	-0.8016	-0.6098
31	5	0.2132	1	0	-0.7335	-1.062
31	5	1.724	1	1	-1.527	0.1134
31	5	1.77	1	1	-0.1359	0.333
31	5	0.3731	0	0	-0.4679	0.7436
31	5	0.1357	0	0	0.9571	-0.03132
31	5	5.318	1	1	-0.7488	-0.2426
31	5	0.2662	1	0	-2.426	-0.2426
31	5	0.6303	1	0	-1.232	-0.6783
31	5	0.9465	1	1	-0.3457	0.4538
31	5	1.051	0	1	0.9179	0.8738
31	5	1.856	0	0	-0.9295	0.2481
31	5	0.21	0	1	-1.015	1.245
31	5	2.048	1	0	-1.53	-1.335
31	5	0.08855	0	1	-1.292	0.1593
31	5	0.3878	0	1	-0.1838	1.219
31	5	0.2906	0	0	2.897	-0.5436
31	5	5.178	0	0	-0.2851	-0.823
31	5	5.581	0	0	-2.656	-0.4176
31	5	5.102	1	1	-0.7072	0.1593
31	5	0.3116	0	0	-2.105	-0.9792
31	5	0.05461	0	1	-1.593	0.2481
31	5	5.026	0	0	-0.9957	-0.3575
31	5	1.145	1	1	1.521	-0.3575
31	5	0.1921	1	0	-1.14	0.01811
32	5	1	0	1	0.92	1.322
32	5	0.4172	0	1	-0.09824	0.8738
32	5	1.502	0	1	0.2475	0.2481
32	5	0.7622	1	1	-0.1848	0.6399
32	5	0.4313	0	0	0.3961	-1.062
32	5	0.168	1	0	0.4431	0.5304
32	5	5.126	0	0	-0.4902	-0.9792
32	5	1.972	1	1	-0.3842	0.01811
32	5	0.9751	1	0	-0.1896	0.3741
32	5	1.164	0	1	-1.195	0.7096
32	5	0.4045	0	1	-1.136	0.3741
32	5	0.9356	1	1	-0.6736	0.7436
32	5	5.378	1	1	-1.003	0.7436
32	5	0.3306	0	0	0.09387	0.1134
32	5	0.2069	0	0	-0.9557	-1.149
32	5	1.514	1	1	0.2691	0.966
32	5	5.28	1	1	-0.3748	0.4143
32	5	0.2034	1	1	0.5055	0.5675
32	5	0.6226	0	1	-0.1016	0.291
32	5	1.892	0	1	0.8655	2.211
32	5	0.01013	1	1	0.7396	1.768
32	5	0.4567	0	1	0.1599	1.371
32	5	0.1989	0	0	0.6205	2.492
32	5	0.6177	1	1	-0.6097	0.4924
32	5	1.186	0	0	0.8962	1.111
32	5	0.9832	1	1	0.5067	0.2481
32	5	5.343	1	1	-1.61	0.01811
32	5	2.239	1	1	-0.1294	1.443
32	5	5.638	0	0	-1.242	-0.9792
32	5	0.4572	1	0	1.552	-1.541
32	5	5.103	1	1	-0.2321	0.4924
32	5	2.103	1	0	-0.3026	0.3741
32	5	0.7139	0	0	-0.5539	-1.897
32	5	0.708	0	1	-1.389	0.4924
32	5	1.784	0	0	-0.3653	0.06632
32	5	0.1923	1	0	0.06839	-1.541
32	5	5.49	0	0	-0.627	-2.333
32	5	0.1483	0	0	-0.9374	-1.897
32	5	0.8449	0	0	-1.188	1.054
32	5	2.003	1	1	-0.994	0.6399
32	5	5.315	1	1	-0.803	0.333
32	5	0.6361	0	0	1.587	-0.4796
32	5	1.813	1	1	-0.8931	0.333
32	5	0.8978	0	1	-1.241	0.8738
32	5	1.583	1	0	-0.1886	1.166
32	5	0.2938	1	1	-1.927	0.1593
32	5	5.25	1	1	-2.129	0.291
32	5	5.73	1	1	1.991	0.06632
32	5	0.765	1	1	-1.307	0.2042
33	5	0.3814	0	0	0.06613	-0.4796
33	5	0.7113	1	1	-0.2387	0.333
33	5	0.7218	1	0	-0.9648	-0.8995
33	5	0.1645	0	1	-0.5064	0.4538
33	5	0.9957	1	0	-0.5692	0.1593
33	5	0.4917	1	0	-0.3413	1.193
33	5	1.46	1	1	-0.1622	0.2481
33	5	0.2993	1	0	-0.09403	-1.062
33	5	0.9155	0	0	0.4039	0.4538
33	5	5.607	1	1	0.3844	0.2481
33	5	1.586	0	0	-0.08452	0.4924
33	5	2	1	1	0.5859	0.333
33	5	0.1956	0	1	0.5939	0.3741
33	5	1.651	0	1	-0.2992	0.1134
33	5	1.522	0	1	-0.06564	1.768
33	5	0.6008	0	0	-0.1276	0.333
33	5	5.724	0	0	-0.5191	-0.4796
33	5	1.787	0	0	0.6338	0.01811
33	5	0.7336	1	0	0.8269	0.1593
33	5	1.796	1	1	0.606	0.5675
33	5	5.595	0	0	1.931	-1.435
33	5	0.02449	0	0	0.9534	0.4538
33	5	0.844	1	0	-0.3721	-0.4796
33	5	5.73	1	1	0.4961	0.5675
33	5	0.4129	1	0	0.08719	0.1593
33	5	0.5829	0	1	-2.524	0.604
33	5	5.48	1	1	1.507	0.06632
33	5	0.6376	1	0	1.478	0.2042
33	5	1.85	0	0	0.7456	-1.149
33	5	0.0007629	0	0	0.1693	0.01811
33	5	0.09645	1	0	-0.974	-0.7493
33	5	1.917	0	0	0.5763	-0.3575
33	5	0.01309	1	0	1.035	-0.03132
33	5	0.9465	1	1	0.8035	-0.08204
33	5	0.8092	1	1	0.8976	0.01811
33	5	0.09887	1	0	-0.3863	-1.335
33	5	1.738	0	0	0.5648	0.5304
33	5	0.07114	0	1	1.284	1.025
33	5	5.328	1	1	-0.281	-0.1341
33	5	0.7001	1	0	-0.09753	0.4143
33	5	0.09994	0	0	0.191	0.6399
33	5	5.501	0	0	0.4735	-0.3575
33	5	5.574	1	1	-0.1321	0.333
33	5	0.737	1	0	0.2075	-0.4176
33	5	5.606	0	0	-0.04882	-0.2426
33	5	0.2004	1	0	-0.5711	-1.897
33	5	0.2085	1	0	0.06957	-2.176
33	5	0.6896	0	0	-0.08518	0.5304
33	5	5.362	0	0	-0.5057	-0.6783
33	5	0.5488	1	0	0.5875	0.966
34	5	0.5116	0	1	0.4715	1.322
34	5	0.513	0	1	0.3477	1.347
34	5	0.8719	0	0	1.63	0.8098
34	5	0.612	0	0	0.6077	2.349
34	5	2.006	0	1	0.4495	2.163
34	5	0.2398	0	0	0.4651	1.245
34	5	0.3697	0	0	-2.231	-1.149
34	5	1.138	0	0	0.1883	-1.335
34	5	0.5904	1	0	-1.063	-0.5436
34	5	0.6506	1	0	-1.143	-1.335
34	5	1.634	1	0	-1.439	-0.2426
34	5	0.3948	1	0	0.08877	-0.3575
34	5	1.361	1	1	0.5043	0.3741
34	5	1.084	1	0	-1.169	-0.4796
34	5	5.547	0	0	-0.6651	-0.4796
34	5	5.702	1	0	0.01777	1.396
34	5	5.522	0	0	-0.2719	0.291
34	5	0.4622	0	1	-1.478	0.333
34	5	1.761	1	1	-1.25	0.966
34	5	5.322	1	1	-0.8348	0.2481
34	5	0.5782	1	0	-1.815	-1.24
34	5	1.932	0	1	-0.1813	1.443
34	5	0.9367	1	1	-1.033	-0.1341
34	5	0.347	1	1	-0.7148	0.1593
34	5	0.29	0	0	-3.048	-0.3575
34	5	0.3289	1	1	0.1804	0.1593
34	5	1.033	1	1	-1.463	-0.1341
34	5	0.7868	0	1	-0.08879	0.2481
34	5	5.38	0	0	-0.1846	0.6399
34	5	0.8864	1	1	-0.6688	0.5304
34	5	0.5661	0	0	-0.8984	0.5304
34	5	1.697	0	0	-1.112	-0.7493
34	5	0.919	0	0	-1.108	0.1134
34	5	1.774	1	0	-1.693	-0.823
34	5	0.7312	0	0	-0.815	-1.653
34	5	5.412	0	0	-1.031	-1.653
34	5	0.4684	1	1	-1.529	0.4538
34	5	1.692	0	0	-0.9902	-0.03132
34	5	0.3835	0	1	0.08711	0.2042
34	5	5.111	1	1	-0.8504	-0.03132
34	5	5.437	1	1	-2.049	-0.4176
34	5	0.6932	1	1	-0.8478	0.01811
34	5	5.639	1	1	-1.393	0.5304
34	5	2.102	1	0	2.137	0.6399
34	5	1.831	0	0	-0.8136	0.3741
34	5	1.551	1	1	-2.177	0.4924
34	5	0.08643	0	0	-1.681	0.4143
34	5	0.3869	0	1	-1.567	0.5304
34	5	0.2795	1	1	-1.49	0.4143
34	5	5.167	1	1	-0.07405	-0.4176
35	5	0.3609	0	1	-0.9949	0.3741
35	5	1.069	1	1	-1.494	-0.08204
35	5	0.1382	0	1	0.1919	1.42
35	5	0.4797	0	1	-1.414	1.245
35	5	0.8408	0	0	-0.2517	-0.9792
35	5	0.2776	1	1	-0.9068	0.4924
35	5	1.048	1	1	-0.3785	0.3741
35	5	0.3108	1	1	-0.5646	0.291
35	5	0.2141	1	1	-1.19	1.111
35	5	1.115	1	1	-1.223	-0.2426
35	5	0.4694	0	1	-0.5078	0.604
35	5	5.049	0	0	-0.684	0.1134
35	5	0.3884	1	1	-1.458	0.06632
35	5	0.01645	1	0	-0.634	-0.6098
35	5	0.7533	1	1	-0.7902	-0.2426
35	5	0.5323	0	1	-0.1761	0.01811
35	5	1.615	0	1	-0.8648	0.3741
35	5	0.8284	0	0	-2.358	-0.6783
35	5	0.01972	0	0	-2.121	-0.08204
35	5	1.833	0	0	-1.738	-1.335
35	5	0.02821	1	1	-0.8127	2.393
35	5	1.728	0	0	-0.7122	-1.653
35	5	5.273	1	0	-0.951	-1.335
35	5	0.6313	1	0	1.012	0.905
35	5	0.5275	1	0	-0.9909	0.4143
35	5	5.609	0	0	-1.365	0.5675
35	5	0.3648	0	1	1.362	0.1134
35	5	1.982	1	1	0.5471	1.371
35	5	2.064	1	1	-2.912	0.2481
35	5	0.7992	1	1	-1.637	0.1593
35	5	1.072	1	0	-1.282	-0.4796
35	5	5.571	1	1	2.153	0.9358
35	5	5.499	1	1	-0.1466	-0.2426
35	5	0.02234	0	1	0.3136	0.2481
35	5	2.03	1	1	-0.8574	-0.03132
35	5	5.175	0	0	-0.6982	-0.08204
35	5	5.568	0	0	-1.217	-0.3575
35	5	0.4073	0	0	-1.046	0.2481
35	5	5.543	0	0	-0.565	-0.8995
35	5	0.2649	1	1	0.5339	0.905
35	5	5.267	1	1	-1.155	0.1134
35	5	1.366	0	0	-0.5522	-0.7493
35	5	0.5055	1	0	1.53	-1.24
35	5	1.459	0	0	-1.32	-1.653
35	5	0.3961	0	0	-1.698	0.7096
35	5	0.8476	1	1	-2.594	1.707
35	5	5.679	0	0	-0.5059	-2.333
35	5	1.999	1	1	-1.89	-0.7493
35	5	0.1669	1	1	1.827	0.06632
35	5	1.945	1	1	1.213	-0.823
36	5	1.096	0	0	1.255	-2.176
36	5	0.6524	1	1	0.6219	2.65
36	5	2.005	0	0	-0.6544	0.6399
36	5	1.114	1	1	0.09596	0.2481
36	5	0.9208	1	1	-0.102	0.333
36	5	1.85	0	1	0.1087	0.291
36	5	0.5221	0	1	-0.1613	0.1134
36	5	1.506	0	1	-0.8129	-0.6783
36	5	5.095	0	0	0.5134	-1.897
36	5	1.711	0	1	-0.4013	-0.2426
36	5	0.905	1	1	0.9621	1.054
36	5	1.839	1	1	0.22	0.1134
36	5	1.059	1	1	0.2315	-0.08204
36	5	1.101	1	0	-0.1222	0.7436
36	5	5.355	1	1	0.8764	0.3741
36	5	0.6442	1	1	1.259	0.01811
36	5	0.9974	0	0	0.2629	-0.1341
36	5	0.2487	1	1	1.493	1.111
36	5	0.1919	0	1	0.1473	0.2481
36	5	0.5545	0	1	-0.63	0.06632
36	5	0.6421	1	0	-0.7038	0.842
36	5	5.17	1	1	0.3786	0.1134
36	5	0.9288	1	0	0.7075	-1.335
36	5	1.665	1	1	-1.171	0.2481
36	5	0.6893	1	0	0.2141	-2.333
36	5	5.845	1	1	-1.534	-0.2426
36	5	1.721	0	0	0.933	0.4924
36	5	5.648	0	0	-0.05249	-0.5436
36	5	5.888	1	1	0.5638	0.01811
36	5	0.6016	0	1	0.9905	1.054
36	5	0.3441	0	0	-0.6179	-0.4796
36	5	0.3165	0	1	0.3947	0.5304
36	5	5.21	1	1	-0.4286	0.2481
36	5	0.3731	0	1	0.2241	0.4924
36	5	5.273	0	0	-0.8271	-0.03132
36	5	1.495	0	0	-0.07399	-0.5436
36	5	5.262	1	1	-0.5045	0.6399
36	5	0.07043	1	0	0.2923	-0.2426
36	5	0.7849	1	1	-0.9554	0.1134
36	5	0.001516	1	0	-2.674	0.333
36	5	1.534	0	0	1.387	-0.7493
36	5	0.5554	0	0	1.676	-0.2426
36	5	5.29	1	1	-0.7416	0.8738
36	5	1.982	0	1	1.483	0.4538
36	5	0.263	0	0	0.8507	0.604
36	5	0.6492	1	0	0.5809	0.3741
36	5	0.6308	1	1	-1.557	0.8098
36	5	0.4177	0	1	2.361	1.443
36	5	0.2319	0	0	-1.633	-0.8995
36	5	0.3275	0	1	1.88	0.1134
37	5	5.63	1	1	-1.451	-0.3575
37	5	0.1951	1	1	2.021	-0.1341
37	5	5.47	1	1	-1.051	0.1593
37	5	0.3911	1	1	-1.096	1.49
37	5	5.404	1	1	-1.108	0.01811
37	5	0.7515	0	0	1.369	-1.541
37	5	1.757	1	1	-0.5227	-0.1341
37	5	0.6815	1	1	1.166	0.2481
37	5	0.11	0	1	-0.1931	0.3741
37	5	0.5399	1	1	0.1753	0.2481
37	5	0.0978	1	1	-1.742	0.3741
37	5	0.3371	0	1	-1.471	0.5304
37	5	0.2112	0	0	-1.899	-0.8995
37	5	0.5252	1	1	0.9674	-0.03132
37	5	1.55	0	1	-1.015	0.2042
37	5	1.791	0	0	-1.603	0.4538
37	5	0.4467	1	1	-0.4732	0.2481
37	5	1.161	0	1	-0.5149	0.3741
37	5	0.1743	0	0	-0.9325	0.1134
37	5	5.494	1	1	-3.115	0.1593
37	5	1.983	0	0	0.1443	0.01811
37	5	0.3795	0	1	-1.318	0.2481
37	5	0.4222	1	0	-1.97	-0.4796
37	5	2.019	0	1	0.7163	0.7096
37	5	0.4355	0	1	-0.5969	1.902
37	5	1.406	0	0	0.1818	-1.149
37	5	5.298	0	0	-1.129	-0.5436
37	5	2.17	1	1	-0.3737	0.1134
37	5	0.9798	1	0	-2.428	-0.6098
37	5	1.539	1	1	0.09341	0.2481
37	5	0.5621	1	0	0.2888	-0.7493
37	5	0.9473	1	1	-0.03366	0.4538
37	5	0.05861	1	0	0.5877	-2.502
37	5	0.7788	0	1	-1.23	1.768
37	5	5.646	1	1	-1.169	-0.5436
37	5	1	0	0	-1.311	-2.333
37	5	5.772	1	1	-2.153	-0.08204
37	5	5.46	0	0	0.6864	-1.897
37	5	0.8077	1	1	-0.825	0.7436
37	5	0.8793	0	0	-0.01153	-1.24
37	5	0.2238	0	1	-1.4	0.01811
37	5	0.9603	0	0	-0.9356	-2.333
37	5	0.4327	0	1	1.732	-0.8995
37	5	0.07111	0	0	-1	0.333
37	5	5.393	1	1	-0.05486	-0.08204
37	5	1.402	1	1	0.2693	0.2481
37	5	1.178	1	0	-0.8175	-0.3575
37	5	0.4121	1	0	1.018	0.4924
37	5	5.442	0	0	-2.322	0.1593
37	5	1.922	0	0	0.1788	-0.3575
38	5	0.03258	1	0	-0.8273	1.166
38	5	0.6883	0	0	-0.7849	0.1134
38	5	0.6349	1	1	-0.1923	-0.1341
38	5	1.69	1	1	-1.387	0.2481
38	5	0.2079	1	1	0.93	0.7769
38	5	0.2567	0	1	-1.589	0.2481
38	5	5.558	0	0	0.6054	-0.8995
38	5	0.2915	1	1	0.04246	0.2481
38	5	1.707	0	0	0.3615	-0.3575
38	5	0.2977	0	1	-1.149	0.06632
38	5	1.238	1	0	-1.48	-2.176
38	5	0.7694	1	1	-0.5831	-0.2426
38	5	5.537	0	0	-1.265	-1.541
38	5	0.3057	0	0	-2.564	-0.5436
38	5	0.03576	0	1	-0.8611	0.2481
38	5	0.8925	0	1	-1.137	0.7096
38	5	5.427	1	1	-1.408	-0.2426
38	5	5.525	0	0	0.06652	-0.08204
38	5	0.3111	0	0	-0.701	0.7096
38	5	0.7063	1	1	-0.0568	0.01811
38	5	5.526	1	1	-1.34	0.2481
38	5	5.407	1	1	-1.278	-0.2426
38	5	0.5633	1	0	-0.4534	0.2481
38	5	1.506	0	0	-1.45	-0.823
38	5	0.2635	1	0	-0.07194	0.5304
38	5	1.709	0	1	0.1548	1.111
38	5	1.913	1	1	-0.6923	0.3741
38	5	0.8208	1	1	-2.152	0.2481
38	5	0.2514	1	1	-0.1103	0.4143
38	5	1.672	0	1	-0.1996	-0.4176
38	5	1.825	0	0	0.7133	0.1134
38	5	5.534	0	0	-1.52	-0.1876
38	5	0.6288	1	1	1.375	0.2481
38	5	0.2745	1	1	-0.07481	-0.3575
38	5	5.408	1	1	-1.337	-0.08204
38	5	1.569	0	0	2.185	-2.176
38	5	0.5331	0	1	-0.6293	0.8738
38	5	1.096	1	1	-0.01183	1.42
38	5	0.7386	1	1	-0.7724	-0.1341
38	5	1	0	1	-1.648	-0.4796
38	5	0.3027	0	0	-1.027	0.8738
38	5	0.7766	1	1	-1.395	0.1593
38	5	1.772	0	0	-0.1925	-0.2426
38	5	5.841	1	1	-0.3176	-0.1876
38	5	0.6437	1	1	-0.4144	-0.08204
38	5	0.2483	1	1	-0.3339	-0.08204
38	5	1.01	0	0	-0.5648	-0.5436
38	5	5.187	0	0	-0.915	-1.335
38	5	0.132	0	0	-0.7921	0.4143
38	5	1.779	0	1	0.2781	1.807
39	5	0.4958	0	0	-0.6607	-1.149
39	5	0.2359	1	0	0.1115	1.111
39	5	0.582	0	0	0.07173	0.4143
39	5	0.9963	1	0	0.555	1.054
39	5	0.8876	1	0	0.1111	0.7769
39	5	0.3554	0	1	0.4452	0.842
39	5	0.8286	1	1	-1.042	1.025
39	5	0.2497	1	1	-0.4832	0.01811
39	5	0.8828	0	1	-0.8296	0.1593
39	5	5.623	1	1	-0.245	0.3741
39	5	5.49	1	1	0.2768	0.2481
39	5	0.2442	0	1	0.08099	-0.3575
39	5	1.037	0	0	-1.352	1.245
39	5	1.558	0	0	-0.2088	0.6399
39	5	0.7682	1	0	-0.6997	3.209
39	5	5.252	1	1	-0.8334	0.01811
39	5	0.8466	1	1	-3.573	-0.6783
39	5	0.1107	0	1	-0.006954	0.1134
39	5	1.821	1	1	0.06687	0.2481
39	5	1.115	0	1	-0.6524	-0.4176
39	5	5.204	0	0	-0.2724	-1.335
39	5	1.769	1	1	-0.1043	-0.5436
39	5	0.2205	1	1	0.319	0.2042
39	5	5.674	1	1	-0.7331	0.333
39	5	0.7149	0	0	-0.392	-0.5436
39	5	0.2052	1	0	-0.4859	-1.335
39	5	1.756	1	0	-0.08036	-1.335
39	5	0.8113	1	1	0.9235	-0.1876
39	5	0.01145	1	0	-0.1375	0.1134
39	5	1.926	0	0	-0.5134	-1.541
39	5	0.9669	0	0	0.5805	-1.653
39	5	0.6863	0	0	0.8977	-1.149
39	5	1.548	1	0	0.1978	-0.1341
39	5	5.231	1	1	-0.9062	-0.08204
39	5	0.7494	1	0	-1.084	1.025
39	5	5.357	0	0	0.4316	-1.897
39	5	5.407	0	0	-0.5389	-0.7493
39	5	5.765	1	1	0.8462	2.289
39	5	4.826	0	0	-2.234	-0.7493
39	5	0.8585	0	0	1.404	0.6399
39	5	0.2618	0	0	0.0572	-0.8995
39	5	1.932	0	0	0.3482	-1.897
39	5	0.736	0	1	0.3433	0.966
39	5	1.86	0	0	0.1205	-0.1341
39	5	0.3777	1	1	-3.418	0.7096
39	5	0.2878	1	0	1.383	-0.3575
39	5	1.808	0	0	0.03725	-0.4176
39	5	0.4199	0	1	-0.2368	0.333
39	5	1.511	0	0	0.7444	-0.1341
39	5	0.2571	0	1	0.04946	0.5304
40	6	1.953	1	0	0.2449	-0.1876
40	6	0.04753	1	1	-0.2377	0.2042
40	6	0.01914	0	1	0.1726	0.675
40	6	5.327	1	0	1.184	1.166
40	6	0.01218	1	1	-0.09975	0.905
40	6	1.725	1	0	0.3184	0.966
40	6	0.6845	1	1	-1.237	-0.08204
40	6	0.2544	0	0	0.4161	0.2481
40	6	5.447	0	0	0.8044	-0.5436
40	6	2.12	0	0	0.4145	-1.435
40	6	0.5578	0	0	-0.3645	-1.062
40	6	0.2251	1	1	0.525	0.8098
40	6	0.8612	0	0	0.3081	0.1593
40	6	0.3188	0	0	0.3783	-1.653
40	6	1.578	1	1	-0.4077	-0.1876
40	6	0.8623	1	0	0.1255	-2.032
40	6	5.597	0	0	-0.2281	-1.541
40	6	1.604	1	1	0.8407	0.1593
40	6	5.071	0	0	0.09825	-2.176
40	6	4.993	1	1	0.9722	0.842
40	6	0.808	0	0	-0.504	-0.3575
40	6	0.7443	1	0	-0.91	-0.5436
40	6	1.949	1	0	0.7288	0.8738
40	6	0.8507	0	0	-0.4895	-0.6783
40	6	0.4744	0	1	1.057	0.5304
40	6	5.541	1	1	0.4274	-0.3575
40	6	0.3231	0	0	0.2885	-1.335
40	6	0.3828	1	1	-0.5916	0.2481
40	6	0.293	0	0	0.6058	0.01811
40	6	0.6252	0	0	-0.4075	-0.08204
40	6	0.8668	1	0	-0.6473	-0.1876
40	6	0.5051	1	0	2.396	-0.5436
40	6	1.565	1	1	-0.1739	0.06632
40	6	1.266	1	1	-1.582	1.322
40	6	5.822	1	0	-1.87	0.06632
40	6	5.577	0	0	0.6658	-0.7493
40	6	0.3131	0	0	2.097	1.271
40	6	2.053	0	0	-1.756	-0.1341
40	6	2.005	0	1	-0.5033	-0.4176
40	6	1.921	1	1	-0.997	1.219
40	6	0.53	1	1	-0.6668	-0.1876
40	6	0.5277	0	0	0.1522	-1.24
40	6	0.6057	0	0	2.589	-0.2992
40	6	0.5608	0	0	0.3964	-0.9792
40	6	0.09581	0	0	0.4643	-0.6783
40	6	5.663	0	0	-1.837	-1.653
40	6	0.8962	1	1	0.5398	0.3741
40	6	0.1399	0	1	0.8277	0.7769
40	6	0.2584	1	1	-0.566	0.3741
40	6	5.531	1	1	0.0414	-0.2426
41	6	2.135	0	0	0.6825	-0.03132
41	6	0.1697	1	0	-1.229	1.111
41	6	1.972	0	0	-1.04	0.6399
41	6	0.8269	1	0	0.07137	0.1593
41	6	0.6156	0	0	-0.4113	0.01811
41	6	5.658	0	0	-0.146	-0.9792
41	6	0.03475	1	0	1.061	0.4924
41	6	0.6573	0	0	-0.8456	1.902
41	6	0.6499	0	1	-1.184	2.573
41	6	5.644	1	1	-0.234	0.5675
41	6	0.9494	1	0	-1.513	1.193
41	6	0.3784	1	0	1.471	1.939
41	6	1.052	1	0	-0.1536	-0.5436
41	6	5.167	1	1	-0.3569	1.054
41	6	0.4837	0	0	-1.449	-0.4796
41	6	5.184	0	0	-0.9215	-0.7493
41	6	1.805	0	0	0.7738	1.083
41	6	1.645	0	0	-0.2147	-1.149
41	6	0.4209	0	1	-0.6767	0.01811
41	6	1.137	1	0	0.04499	-0.08204
41	6	2.271	0	0	1.375	-0.4176
41	6	0.9433	1	1	1.348	0.6399
41	6	5.339	1	1	0.1886	0.2042
41	6	0.7144	0	0	-1.83	0.842
41	6	5.439	1	1	0.5301	0.333
41	6	0.04075	1	0	0.7242	0.3741
41	6	1.936	1	1	-1.56	0.4538
41	6	1.958	1	0	0.954	0.966
41	6	5.429	0	0	-0.7804	-0.5436
41	6	0.5991	1	0	-1.528	-0.7493
41	6	0.1322	0	0	0.7028	1.245
41	6	0.8511	0	0	0.2518	0.1134
41	6	2.004	1	0	-1.137	-0.1341
41	6	0.9385	1	0	-0.6424	-0.4176
41	6	0.625	1	0	0.5731	-0.6783
41	6	5.185	0	0	-0.9235	-2.176
41	6	5.39	1	1	-0.8995	1.371
41	6	0.4954	1	0	-0.9575	-1.24
41	6	1.325	0	0	-0.6747	0.5304
41	6	0.3959	0	0	-2.038	-0.2426
41	6	0.4826	0	1	0.7895	0.6399
41	6	5.429	0	0	-0.3195	-1.062
41	6	1.87	1	0	-1.443	0.5304
41	6	0.09555	1	0	0.7933	-0.2426
41	6	0.1683	0	0	-2.575	0.604
41	6	0.9697	1	1	-1.741	0.9358
41	6	2.042	1	0	0.9435	0.2481
41	6	0.6536	0	0	0.3007	-0.2426
41	6	0.1511	1	1	-1.369	0.1134
42	6	0.4848	0	0	-0.7861	-0.5436
42	6	0.2545	0	0	-0.1828	0.6399
42	6	0.8318	1	1	0.05107	0.291
42	6	1.556	0	1	0.238	1.083
42	6	1.786	1	1	0.1559	0.8098
42	6	0.3457	1	1	-0.4442	1.025
42	6	5.435	0	0	-1.026	-0.2426
42	6	5.655	0	1	0.5836	-0.1341
42	6	0.9253	1	1	-0.9247	0.966
42	6	0.1385	1	0	-0.9052	0.333
42	6	1.909	1	0	-0.09997	1.083
42	6	1.866	0	1	0.06221	0.291
42	6	0.1642	0	0	-2.053	-0.4176
42	6	0.3059	0	0	-0.3369	-1.24
42	6	5.641	1	1	-0.5281	0.4924
42	6	1.084	0	1	-0.8436	0.6399
42	6	5.189	1	1	-0.939	0.6399
42	6	0.9685	0	1	-0.4527	0.1593
42	6	5.386	0	0	-1	-0.1876
42	6	0.5754	1	1	-0.4642	0.333
42	6	1.069	1	0	0.09835	-0.8995
42	6	5.365	0	0	-0.1487	-2.689
42	6	0.3472	0	0	-0.8026	-1.541
42	6	0.9087	1	0	-1.369	0.604
42	6	0.6106	1	0	0.3595	-0.5436
42	6	0.2013	1	0	0.581	0.1134
42	6	5.107	0	0	-0.5806	-0.6783
42	6	1.413	0	0	-1.042	-0.6098
42	6	0.9877	1	0	0.7006	2.289
42	6	0.3618	0	1	2.205	0.4538
42	6	0.3653	1	1	0.05809	0.2481
42	6	1.538	1	0	-1.669	-0.7493
42	6	0.4312	1	1	-0.1156	0.01811
42	6	0.0144	1	0	0.3832	-0.1876
42	6	0.1464	1	1	-1.175	0.01811
42	6	0.6674	0	0	-0.4295	-0.08204
42	6	1.676	0	1	-1.063	0.4538
42	6	2.191	1	0	-2.159	0.01811
42	6	0.5885	0	0	1.187	-1.653
42	6	1.815	1	0	-0.5175	0.9958
42	6	5.039	1	1	-1.206	0.5304
42	6	0.7456	0	0	-1.982	0.3741
42	6	5.547	0	0	-1.247	-1.062
42	6	0.2974	0	1	-0.7058	0.604
42	6	1.028	0	0	-0.2434	-0.08204
42	6	0.9977	1	1	-0.7035	0.1593
42	6	0.8399	0	0	-0.09953	0.1134
42	6	0.1331	0	0	0.2116	0.333
42	6	5.458	1	1	-0.8807	-0.1341
42	6	1.585	1	0	-2.585	-0.3575
43	6	1.14	0	0	-0.9686	-0.2992
43	6	1.92	1	1	-1.198	-0.4176
43	6	5.274	0	0	1.695	-0.5436
43	6	1.995	1	1	0.9038	0.5304
43	6	0.5697	1	0	-0.2402	-2.176
43	6	0.447	0	0	-0.8315	-1.149
43	6	5.517	0	0	-0.8088	-1.897
43	6	0.5849	1	0	-1.503	-0.9792
43	6	1.886	0	0	-0.4326	-0.08204
43	6	0.3918	0	0	-0.2654	-1.335
43	6	0.335	1	0	-0.5374	-0.9792
43	6	1.712	1	0	0.5909	1.865
43	6	0.8878	1	0	0.2954	2.393
43	6	0.9377	0	0	0.8194	2.13
43	6	1.009	1	0	-0.712	0.333
43	6	0.3219	0	0	-0.1159	1.219
43	6	0.2946	0	0	-0.1407	-0.7493
43	6	5.248	0	0	-0.4891	-0.823
43	6	0.3931	0	0	-0.7145	-0.3575
43	6	5.498	0	0	-0.3705	-1.541
43	6	0.6504	1	0	0.3161	0.1134
43	6	0.7407	0	0	-0.4432	0.01811
43	6	5.32	1	1	-0.3527	-0.03132
43	6	1.707	1	1	-0.9369	0.06632
43	6	1.608	0	0	0.2173	0.675
43	6	1.12	0	0	-1.542	0.4143
43	6	5.425	0	0	-0.4091	-0.2426
43	6	0.3992	0	0	0.7549	-1.24
43	6	5.278	1	1	-0.4756	0.2481
43	6	0.5614	1	0	-1.334	-0.6783
43	6	5.372	0	0	1.821	-1.897
43	6	5.519	1	0	0.5632	0.604
43	6	0.235	1	0	-0.1313	-0.5436
43	6	0.6015	0	0	-0.7505	-0.823
43	6	1.833	1	0	0.2653	-0.4176
43	6	0.729	1	0	0.8767	2.319
43	6	0.8759	1	0	0.5739	1.993
43	6	1.048	0	0	-0.3955	-0.7493
43	6	0.1881	1	1	-0.3771	0.5304
43	6	0.05661	1	0	-0.3419	0.01811
43	6	0.02691	0	1	-0.6886	0.4538
43	6	0.7756	1	1	-2.44	0.6399
43	6	0.04985	0	0	-0.09034	-0.5436
43	6	1.873	1	0	0.8746	0.2042
43	6	0.4992	0	0	-0.4212	-0.7493
43	6	2.03	0	0	1.396	-1.335
43	6	0.1783	1	1	-0.4136	0.291
43	6	5.392	1	1	1.765	-0.1341
43	6	1.828	0	0	-0.4345	-0.6098
43	6	0.3761	1	1	0.05438	0.01811
44	6	0.5371	1	1	-0.1579	-0.03132
44	6	0.7336	0	0	-0.6912	-0.6783
44	6	5.379	0	0	0.3568	-0.823
44	6	0.7002	1	1	0.4724	0.4143
44	6	0.9079	1	1	-0.4513	0.1593
44	6	2.051	0	0	0.02166	-0.3575
44	6	1.012	0	1	-0.09018	0.3741
44	6	1.871	1	1	-0.7872	1.707
44	6	0.109	0	0	1.134	1.138
44	6	5.446	0	0	0.1642	-0.3575
44	6	5.576	0	0	-0.2112	-1.24
44	6	0.492	0	0	0.1176	-0.5436
44	6	5.472	0	0	-0.8246	-1.062
44	6	1.777	1	0	0.1899	0.3741
44	6	5.135	0	0	-0.8846	0.5304
44	6	5.664	1	1	-0.4868	0.1134
44	6	5.661	1	0	-0.2043	-0.03132
44	6	0.8375	0	0	-0.6286	-0.4176
44	6	0.08774	1	1	0.05022	0.2481
44	6	0.08037	0	0	-1.785	-0.8995
44	6	1.507	0	1	-0.2658	2.211
44	6	0.007306	1	0	-0.12	-0.2426
44	6	0.2155	1	1	-0.7287	0.5304
44	6	1.484	1	0	-1.022	-0.4796
44	6	0.3498	1	0	-1.932	-0.1341
44	6	0.1689	0	0	1.767	0.291
44	6	0.7457	0	0	-1.317	-0.03132
44	6	0.2046	1	0	-0.7083	-0.6098
44	6	1.798	1	1	-1.33	1.768
44	6	1.359	0	0	-1.265	-0.8995
44	6	0.2079	1	1	1.233	2.843
44	6	5.33	1	1	0.2555	0.6399
44	6	1.948	1	0	-0.5102	0.7096
44	6	1.925	1	1	-0.9147	0.4538
44	6	0.9302	0	0	0.05854	-0.8995
44	6	5.276	0	0	0.5831	-0.9792
44	6	0.0473	0	0	-2.097	-0.1341
44	6	2.025	0	0	-0.2142	-0.6783
44	6	0.4873	0	1	1.251	1.297
44	6	0.8158	1	0	-1.13	-0.2426
44	6	0.8022	1	0	-0.9042	-0.4796
44	6	0.5537	1	1	-0.7974	0.2042
44	6	0.1699	0	1	1.168	0.4143
44	6	0.5666	1	0	0.2536	0.966
44	6	0.3174	1	1	0.7389	1.025
44	6	5.599	0	0	0.4628	0.333
44	6	0.9023	1	0	-0.7552	-0.7493
44	6	1.922	0	0	0.004048	-0.1341
44	6	0.2907	0	0	-0.8834	0.4538
44	6	1.642	1	1	-2.027	0.6399
45	6	0.08968	1	1	0.8082	0.1134
45	6	0.4835	0	0	-0.7185	-0.2992
45	6	0.2697	1	1	-0.1928	1.166
45	6	5.436	1	1	-0.3449	-0.1341
45	6	0.1882	0	1	-0.2021	0.01811
45	6	0.9569	0	1	-0.5068	-0.1876
45	6	0.04373	0	1	1.774	0.333
45	6	5.292	0	0	0.8837	0.3741
45	6	1.966	0	1	-0.07703	2.243
45	6	0.1095	1	0	-0.1652	0.8738
45	6	0.6596	1	1	-0.1909	1.707
45	6	5.208	0	0	-0.1766	0.1593
45	6	0.5397	0	0	-0.4761	-0.03132
45	6	0.6473	0	1	-0.1832	0.8098
45	6	1.08	0	0	0.4782	-0.5436
45	6	1.278	1	1	-0.06729	0.4143
45	6	1.252	1	1	0.6839	0.01811
45	6	1.164	1	1	0.9804	0.4143
45	6	1.717	1	1	-0.5428	0.1134
45	6	5.553	1	1	1.069	0.2481
45	6	0.9789	0	0	-0.4369	0.01811
45	6	2.364	1	1	0.3905	0.01811
45	6	0.1932	1	1	-0.07876	0.4538
45	6	0.2193	0	1	-0.2531	0.1134
45	6	0.6479	0	0	0.7925	0.01811
45	6	0.3788	1	1	0.6545	0.3741
45	6	2.035	1	0	-1.014	-1.062
45	6	0.8963	0	0	-0.3634	0.1593
45	6	0.2231	0	1	-1.266	2.114
45	6	5.563	0	0	-0.4867	-1.435
45	6	5.286	1	1	-1.009	0.2042
45	6	0.8144	1	0	-0.3897	-0.4796
45	6	5.319	1	1	0.1588	-0.03132
45	6	5.581	0	0	-0.4007	0.2042
45	6	0.4095	0	0	1.51	-0.1341
45	6	1.804	1	1	-1.041	0.2481
45	6	1.634	1	1	-0.6601	0.1134
45	6	0.4258	1	0	2.873	-1.653
45	6	0.9686	0	0	0.1326	-0.4176
45	6	2.22	1	1	0.239	0.4538
45	6	5.448	0	0	0.5048	-0.8995
45	6	1.759	1	1	-0.9438	0.604
45	6	5.918	1	1	-2.212	0.2481
45	6	0.4951	0	0	0.6632	-0.8995
45	6	0.1985	0	0	-2.586	-0.2426
45	6	0.4463	1	1	0.6095	0.01811
45	6	1.013	0	0	0.9059	-2.502
45	6	0.7036	0	0	0.3637	-0.4796
45	6	1.935	0	0	-1.657	-1.24
45	6	2.053	1	0	-1.534	0.5675
46	6	0.9267	1	1	0.8036	0.333
46	6	0.7975	0	0	1.188	-1.541
46	6	0.3645	1	1	-0.7801	0.2481
46	6	0.3009	0	0	-0.2095	-0.08204
46	6	0.417	1	1	-0.0268	0.291
46	6	0.09941	1	1	-0.8464	0.01811
46	6	0.3178	0	1	-0.5233	0.7769
46	6	0.9817	1	1	0.1932	0.01811
46	6	0.8405	1	0	0.5738	2.211
46	6	0.1147	0	1	-0.8099	-0.5436
46	6	0.7724	0	1	-0.09847	0.01811
46	6	5.5	0	0	0.1621	-0.6783
46	6	0.1917	1	1	-0.3546	1.219
46	6	5.184	0	0	0.3881	-0.6783
46	6	1.507	1	1	-1.165	0.06632
46	6	0.4144	0	0	-0.6152	-0.2426
46	6	0.6019	0	1	1.132	1.138
46	6	1.82	0	0	0.7106	0.2481
46	6	2.038	1	1	-1.584	0.604
46	6	0.1439	1	1	-0.1288	0.4538
46	6	0.4529	1	1	-1.501	0.1134
46	6	5.323	0	0	0.3199	-1.24
46	6	0.8152	1	0	-1.195	1.748
46	6	1.692	0	0	-0.4256	1.025
46	6	1.273	1	1	0.3449	1.083
46	6	1.652	0	1	-1.168	0.7769
46	6	0.3998	1	1	0.8847	0.3741
46	6	1.629	0	0	1.485	0.1593
46	6	0.6123	0	0	-2.264	-0.823
46	6	0.2238	0	0	0.4824	1.297
46	6	0.2705	1	0	1.294	-0.1341
46	6	5.343	1	1	-0.09056	0.2481
46	6	1.087	0	0	0.928	-0.08204
46	6	0.3879	1	0	0.1894	-0.2426
46	6	1.782	1	1	1.344	-0.08204
46	6	5.652	1	1	-0.5442	0.2481
46	6	1.28	1	1	-1.103	0.1593
46	6	0.2324	0	0	0.1372	-0.6783
46	6	1.659	0	0	-1.148	-1.335
46	6	1.918	0	0	0.0179	-0.1341
46	6	0.1923	0	0	0.7372	-1.541
46	6	0.2183	0	0	-0.4691	-0.2426
46	6	0.2937	1	1	-1.566	0.6399
46	6	1.614	0	0	1.299	-0.823
46	6	5.257	1	1	1.311	0.8098
46	6	5.022	0	0	1.16	-1.062
46	6	0.8658	0	0	-0.3889	0.1134
46	6	5.455	0	0	-1.935	-0.1876
46	6	5.348	0	0	-0.05002	-0.1876
46	6	5.283	1	1	-1.149	-0.1341
47	6	0.3307	0	1	1.03	0.7436
47	6	5.593	0	0	-0.459	0.3741
47	6	5.708	1	1	-1.686	0.01811
47	6	0.7622	0	1	-1.383	0.1593
47	6	0.1977	1	1	-1.176	0.4924
47	6	1.544	0	1	0.6439	1.083
47	6	2.019	0	0	-0.2207	-0.6098
47	6	0.298	1	1	-0.4859	0.7096
47	6	1.178	1	0	-0.1982	1.245
47	6	1.766	0	0	0.339	2.028
47	6	0.9666	1	0	-0.2105	1.054
47	6	0.4595	1	0	-0.5939	2.663
47	6	0.2456	0	1	-0.3425	0.01811
47	6	5.538	0	0	-0.7198	-0.6783
47	6	1.715	0	0	0.7729	1.396
47	6	0.7865	0	1	0.1639	1.787
47	6	0.8528	1	1	-0.7293	0.5675
47	6	0.9202	1	1	-0.6319	0.1593
47	6	0.2219	1	0	1.024	1.111
47	6	6.041	1	1	-1.55	0.8738
47	6	1.787	1	1	0.4933	0.5304
47	6	0.04706	0	1	0.0921	0.675
47	6	5.492	1	1	-1.203	0.01811
47	6	0.3399	0	1	-1.422	0.2481
47	6	0.3143	0	1	-0.4361	0.2042
47	6	0.4415	1	1	-0.5601	1.49
47	6	5.883	1	1	1.327	0.2481
47	6	2.147	0	0	-0.2615	0.8098
47	6	0.4473	1	1	1.548	0.966
47	6	0.3619	1	1	-0.4949	0.5675
47	6	1.291	0	0	-0.44	0.01811
47	6	0.3963	0	1	-0.3217	0.01811
47	6	2.041	1	1	0.4714	0.2481
47	6	0.7241	0	1	-1.959	0.2481
47	6	1.736	1	1	-1.146	0.5675
47	6	1.317	0	0	-0.8351	0.8738
47	6	5.466	0	0	-0.9928	-0.8995
47	6	0.462	0	1	3.601	1.884
47	6	5.521	0	0	-0.9493	-1.062
47	6	0.4427	0	0	-0.5985	-1.897
47	6	0.4717	0	0	-2.33	-0.6783
47	6	0.1286	1	0	-0.8288	1.025
47	6	0.2245	1	1	-1.608	0.5675
47	6	0.116	0	0	2.211	1.49
47	6	0.1051	1	0	-1.784	0.6399
47	6	5.228	1	1	-0.04052	0.01811
47	6	0.8703	1	1	-2.719	0.2481
47	6	1.921	1	1	3.491	0.675
47	6	5.263	1	1	-3.037	-0.3575
47	6	1.838	1	1	2.798	0.4924
48	6	5.323	1	1	1.927	0.5675
48	6	0.5881	0	1	-0.7653	0.1134
48	6	0.8537	0	0	-0.5912	0.3741
48	6	0.8159	1	1	-0.002108	0.4924
48	6	2.102	1	0	0.1619	1.111
48	6	0.6383	0	0	-1.865	0.1134
48	6	0.2674	1	1	-0.4794	0.7436
48	6	5.285	0	0	1.318	0.2042
48	6	0.6975	1	1	0.2629	0.675
48	6	0.1738	1	1	0.55	3.151
48	6	0.5254	0	1	0.1171	0.333
48	6	0.01828	1	1	-0.1028	0.291
48	6	0.3017	1	1	1.045	-0.4176
48	6	1.441	1	1	0.2142	0.2481
48	6	2.226	0	0	-2.115	-0.03132
48	6	1.948	0	0	1.597	0.4143
48	6	0.2601	0	0	0.4212	-0.4796
48	6	5.391	0	0	0.008407	-1.335
48	6	0.7943	0	1	0.7918	2.866
48	6	0.08723	1	1	0.1156	1.707
48	6	1.733	1	1	-0.4475	0.7769
48	6	5.62	1	1	0.7	-0.03132
48	6	0.5148	0	0	0.8636	-0.4176
48	6	0.3077	1	1	0.5456	-0.08204
48	6	1.743	0	0	-1.171	-0.4176
48	6	1.05	0	0	-2.178	-0.5436
48	6	1.531	0	0	-0.4594	-1.062
48	6	5.325	0	0	-0.1344	-0.03132
48	6	1.66	0	0	0.2034	-2.176
48	6	0.6011	1	1	-0.4805	0.1593
48	6	0.311	0	0	-1.154	-0.4796
48	6	0.9452	0	0	0.9471	1.054
48	6	0.4524	1	1	1.949	-0.2426
48	6	0.7737	1	0	1.374	-0.1876
48	6	1.877	1	0	0.05191	-0.03132
48	6	0.5587	0	0	-0.2793	-0.3575
48	6	0.7363	1	1	0.1273	2.243
48	6	0.09641	0	1	0.728	0.4538
48	6	0.1542	1	0	-0.6271	-2.032
48	6	0.2875	1	0	-0.9669	-0.6783
48	6	5.775	1	1	0.03298	0.4538
48	6	0.1753	1	0	0.3437	-0.823
48	6	5.61	1	1	-2.347	-0.08204
48	6	5.466	1	1	0.01925	-0.3575
48	6	0.086	0	0	-1.999	-0.1876
48	6	5.68	1	1	-0.2357	-0.08204
48	6	1.751	0	0	-1.795	0.675
48	6	5.619	0	0	-1.503	0.5304
48	6	1.893	1	1	-0.1456	0.333
48	6	0.6861	0	0	1.658	-0.823
49	6	1.092	0	0	1.777	-0.7493
49	6	1.813	1	0	0.9771	-1.335
49	6	0.4285	0	0	0.4685	-0.1341
49	6	0.3188	1	0	0.3058	0.2481
49	6	0.4327	0	1	0.09003	1.49
49	6	0.1459	1	1	0.88	0.2481
49	6	0.2788	1	0	0.9764	0.4538
49	6	5.229	1	1	-1.766	0.4924
49	6	1.679	1	1	-0.7177	0.2481
49	6	1.629	1	0	3.733	0.01811
49	6	0.7917	1	0	0.4372	-2.689
49	6	5.235	1	1	0.163	0.4538
49	6	0.7683	1	1	-0.07298	0.333
49	6	5.428	1	1	-1.202	0.1593
49	6	0.3857	0	0	2.636	0.333
49	6	1.063	0	1	-0.6533	0.3741
49	6	0.6315	1	1	-1.701	0.333
49	6	0.2801	0	1	-0.2882	0.6399
49	6	0.8902	0	1	-0.286	-0.08204
49	6	0.2754	1	1	0.4359	0.01811
49	6	0.3553	1	0	-0.3726	0.291
49	6	0.257	1	1	0.4825	0.2481
49	6	0.5135	1	0	0.62	0.291
49	6	2.153	0	1	-2.093	0.842
49	6	0.007437	0	0	-1.168	1.193
49	6	1.547	0	0	-0.7545	0.604
49	6	0.875	1	0	-1.632	0.6399
49	6	2.053	0	0	0.4513	-0.2992
49	6	1.602	1	1	-0.5516	0.604
49	6	0.5093	0	0	0.2156	-0.823
49	6	0.0869	0	0	0.005708	-0.1341
49	6	0.3069	0	1	-0.8867	1.111
49	6	5.123	0	0	-0.1958	-0.8995
49	6	4.885	0	0	0.7662	-1.24
49	6	0.0759	1	1	-0.4837	1.025
49	6	0.6194	1	0	-0.7643	-1.435
49	6	1.127	0	0	-0.6684	0.2481
49	6	5.468	0	0	0.6235	-1.062
49	6	5.522	0	0	-0.5133	-1.541
49	6	5.384	1	1	0.3833	0.1593
49	6	2.101	0	0	1.836	-0.4176
49	6	5.19	1	1	1.688	0.7096
49	6	0.7792	1	1	0.005221	0.5304
49	6	0.1413	0	1	-1.751	0.7096
49	6	1.693	0	0	-1.325	0.291
49	6	1.687	0	0	-0.7794	-1.149
49	6	0.482	1	0	-0.8692	1.748
49	6	0.3284	1	0	-0.377	1.707
49	6	0.5182	0	1	-0.3197	2.599
49	6	5.669	1	1	-0.9567	0.7096
