0	2	0.6462	0	0
0	2	5.448	0	0
0	2	1.998	0	1
0	2	5.831	1	1
0	2	0.02818	1	1
0	2	5.073	0	0
0	2	0.35	1	1
0	2	0.6566	1	1
0	2	0.6731	0	1
0	2	0.2072	0	0
0	2	0.9458	0	0
0	2	0.549	1	1
0	2	1.704	0	0
0	2	1.159	0	1
0	2	0.5818	0	1
0	2	1.731	0	0
0	2	1.864	1	1
0	2	0.6287	1	0
0	2	1.014	1	1
0	2	1.263	1	1
0	2	0.5254	1	1
0	2	1.082	0	0
0	2	1.992	1	1
0	2	1.637	0	0
0	2	0.4686	1	0
0	2	5.194	1	1
0	2	0.3132	1	0
0	2	0.1687	0	1
0	2	1.412	1	1
0	2	5.279	1	1
0	2	0.6368	1	0
0	2	5.467	1	1
0	2	1.063	0	0
0	2	0.304	0	1
0	2	0.5977	1	0
0	2	1.555	0	0
0	2	1.518	0	0
0	2	0.8243	0	0
0	2	5.603	0	0
0	2	0.2755	1	0
0	2	1.728	1	1
0	2	0.2329	0	1
0	2	1.189	1	1
0	2	0.3134	1	1
0	2	0.1662	0	0
0	2	5.627	1	1
0	2	0.2195	1	0
0	2	0.1686	0	1
0	2	5.145	0	0
0	2	5.539	0	0
1	2	0.4648	0	1
1	2	1.964	0	1
1	2	0.8575	0	0
1	2	1.169	1	1
1	2	5.495	1	1
1	2	0.2379	1	1
1	2	5.99	1	1
1	2	0.005043	0	0
1	2	5.311	1	1
1	2	1.755	1	1
1	2	0.7599	0	0
1	2	1.978	1	0
1	2	0.9161	0	1
1	2	0.7123	1	0
1	2	0.2163	0	1
1	2	1.984	1	1
1	2	0.4287	0	1
1	2	4.875	0	0
1	2	1.545	1	1
1	2	0.2273	1	1
1	2	0.6998	0	1
1	2	1.039	0	1
1	2	5.369	0	0
1	2	0.3487	1	1
1	2	0.9103	1	1
1	2	1.741	0	0
1	2	0.4489	1	1
1	2	2.192	1	1
1	2	1.965	1	1
1	2	0.501	0	1
1	2	0.08249	0	0
1	2	5.669	1	1
1	2	0.3453	1	1
1	2	0.6866	1	1
1	2	1.019	1	1
1	2	0.9196	0	1
1	2	1.731	0	0
1	2	0.2553	0	1
1	2	1.857	1	1
1	2	0.2059	0	0
1	2	0.02438	1	0
1	2	0.5032	0	0
1	2	5.555	0	0
1	2	5.585	0	0
1	2	5.255	1	0
1	2	0.4048	0	1
1	2	0.4741	0	1
1	2	5.369	0	0
1	2	0.8938	1	0
1	2	0.09395	1	1
2	2	0.6959	0	0
2	2	0.6561	0	1
2	2	1.957	0	0
2	2	0.8365	1	1
2	2	0.1105	0	1
2	2	0.5584	1	1
2	2	5.557	0	0
2	2	1.421	1	1
2	2	0.8447	1	1
2	2	0.8525	0	1
2	2	0.2298	0	1
2	2	0.6424	1	1
2	2	5.204	1	1
2	2	0.3518	0	0
2	2	0.3291	0	0
2	2	1.918	1	1
2	2	5.5	1	1
2	2	0.6729	0	0
2	2	0.5026	1	1
2	2	0.08794	0	0
2	2	1.847	0	0
2	2	0.2884	1	1
2	2	0.3423	0	0
2	2	0.008382	0	0
2	2	0.5427	1	0
2	2	0.6903	0	0
2	2	0.753	1	1
2	2	5.329	1	1
2	2	1.615	1	1
2	2	5.536	0	0
2	2	0.2777	1	1
2	2	5.776	1	1
2	2	1.428	1	1
2	2	0.811	0	0
2	2	0.7217	0	1
2	2	1.781	0	0
2	2	0.3975	0	1
2	2	5.37	0	0
2	2	0.3473	0	1
2	2	0.8791	0	0
2	2	1.841	1	1
2	2	5.119	1	1
2	2	0.3808	0	1
2	2	1.812	1	1
2	2	0.6491	0	0
2	2	1.939	1	0
2	2	0.3247	1	1
2	2	5.339	1	1
2	2	5.428	1	1
2	2	0.2816	1	1
3	2	1.879	0	0
3	2	0.5518	0	1
3	2	0.9188	0	0
3	2	5.365	1	1
3	2	0.2328	0	1
3	2	5.514	1	1
3	2	5.189	1	1
3	2	5.188	1	1
3	2	1.605	1	1
3	2	0.9676	0	1
3	2	0.8155	0	1
3	2	2.251	0	0
3	2	5.511	1	1
3	2	0.4288	0	0
3	2	5.42	0	0
3	2	0.4329	1	0
3	2	0.9515	0	0
3	2	0.09895	0	1
3	2	1.722	1	1
3	2	1.738	0	0
3	2	1.844	1	1
3	2	0.8978	0	0
3	2	0.6152	0	1
3	2	0.32	1	1
3	2	0.129	1	1
3	2	5.299	0	0
3	2	0.8529	0	0
3	2	0.849	0	1
3	2	5.661	0	0
3	2	0.5179	0	1
3	2	0.09333	1	0
3	2	0.009421	1	1
3	2	1.665	1	1
3	2	0.1921	1	1
3	2	0.8399	0	0
3	2	0.002597	0	1
3	2	1.657	1	1
3	2	5.496	1	1
3	2	1.889	1	1
3	2	0.4704	0	0
3	2	0.3447	1	0
3	2	0.9716	1	1
3	2	5.161	1	1
3	2	0.0515	0	0
3	2	0.4224	0	0
3	2	1.719	1	1
3	2	0.3626	1	0
3	2	1.123	0	0
3	2	1.456	1	1
3	2	0.3735	0	1
4	2	5.459	1	1
4	2	1.927	0	0
4	2	1.191	0	0
4	2	0.2677	0	1
4	2	1.945	1	1
4	2	1.724	0	1
4	2	0.179	0	1
4	2	0.3806	0	1
4	2	1.789	0	0
4	2	0.05406	0	0
4	2	0.6895	1	1
4	2	0.003949	1	1
4	2	1.847	0	0
4	2	1.144	1	1
4	2	5.472	0	0
4	2	1.102	1	0
4	2	5.149	1	1
4	2	0.01913	1	0
4	2	0.5018	0	1
4	2	0.836	0	0
4	2	1.698	0	0
4	2	1.839	0	0
4	2	1.526	1	1
4	2	0.5006	1	0
4	2	1.948	1	1
4	2	0.6221	1	1
4	2	0.7762	0	1
4	2	0.7989	1	1
4	2	0.7841	1	1
4	2	1.923	1	1
4	2	5.213	0	0
4	2	0.4359	0	0
4	2	5.337	1	1
4	2	1.212	0	0
4	2	0.2359	1	1
4	2	5.515	0	0
4	2	0.7346	0	1
4	2	5.1	1	1
4	2	5.218	0	0
4	2	0.168	0	0
4	2	0.4667	1	1
4	2	0.4346	0	0
4	2	0.8075	0	1
4	2	0.8525	0	0
4	2	0.8486	1	1
4	2	5.549	1	1
4	2	0.4497	1	1
4	2	0.4528	1	0
4	2	5.59	0	0
4	2	0.358	1	1
5	2	5.771	0	0
5	2	1.194	1	1
5	2	0.6975	0	1
5	2	0.7687	1	0
5	2	0.6246	0	1
5	2	0.1402	0	0
5	2	1.921	0	1
5	2	0.3832	1	1
5	2	0.3765	1	1
5	2	0.3157	1	1
5	2	0.5776	1	1
5	2	5.158	1	1
5	2	0.614	1	1
5	2	0.4557	0	1
5	2	0.1889	0	0
5	2	1.482	0	0
5	2	5.37	1	1
5	2	0.8616	0	1
5	2	0.5319	1	0
5	2	5.109	0	0
5	2	5.809	0	0
5	2	0.3218	1	1
5	2	0.2145	0	0
5	2	0.5512	0	1
5	2	2.073	1	1
5	2	0.245	0	1
5	2	0.6492	0	1
5	2	1.776	1	1
5	2	1.734	0	0
5	2	5.411	0	0
5	2	1.745	1	1
5	2	1.881	0	0
5	2	0.8896	1	1
5	2	1.861	0	0
5	2	0.1465	1	0
5	2	0.4876	1	1
5	2	0.01323	0	0
5	2	1.796	1	1
5	2	5.671	1	1
5	2	5.058	0	0
5	2	0.7719	0	0
5	2	5.669	1	1
5	2	1.125	1	0
5	2	0.9167	1	0
5	2	0.355	0	0
5	2	0.3249	1	0
5	2	0.1265	1	0
5	2	5.474	0	0
5	2	0.7634	0	1
5	2	1.905	1	1
6	2	2.097	1	1
6	2	0.8597	0	1
6	2	0.9452	0	0
6	2	5.041	0	0
6	2	0.2712	0	1
6	2	0.8315	0	1
6	2	0.5415	0	0
6	2	0.3731	0	1
6	2	2.005	0	0
6	2	1.624	1	1
6	2	5.133	0	0
6	2	0.3617	0	0
6	2	5.465	1	1
6	2	0.4187	1	1
6	2	1.665	1	1
6	2	1.765	1	1
6	2	5.533	1	1
6	2	1.701	1	1
6	2	5.412	0	0
6	2	1.617	1	1
6	2	0.577	1	1
6	2	0.8153	1	1
6	2	1.072	1	1
6	2	0.2264	0	0
6	2	5.48	1	1
6	2	0.2997	0	0
6	2	0.204	1	0
6	2	0.7985	1	1
6	2	5.463	0	0
6	2	0.9165	0	1
6	2	0.6686	1	1
6	2	1.129	0	0
6	2	0.3482	0	1
6	2	0.7234	0	0
6	2	4.983	0	0
6	2	0.1594	1	0
6	2	5.648	1	1
6	2	0.8362	1	1
6	2	0.1682	0	1
6	2	1.131	1	0
6	2	1.119	0	0
6	2	1.842	1	1
6	2	0.1621	0	1
6	2	0.2032	1	1
6	2	1.646	1	1
6	2	2.116	1	1
6	2	0.5159	0	0
6	2	0.4737	0	0
6	2	5.795	0	0
6	2	0.3517	0	0
7	2	5.49	1	1
7	2	1.577	0	0
7	2	0.9509	1	1
7	2	0.85	1	1
7	2	1.785	1	1
7	2	0.174	1	0
7	2	0.4072	1	0
7	2	0.8638	0	1
7	2	5.583	1	1
7	2	0.2176	0	1
7	2	0.4218	0	1
7	2	5.165	0	0
7	2	1.637	0	0
7	2	0.2017	1	0
7	2	5.484	0	0
7	2	1.422	1	1
7	2	0.6753	0	1
7	2	1.664	1	1
7	2	1.092	1	1
7	2	5.657	1	1
7	2	0.503	1	1
7	2	0.9736	0	0
7	2	0.5122	0	1
7	2	0.1816	0	0
7	2	5.339	0	0
7	2	0.5013	0	1
7	2	0.8877	0	0
7	2	5.6	0	0
7	2	0.2153	1	1
7	2	0.3559	1	0
7	2	0.7978	0	0
7	2	0.3709	1	1
7	2	1.704	0	0
7	2	2.204	1	1
7	2	0.343	1	1
7	2	5.456	1	1
7	2	5.162	0	0
7	2	1.878	1	1
7	2	1.553	1	1
7	2	0.5438	1	1
7	2	0.4062	0	0
7	2	1.749	0	0
7	2	0.1204	0	1
7	2	0.1307	0	1
7	2	5.504	1	1
7	2	0.8132	0	0
7	2	0.261	0	1
7	2	1.139	1	1
7	2	0.2714	1	1
7	2	0.9409	0	1
8	2	1.602	0	0
8	2	5.109	0	0
8	2	1.95	1	1
8	2	0.7606	0	0
8	2	5.529	1	1
8	2	5.524	0	0
8	2	0.4537	0	0
8	2	1.742	1	1
8	2	0.6756	1	1
8	2	0.7884	1	1
8	2	5.048	0	0
8	2	1.758	0	0
8	2	0.3818	1	1
8	2	1.135	1	1
8	2	0.5191	0	0
8	2	0.297	0	0
8	2	5.651	1	1
8	2	1.606	0	0
8	2	0.1753	0	0
8	2	1.808	0	0
8	2	5.271	1	1
8	2	1.051	1	1
8	2	0.4346	1	1
8	2	0.1435	1	1
8	2	1.854	1	1
8	2	5.777	1	1
8	2	0.9199	1	1
8	2	0.148	0	0
8	2	0.1159	1	1
8	2	0.337	1	1
8	2	1.425	0	0
8	2	0.4999	1	1
8	2	2.064	0	1
8	2	5.456	0	0
8	2	5.297	1	1
8	2	0.6232	1	0
8	2	0.8445	1	0
8	2	0.1886	1	1
8	2	0.4897	0	0
8	2	0.8529	1	1
8	2	1.775	0	0
8	2	0.2663	0	0
8	2	0.848	1	1
8	2	1.885	0	0
8	2	5.688	1	1
8	2	0.2242	0	0
8	2	0.256	0	0
8	2	0.7046	0	1
8	2	0.8159	0	0
8	2	0.3926	0	1
9	2	0.1091	0	0
9	2	0.493	1	0
9	2	0.3532	0	1
9	2	0.3029	1	0
9	2	0.2981	1	1
9	2	0.5516	0	1
9	2	0.8925	1	1
9	2	0.9516	0	1
9	2	5.455	0	0
9	2	1.369	0	0
9	2	0.7618	0	0
9	2	1.496	0	0
9	2	0.6318	0	0
9	2	0.4965	1	1
9	2	5.475	0	0
9	2	5.289	1	1
9	2	2.072	0	0
9	2	0.5048	1	0
9	2	0.03161	1	1
9	2	6.057	1	1
9	2	1.685	1	1
9	2	5.226	1	1
9	2	0.9053	0	0
9	2	1.043	1	0
9	2	0.6047	1	1
9	2	1.859	1	1
9	2	0.2082	0	1
9	2	1.64	0	0
9	2	0.5909	0	0
9	2	5.576	1	1
9	2	0.4595	0	0
9	2	1.619	0	0
9	2	0.5144	0	0
9	2	0.5155	1	0
9	2	0.5372	0	0
9	2	0.3348	1	0
9	2	1.997	0	0
9	2	0.8256	0	0
9	2	5.298	1	1
9	2	1.768	1	1
9	2	1.201	1	1
9	2	1.846	1	1
9	2	5.326	1	1
9	2	0.4817	0	0
9	2	0.6372	0	1
9	2	0.05945	1	1
9	2	5.293	0	0
9	2	5.369	1	1
9	2	1.131	0	1
9	2	0.4846	0	1
