0	2	0.5386	0	0	2.612
0	2	5.244	0	0	2.542
0	2	3.498	0	0	1.31
0	2	5.526	1	1	1.524
0	2	0.3093	0	1	0.1529
0	2	5.239	0	1	0.1678
0	2	1.103	1	0	-1.001
0	2	1.031	1	0	0.2123
0	2	1.821	0	0	0.02561
0	2	0.3505	0	0	0.5192
0	2	1.753	0	0	0.5437
0	2	1.105	1	0	-0.1246
0	2	3.619	0	0	0.1678
0	2	1.831	0	0	0.513
0	2	0.3307	0	1	0.9076
0	2	3.563	0	0	0.5284
0	2	3.538	1	0	0.3018
0	2	1.96	1	1	0.159
0	2	1.692	1	1	1.343
0	2	2.184	1	0	1.447
0	2	0.7692	1	0	-0.1274
0	2	1.339	0	0	-0.7337
0	2	3.845	1	1	-6.046
0	2	3.463	0	0	-0.2288
0	2	0.6994	1	1	0.4217
0	2	5.526	1	1	0.346
0	2	1.228	1	1	0.2091
0	2	0.1623	0	1	0.5695
0	2	3.59	1	1	0.7618
0	2	5.462	1	1	0.3681
0	2	1.009	1	1	0.7723
0	2	5.56	1	1	0.4855
0	2	1.648	0	1	-2.68
0	2	0.5714	0	1	-0.1441
0	2	0.8353	1	0	0.1461
0	2	3.292	0	0	-0.1821
0	2	3.729	0	1	-0.2586
0	2	1.896	0	0	-1.207
0	2	5.229	0	0	0.7827
0	2	0.5717	1	1	-1.203
0	2	3.68	1	1	0.964
0	2	0.8899	0	0	-0.6453
0	2	1.985	1	1	-0.1888
0	2	0.8539	1	1	1.482
0	2	0.3021	0	1	1.01
0	2	5.663	1	1	1.857
0	2	0.4246	1	1	0.04154
0	2	0.4551	1	1	0.1528
0	2	5.367	0	0	-1.392
0	2	5.314	0	0	-0.9447
1	2	0.8746	0	1	0.9556
1	2	3.63	0	0	1.661
1	2	1.45	0	0	0.1147
1	2	1.898	1	1	1.014
1	2	5.496	1	1	1.756
1	2	0.4097	1	1	-0.0932
1	2	5.621	1	1	-1.462
1	2	0.4753	1	1	0.3202
1	2	5.468	1	1	-0.7942
1	2	3.603	1	1	-2.687
1	2	1.597	0	0	0.4013
1	2	3.579	1	1	-0.8093
1	2	1.7	0	1	-0.5153
1	2	1.732	1	1	1.697
1	2	0.3565	0	0	1.326
1	2	3.564	1	1	0.2005
1	2	0.9125	0	1	0.1439
1	2	5.398	0	1	-0.05705
1	2	3.933	1	1	-0.5371
1	2	0.9521	1	1	-1.847
1	2	1.658	0	1	1.119
1	2	1.97	0	0	1.169
1	2	5.361	0	0	1.818
1	2	0.93	1	1	-0.02706
1	2	1.027	1	1	-1.657
1	2	3.49	0	0	-0.7447
1	2	1.069	1	1	-0.3181
1	2	3.487	1	1	0.6638
1	2	3.674	1	1	0.3239
1	2	0.7757	0	0	1.248
1	2	0.2625	0	0	0.3133
1	2	5.415	1	1	-0.8558
1	2	0.4871	1	0	-1.772
1	2	0.9968	1	0	-2.295
1	2	1.896	1	1	-0.4185
1	2	1.777	0	0	-3.313
1	2	3.388	0	0	-0.04953
1	2	0.4212	0	0	1.165
1	2	3.88	1	1	1.221
1	2	0.4056	0	1	1.864
1	2	0.24	0	1	-1.326
1	2	0.8064	0	1	-1.013
1	2	5.206	0	0	1.447
1	2	5.219	0	0	-1.341
1	2	5.606	1	1	-0.7696
1	2	0.8972	0	1	-0.5359
1	2	0.5143	0	1	0.5381
1	2	5.627	0	0	-1.814
1	2	2.087	1	1	0.9444
1	2	0.7819	1	1	-0.449
2	2	1.667	0	1	0.6959
2	2	0.7136	0	1	1.864
2	2	3.504	0	0	0.1257
2	2	1.759	1	1	0.06448
2	2	0.1297	0	1	-3.647
2	2	0.8622	1	0	0.0005768
2	2	5.297	0	0	-0.5088
2	2	3.76	1	1	0.4525
2	2	1.897	1	1	-1.829
2	2	2.12	0	1	0.7475
2	2	0.2688	0	0	0.7707
2	2	1.993	1	1	0.6838
2	2	5.382	1	1	0.6763
2	2	0.06454	0	1	0.1215
2	2	0.3384	0	0	-0.7241
2	2	3.84	1	1	1.251
2	2	5.41	1	1	-0.01094
2	2	1.461	0	1	-2.103
2	2	0.4772	1	1	-0.7237
2	2	0.8593	0	1	0.08669
2	2	3.564	0	0	1.486
2	2	0.687	1	1	-0.2659
2	2	0.4489	0	0	-1.25
2	2	0.493	0	1	-2.682
2	2	1.309	1	1	-1.609
2	2	1.83	0	1	-0.3209
2	2	2.023	1	1	1.656
2	2	5.805	1	1	0.1496
2	2	3.781	1	1	0.3737
2	2	5.525	0	0	-0.7964
2	2	1.248	1	1	-0.001314
2	2	5.202	1	1	0.2681
2	2	3.67	1	1	2.368
2	2	1.559	0	0	1.416
2	2	1.583	0	0	-1.607
2	2	3.206	0	0	-1.38
2	2	0.5777	0	1	0.7668
2	2	5.314	0	0	-2.181
2	2	0.9844	0	0	0.5005
2	2	0.7852	0	0	0.3261
2	2	3.822	1	1	0.9086
2	2	5.665	1	1	1.233
2	2	0.6569	0	0	2.166
2	2	3.7	1	1	0.2638
2	2	1.005	0	0	-0.4943
2	2	3.67	1	1	0.8412
2	2	0.5658	1	0	-1.471
2	2	5.732	1	1	-0.6638
2	2	5.478	1	1	-0.8861
2	2	0.8683	1	1	-0.4353
3	2	3.621	0	0	0.8116
3	2	0.5327	0	1	1.293
3	2	1.824	0	1	0.5635
3	2	5.438	1	1	0.2725
3	2	0.1765	0	1	-0.3196
3	2	5.623	1	1	-0.541
3	2	5.499	1	1	-0.4628
3	2	5.41	1	1	-2.313
3	2	3.855	1	1	-0.05543
3	2	1.75	0	0	0.8026
3	2	0.7059	0	0	-0.4596
3	2	3.541	0	0	0.2983
3	2	5.689	1	1	-0.197
3	2	0.6274	0	0	-0.431
3	2	5.231	0	0	-0.9678
3	2	0.7783	1	1	1.065
3	2	1.677	0	0	0.06769
3	2	0.2391	0	0	-0.7549
3	2	3.639	1	1	-0.6259
3	2	3.274	0	0	-2.113
3	2	3.658	1	1	0.4021
3	2	0.729	0	0	0.7036
3	2	0.744	0	1	-0.07273
3	2	0.9754	1	1	0.5494
3	2	0.5733	1	1	-0.5392
3	2	5.297	0	0	-0.7287
3	2	1.494	0	1	0.002301
3	2	1.552	0	0	0.3504
3	2	5.548	0	0	0.1898
3	2	0.9162	0	1	-0.5117
3	2	0.3758	1	0	-0.3928
3	2	0.5742	1	1	1.498
3	2	3.931	1	1	0.61
3	2	0.4553	1	1	-0.7558
3	2	1.622	0	0	-1.467
3	2	0.4602	1	1	-1.228
3	2	3.94	1	1	0.08721
3	2	5.655	1	1	2.676
3	2	3.63	1	1	-0.6916
3	2	1.516	0	0	-1.42
3	2	0.9838	1	1	-1.873
3	2	1.725	1	1	-0.09943
3	2	5.339	1	1	-0.06003
3	2	0.05799	0	1	0.9691
3	2	0.8591	0	1	-0.965
3	2	3.412	1	1	-0.8382
3	2	0.3752	1	1	1.092
3	2	1.636	0	0	-0.04358
3	2	1.745	1	1	-1.739
3	2	0.6869	0	1	-1.094
4	2	5.426	1	1	1.629
4	2	3.556	0	0	0.4356
4	2	1.735	0	0	-0.6671
4	2	0.2833	0	0	-1.202
4	2	3.927	1	1	0.2406
4	2	3.524	0	0	-0.04341
4	2	0.5812	0	1	0.72
4	2	0.786	0	0	0.06393
4	2	3.342	0	0	-0.1635
4	2	0.5423	1	1	-0.2462
4	2	0.7314	1	1	-0.7755
4	2	0.5228	1	1	-0.07129
4	2	3.589	0	0	-0.5156
4	2	2.133	1	1	-0.1446
4	2	5.502	0	0	-0.2781
4	2	1.63	1	1	-2.425
4	2	5.454	1	1	-0.8003
4	2	0.5524	1	0	-0.8136
4	2	1.485	0	1	0.02263
4	2	3.432	0	0	0.9422
4	2	3.299	0	0	1.276
4	2	3.482	1	1	0.4599
4	2	1.136	1	1	-0.617
4	2	3.749	1	1	0.6022
4	2	1.885	1	1	-1.471
4	2	1.706	0	0	-1.286
4	2	2.108	1	1	1.067
4	2	1.998	1	1	0.545
4	2	3.962	1	1	1.254
4	2	5.245	0	1	-1.288
4	2	0.725	0	1	-0.9004
4	2	5.515	1	1	-0.9164
4	2	2.086	0	0	0.4394
4	2	0.4874	1	1	-0.4813
4	2	5.381	0	0	0.5683
4	2	0.9568	0	0	0.2009
4	2	5.534	1	1	-0.8117
4	2	5.243	0	0	-0.9069
4	2	0.2568	0	1	-0.5293
4	2	1.083	1	1	1.013
4	2	0.3005	0	1	0.1315
4	2	0.886	0	0	-0.4943
4	2	0.8408	0	0	0.239
4	2	1.626	1	1	0.3339
4	2	5.677	1	1	0.3403
4	2	1.117	1	1	-0.6346
4	2	0.556	1	1	0.4801
4	2	5.392	0	0	-0.04368
4	2	0.3092	1	0	0.6203
5	2	5.229	0	0	2.266
5	2	1.946	1	1	2.294
5	2	1.802	0	0	0.734
5	2	1.818	1	1	0.6762
5	2	0.7501	0	0	-0.1023
5	2	0.3994	0	1	0.2852
5	2	3.574	0	0	-0.109
5	2	0.6374	1	1	-0.3444
5	2	0.8843	1	1	0.1274
5	2	0.4133	1	1	-0.5567
5	2	1.04	1	1	0.2775
5	2	5.292	1	1	-0.2771
5	2	1.387	1	1	-0.1341
5	2	1.784	0	1	-0.9094
5	2	0.1322	0	1	0.5536
5	2	3.4	0	0	0.4798
5	2	5.509	1	1	-1.262
5	2	1.692	0	1	-0.4557
5	2	0.9275	1	1	0.1968
5	2	5.106	0	0	-1.493
5	2	5.409	0	0	0.2537
5	2	0.9305	1	1	-0.134
5	2	0.4964	0	0	0.9473
5	2	0.938	0	0	-0.3563
5	2	3.723	1	1	0.8021
5	2	0.4788	0	0	0.4734
5	2	1.486	0	1	0.7708
5	2	3.733	1	1	-0.3374
5	2	3.541	0	0	1.318
5	2	5.341	0	0	-0.5149
5	2	3.815	1	1	-1.061
5	2	3.459	0	0	0.0949
5	2	1.929	1	1	-1.075
5	2	3.558	0	0	0.6079
5	2	0.9657	1	1	1.05
5	2	0.9484	1	1	0.5119
5	2	0.4931	0	0	-1.426
5	2	3.605	1	1	0.1192
5	2	5.559	1	1	0.774
5	2	5.211	0	0	1.177
5	2	2.021	0	0	0.8776
5	2	5.56	1	1	-0.9824
5	2	2.059	1	1	-0.6228
5	2	2.083	1	1	-0.1042
5	2	0.6054	0	1	-0.3361
5	2	0.6774	1	1	-1.739
5	2	0.4349	1	1	0.9656
5	2	5.444	0	0	-0.9522
5	2	0.9815	0	1	0.07234
5	2	3.766	1	1	-1.377
6	2	3.488	1	1	0.4577
6	2	2.103	0	0	0.07011
6	2	1.736	0	0	0.8713
6	2	5.283	0	0	-0.0919
6	2	0.583	0	0	0.6178
6	2	0.8945	0	1	-0.5401
6	2	0.7303	0	1	0.3759
6	2	0.2729	0	1	0.0401
6	2	3.442	0	0	-0.2107
6	2	3.862	1	1	-0.6538
6	2	5.308	0	0	-0.7769
6	2	0.3424	0	0	-0.8472
6	2	5.557	1	1	1.371
6	2	1.041	1	1	0.2695
6	2	3.98	1	1	1.26
6	2	3.524	1	1	-0.369
6	2	5.321	1	1	-0.076
6	2	3.775	1	1	-0.6325
6	2	5.444	0	0	-0.2403
6	2	3.825	1	1	0.5293
6	2	0.9176	1	1	-0.2466
6	2	1.088	1	0	0.06157
6	2	1.868	1	1	-0.9128
6	2	0.7812	0	0	-1.074
6	2	5.481	1	1	0.07992
6	2	0.3443	0	0	-0.4752
6	2	0.3477	1	1	0.2893
6	2	1.734	1	1	1.307
6	2	5.443	0	0	-1.221
6	2	1.69	0	0	0.9465
6	2	1.764	1	0	0.3574
6	2	1.765	0	0	-0.5963
6	2	0.4241	0	0	-0.2402
6	2	0.7699	0	0	1.108
6	2	5.09	0	0	1.02
6	2	0.4629	1	1	-1.223
6	2	5.661	1	1	-1.268
6	2	1.901	1	1	0.2787
6	2	0.4042	0	1	1.149
6	2	1.793	1	1	1.478
6	2	1.746	0	1	1.238
6	2	3.483	1	1	-1.051
6	2	0.4307	1	0	-1.232
6	2	0.9814	1	1	-0.7003
6	2	4.069	1	1	0.6532
6	2	4.005	1	1	0.9178
6	2	0.9072	0	1	-0.8734
6	2	0.4273	0	1	-1.668
6	2	5.395	0	0	0.2597
6	2	0.6868	0	0	-1.679
7	2	5.455	1	1	1.324
7	2	3.512	0	0	1.755
7	2	1.898	1	1	1.356
7	2	1.702	1	1	0.8313
7	2	3.622	1	1	1.159
7	2	1.073	1	0	-0.654
7	2	0.4793	1	1	-0.6456
7	2	1.66	0	0	-0.4798
7	2	5.405	1	1	-0.1641
7	2	0.4547	0	0	0.4521
7	2	0.7702	0	0	0.5727
7	2	5.337	0	0	0.5788
7	2	3.547	0	0	0.8617
7	2	0.6525	1	1	0.8618
7	2	5.554	0	0	-1.297
7	2	3.526	1	1	0.1318
7	2	1.45	0	0	-0.7464
7	2	3.883	1	1	1.353
7	2	1.913	1	0	0.0894
7	2	5.309	1	1	0.106
7	2	0.867	1	0	0.1858
7	2	1.609	0	0	0.6657
7	2	0.3065	0	1	0.1165
7	2	0.1453	0	1	0.3091
7	2	5.114	0	1	-0.9869
7	2	0.6366	0	1	-0.03376
7	2	1.746	0	1	0.4029
7	2	5.479	0	0	1.255
7	2	0.5449	1	1	-1.734
7	2	0.524	1	1	-0.3318
7	2	0.804	0	1	0.5102
7	2	1.068	1	1	0.1594
7	2	3.671	0	0	-0.8497
7	2	3.76	1	1	0.06629
7	2	0.6963	1	1	-0.2933
7	2	5.466	1	1	-0.1646
7	2	5.331	0	0	-0.2177
7	2	3.687	1	1	-0.6155
7	2	3.781	1	1	-1.263
7	2	1.161	1	1	0.8062
7	2	0.2627	0	1	-0.1863
7	2	3.501	0	0	0.6874
7	2	0.6147	0	0	-0.5922
7	2	0.7028	0	0	-0.6172
7	2	5.467	1	1	1.812
7	2	1.885	0	1	1.207
7	2	0.635	0	0	-1.743
7	2	1.939	1	1	-0.0001577
7	2	0.9353	1	1	-0.08613
7	2	1.796	0	0	-0.1682
8	2	3.737	0	0	0.2896
8	2	5.191	0	0	-0.07257
8	2	3.44	1	1	-0.9828
8	2	1.685	0	1	0.3049
8	2	5.377	1	1	-0.1628
8	2	5.375	0	0	-0.761
8	2	0.6864	0	1	0.8945
8	2	3.637	1	1	-0.9573
8	2	0.6623	1	1	-0.4537
8	2	1.899	1	1	-0.8553
8	2	5.508	0	0	0.3448
8	2	3.653	0	0	-0.6204
8	2	1.079	1	1	0.2332
8	2	1.893	1	1	0.2813
8	2	0.2964	0	1	0.591
8	2	0.1837	0	0	-0.8974
8	2	5.654	1	1	-0.8577
8	2	3.603	0	0	-1.246
8	2	0.2876	0	0	1.224
8	2	3.818	0	0	-1.557
8	2	5.407	1	1	-1.107
8	2	1.805	1	1	-1.161
8	2	0.9132	1	1	1.26
8	2	0.315	1	1	1.05
8	2	3.903	1	1	0.3697
8	2	5.714	1	1	-1.779
8	2	1.868	1	1	1.575
8	2	0.1074	0	0	-0.6944
8	2	0.5031	1	1	0.9148
8	2	0.808	1	1	-0.04364
8	2	1.577	0	1	1.642
8	2	1.002	1	1	-0.06822
8	2	3.595	0	0	-0.9481
8	2	5.374	0	0	-0.2364
8	2	5.556	1	1	-0.5918
8	2	2.211	1	1	-0.7884
8	2	2.151	1	1	-0.364
8	2	0.3303	1	0	-0.1181
8	2	0.6051	0	0	0.03489
8	2	1.954	1	0	-0.549
8	2	3.617	0	0	0.7941
8	2	0.6458	0	1	0.4936
8	2	0.9523	1	1	-0.05191
8	2	3.638	0	0	-0.6111
8	2	5.508	1	1	-0.6754
8	2	0.8526	0	1	-0.8965
8	2	0.5934	0	0	0.5741
8	2	0.8617	0	0	2.171
8	2	1.625	0	0	-0.439
8	2	0.3397	0	1	0.04337
9	2	0.7448	1	1	1.329
9	2	0.923	1	1	1.1
9	2	0.4274	0	1	-0.2971
9	2	0.4735	1	1	-0.3532
9	2	0.4443	1	0	0.3319
9	2	0.3769	0	0	-0.9863
9	2	2.051	1	1	-1.083
9	2	1.773	0	0	-0.02269
9	2	5.408	0	0	-0.723
9	2	3.528	0	0	0.2782
9	2	1.612	0	0	1.004
9	2	3.555	0	0	-1.295
9	2	0.8999	0	0	-0.7614
9	2	0.6245	1	1	0.309
9	2	5.429	0	0	0.1593
9	2	5.655	1	1	-0.2523
9	2	3.707	0	0	-1.305
9	2	1.122	1	1	0.1566
9	2	0.475	1	0	-0.1849
9	2	5.697	1	1	-1.174
9	2	3.684	1	1	-0.8894
9	2	5.336	1	1	1.992
9	2	2.071	0	1	-0.9429
9	2	1.758	1	1	-0.5387
9	2	0.9931	1	0	-0.05332
9	2	3.596	1	1	-0.7506
9	2	0.9878	0	1	-0.64
9	2	3.529	0	0	-0.1684
9	2	1.597	0	0	-1.735
9	2	5.534	1	1	0.4638
9	2	0.4556	0	1	0.4392
9	2	3.634	0	0	-1.287
9	2	0.6495	0	0	-0.9058
9	2	0.5355	1	1	0.71
9	2	0.4218	0	0	-0.4977
9	2	1.191	1	1	-1.341
9	2	3.459	0	0	-0.3107
9	2	1.559	0	0	-0.7286
9	2	5.437	1	1	-1.13
9	2	3.536	1	1	0.888
9	2	2.121	1	0	-0.3716
9	2	3.722	1	1	-0.8557
9	2	5.273	1	1	-0.7085
9	2	0.9735	0	0	-1.311
9	2	1.837	0	0	-0.2186
9	2	1.247	1	0	-0.6867
9	2	5.333	0	0	0.1374
9	2	5.505	1	1	-0.1273
9	2	1.793	0	0	-0.06387
9	2	0.1374	0	1	-0.8227
10	3	0.4322	0	0	1.876
10	3	5.428	0	0	1.415
10	3	1.751	0	0	1.701
10	3	5.5	1	1	1.173
10	3	0.1729	0	0	0.4608
10	3	5.345	0	0	0.3936
10	3	0.5905	1	1	0.2929
10	3	0.5342	1	1	-0.2355
10	3	0.5765	0	1	-0.0234
10	3	0.3511	0	1	0.2345
10	3	1.092	0	0	-0.7613
10	3	0.4072	1	1	-0.2261
10	3	1.878	0	1	-0.5116
10	3	0.8144	0	0	-0.6182
10	3	0.1166	1	0	-0.006206
10	3	1.751	0	1	-0.1873
10	3	1.584	1	1	-0.1464
10	3	0.945	1	1	0.2497
10	3	0.7991	1	0	-0.04055
10	3	0.8417	1	1	0.118
10	3	0.6942	1	0	-0.09182
10	3	0.6378	0	0	0.4248
10	3	1.805	1	0	0.2826
10	3	1.802	0	0	-0.5745
10	3	0.2287	1	0	0.05259
10	3	5.243	1	1	-2.9
10	3	0.6053	1	0	-0.9589
10	3	0.2603	0	1	0.005996
10	3	1.857	1	1	0.4883
10	3	5.228	1	1	0.3057
10	3	0.5737	1	0	-2.152
10	3	5.379	1	1	-0.3517
10	3	0.56	0	1	0.9211
10	3	0.2594	1	1	0.5052
10	3	2.115	0	1	0.08311
10	3	2.001	0	1	0.3794
10	3	0.8056	0	0	-0.5627
10	3	5.433	0	0	-2.964
10	3	0.4161	1	1	0.497
10	3	1.768	1	1	0.2383
10	3	0.3345	0	0	-1.741
10	3	0.4667	1	1	-1.011
10	3	0.4701	1	1	-0.4977
10	3	0.01874	0	0	-2.436
10	3	5.749	1	1	-1.663
10	3	0.3735	1	0	-1.489
10	3	0.138	1	1	0.5109
10	3	5.445	0	0	2.005
10	3	5.267	0	0	0.2649
11	3	0.5161	0	1	0.2593
11	3	1.866	0	0	-0.6899
11	3	0.8567	0	0	1.219
11	3	0.6535	1	0	-1.243
11	3	5.396	1	1	0.7826
11	3	0.2241	1	1	-0.6226
11	3	5.695	1	1	-0.2288
11	3	0.1913	1	1	0.5795
11	3	5.508	1	1	0.9851
11	3	1.939	1	1	0.4957
11	3	0.741	0	0	1.297
11	3	1.96	1	1	-0.2728
11	3	0.825	0	0	-1.014
11	3	0.7948	1	1	-1.06
11	3	0.195	0	1	-0.6731
11	3	1.913	1	1	1.297
11	3	0.2722	0	1	1.35
11	3	5.471	0	0	0.1381
11	3	1.861	1	1	0.2269
11	3	0.4938	1	1	1.239
11	3	0.9381	0	0	-1.338
11	3	0.8196	0	0	-0.6117
11	3	5.493	0	0	1.124
11	3	0.4864	1	1	0.01495
11	3	0.4795	1	0	0.7502
11	3	1.671	0	0	-0.7024
11	3	0.4101	1	0	1.045
11	3	1.9	1	1	1.292
11	3	1.74	1	1	-0.05895
11	3	0.3577	0	0	-0.9012
11	3	0.2131	0	0	-1.132
11	3	5.501	1	1	-0.7425
11	3	0.3447	1	1	2.057
11	3	0.4965	1	1	-0.5532
11	3	0.8975	1	0	0.9058
11	3	0.691	0	0	0.4206
11	3	1.594	0	0	1.378
11	3	0.4302	0	1	0.1834
11	3	1.666	1	1	0.8215
11	3	0.2474	0	0	-1.594
11	3	0.3609	0	1	-0.8225
11	3	0.3207	0	0	1.271
11	3	5.315	0	0	0.3522
11	3	5.381	1	1	0.3768
11	3	0.5015	0	1	1.857
11	3	0.1736	0	0	0.06018
11	3	5.34	0	0	-1.613
11	3	0.9102	1	0	-0.9969
11	3	0.1438	1	1	-0.2556
12	3	0.6712	0	1	-0.08501
12	3	0.404	0	0	1.485
12	3	1.842	0	0	0.4627
12	3	0.8521	1	1	0.3727
12	3	0.1205	0	0	-0.03947
12	3	0.2705	1	1	-0.1568
12	3	5.574	0	0	0.4787
12	3	2.013	1	1	-0.8828
12	3	1.009	1	1	0.1448
12	3	0.6336	0	0	0.2291
12	3	0.1433	0	0	0.2268
12	3	0.9091	1	1	-1.214
12	3	5.304	1	1	-1.282
12	3	0.1116	0	1	-1.752
12	3	0.417	0	0	1.258
12	3	1.9	1	1	-0.466
12	3	5.181	1	1	-0.8806
12	3	0.8899	0	0	0.5914
12	3	0.1263	1	1	1.098
12	3	0.4248	0	0	0.7412
12	3	1.851	0	1	0.84
12	3	0.06251	0	0	0.03214
12	3	0.09421	0	0	-1.733
12	3	0.03571	1	1	0.8689
12	3	0.6543	1	0	-0.6916
12	3	0.9828	0	1	-0.6137
12	3	1.144	1	0	-0.2682
12	3	5.481	1	1	-0.05202
12	3	1.756	1	1	1.44
12	3	5.334	0	0	-1.031
12	3	0.2621	1	1	-0.02711
12	3	5.361	1	1	-0.3519
12	3	1.777	1	0	-0.1545
12	3	0.7807	0	0	-0.2126
12	3	0.8096	0	0	-0.1616
12	3	1.475	0	0	0.8862
12	3	0.3218	0	0	-1.561
12	3	5.389	0	0	-1.225
12	3	0.3503	0	0	0.703
12	3	0.5396	0	0	0.04328
12	3	1.818	1	1	-0.2657
12	3	5.643	1	1	0.8111
12	3	0.5076	0	0	-1.175
12	3	1.774	1	1	-1.99
12	3	0.48	0	0	2.046
12	3	1.766	1	1	1.212
12	3	0.05754	1	0	-0.2175
12	3	5.467	1	1	-0.5125
12	3	5.434	1	1	0.4072
12	3	0.6838	1	1	-0.6205
13	3	1.689	0	0	0.9783
13	3	0.02948	0	0	1.067
13	3	0.7671	0	1	0.7061
13	3	5.592	1	1	0.3612
13	3	0.232	0	0	0.7882
13	3	5.417	1	1	0.1844
13	3	5.858	1	1	-0.2402
13	3	5.438	1	1	0.5016
13	3	1.684	1	1	0.2516
13	3	0.8647	0	0	-0.2476
13	3	0.261	0	1	0.3028
13	3	1.678	0	0	0.2124
13	3	5.348	1	1	-1.083
13	3	0.4198	0	0	0.6783
13	3	5.412	0	0	-0.03334
13	3	0.27	1	0	0.06497
13	3	1.044	0	0	0.9211
13	3	0.1116	1	0	0.8054
13	3	1.672	1	1	-0.1365
13	3	1.552	0	1	0.1952
13	3	1.882	1	1	-1.377
13	3	0.3412	0	0	-1.309
13	3	0.3251	0	0	-0.1281
13	3	0.4336	1	1	0.7641
13	3	0.397	1	0	-0.6266
13	3	5.462	0	0	0.3689
13	3	1.045	0	0	-1.651
13	3	0.8059	0	0	-1.112
13	3	5.411	0	0	0.5541
13	3	0.2577	0	0	0.7283
13	3	0.2712	1	0	-0.1446
13	3	0.4394	1	1	-0.9694
13	3	1.806	1	1	-0.1091
13	3	0.429	1	0	0.2947
13	3	0.8842	0	1	0.3302
13	3	0.2302	1	1	0.9503
13	3	1.998	1	1	-0.244
13	3	5.48	1	1	-0.4452
13	3	1.982	1	1	-1.443
13	3	1.04	0	1	0.4463
13	3	0.3858	1	0	1.941
13	3	0.8927	1	0	-0.7102
13	3	5.381	1	1	-1.231
13	3	0.3971	0	0	-1.636
13	3	0.2895	0	0	-1.107
13	3	1.852	1	1	-0.4699
13	3	0.2776	1	0	-0.393
13	3	0.8094	0	1	1.015
13	3	0.9935	1	1	1.087
13	3	0.5456	0	1	-1.263
14	3	5.359	1	1	0.7513
14	3	1.827	0	0	1.582
14	3	0.9883	0	0	1.428
14	3	0.4234	0	0	1.398
14	3	1.905	1	0	1.479
14	3	1.751	0	0	0.5834
14	3	0.431	0	0	-0.03685
14	3	0.1443	0	0	-1.411
14	3	1.758	0	0	-0.531
14	3	0.2026	1	0	-0.2684
14	3	0.349	1	1	0.2883
14	3	0.3092	1	0	0.2952
14	3	1.884	0	0	-0.3594
14	3	0.9374	1	0	0.6116
14	3	5.278	0	0	-0.02897
14	3	1.156	1	1	1.055
14	3	5.693	1	1	1.091
14	3	0.3154	1	1	-0.5673
14	3	0.1656	0	0	-0.03347
14	3	0.9469	0	0	0.4391
14	3	1.75	0	1	-1.009
14	3	1.721	0	0	0.004275
14	3	2.066	1	0	1.018
14	3	0.7083	1	1	0.218
14	3	2.087	1	1	0.1305
14	3	0.8586	1	1	0.9396
14	3	0.6546	0	0	0.08575
14	3	0.9693	1	1	-0.6926
14	3	0.8186	1	1	0.5774
14	3	1.915	1	0	0.6285
14	3	5.444	0	0	0.4719
14	3	0.3227	0	0	-0.9531
14	3	5.424	1	1	-0.9241
14	3	0.725	0	0	-1.647
14	3	0.257	1	0	-0.3194
14	3	5.302	0	0	-0.1831
14	3	0.4568	0	0	-0.5323
14	3	5.47	1	1	-0.2318
14	3	5.313	0	0	-0.7746
14	3	0.1012	0	0	-0.5704
14	3	0.6995	1	0	-1.993
14	3	0.4438	0	1	-1.037
14	3	0.3821	0	1	0.7042
14	3	0.3358	0	1	-0.6276
14	3	0.88	1	1	0.2474
14	3	5.362	1	1	-0.7298
14	3	0.5796	1	0	0.4697
14	3	0.1944	1	0	1.393
14	3	5.292	0	0	1.278
14	3	0.1933	1	0	-0.4043
15	3	5.332	0	0	0.2686
15	3	0.8004	1	0	1.362
15	3	1.059	0	1	1.402
15	3	0.9257	1	1	1.638
15	3	0.532	0	0	0.9412
15	3	0.4124	0	0	0.04674
15	3	1.866	0	0	0.1284
15	3	0.3206	1	0	0.5422
15	3	0.797	1	1	0.5035
15	3	0.1888	1	0	0.4594
15	3	0.4664	1	1	-0.3619
15	3	5.625	1	1	-0.8108
15	3	0.33	1	1	-0.4115
15	3	0.9818	0	0	-0.379
15	3	0.03676	0	0	0.1489
15	3	1.93	0	1	1.422
15	3	5.776	1	1	1.158
15	3	0.9502	0	0	-0.851
15	3	0.7838	1	1	-0.6395
15	3	5.156	0	0	0.5108
15	3	5.583	0	0	0.5073
15	3	0.453	1	0	1.702
15	3	0.08635	1	0	1.931
15	3	0.3261	0	0	0.06684
15	3	1.699	1	1	-1.552
15	3	0.1213	1	0	-1.557
15	3	0.7004	0	0	-0.2809
15	3	1.695	1	1	-1.871
15	3	1.811	0	0	-0.07619
15	3	5.479	0	0	-0.8608
15	3	1.531	1	0	-0.05734
15	3	1.752	0	0	0.2111
15	3	0.8498	1	1	0.9904
15	3	1.818	0	0	-0.4642
15	3	0.5002	1	0	1.219
15	3	0.2762	1	0	0.9943
15	3	0.2806	0	1	-0.4662
15	3	1.726	1	1	1.035
15	3	5.345	1	1	2.115
15	3	5.33	0	0	-1.096
15	3	0.9276	0	1	0.1847
15	3	5.358	1	1	0.8824
15	3	0.8703	1	0	-0.1535
15	3	1.075	1	0	-2.426
15	3	0.2704	0	1	-2.058
15	3	0.1721	1	1	0.6736
15	3	0.1863	1	0	1.583
15	3	5.193	0	0	-0.7118
15	3	0.2903	0	0	0.3115
15	3	1.659	1	1	-0.841
16	3	1.917	1	1	0.9387
16	3	0.7546	0	0	0.3566
16	3	0.503	0	0	0.9875
16	3	5.288	0	0	0.2397
16	3	0.2016	0	0	1.068
16	3	0.5888	0	1	0.6629
16	3	0.3506	0	1	-0.2454
16	3	0.2039	0	0	1.167
16	3	1.738	0	0	0.3436
16	3	1.686	1	1	0.3666
16	3	5.074	0	0	-2.926
16	3	0.1273	0	1	-1.462
16	3	5.609	1	1	0.5305
16	3	0.4458	1	1	-0.4186
16	3	1.761	1	1	-0.7462
16	3	1.575	1	1	-0.8727
16	3	5.481	1	1	-0.5023
16	3	1.882	1	1	-1.542
16	3	5.343	0	0	0.5343
16	3	1.745	1	1	1.032
16	3	0.4752	1	1	1.558
16	3	0.44	1	1	0.999
16	3	0.8685	1	0	-0.5435
16	3	0.5253	0	1	1.068
16	3	5.498	1	1	-0.2103
16	3	0.2032	0	0	-0.9423
16	3	0.1898	1	0	-1.207
16	3	1.294	1	1	1.474
16	3	5.393	0	0	-0.1956
16	3	1.006	0	0	-0.4856
16	3	0.6452	1	1	-0.4238
16	3	0.8194	0	1	1.168
16	3	0.2336	0	1	-0.1813
16	3	0.2322	0	1	-0.4964
16	3	5.404	0	0	-0.4965
16	3	0.005447	1	0	-2.758
16	3	5.493	1	1	-0.7941
16	3	0.7289	1	1	-0.8837
16	3	0.3326	0	1	0.8749
16	3	0.8719	1	1	-0.01194
16	3	0.7651	0	1	-1.09
16	3	1.874	1	1	0.9626
16	3	0.3096	1	1	0.1087
16	3	0.6025	1	1	0.716
16	3	1.757	1	0	0.8844
16	3	2.008	1	1	-0.06784
16	3	0.5184	0	0	0.755
16	3	0.315	0	1	0.8823
16	3	5.352	0	0	-1.243
16	3	0.3295	0	1	-0.4946
17	3	5.544	1	1	-0.04212
17	3	1.758	0	0	1.463
17	3	0.9164	1	0	1.707
17	3	0.8623	1	1	0.1304
17	3	1.836	1	1	0.2041
17	3	0.6253	1	1	0.7854
17	3	0.2679	1	1	0.5731
17	3	0.9825	0	1	0.9622
17	3	5.752	1	1	0.4079
17	3	0.2472	0	1	-1.02
17	3	0.2584	0	0	-0.7707
17	3	5.588	0	0	0.01395
17	3	1.701	0	0	-0.7924
17	3	0.3262	1	0	0.4028
17	3	5.423	0	0	0.1039
17	3	1.801	1	1	-0.7836
17	3	0.6059	0	1	0.1401
17	3	1.81	1	0	0.9593
17	3	0.977	1	1	0.951
17	3	5.532	1	1	-0.2059
17	3	0.513	1	0	0.476
17	3	0.9278	0	1	-0.4493
17	3	0.00358	0	0	-0.9996
17	3	0.2962	0	0	-2.846
17	3	5.273	0	0	-0.7355
17	3	0.0972	0	1	0.8679
17	3	1.066	0	0	0.5772
17	3	5.474	0	0	0.4892
17	3	0.01398	1	0	1.142
17	3	0.1356	1	1	-0.5024
17	3	0.1413	0	1	-0.9065
17	3	0.2889	1	0	0.4314
17	3	1.818	0	0	0.4524
17	3	1.827	1	1	-0.2833
17	3	0.321	1	1	-1.633
17	3	5.442	1	1	-0.8654
17	3	5.484	0	0	0.1982
17	3	1.73	1	0	-1.284
17	3	1.974	1	1	-0.7094
17	3	0.4516	1	0	1.578
17	3	0.2682	0	0	-1.121
17	3	1.685	0	0	-1.162
17	3	0.3202	0	0	0.7396
17	3	0.5907	0	1	1.786
17	3	5.566	1	1	0.4552
17	3	0.8587	0	0	0.9425
17	3	0.3398	0	0	-1.183
17	3	0.8001	1	1	-1.79
17	3	0.9204	1	1	0.6523
17	3	0.7598	0	1	-1.836
18	3	1.574	0	1	1.014
18	3	5.262	0	0	1.513
18	3	1.621	1	1	1.211
18	3	0.7554	0	1	1.245
18	3	5.514	1	1	0.8558
18	3	5.363	0	0	0.7235
18	3	0.7064	0	1	-0.556
18	3	2.099	1	1	-0.672
18	3	0.4351	1	1	0.4186
18	3	0.7493	1	1	0.584
18	3	5.126	0	0	0.1955
18	3	1.664	0	0	0.1113
18	3	0.5694	1	1	-0.5876
18	3	1.049	1	1	-0.1345
18	3	0.3986	0	1	-0.229
18	3	0.2314	0	1	0.3745
18	3	5.668	1	1	-0.02142
18	3	1.76	0	0	-0.5436
18	3	0.02834	0	0	-1.055
18	3	1.855	0	1	-0.2481
18	3	5.544	1	1	1.058
18	3	0.9524	1	1	-0.1244
18	3	0.3943	1	0	-0.8026
18	3	0.2392	1	0	0.9573
18	3	1.833	1	1	-0.5431
18	3	5.518	1	1	-0.7787
18	3	0.936	1	0	-1.368
18	3	0.2292	0	1	2.231
18	3	0.1708	1	0	1.645
18	3	0.3505	1	0	-1.291
18	3	0.7801	0	1	-0.05085
18	3	0.5295	1	1	-0.7841
18	3	1.75	0	0	1.156
18	3	5.418	0	0	0.08622
18	3	5.453	1	1	-0.8646
18	3	1.079	1	1	-1.743
18	3	1.119	1	0	-0.9481
18	3	0.3836	1	1	-0.9054
18	3	0.4406	0	1	0.9848
18	3	0.9614	1	1	1.328
18	3	1.751	0	0	0.2261
18	3	0.2685	0	1	0.4235
18	3	0.3038	1	1	-0.6519
18	3	1.516	0	1	-0.2669
18	3	5.506	1	1	2.136
18	3	0.4918	0	0	-0.0711
18	3	0.2409	0	0	-0.9687
18	3	0.4011	0	1	-1.639
18	3	0.5799	0	1	-0.8003
18	3	0.391	0	0	-0.3754
19	3	0.3189	1	0	0.3899
19	3	0.4986	1	1	-0.1046
19	3	0.226	0	0	0.9913
19	3	0.05007	1	1	0.6906
19	3	0.2043	1	1	-0.4756
19	3	0.3402	0	0	-0.2452
19	3	0.9611	1	0	-0.1977
19	3	1.08	0	1	0.3242
19	3	5.469	0	0	-0.89
19	3	1.699	0	0	-1.014
19	3	0.8438	0	0	0.1568
19	3	1.772	0	0	-0.7613
19	3	0.6627	0	1	-1.149
19	3	0.1669	1	1	0.8848
19	3	5.242	0	0	1.31
19	3	5.148	1	1	1.074
19	3	1.701	0	0	1.071
19	3	0.5245	1	1	0.2495
19	3	0.3429	1	1	0.5025
19	3	5.504	1	1	0.1824
19	3	1.822	1	1	1.17
19	3	5.445	1	1	0.965
19	3	1.052	0	0	-1.235
19	3	0.8748	1	1	-1.167
19	3	0.3621	1	0	-1.558
19	3	1.936	1	1	-1.454
19	3	0.3728	0	0	-1.138
19	3	1.945	0	0	1.147
19	3	0.6394	0	1	0.1476
19	3	5.515	1	1	1.235
19	3	0.3151	0	0	-0.1375
19	3	1.851	0	0	0.5869
19	3	0.5249	0	1	0.2378
19	3	0.198	1	0	-0.3207
19	3	0.1147	0	1	0.2374
19	3	0.5187	1	1	0.5777
19	3	1.975	0	0	-1.281
19	3	0.8418	0	0	0.4315
19	3	5.37	1	1	0.2794
19	3	1.763	1	1	-1.468
19	3	0.8751	1	0	-0.07892
19	3	2.092	1	1	-0.7483
19	3	5.332	1	1	1.142
19	3	0.2314	0	0	-0.8046
19	3	0.7161	0	1	-2.048
19	3	0.4311	1	1	-0.6722
19	3	5.314	0	0	1.458
19	3	5.742	1	1	1.241
19	3	0.9987	0	0	0.5695
19	3	0.2683	0	0	-1.769
20	4	0.4323	0	0	1.328
20	4	5.428	0	0	1.964
20	4	1.751	0	0	1.969
20	4	5.498	1	1	1.352
20	4	0.1731	0	0	1.25
20	4	5.345	0	0	0.6735
20	4	0.5881	1	0	0.5929
20	4	0.533	1	1	-0.2682
20	4	0.5769	0	0	0.3054
20	4	0.351	0	0	-0.0896
20	4	1.093	0	1	-0.6065
20	4	0.4078	1	1	-0.1457
20	4	1.877	0	0	-0.09335
20	4	0.8158	0	0	0.4511
20	4	0.1159	1	1	0.1283
20	4	1.752	0	0	-0.6588
20	4	1.583	1	1	0.4198
20	4	0.9448	1	1	-0.5286
20	4	0.7982	1	1	-0.2487
20	4	0.8411	1	1	-0.02215
20	4	0.6939	1	1	-0.1482
20	4	0.6381	0	0	-0.4331
20	4	1.804	1	0	-0.576
20	4	1.801	0	0	0.2819
20	4	0.2285	1	0	0.8472
20	4	5.241	1	1	0.01331
20	4	0.6051	1	1	-0.2745
20	4	0.2605	0	0	1.742
20	4	1.856	1	0	1.15
20	4	5.226	1	1	1.226
20	4	0.5708	1	1	0.02798
20	4	5.378	1	1	-0.1926
20	4	0.5602	0	1	-1.097
20	4	0.2645	0	0	-1.072
20	4	0.2584	1	1	-0.4786
20	4	2.115	0	0	-1.348
20	4	2.002	0	0	0.5766
20	4	0.8054	0	1	-1.222
20	4	5.433	0	0	-2.139
20	4	0.4142	1	0	1.731
20	4	1.768	1	1	0.3456
20	4	0.3364	0	1	-1.35
20	4	0.4663	1	0	-0.4569
20	4	0.4653	1	0	-1.228
20	4	0.01899	0	0	-1.037
20	4	5.748	1	1	-0.8664
20	4	0.3734	1	0	0.02827
20	4	0.136	1	1	1.752
20	4	5.445	0	0	-0.602
20	4	5.268	0	0	-0.3244
21	4	0.517	0	1	0.5578
21	4	1.865	0	1	1.154
21	4	0.8569	0	1	1.144
21	4	0.6533	1	1	1.008
21	4	5.396	1	1	1.501
21	4	0.2234	1	0	1.232
21	4	5.695	1	1	0.6248
21	4	0.1904	1	1	-0.7612
21	4	5.508	1	1	0.1839
21	4	1.939	1	1	1.564
21	4	1.959	1	1	1.501
21	4	0.8252	0	0	-0.2842
21	4	0.7946	1	1	-0.9447
21	4	0.1978	0	1	-0.02693
21	4	1.913	1	1	-1.725
21	4	0.2724	0	1	-0.4202
21	4	5.471	0	0	-1.357
21	4	1.86	1	1	-1.539
21	4	0.4931	1	0	-1.028
21	4	0.9396	0	1	-0.4577
21	4	0.8202	0	1	1.131
21	4	5.493	0	0	-0.7512
21	4	0.4856	1	0	0.4999
21	4	0.4793	1	0	0.745
21	4	1.671	0	0	1.381
21	4	0.4098	1	1	-0.9552
21	4	1.9	1	1	0.3951
21	4	1.739	1	1	-1.365
21	4	0.3582	0	0	-1.442
21	4	0.2136	0	1	1.214
21	4	5.501	1	1	-0.06151
21	4	0.3447	1	1	-0.4757
21	4	0.4958	1	0	0.9097
21	4	0.8963	1	0	0.263
21	4	0.6912	0	0	1.327
21	4	1.594	0	0	-0.5364
21	4	0.43	0	0	0.5711
21	4	1.666	1	1	-1.808
21	4	0.2467	0	1	-0.9517
21	4	0.3606	0	1	0.8975
21	4	0.3215	0	1	1.384
21	4	5.32	0	0	0.8813
21	4	5.316	0	0	-0.5452
21	4	5.379	1	1	0.4672
21	4	0.5007	0	1	1.422
21	4	0.1747	0	0	1.765
21	4	5.34	0	0	-1.082
21	4	0.9109	1	1	0.8453
21	4	0.1433	1	1	-0.721
22	4	0.6716	0	1	-0.08971
22	4	0.4044	0	0	1.432
22	4	1.842	0	0	1.564
22	4	0.8519	1	0	0.3113
22	4	0.1225	0	1	0.606
22	4	0.2701	1	1	-0.1813
22	4	5.575	0	0	-0.01632
22	4	2.012	1	1	0.6814
22	4	1.008	1	1	-0.03128
22	4	0.6339	0	0	0.2832
22	4	0.144	0	1	0.315
22	4	0.909	1	1	1.034
22	4	5.305	1	1	0.3412
22	4	0.1134	0	0	-0.01676
22	4	0.4178	0	1	-0.2978
22	4	1.901	1	1	-0.457
22	4	5.18	1	1	0.9006
22	4	0.8903	0	0	-0.179
22	4	0.1262	1	0	0.09994
22	4	0.4262	0	0	0.3571
22	4	1.853	0	0	-0.6964
22	4	0.06194	0	0	0.4858
22	4	0.09478	0	1	0.2798
22	4	0.03549	1	1	1.602
22	4	0.6543	1	1	0.9379
22	4	0.9825	0	0	1.315
22	4	1.144	1	1	-0.07288
22	4	5.481	1	1	-1.523
22	4	1.756	1	1	-0.2691
22	4	5.334	0	0	-0.4277
22	4	0.2601	1	1	0.05424
22	4	5.36	1	1	-0.4628
22	4	1.777	1	1	-0.6154
22	4	0.781	0	1	0.5148
22	4	0.81	0	0	1.82
22	4	1.476	0	0	0.5119
22	4	0.3217	0	0	-1.535
22	4	5.389	0	0	-1.793
22	4	0.3505	0	0	-0.761
22	4	0.5396	0	0	-1.178
22	4	1.817	1	1	2.697
22	4	5.642	1	1	2.29
22	4	0.5091	0	0	-0.1361
22	4	1.775	1	1	-1.114
22	4	0.4801	0	0	-1.393
22	4	1.764	1	1	-1.119
22	4	0.05576	1	0	0.3677
22	4	5.466	1	1	-0.7275
22	4	5.433	1	1	0.4944
22	4	0.3845	1	1	0.2189
23	4	1.633	0	1	0.8855
23	4	0.4102	0	0	0.7225
23	4	1.044	0	0	1.3
23	4	5.468	1	1	0.3609
23	4	0.01735	1	0	-0.2331
23	4	5.293	1	1	-0.4769
23	4	5.65	1	1	-0.2591
23	4	5.647	1	1	-0.714
23	4	1.768	1	1	1.209
23	4	1.016	0	0	1.518
23	4	0.4481	0	0	1.51
23	4	1.714	0	0	-0.6069
23	4	5.394	1	1	-0.9302
23	4	0.3884	0	0	-0.002744
23	4	5.674	0	0	-1.108
23	4	0.6528	1	0	0.1046
23	4	1.059	0	0	0.02594
23	4	0.1463	0	0	-0.7522
23	4	1.756	1	1	1.533
23	4	1.768	0	0	-0.8956
23	4	1.855	1	1	-0.7447
23	4	0.3517	0	0	1.237
23	4	0.2543	0	0	-0.3529
23	4	0.5965	1	0	-0.1559
23	4	0.1678	1	0	-1.142
23	4	5.415	0	0	0.1116
23	4	1.043	0	0	-1.25
23	4	0.8826	0	1	-0.5828
23	4	5.572	0	0	1.381
23	4	0.2433	0	0	1.083
23	4	0.4071	1	1	-0.8621
23	4	0.3294	1	0	-0.2434
23	4	1.975	1	1	-0.5551
23	4	0.2871	1	1	-0.1333
23	4	0.8261	0	0	-1.666
23	4	0.05506	1	1	-0.09764
23	4	1.77	1	1	1.784
23	4	5.469	1	1	-0.2761
23	4	1.655	1	1	-0.4874
23	4	0.9596	0	0	0.8784
23	4	0.4195	1	0	1.683
23	4	0.8829	1	1	0.813
23	4	5.334	1	1	0.06107
23	4	0.2875	0	1	-0.3478
23	4	0.5873	0	0	-0.498
23	4	1.59	1	1	0.03195
23	4	0.307	1	0	0.9143
23	4	0.8985	0	0	-0.9677
23	4	0.7395	1	0	0.1003
23	4	0.3229	0	1	-0.798
24	4	5.701	1	1	0.6007
24	4	1.846	0	0	0.8299
24	4	0.8774	0	0	0.8687
24	4	0.1229	0	0	1.154
24	4	1.782	1	1	0.7563
24	4	1.83	0	0	1.223
24	4	0.3582	0	1	0.6722
24	4	0.4423	0	0	0.1044
24	4	1.842	0	0	-0.4774
24	4	0.5786	1	0	-0.873
24	4	0.6658	1	0	-0.5537
24	4	0.6132	1	0	-0.7496
24	4	1.696	0	0	-0.1745
24	4	0.926	1	1	-0.1241
24	4	5.295	0	0	0.6834
24	4	0.9441	1	1	0.1031
24	4	5.544	1	1	-0.2292
24	4	0.2641	1	1	0.7228
24	4	0.4241	0	0	0.4526
24	4	1.055	0	0	1.144
24	4	1.774	0	0	0.9411
24	4	1.819	0	0	-0.104
24	4	1.83	1	0	0.2015
24	4	0.6201	1	1	-1.095
24	4	1.656	1	0	-1.007
24	4	1.099	1	1	1.086
24	4	0.6442	0	0	-1.359
24	4	0.9955	1	1	-2.581
24	4	1.089	1	0	0.3277
24	4	1.898	1	1	1.295
24	4	5.5	0	0	-0.2518
24	4	0.3652	0	1	-0.6474
24	4	5.392	1	1	0.5431
24	4	0.8253	0	1	1.066
24	4	0.2343	1	0	-0.8352
24	4	5.499	0	0	-1.454
24	4	0.3287	0	0	-0.6707
24	4	5.435	1	1	0.222
24	4	5.471	0	0	-1.436
24	4	0.1303	0	1	-1.471
24	4	0.4825	1	1	-0.3724
24	4	0.4884	0	0	-0.0283
24	4	0.3767	0	0	1.527
24	4	0.3232	0	1	0.9171
24	4	0.9485	1	1	-0.772
24	4	5.224	1	1	-1.664
24	4	0.5674	1	0	-0.916
24	4	0.3857	1	0	1.697
24	4	5.333	0	0	1.204
24	4	0.002851	0	1	0.1324
25	4	5.605	0	0	1.198
25	4	1.225	1	0	1.353
25	4	0.7822	0	0	1.21
25	4	1.021	1	1	0.1901
25	4	0.5103	0	1	0.6129
25	4	0.04656	0	1	0.3264
25	4	1.639	0	0	-0.2345
25	4	0.2582	1	1	-0.6092
25	4	0.581	1	0	0.4306
25	4	0.2433	1	0	-0.9714
25	4	0.781	1	0	1.42
25	4	5.402	1	1	0.5231
25	4	0.3342	1	1	-1.545
25	4	0.8093	0	1	0.7554
25	4	0.1436	0	1	0.8169
25	4	2.105	0	0	-0.1494
25	4	5.412	1	1	-2.05
25	4	1.031	0	0	-2.005
25	4	0.77	1	0	-0.3979
25	4	5.351	0	0	1.561
25	4	5.332	0	0	0.3932
25	4	0.4054	1	0	-0.1447
25	4	0.1244	0	1	0.3453
25	4	0.4007	0	1	1.213
25	4	1.515	1	1	0.01929
25	4	0.2237	0	1	1.335
25	4	0.9134	0	1	0.9954
25	4	1.795	1	1	-0.07472
25	4	1.823	0	0	-0.946
25	4	5.451	0	0	-1.637
25	4	1.777	1	1	-1.514
25	4	1.692	0	1	0.8224
25	4	0.7856	1	0	0.1331
25	4	1.942	0	0	-0.6284
25	4	0.4765	1	0	0.6355
25	4	0.3254	1	1	-0.3716
25	4	0.2433	0	1	0.268
25	4	1.762	1	1	-0.8331
25	4	5.123	1	1	0.1168
25	4	5.41	0	0	-1.046
25	4	1.006	0	0	0.1045
25	4	5.358	1	1	-0.08583
25	4	0.9097	1	1	0.8027
25	4	1.014	1	0	0.08366
25	4	0.03716	0	1	1.502
25	4	0.2856	1	0	1.661
25	4	0.1342	1	1	0.4675
25	4	5.481	0	0	0.1136
25	4	0.3423	0	0	-0.2208
25	4	1.761	1	0	-2.196
26	4	1.805	1	1	0.9723
26	4	0.9021	0	0	1.799
26	4	0.8231	0	0	1.643
26	4	5.206	0	0	1.745
26	4	0.08064	0	0	1.344
26	4	0.3647	0	1	1.253
26	4	0.3681	0	0	0.9002
26	4	0.181	0	0	0.5228
26	4	1.92	0	0	-1.6
26	4	1.699	1	1	-0.003319
26	4	5.256	0	0	-0.3813
26	4	0.1902	0	0	0.3513
26	4	5.451	1	1	-0.09429
26	4	0.3559	1	1	0.8452
26	4	1.976	1	1	-0.8233
26	4	1.627	1	1	-0.6604
26	4	5.269	1	1	-0.2042
26	4	1.71	1	1	0.2816
26	4	5.236	0	0	-0.5833
26	4	2.032	1	1	-0.8616
26	4	0.6	1	1	0.5506
26	4	0.444	1	1	1.219
26	4	1.03	1	1	0.9137
26	4	0.1507	0	0	1.622
26	4	5.445	1	1	1.128
26	4	0.05119	1	0	0.6084
26	4	0.2529	1	1	-2.712
26	4	0.9247	1	1	-0.7649
26	4	5.123	0	0	-0.906
26	4	0.8315	0	1	-0.6959
26	4	0.894	1	1	1.7
26	4	0.7634	0	0	1.313
26	4	0.05049	1	1	-1.02
26	4	0.4633	0	0	-0.1156
26	4	5.155	0	0	0.4402
26	4	0.4556	1	1	-0.6816
26	4	5.358	1	1	-0.5133
26	4	0.8502	1	0	-1.425
26	4	0.1935	0	1	1.151
26	4	0.8772	1	1	-1.909
26	4	0.7488	0	1	0.4511
26	4	2.003	1	1	-0.7027
26	4	0.4045	1	0	0.5282
26	4	0.3875	1	0	-0.6127
26	4	1.915	1	1	-0.2025
26	4	2.108	1	1	-0.4473
26	4	0.3649	0	1	-0.4264
26	4	0.08673	1	0	-0.9054
26	4	5.345	0	0	1.07
26	4	0.5264	0	0	-2.26
27	4	5.654	1	1	-0.5571
27	4	1.854	0	0	0.2002
27	4	0.8828	1	0	1.039
27	4	0.8566	1	0	1.309
27	4	1.923	1	1	-0.733
27	4	0.5151	1	1	-2.62
27	4	0.1647	1	1	0.7495
27	4	0.843	0	1	0.589
27	4	5.531	1	1	0.8333
27	4	0.6199	0	0	0.1765
27	4	0.4466	0	0	0.4574
27	4	5.281	0	0	1.136
27	4	1.734	0	0	1.038
27	4	0.117	1	0	0.9544
27	4	5.315	0	0	-0.07185
27	4	1.937	1	1	-0.7668
27	4	1.088	0	0	-0.7466
27	4	1.733	1	0	-0.236
27	4	0.9881	1	1	-2.449
27	4	5.503	1	1	0.2476
27	4	0.3458	1	0	1.091
27	4	0.5993	0	0	0.7902
27	4	0.202	0	0	0.6774
27	4	0.07507	1	1	1.035
27	4	5.487	0	0	0.4771
27	4	0.3473	0	0	-1.725
27	4	0.5267	0	0	-1.331
27	4	5.325	0	0	0.02028
27	4	0.2472	1	0	-0.6794
27	4	0.2907	1	0	0.8969
27	4	0.5282	0	1	-0.8659
27	4	0.2992	1	1	-0.1275
27	4	1.681	0	0	-0.2174
27	4	1.841	1	1	-1.027
27	4	0.186	1	1	1.256
27	4	5.458	1	1	-0.01145
27	4	5.398	0	0	0.00991
27	4	1.905	1	1	-0.1689
27	4	1.841	1	1	-0.4904
27	4	0.5026	1	0	1.395
27	4	0.00513	1	0	-0.3828
27	4	1.568	0	1	1.454
27	4	0.02184	0	0	0.1256
27	4	0.4888	0	1	0.6437
27	4	5.64	1	1	-1.454
27	4	1.061	0	0	-1.118
27	4	0.3078	0	1	-0.1067
27	4	1.009	1	1	0.03403
27	4	0.6144	1	0	0.8145
27	4	0.8008	0	0	-0.8612
28	4	1.663	0	0	0.7805
28	4	5.298	0	0	1.676
28	4	1.816	1	1	1.617
28	4	0.5784	0	0	1.168
28	4	5.423	1	1	0.5034
28	4	5.397	0	0	0.1253
28	4	0.3989	0	0	-0.3384
28	4	1.865	1	1	-0.4718
28	4	0.4025	1	1	-0.2026
28	4	0.8934	1	0	0.4323
28	4	5.376	0	0	0.4175
28	4	1.734	0	0	0.4143
28	4	0.4537	1	1	-0.08309
28	4	1.004	1	0	0.3564
28	4	0.05019	0	1	0.4139
28	4	0.1421	1	0	-0.8162
28	4	5.431	1	1	-0.2676
28	4	1.725	0	0	-0.3194
28	4	0.01602	1	0	-1.06
28	4	1.957	0	0	-0.1172
28	4	5.233	1	1	0.89
28	4	1.061	1	0	0.09116
28	4	0.601	1	1	0.264
28	4	0.3722	1	0	0.9615
28	4	1.9	1	0	0.8277
28	4	5.53	1	1	-0.1611
28	4	1.076	1	0	-0.256
28	4	0.01029	1	0	0.7966
28	4	0.3791	1	1	0.5626
28	4	0.8753	1	1	-1.723
28	4	1.194	0	0	0.007493
28	4	0.4991	1	0	-0.9945
28	4	1.681	0	0	-1.242
28	4	5.571	0	0	-0.003795
28	4	5.365	1	1	-0.08421
28	4	0.7178	1	0	1.008
28	4	0.9066	1	1	-1.518
28	4	0.2702	1	0	0.2786
28	4	0.36	0	0	1.396
28	4	0.7636	1	1	-0.8607
28	4	1.461	0	0	-1.703
28	4	0.313	0	0	-0.7165
28	4	0.599	1	1	-1.56
28	4	1.829	0	0	1.594
28	4	5.633	1	1	-0.7544
28	4	0.3234	0	0	-1.053
28	4	0.002427	1	0	1.913
28	4	0.5572	0	0	0.678
28	4	1.077	0	0	0.5207
28	4	0.2988	0	0	-0.7159
29	4	0.2834	1	1	0.9311
29	4	0.3049	1	0	0.6734
29	4	0.4279	0	0	0.6541
29	4	0.2587	1	0	0.07594
29	4	0.1817	1	0	-0.354
29	4	0.1132	0	1	0.05455
29	4	0.9399	1	0	0.7053
29	4	0.7234	0	0	-0.08014
29	4	5.295	0	0	-0.3174
29	4	1.501	0	0	-0.1319
29	4	0.8766	0	0	0.1337
29	4	1.867	0	0	0.8112
29	4	0.5164	0	0	0.4709
29	4	0.3386	1	0	-0.5133
29	4	5.297	0	0	0.8386
29	4	5.272	1	1	1.007
29	4	2.014	0	0	-0.236
29	4	0.4916	1	1	-0.2723
29	4	0.06541	1	1	-1.421
29	4	5.468	1	1	0.6324
29	4	1.724	1	0	0.8409
29	4	5.156	1	1	-1.238
29	4	0.9141	0	0	-0.4393
29	4	0.8774	1	0	0.9332
29	4	0.353	1	0	1.18
29	4	2.121	1	1	-0.5457
29	4	0.3957	0	0	-1.701
29	4	1.62	0	0	-0.3037
29	4	0.947	0	0	0.8088
29	4	5.359	1	1	1.226
29	4	0.1752	0	0	-1.3
29	4	1.724	0	0	-0.6179
29	4	0.3631	0	0	-0.4974
29	4	0.299	1	0	-0.7977
29	4	0.5275	0	1	-0.7697
29	4	0.6312	1	1	2.211
29	4	1.976	0	0	1.507
29	4	0.7511	0	0	0.03976
29	4	5.588	1	1	0.6153
29	4	1.603	1	1	-0.3913
29	4	0.9062	1	1	-0.6796
29	4	1.74	1	1	-0.1669
29	4	5.203	1	1	-0.1037
29	4	0.4714	0	0	1.341
29	4	0.7889	0	0	3.11
29	4	0.5994	1	0	-0.1423
29	4	5.523	0	0	-1.238
29	4	5.734	1	1	-2.749
29	4	0.7982	0	0	-1.246
29	4	0.0547	0	0	-2.771
30	5	0.4339	0	0	-0.6587
30	5	5.429	0	0	-0.1713
30	5	1.752	0	0	0.03349
30	5	5.495	1	1	0.3685
30	5	0.175	0	0	-0.4152
30	5	5.347	0	0	1.396
30	5	0.5887	1	0	-1.192
30	5	0.5312	1	0	-1.161
30	5	0.5777	0	0	0.1651
30	5	0.3523	0	0	0.1573
30	5	1.095	0	0	0.1251
30	5	0.4066	1	0	-0.08274
30	5	1.88	0	0	0.4674
30	5	0.8186	0	0	-0.3583
30	5	0.1141	1	0	-0.3381
30	5	1.754	0	0	1.179
30	5	1.583	1	1	0.9874
30	5	0.9437	1	0	1.282
30	5	0.7964	1	1	0.13
30	5	0.8401	1	1	0.386
30	5	0.6899	1	1	1.284
30	5	0.6402	0	1	-0.463
30	5	1.802	1	1	0.8091
30	5	1.802	0	0	0.622
30	5	0.2252	1	0	0.5157
30	5	5.237	1	1	-1.349
30	5	0.6047	1	0	0.4876
30	5	0.262	0	0	1.296
30	5	1.852	1	1	-0.8672
30	5	5.222	1	1	-0.2593
30	5	0.5682	1	0	0.6174
30	5	5.376	1	1	-1.346
30	5	0.5617	0	0	-0.7964
30	5	0.2679	0	0	-1.257
30	5	0.255	1	1	-0.4126
30	5	2.117	0	1	-0.8275
30	5	2.003	0	0	0.5653
30	5	0.8052	0	0	1.03
30	5	5.435	0	0	0.7663
30	5	0.4131	1	1	1.41
30	5	1.766	1	1	-1.787
30	5	0.3385	0	1	0.8549
30	5	0.465	1	0	-1.738
30	5	0.4639	1	1	1.679
30	5	0.02016	0	0	-0.3735
30	5	5.744	1	1	-2.344
30	5	0.3726	1	0	0.1951
30	5	0.1324	1	0	1.636
30	5	5.446	0	0	0.4142
30	5	5.268	0	0	-3.368
31	5	0.5166	0	1	0.2891
31	5	1.864	0	0	-1.705
31	5	0.8582	0	0	-0.4837
31	5	0.6499	1	1	-0.1225
31	5	5.39	1	1	-0.418
31	5	0.2223	1	1	-0.2216
31	5	5.691	1	1	1.372
31	5	0.1876	1	0	0.69
31	5	5.506	1	1	0.01329
31	5	1.933	1	1	-0.5803
31	5	0.745	0	0	0.8735
31	5	1.958	1	1	-0.4384
31	5	0.8269	0	0	0.9931
31	5	0.7934	1	1	-0.4945
31	5	0.1999	0	0	-1.24
31	5	1.911	1	0	0.0182
31	5	0.2753	0	0	0.4188
31	5	5.471	0	0	1.582
31	5	1.859	1	0	1.383
31	5	0.4926	1	1	0.0643
31	5	0.9418	0	0	-0.2525
31	5	0.8221	0	0	0.7287
31	5	5.496	0	0	0.01269
31	5	0.4852	1	1	-0.3104
31	5	0.4768	1	1	0.1299
31	5	1.672	0	0	0.862
31	5	0.406	1	1	0.2033
31	5	1.895	1	1	-0.102
31	5	1.739	1	1	2.486
31	5	0.3568	0	0	0.4715
31	5	0.2174	0	1	0.2884
31	5	5.497	1	1	0.234
31	5	0.3442	1	1	-1.227
31	5	0.4925	1	0	-0.6477
31	5	0.8933	1	0	-0.6356
31	5	0.6935	0	0	1.29
31	5	1.595	0	0	0.4988
31	5	0.4307	0	1	0.1945
31	5	1.664	1	0	-0.1857
31	5	0.2505	0	0	-0.09903
31	5	0.3648	0	1	0.09703
31	5	0.322	0	0	-0.6243
31	5	5.321	0	0	0.3938
31	5	5.318	0	0	0.9829
31	5	5.375	1	1	2.597
31	5	0.5035	0	0	0.8047
31	5	0.1769	0	0	-0.186
31	5	5.342	0	0	-0.5186
31	5	0.908	1	1	0.6478
31	5	0.1411	1	0	-1.767
32	5	0.6756	0	1	0.2466
32	5	0.4084	0	1	-0.6388
32	5	1.844	0	0	0.3542
32	5	0.8504	1	1	0.1909
32	5	0.1242	0	0	-0.06828
32	5	0.2676	1	1	0.9649
32	5	5.576	0	0	0.8581
32	5	2.011	1	1	0.2332
32	5	1.005	1	1	0.1022
32	5	0.6383	0	0	-0.4485
32	5	0.1445	0	0	-0.876
32	5	0.9068	1	1	-0.3043
32	5	5.304	1	1	-0.9773
32	5	0.1151	0	1	1.14
32	5	0.4213	0	0	-1.183
32	5	1.898	1	0	-1.033
32	5	5.179	1	1	-0.671
32	5	0.8909	0	0	-0.9494
32	5	0.1245	1	0	1.568
32	5	0.4285	0	0	0.8876
32	5	1.853	0	0	0.996
32	5	0.06438	0	1	0.5194
32	5	0.09487	0	0	0.9628
32	5	0.03384	1	0	-0.5531
32	5	0.6505	1	0	-0.8486
32	5	0.9855	0	0	0.5165
32	5	1.141	1	0	1.629
32	5	5.479	1	1	0.4217
32	5	1.752	1	1	-0.6607
32	5	5.335	0	0	-0.8786
32	5	0.2544	1	0	-0.3826
32	5	5.359	1	1	0.5334
32	5	1.775	1	1	0.1767
32	5	0.7825	0	0	-1.202
32	5	0.8117	0	1	-0.8319
32	5	1.477	0	0	0.2245
32	5	0.323	0	1	-1.332
32	5	5.39	0	0	-1.748
32	5	0.3527	0	1	1.111
32	5	0.5414	0	1	2.018
32	5	1.815	1	1	0.7867
32	5	5.64	1	1	-0.04531
32	5	0.5102	0	1	-0.7748
32	5	1.77	1	0	0.3812
32	5	0.4839	0	0	-0.5557
32	5	1.758	1	0	-0.9415
32	5	0.05269	1	1	0.7634
32	5	5.462	1	1	1.369
32	5	5.43	1	1	0.4732
32	5	0.3839	1	0	-1.823
33	5	1.636	0	0	1.873
33	5	0.4102	0	0	1.166
33	5	1.048	0	1	1.437
33	5	5.466	1	1	1.228
33	5	0.01184	1	0	0.823
33	5	5.292	1	1	1.011
33	5	5.647	1	1	0.3461
33	5	5.645	1	1	-0.2882
33	5	1.766	1	1	-0.03541
33	5	1.018	0	0	0.07052
33	5	0.4506	0	0	0.8711
33	5	1.716	0	0	1.387
33	5	5.39	1	1	0.8952
33	5	0.3909	0	0	1.018
33	5	5.674	0	0	-0.8741
33	5	0.6502	1	0	-0.3047
33	5	1.063	0	0	0.4694
33	5	0.1468	0	0	-1.908
33	5	1.754	1	0	-0.5814
33	5	1.769	0	0	-0.1758
33	5	1.851	1	1	-0.09537
33	5	0.3526	0	0	1.23
33	5	0.257	0	0	0.7019
33	5	0.5939	1	0	-0.9758
33	5	0.1656	1	0	-2.501
33	5	5.417	0	0	0.7994
33	5	1.043	0	0	1.075
33	5	0.8842	0	0	1.571
33	5	5.574	0	0	0.3538
33	5	0.2437	0	0	1.362
33	5	0.407	1	0	0.461
33	5	0.3252	1	1	-1.484
33	5	1.974	1	1	-1.064
33	5	0.283	1	0	-0.8625
33	5	0.8272	0	0	-0.3943
33	5	0.05247	1	1	-1.387
33	5	1.767	1	0	-0.9658
33	5	5.464	1	1	-0.8668
33	5	1.655	1	0	0.5621
33	5	0.9604	0	0	0.2748
33	5	0.4172	1	0	-0.7775
33	5	0.8789	1	0	-0.4782
33	5	5.326	1	1	-1.104
33	5	0.2889	0	0	-1.934
33	5	0.5916	0	0	-0.4391
33	5	1.588	1	1	-0.478
33	5	0.3061	1	1	0.04439
33	5	0.9025	0	0	0.6443
33	5	0.7379	1	1	1.204
33	5	0.3232	0	0	-0.1923
34	5	5.7	1	1	1.722
34	5	1.847	0	0	0.3388
34	5	0.8816	0	0	1.097
34	5	0.1232	0	0	0.7347
34	5	1.779	1	1	0.2187
34	5	1.83	0	0	-0.808
34	5	0.3582	0	1	-0.1474
34	5	0.4443	0	0	1.181
34	5	1.845	0	0	0.7521
34	5	0.577	1	0	0.02555
34	5	0.6629	1	1	-0.8405
34	5	0.6122	1	0	-1.628
34	5	1.698	0	0	-0.528
34	5	0.9196	1	1	-1.087
34	5	5.296	0	0	1.087
34	5	0.9416	1	1	-0.2223
34	5	5.545	1	1	-1.502
34	5	0.2613	1	0	0.4034
34	5	0.4239	0	0	2.12
34	5	1.053	0	0	0.9613
34	5	1.774	0	1	-0.9515
34	5	1.821	0	0	0.4012
34	5	1.829	1	1	0.03262
34	5	0.6189	1	0	-0.2048
34	5	1.653	1	1	-0.2295
34	5	1.097	1	0	-1.551
34	5	0.6446	0	0	-0.58
34	5	0.9935	1	0	1.086
34	5	1.087	1	1	0.4492
34	5	1.895	1	1	-0.6929
34	5	5.502	0	0	0.3706
34	5	0.3684	0	0	-0.7809
34	5	5.387	1	1	-0.7672
34	5	0.8286	0	0	1.357
34	5	0.2329	1	0	0.3678
34	5	5.501	0	0	-0.1531
34	5	0.3322	0	0	-0.5196
34	5	5.429	1	1	-0.5803
34	5	5.472	0	0	0.01778
34	5	0.1309	0	1	-0.4355
34	5	0.4802	1	1	-0.6244
34	5	0.4895	0	1	-0.4629
34	5	0.3781	0	0	-0.9826
34	5	0.3239	0	0	-0.438
34	5	0.9476	1	1	1.124
34	5	5.221	1	1	0.7625
34	5	0.5651	1	0	-0.01179
34	5	0.3844	1	0	1.276
34	5	5.335	0	0	-1.098
34	5	0.004321	0	1	-1.669
35	5	5.606	0	0	0.3157
35	5	1.224	1	0	-0.4577
35	5	0.7846	0	0	-0.002422
35	5	1.02	1	1	0.2812
35	5	0.5131	0	0	0.7569
35	5	0.04896	0	1	0.2127
35	5	1.642	0	0	-1.502
35	5	0.2571	1	1	0.5374
35	5	0.5791	1	1	0.2416
35	5	0.2408	1	0	0.676
35	5	0.7787	1	1	0.7498
35	5	5.4	1	1	0.2545
35	5	0.3301	1	1	-0.08595
35	5	0.8093	0	0	0.2609
35	5	0.1449	0	0	-0.3731
35	5	2.107	0	0	-0.3273
35	5	5.409	1	1	0.3195
35	5	1.034	0	0	-0.4248
35	5	0.7683	1	0	-0.3748
35	5	5.353	0	0	-0.8286
35	5	5.334	0	0	0.2629
35	5	0.404	1	1	0.2711
35	5	0.1258	0	0	0.2702
35	5	0.4077	0	1	-0.2013
35	5	1.512	1	1	0.9394
35	5	0.2247	0	0	0.3443
35	5	0.9169	0	0	-0.715
35	5	1.786	1	1	1.5
35	5	1.825	0	0	-2.135
35	5	5.452	0	0	-0.3086
35	5	1.773	1	0	1.492
35	5	1.695	0	0	-1.953
35	5	0.7845	1	1	-0.396
35	5	1.944	0	0	-0.7945
35	5	0.4747	1	1	2.119
35	5	0.3229	1	0	-0.9978
35	5	0.2439	0	0	-1.143
35	5	1.761	1	1	-1.336
35	5	5.12	1	1	-2.128
35	5	5.41	0	0	0.01586
35	5	1.009	0	0	-0.1449
35	5	5.355	1	1	0.3037
35	5	0.9066	1	1	-0.8825
35	5	1.012	1	1	-1.757
35	5	0.03961	0	0	0.3967
35	5	0.28	1	0	-0.4256
35	5	0.1304	1	1	2.334
35	5	5.482	0	0	0.2223
35	5	0.3468	0	0	0.6382
35	5	1.759	1	1	-1.287
36	5	1.802	1	1	-1.128
36	5	0.904	0	0	0.674
36	5	0.8252	0	0	0.6657
36	5	5.206	0	0	-0.8096
36	5	0.08354	0	1	0.4147
36	5	0.3674	0	0	1.021
36	5	0.3704	0	0	-0.3811
36	5	0.182	0	1	0.8837
36	5	1.922	0	1	-0.7741
36	5	1.696	1	1	-0.9026
36	5	5.257	0	0	0.5764
36	5	0.1898	0	0	1.21
36	5	5.447	1	1	-0.01765
36	5	0.3526	1	0	0.1599
36	5	1.974	1	1	1.509
36	5	1.624	1	1	0.4187
36	5	5.266	1	1	0.07318
36	5	1.709	1	0	-1.563
36	5	5.237	0	0	-1.387
36	5	2.03	1	1	0.5393
36	5	0.5994	1	0	1.032
36	5	0.4421	1	1	2.88
36	5	1.026	1	1	-0.2788
36	5	0.1544	0	0	-0.3639
36	5	5.441	1	1	-0.8152
36	5	0.04867	1	0	-0.7218
36	5	0.2514	1	1	0.2053
36	5	0.9224	1	0	-0.2417
36	5	5.125	0	0	-0.9151
36	5	0.8321	0	1	0.7533
36	5	0.8909	1	0	0.9149
36	5	0.7676	0	0	-1.489
36	5	0.04933	1	1	0.8783
36	5	0.4655	0	0	-0.3072
36	5	5.157	0	0	-0.5255
36	5	0.4547	1	1	0.2829
36	5	5.352	1	1	-1.848
36	5	0.8473	1	0	0.5038
36	5	0.1955	0	1	0.4613
36	5	0.8761	1	1	-0.2655
36	5	0.7499	0	0	0.6835
36	5	2.002	1	1	-1.22
36	5	0.4032	1	0	0.124
36	5	0.3841	1	1	-0.3431
36	5	1.913	1	1	2.152
36	5	2.11	1	1	-0.8514
36	5	0.3658	0	0	-0.7167
36	5	0.08493	1	0	-0.8487
36	5	5.346	0	0	2.525
36	5	0.5273	0	0	-0.3885
37	5	5.652	1	1	0.8104
37	5	1.856	0	0	1.418
37	5	0.8832	1	0	-1.285
37	5	0.8558	1	0	-0.46
37	5	1.92	1	1	-0.8587
37	5	0.5143	1	0	-1.867
37	5	0.1609	1	1	-2.085
37	5	0.8452	0	0	-0.2889
37	5	5.528	1	1	0.1844
37	5	0.6214	0	0	0.7328
37	5	0.4477	0	0	-0.1157
37	5	5.284	0	0	-0.6201
37	5	1.737	0	0	0.5422
37	5	0.1164	1	0	0.6434
37	5	5.316	0	0	1.043
37	5	1.934	1	1	0.7873
37	5	1.09	0	1	0.422
37	5	1.729	1	1	-1.17
37	5	0.985	1	0	-1.541
37	5	5.499	1	1	-1.211
37	5	0.3389	1	0	0.6103
37	5	0.5998	0	0	-0.6302
37	5	0.203	0	1	0.4818
37	5	0.07248	1	0	-0.8206
37	5	5.488	0	0	-2.122
37	5	0.3493	0	0	-0.3118
37	5	0.5295	0	0	-0.5431
37	5	5.326	0	0	0.1449
37	5	0.2453	1	0	0.1734
37	5	0.2868	1	1	-3.258
37	5	0.5298	0	0	0.6329
37	5	0.2952	1	0	0.7117
37	5	1.685	0	0	-0.2786
37	5	1.839	1	1	0.9551
37	5	0.185	1	0	-0.6837
37	5	5.455	1	1	-0.9166
37	5	5.4	0	0	-0.7596
37	5	1.904	1	1	-0.115
37	5	1.839	1	1	-1.221
37	5	0.5016	1	0	0.7841
37	5	0.003594	1	1	0.7884
37	5	1.57	0	1	-0.5644
37	5	0.02604	0	1	0.02262
37	5	0.491	0	0	-0.6126
37	5	5.635	1	1	0.486
37	5	1.062	0	0	-0.8767
37	5	0.3114	0	1	0.09753
37	5	1.006	1	1	-0.8748
37	5	0.6125	1	1	-0.04949
37	5	0.8031	0	0	-0.9083
38	5	1.664	0	0	0.9268
38	5	5.298	0	0	1.045
38	5	1.81	1	1	0.7831
38	5	0.5805	0	1	0.9018
38	5	5.421	1	1	0.2409
38	5	5.397	0	0	-0.1301
38	5	0.3994	0	0	0.3125
38	5	1.863	1	1	-0.1987
38	5	0.4007	1	1	-1.342
38	5	0.8904	1	1	0.04782
38	5	5.377	0	0	0.5414
38	5	1.736	0	0	0.6883
38	5	0.4494	1	0	-0.9988
38	5	1.001	1	1	-0.3247
38	5	0.05209	0	0	-1.157
38	5	0.1417	1	0	1.043
38	5	5.423	1	1	1.404
38	5	1.728	0	0	0.9475
38	5	0.01353	1	1	-1.406
38	5	1.959	0	0	0.8595
38	5	5.231	1	1	-1.959
38	5	1.057	1	1	-0.7523
38	5	0.5998	1	0	-1.447
38	5	0.3692	1	1	1.029
38	5	1.899	1	1	1.332
38	5	5.525	1	1	-0.7497
38	5	1.072	1	0	0.8497
38	5	0.007262	1	0	-0.2993
38	5	0.3776	1	1	1.074
38	5	0.8727	1	0	0.692
38	5	1.197	0	0	0.7647
38	5	0.4966	1	0	1.661
38	5	1.682	0	0	0.3721
38	5	5.573	0	0	1.84
38	5	5.357	1	1	2.124
38	5	0.7154	1	1	0.1118
38	5	0.9041	1	0	0.06197
38	5	0.27	1	1	0.8823
38	5	0.3609	0	1	-0.1025
38	5	0.7622	1	0	-0.4904
38	5	1.463	0	0	-0.8642
38	5	0.3158	0	0	-0.4799
38	5	0.5987	1	0	-0.211
38	5	1.831	0	0	-0.5847
38	5	5.631	1	1	-0.2689
38	5	0.3275	0	0	-0.9755
38	5	0.00118	0	0	0.3646
38	5	0.562	0	0	2.586
38	5	1.079	0	0	-0.1265
38	5	0.3013	0	0	-1.454
39	5	0.2819	1	1	0.1103
39	5	0.3025	1	0	0.08573
39	5	0.4306	0	0	0.1528
39	5	0.2516	1	1	0.5167
39	5	0.1798	1	0	-0.0825
39	5	0.1147	0	0	0.6025
39	5	0.9373	1	0	-0.8344
39	5	0.7254	0	0	0.9675
39	5	5.296	0	0	-0.579
39	5	1.505	0	0	-0.3556
39	5	0.8784	0	0	-1.173
39	5	1.868	0	0	-0.6462
39	5	0.5174	0	0	-0.6866
39	5	0.3355	1	0	0.02972
39	5	5.299	0	0	-0.1856
39	5	5.27	1	1	-0.4445
39	5	2.019	0	0	1.463
39	5	0.4919	1	0	-0.238
39	5	0.06498	1	1	0.5953
39	5	5.465	1	1	0.09316
39	5	1.718	1	0	-0.1494
39	5	5.155	1	1	-0.9069
39	5	0.9147	0	0	0.6374
39	5	0.875	1	0	-0.2839
39	5	0.3528	1	0	0.9084
39	5	2.119	1	1	-0.2457
39	5	0.3965	0	0	-0.2857
39	5	1.622	0	0	-0.3294
39	5	0.9478	0	1	0.4283
39	5	5.355	1	1	0.7172
39	5	0.1764	0	0	0.7031
39	5	1.725	0	0	0.342
39	5	0.366	0	0	-0.276
39	5	0.2983	1	1	0.7468
39	5	0.5296	0	0	-0.1555
39	5	0.6303	1	0	-0.1151
39	5	1.978	0	0	-1.018
39	5	0.756	0	0	-1.159
39	5	5.584	1	1	-1.243
39	5	1.603	1	1	1.791
39	5	0.9038	1	0	1.461
39	5	1.736	1	1	3.052
39	5	5.201	1	1	1.491
39	5	0.4766	0	0	-0.6522
39	5	0.7893	0	0	-1.652
39	5	0.598	1	0	0.4222
39	5	5.524	0	0	-2.592
39	5	5.73	1	1	0.5082
39	5	0.7995	0	0	-1.311
39	5	0.05857	0	0	-1.1
40	6	0.401	0	0	0.2358
40	6	5.404	0	1	1.147
40	6	1.716	0	0	1.081
40	6	5.553	1	1	0.6889
40	6	0.1257	0	0	0.9486
40	6	5.309	0	0	-0.4571
40	6	0.6398	1	1	-0.5367
40	6	0.5853	1	1	0.09755
40	6	0.5413	0	0	0.1096
40	6	0.31	0	0	0.6958
40	6	1.058	0	0	-0.2748
40	6	0.4592	1	0	-0.8039
40	6	1.841	0	0	0.7465
40	6	0.7715	0	0	0.005315
40	6	0.1501	1	0	0.4306
40	6	1.709	0	0	-0.9672
40	6	1.638	1	1	-1.432
40	6	0.9926	1	1	-0.1966
40	6	0.8351	1	0	0.3953
40	6	0.8872	1	1	-0.5277
40	6	0.746	1	0	-0.6318
40	6	0.5879	0	0	0.05624
40	6	1.845	1	1	0.3454
40	6	1.769	0	0	0.6404
40	6	0.2866	1	1	1.429
40	6	5.298	1	1	-0.7808
40	6	0.6455	1	0	-2.181
40	6	0.2116	0	0	0.8085
40	6	1.902	1	1	1.389
40	6	5.267	1	1	-0.861
40	6	0.615	1	1	-1.13
40	6	5.443	1	1	-0.3103
40	6	0.9295	0	0	1.26
40	6	0.1396	0	1	2.358
40	6	0.3745	1	1	-0.6588
40	6	1.841	0	0	-0.127
40	6	1.672	0	0	1.345
40	6	1.02	0	0	1.145
40	6	5.404	0	0	-0.6196
40	6	0.4658	1	0	0.3077
40	6	1.816	1	1	0.8095
40	6	0.2936	0	0	-3.015
40	6	0.5169	1	0	0.05956
40	6	0.518	1	0	0.1008
40	6	0.01941	1	0	0.147
40	6	5.8	1	1	-2.126
40	6	0.4244	1	0	-3.231
40	6	0.2858	1	0	1.446
40	6	5.422	0	0	-0.2839
40	6	5.242	0	0	-3.12
41	6	0.4813	0	0	-1.074
41	6	1.824	0	0	-0.2578
41	6	0.8257	0	0	-0.7327
41	6	0.6955	1	0	-0.3748
41	6	5.44	1	1	-2.459
41	6	0.2628	1	0	0.1677
41	6	5.759	1	1	0.2094
41	6	0.2251	1	0	-2.566
41	6	5.563	1	1	1.25
41	6	0.7081	0	0	1.063
41	6	2	1	1	-0.5469
41	6	1.047	0	1	-0.7501
41	6	1.13	1	0	-0.008496
41	6	0.1593	0	1	0.4163
41	6	2.033	1	1	-0.3637
41	6	0.5149	0	0	-2.339
41	6	5.342	0	0	0.1502
41	6	1.679	1	1	0.8002
41	6	0.3963	1	0	0.5215
41	6	0.7874	0	0	0.4942
41	6	0.83	0	0	-1.309
41	6	5.479	0	0	0.6575
41	6	0.697	1	1	0.3423
41	6	0.8169	1	0	0.1627
41	6	1.756	0	0	-1.051
41	6	0.7368	1	1	-0.3413
41	6	1.824	1	1	-0.7278
41	6	1.817	1	1	-1.277
41	6	0.6281	0	0	2.616
41	6	0.05832	0	0	2.489
41	6	5.428	1	1	1.257
41	6	0.3298	1	1	0.1646
41	6	0.5447	1	1	-0.97
41	6	1.105	1	1	0.07966
41	6	0.8495	0	0	-0.4413
41	6	1.847	0	0	-1.425
41	6	0.001787	1	0	-0.2378
41	6	1.705	1	1	-1.11
41	6	0.08996	0	0	-0.05208
41	6	0.01888	0	1	0.09552
41	6	0.342	0	0	-0.3964
41	6	5.274	0	0	1.203
41	6	5.499	0	0	0.1533
41	6	5.455	1	1	-0.9341
41	6	0.4146	0	0	0.5467
41	6	0.06291	0	0	-1.075
41	6	5.484	0	0	1.045
41	6	0.8957	1	0	1.636
41	6	0.2434	1	1	-2.313
42	6	0.7514	0	0	-1.292
42	6	0.1829	0	1	-0.05617
42	6	1.828	0	0	-0.5389
42	6	0.9145	1	1	-0.3045
42	6	0.1222	0	1	0.8807
42	6	0.4995	1	1	1.362
42	6	5.286	0	0	0.9585
42	6	1.79	1	1	0.3622
42	6	0.8153	1	1	0.7291
42	6	0.8238	0	0	0.2381
42	6	0.02118	0	0	-1.531
42	6	0.8406	1	1	-0.3253
42	6	5.51	1	1	-0.6977
42	6	0.006929	0	1	-0.08168
42	6	0.1318	0	1	-0.8891
42	6	1.932	1	1	0.5139
42	6	5.435	1	1	0.2942
42	6	0.7369	0	0	0.5804
42	6	0.1358	1	1	0.0006199
42	6	0.09968	0	1	0.4807
42	6	1.733	0	0	1.32
42	6	0.4583	1	1	-0.6692
42	6	0.05818	1	1	-0.9521
42	6	0.2867	1	0	-0.4669
42	6	0.7593	1	1	-1.681
42	6	0.5895	0	0	-0.03628
42	6	0.799	1	1	-0.6194
42	6	5.682	1	1	-0.4563
42	6	1.827	1	1	0.8334
42	6	5.305	0	0	0.9323
42	6	0.4405	1	0	1.536
42	6	5.324	1	1	1.4
42	6	2.061	1	1	0.545
42	6	0.6539	0	0	-1.622
42	6	1.03	0	0	-0.6779
42	6	1.549	0	0	0.198
42	6	0.2009	0	0	-0.01124
42	6	5.172	0	0	-0.7518
42	6	0.2973	0	1	0.2565
42	6	0.3378	0	0	-0.9593
42	6	1.905	1	1	0.1997
42	6	5.442	1	1	-0.4321
42	6	0.4657	0	0	1.401
42	6	1.634	1	0	3.194
42	6	0.4427	0	0	0.2935
42	6	1.695	1	1	2.156
42	6	0.3436	1	1	-0.4633
42	6	5.371	1	1	-1.456
42	6	5.443	1	1	-1.409
42	6	0.6591	1	1	-4.566
43	6	1.939	0	0	-0.7315
43	6	0.04106	0	0	0.1585
43	6	0.6764	0	0	0.5351
43	6	5.458	1	1	0.7533
43	6	0.1901	0	1	-0.5617
43	6	5.647	1	1	0.132
43	6	5.411	1	1	0.1235
43	6	5.506	1	1	1.553
43	6	1.757	1	1	-0.807
43	6	0.53	0	0	0.7935
43	6	0.149	0	0	-0.2316
43	6	1.78	0	0	-0.7325
43	6	5.22	1	1	-1.425
43	6	0.4652	0	1	1.002
43	6	5.22	0	0	1.058
43	6	0.6781	1	0	0.6568
43	6	0.7375	0	0	1.762
43	6	0.1348	0	1	0.435
43	6	1.688	1	1	1.049
43	6	1.712	0	0	0.09693
43	6	1.84	1	1	-0.6619
43	6	0.5931	0	0	-0.8954
43	6	0.4146	0	0	0.6462
43	6	0.5146	1	0	0.8543
43	6	0.2069	1	1	0.1826
43	6	5.327	0	0	-0.6944
43	6	0.794	0	0	2.253
43	6	0.5121	0	0	-0.02197
43	6	5.365	0	0	-1.477
43	6	0.2878	0	0	0.1268
43	6	0.4151	1	1	2.534
43	6	0.2561	1	1	-0.003509
43	6	1.812	1	1	-0.5419
43	6	0.3844	1	0	-0.0293
43	6	0.7555	0	0	1.065
43	6	0.3865	1	1	-0.1606
43	6	1.685	1	0	-0.1551
43	6	5.591	1	1	-1.448
43	6	2.01	1	1	-0.8682
43	6	0.6577	0	1	-0.3611
43	6	0.4241	1	0	0.281
43	6	0.9422	1	1	0.2355
43	6	5.448	1	1	-0.2624
43	6	0.3505	0	0	0.8944
43	6	0.2504	0	0	0.8143
43	6	1.9	1	0	1.015
43	6	0.3316	1	1	1.139
43	6	0.77	0	0	1.571
43	6	1.038	1	1	0.6306
43	6	0.5146	0	0	-3.219
44	6	5.417	1	1	-2.43
44	6	1.791	0	0	0.7687
44	6	0.9529	0	0	0.7028
44	6	0.3782	0	1	-2.444
44	6	1.959	1	1	-0.03432
44	6	1.718	0	0	0.6629
44	6	0.381	0	1	-1.811
44	6	0.1118	0	0	-3.433
44	6	1.678	0	0	-0.9489
44	6	0.2289	1	1	1.156
44	6	0.5505	1	1	0.9355
44	6	0.3619	1	1	0.268
44	6	1.733	0	0	1.04
44	6	0.9791	1	1	-0.7701
44	6	5.225	0	0	-0.254
44	6	1.204	1	1	0.4797
44	6	5.75	1	1	0.4355
44	6	0.3575	1	0	0.4926
44	6	0.1231	0	0	0.9579
44	6	0.9047	0	0	0.1674
44	6	1.713	0	1	0.01822
44	6	1.684	0	0	-0.6917
44	6	2.109	1	0	1.351
44	6	0.749	1	1	0.4765
44	6	1.863	1	1	-0.7913
44	6	0.9585	1	1	-2.235
44	6	0.6348	0	0	-1.424
44	6	1.28	1	0	0.8931
44	6	1.039	1	1	1.108
44	6	1.926	1	1	-0.4541
44	6	5.359	0	0	0.8173
44	6	0.3697	0	0	1.252
44	6	5.694	1	1	-0.02033
44	6	0.643	0	0	0.5058
44	6	0.3432	1	0	-0.7218
44	6	5.232	0	0	-0.4924
44	6	0.4743	0	1	0.1843
44	6	5.371	1	1	0.7086
44	6	5.564	0	0	-0.2365
44	6	0.002576	0	1	0.07917
44	6	0.7639	1	0	-0.04238
44	6	0.4043	0	0	1.186
44	6	0.3405	0	0	1.277
44	6	0.2772	0	1	0.4232
44	6	0.9161	1	0	-2.148
44	6	5.415	1	1	-1.94
44	6	0.6313	1	1	0.3674
44	6	0.225	1	0	0.3482
44	6	5.262	0	0	0.4999
44	6	0.2448	1	0	-1.275
45	6	5.301	0	0	0.7878
45	6	0.847	1	0	0.2249
45	6	1.028	0	0	-0.2612
45	6	0.9621	1	1	-0.1639
45	6	0.4934	0	1	0.3914
45	6	0.3717	0	1	0.3862
45	6	1.826	0	0	-1.744
45	6	0.3604	1	1	0.4538
45	6	0.8394	1	1	0.7333
45	6	0.357	1	0	-0.8776
45	6	0.2627	1	1	0.68
45	6	5.541	1	1	-1.043
45	6	0.4804	1	0	0.753
45	6	0.5971	0	0	1.02
45	6	0.1224	0	0	1.032
45	6	1.899	0	0	0.4292
45	6	5.72	1	1	0.1515
45	6	1.042	0	0	-2.197
45	6	0.7539	1	1	-1.087
45	6	5.446	0	0	0.8134
45	6	5.462	0	0	1.016
45	6	0.7092	1	1	1.434
45	6	0.1164	0	0	0.8672
45	6	0.3825	0	0	0.5154
45	6	2.096	1	0	0.2035
45	6	0.1905	0	0	-1.792
45	6	0.9478	0	0	0.4578
45	6	1.766	1	1	1.337
45	6	1.767	0	0	-0.5608
45	6	5.456	0	0	-0.6089
45	6	1.587	1	1	-0.201
45	6	1.72	0	0	0.8002
45	6	0.9051	1	1	-0.5088
45	6	1.775	0	0	0.9952
45	6	0.5505	1	0	-0.4483
45	6	0.3196	1	1	1.816
45	6	0.2339	0	0	1.266
45	6	1.769	1	1	0.07389
45	6	5.405	1	1	-0.8989
45	6	5.309	0	0	-2.107
45	6	0.8901	0	0	0.316
45	6	5.414	1	1	-0.7731
45	6	0.9145	1	0	2.124
45	6	1.121	1	1	1.178
45	6	0.2207	0	0	-0.2865
45	6	0.2044	1	0	-0.8267
45	6	0.2348	1	0	-1.284
45	6	5.17	0	0	-1.539
45	6	0.2468	0	0	-0.1583
45	6	1.71	1	1	-1.257
46	6	1.963	1	0	-0.5459
46	6	0.7205	0	0	1.66
46	6	0.5443	0	1	1.175
46	6	5.162	0	0	-0.8944
46	6	0.1045	0	1	-1.157
46	6	0.5443	0	0	-1.586
46	6	0.2987	0	0	0.863
46	6	0.1624	0	1	-1.091
46	6	1.696	0	0	0.5793
46	6	1.729	1	1	0.1991
46	6	5.041	0	0	-0.7886
46	6	0.08172	0	0	-1.202
46	6	5.675	1	1	0.8625
46	6	0.4921	1	1	0.4788
46	6	1.805	1	1	1.676
46	6	1.617	1	0	1.182
46	6	5.552	1	1	-0.486
46	6	1.936	1	0	0.8529
46	6	5.324	0	0	0.5971
46	6	1.813	1	1	-1.433
46	6	0.5156	1	1	-0.1876
46	6	0.4813	1	0	-0.05556
46	6	0.9196	1	1	0.5574
46	6	0.4813	0	0	1.062
46	6	5.556	1	1	1.153
46	6	0.1639	0	0	-0.4945
46	6	0.2374	1	1	-0.3296
46	6	1.346	1	1	0.8561
46	6	5.375	0	0	2.339
46	6	0.9589	0	0	-2.567
46	6	0.7035	1	0	0.6506
46	6	0.7768	0	0	0.1065
46	6	0.1915	0	0	-1.027
46	6	0.2038	0	0	1.867
46	6	5.429	0	0	-0.8719
46	6	0.3209	1	0	-0.3951
46	6	5.749	1	1	-0.7099
46	6	1.138	1	0	0.195
46	6	0.07896	0	0	-0.21
46	6	1.052	1	1	-0.1691
46	6	0.8473	0	0	0.6603
46	6	1.923	1	1	-0.3344
46	6	0.3526	1	0	1.084
46	6	0.648	1	1	-1.832
46	6	1.807	1	1	0.6247
46	6	2.06	1	0	1.675
46	6	0.3136	0	0	0.9656
46	6	0.02944	1	0	0.4274
46	6	5.311	0	0	-0.4111
46	6	0.3761	0	0	-1.644
47	6	5.555	1	1	-0.7547
47	6	1.585	0	0	-0.6535
47	6	1.043	1	1	-0.1228
47	6	1.038	1	1	-0.1041
47	6	1.892	1	1	0.2808
47	6	0.6466	1	1	-0.3467
47	6	0.4027	1	1	0.5625
47	6	0.8877	0	0	0.2168
47	6	5.931	1	1	-0.5825
47	6	0.3134	0	0	0.1802
47	6	0.3988	0	0	0.0659
47	6	5.055	0	0	0.6033
47	6	1.707	0	0	0.2392
47	6	0.1895	1	0	1.053
47	6	5.375	0	0	0.3072
47	6	2.075	1	1	-0.8838
47	6	0.8213	0	0	-0.3791
47	6	1.509	1	1	0.7969
47	6	0.9158	1	1	1.649
47	6	5.596	1	1	1.475
47	6	0.5499	1	0	0.3006
47	6	0.8876	0	0	-1.273
47	6	0.04046	1	0	-0.2105
47	6	0.2433	0	0	-0.3697
47	6	5.247	0	0	-0.7892
47	6	0.05987	0	0	0.3498
47	6	1.023	0	0	-0.8562
47	6	5.443	0	0	-2.287
47	6	0.05801	1	0	0.7535
47	6	0.1845	1	0	0.5184
47	6	0.1039	0	1	1.077
47	6	0.342	1	0	0.7426
47	6	1.786	0	0	2.069
47	6	1.87	1	1	0.3904
47	6	0.3762	1	0	1.325
47	6	5.499	1	1	-0.3366
47	6	5.466	0	0	0.3066
47	6	1.784	1	1	0.1495
47	6	2.027	1	1	-1.355
47	6	0.5018	1	0	0.3796
47	6	0.216	0	0	0.7236
47	6	1.651	0	0	0.3434
47	6	0.2899	0	0	-0.3306
47	6	0.5507	0	0	-0.711
47	6	5.623	1	1	0.2925
47	6	0.6831	0	0	-0.2695
47	6	0.3055	0	0	0.5598
47	6	0.8428	1	1	-2.575
47	6	0.9713	1	0	-2.214
47	6	0.723	0	1	-2.102
48	6	1.53	0	0	-0.4766
48	6	5.464	0	0	-0.9209
48	6	1.67	1	0	-0.3602
48	6	0.713	0	1	0.2152
48	6	5.563	1	1	0.8099
48	6	5.334	0	0	0.5561
48	6	0.6669	0	1	0.4985
48	6	2.147	1	1	0.224
48	6	0.4824	1	1	-0.09216
48	6	0.7934	1	0	-0.7456
48	6	5.103	0	0	-0.5971
48	6	1.632	0	0	-0.4426
48	6	0.6169	1	1	-1.539
48	6	1.094	1	1	0.5494
48	6	0.3552	0	0	0.8112
48	6	0.1897	0	0	0.6554
48	6	5.725	1	1	0.7797
48	6	1.732	0	0	-0.1315
48	6	0.02248	1	0	-1.675
48	6	1.741	0	1	-1.648
48	6	5.428	1	1	-1.484
48	6	0.8433	1	0	1.355
48	6	0.5049	1	1	1.878
48	6	0.1425	1	0	1.825
48	6	1.933	1	1	0.9533
48	6	5.283	1	1	-0.02629
48	6	0.8613	1	0	-0.5422
48	6	0.2193	0	0	-0.9187
48	6	0.2239	1	0	-1.207
48	6	0.3954	1	1	1.038
48	6	0.7408	0	0	0.04916
48	6	0.4798	1	0	0.741
48	6	1.749	0	0	-0.3001
48	6	5.378	0	0	0.03534
48	6	5.691	1	1	-1.158
48	6	1.036	1	1	0.2986
48	6	0.9698	1	1	0.3884
48	6	0.3383	1	0	1.291
48	6	0.5685	0	0	0.3792
48	6	0.7928	1	1	-0.5856
48	6	1.56	0	0	0.02719
48	6	0.05179	0	0	-0.4864
48	6	0.6177	1	0	0.046
48	6	1.712	0	0	0.7987
48	6	5.392	1	1	0.03675
48	6	0.3245	0	0	-0.2392
48	6	0.1315	1	1	0.5416
48	6	0.2812	0	0	1.736
48	6	0.6381	0	0	0.4967
48	6	0.2583	0	0	-1.176
49	6	0.3617	1	0	-0.6455
49	6	0.5416	1	0	-0.2054
49	6	0.1868	0	0	-0.2768
49	6	0.1026	1	0	-0.3366
49	6	0.4479	1	0	0.5911
49	6	0.09827	0	1	0.8636
49	6	1.037	1	1	0.9748
49	6	0.7079	0	0	0.8435
49	6	5.329	0	0	0.4057
49	6	1.743	0	0	-0.3941
49	6	0.7078	0	0	0.1682
49	6	1.786	0	0	-0.2516
49	6	0.4951	0	0	0.7646
49	6	5.16	0	0	0.566
49	6	5.299	1	1	0.3742
49	6	1.965	0	0	0.6992
49	6	0.5464	1	0	0.5872
49	6	0.1062	1	1	0.8425
49	6	5.533	1	1	-0.5019
49	6	1.77	1	1	0.9849
49	6	5.22	1	1	-1.357
49	6	0.8741	0	0	-0.9125
49	6	0.9276	1	1	1.304
49	6	0.3995	1	1	-1.567
49	6	2.17	1	1	0.4406
49	6	0.3464	0	0	0.7874
49	6	1.58	0	0	0.289
49	6	0.9106	0	0	-1.548
49	6	5.361	1	1	-1.606
49	6	0.1565	0	1	-1.328
49	6	1.691	0	0	1.591
49	6	0.3265	0	0	1.044
49	6	0.3461	1	1	0.3888
49	6	0.4892	0	0	0.9069
49	6	0.6717	1	0	-0.4176
49	6	1.857	0	1	-0.02772
49	6	0.9362	0	1	2.308
49	6	5.471	1	1	-0.393
49	6	1.933	1	1	-1.363
49	6	1.13	1	0	1.363
49	6	1.877	1	1	2.335
49	6	5.319	1	1	-0.5084
49	6	0.5191	0	0	-0.8833
49	6	0.5202	0	0	0.3397
49	6	0.3392	1	0	1.196
49	6	5.342	0	0	-0.03972
49	6	5.39	1	1	-1.523
49	6	0.9189	0	1	-1.57
49	6	0.2661	0	0	-1.273
