0	2	0.7528	0	1	0.2301	0.7461
0	2	1.54	1	0	-0.51	-0.7016
0	2	0.915	0	0	0.4178	-0.6013
0	2	0.8684	0	0	0.3301	0.6401
0	2	0.5379	1	1	0.2597	2.094
0	2	0.2397	1	1	-0.2168	1.156
0	2	5.532	1	1	0.4452	-0.4591
0	2	0.3542	1	1	0.4703	0.6671
0	2	0.4232	0	0	0.1433	-0.5769
0	2	0.6278	1	1	0.1022	-0.7275
0	2	0.5659	1	0	0.5352	-0.5055
0	2	5.255	0	0	0.04959	-1.035
0	2	0.3636	0	0	0.358	-0.8342
0	2	1.753	1	0	0.2942	1.047
0	2	1.673	1	1	0.06675	0.3016
0	2	5.301	0	0	0.2041	-0.8342
0	2	1.681	0	1	0.149	-0.3476
0	2	0.956	1	1	0.009329	-0.2417
0	2	5.572	1	1	-0.08958	-1.096
0	2	5.323	0	0	0.0009878	-1.325
0	2	0.2953	0	1	0.1647	1.664
0	2	1.801	1	1	-0.2315	-1.36
0	2	0.7069	1	1	-0.2327	1.444
0	2	0.2938	1	1	-0.921	0.4256
0	2	0.31	1	1	0.1223	-0.7016
0	2	5.299	1	1	0.01207	-0.7275
0	2	1.675	0	0	-0.07333	0.1356
0	2	0.3882	0	1	-0.371	1.368
0	2	0.6571	1	1	0.321	-1.191
0	2	0.9393	1	1	-0.329	1.036
0	2	0.437	0	1	0.09389	-0.9179
0	2	0.2997	0	1	0.1348	-0.3476
0	2	0.4271	1	1	0.2258	0.9552
0	2	1.792	0	0	0.6007	-0.1409
0	2	0.883	0	0	-0.2803	1.73
0	2	1.887	0	1	0.2079	1.444
0	2	0.8658	1	1	-0.03957	-0.2417
0	2	1.92	1	1	-0.04706	-0.4822
0	2	5.206	1	1	0.6953	-0.7537
0	2	0.555	0	1	-0.04467	0.2532
0	2	0.07599	1	1	-0.06267	0.4406
0	2	0.07125	0	1	0.002718	1.145
0	2	0.9732	1	1	-0.2197	1.57
0	2	5.386	0	0	-0.09148	-0.2417
0	2	0.352	1	1	0.2141	-0.5055
0	2	5.321	0	0	-0.2265	-1.291
0	2	5.271	0	0	0.662	-1.744
0	2	1.566	0	1	-0.5768	1.28
0	2	0.4346	1	0	-0.5124	-0.1806
0	2	0.9024	0	0	-0.996	-1.431
1	2	1.806	1	1	0.4902	0.625
1	2	5.387	0	0	-0.9192	-1.067
1	2	0.2271	1	1	0.5708	-0.7813
1	2	1.806	1	1	0.356	0.9954
1	2	0.2173	0	0	-0.6221	-0.2754
1	2	5.387	0	0	1.891	-0.6199
1	2	0.2271	1	1	0.5117	1.247
1	2	0.442	0	1	-1.746	-0.1217
1	2	0.442	0	1	0.9668	2.254
1	2	0.442	0	1	-1.625	1.139
1	2	0.2271	1	1	0.01838	2.343
1	2	5.387	0	0	-0.4978	-0.6199
1	2	1.806	1	1	-0.5543	-0.3292
1	2	0.442	0	1	0.04424	-0.4697
1	2	1.806	1	1	0.2347	-0.1466
1	2	0.8946	0	1	1.071	-0.6513
1	2	5.387	0	0	-1.283	-0.7813
1	2	5.404	1	1	-0.3739	-0.7813
1	2	0.8946	0	0	0.4096	1.843
1	2	0.4631	1	1	-0.1174	0.8579
1	2	0.2271	1	1	0.2824	0.517
1	2	5.404	1	1	1.315	1.125
1	2	0.9165	1	1	0.6989	-0.3843
1	2	0.2173	0	1	0.9158	1.363
1	2	5.404	1	1	1.082	-0.4409
1	2	0.9165	1	1	0.09487	-0.223
1	2	0.2173	0	0	0.2749	0.221
1	2	5.387	0	0	-0.3485	-0.3292
1	2	5.404	1	1	1.374	-0.7813
1	2	0.4631	1	0	0.3082	0.9201
1	2	0.8946	0	0	-0.5243	-0.3292
1	2	0.4631	1	1	2.4	0.09032
1	2	0.2271	1	1	-0.2513	-1.309
1	2	1.797	0	0	1.736	-0.2754
1	2	1.797	0	0	-0.9467	-0.3843
1	2	0.9165	1	1	-0.6295	-0.4409
1	2	0.4631	1	1	0.6558	1.853
1	2	0.9165	1	0	0.839	-0.1466
1	2	0.4631	1	1	-0.8188	-1.067
1	2	0.2173	0	1	0.6785	1.72
1	2	0.8946	0	0	-2.403	0.677
1	2	0.2173	0	0	-1.65	-0.748
1	2	0.442	0	0	0.4664	-1.267
1	2	1.806	1	1	-0.2006	-0.8842
1	2	1.806	1	1	-3.102	-0.9555
1	2	1.806	1	1	-0.8178	1.039
1	2	1.797	0	0	1.119	-1.267
1	2	0.8946	0	0	0.04435	-1.267
1	2	0.8946	0	1	1.213	-0.4989
1	2	5.387	0	0	-2.379	-1.185
2	2	1.797	0	0	0.9637	-0.8425
2	2	1.806	1	1	-0.2442	-0.5089
2	2	0.2173	0	0	-0.8224	0.7886
2	2	0.8946	0	1	0.3742	0.6745
2	2	0.9165	1	1	-0.1786	3.205
2	2	0.442	0	0	-0.4363	-0.7429
2	2	5.404	1	1	0.8431	-0.3775
2	2	0.2173	0	0	0.8855	0.3008
2	2	0.8946	0	0	1.539	-0.1716
2	2	0.2173	0	0	1.98	-0.4644
2	2	0.2173	0	0	1.076	-0.6469
2	2	1.797	0	0	0.6579	2.527
2	2	5.387	0	0	1.402	-0.8936
2	2	0.442	0	1	1.25	0.3339
2	2	0.2173	0	1	0.7247	1.954
2	2	5.387	0	0	-0.9804	-0.7429
2	2	0.442	0	1	1.278	0.09282
2	2	0.4631	1	0	0.5165	0.5555
2	2	0.2173	0	0	2.98	0.05657
2	2	5.404	1	1	0.8806	-0.2116
2	2	5.404	1	1	2.527	-0.05515
2	2	0.8946	0	1	2.379	0.4628
2	2	0.9165	1	1	-0.5919	2.527
2	2	0.4631	1	1	1.763	-0.4206
2	2	0.9165	1	1	0.7195	-0.3351
2	2	0.9165	1	1	0.304	-0.6469
2	2	0.4631	1	1	0.7709	-0.9989
2	2	5.387	0	0	0.5245	-0.8936
2	2	5.404	1	1	0.7427	-0.9989
2	2	1.806	1	1	-0.6539	-0.6001
2	2	0.2271	1	0	0.3669	1.343
2	2	1.806	1	1	0.2373	0.1639
2	2	0.4631	1	1	-1.738	-1.108
2	2	5.404	1	1	0.4447	-0.5541
2	2	0.4631	1	1	-2.031	-0.4206
2	2	0.8946	0	0	-0.08552	-0.1716
2	2	1.797	0	0	1.542	-0.2116
2	2	5.404	1	1	-1.474	0.1639
2	2	1.806	1	1	2.384	-0.5541
2	2	0.9165	1	1	-0.2035	0.3991
2	2	0.2271	1	1	-0.3664	-0.6945
2	2	1.797	0	1	1.648	0.525
2	2	0.9165	1	1	1.298	-1.053
2	2	0.2271	1	0	-0.9433	-0.4644
2	2	0.442	0	1	-0.9311	-0.0174
2	2	5.387	0	0	0.06307	-1.664
2	2	0.2173	0	1	0.1102	-0.9457
2	2	0.442	0	1	-1.251	1.541
2	2	1.806	1	1	-1.565	0.09282
2	2	1.797	0	1	-0.6713	0.7035
3	2	0.8946	0	1	1.511	1.061
3	2	0.8946	0	0	0.7991	-0.2548
3	2	0.2271	1	1	-0.05947	-0.9154
3	2	0.9165	1	1	-0.9063	1.415
3	2	1.806	1	1	0.2998	1.038
3	2	1.797	0	0	0.5298	-0.9154
3	2	0.442	0	1	0.2742	1.244
3	2	0.2173	0	1	0.6164	0.7115
3	2	0.9165	1	1	2.612	-0.146
3	2	0.8946	0	0	-0.05624	-0.8242
3	2	0.4631	1	1	-0.2819	0.8158
3	2	0.2173	0	1	-0.3921	-0.5256
3	2	5.404	1	1	-1.497	-0.7357
3	2	5.387	0	0	-0.6368	-0.8695
3	2	0.4631	1	1	0.603	-0.7357
3	2	1.797	0	0	0.3668	0.9655
3	2	5.387	0	0	-0.5783	-1.058
3	2	1.797	0	1	-1.022	-1.59
3	2	5.387	0	0	-0.4541	-1.963
3	2	0.9165	1	1	0.8378	1.131
3	2	0.2271	1	1	-0.5605	1.014
3	2	0.442	0	1	-1.479	-0.4065
3	2	5.387	0	0	-2.176	-0.2181
3	2	5.404	1	1	-0.5285	-0.8242
3	2	5.404	1	1	-0.7258	0.6849
3	2	0.442	0	0	-0.6843	-0.3297
3	2	1.806	1	1	2.149	-1.157
3	2	0.2271	1	1	0.6876	1.436
3	2	5.387	0	0	-0.2559	-0.7796
3	2	0.2173	0	1	0.3278	0.158
3	2	0.2271	1	1	-0.1599	0.8916
3	2	0.8946	0	1	-0.4734	-0.1106
3	2	5.387	0	0	-0.7165	-1.058
3	2	0.2271	1	0	0.3183	0.8413
3	2	0.2271	1	1	-1.275	0.3444
3	2	1.806	1	1	-2.331	0.02678
3	2	1.797	0	1	-0.2269	-0.4854
3	2	0.4631	1	1	-0.005421	0.7115
3	2	0.4631	1	1	0.4485	-0.8242
3	2	0.8946	0	0	-0.8098	-0.2181
3	2	0.4631	1	1	1.19	3.386
3	2	0.4631	1	1	0.05253	-0.6925
3	2	0.2173	0	1	-0.5225	0.09313
3	2	1.797	0	1	-1.368	0.4911
3	2	0.4631	1	1	1.087	-1.208
3	2	1.797	0	1	0.5403	-1.058
3	2	1.797	0	0	-0.8147	-0.6079
3	2	0.9165	1	1	0.2045	0.8158
3	2	0.9165	1	1	0.3703	1.108
3	2	5.404	1	1	0.07157	0.1257
4	2	0.4631	1	1	1.512	-0.1368
4	2	0.2271	1	0	-1.648	-1.43
4	2	0.442	0	1	-1.009	-0.04396
4	2	0.2173	0	0	0.6768	1.886
4	2	5.387	0	0	-0.492	-0.9061
4	2	1.797	0	0	0.8298	1.8
4	2	1.806	1	1	0.4417	3.014
4	2	0.442	0	0	-0.5764	0.6186
4	2	0.4631	1	1	0.3292	0.841
4	2	1.806	1	1	0.7267	-0.7401
4	2	0.2271	1	1	-1.6	-0.9494
4	2	0.2173	0	1	-1.568	0.6647
4	2	1.797	0	0	0.8986	-0.7401
4	2	5.387	0	0	0.6752	-1.538
4	2	1.806	1	1	-0.3571	-0.7805
4	2	0.4631	1	1	-0.5946	0.07463
4	2	0.8946	0	0	-0.8343	0.7544
4	2	0.2173	0	1	0.446	-0.07451
4	2	5.387	0	0	0.5161	-0.6224
4	2	0.4631	1	1	1.879	-0.3334
4	2	1.806	1	1	-2.296	0.3743
4	2	5.404	1	1	-2.225	-0.04396
4	2	5.404	1	1	-0.5503	-0.9935
4	2	0.8946	0	0	1.24	-0.2661
4	2	0.8946	0	0	-0.8077	0.2695
4	2	1.797	0	0	1.175	-0.07451
4	2	1.797	0	1	2.541	0.2961
4	2	0.4631	1	1	0.5729	-0.4026
4	2	5.404	1	1	-0.4168	-0.4379
4	2	0.4631	1	1	-0.3325	-1.038
4	2	0.9165	1	0	-0.1639	0.6874
4	2	0.2173	0	0	-0.9205	-0.1685
4	2	0.9165	1	0	0.458	-0.2661
4	2	0.9165	1	1	0.08099	-0.5844
4	2	0.9165	1	1	0.001472	2.661
4	2	0.4631	1	1	1.182	0.16
4	2	1.806	1	1	-0.3754	1.982
4	2	1.797	0	0	-1.037	0.8622
4	2	0.2173	0	0	-1.197	-0.7002
4	2	5.404	1	1	1.075	-0.661
4	2	0.9165	1	1	-0.3656	1.573
4	2	0.2173	0	1	0.1871	-0.547
4	2	0.4631	1	1	-0.18	-0.9061
4	2	0.2173	0	1	0.8844	-0.07451
4	2	5.387	0	0	0.5438	-0.9494
4	2	5.387	0	0	-2.137	-0.2661
4	2	0.2173	0	0	-0.8647	-1.038
4	2	0.8946	0	0	0.5585	-0.7401
4	2	5.404	1	1	-3.114	0.1034
4	2	0.8946	0	1	1.798	-0.1685
5	2	1.806	1	1	1.977	-0.5229
5	2	0.9165	1	1	0.3482	-0.02219
5	2	1.797	0	0	-1.112	-0.414
5	2	1.806	1	1	-0.2098	1.287
5	2	0.9165	1	1	1.002	-0.5984
5	2	0.8946	0	0	-1.631	-0.5229
5	2	1.797	0	1	-1.769	-0.5984
5	2	1.806	1	1	0.6942	-0.1142
5	2	0.9165	1	1	0.4775	2.21
5	2	0.2173	0	1	-0.09844	0.2072
5	2	1.797	0	0	-0.5539	-0.9269
5	2	1.797	0	0	0.4236	0.4413
5	2	0.2271	1	1	1.209	-0.7163
5	2	0.442	0	1	-0.6177	-0.7163
5	2	0.4631	1	1	1.608	-0.3787
5	2	0.442	0	0	-2.06	0.2072
5	2	1.797	0	0	1.458	-0.7983
5	2	5.387	0	0	0.1108	-0.8833
5	2	1.797	0	0	-0.7997	-0.8833
5	2	0.2173	0	0	0.2939	0.4413
5	2	5.404	1	1	0.4197	-0.7983
5	2	0.8946	0	1	-0.7525	0.6316
5	2	5.387	0	0	-0.7707	-1.257
5	2	0.442	0	1	-0.403	-0.5984
5	2	0.8946	0	0	1.227	1.144
5	2	0.2271	1	1	-0.8843	-0.757
5	2	0.4631	1	0	-0.3295	1.338
5	2	5.387	0	0	-1.622	-1.017
5	2	0.9165	1	0	-0.841	1.729
5	2	5.387	0	0	0.9895	-1.017
5	2	0.2271	1	1	-2.321	2.126
5	2	0.4631	1	1	0.4384	0.6544
5	2	0.2173	0	1	-0.7328	-0.486
5	2	5.387	0	0	-0.6967	-1.308
5	2	5.404	1	1	1.618	-0.3787
5	2	0.2173	0	1	-2.346	0.4659
5	2	5.404	1	1	-0.9899	0.03726
5	2	0.4631	1	1	1.255	-0.1457
5	2	0.442	0	1	1.478	-0.414
5	2	0.2173	0	0	-0.3503	1.338
5	2	0.2271	1	1	0.09844	-0.8833
5	2	0.4631	1	1	0.8921	-0.414
5	2	5.404	1	1	-0.2022	-0.486
5	2	1.806	1	0	1.941	0.6544
5	2	0.442	0	1	-0.167	2.57
5	2	0.8946	0	0	-1.076	-0.4497
5	2	0.2271	1	0	0.1754	-1.524
5	2	0.9165	1	1	0.4055	-0.414
5	2	5.404	1	1	1.087	1.304
5	2	0.9165	1	1	-0.5258	1.656
6	2	0.2271	1	1	2.49	-0.2061
6	2	1.797	0	0	-1.272	-2.422
6	2	0.2173	0	1	-1.018	-0.6468
6	2	0.2173	0	1	0.04528	1.274
6	2	5.387	0	0	-0.7822	0.2917
6	2	1.806	1	0	1.026	0.8309
6	2	5.404	1	1	1.304	0.2308
6	2	1.806	1	1	0.163	1.65
6	2	1.797	0	0	0.4108	1.04
6	2	5.387	0	0	0.1921	-0.736
6	2	0.442	0	1	-0.2331	2.901
6	2	0.2173	0	0	1.23	-0.8285
6	2	5.404	1	1	0.5406	1.106
6	2	0.2271	1	0	-2.119	1.77
6	2	0.9165	1	1	-0.5591	-0.3188
6	2	0.2271	1	1	-0.143	0.005072
6	2	0.4631	1	1	0.263	-0.1337
6	2	0.2173	0	0	0.471	-0.5187
6	2	0.9165	1	1	-0.6316	-0.1337
6	2	5.404	1	1	-2.453	-1.237
6	2	1.797	0	0	-0.3525	0.466
6	2	5.404	1	1	-1.869	-0.6468
6	2	0.4631	1	1	1.747	0.1684
6	2	1.797	0	0	-0.9336	-0.06335
6	2	0.2271	1	1	-1.259	-1.076
6	2	1.797	0	1	1.093	0.03859
6	2	0.8946	0	1	-0.2497	-0.736
6	2	0.2271	1	1	-0.1005	2.111
6	2	0.2271	1	1	0.1375	0.2308
6	2	1.806	1	1	0.5059	-0.8285
6	2	0.9165	1	1	-0.5081	-1.351
6	2	0.9165	1	1	1.885	-0.691
6	2	0.442	0	1	0.6653	0.1998
6	2	1.797	0	0	-1.689	-0.736
6	2	5.404	1	1	-0.2147	-0.4368
6	2	0.442	0	0	0.1819	0.6551
6	2	0.442	0	0	-2.685	-0.6468
6	2	0.8946	0	0	-0.5317	1.191
6	2	0.442	0	1	0.1853	-0.8285
6	2	0.8946	0	1	-0.2377	0.6289
6	2	0.4631	1	0	-0.9089	-0.2431
6	2	1.797	0	0	-1.546	-0.02891
6	2	0.9165	1	1	1.41	-0.8761
6	2	5.404	1	1	0.8872	-0.3188
6	2	0.442	0	1	-1.744	1.314
6	2	0.4631	1	1	0.6413	1.334
6	2	0.8946	0	0	-0.4726	-0.6468
6	2	5.387	0	0	-0.8924	-0.5187
6	2	0.8946	0	0	0.107	-0.5607
6	2	5.404	1	1	0.2772	-1.024
7	2	0.9165	1	0	0.5535	0.7429
7	2	5.387	0	0	1.174	-0.5063
7	2	1.806	1	1	0.4234	0.05361
7	2	0.2173	0	1	0.9004	-0.6033
7	2	1.806	1	1	-0.3656	-0.8614
7	2	5.387	0	0	-0.3342	-0.8079
7	2	0.2173	0	0	-0.2966	-1.086
7	2	5.404	1	1	0.4316	-0.6033
7	2	5.387	0	0	-0.6236	-0.7037
7	2	0.2173	0	0	-1.494	-1.029
7	2	0.2271	1	0	0.8593	0.05361
7	2	0.2271	1	1	0.317	-0.2776
7	2	0.4631	1	1	1.111	-0.3219
7	2	0.442	0	1	-0.6703	-0.4591
7	2	0.2173	0	0	0.9749	1.168
7	2	0.4631	1	1	-0.8189	2.264
7	2	0.4631	1	1	0.4259	0.1684
7	2	0.9165	1	1	0.3991	0.8331
7	2	0.9165	1	0	-0.893	-1.146
7	2	0.4631	1	1	0.6933	-0.234
7	2	0.8946	0	1	-0.3727	-0.6033
7	2	1.797	0	0	1.12	-0.1488
7	2	0.8946	0	1	0.8666	-0.7037
7	2	0.4631	1	1	0.9858	2.334
7	2	0.9165	1	0	0.456	-0.3669
7	2	1.806	1	1	-1.668	-0.916
7	2	5.404	1	1	0.8668	-0.4591
7	2	0.2271	1	0	1.063	-0.5544
7	2	0.9165	1	1	1.549	2.21
7	2	1.797	0	1	1.17	0.2056
7	2	0.2173	0	1	-1.6	-0.5544
7	2	5.387	0	0	-0.2464	-0.7037
7	2	1.797	0	0	0.05221	-0.653
7	2	5.387	0	0	0.4472	-0.3219
7	2	5.404	1	1	1.228	-0.2776
7	2	5.404	1	1	1.704	0.4193
7	2	1.797	0	1	-2.063	-0.5063
7	2	0.8946	0	0	0.4753	2.583
7	2	0.9165	1	1	-2.183	0.05361
7	2	1.797	0	0	-0.4774	-0.3669
7	2	0.8946	0	0	-0.2875	0.05361
7	2	0.442	0	1	0.02188	0.1684
7	2	0.4631	1	1	1.185	-0.8079
7	2	0.442	0	1	-1.175	2.155
7	2	0.2271	1	1	-0.1618	0.8331
7	2	0.4631	1	1	-0.1553	-1.67
7	2	1.797	0	1	-1.783	-0.7553
7	2	5.387	0	0	0.3046	1.49
7	2	1.797	0	0	-0.3988	1.168
7	2	0.2271	1	1	0.6266	0.05361
8	2	1.806	1	1	-0.5214	-0.08605
8	2	0.8946	0	1	0.565	0.09459
8	2	0.2173	0	1	0.1466	0.09459
8	2	0.8946	0	0	-0.01615	-0.8206
8	2	1.797	0	0	1.015	0.5112
8	2	0.9165	1	1	0.809	-0.1621
8	2	1.806	1	0	1.637	2.721
8	2	5.404	1	1	-0.2912	-0.8206
8	2	0.2271	1	0	-0.5511	-0.8206
8	2	0.4631	1	1	0.8062	-0.1621
8	2	5.387	0	0	-0.2632	-0.5814
8	2	0.8946	0	0	1.503	-1.381
8	2	0.442	0	1	-1.544	-1.085
8	2	1.797	0	1	-0.3795	0.09459
8	2	5.387	0	0	0.00232	-0.3215
8	2	5.404	1	1	0.9563	-1.141
8	2	0.8946	0	0	0.8206	-0.6744
8	2	1.806	1	0	-1.486	1.112
8	2	0.4631	1	1	0.6927	-0.08605
8	2	0.442	0	1	-0.5393	-0.9231
8	2	0.442	0	1	1.849	-0.01223
8	2	0.4631	1	1	-0.886	-0.4481
8	2	0.2173	0	0	-1.496	-0.2807
8	2	0.8946	0	1	1.63	0.2955
8	2	5.404	1	1	-0.7499	-0.4481
8	2	0.2173	0	0	1.125	-0.2406
8	2	5.404	1	1	-0.006586	-0.201
8	2	1.797	0	0	-2.186	-0.4917
8	2	1.797	0	0	1.102	1.97
8	2	0.2271	1	0	1.363	0.2955
8	2	5.404	1	1	1.22	-0.2807
8	2	0.9165	1	1	0.8734	-0.5814
8	2	0.2271	1	0	-1.405	1.089
8	2	0.2271	1	1	1.057	-0.5814
8	2	0.2271	1	1	-0.8938	0.197
8	2	0.8946	0	1	0.3408	-0.9759
8	2	0.2173	0	1	-0.7881	0.02389
8	2	1.797	0	0	-0.4273	2.745
8	2	0.442	0	0	-0.491	0.1292
8	2	5.387	0	0	-1.01	-0.7709
8	2	0.4631	1	0	1.899	-0.1621
8	2	5.404	1	1	-0.3208	0.3902
8	2	0.4631	1	1	-1.627	-0.1621
8	2	1.797	0	0	1.753	-0.2807
8	2	0.2271	1	0	-1.394	0.2955
8	2	0.8946	0	0	0.05698	-0.5814
8	2	5.387	0	0	-3.147	-0.2406
8	2	0.9165	1	0	2.652	3.759
8	2	0.4631	1	1	-1.149	-0.01223
9	2	0.8946	0	1	0.4598	-0.7237
9	2	0.442	0	1	0.1116	1.5
9	2	0.9165	1	1	-0.05893	0.09028
9	2	5.387	0	0	0.1375	-0.8692
9	2	5.404	1	1	0.1027	0.05476
9	2	0.2173	0	0	0.6608	-0.01767
9	2	0.8946	0	0	-1.185	-0.247
9	2	1.797	0	0	0.3836	1.302
9	2	0.8946	0	1	-0.3678	-0.9194
9	2	1.806	1	1	-0.3916	-1.023
9	2	0.4631	1	1	-0.6263	1.915
9	2	0.9165	1	0	0.1569	0.7753
9	2	5.387	0	0	-0.2747	-0.9194
9	2	0.9165	1	1	0.4628	1.414
9	2	1.806	1	1	1.207	-0.9194
9	2	0.4631	1	0	2.258	-1.185
9	2	0.442	0	0	1.187	0.228
9	2	0.9165	1	1	1.094	-0.7713
9	2	1.797	0	0	-2.117	-0.7713
9	2	0.2173	0	1	0.5369	0.7195
9	2	0.2271	1	1	-0.6254	-1.542
9	2	1.806	1	1	-0.2709	0.1254
9	2	0.8946	0	1	0.9641	0.3911
9	2	5.387	0	0	-0.4521	-1.023
9	2	0.2173	0	1	-1.623	1.745
9	2	0.2271	1	1	-1.063	-0.7713
9	2	5.404	1	1	-0.3931	-0.3278
9	2	5.387	0	0	-1.135	0.1254
9	2	0.442	0	1	0.3235	0.4846
9	2	0.4631	1	1	-1.958	0.6337
9	2	0.2271	1	0	1.762	-2.101
9	2	1.806	1	1	-1.148	0.228
9	2	5.387	0	0	-0.07032	-0.1684
9	2	1.806	1	0	1.243	0.2944
9	2	1.797	0	0	-1.464	0.9622
9	2	0.8946	0	1	1.355	0.327
9	2	1.797	0	1	1.082	-0.0546
9	2	0.2173	0	1	-1.813	0.6626
9	2	0.442	0	1	1.398	1.97
9	2	0.442	0	1	0.5882	-0.3691
9	2	5.404	1	1	-0.8641	-1.13
9	2	0.2173	0	1	-1.491	-0.6768
9	2	1.806	1	1	-0.6706	-0.0546
9	2	0.2271	1	0	1.833	2.971
9	2	5.404	1	1	-0.3988	-0.3691
9	2	0.442	0	1	-0.5334	-0.8692
9	2	0.4631	1	1	-0.05203	-1.023
9	2	5.404	1	1	-1.572	0.1942
9	2	0.2271	1	1	0.009224	0.01878
9	2	0.9165	1	1	-2.903	-0.2871
10	3	1.651	1	1	-0.2763	-0.3547
10	3	0.3671	1	0	-0.05155	0.5416
10	3	0.09275	1	1	0.01237	-0.22
10	3	1.581	1	1	-0.5567	0.8853
10	3	0.9467	1	1	0.71	-0.2642
10	3	0.4412	0	1	1.237	-0.6974
10	3	5.46	0	0	-1.278	-0.5951
10	3	0.5194	1	1	0.2832	-1.089
10	3	2.076	0	0	-0.03743	-0.22
10	3	0.8155	0	1	-1.9	0.9146
10	3	5.344	1	1	1.522	-0.5453
10	3	0.6409	1	0	-0.7389	-0.75
10	3	0.5557	0	0	2.843	-0.4964
10	3	1.915	1	1	-0.5175	1.111
10	3	5.415	0	0	0.5243	-0.8583
10	3	0.3556	0	1	0.1636	-0.4964
10	3	0.2805	1	1	1.957	0.6716
10	3	1.081	1	0	-0.3976	3.345
10	3	0.2259	0	1	0.7833	1.028
10	3	1.646	0	0	-1.83	0.7344
10	3	1.616	0	1	-1.448	1.369
10	3	2.096	1	1	-2.248	-0.5951
10	3	0.8638	1	1	-0.1492	0.9721
10	3	1.103	1	1	-0.1445	-0.09147
10	3	0.1935	1	0	0.7172	-0.8583
10	3	5.469	1	1	-1.001	0.2616
10	3	0.5912	1	0	-0.3073	-1.211
10	3	5.334	0	0	1.592	-1.34
10	3	0.9703	0	1	-0.4238	1.294
10	3	0.2305	1	1	1.961	2.025
10	3	0.5465	0	1	1.338	-1.211
10	3	1.712	0	0	-1.425	-0.3547
10	3	5.262	0	0	-0.8386	-1.475
10	3	5.658	0	0	1.237	-1.475
10	3	0.5324	1	1	0.962	-0.1765
10	3	5.699	1	1	-1.706	-0.8583
10	3	0.318	1	1	-1.026	-0.009009
10	3	0.2618	0	1	-0.4406	-0.3547
10	3	0.5968	1	1	-0.3718	-0.1336
10	3	0.9261	0	1	1.486	1.716
10	3	0.4603	0	1	0.6919	0.9721
10	3	5.353	0	0	-0.8387	-1.149
10	3	5.293	1	1	-0.2866	-0.4484
10	3	1.685	0	0	1.146	0.3343
10	3	1.799	1	1	-0.6237	0.1489
10	3	0.2116	0	0	-0.1063	-0.2642
10	3	1.208	1	1	1.005	-0.75
10	3	0.7539	0	1	-1.789	0.07106
10	3	0.9452	0	0	-0.2653	1.394
10	3	0.3034	0	1	0.5527	-0.4484
11	3	1.94	1	1	2.262	-1.195
11	3	1.799	0	1	-0.3224	0.5961
11	3	0.5836	0	1	-0.2947	-0.03984
11	3	0.237	0	1	0.288	2.052
11	3	0.3711	0	0	2.36	0.1883
11	3	0.4637	0	0	0.3367	0.78
11	3	0.378	1	0	0.4253	1.773
11	3	1.783	1	1	0.0984	-0.8074
11	3	5.416	1	1	-0.4486	-0.8074
11	3	0.4098	1	1	-0.0368	-0.466
11	3	0.3181	1	0	0.5173	-0.8074
11	3	5.75	1	1	1.221	-0.8597
11	3	1.587	0	0	0.7543	-1.079
11	3	1.081	1	0	0.5702	0.6895
11	3	5.306	0	0	-1.919	-0.756
11	3	0.6513	1	1	-0.4221	2.491
11	3	0.1226	0	0	-1.147	-0.5594
11	3	0.5132	0	1	-1.185	1.27
11	3	5.253	0	0	-0.6449	-0.466
11	3	0.5853	1	1	-1.105	-0.4204
11	3	0.4547	1	1	-1.147	2.323
11	3	1.817	1	1	1.372	-0.756
11	3	0.3514	1	1	-1.209	0.2246
11	3	0.01963	1	1	-1.184	-0.913
11	3	5.627	0	0	0.6071	-2.095
11	3	0.2488	1	1	0.1366	-0.466
11	3	0.4259	1	0	0.1616	0.3653
11	3	0.9866	0	0	-1.236	0.03825
11	3	0.6287	1	1	-0.5531	0.03825
11	3	0.2653	1	1	-1.044	0.2958
11	3	1.855	0	0	0.5981	-0.7056
11	3	0.2325	0	1	0.0003112	-0.1201
11	3	1.023	0	0	1.218	-0.2027
11	3	0.6999	0	1	-0.7124	-0.7056
11	3	5.373	1	1	-1.543	-1.195
11	3	0.3173	1	0	0.5261	-0.0797
11	3	0.9717	0	0	0.2281	1.509
11	3	1.755	0	0	0.2205	0.1515
11	3	1.953	1	1	0.9394	-0.4204
11	3	1.765	0	1	1.943	0.03825
11	3	0.9443	1	1	-1.006	0.7502
11	3	5.302	0	0	1.129	-0.913
11	3	5.383	0	0	1.13	1.194
11	3	0.9968	0	1	1.114	-0.245
11	3	5.585	1	1	0.3636	0.5961
11	3	1.74	1	1	0.1206	-0.656
11	3	0.3937	0	1	-1.004	1.794
11	3	5.501	1	1	-1.152	-0.8074
11	3	0.1513	0	0	-2.369	-1.079
11	3	0.4487	0	1	0.08696	0.4665
12	3	1.789	1	1	-1.017	-0.6153
12	3	0.5742	1	1	0.05468	-0.1568
12	3	0.3721	1	1	-0.3793	-0.1568
12	3	1.05	1	1	0.7147	2.689
12	3	1.8	1	1	0.3009	-0.4785
12	3	0.267	0	0	0.3272	0.4668
12	3	0.4934	1	1	-0.6144	-0.5463
12	3	1.651	1	1	-0.1241	-1.472
12	3	1.337	0	0	0.797	-0.6153
12	3	1.729	1	1	0.1804	-0.2822
12	3	5.569	0	0	-1.415	-1.472
12	3	0.5107	0	0	-0.8212	-0.5463
12	3	0.5283	0	1	1.721	-0.219
12	3	0.9015	0	0	-0.2737	-0.09564
12	3	0.3035	1	1	-0.4354	0.5699
12	3	0.1499	1	1	1.368	1.091
12	3	5.533	1	1	0.6268	-0.03545
12	3	1.609	1	1	-0.7659	1.702
12	3	5.451	1	1	-0.9678	0.6204
12	3	0.4	0	1	1.095	-0.219
12	3	0.7219	0	1	1.177	0.6204
12	3	1.75	0	0	1.278	-1.058
12	3	0.02905	1	1	1.815	1.588
12	3	5.315	0	0	0.365	-0.8303
12	3	0.4232	1	1	0.3225	0.6204
12	3	1.935	0	0	0.06333	2.602
12	3	0.2461	1	1	2.07	-0.219
12	3	0.8508	0	0	-0.5835	-0.6856
12	3	0.8496	1	1	0.02403	-1.472
12	3	1.103	1	1	1.486	0.7194
12	3	1.693	1	1	-1.135	0.3609
12	3	0.4208	0	0	1.614	0.1961
12	3	5.482	1	1	-1.539	0.3067
12	3	0.3976	0	0	2.222	0.6204
12	3	0.3827	0	1	-1.007	-0.6856
12	3	5.321	0	0	-0.9393	-1.561
12	3	5.201	0	0	0.5202	-1.058
12	3	1.625	0	0	-0.375	-0.3465
12	3	5.396	1	1	0.2966	0.4668
12	3	0.2481	0	0	-0.4451	0.0821
12	3	5.013	0	0	2.284	-0.3465
12	3	0.9426	0	1	0.8652	-0.09564
12	3	0.6509	0	0	-1.483	1.588
12	3	0.7093	0	0	0.7255	-0.03545
12	3	0.2023	1	1	-1.26	-0.3465
12	3	0.7795	0	1	2.344	1.992
12	3	5.364	1	1	-0.89	-1.138
12	3	0.6068	1	1	-0.6759	-0.5463
12	3	0.5475	0	1	1.81	-0.09564
12	3	0.2407	1	1	-3.076	-1.472
13	3	1.112	1	1	1.36	-0.2596
13	3	5.569	0	0	0.5509	-0.4184
13	3	0.7405	0	0	-0.3045	0.3047
13	3	0.5433	0	1	-0.1849	0.6308
13	3	0.9193	0	1	-0.07927	-0.2596
13	3	0.2268	0	0	1.032	-0.6436
13	3	0.9145	0	0	-0.4161	-1.438
13	3	5.072	1	1	0.3585	-0.01185
13	3	0.5411	1	0	-0.02958	-0.2596
13	3	5.397	0	0	0.2236	-1.364
13	3	0.05661	1	1	0.02296	-0.5289
13	3	0.423	1	1	-0.3188	0.4311
13	3	0.7548	1	1	0.3524	-0.7025
13	3	1.687	1	1	1.28	1.383
13	3	0.5202	0	1	0.3269	-1.015
13	3	0.2465	1	1	-0.08	0.03541
13	3	1.611	1	1	0.6939	2.012
13	3	1.15	1	0	1.646	-0.01185
13	3	0.6555	1	1	0.5579	0.173
13	3	1.7	0	0	-0.4418	-0.4184
13	3	1.821	1	1	-0.7291	0.2614
13	3	0.2616	0	0	-0.6575	-0.6436
13	3	0.4572	0	1	-0.4711	-0.8864
13	3	0.5397	1	0	-1.332	1.962
13	3	5.391	0	0	1.32	-0.9503
13	3	0.2362	1	0	0.2157	-0.8239
13	3	0.4401	1	1	-1.065	0.7819
13	3	0.449	0	1	-0.8653	-0.7025
13	3	5.355	0	0	-0.2327	0.8185
13	3	1.738	0	1	-0.1596	1.727
13	3	0.7765	0	1	-0.5941	0.6308
13	3	0.4229	1	1	-0.3262	1.063
13	3	1.64	0	0	-0.8881	0.3047
13	3	5.743	1	1	-0.8082	-0.01185
13	3	0.743	0	0	-0.1685	1.473
13	3	5.63	1	1	1.067	-0.4184
13	3	1.721	1	1	-1.529	-0.7025
13	3	0.08462	1	1	1.021	-1.364
13	3	1.799	0	0	1.393	-0.05983
13	3	1.809	1	1	-0.9546	-1.291
13	3	5.608	1	1	-1.466	0.08195
13	3	5.189	1	1	-3.458	-0.9503
13	3	0.2224	0	0	0.2145	0.08195
13	3	5.452	1	1	1.373	-1.15
13	3	0.512	1	0	-1.592	-1.15
13	3	0.7687	0	1	1.673	1.617
13	3	0.8555	1	0	-0.4591	0.9258
13	3	0.1609	0	1	1.557	-0.6436
13	3	1.713	0	0	2.118	-0.5289
13	3	0.3185	0	1	0.08334	2.909
14	3	0.5398	1	1	-0.8252	-0.14
14	3	0.5232	1	1	-0.4973	-0.284
14	3	1.804	0	0	-0.06307	0.6796
14	3	5.428	0	0	-1.312	-0.14
14	3	1.71	0	0	-1.374	0.3856
14	3	0.2642	0	0	0.2965	1.055
14	3	0.7467	0	0	0.06988	-0.14
14	3	0.1503	0	1	0.1174	0.1972
14	3	2.1	1	1	-0.1549	-1.196
14	3	0.9541	0	1	-1.255	2.775
14	3	5.292	0	0	0.2745	-1.013
14	3	0.05818	0	1	-0.7023	-0.14
14	3	0.4529	1	1	-0.03076	0.5648
14	3	5.418	0	0	-0.2271	-0.8379
14	3	1.066	1	1	-0.08357	-0.8379
14	3	5.279	1	1	-1.711	-0.5112
14	3	0.2408	0	0	-0.3219	0.06604
14	3	0.3065	1	1	0.7013	1.055
14	3	0.2659	1	1	0.5349	0.1322
14	3	5.502	1	1	-1.161	-1.292
14	3	0.3167	1	1	-0.0932	-1.104
14	3	5.298	1	1	-1.154	0.8989
14	3	2.171	1	1	-0.05718	-1.104
14	3	1.747	0	1	-1.126	-0.5112
14	3	0.09163	0	1	-0.9833	-0.2113
14	3	0.969	1	1	0.02346	-0.07
14	3	1.22	1	1	-1.414	-0.8379
14	3	0.3507	1	1	-0.5079	-0.284
14	3	0.1921	0	1	0.1478	-0.5902
14	3	1.155	1	1	1.463	0.3239
14	3	1.883	1	0	-0.1661	1.106
14	3	0.2875	1	1	-0.8731	-0.5112
14	3	5.551	0	0	-0.1756	0.3856
14	3	0.2888	0	1	0.05316	1.156
14	3	5.081	0	0	-0.02198	-1.594
14	3	1.806	1	1	0.07525	0.1972
14	3	1.743	1	1	-0.4159	-1.594
14	3	0.3537	0	1	-0.4865	-0.4339
14	3	5.337	1	1	-1.987	-0.001347
14	3	1.056	0	0	0.09153	-0.8379
14	3	0.3685	0	1	-2.56	-0.4339
14	3	1.831	1	1	0.3856	-0.001347
14	3	0.6539	0	0	-0.6879	0.6796
14	3	0.4526	0	1	0.369	3.309
14	3	5.526	1	1	0.365	0.9517
14	3	1.76	0	0	0.793	1.205
14	3	0.9756	1	1	-2.437	-1.104
14	3	0.08368	0	0	1.896	1.349
14	3	0.007371	1	1	-0.8884	-1.104
14	3	1.15	0	0	0.1257	0.3856
15	3	1.864	0	0	2.901	-0.9868
15	3	1.818	0	0	0.4729	-0.7083
15	3	1.61	0	0	2.202	-1.185
15	3	0.3296	1	1	0.55	0.297
15	3	0.299	1	1	-0.1122	0.8573
15	3	1.535	0	0	0.7536	0.08883
15	3	5.457	1	1	0.171	0.2289
15	3	0.02926	1	1	-0.6858	-0.7083
15	3	5.318	1	1	-0.4177	-0.057
15	3	5.602	1	1	-0.2643	0.2289
15	3	0.8746	1	1	-0.2788	-0.1322
15	3	0.3874	0	0	0.1869	1.291
15	3	5.319	1	1	-0.1768	-0.534
15	3	0.9023	1	1	1.488	-0.45
15	3	5.519	1	1	-0.2088	0.4293
15	3	0.9993	1	1	1.463	1.187
15	3	0.575	1	1	1.827	-1.505
15	3	0.1627	0	0	-1.724	0.08883
15	3	0.9116	1	1	-1.174	0.3638
15	3	1.831	0	0	1.224	-1.289
15	3	0.04271	0	1	-0.9965	1.537
15	3	0.34	1	1	1.021	0.4293
15	3	1.48	0	0	-0.4622	-0.8916
15	3	5.354	0	0	-1.846	0.5569
15	3	0.4738	1	1	1.442	-0.2876
15	3	0.1425	0	0	1.063	-0.7083
15	3	5.509	0	0	-0.3281	0.6801
15	3	0.2012	0	1	-0.3296	-0.534
15	3	5.464	0	0	-1.495	-0.6201
15	3	0.09525	0	1	0.4923	0.297
15	3	0.7063	1	1	0.8945	0.9145
15	3	0.2384	1	0	0.3871	0.7402
15	3	0.867	0	0	1.589	-0.7988
15	3	2.015	0	0	0.6433	-0.9868
15	3	0.3709	0	0	2.146	3.475
15	3	0.266	1	1	0.788	-0.209
15	3	5.825	1	1	1.175	-0.9868
15	3	1.834	1	1	-1.869	-0.534
15	3	0.9791	1	0	-0.7365	0.619
15	3	5.129	0	0	-0.2637	-0.8916
15	3	2.056	0	1	1.853	0.4293
15	3	0.939	1	1	1.502	-0.9868
15	3	1.927	1	1	-0.5098	-0.057
15	3	1.183	1	1	-0.4601	-1.505
15	3	0.8507	0	1	0.5826	-0.1322
15	3	0.5107	1	0	0.2813	1.026
15	3	0.4604	0	0	0.7739	1.026
15	3	1.12	1	1	-0.27	0.3638
15	3	0.261	0	0	-0.9482	-1.736
15	3	0.3406	0	1	0.8446	2.267
16	3	0.218	0	1	0.7949	-0.7549
16	3	1.988	1	1	1.007	-0.6819
16	3	0.1186	1	1	0.4106	0.6227
16	3	1.831	1	0	-0.7758	0.7673
16	3	5.278	0	0	1.176	-0.8296
16	3	5.575	0	0	-0.6374	-0.9841
16	3	0.4341	1	1	1.398	-0.9841
16	3	0.05216	1	1	0.9177	-1.23
16	3	0.8843	0	1	0.2184	0.2592
16	3	0.8229	1	0	-0.9188	0.09073
16	3	0.03767	0	1	0.944	-1.064
16	3	0.2831	1	1	-0.3749	1.41
16	3	5.424	0	0	-0.1788	-1.683
16	3	1.662	1	0	-0.00649	0.09073
16	3	0.3291	1	0	0.4341	0.2592
16	3	0.5364	0	0	1.37	0.9954
16	3	5.527	1	1	1.13	-0.6103
16	3	0.4804	1	0	0.1623	0.5228
16	3	1.955	1	0	0.7616	1.331
16	3	1.872	0	0	1.87	0.03265
16	3	0.3642	1	1	-0.3386	0.204
16	3	1.773	0	1	1.959	-0.2101
16	3	1.401	0	0	1.156	-0.4044
16	3	1.022	0	1	-1.254	0.3671
16	3	1.994	1	1	-0.3713	-0.8296
16	3	1.052	1	0	0.1727	1.291
16	3	0.1056	0	1	-0.552	1.6
16	3	1.702	1	1	-1.334	-0.2101
16	3	5.415	0	0	3.041	0.3671
16	3	5.191	1	1	-0.2178	-0.8296
16	3	5.33	0	0	0.5322	-1.404
16	3	0.6746	0	1	-1.848	-0.2737
16	3	0.4457	1	1	0.1983	0.3671
16	3	5.171	0	0	1.135	-1.23
16	3	0.6113	1	1	-1.95	-0.2737
16	3	0.467	0	1	2.512	-0.02644
16	3	0.7794	0	1	-0.7778	-0.6103
16	3	0.971	1	1	-0.9907	1.083
16	3	0.3265	0	1	1.872	1.673
16	3	0.5468	1	1	-0.4392	-0.3384
16	3	1.076	0	1	0.6707	0.4198
16	3	5.388	0	0	-0.5908	0.204
16	3	0.3625	1	1	-0.5688	-0.6819
16	3	0.7165	1	1	0.02919	-0.2737
16	3	0.713	0	0	1.636	3.862
16	3	0.9456	1	1	0.2181	-0.3384
16	3	1.788	0	0	0.5061	0.7673
16	3	0.4961	1	1	-1.776	0.204
16	3	5.524	0	0	-0.9255	-1.495
16	3	0.4365	0	1	-2.697	-0.5403
17	3	1.768	0	0	1.632	0.001912
17	3	5.501	1	1	0.8562	-0.6725
17	3	1.086	0	1	0.2636	0.3497
17	3	0.2457	0	0	1.077	0.0929
17	3	0.9455	1	0	0.07441	0.1373
17	3	0.2648	0	0	-0.4291	1.457
17	3	0.4767	1	1	0.2777	-1.047
17	3	0.6375	1	1	0.7223	-1.114
17	3	0.9898	1	1	-0.9675	0.1373
17	3	0.1389	1	0	1.27	1.343
17	3	1.664	0	0	-0.1228	-0.09206
17	3	0.8741	1	1	1.042	-0.2391
17	3	0.542	0	1	0.9184	2.476
17	3	1.747	1	1	0.7028	-0.9165
17	3	0.3034	1	1	0.2355	-0.9165
17	3	0.5242	1	0	2.085	0.5474
17	3	5.415	0	0	-1.049	-0.7919
17	3	0.2255	1	1	0.6257	-0.1892
17	3	0.3568	0	1	0.6175	-0.3414
17	3	0.04699	1	0	0.1727	-0.1892
17	3	0.3493	0	1	-0.8633	-0.5578
17	3	1.007	1	1	0.3834	-0.6146
17	3	0.003912	0	1	0.2376	-0.4476
17	3	1.806	1	1	0.4405	0.1373
17	3	5.413	0	0	1.079	-0.3414
17	3	0.2743	0	0	0.4081	0.8032
17	3	0.4099	1	0	0.681	1.133
17	3	1.607	0	1	0.08677	-0.6725
17	3	0.4164	0	1	1.082	-1.894
17	3	0.8071	1	0	0.4007	0.5474
17	3	5.423	1	1	-1.029	-0.6146
17	3	0.6808	0	1	1.312	0.2242
17	3	0.837	1	0	2.031	1.697
17	3	2.023	0	0	-0.8681	1.343
17	3	5.554	0	0	0.8492	-0.09206
17	3	1.914	1	1	-1.489	2.476
17	3	0.5513	1	1	-2.355	-1.805
17	3	2.047	1	1	-0.713	-1.805
17	3	1.159	1	0	-0.824	0.8032
17	3	0.1062	0	1	-0.4801	-1.327
17	3	0.2534	0	0	-0.3789	-0.9165
17	3	0.9285	0	0	-1.566	0.3497
17	3	5.462	1	0	-1.253	0.5854
17	3	1.672	0	1	0.4336	1.102
17	3	5.426	1	1	0.05898	-0.7919
17	3	1.912	0	0	1.119	0.9397
17	3	5.408	1	1	2.058	-0.2391
17	3	5.271	0	0	-2.385	-0.5022
17	3	5.54	1	1	-2.325	-0.5578
17	3	0.2936	1	0	3.41	1.006
18	3	5.395	0	0	0.5847	-1.218
18	3	1.583	0	1	0.9502	0.9908
18	3	1.788	1	1	-0.3806	0.2214
18	3	0.9543	1	1	1.21	-0.6805
18	3	0.6127	1	1	0.2606	-0.1187
18	3	0.6053	1	0	0.468	-0.8712
18	3	0.412	0	0	-1.27	0.6501
18	3	5.338	0	0	-0.0987	0.3564
18	3	0.6948	1	1	0.3288	-0.8712
18	3	5.36	0	0	0.5426	0.4432
18	3	0.9955	1	1	-1.431	-0.8063
18	3	0.2293	0	1	-0.3753	-0.9375
18	3	1.806	1	1	-0.3989	-1.78
18	3	1.946	0	0	0.1321	0.6501
18	3	5.488	0	0	1.345	0.8813
18	3	1.125	1	1	0.5085	0.9183
18	3	0.01958	1	0	0.3075	-1.005
18	3	0.08306	1	0	0.8143	-0.01762
18	3	0.6838	1	1	0.8566	1.456
18	3	0.575	1	1	0.3311	0.267
18	3	0.07658	0	1	0.4288	-1.78
18	3	0.9696	0	1	1.541	-0.06774
18	3	0.1694	1	1	-1.083	0.3564
18	3	0.3227	1	1	0.5762	0.2214
18	3	0.5367	1	1	-1.902	2.24
18	3	5.689	1	1	0.6699	-1.005
18	3	0.0443	1	1	-0.6276	0.6501
18	3	0.3375	0	1	-1.42	-0.501
18	3	1.682	0	0	-0.04582	-0.6805
18	3	1.719	1	1	-0.3567	-0.5597
18	3	2.061	1	1	2.388	0.08022
18	3	0.3215	0	1	-0.5945	-0.8712
18	3	5.192	1	1	0.3685	-0.1187
18	3	0.9776	0	1	1.848	0.128
18	3	5.357	1	1	1.539	-0.1187
18	3	0.3702	0	1	0.4416	-0.5597
18	3	0.4492	1	1	0.5751	-0.01762
18	3	0.9719	0	1	-0.9247	0.3564
18	3	1.807	0	0	-1.531	0.4432
18	3	0.3076	0	0	1.203	1.517
18	3	5.319	1	1	-0.1642	-0.2232
18	3	0.7648	0	1	-1.926	3.713
18	3	0.1065	1	1	0.7152	-0.8712
18	3	0.4898	0	0	-2.315	1.486
18	3	0.9501	0	0	-0.00532	-0.8712
18	3	0.7401	0	0	0.2615	0.267
18	3	5.51	0	0	-1.599	-0.6805
18	3	1.828	0	0	-2.956	0.2214
18	3	1.492	1	1	-1.878	-0.2767
18	3	5.464	1	1	-0.6646	-1.005
19	3	5.192	0	0	1.629	-1.076
19	3	0.3053	0	0	-0.07481	-0.4607
19	3	5.556	0	0	0.5246	-1.676
19	3	0.3797	1	1	-1.288	-1.076
19	3	0.2869	1	1	0.7026	2.655
19	3	1.751	0	0	1.024	-0.194
19	3	0.1859	1	0	-0.1066	-0.4054
19	3	5.469	1	1	-0.3445	-0.7528
19	3	0.3796	1	0	0.0435	0.4899
19	3	0.2697	0	1	-0.9694	0.003815
19	3	1.827	0	1	0.9924	0.1442
19	3	0.857	0	0	-0.1001	0.05133
19	3	0.3049	1	1	-1.89	-0.4607
19	3	0.5613	0	0	0.9315	-0.6921
19	3	1.193	1	0	-0.6154	0.9448
19	3	0.7913	0	0	-1.14	-0.09349
19	3	1.082	1	1	0.6521	-0.194
19	3	0.614	1	0	-0.6549	0.6877
19	3	0.5066	1	1	-0.6242	-0.6326
19	3	0.9434	0	1	-0.2287	-0.9424
19	3	1.642	0	1	0.8292	1.31
19	3	0.3287	1	1	-0.6306	-0.2979
19	3	1.793	1	1	-1.11	-1.145
19	3	0.1391	0	1	-1.234	-1.215
19	3	1.089	0	0	0.004626	0.9448
19	3	5.313	0	0	2.179	-0.9424
19	3	5.404	0	0	0.6652	-1.594
19	3	0.1187	1	0	0.7275	-0.4607
19	3	0.7838	0	0	-1.374	0.5706
19	3	0.5959	1	0	1.292	0.2344
19	3	1.792	1	1	0.4079	-0.4607
19	3	0.6222	1	1	-1.429	2.51
19	3	5.263	0	0	-1.163	0.1442
19	3	0.5578	1	0	0.3655	0.5706
19	3	0.2514	1	1	0.4962	2.291
19	3	1.573	1	0	-0.8991	0.3648
19	3	5.331	0	0	0.4466	-0.04445
19	3	0.9726	0	1	0.7928	-0.194
19	3	5.429	1	1	-1.32	-0.6326
19	3	0.7854	0	0	2.526	-0.6326
19	3	0.2543	1	1	-1.053	-0.5742
19	3	1.798	1	1	-0.1311	-0.04445
19	3	0.5951	0	1	0.159	-0.5169
19	3	5.45	0	0	1.308	-0.4054
19	3	0.249	1	1	1.376	0.8373
19	3	1.658	0	0	-2.244	1.579
19	3	0.1278	0	1	-0.1773	-0.9424
19	3	1.77	1	1	1.59	0.5706
19	3	5.477	1	1	-0.8934	1.853
20	4	0.5633	0	0	0.5763	2.4
20	4	5.545	0	0	0.04212	-0.6302
20	4	1.921	0	0	-0.7314	-0.8824
20	4	5.527	1	1	0.1912	-0.07583
20	4	0.02906	1	1	0.5404	1.614
20	4	5.336	0	0	0.3554	-0.5112
20	4	0.48	1	1	0.7161	0.02423
20	4	0.6981	1	1	0.8468	-0.8174
20	4	0.9508	0	0	0.3647	0.9185
20	4	0.2259	0	1	0.4928	-0.1792
20	4	0.9648	0	1	-0.9289	1.335
20	4	0.6946	1	1	1.25	0.5241
20	4	1.808	0	0	0.2241	-0.07583
20	4	0.8799	0	0	-0.7138	-1.457
20	4	0.3041	0	1	-0.7501	0.2153
20	4	1.857	0	0	0.2564	-0.4534
20	4	1.771	1	1	0.07048	-0.8824
20	4	0.8462	1	1	0.08099	0.3067
20	4	1.041	1	1	1.643	0.2153
20	4	1.029	1	1	0.2878	-0.4534
20	4	0.5359	1	1	0.1306	0.1686
20	4	0.7191	0	1	0.1207	0.2613
20	4	1.722	1	1	-0.2651	-0.5701
20	4	1.568	0	0	-0.1688	0.6477
20	4	0.3639	1	1	-0.5822	-0.07583
20	4	5.632	1	1	-1.747	-0.2321
20	4	0.512	1	1	0.1013	-1.969
20	4	0.04363	0	1	0.8794	0.2613
20	4	1.746	1	1	-0.5923	0.8053
20	4	5.594	1	1	-1.698	0.4818
20	4	0.6954	1	1	0.4372	0.3954
20	4	5.635	1	1	-0.3205	-0.286
20	4	0.9268	0	1	-0.5143	-0.0254
20	4	0.1963	0	0	0.2574	-1.303
20	4	0.3976	1	1	-0.4899	0.8435
20	4	1.922	0	1	-0.2282	-0.3408
20	4	1.913	0	0	-2.856	1.585
20	4	0.9205	0	1	0.8803	-0.4534
20	4	5.259	0	0	0.01004	-2.16
20	4	0.3595	1	1	-0.5089	-0.1271
20	4	1.803	1	1	0.7683	0.9554
20	4	0.2649	0	0	-1.777	-0.9488
20	4	0.6822	1	1	-0.1795	0.0731
20	4	0.9014	1	1	0.05169	0.0731
20	4	0.3333	0	1	0.1798	-0.6302
20	4	5.629	1	1	-2.335	-0.9488
20	4	0.08345	1	1	0.09499	3.487
20	4	0.4462	1	1	0.531	-0.0254
20	4	5.275	0	0	-0.05686	-0.1271
20	4	5.368	0	0	0.2131	-0.9488
21	4	0.5012	0	0	2.962	2.325
21	4	1.651	0	0	1.167	0.5409
21	4	0.6839	0	1	0.0754	0.2925
21	4	0.8642	1	0	0.1839	0.4807
21	4	5.274	1	1	1.376	-0.5215
21	4	0.377	1	1	-0.1969	0.02153
21	4	5.349	1	1	1.437	-2.502
21	4	0.1463	0	1	0.09373	-1.524
21	4	5.299	1	1	0.6144	-0.05025
21	4	1.916	1	0	0.2897	-0.1238
21	4	0.7759	0	1	-1.889	-0.1238
21	4	1.763	1	1	-0.5794	-0.4376
21	4	0.8443	0	1	0.749	-0.6079
21	4	0.9402	1	1	-0.7862	0.8784
21	4	0.09969	0	0	0.8392	0.4807
21	4	1.904	1	0	-0.3521	-1.186
21	4	0.3256	0	0	-0.1715	-0.1238
21	4	5.224	0	0	-0.343	0.6577
21	4	1.984	1	1	-1.377	-0.7885
21	4	0.5741	1	1	-0.1015	0.1601
21	4	0.9049	0	0	-0.9386	2.943
21	4	0.8544	0	1	-0.5135	-0.6079
21	4	5.265	0	0	-0.3023	-1.524
21	4	0.3268	1	1	-0.5872	-0.1238
21	4	0.4481	1	1	-0.6521	0.02153
21	4	1.923	0	0	-0.4014	-1.082
21	4	0.4459	1	0	0.3828	0.09162
21	4	1.614	1	0	0.9072	-0.1238
21	4	2.078	1	1	-1.199	0.8247
21	4	0.4968	0	0	0.5825	-0.356
21	4	0.05089	0	1	0.1319	0.02153
21	4	5.584	1	1	-0.5728	-0.1992
21	4	0.1987	1	0	1.332	-0.7885
21	4	0.5496	1	1	-2.844	-0.4376
21	4	0.9886	1	1	-0.8513	-0.1238
21	4	0.8487	0	1	0.5747	1.668
21	4	1.702	0	0	-0.1602	0.2925
21	4	0.1808	0	1	-0.1101	0.9311
21	4	1.971	1	1	-0.6526	1.978
21	4	0.3983	0	1	-0.823	2.191
21	4	0.06689	1	1	-1.194	0.5409
21	4	0.4063	0	0	3.072	-0.6079
21	4	5.393	0	0	-2.189	-0.1238
21	4	5.416	0	0	-0.1906	-1.186
21	4	5.203	1	1	-0.5186	-0.1238
21	4	0.3813	0	1	-1.394	-0.1238
21	4	0.09551	0	1	-0.167	-0.7885
21	4	5.321	0	0	-0.4451	-0.356
21	4	0.9383	1	1	-0.543	-0.6968
21	4	0.438	1	1	0.1208	0.02153
22	4	0.7202	0	0	-0.2475	-1.6
22	4	0.4739	0	1	-0.1799	-1.211
22	4	1.565	0	0	0.2069	-0.3986
22	4	1.147	1	1	-0.4874	-1.12
22	4	0.07138	1	1	0.05994	0.1353
22	4	0.3839	1	0	1.059	-0.4716
22	4	5.247	0	0	-0.8238	-0.1212
22	4	1.795	1	1	0.5256	-0.9463
22	4	1.15	1	0	0.1765	0.07294
22	4	0.9394	0	1	0.3838	-0.7806
22	4	0.0428	0	1	-1.008	0.7026
22	4	0.5927	1	1	0.5889	0.5965
22	4	5.527	1	1	-0.5525	-0.8624
22	4	0.1751	0	1	-0.3544	-0.7007
22	4	0.05659	0	1	-1.056	-1.211
22	4	2.154	1	1	-0.3689	-1.498
22	4	5.264	1	1	-0.5252	-0.3986
22	4	0.9394	0	1	0.02193	-0.9463
22	4	0.2684	1	1	0.2142	0.7026
22	4	0.5011	0	1	1.811	-0.5463
22	4	1.944	0	0	-0.9057	0.2566
22	4	0.217	1	1	-1.742	1.573
22	4	0.07986	0	0	0.8563	0.2566
22	4	0.07407	1	1	-0.9062	-0.3271
22	4	0.5402	1	1	-0.2123	0.5421
22	4	0.7843	0	0	1.186	2.331
22	4	0.8118	1	1	0.2506	-0.1884
22	4	5.277	1	1	-0.1338	-1.032
22	4	1.957	1	1	0.1677	-0.1884
22	4	5.287	0	0	-0.03682	-0.7806
22	4	0.6917	1	0	0.6019	0.1353
22	4	5.335	1	1	-0.03708	0.8055
22	4	2.042	1	1	0.2269	0.8055
22	4	1.043	0	1	-1.877	3.03
22	4	0.7601	0	1	1.229	0.7545
22	4	1.791	0	0	0.6605	0.8055
22	4	0.09449	0	1	-0.172	0.8558
22	4	5.548	0	0	1.29	-0.257
22	4	0.7782	0	1	-2.646	1.097
22	4	0.2743	0	0	-0.2438	0.5965
22	4	1.922	1	1	-0.3814	0.00946
22	4	5.492	1	1	0.3572	-0.6226
22	4	0.5898	0	0	0.3405	0.9054
22	4	1.804	1	0	1.782	-0.7806
22	4	0.5675	0	1	-1.019	-0.1212
22	4	1.959	1	1	-0.3875	2.52
22	4	0.2424	1	1	0.9539	-0.9463
22	4	5.52	1	1	-0.918	-0.1884
22	4	5.631	1	1	-1.958	-0.6226
22	4	0.5543	1	1	0.9971	-0.6226
23	4	1.705	0	0	-0.9093	-0.5114
23	4	0.002652	1	0	-0.4482	0.2467
23	4	0.9028	0	1	1.408	0.03394
23	4	5.501	1	1	0.2742	-0.77
23	4	0.2204	0	0	2.421	1.223
23	4	5.149	1	1	-0.4992	-0.9521
23	4	5.418	1	1	-1.677	-1.447
23	4	5.262	1	1	-0.6153	-0.5114
23	4	1.771	1	0	0.3102	1.057
23	4	0.7865	0	1	-0.3769	-0.3479
23	4	0.6207	0	1	0.4046	-0.03957
23	4	1.794	0	1	0.1389	0.177
23	4	5.585	1	1	0.8573	-1.046
23	4	0.5204	0	0	-1.048	-0.3479
23	4	5.362	0	0	-0.6191	-0.9521
23	4	0.4881	1	1	0.8882	-0.5114
23	4	0.8415	0	1	0.8172	-0.4288
23	4	0.1728	0	1	-0.4302	1.277
23	4	1.837	1	1	-0.5166	1
23	4	1.78	0	1	1.043	0.5139
23	4	1.791	1	0	0.07343	0.6411
23	4	0.4504	0	1	-0.4082	0.4488
23	4	0.4629	0	0	0.1333	1.871
23	4	0.5851	1	1	0.4842	0.7032
23	4	0.2271	1	0	-1.037	3.387
23	4	5.274	0	0	-0.05305	-0.1908
23	4	1.035	0	1	0.1112	-0.2686
23	4	1.034	0	1	0.6235	-0.6819
23	4	5.192	0	0	-0.352	-0.9521
23	4	0.3078	0	0	0.235	1.223
23	4	0.1383	1	0	1.297	1.434
23	4	0.05451	1	1	0.5398	-0.1145
23	4	1.984	1	1	1.097	-1.242
23	4	0.1829	1	1	0.4054	-0.4288
23	4	0.629	0	1	-0.8394	-0.1145
23	4	0.1349	1	1	0.3836	0.3825
23	4	1.753	1	1	-0.2207	-0.3479
23	4	5.439	1	1	-1.239	-0.5958
23	4	1.922	1	1	0.2713	-0.3479
23	4	0.9142	0	0	1.071	0.177
23	4	0.4326	1	1	-0.2307	-0.5958
23	4	1.074	1	1	0.6617	-0.77
23	4	5.258	1	1	-1.021	-0.4288
23	4	0.2367	0	0	-0.4566	1.277
23	4	0.2289	0	1	-0.2575	-1.447
23	4	2.087	1	1	-0.9208	-1.664
23	4	0.1221	1	1	-2.127	-0.1908
23	4	1.021	0	0	-0.1465	2.095
23	4	1.052	1	1	-0.597	-0.9521
23	4	0.4871	0	1	-0.9236	0.03394
24	4	5.602	1	1	-0.7164	0.3678
24	4	1.683	0	0	0.2132	0.4989
24	4	0.7792	0	0	-0.4591	-0.2831
24	4	0.1445	0	1	1.387	1.466
24	4	1.673	1	1	-0.8422	-1.686
24	4	1.811	0	0	0.6758	1.94
24	4	0.03407	0	1	-0.06092	-0.1288
24	4	0.3184	0	1	-0.1129	-1.686
24	4	1.656	0	1	-0.8457	0.6258
24	4	0.2464	1	0	2.138	0.7487
24	4	0.5383	1	1	-1.38	0.4339
24	4	0.05911	1	1	1.515	0.5628
24	4	1.733	0	0	0.7003	-0.6974
24	4	0.798	1	1	-0.2423	-0.5264
24	4	5.402	0	0	2.198	-0.3625
24	4	1.187	1	1	-0.622	-1.161
24	4	5.367	1	1	-0.5194	-0.7857
24	4	0.3459	1	1	0.3942	-0.2831
24	4	0.529	0	0	2.008	-1.161
24	4	0.9772	0	1	0.3378	-1.467
24	4	1.757	0	0	-0.9947	0.6258
24	4	1.89	0	0	-0.5056	1.757
24	4	1.778	1	1	0.1829	-0.3625
24	4	0.7782	1	1	-0.8103	0.4339
24	4	1.901	1	1	0.634	-0.05392
24	4	0.9036	1	1	-1.068	-0.2831
24	4	0.9987	0	1	-3.635	-0.6974
24	4	0.9257	1	1	0.5661	-1.362
24	4	0.7578	1	1	-0.5657	1.415
24	4	1.945	1	1	-1.892	-0.6109
24	4	5.33	0	0	-0.5963	-0.4436
24	4	0.1968	0	1	1.085	-0.6974
24	4	5.398	1	1	-1.691	-0.4436
24	4	0.815	0	1	-0.4223	0.09174
24	4	0.3658	1	1	1.38	-0.2831
24	4	5.275	0	0	0.4264	1.205
24	4	0.4802	0	0	-0.3245	2.992
24	4	5.238	1	1	0.5548	0.4339
24	4	5.42	0	0	0.3714	-0.8761
24	4	0.147	0	1	0.6378	0.4339
24	4	0.5573	1	1	-0.03545	-1.575
24	4	0.07771	0	1	-1.372	0.3678
24	4	0.3468	0	1	-0.1845	-0.4436
24	4	0.3845	0	0	0.1996	0.8087
24	4	0.791	1	1	-0.5001	-0.3625
24	4	5.532	1	1	-0.3958	0.2322
24	4	0.5235	1	1	1.663	-0.6974
24	4	0.2801	1	1	-1.067	1.94
24	4	5.499	0	0	-0.05673	-0.05392
24	4	0.3216	1	1	0.759	0.09174
25	4	5.41	0	0	-1.841	-1.268
25	4	0.8967	1	1	1.733	0.211
25	4	0.9446	0	0	0.8029	2
25	4	1.189	1	1	0.06158	0.02744
25	4	0.4617	0	1	-0.0002678	1.438
25	4	0.07666	1	1	-1.98	-0.8314
25	4	1.846	0	1	1.975	0.211
25	4	0.3474	1	1	-0.2206	0.4408
25	4	0.6282	1	1	1.529	2.737
25	4	0.1752	1	1	-0.0658	0.211
25	4	0.3272	1	1	-0.3898	-0.2346
25	4	5.578	1	1	-1.185	-0.8314
25	4	0.5269	1	1	1.46	0.02744
25	4	0.5844	0	0	0.4012	-0.1671
25	4	0.03639	1	1	-0.8713	-0.8314
25	4	1.646	0	0	0.894	0.7579
25	4	5.21	1	1	-0.01535	-0.6717
25	4	0.6541	0	0	-1.054	0.8571
25	4	0.3376	1	1	0.3548	0.211
25	4	5.403	0	0	-1.381	-0.9143
25	4	5.338	0	0	0.6899	-1.268
25	4	0.4634	1	1	0.7224	-1.087
25	4	0.06158	0	0	0.1029	0.4959
25	4	0.444	0	1	-0.2319	-1.268
25	4	1.831	1	1	-0.222	-1.087
25	4	0.2386	0	1	0.08737	-0.2346
25	4	0.966	0	0	0.2277	0.8571
25	4	2.107	1	1	0.6986	-0.1671
25	4	1.728	0	0	-0.2191	0.211
25	4	5.248	0	0	1.559	-0.8314
25	4	1.659	1	1	-0.8155	-0.1009
25	4	1.526	0	1	-0.5545	0.3849
25	4	0.7885	1	1	-0.6949	-0.5946
25	4	1.649	0	0	-0.6021	-0.4458
25	4	0.4301	1	1	-1.14	-0.03612
25	4	0.6075	1	1	0.3237	-0.4458
25	4	0.02765	0	1	-0.3716	3.581
25	4	1.631	1	1	-0.517	0.27
25	4	5.255	1	1	-0.4394	0.27
25	4	5.366	0	0	0.2664	-0.5946
25	4	0.918	0	1	0.7188	-0.9993
25	4	5.574	1	1	0.07798	-1.176
25	4	0.8334	1	1	0.548	-0.6717
25	4	1.081	1	1	0.8435	1.636
25	4	0.3055	0	1	-0.5009	0.328
25	4	0.4122	1	1	-0.1364	-0.6717
25	4	0.169	1	0	0.535	-0.4458
25	4	5.373	0	0	-0.3877	-0.3739
25	4	0.2267	0	1	1.275	0.328
25	4	1.805	1	1	0.2884	0.7579
26	4	1.767	1	1	0.4508	0.0854
26	4	0.8181	0	0	0.3629	-0.9741
26	4	0.8031	0	1	-0.5229	0.7
26	4	5.516	0	0	-0.7724	-1.128
26	4	0.01308	0	1	0.6333	0.0854
26	4	0.2713	0	1	0.4867	-0.02144
26	4	0.4476	0	0	0.9141	-0.02144
26	4	0.1781	0	0	-0.1979	0.0854
26	4	1.539	0	1	-1.106	-0.9741
26	4	1.775	1	1	-0.4744	-1.207
26	4	5.31	0	0	-0.1357	-1.128
26	4	0.2697	0	0	-0.2976	0.2388
26	4	5.452	1	1	-0.4634	0.4783
26	4	0.533	1	1	1.707	-0.1892
26	4	2.009	1	1	-0.141	0.1374
26	4	1.864	1	1	-0.1022	1.767
26	4	5.347	1	1	-1.491	-1.207
26	4	1.848	1	1	1.596	-0.4287
26	4	5.636	0	0	-0.6639	-0.9741
26	4	1.838	1	1	0.5901	-0.07633
26	4	0.4559	1	1	0.1948	0.3369
26	4	0.5888	1	1	0.5659	0.2388
26	4	0.9973	1	1	0.5554	-0.8281
26	4	0.2848	0	1	-1.612	-2.041
26	4	5.594	1	1	0.8114	0.3848
26	4	0.0512	0	0	-1.268	1.517
26	4	0.3359	1	0	-0.05837	2.052
26	4	0.7644	1	1	0.1387	0.1374
26	4	5.444	0	0	1.821	-0.1892
26	4	0.9602	0	1	-0.3653	-0.6217
26	4	0.9654	1	1	-0.683	-0.7577
26	4	0.7488	0	1	0.519	-0.4916
26	4	0.045	0	0	-0.6207	1.855
26	4	0.4366	0	0	1.535	1.452
26	4	5.364	0	0	-1.605	-0.689
26	4	0.2767	1	1	0.07152	-0.2473
26	4	5.348	1	1	-1.336	0.0854
26	4	0.8749	1	1	-0.02749	-0.4916
26	4	0.1151	0	1	-1.049	-1.05
26	4	0.751	1	1	-0.06444	0.0854
26	4	0.9952	0	0	1.071	1.767
26	4	1.8	1	1	-0.6117	-0.367
26	4	0.1776	1	0	-0.3129	1.024
26	4	0.6601	1	1	-1.47	-0.07633
26	4	1.665	1	1	3.139	-0.689
26	4	1.92	1	1	-0.6875	-0.1892
26	4	0.7633	0	1	0.7394	3.154
26	4	0.1116	0	1	0.117	-0.9002
26	4	5.382	0	0	-1.671	-0.367
26	4	0.5776	0	1	1.198	0.6569
27	4	5.324	1	0	-1.473	1.179
27	4	1.721	0	0	1.485	-0.5726
27	4	1.055	1	1	0.2931	-0.4338
27	4	1.027	1	1	-0.05799	-0.04708
27	4	1.715	1	1	-0.5882	1.737
27	4	0.7067	1	1	0.08888	-0.7172
27	4	0.287	1	1	0.9531	-0.5726
27	4	0.8254	0	0	0.0647	1.136
27	4	5.542	1	1	0.1333	-0.1087
27	4	0.07018	0	1	-0.09788	-0.3663
27	4	0.4622	0	1	0.06634	0.7186
27	4	5.359	0	0	-0.2469	-1.544
27	4	1.832	0	1	0.4818	0.6188
27	4	0.1332	1	1	-0.3069	1.222
27	4	5.343	0	0	-0.3392	-0.7918
27	4	2.117	1	1	-0.5939	-1.19
27	4	0.8579	0	1	1.245	-0.3663
27	4	1.876	1	0	-0.693	0.4637
27	4	0.9847	1	1	1.465	-0.7918
27	4	5.264	1	1	0.1719	-0.6442
27	4	0.579	1	1	-0.1508	-0.5726
27	4	0.881	0	0	0.2745	-0.9457
27	4	0.2112	0	1	-0.5787	0.01345
27	4	0.1607	0	0	0.09135	0.4105
27	4	5.384	0	0	1.047	-2.755
27	4	0.6087	0	0	0.2749	0.07297
27	4	1.021	0	1	0.03725	0.7674
27	4	5.307	0	0	-0.1354	0.6188
27	4	0.2431	1	1	-1.927	-0.2351
27	4	0.1501	1	0	1.594	-0.3663
27	4	0.2375	0	0	0.313	-0.2351
27	4	0.7428	1	1	1.229	-0.5726
27	4	1.665	0	1	-1.598	-0.1713
27	4	1.813	1	1	1.162	1.81
27	4	0.06415	1	1	0.1325	-0.6442
27	4	5.511	1	1	0.01789	-0.3663
27	4	5.374	0	0	0.3537	-0.4338
27	4	1.808	1	1	0.4099	-0.5726
27	4	1.927	1	1	0.3896	-1.025
27	4	0.6364	1	1	0.4821	-0.6442
27	4	0.507	0	0	-0.738	2.055
27	4	1.605	0	0	-0.05148	2.251
27	4	0.3796	0	1	1.887	-0.04708
27	4	0.5614	0	0	0.6773	1.389
27	4	5.714	1	1	1.077	-1.19
27	4	0.8303	0	0	0.2249	1.429
27	4	0.3159	0	1	0.0991	-0.3001
27	4	1.125	1	1	1.308	1.509
27	4	0.5303	1	1	0.3389	-0.3663
27	4	0.9922	0	1	-0.672	0.1891
28	4	1.808	0	0	2.028	-0.664
28	4	5.25	0	0	-0.8421	-1.372
28	4	1.891	1	1	0.2389	-0.4614
28	4	0.7762	0	1	1.84	-0.03672
28	4	5.303	1	1	0.3661	0.3342
28	4	5.27	0	0	-0.1566	-1.285
28	4	0.3798	0	1	0.5188	-0.8073
28	4	1.733	1	1	-1.532	0.5269
28	4	0.6905	1	1	0.6338	-0.2718
28	4	0.7482	1	1	-0.03008	-0.8073
28	4	5.397	0	0	-0.3191	-0.5274
28	4	1.852	0	1	1.188	-0.8817
28	4	0.5479	1	1	0.2622	0.3836
28	4	1.047	1	1	-1.688	0.7077
28	4	0.2648	1	1	1.021	-1.2
28	4	0.1673	0	1	0.9475	0.3342
28	4	5.141	1	1	0.1188	0.284
28	4	1.79	0	0	0.1103	0.5269
28	4	0.4945	0	1	-0.05577	-0.4614
28	4	1.768	0	0	0.1316	-0.5949
28	4	5.277	1	1	-0.1045	0.4799
28	4	0.939	1	0	-0.4168	0.4799
28	4	0.6425	1	1	0.3045	-0.4614
28	4	0.379	1	0	-0.09877	-0.1519
28	4	1.594	1	1	-0.2752	-0.4614
28	4	5.368	1	1	-0.08531	0.5269
28	4	1.085	1	0	2.593	-0.4614
28	4	0.1899	0	0	-0.2229	1.475
28	4	0.3552	1	1	-0.3289	-0.3337
28	4	0.5394	1	1	1.573	-0.4614
28	4	1.004	0	0	-1.078	-0.03672
28	4	0.5552	1	1	0.383	3.8
28	4	1.587	0	0	1.827	-2.073
28	4	5.544	0	0	-0.5362	-0.5274
28	4	5.58	1	1	0.5512	-0.3337
28	4	0.9597	1	0	-0.5395	-0.09375
28	4	1.082	1	1	0.3831	-0.8073
28	4	0.207	1	1	-0.01566	1.116
28	4	0.375	0	1	-1.6	-0.3337
28	4	0.8738	1	1	-0.687	-1.2
28	4	1.596	0	1	-0.4927	0.5269
28	4	0.08545	0	0	2.377	0.9596
28	4	0.4025	1	1	-1.474	-0.2113
28	4	1.654	0	1	-0.8718	0.7512
28	4	5.491	1	1	-1.017	0.3836
28	4	0.408	0	1	1.129	-0.664
28	4	0.2077	0	1	0.4054	2.468
28	4	0.3008	0	1	0.2471	-0.664
28	4	0.8851	0	1	-0.5945	1.542
28	4	0.08544	0	1	1.672	1.039
29	4	0.1664	1	0	2.212	0.5902
29	4	0.4267	1	0	0.9604	0.307
29	4	0.4011	0	0	-0.3324	0.0635
29	4	0.1155	1	1	-0.7308	0.1873
29	4	0.2661	1	1	-1.2	-0.5522
29	4	0.1263	0	1	-0.4596	-0.1304
29	4	0.7879	1	1	0.265	1.098
29	4	0.7204	0	1	-0.2901	-0.2657
29	4	5.407	0	0	0.05552	0.1873
29	4	1.844	0	0	0.8681	-0.3353
29	4	0.5938	0	0	-0.7319	3.459
29	4	1.589	0	0	0.02751	2.161
29	4	0.4426	0	1	0.08852	-1.203
29	4	0.5842	1	1	-0.622	-1.115
29	4	5.466	0	0	-0.3623	-0.4062
29	4	5.498	1	1	-1.64	-0.1304
29	4	1.712	0	0	2.096	-0.8632
29	4	0.4119	1	1	-0.5324	-0.3353
29	4	0.2481	1	1	-0.8145	0.1873
29	4	5.76	1	1	0.7588	0.3655
29	4	1.887	1	0	0.6636	-0.1974
29	4	5.381	1	1	1.596	-0.8632
29	4	1.007	0	0	-0.935	-0.6275
29	4	0.9991	1	1	-1.022	-8.271e-06
29	4	0.4832	1	1	1.467	2.3
29	4	1.794	1	1	-0.4226	0.3655
29	4	0.394	0	1	-1.049	0.1873
29	4	1.513	0	0	-0.1204	-0.7044
29	4	0.7687	0	0	1.588	-0.6275
29	4	5.278	1	1	-0.9939	-1.293
29	4	0.06454	1	1	0.7202	0.4796
29	4	1.837	0	0	0.1728	-2.729
29	4	0.569	0	1	-0.283	0.1873
29	4	0.389	1	1	-0.2212	-8.271e-06
29	4	0.1965	0	1	-0.2532	0.0635
29	4	0.6455	1	0	-0.3397	1.748
29	4	1.914	0	0	-0.1478	0.423
29	4	0.7187	0	1	-1.176	-0.9453
29	4	5.405	1	1	0.5726	0.1259
29	4	1.89	1	1	-0.6399	0.0635
29	4	0.7471	1	1	0.7068	0.307
29	4	1.748	1	1	0.3071	-0.783
29	4	5.303	1	1	-0.1114	-0.7044
29	4	0.6941	0	0	1.089	-0.5522
29	4	0.8913	0	0	-1.555	-8.271e-06
29	4	0.3789	1	0	0.2282	1.002
29	4	5.14	0	0	-0.9983	1.098
29	4	5.328	1	1	-1.855	-0.6275
29	4	0.9852	0	1	-0.6999	-1.029
29	4	0.141	0	0	-0.8887	0.0635
30	5	0.8543	0	0	0.3713	1.983
30	5	5.52	0	0	-0.4504	-0.803
30	5	1.555	0	0	-0.9362	-1.08
30	5	5.353	1	1	-0.3936	-0.6282
30	5	0.08323	0	1	0.4987	-0.1453
30	5	4.865	0	0	-0.8373	-1.276
30	5	0.2625	1	1	0.3219	0.7969
30	5	0.1693	1	1	-2.612	-1.276
30	5	1.06	0	0	-0.3982	0.7969
30	5	0.3583	0	1	-1.074	2.366
30	5	0.7136	0	1	-1.02	1.142
30	5	0.2947	1	1	-0.2839	0.1472
30	5	1.847	0	1	-1.136	0.2858
30	5	1.007	0	1	0.8972	-0.1453
30	5	0.3338	0	1	0.9642	1.609
30	5	1.786	0	0	1.67	-1.08
30	5	1.537	1	1	0.5925	-0.5436
30	5	1.04	1	1	-1.073	-0.2218
30	5	0.8153	1	1	-2.305	0.675
30	5	0.671	1	1	0.5387	-0.4607
30	5	0.1715	1	1	0.3508	-0.3795
30	5	1.068	0	0	-1.01	1.086
30	5	1.816	1	1	-1.642	-0.3795
30	5	1.845	0	1	-1.142	-0.2218
30	5	0.1918	1	1	0.2224	0.4851
30	5	5.596	1	1	-0.6177	-0.2218
30	5	0.2684	1	1	-1.154	0.8564
30	5	0.3526	0	1	0.6589	0.4851
30	5	1.472	1	1	0.2834	0.9729
30	5	5.185	1	1	-0.06924	0.675
30	5	0.3815	1	1	-0.01983	0.7364
30	5	5.37	1	1	-2.928	0.07602
30	5	0.7812	0	0	2.02	1.25
30	5	0.5056	0	1	-0.3198	0.9729
30	5	0.4009	1	0	1.048	-2.856
30	5	2.033	0	0	-0.3799	-0.2218
30	5	1.972	0	0	0.3698	-0.8933
30	5	0.5786	0	1	-1.084	-1.177
30	5	5.276	0	0	-0.7574	-0.803
30	5	0.1118	1	1	-0.09123	0.1472
30	5	1.855	1	1	-0.1679	0.2858
30	5	0.5644	0	1	0.3751	-0.6282
30	5	0.804	1	1	1.38	0.675
30	5	0.5814	1	0	-0.09374	-2.05
30	5	0.2752	0	1	-1.366	0.8564
30	5	5.177	1	1	-1.556	-0.7146
30	5	0.2992	1	1	-1.302	-0.8933
30	5	0.2565	1	0	-0.2875	0.4851
30	5	5.358	0	0	-0.7955	-0.8933
30	5	5.568	0	0	-0.1321	0.1472
31	5	0.08901	0	1	-0.4905	-0.4154
31	5	1.688	0	1	1.7	2.678
31	5	0.7742	0	0	0.2033	-0.221
31	5	1.112	1	0	0.1979	2.019
31	5	5.647	1	1	0.3616	-1.074
31	5	0.4741	1	1	-1.251	0.8995
31	5	5.381	1	1	1.11	-0.03701
31	5	0.2502	1	0	-1.066	0.2495
31	5	4.697	1	1	1.425	0.5647
31	5	1.681	1	1	-0.5293	-1.991
31	5	0.8196	0	1	-0.6756	-0.5512
31	5	1.916	1	1	2.94	0.4628
31	5	1.06	0	1	0.2321	-1.787
31	5	1.067	1	1	0.3748	0.6146
31	5	0.1619	0	1	0.3444	0.1941
31	5	1.991	1	1	-0.7916	-0.3494
31	5	0.2925	0	1	0.9032	-0.3494
31	5	5.046	0	0	0.05323	-0.3494
31	5	1.587	1	0	2.364	0.3578
31	5	0.5088	1	0	-0.8931	-0.1586
31	5	0.5249	0	1	-0.4068	-0.03701
31	5	1.034	0	0	1.182	0.5647
31	5	5.344	0	0	0.4428	-0.4154
31	5	0.4787	1	1	-2.054	-1.074
31	5	0.3407	1	1	1.294	-0.03701
31	5	1.921	0	1	-0.1214	-0.5512
31	5	0.9392	1	1	0.3859	-0.5512
31	5	1.472	1	1	-0.8941	-1.155
31	5	1.834	1	1	-0.5622	1.328
31	5	0.7042	0	1	-0.4582	-0.9163
31	5	0.3407	0	0	0.1796	0.9448
31	5	5.424	1	1	1.264	0.5141
31	5	0.1173	1	1	-0.9808	0.5141
31	5	0.5722	1	0	-0.2699	1.485
31	5	1.023	1	1	-1.934	-0.9163
31	5	0.7601	0	1	2.335	-1.412
31	5	2.059	0	0	0.15	-0.03701
31	5	0.4764	0	1	-0.007761	-0.9163
31	5	1.732	1	1	-0.6726	-0.7656
31	5	0.6611	0	1	0.1931	0.3578
31	5	0.2271	0	1	0.2342	0.9448
31	5	0.5115	0	1	-0.1495	1.12
31	5	5.598	0	0	-0.2372	2.085
31	5	5.744	0	0	0.5698	-0.4154
31	5	5.472	1	1	-0.1321	-1.074
31	5	0.8339	0	1	-1.767	-1.074
31	5	0.4105	0	1	1.189	0.8071
31	5	5.243	0	0	-0.4946	-1.324
31	5	0.8421	1	0	1.224	0.3041
31	5	0.4148	1	1	0.9731	0.9448
32	5	0.8705	0	0	-0.8665	-0.6577
32	5	0.4485	0	0	-0.5824	0.9289
32	5	1.594	0	0	0.8116	0.2302
32	5	0.7811	1	1	0.06813	-0.7371
32	5	0.3377	0	0	-1.368	-0.01841
32	5	0.6108	1	0	-0.3691	-0.5802
32	5	5.46	0	0	1.067	-0.8184
32	5	1.619	1	0	-2.037	0.5167
32	5	0.7344	1	0	-0.9705	1.251
32	5	1.119	0	1	0.06818	-0.2874
32	5	0.05248	0	1	0.3527	3.063
32	5	0.9002	1	0	-0.36	1.251
32	5	5.8	1	1	-0.8324	-0.08362
32	5	0.119	0	0	-0.1821	1.778
32	5	0.1181	0	0	-0.5185	0.8306
32	5	1.779	1	1	-0.168	-0.4305
32	5	5.429	1	1	-0.9745	-0.5802
32	5	0.5087	0	1	1.234	1.251
32	5	0.06921	1	1	0.9461	1.117
32	5	0.332	0	1	1.492	-0.08362
32	5	1.509	0	0	1.621	0.04553
32	5	0.4542	1	1	0.6014	0.1082
32	5	0.5309	0	1	-0.8292	-0.08362
32	5	0.4153	0	0	-0.1895	-0.4305
32	5	0.4116	1	1	0.4011	-1.075
32	5	0.9368	0	0	-0.5368	0.4051
32	5	1.427	1	1	1.265	-0.8184
32	5	5.389	1	1	-0.9212	-1.766
32	5	1.542	1	1	0.7725	-0.4305
32	5	5.497	0	0	0.2482	-2.366
32	5	0.14	1	1	-0.3548	0.1082
32	5	5.625	1	1	0.2693	0.3478
32	5	1.597	1	1	0.5793	-0.3582
32	5	0.8821	0	1	-0.484	1.852
32	5	1.006	0	1	2.78	0.8306
32	5	1.777	0	0	0.5143	-0.08362
32	5	0.3257	0	1	-0.5132	-0.2874
32	5	5.408	0	0	0.2664	-0.4305
32	5	0.1878	0	0	-0.4784	1.505
32	5	0.5355	0	0	0.927	-0.9017
32	5	2.005	1	1	-0.2942	-0.5802
32	5	5.349	1	1	-0.1764	-0.9017
32	5	0.676	0	0	-1.657	-0.6577
32	5	1.492	1	1	0.396	-1.258
32	5	0.2402	0	0	-0.8122	-1.258
32	5	1.888	1	1	-1.53	-0.1501
32	5	0.1087	0	1	0.9222	-0.9017
32	5	5.598	1	1	-0.7137	1.162
32	5	5.56	1	1	-0.3511	0.5167
32	5	0.8937	1	1	-1.787	-0.08362
33	5	1.64	0	0	0.8175	-1.528
33	5	0.1868	0	0	0.4207	-0.09108
33	5	0.4556	0	0	0.2724	-1.199
33	5	5.111	1	0	0.1704	1.727
33	5	0.2354	0	0	0.1025	0.513
33	5	5.68	1	1	0.2151	1.103
33	5	5.74	1	1	-0.7401	0.6514
33	5	5.29	1	1	-0.2148	-0.09108
33	5	1.88	1	1	0.7297	-1.305
33	5	0.768	0	0	-1.343	-0.2566
33	5	0.6218	0	1	-0.435	0.2965
33	5	1.696	0	0	0.3191	-0.7014
33	5	5.622	1	1	0.3338	1.727
33	5	0.3873	0	0	-0.5688	1.727
33	5	5.31	0	0	0.5564	-1.199
33	5	0.4919	1	0	0.173	-0.6086
33	5	0.8602	0	0	-1.88	-0.429
33	5	0.08642	0	0	-0.6468	-0.09108
33	5	2.196	1	1	-0.2512	1.674
33	5	1.758	0	0	0.4381	-0.7014
33	5	1.699	1	1	-3.093	-0.2566
33	5	0.4086	0	0	0.1951	-0.3419
33	5	0.5171	0	0	0.1529	0.513
33	5	0.4371	1	1	1.557	0.8509
33	5	0.002837	0	0	-0.2901	0.06823
33	5	5.283	0	0	0.2643	-1.199
33	5	0.5975	0	1	-1.1	1.674
33	5	0.8044	0	0	-0.8287	0.6514
33	5	5.328	0	0	1.084	-0.9926
33	5	0.1597	0	1	-0.7011	-0.9926
33	5	0.14	0	0	0.168	-0.429
33	5	0.06591	1	1	0.01254	0.5828
33	5	1.76	1	0	0.1823	1.727
33	5	0.6298	1	1	-0.5863	-1.199
33	5	0.9462	0	1	0.8729	-1.762
33	5	0.347	1	1	0.7332	0.3699
33	5	1.748	1	1	-0.1787	-0.5178
33	5	5.333	1	1	-0.2458	-0.2566
33	5	1.843	1	1	0.2662	-0.5178
33	5	0.7009	0	0	0.3943	-1.415
33	5	0.4053	1	1	0.983	-0.5178
33	5	0.9499	1	0	3.603	-0.429
33	5	5.451	1	0	-0.1617	0.1457
33	5	0.05605	0	0	0.08152	0.1457
33	5	0.2027	0	1	-1.096	-0.8933
33	5	1.77	1	1	-2.065	-0.2566
33	5	0.132	1	1	-0.1651	0.9153
33	5	0.8612	0	1	0.2306	2.225
33	5	0.8747	1	0	0.8784	-0.09108
33	5	0.1783	0	1	-0.3128	0.9788
34	5	5.409	1	1	0.2095	-0.2106
34	5	1.723	0	0	0.3517	0.724
34	5	0.6916	0	1	0.1386	0.5267
34	5	0.01071	0	0	0.2286	1.207
34	5	1.711	1	0	0.1715	-0.05199
34	5	1.672	0	1	0.1432	1.69
34	5	0.1862	0	1	-0.1819	1.483
34	5	0.6787	0	0	-0.5784	-0.2106
34	5	1.891	0	0	-0.4009	-1.32
34	5	0.3709	1	0	-0.2349	0.5267
34	5	0.3611	1	1	-0.05461	0.4587
34	5	0.6159	1	1	-0.3087	-0.2106
34	5	1.577	0	0	-0.2156	-0.9156
34	5	0.7326	1	0	-0.2369	0.1748
34	5	5.403	0	0	-0.5161	-1.539
34	5	0.6692	1	0	-0.1715	0.9729
34	5	5.488	1	1	-0.07746	-0.3757
34	5	0.2208	1	1	-0.235	-0.9156
34	5	0.6043	0	1	-0.206	-0.6366
34	5	0.4682	0	1	-0.05638	0.3896
34	5	1.817	0	0	-0.08115	-1.653
34	5	1.888	0	0	-0.27	-1.428
34	5	1.781	1	0	-0.1479	-0.2923
34	5	0.3244	1	1	-0.4461	-0.6366
34	5	1.846	1	1	0.01727	-0.3757
34	5	0.9654	1	1	-0.4119	1.15
34	5	0.9938	0	1	-0.008844	-1.891
34	5	0.8606	1	1	0.3169	0.5267
34	5	0.9722	1	1	-0.2399	0.5267
34	5	1.864	1	1	-0.08785	-0.2923
34	5	5.472	0	0	0.1137	-0.5478
34	5	0.372	0	1	-0.08639	-0.4608
34	5	5.266	1	1	-0.2063	-0.4608
34	5	0.8861	0	0	-0.2338	-0.3757
34	5	0.1206	1	0	-0.2047	0.3896
34	5	5.682	0	0	0.1433	-1.113
34	5	0.532	0	0	-0.193	-1.891
34	5	5.428	1	1	-0.2403	0.3193
34	5	5.47	0	0	-0.3394	-0.2106
34	5	0.5631	0	1	0.007287	2.511
34	5	0.231	1	1	-0.21	2.427
34	5	0.4415	0	1	-0.2108	0.02503
34	5	0.3342	0	1	-0.8056	1.264
34	5	0.3651	0	0	-0.1022	-0.7275
34	5	0.8188	1	1	-0.189	-0.3757
34	5	4.757	1	1	-0.3324	0.3193
34	5	0.4604	1	1	-0.243	1.207
34	5	0.06787	1	1	-0.2473	0.1006
34	5	5.534	0	0	-0.7524	-0.4608
34	5	0.2285	1	1	-0.2791	0.6593
35	5	5.302	0	0	0.4346	-0.6807
35	5	0.5277	1	1	-1.714	0.2226
35	5	1.238	0	0	-1.036	0.1607
35	5	1.105	1	0	0.6943	0.5169
35	5	0.4651	0	1	0.09869	1.666
35	5	0.2128	1	0	1.012	-0.9263
35	5	1.82	0	1	-0.3788	1.137
35	5	0.09935	1	1	-0.1862	1.09
35	5	0.3899	1	1	-1.231	3.965
35	5	0.2117	1	0	2.061	-0.6807
35	5	0.502	1	1	-0.2276	1.541
35	5	5.628	1	1	-1.609	0.5169
35	5	0.6267	1	0	-0.7352	-0.7607
35	5	1.05	0	0	-1.486	0.03355
35	5	0.2293	0	0	-0.1168	0.8407
35	5	1.558	0	1	0.9546	-0.6807
35	5	5.363	1	1	0.1147	-0.6025
35	5	1.115	0	1	0.1192	0.03355
35	5	0.1754	1	1	0.8418	1.786
35	5	5.271	0	0	-0.4523	-1.19
35	5	5.576	0	0	0.8837	-1.19
35	5	0.6553	1	1	-1.116	1.277
35	5	0.2046	0	0	-0.3301	0.03355
35	5	0.276	0	0	0.8158	0.3433
35	5	1.644	1	1	0.61	-0.09829
35	5	0.4441	0	1	0.4785	-1.377
35	5	0.9436	0	0	0.5367	-1.377
35	5	1.945	1	0	0.9201	-0.1661
35	5	1.828	0	0	-1.193	-0.1661
35	5	5.042	0	0	1.302	-0.5259
35	5	1.663	1	1	-0.1959	-0.5259
35	5	1.504	0	0	-0.4451	-1.575
35	5	0.8849	1	1	-0.2219	-0.1661
35	5	1.779	0	0	-0.3688	-0.9263
35	5	0.5549	1	1	0.6146	-0.3057
35	5	0.6087	1	1	0.1197	-0.5259
35	5	0.3273	0	1	0.9797	-1.012
35	5	1.806	1	1	-0.8045	1.041
35	5	5.844	1	1	-0.5006	0.3433
35	5	5.268	0	0	-0.3318	-0.7607
35	5	1.131	0	1	0.5895	-0.3057
35	5	5.166	1	1	0.9273	-0.2352
35	5	1.275	1	1	-1.054	-0.9263
35	5	0.9406	1	1	0.02929	-0.1661
35	5	0.3373	0	1	-1.071	0.8919
35	5	0.323	1	1	0.7827	0.4021
35	5	0.4566	1	1	-1.247	-0.03176
35	5	5.407	0	0	0.5027	-0.451
35	5	0.2521	0	1	-1.737	0.46
35	5	2.045	1	1	0.8985	0.03355
36	5	1.91	1	1	-1.522	1.316
36	5	0.555	0	0	0.7225	-0.9397
36	5	1.065	0	0	2.24	-0.2393
36	5	5.357	0	0	-0.8048	-2.175
36	5	0.2597	0	0	0.5283	1.316
36	5	0.6575	0	0	0.9246	1.182
36	5	0.009221	1	0	-0.338	-0.7283
36	5	0.02465	0	1	0.2757	1.114
36	5	2.012	0	1	-1.858	0.2855
36	5	2.034	1	0	-1.638	-0.6262
36	5	5.191	0	0	0.1478	-1.394
36	5	0.01817	1	0	-0.08924	-0.333
36	5	5.126	1	1	-0.6663	-0.6262
36	5	0.4282	1	1	1.426	0.03068
36	5	2.133	1	1	0.6243	0.03068
36	5	2.215	1	1	0.8547	0.03068
36	5	5.654	1	1	1	0.5268
36	5	1.428	1	0	1.653	1.509
36	5	5.547	0	0	0.3063	0.03068
36	5	1.657	1	1	-1.187	-0.7283
36	5	0.5276	1	1	0.1718	-1.049
36	5	0.8243	1	1	-1.559	-0.333
36	5	1.044	1	1	0.2221	-1.161
36	5	0.522	0	0	0.2643	0.2855
36	5	5.546	1	1	-0.9734	-0.1475
36	5	0.5848	0	1	0.637	-0.6262
36	5	0.3412	1	1	-2.254	-0.8328
36	5	0.9444	1	1	0.5017	1.045
36	5	5.186	0	0	1.328	-0.6262
36	5	0.7972	0	0	0.7843	-1.161
36	5	1.098	1	1	-0.4236	-0.8328
36	5	0.8922	0	1	-0.9751	1.045
36	5	0.1328	0	0	2.363	-0.333
36	5	0.3723	0	1	-0.3608	-0.1475
36	5	5.553	0	0	0.8629	-0.8328
36	5	0.4702	1	0	-0.8425	1.381
36	5	5.54	1	1	1.573	-0.9397
36	5	0.9544	1	1	-0.2352	-0.6262
36	5	0.2845	0	1	0.7198	0.03068
36	5	0.9595	1	1	-0.1114	-0.2393
36	5	0.6949	0	0	-0.7859	1.446
36	5	1.955	1	1	-0.8113	0.6809
36	5	0.2646	1	1	-0.009178	0.2022
36	5	0.5427	1	1	1.795	0.6809
36	5	2.147	1	0	0.6917	-0.6262
36	5	1.987	1	1	0.1024	0.756
36	5	0.7517	0	1	0.3934	1.381
36	5	0.1165	0	1	2.061	-0.1475
36	5	5.307	0	0	-1.852	-1.161
36	5	0.7931	0	0	0.01948	3.309
37	5	5.051	1	1	0.609	0.5429
37	5	1.944	0	0	-0.3818	-0.7496
37	5	0.5927	1	1	1.631	0.2741
37	5	0.8588	1	1	0.3037	0.3654
37	5	2.077	1	1	0.3748	1.344
37	5	0.849	1	1	0.151	2.339
37	5	0.3597	1	1	-0.4715	0.5429
37	5	1.066	0	0	-0.09494	1.56
37	5	5.223	1	1	1.349	-0.3136
37	5	0.1643	0	0	-0.9909	-0.6368
37	5	0.7191	0	1	2.478	0.96
37	5	5.551	0	0	-0.9119	1.117
37	5	1.747	0	0	0.3792	0.7141
37	5	0.03841	1	0	-0.2752	0.7141
37	5	5.517	0	0	0.1044	-0.4189
37	5	1.503	1	1	0.8403	-0.4189
37	5	1.248	0	0	-0.3906	0.2741
37	5	1.84	1	1	-0.2429	-0.4189
37	5	1.259	1	1	0.8718	-1.229
37	5	5.479	1	1	-1.738	-0.7496
37	5	0.4572	1	1	0.4429	-0.6368
37	5	0.8113	0	1	1.016	-0.9835
37	5	0.04271	0	1	-1.133	3.061
37	5	0.5797	0	0	0.8935	-0.01073
37	5	5.507	0	0	0.4262	-0.2105
37	5	0.1451	0	0	0.2809	-0.4189
37	5	1.006	0	1	-1.953	-0.2105
37	5	5.549	0	0	-0.06877	-1.488
37	5	0.2644	1	1	-0.1148	-0.1096
37	5	0.409	1	1	0.05652	-0.2105
37	5	0.1558	0	1	-0.07254	-1.229
37	5	0.5363	1	0	0.8463	0.5429
37	5	1.871	0	0	1.009	-1.357
37	5	1.857	1	1	-0.609	-1.357
37	5	0.2723	1	1	0.792	-0.4189
37	5	5.577	1	1	0.1564	-0.5266
37	5	5.134	0	0	0.01687	-0.01073
37	5	1.935	1	1	0.8122	1.194
37	5	1.887	1	1	-0.8006	-0.2105
37	5	0.2244	1	1	-0.5776	0.181
37	5	0.1191	0	1	-1.364	-0.1096
37	5	1.978	0	1	-0.5927	-0.9835
37	5	0.1861	0	1	0.7454	-0.9835
37	5	0.5192	0	0	0.7286	0.6293
37	5	5.584	1	1	-0.006385	-0.2105
37	5	0.894	0	0	0.8621	0.2741
37	5	0.4954	0	0	-1.551	-0.4189
37	5	1.21	1	1	-1.066	-0.3136
37	5	0.2838	1	0	-0.1569	2.339
37	5	0.9799	0	1	-0.5368	-1.623
38	5	2.09	0	0	-1.155	1.421
38	5	5.456	0	0	0.2081	-0.8542
38	5	1.933	1	1	0.3963	-0.9565
38	5	0.662	0	0	-0.04223	0.511
38	5	5.315	1	1	1.629	0.1306
38	5	5.019	0	0	-0.3114	-0.2883
38	5	0.5034	0	1	-0.1692	-0.5616
38	5	1.742	1	1	-0.7545	-0.2883
38	5	0.6036	1	1	-0.2218	-0.5616
38	5	0.6085	1	1	-0.2602	-0.9565
38	5	5.717	0	0	0.7719	0.792
38	5	1.729	0	1	-0.7831	1.055
38	5	0.2079	1	1	0.3003	-0.3774
38	5	0.8773	1	0	-0.8909	3.698
38	5	0.09494	1	0	-0.216	-1.169
38	5	0.4026	0	1	1.318	-0.2883
38	5	5.741	1	1	-0.6902	-0.2883
38	5	1.944	0	0	-0.1502	0.511
38	5	0.2133	1	1	-0.3334	-1.061
38	5	1.901	0	1	-1.09	-0.6569
38	5	5.344	1	1	-1.578	0.363
38	5	1.045	1	1	0.1899	0.8594
38	5	0.5416	1	1	0.9161	1.181
38	5	0.3558	1	0	0.1903	1.592
38	5	2.127	1	1	-0.1626	-1.754
38	5	5.803	1	1	-0.4892	-0.2883
38	5	1.152	1	1	0.1161	-0.4685
38	5	0.1206	0	0	-0.7292	0.8594
38	5	0.09118	0	1	-0.02956	-1.28
38	5	0.7458	1	1	0.1995	-0.6569
38	5	1.084	0	1	-1.227	0.363
38	5	0.2498	1	1	-0.07829	-1.63
38	5	1.879	0	0	-1.945	0.7235
38	5	5.393	0	0	0.1423	-0.1156
38	5	5.11	1	1	-0.8568	-0.2883
38	5	1.114	1	1	1.083	-0.7544
38	5	0.9777	1	1	-0.4321	-0.7544
38	5	0.01723	1	0	-0.8523	2.357
38	5	0.5761	0	1	0.1459	-0.1156
38	5	1.242	1	1	0.4012	0.2869
38	5	1.996	0	0	0.1928	-0.3774
38	5	0.4814	0	1	-0.9647	0.363
38	5	0.42	1	0	-0.5334	0.511
38	5	1.663	0	0	-0.1698	-0.03194
38	5	5.248	1	1	-0.5162	0.511
38	5	0.6082	0	1	-2.225	-0.5616
38	5	0.4665	0	0	0.8099	-1.169
38	5	0.4921	0	0	-0.7372	0.792
38	5	0.6201	0	1	0.1383	0.05011
38	5	0.05067	0	0	-0.08624	-0.3774
39	5	0.006498	0	0	-0.2176	-0.7285
39	5	0.5378	1	1	-0.3726	-0.5606
39	5	0.4171	0	0	-1.484	-0.02886
39	5	0.2527	1	1	0.9304	-0.8156
39	5	0.4079	1	1	-0.5098	-0.247
39	5	0.5034	0	1	1.081	0.04096
39	5	1.15	1	0	-1.409	1.924
39	5	1.057	0	0	-0.52	-0.1001
39	5	5.354	0	0	-0.1226	-0.247
39	5	1.864	0	0	-0.3594	-0.4003
39	5	0.5737	0	1	-0.6998	-0.1728
39	5	2.163	0	0	0.655	1.447
39	5	0.1364	0	1	0.02475	-0.4003
39	5	0.2957	1	0	0.0296	-1.494
39	5	5.621	0	0	-0.1916	-0.8156
39	5	5.014	1	1	-0.9858	-0.8156
39	5	2.182	0	0	0.5893	-0.6435
39	5	0.2934	1	1	2.433	-0.4003
39	5	0.02679	0	0	-1.381	2.307
39	5	5.43	1	1	0.151	-0.4795
39	5	2.298	1	1	-0.0619	1.353
39	5	5.276	1	1	0.02025	-0.1728
39	5	1	0	0	0.9567	-0.4003
39	5	0.5923	1	0	0.3523	-0.1001
39	5	0.5489	1	1	0.6257	-1.389
39	5	1.644	1	1	0.2176	-0.9048
39	5	0.2956	0	0	-0.6052	-0.1728
39	5	1.509	0	1	-0.6218	-0.7285
39	5	1.046	0	0	-0.0285	0.3072
39	5	5.205	1	1	-0.3001	-0.247
39	5	0.6939	0	1	0.1214	0.4331
39	5	1.802	0	0	1.227	-0.8156
39	5	0.4732	0	1	0.1054	0.6722
39	5	0.2023	1	1	-0.2242	3.313
39	5	0.2544	0	1	0.2224	-0.3228
39	5	0.2332	1	1	-1.144	-0.247
39	5	1.611	0	0	1.476	-0.02886
39	5	0.6811	0	1	-0.6047	0.3072
39	5	5.532	1	1	1.654	-0.5606
39	5	1.907	1	0	-1.375	0.8415
39	5	1.511	1	1	-0.1268	-0.9048
39	5	1.327	1	1	-1.718	-0.4003
39	5	5.11	1	1	0.04631	-0.02886
39	5	0.4732	0	0	0.6667	2.043
39	5	0.9255	0	1	0.4301	0.4944
39	5	0.492	1	1	-0.422	-0.1001
39	5	5.375	0	0	0.2813	-1.09
39	5	5.089	1	1	0.7145	-0.1001
39	5	1.035	0	1	0.836	-0.7285
39	5	0.7141	0	1	-1.162	2.307
40	6	1.833	0	0	1.032	0.2962
40	6	1.742	1	1	-0.285	-0.3516
40	6	1.518	1	1	0.664	-0.3516
40	6	0.3685	1	1	0.7273	0.7185
40	6	0.5094	0	0	-0.09715	1.217
40	6	1.162	1	1	-0.06585	0.2962
40	6	0.4064	0	1	-0.9316	-0.5324
40	6	0.687	1	1	-0.1847	-0.6262
40	6	5.328	1	1	-1.112	0.1443
40	6	0.2396	0	1	-0.489	0.9132
40	6	0.5577	0	0	-0.3542	2.324
40	6	1.052	1	1	-0.9178	0.976
40	6	0.2013	0	1	-0.8095	-1.243
40	6	5.614	0	0	0.7125	-1.133
40	6	5.301	1	1	0.5733	-1.133
40	6	1.695	0	0	1.344	-1.357
40	6	1.128	1	1	2.518	1.038
40	6	0.542	0	0	0.3886	-0.8209
40	6	1.254	1	1	-0.3332	-0.179
40	6	0.296	0	0	0.6198	2.737
40	6	0.5231	0	0	-0.3344	0.4422
40	6	1.691	1	1	-0.2772	-1.473
40	6	1.728	0	1	2.524	0.4422
40	6	5.806	0	0	1.643	-0.3516
40	6	1.575	1	1	0.571	-0.3516
40	6	0.1682	0	1	0.2041	0.9132
40	6	1.046	0	0	3.271	-0.9221
40	6	5.164	0	0	0.4206	-0.7223
40	6	0.1768	1	0	-0.3259	0.3699
40	6	1.383	1	1	0.5332	-0.2643
40	6	1.518	1	1	-0.6032	-0.09554
40	6	5.567	1	1	2.348	0.5829
40	6	0.1316	1	1	-0.4442	1.158
40	6	0.2598	1	0	0.2162	1.038
40	6	0.1896	1	0	-0.4855	-0.179
40	6	5.264	1	1	0.3857	0.6513
40	6	1.007	0	0	0.05135	1.038
40	6	0.1135	0	1	-0.7766	-0.01389
40	6	0.2908	1	1	1.042	0.5829
40	6	0.6566	1	1	-0.2511	-2.896
40	6	1.011	0	0	1.841	0.7845
40	6	1.98	0	0	1.224	-1.133
40	6	5.413	1	1	-0.07284	-1.243
40	6	0.3421	0	0	-2.31	-0.9221
40	6	0.9917	1	1	-1.373	0.6513
40	6	0.07236	0	1	-0.1522	-0.179
40	6	5.481	1	1	-1.027	0.221
40	6	5.44	0	0	-1.625	-0.4409
40	6	0.7825	0	1	0.9101	-0.179
40	6	0.01835	1	1	1.028	-0.4409
41	6	5.212	1	1	1.817	-0.06009
41	6	1.544	1	0	0.2942	-0.45
41	6	0.1449	1	0	0.7165	1.154
41	6	0.5812	1	1	-0.09497	0.43
41	6	0.558	1	1	0.6652	-0.06009
41	6	5.783	0	0	-1.004	-0.973
41	6	0.7034	1	1	0.6591	-1.163
41	6	5.454	1	1	0.003327	-0.7032
41	6	1.063	0	1	-0.29	-0.7911
41	6	0.2289	1	0	0.8804	0.6858
41	6	5.342	1	1	0.1774	-0.2896
41	6	0.4667	1	0	0.143	2.045
41	6	5.492	1	1	-1.208	-0.2116
41	6	0.5117	1	0	1.619	1.154
41	6	0.1217	0	0	-0.1345	0.9265
41	6	5.591	0	0	0.5802	0.2959
41	6	0.1537	0	1	0.369	1.574
41	6	0.4771	0	1	0.04665	0.9265
41	6	0.0246	1	1	0.7346	-0.369
41	6	0.3268	0	0	-0.1679	-0.617
41	6	0.05307	0	1	0.6126	0.1572
41	6	1.518	1	1	-0.03648	-0.06009
41	6	0.4588	1	1	-0.08263	0.1572
41	6	0.577	1	1	-0.5075	0.6233
41	6	0.1765	1	0	0.8601	2.303
41	6	5.789	0	0	-0.9747	-0.7911
41	6	0.2683	0	0	-0.8459	-0.1352
41	6	2.177	0	0	-0.2836	-0.7911
41	6	0.31	0	0	0.6242	0.2959
41	6	0.07343	0	1	0.1854	-0.7032
41	6	0.3045	0	1	0.538	0.6233
41	6	0.3696	1	1	1.459	0.6233
41	6	0.6245	1	0	0.2902	0.5599
41	6	0.8028	0	1	0.02864	0.1572
41	6	0.7006	0	1	0.3808	-0.7032
41	6	1.689	1	1	0.01528	0.4955
41	6	1.776	0	0	2.274	-1.909
41	6	1.759	1	1	0.2227	-0.617
41	6	0.2848	1	1	0.7644	-0.7032
41	6	5.342	1	1	-2.103	-1.067
41	6	0.9235	0	1	-1.395	-0.7032
41	6	1.102	0	1	-0.2303	3.199
41	6	5.159	0	0	-0.5542	-1.163
41	6	1.952	0	0	-1.837	-1.262
41	6	1.925	0	1	-1.009	0.6233
41	6	0.811	0	0	0.263	-1.163
41	6	2.11	0	1	-1.488	-0.7911
41	6	0.5017	0	1	-0.5774	-0.973
41	6	5.351	1	1	-1.048	0.7473
41	6	1.617	0	0	-1.839	-0.5327
42	6	1.82	1	0	1.215	2.536
42	6	5.505	1	1	-0.408	-0.444
42	6	0.3062	1	1	1.308	-0.02435
42	6	5.305	1	1	0.1734	-0.91
42	6	0.9517	0	0	0.4549	1.72
42	6	5.416	0	0	0.6158	-0.7174
42	6	1.63	1	0	-0.07819	0.5011
42	6	0.4438	0	1	0.6626	-0.1873
42	6	5.183	0	0	0.3688	-0.91
42	6	0.5727	1	1	1.197	0.5011
42	6	0.7683	0	1	0.1897	0.2838
42	6	5.383	0	0	1.177	-1.216
42	6	0.163	0	0	-1.845	-2.161
42	6	0.4223	1	1	0.5405	0.1325
42	6	0.5007	1	0	0.006596	1.154
42	6	0.1938	1	1	-1.249	1.72
42	6	1.798	1	1	1.783	0.1325
42	6	0.4059	0	1	-2.82	-0.02435
42	6	1.921	0	1	0.3914	1.332
42	6	2.037	0	0	0.8962	-0.7174
42	6	0.8474	0	1	-0.7236	0.9048
42	6	0.2211	0	0	0.2324	0.9685
42	6	5.583	0	0	0.7503	-0.3567
42	6	0.6475	0	0	0.0552	1.214
42	6	0.4333	1	1	1.276	-0.8126
42	6	0.5621	1	1	-0.3494	-0.02435
42	6	5.078	0	0	-0.6555	-0.444
42	6	2.101	0	1	0.2372	0.4299
42	6	2.145	1	0	-0.8198	1.824
42	6	5.189	1	1	0.6137	-1.216
42	6	1.14	0	0	-1.557	-0.7174
42	6	1.745	1	1	-0.5719	-1.216
42	6	1.071	1	1	0.8269	-0.02435
42	6	0.3093	1	1	0.3407	-0.105
42	6	0.2055	0	1	0.2328	0.05482
42	6	0.1454	1	1	-0.5961	0.7744
42	6	2.045	1	1	0.7665	-0.2711
42	6	5.542	0	0	2.07	-0.5332
42	6	1.18	1	1	0.2668	-1.112
42	6	0.1614	1	1	-0.4962	-0.105
42	6	0.6892	0	1	0.2068	-1.434
42	6	0.3853	0	1	-0.0687	-0.7174
42	6	2.176	1	1	1.166	0.3575
42	6	1.308	1	1	-0.4152	-0.5332
42	6	0.1024	0	0	0.8202	0.7077
42	6	0.2967	0	0	1.909	1.446
42	6	0.7483	1	1	1.6	1.154
42	6	0.6016	0	1	0.2863	-1.01
42	6	0.3476	1	0	-0.2217	-1.546
42	6	5.692	0	0	0.4378	-0.3567
43	6	5.175	0	0	1.527	-0.6338
43	6	0.9393	1	1	-0.1937	0.7216
43	6	5.498	0	0	-1.719	-0.8014
43	6	5.357	0	0	-2.213	0.888
43	6	0.3698	1	1	0.08529	0.6064
43	6	5.382	1	1	-0.4297	-0.4735
43	6	0.9321	0	1	0.5349	-0.1725
43	6	5.655	1	1	-0.3652	-0.1009
43	6	0.571	0	1	0.2585	-0.03066
43	6	2.22	0	0	0.2634	-0.3959
43	6	0.5238	1	1	0.05136	-0.9769
43	6	0.425	0	0	-1.2	0.5475
43	6	0.8213	1	1	0.5943	1.796
43	6	0.4223	1	1	1.267	-0.6338
43	6	5.544	0	0	-1.535	-1.161
43	6	1.723	1	1	-0.4764	0.1723
43	6	0.09402	1	1	1.072	-0.3199
43	6	5.368	1	1	-0.6872	-1.667
43	6	1.886	1	1	0.4017	-0.2454
43	6	1.752	1	1	1.34	-0.03066
43	6	1.568	0	0	-0.8613	1.394
43	6	1.962	1	1	0.9685	0.2375
43	6	0.6613	0	1	-0.83	1.71
43	6	5.204	1	1	-0.01835	-1.257
43	6	0.1924	1	1	0.4842	0.1723
43	6	0.3652	0	0	0.8153	1.578
43	6	0.4713	0	1	-0.4746	1.487
43	6	2.14	1	1	-0.2472	-0.8881
43	6	0.1014	0	0	-0.7545	-0.1725
43	6	0.7728	0	1	0.02513	-0.6338
43	6	1.859	0	1	0.8557	1.962
43	6	0.2764	0	0	0.4057	-0.4735
43	6	0.4032	0	0	0.1093	-0.1009
43	6	0.7429	0	0	2.558	-0.8014
43	6	0.0766	1	1	0.8362	1.346
43	6	2.05	0	1	0.4042	-0.8014
43	6	0.5858	0	1	-0.131	-0.7166
43	6	0.4745	1	0	-0.8636	1.88
43	6	0.655	1	0	-0.3529	0.9948
43	6	0.2227	0	1	1.626	-0.2454
43	6	0.9327	0	0	-0.5175	0.6064
43	6	0.9253	1	0	0.516	0.7216
43	6	0.2446	0	1	-0.9603	-1.068
43	6	0.3178	1	1	1.151	-0.8014
43	6	2.127	0	0	1.017	0.9948
43	6	5.654	0	0	-0.6691	-0.4735
43	6	0.2884	1	1	-0.3421	-1.56
43	6	0.3755	0	1	-0.7356	-2.253
43	6	0.8151	0	1	1.301	-0.4735
43	6	5.457	1	1	-0.3988	0.5475
44	6	0.02092	1	1	0.8606	-0.1123
44	6	1.688	1	0	0.5851	0.5922
44	6	5.486	0	0	1.721	-1.407
44	6	0.6799	1	1	0.4712	-0.9635
44	6	0.2243	0	0	-0.02819	1.878
44	6	0.3054	0	1	-1.864	-0.469
44	6	0.118	1	1	0.6797	-0.3769
44	6	0.4176	0	0	2.025	-0.8597
44	6	5.245	1	1	-0.04463	0.3706
44	6	1.025	1	1	-0.725	1.434
44	6	5.73	1	1	-0.2618	-0.8597
44	6	5.335	0	0	-0.02741	0.2939
44	6	0.5205	1	0	0.7403	0.3706
44	6	0.9056	0	1	0.5159	0.5922
44	6	1.057	0	0	-0.03052	-0.8597
44	6	5.47	1	1	-0.0668	-0.6597
44	6	0.5007	1	1	-1.193	-0.2868
44	6	5.661	1	1	-0.9709	0.1362
44	6	0.6712	1	1	-0.01822	-0.5633
44	6	0.4633	1	0	-0.04168	-1.292
44	6	2.056	0	0	0.3123	0.5197
44	6	0.21	0	1	-0.2199	-0.1123
44	6	5.519	1	1	-1.818	0.05506
44	6	5.341	0	0	0.3516	-0.469
44	6	2.186	1	1	-0.7328	-0.6597
44	6	0.2854	0	0	0.2221	0.05506
44	6	0.5856	0	0	-0.8103	0.9369
44	6	0.3148	0	1	0.8533	-0.1986
44	6	1.755	0	0	-0.313	0.8025
44	6	0.007101	1	1	0.4009	1.003
44	6	0.9089	1	1	-1.601	3.61
44	6	1.095	1	1	-1.605	0.2159
44	6	2.063	0	0	-1.031	-1.407
44	6	1.785	1	1	-1.102	-1.07
44	6	0.1575	1	1	-0.4604	-1.07
44	6	1.828	0	1	0.1876	-0.469
44	6	0.3991	1	1	-0.6534	0.2159
44	6	5.288	0	0	0.7956	-1.292
44	6	1.195	0	1	-0.9157	-1.179
44	6	0.1416	0	1	1.179	0.05506
44	6	1.063	0	0	0.6261	0.2159
44	6	0.1857	0	1	-1.116	1.255
44	6	0.395	1	1	-0.8955	-1.407
44	6	1.728	1	1	-1.135	1.55
44	6	5.276	1	1	-0.02343	1.067
44	6	0.6081	0	0	-0.9105	0.7336
44	6	0.2203	1	1	-0.2819	-0.8597
44	6	1.041	0	1	-0.2192	-0.6597
44	6	0.349	0	0	-1.095	0.8025
44	6	1.779	0	1	-0.1026	0.8025
45	6	1.637	0	0	0.06177	0.3986
45	6	0.8482	1	1	-1.574	0.1353
45	6	0.1575	1	0	-0.5161	0.2249
45	6	5.544	0	0	-2.069	-0.5509
45	6	0.5378	0	0	-0.6659	-1.119
45	6	5.258	1	0	-0.6257	-0.1454
45	6	5.317	0	0	1.467	-0.3433
45	6	1.842	0	0	0.227	0.6465
45	6	0.08631	0	1	0.02905	-0.1454
45	6	1.723	1	1	-0.09452	0.6465
45	6	1.618	0	0	0.3285	-0.6586
45	6	0.09899	1	1	-0.373	-1.5
45	6	0.03757	0	1	-1.05	-0.5509
45	6	1.864	1	1	0.0602	-0.6586
45	6	5.596	0	0	0.2239	-0.1454
45	6	0.5725	0	1	0.09828	0.3986
45	6	0.1455	1	0	-1.016	1.245
45	6	0.6131	0	1	-0.3161	-1.119
45	6	0.3684	0	0	-0.9096	2.755
45	6	0.7504	1	1	0.9215	0.2249
45	6	2.049	0	0	-1.203	-0.9992
45	6	1.586	1	1	-0.6697	-2.906
45	6	1.051	1	1	0.5633	-1.242
45	6	0.2373	1	1	-1.071	-1.5
45	6	0.4428	1	1	0.1552	-0.3433
45	6	5.549	0	0	0.05587	-0.8826
45	6	0.9073	0	0	-0.5594	0.9561
45	6	0.533	1	1	0.5623	-1.119
45	6	0.2838	1	1	-0.8756	-0.04974
45	6	1.776	1	1	-0.01768	1.644
45	6	5.635	1	1	1.39	0.1353
45	6	1.355	1	1	0.0009511	0.2249
45	6	1.174	0	0	0.3219	1.891
45	6	1.852	1	1	0.02518	-0.2432
45	6	0.6354	0	1	-0.4118	0.3126
45	6	0.8391	0	0	0.4941	2.124
45	6	1.1	1	1	1.524	-0.3433
45	6	5.456	1	1	-0.8403	1.103
45	6	0.4884	0	1	0.2127	0.3126
45	6	0.2772	0	0	-0.4816	0.04378
45	6	0.6413	0	0	-0.08383	-0.1454
45	6	0.4323	1	1	-1.256	-0.5509
45	6	1.983	0	0	0.3809	0.6465
45	6	0.9193	0	0	0.361	0.1353
45	6	0.07838	0	1	1.442	1.174
45	6	5.553	1	1	0.4741	0.5654
45	6	0.6387	1	1	0.3803	-0.4458
45	6	5.454	0	0	1.112	-0.7691
45	6	0.5891	0	1	-1.702	0.3986
45	6	5.26	1	1	0.247	0.1353
46	6	1.656	0	0	-0.8418	-2.097
46	6	5.44	0	0	-0.09967	0.2761
46	6	0.4079	1	0	-0.7378	0.3618
46	6	1.276	1	0	-0.2943	-0.08508
46	6	0.6741	1	0	0.2398	-0.1804
46	6	1.96	1	1	-1.858	0.6089
46	6	0.705	0	1	-0.8456	-0.08508
46	6	1.175	0	0	0.7002	0.2761
46	6	0.3796	0	0	-0.5682	-0.08508
46	6	5.308	0	0	-0.02371	-0.692
46	6	5.389	1	1	0.1221	-0.5846
46	6	5.419	0	0	-3.431	0.3618
46	6	5.359	0	0	0.1183	-1.151
46	6	0.727	0	1	0.8678	1.274
46	6	0.1941	0	1	-0.3156	1.474
46	6	5.192	0	0	0.7525	-0.8022
46	6	1.154	0	0	-0.8761	0.766
46	6	0.3862	0	1	-1.048	0.09935
46	6	0.3148	1	0	-1.992	1.967
46	6	1.019	1	0	0.4025	0.3618
46	6	0.5172	0	1	1.341	0.5281
46	6	1.941	0	0	1.82	-1.151
46	6	0.3513	0	0	0.3204	-0.3777
46	6	0.849	0	0	2.131	-1.151
46	6	0.5492	0	0	-0.5309	-0.08508
46	6	1.642	1	1	-0.8731	0.6089
46	6	0.4711	1	1	-0.1754	-0.8022
46	6	0.4382	0	0	-0.1082	-0.5846
46	6	1.174	1	0	-0.1845	-1.4
46	6	1.9	0	0	-0.5475	0.6089
46	6	0.8623	0	0	0.755	-0.3777
46	6	5.611	0	0	-0.1822	-1.151
46	6	5.496	1	1	-1.841	-0.08508
46	6	1.572	1	1	-0.4842	-0.5846
46	6	0.631	1	1	-0.9099	0.766
46	6	1.645	1	0	-0.2924	2.138
46	6	1.781	0	0	-0.8587	-1.031
46	6	1.587	1	0	-1.637	2.711
46	6	0.05504	0	1	-0.03518	1.205
46	6	0.2046	0	0	-0.91	-0.8022
46	6	5.099	0	0	0.1184	-0.9153
46	6	0.5623	1	1	0.7871	1.135
46	6	5.317	1	1	-0.6118	-1.531
46	6	1.941	1	1	0.02332	-1.031
46	6	0.3277	1	1	-0.6328	0.9175
46	6	0.3919	1	1	-0.1905	0.5281
46	6	0.02816	1	0	-0.8284	-0.2779
46	6	0.2429	1	1	-0.579	-0.4799
46	6	0.616	1	1	-1.042	0.6089
47	6	0.2744	1	1	1.209	1.418
47	6	0.1127	1	0	0.4166	-1.436
47	6	1.989	1	0	-0.5569	1.642
47	6	2.193	0	1	-0.5009	-0.4312
47	6	5.772	1	1	-0.9105	0.229
47	6	1.052	1	0	0.2286	0.6639
47	6	0.564	1	1	0.3098	0.5945
47	6	0.01746	1	0	0.07613	-1.109
47	6	0.4814	0	1	1.298	1.182
47	6	0.3502	0	0	-0.783	-1.005
47	6	0.8308	1	1	0.326	0.0734
47	6	2.015	0	1	-0.425	1.957
47	6	0.4082	1	0	-0.07655	0.7322
47	6	2.101	1	1	-0.7828	-0.4312
47	6	0.06071	0	0	1.187	1.587
47	6	0.1624	0	0	-0.2658	-2.179
47	6	5.471	1	1	0.005955	-0.1714
47	6	0.8536	0	1	-2.103	-0.6139
47	6	5.137	0	0	-0.2591	0.4521
47	6	0.4547	1	1	-0.07747	-1.436
47	6	0.2378	1	1	0.417	-0.2562
47	6	5.139	0	0	-1.257	0.4521
47	6	0.2413	0	0	-0.3945	-0.006608
47	6	1.99	1	1	0.4664	-0.006608
47	6	1.536	1	1	1.807	-0.006608
47	6	0.8027	0	0	-0.2074	2.298
47	6	5.186	0	0	-1.532	-0.3428
47	6	0.3097	1	0	-0.2064	-0.4312
47	6	2.014	0	0	-1.836	1.36
47	6	5.413	0	0	1.4	-0.8049
47	6	5.361	0	0	-0.2701	0.229
47	6	0.9928	0	1	1.344	-0.4312
47	6	0.2382	1	0	1.132	0.9307
47	6	0.8846	0	0	-0.6845	-0.8049
47	6	0.8528	0	0	-0.6111	0.229
47	6	0.7813	0	1	0.3996	-1.436
47	6	0.1145	0	1	0.701	1.418
47	6	2.046	1	1	0.2577	-0.4312
47	6	0.1152	0	0	-0.4942	-0.8049
47	6	0.8075	1	1	-0.6108	-0.4312
47	6	0.2025	0	1	0.5705	-0.1714
47	6	1.374	1	1	-0.7948	-0.4312
47	6	0.2836	1	1	1.418	0.7322
47	6	1.018	0	1	-0.9102	-0.8049
47	6	1.916	1	1	0.4984	0.7994
47	6	0.6016	1	1	-0.7185	-0.8049
47	6	5.178	1	0	1.185	1.36
47	6	0.7755	1	1	2.162	-1.109
47	6	5.53	0	0	-1.309	-1.109
47	6	5.495	0	0	0.9339	-0.9037
48	6	1.891	1	1	1.377	-0.4344
48	6	0.2411	0	1	-0.5644	-1.753
48	6	0.4704	1	0	1.136	-0.3213
48	6	0.1152	1	1	-0.09329	-0.2108
48	6	0.6712	0	0	0.6863	1.025
48	6	0.5319	1	0	0.02626	1.499
48	6	0.8909	1	1	-0.1551	-0.103
48	6	1.811	0	0	0.8034	-0.2108
48	6	0.5225	0	0	0.07107	-0.3213
48	6	0.9547	1	1	-0.1576	0.002353
48	6	0.4114	1	1	-0.3009	-2.069
48	6	0.1996	1	1	-0.4991	0.9408
48	6	1.667	0	0	0.609	0.002353
48	6	1.936	1	1	0.2717	0.3046
48	6	5.641	0	0	-0.4788	-0.5504
48	6	1.925	0	0	-1.339	0.4011
48	6	5.344	0	0	-0.3159	-1.046
48	6	5.485	1	1	0.5088	-0.5504
48	6	0.6571	0	0	-1.474	0.6789
48	6	0.6189	1	0	1.563	0.7679
48	6	4.895	1	1	-0.4058	0.1053
48	6	0.613	1	1	-1.162	-0.7917
48	6	0.0881	0	1	0.4271	-1.046
48	6	0.8081	1	1	-0.08113	0.4011
48	6	1.94	0	0	0.7472	1.424
48	6	1.59	0	1	-0.622	0.2061
48	6	0.3853	1	1	0.8581	-0.7917
48	6	0.2773	0	0	-0.554	1.499
48	6	5.45	0	0	1.162	0.7679
48	6	0.05847	0	1	-0.5258	-1.179
48	6	0.1599	1	1	-1.943	2.064
48	6	0.3757	1	0	1.022	-0.4344
48	6	5.488	1	1	1.683	-0.5504
48	6	0.7484	1	1	-1.11	-1.316
48	6	1.169	0	0	-0.7895	1.929
48	6	0.503	1	1	-0.3699	-1.753
48	6	1.588	1	1	0.8547	1.189
48	6	1.207	0	0	-0.7258	1.574
48	6	5.107	0	0	-1.116	-0.5504
48	6	5.189	0	0	-0.9429	-1.316
48	6	0.5614	0	1	-0.3952	0.9408
48	6	1.719	0	1	-0.4233	-1.316
48	6	0.0277	0	1	-1.937	0.5881
48	6	1.79	0	0	-0.01998	0.002353
48	6	0.9755	0	1	-0.552	0.4011
48	6	5.711	1	1	-0.06329	0.3046
48	6	1.177	1	1	1.602	-0.6695
48	6	5.312	0	0	-0.7144	-0.7917
48	6	0.2391	0	1	1.202	1.268
48	6	0.8194	1	1	0.06407	-0.2108
49	6	0.45	0	0	2.02	-0.5025
49	6	1.463	1	0	-1.044	0.9358
49	6	0.3211	0	0	0.4029	1.592
49	6	1.798	0	1	0.1956	-0.2088
49	6	0.23	0	1	0.8078	0.9358
49	6	0.5388	1	1	1.16	0.5629
49	6	0.9307	0	0	0.2986	0.2379
49	6	0.8807	1	1	-0.9063	-0.5025
49	6	1.926	1	0	0.1043	0.7162
49	6	5.762	1	1	0.2996	-1.045
49	6	5.407	1	1	-0.9024	0.6403
49	6	5.418	0	0	-1.117	-0.5025
49	6	1.807	1	1	0.6	-0.9303
49	6	0.3426	0	1	-2.161	0.7907
49	6	2.032	1	0	0.5786	0.2379
49	6	0.9976	1	1	0.8519	-1.045
49	6	0.7073	1	1	1.077	1.531
49	6	5.428	0	0	-0.03273	-0.3043
49	6	1.841	0	0	1.066	1.652
49	6	5.548	0	0	0.3112	-0.7107
49	6	0.008027	1	0	0.805	0.7907
49	6	5.488	0	0	-0.4088	-0.6053
49	6	0.2386	0	1	-0.2881	-1.162
49	6	0.1863	1	1	0.07756	-0.1154
49	6	1.032	0	0	-1.607	0.7907
49	6	5.11	1	1	0.3257	-0.2088
49	6	0.4454	0	1	0.3683	-0.02416
49	6	1.99	0	0	1.522	-0.5025
49	6	1.145	0	1	1.687	-1.951
49	6	0.1865	0	0	0.3926	-0.5025
49	6	0.297	1	1	0.8198	-0.5025
49	6	0.6194	1	0	2.325	-2.75
49	6	0.8927	0	1	0.4899	1.469
49	6	0.1923	1	1	-0.5016	-0.5025
49	6	0.1059	0	1	-0.442	-1.045
49	6	0.8138	0	1	-0.3527	2.104
49	6	0.532	1	0	2.466	1.144
49	6	1.636	1	1	2.418	-0.7107
49	6	1.99	1	1	1.702	1.144
49	6	0.4396	1	1	-0.5289	-0.02416
49	6	0.3568	0	1	0.6564	-0.819
49	6	5.468	0	0	-1.366	-1.409
49	6	0.255	0	0	1.205	-0.5025
49	6	1.059	1	1	-0.5964	0.4037
49	6	1.744	0	1	2.224	-0.02416
49	6	5.318	1	1	1.205	0.5629
49	6	0.6816	0	0	-1.051	0.7162
49	6	0.8479	1	0	-0.9788	1.406
49	6	5.414	1	1	-0.4794	-1.045
49	6	0.6751	1	1	0.4017	-0.2088
