0	4	0.8522	0	1
0	4	5.549	0	0
0	4	1.568	0	1
0	4	5.34	1	1
0	4	0.09349	0	1
0	4	4.896	0	0
0	4	0.2779	1	0
0	4	0.1601	1	1
0	4	1.079	0	1
0	4	0.3547	0	0
0	4	0.7104	0	0
0	4	0.3037	1	1
0	4	1.849	0	0
0	4	1.034	0	1
0	4	0.3549	0	0
0	4	1.651	0	0
0	4	2.005	1	1
0	4	0.905	1	1
0	4	0.8907	1	1
0	4	0.7494	1	1
0	4	0.4351	1	1
0	4	0.5051	0	0
0	4	1.728	1	1
0	4	1.896	0	1
0	4	0.2851	1	1
0	4	5.393	1	1
0	4	0.611	1	1
0	4	0.04534	1	1
0	4	1.69	1	1
0	4	5.513	1	1
0	4	0.7218	1	1
0	4	5.655	1	1
0	4	1.061	0	0
0	4	0.1753	0	1
0	4	0.1434	1	0
0	4	1.919	0	0
0	4	1.312	0	0
0	4	0.9161	0	0
0	4	5.551	0	0
0	4	0.07653	0	1
0	4	1.992	1	1
0	4	0.4258	0	0
0	4	0.9622	1	1
0	4	0.5327	1	0
0	4	0.2239	0	1
0	4	5.684	1	1
0	4	0.1249	0	1
0	4	0.2186	1	1
0	4	5.609	0	0
0	4	5.486	0	0
1	4	0.6613	0	1
1	4	1.829	0	0
1	4	0.7717	0	0
1	4	0.8627	1	1
1	4	5.706	1	1
1	4	0.4236	1	1
1	4	5.418	1	1
1	4	0.708	1	0
1	4	5.108	1	1
1	4	2.121	1	1
1	4	0.9213	0	1
1	4	2.054	1	0
1	4	0.7349	0	0
1	4	1.169	1	1
1	4	0.1652	0	0
1	4	1.848	1	1
1	4	0.4394	0	1
1	4	5.431	0	0
1	4	1.937	1	1
1	4	0.6801	1	1
1	4	1.024	0	0
1	4	1.252	0	0
1	4	5.134	0	0
1	4	0.5955	1	0
1	4	0.8615	1	0
1	4	1.654	0	0
1	4	0.4554	1	0
1	4	1.999	1	1
1	4	2.209	1	1
1	4	0.3804	0	0
1	4	0.3478	0	0
1	4	5.265	1	1
1	4	0.1484	1	0
1	4	0.4018	1	1
1	4	0.8227	1	1
1	4	0.7793	0	0
1	4	1.564	0	0
1	4	0.3937	0	1
1	4	1.728	1	1
1	4	0.2379	0	0
1	4	0.152	1	1
1	4	0.04216	0	0
1	4	5.605	0	0
1	4	5.39	0	0
1	4	5.57	1	1
1	4	0.5638	0	0
1	4	0.4229	0	0
1	4	5.218	0	0
1	4	1.101	1	0
1	4	0.3045	1	1
2	4	0.8978	0	0
2	4	0.3853	0	1
2	4	1.609	0	1
2	4	0.5456	1	1
2	4	0.3325	0	1
2	4	0.5921	1	1
2	4	5.612	0	0
2	4	1.759	1	1
2	4	1.021	1	1
2	4	0.7388	0	1
2	4	0.3575	0	0
2	4	1.069	1	1
2	4	5.146	1	1
2	4	0.28	0	1
2	4	0.4432	0	0
2	4	1.789	1	1
2	4	5.481	1	1
2	4	1.275	0	0
2	4	0.1168	1	1
2	4	0.253	0	0
2	4	1.845	0	1
2	4	0.173	0	1
2	4	0.07405	0	0
2	4	0.1387	0	1
2	4	0.4744	1	1
2	4	0.8184	0	1
2	4	0.8477	1	1
2	4	5.478	1	1
2	4	1.625	1	1
2	4	5.148	0	0
2	4	0.4341	1	0
2	4	5.511	1	1
2	4	2.074	1	1
2	4	0.8879	0	1
2	4	0.7311	0	0
2	4	1.84	0	0
2	4	0.00068	0	0
2	4	5.728	0	0
2	4	0.4549	0	1
2	4	0.3874	0	0
2	4	1.996	1	0
2	4	5.385	1	1
2	4	0.6799	0	0
2	4	1.507	1	1
2	4	0.2335	0	0
2	4	1.904	1	1
2	4	0.1075	0	0
2	4	5.618	1	1
2	4	5.579	1	1
2	4	0.8949	1	1
3	4	1.646	0	1
3	4	0.1747	0	1
3	4	0.461	0	1
3	4	5.148	1	1
3	4	0.2361	0	1
3	4	5.504	1	1
3	4	6.07	1	1
3	4	5.315	1	1
3	4	1.89	1	1
3	4	0.777	0	0
3	4	0.625	0	0
3	4	1.696	0	1
3	4	5.642	1	1
3	4	0.3758	0	0
3	4	5.324	0	0
3	4	0.5269	1	1
3	4	1.033	0	1
3	4	0.2378	0	0
3	4	1.448	1	1
3	4	2.023	0	0
3	4	1.661	1	1
3	4	0.3066	0	1
3	4	0.3449	0	1
3	4	0.6111	1	0
3	4	0.1306	0	0
3	4	5.744	0	0
3	4	0.8475	0	1
3	4	0.5327	0	0
3	4	5.361	0	0
3	4	0.5171	0	0
3	4	0.1442	1	0
3	4	0.565	1	0
3	4	1.912	1	0
3	4	0.1583	0	0
3	4	0.8287	0	0
3	4	0.2517	1	0
3	4	1.973	1	0
3	4	5.615	1	1
3	4	1.847	1	0
3	4	1.306	0	0
3	4	0.7187	1	0
3	4	0.643	1	0
3	4	5.674	1	1
3	4	0.6082	0	0
3	4	0.1859	0	0
3	4	2.054	1	1
3	4	0.2166	1	1
3	4	0.9809	0	0
3	4	0.8693	1	1
3	4	0.2777	0	1
4	4	5.429	1	1
4	4	1.839	0	0
4	4	0.7782	0	0
4	4	0.4418	0	0
4	4	1.759	1	1
4	4	1.821	0	1
4	4	0.3487	0	1
4	4	0.5488	0	0
4	4	1.741	0	0
4	4	0.3168	1	1
4	4	0.2106	1	1
4	4	0.2976	1	0
4	4	2.078	0	0
4	4	0.9051	1	1
4	4	5.217	0	0
4	4	0.8481	1	1
4	4	5.296	1	1
4	4	0.07213	0	1
4	4	0.2351	0	1
4	4	0.6082	0	1
4	4	1.619	0	0
4	4	2.364	0	0
4	4	1.34	1	1
4	4	0.2005	1	1
4	4	2.021	1	1
4	4	0.7737	1	1
4	4	0.797	0	0
4	4	0.9775	1	0
4	4	0.8834	1	0
4	4	1.915	1	1
4	4	5.142	0	0
4	4	0.01704	0	0
4	4	5.686	1	1
4	4	0.5933	0	1
4	4	0.3494	1	0
4	4	5.434	0	0
4	4	0.6153	0	0
4	4	5.383	1	1
4	4	5.502	0	0
4	4	0.353	0	0
4	4	0.3811	1	0
4	4	0.02471	1	0
4	4	0.3198	0	0
4	4	0.7473	0	0
4	4	1.083	1	1
4	4	5.134	1	1
4	4	0.6123	1	0
4	4	0.03616	1	1
4	4	5.524	0	0
4	4	0.09482	1	0
5	4	5.588	0	0
5	4	0.8644	1	1
5	4	1.223	0	0
5	4	0.9028	1	1
5	4	0.4197	0	0
5	4	0.1652	0	1
5	4	2.008	0	0
5	4	0.1906	1	1
5	4	0.1	1	0
5	4	0.1104	0	1
5	4	0.3457	1	0
5	4	5.654	1	1
5	4	0.5958	1	0
5	4	1.134	0	0
5	4	0.3826	0	1
5	4	1.744	0	0
5	4	5.127	1	1
5	4	0.6254	0	0
5	4	0.4357	1	0
5	4	5.377	0	0
5	4	5.101	0	0
5	4	0.3973	1	0
5	4	0.4276	0	0
5	4	0.5193	0	1
5	4	1.92	1	1
5	4	0.1997	0	1
5	4	0.6375	0	0
5	4	1.647	1	1
5	4	1.359	0	0
5	4	5.273	0	0
5	4	1.765	1	0
5	4	1.662	0	0
5	4	0.6416	1	0
5	4	1.858	0	0
5	4	0.4503	1	0
5	4	0.434	1	0
5	4	0.1419	0	0
5	4	1.562	1	0
5	4	5.412	1	0
5	4	5.312	0	0
5	4	0.5646	0	0
5	4	5.415	1	1
5	4	0.9195	1	0
5	4	1.023	1	1
5	4	0.2551	0	1
5	4	0.225	1	0
5	4	0.3372	1	0
5	4	5.554	0	0
5	4	0.2559	0	1
5	4	1.99	1	1
6	4	1.384	1	1
6	4	1.219	0	0
6	4	0.8725	0	0
6	4	5.422	0	0
6	4	0.6058	0	0
6	4	0.39	0	0
6	4	0.6085	0	1
6	4	0.08364	0	1
6	4	1.802	0	0
6	4	1.438	1	1
6	4	5.512	0	0
6	4	0.4614	0	0
6	4	5.066	1	1
6	4	0.4218	1	1
6	4	2.139	1	0
6	4	2.223	1	1
6	4	5.679	1	1
6	4	1.417	1	1
6	4	5.566	0	0
6	4	1.639	1	0
6	4	0.5405	1	1
6	4	0.3623	1	1
6	4	1.123	1	0
6	4	0.5252	0	0
6	4	5.587	1	1
6	4	0.5799	0	0
6	4	0.3415	1	1
6	4	0.9442	1	1
6	4	5.205	0	0
6	4	0.8094	0	0
6	4	1.114	1	1
6	4	0.8973	0	0
6	4	0.1388	0	0
6	4	0.3544	0	0
6	4	5.581	0	0
6	4	0.5061	1	1
6	4	5.341	1	1
6	4	0.9591	1	1
6	4	0.2804	0	0
6	4	0.9436	1	1
6	4	0.7046	0	1
6	4	1.963	1	1
6	4	0.2669	1	1
6	4	0.5566	1	0
6	4	2.15	1	0
6	4	2.011	1	1
6	4	0.7433	0	0
6	4	0.1143	0	1
6	4	5.337	0	0
6	4	0.7993	0	0
7	4	5.069	1	1
7	4	1.96	0	0
7	4	0.5828	1	1
7	4	0.8657	1	1
7	4	2.073	1	0
7	4	0.8518	1	0
7	4	0.358	1	0
7	4	0.9343	0	0
7	4	5.679	1	1
7	4	0.3125	0	0
7	4	0.7586	0	0
7	4	5.25	0	0
7	4	1.798	0	0
7	4	0.2118	1	0
7	4	5.534	0	0
7	4	1.493	1	1
7	4	1.239	0	0
7	4	1.845	1	0
7	4	1.271	1	1
7	4	5.498	1	1
7	4	0.4441	1	1
7	4	0.826	0	0
7	4	0.05012	0	0
7	4	0.5704	0	0
7	4	5.507	0	0
7	4	0.1661	0	0
7	4	1.101	0	0
7	4	5.47	0	0
7	4	0.2686	1	0
7	4	0.02028	0	0
7	4	0.3181	0	0
7	4	0.382	1	0
7	4	1.499	0	0
7	4	2.112	1	0
7	4	0.2748	1	0
7	4	5.716	1	0
7	4	5.173	0	0
7	4	1.958	1	0
7	4	1.898	1	0
7	4	0.2542	1	1
7	4	1.983	0	0
7	4	0.1836	0	0
7	4	0.5127	0	0
7	4	5.596	1	0
7	4	0.9086	0	0
7	4	0.5021	0	1
7	4	1.211	1	1
7	4	0.2898	1	0
7	4	0.9741	0	1
8	4	2.126	0	0
8	4	5.472	0	0
8	4	1.923	1	1
8	4	0.6791	0	0
8	4	5.363	1	1
8	4	5.036	0	0
8	4	0.4822	0	0
8	4	1.68	1	1
8	4	0.6299	1	1
8	4	0.8315	1	1
8	4	5.736	0	0
8	4	1.723	0	0
8	4	0.2152	1	0
8	4	0.8737	1	0
8	4	0.1108	1	1
8	4	0.3962	0	0
8	4	5.755	1	1
8	4	1.949	0	0
8	4	0.1877	1	1
8	4	1.908	0	0
8	4	5.349	1	1
8	4	1.055	1	0
8	4	0.5337	1	1
8	4	0.3474	1	0
8	4	2.133	1	1
8	4	5.841	1	1
8	4	1.178	1	1
8	4	0.1119	0	1
8	4	0.09112	0	0
8	4	0.7501	1	0
8	4	1.081	0	0
8	4	0.2297	1	0
8	4	1.895	0	0
8	4	5.419	0	0
8	4	5.117	1	1
8	4	1.11	1	1
8	4	1.005	1	1
8	4	0.3031	1	1
8	4	1.076	0	0
8	4	0.9175	1	0
8	4	1.722	0	1
8	4	0.1128	0	1
8	4	0.8141	1	1
8	4	1.642	0	1
8	4	5.909	1	1
8	4	0.7445	0	0
8	4	0.05092	1	0
8	4	0.8442	0	0
8	4	0.9039	0	0
8	4	0.3138	0	0
9	4	0.05946	0	1
9	4	0.4594	1	0
9	4	0.01359	0	0
9	4	0.1013	1	0
9	4	0.0865	0	0
9	4	0.6809	0	0
9	4	1.277	0	0
9	4	5.326	0	0
9	4	1.708	0	0
9	4	0.9844	0	0
9	4	1.653	0	0
9	4	0.8599	0	1
9	4	0.04381	1	0
9	4	5.253	0	0
9	4	5.039	1	1
9	4	1.775	0	0
9	4	0.5106	1	1
9	4	0.4139	1	0
9	4	5.531	1	1
9	4	1.737	1	1
9	4	5.598	1	1
9	4	0.8469	0	1
9	4	1.086	1	0
9	4	0.2306	1	0
9	4	1.996	1	1
9	4	0.6314	0	1
9	4	2.343	0	0
9	4	0.5886	0	0
9	4	5.245	1	1
9	4	0.1499	0	0
9	4	1.616	0	0
9	4	0.5125	0	1
9	4	0.1104	1	0
9	4	0.416	0	0
9	4	0.7709	1	0
9	4	2.127	0	0
9	4	0.794	0	0
9	4	5.697	1	1
9	4	1.898	1	1
9	4	0.9093	1	0
9	4	1.855	1	0
9	4	5.116	1	1
9	4	0.2077	0	0
9	4	1.328	0	0
9	4	0.312	1	0
9	4	5.413	0	0
9	4	5.674	1	1
9	4	0.9571	0	0
9	4	0.1354	0	0
