0	2	1.674	1	0	1.674
0	2	5.564	1	1	5.564
0	2	0.9839	0	0	0.9839
0	2	1.463	0	0	1.463
0	2	3.396	0	0	3.396
0	2	1.884	0	1	1.884
0	2	1.547	1	1	1.547
0	2	5.554	0	0	5.554
0	2	1.437	1	1	1.437
0	2	0.2841	1	0	0.2841
0	2	0.637	1	0	0.637
0	2	1.905	0	0	1.905
0	2	1.981	0	0	1.981
0	2	0.5864	1	0	0.5864
0	2	5.497	1	1	5.497
0	2	0.6675	1	0	0.6675
0	2	3.717	1	1	3.717
0	2	0.5901	0	1	0.5901
0	2	5.033	0	0	5.033
0	2	5.517	0	0	5.517
0	2	0.7312	1	0	0.7312
0	2	5.533	1	1	5.533
0	2	1.692	0	0	1.692
0	2	1.65	0	0	1.65
0	2	5.172	0	0	5.172
0	2	0.7141	1	1	0.7141
0	2	0.9792	1	0	0.9792
0	2	3.623	1	1	3.623
0	2	5.486	1	1	5.486
0	2	3.42	0	0	3.42
0	2	0.3586	1	0	0.3586
0	2	3.412	0	0	3.412
0	2	3.49	1	1	3.49
0	2	1.16	0	0	1.16
0	2	3.329	1	1	3.329
0	2	1.042	1	1	1.042
0	2	3.426	1	1	3.426
0	2	3.23	0	0	3.23
0	2	1.843	1	0	1.843
0	2	0.5015	1	0	0.5015
0	2	0.38	0	0	0.38
0	2	1.433	1	0	1.433
0	2	0.4156	0	0	0.4156
0	2	5.604	1	1	5.604
0	2	5.022	0	0	5.022
0	2	0.8063	0	1	0.8063
0	2	0.2366	0	0	0.2366
0	2	3.858	0	0	3.858
0	2	1.872	0	0	1.872
0	2	1.092	1	0	1.092
1	2	4.993	0	0	4.993
1	2	3.539	0	0	3.539
1	2	1.825	1	0	1.825
1	2	1.72	1	1	1.72
1	2	5.497	0	0	5.497
1	2	0.5486	1	0	0.5486
1	2	5.434	0	0	5.434
1	2	1.808	0	0	1.808
1	2	1.775	1	1	1.775
1	2	5.361	1	1	5.361
1	2	0.5211	0	0	0.5211
1	2	0.5859	0	0	0.5859
1	2	0.7957	1	0	0.7957
1	2	5.769	1	1	5.769
1	2	3.355	1	1	3.355
1	2	0.4328	0	0	0.4328
1	2	0.6265	1	0	0.6265
1	2	0.8524	1	0	0.8524
1	2	0.9652	0	0	0.9652
1	2	1.7	0	0	1.7
1	2	3.704	0	0	3.704
1	2	0.716	1	0	0.716
1	2	3.212	1	1	3.212
1	2	3.35	0	0	3.35
1	2	0.313	0	0	0.313
1	2	5.53	1	1	5.53
1	2	1.985	1	1	1.985
1	2	5.078	0	0	5.078
1	2	0.993	1	1	0.993
1	2	0.2693	1	0	0.2693
1	2	3.808	0	0	3.808
1	2	1.957	1	1	1.957
1	2	5.232	1	1	5.232
1	2	3.553	1	1	3.553
1	2	1.054	1	0	1.054
1	2	5.534	0	0	5.534
1	2	0.5626	0	1	0.5626
1	2	3.495	0	0	3.495
1	2	1.024	1	0	1.024
1	2	1.458	1	1	1.458
1	2	0.2274	0	0	0.2274
1	2	0.1918	1	0	0.1918
1	2	5.246	0	0	5.246
1	2	3.545	1	1	3.545
1	2	1.752	1	1	1.752
1	2	0.7133	0	0	0.7133
1	2	0.8792	0	0	0.8792
1	2	0.8038	0	1	0.8038
1	2	1.902	0	0	1.902
1	2	3.41	1	1	3.41
2	2	0.699	1	1	0.699
2	2	5.495	0	0	5.495
2	2	0.8522	1	1	0.8522
2	2	3.524	0	0	3.524
2	2	3.085	1	1	3.085
2	2	5.13	0	0	5.13
2	2	0.7186	0	0	0.7186
2	2	0.6591	1	1	0.6591
2	2	1.966	1	0	1.966
2	2	0.8864	0	0	0.8864
2	2	0.2719	0	0	0.2719
2	2	0.9854	0	0	0.9854
2	2	0.7567	0	1	0.7567
2	2	3.541	0	0	3.541
2	2	1.826	1	1	1.826
2	2	5.594	0	0	5.594
2	2	5.297	1	1	5.297
2	2	0.4141	1	1	0.4141
2	2	5.216	1	1	5.216
2	2	5.362	0	0	5.362
2	2	3.556	1	1	3.556
2	2	0.5454	1	0	0.5454
2	2	5.573	0	0	5.573
2	2	1.504	0	0	1.504
2	2	2.097	1	1	2.097
2	2	3.047	1	1	3.047
2	2	0.7628	0	0	0.7628
2	2	1.669	0	0	1.669
2	2	5.139	0	0	5.139
2	2	0.3761	1	1	0.3761
2	2	1.902	0	0	1.902
2	2	3.605	1	1	3.605
2	2	3.596	1	1	3.596
2	2	3.526	1	1	3.526
2	2	1.637	0	0	1.637
2	2	0.4655	1	0	0.4655
2	2	1.835	0	0	1.835
2	2	3.449	0	0	3.449
2	2	0.6998	0	0	0.6998
2	2	5.35	0	0	5.35
2	2	0.8198	1	0	0.8198
2	2	1.161	1	1	1.161
2	2	1.711	1	1	1.711
2	2	0.8904	1	0	0.8904
2	2	3.529	0	0	3.529
2	2	0.5772	0	0	0.5772
2	2	1.69	0	0	1.69
2	2	0.9257	1	1	0.9257
2	2	5.378	1	1	5.378
2	2	0.3727	0	0	0.3727
3	2	0.2536	0	0	0.2536
3	2	5.229	0	0	5.229
3	2	3.754	1	1	3.754
3	2	5.047	1	1	5.047
3	2	0.9455	1	0	0.9455
3	2	3.303	1	1	3.303
3	2	1.89	0	0	1.89
3	2	1.835	0	0	1.835
3	2	3.417	0	0	3.417
3	2	0.3253	0	0	0.3253
3	2	5.281	0	0	5.281
3	2	3.661	1	1	3.661
3	2	0.8772	1	0	0.8772
3	2	0.762	1	0	0.762
3	2	3.17	0	0	3.17
3	2	1.442	0	0	1.442
3	2	0.9951	0	0	0.9951
3	2	1.34	0	0	1.34
3	2	1.978	0	0	1.978
3	2	0.1433	1	1	0.1433
3	2	0.5293	1	1	0.5293
3	2	3.521	0	0	3.521
3	2	0.5962	1	0	0.5962
3	2	1.795	1	1	1.795
3	2	3.98	0	0	3.98
3	2	0.4916	1	0	0.4916
3	2	1.724	1	1	1.724
3	2	5.496	1	1	5.496
3	2	5.365	1	1	5.365
3	2	1.059	0	0	1.059
3	2	0.6584	0	1	0.6584
3	2	0.8942	1	0	0.8942
3	2	0.4815	1	1	0.4815
3	2	0.1422	0	1	0.1422
3	2	0.7485	1	0	0.7485
3	2	3.393	0	0	3.393
3	2	1.668	0	0	1.668
3	2	5.109	0	0	5.109
3	2	0.5202	1	0	0.5202
3	2	5.501	0	0	5.501
3	2	1.396	1	1	1.396
3	2	1.438	1	1	1.438
3	2	1.244	0	0	1.244
3	2	1.944	1	1	1.944
3	2	5.393	1	1	5.393
3	2	5.113	0	0	5.113
3	2	0.5637	1	0	0.5637
3	2	3.481	0	0	3.481
3	2	5.292	1	1	5.292
3	2	3.526	0	0	3.526
4	2	0.6566	0	0	0.6566
4	2	3.712	1	0	3.712
4	2	5.046	0	0	5.046
4	2	1.228	1	0	1.228
4	2	0.9818	1	0	0.9818
4	2	3.926	1	1	3.926
4	2	3.503	0	0	3.503
4	2	5.32	0	0	5.32
4	2	4.912	0	0	4.912
4	2	1.816	0	0	1.816
4	2	5.288	0	0	5.288
4	2	0.5359	0	0	0.5359
4	2	0.5032	0	0	0.5032
4	2	3.812	0	0	3.812
4	2	4.962	1	1	4.962
4	2	3.415	0	0	3.415
4	2	5.226	1	1	5.226
4	2	3.717	1	1	3.717
4	2	1.648	0	0	1.648
4	2	1.044	0	0	1.044
4	2	1.845	1	1	1.845
4	2	1.131	0	0	1.131
4	2	0.5905	1	0	0.5905
4	2	0.996	1	1	0.996
4	2	1.56	1	0	1.56
4	2	3.398	1	1	3.398
4	2	0.2151	1	0	0.2151
4	2	5.069	1	1	5.069
4	2	5.602	1	1	5.602
4	2	1.664	0	0	1.664
4	2	1.904	0	0	1.904
4	2	1.045	1	0	1.045
4	2	0.4669	1	0	0.4669
4	2	0.4388	0	0	0.4388
4	2	5.479	1	1	5.479
4	2	0.8423	1	0	0.8423
4	2	1.677	1	1	1.677
4	2	0.2103	0	0	0.2103
4	2	1.036	0	0	1.036
4	2	3.705	0	0	3.705
4	2	1.576	1	1	1.576
4	2	0.3302	0	0	0.3302
4	2	1.816	1	0	1.816
4	2	0.7847	1	0	0.7847
4	2	0.3111	0	0	0.3111
4	2	1.045	1	1	1.045
4	2	3.841	0	0	3.841
4	2	3.575	0	0	3.575
4	2	5.592	1	1	5.592
4	2	1.643	0	0	1.643
5	2	1.209	1	1	1.209
5	2	1.586	0	0	1.586
5	2	0.7397	1	1	0.7397
5	2	0.7645	0	0	0.7645
5	2	5.493	1	1	5.493
5	2	0.6297	0	0	0.6297
5	2	3.904	1	1	3.904
5	2	4.992	0	0	4.992
5	2	5.466	0	0	5.466
5	2	3.358	0	0	3.358
5	2	2.105	0	0	2.105
5	2	0.5291	0	0	0.5291
5	2	1.918	1	1	1.918
5	2	5.5	1	1	5.5
5	2	0.9885	0	0	0.9885
5	2	1.807	1	1	1.807
5	2	3.244	1	1	3.244
5	2	3.827	0	0	3.827
5	2	3.44	0	0	3.44
5	2	5.467	1	1	5.467
5	2	5.382	1	1	5.382
5	2	5.422	1	1	5.422
5	2	1.049	1	1	1.049
5	2	1.724	1	1	1.724
5	2	5.358	1	1	5.358
5	2	0.9228	0	0	0.9228
5	2	5.486	0	0	5.486
5	2	3.64	1	1	3.64
5	2	3.555	1	1	3.555
5	2	0.5889	1	1	0.5889
5	2	0.7503	0	0	0.7503
5	2	0.3526	1	0	0.3526
5	2	1.58	0	0	1.58
5	2	1.139	0	0	1.139
5	2	3.766	1	1	3.766
5	2	3.944	1	1	3.944
5	2	0.4709	0	1	0.4709
5	2	2.161	0	0	2.161
5	2	0.858	0	0	0.858
5	2	0.351	0	0	0.351
5	2	0.08825	1	1	0.08825
5	2	3.871	0	0	3.871
5	2	1.452	0	0	1.452
5	2	1.917	0	0	1.917
5	2	5.413	1	1	5.413
5	2	1.578	1	1	1.578
5	2	0.8271	1	0	0.8271
5	2	0.4052	0	1	0.4052
5	2	0.5232	0	0	0.5232
5	2	0.01863	1	0	0.01863
6	2	2.077	1	1	2.077
6	2	5.38	1	1	5.38
6	2	5.342	0	0	5.342
6	2	1.045	0	1	1.045
6	2	0.8288	1	1	0.8288
6	2	1.795	0	0	1.795
6	2	3.933	1	1	3.933
6	2	3.474	1	1	3.474
6	2	3.366	0	0	3.366
6	2	1.671	0	0	1.671
6	2	0.9205	1	1	0.9205
6	2	5.51	1	1	5.51
6	2	1.372	1	0	1.372
6	2	5.151	0	0	5.151
6	2	0.5264	0	0	0.5264
6	2	1.102	0	0	1.102
6	2	0.5494	0	0	0.5494
6	2	1.643	1	0	1.643
6	2	3.746	0	0	3.746
6	2	3.672	0	0	3.672
6	2	1.84	0	0	1.84
6	2	5.513	0	0	5.513
6	2	5.648	0	0	5.648
6	2	0.6544	0	0	0.6544
6	2	0.9165	0	0	0.9165
6	2	3.424	0	0	3.424
6	2	1.732	1	1	1.732
6	2	0.7362	1	1	0.7362
6	2	1.872	1	0	1.872
6	2	5.441	1	1	5.441
6	2	3.61	0	0	3.61
6	2	0.5796	1	0	0.5796
6	2	0.1877	0	0	0.1877
6	2	0.8274	1	0	0.8274
6	2	1.635	0	0	1.635
6	2	0.5128	1	0	0.5128
6	2	0.01046	0	0	0.01046
6	2	0.3897	0	0	0.3897
6	2	0.8645	1	0	0.8645
6	2	1.66	0	0	1.66
6	2	3.407	1	1	3.407
6	2	0.7215	0	0	0.7215
6	2	0.9201	1	0	0.9201
6	2	3.344	0	0	3.344
6	2	4.909	1	1	4.909
6	2	5.677	0	0	5.677
6	2	1.523	1	1	1.523
6	2	1.195	1	1	1.195
6	2	5.558	1	1	5.558
6	2	3.424	1	1	3.424
7	2	0.4917	1	0	0.4917
7	2	1.923	1	1	1.923
7	2	1.702	0	0	1.702
7	2	0.7854	1	1	0.7854
7	2	3.479	1	1	3.479
7	2	0.06733	0	0	0.06733
7	2	5.366	0	0	5.366
7	2	3.555	0	0	3.555
7	2	3.477	0	0	3.477
7	2	0.5573	1	1	0.5573
7	2	0.7513	0	0	0.7513
7	2	5.638	1	1	5.638
7	2	1.474	0	0	1.474
7	2	0.6693	1	0	0.6693
7	2	3.667	1	0	3.667
7	2	3.693	0	0	3.693
7	2	0.9183	1	0	0.9183
7	2	5.282	0	0	5.282
7	2	0.7092	0	0	0.7092
7	2	0.7403	0	0	0.7403
7	2	3.698	0	0	3.698
7	2	1.722	0	0	1.722
7	2	0.7237	1	0	0.7237
7	2	0.3164	0	1	0.3164
7	2	5.166	0	0	5.166
7	2	3.745	1	1	3.745
7	2	0.8309	1	1	0.8309
7	2	1.639	0	0	1.639
7	2	0.4657	0	0	0.4657
7	2	3.068	1	1	3.068
7	2	0.8721	1	1	0.8721
7	2	3.658	0	0	3.658
7	2	1.927	1	1	1.927
7	2	1.699	1	0	1.699
7	2	0.7778	1	1	0.7778
7	2	2.041	0	0	2.041
7	2	5.358	0	0	5.358
7	2	0.8278	1	0	0.8278
7	2	5.672	1	1	5.672
7	2	5.508	0	0	5.508
7	2	0.4047	0	1	0.4047
7	2	1.736	0	0	1.736
7	2	3.558	1	1	3.558
7	2	0.5583	1	1	0.5583
7	2	5.632	1	1	5.632
7	2	2.076	1	0	2.076
7	2	5.27	1	1	5.27
7	2	5.461	1	1	5.461
7	2	0.5644	0	1	0.5644
7	2	1.58	0	0	1.58
8	2	1.562	0	0	1.562
8	2	2.199	1	0	2.199
8	2	3.604	1	1	3.604
8	2	0.703	1	0	0.703
8	2	1.524	0	0	1.524
8	2	2.006	0	0	2.006
8	2	5.353	0	0	5.353
8	2	0.8114	1	1	0.8114
8	2	0.5726	1	0	0.5726
8	2	0.1975	0	0	0.1975
8	2	5.554	0	0	5.554
8	2	2.052	0	0	2.052
8	2	0.546	1	1	0.546
8	2	0.7826	0	0	0.7826
8	2	3.564	1	1	3.564
8	2	0.8521	0	1	0.8521
8	2	3.748	0	0	3.748
8	2	0.2834	0	1	0.2834
8	2	0.7298	0	0	0.7298
8	2	5.318	0	0	5.318
8	2	0.1827	0	0	0.1827
8	2	1.959	1	1	1.959
8	2	1.84	0	0	1.84
8	2	5.29	1	1	5.29
8	2	3.486	1	1	3.486
8	2	0.1192	1	0	0.1192
8	2	0.9821	0	0	0.9821
8	2	0.3093	1	0	0.3093
8	2	3.721	0	0	3.721
8	2	0.5365	1	1	0.5365
8	2	1.916	0	0	1.916
8	2	5.482	1	1	5.482
8	2	1.805	1	1	1.805
8	2	0.2092	1	1	0.2092
8	2	5.363	0	0	5.363
8	2	5.602	1	1	5.602
8	2	5.436	1	1	5.436
8	2	0.3742	0	0	0.3742
8	2	0.7404	1	0	0.7404
8	2	5.425	1	1	5.425
8	2	0.8407	1	1	0.8407
8	2	0.8286	1	1	0.8286
8	2	3.4	0	0	3.4
8	2	3.935	1	1	3.935
8	2	3.478	1	1	3.478
8	2	1.864	0	0	1.864
8	2	0.3123	1	0	0.3123
8	2	5.595	1	1	5.595
8	2	3.641	0	0	3.641
8	2	3.253	0	0	3.253
9	2	3.546	0	0	3.546
9	2	1.631	0	0	1.631
9	2	1.594	1	1	1.594
9	2	5.4	0	0	5.4
9	2	0.8533	0	0	0.8533
9	2	5.669	1	1	5.669
9	2	5.603	1	1	5.603
9	2	0.6969	0	0	0.6969
9	2	0.3363	0	0	0.3363
9	2	0.7133	0	0	0.7133
9	2	0.7899	1	0	0.7899
9	2	5.458	1	1	5.458
9	2	3.68	0	0	3.68
9	2	0.8106	0	1	0.8106
9	2	0.5521	0	0	0.5521
9	2	0.566	1	0	0.566
9	2	3.584	0	0	3.584
9	2	0.7682	1	1	0.7682
9	2	0.6674	1	0	0.6674
9	2	3.67	1	0	3.67
9	2	3.753	1	1	3.753
9	2	0.5039	1	0	0.5039
9	2	1.119	1	0	1.119
9	2	2.031	0	0	2.031
9	2	2.061	0	0	2.061
9	2	0.35	1	0	0.35
9	2	0.9676	0	0	0.9676
9	2	2.211	0	0	2.211
9	2	1.798	0	0	1.798
9	2	0.9884	0	0	0.9884
9	2	3.514	0	0	3.514
9	2	5.263	1	1	5.263
9	2	0.5238	0	0	0.5238
9	2	1.701	1	0	1.701
9	2	5.609	0	0	5.609
9	2	5.092	1	1	5.092
9	2	3.898	1	1	3.898
9	2	5.424	1	1	5.424
9	2	5.551	1	1	5.551
9	2	0.1141	1	0	0.1141
9	2	0.9276	0	0	0.9276
9	2	1.195	1	0	1.195
9	2	3.657	1	0	3.657
9	2	3.321	0	0	3.321
9	2	1.952	1	0	1.952
9	2	1.964	0	0	1.964
9	2	3.642	1	1	3.642
9	2	5.304	0	0	5.304
9	2	1.016	1	0	1.016
9	2	2.008	1	1	2.008
10	3	3.665	0	0	3.665
10	3	0.538	0	1	0.538
10	3	3.39	0	0	3.39
10	3	3.483	1	1	3.483
10	3	1.222	1	1	1.222
10	3	0.7241	0	1	0.7241
10	3	1.205	1	1	1.205
10	3	5.41	1	1	5.41
10	3	3.657	0	0	3.657
10	3	0.8928	1	0	0.8928
10	3	0.7594	1	0	0.7594
10	3	0.2912	0	0	0.2912
10	3	3.325	1	1	3.325
10	3	0.5747	0	0	0.5747
10	3	0.7211	0	0	0.7211
10	3	1.174	1	1	1.174
10	3	1.718	1	1	1.718
10	3	5.445	0	0	5.445
10	3	1.786	0	0	1.786
10	3	5.777	1	1	5.777
10	3	1.9	1	1	1.9
10	3	0.1186	0	0	0.1186
10	3	0.9714	0	0	0.9714
10	3	3.456	0	0	3.456
10	3	1.899	1	1	1.899
10	3	5.352	1	1	5.352
10	3	0.2667	1	0	0.2667
10	3	0.4203	1	1	0.4203
10	3	0.8348	0	0	0.8348
10	3	0.2025	1	0	0.2025
10	3	1.687	1	0	1.687
10	3	3.286	0	0	3.286
10	3	1.603	1	1	1.603
10	3	1.977	1	1	1.977
10	3	5.321	0	0	5.321
10	3	0.8461	1	1	0.8461
10	3	5.361	1	1	5.361
10	3	5.184	1	1	5.184
10	3	1.441	0	0	1.441
10	3	3.937	0	0	3.937
10	3	3.493	0	0	3.493
10	3	1.885	0	0	1.885
10	3	5.162	1	1	5.162
10	3	0.7406	1	0	0.7406
10	3	5.351	0	0	5.351
10	3	3.291	0	0	3.291
10	3	0.7678	0	0	0.7678
10	3	5.543	0	0	5.543
10	3	1.212	1	1	1.212
10	3	0.6315	0	1	0.6315
11	3	0.4258	0	1	0.4258
11	3	1.031	0	1	1.031
11	3	0.6595	0	0	0.6595
11	3	1.863	0	0	1.863
11	3	0.6483	1	0	0.6483
11	3	0.3849	0	0	0.3849
11	3	4.025	0	0	4.025
11	3	0.3543	0	0	0.3543
11	3	1.766	1	0	1.766
11	3	0.8681	0	0	0.8681
11	3	3.354	1	1	3.354
11	3	0.3435	0	0	0.3435
11	3	0.587	1	0	0.587
11	3	0.1637	1	0	0.1637
11	3	3.614	1	1	3.614
11	3	3.335	0	0	3.335
11	3	3.359	0	0	3.359
11	3	0.854	1	1	0.854
11	3	3.92	1	1	3.92
11	3	1.76	1	1	1.76
11	3	5.511	0	0	5.511
11	3	3.42	0	0	3.42
11	3	1.038	0	0	1.038
11	3	0.9344	1	1	0.9344
11	3	1.732	1	1	1.732
11	3	5.291	0	0	5.291
11	3	1.88	0	0	1.88
11	3	3.567	1	1	3.567
11	3	0.8084	0	0	0.8084
11	3	5.387	1	1	5.387
11	3	1.698	0	0	1.698
11	3	5.364	1	1	5.364
11	3	5.238	0	0	5.238
11	3	0.603	1	1	0.603
11	3	3.529	1	1	3.529
11	3	5.719	1	1	5.719
11	3	2.238	1	1	2.238
11	3	5.329	1	1	5.329
11	3	0.8601	1	0	0.8601
11	3	5.25	1	1	5.25
11	3	1.571	0	0	1.571
11	3	3.858	1	1	3.858
11	3	5.428	1	1	5.428
11	3	1.366	0	0	1.366
11	3	0.8413	1	1	0.8413
11	3	0.3931	0	1	0.3931
11	3	5.341	0	0	5.341
11	3	0.9346	1	0	0.9346
11	3	0.5811	1	0	0.5811
11	3	1.844	0	0	1.844
12	3	0.4879	0	0	0.4879
12	3	4.489	0	0	4.489
12	3	3.273	0	0	3.273
12	3	1.002	0	0	1.002
12	3	3.526	1	1	3.526
12	3	3.487	1	1	3.487
12	3	0.7705	1	0	0.7705
12	3	0.969	1	0	0.969
12	3	5.324	1	1	5.324
12	3	0.7152	0	0	0.7152
12	3	0.3105	0	0	0.3105
12	3	1.112	0	1	1.112
12	3	3.807	1	1	3.807
12	3	0.509	1	1	0.509
12	3	3.392	0	0	3.392
12	3	5.586	1	1	5.586
12	3	1.427	1	1	1.427
12	3	0.437	1	0	0.437
12	3	1.702	0	0	1.702
12	3	1.629	0	0	1.629
12	3	2.194	0	0	2.194
12	3	3.849	1	1	3.849
12	3	5.512	0	0	5.512
12	3	1.55	0	0	1.55
12	3	2.229	0	0	2.229
12	3	3.559	0	0	3.559
12	3	0.9983	1	1	0.9983
12	3	5.183	1	1	5.183
12	3	1.541	0	0	1.541
12	3	0.7834	1	0	0.7834
12	3	0.4399	1	0	0.4399
12	3	1.754	0	0	1.754
12	3	1.841	1	1	1.841
12	3	3.705	0	0	3.705
12	3	0.4606	0	0	0.4606
12	3	0.638	1	1	0.638
12	3	5.616	0	0	5.616
12	3	0.4321	1	1	0.4321
12	3	0.7991	0	0	0.7991
12	3	5.14	1	1	5.14
12	3	0.826	1	0	0.826
12	3	5.473	0	0	5.473
12	3	0.141	1	0	0.141
12	3	1.791	1	1	1.791
12	3	3.452	0	0	3.452
12	3	0.6994	0	0	0.6994
12	3	5.033	0	0	5.033
12	3	5.536	1	1	5.536
12	3	0.777	0	0	0.777
12	3	5.32	1	1	5.32
13	3	0.6395	1	0	0.6395
13	3	0.1571	1	1	0.1571
13	3	1.087	0	1	1.087
13	3	3.364	1	1	3.364
13	3	5.658	0	0	5.658
13	3	3.454	1	1	3.454
13	3	1.749	0	0	1.749
13	3	0.8332	0	0	0.8332
13	3	0.9823	0	0	0.9823
13	3	2.284	1	1	2.284
13	3	5.385	0	0	5.385
13	3	5.349	0	0	5.349
13	3	3.991	0	0	3.991
13	3	5.401	0	0	5.401
13	3	0.9676	1	1	0.9676
13	3	3.677	0	0	3.677
13	3	5.363	1	1	5.363
13	3	5.547	1	1	5.547
13	3	3.515	1	1	3.515
13	3	2.19	1	1	2.19
13	3	5.364	0	0	5.364
13	3	1.006	1	1	1.006
13	3	5.617	1	1	5.617
13	3	0.4789	1	0	0.4789
13	3	1.502	1	1	1.502
13	3	0.3636	1	0	0.3636
13	3	1.068	0	0	1.068
13	3	0.5116	0	1	0.5116
13	3	1.799	0	0	1.799
13	3	0.1835	0	0	0.1835
13	3	5.342	1	1	5.342
13	3	0.7361	1	1	0.7361
13	3	1.584	0	0	1.584
13	3	0.3821	0	0	0.3821
13	3	3.527	0	0	3.527
13	3	2.051	1	1	2.051
13	3	0.9615	0	0	0.9615
13	3	0.7263	0	0	0.7263
13	3	3.428	1	1	3.428
13	3	0.5806	0	0	0.5806
13	3	3.512	0	0	3.512
13	3	1.059	1	1	1.059
13	3	1.889	0	0	1.889
13	3	3.545	1	1	3.545
13	3	0.5455	1	0	0.5455
13	3	0.2198	1	1	0.2198
13	3	1.938	0	0	1.938
13	3	3.447	0	0	3.447
13	3	1.501	1	1	1.501
13	3	5.441	1	1	5.441
14	3	1.852	1	0	1.852
14	3	4.982	1	1	4.982
14	3	0.3017	0	0	0.3017
14	3	0.2479	0	0	0.2479
14	3	2.015	1	1	2.015
14	3	0.9729	1	0	0.9729
14	3	1.865	0	0	1.865
14	3	3.807	1	1	3.807
14	3	1.012	1	1	1.012
14	3	0.9217	0	0	0.9217
14	3	0.6025	0	0	0.6025
14	3	3.674	1	1	3.674
14	3	0.4004	0	0	0.4004
14	3	0.6455	0	0	0.6455
14	3	5.823	1	1	5.823
14	3	5.128	1	1	5.128
14	3	0.4522	0	0	0.4522
14	3	1.865	0	0	1.865
14	3	3.673	1	1	3.673
14	3	1.745	1	1	1.745
14	3	5.33	0	0	5.33
14	3	1.169	1	1	1.169
14	3	0.6005	0	1	0.6005
14	3	3.709	0	0	3.709
14	3	3.621	1	1	3.621
14	3	0.6159	1	0	0.6159
14	3	1.885	1	1	1.885
14	3	0.5254	1	0	0.5254
14	3	0.6822	0	0	0.6822
14	3	0.8198	1	1	0.8198
14	3	3.765	0	0	3.765
14	3	3.711	0	0	3.711
14	3	0.6669	0	1	0.6669
14	3	1.898	0	0	1.898
14	3	1.035	1	1	1.035
14	3	5.565	1	1	5.565
14	3	1.684	0	1	1.684
14	3	3.207	1	1	3.207
14	3	5.413	0	0	5.413
14	3	5.282	0	0	5.282
14	3	1.946	0	0	1.946
14	3	3.656	0	1	3.656
14	3	0.3908	1	0	0.3908
14	3	0.2209	1	1	0.2209
14	3	1.718	0	0	1.718
14	3	5.209	0	0	5.209
14	3	3.797	0	0	3.797
14	3	5.417	1	1	5.417
14	3	0.9487	1	1	0.9487
14	3	4.753	1	1	4.753
15	3	5.621	1	1	5.621
15	3	0.1896	0	0	0.1896
15	3	2.089	1	1	2.089
15	3	3.434	1	1	3.434
15	3	5.333	0	0	5.333
15	3	3.611	0	0	3.611
15	3	3.517	0	0	3.517
15	3	0.5835	0	0	0.5835
15	3	1.932	1	1	1.932
15	3	0.1547	0	0	0.1547
15	3	5.152	0	0	5.152
15	3	3.922	1	1	3.922
15	3	3.776	0	0	3.776
15	3	0.4022	0	1	0.4022
15	3	5.432	1	1	5.432
15	3	3.938	0	1	3.938
15	3	0.4431	0	1	0.4431
15	3	5.644	1	1	5.644
15	3	1.054	1	0	1.054
15	3	1.867	1	1	1.867
15	3	0.781	1	1	0.781
15	3	0.6008	0	0	0.6008
15	3	5.543	1	1	5.543
15	3	3.273	0	0	3.273
15	3	1.156	0	0	1.156
15	3	5.233	0	0	5.233
15	3	1.546	1	1	1.546
15	3	1.366	1	1	1.366
15	3	1.424	1	1	1.424
15	3	0.6174	1	1	0.6174
15	3	1.738	1	0	1.738
15	3	0.5233	0	0	0.5233
15	3	1.044	1	1	1.044
15	3	3.593	1	1	3.593
15	3	0.6893	1	1	0.6893
15	3	5.319	0	0	5.319
15	3	0.3883	0	0	0.3883
15	3	0.667	1	0	0.667
15	3	1.66	0	0	1.66
15	3	1.065	1	0	1.065
15	3	3.703	1	1	3.703
15	3	5.382	0	0	5.382
15	3	5.209	0	0	5.209
15	3	0.46	1	1	0.46
15	3	0.07251	1	0	0.07251
15	3	0.9873	0	0	0.9873
15	3	0.7613	0	0	0.7613
15	3	3.655	0	0	3.655
15	3	2.005	1	1	2.005
15	3	2.052	0	0	2.052
16	3	0.9394	1	1	0.9394
16	3	0.9512	0	1	0.9512
16	3	1.556	0	0	1.556
16	3	5.28	1	1	5.28
16	3	3.58	0	0	3.58
16	3	0.1827	1	0	0.1827
16	3	0.4523	1	1	0.4523
16	3	1.011	1	0	1.011
16	3	5.534	0	0	5.534
16	3	1.054	0	0	1.054
16	3	1.336	1	1	1.336
16	3	0.2491	0	0	0.2491
16	3	5.822	1	1	5.822
16	3	0.8851	1	1	0.8851
16	3	1.925	0	0	1.925
16	3	5.165	0	0	5.165
16	3	3.695	0	0	3.695
16	3	5.375	1	1	5.375
16	3	2.049	0	0	2.049
16	3	2.074	1	1	2.074
16	3	0.7728	1	1	0.7728
16	3	0.2679	1	0	0.2679
16	3	1.047	1	1	1.047
16	3	1.644	1	1	1.644
16	3	5.566	0	0	5.566
16	3	3.407	0	0	3.407
16	3	1.573	0	0	1.573
16	3	0.4993	0	0	0.4993
16	3	5.438	0	0	5.438
16	3	0.7695	1	1	0.7695
16	3	3.751	1	1	3.751
16	3	0.4646	0	0	0.4646
16	3	3.42	0	0	3.42
16	3	0.5969	0	0	0.5969
16	3	5.413	0	0	5.413
16	3	0.5078	1	1	0.5078
16	3	5.41	1	1	5.41
16	3	3.435	0	0	3.435
16	3	0.4852	1	0	0.4852
16	3	0.4883	0	0	0.4883
16	3	5.362	0	0	5.362
16	3	3.349	0	0	3.349
16	3	1.95	1	1	1.95
16	3	1.874	0	0	1.874
16	3	3.414	1	1	3.414
16	3	0.9602	0	0	0.9602
16	3	0.823	1	1	0.823
16	3	1.875	0	1	1.875
16	3	3.337	1	1	3.337
16	3	3.735	1	1	3.735
17	3	3.854	0	0	3.854
17	3	1.055	0	0	1.055
17	3	5.329	0	0	5.329
17	3	5.251	1	1	5.251
17	3	0.7988	1	0	0.7988
17	3	0.9582	1	1	0.9582
17	3	5.332	0	0	5.332
17	3	1.916	1	1	1.916
17	3	3.584	0	0	3.584
17	3	1.574	1	1	1.574
17	3	0.511	0	0	0.511
17	3	1.746	0	0	1.746
17	3	1.658	0	0	1.658
17	3	1.772	0	0	1.772
17	3	1.073	1	1	1.073
17	3	0.7454	1	0	0.7454
17	3	1.824	0	0	1.824
17	3	0.8173	1	0	0.8173
17	3	1.271	1	1	1.271
17	3	5.441	0	0	5.441
17	3	5.51	0	0	5.51
17	3	0.712	1	1	0.712
17	3	5.138	1	1	5.138
17	3	3.429	0	0	3.429
17	3	1.577	1	1	1.577
17	3	3.704	1	1	3.704
17	3	0.6257	0	1	0.6257
17	3	0.4379	1	0	0.4379
17	3	1.15	1	1	1.15
17	3	3.547	0	0	3.547
17	3	1.965	1	1	1.965
17	3	5.359	1	1	5.359
17	3	0.8418	1	1	0.8418
17	3	1.062	0	1	1.062
17	3	3.301	0	0	3.301
17	3	3.742	0	0	3.742
17	3	0.4068	1	0	0.4068
17	3	5.271	1	1	5.271
17	3	1.932	0	0	1.932
17	3	5.274	0	0	5.274
17	3	3.497	0	0	3.497
17	3	5.145	0	0	5.145
17	3	1.218	0	1	1.218
17	3	0.6256	0	1	0.6256
17	3	0.6828	1	0	0.6828
17	3	0.09691	1	0	0.09691
17	3	1.795	0	0	1.795
17	3	3.698	1	1	3.698
17	3	3.457	0	0	3.457
17	3	1.001	1	1	1.001
18	3	0.9427	1	1	0.9427
18	3	1.895	1	1	1.895
18	3	4.987	1	1	4.987
18	3	1.815	1	1	1.815
18	3	4.061	1	1	4.061
18	3	5.364	0	0	5.364
18	3	0.5519	1	1	0.5519
18	3	1.505	0	0	1.505
18	3	3.451	1	1	3.451
18	3	0.5326	0	0	0.5326
18	3	1.454	1	1	1.454
18	3	5.425	0	0	5.425
18	3	1.066	1	1	1.066
18	3	0.1873	1	0	0.1873
18	3	0.386	0	1	0.386
18	3	3.536	1	1	3.536
18	3	5.712	0	0	5.712
18	3	0.3798	1	0	0.3798
18	3	0.8401	1	1	0.8401
18	3	0.4871	1	0	0.4871
18	3	5.318	1	1	5.318
18	3	0.6937	1	0	0.6937
18	3	0.8556	0	0	0.8556
18	3	5.75	0	0	5.75
18	3	5.325	0	0	5.325
18	3	1.889	0	0	1.889
18	3	0.2867	0	0	0.2867
18	3	3.58	1	1	3.58
18	3	0.7927	0	0	0.7927
18	3	0.7015	1	1	0.7015
18	3	0.8989	0	0	0.8989
18	3	1.825	0	0	1.825
18	3	3.788	0	0	3.788
18	3	3.827	0	0	3.827
18	3	0.9592	1	1	0.9592
18	3	3.864	1	1	3.864
18	3	1.121	1	1	1.121
18	3	3.669	0	0	3.669
18	3	1.734	0	0	1.734
18	3	5.261	1	1	5.261
18	3	3.628	1	1	3.628
18	3	5.272	0	0	5.272
18	3	0.4483	1	1	0.4483
18	3	1.769	0	0	1.769
18	3	5.179	0	0	5.179
18	3	0.3309	0	1	0.3309
18	3	1.811	1	1	1.811
18	3	3.654	1	1	3.654
18	3	0.3911	0	0	0.3911
18	3	1.86	0	0	1.86
19	3	2.075	0	0	2.075
19	3	3.741	0	0	3.741
19	3	0.5876	0	1	0.5876
19	3	1.276	1	1	1.276
19	3	3.593	0	0	3.593
19	3	1.973	1	1	1.973
19	3	0.2945	1	0	0.2945
19	3	0.9343	1	1	0.9343
19	3	1.348	1	0	1.348
19	3	0.9775	1	0	0.9775
19	3	0.4838	1	0	0.4838
19	3	3.523	1	1	3.523
19	3	3.494	0	0	3.494
19	3	5.415	0	0	5.415
19	3	0.5538	1	1	0.5538
19	3	5.361	1	1	5.361
19	3	0.2855	0	0	0.2855
19	3	1.932	0	0	1.932
19	3	5.432	0	0	5.432
19	3	3.587	1	1	3.587
19	3	0.5215	0	0	0.5215
19	3	0.5029	0	0	0.5029
19	3	1.661	0	0	1.661
19	3	5.442	1	1	5.442
19	3	0.8351	1	1	0.8351
19	3	3.552	0	0	3.552
19	3	0.9938	0	1	0.9938
19	3	0.6703	0	0	0.6703
19	3	0.9685	0	0	0.9685
19	3	3.331	1	1	3.331
19	3	2.033	0	0	2.033
19	3	0.2361	0	1	0.2361
19	3	5.164	1	1	5.164
19	3	0.8687	0	1	0.8687
19	3	1.825	0	0	1.825
19	3	0.695	1	1	0.695
19	3	5.599	1	1	5.599
19	3	1.769	1	1	1.769
19	3	2.061	1	1	2.061
19	3	5.385	0	0	5.385
19	3	3.651	1	1	3.651
19	3	5.101	1	1	5.101
19	3	1.116	0	0	1.116
19	3	0.6383	1	1	0.6383
19	3	4.891	0	0	4.891
19	3	5.392	1	1	5.392
19	3	1.21	0	1	1.21
19	3	3.765	1	1	3.765
19	3	1.938	0	0	1.938
19	3	3.159	1	1	3.159
20	4	5.125	0	0	5.125
20	4	1.762	1	1	1.762
20	4	1.685	1	1	1.685
20	4	0.8471	0	1	0.8471
20	4	0.6288	0	0	0.6288
20	4	1.129	1	1	1.129
20	4	0.1911	0	0	0.1911
20	4	1.138	0	0	1.138
20	4	5.791	0	0	5.791
20	4	0.2749	1	1	0.2749
20	4	5.472	0	0	5.472
20	4	0.8079	1	1	0.8079
20	4	5.548	1	1	5.548
20	4	0.2776	1	1	0.2776
20	4	2.001	0	1	2.001
20	4	1.574	1	1	1.574
20	4	0.8611	1	1	0.8611
20	4	1.063	0	0	1.063
20	4	3.638	0	0	3.638
20	4	0.5755	0	0	0.5755
20	4	0.2294	0	0	0.2294
20	4	0.8585	1	1	0.8585
20	4	1.327	0	0	1.327
20	4	3.681	0	0	3.681
20	4	3.339	1	1	3.339
20	4	5.4	1	1	5.4
20	4	1.459	1	1	1.459
20	4	3.761	1	1	3.761
20	4	0.1514	1	1	0.1514
20	4	0.9639	0	0	0.9639
20	4	1.355	1	1	1.355
20	4	0.773	1	0	0.773
20	4	5.351	0	0	5.351
20	4	1.724	0	0	1.724
20	4	3.39	0	0	3.39
20	4	0.2958	1	1	0.2958
20	4	5.401	0	0	5.401
20	4	3.492	1	1	3.492
20	4	5.444	1	1	5.444
20	4	3.57	1	1	3.57
20	4	2.014	0	0	2.014
20	4	3.689	0	0	3.689
20	4	3.717	0	0	3.717
20	4	1.959	1	1	1.959
20	4	5.459	0	0	5.459
20	4	1.774	1	1	1.774
20	4	3.855	1	1	3.855
20	4	1.025	1	1	1.025
20	4	5.351	0	0	5.351
20	4	1.671	0	0	1.671
21	4	1.302	1	0	1.302
21	4	5.306	1	1	5.306
21	4	0.5111	0	0	0.5111
21	4	2.192	1	1	2.192
21	4	0.8369	1	1	0.8369
21	4	1.991	0	0	1.991
21	4	0.7641	0	0	0.7641
21	4	0.9331	1	1	0.9331
21	4	5.51	1	1	5.51
21	4	1.551	0	0	1.551
21	4	3.815	1	1	3.815
21	4	0.5691	0	1	0.5691
21	4	0.9718	1	1	0.9718
21	4	3.568	0	0	3.568
21	4	3.564	0	0	3.564
21	4	5.732	0	0	5.732
21	4	5.383	0	0	5.383
21	4	3.689	0	0	3.689
21	4	1.524	0	0	1.524
21	4	0.8993	0	0	0.8993
21	4	0.0927	0	0	0.0927
21	4	2.002	1	1	2.002
21	4	1.947	0	0	1.947
21	4	0.4325	1	0	0.4325
21	4	0.2022	0	0	0.2022
21	4	1.095	1	0	1.095
21	4	1.833	1	1	1.833
21	4	3.802	0	0	3.802
21	4	5.245	1	1	5.245
21	4	0.3439	0	0	0.3439
21	4	3.444	1	1	3.444
21	4	0.2766	0	0	0.2766
21	4	3.501	1	1	3.501
21	4	3.802	1	1	3.802
21	4	4.844	1	1	4.844
21	4	1.875	1	1	1.875
21	4	0.367	1	0	0.367
21	4	5.341	0	0	5.341
21	4	0.3452	0	0	0.3452
21	4	1.604	0	0	1.604
21	4	3.97	0	0	3.97
21	4	0.936	1	0	0.936
21	4	5.268	1	1	5.268
21	4	5.57	1	1	5.57
21	4	0.874	1	1	0.874
21	4	3.524	1	1	3.524
21	4	0.7461	1	1	0.7461
21	4	1.88	0	0	1.88
21	4	0.8466	0	0	0.8466
21	4	5.362	1	1	5.362
22	4	5.384	0	0	5.384
22	4	3.43	0	0	3.43
22	4	1.753	0	0	1.753
22	4	0.9835	0	0	0.9835
22	4	0.03185	0	0	0.03185
22	4	5.289	1	1	5.289
22	4	0.3673	0	0	0.3673
22	4	5.304	0	0	5.304
22	4	5.582	0	0	5.582
22	4	0.274	1	0	0.274
22	4	1.908	1	1	1.908
22	4	0.9566	1	1	0.9566
22	4	0.7569	0	1	0.7569
22	4	3.794	0	0	3.794
22	4	1.577	1	1	1.577
22	4	5.217	0	0	5.217
22	4	1.933	0	0	1.933
22	4	3.439	1	1	3.439
22	4	1.071	1	0	1.071
22	4	3.788	1	1	3.788
22	4	0.7255	1	1	0.7255
22	4	1.068	0	0	1.068
22	4	0.7792	0	1	0.7792
22	4	0.5219	0	1	0.5219
22	4	5.185	0	0	5.185
22	4	5.28	1	1	5.28
22	4	5.369	0	0	5.369
22	4	1.027	1	0	1.027
22	4	1.649	0	0	1.649
22	4	1.681	0	0	1.681
22	4	1.136	0	0	1.136
22	4	3.493	1	1	3.493
22	4	0.2435	0	0	0.2435
22	4	1.315	1	1	1.315
22	4	0.6872	0	0	0.6872
22	4	1.842	1	1	1.842
22	4	5.392	0	0	5.392
22	4	3.596	0	0	3.596
22	4	0.842	1	1	0.842
22	4	0.9859	1	0	0.9859
22	4	3.599	1	1	3.599
22	4	3.921	0	0	3.921
22	4	3.484	1	1	3.484
22	4	3.525	1	1	3.525
22	4	2.217	1	1	2.217
22	4	0.4822	1	0	0.4822
22	4	0.3469	1	0	0.3469
22	4	1.315	1	0	1.315
22	4	5.039	0	0	5.039
22	4	2.277	1	1	2.277
23	4	5.235	0	0	5.235
23	4	1.245	1	1	1.245
23	4	5.618	1	1	5.618
23	4	1.074	1	0	1.074
23	4	3.403	1	1	3.403
23	4	3.388	0	0	3.388
23	4	3.303	0	0	3.303
23	4	3.785	0	0	3.785
23	4	1.611	1	1	1.611
23	4	1.979	0	1	1.979
23	4	5.569	1	1	5.569
23	4	0.7558	1	1	0.7558
23	4	0.7473	1	1	0.7473
23	4	2.017	0	0	2.017
23	4	3.628	0	0	3.628
23	4	5.51	0	0	5.51
23	4	5.492	0	0	5.492
23	4	3.449	0	0	3.449
23	4	1.83	0	0	1.83
23	4	0.564	1	1	0.564
23	4	1.392	1	1	1.392
23	4	0.4369	1	1	0.4369
23	4	5.13	0	0	5.13
23	4	5.578	0	0	5.578
23	4	5.119	1	1	5.119
23	4	1.357	0	0	1.357
23	4	5.444	1	1	5.444
23	4	3.263	1	1	3.263
23	4	3.677	0	0	3.677
23	4	0.8873	1	1	0.8873
23	4	1.802	0	0	1.802
23	4	5.325	1	1	5.325
23	4	0.1174	1	1	0.1174
23	4	0.2586	1	1	0.2586
23	4	0.8411	0	0	0.8411
23	4	0.3991	1	0	0.3991
23	4	0.6008	0	0	0.6008
23	4	0.0616	0	1	0.0616
23	4	0.8168	1	0	0.8168
23	4	0.754	0	0	0.754
23	4	2.085	1	1	2.085
23	4	0.5735	0	0	0.5735
23	4	1.599	0	0	1.599
23	4	3.855	1	1	3.855
23	4	0.7871	0	0	0.7871
23	4	1.741	0	0	1.741
23	4	1.714	0	0	1.714
23	4	3.593	0	0	3.593
23	4	0.7354	1	0	0.7354
23	4	1.111	1	1	1.111
24	4	3.87	0	0	3.87
24	4	5.544	0	0	5.544
24	4	1.398	0	1	1.398
24	4	0.254	0	1	0.254
24	4	3.426	1	1	3.426
24	4	1.963	0	0	1.963
24	4	0.4353	1	0	0.4353
24	4	0.8955	1	0	0.8955
24	4	5.746	0	0	5.746
24	4	1.323	1	0	1.323
24	4	1.676	1	1	1.676
24	4	5.436	0	0	5.436
24	4	3.354	0	0	3.354
24	4	1.963	1	1	1.963
24	4	5.181	1	1	5.181
24	4	0.3745	1	0	0.3745
24	4	3.591	0	0	3.591
24	4	0.1036	1	1	0.1036
24	4	0.8343	1	0	0.8343
24	4	5.352	1	1	5.352
24	4	0.8869	1	1	0.8869
24	4	3.704	1	1	3.704
24	4	3.7	0	0	3.7
24	4	5.472	1	1	5.472
24	4	5.559	1	1	5.559
24	4	5.734	0	0	5.734
24	4	0.9051	0	0	0.9051
24	4	3.857	0	0	3.857
24	4	1.072	0	0	1.072
24	4	1.808	1	1	1.808
24	4	3.425	0	0	3.425
24	4	1.775	1	1	1.775
24	4	1.08	0	0	1.08
24	4	0.5149	0	0	0.5149
24	4	0.823	1	0	0.823
24	4	1.79	0	0	1.79
24	4	3.382	0	0	3.382
24	4	1.908	0	0	1.908
24	4	1.574	1	1	1.574
24	4	0.5247	1	1	0.5247
24	4	0.4023	1	0	0.4023
24	4	5.139	0	0	5.139
24	4	5.426	0	0	5.426
24	4	0.798	1	1	0.798
24	4	1.852	0	0	1.852
24	4	0.3748	1	0	0.3748
24	4	0.2899	1	1	0.2899
24	4	0.4267	0	0	0.4267
24	4	3.738	0	0	3.738
24	4	2.017	1	1	2.017
25	4	0.2489	1	1	0.2489
25	4	2.147	0	0	2.147
25	4	3.595	0	0	3.595
25	4	0.492	1	1	0.492
25	4	3.212	0	0	3.212
25	4	1.693	1	1	1.693
25	4	3.675	0	0	3.675
25	4	1.072	1	1	1.072
25	4	3.422	1	1	3.422
25	4	5.468	1	1	5.468
25	4	0.2688	0	0	0.2688
25	4	3.532	0	0	3.532
25	4	5.382	1	1	5.382
25	4	1.006	0	0	1.006
25	4	0.6688	1	1	0.6688
25	4	3.608	1	1	3.608
25	4	3.381	0	0	3.381
25	4	2.266	0	0	2.266
25	4	0.9316	0	0	0.9316
25	4	3.519	1	1	3.519
25	4	1.728	0	0	1.728
25	4	1.758	1	1	1.758
25	4	0.6671	1	0	0.6671
25	4	0.5412	1	1	0.5412
25	4	0.8081	1	0	0.8081
25	4	1.681	0	0	1.681
25	4	0.3731	0	1	0.3731
25	4	0.8573	1	1	0.8573
25	4	0.1666	1	1	0.1666
25	4	5.614	0	0	5.614
25	4	5.439	1	1	5.439
25	4	1.702	1	0	1.702
25	4	3.669	0	0	3.669
25	4	5.728	0	0	5.728
25	4	5.537	0	0	5.537
25	4	5.48	1	1	5.48
25	4	5.171	1	1	5.171
25	4	0.7544	0	0	0.7544
25	4	0.9682	0	0	0.9682
25	4	5.248	0	0	5.248
25	4	1.875	1	1	1.875
25	4	0.6534	1	0	0.6534
25	4	1.708	1	0	1.708
25	4	0.6212	0	0	0.6212
25	4	2.027	1	1	2.027
25	4	0.9573	1	0	0.9573
25	4	5.369	0	0	5.369
25	4	3.77	0	0	3.77
25	4	0.3413	0	0	0.3413
25	4	1.163	0	0	1.163
26	4	0.02083	1	0	0.02083
26	4	2.144	0	0	2.144
26	4	0.3958	1	1	0.3958
26	4	2.038	0	0	2.038
26	4	5.487	1	1	5.487
26	4	3.474	1	1	3.474
26	4	1.69	1	1	1.69
26	4	0.3287	1	1	0.3287
26	4	5.374	0	0	5.374
26	4	5.766	1	1	5.766
26	4	0.8197	1	0	0.8197
26	4	1.33	1	0	1.33
26	4	3.456	1	1	3.456
26	4	1.858	1	1	1.858
26	4	1.614	0	0	1.614
26	4	0.7407	0	0	0.7407
26	4	1.674	1	1	1.674
26	4	0.3297	0	0	0.3297
26	4	1.194	1	0	1.194
26	4	5.706	0	0	5.706
26	4	0.8224	1	1	0.8224
26	4	2.329	1	0	2.329
26	4	0.3556	0	0	0.3556
26	4	0.5175	1	1	0.5175
26	4	2.016	1	1	2.016
26	4	1.125	1	1	1.125
26	4	1.655	0	0	1.655
26	4	3.874	0	0	3.874
26	4	3.841	0	0	3.841
26	4	5.418	0	0	5.418
26	4	0.3918	0	0	0.3918
26	4	0.5666	0	0	0.5666
26	4	5.063	0	0	5.063
26	4	3.496	0	0	3.496
26	4	3.058	1	1	3.058
26	4	3.542	0	0	3.542
26	4	1.306	0	0	1.306
26	4	1.142	1	1	1.142
26	4	5.182	0	0	5.182
26	4	3.634	0	0	3.634
26	4	5.545	1	1	5.545
26	4	5.522	0	0	5.522
26	4	0.4577	0	0	0.4577
26	4	5.408	0	0	5.408
26	4	3.721	1	1	3.721
26	4	0.5911	0	0	0.5911
26	4	3.448	1	1	3.448
26	4	0.6941	0	0	0.6941
26	4	1.892	0	0	1.892
26	4	0.5386	1	0	0.5386
27	4	0.4914	0	0	0.4914
27	4	1.676	1	1	1.676
27	4	5.426	0	0	5.426
27	4	0.5171	1	0	0.5171
27	4	3.791	1	1	3.791
27	4	1.179	0	0	1.179
27	4	0.5119	1	1	0.5119
27	4	5.486	0	0	5.486
27	4	3.759	0	0	3.759
27	4	1.795	0	0	1.795
27	4	2.069	1	1	2.069
27	4	0.9552	1	1	0.9552
27	4	0.5818	0	0	0.5818
27	4	5.105	0	0	5.105
27	4	3.389	1	1	3.389
27	4	3.753	1	0	3.753
27	4	1.465	1	1	1.465
27	4	5.459	0	0	5.459
27	4	1.788	1	1	1.788
27	4	0.8592	1	0	0.8592
27	4	1.815	0	0	1.815
27	4	0.911	1	1	0.911
27	4	5.115	0	0	5.115
27	4	0.343	1	1	0.343
27	4	0.239	0	1	0.239
27	4	0.1473	0	0	0.1473
27	4	0.7981	0	0	0.7981
27	4	5.12	0	0	5.12
27	4	3.44	1	1	3.44
27	4	0.7242	1	0	0.7242
27	4	3.9	0	0	3.9
27	4	1.885	0	0	1.885
27	4	0.8672	0	0	0.8672
27	4	1.602	0	0	1.602
27	4	0.3077	0	0	0.3077
27	4	5.503	0	0	5.503
27	4	1.208	1	1	1.208
27	4	5.259	1	1	5.259
27	4	3.765	1	1	3.765
27	4	2.015	1	1	2.015
27	4	0.6042	1	1	0.6042
27	4	5.082	0	0	5.082
27	4	5.265	1	1	5.265
27	4	0.9663	1	1	0.9663
27	4	3.781	0	0	3.781
27	4	3.443	0	0	3.443
27	4	1.072	1	1	1.072
27	4	1.583	1	1	1.583
27	4	0.576	0	0	0.576
27	4	3.667	1	1	3.667
28	4	3.739	1	1	3.739
28	4	1.072	1	1	1.072
28	4	3.61	1	1	3.61
28	4	5.49	1	1	5.49
28	4	3.323	0	0	3.323
28	4	0.9118	0	0	0.9118
28	4	3.58	0	0	3.58
28	4	3.375	0	0	3.375
28	4	2.053	0	0	2.053
28	4	5.403	1	1	5.403
28	4	0.2002	1	0	0.2002
28	4	1.412	1	1	1.412
28	4	1.175	1	0	1.175
28	4	5.736	0	0	5.736
28	4	0.9613	0	0	0.9613
28	4	0.5778	1	1	0.5778
28	4	0.351	1	1	0.351
28	4	0.3739	0	1	0.3739
28	4	1.064	1	1	1.064
28	4	1.2	0	0	1.2
28	4	1.87	0	0	1.87
28	4	5.118	1	1	5.118
28	4	0.6649	1	0	0.6649
28	4	3.739	0	0	3.739
28	4	0.5761	1	0	0.5761
28	4	5.271	1	1	5.271
28	4	1.815	0	0	1.815
28	4	5.422	0	0	5.422
28	4	1.903	1	0	1.903
28	4	1.865	0	0	1.865
28	4	0.5429	0	1	0.5429
28	4	1.973	1	1	1.973
28	4	3.491	0	0	3.491
28	4	1.973	1	1	1.973
28	4	0.1386	0	1	0.1386
28	4	3.825	1	1	3.825
28	4	5.407	0	0	5.407
28	4	0.6559	0	0	0.6559
28	4	3.51	0	0	3.51
28	4	5.581	0	0	5.581
28	4	1.829	1	1	1.829
28	4	0.6661	1	0	0.6661
28	4	0.456	0	0	0.456
28	4	5.2	0	0	5.2
28	4	3.302	0	0	3.302
28	4	1.053	1	1	1.053
28	4	5.566	1	1	5.566
28	4	0.6472	1	0	0.6472
29	4	3.505	1	1	3.505
29	4	1.725	1	0	1.725
29	4	1.153	0	1	1.153
29	4	1.902	1	0	1.902
29	4	5.438	0	0	5.438
29	4	0.5545	0	0	0.5545
29	4	1.907	0	0	1.907
29	4	2.021	0	0	2.021
29	4	0.8168	0	0	0.8168
29	4	1.994	0	0	1.994
29	4	1.01	0	0	1.01
29	4	3.779	0	0	3.779
29	4	0.7843	0	0	0.7843
29	4	5.178	1	1	5.178
29	4	5.483	1	1	5.483
29	4	5.344	1	1	5.344
29	4	5.469	0	0	5.469
29	4	0.628	0	0	0.628
29	4	3.274	1	1	3.274
29	4	0.4325	1	1	0.4325
29	4	5.439	0	0	5.439
29	4	0.7678	1	1	0.7678
29	4	0.9748	0	0	0.9748
29	4	1.861	1	1	1.861
29	4	3.85	1	1	3.85
29	4	3.446	0	0	3.446
29	4	0.6431	1	0	0.6431
29	4	5.359	0	0	5.359
29	4	1.786	1	1	1.786
29	4	0.3297	0	1	0.3297
29	4	5.476	0	0	5.476
29	4	3.638	1	1	3.638
29	4	0.9577	1	0	0.9577
29	4	4.945	1	1	4.945
29	4	0.577	1	1	0.577
29	4	0.4821	0	0	0.4821
29	4	0.8173	0	0	0.8173
29	4	0.8108	0	0	0.8108
29	4	0.3067	1	1	0.3067
29	4	0.8661	1	1	0.8661
29	4	3.362	0	0	3.362
29	4	0.8338	1	1	0.8338
29	4	1.749	1	1	1.749
29	4	1.433	0	0	1.433
29	4	5.625	0	0	5.625
29	4	3.902	1	1	3.902
29	4	1.866	1	1	1.866
29	4	3.534	1	1	3.534
29	4	3.345	0	0	3.345
29	4	0.1921	1	1	0.1921
30	5	1.617	0	0	1.617
30	5	1.75	1	1	1.75
30	5	1.896	0	0	1.896
30	5	0.6768	1	1	0.6768
30	5	3.578	1	1	3.578
30	5	4.939	1	1	4.939
30	5	3.861	1	1	3.861
30	5	0.2242	1	1	0.2242
30	5	3.514	0	0	3.514
30	5	0.8004	0	1	0.8004
30	5	3.969	0	0	3.969
30	5	2.001	1	1	2.001
30	5	5.419	0	0	5.419
30	5	0.9791	1	1	0.9791
30	5	1.099	1	1	1.099
30	5	1.664	0	0	1.664
30	5	3.882	0	0	3.882
30	5	0.4551	1	0	0.4551
30	5	0.4176	0	1	0.4176
30	5	0.7944	0	1	0.7944
30	5	1.62	0	1	1.62
30	5	5.383	1	1	5.383
30	5	1.069	1	0	1.069
30	5	5.456	0	0	5.456
30	5	0.8095	0	0	0.8095
30	5	0.3434	0	1	0.3434
30	5	3.686	0	0	3.686
30	5	5.695	1	1	5.695
30	5	1.601	1	0	1.601
30	5	1.501	1	1	1.501
30	5	0.3006	1	0	0.3006
30	5	0.5774	0	0	0.5774
30	5	1.922	0	0	1.922
30	5	1.061	1	1	1.061
30	5	3.504	1	1	3.504
30	5	5.249	0	0	5.249
30	5	0.6113	1	1	0.6113
30	5	3.595	0	0	3.595
30	5	5.286	1	1	5.286
30	5	0.4557	0	0	0.4557
30	5	0.7775	1	0	0.7775
30	5	0.7905	1	0	0.7905
30	5	0.5063	1	0	0.5063
30	5	5.448	0	0	5.448
30	5	1.831	1	1	1.831
30	5	3.68	1	1	3.68
30	5	0.9759	0	0	0.9759
30	5	3.609	1	1	3.609
30	5	5.111	0	0	5.111
30	5	5.404	0	0	5.404
31	5	0.3674	1	0	0.3674
31	5	0.7502	1	1	0.7502
31	5	5.504	1	1	5.504
31	5	5.443	0	0	5.443
31	5	1.743	0	0	1.743
31	5	1.692	1	0	1.692
31	5	0.4215	0	1	0.4215
31	5	1.206	0	0	1.206
31	5	1.868	1	1	1.868
31	5	3.25	1	1	3.25
31	5	0.8334	0	0	0.8334
31	5	0.004966	0	0	0.004966
31	5	3.536	0	0	3.536
31	5	3.593	1	1	3.593
31	5	0.5799	0	1	0.5799
31	5	1.082	1	1	1.082
31	5	3.433	0	0	3.433
31	5	3.625	1	1	3.625
31	5	0.4332	0	1	0.4332
31	5	0.9346	0	1	0.9346
31	5	2.036	1	1	2.036
31	5	2.055	1	1	2.055
31	5	0.7907	1	1	0.7907
31	5	5.043	0	0	5.043
31	5	3.951	0	0	3.951
31	5	5.304	1	1	5.304
31	5	3.589	1	1	3.589
31	5	1.956	1	1	1.956
31	5	1.099	1	1	1.099
31	5	0.6874	0	0	0.6874
31	5	3.427	0	0	3.427
31	5	2.014	1	1	2.014
31	5	5.022	0	0	5.022
31	5	1.975	0	0	1.975
31	5	5.124	1	1	5.124
31	5	1.869	1	1	1.869
31	5	5.3	0	0	5.3
31	5	0.6551	0	1	0.6551
31	5	1.127	0	0	1.127
31	5	3.503	0	0	3.503
31	5	1.015	0	0	1.015
31	5	5.517	1	1	5.517
31	5	5.412	1	1	5.412
31	5	3.786	0	0	3.786
31	5	1.555	0	1	1.555
31	5	0.8586	1	1	0.8586
31	5	0.8192	1	0	0.8192
31	5	5.349	0	0	5.349
31	5	0.8801	1	1	0.8801
31	5	0.3274	1	1	0.3274
32	5	5.188	1	1	5.188
32	5	1.79	1	1	1.79
32	5	3.78	1	1	3.78
32	5	3.89	0	0	3.89
32	5	1.634	1	1	1.634
32	5	1.002	0	0	1.002
32	5	5.704	0	0	5.704
32	5	3.62	0	0	3.62
32	5	5.461	1	1	5.461
32	5	0.709	0	0	0.709
32	5	5.374	0	0	5.374
32	5	5.385	0	0	5.385
32	5	0.816	0	0	0.816
32	5	1.915	1	1	1.915
32	5	3.232	0	0	3.232
32	5	5.094	1	1	5.094
32	5	1.939	0	0	1.939
32	5	0.2729	1	0	0.2729
32	5	3.436	0	0	3.436
32	5	1.032	1	1	1.032
32	5	0.928	1	0	0.928
32	5	0.7548	1	1	0.7548
32	5	3.439	1	1	3.439
32	5	5.218	0	0	5.218
32	5	1.419	0	0	1.419
32	5	3.386	1	1	3.386
32	5	0.5757	1	0	0.5757
32	5	4.147	1	1	4.147
32	5	1.738	0	0	1.738
32	5	1.862	0	0	1.862
32	5	0.7356	1	1	0.7356
32	5	3.169	0	0	3.169
32	5	0.7629	0	1	0.7629
32	5	3.832	1	1	3.832
32	5	1.758	1	1	1.758
32	5	0.6782	1	1	0.6782
32	5	0.3824	0	0	0.3824
32	5	5.548	1	1	5.548
32	5	0.7263	0	0	0.7263
32	5	1.984	1	1	1.984
32	5	0.4815	0	0	0.4815
32	5	1.032	0	0	1.032
32	5	5.26	0	0	5.26
32	5	0.5356	0	0	0.5356
32	5	0.5505	0	0	0.5505
32	5	5.325	0	0	5.325
32	5	1.68	1	0	1.68
32	5	0.4388	0	0	0.4388
32	5	0.2475	1	1	0.2475
32	5	0.6859	1	0	0.6859
33	5	1.686	1	0	1.686
33	5	0.5875	0	0	0.5875
33	5	1.293	0	1	1.293
33	5	3.471	0	0	3.471
33	5	1.318	1	1	1.318
33	5	0.9582	1	0	0.9582
33	5	1.988	0	0	1.988
33	5	0.4402	0	0	0.4402
33	5	3.145	1	1	3.145
33	5	3.633	0	0	3.633
33	5	3.45	1	1	3.45
33	5	1.658	1	0	1.658
33	5	0.8966	0	1	0.8966
33	5	0.8468	1	1	0.8468
33	5	1.781	1	1	1.781
33	5	0.9939	1	1	0.9939
33	5	0.08859	0	0	0.08859
33	5	0.2904	0	0	0.2904
33	5	1.786	1	1	1.786
33	5	0.2643	1	0	0.2643
33	5	3.552	0	0	3.552
33	5	3.826	0	0	3.826
33	5	3.575	1	1	3.575
33	5	3.637	0	0	3.637
33	5	1.642	0	0	1.642
33	5	0.946	0	0	0.946
33	5	1.091	0	0	1.091
33	5	1.909	0	0	1.909
33	5	0.4979	0	0	0.4979
33	5	3.673	0	0	3.673
33	5	5.188	1	1	5.188
33	5	5.688	0	0	5.688
33	5	1.676	1	1	1.676
33	5	5.387	1	1	5.387
33	5	5.504	1	1	5.504
33	5	1.752	1	1	1.752
33	5	5.412	1	1	5.412
33	5	5.234	1	1	5.234
33	5	0.3091	0	0	0.3091
33	5	1.139	1	0	1.139
33	5	1.647	0	0	1.647
33	5	0.2971	1	0	0.2971
33	5	5.04	1	1	5.04
33	5	5.471	0	0	5.471
33	5	5.358	0	0	5.358
33	5	0.05222	0	0	0.05222
33	5	5.397	1	1	5.397
33	5	0.5976	0	0	0.5976
33	5	3.47	1	1	3.47
33	5	0.4414	1	1	0.4414
34	5	0.9918	0	0	0.9918
34	5	2.12	1	1	2.12
34	5	5.453	1	1	5.453
34	5	1.737	0	0	1.737
34	5	3.69	1	1	3.69
34	5	1.752	0	0	1.752
34	5	0.6947	0	0	0.6947
34	5	1.812	0	0	1.812
34	5	0.6621	1	0	0.6621
34	5	0.5512	1	0	0.5512
34	5	0.7492	1	1	0.7492
34	5	3.427	0	0	3.427
34	5	3.693	1	1	3.693
34	5	3.693	0	0	3.693
34	5	0.6198	0	0	0.6198
34	5	3.504	1	1	3.504
34	5	3.421	0	0	3.421
34	5	0.9278	0	0	0.9278
34	5	0.2492	0	0	0.2492
34	5	0.2115	1	1	0.2115
34	5	3.682	1	1	3.682
34	5	5.627	1	1	5.627
34	5	3.876	0	0	3.876
34	5	5.355	1	1	5.355
34	5	0.856	0	0	0.856
34	5	1.785	0	0	1.785
34	5	0.5685	1	0	0.5685
34	5	1.757	0	0	1.757
34	5	2.004	0	0	2.004
34	5	3.349	0	0	3.349
34	5	0.4485	1	1	0.4485
34	5	4.89	1	1	4.89
34	5	0.8348	0	0	0.8348
34	5	0.7172	0	0	0.7172
34	5	0.8588	0	0	0.8588
34	5	5.187	1	1	5.187
34	5	1.859	1	1	1.859
34	5	3.556	1	1	3.556
34	5	0.7171	1	0	0.7171
34	5	0.7467	0	0	0.7467
34	5	5.293	0	0	5.293
34	5	0.4829	1	0	0.4829
34	5	5.202	0	0	5.202
34	5	5.648	1	1	5.648
34	5	0.7125	0	0	0.7125
34	5	0.8841	1	0	0.8841
34	5	1.78	1	0	1.78
34	5	5.552	1	1	5.552
34	5	5.806	1	1	5.806
34	5	1.746	1	1	1.746
35	5	0.6424	1	0	0.6424
35	5	0.971	0	0	0.971
35	5	0.9252	1	1	0.9252
35	5	3.878	0	0	3.878
35	5	2.097	1	1	2.097
35	5	3.63	1	1	3.63
35	5	3.718	1	1	3.718
35	5	0.9082	1	0	0.9082
35	5	3.456	0	0	3.456
35	5	5.589	1	1	5.589
35	5	5.884	1	1	5.884
35	5	0.6769	0	0	0.6769
35	5	0.9639	0	0	0.9639
35	5	3.682	0	0	3.682
35	5	3.751	0	0	3.751
35	5	5.419	0	0	5.419
35	5	0.6629	0	0	0.6629
35	5	5.49	0	0	5.49
35	5	0.6161	1	0	0.6161
35	5	1.611	0	0	1.611
35	5	1.734	0	0	1.734
35	5	5.243	0	0	5.243
35	5	1.977	1	1	1.977
35	5	1.103	1	0	1.103
35	5	5.18	1	1	5.18
35	5	0.3041	1	0	0.3041
35	5	2.005	0	0	2.005
35	5	3.686	1	1	3.686
35	5	0.6307	0	0	0.6307
35	5	0.4527	1	0	0.4527
35	5	3.856	1	1	3.856
35	5	0.8333	0	0	0.8333
35	5	1.754	1	0	1.754
35	5	0.2522	0	0	0.2522
35	5	3.43	1	1	3.43
35	5	5.488	0	0	5.488
35	5	5.222	1	1	5.222
35	5	1.017	1	0	1.017
35	5	0.481	1	0	0.481
35	5	0.5541	1	0	0.5541
35	5	5.718	0	0	5.718
35	5	5.609	0	0	5.609
35	5	1.87	1	0	1.87
35	5	0.1784	1	0	0.1784
35	5	0.1466	1	0	0.1466
35	5	0.7616	0	0	0.7616
35	5	1.516	0	0	1.516
35	5	1.793	1	1	1.793
35	5	1.876	0	0	1.876
35	5	3.651	0	0	3.651
36	5	3.51	1	1	3.51
36	5	3.518	0	0	3.518
36	5	3.917	1	1	3.917
36	5	3.515	1	1	3.515
36	5	0.48	0	0	0.48
36	5	3.294	0	0	3.294
36	5	0.6758	0	0	0.6758
36	5	0.5435	1	1	0.5435
36	5	0.5416	1	0	0.5416
36	5	0.5011	1	0	0.5011
36	5	0.6495	0	0	0.6495
36	5	5.463	1	1	5.463
36	5	0.3313	1	0	0.3313
36	5	3.492	0	0	3.492
36	5	1.527	1	0	1.527
36	5	5.091	0	0	5.091
36	5	1.826	0	0	1.826
36	5	1.368	1	0	1.368
36	5	0.8047	0	0	0.8047
36	5	0.6065	0	0	0.6065
36	5	1.707	1	1	1.707
36	5	0.4637	1	0	0.4637
36	5	0.4249	1	1	0.4249
36	5	5.022	1	1	5.022
36	5	1.096	0	0	1.096
36	5	5.045	1	1	5.045
36	5	4.933	0	0	4.933
36	5	3.486	0	0	3.486
36	5	5.705	0	0	5.705
36	5	0.3813	0	0	0.3813
36	5	0.8919	1	1	0.8919
36	5	2.01	0	0	2.01
36	5	1.834	0	0	1.834
36	5	1.36	1	1	1.36
36	5	5.468	0	0	5.468
36	5	5.101	1	1	5.101
36	5	5.451	0	0	5.451
36	5	3.564	1	1	3.564
36	5	0.8207	1	0	0.8207
36	5	0.9073	1	1	0.9073
36	5	3.047	1	1	3.047
36	5	3.274	1	1	3.274
36	5	0.6282	1	0	0.6282
36	5	0.1859	0	0	0.1859
36	5	1.026	0	0	1.026
36	5	1.749	0	0	1.749
36	5	1.885	0	0	1.885
36	5	5.469	1	1	5.469
36	5	1.802	0	0	1.802
36	5	1.658	0	0	1.658
37	5	3.726	0	0	3.726
37	5	0.4691	0	1	0.4691
37	5	3.701	1	1	3.701
37	5	0.7135	1	1	0.7135
37	5	1.757	0	0	1.757
37	5	5.298	1	1	5.298
37	5	1.313	1	1	1.313
37	5	0.7735	0	0	0.7735
37	5	3.976	1	1	3.976
37	5	3.375	1	1	3.375
37	5	1.424	1	1	1.424
37	5	3.356	0	0	3.356
37	5	5.153	0	0	5.153
37	5	1.777	0	0	1.777
37	5	1.942	1	1	1.942
37	5	1.641	1	0	1.641
37	5	0.9708	1	1	0.9708
37	5	5.181	0	0	5.181
37	5	0.4764	0	0	0.4764
37	5	1.825	0	0	1.825
37	5	0.7388	0	0	0.7388
37	5	1.969	1	1	1.969
37	5	3.633	0	0	3.633
37	5	3.363	1	1	3.363
37	5	0.9991	0	0	0.9991
37	5	0.5903	1	1	0.5903
37	5	0.4907	1	0	0.4907
37	5	0.6404	1	0	0.6404
37	5	1.429	1	1	1.429
37	5	0.2762	1	1	0.2762
37	5	5.573	0	0	5.573
37	5	5.147	1	1	5.147
37	5	3.65	0	0	3.65
37	5	1.842	0	0	1.842
37	5	5.42	0	0	5.42
37	5	0.8312	0	0	0.8312
37	5	3.169	1	1	3.169
37	5	1.092	0	0	1.092
37	5	0.3417	1	0	0.3417
37	5	5.639	1	1	5.639
37	5	2.192	1	1	2.192
37	5	5.167	0	0	5.167
37	5	0.6984	0	0	0.6984
37	5	0.9143	1	1	0.9143
37	5	1.221	0	1	1.221
37	5	0.4499	0	0	0.4499
37	5	5.57	1	1	5.57
37	5	3.563	0	0	3.563
37	5	5.491	0	0	5.491
37	5	0.852	0	0	0.852
38	5	5.733	1	1	5.733
38	5	0.4504	0	1	0.4504
38	5	2.112	1	1	2.112
38	5	0.566	0	1	0.566
38	5	0.7953	0	0	0.7953
38	5	3.715	0	0	3.715
38	5	0.8031	1	1	0.8031
38	5	1.799	1	1	1.799
38	5	5.232	0	0	5.232
38	5	1.975	1	1	1.975
38	5	0.6483	0	0	0.6483
38	5	3.571	0	0	3.571
38	5	0.3601	1	1	0.3601
38	5	3.281	1	1	3.281
38	5	0.9413	0	0	0.9413
38	5	0.4214	1	1	0.4214
38	5	0.3964	1	0	0.3964
38	5	1.015	0	1	1.015
38	5	0.4247	1	0	0.4247
38	5	0.4685	0	1	0.4685
38	5	0.8811	1	1	0.8811
38	5	0.5094	0	1	0.5094
38	5	3.298	0	0	3.298
38	5	3.606	1	1	3.606
38	5	5.394	1	1	5.394
38	5	3.656	1	1	3.656
38	5	0.4918	0	1	0.4918
38	5	2.088	0	0	2.088
38	5	0.6859	0	1	0.6859
38	5	1.747	0	0	1.747
38	5	3.528	0	0	3.528
38	5	5.209	0	0	5.209
38	5	3.513	0	0	3.513
38	5	1.02	1	1	1.02
38	5	1.772	1	1	1.772
38	5	0.8378	1	1	0.8378
38	5	5.113	1	1	5.113
38	5	1.568	1	1	1.568
38	5	5.452	0	0	5.452
38	5	5.283	0	0	5.283
38	5	3.389	1	1	3.389
38	5	0.8669	1	1	0.8669
38	5	1.792	1	1	1.792
38	5	1.098	1	0	1.098
38	5	4.877	0	0	4.877
38	5	1.501	1	1	1.501
38	5	5.342	1	1	5.342
38	5	3.476	0	0	3.476
38	5	2.025	0	0	2.025
38	5	5.639	1	1	5.639
39	5	0.9903	1	1	0.9903
39	5	1.16	1	1	1.16
39	5	3.788	1	1	3.788
39	5	5.349	0	0	5.349
39	5	0.2141	0	1	0.2141
39	5	5.522	1	1	5.522
39	5	3.787	0	0	3.787
39	5	0.736	0	0	0.736
39	5	3.747	1	1	3.747
39	5	4.071	1	1	4.071
39	5	2.211	1	1	2.211
39	5	3.779	0	0	3.779
39	5	5.572	0	0	5.572
39	5	4.968	0	0	4.968
39	5	0.2143	1	1	0.2143
39	5	0.6494	0	1	0.6494
39	5	1.764	1	1	1.764
39	5	1.762	1	1	1.762
39	5	5.549	1	1	5.549
39	5	3.348	1	1	3.348
39	5	0.09221	0	0	0.09221
39	5	1.718	1	1	1.718
39	5	0.2802	0	0	0.2802
39	5	5.205	0	0	5.205
39	5	1.946	1	1	1.946
39	5	1.096	0	0	1.096
39	5	0.1364	0	0	0.1364
39	5	0.2921	0	0	0.2921
39	5	3.869	0	0	3.869
39	5	1.453	1	1	1.453
39	5	3.89	1	1	3.89
39	5	5.417	1	1	5.417
39	5	1.893	0	0	1.893
39	5	1.033	1	0	1.033
39	5	1.114	1	1	1.114
39	5	3.413	0	0	3.413
39	5	0.3874	0	0	0.3874
39	5	1.511	0	0	1.511
39	5	5.225	0	0	5.225
39	5	0.7316	1	1	0.7316
39	5	0.9078	1	1	0.9078
39	5	5.715	1	1	5.715
39	5	5.563	0	0	5.563
39	5	1.599	1	1	1.599
39	5	0.678	0	1	0.678
39	5	3.467	0	0	3.467
39	5	0.7783	1	0	0.7783
39	5	0.5575	0	0	0.5575
39	5	1.537	1	0	1.537
39	5	1.124	1	1	1.124
40	6	1.76	1	1	1.76
40	6	0.9236	1	1	0.9236
40	6	3.507	0	0	3.507
40	6	5.448	0	0	5.448
40	6	3.75	0	0	3.75
40	6	0.5829	0	1	0.5829
40	6	1.17	0	0	1.17
40	6	5.215	1	1	5.215
40	6	2.048	1	1	2.048
40	6	1.021	0	1	1.021
40	6	3.502	0	0	3.502
40	6	3.514	1	1	3.514
40	6	0.6265	0	1	0.6265
40	6	1.372	0	0	1.372
40	6	0.4528	0	0	0.4528
40	6	1.841	0	1	1.841
40	6	0.9766	1	0	0.9766
40	6	1.549	1	1	1.549
40	6	0.4677	0	0	0.4677
40	6	5.37	1	1	5.37
40	6	4.894	1	1	4.894
40	6	1.683	0	0	1.683
40	6	0.4186	1	1	0.4186
40	6	0.5077	1	1	0.5077
40	6	0.5652	1	1	0.5652
40	6	5.37	0	0	5.37
40	6	0.5635	0	0	0.5635
40	6	0.9404	0	0	0.9404
40	6	1.805	1	1	1.805
40	6	5.235	0	0	5.235
40	6	0.03028	1	0	0.03028
40	6	0.7691	0	0	0.7691
40	6	2.175	1	1	2.175
40	6	3.677	0	0	3.677
40	6	0.3923	0	1	0.3923
40	6	3.482	1	1	3.482
40	6	0.5029	1	1	0.5029
40	6	3.772	1	1	3.772
40	6	3.585	1	1	3.585
40	6	0.8138	0	0	0.8138
40	6	5.517	1	1	5.517
40	6	1.2	1	1	1.2
40	6	4.022	1	1	4.022
40	6	5.345	0	0	5.345
40	6	0.7309	0	0	0.7309
40	6	0.5258	1	1	0.5258
40	6	5.403	0	0	5.403
40	6	3.53	0	0	3.53
40	6	5.346	1	1	5.346
40	6	1.678	0	1	1.678
41	6	5.734	0	0	5.734
41	6	5.475	1	1	5.475
41	6	0.5408	1	1	0.5408
41	6	1.014	0	1	1.014
41	6	1.367	0	1	1.367
41	6	3.512	0	0	3.512
41	6	1.496	0	0	1.496
41	6	1.169	0	0	1.169
41	6	0.4088	0	0	0.4088
41	6	0.4479	1	1	0.4479
41	6	2.047	0	0	2.047
41	6	1.548	1	1	1.548
41	6	0.4819	1	1	0.4819
41	6	5.606	1	1	5.606
41	6	1.731	0	0	1.731
41	6	1.25	1	1	1.25
41	6	1.12	0	1	1.12
41	6	4.903	0	0	4.903
41	6	0.6786	1	1	0.6786
41	6	3.592	0	0	3.592
41	6	0.5686	1	1	0.5686
41	6	5.56	0	0	5.56
41	6	3.755	1	1	3.755
41	6	1.703	1	1	1.703
41	6	0.5975	1	1	0.5975
41	6	5.151	1	1	5.151
41	6	1.79	0	0	1.79
41	6	3.563	0	0	3.563
41	6	3.72	0	0	3.72
41	6	5.177	1	1	5.177
41	6	3.47	1	1	3.47
41	6	0.6731	1	1	0.6731
41	6	3.488	0	0	3.488
41	6	0.4856	1	1	0.4856
41	6	5.538	1	1	5.538
41	6	0.8489	0	0	0.8489
41	6	1.703	0	0	1.703
41	6	5.334	0	0	5.334
41	6	3.317	1	1	3.317
41	6	1.586	0	0	1.586
41	6	0.8502	1	1	0.8502
41	6	0.4958	1	1	0.4958
41	6	2.072	0	0	2.072
41	6	3.571	0	0	3.571
41	6	0.7788	0	1	0.7788
41	6	0.9867	1	1	0.9867
41	6	5.226	0	0	5.226
41	6	3.485	1	1	3.485
41	6	0.5198	1	0	0.5198
41	6	0.8582	1	0	0.8582
42	6	0.2497	1	1	0.2497
42	6	0.8468	0	0	0.8468
42	6	0.6064	1	1	0.6064
42	6	1.383	1	1	1.383
42	6	1.185	0	0	1.185
42	6	1.903	1	1	1.903
42	6	0.8094	1	1	0.8094
42	6	1.667	0	0	1.667
42	6	0.1238	0	1	0.1238
42	6	3.792	1	1	3.792
42	6	5.037	1	1	5.037
42	6	1.991	1	1	1.991
42	6	1.75	0	0	1.75
42	6	0.7292	0	0	0.7292
42	6	0.7885	1	1	0.7885
42	6	3.808	1	1	3.808
42	6	3.808	1	1	3.808
42	6	5.567	0	0	5.567
42	6	3.387	0	0	3.387
42	6	5.17	1	1	5.17
42	6	5.18	1	1	5.18
42	6	3.183	0	0	3.183
42	6	5.379	1	1	5.379
42	6	1.322	0	0	1.322
42	6	1.444	0	0	1.444
42	6	4.991	0	0	4.991
42	6	0.442	1	0	0.442
42	6	1.576	0	0	1.576
42	6	1.166	1	1	1.166
42	6	1.962	1	1	1.962
42	6	3.68	1	1	3.68
42	6	0.6885	0	0	0.6885
42	6	5.791	0	0	5.791
42	6	0.3945	0	1	0.3945
42	6	5.236	0	0	5.236
42	6	1.415	1	1	1.415
42	6	1.335	1	1	1.335
42	6	0.6128	0	1	0.6128
42	6	0.2177	0	1	0.2177
42	6	0.3476	1	1	0.3476
42	6	3.727	1	1	3.727
42	6	0.3313	1	1	0.3313
42	6	3.537	0	0	3.537
42	6	5.414	0	0	5.414
42	6	0.2617	1	0	0.2617
42	6	3.655	0	0	3.655
42	6	1.451	0	1	1.451
42	6	0.3963	1	1	0.3963
42	6	5.853	0	0	5.853
42	6	3.131	0	0	3.131
43	6	2.019	1	1	2.019
43	6	0.3122	1	1	0.3122
43	6	0.9935	1	1	0.9935
43	6	0.8972	0	0	0.8972
43	6	5.45	0	0	5.45
43	6	3.816	1	1	3.816
43	6	3.161	0	0	3.161
43	6	0.6428	0	1	0.6428
43	6	5.315	0	0	5.315
43	6	0.5374	1	1	0.5374
43	6	1.996	1	1	1.996
43	6	4.113	1	1	4.113
43	6	0.8165	1	1	0.8165
43	6	1.621	0	0	1.621
43	6	3.43	1	1	3.43
43	6	1.934	0	0	1.934
43	6	2.095	1	1	2.095
43	6	5.126	1	1	5.126
43	6	5.316	1	1	5.316
43	6	3.841	1	1	3.841
43	6	0.9021	0	0	0.9021
43	6	3.813	1	1	3.813
43	6	0.6908	1	1	0.6908
43	6	1.789	0	0	1.789
43	6	3.884	1	1	3.884
43	6	3.17	0	0	3.17
43	6	1.817	0	0	1.817
43	6	0.04742	1	1	0.04742
43	6	0.7152	0	1	0.7152
43	6	1.694	1	1	1.694
43	6	0.7142	1	1	0.7142
43	6	0.3354	0	0	0.3354
43	6	0.3719	1	1	0.3719
43	6	5.645	1	1	5.645
43	6	1.673	0	0	1.673
43	6	5.32	0	0	5.32
43	6	0.8403	1	1	0.8403
43	6	0.183	1	1	0.183
43	6	0.5542	1	1	0.5542
43	6	5.265	0	0	5.265
43	6	5.234	0	0	5.234
43	6	2.097	1	1	2.097
43	6	3.334	0	0	3.334
43	6	0.9872	0	0	0.9872
43	6	0.1197	0	0	0.1197
43	6	5.452	0	0	5.452
43	6	0.2376	0	0	0.2376
43	6	3.554	0	0	3.554
43	6	5.463	1	1	5.463
43	6	0.7331	0	0	0.7331
44	6	3.637	1	1	3.637
44	6	1.58	0	0	1.58
44	6	1.853	0	0	1.853
44	6	0.8824	1	1	0.8824
44	6	0.6188	0	0	0.6188
44	6	3.365	0	0	3.365
44	6	5.55	1	1	5.55
44	6	3.729	1	1	3.729
44	6	5.438	1	1	5.438
44	6	0.9953	0	0	0.9953
44	6	0.9166	0	0	0.9166
44	6	1.87	0	0	1.87
44	6	0.7252	0	0	0.7252
44	6	1.895	1	1	1.895
44	6	0.7055	1	1	0.7055
44	6	0.5165	1	0	0.5165
44	6	1.784	1	1	1.784
44	6	1.755	0	0	1.755
44	6	0.3361	1	1	0.3361
44	6	1.661	1	1	1.661
44	6	5.38	1	1	5.38
44	6	0.2217	1	0	0.2217
44	6	3.441	1	1	3.441
44	6	3.534	0	0	3.534
44	6	0.5228	0	1	0.5228
44	6	5.488	1	1	5.488
44	6	5.139	0	0	5.139
44	6	3.356	1	1	3.356
44	6	3.426	1	1	3.426
44	6	5.443	0	0	5.443
44	6	3.679	0	0	3.679
44	6	2.042	0	0	2.042
44	6	1.661	0	0	1.661
44	6	0.6222	1	1	0.6222
44	6	0.5919	1	0	0.5919
44	6	0.9328	0	0	0.9328
44	6	1.105	1	1	1.105
44	6	1.744	1	0	1.744
44	6	3.568	0	0	3.568
44	6	0.3848	1	0	0.3848
44	6	0.6636	0	0	0.6636
44	6	0.7534	1	1	0.7534
44	6	5.474	0	0	5.474
44	6	5.559	0	0	5.559
44	6	1.113	0	1	1.113
44	6	0.7767	0	1	0.7767
44	6	5.06	1	1	5.06
44	6	5.294	0	0	5.294
44	6	0.8579	1	1	0.8579
44	6	3.658	1	1	3.658
45	6	0.3621	1	1	0.3621
45	6	0.3857	0	1	0.3857
45	6	0.8045	0	1	0.8045
45	6	0.7265	1	1	0.7265
45	6	5.51	1	1	5.51
45	6	5.462	0	0	5.462
45	6	3.509	1	1	3.509
45	6	1.947	1	1	1.947
45	6	3.945	0	0	3.945
45	6	0.3938	0	0	0.3938
45	6	3.51	0	0	3.51
45	6	3.257	0	0	3.257
45	6	5.293	1	1	5.293
45	6	1.071	1	1	1.071
45	6	3.548	1	1	3.548
45	6	5.241	1	1	5.241
45	6	2.108	0	1	2.108
45	6	3.469	1	1	3.469
45	6	3.621	0	0	3.621
45	6	1.517	1	1	1.517
45	6	2.2	0	0	2.2
45	6	3.375	1	1	3.375
45	6	0.7107	0	1	0.7107
45	6	0.7503	1	1	0.7503
45	6	5.519	0	0	5.519
45	6	1.81	0	0	1.81
45	6	0.735	1	1	0.735
45	6	5.292	0	0	5.292
45	6	0.7909	0	0	0.7909
45	6	3.411	0	0	3.411
45	6	1.045	1	1	1.045
45	6	0.3219	1	0	0.3219
45	6	1.697	1	1	1.697
45	6	0.4852	1	1	0.4852
45	6	0.4203	0	1	0.4203
45	6	5.603	0	0	5.603
45	6	3.525	0	0	3.525
45	6	0.9388	1	1	0.9388
45	6	0.685	1	1	0.685
45	6	0.1257	0	0	0.1257
45	6	5.652	1	1	5.652
45	6	2.148	1	1	2.148
45	6	0.965	1	1	0.965
45	6	2.047	1	1	2.047
45	6	5.65	0	0	5.65
45	6	0.7721	0	0	0.7721
45	6	5.126	0	0	5.126
45	6	0.5546	0	1	0.5546
45	6	0.7578	0	0	0.7578
45	6	1.896	1	0	1.896
46	6	3.572	1	1	3.572
46	6	3.602	0	0	3.602
46	6	3.198	0	0	3.198
46	6	0.6404	0	0	0.6404
46	6	1.241	1	1	1.241
46	6	3.768	1	1	3.768
46	6	5.455	0	0	5.455
46	6	5.279	0	0	5.279
46	6	3.561	0	0	3.561
46	6	0.4619	0	0	0.4619
46	6	0.4546	1	1	0.4546
46	6	0.3807	1	1	0.3807
46	6	5.582	1	1	5.582
46	6	0.8456	1	1	0.8456
46	6	0.4542	1	1	0.4542
46	6	0.3225	1	1	0.3225
46	6	2.075	0	0	2.075
46	6	0.3008	0	1	0.3008
46	6	0.5904	1	1	0.5904
46	6	5.368	0	0	5.368
46	6	3.542	1	1	3.542
46	6	0.4972	0	1	0.4972
46	6	5.037	1	1	5.037
46	6	3.495	1	1	3.495
46	6	5.2	0	0	5.2
46	6	1.106	0	0	1.106
46	6	1.87	0	0	1.87
46	6	0.3301	1	0	0.3301
46	6	3.429	0	0	3.429
46	6	5.292	1	1	5.292
46	6	1.841	0	0	1.841
46	6	3.641	0	0	3.641
46	6	0.401	0	1	0.401
46	6	5.407	0	0	5.407
46	6	5.564	1	1	5.564
46	6	3.939	1	1	3.939
46	6	0.7356	1	0	0.7356
46	6	1.668	0	0	1.668
46	6	1.169	0	0	1.169
46	6	5.612	1	1	5.612
46	6	1.093	1	1	1.093
46	6	1.602	0	0	1.602
46	6	1.791	1	1	1.791
46	6	1.79	0	0	1.79
46	6	1.638	1	1	1.638
46	6	1.824	0	0	1.824
46	6	0.9261	1	1	0.9261
46	6	0.7353	1	1	0.7353
46	6	0.6397	0	1	0.6397
46	6	1.813	0	0	1.813
47	6	1.027	0	0	1.027
47	6	3.654	1	1	3.654
47	6	0.6952	0	0	0.6952
47	6	5.584	1	1	5.584
47	6	5.451	1	1	5.451
47	6	3.973	1	1	3.973
47	6	0.6572	1	0	0.6572
47	6	0.7031	0	0	0.7031
47	6	3.41	1	1	3.41
47	6	1.895	0	1	1.895
47	6	0.5272	1	1	0.5272
47	6	2.103	0	0	2.103
47	6	1.864	0	0	1.864
47	6	5.039	0	0	5.039
47	6	0.7451	0	0	0.7451
47	6	1.038	0	0	1.038
47	6	0.5478	0	0	0.5478
47	6	3.624	0	0	3.624
47	6	3.763	0	0	3.763
47	6	1.087	1	1	1.087
47	6	0.8853	0	0	0.8853
47	6	1.811	0	0	1.811
47	6	3.697	0	0	3.697
47	6	0.5171	1	0	0.5171
47	6	0.3672	1	1	0.3672
47	6	0.3981	0	0	0.3981
47	6	5.27	0	0	5.27
47	6	0.753	1	1	0.753
47	6	0.7353	0	1	0.7353
47	6	5.651	0	0	5.651
47	6	5.398	0	0	5.398
47	6	5.225	1	1	5.225
47	6	1.806	1	0	1.806
47	6	3.81	0	0	3.81
47	6	1.894	1	1	1.894
47	6	5.035	0	0	5.035
47	6	1.081	1	0	1.081
47	6	0.7894	1	1	0.7894
47	6	0.4515	0	0	0.4515
47	6	1.581	1	1	1.581
47	6	1.759	1	1	1.759
47	6	5.492	1	1	5.492
47	6	0.7863	1	0	0.7863
47	6	0.5485	1	0	0.5485
47	6	5.633	1	1	5.633
47	6	3.68	0	0	3.68
47	6	3.334	1	1	3.334
47	6	1.74	1	1	1.74
47	6	1.813	0	0	1.813
47	6	3.903	1	1	3.903
48	6	0.7217	1	1	0.7217
48	6	1.956	0	0	1.956
48	6	3.332	0	0	3.332
48	6	0.89	0	1	0.89
48	6	3.73	0	0	3.73
48	6	3.54	1	1	3.54
48	6	5.316	0	0	5.316
48	6	3.774	0	0	3.774
48	6	1.462	1	1	1.462
48	6	1.012	1	1	1.012
48	6	1.721	1	1	1.721
48	6	3.467	0	1	3.467
48	6	1.05	0	0	1.05
48	6	0.5102	0	0	0.5102
48	6	0.7236	1	1	0.7236
48	6	1.033	1	1	1.033
48	6	0.02129	0	1	0.02129
48	6	0.4346	1	0	0.4346
48	6	0.863	1	1	0.863
48	6	3.845	1	1	3.845
48	6	5.629	0	0	5.629
48	6	0.8998	0	1	0.8998
48	6	0.5511	0	1	0.5511
48	6	1.68	0	0	1.68
48	6	1.633	1	1	1.633
48	6	1.78	1	1	1.78
48	6	5.378	0	0	5.378
48	6	1.913	1	1	1.913
48	6	3.623	1	1	3.623
48	6	5.747	0	0	5.747
48	6	3.534	0	1	3.534
48	6	0.2433	1	1	0.2433
48	6	2.023	1	0	2.023
48	6	5.404	0	0	5.404
48	6	5.428	0	0	5.428
48	6	0.8246	1	1	0.8246
48	6	0.5423	0	1	0.5423
48	6	5.511	1	1	5.511
48	6	0.2013	0	1	0.2013
48	6	3.282	1	1	3.282
48	6	3.63	1	1	3.63
48	6	2.359	1	1	2.359
48	6	1.943	1	1	1.943
48	6	0.9563	1	1	0.9563
48	6	5.147	0	0	5.147
48	6	0.8136	1	1	0.8136
48	6	0.5333	0	1	0.5333
48	6	5.257	0	0	5.257
48	6	5.497	1	1	5.497
48	6	0.6244	0	0	0.6244
49	6	0.03975	1	1	0.03975
49	6	0.2636	0	1	0.2636
49	6	2.116	1	1	2.116
49	6	5.314	1	1	5.314
49	6	3.527	0	0	3.527
49	6	0.6299	1	0	0.6299
49	6	1.581	1	1	1.581
49	6	5.206	1	1	5.206
49	6	0.7601	1	0	0.7601
49	6	3.834	1	1	3.834
49	6	5.399	0	0	5.399
49	6	1.386	1	1	1.386
49	6	1.529	0	0	1.529
49	6	3.446	0	0	3.446
49	6	5.479	0	0	5.479
49	6	3.82	0	1	3.82
49	6	1.115	0	0	1.115
49	6	3.812	1	1	3.812
49	6	1.601	0	0	1.601
49	6	4.946	0	0	4.946
49	6	0.3853	0	0	0.3853
49	6	4.113	0	0	4.113
49	6	0.4823	1	1	0.4823
49	6	1.672	1	1	1.672
49	6	4.926	0	0	4.926
49	6	1.866	0	0	1.866
49	6	0.811	0	1	0.811
49	6	0.7853	1	1	0.7853
49	6	1.008	1	1	1.008
49	6	0.7922	0	1	0.7922
49	6	0.5158	1	1	0.5158
49	6	1.793	0	0	1.793
49	6	3.477	0	0	3.477
49	6	3.394	1	1	3.394
49	6	0.8555	1	1	0.8555
49	6	0.3586	0	1	0.3586
49	6	5.517	0	0	5.517
49	6	0.6241	0	1	0.6241
49	6	3.742	1	1	3.742
49	6	1.189	1	0	1.189
49	6	3.265	1	1	3.265
49	6	5.409	1	1	5.409
49	6	0.6469	1	1	0.6469
49	6	0.537	1	1	0.537
49	6	5.318	0	0	5.318
49	6	5.512	1	1	5.512
49	6	0.6016	0	0	0.6016
49	6	2.014	1	1	2.014
49	6	0.7307	0	1	0.7307
49	6	2.031	1	1	2.031
