0	2	0.2651	0	0	0.06525
0	2	5.534	0	0	-1.053
0	2	1.656	0	0	0.007671
0	2	5.364	1	1	-2.288
0	2	0.2341	0	0	-0.5305
0	2	5.459	0	0	-0.1454
0	2	0.5273	1	1	-0.8117
0	2	0.5884	1	1	0.05638
0	2	1.267	0	0	-0.7709
0	2	0.3677	0	0	-0.4359
0	2	0.9031	0	1	1.452
0	2	0.4577	1	1	1.293
0	2	1.744	0	0	-0.1602
0	2	0.6324	0	0	-0.3307
0	2	0.2634	0	0	-0.1703
0	2	2.058	0	0	0.2936
0	2	1.855	1	1	-1.148
0	2	0.7889	1	1	0.2955
0	2	0.7596	1	1	0.4478
0	2	0.6889	1	0	-1.569
0	2	0.2032	1	0	-0.9762
0	2	1.009	0	0	0.9763
0	2	1.738	1	1	-3.691
0	2	1.867	0	0	-1.257
0	2	0.4115	1	0	-2.185
0	2	5.528	1	1	1.573
0	2	0.3634	1	1	-0.165
0	2	0.009953	0	0	0.0532
0	2	2.044	1	1	-0.0585
0	2	5.64	1	1	-0.1684
0	2	0.5328	1	1	0.6608
0	2	5.666	1	1	-0.2812
0	2	0.8094	0	0	0.2412
0	2	0.2914	0	0	-0.8465
0	2	0.4125	1	1	0.7534
0	2	1.941	0	0	1.778
0	2	1.934	0	0	1.412
0	2	0.8324	0	0	-0.3567
0	2	5.291	0	0	-0.5475
0	2	0.668	1	0	1.094
0	2	1.691	1	1	-0.007746
0	2	0.1405	0	0	-0.2573
0	2	0.6408	1	0	3.329
0	2	0.001893	0	0	-2.273
0	2	0.4559	0	1	1.274
0	2	5.45	1	1	0.03282
0	2	0.2903	1	0	0.1335
0	2	0.09099	1	0	0.2885
0	2	5.917	0	0	-0.2964
0	2	5.535	0	0	-0.2667
1	2	0.3871	0	1	-0.8158
1	2	1.466	0	0	0.1429
1	2	1.007	0	0	-0.3301
1	2	1.064	1	1	-0.6571
1	2	5.52	1	1	-3.513
1	2	0.4491	1	0	-2.259
1	2	5.346	1	1	-0.6749
1	2	0.3846	1	0	-0.08498
1	2	5.213	1	1	0.3338
1	2	1.687	1	1	-0.1976
1	2	0.5143	0	1	-0.3278
1	2	1.859	1	0	-0.1584
1	2	0.9489	0	1	-0.222
1	2	0.9059	1	0	-0.1362
1	2	0.02961	0	0	-0.3402
1	2	1.826	1	0	-0.1005
1	2	0.3342	0	0	-0.06357
1	2	5.392	0	0	0.422
1	2	1.842	1	1	-0.2036
1	2	0.537	1	1	0.5275
1	2	0.729	0	0	0.08652
1	2	0.9735	0	0	1.704
1	2	5.31	0	0	-0.3741
1	2	0.5716	1	1	0.9852
1	2	0.5304	1	1	0.09364
1	2	1.8	0	1	0.6428
1	2	0.2085	1	1	0.998
1	2	1.81	1	1	-0.4747
1	2	1.744	1	0	-0.1522
1	2	0.2904	0	1	1.419
1	2	0.06229	0	1	0.1259
1	2	5.83	1	1	-0.3911
1	2	0.1587	1	1	0.006231
1	2	0.1382	1	1	0.1988
1	2	1.312	1	1	-0.8134
1	2	1.238	0	1	0.1717
1	2	2.187	0	1	0.1572
1	2	0.138	0	0	0.5724
1	2	1.589	1	1	2.273
1	2	0.1648	0	1	0.02138
1	2	0.374	0	1	0.3941
1	2	0.528	0	1	-0.8588
1	2	5.732	0	0	-0.2917
1	2	5.386	0	0	0.2763
1	2	5.469	1	1	-0.4762
1	2	0.914	0	1	-1.58
1	2	0.2663	0	1	1.627
1	2	5.258	0	0	-1.944
1	2	0.7808	1	0	0.2368
1	2	0.3013	1	1	0.07754
2	2	0.9061	0	1	0.2231
2	2	0.2477	0	0	-0.469
2	2	1.343	0	0	1.416
2	2	0.6271	1	0	0.03889
2	2	0.1464	0	0	0.1662
2	2	0.374	1	1	-0.1225
2	2	5.483	0	0	0.1909
2	2	1.734	1	1	-0.5368
2	2	1.039	1	1	0.04922
2	2	0.6967	0	0	0.1624
2	2	0.2381	1	0	0.1725
2	2	0.8169	1	1	0.2846
2	2	5.526	1	1	0.3191
2	2	0.1013	0	1	1.486
2	2	0.2907	0	0	0.3556
2	2	1.575	1	1	-2.929
2	2	5.449	1	1	-0.5562
2	2	0.6082	0	0	0.868
2	2	0.3624	1	1	0.2202
2	2	0.2363	0	1	-0.7977
2	2	1.576	0	1	-0.0177
2	2	0.5399	1	1	-1.35
2	2	0.01718	0	0	1.355
2	2	0.03018	0	1	0.7493
2	2	0.4895	1	1	2.036
2	2	0.8717	0	0	-1.434
2	2	1.151	1	1	1.575
2	2	5.552	1	1	0.8803
2	2	1.884	1	1	-0.2221
2	2	5.146	0	0	-0.0585
2	2	0.3297	1	1	1.031
2	2	5.659	1	1	-0.3807
2	2	1.821	1	1	2.092
2	2	0.864	0	1	0.4755
2	2	0.838	0	0	-0.473
2	2	1.462	0	1	-0.1848
2	2	0.4466	0	1	0.1406
2	2	5.134	0	0	1.323
2	2	0.4939	0	1	1.208
2	2	0.2362	0	1	1.32
2	2	2.089	1	1	0.006064
2	2	5.469	1	1	1.593
2	2	0.0584	0	0	0.0009237
2	2	2.223	1	1	-2.806
2	2	0.4201	0	1	-3.249
2	2	1.974	1	1	0.558
2	2	0.3554	1	1	0.7337
2	2	5.554	1	1	0.5715
2	2	5.347	1	1	-0.2138
2	2	0.1908	1	1	-0.07581
3	2	1.787	0	1	0.1977
3	2	0.01095	0	1	-0.7213
3	2	1.022	0	1	-0.0005609
3	2	5.435	1	1	-2.615
3	2	0.08478	0	1	0.09433
3	2	5.476	1	1	0.1808
3	2	5.902	1	1	0.4493
3	2	5.605	1	1	0.601
3	2	1.478	1	1	-0.3018
3	2	0.7811	0	0	-0.09568
3	2	0.2733	0	1	0.21
3	2	1.962	0	1	0.7783
3	2	5.227	1	1	-2.483
3	2	0.6273	0	0	-0.03899
3	2	5.583	0	0	-1.62
3	2	0.1914	1	1	-0.1905
3	2	1.293	0	1	0.08535
3	2	0.3228	0	0	-0.1311
3	2	2.2	1	1	4.215
3	2	2.329	0	0	0.3823
3	2	1.863	1	1	0.07147
3	2	0.3738	0	1	1.338
3	2	0.8536	0	0	1.057
3	2	0.7137	1	1	-0.2456
3	2	0.4445	1	0	-0.9353
3	2	5.629	0	0	0.7646
3	2	0.8784	0	1	-0.2127
3	2	1.044	0	0	-0.2466
3	2	5.2	0	0	0.2743
3	2	0.6738	0	1	0.3955
3	2	0.09977	1	1	-1.551
3	2	0.0002632	0	0	0.6574
3	2	2.038	1	1	-0.5866
3	2	0.1194	1	1	1.86
3	2	0.5118	0	0	0.8461
3	2	0.4123	1	1	0.3743
3	2	1.881	1	1	-0.09019
3	2	5.463	1	1	0.9747
3	2	1.777	1	1	2.447
3	2	0.9089	0	0	0.6405
3	2	0.4798	1	1	-0.7147
3	2	1.396	1	1	-1.377
3	2	5.572	1	1	-0.2914
3	2	0.5047	0	1	0.3491
3	2	0.7789	0	1	1.099
3	2	2.045	1	1	0.4508
3	2	0.2112	1	0	2.175
3	2	1.038	0	0	0.5882
3	2	1.126	1	0	0.3226
3	2	0.4988	0	1	-0.5499
4	2	5.431	1	1	-0.1434
4	2	1.616	0	0	-0.2584
4	2	1.111	0	0	-0.7036
4	2	0.2376	0	1	-0.7713
4	2	1.784	1	1	0.1622
4	2	1.739	0	0	-0.001027
4	2	0.3036	0	0	-0.6985
4	2	0.5579	0	0	-0.2857
4	2	1.861	0	0	-0.2254
4	2	0.03425	0	1	-0.9029
4	2	0.3776	1	1	-0.1813
4	2	0.07325	0	0	0.7579
4	2	1.89	0	0	0.3263
4	2	1.051	1	0	-0.2409
4	2	5.629	0	0	-0.6323
4	2	1.082	1	1	0.1672
4	2	5.23	1	1	0.6246
4	2	0.2375	1	0	0.03959
4	2	0.5725	0	1	-0.3132
4	2	0.9067	0	0	0.669
4	2	1.418	0	0	0.9097
4	2	2.263	0	0	1.519
4	2	1.813	1	1	-0.6289
4	2	0.04574	0	1	-0.2463
4	2	1.729	1	1	-3.617
4	2	0.9182	1	0	1.262
4	2	0.6394	0	1	0.0498
4	2	1.039	1	1	-1.264
4	2	1.19	1	1	-0.01133
4	2	1.903	1	0	1.384
4	2	5.596	0	0	0.7551
4	2	0.8155	0	1	1.258
4	2	5.813	1	1	-0.6241
4	2	1.026	0	0	-0.6074
4	2	0.4184	1	0	-0.7958
4	2	5.033	0	0	0.05513
4	2	0.9297	0	1	-0.416
4	2	5.302	1	1	0.1083
4	2	5.734	0	0	-0.4302
4	2	0.4373	0	1	0.8153
4	2	0.5324	1	1	0.8599
4	2	0.454	0	1	0.4728
4	2	0.2817	0	1	-0.3186
4	2	0.6187	0	1	0.8631
4	2	1.203	1	1	-0.1605
4	2	5.6	1	1	0.2482
4	2	0.1663	0	1	1.434
4	2	0.2536	1	1	0.6309
4	2	5.235	0	0	-2.422
4	2	0.02527	1	1	0.1084
5	2	5.588	0	0	0.7355
5	2	0.644	1	0	0.2744
5	2	0.9725	0	0	0.3745
5	2	0.866	1	1	0.4071
5	2	0.3702	0	1	-0.2414
5	2	0.2173	0	1	0.6569
5	2	1.863	0	1	-0.3442
5	2	0.1091	0	1	0.009033
5	2	0.6695	1	1	0.3218
5	2	0.2353	1	1	0.4924
5	2	0.6166	1	1	-0.05849
5	2	5.481	1	1	-0.6254
5	2	0.6558	1	1	-0.1106
5	2	0.9348	0	1	-0.6292
5	2	0.2883	0	1	-0.2478
5	2	2.034	0	1	0.1888
5	2	5.377	1	1	-0.6662
5	2	0.8741	0	1	0.01993
5	2	0.4576	1	0	1.557
5	2	5.483	0	0	1.406
5	2	5.452	0	0	2.215
5	2	0.651	1	0	0.06944
5	2	0.04443	0	0	0.4854
5	2	0.4812	0	1	0.1929
5	2	1.907	1	1	0.3607
5	2	0.3149	0	1	-0.3202
5	2	1.104	0	0	1.698
5	2	1.575	1	1	1.219
5	2	1.912	0	0	1.836
5	2	5.575	0	0	-1.018
5	2	1.739	1	1	0.8402
5	2	1.842	0	0	-1.81
5	2	1.228	1	1	0.5607
5	2	1.959	0	0	-0.3654
5	2	0.4088	1	1	-0.03589
5	2	0.5741	1	1	-1.196
5	2	0.4314	0	0	1.045
5	2	1.646	1	1	-0.3256
5	2	5.845	1	1	-0.3729
5	2	5.682	0	0	-0.8388
5	2	1.043	0	1	-0.1815
5	2	5.482	1	1	-0.03158
5	2	0.8404	1	1	-1.74
5	2	1.04	1	1	-1.562
5	2	0.4944	0	0	-0.6041
5	2	0.3052	1	1	2.658
5	2	0.1261	0	1	0.4079
5	2	5.271	0	0	0.4525
5	2	0.1929	0	1	0.3924
5	2	1.963	1	1	-1.25
6	2	2.17	1	1	0.8748
6	2	0.8051	0	0	0.9472
6	2	0.8189	0	0	0.5983
6	2	5.347	0	0	-0.3437
6	2	0.04832	1	0	1.085
6	2	0.4847	0	0	0.1645
6	2	0.5082	0	0	-0.08624
6	2	0.02045	1	0	0.06
6	2	1.898	0	0	0.6855
6	2	2.079	1	1	-1.336
6	2	5.206	0	0	1.168
6	2	0.19	0	1	0.8033
6	2	5.25	1	1	-2.27
6	2	0.7256	1	1	0.06601
6	2	2.114	1	1	-1.665
6	2	1.855	1	1	0.8144
6	2	5.438	1	1	-1.596
6	2	2.001	1	0	0.389
6	2	5.41	0	0	-0.1567
6	2	1.812	1	1	-0.02737
6	2	0.5045	1	1	-0.7776
6	2	0.2618	1	0	0.07533
6	2	0.9425	1	1	-1.37
6	2	0.4423	0	0	0.152
6	2	5.501	1	1	-1.643
6	2	0.4465	1	0	-0.1469
6	2	0.1668	1	0	-0.02745
6	2	0.8962	1	1	0.6421
6	2	5.798	0	0	-1.708
6	2	0.8165	0	1	-0.1774
6	2	1.24	1	1	-0.1895
6	2	0.6079	0	1	0.2416
6	2	0.4094	0	1	-0.3701
6	2	0.3969	0	1	0.1225
6	2	5.958	0	0	0.3403
6	2	0.0254	1	1	0.06999
6	2	5.497	1	1	-3.722
6	2	0.8708	1	0	0.9262
6	2	0.2662	0	1	-1.225
6	2	0.7478	1	1	1.508
6	2	1.099	0	1	-0.5316
6	2	2.296	1	1	0.1503
6	2	0.4887	1	1	-0.9575
6	2	0.4942	1	1	-0.5815
6	2	1.789	1	1	0.2205
6	2	1.593	1	1	-0.3308
6	2	0.4785	0	0	0.3567
6	2	0.2688	0	0	-1.147
6	2	5.641	0	0	-0.5514
6	2	0.7435	0	0	0.4121
7	2	5.42	1	1	1.212
7	2	1.906	0	0	0.1409
7	2	1.288	1	1	-0.1563
7	2	0.9331	1	1	-0.03398
7	2	1.986	1	1	-0.1071
7	2	0.4706	1	1	-0.8684
7	2	0.2168	1	1	-0.2554
7	2	0.6898	0	0	-0.9453
7	2	5.355	1	1	-0.2825
7	2	0.3039	0	1	0.7485
7	2	0.6319	0	0	0.03912
7	2	5.59	0	0	0.0506
7	2	1.741	0	1	-1.005
7	2	0.08793	0	1	-0.3915
7	2	5.778	0	0	-0.3876
7	2	1.758	1	1	0.4469
7	2	0.9013	0	1	-0.8978
7	2	1.698	1	1	0.09295
7	2	1.054	1	1	0.4515
7	2	5.352	1	1	0.1207
7	2	0.222	1	0	0.3081
7	2	0.8441	0	1	-0.2563
7	2	0.1692	0	1	1.835
7	2	0.1988	0	0	-0.2663
7	2	5.321	0	0	0.9991
7	2	0.5537	0	0	0.8473
7	2	0.5498	0	1	0.4103
7	2	5.415	0	0	-2.01
7	2	0.2317	0	1	0.8349
7	2	0.138	1	1	0.7889
7	2	0.1958	0	1	-0.2511
7	2	0.09997	1	1	-0.4451
7	2	1.878	0	0	-0.6736
7	2	1.987	1	1	0.3712
7	2	0.08693	1	1	-1.382
7	2	5.266	1	1	-2.876
7	2	5.454	0	0	0.7033
7	2	1.579	1	1	-0.4738
7	2	1.799	1	1	0.1344
7	2	0.02823	1	0	-0.5719
7	2	0.01435	1	0	0.7002
7	2	1.814	0	0	1.871
7	2	0.3563	0	0	-1.389
7	2	0.45	0	0	0.7953
7	2	5.488	1	1	-1.255
7	2	0.7933	0	1	-1.511
7	2	0.5506	0	1	2.683
7	2	0.7748	1	1	0.6453
7	2	0.46	1	0	-0.7224
7	2	0.8452	0	0	1.426
8	2	1.765	0	0	0.7742
8	2	5.451	0	0	0.2308
8	2	2.155	1	1	-0.04999
8	2	1.407	0	0	-1.274
8	2	5.374	1	1	0.1939
8	2	5.629	0	0	-3.64
8	2	0.7253	0	0	0.1969
8	2	2.198	1	1	-0.3359
8	2	0.3072	1	1	-0.3158
8	2	0.9282	1	0	0.5531
8	2	5.202	0	0	2.639
8	2	2.048	0	0	0.1957
8	2	0.7241	1	1	0.8
8	2	1.021	1	1	-1.735
8	2	0.2407	0	0	-0.2491
8	2	0.01538	0	1	2.305
8	2	5.478	1	1	-2.892
8	2	1.503	0	1	-0.1099
8	2	0.1289	0	1	-0.2775
8	2	1.344	0	0	-0.1292
8	2	5.402	1	1	-0.2615
8	2	0.9356	1	1	-0.565
8	2	0.1718	1	1	-0.08317
8	2	0.08286	0	0	-0.5676
8	2	1.624	1	1	1.395
8	2	5.907	1	1	0.3787
8	2	1.06	1	1	-0.06768
8	2	0.4103	0	0	-0.1459
8	2	0.4833	1	0	-1.207
8	2	0.4783	1	0	0.8568
8	2	0.8683	0	1	0.7389
8	2	0.02176	1	1	-0.6587
8	2	1.521	0	0	0.6381
8	2	5.187	0	0	-0.3811
8	2	5.232	1	1	1.281
8	2	0.7619	1	1	-0.6326
8	2	1.148	1	1	1.112
8	2	0.2625	1	0	0.4817
8	2	0.3346	0	1	-2.599
8	2	0.727	1	1	0.8762
8	2	1.909	0	0	-0.2854
8	2	0.446	0	0	0.5567
8	2	0.1636	1	1	0.5695
8	2	1.779	0	0	-0.009899
8	2	5.378	1	1	-1.648
8	2	0.6073	0	1	-0.1614
8	2	0.2737	0	0	0.5741
8	2	0.4746	0	0	0.0006049
8	2	1.123	0	0	-0.1423
8	2	0.2115	0	0	-1.943
9	2	0.2402	1	1	0.8274
9	2	0.4278	1	0	-0.2673
9	2	0.155	0	0	0.2061
9	2	0.1588	1	1	0.05073
9	2	0.6877	1	1	-0.09622
9	2	0.3353	0	0	0.5834
9	2	1.058	1	1	0.9026
9	2	1.131	0	0	1.632
9	2	5.282	0	0	-1.249
9	2	1.484	0	0	-1.138
9	2	0.6487	0	1	0.4983
9	2	1.913	0	0	1.083
9	2	0.5211	0	1	1.14
9	2	0.415	1	0	0.03043
9	2	5.16	0	0	-1.003
9	2	5.405	1	1	-0.6411
9	2	1.97	0	0	1.161
9	2	0.1661	1	1	0.07206
9	2	0.1838	1	0	1.715
9	2	5.025	1	1	-1.351
9	2	1.962	1	1	0.592
9	2	5.261	1	1	-0.4921
9	2	0.5448	0	1	0.05342
9	2	0.4358	1	1	0.7627
9	2	0.6289	1	1	0.4887
9	2	2.457	1	1	-0.2326
9	2	0.7314	0	0	-0.6378
9	2	1.993	0	0	-1.067
9	2	1.135	0	0	-0.1752
9	2	5.359	1	1	-1.711
9	2	0.01499	1	0	-0.1736
9	2	2.067	0	0	-0.6935
9	2	0.6062	0	0	0.6756
9	2	0.435	1	1	-0.1428
9	2	0.3269	0	0	-0.8578
9	2	0.5749	1	0	0.5769
9	2	1.431	0	0	0.006981
9	2	0.8686	0	0	0.05468
9	2	5.601	1	1	-1.865
9	2	1.828	1	1	0.2906
9	2	0.8674	1	0	1.606
9	2	1.367	1	1	-1.13
9	2	5.224	1	1	-1.641
9	2	0.3516	0	1	1.734
9	2	0.8799	0	1	-0.1164
9	2	0.5778	1	0	-0.0009912
9	2	5.808	0	0	-0.1114
9	2	5.46	1	1	0.129
9	2	0.9442	0	1	1.536
9	2	0.1068	0	1	-0.369
10	3	1.753	0	1	-0.6348
10	3	2.009	1	1	0.5393
10	3	5.33	0	0	-2.549
10	3	0.6399	1	0	0.08169
10	3	0.4041	1	0	-0.277
10	3	5.374	0	0	-3.272
10	3	0.6631	0	0	0.3127
10	3	0.8694	1	1	3.01
10	3	0.1832	0	1	0.08002
10	3	1.977	0	0	-0.2337
10	3	5.515	1	1	-0.807
10	3	0.5917	0	1	-3.593e-05
10	3	5.628	1	1	-0.2013
10	3	0.8007	1	1	-0.6198
10	3	0.9516	0	1	-0.02493
10	3	0.273	1	0	-0.2202
10	3	0.9774	0	1	-3.337
10	3	0.5952	0	1	0.6461
10	3	0.7269	1	1	0.1722
10	3	1.833	1	1	-0.09358
10	3	0.4199	0	1	-0.08076
10	3	1.185	0	0	0.6734
10	3	0.3561	0	0	0.6041
10	3	0.1966	1	0	0.4959
10	3	0.3291	1	0	-0.4477
10	3	5.642	0	0	-1.393
10	3	1.318	1	1	-0.8791
10	3	0.3501	1	0	-0.1586
10	3	5.389	0	0	0.6055
10	3	0.2493	1	0	0.7604
10	3	0.1474	0	0	0.9406
10	3	0.4802	0	0	0.7987
10	3	0.9765	1	0	2.154
10	3	1.412	0	0	-0.6177
10	3	1.588	1	1	-0.6283
10	3	5.671	1	1	-0.6647
10	3	0.6206	0	0	0.6398
10	3	1.648	1	0	0.9464
10	3	0.5143	0	0	-0.367
10	3	1.814	1	0	-0.3791
10	3	0.1243	1	0	0.1987
10	3	1.83	0	0	-0.1244
10	3	5.579	1	1	-3.029
10	3	0.05223	1	1	-1.346
10	3	2.396	1	1	-0.007426
10	3	5.252	0	0	-0.08514
10	3	0.7615	0	0	-1.404
10	3	0.683	1	0	-0.1093
10	3	0.7681	0	0	0.234
10	3	5.34	0	0	-0.2999
11	3	0.1112	1	1	-1.394
11	3	0.1794	1	0	-0.03967
11	3	5.133	0	0	0.03411
11	3	0.479	0	0	-0.8521
11	3	0.5069	1	1	0.02988
11	3	0.3023	1	1	0.2938
11	3	5.821	1	1	-0.815
11	3	0.04239	1	0	0.7704
11	3	5.514	0	0	-0.6575
11	3	1.654	1	1	0.5949
11	3	0.8636	1	1	-0.5414
11	3	0.5806	0	0	-0.3697
11	3	1.053	0	0	0.5464
11	3	0.1927	0	0	1.608
11	3	5.614	1	1	-0.07344
11	3	0.4012	0	1	-0.3092
11	3	1.692	1	1	-0.9189
11	3	0.02934	1	1	0.9732
11	3	0.9064	1	0	-0.02356
11	3	2.015	0	0	0.6042
11	3	1.146	1	0	-0.1674
11	3	1.924	1	1	0.4641
11	3	1.592	1	0	0.2675
11	3	1.057	1	1	-0.1083
11	3	2.081	0	0	0.009964
11	3	5.511	0	0	-0.2058
11	3	0.1771	0	1	-0.4423
11	3	5.619	1	1	0.3629
11	3	5.635	0	0	-1.446
11	3	0.6957	0	0	-0.4369
11	3	1.723	0	0	-0.3292
11	3	0.5527	1	0	1.132
11	3	5.484	1	1	-2.546
11	3	0.6086	1	1	-0.2965
11	3	2.134	0	0	-0.1818
11	3	1.912	0	0	-0.6614
11	3	0.04823	0	0	-2.256
11	3	5.291	0	0	-0.8011
11	3	0.6388	1	1	0.1714
11	3	0.5125	1	0	-2.376
11	3	1.883	1	1	-1.9
11	3	0.7962	1	0	0.4415
11	3	0.1913	1	1	0.7483
11	3	0.5786	1	1	0.1002
11	3	0.5097	0	1	-0.9668
11	3	0.306	0	0	-2.061
11	3	0.1036	0	0	0.3105
11	3	5.277	1	1	-0.1518
11	3	0.3221	0	1	0.5639
11	3	0.4351	0	1	0.5941
12	3	0.5456	0	0	-0.4562
12	3	0.5853	0	1	-0.4205
12	3	0.9597	1	0	-0.669
12	3	1.613	0	0	-0.5896
12	3	1.303	1	1	-0.7941
12	3	5.409	0	0	-0.3052
12	3	0.3857	0	0	0.8328
12	3	2.013	0	0	-2.095
12	3	5.398	0	0	-0.3719
12	3	1.132	1	1	-0.5866
12	3	1.11	0	0	-0.1619
12	3	5.375	0	0	-0.3691
12	3	5.1	1	1	-0.4771
12	3	0.5936	0	0	1.083
12	3	0.1832	0	0	-0.6512
12	3	5.291	0	0	0.06518
12	3	2.138	1	1	-0.3279
12	3	1.654	1	1	-0.7497
12	3	0.1204	0	0	0.09519
12	3	1.843	1	1	-0.8595
12	3	0.1366	0	0	0.5111
12	3	0.1396	0	1	0.09929
12	3	0.2314	1	1	-0.6296
12	3	2.048	1	1	-0.07525
12	3	5.322	0	0	-0.363
12	3	0.1257	0	1	-0.4779
12	3	0.8014	1	1	-1.373
12	3	0.5653	0	0	-0.4298
12	3	0.0174	1	1	-0.08106
12	3	0.5659	1	1	-1.727
12	3	1.883	0	1	-1.449
12	3	2.067	1	1	0.2195
12	3	1.886	1	0	-0.6669
12	3	0.5017	1	1	-0.5835
12	3	0.9425	0	0	-1.157
12	3	1.041	1	1	-0.004448
12	3	0.6585	1	0	0.304
12	3	1.149	1	1	-0.4692
12	3	5.26	1	1	-0.4382
12	3	0.4196	1	1	-0.2083
12	3	0.8984	0	1	-0.4388
12	3	0.3585	1	1	0.3582
12	3	0.7102	1	1	-0.2018
12	3	5.398	0	0	-0.6707
12	3	2.123	1	1	-0.187
12	3	5.297	0	0	-0.3593
12	3	0.7518	1	1	-0.6324
12	3	0.5283	0	1	-0.1823
12	3	0.2975	0	1	-1.427
12	3	5.268	0	0	-0.957
13	3	0.3367	1	1	1.078
13	3	1.795	1	1	1.237
13	3	0.691	0	0	0.2569
13	3	5.188	1	1	0.6847
13	3	5.48	0	0	0.3839
13	3	1.131	1	1	0.1825
13	3	0.688	1	1	0.1378
13	3	0.3272	1	0	0.4517
13	3	1.761	1	1	0.9364
13	3	0.9349	1	0	0.7635
13	3	2.123	0	0	0.05296
13	3	0.8037	0	0	-0.9184
13	3	5.502	1	1	-0.7534
13	3	0.1624	0	0	-0.4379
13	3	1.926	1	1	-2.125
13	3	0.5216	1	1	-0.4178
13	3	5.576	0	0	0.8727
13	3	0.6632	1	0	-0.3596
13	3	5.333	1	1	-0.29
13	3	0.05291	0	0	-0.629
13	3	0.1511	0	1	0.4831
13	3	5.693	0	0	0.2942
13	3	0.6734	0	0	-0.8017
13	3	0.6152	0	1	0.8001
13	3	2.032	0	0	-2.891
13	3	0.2094	1	0	0.6569
13	3	5.482	0	0	0.3142
13	3	0.6414	0	0	-0.6296
13	3	0.03492	1	1	-1.392
13	3	0.2181	1	0	0.363
13	3	0.2137	1	1	0.4642
13	3	1.118	1	1	-1.04
13	3	1.935	0	0	-0.4621
13	3	5.201	0	0	-1.4
13	3	0.3222	1	0	0.6969
13	3	0.4306	1	1	-0.03834
13	3	1.789	0	0	-1.387
13	3	5.411	1	1	0.227
13	3	0.8441	0	0	-0.7602
13	3	1.994	0	0	1.214
13	3	0.9303	0	1	2.152
13	3	0.9105	0	1	0.4335
13	3	0.5282	0	0	1.061
13	3	5.129	1	1	0.09539
13	3	0.678	1	0	1.215
13	3	1.281	0	0	-0.568
13	3	2.03	1	1	0.1883
13	3	0.6911	1	1	0.1572
13	3	0.3229	1	0	-0.4662
13	3	1.882	0	0	0.9362
14	3	1.679	0	1	-0.03959
14	3	0.7008	1	1	0.2837
14	3	5.611	1	1	-0.5156
14	3	2.401	0	0	0.3218
14	3	0.0392	1	0	-0.5973
14	3	0.3231	0	1	-0.2464
14	3	1.488	1	1	-1.896
14	3	0.6979	0	1	-0.1989
14	3	0.06476	0	1	-0.2819
14	3	1.089	0	0	0.08016
14	3	0.6401	1	1	0.2685
14	3	5.425	0	0	0.2729
14	3	5.371	0	0	-0.1914
14	3	0.597	0	0	0.03176
14	3	0.1191	1	0	0.1559
14	3	0.1451	0	1	-0.5763
14	3	0.2663	0	0	0.1207
14	3	0.2312	1	0	0.2913
14	3	1.993	0	0	-0.07211
14	3	5.596	0	0	0.1026
14	3	0.6044	1	1	0.8137
14	3	0.562	0	1	0.6591
14	3	0.5247	1	1	0.09054
14	3	0.3759	0	0	0.2249
14	3	5.529	0	0	-0.03095
14	3	1.81	1	1	1.341
14	3	5.695	1	1	0.04654
14	3	0.4675	0	1	0.2044
14	3	2.211	0	1	0.08987
14	3	5.009	0	0	0.6996
14	3	0.7236	0	1	-0.186
14	3	1.011	1	1	-1.78
14	3	1.909	0	0	0.2606
14	3	0.6735	1	1	-0.825
14	3	0.3256	1	1	0.4525
14	3	1.067	0	0	1.063
14	3	5.222	1	1	-0.4586
14	3	0.3679	1	0	0.006081
14	3	1.167	0	0	-0.4614
14	3	0.1555	0	1	-0.2591
14	3	4.924	1	1	0.2232
14	3	0.6658	0	1	0.3405
14	3	0.001304	1	1	0.2349
14	3	1.765	1	1	0.5695
14	3	1.88	1	1	0.003746
14	3	0.4639	1	1	0.4085
14	3	1.553	1	1	1.099
14	3	0.5856	1	0	0.2391
14	3	5.484	1	1	-0.6183
14	3	1.455	1	0	0.5547
15	3	0.5243	0	1	0.8138
15	3	1.047	1	1	0.3634
15	3	5.741	0	0	2.64
15	3	5.39	0	0	0.5735
15	3	5.273	0	0	0.2736
15	3	0.5523	0	1	0.1464
15	3	0.3996	1	1	-1.711
15	3	0.9727	0	0	-0.5525
15	3	0.4071	1	0	0.3859
15	3	5.147	0	0	-0.6547
15	3	5.299	0	0	0.9081
15	3	0.183	1	0	-1.171
15	3	0.05425	1	0	0.1117
15	3	5.523	0	0	0.3935
15	3	0.4386	0	1	-1.991
15	3	0.2992	1	0	1.154
15	3	0.2697	1	1	-1.251
15	3	1.684	0	0	-0.3109
15	3	2.065	1	1	0.4479
15	3	0.5529	1	1	0.6286
15	3	1.857	0	0	-0.4841
15	3	1.072	1	0	-0.1701
15	3	5.185	1	1	-0.8816
15	3	0.3387	0	1	0.964
15	3	0.1	1	1	2.718
15	3	5.27	1	1	0.6007
15	3	1.577	1	1	1.53
15	3	1.096	0	0	0.182
15	3	1.714	0	0	-0.1811
15	3	0.02909	0	0	1.056
15	3	0.5704	1	1	-0.6865
15	3	0.258	0	0	-0.4319
15	3	1.325	1	1	-0.2744
15	3	0.6397	1	0	0.6036
15	3	5.474	1	0	-0.4102
15	3	0.7104	1	1	-0.4921
15	3	1.039	1	1	0.9232
15	3	0.3121	0	1	0.03771
15	3	0.01169	1	0	0.2276
15	3	1.809	1	1	-0.252
15	3	1.614	0	0	-0.113
15	3	1.875	1	1	0.5313
15	3	0.321	0	0	0.1125
15	3	5.602	1	1	0.5322
15	3	1.707	1	1	-0.865
15	3	0.3362	0	0	-0.2272
15	3	0.4913	1	1	-0.2076
15	3	1.096	1	1	0.1375
15	3	1.861	0	0	1.76
15	3	0.2812	0	0	1.202
16	3	0.8133	1	1	0.9533
16	3	0.4576	1	0	-0.1124
16	3	0.8353	0	0	0.6568
16	3	0.9982	1	0	0.6594
16	3	0.8975	0	0	-0.1565
16	3	5.724	0	0	-1.033
16	3	0.5481	1	0	-0.246
16	3	0.4986	1	1	-0.6488
16	3	0.2392	0	1	2.111
16	3	0.4767	0	1	0.5357
16	3	0.1035	1	0	0.2226
16	3	0.2883	0	1	0.3906
16	3	0.4221	0	1	-0.2459
16	3	0.6677	0	1	0.7168
16	3	0.7358	0	1	-0.1692
16	3	0.04765	1	0	0.8187
16	3	1.002	1	1	0.5582
16	3	5.393	1	1	-0.7349
16	3	0.6144	0	0	-0.1255
16	3	1.589	1	1	0.1126
16	3	0.9831	1	0	0.3715
16	3	5.514	1	1	0.8563
16	3	0.5315	0	1	1.314
16	3	5.543	0	0	0.662
16	3	1.568	1	1	0.1274
16	3	0.8801	1	1	-0.8352
16	3	5.157	0	0	-0.07729
16	3	1.912	0	0	-0.1343
16	3	1.657	1	1	1.679
16	3	5.578	0	0	1.135
16	3	0.1229	0	0	-0.5699
16	3	1.811	1	1	-1.789
16	3	0.1756	0	1	0.2529
16	3	5.036	1	1	0.1986
16	3	2.105	0	0	-0.2527
16	3	5.233	0	0	-0.05899
16	3	1.712	0	0	1.266
16	3	0.07409	0	0	0.6841
16	3	2.062	0	0	0.01166
16	3	5.46	1	1	-0.637
16	3	0.8922	0	0	-0.4635
16	3	0.9485	1	1	0.0647
16	3	0.2042	1	1	1.027
16	3	1.894	0	0	0.9772
16	3	1.944	1	1	1.171
16	3	0.3165	0	0	0.5258
16	3	0.6705	1	0	1.147
16	3	5.778	1	1	1.163
16	3	0.7929	1	1	0.6532
16	3	0.6767	0	0	1
17	3	0.1749	0	1	-0.1854
17	3	1.982	1	0	-0.06627
17	3	2.091	1	0	1.25
17	3	0.5713	0	1	0.1057
17	3	0.3033	0	1	-0.5616
17	3	0.4145	1	0	-0.1753
17	3	1.871	0	0	-0.2533
17	3	5.213	1	1	-1.045
17	3	0.3172	0	0	-0.08018
17	3	0.563	0	0	0.1533
17	3	1.341	0	1	-0.1032
17	3	0.1366	0	0	0.2273
17	3	1.262	1	0	0.4197
17	3	0.631	1	1	-0.5606
17	3	5.402	0	0	-0.57
17	3	0.1615	0	1	-0.2306
17	3	1.748	1	1	-0.2306
17	3	5.176	0	0	-0.2377
17	3	0.8108	1	0	-0.5047
17	3	5.447	0	0	0.4952
17	3	0.6705	1	1	-0.2903
17	3	1.662	0	0	-0.2645
17	3	0.7415	1	1	-0.153
17	3	0.6976	1	1	-2.093
17	3	0.2811	1	1	-0.6521
17	3	1.192	0	0	-0.5622
17	3	5.655	0	0	-0.0217
17	3	5.356	1	1	0.2362
17	3	0.1915	1	1	-1.103
17	3	0.3024	1	1	-0.2309
17	3	0.45	1	0	-0.2768
17	3	0.6447	0	0	-0.2291
17	3	1.474	1	1	-0.08466
17	3	0.6247	1	1	-1.76
17	3	1.869	1	1	-0.5864
17	3	0.8872	0	1	0.105
17	3	0.9947	0	0	-0.4165
17	3	0.1573	1	0	0.1145
17	3	5.481	0	0	0.1879
17	3	0.934	1	1	0.343
17	3	5.456	0	0	0.4356
17	3	1.813	1	0	1.653
17	3	0.4211	0	1	1.108
17	3	0.2426	0	0	0.09195
17	3	1.149	0	1	2.12
17	3	5.492	0	0	0.1095
17	3	1.684	1	1	0.6723
17	3	5.666	0	0	-4.506
17	3	0.3643	1	1	-0.1436
17	3	0.6205	1	1	1.594
18	3	0.5034	0	1	0.8876
18	3	0.7668	0	0	0.008136
18	3	0.7389	0	1	1.84
18	3	5.462	1	1	0.6102
18	3	0.09807	1	1	-0.09507
18	3	5.35	0	0	0.3163
18	3	1.675	1	1	-1.201
18	3	1.105	0	0	-0.4355
18	3	0.7374	0	0	-0.388
18	3	5.525	0	0	-0.5145
18	3	5.504	0	0	-0.1146
18	3	0.3213	0	1	-0.4574
18	3	0.4832	0	1	-0.281
18	3	5.189	1	1	-0.2167
18	3	0.932	1	1	2.205
18	3	1.064	1	1	0.1256
18	3	1.632	1	0	-0.4271
18	3	0.311	1	0	0.2418
18	3	0.4723	1	0	0.03639
18	3	0.275	1	1	1.552
18	3	1.849	1	1	0.5104
18	3	0.2958	0	0	0.2923
18	3	1.926	1	1	-0.5256
18	3	5.657	1	1	-2.109
18	3	2.21	1	1	-2.837
18	3	0.608	1	1	-0.2138
18	3	0.09979	1	1	0.07172
18	3	1.308	0	1	-0.5182
18	3	0.1938	0	1	-0.6032
18	3	5.499	0	0	-0.3394
18	3	0.584	0	0	-0.09756
18	3	1.133	0	1	0.7193
18	3	0.6682	0	0	0.4266
18	3	0.003099	1	1	0.2442
18	3	1.456	1	1	0.4029
18	3	0.3068	0	0	-0.7395
18	3	5.308	1	1	0.04475
18	3	0.2106	0	1	-0.2936
18	3	0.1058	1	0	0.2008
18	3	1.874	0	0	-0.6882
18	3	1.742	0	0	-0.7893
18	3	0.3156	1	0	1.005
18	3	2.06	0	0	-2.328
18	3	2.183	1	1	0.3992
18	3	5.529	1	1	-1.64
18	3	0.7352	1	1	0.4665
18	3	1.376	1	0	-0.9332
18	3	0.1668	0	1	1.311
18	3	5.581	0	0	-1.043
18	3	0.4034	0	1	0.5082
19	3	0.3599	1	1	-0.0897
19	3	1.525	1	1	0.458
19	3	0.3232	0	0	0.2392
19	3	0.303	0	0	0.4639
19	3	0.3691	0	0	-1.978
19	3	0.3086	1	0	0.4757
19	3	0.07908	0	0	0.2488
19	3	5.34	1	1	0.8066
19	3	5.455	0	0	0.9508
19	3	0.7001	1	1	0.001806
19	3	0.9372	1	1	0.2562
19	3	0.6922	1	0	-0.1396
19	3	1.666	0	1	1.693
19	3	0.542	0	0	0.403
19	3	0.5557	1	0	0.1152
19	3	5.422	0	0	0.1654
19	3	1.712	0	0	0.3711
19	3	5.545	0	0	-0.795
19	3	0.3488	0	0	0.007133
19	3	5.393	0	0	-1.291
19	3	0.6824	1	0	-0.06645
19	3	5.322	1	1	0.3287
19	3	0.4983	0	1	0.4928
19	3	0.8047	1	1	1.352
19	3	1.755	1	1	-2.223
19	3	1.832	0	0	0.2405
19	3	1.134	0	0	-0.008626
19	3	0.2935	1	1	-0.03265
19	3	1.812	1	1	0.8836
19	3	0.6449	0	0	0.5982
19	3	1.666	1	1	1.067
19	3	0.2995	0	1	0.7782
19	3	0.4554	0	0	-1.007
19	3	5.451	1	1	-0.1917
19	3	0.9576	1	1	0.1912
19	3	1.315	1	1	-4.384
19	3	0.4418	0	0	0.3591
19	3	5.279	0	0	1.197
19	3	5.239	0	0	-0.05313
19	3	5.309	0	0	-0.7268
19	3	0.1493	0	1	0.4263
19	3	0.1811	1	1	0.2327
19	3	2.079	1	1	-0.9937
19	3	0.7525	1	1	-0.4118
19	3	1.342	1	1	3.689
19	3	1.897	0	0	-1.137
19	3	0.4054	1	1	0.2223
19	3	0.01515	1	0	-0.3714
19	3	0.8593	1	1	-2.466
19	3	0.8896	1	0	0.9485
20	4	0.2174	0	0	-0.6537
20	4	3.964	0	0	-0.3824
20	4	0.9923	0	0	0.2653
20	4	3.672	1	1	-0.5795
20	4	0.09376	0	0	1.109
20	4	3.25	0	0	0.4567
20	4	0.3031	1	1	-0.7943
20	4	0.4106	1	0	-1.077
20	4	0.4789	0	0	0.5159
20	4	0.1968	0	0	-0.5459
20	4	0.7009	0	0	1.614
20	4	0.3801	1	1	-1.174
20	4	0.9649	0	0	-0.5953
20	4	0.43	0	0	-1.019
20	4	0.1821	0	0	1.258
20	4	0.9861	0	0	-1.596
20	4	0.5162	1	0	0.8857
20	4	0.242	1	1	-0.7212
20	4	0.2594	1	1	1.829
20	4	0.1713	1	0	-0.1065
20	4	0.01306	0	1	1.084
20	4	0.6198	0	0	0.09306
20	4	0.9936	1	1	0.05608
20	4	0.9634	0	0	-1.167
20	4	0.5391	1	0	-0.4297
20	4	3.29	1	1	-0.5569
20	4	0.2677	0	1	-3.251
20	4	0.119	1	1	0.653
20	4	1.36	1	1	-1.047
20	4	3.711	1	1	-0.4949
20	4	0.1946	1	1	0.2482
20	4	3.39	1	1	-0.1375
20	4	0.2114	0	1	0.7283
20	4	0.1522	1	1	0.9578
20	4	0.4939	1	0	0.1798
20	4	1.2	0	0	0.861
20	4	0.9631	0	0	0.09251
20	4	0.4785	0	0	0.145
20	4	3.652	0	0	0.09464
20	4	0.3809	1	1	0.6025
20	4	0.9977	1	1	1.029
20	4	0.4168	0	1	0.6519
20	4	0.4279	1	1	-3.094
20	4	0.05203	1	1	4.265
20	4	0.06046	1	0	1.688
20	4	3.471	1	1	0.9809
20	4	0.1329	1	0	1.481
20	4	0.02448	0	1	1.306
20	4	3.537	0	0	-0.4575
20	4	3.412	0	0	-0.2942
21	4	0.07653	1	1	0.4053
21	4	1.03	0	1	0.4403
21	4	0.51	0	0	-0.6389
21	4	0.5802	1	1	0.5876
21	4	3.466	1	1	0.004723
21	4	0.2288	1	0	-0.6109
21	4	3.873	1	1	-0.1162
21	4	0.1952	1	0	-1.474
21	4	3.965	1	1	-0.6824
21	4	0.9181	1	0	-0.9464
21	4	0.6673	0	0	-0.3477
21	4	0.8685	1	0	-0.571
21	4	0.928	0	0	-0.3314
21	4	0.6499	1	0	-2.565
21	4	0.05862	0	0	0.12
21	4	1.038	1	0	0.229
21	4	0.2999	0	0	-0.007959
21	4	3.29	0	0	2.001
21	4	0.6873	1	0	0.3781
21	4	0.03632	1	1	1.521
21	4	0.4005	0	0	0.03847
21	4	0.1091	0	0	0.2348
21	4	3.789	0	0	-0.6237
21	4	0.0633	0	0	-0.8187
21	4	0.3666	1	0	0.3209
21	4	0.8009	0	0	-0.2213
21	4	0.3748	1	0	0.5101
21	4	0.8625	1	1	0.3333
21	4	0.9337	1	1	-1.909
21	4	0.08926	1	1	-0.1645
21	4	0.09826	0	0	-0.802
21	4	3.595	1	1	-0.6376
21	4	0.098	1	0	0.4771
21	4	0.2147	1	0	-0.143
21	4	0.5707	1	1	2.2
21	4	0.3543	0	1	1.067
21	4	0.444	0	0	0.5603
21	4	0.01503	0	0	0.2248
21	4	0.9125	1	1	-0.1215
21	4	0.05814	1	1	-1.055
21	4	0.1802	1	1	1.131
21	4	0.2018	0	0	0.947
21	4	3.77	0	0	-1.069
21	4	3.466	0	0	-1.469
21	4	3.653	1	1	0.91
21	4	0.4022	0	1	-1.459
21	4	0.2918	0	0	0.3685
21	4	3.798	0	0	0.5803
21	4	0.6724	1	0	-0.1032
21	4	0.3281	1	1	-0.2116
22	4	0.5123	0	1	-0.2878
22	4	0.4223	0	1	0.3966
22	4	1.254	0	1	-0.7911
22	4	0.4835	1	1	-0.1469
22	4	0.3169	0	1	0.2583
22	4	0.06148	1	0	0.07781
22	4	3.416	0	0	-0.3129
22	4	0.8193	1	0	0.939
22	4	0.3576	1	1	0.5179
22	4	0.671	0	0	1.361
22	4	0.3785	0	0	-0.7907
22	4	0.29	1	0	-0.1229
22	4	3.581	1	1	-2.24
22	4	0.1338	0	1	0.1923
22	4	0.2393	0	0	-0.04469
22	4	1.19	1	1	-1.543
22	4	3.872	1	1	0.2802
22	4	0.5002	0	1	0.363
22	4	0.1615	1	1	4.935
22	4	0.2871	0	0	1.568
22	4	0.8691	0	0	0.1278
22	4	0.403	1	0	0.3071
22	4	0.353	0	0	0.01628
22	4	0.0286	0	0	-1.877
22	4	0.05322	1	1	0.6737
22	4	0.1796	0	0	-0.4917
22	4	0.5653	1	1	1.653
22	4	3.187	1	1	0.6516
22	4	0.8459	1	1	-1.471
22	4	3.609	0	0	-0.3714
22	4	0.1938	1	1	0.8147
22	4	3.184	1	1	0.1139
22	4	0.7571	1	1	0.5916
22	4	0.4513	0	1	-0.2267
22	4	0.08568	0	0	-0.1816
22	4	1.309	0	0	0.8555
22	4	0.09806	1	0	0.5037
22	4	3.573	0	0	1.115
22	4	0.001995	0	0	0.9879
22	4	0.1535	0	1	-0.2811
22	4	0.884	1	0	-1.007
22	4	3.739	1	1	-0.03705
22	4	0.02001	0	1	-0.5832
22	4	1.047	1	1	-0.9711
22	4	0.3953	0	1	-0.02229
22	4	0.9925	1	1	1.149
22	4	0.1256	1	1	0.9186
22	4	3.497	1	1	-0.8566
22	4	3.659	1	1	0.2365
22	4	0.3804	1	1	-0.5305
23	4	0.8644	0	1	1.483
23	4	0.03602	1	1	-0.1013
23	4	0.3829	0	1	1.323
23	4	3.616	1	1	-0.1396
23	4	0.001142	1	1	-1.839
23	4	3.646	1	1	0.2678
23	4	3.521	1	1	-0.561
23	4	3.259	1	1	-0.04222
23	4	0.8746	1	0	-0.03479
23	4	0.3931	0	1	0.9634
23	4	0.2173	0	0	-0.4936
23	4	0.8856	0	0	-1.023
23	4	3.272	1	1	0.2994
23	4	0.3599	0	1	0.04685
23	4	3.586	0	0	-0.2923
23	4	0.3244	1	1	-0.1033
23	4	0.2251	0	0	-0.5997
23	4	0.2498	1	0	1.177
23	4	1.033	1	1	0.2472
23	4	0.5909	0	0	-0.296
23	4	0.7055	1	1	-0.5018
23	4	0.2365	0	1	-0.8159
23	4	0.2083	0	0	-0.1744
23	4	0.2215	1	0	0.005187
23	4	0.4091	1	0	0.545
23	4	3.562	0	0	2.476
23	4	0.6458	0	1	0.3565
23	4	0.08729	0	1	-0.1193
23	4	3.246	0	0	-0.1856
23	4	0.3155	0	0	-0.06686
23	4	0.02068	0	1	-0.195
23	4	0.1448	1	1	1.085
23	4	0.8345	1	1	1.224
23	4	0.02174	0	1	1.133
23	4	0.6526	0	0	0.5345
23	4	0.7309	1	0	2.449
23	4	1.113	1	1	0.05411
23	4	3.801	1	1	1.228
23	4	0.8643	1	1	1.888
23	4	0.04742	1	0	0.2106
23	4	0.3956	1	1	-2.507
23	4	0.07868	1	1	0.1113
23	4	3.901	1	1	-0.2936
23	4	0.1351	0	0	1.094
23	4	0.03822	0	1	-0.403
23	4	0.7518	1	0	-0.919
23	4	0.08972	1	1	0.1214
23	4	0.4677	0	1	0.8637
23	4	0.4188	1	1	0.6477
23	4	0.1297	1	0	1.052
24	4	3.638	1	1	-0.1463
24	4	0.8262	0	0	1.8
24	4	0.0826	0	0	0.5971
24	4	0.2161	0	0	0.09829
24	4	1.081	1	0	-0.1493
24	4	0.7425	0	0	0.008808
24	4	0.1829	0	0	1.081
24	4	0.151	0	0	0.09449
24	4	0.6252	0	0	0.1885
24	4	0.1825	1	0	0.05138
24	4	0.07945	1	0	-0.6463
24	4	0.2443	1	0	0.1087
24	4	0.9568	0	1	0.08441
24	4	0.7576	1	0	-0.7418
24	4	3.222	0	0	-0.4504
24	4	0.4442	1	1	0.7069
24	4	3.507	1	1	-1.263
24	4	0.008516	0	0	0.5742
24	4	0.3613	0	0	-0.132
24	4	0.4644	0	1	0.9787
24	4	0.5221	0	1	-0.09461
24	4	0.8886	0	0	0.08476
24	4	0.5759	1	1	-0.9149
24	4	0.5272	1	1	0.5872
24	4	1.381	1	0	0.6515
24	4	0.4505	1	0	0.5766
24	4	0.4114	0	0	0.3869
24	4	0.003031	0	1	0.7324
24	4	0.5694	1	1	1.677
24	4	0.7698	1	1	-0.2124
24	4	3.29	0	0	0.3327
24	4	0.1261	1	0	1.349
24	4	3.542	1	1	0.5937
24	4	0.1104	0	0	1.089
24	4	0.4434	1	0	0.5312
24	4	3.718	0	0	-1.526
24	4	0.1007	0	1	0.3841
24	4	3.745	1	1	0.7163
24	4	3.481	0	0	-0.6054
24	4	0.3041	0	1	-0.2242
24	4	0.08113	1	0	-0.4421
24	4	0.696	0	1	-0.4271
24	4	0.06167	1	0	1.561
24	4	0.2839	0	0	1.275
24	4	0.34	1	1	-0.4135
24	4	3.8	1	1	0.3364
24	4	0.1743	1	0	-0.0658
24	4	0.1017	1	0	0.06539
24	4	3.679	0	0	0.4876
24	4	0.04153	1	0	0.7528
25	4	3.482	0	0	-0.3736
25	4	0.3897	1	1	-0.1719
25	4	0.6743	0	0	-0.81
25	4	0.3908	1	1	-0.234
25	4	0.2473	0	1	0.4443
25	4	0.1272	0	0	0.3508
25	4	0.3696	0	0	0.3472
25	4	0.1081	1	0	0.07427
25	4	0.3181	1	0	1.98
25	4	0.4247	1	0	0.2799
25	4	0.1836	1	0	0.3031
25	4	3.55	1	1	-0.4227
25	4	0.4914	1	0	1.301
25	4	0.07984	0	0	0.1267
25	4	0.09314	0	0	2.475
25	4	0.6795	0	0	0.2457
25	4	3.493	1	1	-1.072
25	4	0.3675	0	0	1.761
25	4	0.6846	1	1	1.306
25	4	3.687	0	0	0.2861
25	4	4.215	0	0	1.67
25	4	0.3873	1	0	0.1433
25	4	0.02838	0	0	1.291
25	4	0.3823	0	1	1.194
25	4	0.8847	1	1	0.02259
25	4	0.07119	1	0	0.138
25	4	0.3968	0	0	0.02935
25	4	0.7659	1	1	0.8539
25	4	0.8282	0	1	-0.8236
25	4	3.849	0	0	-0.3421
25	4	0.7756	1	1	0.1058
25	4	0.9652	0	0	-0.8046
25	4	0.3171	1	1	-0.8463
25	4	0.5112	0	1	0.8493
25	4	0.6036	1	1	-1.683
25	4	0.05993	0	1	0.8843
25	4	0.2624	0	1	-1.139
25	4	1.081	1	1	0.02394
25	4	3.529	1	1	-1.371
25	4	3.739	0	0	0.1298
25	4	0.3719	0	1	-0.07075
25	4	3.66	1	1	-2.519
25	4	0.9497	1	0	0.1391
25	4	0.001071	1	1	-1.529
25	4	0.09107	0	1	0.5951
25	4	0.1912	1	0	0.7166
25	4	0.005076	0	1	1.899
25	4	3.54	0	0	0.3679
25	4	0.2082	0	1	0.09386
25	4	1.128	1	0	-1.541
26	4	0.7095	1	1	-0.5239
26	4	0.5271	0	0	-0.502
26	4	0.7389	0	1	-0.2436
26	4	3.891	0	0	-0.2205
26	4	0.1619	0	1	-0.08984
26	4	0.08534	0	1	-0.6855
26	4	0.4441	1	1	-0.7749
26	4	0.1222	0	1	0.4396
26	4	0.9341	0	0	0.4833
26	4	0.7694	1	1	-0.3531
26	4	3.72	0	0	0.06953
26	4	0.01762	1	1	-0.05163
26	4	3.332	1	1	0.9445
26	4	0.2642	1	1	-0.1488
26	4	1.102	1	1	-0.288
26	4	0.9202	1	1	0.1453
26	4	3.83	1	1	-0.1845
26	4	0.7697	1	1	0.023
26	4	3.791	0	0	-0.2868
26	4	1.149	1	1	-0.5408
26	4	0.2262	1	1	-1.189
26	4	0.19	1	0	0.2859
26	4	0.7979	1	1	-0.9445
26	4	0.07042	0	1	0.59
26	4	3.71	1	1	0.04584
26	4	0.3186	0	1	-0.2667
26	4	0.2948	1	1	-0.04703
26	4	0.4232	1	1	-3.891
26	4	3.542	0	0	1.646
26	4	0.2614	0	1	0.8322
26	4	0.9353	1	1	-0.4151
26	4	0.4451	0	1	0.131
26	4	0.2261	0	1	-0.6495
26	4	0.6191	0	1	-0.963
26	4	3.245	0	0	-0.9763
26	4	0.3358	1	1	-0.002589
26	4	3.773	1	1	0.8928
26	4	0.9209	1	1	-0.863
26	4	0.2662	0	1	0.4771
26	4	0.4568	1	1	-0.2474
26	4	0.5002	0	0	1.335
26	4	0.5027	1	1	0.004432
26	4	0.04319	1	1	1.832
26	4	0.7525	1	1	-0.6902
26	4	0.4875	1	1	-0.908
26	4	0.9087	1	1	0.8709
26	4	0.09993	1	1	-0.2172
26	4	0.3547	0	1	0.1669
26	4	3.81	0	0	0.2837
26	4	0.2222	0	1	-0.2854
27	4	3.729	1	1	0.6648
27	4	0.8161	0	1	0.3105
27	4	0.3857	1	1	-0.1095
27	4	0.4544	1	1	-0.4736
27	4	0.969	1	1	-1.063
27	4	0.7738	1	1	-0.7811
27	4	0.1475	0	1	1.582
27	4	0.5102	0	1	-1.156
27	4	3.656	1	1	-1.231
27	4	0.5455	0	0	0.5895
27	4	0.3671	0	0	0.544
27	4	3.636	0	0	-0.1809
27	4	0.8469	0	1	0.9178
27	4	0.05565	1	1	0.5396
27	4	3.719	0	0	0.7483
27	4	0.7391	1	1	-1.644
27	4	0.2632	0	0	0.4832
27	4	0.6555	1	0	-0.02127
27	4	0.579	1	1	-0.2549
27	4	3.709	1	1	1.29
27	4	0.02486	1	1	-0.2413
27	4	0.4797	0	0	0.3511
27	4	0.1465	1	0	1.211
27	4	0.1071	0	0	-2.333
27	4	3.704	0	0	-1.879
27	4	0.2521	0	0	2.172
27	4	0.5106	0	0	0.2726
27	4	3.737	0	0	0.08351
27	4	0.5414	1	1	0.3053
27	4	0.05816	1	1	2.822
27	4	0.008805	0	0	0.3747
27	4	0.1052	0	1	-2.624
27	4	0.3836	0	0	0.5414
27	4	0.9164	1	1	2.295
27	4	0.3301	1	1	-0.04208
27	4	3.477	1	0	-0.3991
27	4	3.391	0	0	0.9634
27	4	0.8505	1	0	-0.04545
27	4	0.7753	1	1	0.3939
27	4	0.2071	1	0	1.128
27	4	0.1521	0	0	0.5181
27	4	1.124	0	0	-0.07688
27	4	0.1489	0	1	0.4373
27	4	0.3547	0	1	-2.826
27	4	3.539	1	1	-1.115
27	4	0.745	0	1	0.06666
27	4	0.1422	0	1	-0.4231
27	4	0.4252	1	1	-0.4025
27	4	0.5133	1	1	-2.226
27	4	0.5321	0	0	-0.2112
28	4	0.8823	0	1	2.403
28	4	3.701	0	0	0.8453
28	4	0.875	1	0	0.5404
28	4	0.9159	0	0	0.4657
28	4	3.661	1	1	1.363
28	4	4.048	0	0	1.919
28	4	0.09732	0	1	-0.4984
28	4	1.129	1	1	0.1052
28	4	0.3182	1	1	0.904
28	4	0.5771	1	0	0.4341
28	4	3.528	0	0	0.4862
28	4	1.182	0	1	0.2573
28	4	0.6161	1	1	-0.08557
28	4	0.2727	1	1	-0.2008
28	4	0.2431	0	0	0.6846
28	4	0.3453	0	1	-0.4944
28	4	3.588	1	1	0.7112
28	4	1.13	0	0	1.032
28	4	0.1618	1	1	0.7824
28	4	0.4906	0	1	0.4382
28	4	3.89	1	1	-0.5401
28	4	0.06111	1	1	0.1552
28	4	0.2824	1	1	0.3528
28	4	0.2825	1	1	0.4599
28	4	0.9677	1	0	0.5005
28	4	3.43	1	1	0.2611
28	4	0.6379	1	0	0.2816
28	4	0.0646	0	1	1.177
28	4	0.1163	1	0	0.3875
28	4	0.516	1	1	0.2996
28	4	0.5272	0	0	-0.3412
28	4	0.2398	1	0	-6.787
28	4	0.5787	0	0	2.44
28	4	3.517	0	0	0.5697
28	4	3.604	1	1	1.528
28	4	0.05704	1	1	-0.4195
28	4	0.6894	1	1	0.5848
28	4	0.09931	0	1	-1.187
28	4	0.1288	0	1	3.485
28	4	0.1237	1	1	-0.5742
28	4	0.4969	0	0	-0.105
28	4	0.07176	1	0	-0.1093
28	4	0.5014	1	1	-0.2007
28	4	0.9903	0	0	1.367
28	4	3.273	1	1	1.123
28	4	0.00577	0	1	-0.1253
28	4	0.2337	0	0	-0.2321
28	4	0.4449	0	1	2.351
28	4	0.06268	0	0	2.116
28	4	0.3848	0	1	-0.1106
29	4	0.3134	1	1	0.7439
29	4	0.1616	1	0	0.3882
29	4	0.04036	0	1	-0.1417
29	4	0.06709	1	0	0.024
29	4	0.1084	1	0	-0.6553
29	4	0.3393	1	0	-0.4029
29	4	0.4959	1	0	-0.1627
29	4	0.314	0	0	0.3663
29	4	3.851	0	0	0.2536
29	4	0.9811	0	0	0.4642
29	4	0.6546	0	0	0.6908
29	4	1.04	0	0	-0.03817
29	4	0.4447	0	0	0.08603
29	4	0.231	1	0	-0.224
29	4	3.5	0	0	-0.3769
29	4	3.358	1	1	-0.2461
29	4	0.9445	0	0	-1.419
29	4	0.1545	1	1	-0.7604
29	4	0.04699	0	1	-0.6146
29	4	3.808	1	1	-0.07607
29	4	1.285	1	0	0.765
29	4	3.832	1	1	-0.3609
29	4	0.7843	0	0	0.4359
29	4	0.5237	1	1	-1.363
29	4	0.366	0	1	0.8531
29	4	0.6826	1	1	0.6906
29	4	0.2742	0	0	-0.6955
29	4	1.016	0	1	0.1431
29	4	0.5391	0	0	0.5677
29	4	3.763	1	1	-2.306
29	4	0.3132	0	0	-0.03588
29	4	0.7774	0	0	-1.279
29	4	0.1653	1	0	-1.393
29	4	0.2997	1	0	0.4186
29	4	0.03174	0	0	0.3668
29	4	0.0896	1	0	0.231
29	4	1.171	0	0	-3.006
29	4	0.2997	0	0	-1.23
29	4	3.622	1	1	-0.09554
29	4	0.7517	1	1	-0.3091
29	4	0.3122	1	1	-0.5201
29	4	0.6823	1	0	0.6164
29	4	3.381	1	1	0.0627
29	4	0.5298	0	0	0.3919
29	4	0.4085	0	0	-0.2203
29	4	0.3623	1	0	-0.4562
29	4	3.429	0	0	-1.798
29	4	3.824	1	1	-1.484
29	4	0.6112	0	1	1.599
29	4	0.1208	0	1	-0.07195
30	5	0.2183	0	0	-0.1648
30	5	3.964	0	0	-0.04589
30	5	0.9943	0	0	-0.2768
30	5	3.677	1	1	-0.5579
30	5	0.0951	0	0	-0.4217
30	5	3.249	0	0	0.2104
30	5	0.3038	1	0	-0.6001
30	5	0.4118	1	1	-0.4089
30	5	0.4785	0	0	-2.243
30	5	0.1919	0	0	0.2315
30	5	0.7	0	0	0.4819
30	5	0.3817	1	0	-0.4674
30	5	0.9664	0	1	0.5373
30	5	0.429	0	0	-0.1014
30	5	0.1844	0	0	0.919
30	5	0.9836	0	0	-1.019
30	5	0.5184	1	0	0.9075
30	5	0.2412	1	1	-4.132
30	5	0.265	1	0	1.4
30	5	0.1722	1	1	0.7959
30	5	0.01045	0	0	-0.4855
30	5	0.624	0	0	-0.4456
30	5	0.9958	1	1	-0.06249
30	5	0.9685	0	1	-0.01503
30	5	0.5399	1	1	-0.2617
30	5	3.288	1	1	0.6783
30	5	0.2677	0	1	-1.796
30	5	0.1112	1	1	1.053
30	5	1.361	1	1	-0.04564
30	5	3.716	1	1	-0.6283
30	5	0.1902	1	0	-0.7748
30	5	3.385	1	1	-0.04474
30	5	0.2177	0	0	0.4357
30	5	0.1536	1	1	0.4546
30	5	0.5003	1	1	0.0876
30	5	1.192	0	0	-0.9872
30	5	0.9612	0	1	-0.2816
30	5	0.4828	0	0	-1.886
30	5	3.651	0	0	-3.688
30	5	0.3809	1	1	0.2827
30	5	0.9979	1	1	0.1616
30	5	0.42	0	0	2.812
30	5	0.429	1	0	-0.3876
30	5	0.04826	1	0	0.001943
30	5	0.06526	1	1	0.1352
30	5	3.471	1	1	-0.08056
30	5	0.132	1	0	-1.197
30	5	0.02106	0	0	1.422
30	5	3.542	0	0	0.4937
30	5	3.42	0	0	-0.002051
31	5	0.08031	1	0	0.948
31	5	1.028	0	0	-0.7235
31	5	0.5107	0	0	-0.1196
31	5	0.5819	1	0	0.5026
31	5	3.47	1	1	-0.04857
31	5	0.2295	1	0	-0.2277
31	5	3.872	1	1	1.1
31	5	0.1985	1	1	0.372
31	5	3.965	1	1	-0.4003
31	5	0.9209	1	1	0.2455
31	5	0.6633	0	0	0.6274
31	5	0.8652	1	0	0.71
31	5	0.9361	0	0	0.5985
31	5	0.6397	1	0	0.9343
31	5	0.05643	0	1	0.7442
31	5	1.034	1	1	0.5615
31	5	0.2992	0	0	-0.2584
31	5	3.294	0	0	-0.07056
31	5	0.688	1	0	-0.0486
31	5	0.03652	1	1	-0.4867
31	5	0.3976	0	0	0.7576
31	5	0.1078	0	1	1.094
31	5	3.726	0	0	0.1672
31	5	0.2979	0	1	1.456
31	5	0.2985	1	1	-1.005
31	5	0.9791	0	1	-0.1543
31	5	0.171	1	1	0.4662
31	5	0.7064	1	0	0.8613
31	5	1.309	1	1	0.2964
31	5	0.3303	0	1	-0.4483
31	5	0.04529	0	0	0.9316
31	5	3.585	1	1	0.03674
31	5	0.3816	1	0	0.1327
31	5	0.08618	1	0	-0.7744
31	5	0.2008	1	1	0.07481
31	5	0.4477	0	0	-0.2183
31	5	0.9375	0	0	-0.5195
31	5	0.09141	0	0	0.4063
31	5	0.9241	1	0	0.2168
31	5	0.3488	0	0	-0.2994
31	5	0.01187	0	0	1.146
31	5	0.4507	0	0	0.759
31	5	3.926	0	0	-2.303
31	5	3.743	0	0	0.9737
31	5	3.904	1	1	1.848
31	5	0.5476	0	0	0.2201
31	5	0.1848	0	0	-0.5096
31	5	3.779	0	0	-1.023
31	5	0.2058	1	1	0.5868
31	5	0.448	1	1	1.737
32	5	0.6433	0	1	1.632
32	5	0.1791	0	1	0.6863
32	5	1.132	0	0	0.566
32	5	0.2353	1	1	1.032
32	5	0.3307	0	0	0.4831
32	5	0.1849	1	0	-0.2272
32	5	3.641	0	0	-0.4796
32	5	1.025	1	1	-0.05768
32	5	0.6894	1	0	-0.222
32	5	0.7592	0	1	-0.2912
32	5	0.3441	0	1	-0.01385
32	5	0.2516	1	1	1.061
32	5	3.872	1	1	-0.2464
32	5	0.1141	0	1	-0.6522
32	5	0.1029	0	0	-0.1267
32	5	1.174	1	1	-0.5118
32	5	3.666	1	1	-0.5888
32	5	0.6416	0	0	-0.4698
32	5	0.2091	1	1	0.3672
32	5	0.5953	0	0	-0.1859
32	5	0.8555	0	0	0.4522
32	5	0.05913	1	1	-0.08202
32	5	0.2403	1	1	-0.9776
32	5	0.0736	0	1	0.3533
32	5	0.2852	1	1	-0.2004
32	5	0.3255	0	1	-0.2554
32	5	0.4815	1	1	-0.5217
32	5	3.843	1	1	0.6572
32	5	0.6739	1	1	-0.02947
32	5	3.68	0	0	-0.02052
32	5	0.6916	1	1	-0.1004
32	5	3.906	1	1	-2.074
32	5	0.9301	1	0	-0.3692
32	5	0.6189	0	0	-0.3048
32	5	0.09606	0	0	0.1627
32	5	1.143	0	0	-0.3739
32	5	0.1595	0	0	-0.2777
32	5	3.543	0	0	0.1194
32	5	0.1387	0	0	-1.597
32	5	0.3926	0	1	0.139
32	5	1.16	1	0	1.037
32	5	3.573	1	1	-0.4727
32	5	0.05581	1	1	0.4616
32	5	0.9905	1	1	0.4063
32	5	0.3247	0	0	-0.3272
32	5	0.7756	1	0	0.323
32	5	0.2811	1	1	0.344
32	5	3.732	1	1	-0.3194
32	5	3.409	1	1	0.04785
32	5	0.324	1	1	-1.047
33	5	0.6481	0	1	-0.4637
33	5	0.1621	0	1	0.2224
33	5	0.1306	0	1	0.3331
33	5	3.49	1	1	0.1618
33	5	0.4591	0	1	-0.2322
33	5	3.957	1	1	0.2047
33	5	3.908	1	1	-0.6286
33	5	3.704	1	1	-0.4976
33	5	0.8864	1	1	0.6156
33	5	0.4299	0	1	-0.3597
33	5	0.06279	0	1	-0.3233
33	5	0.83	0	1	0.8277
33	5	3.551	1	1	-1.665
33	5	0.5516	0	0	-0.5175
33	5	3.43	0	0	-0.5417
33	5	0.2071	1	1	-0.7222
33	5	0.6696	0	1	-0.236
33	5	0.1598	1	0	-0.2247
33	5	0.6804	1	1	0.1015
33	5	0.9371	0	0	-0.3209
33	5	0.9018	1	0	-0.4068
33	5	0.2278	0	1	-0.6187
33	5	0.3625	0	1	0.2997
33	5	0.56	1	1	-0.2396
33	5	0.304	1	1	-0.1681
33	5	3.672	0	0	-1.025
33	5	0.3808	0	0	0.4043
33	5	0.4162	0	1	-0.5432
33	5	3.99	0	0	-0.7016
33	5	0.2865	0	0	1.857
33	5	0.1657	1	0	-0.619
33	5	0.01367	1	0	1.524
33	5	0.9818	1	1	-0.1553
33	5	0.1646	1	1	-0.1211
33	5	0.3406	0	1	2.074
33	5	0.2332	1	1	-1.789
33	5	0.4021	1	0	0.35
33	5	4.208	1	1	0.3672
33	5	1.062	1	1	-1.354
33	5	0.1153	0	1	-0.6173
33	5	0.5136	1	1	0.5332
33	5	0.5263	1	1	0.1285
33	5	3.528	1	1	1.562
33	5	0.2682	0	1	0.6426
33	5	0.2445	0	0	-0.3633
33	5	1.073	1	1	-0.4527
33	5	0.09984	1	0	0.5912
33	5	0.4473	0	1	0.3404
33	5	0.4215	1	1	1.561
33	5	0.2531	0	1	1.796
34	5	3.858	1	1	-2.308
34	5	0.9378	0	0	0.2461
34	5	0.4677	0	0	-0.7075
34	5	0.07979	0	0	-0.2752
34	5	1.066	1	1	-0.08132
34	5	0.7231	0	0	-0.06904
34	5	0.1148	1	0	-0.2626
34	5	0.1521	0	1	-0.08505
34	5	0.7809	0	0	0.1512
34	5	0.01869	1	1	-2.933
34	5	0.1319	1	1	0.2712
34	5	0.1517	1	1	-0.2171
34	5	0.8161	0	0	0.05929
34	5	0.3482	1	1	0.2893
34	5	3.489	0	0	-1.064
34	5	0.4411	1	0	0.6866
34	5	3.526	1	1	-0.02862
34	5	0.1288	0	1	0.2319
34	5	0.2638	0	0	-0.6796
34	5	0.2062	0	0	0.09489
34	5	1.086	0	0	0.1375
34	5	0.7209	0	1	-0.7917
34	5	0.9931	1	1	-0.2936
34	5	0.3968	1	1	-0.4488
34	5	1.185	1	1	0.2359
34	5	0.4681	1	1	0.4382
34	5	0.3141	0	1	-0.111
34	5	0.4452	1	0	0.6379
34	5	0.5738	1	1	-0.7325
34	5	0.7698	1	1	-0.6444
34	5	3.3	0	0	-0.0186
34	5	0.1219	1	0	0.162
34	5	3.539	1	1	-0.03142
34	5	0.1062	0	0	-1.132
34	5	0.4465	1	0	0.4914
34	5	3.722	0	0	-0.05516
34	5	0.1023	0	1	0.4109
34	5	3.746	1	1	-2.921
34	5	3.482	0	0	-0.4762
34	5	0.3008	0	1	0.7365
34	5	0.09035	1	1	-0.09174
34	5	0.7039	0	1	0.3802
34	5	0.06978	1	0	-0.6385
34	5	0.2904	0	1	1.723
34	5	0.3412	1	1	0.2603
34	5	3.802	1	1	0.4085
34	5	0.173	1	0	-1.513
34	5	0.09866	1	0	-0.09582
34	5	3.678	0	0	0.0003388
34	5	0.03985	1	0	-0.2477
35	5	3.486	0	0	0.9051
35	5	0.3956	1	1	-0.8036
35	5	0.6751	0	0	-0.02305
35	5	0.3941	1	1	-0.2976
35	5	0.2574	0	0	-0.5399
35	5	0.1278	0	1	-0.06794
35	5	0.3674	0	0	-0.6529
35	5	0.1036	1	1	-0.1245
35	5	0.3184	1	0	0.02915
35	5	0.4253	1	0	-1.423
35	5	0.1766	1	0	-0.587
35	5	3.554	1	1	-1.347
35	5	0.4835	1	1	-0.01841
35	5	0.08148	0	1	-0.3463
35	5	0.09966	0	1	-0.02723
35	5	0.6819	0	1	-0.3203
35	5	3.496	1	1	1.472
35	5	0.3723	0	1	1.374
35	5	0.6898	1	0	0.8024
35	5	3.691	0	0	-0.1069
35	5	4.218	0	0	0.1161
35	5	0.3885	1	0	0.6003
35	5	0.02515	0	1	0.4014
35	5	0.3782	0	0	0.01755
35	5	0.8946	1	0	0.4986
35	5	0.07294	1	0	0.3104
35	5	0.4	0	0	-0.4943
35	5	0.7654	1	1	-0.07679
35	5	0.8271	0	0	-0.2898
35	5	3.851	0	0	0.6429
35	5	0.7718	1	0	-0.08174
35	5	0.9658	0	0	-2.14
35	5	0.3178	1	0	-0.06655
35	5	0.5053	0	0	1.256
35	5	0.6055	1	0	-0.5253
35	5	0.05779	0	0	0.4296
35	5	0.2634	0	0	0.7664
35	5	1.075	1	1	-0.4435
35	5	3.523	1	1	-2.01
35	5	3.741	0	0	-0.9166
35	5	0.3654	0	0	0.962
35	5	3.66	1	1	-0.3322
35	5	0.9476	1	0	-1.13
35	5	0.001009	1	1	0.9124
35	5	0.08666	0	1	0.1894
35	5	0.1855	1	0	-0.8158
35	5	0.005244	0	1	1.677
35	5	3.545	0	0	-1.149
35	5	0.2102	0	0	-1.232
35	5	1.128	1	1	-0.1169
36	5	0.7107	1	1	0.5148
36	5	0.5237	0	0	-0.2398
36	5	0.7348	0	1	-0.7455
36	5	3.897	0	0	-1.12
36	5	0.1657	0	0	0.09627
36	5	0.08381	0	0	-0.4487
36	5	0.4444	1	1	0.1041
36	5	0.1231	0	0	-0.521
36	5	0.9337	0	0	0.5479
36	5	0.7696	1	0	-0.02957
36	5	3.728	0	0	-0.9122
36	5	0.01565	1	1	-0.6422
36	5	3.333	1	1	0.7629
36	5	0.2648	1	1	-0.3123
36	5	1.098	1	1	0.3078
36	5	0.9239	1	1	-1.745
36	5	3.84	1	1	-1.548
36	5	0.7693	1	1	-0.08259
36	5	3.79	0	0	0.2065
36	5	1.142	1	1	0.2659
36	5	0.2253	1	0	-0.2906
36	5	0.1898	1	1	0.587
36	5	0.7983	1	1	-0.2552
36	5	0.07069	0	0	0.2789
36	5	3.709	1	1	-3.842
36	5	0.3188	0	0	-0.2204
36	5	0.3005	1	1	0.006956
36	5	0.4221	1	0	0.6567
36	5	3.549	0	0	0.4781
36	5	0.2598	0	1	-0.4714
36	5	0.9353	1	1	-0.2057
36	5	0.4407	0	0	0.5204
36	5	0.2196	0	0	-0.07746
36	5	0.619	0	0	-0.3329
36	5	3.247	0	0	0.4824
36	5	0.3391	1	0	-0.5586
36	5	3.777	1	1	-0.4098
36	5	0.9172	1	1	0.2033
36	5	0.2647	0	1	0.5417
36	5	0.4483	1	1	0.08866
36	5	0.5004	0	1	-1.122
36	5	0.5071	1	1	0.8244
36	5	0.05064	1	0	1.745
36	5	0.7509	1	0	1.253
36	5	0.4859	1	1	0.9803
36	5	0.9094	1	1	-0.1859
36	5	0.1027	1	0	-2.362
36	5	0.3599	0	0	0.2413
36	5	3.823	0	0	-1.102
36	5	0.221	0	1	1.726
37	5	3.728	1	1	1.269
37	5	0.8152	0	1	-0.08037
37	5	0.3904	1	0	0.7383
37	5	0.4544	1	1	0.0003221
37	5	0.9711	1	1	2.403
37	5	0.7715	1	1	0.9463
37	5	0.1465	0	1	0.4738
37	5	0.5064	0	0	-0.7898
37	5	3.658	1	1	-0.4763
37	5	0.5435	0	1	0.6408
37	5	0.3618	0	1	-0.1682
37	5	3.642	0	0	-0.2453
37	5	0.8501	0	1	-0.3907
37	5	0.05404	1	1	0.5001
37	5	3.724	0	0	-0.05157
37	5	0.7413	1	1	-0.08807
37	5	0.2677	0	0	-0.947
37	5	0.6624	1	1	0.2121
37	5	0.5842	1	0	-1.289
37	5	3.711	1	1	-0.7851
37	5	0.01656	1	1	-0.03044
37	5	0.4856	0	1	0.3011
37	5	0.1444	1	1	3.13
37	5	0.1026	0	0	0.3917
37	5	3.705	0	0	1.689
37	5	0.2522	0	0	-0.5612
37	5	0.5074	0	1	0.8946
37	5	3.734	0	0	-0.07453
37	5	0.5466	1	0	-1.056
37	5	0.06096	1	1	-0.3723
37	5	1.335e-05	0	0	0.498
37	5	0.09955	0	1	0.8706
37	5	0.3848	0	0	-0.8311
37	5	0.9185	1	1	-0.2084
37	5	0.3271	1	0	-0.287
37	5	3.48	1	1	-0.05062
37	5	3.389	0	0	2.328
37	5	0.8469	1	1	-5.941
37	5	0.7808	1	1	-0.3122
37	5	0.2072	1	1	2.564
37	5	0.1538	0	1	0.1768
37	5	1.122	0	0	0.7598
37	5	0.1471	0	1	0.6839
37	5	0.3573	0	1	3.886
37	5	3.535	1	1	-0.2651
37	5	0.7539	0	1	1.53
37	5	0.1406	0	1	2.795
37	5	0.4241	1	1	0.5929
37	5	0.5109	1	1	0.2993
37	5	0.5293	0	0	4.054
38	5	0.8834	0	0	2.445
38	5	3.705	0	0	0.6371
38	5	0.8707	1	1	0.3673
38	5	0.9117	0	0	-0.1749
38	5	3.663	1	1	-0.2153
38	5	4.05	0	0	0.2475
38	5	0.09865	0	0	-0.3553
38	5	1.13	1	1	-0.1158
38	5	0.3189	1	1	0.07661
38	5	0.5789	1	1	0.1928
38	5	3.529	0	0	-1.068
38	5	1.182	0	0	-1.597
38	5	0.6164	1	1	0.08301
38	5	0.2731	1	0	0.2749
38	5	0.2424	0	0	1.141
38	5	0.3433	0	1	0.4208
38	5	3.59	1	1	-0.4026
38	5	1.134	0	0	0.06665
38	5	0.1618	1	1	1.397
38	5	0.4871	0	1	1.425
38	5	3.892	1	1	0.3587
38	5	0.05637	1	1	0.7783
38	5	0.2898	1	0	2.024
38	5	0.2781	1	1	0.1508
38	5	0.9702	1	1	-0.3321
38	5	3.428	1	1	1.415
38	5	0.6313	1	1	-0.1034
38	5	0.06416	0	1	1.254
38	5	0.1241	1	1	-0.8862
38	5	0.5176	1	1	-0.3864
38	5	0.5255	0	0	0.3394
38	5	0.2408	1	0	-0.7828
38	5	0.5794	0	0	1.588
38	5	3.517	0	0	0.7015
38	5	3.611	1	1	-2.477
38	5	0.05759	1	0	0.5065
38	5	0.6929	1	1	-0.9034
38	5	0.09871	0	0	1.602
38	5	0.1285	0	1	0.2825
38	5	0.5091	1	0	0.7604
38	5	0.9029	0	0	-1.84
38	5	0.01552	1	0	-0.1741
38	5	0.4999	1	0	0.1917
38	5	0.9902	0	0	2.875
38	5	3.281	1	1	-4.117
38	5	0.005099	0	0	-0.6718
38	5	0.2379	0	0	-2.232
38	5	0.4492	0	0	-2.053
38	5	0.06107	0	0	0.9396
38	5	0.3872	0	0	-3.8
39	5	0.3138	1	1	0.2268
39	5	0.1661	1	1	0.5908
39	5	0.04032	0	0	0.3095
39	5	0.0711	1	1	0.7348
39	5	0.1026	1	1	-0.5765
39	5	0.3388	1	1	0.4565
39	5	0.4987	1	0	0.4394
39	5	0.3133	0	0	0.3202
39	5	3.853	0	0	-0.006164
39	5	0.9787	0	1	-0.1257
39	5	0.6516	0	0	-0.1582
39	5	1.044	0	1	0.1788
39	5	0.4466	0	0	-0.08277
39	5	0.2343	1	1	-1.403
39	5	3.499	0	0	1.121
39	5	3.367	1	1	-0.9921
39	5	0.9434	0	0	0.394
39	5	0.1514	1	0	0.6469
39	5	0.05195	0	1	0.4682
39	5	3.81	1	1	0.397
39	5	1.281	1	1	-0.3835
39	5	3.828	1	1	0.2693
39	5	0.7947	0	0	0.3896
39	5	0.5239	1	0	-0.1791
39	5	0.3631	0	0	-0.7425
39	5	0.6861	1	0	0.6
39	5	0.2727	0	0	-0.3438
39	5	1.012	0	0	0.2286
39	5	0.5396	0	1	2.675
39	5	3.764	1	1	0.7459
39	5	0.3134	0	0	-0.3579
39	5	0.7782	0	0	-0.4159
39	5	0.1627	1	0	-2.284
39	5	0.301	1	0	0.7526
39	5	0.03819	0	0	1.158
39	5	0.09205	1	0	-0.1771
39	5	1.17	0	0	-0.6972
39	5	0.2995	0	0	0.1074
39	5	3.621	1	1	0.725
39	5	0.7492	1	0	0.3165
39	5	0.3127	1	1	0.1947
39	5	0.6819	1	1	-1.333
39	5	3.383	1	1	-0.9222
39	5	0.5312	0	0	0.3972
39	5	0.4112	0	0	-0.2006
39	5	0.3604	1	0	0.2705
39	5	3.433	0	0	-0.1623
39	5	3.819	1	1	0.3394
39	5	0.6089	0	0	0.9639
39	5	0.1181	0	1	-0.8512
40	6	0.2188	0	0	-0.4687
40	6	3.967	0	0	1.23
40	6	0.9925	0	0	0.5951
40	6	3.674	1	1	0.5011
40	6	0.09484	0	0	-0.7466
40	6	3.249	0	0	-0.3675
40	6	0.3037	1	0	-0.3046
40	6	0.4113	1	0	-0.3227
40	6	0.4799	0	0	2.02
40	6	0.1946	0	0	-0.06882
40	6	0.7026	0	0	-0.5229
40	6	0.3788	1	0	-1.468
40	6	0.9653	0	1	0.1861
40	6	0.4344	0	1	-0.2228
40	6	0.1809	0	1	-0.781
40	6	0.9837	0	0	-0.7106
40	6	0.5154	1	0	-0.174
40	6	0.239	1	1	-0.5734
40	6	0.2628	1	1	-0.8152
40	6	0.1707	1	1	-0.2264
40	6	0.01154	0	1	0.6266
40	6	0.6242	0	0	0.1637
40	6	0.9942	1	1	-0.4747
40	6	0.9666	0	1	-0.5351
40	6	0.5374	1	1	0.8801
40	6	3.288	1	1	-0.1785
40	6	0.2706	0	0	0.1657
40	6	0.1153	1	1	-0.1738
40	6	1.362	1	1	-0.02682
40	6	3.716	1	1	-0.8841
40	6	0.1922	1	1	0.2501
40	6	3.39	1	1	0.5271
40	6	0.2122	0	0	1.524
40	6	0.1523	1	1	3.138
40	6	0.4962	1	0	0.6915
40	6	1.2	0	0	0.3577
40	6	0.964	0	0	-0.3952
40	6	0.4806	0	0	0.7912
40	6	3.651	0	0	0.2947
40	6	0.3806	1	1	0.04524
40	6	0.9987	1	1	-0.7762
40	6	0.4169	0	0	-0.06347
40	6	0.4278	1	0	-2.033
40	6	0.05094	1	1	0.7053
40	6	0.05886	1	0	0.1838
40	6	3.469	1	1	-0.9404
40	6	0.1313	1	1	-0.4055
40	6	0.01937	0	1	0.8083
40	6	3.539	0	0	-0.1274
40	6	3.413	0	0	-2.339
41	6	0.07668	1	0	-1.074
41	6	1.028	0	0	0.0964
41	6	0.5089	0	0	-0.322
41	6	0.5835	1	0	-2.09
41	6	3.465	1	1	0.2304
41	6	0.2299	1	0	-0.5167
41	6	3.873	1	1	-0.2197
41	6	0.1967	1	0	-0.2766
41	6	3.964	1	1	-0.2948
41	6	0.9184	1	1	-0.3953
41	6	0.6647	0	1	-0.001844
41	6	0.8644	1	1	0.9688
41	6	0.9306	0	0	0.1385
41	6	0.6425	1	0	-0.5148
41	6	0.05617	0	0	-0.3682
41	6	1.034	1	0	1.498
41	6	0.3013	0	1	-0.2598
41	6	3.291	0	0	-0.5039
41	6	0.6862	1	1	0.5378
41	6	0.0375	1	1	-0.605
41	6	0.3971	0	0	0.09467
41	6	0.1088	0	0	0.5313
41	6	3.787	0	0	-0.1107
41	6	0.06304	0	1	0.2491
41	6	0.3657	1	0	2.094
41	6	0.8062	0	0	0.2951
41	6	0.3718	1	1	-0.5138
41	6	0.8644	1	1	0.1827
41	6	0.9378	1	1	0.2346
41	6	0.08741	1	1	-0.1844
41	6	0.09405	0	0	-0.5583
41	6	3.593	1	1	-0.3013
41	6	0.09928	1	1	1.245
41	6	0.2123	1	1	1.469
41	6	0.5753	1	0	0.8589
41	6	0.3539	0	1	0.3431
41	6	0.4465	0	0	-0.7904
41	6	0.01354	0	1	-0.4455
41	6	0.9115	1	0	1.68
41	6	0.05549	1	0	-0.1736
41	6	0.1771	1	1	0.8601
41	6	0.2055	0	0	-1.035
41	6	3.772	0	0	-3.793
41	6	3.467	0	0	0.5624
41	6	3.653	1	1	1.427
41	6	0.4039	0	0	2.244
41	6	0.2904	0	1	-2.37
41	6	3.801	0	0	-1.409
41	6	0.6716	1	1	0.1235
41	6	0.3314	1	0	2.131
42	6	0.5121	0	1	-0.0435
42	6	0.4276	0	1	-0.2496
42	6	1.253	0	0	-0.5066
42	6	0.481	1	1	-0.06712
42	6	0.3171	0	0	-0.5625
42	6	0.06072	1	0	-0.1976
42	6	3.417	0	0	-0.6854
42	6	0.8188	1	0	-0.2622
42	6	0.3534	1	1	0.09495
42	6	0.6768	0	0	-0.3783
42	6	0.3806	0	0	-0.02476
42	6	0.286	1	0	0.03697
42	6	3.586	1	1	-0.3734
42	6	0.1322	0	0	-0.6004
42	6	0.2409	0	0	-0.5532
42	6	1.191	1	1	-0.2255
42	6	3.874	1	1	-0.4728
42	6	0.5034	0	1	0.1152
42	6	0.1616	1	1	0.1238
42	6	0.2868	0	0	-0.6994
42	6	0.8681	0	0	-0.397
42	6	0.4047	1	1	-0.4948
42	6	0.3566	0	0	-0.4954
42	6	0.0242	0	0	-0.3606
42	6	0.05383	1	1	-2.408
42	6	0.177	0	0	0.1845
42	6	0.5668	1	1	0.005607
42	6	3.183	1	1	-0.7287
42	6	0.8481	1	1	0.05068
42	6	3.61	0	0	-0.2849
42	6	0.1925	1	0	0.3883
42	6	3.193	1	1	-0.4116
42	6	0.7559	1	1	0.3893
42	6	0.4526	0	0	0.3383
42	6	0.08465	0	0	0.5858
42	6	1.306	0	0	0.1467
42	6	0.09802	1	1	-0.05934
42	6	3.581	0	0	0.3607
42	6	0.001382	1	1	-0.2511
42	6	0.1534	0	1	1.202
42	6	0.8811	1	1	1.208
42	6	3.739	1	1	1.33
42	6	0.02067	0	1	3.03
42	6	1.046	1	0	0.08478
42	6	0.396	0	1	0.1018
42	6	0.9937	1	1	1.929
42	6	0.1257	1	0	-0.219
42	6	3.496	1	1	-0.1012
42	6	3.658	1	1	-3.134
42	6	0.3817	1	0	0.3813
43	6	0.8664	0	0	0.2695
43	6	0.03732	1	0	0.2798
43	6	0.3805	0	0	0.1904
43	6	3.621	1	1	-0.02996
43	6	0.001212	1	0	-0.8461
43	6	3.644	1	1	-0.2292
43	6	3.522	1	1	-0.2951
43	6	3.263	1	0	0.1089
43	6	0.8744	1	0	0.07103
43	6	0.3921	0	0	-0.1097
43	6	0.2183	0	0	0.1335
43	6	0.8838	0	0	0.2036
43	6	3.273	1	1	-2.225
43	6	0.3607	0	0	-0.3737
43	6	3.583	0	0	0.3105
43	6	0.3206	1	0	0.6541
43	6	0.2211	0	0	0.7079
43	6	0.2457	1	0	0.8832
43	6	1.033	1	0	-0.6555
43	6	0.5952	0	0	0.02398
43	6	0.7085	1	0	-0.4266
43	6	0.2341	0	0	0.5969
43	6	0.2069	0	0	-0.163
43	6	0.2184	1	0	-0.4272
43	6	0.4094	1	0	1.324
43	6	3.562	0	0	-0.06194
43	6	0.6453	0	0	-3.533
43	6	0.08984	0	0	-0.007435
43	6	3.249	0	0	0.1593
43	6	0.3172	0	0	-1.391
43	6	0.02151	0	1	-0.1337
43	6	0.1437	1	0	1.886
43	6	0.8401	1	0	-0.009571
43	6	0.02269	0	1	0.7628
43	6	0.6492	0	0	-0.1776
43	6	0.7306	1	1	-0.3645
43	6	1.114	1	0	0.8813
43	6	3.8	1	1	-0.2404
43	6	0.8635	1	1	-1.158
43	6	0.04493	1	0	-0.5676
43	6	0.3984	1	1	-0.7828
43	6	0.08319	1	1	1.179
43	6	3.904	1	1	1.522
43	6	0.1323	0	0	-0.005199
43	6	0.03702	0	1	1.675
43	6	0.7541	1	1	0.1694
43	6	0.08634	1	0	0.8623
43	6	0.4686	0	0	-1.116
43	6	0.4204	1	1	1.654
43	6	0.1268	1	0	-0.1813
44	6	3.646	1	1	-1.377
44	6	0.828	0	0	0.01351
44	6	0.08142	0	1	0.02142
44	6	0.2173	0	0	-0.6263
44	6	1.085	1	0	-0.8795
44	6	0.7437	0	0	-2.001
44	6	0.1836	0	0	-1.612
44	6	0.1529	0	0	-1.011
44	6	0.6298	0	0	0.9453
44	6	0.184	1	1	0.3025
44	6	0.07771	1	0	0.9466
44	6	0.2465	1	0	-0.3059
44	6	0.9589	0	1	0.09527
44	6	0.7584	1	1	-0.1459
44	6	3.222	0	0	-0.3785
44	6	0.4472	1	0	-0.3264
44	6	3.512	1	1	-0.1845
44	6	0.01033	0	0	-0.8909
44	6	0.3593	0	0	1.203
44	6	0.4645	0	0	-1.085
44	6	0.5227	0	0	-0.6102
44	6	1.022	0	1	0.5014
44	6	0.7466	1	0	-1.878
44	6	0.4724	1	1	-0.03563
44	6	0.5837	1	0	-0.6244
44	6	0.5477	1	1	-0.2032
44	6	0.1603	0	0	-1.022
44	6	0.7232	1	0	0.2945
44	6	0.574	1	1	0.1792
44	6	0.7683	1	1	-0.5066
44	6	3.294	0	0	0.16
44	6	0.128	1	0	0.8724
44	6	3.537	1	1	0.4067
44	6	0.1084	0	0	-1.677
44	6	0.4434	1	0	0.7523
44	6	3.72	0	0	-0.1896
44	6	0.1004	0	0	0.3927
44	6	3.745	1	1	-0.4165
44	6	3.482	0	0	-0.9566
44	6	0.3023	0	0	-1.441
44	6	0.08591	1	0	1.682
44	6	0.7026	0	1	0.5048
44	6	0.06836	1	1	0.5135
44	6	0.2901	0	0	-0.7999
44	6	0.3405	1	0	-0.01295
44	6	3.8	1	0	0.8288
44	6	0.1711	1	0	0.2128
44	6	0.1032	1	0	-0.4953
44	6	3.679	0	0	-0.2132
44	6	0.03855	1	0	-1.055
45	6	3.486	0	0	-0.2659
45	6	0.3913	1	0	-0.1489
45	6	0.6753	0	0	0.01624
45	6	0.3938	1	0	-0.04588
45	6	0.2565	0	0	-0.2575
45	6	0.129	0	1	-0.204
45	6	0.3727	0	0	-0.3785
45	6	0.1036	1	1	-0.3136
45	6	0.3197	1	0	-0.2507
45	6	0.4261	1	1	-0.6246
45	6	0.1778	1	0	0.1489
45	6	3.553	1	1	0.05558
45	6	0.4924	1	0	0.1032
45	6	0.0797	0	1	0.112
45	6	0.09684	0	0	-0.6064
45	6	0.679	0	1	-0.04518
45	6	3.492	1	1	0.001512
45	6	0.3678	0	0	-0.03526
45	6	0.687	1	1	-0.4105
45	6	3.688	0	0	-0.03781
45	6	4.216	0	0	1.25
45	6	0.3869	1	0	0.296
45	6	0.02504	0	0	-1.105
45	6	0.3824	0	0	1.507
45	6	0.8928	1	1	0.3413
45	6	0.07065	1	1	-0.5935
45	6	0.3984	0	0	-0.6848
45	6	0.7642	1	0	0.925
45	6	0.8267	0	0	0.3165
45	6	3.853	0	0	-0.3436
45	6	0.7712	1	0	-0.5513
45	6	0.9649	0	0	-0.1554
45	6	0.3191	1	1	0.1646
45	6	0.5089	0	0	0.04765
45	6	0.6056	1	0	-0.07569
45	6	0.06171	0	1	-0.8363
45	6	0.2665	0	1	-1.763
45	6	1.081	1	1	0.0128
45	6	3.529	1	1	-0.3658
45	6	3.742	0	0	0.1079
45	6	0.3663	0	1	0.06753
45	6	3.659	1	1	1.266
45	6	0.9478	1	0	0.4289
45	6	0.0007162	1	1	-0.3853
45	6	0.09056	0	0	0.2057
45	6	0.1899	1	0	0.9415
45	6	0.00195	0	0	-0.5167
45	6	3.545	0	0	-0.8725
45	6	0.2083	0	0	-5.995
45	6	1.125	1	0	-0.8205
46	6	0.7093	1	1	1.133
46	6	0.5248	0	0	1.654
46	6	0.7386	0	0	0.2375
46	6	3.894	0	0	-0.814
46	6	0.1628	0	0	-0.6573
46	6	0.07991	0	0	0.02779
46	6	0.4444	1	1	0.2522
46	6	0.1223	0	1	0.04313
46	6	0.9349	0	0	0.1085
46	6	0.7711	1	1	1.293
46	6	3.725	0	0	-1.558
46	6	0.01791	1	0	0.2864
46	6	3.333	1	1	1.621
46	6	0.2633	1	1	0.3032
46	6	1.103	1	1	-0.3118
46	6	0.9225	1	1	1.113
46	6	3.836	1	1	-2.733
46	6	0.7718	1	1	0.7162
46	6	3.792	0	0	0.8438
46	6	1.147	1	1	-0.02378
46	6	0.2272	1	1	-1.003
46	6	0.1903	1	1	-0.5843
46	6	0.797	1	1	1.258
46	6	0.0714	0	0	0.6831
46	6	3.708	1	1	0.3
46	6	0.3193	0	1	1.811
46	6	0.2978	1	0	1.027
46	6	0.4242	1	0	0.08568
46	6	3.546	0	0	0.3724
46	6	0.2621	0	1	1.678
46	6	0.9369	1	0	0.1489
46	6	0.442	0	1	0.5353
46	6	0.2263	0	1	0.607
46	6	0.6169	0	0	-0.3086
46	6	3.244	0	0	-0.8998
46	6	0.3383	1	0	1.784
46	6	3.775	1	1	-0.1955
46	6	0.922	1	1	0.8601
46	6	0.2639	0	0	-0.6367
46	6	0.4557	1	0	-0.9391
46	6	0.5014	0	1	1.092
46	6	0.5033	1	1	0.08186
46	6	0.04623	1	1	-0.3533
46	6	0.7505	1	1	0.4423
46	6	0.4858	1	0	-0.3556
46	6	0.9088	1	0	-0.4587
46	6	0.1026	1	0	1.302
46	6	0.3583	0	1	-0.7361
46	6	3.811	0	0	-1.173
46	6	0.2213	0	1	0.08149
47	6	3.731	1	1	-1.148
47	6	0.8121	0	1	0.02046
47	6	0.3886	1	1	-0.1665
47	6	0.4574	1	1	-0.5144
47	6	0.9687	1	1	-0.2307
47	6	0.7717	1	1	-0.01021
47	6	0.1483	0	1	-0.2347
47	6	0.5089	0	0	0.2111
47	6	3.659	1	1	-0.3076
47	6	0.5486	0	1	-0.7336
47	6	0.3633	0	1	-0.15
47	6	3.642	0	0	0.2963
47	6	0.8484	0	0	-5.611
47	6	0.0555	1	0	0.7155
47	6	3.722	0	0	-0.04727
47	6	0.7371	1	1	-0.2314
47	6	0.2636	0	1	-0.2117
47	6	0.6615	1	1	-0.6076
47	6	0.588	1	1	0.03065
47	6	3.715	1	1	-0.6515
47	6	0.0221	1	0	0.4423
47	6	0.4864	0	0	-0.3669
47	6	0.1451	1	0	0.1341
47	6	0.1037	0	0	0.1341
47	6	3.704	0	0	-0.02119
47	6	0.253	0	0	-0.2251
47	6	0.5103	0	0	-0.0341
47	6	3.736	0	0	0.5628
47	6	0.5423	1	1	0.09769
47	6	0.06071	1	0	-0.3816
47	6	0.004495	0	1	0.2761
47	6	0.1033	0	1	0.08479
47	6	0.3824	0	0	-0.4089
47	6	0.917	1	1	0.1628
47	6	0.331	1	1	-0.6293
47	6	3.479	1	1	0.08124
47	6	3.389	0	0	0.253
47	6	0.8516	1	1	-0.2248
47	6	0.7794	1	1	0.5017
47	6	0.2083	1	0	1.065
47	6	0.154	0	1	0.9039
47	6	1.122	0	0	-0.3249
47	6	0.1481	0	0	0.308
47	6	0.3589	0	1	-0.536
47	6	3.539	1	1	1.455
47	6	0.7505	0	0	-0.254
47	6	0.1421	0	1	-0.368
47	6	0.4233	1	1	-0.5172
47	6	0.5099	1	1	0.6753
47	6	0.5302	0	0	1.932
48	6	0.8814	0	1	0.8647
48	6	3.707	0	0	-0.927
48	6	0.8712	1	1	0.4629
48	6	0.9135	0	1	0.5895
48	6	3.664	1	1	0.6154
48	6	4.052	0	0	-0.6565
48	6	0.09758	0	0	-0.2298
48	6	1.131	1	1	-0.106
48	6	0.3193	1	0	-0.5235
48	6	0.5768	1	0	-0.2981
48	6	3.531	0	1	0.05879
48	6	1.182	0	0	0.3766
48	6	0.6158	1	1	0.07546
48	6	0.2732	1	1	0.2825
48	6	0.2452	0	0	1.16
48	6	0.3409	0	0	-2.434
48	6	3.588	1	1	-0.162
48	6	1.134	0	0	-0.1789
48	6	0.1598	1	1	-0.5681
48	6	0.4911	0	1	-0.309
48	6	3.888	1	1	-0.6159
48	6	0.05839	1	0	-1.258
48	6	0.2846	1	1	0.2068
48	6	0.2825	1	1	0.01769
48	6	0.97	1	0	0.9195
48	6	3.424	1	1	-1.105
48	6	0.6298	1	0	-0.6887
48	6	0.06407	0	1	0.503
48	6	0.124	1	0	0.3735
48	6	0.5165	1	1	-0.2211
48	6	0.5279	0	0	0.2751
48	6	0.2372	1	1	1.161
48	6	0.5785	0	0	-2.259
48	6	3.515	0	0	-0.7851
48	6	3.608	1	1	-0.4165
48	6	0.05347	1	0	-0.2201
48	6	0.6904	1	1	0.8406
48	6	0.1011	0	0	0.3088
48	6	0.1277	0	0	-0.7323
48	6	0.118	1	0	0.5632
48	6	0.4903	0	0	0.6834
48	6	0.07021	1	0	-0.2924
48	6	0.4998	1	1	1.07
48	6	0.9912	0	0	0.6927
48	6	3.275	1	1	-0.2053
48	6	0.004309	0	1	1.031
48	6	0.2377	0	0	-0.8549
48	6	0.4452	0	0	0.02792
48	6	0.06319	0	0	-0.1881
48	6	0.3851	0	0	-0.1996
49	6	0.3154	1	0	-0.2813
49	6	0.1631	1	1	0.5041
49	6	0.04117	0	0	-0.3874
49	6	0.0684	1	0	0.303
49	6	0.1053	1	1	0.6461
49	6	0.3392	1	1	0.8034
49	6	0.4983	1	1	0.01536
49	6	0.3123	0	1	0.683
49	6	3.854	0	0	0.8004
49	6	0.9807	0	0	0.5581
49	6	0.654	0	0	-1.673
49	6	1.042	0	1	1.612
49	6	0.4444	0	1	-0.3103
49	6	0.2312	1	0	0.5381
49	6	3.503	0	0	-0.1051
49	6	3.36	1	1	-0.1838
49	6	0.944	0	0	-1.676
49	6	0.1505	1	0	0.7794
49	6	0.04953	0	0	1.986
49	6	3.808	1	1	2.211
49	6	1.284	1	1	0.7851
49	6	3.831	1	1	1.128
49	6	0.7877	0	0	-0.365
49	6	0.5233	1	1	-1.578
49	6	0.3638	0	0	0.2233
49	6	0.6854	1	1	-0.06361
49	6	0.2731	0	1	-2.524
49	6	1.015	0	1	2.507
49	6	0.5417	0	1	1.956
49	6	3.761	1	1	0.7249
49	6	0.3132	0	1	0.3141
49	6	0.7774	0	0	2.748
49	6	0.1612	1	1	-0.8958
49	6	0.3021	1	1	-0.7649
49	6	0.03373	0	0	-2.041
49	6	0.08812	1	0	0.8973
49	6	1.171	0	0	0.002549
49	6	0.3001	0	0	1.066
49	6	3.621	1	1	0.4917
49	6	0.751	1	0	0.02899
49	6	0.3148	1	0	2.655
49	6	0.6799	1	1	1.433
49	6	3.38	1	1	-0.95
49	6	0.5301	0	0	-1.435
49	6	0.4099	0	1	1.83
49	6	0.3625	1	0	0.07876
49	6	3.431	0	0	-0.558
49	6	3.817	1	1	0.1845
49	6	0.607	0	0	-0.6833
49	6	0.1197	0	1	-1.569
