0	2	0.8936	0	1	1.048	1.169
0	2	5.776	0	0	-0.1279	-1.869
0	2	2.426	0	1	-1.16	2.044
0	2	5.323	1	1	0.5483	-1.784
0	2	0.1159	0	1	1.837	0.6607
0	2	5.553	0	0	0.6279	-1.82
0	2	0.2	1	1	-0.7254	0.5176
0	2	0.4859	1	1	0.9208	0.2897
0	2	0.8414	0	0	0.5524	0.008872
0	2	0.3104	0	1	0.4052	0.8387
0	2	0.9512	0	1	0.5827	1.065
0	2	0.4917	1	1	-1.497	0.2099
0	2	1.961	0	1	0.288	1.817
0	2	0.9412	0	1	-0.3416	1.164
0	2	0.1283	0	0	0.1337	0.4909
0	2	2.043	0	1	0.9196	1.787
0	2	1.463	1	1	0.7723	-0.3314
0	2	0.7688	1	1	-2.395	0.1079
0	2	0.8597	1	1	-1.95	0.03258
0	2	0.9369	1	1	1.022	0.03846
0	2	0.3663	1	0	0.02521	0.7591
0	2	0.6733	0	0	1.811	0.1833
0	2	1.822	1	1	1.186	-0.5563
0	2	1.818	0	0	-2.078	-0.5062
0	2	0.203	0	1	-1.796	0.4404
0	2	5.414	1	1	1.23	-1.803
0	2	0.3105	1	1	-1.041	0.3601
0	2	0.4159	0	1	0.3805	0.8168
0	2	1.93	1	1	-1.588	-0.6083
0	2	5.319	1	1	0.6275	-1.789
0	2	0.3026	1	1	-1.658	0.3805
0	2	5.326	1	1	0.9241	-1.801
0	2	0.7727	0	0	0.1341	0.1334
0	2	0.1525	0	0	-1.91	0.5137
0	2	0.288	1	1	0.9538	0.3725
0	2	1.815	0	0	0.855	-0.4732
0	2	1.657	0	1	-0.1207	1.485
0	2	0.6414	0	1	-1.001	0.9627
0	2	5.33	0	0	-1.212	-1.789
0	2	0.09098	1	0	0.2242	0.6596
0	2	1.904	1	1	0.003385	-0.5751
0	2	0.2994	0	1	0.09319	0.7387
0	2	0.8859	1	1	-2.189	0.09498
0	2	0.1959	1	0	-2.547	0.7063
0	2	0.09067	0	1	-4.46	0.7034
0	2	5.461	1	1	-1.219	-1.826
0	2	0.2269	1	1	-0.367	0.4548
0	2	0.04766	1	0	-1.863	0.5564
0	2	5.299	0	0	-0.02629	-1.792
0	2	5.324	0	0	-1.532	-1.79
1	2	0.4877	0	0	0.2102	0.276
1	2	1.811	0	1	1.478	1.66
1	2	1.28	0	0	1.553	-0.1521
1	2	1.06	1	1	-1.274	-0.03756
1	2	5.402	1	1	0.8612	-1.807
1	2	0.5365	1	0	-0.3315	0.8917
1	2	5.485	1	1	-0.7351	-1.826
1	2	0.1962	1	1	1.881	0.4639
1	2	5.34	1	1	-0.4927	-1.787
1	2	1.823	1	1	-3.084	-0.5425
1	2	1.058	0	0	0.1144	-0.04628
1	2	1.95	1	1	-3.254	-0.521
1	2	0.777	0	0	-1.673	0.07323
1	2	0.7606	1	0	-0.6499	1.047
1	2	0.2385	0	1	-1.881	0.8072
1	2	1.501	1	1	-0.1626	-0.2522
1	2	0.4578	0	1	-0.5918	0.8218
1	2	5.299	0	0	-0.1162	-1.794
1	2	1.854	1	1	-1.879	-0.5654
1	2	0.3298	1	0	0.7207	0.7205
1	2	0.9103	0	0	-0.02102	0.009641
1	2	0.9263	0	1	-2.658	1.228
1	2	5.456	0	0	0.5494	-1.816
1	2	0.2953	1	1	0.8742	0.4262
1	2	0.2682	1	1	-0.2845	0.3244
1	2	1.887	0	1	0.6345	1.785
1	2	0.6408	1	1	-2.041	0.2543
1	2	1.381	1	0	0.8643	1.348
1	2	1.681	1	1	1.531	-0.4232
1	2	0.1741	0	1	-1.56	0.5973
1	2	0.4805	0	0	0.04695	0.3721
1	2	5.507	1	1	0.434	-1.821
1	2	0.1044	0	1	-1.354	0.4399
1	2	0.7342	1	1	-0.326	0.1004
1	2	0.5982	1	1	-0.9219	0.2496
1	2	0.7447	0	0	1.473	0.1465
1	2	1.573	0	0	0.05576	-0.263
1	2	0.3512	0	1	0.5665	0.7475
1	2	1.92	1	1	0.1674	-0.5782
1	2	0.2205	0	0	0.811	0.4464
1	2	0.1683	0	1	0.8506	0.628
1	2	0.6375	0	0	-0.6717	0.1851
1	2	5.408	0	0	-0.4225	-1.818
1	2	5.594	0	0	-0.6791	-1.832
1	2	5.024	1	1	0.09034	-1.749
1	2	0.3495	0	1	-0.07828	0.8183
1	2	0.5404	0	1	-0.8157	0.942
1	2	5.6	0	0	-0.05992	-1.823
1	2	0.9009	1	0	1.96	1.148
1	2	0.1126	1	1	-0.3507	0.4858
2	2	0.8644	0	0	0.9133	0.07113
2	2	0.4626	0	0	1.179	0.2907
2	2	1.947	0	0	-0.1833	-0.5785
2	2	0.9554	1	1	0.0518	0.01501
2	2	0.3508	0	1	0.5283	0.7847
2	2	0.4047	1	1	-0.08492	0.3123
2	2	5.297	0	0	-0.757	-1.78
2	2	1.81	1	1	0.5486	-0.5023
2	2	0.9304	1	1	0.4478	0.05278
2	2	0.739	0	0	-0.2191	0.1452
2	2	0.3036	0	0	-0.1124	0.4116
2	2	1.068	1	1	-1.213	0.0153
2	2	5.402	1	1	1.143	-1.808
2	2	0.04559	1	1	-1.632	0.5507
2	2	0.4056	0	1	0.1186	0.8297
2	2	1.882	1	0	-0.2581	1.603
2	2	5.336	1	1	0.7655	-1.795
2	2	1.121	0	1	0.2494	1.234
2	2	0.3304	1	1	-1.083	0.3896
2	2	0.4418	0	0	2.156	0.3087
2	2	1.778	0	0	0.1988	-0.5061
2	2	0.2733	1	0	-0.6403	0.6739
2	2	0.1813	0	1	-1.083	0.639
2	2	0.4296	0	1	-0.4993	0.806
2	2	0.2862	1	1	0.002464	0.4207
2	2	0.9506	0	1	0.143	1.063
2	2	0.8199	1	0	-0.4057	1.065
2	2	5.424	1	1	1.527	-1.805
2	2	1.643	1	0	1.266	1.631
2	2	5.297	0	0	-1.937	-1.787
2	2	0.2961	1	1	2.574	0.4046
2	2	5.178	1	1	0.1261	-1.764
2	2	2.012	1	1	-0.636	-0.6088
2	2	0.8818	0	1	-0.8601	1.191
2	2	0.9149	0	1	-0.9471	1.18
2	2	1.574	0	0	0.08004	-0.3503
2	2	0.4165	0	1	0.9867	0.8306
2	2	5.365	0	0	0.02367	-1.814
2	2	0.2257	0	1	-0.3649	0.7534
2	2	0.3244	0	0	0.09021	0.4365
2	2	1.541	1	1	-0.4812	-0.3659
2	2	5.705	1	1	-0.5179	-1.852
2	2	0.6083	0	1	-0.9636	0.8484
2	2	1.554	1	1	1.56	-0.3482
2	2	0.2805	0	1	-2.599	0.6885
2	2	1.956	1	1	0.5968	-0.6189
2	2	0.4264	1	1	-1.73	0.3559
2	2	5.428	1	1	-1.044	-1.813
2	2	5.631	1	1	1.002	-1.844
2	2	0.4993	1	1	-1.092	0.2896
3	2	1.789	0	0	0.8873	-0.4636
3	2	0.04679	0	1	0.9445	0.6398
3	2	1.033	0	0	-0.3317	-0.005612
3	2	5.284	1	1	-0.6292	-1.805
3	2	0.02901	1	1	0.486	0.5513
3	2	5.402	1	1	-0.7688	-1.8
3	2	5.675	1	1	0.6682	-1.848
3	2	5.007	1	1	-1.216	-1.749
3	2	2.066	1	1	-1.203	-0.6472
3	2	0.8927	0	0	0.09465	0.005428
3	2	0.4006	0	1	-0.5986	0.7538
3	2	1.793	0	0	-2.187	-0.4812
3	2	5.345	1	1	-0.09932	-1.794
3	2	0.4324	0	1	0.74	0.7765
3	2	5.177	0	0	-0.8057	-1.768
3	2	0.4644	1	1	0.7941	0.317
3	2	1.255	0	1	-0.5484	1.256
3	2	0.4432	0	0	0.4784	0.3011
3	2	1.716	1	1	0.4747	-0.4336
3	2	1.887	0	1	-0.2067	1.742
3	2	1.647	1	0	-0.1844	1.496
3	2	0.6584	0	0	-1.736	0.1591
3	2	0.1053	0	0	-1.04	0.6039
3	2	0.2868	1	0	-1.749	0.7257
3	2	0.04764	1	1	0.2233	0.5202
3	2	5.361	0	0	-0.3398	-1.793
3	2	1.055	0	1	-2.076	1.353
3	2	1.16	0	1	2.33	1.219
3	2	5.569	0	0	-0.3001	-1.834
3	2	0.5234	0	0	-0.352	0.259
3	2	0.2324	1	0	0.9134	0.7507
3	2	0.203	1	1	0.2298	0.3979
3	2	1.89	1	1	0.3603	-0.5297
3	2	0.1452	1	1	-0.4281	0.5115
3	2	0.8301	0	0	0.279	0.01606
3	2	0.3485	1	1	0.4751	0.3328
3	2	1.734	1	1	0.7253	-0.4454
3	2	5.057	1	1	-3.27	-1.742
3	2	1.894	1	1	0.5848	-0.544
3	2	0.6877	0	1	1	0.9592
3	2	0.1553	1	0	-0.6565	0.6754
3	2	0.7592	1	1	0.1958	0.09614
3	2	5.795	1	1	0.1322	-1.856
3	2	0.0549	1	0	0.2382	0.5713
3	2	0.6588	0	0	-0.4897	0.1772
3	2	1.858	1	0	-0.2393	1.794
3	2	0.008557	1	0	0.02019	0.5872
3	2	0.64	0	1	-1.28	0.8562
3	2	0.8789	1	0	-0.5157	1.196
3	2	0.344	0	1	-1.35	0.8329
4	2	5.556	1	1	1.852	-1.818
4	2	1.856	0	0	-0.6588	-0.5368
4	2	0.8761	0	0	1.265	0.06077
4	2	0.6098	0	0	-0.2468	0.2569
4	2	2.005	1	0	1.269	1.753
4	2	1.743	0	0	-0.1111	-0.4432
4	2	0.07169	0	1	0.9519	0.5856
4	2	0.4714	0	1	-1.687	0.8836
4	2	1.593	0	0	-0.1921	-0.3432
4	2	0.3232	1	0	0.3511	0.7878
4	2	0.5865	1	0	0.6472	0.9929
4	2	0.2469	1	0	-0.8398	0.8263
4	2	2.164	0	1	0.867	1.895
4	2	0.9565	1	1	-2.183	0.08097
4	2	5.331	0	0	0.4049	-1.817
4	2	1.282	1	0	-0.6181	1.442
4	2	5.556	1	1	0.7103	-1.845
4	2	0.221	1	0	-0.3672	0.7242
4	2	0.5354	0	1	0.3508	0.8348
4	2	0.7765	0	0	0.09085	0.1106
4	2	1.538	0	0	0.1628	-0.3444
4	2	1.805	0	0	0.1413	-0.4959
4	2	1.836	1	0	0.7404	1.631
4	2	0.31	1	0	1.496	0.7259
4	2	1.711	1	1	-1.056	-0.4529
4	2	0.9014	1	1	-0.6643	0.02336
4	2	0.8353	0	0	-0.8221	0.04446
4	2	0.76	1	0	1.977	1.06
4	2	0.7172	1	0	-0.07176	0.9306
4	2	1.878	1	1	-0.9218	-0.4978
4	2	5.53	0	0	-0.6308	-1.832
4	2	0.5781	0	0	0.7039	0.1882
4	2	5.413	1	1	-0.5563	-1.821
4	2	0.8157	0	0	-0.1543	0.09342
4	2	0.4541	1	1	0.3944	0.3195
4	2	5.347	0	0	2.139	-1.801
4	2	0.3244	0	0	-0.5087	0.4192
4	2	5.567	1	1	-0.4988	-1.822
4	2	4.786	0	0	0.2268	-1.693
4	2	0.1357	0	1	-0.6744	0.6179
4	2	0.538	1	0	-0.1947	0.9943
4	2	0.6786	0	1	0.7454	0.9973
4	2	0.442	0	1	0.2039	0.8358
4	2	0.6785	0	0	-1.522	0.1263
4	2	1.115	1	1	0.6625	-0.1096
4	2	5.07	1	1	-0.3368	-1.756
4	2	0.5901	1	0	-0.1287	1.05
4	2	0.3238	1	1	1.076	0.3861
4	2	5.661	0	0	-0.432	-1.833
4	2	0.1991	1	0	0.5793	0.6957
5	2	5.536	0	0	-1.24	-1.825
5	2	1.325	1	1	1.288	-0.2573
5	2	0.7089	0	1	1.086	0.972
5	2	0.9696	1	1	0.4006	-0.01259
5	2	0.5557	0	0	1.658	0.2448
5	2	0.4681	0	0	0.7968	0.2962
5	2	2.14	0	0	-0.6051	-0.68
5	2	0.1023	1	1	-1.032	0.4739
5	2	0.7884	1	1	0.3284	0.1397
5	2	0.02644	1	1	-0.3824	0.6178
5	2	0.4745	1	0	-0.3861	0.8229
5	2	5.454	1	1	0.3739	-1.813
5	2	0.6786	1	1	-0.7205	0.2098
5	2	0.9328	0	0	1.319	0.005482
5	2	0.4977	0	0	-0.0789	0.2713
5	2	1.781	0	0	-0.1566	-0.4621
5	2	5.381	1	1	-0.4286	-1.801
5	2	0.731	0	0	0.3904	0.1615
5	2	0.4576	1	0	-0.4565	0.9371
5	2	5.111	0	0	0.8517	-1.754
5	2	5.378	0	0	-0.65	-1.786
5	2	0.06624	1	0	0.3204	0.6941
5	2	0.2078	0	0	-1.318	0.5273
5	2	0.5132	0	0	0.4046	0.2977
5	2	1.807	1	0	-0.6436	1.706
5	2	0.05291	0	0	-0.07159	0.5849
5	2	0.8116	0	0	-0.7945	0.1333
5	2	1.687	1	1	0.01172	-0.4374
5	2	1.713	0	0	-1.51	-0.4326
5	2	5.174	0	0	0.3082	-1.761
5	2	2.07	1	1	1.892	-0.5964
5	2	1.904	0	0	0.7992	-0.5827
5	2	1.226	1	1	-0.4225	-0.1106
5	2	1.513	0	0	-2.782	-0.3396
5	2	0.2618	1	1	2.211	0.4582
5	2	0.3369	1	0	-0.5844	0.7779
5	2	0.3416	0	1	-0.3991	0.7856
5	2	1.866	1	1	-0.4333	-0.5425
5	2	5.289	1	1	-1.948	-1.793
5	2	5.529	0	0	0.4091	-1.818
5	2	0.7847	0	1	0.3601	1.133
5	2	5.399	1	1	1.406	-1.807
5	2	0.8735	1	1	-1.385	0.1026
5	2	1.087	1	0	0.8203	1.197
5	2	0.007072	1	0	-0.5362	0.5511
5	2	0.2623	1	0	1.738	0.8377
5	2	0.1649	1	1	2.348	0.559
5	2	5.748	0	0	-0.9904	-1.857
5	2	0.7551	0	0	-0.204	0.1476
5	2	1.699	1	1	0.5493	-0.4755
6	2	2.039	1	1	0.5024	-0.5851
6	2	1.197	0	0	-2.933	-0.1504
6	2	0.8253	0	1	1.254	1.088
6	2	5.513	0	0	0.3199	-1.814
6	2	0.3494	0	1	-0.09129	0.7818
6	2	0.5551	0	0	0.5956	0.2706
6	2	0.4001	0	0	0.9229	0.3687
6	2	0.3349	0	1	-0.3554	0.7968
6	2	1.76	0	0	-0.5939	-0.5416
6	2	1.744	1	1	-1.229	-0.4037
6	2	5.287	0	0	0.01586	-1.789
6	2	0.1152	0	0	-1.419	0.5155
6	2	5.526	1	1	0.09286	-1.82
6	2	0.4374	1	1	0.4929	0.346
6	2	1.745	1	1	-0.6302	-0.4914
6	2	1.914	1	1	-0.7773	-0.555
6	2	5.283	1	1	1.151	-1.798
6	2	1.889	1	1	1.54	-0.5272
6	2	5.341	0	0	-0.8942	-1.796
6	2	2.042	1	0	1.567	1.844
6	2	0.09039	1	1	-0.3517	0.4892
6	2	0.5613	1	1	0.1489	0.1805
6	2	1.036	1	1	-1.528	0.001895
6	2	0.06788	0	0	1.275	0.5462
6	2	5.282	1	1	-2.163	-1.778
6	2	0.03285	1	0	0.6994	0.5192
6	2	0.06484	1	0	0.5689	0.5511
6	2	0.8968	1	0	1.129	1.058
6	2	5.719	0	0	-0.1849	-1.836
6	2	0.6222	0	0	1.008	0.2523
6	2	0.8842	1	1	-1.147	0.08217
6	2	0.6924	0	0	0.02305	0.194
6	2	0.1388	0	1	1.255	0.6771
6	2	0.4361	0	0	-0.2153	0.2868
6	2	5.217	0	0	-0.2554	-1.774
6	2	0.007154	0	0	0.5524	0.4531
6	2	5.309	1	1	-0.6068	-1.806
6	2	0.622	1	0	-0.2136	0.991
6	2	0.3474	0	0	-0.4512	0.3555
6	2	1.195	1	1	0.6148	-0.1729
6	2	1.175	0	0	-0.117	-0.06945
6	2	1.828	1	1	1.808	-0.54
6	2	0.2761	1	1	0.8563	0.4068
6	2	0.5968	1	1	0.8972	0.2506
6	2	1.699	1	0	0.4797	1.7
6	2	1.503	1	1	-0.2198	-0.3569
6	2	0.2267	0	0	1.692	0.462
6	2	0.05104	0	0	0.2927	0.5521
6	2	5.343	0	0	0.4877	-1.802
6	2	0.5073	0	0	0.9365	0.3031
7	2	5.453	1	0	1.487	3.452
7	2	1.853	0	0	-0.09603	-0.4895
7	2	1.314	1	1	0.2061	-0.1927
7	2	0.7884	1	1	-1.974	0.1202
7	2	2.136	1	1	0.1978	-0.6846
7	2	0.4157	1	1	1.89	0.3872
7	2	0.1294	1	0	2.293	0.5959
7	2	0.7252	0	1	-0.1086	1.022
7	2	5.353	1	1	0.8543	-1.807
7	2	0.1036	0	1	-0.4556	0.6705
7	2	0.07754	0	1	0.3191	0.5811
7	2	5.548	0	0	-0.3463	-1.845
7	2	1.838	0	0	-1.063	-0.5003
7	2	0.07307	1	0	1.664	0.5616
7	2	5.589	0	0	0.2392	-1.851
7	2	1.72	1	0	-0.7784	1.54
7	2	0.7375	0	0	1.881	0.2297
7	2	1.503	1	0	-0.314	1.6
7	2	1.301	1	0	0.4661	1.392
7	2	5.594	1	1	-3.547	-1.83
7	2	0.7702	1	0	0.7522	1.13
7	2	0.4308	0	1	-0.6929	0.8671
7	2	0.09969	0	1	-1.934	0.6368
7	2	0.06083	0	0	0.9596	0.5537
7	2	5.257	0	0	-1.538	-1.801
7	2	0.6271	0	1	1.552	0.9835
7	2	0.9135	0	0	1.148	0.009762
7	2	5.648	0	0	0.137	-1.844
7	2	0.3687	1	0	0.8253	0.828
7	2	0.4501	1	1	-1.111	0.2532
7	2	0.5765	0	1	2.719	0.9395
7	2	0.6044	1	0	-1.611	1.02
7	2	1.226	0	1	-0.5412	1.343
7	2	1.695	1	1	-0.6243	-0.4451
7	2	0.3515	1	1	1.266	0.4071
7	2	5.458	1	1	-0.369	-1.802
7	2	5.203	0	0	-0.7744	-1.785
7	2	1.893	1	1	0.3235	-0.5302
7	2	2.031	1	1	-0.5398	-0.6392
7	2	0.203	1	1	-1.526	0.4596
7	2	0.101	0	1	2.107	0.5883
7	2	1.659	0	0	-1.53	-0.4164
7	2	0.1321	1	1	1.641	0.7032
7	2	0.5729	0	1	0.2908	0.9938
7	2	5.192	1	1	-0.5574	-1.742
7	2	1.123	0	0	-0.4038	-0.03984
7	2	0.4602	0	0	0.307	0.3981
7	2	0.6434	1	1	1.135	0.1311
7	2	0.448	1	1	-0.5197	0.2659
7	2	0.7639	0	1	1.188	1.105
8	2	1.84	0	0	-0.1903	-0.5338
8	2	5.455	0	0	0.5273	-1.797
8	2	1.685	1	1	1.419	-0.4314
8	2	0.7556	0	1	1.363	1.13
8	2	5.175	1	1	-0.06829	-1.769
8	2	5.64	0	0	1.035	-1.833
8	2	0.4038	0	0	-2.209	0.3461
8	2	2.412	1	1	-0.7037	-0.7821
8	2	0.5113	1	1	0.8082	0.2211
8	2	0.9108	1	1	0.2483	0.03899
8	2	5.383	0	0	-1.355	-1.813
8	2	1.979	0	0	-1.362	-0.6119
8	2	0.5788	1	1	0.7642	0.237
8	2	1.089	1	0	-0.7934	1.227
8	2	0.03173	0	0	-0.55	0.6897
8	2	0.05199	0	0	-1.453	0.5726
8	2	5.424	1	1	-0.5177	-1.802
8	2	1.65	0	0	-1.38	-0.384
8	2	0.3756	0	0	-0.7679	0.3477
8	2	1.834	0	0	-0.959	-0.5343
8	2	5.539	1	1	-0.5342	-1.82
8	2	0.7312	1	1	-0.2683	0.178
8	2	0.3828	1	1	1.071	0.3321
8	2	0.08885	1	0	0.9494	0.6801
8	2	1.736	1	1	1.302	-0.4539
8	2	5.521	1	1	-1.671	-1.825
8	2	0.9558	1	1	-0.424	-0.01981
8	2	0.139	1	1	-0.1769	0.6772
8	2	0.3792	1	0	-0.9012	0.7971
8	2	0.4219	1	0	1.282	0.78
8	2	0.9997	0	0	0.1514	-0.04476
8	2	0.6691	1	1	-1.009	0.1977
8	2	1.937	0	0	-0.8311	-0.5521
8	2	5.428	0	0	-1.113	-1.816
8	2	5.236	1	1	-0.381	-1.77
8	2	0.8795	1	1	-0.3405	0.0683
8	2	0.9701	1	0	0.2884	1.25
8	2	0.2178	0	1	0.1279	0.4172
8	2	0.5925	0	0	-0.5115	0.2955
8	2	0.6682	1	0	0.8548	0.952
8	2	1.883	0	0	-0.2756	-0.5743
8	2	0.2615	0	0	0.4129	0.3993
8	2	0.5863	1	1	-0.04476	0.1892
8	2	1.686	0	0	0.2276	-0.3983
8	2	5.119	1	1	0.2201	-1.737
8	2	0.546	0	1	-1.439	0.9008
8	2	0.6281	0	0	-0.9027	0.17
8	2	0.7112	0	1	0.004619	1.054
8	2	0.978	0	1	1.414	1.152
8	2	0.1942	0	0	-1.232	0.4595
9	2	0.5706	1	0	1.955	0.983
9	2	0.2815	1	0	2.106	0.6537
9	2	0.3876	0	1	-0.454	0.7708
9	2	0.1087	1	0	0.1526	0.6866
9	2	0.3283	1	1	2.443	0.3473
9	2	0.04338	1	0	1.683	0.4922
9	2	0.9505	1	1	1.19	-0.009759
9	2	0.7001	0	1	-0.2441	1.081
9	2	5.096	0	0	-0.6207	-1.763
9	2	2.064	0	0	-0.988	-0.6128
9	2	0.6559	0	0	0.6958	0.2194
9	2	1.606	0	0	1.145	-0.3878
9	2	0.6998	0	1	-0.1126	1.106
9	2	0.3451	1	0	0.2193	0.8228
9	2	5.832	0	0	0.04669	-1.869
9	2	5.091	1	1	-0.8406	-1.751
9	2	1.742	0	0	-2.031	-0.4658
9	2	0.2587	1	1	-0.981	0.4022
9	2	0.2934	1	0	0.2933	0.7392
9	2	5.443	1	1	0.9138	-1.826
9	2	2.136	1	1	-0.954	-0.7238
9	2	5.633	1	1	-0.3594	-1.829
9	2	0.571	0	0	1.373	0.2561
9	2	0.8845	1	0	-0.1072	1.151
9	2	0.6115	1	0	-0.0879	0.861
9	2	1.498	1	1	1.789	-0.309
9	2	0.6978	0	0	-0.8538	0.1311
9	2	2.03	0	0	0.5501	-0.6184
9	2	1.359	0	0	-0.1616	-0.2385
9	2	5.462	1	1	0.1073	-1.809
9	2	0.04761	0	1	0.2667	0.6547
9	2	1.682	0	1	1.511	1.5
9	2	0.4539	0	0	1.286	0.3706
9	2	0.1939	1	0	-0.6304	0.6451
9	2	0.4434	0	0	1.38	0.3163
9	2	0.2182	1	1	0.6309	0.4611
9	2	1.642	0	0	-0.3891	-0.4021
9	2	0.7137	0	1	1.196	1.076
9	2	5.407	1	1	0.945	-1.812
9	2	1.659	1	1	-1.149	-0.3907
9	2	1.297	1	0	-0.6327	1.35
9	2	1.565	1	1	-1.183	-0.3608
9	2	5.268	1	1	0.1569	-1.794
9	2	0.5786	0	1	-1.446	0.918
9	2	1.039	0	0	1.164	0.0002267
9	2	0.463	1	1	-1.163	0.2941
9	2	5.505	0	0	-0.6897	-1.819
9	2	5.246	1	1	0.348	-1.794
9	2	0.3803	0	0	0.487	0.3634
9	2	0.1572	0	0	2.496	0.5352
10	3	0.8735	1	0	0.811	1.13
10	3	5.786	0	0	0.08436	-1.862
10	3	1.063	1	1	-0.3685	-0.03009
10	3	0.1702	0	1	1.099	0.6728
10	3	0.196	0	0	-1.019	0.6438
10	3	5.31	1	1	-1.545	-1.798
10	3	0.1529	1	0	-0.3256	0.693
10	3	0.3497	1	1	-0.7867	0.386
10	3	0.992	1	1	1.472	0.02892
10	3	0.6703	1	1	0.8014	0.171
10	3	0.8262	1	1	0.4885	0.08425
10	3	1.641	0	0	0.004676	-0.3966
10	3	1.833	1	1	0.1719	-0.5252
10	3	5.426	0	0	-0.4723	-1.804
10	3	0.05471	1	0	-0.7864	0.5688
10	3	0.2317	0	1	-0.5682	0.7982
10	3	0.5583	0	0	-1.084	0.2682
10	3	0.1129	0	0	-0.7162	0.5197
10	3	0.05774	1	0	1.061	0.5216
10	3	5.545	1	1	-0.3243	-1.835
10	3	1.744	0	0	0.3093	-0.4385
10	3	0.3232	1	0	-0.3822	0.7085
10	3	4.874	0	0	-0.633	-1.722
10	3	1.486	1	1	1.768	-0.3394
10	3	5.613	1	1	0.4687	-1.83
10	3	0.774	0	1	0.6694	1.009
10	3	0.3987	0	0	-1.244	0.3587
10	3	0.688	0	1	-1.459	1.05
10	3	0.4782	1	1	-0.6928	0.3117
10	3	0.3558	1	1	0.2427	0.3953
10	3	0.7789	1	0	0.02355	1.119
10	3	0.387	1	1	0.02562	0.3233
10	3	0.909	1	0	-3.017	1.015
10	3	0.6357	1	0	-2.853	0.9379
10	3	0.8621	0	0	1.639	0.07102
10	3	1.268	0	1	-0.1129	1.264
10	3	5.613	0	0	0.07909	-1.835
10	3	5.33	1	1	-1.438	-1.78
10	3	0.5279	0	0	-0.04978	0.2695
10	3	1.706	0	0	0.1772	-0.444
10	3	1.753	0	0	0.04226	-0.4642
10	3	1.68	1	1	0.5244	-0.4128
10	3	1.818	0	0	-1.975	-0.5402
10	3	5.555	0	0	0.02161	-1.844
10	3	1.639	1	0	-1.837	1.612
10	3	0.07463	0	1	0.4212	0.6156
10	3	5.232	0	0	-0.03708	-1.788
10	3	0.1891	0	0	0.04347	0.5003
10	3	0.8207	1	1	0.2187	0.1974
10	3	1.676	0	1	1.992	1.703
11	3	5.349	0	0	-0.5446	-1.8
11	3	0.8189	0	0	0.5778	0.09856
11	3	0.2977	1	1	0.8123	0.3965
11	3	0.7709	1	1	1.244	0.149
11	3	0.7869	0	0	0.1885	0.1526
11	3	5.159	1	1	0.7323	-1.756
11	3	5.426	0	0	0.02209	-1.815
11	3	1.885	0	1	0.8507	1.716
11	3	0.6501	1	1	0.5059	0.1507
11	3	0.3226	1	0	0.5384	0.7087
11	3	0.9026	1	1	1.602	0.07382
11	3	0.8446	1	1	0.1936	0.008785
11	3	0.7662	0	1	-0.06669	1.041
11	3	1.063	1	1	0.4921	-0.03611
11	3	5.414	0	0	-0.3196	-1.817
11	3	1.993	0	0	0.1859	-0.6345
11	3	0.5621	1	0	1.292	0.889
11	3	1.018	0	1	0.7649	1.201
11	3	0.4905	0	1	0.6518	0.9174
11	3	2.198	0	0	-0.4186	-0.7277
11	3	5.222	0	0	-0.8421	-1.783
11	3	0.5591	0	1	-0.7199	0.985
11	3	1.924	1	1	-0.3807	-0.5799
11	3	1.245	1	1	-0.936	-0.1913
11	3	0.1568	0	1	-0.1087	0.6844
11	3	5.288	1	1	-0.549	-1.788
11	3	0.08655	0	1	-1.317	0.561
11	3	0.1986	1	0	-0.374	0.7421
11	3	5.544	1	1	-0.09616	-1.835
11	3	1.73	1	0	-0.2162	1.641
11	3	5.538	1	1	-0.4092	-1.826
11	3	1.763	1	1	-0.6153	-0.4259
11	3	0.5301	0	0	1.163	0.3101
11	3	1.12	0	0	-0.5233	-0.0874
11	3	0.1818	1	1	0.4197	0.4566
11	3	1.796	1	1	-0.2813	-0.5624
11	3	0.1229	1	0	0.2701	0.6946
11	3	0.21	1	0	-0.8635	0.7214
11	3	0.2325	1	0	-0.7616	0.6568
11	3	0.05208	0	0	-0.7584	0.5601
11	3	1.042	0	1	0.2086	1.211
11	3	0.3333	0	0	-0.7515	0.3866
11	3	1.885	0	0	2.645	-0.5711
11	3	1.886	0	0	0.2265	-0.5769
11	3	0.6942	0	0	2.002	0.1853
11	3	5.057	0	0	1.232	-1.736
11	3	1.984	1	1	-0.21	-0.5614
11	3	0.2423	1	1	0.9765	0.4
11	3	5.571	0	0	-0.2616	-1.827
11	3	0.9404	1	1	2.133	0.01263
12	3	1.866	1	0	2.984	1.563
12	3	0.8366	1	1	0.5687	0.1273
12	3	5.263	1	1	-2.012	-1.778
12	3	1.111	1	0	1.227	1.167
12	3	0.784	1	1	0.5561	0.1365
12	3	1.694	0	0	2.466	-0.3976
12	3	5.683	1	1	-1.567	-1.853
12	3	0.81	1	1	-0.7043	0.1434
12	3	5.259	1	1	0.3471	-1.789
12	3	0.4312	1	1	0.2993	0.3252
12	3	0.7025	0	1	-1.115	1.064
12	3	0.6721	1	1	0.3749	0.2142
12	3	0.3722	0	0	-0.05529	0.331
12	3	0.1956	0	1	0.2984	0.6894
12	3	1.026	0	1	-1.241	1.201
12	3	0.4032	0	1	-1.242	0.898
12	3	0.08077	1	1	-3.28	0.5142
12	3	0.3389	0	1	0.8098	0.747
12	3	0.2776	0	0	1.142	0.3926
12	3	0.4429	0	0	0.166	0.2744
12	3	0.1944	0	0	1.164	0.4492
12	3	1.882	0	1	0.4837	1.65
12	3	5.426	0	0	-0.9972	-1.814
12	3	1.825	0	0	-0.3213	-0.5116
12	3	5.505	0	0	-2.117	-1.832
12	3	0.7957	0	1	0.7431	1.127
12	3	0.7599	1	1	0.5922	0.1783
12	3	1.731	1	1	-1.259	-0.441
12	3	0.01145	0	0	1.095	0.5087
12	3	0.5348	1	1	0.2205	0.3042
12	3	0.6454	0	1	-0.3518	1.001
12	3	5.396	1	1	1.672	-1.808
12	3	0.08998	1	1	-1.679	0.5207
12	3	0.1676	0	0	0.4625	0.548
12	3	5.539	0	0	0.00817	-1.821
12	3	1.71	1	1	-0.5908	-0.4482
12	3	0.3303	0	1	1.559	0.6512
12	3	2.088	0	0	0.45	-0.6057
12	3	2.057	1	1	0.06668	-0.6369
12	3	5.37	1	1	0.559	-1.792
12	3	0.6849	1	0	0.3691	0.9432
12	3	0.1283	1	0	-0.9873	0.5833
12	3	0.2801	0	0	1.058	0.4393
12	3	0.1451	1	1	-0.6999	0.5311
12	3	5.277	1	1	-0.1615	-1.779
12	3	5.667	1	1	-0.04483	-1.846
12	3	0.4299	0	1	1.711	0.9049
12	3	0.493	0	0	1.216	0.3197
12	3	1.615	0	0	0.4127	-0.4051
12	3	1.477	1	0	1.121	1.646
13	3	0.2801	0	0	1.865	0.3512
13	3	0.2756	0	1	-0.6483	0.7976
13	3	1.988	0	0	-0.9739	-0.6038
13	3	1.096	1	1	0.8309	-0.08747
13	3	0.5675	1	0	0.5702	0.9991
13	3	2.07	0	1	-0.1434	2.023
13	3	1.757	0	0	0.06955	-0.4966
13	3	1.945	0	0	-1.648	-0.5549
13	3	0.911	0	0	0.9847	0.02534
13	3	1.186	1	1	0.8357	-0.1201
13	3	0.527	0	1	-0.1884	0.9642
13	3	0.1921	0	1	-0.2882	0.6304
13	3	0.7031	0	1	-0.563	0.9766
13	3	5.151	1	1	-0.6685	-1.763
13	3	1.892	1	1	1.024	-0.5117
13	3	0.4035	0	0	-1.443	0.3375
13	3	0.7995	0	1	0.5709	1.008
13	3	0.4789	0	1	-0.8043	0.8892
13	3	0.4959	0	1	-1.496	0.8395
13	3	0.1878	0	0	-0.6245	0.6539
13	3	0.9844	0	1	0.1051	1.201
13	3	0.5671	1	0	-1.142	0.9352
13	3	5.472	0	0	1.608	-1.824
13	3	5.619	1	1	0.9448	-1.834
13	3	0.2528	1	1	-0.08115	0.3756
13	3	5.26	0	0	-0.5853	-1.784
13	3	0.6294	1	0	-0.61	0.9668
13	3	0.2533	1	0	-0.5524	0.7216
13	3	1.727	0	1	0.5957	1.693
13	3	1.871	1	1	0.06414	-0.5854
13	3	5.544	1	1	1.249	-1.834
13	3	0.01203	1	0	0.9825	0.5753
13	3	0.857	1	1	0.667	0.0704
13	3	0.5043	1	1	0.5487	0.277
13	3	1.715	0	0	1.42	-0.421
13	3	0.09861	0	1	-0.2579	0.5057
13	3	0.8189	0	0	-1.276	0.05372
13	3	0.4462	1	1	1.147	0.3135
13	3	1.651	1	1	0.4869	-0.3706
13	3	0.8353	1	1	0.6533	0.04371
13	3	1.205	1	1	-2.405	-0.1157
13	3	5.068	0	0	1.034	-1.756
13	3	5.678	0	0	0.8711	-1.848
13	3	5.559	1	1	0.638	-1.832
13	3	0.3023	0	1	-0.3108	0.7777
13	3	1.971	0	0	0.5054	-0.5735
13	3	1.163	1	0	0.7473	1.302
13	3	0.06163	1	0	0.2589	0.6118
13	3	5.539	1	1	0.1529	-1.831
14	3	0.3089	0	1	2.052	0.7694
14	3	1.003	1	1	-0.9072	-0.09953
14	3	0.5277	0	0	-1.606	0.2918
14	3	1.103	0	1	1.589	1.322
14	3	0.4349	1	1	0.2355	0.3167
14	3	1.985	0	1	0.3927	1.657
14	3	1.913	1	1	-0.7763	-0.5795
14	3	1.189	0	0	1.068	-0.1617
14	3	0.8676	0	0	-0.09763	-0.005192
14	3	5.324	1	1	0.9336	-1.789
14	3	0.7044	1	1	-0.3291	0.1485
14	3	0.2991	1	1	1.493	0.4417
14	3	0.1457	0	0	-0.1409	0.4282
14	3	0.6877	0	1	1.162	1.016
14	3	0.05805	0	1	0.6237	0.6342
14	3	0.4374	0	1	0.05302	0.839
14	3	5.273	0	0	0.8004	-1.788
14	3	0.2195	0	0	0.1389	0.4727
14	3	0.829	1	0	-0.7943	0.9759
14	3	1.109	1	1	-0.3939	-0.1227
14	3	5.326	1	1	-2.088	-1.786
14	3	1.718	0	0	-0.1716	-0.4579
14	3	1.791	0	0	-0.1942	-0.5311
14	3	0.7219	0	1	1.883	1.02
14	3	5.259	1	1	-0.733	-1.785
14	3	5.634	1	1	-3.006	-1.842
14	3	5.253	0	0	0.3644	-1.773
14	3	5.248	1	1	0.1628	-1.78
14	3	0.5821	0	0	1.646	0.1999
14	3	0.6972	1	0	-0.5033	1.004
14	3	5.391	1	1	-0.5862	-1.798
14	3	1.909	1	1	-1.451	-0.5968
14	3	1.02	1	1	-0.1743	-0.05609
14	3	1.582	0	0	0.7944	-0.385
14	3	0.455	1	1	0.8777	0.2924
14	3	0.2938	0	0	-0.05754	0.4013
14	3	0.1432	1	0	-0.7292	0.6479
14	3	1.39	1	1	-0.6426	-0.2637
14	3	1.022	0	0	0.4511	0.005278
14	3	5.798	0	0	-0.3468	-1.859
14	3	1.824	1	1	-1.883	-0.4804
14	3	5.493	1	1	0.05986	-1.822
14	3	1.835	1	1	-0.4873	-0.5075
14	3	0.2742	1	1	-0.5327	0.4369
14	3	0.6464	0	0	1.307	0.1076
14	3	1.73	0	0	-0.1593	-0.4331
14	3	0.8061	0	0	-1.112	0.1445
14	3	0.7827	0	0	-0.185	0.162
14	3	0.2414	1	0	0.5443	0.7709
14	3	0.2626	1	1	-0.2409	0.3951
15	3	1.101	1	0	-1.993	1.182
15	3	5.481	0	0	-1.352	-1.827
15	3	2.176	0	0	0.8923	-0.6795
15	3	5.152	0	0	-1.364	-1.772
15	3	0.5734	0	0	2.13	0.194
15	3	1.896	0	0	-0.2995	-0.5993
15	3	0.3595	1	1	0.09754	0.357
15	3	1.872	0	0	-0.4821	-0.5572
15	3	0.5587	1	1	0.8557	0.2021
15	3	0.6377	0	0	1.383	0.1398
15	3	5.564	1	1	0.04958	-1.84
15	3	5.203	0	0	-1.321	-1.773
15	3	0.4006	0	0	0.8094	0.3562
15	3	0.00569	1	1	-0.01924	0.6783
15	3	0.08679	0	0	-0.3493	0.5999
15	3	1.771	1	1	-1.256	-0.4763
15	3	5.549	1	1	0.8638	-1.831
15	3	0.3376	1	1	-0.3498	0.3674
15	3	5.695	0	0	-0.6427	-1.839
15	3	0.6362	0	0	0.3739	0.1138
15	3	0.5186	0	0	0.4757	0.234
15	3	1.702	0	0	-0.2194	-0.4154
15	3	0.7909	1	1	-0.6201	0.07896
15	3	1.004	1	1	0.9262	-0.03893
15	3	0.2252	1	0	-0.2246	0.6735
15	3	0.6146	0	0	-0.07945	0.2689
15	3	0.4046	0	0	0.002335	0.3676
15	3	1.142	1	1	1.267	-0.1159
15	3	0.9282	1	1	0.5314	0.01548
15	3	0.005655	1	1	0.4534	0.6607
15	3	1.588	1	1	0.3978	-0.4233
15	3	0.6971	0	1	1.435	0.9591
15	3	5.211	1	1	0.3623	-1.774
15	3	0.5244	1	1	0.05888	0.2819
15	3	0.5389	0	0	0.289	0.2457
15	3	1.657	1	1	-0.254	-0.406
15	3	1.839	1	0	-0.6952	1.758
15	3	5.169	1	1	-0.03727	-1.75
15	3	0.9278	1	0	0.2501	1.183
15	3	0.8124	1	0	0.05687	1.005
15	3	5.593	0	0	-1.565	-1.836
15	3	0.1916	1	0	-1.017	0.7119
15	3	0.6033	1	0	-1.871	0.9171
15	3	1.802	1	1	2.525	-0.4818
15	3	0.6717	0	1	0.2728	1.042
15	3	5.18	1	1	0.01975	-1.773
15	3	0.4683	0	0	-0.8604	0.2968
15	3	2.157	0	0	0.0927	-0.6737
15	3	0.3577	0	0	-0.6389	0.4019
15	3	0.5688	0	0	-0.4575	0.1731
16	3	0.517	0	0	0.6397	0.2744
16	3	0.3147	1	0	0.7123	0.7292
16	3	1.11	1	0	-0.03969	1.311
16	3	0.5015	1	0	-2.362	0.9195
16	3	0.3583	0	0	0.243	0.3699
16	3	5.329	1	1	0.08328	-1.808
16	3	1.417	0	1	-0.5478	1.591
16	3	0.04846	1	1	-0.06696	0.5559
16	3	0.4881	1	1	1.701	0.2375
16	3	2.024	0	1	0.9763	1.935
16	3	5.559	0	0	0.2694	-1.834
16	3	0.1515	1	1	-1.225	0.5199
16	3	1.613	0	0	-0.4866	-0.3511
16	3	0.1513	0	0	1.664	0.5157
16	3	0.426	1	1	1.037	0.3824
16	3	5.424	0	0	-0.9373	-1.809
16	3	0.3567	1	1	0.8794	0.4308
16	3	2.172	0	1	1.011	1.821
16	3	0.6396	0	1	-0.7639	1.048
16	3	1.709	1	1	-0.9396	-0.4176
16	3	0.8455	1	1	-0.1877	0.06268
16	3	0.3599	1	1	0.9808	0.4232
16	3	0.479	1	1	-0.2973	0.3478
16	3	1.191	1	1	-2.02	-0.1033
16	3	0.8846	1	1	-0.4648	0.01905
16	3	5.656	1	1	-0.737	-1.852
16	3	1.777	1	1	0.1851	-0.4907
16	3	0.144	0	1	0.772	0.6554
16	3	1.268	1	1	1.225	-0.1764
16	3	5.412	0	0	-0.3295	-1.8
16	3	0.329	0	0	1.314	0.4015
16	3	0.1723	0	0	-0.9729	0.5818
16	3	1.059	1	0	1.591	1.202
16	3	0.8437	0	1	1.228	1.115
16	3	1.77	0	0	-0.4646	-0.4661
16	3	1.645	0	0	1.237	-0.4062
16	3	0.8601	1	1	-1.729	0.09518
16	3	0.04593	1	0	1.013	0.669
16	3	0.5805	0	0	0.1108	0.3158
16	3	0.7458	0	0	2.11	0.07121
16	3	0.1649	1	0	-0.7746	0.654
16	3	5.224	1	1	-2.613	-1.774
16	3	2.138	0	0	-0.03897	-0.6495
16	3	1.007	0	0	-0.4747	-0.02255
16	3	5.674	1	1	-1.296	-1.829
16	3	5.571	1	1	0.5188	-1.835
16	3	1.702	0	0	0.7245	-0.4275
16	3	5.169	0	0	0.5263	-1.763
16	3	5.368	0	0	-1.304	-1.787
16	3	1.7	0	0	0.4858	-0.4421
17	3	1.859	1	1	-0.4072	-0.551
17	3	5.727	0	0	-2.957	-1.842
17	3	1.92	1	0	0.4638	1.748
17	3	0.6739	0	0	0.8741	0.1978
17	3	1.987	0	0	-0.5412	-0.568
17	3	5.178	0	0	-0.1773	-1.767
17	3	0.7882	1	1	0.2143	0.07857
17	3	0.4858	0	1	0.9421	0.8868
17	3	0.6459	0	1	-0.4407	0.9426
17	3	1.74	1	1	-0.2222	-0.4319
17	3	0.9226	1	0	0.01384	1.234
17	3	0.3987	0	0	-2.268	0.363
17	3	1.807	1	1	-1.421	-0.4827
17	3	1.972	1	1	1.787	-0.5944
17	3	0.2711	0	0	-0.8062	0.486
17	3	5.247	0	0	-1.071	-1.777
17	3	0.1866	1	0	0.775	0.6041
17	3	5.715	1	1	0.8454	-1.851
17	3	0.09019	0	0	1.148	0.6258
17	3	5.452	0	0	2.174	-1.816
17	3	0.8032	0	0	-0.2483	0.1057
17	3	5.533	0	0	0.02241	-1.826
17	3	0.5477	1	0	0.581	0.9721
17	3	1.351	1	0	0.7226	1.347
17	3	0.3746	0	1	1.053	0.8396
17	3	0.4885	1	1	1.009	0.2547
17	3	1.902	0	0	2.316	-0.5256
17	3	5.336	1	1	-0.3766	-1.8
17	3	0.7815	0	0	0.01426	0.1334
17	3	0.236	1	1	1.258	0.459
17	3	0.04971	0	1	1.335	0.5574
17	3	0.1625	0	1	-0.757	0.7214
17	3	1.831	0	0	-0.0342	-0.4893
17	3	2.305	0	1	0.319	2.006
17	3	0.9706	1	1	-0.6553	-0.01477
17	3	0.6727	1	0	0.2094	0.9598
17	3	0.09966	0	1	-0.6117	0.5989
17	3	0.4146	1	0	-0.708	0.8608
17	3	0.5011	1	1	-0.1704	0.2634
17	3	0.3219	0	1	0.3114	0.7754
17	3	5.552	0	0	-0.5268	-1.812
17	3	1.015	1	1	0.4734	-0.01789
17	3	0.1943	0	0	0.6684	0.5018
17	3	0.7706	0	0	1.497	0.117
17	3	5.167	1	1	-0.005494	-1.748
17	3	4.897	1	1	-1.215	-1.716
17	3	0.05601	0	0	-0.3231	0.5808
17	3	0.3842	0	1	0.8322	0.7574
17	3	0.8775	1	0	-0.1181	1.137
17	3	0.8734	1	1	0.1789	0.05622
18	3	5.365	1	0	-0.4175	2.965
18	3	0.3695	1	1	0.9316	0.3803
18	3	1.445	0	0	-0.2473	-0.3151
18	3	1.611	0	0	0.4939	-0.3773
18	3	0.04211	1	1	-0.7035	0.5353
18	3	0.9693	1	1	0.1814	-0.007121
18	3	1.692	0	0	-0.7318	-0.4277
18	3	0.95	1	0	1.291	1.192
18	3	2.03	1	1	-1.267	-0.6391
18	3	0.3757	1	1	0.6125	0.3392
18	3	1.564	0	1	0.5724	1.532
18	3	0.4972	0	1	-1.128	0.8217
18	3	5.297	0	0	-0.8551	-1.797
18	3	0.305	1	1	-0.033	0.4059
18	3	5.123	1	1	-0.1776	-1.748
18	3	0.1136	1	0	-0.6746	0.6421
18	3	0.06235	1	0	0.5226	0.5703
18	3	5.435	0	0	0.9262	-1.805
18	3	1.765	1	1	-0.7538	-0.518
18	3	1.803	1	0	-0.1212	1.594
18	3	1.906	1	1	-0.1193	-0.6171
18	3	1.573	0	1	1.351	1.584
18	3	0.1911	0	0	0.527	0.4491
18	3	5.623	1	1	-0.3758	-1.838
18	3	5.352	1	1	0.6742	-1.808
18	3	0.05652	0	0	0.4569	0.6
18	3	0.3365	1	1	0.311	0.4236
18	3	1.012	0	1	-1.174	1.147
18	3	0.3885	1	0	0.2617	0.8196
18	3	0.2707	0	0	0.0926	0.3746
18	3	0.2812	0	0	-0.5961	0.4823
18	3	0.1938	1	0	-0.1378	0.7464
18	3	0.6288	0	1	0.368	0.8988
18	3	5.463	0	0	-0.9747	-1.809
18	3	0.8746	0	0	-0.6944	0.07576
18	3	0.7602	1	0	2.222	1.003
18	3	0.9091	1	1	0.1452	0.007304
18	3	5.202	0	0	-0.2727	-1.778
18	3	0.176	0	0	-0.7546	0.4529
18	3	5.271	0	0	-0.4913	-1.779
18	3	1.903	1	1	-1.935	-0.5241
18	3	0.6757	1	1	2.106	0.2007
18	3	0.978	1	0	1.712	1.136
18	3	0.2979	0	0	-0.2135	0.4205
18	3	0.3199	0	0	0.6383	0.3378
18	3	1.603	0	0	-0.01263	-0.359
18	3	0.9075	0	0	-0.2625	0.03864
18	3	0.01875	1	0	2.488	0.5894
18	3	5.38	0	0	-1.12	-1.793
18	3	0.762	1	1	-0.2145	0.1101
19	3	5.403	1	0	-0.09784	2.749
19	3	1.979	1	1	0.3757	-0.592
19	3	0.2965	1	0	2.344	0.7192
19	3	1.727	0	1	0.5753	1.561
19	3	1.682	0	0	0.02891	-0.3875
19	3	0.2734	0	0	-2.808	0.4711
19	3	5.205	1	1	-0.04586	-1.781
19	3	0.2105	0	1	-0.1253	0.7188
19	3	0.5651	0	1	-0.5374	0.8145
19	3	0.739	0	0	1.726	0.09713
19	3	0.07993	1	1	-0.3131	0.5131
19	3	0.5862	0	0	0.214	0.2374
19	3	1.721	0	0	0.8378	-0.4018
19	3	0.7008	1	1	-0.5741	0.173
19	3	0.6066	0	1	-0.4263	0.8775
19	3	5.085	1	1	0.4452	-1.755
19	3	5.352	0	0	-0.4394	-1.77
19	3	0.6515	1	1	0.4884	0.2156
19	3	0.6068	0	0	0.3557	0.2045
19	3	0.7141	1	1	-0.9425	0.1679
19	3	5.504	0	0	-0.2006	-1.823
19	3	2.152	1	1	-0.4042	-0.681
19	3	0.5634	1	0	-0.06676	0.9586
19	3	0.2961	1	0	-0.08314	0.6465
19	3	5.36	1	1	-1.492	-1.81
19	3	0.3146	1	1	-0.4436	0.4207
19	3	1.586	0	0	1.895	-0.4128
19	3	1.933	0	0	0.5148	-0.5664
19	3	0.4212	1	1	-0.09446	0.3307
19	3	0.3614	0	1	0.2078	0.7819
19	3	1.06	1	1	-0.7974	-0.05665
19	3	0.2596	1	1	0.4399	0.4657
19	3	5.297	1	1	0.1194	-1.786
19	3	0.06707	0	0	0.5521	0.5681
19	3	0.7796	0	0	0.08109	0.1028
19	3	4.884	1	0	-0.1048	3.279
19	3	5.444	0	0	1.29	-1.804
19	3	0.7244	0	0	0.1998	0.1647
19	3	1.789	1	0	2.341	1.745
19	3	1.033	1	1	-0.5474	-0.02635
19	3	1.813	0	0	0.2485	-0.4811
19	3	0.9083	0	0	-0.4901	0.07136
19	3	0.2336	1	1	-0.3459	0.4417
19	3	0.6913	0	1	-0.2513	1.086
19	3	0.2958	0	0	-0.3406	0.418
19	3	5.598	0	0	-1.296	-1.834
19	3	0.0381	1	1	0.1193	0.5235
19	3	1.221	1	1	0.5039	-0.1494
19	3	0.2831	1	0	1.461	0.7922
19	3	1.708	0	0	-0.4945	-0.4735
20	4	0.8866	0	0	-0.1355	0.05909
20	4	5.771	0	0	-1.628	-1.848
20	4	2.424	0	1	0.1997	2.094
20	4	5.321	1	1	-0.6046	-1.797
20	4	0.1189	0	0	0.008269	0.5288
20	4	5.549	0	0	-0.7993	-1.825
20	4	0.2047	1	1	-1.412	0.4798
20	4	0.4853	1	1	0.75	0.3418
20	4	0.8376	0	0	0.6353	0.08911
20	4	0.3078	0	0	-1.759	0.4085
20	4	0.9499	0	0	-0.9415	0.004198
20	4	0.4959	1	0	-0.09327	0.8639
20	4	1.96	0	0	-0.04174	-0.5941
20	4	0.9416	0	0	-1.056	0.01444
20	4	0.1272	0	1	-0.7279	0.6919
20	4	2.041	0	0	1.416	-0.6282
20	4	1.465	1	0	0.08835	1.452
20	4	0.7693	1	1	-1.204	0.1024
20	4	0.8577	1	0	-0.1481	1.117
20	4	0.9348	1	1	1.17	0.005985
20	4	0.3659	1	0	1.601	0.8896
20	4	0.677	0	1	-1.022	0.9653
20	4	1.831	1	1	-0.1407	-0.5207
20	4	1.818	0	0	1.366	-0.504
20	4	0.203	0	1	-0.7573	0.4233
20	4	5.414	1	1	-0.8883	-1.796
20	4	0.3115	1	0	-0.28	0.7575
20	4	0.4173	0	0	-0.4353	0.3287
20	4	1.931	1	1	-0.5871	-0.5247
20	4	5.312	1	1	0.8632	-1.791
20	4	0.302	1	1	-0.8014	0.4302
20	4	5.325	1	1	-1.113	-1.796
20	4	0.7711	0	0	0.9065	0.09026
20	4	0.1596	0	1	1.932	0.7692
20	4	0.2856	1	0	0.3319	0.7605
20	4	1.813	0	0	1.474	-0.5292
20	4	1.654	0	1	-0.9153	1.673
20	4	0.6407	0	0	0.2108	0.2059
20	4	5.329	0	0	-0.6017	-1.793
20	4	0.08916	1	0	0.2118	0.5976
20	4	1.9	1	0	-0.09341	1.746
20	4	0.3011	0	1	0.8214	0.7536
20	4	0.8905	1	1	0.6963	-0.05973
20	4	0.1974	1	1	0.5427	0.46
20	4	0.09488	0	0	0.3667	0.4823
20	4	5.461	1	1	-3.656	-1.812
20	4	0.2267	1	1	1.043	0.4564
20	4	0.04706	1	1	-0.4009	0.5983
20	4	5.295	0	0	0.5334	-1.782
20	4	5.323	0	0	-0.9343	-1.781
21	4	0.485	0	1	0.04293	0.8725
21	4	1.811	0	0	2.453	-0.4958
21	4	1.276	0	0	-1.027	-0.1656
21	4	1.056	1	0	0.7805	1.134
21	4	5.4	1	1	1.016	-1.818
21	4	0.5371	1	0	0.304	1.051
21	4	5.481	1	1	0.09305	-1.787
21	4	0.192	1	1	0.3781	0.4797
21	4	5.344	1	1	-0.5384	-1.814
21	4	1.823	1	0	-0.4708	1.646
21	4	1.064	0	0	1.329	-0.04499
21	4	1.947	1	1	-2.275	-0.5542
21	4	0.7764	0	0	-0.6269	0.1505
21	4	0.7581	1	0	0.4942	1.059
21	4	1.504	1	1	-1.173	-0.3106
21	4	0.4601	0	0	-0.02101	0.2848
21	4	5.296	0	0	-0.6353	-1.789
21	4	1.856	1	1	-1.001	-0.5402
21	4	0.3336	1	1	0.1344	0.3597
21	4	0.9083	0	1	0.2658	1.119
21	4	0.9255	0	1	-0.05709	1.087
21	4	5.453	0	0	-0.791	-1.808
21	4	0.2999	1	1	0.7122	0.3791
21	4	0.27	1	1	-0.1003	0.3895
21	4	1.887	0	1	-0.4855	1.78
21	4	0.6438	1	1	-0.4275	0.1786
21	4	1.38	1	1	0.2703	-0.2746
21	4	1.677	1	0	0.2703	1.62
21	4	0.1752	0	0	-0.2432	0.4814
21	4	0.3032	0	1	0.5085	0.7726
21	4	5.42	1	1	0.1573	-1.816
21	4	0.1852	1	1	-1.015	0.5108
21	4	0.3139	1	0	0.07583	0.7403
21	4	0.962	1	1	-0.6792	-0.01222
21	4	1.032	0	1	-0.212	1.217
21	4	1.848	0	0	-0.8003	-0.5008
21	4	0.3262	0	0	1.231	0.383
21	4	1.699	1	0	-0.2493	1.65
21	4	0.1081	0	0	1.005	0.587
21	4	0.1926	0	1	-0.5727	0.7219
21	4	0.6415	0	0	-0.7559	0.2009
21	4	5.406	0	0	0.2946	-1.786
21	4	5.589	0	0	1.599	-1.84
21	4	5.019	1	1	0.3162	-1.728
21	4	0.3509	0	0	0.06517	0.4125
21	4	0.5356	0	0	0.6923	0.2367
21	4	5.597	0	0	0.2408	-1.829
21	4	0.8983	1	1	0.3553	0.02712
21	4	0.1131	1	1	-0.8343	0.5697
22	4	0.8651	0	0	2.909	0.0387
22	4	0.4619	0	1	1.842	0.7891
22	4	1.948	0	0	0.1924	-0.5703
22	4	0.9552	1	1	-1.327	0.05749
22	4	0.3471	0	1	1.691	0.7435
22	4	0.405	1	1	-0.8445	0.3812
22	4	5.295	0	0	0.3191	-1.805
22	4	1.806	1	1	1.603	-0.5402
22	4	0.9298	1	1	0.2521	0.009807
22	4	0.7425	0	1	-0.1606	0.995
22	4	0.3053	0	1	0.1572	0.7937
22	4	1.068	1	1	-0.6193	-0.001301
22	4	5.402	1	1	-0.3241	-1.784
22	4	0.04861	1	1	0.7126	0.6898
22	4	0.4065	0	0	-0.2656	0.3966
22	4	1.879	1	1	0.9972	-0.4994
22	4	5.337	1	1	-0.2902	-1.806
22	4	1.121	0	1	1.008	1.297
22	4	0.3334	1	1	-0.5865	0.4035
22	4	0.443	0	0	-1.684	0.305
22	4	1.774	0	1	-0.3297	1.532
22	4	0.2682	1	0	0.0364	0.766
22	4	0.183	0	0	-2.395	0.4881
22	4	0.4301	0	0	0.08685	0.3234
22	4	0.2845	1	0	-1.216	0.7382
22	4	0.9514	0	0	0.2343	-0.009349
22	4	0.819	1	0	-2.041	1.025
22	4	5.423	1	1	-0.5112	-1.796
22	4	1.642	1	1	-0.1257	-0.3853
22	4	5.295	0	0	1.263	-1.801
22	4	0.2971	1	1	3.319	0.4101
22	4	5.172	1	1	-0.3481	-1.754
22	4	2.012	1	1	0.2653	-0.6115
22	4	0.8837	0	0	0.1567	0.0257
22	4	0.9127	0	1	0.3524	1.159
22	4	1.571	0	1	0.04577	1.549
22	4	0.416	0	0	0.829	0.3446
22	4	5.365	0	0	-0.6595	-1.807
22	4	0.226	0	1	-0.182	0.6882
22	4	0.3268	0	1	-3.372	0.8247
22	4	1.54	1	1	-0.6687	-0.3481
22	4	5.705	1	1	0.543	-1.834
22	4	0.6031	0	1	0.3838	0.9869
22	4	1.552	1	1	-1.434	-0.319
22	4	0.2778	0	1	-0.8465	0.7339
22	4	1.95	1	1	0.4589	-0.543
22	4	0.4257	1	1	-0.8678	0.3319
22	4	5.422	1	1	-1.081	-1.808
22	4	5.629	1	1	0.8034	-1.834
22	4	0.4952	1	1	-0.5663	0.3053
23	4	1.788	0	0	-1.996	-0.4739
23	4	0.04582	0	0	1.054	0.5836
23	4	1.034	0	1	-2.547	1.141
23	4	5.281	1	1	-0.5658	-1.774
23	4	0.03398	1	0	1.093	0.623
23	4	5.4	1	1	-1.134	-1.801
23	4	5.676	1	1	0.4061	-1.838
23	4	5.006	1	1	0.508	-1.752
23	4	2.062	1	1	1.766	-0.6303
23	4	0.8935	0	0	1.252	0.04602
23	4	0.3986	0	0	0.5883	0.3755
23	4	1.792	0	1	1.251	1.634
23	4	5.348	1	1	-1.155	-1.798
23	4	0.4354	0	0	1.186	0.2815
23	4	5.178	0	0	-0.5037	-1.763
23	4	0.4664	1	1	0.03674	0.3369
23	4	1.253	0	0	0.3702	-0.1241
23	4	0.4401	0	0	-0.7471	0.2608
23	4	1.712	1	1	1.291	-0.4532
23	4	1.888	0	0	0.9474	-0.541
23	4	1.64	1	1	-0.9444	-0.386
23	4	0.6572	0	0	-0.311	0.2072
23	4	0.104	0	1	0.1206	0.6505
23	4	0.2811	1	1	-0.5041	0.4545
23	4	0.04429	1	1	0.9106	0.6022
23	4	5.359	0	0	-0.2964	-1.79
23	4	1.057	0	1	1.115	1.296
23	4	1.158	0	0	-0.1332	-0.1291
23	4	5.57	0	0	-0.3709	-1.815
23	4	0.5213	0	0	-0.5181	0.2948
23	4	0.2318	1	0	0.5353	0.7629
23	4	0.2085	1	0	0.3349	0.7938
23	4	1.886	1	0	-0.7497	1.725
23	4	0.1458	1	1	1.55	0.5147
23	4	0.8315	0	1	-1.841	1.037
23	4	0.3503	1	0	0.9483	0.763
23	4	1.737	1	1	0.2857	-0.4523
23	4	5.049	1	1	-1.069	-1.74
23	4	1.889	1	0	-1.978	1.598
23	4	0.6878	0	0	-1.58	0.1681
23	4	0.1517	1	0	0.4498	0.5972
23	4	0.7592	1	0	-0.4571	1.049
23	4	5.791	1	1	-1.869	-1.859
23	4	0.05226	1	0	1.52	0.5767
23	4	0.6615	0	0	-0.8529	0.1988
23	4	1.855	1	0	-1.539	1.639
23	4	0.006454	1	0	1.182	0.5988
23	4	0.6397	0	0	-0.737	0.2089
23	4	0.8764	1	1	-0.09636	0.02998
23	4	0.3468	0	1	1.232	0.7822
24	4	5.553	1	1	0.9072	-1.812
24	4	1.853	0	0	1.479	-0.5668
24	4	0.8736	0	0	0.4984	0.1025
24	4	0.6109	0	1	1.026	0.8822
24	4	2.002	1	0	1.075	1.87
24	4	1.74	0	0	-0.0885	-0.4192
24	4	0.07148	0	1	0.4262	0.6988
24	4	0.4724	0	0	-1.826	0.3604
24	4	1.592	0	0	0.1809	-0.3834
24	4	0.3175	1	1	-0.1613	0.3403
24	4	0.5823	1	1	1.492	0.2118
24	4	0.2502	1	1	-0.9777	0.4859
24	4	2.165	0	0	1.023	-0.7355
24	4	0.9593	1	1	1.564	-0.01834
24	4	5.326	0	0	1.171	-1.783
24	4	1.283	1	0	0.02115	1.259
24	4	5.557	1	1	-0.2502	-1.832
24	4	0.2222	1	1	0.4949	0.4779
24	4	0.5345	0	1	-0.4079	0.8544
24	4	0.7761	0	0	-0.2121	0.1542
24	4	1.54	0	0	0.1066	-0.3086
24	4	1.806	0	0	0.9619	-0.4838
24	4	1.835	1	1	-0.4692	-0.5551
24	4	0.3107	1	0	1.447	0.7568
24	4	1.707	1	1	-0.2933	-0.415
24	4	0.9028	1	1	-0.1463	0.03926
24	4	0.8353	0	1	0.6218	1.184
24	4	0.7605	1	1	0.6744	0.1408
24	4	0.7196	1	0	0.03581	0.9904
24	4	1.88	1	0	0.198	1.756
24	4	5.527	0	0	-0.2494	-1.83
24	4	0.5766	0	0	0.953	0.2063
24	4	5.409	1	1	0.5773	-1.8
24	4	0.8158	0	1	0.1253	1.045
24	4	0.4569	1	0	-1.072	0.8548
24	4	5.347	0	0	0.1562	-1.796
24	4	0.3231	0	1	1.094	0.7446
24	4	5.569	1	1	-0.445	-1.825
24	4	4.784	0	0	-1.053	-1.703
24	4	0.1355	0	0	1.182	0.4589
24	4	0.5364	1	0	0.1774	0.9083
24	4	0.6734	0	0	-0.268	0.1872
24	4	0.4404	0	1	0.3285	0.8658
24	4	0.6821	0	1	-0.1996	0.981
24	4	1.117	1	0	0.07181	1.273
24	4	5.069	1	1	0.1804	-1.757
24	4	0.5884	1	0	-0.4056	0.9059
24	4	0.3218	1	1	0.9277	0.454
24	4	5.661	0	0	0.1047	-1.843
24	4	0.2012	1	0	-1.137	0.6759
25	4	5.536	0	0	-0.2267	-1.835
25	4	1.332	1	1	0.6042	-0.1879
25	4	0.7065	0	1	-0.02733	1.001
25	4	0.969	1	0	-0.2681	1.195
25	4	0.5564	0	0	1.474	0.2496
25	4	0.4644	0	0	1.046	0.3671
25	4	2.14	0	0	-3.364	-0.7108
25	4	0.1029	1	0	0.523	0.6213
25	4	0.7876	1	0	-0.9087	1.004
25	4	0.02253	1	1	-0.1891	0.6288
25	4	0.4771	1	1	0.4829	0.3001
25	4	5.454	1	1	-0.0845	-1.816
25	4	0.6798	1	0	0.6564	1.1
25	4	0.9301	0	0	0.732	0.03361
25	4	0.498	0	0	-0.03699	0.3192
25	4	1.781	0	1	-0.0449	1.727
25	4	5.379	1	1	0.4734	-1.784
25	4	0.7333	0	1	0.8596	1.048
25	4	0.4583	1	0	-0.2727	0.9005
25	4	5.107	0	0	-0.239	-1.765
25	4	5.38	0	0	0.2126	-1.796
25	4	0.06844	1	0	0.5581	0.6023
25	4	0.2101	0	0	-1.958	0.4141
25	4	0.5151	0	0	0.2021	0.2286
25	4	1.808	1	1	0.7081	-0.476
25	4	0.05245	0	0	0.3647	0.5755
25	4	0.8099	0	1	1.205	1.125
25	4	1.691	1	1	0.2436	-0.4307
25	4	1.711	0	0	-1.819	-0.468
25	4	5.171	0	0	-0.3456	-1.791
25	4	2.068	1	0	-0.6557	1.914
25	4	1.907	0	0	-0.2545	-0.5434
25	4	1.228	1	1	1.058	-0.1885
25	4	1.507	0	0	0.2934	-0.3205
25	4	0.2603	1	1	-0.1866	0.4286
25	4	0.3359	1	1	-0.9753	0.3862
25	4	0.3454	0	0	0.5802	0.3343
25	4	1.868	1	1	-0.1296	-0.562
25	4	5.286	1	1	-0.1874	-1.784
25	4	5.528	0	0	-0.5064	-1.816
25	4	0.7841	0	0	1.125	0.09475
25	4	5.398	1	1	0.7472	-1.813
25	4	0.8736	1	1	-0.3284	0.05662
25	4	1.085	1	1	0.128	-0.06081
25	4	0.01003	1	0	0.6992	0.5501
25	4	0.2568	1	1	-0.1602	0.3626
25	4	0.1574	1	0	0.9546	0.7109
25	4	5.748	0	0	-0.7911	-1.844
25	4	0.7524	0	0	-0.7658	0.1303
25	4	1.701	1	1	-0.04602	-0.3757
26	4	2.04	1	0	-0.09311	1.669
26	4	1.199	0	1	-2.407	1.303
26	4	0.822	0	1	1.29	1.002
26	4	5.511	0	0	0.5344	-1.823
26	4	0.3492	0	0	-1.292	0.398
26	4	0.5592	0	0	0.5406	0.3435
26	4	0.4007	0	0	0.4906	0.3551
26	4	0.3291	0	0	-0.09056	0.3635
26	4	1.756	0	0	0.8798	-0.4846
26	4	1.742	1	0	-0.1152	1.728
26	4	5.281	0	0	-0.4366	-1.802
26	4	0.1137	0	0	-2.781	0.5057
26	4	5.528	1	1	-0.466	-1.842
26	4	0.4378	1	1	0.546	0.3341
26	4	1.745	1	1	0.1398	-0.4396
26	4	1.91	1	1	-0.1324	-0.5498
26	4	5.282	1	1	0.05929	-1.78
26	4	1.886	1	0	1.087	1.765
26	4	5.336	0	0	-0.5082	-1.792
26	4	2.042	1	1	0.06032	-0.6321
26	4	0.09055	1	1	-1.053	0.5098
26	4	0.5619	1	0	0.8874	0.9361
26	4	1.039	1	1	0.5315	-0.005436
26	4	0.076	0	0	-1.418	0.5513
26	4	5.286	1	1	-0.6505	-1.793
26	4	0.03218	1	1	-0.249	0.5849
26	4	0.06387	1	0	0.2244	0.5523
26	4	0.9002	1	1	0.4633	-0.01954
26	4	5.715	0	0	-1.516	-1.845
26	4	0.6215	0	0	0.9233	0.1926
26	4	0.8829	1	0	0.6819	1.116
26	4	0.6971	0	1	0.1162	1.102
26	4	0.1374	0	1	-0.6114	0.6478
26	4	0.4368	0	0	0.312	0.3419
26	4	5.215	0	0	-0.3385	-1.768
26	4	0.003434	0	1	0.7094	0.6457
26	4	5.305	1	1	-0.3041	-1.81
26	4	0.6228	1	1	1.175	0.1477
26	4	0.3455	0	0	-0.3139	0.3175
26	4	1.198	1	0	0.5405	1.356
26	4	1.174	0	1	0.1732	1.178
26	4	1.835	1	1	-1.285	-0.5028
26	4	0.2751	1	0	1.458	0.7274
26	4	0.5982	1	1	-0.495	0.2397
26	4	1.703	1	1	0.03475	-0.4458
26	4	1.505	1	1	-2.18	-0.2893
26	4	0.2261	0	0	0.4864	0.4536
26	4	0.05056	0	0	-1.223	0.5722
26	4	5.34	0	0	1.38	-1.796
26	4	0.5089	0	1	-0.4735	0.8844
27	4	5.455	1	1	0.1144	-1.83
27	4	1.856	0	0	0.8833	-0.5441
27	4	1.314	1	1	1.544	-0.1455
27	4	0.787	1	1	1.309	0.1352
27	4	2.134	1	1	2.46	-0.6901
27	4	0.4161	1	1	-0.2545	0.324
27	4	0.1328	1	0	0.7236	0.6096
27	4	0.7277	0	1	0.5627	1.026
27	4	5.353	1	1	-0.6629	-1.795
27	4	0.1071	0	1	1.306	0.6227
27	4	0.07861	0	1	0.06859	0.6375
27	4	5.547	0	0	-0.6331	-1.847
27	4	1.836	0	0	1.053	-0.4378
27	4	0.06849	1	0	-0.3851	0.6213
27	4	5.589	0	0	0.2605	-1.834
27	4	1.721	1	1	-0.7631	-0.3917
27	4	0.7383	0	0	1.327	0.1277
27	4	1.498	1	1	0.3708	-0.3518
27	4	1.294	1	1	-0.5889	-0.1927
27	4	5.588	1	1	0.1744	-1.833
27	4	0.7713	1	0	0.8193	1.072
27	4	0.4303	0	0	0.4117	0.3037
27	4	0.09923	0	0	0.2473	0.4773
27	4	0.0589	0	0	-0.02449	0.5668
27	4	5.255	0	0	0.03276	-1.78
27	4	0.6307	0	1	1.251	1.006
27	4	0.9142	0	0	0.3843	0.0823
27	4	5.645	0	0	1.105	-1.844
27	4	0.369	1	0	0.8532	0.7081
27	4	0.4543	1	1	0.0879	0.288
27	4	0.5802	0	0	0.918	0.202
27	4	0.6042	1	1	0.3639	0.2289
27	4	1.229	0	1	0.3466	1.384
27	4	1.697	1	0	0.5957	1.687
27	4	0.3487	1	1	1.413	0.4792
27	4	5.456	1	1	-1.721	-1.818
27	4	5.201	0	0	-0.1705	-1.769
27	4	1.892	1	1	0.4501	-0.5236
27	4	2.025	1	1	0.3126	-0.6631
27	4	0.1986	1	1	-1.465	0.5143
27	4	0.09584	0	0	3.501	0.5455
27	4	1.658	0	1	-0.6103	1.434
27	4	0.1349	1	0	1.101	0.5106
27	4	0.573	0	0	-1.247	0.164
27	4	5.19	1	1	0.009512	-1.756
27	4	1.122	0	0	2.219	-0.08277
27	4	0.4671	0	0	0.3311	0.2953
27	4	0.6424	1	1	-2.574	0.2315
27	4	0.4441	1	0	1.369	0.8646
27	4	0.7626	0	1	0.1028	1.065
28	4	1.834	0	0	0.4416	-0.5097
28	4	5.453	0	0	1.295	-1.813
28	4	1.686	1	1	0.9962	-0.4271
28	4	0.7537	0	1	0.6275	1.057
28	4	5.174	1	1	-0.7085	-1.76
28	4	5.64	0	0	-1.829	-1.829
28	4	0.4078	0	1	0.1119	0.8205
28	4	2.407	1	1	0.7986	-0.8067
28	4	0.513	1	0	0.9615	0.9724
28	4	0.9085	1	1	-0.2716	0.03259
28	4	5.377	0	0	0.4313	-1.786
28	4	1.975	0	0	-0.2995	-0.5315
28	4	0.5823	1	0	1.98	0.8621
28	4	1.088	1	1	-0.1252	-0.06621
28	4	0.03035	0	1	0.8042	0.5861
28	4	0.0513	0	0	-0.2196	0.5148
28	4	5.426	1	1	-0.1148	-1.799
28	4	1.648	0	0	0.812	-0.4679
28	4	0.381	0	0	-1.379	0.3202
28	4	1.835	0	0	-0.8345	-0.4894
28	4	5.536	1	1	-0.1077	-1.822
28	4	0.7257	1	1	0.8322	0.09188
28	4	0.3832	1	1	0.9431	0.3792
28	4	0.09061	1	0	0.6595	0.5361
28	4	1.731	1	1	0.4304	-0.4046
28	4	5.524	1	1	-1.325	-1.828
28	4	0.952	1	0	1.062	1.124
28	4	0.1374	1	1	0.2345	0.7469
28	4	0.3828	1	1	-0.4169	0.3627
28	4	0.4236	1	0	2.321	0.7565
28	4	0.9996	0	1	0.225	1.184
28	4	0.6638	1	1	-0.3055	0.1971
28	4	1.941	0	0	-1.806	-0.5081
28	4	5.425	0	0	0.4977	-1.82
28	4	5.23	1	1	-0.5602	-1.774
28	4	0.8752	1	0	1.104	1.145
28	4	0.9695	1	0	0.2643	1.109
28	4	0.2181	0	1	-0.1938	0.4736
28	4	0.5951	0	0	-1.36	0.2302
28	4	0.667	1	0	2.29	0.9024
28	4	1.884	0	0	0.8576	-0.5422
28	4	0.2612	0	0	0.9038	0.4352
28	4	0.5848	1	0	1.722	0.9045
28	4	1.686	0	0	-0.8306	-0.4311
28	4	5.115	1	1	1.327	-1.754
28	4	0.5396	0	0	1.524	0.2028
28	4	0.6272	0	0	0.08117	0.1639
28	4	0.7095	0	0	0.4087	0.1552
28	4	0.9825	0	1	-1.613	1.228
28	4	0.1974	0	0	-0.4588	0.5009
29	4	0.5723	1	0	0.954	0.7858
29	4	0.287	1	0	0.8229	0.7501
29	4	0.3869	0	1	0.4563	0.9175
29	4	0.1126	1	0	1.29	0.6552
29	4	0.3212	1	0	-0.3733	0.7922
29	4	0.04341	1	0	-1.095	0.6758
29	4	0.9517	1	0	-0.3031	1.182
29	4	0.7002	0	1	-0.0175	1.061
29	4	5.097	0	0	-0.8038	-1.732
29	4	2.066	0	0	0.3865	-0.6611
29	4	0.6554	0	1	1.495	0.865
29	4	1.604	0	0	0.5132	-0.3805
29	4	0.6971	0	0	-0.1066	0.2279
29	4	0.3461	1	0	0.8693	0.8155
29	4	5.831	0	0	-0.1155	-1.866
29	4	5.09	1	1	-0.5812	-1.761
29	4	1.747	0	0	-0.3071	-0.4633
29	4	0.2577	1	0	0.5156	0.6909
29	4	0.2941	1	0	-0.4313	0.777
29	4	5.443	1	1	-0.7692	-1.816
29	4	2.14	1	1	0.3367	-0.6825
29	4	5.631	1	1	0.9053	-1.827
29	4	0.5798	0	1	0.9538	0.8919
29	4	0.8835	1	1	0.1003	0.0679
29	4	0.6161	1	0	-0.09848	0.9617
29	4	1.494	1	1	-0.1628	-0.3508
29	4	0.697	0	1	1.288	0.9827
29	4	2.029	0	0	-1.539	-0.6432
29	4	1.364	0	0	-0.9117	-0.3215
29	4	5.463	1	1	1.069	-1.813
29	4	0.04567	0	1	1.407	0.6803
29	4	1.683	0	0	-2.769	-0.4058
29	4	0.4537	0	0	-0.8802	0.3522
29	4	0.1941	1	0	0.5467	0.7123
29	4	0.4467	0	0	0.7159	0.234
29	4	0.218	1	0	0.03363	0.7755
29	4	1.643	0	0	1.144	-0.45
29	4	0.7137	0	0	-0.6063	0.1746
29	4	5.4	1	1	0.8248	-1.817
29	4	1.658	1	1	-0.166	-0.4418
29	4	1.301	1	0	1.136	1.488
29	4	1.563	1	1	-0.3637	-0.3637
29	4	5.268	1	1	-2.293	-1.81
29	4	0.5746	0	1	0.7879	0.9643
29	4	1.042	0	0	0.3103	-0.04706
29	4	0.4623	1	0	-0.1447	0.8667
29	4	5.503	0	0	-0.4699	-1.82
29	4	5.247	1	1	-0.7848	-1.781
29	4	0.3837	0	0	0.1423	0.371
29	4	0.1556	0	1	-0.427	0.6867
30	5	0.8862	0	0	0.2629	0.0001913
30	5	5.771	0	0	0.4969	-1.849
30	5	2.423	0	0	-0.9802	-0.8114
30	5	5.322	1	1	-0.1715	-1.823
30	5	0.1197	0	0	-0.883	0.5391
30	5	5.549	0	0	0.976	-1.838
30	5	0.2024	1	0	-1.908	0.6925
30	5	0.4843	1	0	0.7175	0.8332
30	5	0.8398	0	0	-0.06527	-0.01007
30	5	0.3096	0	0	-0.0705	0.3787
30	5	0.9491	0	0	0.8105	0.02111
30	5	0.4925	1	0	-2.457	0.8999
30	5	1.959	0	0	0.0825	-0.6144
30	5	0.9407	0	1	1.499	1.2
30	5	0.1301	0	1	0.2778	0.6086
30	5	2.04	0	1	0.2414	1.814
30	5	1.463	1	1	-1.036	-0.349
30	5	0.7708	1	0	0.08763	0.9487
30	5	0.8576	1	0	-0.1876	1.154
30	5	0.9351	1	1	-0.7616	0.0809
30	5	0.3665	1	1	-0.3085	0.3117
30	5	0.677	0	1	-0.02606	0.9633
30	5	1.831	1	1	0.7074	-0.5745
30	5	1.819	0	1	0.1783	1.654
30	5	0.2033	0	1	-0.1024	0.4392
30	5	5.416	1	1	2.008	-1.804
30	5	0.3107	1	0	-0.5032	0.7041
30	5	0.4171	0	1	-0.5408	0.7538
30	5	1.932	1	1	0.6413	-0.5421
30	5	5.312	1	1	-0.7953	-1.793
30	5	0.302	1	1	-0.552	0.3596
30	5	5.326	1	1	1.569	-1.796
30	5	0.772	0	0	-0.3342	0.127
30	5	0.1568	0	1	0.7686	0.6245
30	5	0.284	1	0	0.6597	0.7533
30	5	1.814	0	1	-0.4944	1.785
30	5	1.655	0	1	-0.8958	1.65
30	5	0.6424	0	1	-1.33	0.9154
30	5	5.328	0	0	0.4893	-1.794
30	5	0.08883	1	0	0.2683	0.6724
30	5	1.901	1	1	-0.4217	-0.5567
30	5	0.3009	0	0	-0.1182	0.42
30	5	0.8879	1	1	-2.815	0.03009
30	5	0.1964	1	0	0.3577	0.679
30	5	0.09354	0	1	-0.07659	0.6324
30	5	5.46	1	1	-1.467	-1.815
30	5	0.2275	1	1	0.8607	0.4845
30	5	0.04577	1	1	-0.2593	0.5895
30	5	5.295	0	0	-0.2127	-1.789
30	5	5.322	0	0	-0.03952	-1.777
31	5	0.486	0	0	2.002	0.2697
31	5	1.81	0	1	2.589	1.657
31	5	1.278	0	0	1.934	-0.2081
31	5	1.058	1	1	0.04542	-0.03731
31	5	5.399	1	1	-0.1411	-1.806
31	5	0.5371	1	1	0.7676	0.3151
31	5	5.482	1	1	-0.3789	-1.818
31	5	0.194	1	0	-0.1267	0.6877
31	5	5.345	1	1	2.54	-1.791
31	5	1.827	1	1	-0.9391	-0.5554
31	5	1.063	0	0	-0.3348	-0.03651
31	5	1.947	1	1	0.1159	-0.5828
31	5	0.7771	0	1	0.2795	1.018
31	5	0.7607	1	1	0.1521	0.1717
31	5	0.2378	0	0	-0.7351	0.4105
31	5	1.504	1	1	-1.107	-0.2442
31	5	0.459	0	0	0.6348	0.2974
31	5	5.297	0	0	0.3789	-1.774
31	5	1.855	1	1	0.3681	-0.47
31	5	0.3328	1	1	0.4496	0.413
31	5	0.9078	0	0	-0.3318	0.08483
31	5	0.9249	0	0	1.669	-0.02395
31	5	5.455	0	0	0.8772	-1.81
31	5	0.297	1	1	2.534	0.4001
31	5	0.2683	1	0	-0.4843	0.754
31	5	1.888	0	0	1.34	-0.5077
31	5	0.6448	1	0	-1.16	0.9592
31	5	1.38	1	1	0.75	-0.255
31	5	1.678	1	1	0.1176	-0.4182
31	5	0.1751	0	0	-0.3481	0.4704
31	5	0.3055	0	0	-1.172	0.337
31	5	5.419	1	1	0.6147	-1.832
31	5	0.1856	1	1	-1.051	0.4743
31	5	0.3157	1	0	-1.488	0.8112
31	5	0.9622	1	1	-1.082	0.02699
31	5	1.031	0	0	-0.4423	-0.09566
31	5	1.846	0	0	0.8824	-0.503
31	5	0.3266	0	0	-0.3461	0.4776
31	5	1.696	1	0	0.7802	1.581
31	5	0.1059	0	1	0.3772	0.6463
31	5	0.1967	0	1	-0.07552	0.7319
31	5	0.6419	0	0	1.309	0.1959
31	5	5.405	0	0	-0.5377	-1.821
31	5	5.593	0	0	-0.3435	-1.82
31	5	5.022	1	1	0.1532	-1.744
31	5	0.3469	0	0	0.7144	0.4667
31	5	0.5366	0	1	0.6596	0.9514
31	5	5.598	0	0	0.1187	-1.826
31	5	0.8986	1	1	-1.009	0.06102
31	5	0.1138	1	1	-0.2638	0.4836
32	5	0.866	0	0	1.983	0.0003203
32	5	0.4616	0	0	1.275	0.35
32	5	1.947	0	0	1.453	-0.5796
32	5	0.9552	1	1	1.908	0.0284
32	5	0.3488	0	1	-0.08206	0.7959
32	5	0.4051	1	1	-0.9962	0.3374
32	5	5.296	0	0	0.1567	-1.779
32	5	1.809	1	1	0.663	-0.4905
32	5	0.9297	1	1	1.106	-0.01881
32	5	0.7389	0	0	-0.1391	0.1284
32	5	0.304	0	0	0.1464	0.4072
32	5	1.067	1	1	-0.5014	-0.06353
32	5	5.402	1	1	0.1286	-1.811
32	5	0.04644	1	1	-0.3286	0.6303
32	5	0.4065	0	1	-0.1041	0.7624
32	5	1.879	1	1	0.4394	-0.5448
32	5	5.337	1	1	0.4196	-1.795
32	5	1.123	0	0	1.079	-0.06394
32	5	0.3339	1	1	0.6663	0.4003
32	5	0.4427	0	1	-0.4056	0.8621
32	5	1.776	0	0	0.2875	-0.4517
32	5	0.2699	1	1	0.4143	0.387
32	5	0.184	0	1	0.2306	0.7102
32	5	0.4288	0	1	1.385	0.8719
32	5	0.2853	1	1	-0.4589	0.3871
32	5	0.9506	0	0	0.3698	0.02828
32	5	0.8212	1	1	-0.3103	0.1112
32	5	5.423	1	1	-0.4211	-1.794
32	5	1.642	1	1	0.9992	-0.4061
32	5	5.295	0	0	-0.8649	-1.777
32	5	0.2956	1	1	-1.419	0.4579
32	5	5.177	1	1	0.9996	-1.773
32	5	2.014	1	1	1.487	-0.6032
32	5	0.8823	0	0	0.6206	0.02449
32	5	0.9147	0	0	-0.1946	0.007703
32	5	1.57	0	0	0.6554	-0.3696
32	5	0.4174	0	0	0.006253	0.2696
32	5	5.364	0	0	-1.112	-1.801
32	5	0.2264	0	0	1.393	0.494
32	5	0.3266	0	0	0.5238	0.3778
32	5	1.54	1	1	0.3882	-0.3665
32	5	5.706	1	1	0.5594	-1.842
32	5	0.6033	0	1	0.2936	1.105
32	5	1.553	1	1	-0.2318	-0.3616
32	5	0.2788	0	1	0.5731	0.7553
32	5	1.952	1	1	0.8704	-0.5975
32	5	0.4256	1	0	0.03742	0.8706
32	5	5.423	1	1	0.1122	-1.81
32	5	5.632	1	1	-0.01357	-1.844
32	5	0.4955	1	1	-0.01925	0.2636
33	5	1.79	0	0	1.245	-0.4842
33	5	0.04469	0	1	0.9425	0.5982
33	5	1.033	0	1	-1.81	1.286
33	5	5.28	1	1	0.9723	-1.783
33	5	0.0346	1	0	0.9929	0.5629
33	5	5.4	1	1	-0.4175	-1.803
33	5	5.675	1	1	-0.4591	-1.837
33	5	5.008	1	1	-0.6594	-1.732
33	5	2.062	1	1	-2.255	-0.6471
33	5	0.8935	0	0	0.008926	0.07205
33	5	0.4011	0	1	2.5	0.7882
33	5	1.793	0	0	-0.4011	-0.5446
33	5	5.345	1	1	0.6065	-1.808
33	5	0.4357	0	0	0.0391	0.2945
33	5	5.176	0	0	-0.1537	-1.75
33	5	0.4642	1	1	0.9397	0.2719
33	5	1.251	0	0	0.7307	-0.2005
33	5	0.4417	0	1	-1.299	0.8868
33	5	1.713	1	1	0.1631	-0.4259
33	5	1.889	0	0	-0.9228	-0.543
33	5	1.641	1	1	-1.871	-0.4076
33	5	0.6573	0	0	0.2114	0.1407
33	5	0.1028	0	1	-0.4283	0.5909
33	5	0.2821	1	0	0.7747	0.7432
33	5	0.04548	1	1	-0.4599	0.5563
33	5	5.359	0	0	0.5497	-1.789
33	5	1.057	0	0	-0.01831	-0.003624
33	5	1.158	0	1	0.09126	1.28
33	5	5.568	0	0	-0.06902	-1.815
33	5	0.5229	0	0	-0.4511	0.2758
33	5	0.2285	1	1	-0.1645	0.5326
33	5	0.2057	1	0	-0.6036	0.6164
33	5	1.888	1	1	2.603	-0.5853
33	5	0.1474	1	0	0.1193	0.5862
33	5	0.8312	0	1	-0.4298	1.067
33	5	0.3514	1	0	-0.5174	0.8606
33	5	1.736	1	0	-1.181	1.731
33	5	5.049	1	1	0.2069	-1.735
33	5	1.891	1	0	-0.4827	1.577
33	5	0.6886	0	0	0.7404	0.1672
33	5	0.1535	1	0	-0.1534	0.7046
33	5	0.7594	1	1	-1.175	0.1334
33	5	5.792	1	1	1.412	-1.852
33	5	0.05325	1	0	0.03025	0.5671
33	5	0.6633	0	0	-0.03605	0.1631
33	5	1.856	1	1	-2.2	-0.5417
33	5	0.007368	1	0	-0.6063	0.5788
33	5	0.6392	0	0	0.3523	0.2029
33	5	0.879	1	1	1.208	0.04195
33	5	0.3464	0	0	-0.03895	0.4674
34	5	5.555	1	1	1.11	-1.829
34	5	1.852	0	0	1.753	-0.5177
34	5	0.8746	0	0	1.627	0.07636
34	5	0.6092	0	0	-0.8189	0.2386
34	5	2.003	1	1	0.1527	-0.6073
34	5	1.74	0	0	0.6761	-0.4407
34	5	0.07134	0	1	0.2326	0.5259
34	5	0.4706	0	1	-1.619	0.9346
34	5	1.592	0	0	0.5453	-0.3833
34	5	0.3187	1	1	-0.7578	0.3289
34	5	0.5845	1	0	-0.7102	0.901
34	5	0.2478	1	1	0.7025	0.4701
34	5	2.163	0	0	0.07183	-0.6834
34	5	0.9573	1	1	-0.5966	-0.02608
34	5	5.327	0	0	-0.5355	-1.78
34	5	1.282	1	1	0.6946	-0.1439
34	5	5.556	1	1	1.783	-1.818
34	5	0.2212	1	1	-0.8666	0.4396
34	5	0.5311	0	1	-1.073	0.92
34	5	0.7751	0	0	-1.871	0.1316
34	5	1.541	0	0	0.161	-0.3099
34	5	1.807	0	1	-0.7015	1.575
34	5	1.837	1	1	-0.06316	-0.5046
34	5	0.3115	1	0	-1.2	0.7538
34	5	1.707	1	1	-1.632	-0.4751
34	5	0.9019	1	1	-0.5073	0.1105
34	5	0.8356	0	1	-0.5768	1.088
34	5	0.7615	1	1	-0.4438	0.1449
34	5	0.72	1	1	0.8372	0.1544
34	5	1.88	1	1	-0.2516	-0.4699
34	5	5.529	0	0	0.8371	-1.831
34	5	0.5783	0	1	-0.3795	0.9762
34	5	5.411	1	1	-0.8448	-1.801
34	5	0.8173	0	0	0.879	0.104
34	5	0.4569	1	1	-0.6086	0.318
34	5	5.347	0	0	-0.08035	-1.796
34	5	0.3238	0	1	-0.8561	0.813
34	5	5.569	1	1	0.4268	-1.821
34	5	4.784	0	0	0.6038	-1.681
34	5	0.1374	0	1	-1.27	0.7152
34	5	0.5357	1	0	-0.2722	0.9096
34	5	0.6739	0	1	0.1612	1.043
34	5	0.441	0	1	0.0144	0.8175
34	5	0.6818	0	0	-0.507	0.1389
34	5	1.117	1	1	-0.7988	-0.1704
34	5	5.069	1	1	0.7731	-1.757
34	5	0.5884	1	0	1.777	0.95
34	5	0.3234	1	1	-0.1356	0.3625
34	5	5.66	0	0	0.2747	-1.84
34	5	0.2007	1	1	-0.9946	0.4372
35	5	5.537	0	0	-0.1107	-1.811
35	5	1.33	1	1	-0.7055	-0.2053
35	5	0.7067	0	1	0.5689	1.043
35	5	0.9678	1	1	-0.6855	0.02425
35	5	0.5562	0	1	-0.9231	0.9021
35	5	0.4641	0	1	-0.556	0.9051
35	5	2.14	0	1	0.6381	1.935
35	5	0.1022	1	1	-2.268	0.6292
35	5	0.7884	1	0	-0.2372	1.076
35	5	0.02725	1	0	-0.6998	0.5567
35	5	0.4775	1	0	-1.636	0.8686
35	5	5.455	1	1	-1.265	-1.812
35	5	0.6792	1	1	0.5553	0.1371
35	5	0.9308	0	0	-0.3154	0.02073
35	5	0.4973	0	0	-0.1959	0.3075
35	5	1.78	0	0	-0.3943	-0.5031
35	5	5.377	1	1	0.25	-1.814
35	5	0.7342	0	0	-0.7881	0.1687
35	5	0.4573	1	0	0.4854	0.8046
35	5	5.108	0	0	0.689	-1.756
35	5	5.379	0	0	-2.128	-1.812
35	5	0.06941	1	0	1.139	0.6947
35	5	0.2118	0	0	-0.5044	0.4651
35	5	0.5184	0	0	0.6473	0.236
35	5	1.808	1	1	-0.006632	-0.4558
35	5	0.05315	0	0	1.116	0.5904
35	5	0.8108	0	0	0.02684	0.05235
35	5	1.688	1	1	1.449	-0.3999
35	5	1.709	0	0	-0.5109	-0.449
35	5	5.172	0	0	0.4601	-1.756
35	5	2.068	1	1	1.68	-0.5989
35	5	1.908	0	0	1.873	-0.5443
35	5	1.229	1	1	-1.124	-0.1509
35	5	1.509	0	1	0.8471	1.482
35	5	0.2615	1	1	-0.8385	0.462
35	5	0.337	1	1	0.7933	0.395
35	5	0.343	0	1	0.9201	0.9271
35	5	1.867	1	1	-1.176	-0.5593
35	5	5.286	1	1	-0.1826	-1.787
35	5	5.529	0	0	1.109	-1.833
35	5	0.7871	0	0	-0.3051	0.1234
35	5	5.397	1	1	-0.4136	-1.816
35	5	0.8737	1	0	0.813	1.138
35	5	1.088	1	1	-1.235	0.00338
35	5	0.008302	1	0	1.201	0.5651
35	5	0.2601	1	1	1.483	0.5054
35	5	0.159	1	0	-1.354	0.6421
35	5	5.747	0	0	0.001042	-1.856
35	5	0.7536	0	0	0.5302	0.1506
35	5	1.702	1	1	-0.2287	-0.4086
36	5	2.041	1	0	1.694	1.83
36	5	1.198	0	0	-0.6539	-0.1249
36	5	0.8231	0	1	0.536	1.21
36	5	5.512	0	0	0.06633	-1.821
36	5	0.3489	0	0	0.127	0.2818
36	5	0.5565	0	0	-0.2684	0.2065
36	5	0.402	0	1	1.405	0.7356
36	5	0.3296	0	1	-0.6084	0.8184
36	5	1.756	0	0	-0.07182	-0.4821
36	5	1.742	1	1	0.4689	-0.4124
36	5	5.282	0	0	1.145	-1.794
36	5	0.1149	0	0	-1.072	0.4826
36	5	5.526	1	1	0.4224	-1.81
36	5	0.4378	1	0	-1.301	0.9302
36	5	1.744	1	1	-0.4449	-0.5111
36	5	1.911	1	0	2.067	1.769
36	5	5.283	1	1	-2.353	-1.786
36	5	1.887	1	0	-0.4	1.736
36	5	5.338	0	0	0.7374	-1.783
36	5	2.044	1	1	-0.208	-0.6246
36	5	0.09178	1	0	-0.6357	0.735
36	5	0.5615	1	1	-1.03	0.2726
36	5	1.038	1	1	-1.061	-0.06689
36	5	0.0731	0	0	-0.723	0.5763
36	5	5.286	1	1	-0.2487	-1.777
36	5	0.03077	1	0	2.339	0.5631
36	5	0.06504	1	1	0.6227	0.5364
36	5	0.8983	1	1	-1.092	0.07956
36	5	5.716	0	0	0.2512	-1.86
36	5	0.6199	0	1	0.898	1.064
36	5	0.8841	1	1	-1.456	0.1033
36	5	0.6961	0	0	-1.148	0.1322
36	5	0.1401	0	1	0.1653	0.6364
36	5	0.4373	0	1	-0.3866	0.7871
36	5	5.217	0	0	-0.05544	-1.775
36	5	0.001808	0	1	-0.09551	0.6015
36	5	5.306	1	1	-0.5624	-1.799
36	5	0.6208	1	0	0.5536	1.035
36	5	0.3466	0	1	-0.9969	0.7901
36	5	1.195	1	1	0.4023	-0.1486
36	5	1.175	0	1	-1.107	1.29
36	5	1.83	1	1	0.3479	-0.5035
36	5	0.2775	1	0	0.9025	0.7099
36	5	0.5967	1	1	0.1967	0.2162
36	5	1.701	1	1	-1.289	-0.423
36	5	1.505	1	1	-1.319	-0.3051
36	5	0.2263	0	1	-0.5123	0.6822
36	5	0.05211	0	0	-0.5564	0.573
36	5	5.341	0	0	0.1929	-1.783
36	5	0.5072	0	0	-0.2204	0.219
37	5	5.456	1	0	-0.1037	3.436
37	5	1.857	0	1	-0.3872	1.694
37	5	1.313	1	1	1.706	-0.1862
37	5	0.7868	1	0	2.65	1.113
37	5	2.135	1	1	-1.538	-0.6619
37	5	0.4171	1	0	0.07191	0.7561
37	5	0.1322	1	1	-2.958	0.5673
37	5	0.7285	0	0	1.802	0.1211
37	5	5.353	1	1	-0.3604	-1.799
37	5	0.1036	0	0	-0.7338	0.5325
37	5	0.07813	0	0	-0.6656	0.5074
37	5	5.547	0	0	0.1146	-1.824
37	5	1.835	0	0	-0.3481	-0.5155
37	5	0.06922	1	0	0.004708	0.5885
37	5	5.588	0	0	-1.068	-1.819
37	5	1.721	1	1	0.04667	-0.426
37	5	0.7376	0	1	0.6491	0.9445
37	5	1.499	1	1	0.7148	-0.3571
37	5	1.297	1	1	0.7707	-0.1398
37	5	5.587	1	1	-0.2715	-1.833
37	5	0.7725	1	1	-0.9585	0.06084
37	5	0.4296	0	1	0.02994	0.9036
37	5	0.1006	0	0	-1.391	0.5537
37	5	0.05838	0	1	0.03312	0.6873
37	5	5.255	0	0	0.8228	-1.78
37	5	0.628	0	1	0.9849	0.9345
37	5	0.9135	0	1	-2.04	1.071
37	5	5.644	0	0	-0.3351	-1.842
37	5	0.368	1	0	-0.05959	0.8046
37	5	0.4537	1	1	0.4582	0.3269
37	5	0.5783	0	0	0.9565	0.2257
37	5	0.6052	1	0	-0.02061	1.053
37	5	1.226	0	0	-1.631	-0.1697
37	5	1.697	1	1	-0.363	-0.4112
37	5	0.3485	1	0	-0.4068	0.8021
37	5	5.457	1	1	-1.085	-1.824
37	5	5.202	0	0	-0.2775	-1.77
37	5	1.891	1	0	-0.1924	1.728
37	5	2.028	1	0	0.5799	1.985
37	5	0.1997	1	0	-0.4092	0.6918
37	5	0.09676	0	1	-0.4558	0.5829
37	5	1.659	0	1	-0.8472	1.568
37	5	0.1336	1	1	1.222	0.6643
37	5	0.5736	0	1	-0.4605	1.029
37	5	5.189	1	1	-0.1598	-1.779
37	5	1.121	0	0	0.7288	-0.1073
37	5	0.4666	0	0	0.03245	0.3342
37	5	0.6409	1	0	0.9009	0.9829
37	5	0.4456	1	1	-0.1112	0.284
37	5	0.7641	0	1	-0.3646	0.9723
38	5	1.838	0	0	0.8134	-0.5227
38	5	5.453	0	0	0.438	-1.826
38	5	1.687	1	1	2.41	-0.4056
38	5	0.752	0	0	-0.6562	0.1502
38	5	5.174	1	1	-0.7144	-1.771
38	5	5.64	0	0	-0.1246	-1.828
38	5	0.4065	0	0	-0.9281	0.2659
38	5	2.407	1	1	0.4964	-0.8114
38	5	0.5119	1	1	1.574	0.2805
38	5	0.9081	1	0	0.05839	1.166
38	5	5.378	0	0	-0.503	-1.803
38	5	1.975	0	0	-0.03119	-0.5734
38	5	0.5813	1	1	0.5646	0.2569
38	5	1.088	1	1	0.6899	-0.06335
38	5	0.02982	0	1	0.3616	0.6777
38	5	0.05212	0	0	-0.4575	0.5514
38	5	5.425	1	1	-0.7102	-1.813
38	5	1.647	0	0	0.7835	-0.3551
38	5	0.381	0	0	0.314	0.3494
38	5	1.836	0	1	0.001618	1.609
38	5	5.538	1	1	0.4801	-1.84
38	5	0.7263	1	1	-0.1729	0.1895
38	5	0.3832	1	1	-0.3037	0.3985
38	5	0.09188	1	1	-0.3202	0.5351
38	5	1.734	1	1	0.2875	-0.4601
38	5	5.523	1	1	0.4774	-1.815
38	5	0.9563	1	1	-0.6894	0.03848
38	5	0.1374	1	0	-0.239	0.6127
38	5	0.3823	1	0	0.03823	0.7887
38	5	0.4221	1	0	-0.7836	0.9267
38	5	0.9988	0	0	0.2419	0.02405
38	5	0.6665	1	1	0.2797	0.2306
38	5	1.939	0	0	1.012	-0.5236
38	5	5.425	0	0	-0.6068	-1.804
38	5	5.233	1	1	-0.8093	-1.769
38	5	0.879	1	0	-1.045	1.196
38	5	0.9699	1	1	-0.6511	-0.06291
38	5	0.2187	0	1	0.847	0.3725
38	5	0.5923	0	1	0.8605	0.93
38	5	0.6673	1	1	-0.706	0.1756
38	5	1.884	0	1	-0.584	1.707
38	5	0.2623	0	1	1.329	0.7909
38	5	0.5854	1	1	0.4728	0.2119
38	5	1.687	0	0	0.3166	-0.421
38	5	5.115	1	1	0.7089	-1.758
38	5	0.5403	0	0	-1.388	0.3454
38	5	0.6271	0	0	0.6035	0.1569
38	5	0.7097	0	0	-0.6694	0.1631
38	5	0.9839	0	1	-1.076	1.154
38	5	0.1981	0	0	-0.495	0.3652
39	5	0.5705	1	0	0.8068	0.8889
39	5	0.284	1	0	2.108	0.7773
39	5	0.3866	0	0	-0.2303	0.3125
39	5	0.1106	1	1	-1.271	0.478
39	5	0.3229	1	1	0.1421	0.4544
39	5	0.0455	1	0	0.4673	0.5581
39	5	0.9512	1	1	0.9107	0.08626
39	5	0.7014	0	0	0.04794	0.1383
39	5	5.096	0	0	-1.996	-1.766
39	5	2.067	0	0	0.1287	-0.6294
39	5	0.6545	0	1	0.03692	0.8924
39	5	1.604	0	1	-1.087	1.524
39	5	0.6991	0	0	0.02435	0.1313
39	5	0.3467	1	0	-1.756	0.791
39	5	5.831	0	0	-3.706	-1.862
39	5	5.092	1	1	-0.2508	-1.754
39	5	1.743	0	1	1.024	1.721
39	5	0.2577	1	1	0.2267	0.3884
39	5	0.295	1	1	-0.07427	0.4215
39	5	5.447	1	1	-0.284	-1.815
39	5	2.139	1	1	-0.2115	-0.6467
39	5	5.629	1	1	0.2563	-1.836
39	5	0.577	0	1	-1.039	0.9817
39	5	0.8842	1	1	-0.207	-0.0102
39	5	0.6127	1	1	0.5147	0.2727
39	5	1.497	1	1	1.151	-0.2685
39	5	0.6963	0	1	0.03011	0.9754
39	5	2.029	0	1	-0.1621	1.866
39	5	1.36	0	1	-0.326	1.384
39	5	5.463	1	1	-1.226	-1.812
39	5	0.04539	0	1	0.3624	0.6536
39	5	1.683	0	0	-0.3149	-0.3711
39	5	0.4523	0	1	0.471	0.9353
39	5	0.1942	1	1	0.3392	0.4289
39	5	0.4457	0	0	-0.3036	0.2974
39	5	0.2187	1	0	-0.8821	0.6958
39	5	1.642	0	0	0.09669	-0.3935
39	5	0.7145	0	0	-0.5344	0.1098
39	5	5.403	1	1	0.1018	-1.807
39	5	1.658	1	1	-0.3291	-0.3759
39	5	1.299	1	0	1.739	1.36
39	5	1.562	1	1	-0.2587	-0.3273
39	5	5.269	1	1	0.2982	-1.788
39	5	0.5776	0	0	-0.03245	0.2428
39	5	1.043	0	0	-1.62	-0.02269
39	5	0.4618	1	0	1.183	0.9092
39	5	5.503	0	0	-0.4143	-1.807
39	5	5.249	1	1	-0.5392	-1.79
39	5	0.3822	0	1	-0.02206	0.7601
39	5	0.1579	0	0	0.222	0.5057
40	6	0.5901	0	1	0.9154	1.043
40	6	3.654	0	0	0.9861	-1.351
40	6	0.5068	0	0	-1.524	0.3081
40	6	3.878	1	1	0.2947	-1.453
40	6	0.09126	0	1	-0.3256	0.6041
40	6	3.738	0	0	-0.1301	-1.415
40	6	0.1262	1	1	-1.927	0.4721
40	6	0.2802	1	1	0.5428	0.45
40	6	0.4488	0	1	-0.2079	0.8238
40	6	0.3647	0	0	0.4919	0.4196
40	6	0.4894	0	1	1.063	0.8924
40	6	0.07609	1	1	-1.021	0.546
40	6	1.003	0	0	0.2878	-0.05309
40	6	0.2213	0	0	0.2981	0.4975
40	6	0.221	1	1	0.9152	0.6507
40	6	0.7506	0	0	1.757	0.1723
40	6	1.274	1	1	0.8556	-0.1625
40	6	0.6175	1	1	0.3798	0.2148
40	6	0.5594	1	1	-1.295	0.2249
40	6	0.04524	1	1	-0.6234	0.584
40	6	0.1502	1	0	0.7371	0.7119
40	6	0.2953	0	0	-0.2206	0.4684
40	6	1.172	1	1	0.397	-0.05414
40	6	1.05	0	1	-0.05836	1.177
40	6	0.2299	1	1	0.3153	0.4446
40	6	3.464	1	1	-2.202	-1.296
40	6	0.1772	1	1	0.7054	0.4571
40	6	0.2009	0	1	0.07141	0.6521
40	6	0.4795	1	0	-0.3527	0.9175
40	6	3.532	1	1	-0.4655	-1.341
40	6	0.3089	1	1	-0.7789	0.3852
40	6	3.762	1	1	-0.4139	-1.382
40	6	0.5593	0	0	-0.455	0.2267
40	6	0.1792	0	1	0.6702	0.7275
40	6	0.4309	1	1	1.497	0.3212
40	6	1.064	0	1	-0.7193	1.223
40	6	0.8452	0	0	-0.0113	0.09204
40	6	0.8734	0	1	-0.4362	1.067
40	6	3.748	0	0	-2.905	-1.405
40	6	0.2822	1	1	-0.09522	0.4261
40	6	0.7556	1	1	1.659	0.104
40	6	0.2014	0	1	-1.466	0.7249
40	6	0.5222	1	1	-0.443	0.3021
40	6	0.4349	1	1	-1.104	0.2367
40	6	0.1597	1	0	-2.365	0.4066
40	6	3.884	1	1	0.2754	-1.449
40	6	0.1274	1	1	0.009551	0.5602
40	6	0.1708	1	0	-0.1465	0.6978
40	6	3.511	0	0	-0.5785	-1.324
40	6	3.621	0	0	-2.655	-1.374
41	6	0.2972	0	1	1.914	0.7979
41	6	1.114	0	1	-2.762	1.216
41	6	0.4902	0	0	1.938	0.3345
41	6	0.03225	1	1	0.161	0.5413
41	6	3.489	1	1	-0.5604	-1.289
41	6	0.3304	1	1	-2.231	0.313
41	6	3.864	1	1	0.05965	-1.429
41	6	0.1196	1	1	3.363	0.4255
41	6	3.596	1	1	-0.9336	-1.322
41	6	0.7793	1	1	0.02768	0.1467
41	6	0.1307	0	0	-0.395	0.5791
41	6	1.293	1	1	-0.4965	-0.2224
41	6	0.5043	0	1	0.05464	0.9528
41	6	0.4689	1	1	-0.4028	0.3515
41	6	0.1727	0	0	-0.151	0.5053
41	6	1.193	1	1	-0.5426	-0.133
41	6	0.3	0	0	-0.812	0.4054
41	6	3.343	0	0	0.3002	-1.235
41	6	1.006	1	0	0.1345	1.22
41	6	0.1249	1	0	1.305	0.6198
41	6	0.6106	0	0	0.05656	0.1675
41	6	0.3907	0	0	-0.4181	0.4039
41	6	3.826	0	0	1.31	-1.403
41	6	0.1133	1	1	-0.1953	0.5593
41	6	0.1911	1	0	0.1632	0.6763
41	6	0.6679	0	0	0.7906	0.2117
41	6	0.07388	0	0	0.2398	0.6086
41	6	1.219	1	1	-1.616	-0.158
41	6	0.9896	1	1	0.2809	-0.02175
41	6	0.5082	0	0	0.791	0.237
41	6	0.3441	0	1	-1.251	0.7004
41	6	3.543	1	1	-0.04133	-1.321
41	6	0.6093	1	0	0.537	1.04
41	6	0.1863	1	0	0.2399	0.6288
41	6	0.2391	1	1	0.3716	0.4426
41	6	0.2792	0	1	0.3252	0.7566
41	6	1.313	0	0	-0.2866	-0.2062
41	6	0.0005703	1	1	-0.7982	0.5785
41	6	0.9144	1	0	1.326	1.091
41	6	0.1548	0	0	-0.3604	0.4516
41	6	0.108	0	0	-1.038	0.4748
41	6	0.1281	0	0	-0.4361	0.4535
41	6	3.991	0	0	0.1084	-1.481
41	6	3.592	0	0	0.3344	-1.331
41	6	3.462	1	1	0.09123	-1.282
41	6	0.1081	0	0	-0.3223	0.5267
41	6	0.1139	0	0	0.5741	0.5302
41	6	3.569	0	0	0.9828	-1.341
41	6	0.4123	1	1	-0.2214	0.3995
41	6	0.4656	1	0	0.1623	0.8385
42	6	0.6679	0	0	1.354	0.1245
42	6	0.07336	1	0	-0.9176	0.5467
42	6	0.997	0	1	-0.2958	1.093
42	6	0.709	1	1	1.456	0.1209
42	6	0.3468	1	1	0.03678	0.7726
42	6	0.135	1	1	0.3904	0.507
42	6	4.013	0	0	0.5869	-1.503
42	6	1	1	1	0.6024	-0.01572
42	6	0.3004	1	1	1.232	0.4299
42	6	0.6693	0	1	-0.00318	0.9858
42	6	0.3057	0	1	-1.696	0.7652
42	6	0.3764	1	0	-0.5615	0.8662
42	6	3.793	1	1	0.6242	-1.4
42	6	0.4992	0	0	-0.1185	0.3091
42	6	0.02358	0	1	-0.1614	0.6528
42	6	0.8446	1	1	-1.806	0.0007749
42	6	3.781	1	1	0.4311	-1.417
42	6	0.4999	0	0	0.7115	0.315
42	6	0.04888	0	0	-1.57	0.5864
42	6	0.2787	0	0	-1.814	0.3929
42	6	0.6642	0	0	-0.1575	0.1608
42	6	0.4195	1	0	-0.5842	0.8195
42	6	0.02487	0	1	0.8723	0.703
42	6	0.3759	0	0	-0.09695	0.4076
42	6	0.3093	1	0	-1.101	0.7811
42	6	0.7716	0	0	0.4972	0.1437
42	6	0.1649	1	1	-0.0898	0.4721
42	6	3.642	1	1	-0.422	-1.326
42	6	1.028	1	1	-0.7163	0.01678
42	6	3.57	0	0	-1.958	-1.342
42	6	0.02907	0	1	0.2876	0.5955
42	6	3.776	1	1	-0.4942	-1.408
42	6	1.037	1	0	-1.48	1.186
42	6	0.08585	0	1	-0.5491	0.6851
42	6	0.4701	0	0	-0.2937	0.1892
42	6	1.159	0	0	-1.12	-0.08306
42	6	0.02619	1	0	-2.294	0.6398
42	6	3.897	0	0	-1.254	-1.455
42	6	0.5833	0	0	0.5093	0.2668
42	6	0.3873	0	0	-0.7366	0.3956
42	6	1.004	1	1	-0.4431	-0.01568
42	6	3.56	1	1	-0.7065	-1.313
42	6	0.05069	1	0	0.5955	0.5453
42	6	0.6617	1	0	-0.6118	0.9941
42	6	0.2614	0	1	-0.05613	0.7755
42	6	1.067	1	0	-1.615	1.159
42	6	0.5222	1	1	0.7596	0.3502
42	6	3.821	1	1	-0.07734	-1.409
42	6	3.779	1	1	-0.1668	-1.414
42	6	0.008252	1	0	0.01927	0.5466
43	6	0.8202	0	0	-0.219	0.09258
43	6	0.425	0	1	0.4204	0.7647
43	6	0.456	0	1	-0.3928	0.8377
43	6	3.696	1	1	1.61	-1.357
43	6	0.1501	1	1	0.308	0.7025
43	6	3.554	1	1	-0.1718	-1.346
43	6	3.491	1	1	0.2841	-1.335
43	6	3.633	1	1	0.5783	-1.341
43	6	0.8702	1	0	-0.7736	1.102
43	6	0.6156	0	0	0.2387	0.1754
43	6	0.5038	0	1	1.546	0.9712
43	6	1.011	0	0	1.099	-0.05234
43	6	3.786	1	1	0.3613	-1.428
43	6	0.1545	0	0	0.7755	0.5296
43	6	3.721	0	0	-0.07572	-1.374
43	6	0.2359	1	1	0.1996	0.4584
43	6	0.5407	0	0	-0.7893	0.3252
43	6	0.04396	0	0	-0.1105	0.4786
43	6	0.8126	1	0	0.5512	0.9823
43	6	1.059	0	0	-1.697	-0.0154
43	6	0.8576	1	0	-0.1875	1.042
43	6	0.2188	0	0	0.3988	0.4873
43	6	0.2904	0	0	-0.6726	0.3665
43	6	0.1792	1	0	-0.3001	0.6774
43	6	0.09679	1	1	0.06633	0.5353
43	6	3.104	0	0	2.109	-1.123
43	6	0.6696	0	0	-0.3833	0.1421
43	6	0.3862	0	0	0.5285	0.3449
43	6	3.769	0	0	-0.4356	-1.394
43	6	0.3077	0	0	-0.198	0.4848
43	6	0.09225	1	0	0.2376	0.7252
43	6	0.3317	1	1	0.8044	0.4109
43	6	0.8165	1	0	-0.4173	1.022
43	6	0.08188	1	0	-0.2536	0.6217
43	6	0.5606	0	0	-0.7319	0.2184
43	6	0.2647	1	1	-0.06832	0.4156
43	6	0.8139	1	1	-0.7754	0.1138
43	6	3.663	1	1	-0.9768	-1.348
43	6	0.9489	1	0	-0.6778	1.072
43	6	0.3667	0	0	0.5689	0.3673
43	6	0.5403	1	1	2.072	0.2804
43	6	0.06541	1	0	1.824	0.5675
43	6	3.136	1	1	0.5538	-1.148
43	6	0.05863	1	0	1.017	0.5738
43	6	0.01163	1	1	-1.708	0.6994
43	6	0.6849	1	1	-1.34	0.1174
43	6	0.1465	0	1	0.7713	0.4645
43	6	0.09799	0	1	-1.161	0.6184
43	6	0.5516	1	1	0.6362	0.2207
43	6	0.002208	0	1	0.1003	0.6329
44	6	3.647	1	1	1.794	-1.381
44	6	0.6591	0	0	3.171	0.1987
44	6	0.403	0	0	1.422	0.2738
44	6	0.2024	1	0	-1.022	0.4617
44	6	1.209	1	0	0.619	1.366
44	6	0.7658	0	0	-0.2068	0.1269
44	6	0.03668	0	1	-1.152	0.5925
44	6	0.3876	0	0	0.8412	0.4312
44	6	1.324	0	0	-0.3574	-0.2631
44	6	0.2513	0	0	0.5704	0.7277
44	6	0.1934	1	0	-0.4165	0.732
44	6	0.1523	1	1	-0.307	0.4536
44	6	1.021	0	1	0.3229	1.187
44	6	0.007346	1	1	1.878	0.6052
44	6	3.651	0	0	-0.6321	-1.368
44	6	0.5455	1	1	-0.6759	0.2321
44	6	3.409	1	1	0.5013	-1.283
44	6	0.07002	1	0	-0.6733	0.5577
44	6	0.246	0	1	3.12	0.7583
44	6	0.7833	0	0	-0.8555	0.09833
44	6	0.9872	0	0	0.6624	0.06519
44	6	0.9397	0	1	0.2884	1.216
44	6	0.869	1	1	2.395	0.05256
44	6	0.1173	0	1	-0.5754	0.5132
44	6	0.5307	1	1	-0.7088	0.3161
44	6	0.5957	1	0	-0.3039	1.021
44	6	0.2433	0	1	0.3185	0.6705
44	6	0.5489	1	0	-0.08285	0.8864
44	6	0.3008	1	0	0.6883	0.7839
44	6	0.5949	1	1	-0.2123	0.223
44	6	3.861	0	0	0.412	-1.438
44	6	0.1591	0	1	-0.1667	0.6714
44	6	3.492	1	1	-0.3064	-1.309
44	6	0.6281	0	0	0.08855	0.1644
44	6	0.2288	0	1	0.292	0.4577
44	6	3.876	0	0	0.3165	-1.454
44	6	0.3234	0	0	0.7324	0.4601
44	6	3.804	1	1	0.3122	-1.427
44	6	3.391	0	0	1.483	-1.282
44	6	0.1581	0	0	-0.3453	0.5275
44	6	0.2087	0	1	0.74	0.5145
44	6	0.03475	1	0	-0.6308	0.5964
44	6	0.05875	0	0	-1.566	0.575
44	6	0.3142	0	1	0.651	0.7461
44	6	0.5068	1	0	0.4585	0.9431
44	6	3.612	1	1	1.552	-1.358
44	6	0.281	1	1	0.3709	0.3788
44	6	0.1245	1	0	0.4674	0.688
44	6	3.359	0	0	-0.3059	-1.261
44	6	0.1783	1	0	-1.757	0.7029
45	6	3.479	0	0	-2.183	-1.283
45	6	0.6492	1	1	0.795	0.1997
45	6	0.7279	0	1	0.2662	0.9766
45	6	0.5581	1	0	0.6658	0.9577
45	6	0.1488	0	1	0.8958	0.6574
45	6	0.259	0	0	-0.07892	0.3712
45	6	1.009	0	1	-2.188	1.195
45	6	0.08343	1	1	1.521	0.5608
45	6	0.2804	1	0	-2.157	0.784
45	6	0.1444	1	1	-1.784	0.4581
45	6	0.4178	1	0	-0.2952	0.8368
45	6	3.384	1	0	1.739	2.434
45	6	0.3723	1	0	1.004	0.7897
45	6	0.455	0	0	-0.7368	0.288
45	6	0.4475	0	0	1.011	0.2718
45	6	0.7103	0	0	-0.5522	0.1393
45	6	3.497	1	1	-0.05684	-1.305
45	6	0.4702	0	0	0.9795	0.3081
45	6	0.6733	1	0	-1.055	0.9621
45	6	3.868	0	0	-1.046	-1.458
45	6	3.529	0	0	0.09167	-1.344
45	6	0.3682	1	0	1.333	0.8304
45	6	0.06917	0	0	-2.128	0.5035
45	6	0.2663	0	0	-0.2234	0.4268
45	6	0.9871	1	0	0.9326	1.183
45	6	0.2093	0	1	-1.055	0.6957
45	6	0.1727	0	0	-2.208	0.4604
45	6	0.6715	1	1	0.1377	0.2007
45	6	1.025	0	0	1.4	-0.0605
45	6	3.495	0	0	-0.3551	-1.336
45	6	0.6902	1	1	-0.9408	0.2042
45	6	1.169	0	0	0.8999	-0.1144
45	6	0.1646	1	0	0.1309	0.6278
45	6	0.6393	0	1	0.952	0.9252
45	6	0.1082	1	1	-1.25	0.557
45	6	0.2947	1	0	-2.417	0.7901
45	6	0.2376	1	0	0.07216	0.4582
45	6	0.9512	1	1	-0.06775	-0.025
45	6	3.739	1	1	-1.397	-1.396
45	6	3.375	0	0	-0.3383	-1.252
45	6	0.5346	0	0	0.377	0.2627
45	6	3.527	1	1	0.3954	-1.299
45	6	0.364	1	1	0.2962	0.3939
45	6	0.7527	1	1	0.5353	0.1455
45	6	0.06486	0	0	0.1499	0.5158
45	6	0.01446	0	1	-1.736	0.6285
45	6	0.06887	1	0	0.4214	0.6357
45	6	3.62	0	0	-0.6441	-1.347
45	6	0.2499	0	0	0.5287	0.3987
45	6	0.9297	1	0	-0.05675	1.16
46	6	1.122	1	0	-0.7666	1.337
46	6	0.3259	0	1	-0.4079	0.8194
46	6	0.7612	0	0	0.9226	0.1219
46	6	3.647	0	0	-1.966	-1.344
46	6	0.1368	0	0	0.179	0.5224
46	6	0.0483	0	0	1.418	0.5741
46	6	0.3505	0	0	0.2859	0.3395
46	6	0.07499	0	1	0.1552	0.528
46	6	0.6358	0	0	1.664	0.2587
46	6	0.7424	1	1	0.3705	0.09143
46	6	3.698	0	0	1.594	-1.393
46	6	0.1085	1	1	-1.592	0.6615
46	6	3.675	1	1	0.5609	-1.389
46	6	0.1463	1	1	-1.318	0.4743
46	6	0.7527	1	0	-0.182	0.9779
46	6	1.05	1	1	1.696	-0.03157
46	6	3.701	1	1	-1.49	-1.376
46	6	0.8715	1	1	-2.534	0.1701
46	6	3.804	0	0	-2.484	-1.411
46	6	0.8945	1	1	-1.156	0.02438
46	6	0.3968	1	1	-0.6493	0.3381
46	6	0.1284	0	0	0.1576	0.6478
46	6	0.3458	1	1	-1.291	0.4109
46	6	0.01285	1	0	0.3251	0.6154
46	6	3.658	1	1	-1.115	-1.402
46	6	0.07701	0	0	-0.2258	0.5126
46	6	0.1297	1	1	-0.411	0.4987
46	6	0.5398	1	1	0.853	0.1799
46	6	3.698	0	0	-0.7746	-1.381
46	6	0.5157	0	1	-0.4605	0.897
46	6	0.5384	1	0	0.6506	0.8418
46	6	0.3566	0	1	-0.1018	0.7809
46	6	0.04219	0	0	0.3401	0.515
46	6	0.03686	1	0	-2.003	0.5906
46	6	3.556	0	0	0.02175	-1.309
46	6	0.2102	1	1	-1.03	0.4308
46	6	3.796	1	1	0.154	-1.415
46	6	0.5862	1	1	0.1155	0.1891
46	6	0.1235	0	1	0.1313	0.7108
46	6	0.4154	1	1	1.19	0.3529
46	6	0.1533	0	1	0.3303	0.6049
46	6	0.9456	1	1	0.9861	-0.04235
46	6	0.3106	1	1	-0.4863	0.4282
46	6	0.003408	1	1	0.1798	0.6519
46	6	0.9463	1	1	-0.3625	-0.001053
46	6	0.3906	1	1	-0.5544	0.2978
46	6	0.04825	1	0	1.875	0.623
46	6	0.235	0	1	1.061	0.7601
46	6	3.822	0	0	-1.28	-1.437
46	6	0.3749	0	1	-0.4351	0.7913
47	6	3.589	1	1	-1.952	-1.319
47	6	0.5708	0	0	0.9094	0.1567
47	6	0.8576	1	0	-0.2852	1.106
47	6	0.5178	1	1	-0.4964	0.2092
47	6	1.172	1	0	-0.5279	1.411
47	6	0.08933	0	0	0.6026	0.5909
47	6	0.5498	1	1	-0.03273	0.3114
47	6	0.546	0	0	0.07962	0.2129
47	6	3.463	1	1	0.1132	-1.277
47	6	0.1329	0	0	1.246	0.542
47	6	0.356	0	0	-0.1205	0.3824
47	6	3.612	0	0	-0.1111	-1.348
47	6	0.932	0	0	-0.2371	-0.004798
47	6	0.1164	0	0	0.8352	0.6076
47	6	3.717	0	0	0.5817	-1.396
47	6	0.8579	1	1	1.293	0.07928
47	6	0.216	0	0	-0.8589	0.4794
47	6	1.458	1	1	0.3119	-0.2666
47	6	0.418	1	0	0.09216	0.8443
47	6	3.671	1	1	-0.6481	-1.394
47	6	0.1199	1	1	-0.4629	0.4653
47	6	0.2317	0	0	2.506	0.4728
47	6	0.1506	0	0	0.09013	0.4696
47	6	0.03754	1	0	-0.3478	0.5808
47	6	3.268	0	0	-0.5675	-1.193
47	6	0.3111	0	0	-1.358	0.3874
47	6	0.1294	0	0	1.043	0.5364
47	6	3.682	0	0	-0.03315	-1.392
47	6	0.1425	1	0	-1.079	0.5464
47	6	0.5602	1	1	0.2899	0.2898
47	6	0.4632	0	1	1.829	0.8966
47	6	0.118	1	1	-0.116	0.5004
47	6	0.9218	0	0	1.186	0.07791
47	6	0.9888	1	0	0.6508	1.214
47	6	0.08489	0	1	-1.502	0.5884
47	6	3.623	1	1	-0.8867	-1.331
47	6	4.006	0	0	0.2919	-1.508
47	6	1.085	1	1	0.799	-0.08886
47	6	1.06	1	1	-1.223	-0.1058
47	6	0.5913	1	1	-1.586	0.2198
47	6	0.3787	0	1	0.2236	0.758
47	6	0.9466	0	0	-0.4975	0.008535
47	6	0.001634	1	1	0.1566	0.5602
47	6	0.4296	0	1	0.639	0.7901
47	6	3.782	1	1	0.2146	-1.427
47	6	0.4695	0	1	-0.51	0.9016
47	6	0.4356	0	0	-0.2752	0.3435
47	6	0.7353	1	0	0.2328	0.9741
47	6	0.1472	1	0	-1.015	0.6055
47	6	0.5007	0	1	-0.4404	0.976
48	6	0.9209	0	0	1.364	0.04371
48	6	3.659	0	0	-1.456	-1.35
48	6	0.955	1	0	0.6121	1.176
48	6	0.3713	0	1	1.363	0.8112
48	6	4.246	1	1	-0.4945	-1.566
48	6	3.268	0	0	-1.293	-1.232
48	6	0.2229	0	0	-1.124	0.4478
48	6	1.15	1	1	0.6933	-0.174
48	6	0.1806	1	0	-0.5066	0.7311
48	6	0.07276	0	0	-0.0585	0.5731
48	6	3.424	0	0	-0.5442	-1.292
48	6	0.6562	0	0	0.9335	0.1768
48	6	0.1737	1	0	-0.6593	0.6429
48	6	0.3211	1	1	-0.4627	0.3385
48	6	0.02391	1	0	1.818	0.5679
48	6	0.006526	1	1	-0.9853	0.5666
48	6	4.234	1	1	-0.4777	-1.568
48	6	0.6967	0	1	0.3275	0.9573
48	6	0.2913	0	0	-1.144	0.441
48	6	0.9932	0	0	-0.6732	-0.02127
48	6	3.43	1	1	-2.007	-1.285
48	6	0.1353	1	0	-0.07257	0.6623
48	6	0.4176	1	0	1.274	0.896
48	6	0.2953	1	1	-0.303	0.4206
48	6	0.3309	1	1	0.1334	0.4026
48	6	3.742	1	1	-1.035	-1.39
48	6	0.7155	1	0	0.5091	1.006
48	6	0.4303	0	0	0.1763	0.4404
48	6	0.02796	0	0	-0.2386	0.5855
48	6	0.2331	1	0	0.2376	0.7158
48	6	0.3433	0	1	-0.462	0.7964
48	6	0.4883	1	1	-1.368	0.3307
48	6	1.227	0	1	-0.1236	1.363
48	6	3.313	0	0	-0.7233	-1.267
48	6	3.564	1	1	-0.6478	-1.291
48	6	0.5154	1	0	0.7663	0.8931
48	6	0.7753	1	0	-2.927	1.104
48	6	0.03158	1	1	2.398	0.5871
48	6	0.3954	0	1	-0.5722	0.9011
48	6	0.5436	1	0	1.037	0.8776
48	6	1.101	0	1	-1.113	1.325
48	6	0.01429	1	1	0.2124	0.5645
48	6	0.01858	1	1	-0.78	0.5679
48	6	0.6741	0	0	1.325	0.1775
48	6	3.578	1	1	-0.3668	-1.341
48	6	0.02261	1	1	0.4192	0.63
48	6	0.3949	0	1	-1.018	0.7721
48	6	0.6708	0	0	0.4383	0.16
48	6	0.268	0	0	0.04925	0.403
48	6	0.1747	0	1	-1.271	0.6994
49	6	0.1151	1	0	-0.5234	0.6116
49	6	0.4555	1	0	1.332	0.9267
49	6	0.06484	0	0	-0.8574	0.5461
49	6	0.1492	1	1	0.02175	0.513
49	6	0.07228	1	0	0.7738	0.7132
49	6	0.1809	0	0	-0.7928	0.4896
49	6	0.548	1	1	0.6435	0.3226
49	6	0.6519	0	1	0.4697	1.083
49	6	3.975	0	0	0.2605	-1.48
49	6	0.8823	0	0	-0.2425	0.07434
49	6	0.4038	0	0	0.5508	0.3541
49	6	0.8903	0	0	0.1662	0.03306
49	6	0.1036	1	1	0.3915	0.6762
49	6	0.002339	0	1	0.3616	0.6179
49	6	3.688	0	0	0.07566	-1.346
49	6	3.881	1	1	-0.6107	-1.465
49	6	0.9387	0	0	-0.1206	0.03028
49	6	0.2006	1	1	0.2654	0.3926
49	6	0.3159	1	0	0.1182	0.707
49	6	3.615	1	1	0.2842	-1.34
49	6	1.333	1	1	-0.336	-0.2121
49	6	3.289	1	1	-0.5752	-1.225
49	6	0.2349	0	1	0.9706	0.6353
49	6	0.7722	1	1	-1.523	0.1565
49	6	0.09271	1	1	-0.6693	0.5035
49	6	1.226	1	0	1.971	1.382
49	6	0.4119	0	1	-2.276	0.8195
49	6	0.9335	0	0	0.477	0.05929
49	6	0.4585	0	0	-1.401	0.2641
49	6	3.681	1	1	1.237	-1.372
49	6	0.3186	1	1	0.05079	0.7652
49	6	0.9548	0	0	0.3413	0.02301
49	6	0.07166	0	1	-0.1471	0.6062
49	6	0.04763	0	1	-0.05872	0.5811
49	6	0.1004	0	0	-1.199	0.5737
49	6	0.2844	1	0	3.603	0.6575
49	6	0.8341	0	0	-0.6965	0.05772
49	6	0.2757	0	0	0.5871	0.4115
49	6	3.6	1	0	0.4007	2.419
49	6	0.8158	1	0	-0.4272	0.9646
49	6	0.5229	1	0	0.3873	0.8282
49	6	0.959	1	1	0.5577	-0.01796
49	6	3.521	1	1	0.6794	-1.274
49	6	0.03775	1	0	-0.02371	0.6353
49	6	0.1706	0	0	-0.04221	0.4727
49	6	0.5543	1	0	-1.258	0.914
49	6	3.857	0	0	-0.02242	-1.436
49	6	3.496	1	1	0.9808	-1.284
49	6	0.054	0	1	0.1762	0.6002
49	6	0.3663	0	0	-2.119	0.3603
