0	2	1.011	1	1	0.2749
0	2	3.406	0	0	-0.602
0	2	0.1319	0	0	-2.112
0	2	5.803	1	1	-0.1581
0	2	0.167	1	1	-0.1134
0	2	0.4919	0	0	-3.741
0	2	3.504	1	1	0.1942
0	2	0.5251	1	0	-0.3459
0	2	0.1803	1	1	0.09675
0	2	5.614	1	1	0.8626
0	2	1.777	0	1	0.432
0	2	5.335	0	0	-0.7472
0	2	1.59	1	1	0.1266
0	2	1.982	1	1	0.03217
0	2	0.7941	0	1	0.563
0	2	1.012	1	1	0.6805
0	2	3.358	1	1	-1.209
0	2	0.3488	1	1	1.715
0	2	3.727	0	0	0.2463
0	2	3.517	0	0	0.2527
0	2	1.07	1	1	1.158
0	2	3.967	0	1	1.04
0	2	0.6787	0	1	1.127
0	2	1.703	0	1	0.9652
0	2	5.256	0	0	0.03482
0	2	0.7961	1	1	-0.7454
0	2	1.467	0	1	0.9773
0	2	1.898	1	1	1.25
0	2	5.518	1	1	0.3061
0	2	5.46	0	0	0.3569
0	2	1.908	0	1	0.4731
0	2	1.378	1	1	-1.322
0	2	5.404	0	0	0.1332
0	2	3.567	1	1	-0.6948
0	2	0.8385	0	1	0.138
0	2	0.4459	0	1	0.3633
0	2	1.706	1	1	2.072
0	2	0.5924	0	0	0.6821
0	2	5.463	0	0	-1.412
0	2	0.614	1	1	0.8163
0	2	3.435	1	1	-1.41
0	2	0.2233	0	1	0.7983
0	2	0.814	0	0	0.4164
0	2	1.035	0	1	-0.03611
0	2	1.725	0	0	-0.1341
0	2	3.235	0	0	0.4881
0	2	1.91	1	1	-0.3733
0	2	5.456	0	0	0.3093
0	2	3.294	1	1	-0.9743
0	2	5.129	1	1	-0.5774
1	2	3.508	0	0	1.611
1	2	0.8798	0	1	-0.3583
1	2	5.542	0	0	-2.428
1	2	0.5958	1	1	0.347
1	2	5.122	1	1	0.3083
1	2	0.6354	1	1	0.514
1	2	0.6275	1	0	0.414
1	2	0.6609	1	1	1.09
1	2	0.5089	0	0	-1.59
1	2	3.744	0	0	0.3962
1	2	5.664	0	0	0.1931
1	2	1.951	0	0	0.7174
1	2	0.7298	1	0	-0.2287
1	2	3.423	0	0	-0.04835
1	2	1.103	0	1	-0.1357
1	2	1.923	1	1	1.217
1	2	5.171	0	0	0.5444
1	2	1.097	1	1	-0.6485
1	2	5.091	0	0	-0.4841
1	2	0.8702	1	1	-1.344
1	2	2.062	0	1	1.35
1	2	0.9184	1	1	0.8812
1	2	5.79	0	0	-0.2321
1	2	5.375	0	0	0.1557
1	2	3.803	0	0	-0.3856
1	2	3.441	0	0	-0.2592
1	2	2.144	1	1	-0.4888
1	2	0.9109	0	1	0.3172
1	2	0.9764	0	1	-0.7426
1	2	3.909	1	1	0.4992
1	2	0.5136	0	1	-0.1712
1	2	0.3215	1	1	1.232
1	2	3.844	1	1	0.3749
1	2	0.3001	1	1	0.4493
1	2	3.743	0	0	-0.8037
1	2	1.822	0	0	0.2592
1	2	1.711	1	1	-1.28
1	2	0.3578	1	1	1.179
1	2	3.53	1	1	-0.4567
1	2	0.6308	1	1	1.144
1	2	1.924	0	0	-0.3125
1	2	0.3271	1	1	0.4254
1	2	5.54	0	0	-0.2117
1	2	0.9151	1	1	-0.09744
1	2	5.442	1	1	0.3339
1	2	3.368	0	0	0.5527
1	2	1.634	0	0	-2.456
1	2	1.86	1	1	-0.399
1	2	0.7159	1	1	-0.2106
1	2	5.438	1	1	-0.7018
2	2	1.927	1	1	-0.03224
2	2	0.7123	0	0	1.231
2	2	5.306	0	0	0.3815
2	2	1.857	0	1	0.001292
2	2	5.482	1	1	1.485
2	2	3.628	1	1	1.843
2	2	0.4088	0	1	0.1084
2	2	0.9363	1	1	0.05209
2	2	0.2507	0	1	1.242
2	2	1.073	1	1	0.0303
2	2	0.9141	1	1	-0.6956
2	2	5.458	1	1	1.45
2	2	1.661	1	1	-1.622
2	2	0.608	0	1	-0.9077
2	2	0.5614	0	1	0.9367
2	2	0.3754	1	1	-0.04889
2	2	3.362	0	0	0.1926
2	2	3.475	0	0	-1.194
2	2	0.4638	0	1	0.4899
2	2	1.994	0	0	-0.326
2	2	1.938	0	1	0.4146
2	2	1.097	1	1	0.6662
2	2	3.658	0	1	1.441
2	2	0.961	0	1	0.7891
2	2	1.929	0	1	1.755
2	2	0.207	1	1	0.9694
2	2	1.157	1	1	-0.4891
2	2	0.7209	1	1	1.032
2	2	5.204	1	1	0.5449
2	2	0.5539	1	1	1.032
2	2	0.8952	1	1	0.4683
2	2	3.434	0	0	-0.5042
2	2	1.262	1	1	2.519
2	2	4.896	1	1	-2.877
2	2	3.487	1	1	0.2433
2	2	3.909	1	1	-1.743
2	2	5.192	0	0	-2.412
2	2	1.775	1	1	-0.06611
2	2	3.406	1	1	-1.456
2	2	1.169	0	1	1.538
2	2	1.598	1	1	-0.7902
2	2	1.597	0	0	-1.393
2	2	5.528	0	0	1.882
2	2	5.292	1	1	-2.118
2	2	3.332	0	0	-0.9917
2	2	3.347	0	0	0.2102
2	2	0.9835	1	1	-1.293
2	2	5.356	1	1	-0.4343
2	2	1.575	0	0	0.8992
2	2	5.313	0	0	0.9995
3	2	0.9292	0	1	0.3842
3	2	0.5107	0	0	-1.407
3	2	5.171	0	0	-0.4014
3	2	0.9253	1	0	0.2543
3	2	2.027	0	0	-0.7059
3	2	0.6459	0	1	-0.07357
3	2	3.219	1	1	0.1594
3	2	0.5009	0	1	0.07561
3	2	1.975	1	1	0.2503
3	2	1.664	0	0	0.7618
3	2	2.045	0	0	1.259
3	2	1.393	0	0	0.4217
3	2	5.287	0	0	-1.977
3	2	1.028	1	1	1.542
3	2	0.7124	0	0	0.9152
3	2	3.048	1	1	-0.8286
3	2	3.468	1	1	0.1278
3	2	3.739	0	0	0.3057
3	2	3.476	1	1	-0.7733
3	2	0.5979	1	1	0.4829
3	2	3.38	0	0	-0.896
3	2	0.2231	1	1	-2.21
3	2	0.7854	1	1	-1.135
3	2	3.763	1	1	-0.07332
3	2	5.572	1	1	0.7302
3	2	1.611	1	1	-0.08442
3	2	0.6868	0	1	0.2099
3	2	0.402	1	0	-0.0406
3	2	1.918	1	1	-0.2123
3	2	0.9522	1	1	0.5893
3	2	1.022	1	1	0.813
3	2	3.372	1	1	0.1412
3	2	0.1056	1	1	-1.092
3	2	5.577	1	1	0.903
3	2	3.287	0	0	0.6705
3	2	5.565	0	0	-1.445
3	2	1.762	0	0	0.3506
3	2	5.022	1	1	0.8702
3	2	5.492	0	0	0.2773
3	2	3.497	1	1	0.1303
3	2	5.028	1	1	-0.3559
3	2	0.6984	0	0	0.3538
3	2	1.765	0	0	-0.0236
3	2	0.5367	0	1	-0.2481
3	2	0.8639	0	0	0.198
3	2	5.365	1	1	1.051
3	2	1.929	0	0	-0.354
3	2	5.531	0	0	-0.108
3	2	0.6026	0	0	0.6133
3	2	0.8252	1	1	-0.2592
4	2	3.226	1	1	0.6628
4	2	5.739	1	1	-0.3589
4	2	0.7855	0	0	0.6731
4	2	0.6445	0	0	-0.4832
4	2	0.4948	1	1	-0.01426
4	2	3.485	1	1	-0.1285
4	2	3.64	0	0	-1.062
4	2	5.142	0	0	-1.554
4	2	1.196	1	1	0.6811
4	2	3.017	1	1	-1.299
4	2	1.983	1	1	-0.9359
4	2	5.49	0	0	0.6121
4	2	0.7641	1	1	1.421
4	2	0.8181	1	1	-0.2818
4	2	1.692	0	1	1.491
4	2	0.5141	1	0	2.706
4	2	1.635	0	0	-0.0791
4	2	0.347	1	1	0.7163
4	2	1.649	1	1	0.5711
4	2	5.183	0	0	1.837
4	2	0.4936	0	0	0.4615
4	2	1.828	0	0	0.1995
4	2	3.452	1	1	-0.7407
4	2	5.597	1	1	-0.6638
4	2	0.2042	0	1	-0.481
4	2	0.48	0	0	-0.1542
4	2	3.314	0	0	-2.378
4	2	1.645	1	1	-0.1754
4	2	5.28	0	0	-0.4031
4	2	0.7683	1	1	0.874
4	2	0.4977	0	1	0.07021
4	2	1.78	1	1	-0.6783
4	2	3.894	1	1	-0.9996
4	2	5.414	1	1	-0.1502
4	2	3.711	1	1	0.3068
4	2	1.192	0	1	0.4936
4	2	3.61	0	0	-1.569
4	2	1.865	0	1	0.6058
4	2	1.603	1	1	-0.07357
4	2	0.5405	0	1	0.6922
4	2	1.595	0	1	1.542
4	2	1.51	1	0	0.2735
4	2	5.463	1	1	-0.2212
4	2	0.5297	0	1	0.2439
4	2	0.69	0	1	-0.1242
4	2	5.175	0	0	0.1034
4	2	5.368	0	0	-0.2374
4	2	1.104	0	1	1.804
4	2	0.7102	1	1	0.9768
4	2	3.563	1	1	0.1171
5	2	0.6348	0	1	-0.08281
5	2	0.8283	1	1	1.445
5	2	0.2773	1	1	1.295
5	2	5.398	1	1	-0.7237
5	2	1.621	0	0	0.08798
5	2	5.382	1	1	0.6277
5	2	1.029	0	1	1.029
5	2	0.7693	1	1	-0.6246
5	2	0.4434	1	1	1.145
5	2	0.9105	0	1	-0.5608
5	2	5.329	0	0	0.2037
5	2	0.5185	1	1	-1.349
5	2	1.789	0	0	0.5718
5	2	5.384	0	0	-0.3201
5	2	5.325	1	1	0.8499
5	2	5.415	1	1	1.198
5	2	1.78	1	1	1.408
5	2	3.7	1	1	-0.8862
5	2	5.235	1	1	-0.5824
5	2	3.876	1	1	-0.338
5	2	1.838	0	0	-0.9695
5	2	4.999	1	1	-0.2315
5	2	3.551	1	1	-0.8322
5	2	3.175	1	1	1.618
5	2	0.8697	0	0	1.608
5	2	0.4773	0	0	-0.4634
5	2	5.921	1	1	-1.623
5	2	1.051	0	0	0.7576
5	2	0.2278	1	0	-0.05119
5	2	1.815	0	0	0.07295
5	2	1.798	1	1	2.021
5	2	1.706	0	0	-0.2335
5	2	3.507	0	0	0.615
5	2	0.3541	1	0	3.021
5	2	3.712	0	0	-1.014
5	2	3.521	0	1	-1.162
5	2	1.709	0	0	-2.636
5	2	0.8329	1	1	-0.1695
5	2	0.9774	1	1	-0.008774
5	2	0.279	0	1	1.418
5	2	5.423	1	1	-1.025
5	2	0.8501	1	1	0.9195
5	2	0.1087	1	0	0.1649
5	2	4.055	0	0	-0.8543
5	2	0.1339	0	1	0.8965
5	2	0.4345	0	1	-0.4698
5	2	3.617	0	0	0.8008
5	2	3.609	1	1	0.7538
5	2	2.015	0	0	1.691
5	2	2.129	0	0	0.4897
6	2	3.454	0	0	0.9654
6	2	1.13	0	0	-0.9603
6	2	0.651	0	1	0.0007306
6	2	1.611	1	1	-0.6346
6	2	0.5758	1	1	1.346
6	2	5.664	0	0	-0.8099
6	2	1.943	1	1	0.1947
6	2	0.7415	0	0	-0.2698
6	2	3.67	0	0	-3.056
6	2	5.614	0	0	0.8361
6	2	0.3306	0	0	1.272
6	2	5.296	1	1	-0.5772
6	2	3.413	0	0	-0.8155
6	2	3.563	0	0	-0.1319
6	2	1.63	0	0	-0.3211
6	2	5.137	1	1	-0.2897
6	2	0.9584	1	1	-0.2115
6	2	2.097	1	1	-0.008624
6	2	5.109	0	0	0.006674
6	2	3.266	1	1	0.2042
6	2	0.2216	0	0	-0.8921
6	2	0.7811	1	1	0.3227
6	2	0.486	1	1	-1.078
6	2	0.3657	0	1	-0.612
6	2	0.7098	1	1	0.5292
6	2	5.384	1	1	0.8213
6	2	0.6007	1	1	-0.3959
6	2	5.024	0	0	0.4487
6	2	0.8355	1	1	-1.112
6	2	3.531	0	0	-0.18
6	2	5.591	1	1	-0.5504
6	2	1.658	1	1	-0.1194
6	2	0.2525	1	0	-0.1321
6	2	0.3834	1	1	0.58
6	2	3.811	0	0	1.4
6	2	0.7629	1	1	0.7078
6	2	0.05753	0	1	-0.8547
6	2	1.697	0	0	0.02392
6	2	3.785	0	0	1.08
6	2	1.872	1	1	0.7162
6	2	5.202	1	1	0.2915
6	2	1.459	1	1	-0.7449
6	2	2.116	0	0	-1.119
6	2	5.651	0	0	-1.251
6	2	3.384	1	1	0.5523
6	2	3.75	1	1	0.9114
6	2	1.099	1	1	-0.9692
6	2	0.1164	0	1	0.2946
6	2	1.969	1	1	0.1863
6	2	1.078	0	1	0.3389
7	2	3.671	0	0	1.884
7	2	0.5088	1	0	0.931
7	2	1.097	1	1	0.6716
7	2	1.089	0	0	0.9275
7	2	0.7904	1	1	0.5879
7	2	0.6252	0	1	0.5163
7	2	3.352	0	0	0.08868
7	2	0.5909	1	1	0.1925
7	2	3.72	1	1	0.3241
7	2	2.098	0	1	-0.9186
7	2	5.503	0	0	-0.09315
7	2	5.301	0	0	-1.364
7	2	4.962	1	1	-0.01449
7	2	3.428	1	1	-1.403
7	2	5.469	1	1	-0.8913
7	2	3.712	1	1	-0.251
7	2	3.56	0	0	0.4773
7	2	3.29	0	1	1.313
7	2	0.8154	1	1	-0.4263
7	2	0.9773	0	0	-0.5216
7	2	3.528	1	1	-0.9137
7	2	0.8071	1	1	-0.04506
7	2	1.128	0	1	0.4404
7	2	0.5417	0	1	-0.266
7	2	1.592	1	1	0.04576
7	2	0.8041	1	1	0.9489
7	2	0.3105	0	0	0.7277
7	2	5.334	1	1	-0.6491
7	2	0.5505	0	0	0.295
7	2	5.522	1	1	0.8449
7	2	0.1823	0	0	-0.7393
7	2	0.9366	1	1	1.154
7	2	1.224	1	1	-1.844
7	2	0.1177	0	1	0.8453
7	2	3.43	1	1	-2.694
7	2	1.651	1	1	-0.3801
7	2	0.4845	1	1	-2.054
7	2	1.428	1	1	1.871
7	2	2.084	0	0	0.4002
7	2	1.637	1	1	-0.522
7	2	4.889	1	1	-0.08852
7	2	5.179	0	0	0.7819
7	2	1.985	0	1	0.5476
7	2	0.7677	0	0	-0.601
7	2	0.3492	0	1	0.659
8	2	1.186	0	1	-0.2025
8	2	2.155	0	0	-0.4744
8	2	0.4857	1	1	0.1923
8	2	0.5671	0	1	-0.184
8	2	5.3	0	0	-0.9352
8	2	3.858	0	0	-1.255
8	2	0.5988	1	1	0.3658
8	2	5.45	1	1	-0.5891
8	2	5.577	1	1	-0.4323
8	2	1.637	1	1	-0.1241
8	2	1.698	0	1	-0.1263
8	2	1.479	0	1	0.7574
8	2	2.083	0	0	0.7423
8	2	3.467	1	1	0.09688
8	2	0.7124	1	1	0.2905
8	2	3.586	0	0	-0.6141
8	2	1.936	1	1	2.029
8	2	1.543	0	1	-0.5243
8	2	1.607	1	1	1.006
8	2	0.2176	1	1	0.8575
8	2	3.927	1	1	0.4672
8	2	5.694	0	0	-0.301
8	2	0.2145	1	0	0.7908
8	2	3.825	1	1	0.4788
8	2	5.576	1	1	0.07397
8	2	1.318	1	1	0.2768
8	2	0.2449	1	1	0.3748
8	2	3.532	1	1	1.222
8	2	5.108	0	0	-1.306
8	2	1.604	0	1	1.007
8	2	4.996	0	0	0.4675
8	2	0.747	1	1	1.766
8	2	1.092	1	1	0.4621
8	2	1.26	0	0	0.01971
8	2	0.9609	1	1	0.1369
8	2	0.4505	0	1	1.107
8	2	3.781	0	0	2.068
8	2	5.543	1	1	2.102
8	2	5.124	0	0	0.2715
8	2	0.9785	1	1	0.7711
8	2	0.7313	0	0	-0.1385
8	2	0.5971	0	1	0.3683
8	2	3.855	0	0	-0.3734
8	2	1.975	0	0	0.2534
8	2	3.556	0	0	0.5234
8	2	0.4632	1	1	0.6791
8	2	0.9831	0	0	-0.5249
8	2	3.407	0	0	-1.054
8	2	0.7381	1	1	0.8369
8	2	5.56	1	1	-0.2694
9	2	5.36	1	1	0.1738
9	2	0.8823	0	0	0.5036
9	2	0.729	1	1	0.6887
9	2	0.7319	0	1	-0.1585
9	2	0.8897	0	0	0.1756
9	2	1.511	1	1	1.123
9	2	3.586	0	0	1.16
9	2	3.4	1	1	1.186
9	2	2.058	0	0	0.3914
9	2	0.6164	0	0	0.1411
9	2	3.784	1	1	0.7529
9	2	0.2582	0	0	-1.03
9	2	3.472	0	0	-0.6496
9	2	5.369	0	0	0.8822
9	2	3.288	1	1	0.8828
9	2	1.905	1	1	-1.835
9	2	3.683	1	1	-0.4081
9	2	1.93	1	1	-1.023
9	2	0.8564	1	1	0.1639
9	2	5.32	1	1	1.051
9	2	0.3812	1	1	-0.2171
9	2	3.596	0	0	-0.9535
9	2	3.675	0	0	0.9562
9	2	0.1562	0	1	-0.4816
9	2	3.615	0	0	1.644
9	2	5.427	1	1	-0.05953
9	2	0.3295	1	1	-1.146
9	2	1.508	1	1	1.804
9	2	1.719	0	0	-1.632
9	2	0.2015	1	1	1.26
9	2	1.78	1	1	0.4719
9	2	1.171	1	1	-0.1116
9	2	1.973	0	0	-0.06341
9	2	1.164	1	1	1.851
9	2	5.536	1	1	-0.6491
9	2	0.9818	1	1	0.5074
9	2	5.479	0	0	0.2736
9	2	1.746	0	0	-2.148
9	2	0.1321	1	0	0.1708
9	2	1.998	0	0	-0.3292
9	2	5.527	1	1	1.167
9	2	5.466	0	0	-1.303
9	2	5.603	0	0	-1.156
9	2	5.485	0	0	-1.509
9	2	0.9253	0	1	-0.6304
9	2	1.018	1	1	0.8075
9	2	0.4602	0	1	-0.9478
9	2	0.9711	1	1	-0.2257
9	2	3.636	1	1	-0.4517
9	2	1.171	0	1	0.07457
10	3	0.9364	1	1	0.7229
10	3	3.448	0	0	1.682
10	3	3.619	0	0	-0.4517
10	3	3.638	0	0	-0.7672
10	3	5.214	0	0	-0.2911
10	3	4.87	1	1	-3.516
10	3	0.4696	0	1	1.391
10	3	1.239	1	1	-0.2943
10	3	3.548	1	1	-0.5016
10	3	0.4875	0	1	0.5825
10	3	5.515	0	0	0.3013
10	3	2.074	1	1	1.494
10	3	0.9382	0	0	0.1354
10	3	1.797	0	0	-0.72
10	3	1.884	0	0	0.609
10	3	1.958	0	1	-1.632
10	3	0.6971	1	1	1.163
10	3	1.753	0	0	-0.2393
10	3	0.4809	1	1	1.141
10	3	5.457	1	1	0.4178
10	3	4.903	1	1	0.9542
10	3	0.7194	1	0	0.8234
10	3	3.674	0	0	0.6688
10	3	3.778	0	0	-0.3048
10	3	5.411	1	1	0.5425
10	3	3.586	0	0	1.694
10	3	3.421	1	1	0.3682
10	3	1.723	1	1	1.069
10	3	1.959	0	0	0.4678
10	3	0.9854	0	1	-0.9957
10	3	5.442	0	0	1.356
10	3	1.06	1	1	-0.08101
10	3	0.9561	0	1	-0.6554
10	3	5.292	1	1	-0.2896
10	3	5.549	1	1	-1.138
10	3	0.2822	0	0	-0.3682
10	3	1.332	1	1	1.457
10	3	2.078	0	0	-0.02314
10	3	1.794	1	1	-0.2143
10	3	0.2736	0	0	-0.2088
10	3	0.7646	1	1	0.4805
10	3	5.32	1	1	-0.003585
10	3	3.845	1	1	-1.204
10	3	0.4286	1	1	0.5032
10	3	0.9724	1	1	0.5439
10	3	3.721	1	1	0.1421
10	3	2.085	1	1	1.396
10	3	0.5432	1	1	1.608
10	3	0.7705	0	0	0.8525
10	3	0.6748	0	0	1.137
11	3	0.4736	0	0	0.8712
11	3	5.347	1	1	0.6383
11	3	3.659	0	0	0.2581
11	3	5.22	0	0	0.1262
11	3	1.056	0	1	0.8157
11	3	1.8	0	0	1.477
11	3	3.895	0	0	0.8089
11	3	2.037	1	1	1.524
11	3	1.003	0	0	1.867
11	3	0.3004	1	0	2.232
11	3	3.878	1	1	-0.105
11	3	1.797	0	0	0.151
11	3	5.431	1	1	0.6325
11	3	5.509	0	0	1.116
11	3	3.656	0	0	-0.9175
11	3	3.537	0	0	0.2317
11	3	0.7448	1	1	1.385
11	3	5.636	1	1	-0.6982
11	3	0.2873	1	0	0.8538
11	3	3.324	1	1	-0.6403
11	3	5.221	0	0	0.9971
11	3	0.6189	1	0	-1.026
11	3	1.982	0	0	1.138
11	3	3.954	1	1	-0.6189
11	3	1.002	1	1	1.3
11	3	0.4365	0	0	-0.3251
11	3	0.716	1	0	0.5135
11	3	0.2807	1	0	1.252
11	3	1.605	1	1	0.3357
11	3	1.713	0	0	1.064
11	3	0.5163	1	1	-0.627
11	3	5.228	0	0	-0.1823
11	3	3.784	1	1	1.816
11	3	0.9905	1	1	1.234
11	3	3.82	1	1	1.347
11	3	0.9527	1	1	0.124
11	3	1.544	1	1	-0.01903
11	3	0.6373	0	0	0.8517
11	3	2.205	0	1	1.872
11	3	3.536	0	0	-1.849
11	3	0.3334	0	1	-0.7614
11	3	1.628	0	0	0.2131
11	3	0.9866	1	1	-0.2128
11	3	5.667	1	1	-0.48
11	3	0.7885	1	1	1.324
11	3	5.134	0	0	0.1476
11	3	5.383	1	1	-1.31
11	3	0.3753	0	0	0.4472
11	3	1.5	1	1	0.5587
11	3	0.1541	0	1	-0.2005
12	3	3.469	0	0	0.9495
12	3	5.372	1	1	-0.8558
12	3	3.599	0	0	-0.6196
12	3	0.5209	0	1	-0.5615
12	3	5.518	0	0	0.2556
12	3	3.328	0	0	-0.1362
12	3	0.7154	1	1	0.9714
12	3	3.693	0	0	-2.21
12	3	0.8576	0	0	0.7079
12	3	1.848	1	0	0.1931
12	3	0.4773	1	1	0.3542
12	3	3.537	1	1	-0.1178
12	3	1.955	1	1	1.099
12	3	2.087	0	0	0.5952
12	3	3.504	0	0	-2.376
12	3	0.1892	1	0	-0.2234
12	3	0.4592	1	1	-0.2802
12	3	0.5815	1	1	-0.304
12	3	1.037	0	1	1.376
12	3	1.586	1	1	-0.3484
12	3	3.963	0	0	-1.1
12	3	5.411	0	0	0.118
12	3	0.7863	1	1	1.513
12	3	5.308	1	1	-0.4943
12	3	0.7053	0	0	-1.792
12	3	1.005	1	1	-0.2009
12	3	5.555	1	1	-0.4473
12	3	0.3698	0	0	1.567
12	3	3.371	1	1	0.8556
12	3	1.01	0	0	0.3059
12	3	2.21	1	1	1.294
12	3	5.345	1	1	-0.4675
12	3	5.599	0	0	0.2739
12	3	1.738	0	0	0.8438
12	3	1.664	0	0	0.371
12	3	3.681	0	0	0.2938
12	3	1.752	0	1	0.2782
12	3	2.113	1	0	0.1895
12	3	0.8598	0	1	2.055
12	3	0.5935	1	1	-0.333
12	3	5.297	0	0	1.681
12	3	3.724	0	0	0.5453
12	3	5.11	0	0	0.05239
12	3	0.6501	1	1	1.952
12	3	0.3204	1	1	-2.208
12	3	0.5646	0	1	-0.662
12	3	1.871	0	0	0.4887
12	3	0.8501	1	1	0.05985
12	3	4.968	1	1	-0.6567
12	3	0.5091	1	1	-0.08135
13	3	5.238	0	0	1.594
13	3	1.085	1	0	-0.401
13	3	3.32	1	1	-0.3688
13	3	5.036	1	1	-2.273
13	3	0.6322	0	0	-1.367
13	3	3.929	1	1	0.4094
13	3	4.041	0	0	-0.6687
13	3	5.653	0	0	-1.85
13	3	0.4258	0	0	0.3033
13	3	1.981	0	0	-0.5599
13	3	1.673	1	1	0.618
13	3	3.651	1	1	-0.6667
13	3	3.757	0	0	0.06887
13	3	1.803	1	1	-0.9308
13	3	3.877	0	0	1.832
13	3	3.193	1	1	-0.1006
13	3	5.224	0	0	0.3569
13	3	0.6953	1	1	0.2652
13	3	1.659	1	0	-0.09702
13	3	0.7286	1	0	0.4429
13	3	1.491	1	1	0.2699
13	3	3.516	0	0	-0.1791
13	3	0.5946	0	0	-0.3161
13	3	5.426	0	0	0.6844
13	3	1.87	1	1	0.2644
13	3	3.671	1	1	0.8228
13	3	0.9158	1	1	0.3116
13	3	1.994	1	1	1.6
13	3	0.9952	0	1	-0.4259
13	3	0.5703	1	1	0.5073
13	3	0.8097	1	0	0.2336
13	3	0.599	0	0	0.2334
13	3	1.177	0	0	0.1185
13	3	0.381	0	1	-0.9685
13	3	5.604	0	0	1.701
13	3	1.174	1	1	-0.4929
13	3	0.4609	0	0	-0.618
13	3	5.39	1	1	1.427
13	3	1.072	0	1	0.008092
13	3	5.437	0	0	-0.5011
13	3	0.3588	0	0	-0.7497
13	3	0.2212	0	0	1.224
13	3	5.449	1	1	1.322
13	3	2.295	1	1	-0.314
13	3	0.3563	1	0	0.5926
13	3	1.772	0	0	0.9581
13	3	5.25	1	1	-0.4156
13	3	3.636	0	0	1.689
13	3	0.5274	0	1	0.2781
13	3	1.784	0	0	1.383
14	3	3.52	0	0	0.3583
14	3	1.021	0	0	-1.006
14	3	0.6128	0	0	0.7005
14	3	5.452	1	1	-0.5201
14	3	0.5281	0	1	-0.1917
14	3	0.7105	1	0	-0.8211
14	3	5.477	1	1	-1.021
14	3	1.639	0	0	-2.193
14	3	5.653	0	0	-0.7615
14	3	1.522	0	1	0.3178
14	3	0.7112	0	1	-0.4193
14	3	0.4169	1	1	1.939
14	3	1.895	0	0	-0.4363
14	3	0.4672	0	1	2.318
14	3	5.143	1	1	0.2473
14	3	1.532	1	0	0.5537
14	3	3.661	0	0	-0.9607
14	3	1.899	1	1	0.2168
14	3	1.901	1	1	-1.651
14	3	3.562	1	1	-1.242
14	3	3.366	0	0	-0.9169
14	3	1.885	1	1	1.138
14	3	5.646	1	1	-1.124
14	3	1.888	1	1	-1.166
14	3	0.7338	0	0	0.5767
14	3	0.6898	0	1	-1.729
14	3	5.31	1	1	-2.638
14	3	3.764	1	1	-0.6631
14	3	0.404	0	0	0.8203
14	3	1.365	0	0	-1.212
14	3	3.986	0	0	-1.234
14	3	0.5539	0	0	0.7583
14	3	1.986	0	0	-0.7081
14	3	0.5093	1	1	-0.1454
14	3	0.4195	1	0	0.1607
14	3	3.802	1	1	-1.027
14	3	4.987	0	0	0.2069
14	3	1.212	1	1	-1.279
14	3	1.399	1	1	-1.255
14	3	5.061	0	0	-1.768
14	3	5.141	1	1	-0.2858
14	3	0.7965	1	1	1.568
14	3	3.804	0	0	2.314
14	3	3.736	1	1	0.946
14	3	5.108	0	0	-0.06936
14	3	0.3726	0	0	1.17
14	3	0.7006	0	1	-0.8023
14	3	3.586	1	1	-0.4043
14	3	1.11	1	1	1.464
14	3	1.134	1	1	1.113
15	3	0.1615	0	1	1.346
15	3	2.071	1	1	-0.01915
15	3	1.056	1	1	0.1986
15	3	3.501	1	1	0.05866
15	3	5.493	0	0	-0.6789
15	3	0.9028	0	1	2.087
15	3	0.4149	0	1	1.1
15	3	1.903	0	0	0.7063
15	3	0.9196	0	0	0.4185
15	3	1.752	1	1	1.106
15	3	3.429	1	1	-2.701
15	3	0.09905	1	1	1.147
15	3	2.105	1	1	-2.163
15	3	5.282	1	1	1.428
15	3	0.81	1	0	0.8575
15	3	3.444	1	1	-0.1809
15	3	3.584	0	0	-0.4128
15	3	2.026	0	0	-1.222
15	3	0.4406	0	1	-0.07889
15	3	5.532	1	1	0.719
15	3	5.426	0	0	-0.5305
15	3	3.63	1	1	0.5571
15	3	0.1809	1	1	-1.88
15	3	3.7	0	0	1.366
15	3	0.5889	0	0	2.152
15	3	0.3293	1	1	0.5154
15	3	5.112	0	0	-0.2068
15	3	3.702	0	0	-0.2282
15	3	1.817	0	0	-1.448
15	3	3.734	1	1	-1.117
15	3	0.5027	1	0	-0.6052
15	3	5.237	0	0	0.651
15	3	0.6674	1	1	0.495
15	3	1.684	0	0	-1.587
15	3	0.2808	1	1	1.154
15	3	0.8439	0	1	0.528
15	3	5.51	1	1	-0.8309
15	3	0.5116	1	1	-0.3527
15	3	1.049	0	1	0.5944
15	3	3.43	1	1	1.764
15	3	1.634	0	0	0.6717
15	3	3.395	0	0	1.286
15	3	5.541	1	1	2.541
15	3	1.22	0	0	-1.141
15	3	0.4852	1	1	-0.1955
15	3	1	0	1	-2.273
15	3	5.415	0	0	2.288
15	3	1.595	1	1	1.099
15	3	5.501	1	1	-0.7892
16	3	0.2995	1	0	0.01908
16	3	1.619	0	0	-2.262
16	3	1.835	0	0	-0.6453
16	3	3.514	0	0	-1.365
16	3	5.367	0	0	0.03679
16	3	0.511	0	1	1.096
16	3	1.531	1	1	0.7915
16	3	3.703	1	1	-0.5363
16	3	1.142	1	1	-0.7202
16	3	0.3553	1	1	0.636
16	3	5.195	0	0	1.594
16	3	0.4058	0	0	-0.6075
16	3	0.5935	0	0	-0.2033
16	3	3.501	0	0	-0.1025
16	3	0.4332	1	1	0.3387
16	3	1.588	0	0	-0.9045
16	3	5.434	0	0	-0.04542
16	3	3.605	1	1	0.6624
16	3	1.085	1	1	-1.565
16	3	2.05	1	1	-0.1867
16	3	3.657	1	1	-0.9274
16	3	0.573	0	0	0.7585
16	3	1.205	0	0	0.3806
16	3	0.2651	1	1	0.3558
16	3	3.656	1	1	-0.5465
16	3	3.613	1	1	-0.0009643
16	3	1.438	0	1	-1.164
16	3	1.6	1	1	-0.383
16	3	0.5916	0	0	-0.8749
16	3	1.767	1	1	-0.6706
16	3	5.225	0	0	-1.374
16	3	1.236	1	1	-1.278
16	3	4.936	1	1	0.4101
16	3	5.447	0	0	-0.8997
16	3	1.161	1	1	-0.7202
16	3	3.714	1	1	0.007898
16	3	0.4721	0	1	-0.04263
16	3	0.7093	1	1	-0.4908
16	3	1.166	0	0	-0.6561
16	3	1.099	1	1	0.313
16	3	3.663	0	0	-2.469
16	3	1.876	0	1	0.2353
16	3	5.095	1	1	-0.9666
16	3	3.569	1	1	-0.2362
16	3	5.17	0	0	-1.99
16	3	0.7904	1	1	0.1929
16	3	0.4771	1	1	0.2304
16	3	5.39	0	0	0.5116
16	3	1.403	0	0	-0.2254
16	3	5.449	0	0	-0.5587
17	3	3.344	1	1	-0.3283
17	3	1.685	0	0	0.2673
17	3	0.9826	1	1	-0.8206
17	3	1.708	1	1	0.2201
17	3	3.525	0	0	-0.8334
17	3	3.737	1	1	-0.3887
17	3	1.084	1	1	-0.4376
17	3	1.661	0	0	0.2049
17	3	3.983	1	1	-1.417
17	3	1.115	1	1	-0.1171
17	3	0.8179	0	0	0.4565
17	3	0.7597	0	0	0.6027
17	3	1.065	1	1	-1.791
17	3	2.026	1	1	2.195
17	3	5.289	1	1	-0.5649
17	3	0.1984	1	0	-0.5465
17	3	1.98	0	0	-1.284
17	3	5.292	0	0	-1.033
17	3	0.418	0	0	-2.105
17	3	1.569	0	0	0.9348
17	3	5.34	1	1	-0.4391
17	3	1.307	0	0	1.224
17	3	3.778	0	0	-1.948
17	3	5.262	0	0	-0.5867
17	3	1.883	0	1	0.3434
17	3	1.15	0	0	-0.9982
17	3	1.262	1	1	-1.31
17	3	0.492	0	0	-0.2568
17	3	4.195	1	1	-1.899
17	3	0.857	1	1	0.7238
17	3	5.698	0	0	0.1158
17	3	0.5784	0	1	-0.1394
17	3	0.9726	0	0	0.4316
17	3	5.378	1	1	-3.331
17	3	5.186	0	0	-3.329
17	3	5.554	1	1	0.8535
17	3	0.4516	1	1	-0.8111
17	3	5.444	1	1	-1.415
17	3	0.6615	1	0	0.6119
17	3	3.636	0	0	-0.2166
17	3	3.837	0	0	-2.214
17	3	0.9082	0	0	-1.539
17	3	0.3168	1	0	1.245
17	3	5.417	0	0	0.6087
17	3	3.636	1	1	-0.832
17	3	1.35	1	1	-0.5118
17	3	1.784	1	1	-0.03725
17	3	0.537	1	1	2.055
17	3	3.173	0	0	-0.9372
17	3	0.3943	1	1	-0.6713
18	3	5.423	0	0	-0.4959
18	3	5.305	0	0	-0.3926
18	3	0.6165	0	0	0.9503
18	3	4.037	1	1	-0.9669
18	3	0.1885	0	1	0.03095
18	3	1.008	1	1	-1.135
18	3	3.533	0	0	-0.6833
18	3	0.8169	1	1	-1.158
18	3	0.7236	0	1	-0.4194
18	3	0.4821	1	1	0.4148
18	3	5.124	1	1	-3.629
18	3	0.9286	1	1	0.08733
18	3	3.316	1	1	-0.6567
18	3	0.7932	0	0	0.3041
18	3	0.2438	0	0	-0.04
18	3	1.603	0	0	-1.642
18	3	0.5177	1	1	0.4815
18	3	0.3649	0	0	-0.7662
18	3	5.402	1	1	0.1973
18	3	5.32	0	0	0.6875
18	3	3.8	0	0	0.03514
18	3	0.4541	0	1	0.2512
18	3	1.603	0	1	1.226
18	3	0.3798	1	0	0.3594
18	3	5.585	0	0	-0.102
18	3	3.581	0	0	-1.967
18	3	3.546	1	1	0.3454
18	3	0.05408	1	0	-1.93
18	3	3.353	0	0	-0.5911
18	3	0.7067	1	1	0.8428
18	3	5.768	1	1	1.736
18	3	1.872	1	1	2.891
18	3	1.911	0	0	-0.04435
18	3	0.9016	0	1	0.08263
18	3	0.994	1	0	-0.9613
18	3	1.978	0	0	-0.007891
18	3	1.608	1	1	-0.5817
18	3	5.616	0	0	-0.2006
18	3	1.521	1	1	-1.029
18	3	2.14	1	1	0.05399
18	3	0.5779	0	1	-0.7071
18	3	3.636	0	0	0.5693
18	3	0.3263	0	1	-1.076
18	3	1.066	1	1	-1.72
18	3	3.821	1	1	-2.033
18	3	1.811	1	1	0.7973
18	3	5.695	1	1	-2.635
18	3	1.511	1	1	2.249
18	3	3.826	1	1	-1.467
18	3	5.5	1	1	-0.8261
19	3	1.523	0	0	0.6972
19	3	3.364	0	0	-0.6871
19	3	0.671	1	1	1.34
19	3	3.777	0	0	-1.19
19	3	1.891	1	1	-1.183
19	3	5.547	1	1	0.2183
19	3	1.664	0	0	-0.2892
19	3	3.734	0	0	0.2377
19	3	0.4523	0	0	-0.953
19	3	3.653	0	0	0.718
19	3	0.8793	0	0	-0.8681
19	3	0.535	1	1	-0.9409
19	3	0.8299	0	0	0.09714
19	3	5.5	1	1	-1.067
19	3	0.7703	0	1	-0.9223
19	3	0.261	0	1	1.116
19	3	1.872	1	1	0.9278
19	3	1.595	0	0	-0.1686
19	3	0.4652	1	0	-1.478
19	3	0.667	1	1	-0.7601
19	3	2.22	1	1	-2.788
19	3	0.9224	1	0	0.3003
19	3	1.657	0	0	0.4436
19	3	0.2271	0	0	-0.7308
19	3	5.84	0	0	0.4123
19	3	1.775	0	0	1.792
19	3	0.3041	1	1	-1.361
19	3	3.758	0	0	-0.2032
19	3	0.944	0	1	-0.8006
19	3	3.483	1	1	-0.7519
19	3	0.7118	1	1	0.08162
19	3	0.3297	1	0	-0.02909
19	3	3.606	1	1	-0.957
19	3	0.6143	1	1	0.4498
19	3	0.9209	0	0	0.07668
19	3	1.963	0	0	-0.415
19	3	0.3444	0	0	-0.1771
19	3	3.883	0	0	0.3433
19	3	3.758	1	1	0.2795
19	3	0.5571	1	1	1.339
19	3	5.599	0	0	0.5451
19	3	5.375	1	1	-0.4203
19	3	1.937	0	0	-0.153
19	3	5.675	1	1	-1.01
19	3	5.463	0	0	0.001765
19	3	5.295	1	1	-1.548
19	3	5.563	1	1	-0.3286
19	3	5.3	0	0	1.753
19	3	0.963	1	1	1.404
19	3	3.152	1	1	1.09
20	4	2.065	1	1	-0.5638
20	4	0.01519	0	1	-0.1412
20	4	5.273	0	0	-0.402
20	4	5.286	1	1	-0.2866
20	4	5.498	1	1	-0.6109
20	4	3.661	0	0	-0.155
20	4	0.9028	1	0	-0.3371
20	4	0.4291	0	0	0.3388
20	4	0.9926	0	0	-1.683
20	4	0.653	1	1	1.58
20	4	3.831	0	0	-0.06903
20	4	1.114	0	0	0.5153
20	4	1.163	1	1	0.8657
20	4	3.638	1	1	-0.8074
20	4	0.5666	0	0	0.8538
20	4	0.2074	0	0	0.6838
20	4	1.448	0	0	0.8505
20	4	5.087	0	0	-2.967
20	4	0.451	1	1	0.7085
20	4	0.4795	1	1	-1.103
20	4	1.854	1	1	0.1938
20	4	0.7705	0	1	0.0253
20	4	3.6	0	0	-0.9392
20	4	3.459	0	0	0.9597
20	4	5.56	1	1	0.5564
20	4	3.722	1	1	0.1763
20	4	1.525	1	1	0.4142
20	4	5.146	0	0	-0.02724
20	4	5.584	0	0	1.11
20	4	3.792	1	1	0.09904
20	4	5.297	0	0	0.2582
20	4	1.077	1	1	-0.1468
20	4	2.031	0	0	-0.4408
20	4	0.9382	1	1	0.4316
20	4	0.19	0	0	-1.624
20	4	3.842	1	1	-1.394
20	4	1.803	1	1	-0.01763
20	4	5.267	1	1	-1.723
20	4	0.6493	1	1	-0.3422
20	4	1.236	1	0	0.4683
20	4	3.747	0	0	0.6403
20	4	1.929	1	0	-0.5065
20	4	1.914	1	1	-1.357
20	4	0.6346	1	1	0.6985
20	4	0.9994	0	0	0.4766
20	4	2.144	1	1	-0.1764
20	4	5.262	0	0	0.04432
20	4	3.742	0	0	-0.2276
20	4	0.7465	0	0	-1.539
20	4	1.653	0	0	0.67
21	4	1.746	0	0	0.6793
21	4	0.3682	1	1	0.471
21	4	1.109	0	1	-0.128
21	4	1.805	1	1	-1.466
21	4	3.517	0	0	-0.3519
21	4	3.629	0	0	-0.8252
21	4	0.5016	0	0	-0.8579
21	4	0.6911	0	0	0.3181
21	4	2.082	1	1	0.4381
21	4	5.167	1	1	-1.673
21	4	0.8815	1	0	-2.584
21	4	0.3758	1	0	-0.07923
21	4	1.493	1	1	0.8998
21	4	5.545	1	1	-0.4387
21	4	1.668	1	1	0.7165
21	4	5.298	1	1	-0.2883
21	4	3.856	0	0	-0.2901
21	4	5.223	1	1	0.8679
21	4	0.6907	0	0	0.4755
21	4	5.127	1	1	-0.1517
21	4	0.7667	0	0	1.274
21	4	3.634	0	0	-0.4851
21	4	0.7409	0	0	-0.1234
21	4	1.496	0	0	-1.161
21	4	3.496	1	1	0.1343
21	4	1.276	1	1	-0.5906
21	4	1.968	0	0	-1.109
21	4	5.521	1	1	-0.08861
21	4	1.979	0	0	-0.4085
21	4	0.8413	1	0	0.7852
21	4	0.9198	1	0	0.9619
21	4	0.2347	0	0	0.04175
21	4	0.531	1	0	0.7127
21	4	0.5219	1	1	1.318
21	4	3.354	0	0	1.24
21	4	0.7609	0	0	0.2013
21	4	0.5642	1	1	0.4389
21	4	0.5333	1	1	1.063
21	4	3.634	1	1	0.1675
21	4	5.305	1	1	0.09718
21	4	5.317	0	0	-1.804
21	4	3.802	0	0	0.8215
21	4	3.975	0	0	-0.9603
21	4	5.277	1	1	0.6268
21	4	0.2811	0	0	0.9597
21	4	0.8606	0	1	0.7358
21	4	2.05	1	1	1.247
21	4	5.266	0	0	-4.036
21	4	0.9126	0	0	0.1327
21	4	3.624	0	0	-0.7316
22	4	1.827	1	1	1.6
22	4	0.0245	0	0	0.2892
22	4	0.508	0	0	1.838
22	4	0.9485	0	0	-1.087
22	4	3.811	0	0	0.609
22	4	0.9794	1	1	0.2579
22	4	0.8123	1	1	0.8333
22	4	1.29	1	1	0.7436
22	4	5.35	0	0	0.9903
22	4	1.969	1	1	0.5352
22	4	1.119	0	0	-0.01069
22	4	0.3649	1	0	0.4683
22	4	5.343	0	0	-1.416
22	4	0.84	1	1	0.1758
22	4	1.453	0	0	1.036
22	4	5.784	1	1	0.05433
22	4	0.3111	1	0	0.6828
22	4	0.302	0	0	-0.2832
22	4	5.174	1	1	0.2536
22	4	3.487	0	0	-0.2955
22	4	5.181	0	0	0.3741
22	4	0.243	0	0	0.06399
22	4	3.584	0	0	-0.8882
22	4	5.419	1	1	-0.5082
22	4	1.145	0	0	0.3462
22	4	0.8516	0	0	1.607
22	4	5.287	1	1	-0.06497
22	4	0.4372	1	1	-0.07381
22	4	0.744	0	0	0.5141
22	4	1.764	0	0	-4.106
22	4	0.6236	1	1	-0.2725
22	4	5.383	1	1	-1.863
22	4	1.992	1	0	-1.207
22	4	1.629	1	1	2.051
22	4	1.523	0	0	0.3409
22	4	3.601	1	1	0.3926
22	4	3.595	1	1	-0.4421
22	4	1.35	1	1	-0.2865
22	4	0.4612	0	0	-0.1446
22	4	1.782	0	0	0.9312
22	4	5.405	0	0	0.3319
22	4	3.611	0	0	-0.4969
22	4	1.91	1	1	-0.5799
22	4	1.042	1	1	-2.844
22	4	3.705	1	1	-0.03502
22	4	3.858	0	0	0.4314
22	4	3.222	0	0	-0.3036
22	4	3.608	1	1	-0.6909
22	4	5.308	1	1	-0.403
22	4	0.5235	0	0	0.2498
23	4	0.7269	1	1	0.7902
23	4	2.087	1	1	0.2703
23	4	0.3169	0	1	0.992
23	4	3.935	0	0	0.09923
23	4	1.396	1	1	-0.2024
23	4	0.8781	0	0	-0.1555
23	4	0.4771	0	0	-0.5406
23	4	1.526	0	0	0.4875
23	4	0.6884	1	1	-0.9981
23	4	1.017	1	1	-2.517
23	4	5.409	0	0	-2.916
23	4	0.2135	0	1	1.111
23	4	0.7714	0	1	0.388
23	4	0.392	1	1	0.8804
23	4	4.026	0	0	0.5938
23	4	0.2529	1	1	-0.8152
23	4	5.846	0	0	0.5984
23	4	1.017	1	1	-0.8187
23	4	0.5135	0	0	0.7409
23	4	1.109	0	0	-0.1142
23	4	1.847	0	0	0.255
23	4	3.527	0	0	-0.4464
23	4	5.143	1	1	-0.4048
23	4	5.464	1	1	-0.6479
23	4	0.6195	0	0	0.1846
23	4	1.97	1	1	5.158
23	4	3.334	0	0	-1.08
23	4	3.478	1	1	-0.1141
23	4	2.153	1	1	-1.419
23	4	0.7452	0	0	1.86
23	4	3.693	1	1	-0.303
23	4	1.932	0	0	0.02695
23	4	3.314	0	0	-0.1716
23	4	1.861	0	0	-0.8995
23	4	0.08016	0	0	1.016
23	4	5.29	1	1	-0.9251
23	4	0.7713	1	1	-0.7123
23	4	3.587	1	1	-2.964
23	4	1.627	1	1	-0.6946
23	4	1.872	0	0	0.2702
23	4	0.292	0	1	0.2494
23	4	0.6255	1	0	0.6237
23	4	5.487	1	1	0.9261
23	4	3.635	1	1	0.007773
23	4	2.229	1	1	-0.03319
23	4	5.222	1	1	-1.378
23	4	5.483	0	0	-0.7356
23	4	5.042	1	1	0.4727
23	4	3.817	1	1	0.5925
23	4	5.162	1	1	-0.01362
24	4	3.917	1	1	-0.7703
24	4	0.8118	0	0	-0.2367
24	4	1.548	1	0	-0.1682
24	4	0.9405	1	0	-0.1383
24	4	5.486	1	1	0.1911
24	4	3.49	0	0	-0.7903
24	4	1.802	1	0	0.349
24	4	1.912	0	0	2.573
24	4	3.269	0	0	-0.265
24	4	3.756	0	0	0.0952
24	4	3.49	0	0	-1.4
24	4	5.442	0	0	-2.494
24	4	0.6294	0	0	0.924
24	4	0.8743	1	1	-0.7395
24	4	0.457	1	0	1.582
24	4	1.834	0	0	1.272
24	4	5.488	1	1	0.5554
24	4	0.3437	1	1	-0.3866
24	4	1.86	1	0	-0.8216
24	4	0.0955	0	0	1.705
24	4	0.26	0	0	0.5907
24	4	5.614	1	1	-0.801
24	4	2.203	0	0	0.1281
24	4	0.4054	1	0	-0.78
24	4	5.547	1	1	0.3185
24	4	5.232	0	0	0.5405
24	4	3.609	0	0	0.7843
24	4	3.581	0	0	0.7894
24	4	5.418	0	0	0.6474
24	4	3.814	1	1	0.1311
24	4	1.09	1	1	0.5873
24	4	0.3678	1	0	0.3856
24	4	3.555	0	0	1.335
24	4	1.028	1	0	-0.6036
24	4	1.509	1	0	-0.8993
24	4	1.649	1	1	-2.067
24	4	5.565	0	0	-1.941
24	4	1.799	0	0	-0.2724
24	4	0.5227	1	0	0.7791
24	4	1.129	0	1	-0.201
24	4	5.7	1	1	0.1111
24	4	0.8065	0	0	-1.117
24	4	0.9896	1	1	-0.4992
24	4	1.054	0	0	0.4815
24	4	0.9107	0	0	-1.526
24	4	0.7585	1	0	0.9689
24	4	5.712	1	1	-0.1989
24	4	1.161	1	1	0.1872
24	4	1.936	0	0	-0.1105
24	4	3.606	0	0	-0.3643
25	4	3.657	0	0	-0.0965
25	4	5.144	0	0	0.2409
25	4	0.5998	0	0	-0.02985
25	4	0.6983	0	0	-0.1029
25	4	1.634	0	0	0.5481
25	4	1.714	1	1	0.8094
25	4	0.9765	0	1	0.1724
25	4	0.5108	1	0	0.7884
25	4	0.4941	1	1	0.4018
25	4	0.4674	1	1	0.5393
25	4	0.5547	1	0	1.071
25	4	3.385	1	1	0.5198
25	4	0.5026	0	1	1.655
25	4	0.6938	1	0	0.9905
25	4	0.69	0	0	0.7641
25	4	3.513	0	0	1.544
25	4	1.975	1	1	-1.347
25	4	3.675	0	0	-0.2655
25	4	1.065	1	1	2.373
25	4	1.33	1	1	0.4531
25	4	0.3869	1	1	0.2933
25	4	1.562	1	1	0.2956
25	4	3.848	0	0	-3.265
25	4	1.096	1	1	1.445
25	4	0.7585	0	0	0.209
25	4	3.997	1	1	-0.5637
25	4	5.717	0	0	-0.2443
25	4	1.77	0	0	-1.016
25	4	2.027	0	0	-0.1462
25	4	1.782	1	1	0.9509
25	4	3.482	1	1	-0.3538
25	4	5.395	0	0	0.7579
25	4	3.66	0	0	0.2948
25	4	0.8333	0	0	1.409
25	4	1.954	0	0	0.1912
25	4	5.552	1	1	-0.1287
25	4	5.534	0	0	-0.5482
25	4	0.2156	1	0	-0.9518
25	4	0.7784	0	0	1.599
25	4	1.614	0	0	-1.594
25	4	3.615	0	0	0.0641
25	4	5.291	1	1	-0.5686
25	4	0.7095	1	1	0.0321
25	4	2.152	1	1	-0.1809
25	4	5.507	1	1	-0.657
25	4	5.126	1	1	0.9019
25	4	0.8499	0	0	1.763
25	4	5.363	1	1	-1.33
25	4	3.54	0	0	0.4803
25	4	5.306	1	1	0.8113
26	4	5.426	0	0	-0.01974
26	4	1.275	0	0	1.283
26	4	1.114	1	1	0.1656
26	4	3.493	1	1	0.3646
26	4	1.433	1	1	-0.03324
26	4	5.42	1	1	-1.548
26	4	0.9311	1	0	0.2105
26	4	0.7021	0	0	-0.2433
26	4	0.8495	0	0	-2.552
26	4	3.418	0	0	-2.085
26	4	3.428	1	1	-1.76
26	4	5.099	0	0	0.2368
26	4	0.445	0	1	0.3639
26	4	0.5164	0	1	-0.5781
26	4	3.558	1	1	0.5167
26	4	5.331	0	0	0.7332
26	4	5.292	1	1	-1.788
26	4	1.004	1	1	-0.654
26	4	5.292	1	1	-0.6871
26	4	1.575	0	0	0.09872
26	4	0.9342	1	1	-1.298
26	4	0.4591	0	0	0.9396
26	4	0.3605	0	0	-0.7532
26	4	3.573	1	1	-0.02588
26	4	5.038	0	0	-1.256
26	4	5.499	1	1	-0.8215
26	4	3.433	0	0	-1.004
26	4	3.624	1	1	0.8124
26	4	0.996	1	0	0.4625
26	4	3.473	0	0	0.293
26	4	0.6372	0	1	-0.9112
26	4	5.401	0	0	-1.683
26	4	3.638	0	0	0.1616
26	4	0.5088	1	0	0.1099
26	4	1.635	0	0	-0.3974
26	4	0.8852	1	1	1.505
26	4	1.05	1	1	-0.06915
26	4	1.802	0	0	-0.8189
26	4	1.783	1	1	1.499
26	4	0.7497	0	1	0.1086
26	4	1.603	1	1	0.5833
26	4	3.718	1	1	-0.9874
26	4	0.7896	1	1	-1.554
26	4	2.183	0	0	-0.4884
26	4	1.568	0	0	-0.7841
26	4	0.3912	0	1	-1.58
26	4	5.453	0	0	0.2626
26	4	0.96	0	1	0.2469
26	4	1.728	1	1	0.05333
26	4	1.599	1	1	-0.2016
27	4	3.237	1	1	1.261
27	4	0.4737	1	0	0.4741
27	4	1.777	1	1	1.091
27	4	0.6374	1	1	-1.349
27	4	0.3624	1	1	2.55
27	4	1.013	0	1	-0.6838
27	4	1.78	0	0	0.3418
27	4	1.931	1	1	0.8608
27	4	5.55	0	0	-0.2588
27	4	1.032	0	0	0.03515
27	4	0.6328	1	1	0.4159
27	4	5.421	0	0	-0.8518
27	4	3.865	1	1	-0.951
27	4	5.593	0	0	-0.9591
27	4	0.3582	1	1	-1.861
27	4	3.266	1	1	-0.1432
27	4	0.9938	1	1	-0.8707
27	4	3.332	0	0	1.355
27	4	1.639	1	1	0.7473
27	4	0.5216	0	0	-1.16
27	4	0.7517	1	1	-2.011
27	4	2.167	0	0	-0.351
27	4	0.9915	0	0	1.271
27	4	0.5072	0	0	-1.179
27	4	5.381	1	1	-1.367
27	4	1.847	0	0	1.692
27	4	1.923	0	0	0.05398
27	4	0.8561	0	0	-0.3855
27	4	3.333	0	0	-0.4416
27	4	1.893	1	1	-1.451
27	4	5.278	0	0	0.01213
27	4	0.8706	0	1	-1.262
27	4	0.4293	1	0	-1.344
27	4	3.636	1	1	-1.273
27	4	5.237	0	0	-0.1472
27	4	1.982	0	0	0.06149
27	4	3.073	1	1	-0.362
27	4	0.7913	1	1	0.1765
27	4	1.642	1	0	0.2114
27	4	0.7369	0	0	-2.586
27	4	3.788	0	0	-0.8743
27	4	5.331	0	0	0.2614
27	4	5.068	0	0	-0.3124
27	4	0.2905	1	1	0.3992
27	4	3.625	1	1	-1.725
27	4	0.7132	0	1	0.1639
27	4	3.388	1	1	-0.2236
27	4	5.264	1	1	0.8219
27	4	5.513	1	1	-0.7591
27	4	0.4895	1	1	-1.064
28	4	0.691	0	0	0.8698
28	4	0.8469	1	1	0.4835
28	4	1.148	1	1	0.06671
28	4	3.777	1	1	-0.4219
28	4	1.884	0	0	0.1405
28	4	0.8986	1	0	0.009574
28	4	0.9399	0	0	-0.2303
28	4	0.8531	0	0	1.252
28	4	1.871	0	0	1.008
28	4	3.801	0	0	-0.05368
28	4	0.4077	0	0	0.9318
28	4	5.209	1	1	0.54
28	4	3.335	1	1	-0.5303
28	4	5.627	1	1	-1.489
28	4	5.362	0	0	0.7016
28	4	1.709	1	0	0.2116
28	4	3.575	0	0	1.797
28	4	0.4742	1	0	-0.6535
28	4	1.599	1	1	-1.791
28	4	5.223	0	0	0.9567
28	4	3.675	0	0	1.374
28	4	0.3672	0	0	0.0603
28	4	0.4323	1	1	0.7804
28	4	1.175	0	0	0.05243
28	4	1.966	1	0	0.8347
28	4	0.5602	1	0	1.981
28	4	1.881	1	1	1.368
28	4	5.224	1	1	0.893
28	4	3.654	1	1	0.003226
28	4	0.225	0	1	-0.3949
28	4	3.66	0	0	-0.1982
28	4	1.809	1	1	-0.1402
28	4	0.1616	0	0	0.4932
28	4	5.408	0	0	-3.775
28	4	1.973	0	0	0.596
28	4	1.702	0	0	1.354
28	4	5.515	0	0	0.1154
28	4	1.174	1	1	1.117
28	4	0.5502	0	0	0.04345
28	4	5.569	1	1	-0.465
28	4	0.7898	0	1	0.2732
28	4	5.017	1	1	0.7058
28	4	1.824	1	1	0.4702
28	4	4.138	1	1	1.281
28	4	5.739	0	0	-1.52
28	4	0.8409	0	0	-1.751
28	4	3.646	1	1	-2.053
28	4	3.928	0	0	-2.792
28	4	0.9415	0	0	-2.032
28	4	0.5789	1	0	-0.3777
29	4	3.586	0	0	-0.5638
29	4	5.36	0	0	1.767
29	4	5.299	1	1	0.184
29	4	0.6801	1	0	-0.8496
29	4	3.528	1	1	0.5412
29	4	1.656	0	0	0.9871
29	4	5.474	0	0	-0.7276
29	4	3.2	0	0	-0.1062
29	4	5.247	0	0	0.3291
29	4	1.805	0	0	0.5053
29	4	0.125	0	0	0.02368
29	4	0.9431	1	1	1.025
29	4	1.56	0	0	0.2558
29	4	1.689	1	0	-0.1255
29	4	0.7521	1	0	0.5723
29	4	1.141	1	0	-2.162
29	4	0.1835	1	0	-0.01281
29	4	3.456	1	1	-1.342
29	4	0.406	0	0	-0.8056
29	4	0.5552	1	1	0.1325
29	4	0.8389	0	0	0.2579
29	4	1.647	0	0	0.2039
29	4	0.9419	0	0	0.5385
29	4	1.545	1	1	-1.287
29	4	0.8197	0	1	-1.785
29	4	5.45	0	0	-1.483
29	4	0.8989	1	0	-0.7122
29	4	1.509	0	0	-1.339
29	4	3.45	1	1	-1.209
29	4	1.088	0	0	0.5657
29	4	0.8036	1	0	1.23
29	4	5.062	0	0	-0.07286
29	4	0.9539	0	0	-1.862
29	4	5.464	0	0	-2.145
29	4	0.4829	1	1	0.3398
29	4	5.798	1	1	0.5878
29	4	3.38	0	0	0.4569
29	4	0.6744	0	0	1.415
29	4	1.18	1	1	-0.3543
29	4	0.5891	1	0	-0.721
29	4	3.499	0	0	0.1959
29	4	5.187	1	1	-0.207
29	4	3.591	1	1	-0.7421
29	4	5.162	1	1	0.02015
29	4	0.2102	0	1	-1.193
29	4	3.578	0	0	-1.051
29	4	3.573	1	1	-0.1274
29	4	1.953	1	1	-0.2818
29	4	2.013	1	1	-1.006
29	4	2.152	1	1	-1.092
30	5	1.046	0	0	0.09255
30	5	5.434	0	0	-0.6433
30	5	5.093	0	0	-0.2893
30	5	3.611	1	1	-1.738
30	5	1.228	0	0	0.4956
30	5	0.4889	1	0	-0.2023
30	5	0.5636	0	1	2.026
30	5	2.033	0	1	1.668
30	5	3.673	1	1	-0.1921
30	5	3.752	1	1	-0.09035
30	5	5.407	1	1	-0.6988
30	5	0.9518	1	1	-0.02577
30	5	3.494	1	1	0.978
30	5	1.751	0	0	1.409
30	5	0.6865	1	1	1.756
30	5	1.209	1	1	0.1993
30	5	5.578	0	0	-0.5233
30	5	3.422	1	1	0.6333
30	5	0.7401	1	0	2.66
30	5	1.931	0	0	0.5424
30	5	5.199	0	0	0.2901
30	5	0.9539	0	0	0.5906
30	5	3.302	1	1	-0.2136
30	5	3.837	1	1	0.4221
30	5	2.036	1	0	1.712
30	5	1.576	0	0	-0.861
30	5	3.888	1	1	1.504
30	5	0.8555	0	0	0.8062
30	5	1.559	0	0	0.6028
30	5	5.272	0	0	-1.728
30	5	0.1248	0	1	0.1592
30	5	0.8814	1	0	0.1694
30	5	1.219	1	0	0.998
30	5	5.363	1	1	0.3312
30	5	0.6796	0	0	0.9423
30	5	3.654	1	1	2.113
30	5	3.495	0	0	2.107
30	5	1.741	0	0	0.7915
30	5	0.3715	1	1	-0.06704
30	5	5.548	1	1	0.6438
30	5	1.062	1	0	0.3575
30	5	0.5618	0	0	-0.284
30	5	5.359	1	1	1.488
30	5	5.46	0	0	-1.259
30	5	1.933	0	0	-1.695
30	5	1.694	1	0	-0.2625
30	5	1.532	0	0	1.03
30	5	0.9375	0	0	1.062
30	5	0.5885	1	0	1.592
31	5	5.384	0	0	0.6468
31	5	5.308	1	1	0.7896
31	5	1.842	0	0	0.8693
31	5	0.2136	1	1	-0.7771
31	5	1.816	0	0	0.1116
31	5	1.778	0	0	-0.4017
31	5	1.767	1	1	-0.5206
31	5	3.521	0	0	-0.8179
31	5	1.738	1	1	1.081
31	5	5.106	0	0	-0.7396
31	5	3.668	1	1	-0.07957
31	5	5.264	1	1	-0.1302
31	5	3.773	1	1	0.8097
31	5	0.9364	1	1	5.735
31	5	2.082	1	0	1.107
31	5	0.494	0	0	0.4558
31	5	0.8734	1	1	1.058
31	5	1.365	0	0	1.356
31	5	0.7482	0	0	-0.5767
31	5	0.695	1	0	0.8465
31	5	3.653	0	0	-1.308
31	5	2.19	1	1	0.09911
31	5	3.732	1	1	1.285
31	5	0.7001	1	0	-0.9689
31	5	1.903	1	1	-1.032
31	5	0.8908	0	0	-0.6497
31	5	0.993	0	0	0.4235
31	5	0.3398	0	1	0.8814
31	5	1.833	0	0	0.5212
31	5	0.2964	0	0	-0.001537
31	5	0.2593	0	1	1.265
31	5	3.777	1	1	-0.2544
31	5	3.707	1	1	0.7929
31	5	5.143	1	1	-0.6199
31	5	3.713	1	1	-1.199
31	5	5.484	1	1	0.6602
31	5	0.774	0	0	1.573
31	5	0.8806	0	0	-0.9581
31	5	0.8807	1	0	0.3778
31	5	0.7946	1	1	1.036
31	5	0.4719	0	0	0.6031
31	5	0.8046	1	1	0.5791
31	5	3.591	0	0	0.7842
31	5	5.349	0	0	-3.683
31	5	0.7539	0	0	0.2597
31	5	0.6982	0	1	0.5111
31	5	5.576	0	0	-0.2123
31	5	5.565	1	1	0.04192
31	5	3.773	1	1	-0.06882
31	5	5.524	0	0	1.127
32	5	0.7317	1	1	-0.07854
32	5	5.185	0	0	0.6295
32	5	5.28	0	0	-1.674
32	5	5.334	0	0	1.364
32	5	0.5168	1	1	1.471
32	5	2.07	1	1	-1.542
32	5	3.693	0	0	-0.8172
32	5	3.919	0	0	-0.762
32	5	1.811	1	1	-1.057
32	5	0.6232	1	1	0.7395
32	5	0.5179	0	1	1.167
32	5	1.847	0	0	-0.2039
32	5	0.7374	1	1	1.016
32	5	5.248	0	0	0.03861
32	5	1.081	1	1	0.1631
32	5	3.836	0	0	-0.0788
32	5	1.059	0	0	0.4662
32	5	3.222	0	0	1.395
32	5	0.8052	1	1	0.8907
32	5	0.6185	0	1	-0.327
32	5	0.3825	0	0	-0.2436
32	5	3.78	0	0	1.88
32	5	0.5122	0	0	-1.18
32	5	0.2134	0	0	1.131
32	5	0.5796	0	0	0.4736
32	5	0.2136	0	1	0.4461
32	5	3.383	1	1	-1.116
32	5	1.08	0	0	0.04632
32	5	5.326	0	0	0.8361
32	5	3.835	1	1	-0.3061
32	5	1.064	0	0	-0.04344
32	5	1.762	1	1	-0.3302
32	5	1.799	1	1	0.8882
32	5	5.417	0	0	-2.268
32	5	5.305	1	1	-0.6304
32	5	5.577	1	1	0.8048
32	5	5.476	0	0	0.82
32	5	1.828	1	1	0.1249
32	5	3.512	1	1	0.8376
32	5	0.4448	1	1	0.8833
32	5	2.103	1	1	-0.9949
32	5	0.8544	1	0	0.7543
32	5	2.093	1	1	-2.971
32	5	5.416	0	0	1.027
32	5	1.799	1	1	0.2707
32	5	3.679	1	1	0.6862
32	5	0.6159	0	1	-0.3189
32	5	1.896	1	1	1.131
32	5	0.842	1	1	1.509
32	5	3.647	1	1	-0.4821
33	5	1.565	0	0	-0.5658
33	5	5.198	1	1	-1.75
33	5	0.3366	1	0	0.5294
33	5	1.853	1	1	0.6185
33	5	1.156	0	0	1.057
33	5	1.032	1	0	0.00313
33	5	2.003	0	0	-0.2573
33	5	3.488	0	0	0.6072
33	5	0.8052	1	1	-0.0385
33	5	3.368	0	0	-0.5446
33	5	5.181	0	0	-0.5191
33	5	2.243	1	1	-0.5121
33	5	0.6823	1	1	0.2094
33	5	5.108	1	1	-1.818
33	5	2.019	0	0	1.676
33	5	5.327	0	0	-0.02861
33	5	3.559	1	1	-0.0744
33	5	3.677	0	0	-1.984
33	5	3.223	0	0	-1.59
33	5	1.674	0	0	-0.3738
33	5	0.8095	0	0	-0.2576
33	5	3.601	0	0	-0.9761
33	5	0.3419	1	1	3.114
33	5	3.744	1	1	-0.4862
33	5	5.239	1	1	-0.0982
33	5	5.217	1	1	1.434
33	5	2.14	0	0	-0.4298
33	5	5.294	0	0	0.5057
33	5	1.107	1	1	0.7108
33	5	0.822	0	0	-0.01681
33	5	0.3121	1	1	0.02038
33	5	5.54	0	0	0.08433
33	5	1.003	0	0	1.398
33	5	5.229	0	0	-0.9939
33	5	0.64	0	0	-1.514
33	5	1.623	0	0	0.0421
33	5	1.738	1	1	-0.6994
33	5	0.9876	1	1	0.849
33	5	1.616	0	0	-0.3299
33	5	0.9139	1	1	-0.7132
33	5	3.496	1	1	1.57
33	5	0.18	0	0	-0.4719
33	5	1.148	1	1	-1.474
33	5	3.538	1	1	-0.09695
33	5	5.452	1	1	-0.8245
33	5	0.4667	0	0	-0.8314
33	5	0.3673	1	0	-0.4429
33	5	3.36	1	1	0.7468
33	5	0.2851	0	0	0.506
34	5	0.8061	0	0	0.8283
34	5	0.1453	0	1	0.5539
34	5	5.659	1	1	-0.4468
34	5	0.4272	1	0	0.3217
34	5	3.687	1	1	-0.7536
34	5	0.589	1	0	0.2361
34	5	1.769	1	1	-1.182
34	5	5.301	0	0	1.218
34	5	0.7506	0	0	0.4504
34	5	1.945	1	1	-1.206
34	5	0.7333	0	0	0.5879
34	5	0.3031	1	0	-0.341
34	5	0.7717	1	1	0.03624
34	5	1.057	1	1	-0.305
34	5	1.811	0	0	-2.902
34	5	0.7029	0	0	-2.876
34	5	0.4899	1	0	0.142
34	5	5.336	0	0	0.1798
34	5	0.2268	1	0	0.2559
34	5	5.399	0	0	1.508
34	5	1.716	1	1	-0.7712
34	5	0.9995	0	0	0.2506
34	5	0.9257	0	0	0.01881
34	5	5.563	0	0	-1.167
34	5	3.425	0	0	0.5089
34	5	5.317	0	0	0.2721
34	5	1.751	1	1	-0.2863
34	5	3.479	0	0	-0.7377
34	5	1.807	0	0	-0.03546
34	5	0.7239	1	1	0.6647
34	5	1.785	0	0	-0.6943
34	5	1.697	0	0	0.3453
34	5	0.8406	1	1	-0.3708
34	5	3.825	0	0	-0.6981
34	5	0.4146	1	0	1.117
34	5	0.5427	1	1	-0.5296
34	5	1.054	1	1	-1.748
34	5	3.477	1	1	-0.3989
34	5	1.762	0	0	0.06013
34	5	5.456	1	1	-1.39
34	5	0.3932	1	0	1.427
34	5	1.74	1	0	-0.3813
34	5	3.79	1	1	-2.251
34	5	3.734	0	0	-1.548
34	5	5.271	1	1	-0.7603
34	5	3.825	0	0	-1.043
34	5	3.634	0	0	0.3904
34	5	5.514	0	0	0.4111
34	5	3.838	1	1	-0.6516
34	5	5.542	1	1	-0.1277
35	5	0.8588	1	0	0.2309
35	5	5.983	0	0	-0.5653
35	5	0.5019	0	0	0.5099
35	5	0.5327	1	1	-0.2707
35	5	0.5702	1	0	-0.4561
35	5	1.076	1	0	0.5542
35	5	3.061	0	0	0.8689
35	5	5.012	1	1	-1.341
35	5	0.8682	0	0	0.6012
35	5	1.641	0	0	0.5487
35	5	5.629	1	1	1.043
35	5	0.7714	0	0	0.4435
35	5	0.5354	1	0	-0.2307
35	5	1.747	0	0	-1.029
35	5	5.568	1	1	-1.633
35	5	5.291	0	0	0.3688
35	5	1.693	0	0	-0.9897
35	5	1.805	0	0	-0.5982
35	5	0.6985	1	0	-0.8372
35	5	3.473	0	0	-1.202
35	5	0.7254	0	0	0.2268
35	5	0.4429	0	0	-0.4031
35	5	3.816	1	1	-0.7228
35	5	5.333	0	0	1.776
35	5	0.956	0	0	-0.339
35	5	3.307	1	1	0.4004
35	5	3.456	1	1	0.8248
35	5	1.709	1	1	1
35	5	3.413	1	1	0.6557
35	5	0.7355	1	1	0.3122
35	5	1.61	1	1	1.469
35	5	3.498	1	1	-0.09845
35	5	0.5082	0	0	1.89
35	5	0.4851	0	0	-0.9261
35	5	3.672	1	1	-2.438
35	5	1.884	1	1	0.1153
35	5	3.327	0	0	-0.8175
35	5	0.8292	1	1	1.831
35	5	5.178	0	0	1.189
35	5	5.104	1	1	-1.269
35	5	5.546	1	1	0.6353
35	5	0.8674	0	0	-1.129
35	5	1.627	0	0	0.3181
35	5	0.7291	0	0	1.225
35	5	1.711	1	1	0.2425
35	5	5.424	0	0	-2.44
35	5	0.3623	0	0	0.2692
35	5	1.353	0	0	-0.2556
35	5	1.586	0	0	0.37
35	5	3.445	1	1	1.252
36	5	0.1095	0	0	1.013
36	5	1.617	0	0	0.3122
36	5	0.8399	0	0	0.6792
36	5	5.266	1	1	-1.351
36	5	0.4606	1	0	-0.4279
36	5	0.5323	0	0	0.6505
36	5	3.878	0	0	1.398
36	5	0.4012	1	1	0.3992
36	5	3.276	1	1	0.3502
36	5	5.417	0	0	-0.9356
36	5	1.081	0	0	0.481
36	5	0.3452	0	0	1.246
36	5	3.682	1	1	1.389
36	5	5.651	1	1	1.219
36	5	1.699	1	1	0.13
36	5	3.717	1	1	1.743
36	5	0.2886	0	0	1.349
36	5	3.491	0	0	1.131
36	5	0.4583	0	0	0.01577
36	5	0.8409	1	0	1.258
36	5	4.957	1	1	-0.7794
36	5	3.139	0	0	-1.501
36	5	1.185	1	0	0.1875
36	5	1.992	0	0	-2.346
36	5	0.6284	0	0	2.762
36	5	1.941	1	0	0.9048
36	5	0.6239	0	0	0.8078
36	5	0.7165	1	1	0.4542
36	5	5.324	1	1	-1.355
36	5	0.3933	1	1	0.9861
36	5	1.917	0	0	-0.4055
36	5	1.626	1	1	0.08338
36	5	5.653	1	1	-1.49
36	5	3.564	0	0	-0.6412
36	5	0.9873	1	0	0.488
36	5	5.174	0	0	-0.4172
36	5	1.847	1	1	0.5858
36	5	1.104	0	0	-1.432
36	5	3.592	0	0	0.8629
36	5	5.6	0	0	-0.3666
36	5	0.1106	1	0	0.4894
36	5	1.989	1	1	1.67
36	5	3.264	0	0	0.04641
36	5	0.9854	0	0	1.33
36	5	5.223	0	0	0.2499
36	5	5.519	0	0	1.622
36	5	1.67	1	1	0.3227
36	5	3.651	0	0	-1.391
36	5	0.6515	1	1	0.0248
36	5	2.17	1	1	-0.02448
37	5	0.6782	0	0	1.206
37	5	0.5669	1	0	0.959
37	5	3.227	1	1	-0.6868
37	5	1.713	0	0	-0.6614
37	5	1.943	0	0	0.9491
37	5	0.2019	1	0	0.01537
37	5	5.584	0	0	1.679
37	5	1.712	0	1	0.1322
37	5	3.863	0	0	-1.269
37	5	0.9775	1	1	0.5204
37	5	0.9101	1	0	0.2853
37	5	0.8688	0	0	0.4526
37	5	5.422	0	0	0.579
37	5	5.273	0	0	0.1212
37	5	3.457	1	1	-2.639
37	5	0.5528	1	0	0.5781
37	5	1.712	1	1	-0.8073
37	5	5.168	0	0	-1.714
37	5	3.863	0	0	-0.6988
37	5	0.5633	0	0	-1.327
37	5	0.3383	0	0	-0.00769
37	5	0.8634	1	1	0.8935
37	5	5.337	0	0	-1.405
37	5	0.6223	1	1	0.6274
37	5	1.897	1	1	1.145
37	5	3.365	1	1	-0.3061
37	5	0.9982	1	1	-0.03615
37	5	1.291	1	1	0.7
37	5	0.452	0	0	1.07
37	5	0.682	1	1	0.2218
37	5	5.661	1	1	0.8368
37	5	3.438	0	0	0.2288
37	5	5.122	1	1	0.5974
37	5	1.619	1	1	1.179
37	5	5.178	1	1	1.639
37	5	0.8883	1	1	1.735
37	5	3.733	0	0	-0.1104
37	5	2.128	0	0	0.8346
37	5	0.6585	0	0	2.957
37	5	1.758	1	1	1.144
37	5	0.1858	0	0	0.7571
37	5	1.039	1	1	1.202
37	5	3.555	0	0	-0.558
37	5	3.526	0	0	-0.3115
37	5	0.7686	1	0	-0.1513
37	5	1.595	0	0	0.8007
37	5	3.701	1	1	-1.43
37	5	1.703	0	0	0.5813
37	5	5.33	0	0	-1.149
37	5	5.281	1	1	-0.786
38	5	1.565	1	1	1.087
38	5	3.44	1	1	-0.6334
38	5	3.583	1	1	-0.7901
38	5	1.532	1	0	-0.5336
38	5	1.884	0	0	0.737
38	5	1.612	0	0	0.2707
38	5	5.828	0	0	-1.395
38	5	5.303	1	1	-0.3719
38	5	1.011	0	0	-0.4646
38	5	0.3875	0	0	-1.129
38	5	5.562	0	0	0.7114
38	5	0.5434	1	1	0.7032
38	5	3.59	1	1	-0.4152
38	5	1.882	0	0	0.2825
38	5	1.005	0	1	-0.8411
38	5	1.112	1	1	0.7631
38	5	3.397	1	1	-0.3968
38	5	3.729	0	0	-0.4795
38	5	1.743	1	1	-1.311
38	5	0.5581	0	0	-0.2999
38	5	5.522	1	1	-0.8803
38	5	5.413	1	1	-2.176
38	5	0.8047	0	0	0.06833
38	5	0.492	1	0	-0.2311
38	5	3.731	0	0	-0.3977
38	5	1.995	0	0	-0.7801
38	5	0.5642	1	1	0.09171
38	5	5.699	0	0	-0.5578
38	5	1.868	1	1	-0.1175
38	5	0.3915	0	0	0.7025
38	5	3.761	0	0	-0.7634
38	5	1.491	1	1	-2.271
38	5	3.467	1	1	0.5405
38	5	0.7916	1	0	-0.6286
38	5	0.2718	0	0	-0.7242
38	5	0.9069	0	0	1.052
38	5	0.5107	0	1	-0.04275
38	5	5.428	0	0	0.7918
38	5	0.7748	1	1	-0.3634
38	5	5.575	1	1	0.7228
38	5	0.5094	1	1	0.8253
38	5	3.095	0	0	0.2034
38	5	5.268	0	0	-0.07222
38	5	1.02	0	0	0.4656
38	5	3.346	1	1	-1.396
38	5	4.986	1	1	0.09619
38	5	1.018	0	0	-0.07235
38	5	0.9085	1	1	-0.1549
39	5	5.703	1	1	0.9006
39	5	5.44	0	0	0.8336
39	5	5.65	1	1	-0.014
39	5	0.6902	1	0	0.1733
39	5	3.585	1	1	3.249
39	5	0.6003	1	1	1.759
39	5	0.5159	0	1	0.1772
39	5	2.087	1	1	-3.48
39	5	1.047	0	0	-0.4022
39	5	0.8409	0	1	0.6793
39	5	2.034	1	1	0.2435
39	5	1.369	1	1	0.236
39	5	0.4769	1	1	-0.2596
39	5	5.317	0	0	-0.7368
39	5	1.126	0	0	0.4572
39	5	3.486	1	1	0.924
39	5	3.606	1	1	-0.7442
39	5	1.532	0	0	-0.1386
39	5	0.4083	0	0	-0.3609
39	5	2.005	1	1	-1.527
39	5	0.8704	1	1	-0.6377
39	5	0.6877	0	0	1.459
39	5	0.6562	1	0	1.154
39	5	3.884	1	1	-1.742
39	5	3.447	0	0	0.3402
39	5	0.9552	1	1	0.02098
39	5	0.62	1	1	-0.6923
39	5	3.828	1	1	-0.1493
39	5	3.728	1	1	-0.2601
39	5	3.621	0	0	1.456
39	5	5.248	1	1	-1.956
39	5	0.4297	0	0	0.02317
39	5	0.7002	0	0	0.7468
39	5	0.466	1	0	-0.5933
39	5	0.5928	0	0	1.835
39	5	5.431	0	0	-1.033
39	5	3.36	0	0	-1.116
39	5	1.985	0	0	-0.8852
39	5	0.6471	0	0	-1.095
39	5	3.457	1	1	-0.6289
39	5	5.432	1	1	-1.236
39	5	1.32	0	1	0.3062
39	5	0.2441	0	0	0.5743
39	5	1.743	0	0	-0.5468
39	5	1.629	0	0	-0.3177
39	5	5.469	0	0	1.622
39	5	1.666	1	1	-0.1503
39	5	5.395	0	0	-0.4403
39	5	5.214	1	1	-1.394
39	5	1.537	1	0	0.4575
40	6	1.049	0	1	-0.2719
40	6	5.426	0	0	0.3101
40	6	5.084	0	0	0.44
40	6	3.609	1	1	-0.3453
40	6	1.228	0	1	-0.5534
40	6	0.5269	1	1	-0.0628
40	6	0.5643	0	1	0.442
40	6	2.029	0	1	0.02621
40	6	3.663	1	1	0.5933
40	6	3.753	1	1	0.6655
40	6	5.397	1	1	0.07663
40	6	0.9427	1	1	-0.2928
40	6	3.491	1	1	-0.6317
40	6	1.755	0	0	-0.7221
40	6	0.6816	1	1	0.2452
40	6	1.213	1	1	0.6778
40	6	5.572	0	0	0.02259
40	6	3.427	1	1	-0.1116
40	6	0.7368	1	1	-0.8727
40	6	1.936	0	0	0.5205
40	6	0.6388	0	0	0.05231
40	6	5.197	0	0	1.438
40	6	0.9547	0	0	-0.7473
40	6	3.3	1	1	0.01803
40	6	3.839	1	1	0.4453
40	6	2.036	1	1	0.7108
40	6	1.576	0	0	1.298
40	6	3.884	1	1	-0.06146
40	6	0.8423	0	0	0.871
40	6	1.556	0	0	0.4805
40	6	0.4845	0	0	0.6337
40	6	1.018	1	1	1.777
40	6	1.215	1	0	-0.3645
40	6	5.362	1	1	-0.6237
40	6	0.6835	0	0	-0.8172
40	6	3.661	1	1	-0.3814
40	6	3.495	0	0	-2.896
40	6	1.744	0	0	-1.883
40	6	0.3723	1	1	-0.853
40	6	5.543	1	1	-1.674
40	6	1.055	1	0	-1.542
40	6	0.5661	0	0	2.172
40	6	5.362	1	1	-1.257
40	6	5.454	0	0	-0.3484
40	6	1.926	0	0	0.1861
40	6	1.698	1	1	-0.6148
40	6	1.533	0	0	-1.318
40	6	0.9325	0	0	-0.347
40	6	0.5942	1	1	0.9424
41	6	5.266	0	0	1.201
41	6	5.558	1	1	0.04533
41	6	1.588	0	0	0.2539
41	6	0.5239	1	1	-0.9366
41	6	2.172	0	0	-0.009665
41	6	1.579	0	0	-0.7811
41	6	1.257	1	1	-0.331
41	6	3.478	0	0	-0.6411
41	6	1.714	1	1	-0.3388
41	6	5.445	0	0	0.8479
41	6	3.845	1	1	-0.377
41	6	5.532	1	1	-0.1247
41	6	3.649	1	1	-1.132
41	6	1.07	1	1	1.172
41	6	1.975	1	1	0.191
41	6	0.3058	0	0	-0.6506
41	6	0.1087	1	1	0.5947
41	6	1.382	0	0	-0.09794
41	6	1.039	0	0	-0.3904
41	6	0.3396	1	0	1.681
41	6	3.478	0	0	0.0294
41	6	1.834	1	0	0.3974
41	6	3.239	1	1	0.2795
41	6	1.048	1	0	0.03375
41	6	1.998	1	1	0.6608
41	6	0.7388	0	0	1.072
41	6	0.2694	0	0	1.599
41	6	0.4736	0	0	0.6112
41	6	1.846	0	1	0.01809
41	6	0.7042	0	0	-0.8742
41	6	0.493	0	1	-0.2606
41	6	3.575	1	1	0.3001
41	6	3.661	1	1	0.6001
41	6	5.328	1	1	0.2058
41	6	3.753	1	1	-0.6375
41	6	5.571	1	1	0.9865
41	6	0.6532	0	0	-0.1974
41	6	0.8292	0	0	-1.204
41	6	0.7852	1	0	0.2852
41	6	0.6053	1	1	0.5108
41	6	1.167	0	0	0.8441
41	6	1.103	1	1	0.6504
41	6	3.658	0	0	0.01247
41	6	5.386	0	0	-0.5883
41	6	0.3243	0	0	0.4292
41	6	1.084	0	0	-0.09018
41	6	5.154	0	0	0.7906
41	6	4.898	1	1	0.4236
41	6	3.787	1	1	-2.266
41	6	5.576	0	0	-1.071
42	6	0.4025	1	1	-0.2107
42	6	5.28	0	0	-0.428
42	6	5.298	0	0	0.6949
42	6	5.216	0	0	1.464
42	6	0.2566	1	0	0.1931
42	6	1.676	1	1	0.4446
42	6	3.784	0	0	-1.29
42	6	3.487	0	0	-0.3821
42	6	2.04	1	1	0.6523
42	6	0.5751	1	1	-0.9467
42	6	0.5089	0	0	-0.2386
42	6	1.876	0	0	-0.5747
42	6	0.6639	1	1	-0.1564
42	6	5.382	0	0	-0.9712
42	6	0.6667	1	1	0.1237
42	6	3.595	0	0	0.3071
42	6	0.7229	0	0	0.2541
42	6	3.685	0	0	-2.065
42	6	1.018	1	0	0.4486
42	6	0.7276	0	0	0.4041
42	6	0.6734	0	0	0.659
42	6	3.567	0	0	-0.2815
42	6	0.8503	0	0	-1.126
42	6	0.3355	0	0	1.118
42	6	0.8846	0	0	1.526
42	6	0.6062	0	0	0.2632
42	6	3.774	1	1	-0.9488
42	6	0.7066	0	1	0.8487
42	6	5.386	0	0	-0.3518
42	6	3.472	1	1	0.01641
42	6	0.9326	0	0	-0.6121
42	6	1.542	1	1	-0.1017
42	6	1.93	1	1	0.5236
42	6	5.119	0	0	0.09859
42	6	5.544	1	1	-1.484
42	6	5.548	1	1	-0.6451
42	6	5.603	0	0	0.4385
42	6	1.615	1	1	-0.646
42	6	3.612	1	1	-1.282
42	6	0.5487	1	0	-0.1946
42	6	1.669	1	1	-1.081
42	6	1.124	1	1	1.549
42	6	1.618	1	1	-0.9572
42	6	5.29	0	0	-0.4441
42	6	1.915	1	1	-0.07592
42	6	3.801	1	1	-1.019
42	6	0.8556	0	0	0.9704
42	6	1.631	1	1	0.5518
42	6	0.5685	1	0	0.831
42	6	4.019	1	1	-0.6156
43	6	0.177	1	1	0.2325
43	6	1.972	0	0	-0.5465
43	6	5.256	1	1	-2.503
43	6	0.6245	1	0	-0.7979
43	6	2.006	1	1	-0.2607
43	6	1.189	0	0	-0.4452
43	6	0.7207	1	1	-0.2939
43	6	1.89	0	0	-0.03374
43	6	3.61	0	0	-0.8732
43	6	1.141	1	1	0.3243
43	6	3.486	0	0	0.1764
43	6	4.907	0	0	-1.3
43	6	2.148	1	1	-0.4303
43	6	0.4655	1	1	-0.5809
43	6	5.153	1	1	-0.4479
43	6	1.611	0	0	0.2823
43	6	5.361	0	0	-0.1178
43	6	3.328	1	1	-0.916
43	6	3.635	0	0	-0.7524
43	6	3.749	0	0	-0.4889
43	6	1.791	0	0	2.736
43	6	1.068	0	0	0.3493
43	6	3.85	0	0	0.02216
43	6	0.4453	1	1	0.4483
43	6	3.809	1	1	-0.03614
43	6	5.522	1	1	-1.416
43	6	5.245	1	1	-0.04989
43	6	1.783	0	0	0.02917
43	6	5.133	0	0	-1.859
43	6	0.925	1	1	1.205
43	6	1.054	0	0	0.4466
43	6	0.4088	1	1	0.8631
43	6	5.85	0	0	-1.142
43	6	0.984	0	0	0.8937
43	6	5.238	0	0	-0.5887
43	6	0.5284	0	0	0.3699
43	6	1.893	0	0	1.431
43	6	1.918	1	1	0.5051
43	6	0.8038	1	1	1.138
43	6	1.757	0	0	-2.655
43	6	0.9901	1	1	1.16
43	6	3.284	1	1	0.7313
43	6	0.6913	0	1	1.444
43	6	1.031	1	1	0.02531
43	6	4.058	1	1	-0.05667
43	6	5.412	1	1	0.221
43	6	0.5211	0	1	-0.08071
43	6	0.3567	1	0	0.4968
43	6	3.707	1	1	0.8718
43	6	0.6208	0	0	0.6621
44	6	1.023	0	0	1.229
44	6	0.4419	0	0	0.4105
44	6	5.129	1	1	0.09308
44	6	0.5918	1	0	0.8973
44	6	3.526	1	1	-0.08465
44	6	0.5794	1	0	0.7413
44	6	1.877	1	1	-0.3785
44	6	5.469	0	0	-1.535
44	6	0.8187	0	0	0.7616
44	6	1.658	1	1	0.2925
44	6	0.7589	0	0	0.1016
44	6	0.2451	1	1	0.5197
44	6	0.5882	1	0	0.5492
44	6	1.165	1	1	0.7436
44	6	1.902	0	0	0.08992
44	6	0.4372	0	1	0.1714
44	6	0.4373	1	1	0.009368
44	6	5.674	0	0	-2.308
44	6	0.4612	1	1	-1.698
44	6	5.201	0	0	1.027
44	6	1.762	1	1	-0.6357
44	6	0.6292	0	0	-0.05834
44	6	1.036	0	0	0.653
44	6	5.037	0	0	-2.202
44	6	3.171	0	0	0.5388
44	6	5.297	0	0	0.9335
44	6	1.69	1	1	-2.588
44	6	3.418	0	0	-1.9
44	6	2.014	0	0	0.8256
44	6	0.7277	1	1	0.5724
44	6	1.717	0	0	1.29
44	6	1.732	0	0	-0.1932
44	6	0.7955	1	1	-0.1873
44	6	3.611	0	0	0.9427
44	6	0.6456	1	0	-0.2954
44	6	0.9377	1	1	-0.299
44	6	0.8537	1	1	0.0695
44	6	3.741	1	1	-0.126
44	6	1.982	0	0	-0.1481
44	6	5.56	1	1	0.6363
44	6	0.542	1	1	-0.282
44	6	1.539	1	1	0.0211
44	6	3.659	1	1	-1.135
44	6	3.322	0	0	-2.118
44	6	5.581	1	1	-0.5487
44	6	3.307	0	0	-0.3921
44	6	3.423	0	0	0.5129
44	6	5.441	0	0	1.16
44	6	3.591	1	1	-0.2349
44	6	5.015	1	1	1.145
45	6	0.586	1	1	0.04894
45	6	5.191	0	0	-0.2795
45	6	0.1115	0	1	-0.3796
45	6	0.486	1	1	1.411
45	6	0.618	1	0	-0.6514
45	6	0.8348	1	1	0.1058
45	6	3.65	0	0	-2.929
45	6	5.183	1	1	-0.1989
45	6	0.7702	0	0	0.353
45	6	2.03	0	0	-0.5201
45	6	5.438	1	1	0.03124
45	6	0.909	0	0	0.714
45	6	0.5521	1	0	0.758
45	6	1.323	0	0	0.0795
45	6	5.37	1	1	0.1201
45	6	4.908	0	0	-1.239
45	6	1.905	0	0	0.7548
45	6	1.498	0	0	1.507
45	6	1.001	1	1	0.7932
45	6	3.784	0	0	-1.215
45	6	0.94	0	0	-0.1908
45	6	0.6739	0	0	-0.2658
45	6	3.659	1	1	1.046
45	6	5.585	0	0	-1.805
45	6	0.8085	0	0	-1.093
45	6	3.678	1	1	0.4744
45	6	3.672	1	1	-0.4901
45	6	1.646	1	1	-0.1488
45	6	3.823	1	1	0.5921
45	6	0.6566	1	1	-1.069
45	6	1.634	1	0	-0.1123
45	6	3.983	1	1	0.004082
45	6	0.259	0	0	-1.105
45	6	0.5407	0	1	-0.1095
45	6	3.752	1	1	0.4485
45	6	1.864	1	1	-0.2242
45	6	3.697	0	0	0.512
45	6	0.4758	1	0	0.8057
45	6	5.117	0	0	0.9427
45	6	5.335	1	1	1.099
45	6	5.554	1	1	-1.051
45	6	0.9599	0	0	-0.5937
45	6	1.845	0	0	-0.5959
45	6	0.8741	0	0	1.259
45	6	1.68	1	1	-0.2632
45	6	5.378	0	0	-2.611
45	6	0.604	0	1	-1.329
45	6	1.205	0	0	0.4032
45	6	2.051	0	0	0.6898
45	6	3.267	1	1	1.502
46	6	0.3984	0	1	1.319
46	6	1.554	0	0	-0.7072
46	6	0.2922	0	1	1.616
46	6	5.505	1	1	1.573
46	6	1.168	1	1	0.7256
46	6	0.8015	0	0	-1.691
46	6	3.255	0	0	-0.1163
46	6	0.3399	1	0	0.223
46	6	3.568	1	1	1.091
46	6	5.39	0	0	-0.6673
46	6	0.6946	0	0	0.623
46	6	0.6183	0	0	1.309
46	6	3.315	1	1	0.3372
46	6	5.49	1	1	-1.158
46	6	1.922	1	1	0.4602
46	6	3.589	1	1	0.1602
46	6	0.4789	0	1	0.304
46	6	3.294	0	0	-0.6288
46	6	0.6618	0	0	1.159
46	6	0.6573	1	1	0.3763
46	6	5.447	1	1	-0.9202
46	6	3.624	0	0	0.3895
46	6	0.9559	1	0	-0.7803
46	6	1.528	0	0	1.489
46	6	0.2036	0	0	0.4289
46	6	1.547	1	1	1.249
46	6	1.074	0	1	-0.44
46	6	1.106	1	1	0.1844
46	6	5.59	1	1	-0.7269
46	6	0.3972	1	1	1.188
46	6	1.989	0	0	-1.226
46	6	1.559	1	1	0.4292
46	6	5.368	1	1	-0.7333
46	6	3.242	0	0	-1.02
46	6	1.275	1	0	0.5402
46	6	5.45	0	0	-0.6193
46	6	2.095	1	1	-0.6861
46	6	1.123	0	1	1.028
46	6	3.497	0	0	-1.125
46	6	5.373	0	0	-1.173
46	6	0.722	1	1	0.4153
46	6	1.94	1	1	1.413
46	6	3.517	0	0	0.4543
46	6	1.104	0	0	-0.7497
46	6	5.386	0	0	0.3814
46	6	5.626	0	0	-0.1319
46	6	1.529	1	1	-0.6301
46	6	3.372	0	0	-0.08984
46	6	0.4382	1	1	-0.2109
46	6	1.749	1	1	0.668
47	6	0.8397	0	0	0.7155
47	6	0.407	1	1	0.1292
47	6	3.663	1	1	-0.06289
47	6	2.096	0	0	0.2052
47	6	1.637	0	0	-0.714
47	6	0.2485	1	1	0.05981
47	6	5.495	0	0	1.006
47	6	1.621	0	0	0.2222
47	6	3.506	0	0	-0.1211
47	6	0.7332	1	0	0.2982
47	6	1.205	1	1	-0.03291
47	6	0.9951	0	1	0.07665
47	6	5.297	0	0	-0.4093
47	6	5.61	0	0	0.5463
47	6	3.115	1	1	-0.4531
47	6	0.5688	1	1	0.8912
47	6	1.617	1	1	-1.248
47	6	5.436	0	0	0.685
47	6	3.476	0	0	-1.352
47	6	0.2069	1	0	0.6457
47	6	0.3218	0	1	0.2272
47	6	0.3545	1	1	1.098
47	6	5.042	0	0	-1.205
47	6	0.8479	1	1	0.5164
47	6	1.603	1	1	0.6295
47	6	3.601	1	1	-0.2097
47	6	1.154	1	1	0.1919
47	6	0.8462	1	1	-0.1199
47	6	0.1605	0	1	-0.2481
47	6	0.7259	1	1	-0.121
47	6	5.393	1	1	-0.1082
47	6	3.81	0	0	-1.527
47	6	5.266	1	1	0.1293
47	6	1.769	1	1	-0.4773
47	6	5.205	1	1	1.579
47	6	1	1	0	0.09925
47	6	3.618	0	0	-2.134
47	6	1.836	0	0	-0.6022
47	6	0.3462	0	1	0.8368
47	6	1.923	1	0	0.6966
47	6	0.22	0	0	0.7733
47	6	0.9135	1	1	0.2141
47	6	3.564	0	0	-0.09681
47	6	3.344	0	0	-1.186
47	6	0.393	1	0	0.6533
47	6	1.753	0	0	0.2687
47	6	3.895	1	1	0.969
47	6	1.879	0	0	-1.659
47	6	5.389	0	0	1.06
47	6	5.266	1	1	1.611
48	6	1.685	1	1	0.8359
48	6	3.636	1	1	-1.792
48	6	0.4072	1	1	-0.08737
48	6	1.82	1	1	-0.2092
48	6	3.551	1	1	-0.4596
48	6	1.841	1	1	0.5725
48	6	1.906	0	0	0.5364
48	6	1.874	0	0	0.1832
48	6	5.534	0	0	0.7986
48	6	5.536	1	1	1.192
48	6	0.9087	0	0	-0.06376
48	6	0.4903	0	0	1.131
48	6	5.293	0	0	-0.7703
48	6	0.4847	1	1	-0.1307
48	6	3.623	1	1	-0.6631
48	6	1.483	0	0	1.397
48	6	0.8056	0	0	0.8452
48	6	0.8828	1	1	0.2202
48	6	3.623	1	1	0.4967
48	6	3.733	0	0	-0.1329
48	6	1.661	1	1	1.266
48	6	0.5744	0	0	0.8064
48	6	5.224	1	1	-1.521
48	6	5.247	1	1	-0.03435
48	6	1.15	0	0	-0.4064
48	6	0.5148	1	0	0.401
48	6	3.792	0	0	0.2358
48	6	1.69	0	1	0.1343
48	6	0.6338	1	1	-0.3447
48	6	5.37	0	0	0.5215
48	6	1.745	1	1	1.406
48	6	0.2018	0	0	0.1561
48	6	3.406	0	0	1.278
48	6	2.114	1	1	0.1099
48	6	3.625	1	1	0.8096
48	6	0.5171	1	1	0.5168
48	6	0.2246	0	0	0.4025
48	6	0.8234	0	0	-0.527
48	6	0.2225	0	0	1.205
48	6	5.681	0	0	0.1426
48	6	0.7762	1	1	0.7937
48	6	5.682	1	1	0.9405
48	6	0.9849	1	0	0.546
48	6	3.568	0	0	-1.049
48	6	5.238	0	0	-0.3991
48	6	1.161	0	0	0.7679
48	6	3.69	1	1	-0.147
48	6	5.383	1	1	-1.4
48	6	0.9321	0	0	-0.2901
48	6	0.9365	1	0	1.436
49	6	5.592	1	1	0.1979
49	6	5.294	0	0	-0.516
49	6	5.281	1	1	-2.023
49	6	0.4846	1	1	0.01385
49	6	3.626	1	1	-0.4607
49	6	0.5998	1	1	0.7772
49	6	0.3799	0	0	0.2116
49	6	1.603	1	1	1.179
49	6	0.9936	0	0	0.3361
49	6	1.082	0	0	0.1796
49	6	1.839	1	1	1.878
49	6	1.727	1	1	-0.5418
49	6	0.4908	1	1	-0.2041
49	6	5.607	0	0	-0.3372
49	6	1.392	0	0	-0.7795
49	6	3.361	1	1	-1.913
49	6	3.42	1	1	0.3403
49	6	1.829	0	0	0.2401
49	6	0.7075	0	0	-1.591
49	6	1.697	1	1	1.117
49	6	0.4802	1	1	0.9075
49	6	0.6063	0	0	-1.955
49	6	0.3791	1	0	-3.535
49	6	3.577	1	1	-0.2967
49	6	3.431	0	0	-1.046
49	6	0.7453	1	1	-0.03907
49	6	0.6425	1	1	-0.5528
49	6	3.479	1	1	-1.649
49	6	3.158	1	1	0.5387
49	6	3.697	0	0	0.4233
49	6	5.51	1	1	0.8802
49	6	0.6689	0	1	1.39
49	6	1.114	0	0	-0.4144
49	6	0.5664	1	1	0.7858
49	6	0.7473	0	1	-0.5133
49	6	5.483	0	0	-0.7009
49	6	3.627	0	0	0.02309
49	6	1.889	0	0	0.1079
49	6	0.1823	0	0	0.1019
49	6	3.382	1	1	-0.7553
49	6	5.699	1	1	-0.6195
49	6	0.6589	0	0	0.794
49	6	0.4251	0	1	-0.6332
49	6	1.953	0	0	0.2923
49	6	2.016	0	0	-0.6735
49	6	5.275	0	0	-2.419
49	6	1.643	1	1	-0.8117
49	6	5.031	0	0	-0.4598
49	6	5.284	1	1	-0.06355
49	6	2.193	1	1	0.5243
