0	2	0.7528	0	1	0.7528
0	2	1.54	1	0	1.54
0	2	0.915	0	0	0.915
0	2	0.8684	0	0	0.8684
0	2	0.5379	1	1	0.5379
0	2	0.2397	1	1	0.2397
0	2	5.532	1	1	5.532
0	2	0.3542	1	1	0.3542
0	2	0.4232	0	0	0.4232
0	2	0.6278	1	1	0.6278
0	2	0.5659	1	0	0.5659
0	2	5.255	0	0	5.255
0	2	0.3636	0	0	0.3636
0	2	1.753	1	0	1.753
0	2	1.673	1	1	1.673
0	2	5.301	0	0	5.301
0	2	1.681	0	1	1.681
0	2	0.956	1	1	0.956
0	2	5.572	1	1	5.572
0	2	5.323	0	0	5.323
0	2	0.2953	0	1	0.2953
0	2	1.801	1	1	1.801
0	2	0.7069	1	1	0.7069
0	2	0.2938	1	1	0.2938
0	2	0.31	1	1	0.31
0	2	5.299	1	1	5.299
0	2	1.675	0	0	1.675
0	2	0.3882	0	1	0.3882
0	2	0.6571	1	1	0.6571
0	2	0.9393	1	1	0.9393
0	2	0.437	0	1	0.437
0	2	0.2997	0	1	0.2997
0	2	0.4271	1	1	0.4271
0	2	1.792	0	0	1.792
0	2	0.883	0	0	0.883
0	2	1.887	0	1	1.887
0	2	0.8658	1	1	0.8658
0	2	1.92	1	1	1.92
0	2	5.206	1	1	5.206
0	2	0.555	0	1	0.555
0	2	0.07599	1	1	0.07599
0	2	0.07125	0	1	0.07125
0	2	0.9732	1	1	0.9732
0	2	5.386	0	0	5.386
0	2	0.352	1	1	0.352
0	2	5.321	0	0	5.321
0	2	5.271	0	0	5.271
0	2	1.566	0	1	1.566
0	2	0.4346	1	0	0.4346
0	2	0.9024	0	0	0.9024
1	2	1.806	1	1	1.806
1	2	5.385	0	0	5.385
1	2	0.2271	1	1	0.2271
1	2	1.806	1	1	1.806
1	2	0.2173	0	0	0.2173
1	2	5.385	0	0	5.385
1	2	0.2271	1	1	0.2271
1	2	0.4405	0	1	0.4405
1	2	0.4405	0	1	0.4405
1	2	0.4405	0	1	0.4405
1	2	0.2271	1	1	0.2271
1	2	5.385	0	0	5.385
1	2	1.806	1	1	1.806
1	2	0.4405	0	1	0.4405
1	2	1.806	1	1	1.806
1	2	0.8916	0	1	0.8916
1	2	5.385	0	0	5.385
1	2	5.405	1	1	5.405
1	2	0.8916	0	0	0.8916
1	2	0.4642	1	1	0.4642
1	2	0.2271	1	1	0.2271
1	2	5.405	1	1	5.405
1	2	0.9167	1	1	0.9167
1	2	0.2173	0	1	0.2173
1	2	5.405	1	1	5.405
1	2	0.9167	1	1	0.9167
1	2	0.2173	0	0	0.2173
1	2	5.385	0	0	5.385
1	2	5.405	1	1	5.405
1	2	0.4642	1	0	0.4642
1	2	0.8916	0	0	0.8916
1	2	0.4642	1	1	0.4642
1	2	0.2271	1	1	0.2271
1	2	1.799	0	0	1.799
1	2	1.799	0	0	1.799
1	2	0.9167	1	1	0.9167
1	2	0.4642	1	1	0.4642
1	2	0.9167	1	0	0.9167
1	2	0.4642	1	1	0.4642
1	2	0.2173	0	1	0.2173
1	2	0.8916	0	0	0.8916
1	2	0.2173	0	0	0.2173
1	2	0.4405	0	0	0.4405
1	2	1.806	1	1	1.806
1	2	1.806	1	1	1.806
1	2	1.806	1	1	1.806
1	2	1.799	0	0	1.799
1	2	0.8916	0	0	0.8916
1	2	0.8916	0	1	0.8916
1	2	5.385	0	0	5.385
2	2	1.799	0	0	1.799
2	2	1.806	1	1	1.806
2	2	0.2173	0	0	0.2173
2	2	0.8916	0	1	0.8916
2	2	0.9167	1	1	0.9167
2	2	0.4405	0	0	0.4405
2	2	5.405	1	1	5.405
2	2	0.2173	0	0	0.2173
2	2	0.8916	0	0	0.8916
2	2	0.2173	0	0	0.2173
2	2	0.2173	0	0	0.2173
2	2	1.799	0	0	1.799
2	2	5.385	0	0	5.385
2	2	0.4405	0	1	0.4405
2	2	0.2173	0	1	0.2173
2	2	5.385	0	0	5.385
2	2	0.4405	0	1	0.4405
2	2	0.4642	1	0	0.4642
2	2	0.2173	0	0	0.2173
2	2	5.405	1	1	5.405
2	2	5.405	1	1	5.405
2	2	0.8916	0	1	0.8916
2	2	0.9167	1	1	0.9167
2	2	0.4642	1	1	0.4642
2	2	0.9167	1	1	0.9167
2	2	0.9167	1	1	0.9167
2	2	0.4642	1	1	0.4642
2	2	5.385	0	0	5.385
2	2	5.405	1	1	5.405
2	2	1.806	1	1	1.806
2	2	0.2271	1	0	0.2271
2	2	1.806	1	1	1.806
2	2	0.4642	1	1	0.4642
2	2	5.405	1	1	5.405
2	2	0.4642	1	1	0.4642
2	2	0.8916	0	0	0.8916
2	2	1.799	0	0	1.799
2	2	5.405	1	1	5.405
2	2	1.806	1	1	1.806
2	2	0.9167	1	1	0.9167
2	2	0.2271	1	1	0.2271
2	2	1.799	0	1	1.799
2	2	0.9167	1	1	0.9167
2	2	0.2271	1	0	0.2271
2	2	0.4405	0	1	0.4405
2	2	5.385	0	0	5.385
2	2	0.2173	0	1	0.2173
2	2	0.4405	0	1	0.4405
2	2	1.806	1	1	1.806
2	2	1.799	0	1	1.799
3	2	0.8916	0	1	0.8916
3	2	0.8916	0	0	0.8916
3	2	0.2271	1	1	0.2271
3	2	0.9167	1	1	0.9167
3	2	1.806	1	1	1.806
3	2	1.799	0	0	1.799
3	2	0.4405	0	1	0.4405
3	2	0.2173	0	1	0.2173
3	2	0.9167	1	1	0.9167
3	2	0.8916	0	0	0.8916
3	2	0.4642	1	1	0.4642
3	2	0.2173	0	1	0.2173
3	2	5.405	1	1	5.405
3	2	5.385	0	0	5.385
3	2	0.4642	1	1	0.4642
3	2	1.799	0	0	1.799
3	2	5.385	0	0	5.385
3	2	1.799	0	1	1.799
3	2	5.385	0	0	5.385
3	2	0.9167	1	1	0.9167
3	2	0.2271	1	1	0.2271
3	2	0.4405	0	1	0.4405
3	2	5.385	0	0	5.385
3	2	5.405	1	1	5.405
3	2	5.405	1	1	5.405
3	2	0.4405	0	0	0.4405
3	2	1.806	1	1	1.806
3	2	0.2271	1	1	0.2271
3	2	5.385	0	0	5.385
3	2	0.2173	0	1	0.2173
3	2	0.2271	1	1	0.2271
3	2	0.8916	0	1	0.8916
3	2	5.385	0	0	5.385
3	2	0.2271	1	0	0.2271
3	2	0.2271	1	1	0.2271
3	2	1.806	1	1	1.806
3	2	1.799	0	1	1.799
3	2	0.4642	1	1	0.4642
3	2	0.4642	1	1	0.4642
3	2	0.8916	0	0	0.8916
3	2	0.4642	1	1	0.4642
3	2	0.4642	1	1	0.4642
3	2	0.2173	0	1	0.2173
3	2	1.799	0	1	1.799
3	2	0.4642	1	1	0.4642
3	2	1.799	0	1	1.799
3	2	1.799	0	0	1.799
3	2	0.9167	1	1	0.9167
3	2	0.9167	1	1	0.9167
3	2	5.405	1	1	5.405
4	2	0.4642	1	1	0.4642
4	2	0.2271	1	0	0.2271
4	2	0.4405	0	1	0.4405
4	2	0.2173	0	0	0.2173
4	2	5.385	0	0	5.385
4	2	1.799	0	0	1.799
4	2	1.806	1	1	1.806
4	2	0.4405	0	0	0.4405
4	2	0.4642	1	1	0.4642
4	2	1.806	1	1	1.806
4	2	0.2271	1	1	0.2271
4	2	0.2173	0	1	0.2173
4	2	1.799	0	0	1.799
4	2	5.385	0	0	5.385
4	2	1.806	1	1	1.806
4	2	0.4642	1	1	0.4642
4	2	0.8916	0	0	0.8916
4	2	0.2173	0	1	0.2173
4	2	5.385	0	0	5.385
4	2	0.4642	1	1	0.4642
4	2	1.806	1	1	1.806
4	2	5.405	1	1	5.405
4	2	5.405	1	1	5.405
4	2	0.8916	0	0	0.8916
4	2	0.8916	0	0	0.8916
4	2	1.799	0	0	1.799
4	2	1.799	0	1	1.799
4	2	0.4642	1	1	0.4642
4	2	5.405	1	1	5.405
4	2	0.4642	1	1	0.4642
4	2	0.9167	1	0	0.9167
4	2	0.2173	0	0	0.2173
4	2	0.9167	1	0	0.9167
4	2	0.9167	1	1	0.9167
4	2	0.9167	1	1	0.9167
4	2	0.4642	1	1	0.4642
4	2	1.806	1	1	1.806
4	2	1.799	0	0	1.799
4	2	0.2173	0	0	0.2173
4	2	5.405	1	1	5.405
4	2	0.9167	1	1	0.9167
4	2	0.2173	0	1	0.2173
4	2	0.4642	1	1	0.4642
4	2	0.2173	0	1	0.2173
4	2	5.385	0	0	5.385
4	2	5.385	0	0	5.385
4	2	0.2173	0	0	0.2173
4	2	0.8916	0	0	0.8916
4	2	5.405	1	1	5.405
4	2	0.8916	0	1	0.8916
5	2	1.806	1	1	1.806
5	2	0.9167	1	1	0.9167
5	2	1.799	0	0	1.799
5	2	1.806	1	1	1.806
5	2	0.9167	1	1	0.9167
5	2	0.8916	0	0	0.8916
5	2	1.799	0	1	1.799
5	2	1.806	1	1	1.806
5	2	0.9167	1	1	0.9167
5	2	0.2173	0	1	0.2173
5	2	1.799	0	0	1.799
5	2	1.799	0	0	1.799
5	2	0.2271	1	1	0.2271
5	2	0.4405	0	1	0.4405
5	2	0.4642	1	1	0.4642
5	2	0.4405	0	0	0.4405
5	2	1.799	0	0	1.799
5	2	5.385	0	0	5.385
5	2	1.799	0	0	1.799
5	2	0.2173	0	0	0.2173
5	2	5.405	1	1	5.405
5	2	0.8916	0	1	0.8916
5	2	5.385	0	0	5.385
5	2	0.4405	0	1	0.4405
5	2	0.8916	0	0	0.8916
5	2	0.2271	1	1	0.2271
5	2	0.4642	1	0	0.4642
5	2	5.385	0	0	5.385
5	2	0.9167	1	0	0.9167
5	2	5.385	0	0	5.385
5	2	0.2271	1	1	0.2271
5	2	0.4642	1	1	0.4642
5	2	0.2173	0	1	0.2173
5	2	5.385	0	0	5.385
5	2	5.405	1	1	5.405
5	2	0.2173	0	1	0.2173
5	2	5.405	1	1	5.405
5	2	0.4642	1	1	0.4642
5	2	0.4405	0	1	0.4405
5	2	0.2173	0	0	0.2173
5	2	0.2271	1	1	0.2271
5	2	0.4642	1	1	0.4642
5	2	5.405	1	1	5.405
5	2	1.806	1	0	1.806
5	2	0.4405	0	1	0.4405
5	2	0.8916	0	0	0.8916
5	2	0.2271	1	0	0.2271
5	2	0.9167	1	1	0.9167
5	2	5.405	1	1	5.405
5	2	0.9167	1	1	0.9167
6	2	0.2271	1	1	0.2271
6	2	1.799	0	0	1.799
6	2	0.2173	0	1	0.2173
6	2	0.2173	0	1	0.2173
6	2	5.385	0	0	5.385
6	2	1.806	1	0	1.806
6	2	5.405	1	1	5.405
6	2	1.806	1	1	1.806
6	2	1.799	0	0	1.799
6	2	5.385	0	0	5.385
6	2	0.4405	0	1	0.4405
6	2	0.2173	0	0	0.2173
6	2	5.405	1	1	5.405
6	2	0.2271	1	0	0.2271
6	2	0.9167	1	1	0.9167
6	2	0.2271	1	1	0.2271
6	2	0.4642	1	1	0.4642
6	2	0.2173	0	0	0.2173
6	2	0.9167	1	1	0.9167
6	2	5.405	1	1	5.405
6	2	1.799	0	0	1.799
6	2	5.405	1	1	5.405
6	2	0.4642	1	1	0.4642
6	2	1.799	0	0	1.799
6	2	0.2271	1	1	0.2271
6	2	1.799	0	1	1.799
6	2	0.8916	0	1	0.8916
6	2	0.2271	1	1	0.2271
6	2	0.2271	1	1	0.2271
6	2	1.806	1	1	1.806
6	2	0.9167	1	1	0.9167
6	2	0.9167	1	1	0.9167
6	2	0.4405	0	1	0.4405
6	2	1.799	0	0	1.799
6	2	5.405	1	1	5.405
6	2	0.4405	0	0	0.4405
6	2	0.4405	0	0	0.4405
6	2	0.8916	0	0	0.8916
6	2	0.4405	0	1	0.4405
6	2	0.8916	0	1	0.8916
6	2	0.4642	1	0	0.4642
6	2	1.799	0	0	1.799
6	2	0.9167	1	1	0.9167
6	2	5.405	1	1	5.405
6	2	0.4405	0	1	0.4405
6	2	0.4642	1	1	0.4642
6	2	0.8916	0	0	0.8916
6	2	5.385	0	0	5.385
6	2	0.8916	0	0	0.8916
6	2	5.405	1	1	5.405
7	2	0.9167	1	0	0.9167
7	2	5.385	0	0	5.385
7	2	1.806	1	1	1.806
7	2	0.2173	0	1	0.2173
7	2	1.806	1	1	1.806
7	2	5.385	0	0	5.385
7	2	0.2173	0	0	0.2173
7	2	5.405	1	1	5.405
7	2	5.385	0	0	5.385
7	2	0.2173	0	0	0.2173
7	2	0.2271	1	0	0.2271
7	2	0.2271	1	1	0.2271
7	2	0.4642	1	1	0.4642
7	2	0.4405	0	1	0.4405
7	2	0.2173	0	0	0.2173
7	2	0.4642	1	1	0.4642
7	2	0.4642	1	1	0.4642
7	2	0.9167	1	1	0.9167
7	2	0.9167	1	0	0.9167
7	2	0.4642	1	1	0.4642
7	2	0.8916	0	1	0.8916
7	2	1.799	0	0	1.799
7	2	0.8916	0	1	0.8916
7	2	0.4642	1	1	0.4642
7	2	0.9167	1	0	0.9167
7	2	1.806	1	1	1.806
7	2	5.405	1	1	5.405
7	2	0.2271	1	0	0.2271
7	2	0.9167	1	1	0.9167
7	2	1.799	0	1	1.799
7	2	0.2173	0	1	0.2173
7	2	5.385	0	0	5.385
7	2	1.799	0	0	1.799
7	2	5.385	0	0	5.385
7	2	5.405	1	1	5.405
7	2	5.405	1	1	5.405
7	2	1.799	0	1	1.799
7	2	0.8916	0	0	0.8916
7	2	0.9167	1	1	0.9167
7	2	1.799	0	0	1.799
7	2	0.8916	0	0	0.8916
7	2	0.4405	0	1	0.4405
7	2	0.4642	1	1	0.4642
7	2	0.4405	0	1	0.4405
7	2	0.2271	1	1	0.2271
7	2	0.4642	1	1	0.4642
7	2	1.799	0	1	1.799
7	2	5.385	0	0	5.385
7	2	1.799	0	0	1.799
7	2	0.2271	1	1	0.2271
8	2	1.806	1	1	1.806
8	2	0.8916	0	1	0.8916
8	2	0.2173	0	1	0.2173
8	2	0.8916	0	0	0.8916
8	2	1.799	0	0	1.799
8	2	0.9167	1	1	0.9167
8	2	1.806	1	0	1.806
8	2	5.405	1	1	5.405
8	2	0.2271	1	0	0.2271
8	2	0.4642	1	1	0.4642
8	2	5.385	0	0	5.385
8	2	0.8916	0	0	0.8916
8	2	0.4405	0	1	0.4405
8	2	1.799	0	1	1.799
8	2	5.385	0	0	5.385
8	2	5.405	1	1	5.405
8	2	0.8916	0	0	0.8916
8	2	1.806	1	0	1.806
8	2	0.4642	1	1	0.4642
8	2	0.4405	0	1	0.4405
8	2	0.4405	0	1	0.4405
8	2	0.4642	1	1	0.4642
8	2	0.2173	0	0	0.2173
8	2	0.8916	0	1	0.8916
8	2	5.405	1	1	5.405
8	2	0.2173	0	0	0.2173
8	2	5.405	1	1	5.405
8	2	1.799	0	0	1.799
8	2	1.799	0	0	1.799
8	2	0.2271	1	0	0.2271
8	2	5.405	1	1	5.405
8	2	0.9167	1	1	0.9167
8	2	0.2271	1	0	0.2271
8	2	0.2271	1	1	0.2271
8	2	0.2271	1	1	0.2271
8	2	0.8916	0	1	0.8916
8	2	0.2173	0	1	0.2173
8	2	1.799	0	0	1.799
8	2	0.4405	0	0	0.4405
8	2	5.385	0	0	5.385
8	2	0.4642	1	0	0.4642
8	2	5.405	1	1	5.405
8	2	0.4642	1	1	0.4642
8	2	1.799	0	0	1.799
8	2	0.2271	1	0	0.2271
8	2	0.8916	0	0	0.8916
8	2	5.385	0	0	5.385
8	2	0.9167	1	0	0.9167
8	2	0.4642	1	1	0.4642
9	2	0.8916	0	1	0.8916
9	2	0.4405	0	1	0.4405
9	2	0.9167	1	1	0.9167
9	2	5.385	0	0	5.385
9	2	5.405	1	1	5.405
9	2	0.2173	0	0	0.2173
9	2	0.8916	0	0	0.8916
9	2	1.799	0	0	1.799
9	2	0.8916	0	1	0.8916
9	2	1.806	1	1	1.806
9	2	0.4642	1	1	0.4642
9	2	0.9167	1	0	0.9167
9	2	5.385	0	0	5.385
9	2	0.9167	1	1	0.9167
9	2	1.806	1	1	1.806
9	2	0.4642	1	0	0.4642
9	2	0.4405	0	0	0.4405
9	2	0.9167	1	1	0.9167
9	2	1.799	0	0	1.799
9	2	0.2173	0	1	0.2173
9	2	0.2271	1	1	0.2271
9	2	1.806	1	1	1.806
9	2	0.8916	0	1	0.8916
9	2	5.385	0	0	5.385
9	2	0.2173	0	1	0.2173
9	2	0.2271	1	1	0.2271
9	2	5.405	1	1	5.405
9	2	5.385	0	0	5.385
9	2	0.4405	0	1	0.4405
9	2	0.4642	1	1	0.4642
9	2	0.2271	1	0	0.2271
9	2	1.806	1	1	1.806
9	2	5.385	0	0	5.385
9	2	1.806	1	0	1.806
9	2	1.799	0	0	1.799
9	2	0.8916	0	1	0.8916
9	2	1.799	0	1	1.799
9	2	0.2173	0	1	0.2173
9	2	0.4405	0	1	0.4405
9	2	0.4405	0	1	0.4405
9	2	5.405	1	1	5.405
9	2	0.2173	0	1	0.2173
9	2	1.806	1	1	1.806
9	2	0.2271	1	0	0.2271
9	2	5.405	1	1	5.405
9	2	0.4405	0	1	0.4405
9	2	0.4642	1	1	0.4642
9	2	5.405	1	1	5.405
9	2	0.2271	1	1	0.2271
9	2	0.9167	1	1	0.9167
10	3	1.651	1	1	1.651
10	3	0.3671	1	0	0.3671
10	3	0.09275	1	1	0.09275
10	3	1.581	1	1	1.581
10	3	0.9467	1	1	0.9467
10	3	0.4412	0	1	0.4412
10	3	5.46	0	0	5.46
10	3	0.5194	1	1	0.5194
10	3	2.076	0	0	2.076
10	3	0.8155	0	1	0.8155
10	3	5.344	1	1	5.344
10	3	0.6409	1	0	0.6409
10	3	0.5557	0	0	0.5557
10	3	1.915	1	1	1.915
10	3	5.415	0	0	5.415
10	3	0.3556	0	1	0.3556
10	3	0.2805	1	1	0.2805
10	3	1.081	1	0	1.081
10	3	0.2259	0	1	0.2259
10	3	1.646	0	0	1.646
10	3	1.616	0	1	1.616
10	3	2.096	1	1	2.096
10	3	0.8638	1	1	0.8638
10	3	1.103	1	1	1.103
10	3	0.1935	1	0	0.1935
10	3	5.469	1	1	5.469
10	3	0.5912	1	0	0.5912
10	3	5.334	0	0	5.334
10	3	0.9703	0	1	0.9703
10	3	0.2305	1	1	0.2305
10	3	0.5465	0	1	0.5465
10	3	1.712	0	0	1.712
10	3	5.262	0	0	5.262
10	3	5.658	0	0	5.658
10	3	0.5324	1	1	0.5324
10	3	5.699	1	1	5.699
10	3	0.318	1	1	0.318
10	3	0.2618	0	1	0.2618
10	3	0.5968	1	1	0.5968
10	3	0.9261	0	1	0.9261
10	3	0.4603	0	1	0.4603
10	3	5.353	0	0	5.353
10	3	5.293	1	1	5.293
10	3	1.685	0	0	1.685
10	3	1.799	1	1	1.799
10	3	0.2116	0	0	0.2116
10	3	1.208	1	1	1.208
10	3	0.7539	0	1	0.7539
10	3	0.9452	0	0	0.9452
10	3	0.3034	0	1	0.3034
11	3	1.94	1	1	1.94
11	3	1.799	0	1	1.799
11	3	0.5836	0	1	0.5836
11	3	0.237	0	1	0.237
11	3	0.3711	0	0	0.3711
11	3	0.4637	0	0	0.4637
11	3	0.378	1	0	0.378
11	3	1.783	1	1	1.783
11	3	5.416	1	1	5.416
11	3	0.4098	1	1	0.4098
11	3	0.3181	1	0	0.3181
11	3	5.75	1	1	5.75
11	3	1.587	0	0	1.587
11	3	1.081	1	0	1.081
11	3	5.306	0	0	5.306
11	3	0.6513	1	1	0.6513
11	3	0.1226	0	0	0.1226
11	3	0.5132	0	1	0.5132
11	3	5.253	0	0	5.253
11	3	0.5853	1	1	0.5853
11	3	0.4547	1	1	0.4547
11	3	1.817	1	1	1.817
11	3	0.3514	1	1	0.3514
11	3	0.01963	1	1	0.01963
11	3	5.627	0	0	5.627
11	3	0.2488	1	1	0.2488
11	3	0.4259	1	0	0.4259
11	3	0.9866	0	0	0.9866
11	3	0.6287	1	1	0.6287
11	3	0.2653	1	1	0.2653
11	3	1.855	0	0	1.855
11	3	0.2325	0	1	0.2325
11	3	1.023	0	0	1.023
11	3	0.6999	0	1	0.6999
11	3	5.373	1	1	5.373
11	3	0.3173	1	0	0.3173
11	3	0.9717	0	0	0.9717
11	3	1.755	0	0	1.755
11	3	1.953	1	1	1.953
11	3	1.765	0	1	1.765
11	3	0.9443	1	1	0.9443
11	3	5.302	0	0	5.302
11	3	5.383	0	0	5.383
11	3	0.9968	0	1	0.9968
11	3	5.585	1	1	5.585
11	3	1.74	1	1	1.74
11	3	0.3937	0	1	0.3937
11	3	5.501	1	1	5.501
11	3	0.1513	0	0	0.1513
11	3	0.4487	0	1	0.4487
12	3	1.789	1	1	1.789
12	3	0.5742	1	1	0.5742
12	3	0.3721	1	1	0.3721
12	3	1.05	1	1	1.05
12	3	1.8	1	1	1.8
12	3	0.267	0	0	0.267
12	3	0.4934	1	1	0.4934
12	3	1.651	1	1	1.651
12	3	1.337	0	0	1.337
12	3	1.729	1	1	1.729
12	3	5.569	0	0	5.569
12	3	0.5107	0	0	0.5107
12	3	0.5283	0	1	0.5283
12	3	0.9015	0	0	0.9015
12	3	0.3035	1	1	0.3035
12	3	0.1499	1	1	0.1499
12	3	5.533	1	1	5.533
12	3	1.609	1	1	1.609
12	3	5.451	1	1	5.451
12	3	0.4	0	1	0.4
12	3	0.7219	0	1	0.7219
12	3	1.75	0	0	1.75
12	3	0.02905	1	1	0.02905
12	3	5.315	0	0	5.315
12	3	0.4232	1	1	0.4232
12	3	1.935	0	0	1.935
12	3	0.2461	1	1	0.2461
12	3	0.8508	0	0	0.8508
12	3	0.8496	1	1	0.8496
12	3	1.103	1	1	1.103
12	3	1.693	1	1	1.693
12	3	0.4208	0	0	0.4208
12	3	5.482	1	1	5.482
12	3	0.3976	0	0	0.3976
12	3	0.3827	0	1	0.3827
12	3	5.321	0	0	5.321
12	3	5.201	0	0	5.201
12	3	1.625	0	0	1.625
12	3	5.396	1	1	5.396
12	3	0.2481	0	0	0.2481
12	3	5.013	0	0	5.013
12	3	0.9426	0	1	0.9426
12	3	0.6509	0	0	0.6509
12	3	0.7093	0	0	0.7093
12	3	0.2023	1	1	0.2023
12	3	0.7795	0	1	0.7795
12	3	5.364	1	1	5.364
12	3	0.6068	1	1	0.6068
12	3	0.5475	0	1	0.5475
12	3	0.2407	1	1	0.2407
13	3	1.112	1	1	1.112
13	3	5.569	0	0	5.569
13	3	0.7405	0	0	0.7405
13	3	0.5433	0	1	0.5433
13	3	0.9193	0	1	0.9193
13	3	0.2268	0	0	0.2268
13	3	0.9145	0	0	0.9145
13	3	5.072	1	1	5.072
13	3	0.5411	1	0	0.5411
13	3	5.397	0	0	5.397
13	3	0.05661	1	1	0.05661
13	3	0.423	1	1	0.423
13	3	0.7548	1	1	0.7548
13	3	1.687	1	1	1.687
13	3	0.5202	0	1	0.5202
13	3	0.2465	1	1	0.2465
13	3	1.611	1	1	1.611
13	3	1.15	1	0	1.15
13	3	0.6555	1	1	0.6555
13	3	1.7	0	0	1.7
13	3	1.821	1	1	1.821
13	3	0.2616	0	0	0.2616
13	3	0.4572	0	1	0.4572
13	3	0.5397	1	0	0.5397
13	3	5.391	0	0	5.391
13	3	0.2362	1	0	0.2362
13	3	0.4401	1	1	0.4401
13	3	0.449	0	1	0.449
13	3	5.355	0	0	5.355
13	3	1.738	0	1	1.738
13	3	0.7765	0	1	0.7765
13	3	0.4229	1	1	0.4229
13	3	1.64	0	0	1.64
13	3	5.743	1	1	5.743
13	3	0.743	0	0	0.743
13	3	5.63	1	1	5.63
13	3	1.721	1	1	1.721
13	3	0.08462	1	1	0.08462
13	3	1.799	0	0	1.799
13	3	1.809	1	1	1.809
13	3	5.608	1	1	5.608
13	3	5.189	1	1	5.189
13	3	0.2224	0	0	0.2224
13	3	5.452	1	1	5.452
13	3	0.512	1	0	0.512
13	3	0.7687	0	1	0.7687
13	3	0.8555	1	0	0.8555
13	3	0.1609	0	1	0.1609
13	3	1.713	0	0	1.713
13	3	0.3185	0	1	0.3185
14	3	0.5398	1	1	0.5398
14	3	0.5232	1	1	0.5232
14	3	1.804	0	0	1.804
14	3	5.428	0	0	5.428
14	3	1.71	0	0	1.71
14	3	0.2642	0	0	0.2642
14	3	0.7467	0	0	0.7467
14	3	0.1503	0	1	0.1503
14	3	2.1	1	1	2.1
14	3	0.9541	0	1	0.9541
14	3	5.292	0	0	5.292
14	3	0.05818	0	1	0.05818
14	3	0.4529	1	1	0.4529
14	3	5.418	0	0	5.418
14	3	1.066	1	1	1.066
14	3	5.279	1	1	5.279
14	3	0.2408	0	0	0.2408
14	3	0.3065	1	1	0.3065
14	3	0.2659	1	1	0.2659
14	3	5.502	1	1	5.502
14	3	0.3167	1	1	0.3167
14	3	5.298	1	1	5.298
14	3	2.171	1	1	2.171
14	3	1.747	0	1	1.747
14	3	0.09163	0	1	0.09163
14	3	0.969	1	1	0.969
14	3	1.22	1	1	1.22
14	3	0.3507	1	1	0.3507
14	3	0.1921	0	1	0.1921
14	3	1.155	1	1	1.155
14	3	1.883	1	0	1.883
14	3	0.2875	1	1	0.2875
14	3	5.551	0	0	5.551
14	3	0.2888	0	1	0.2888
14	3	5.081	0	0	5.081
14	3	1.806	1	1	1.806
14	3	1.743	1	1	1.743
14	3	0.3537	0	1	0.3537
14	3	5.337	1	1	5.337
14	3	1.056	0	0	1.056
14	3	0.3685	0	1	0.3685
14	3	1.831	1	1	1.831
14	3	0.6539	0	0	0.6539
14	3	0.4526	0	1	0.4526
14	3	5.526	1	1	5.526
14	3	1.76	0	0	1.76
14	3	0.9756	1	1	0.9756
14	3	0.08368	0	0	0.08368
14	3	0.007371	1	1	0.007371
14	3	1.15	0	0	1.15
15	3	1.864	0	0	1.864
15	3	1.818	0	0	1.818
15	3	1.61	0	0	1.61
15	3	0.3296	1	1	0.3296
15	3	0.299	1	1	0.299
15	3	1.535	0	0	1.535
15	3	5.457	1	1	5.457
15	3	0.02926	1	1	0.02926
15	3	5.318	1	1	5.318
15	3	5.602	1	1	5.602
15	3	0.8746	1	1	0.8746
15	3	0.3874	0	0	0.3874
15	3	5.319	1	1	5.319
15	3	0.9023	1	1	0.9023
15	3	5.519	1	1	5.519
15	3	0.9993	1	1	0.9993
15	3	0.575	1	1	0.575
15	3	0.1627	0	0	0.1627
15	3	0.9116	1	1	0.9116
15	3	1.831	0	0	1.831
15	3	0.04271	0	1	0.04271
15	3	0.34	1	1	0.34
15	3	1.48	0	0	1.48
15	3	5.354	0	0	5.354
15	3	0.4738	1	1	0.4738
15	3	0.1425	0	0	0.1425
15	3	5.509	0	0	5.509
15	3	0.2012	0	1	0.2012
15	3	5.464	0	0	5.464
15	3	0.09525	0	1	0.09525
15	3	0.7063	1	1	0.7063
15	3	0.2384	1	0	0.2384
15	3	0.867	0	0	0.867
15	3	2.015	0	0	2.015
15	3	0.3709	0	0	0.3709
15	3	0.266	1	1	0.266
15	3	5.825	1	1	5.825
15	3	1.834	1	1	1.834
15	3	0.9791	1	0	0.9791
15	3	5.129	0	0	5.129
15	3	2.056	0	1	2.056
15	3	0.939	1	1	0.939
15	3	1.927	1	1	1.927
15	3	1.183	1	1	1.183
15	3	0.8507	0	1	0.8507
15	3	0.5107	1	0	0.5107
15	3	0.4604	0	0	0.4604
15	3	1.12	1	1	1.12
15	3	0.261	0	0	0.261
15	3	0.3406	0	1	0.3406
16	3	0.218	0	1	0.218
16	3	1.988	1	1	1.988
16	3	0.1186	1	1	0.1186
16	3	1.831	1	0	1.831
16	3	5.278	0	0	5.278
16	3	5.575	0	0	5.575
16	3	0.4341	1	1	0.4341
16	3	0.05216	1	1	0.05216
16	3	0.8843	0	1	0.8843
16	3	0.8229	1	0	0.8229
16	3	0.03767	0	1	0.03767
16	3	0.2831	1	1	0.2831
16	3	5.424	0	0	5.424
16	3	1.662	1	0	1.662
16	3	0.3291	1	0	0.3291
16	3	0.5364	0	0	0.5364
16	3	5.527	1	1	5.527
16	3	0.4804	1	0	0.4804
16	3	1.955	1	0	1.955
16	3	1.872	0	0	1.872
16	3	0.3642	1	1	0.3642
16	3	1.773	0	1	1.773
16	3	1.401	0	0	1.401
16	3	1.022	0	1	1.022
16	3	1.994	1	1	1.994
16	3	1.052	1	0	1.052
16	3	0.1056	0	1	0.1056
16	3	1.702	1	1	1.702
16	3	5.415	0	0	5.415
16	3	5.191	1	1	5.191
16	3	5.33	0	0	5.33
16	3	0.6746	0	1	0.6746
16	3	0.4457	1	1	0.4457
16	3	5.171	0	0	5.171
16	3	0.6113	1	1	0.6113
16	3	0.467	0	1	0.467
16	3	0.7794	0	1	0.7794
16	3	0.971	1	1	0.971
16	3	0.3265	0	1	0.3265
16	3	0.5468	1	1	0.5468
16	3	1.076	0	1	1.076
16	3	5.388	0	0	5.388
16	3	0.3625	1	1	0.3625
16	3	0.7165	1	1	0.7165
16	3	0.713	0	0	0.713
16	3	0.9456	1	1	0.9456
16	3	1.788	0	0	1.788
16	3	0.4961	1	1	0.4961
16	3	5.524	0	0	5.524
16	3	0.4365	0	1	0.4365
17	3	1.768	0	0	1.768
17	3	5.501	1	1	5.501
17	3	1.086	0	1	1.086
17	3	0.2457	0	0	0.2457
17	3	0.9455	1	0	0.9455
17	3	0.2648	0	0	0.2648
17	3	0.4767	1	1	0.4767
17	3	0.6375	1	1	0.6375
17	3	0.9898	1	1	0.9898
17	3	0.1389	1	0	0.1389
17	3	1.664	0	0	1.664
17	3	0.8741	1	1	0.8741
17	3	0.542	0	1	0.542
17	3	1.747	1	1	1.747
17	3	0.3034	1	1	0.3034
17	3	0.5242	1	0	0.5242
17	3	5.415	0	0	5.415
17	3	0.2255	1	1	0.2255
17	3	0.3568	0	1	0.3568
17	3	0.04699	1	0	0.04699
17	3	0.3493	0	1	0.3493
17	3	1.007	1	1	1.007
17	3	0.003912	0	1	0.003912
17	3	1.806	1	1	1.806
17	3	5.413	0	0	5.413
17	3	0.2743	0	0	0.2743
17	3	0.4099	1	0	0.4099
17	3	1.607	0	1	1.607
17	3	0.4164	0	1	0.4164
17	3	0.8071	1	0	0.8071
17	3	5.423	1	1	5.423
17	3	0.6808	0	1	0.6808
17	3	0.837	1	0	0.837
17	3	2.023	0	0	2.023
17	3	5.554	0	0	5.554
17	3	1.914	1	1	1.914
17	3	0.5513	1	1	0.5513
17	3	2.047	1	1	2.047
17	3	1.159	1	0	1.159
17	3	0.1062	0	1	0.1062
17	3	0.2534	0	0	0.2534
17	3	0.9285	0	0	0.9285
17	3	5.462	1	0	5.462
17	3	1.672	0	1	1.672
17	3	5.426	1	1	5.426
17	3	1.912	0	0	1.912
17	3	5.408	1	1	5.408
17	3	5.271	0	0	5.271
17	3	5.54	1	1	5.54
17	3	0.2936	1	0	0.2936
18	3	5.395	0	0	5.395
18	3	1.583	0	1	1.583
18	3	1.788	1	1	1.788
18	3	0.9543	1	1	0.9543
18	3	0.6127	1	1	0.6127
18	3	0.6053	1	0	0.6053
18	3	0.412	0	0	0.412
18	3	5.338	0	0	5.338
18	3	0.6948	1	1	0.6948
18	3	5.36	0	0	5.36
18	3	0.9955	1	1	0.9955
18	3	0.2293	0	1	0.2293
18	3	1.806	1	1	1.806
18	3	1.946	0	0	1.946
18	3	5.488	0	0	5.488
18	3	1.125	1	1	1.125
18	3	0.01958	1	0	0.01958
18	3	0.08306	1	0	0.08306
18	3	0.6838	1	1	0.6838
18	3	0.575	1	1	0.575
18	3	0.07658	0	1	0.07658
18	3	0.9696	0	1	0.9696
18	3	0.1694	1	1	0.1694
18	3	0.3227	1	1	0.3227
18	3	0.5367	1	1	0.5367
18	3	5.689	1	1	5.689
18	3	0.0443	1	1	0.0443
18	3	0.3375	0	1	0.3375
18	3	1.682	0	0	1.682
18	3	1.719	1	1	1.719
18	3	2.061	1	1	2.061
18	3	0.3215	0	1	0.3215
18	3	5.192	1	1	5.192
18	3	0.9776	0	1	0.9776
18	3	5.357	1	1	5.357
18	3	0.3702	0	1	0.3702
18	3	0.4492	1	1	0.4492
18	3	0.9719	0	1	0.9719
18	3	1.807	0	0	1.807
18	3	0.3076	0	0	0.3076
18	3	5.319	1	1	5.319
18	3	0.7648	0	1	0.7648
18	3	0.1065	1	1	0.1065
18	3	0.4898	0	0	0.4898
18	3	0.9501	0	0	0.9501
18	3	0.7401	0	0	0.7401
18	3	5.51	0	0	5.51
18	3	1.828	0	0	1.828
18	3	1.492	1	1	1.492
18	3	5.464	1	1	5.464
19	3	5.192	0	0	5.192
19	3	0.3053	0	0	0.3053
19	3	5.556	0	0	5.556
19	3	0.3797	1	1	0.3797
19	3	0.2869	1	1	0.2869
19	3	1.751	0	0	1.751
19	3	0.1859	1	0	0.1859
19	3	5.469	1	1	5.469
19	3	0.3796	1	0	0.3796
19	3	0.2697	0	1	0.2697
19	3	1.827	0	1	1.827
19	3	0.857	0	0	0.857
19	3	0.3049	1	1	0.3049
19	3	0.5613	0	0	0.5613
19	3	1.193	1	0	1.193
19	3	0.7913	0	0	0.7913
19	3	1.082	1	1	1.082
19	3	0.614	1	0	0.614
19	3	0.5066	1	1	0.5066
19	3	0.9434	0	1	0.9434
19	3	1.642	0	1	1.642
19	3	0.3287	1	1	0.3287
19	3	1.793	1	1	1.793
19	3	0.1391	0	1	0.1391
19	3	1.089	0	0	1.089
19	3	5.313	0	0	5.313
19	3	5.404	0	0	5.404
19	3	0.1187	1	0	0.1187
19	3	0.7838	0	0	0.7838
19	3	0.5959	1	0	0.5959
19	3	1.792	1	1	1.792
19	3	0.6222	1	1	0.6222
19	3	5.263	0	0	5.263
19	3	0.5578	1	0	0.5578
19	3	0.2514	1	1	0.2514
19	3	1.573	1	0	1.573
19	3	5.331	0	0	5.331
19	3	0.9726	0	1	0.9726
19	3	5.429	1	1	5.429
19	3	0.7854	0	0	0.7854
19	3	0.2543	1	1	0.2543
19	3	1.798	1	1	1.798
19	3	0.5951	0	1	0.5951
19	3	5.45	0	0	5.45
19	3	0.249	1	1	0.249
19	3	1.658	0	0	1.658
19	3	0.1278	0	1	0.1278
19	3	1.77	1	1	1.77
19	3	5.477	1	1	5.477
20	4	0.5633	0	0	0.5633
20	4	5.545	0	0	5.545
20	4	1.921	0	0	1.921
20	4	5.527	1	1	5.527
20	4	0.02906	1	1	0.02906
20	4	5.336	0	0	5.336
20	4	0.48	1	1	0.48
20	4	0.6981	1	1	0.6981
20	4	0.9508	0	0	0.9508
20	4	0.2259	0	1	0.2259
20	4	0.9648	0	1	0.9648
20	4	0.6946	1	1	0.6946
20	4	1.808	0	0	1.808
20	4	0.8799	0	0	0.8799
20	4	0.3041	0	1	0.3041
20	4	1.857	0	0	1.857
20	4	1.771	1	1	1.771
20	4	0.8462	1	1	0.8462
20	4	1.041	1	1	1.041
20	4	1.029	1	1	1.029
20	4	0.5359	1	1	0.5359
20	4	0.7191	0	1	0.7191
20	4	1.722	1	1	1.722
20	4	1.568	0	0	1.568
20	4	0.3639	1	1	0.3639
20	4	5.632	1	1	5.632
20	4	0.512	1	1	0.512
20	4	0.04363	0	1	0.04363
20	4	1.746	1	1	1.746
20	4	5.594	1	1	5.594
20	4	0.6954	1	1	0.6954
20	4	5.635	1	1	5.635
20	4	0.9268	0	1	0.9268
20	4	0.1963	0	0	0.1963
20	4	0.3976	1	1	0.3976
20	4	1.922	0	1	1.922
20	4	1.913	0	0	1.913
20	4	0.9205	0	1	0.9205
20	4	5.259	0	0	5.259
20	4	0.3595	1	1	0.3595
20	4	1.803	1	1	1.803
20	4	0.2649	0	0	0.2649
20	4	0.6822	1	1	0.6822
20	4	0.9014	1	1	0.9014
20	4	0.3333	0	1	0.3333
20	4	5.629	1	1	5.629
20	4	0.08345	1	1	0.08345
20	4	0.4462	1	1	0.4462
20	4	5.275	0	0	5.275
20	4	5.368	0	0	5.368
21	4	0.5012	0	0	0.5012
21	4	1.651	0	0	1.651
21	4	0.6839	0	1	0.6839
21	4	0.8642	1	0	0.8642
21	4	5.274	1	1	5.274
21	4	0.377	1	1	0.377
21	4	5.349	1	1	5.349
21	4	0.1463	0	1	0.1463
21	4	5.299	1	1	5.299
21	4	1.916	1	0	1.916
21	4	0.7759	0	1	0.7759
21	4	1.763	1	1	1.763
21	4	0.8443	0	1	0.8443
21	4	0.9402	1	1	0.9402
21	4	0.09969	0	0	0.09969
21	4	1.904	1	0	1.904
21	4	0.3256	0	0	0.3256
21	4	5.224	0	0	5.224
21	4	1.984	1	1	1.984
21	4	0.5741	1	1	0.5741
21	4	0.9049	0	0	0.9049
21	4	0.8544	0	1	0.8544
21	4	5.265	0	0	5.265
21	4	0.3268	1	1	0.3268
21	4	0.4481	1	1	0.4481
21	4	1.923	0	0	1.923
21	4	0.4459	1	0	0.4459
21	4	1.614	1	0	1.614
21	4	2.078	1	1	2.078
21	4	0.4968	0	0	0.4968
21	4	0.05089	0	1	0.05089
21	4	5.584	1	1	5.584
21	4	0.1987	1	0	0.1987
21	4	0.5496	1	1	0.5496
21	4	0.9886	1	1	0.9886
21	4	0.8487	0	1	0.8487
21	4	1.702	0	0	1.702
21	4	0.1808	0	1	0.1808
21	4	1.971	1	1	1.971
21	4	0.3983	0	1	0.3983
21	4	0.06689	1	1	0.06689
21	4	0.4063	0	0	0.4063
21	4	5.393	0	0	5.393
21	4	5.416	0	0	5.416
21	4	5.203	1	1	5.203
21	4	0.3813	0	1	0.3813
21	4	0.09551	0	1	0.09551
21	4	5.321	0	0	5.321
21	4	0.9383	1	1	0.9383
21	4	0.438	1	1	0.438
22	4	0.7202	0	0	0.7202
22	4	0.4739	0	1	0.4739
22	4	1.565	0	0	1.565
22	4	1.147	1	1	1.147
22	4	0.07138	1	1	0.07138
22	4	0.3839	1	0	0.3839
22	4	5.247	0	0	5.247
22	4	1.795	1	1	1.795
22	4	1.15	1	0	1.15
22	4	0.9394	0	1	0.9394
22	4	0.0428	0	1	0.0428
22	4	0.5927	1	1	0.5927
22	4	5.527	1	1	5.527
22	4	0.1751	0	1	0.1751
22	4	0.05659	0	1	0.05659
22	4	2.154	1	1	2.154
22	4	5.264	1	1	5.264
22	4	0.9394	0	1	0.9394
22	4	0.2684	1	1	0.2684
22	4	0.5011	0	1	0.5011
22	4	1.944	0	0	1.944
22	4	0.217	1	1	0.217
22	4	0.07986	0	0	0.07986
22	4	0.07407	1	1	0.07407
22	4	0.5402	1	1	0.5402
22	4	0.7843	0	0	0.7843
22	4	0.8118	1	1	0.8118
22	4	5.277	1	1	5.277
22	4	1.957	1	1	1.957
22	4	5.287	0	0	5.287
22	4	0.6917	1	0	0.6917
22	4	5.335	1	1	5.335
22	4	2.042	1	1	2.042
22	4	1.043	0	1	1.043
22	4	0.7601	0	1	0.7601
22	4	1.791	0	0	1.791
22	4	0.09449	0	1	0.09449
22	4	5.548	0	0	5.548
22	4	0.7782	0	1	0.7782
22	4	0.2743	0	0	0.2743
22	4	1.922	1	1	1.922
22	4	5.492	1	1	5.492
22	4	0.5898	0	0	0.5898
22	4	1.804	1	0	1.804
22	4	0.5675	0	1	0.5675
22	4	1.959	1	1	1.959
22	4	0.2424	1	1	0.2424
22	4	5.52	1	1	5.52
22	4	5.631	1	1	5.631
22	4	0.5543	1	1	0.5543
23	4	1.705	0	0	1.705
23	4	0.002652	1	0	0.002652
23	4	0.9028	0	1	0.9028
23	4	5.501	1	1	5.501
23	4	0.2204	0	0	0.2204
23	4	5.149	1	1	5.149
23	4	5.418	1	1	5.418
23	4	5.262	1	1	5.262
23	4	1.771	1	0	1.771
23	4	0.7865	0	1	0.7865
23	4	0.6207	0	1	0.6207
23	4	1.794	0	1	1.794
23	4	5.585	1	1	5.585
23	4	0.5204	0	0	0.5204
23	4	5.362	0	0	5.362
23	4	0.4881	1	1	0.4881
23	4	0.8415	0	1	0.8415
23	4	0.1728	0	1	0.1728
23	4	1.837	1	1	1.837
23	4	1.78	0	1	1.78
23	4	1.791	1	0	1.791
23	4	0.4504	0	1	0.4504
23	4	0.4629	0	0	0.4629
23	4	0.5851	1	1	0.5851
23	4	0.2271	1	0	0.2271
23	4	5.274	0	0	5.274
23	4	1.035	0	1	1.035
23	4	1.034	0	1	1.034
23	4	5.192	0	0	5.192
23	4	0.3078	0	0	0.3078
23	4	0.1383	1	0	0.1383
23	4	0.05451	1	1	0.05451
23	4	1.984	1	1	1.984
23	4	0.1829	1	1	0.1829
23	4	0.629	0	1	0.629
23	4	0.1349	1	1	0.1349
23	4	1.753	1	1	1.753
23	4	5.439	1	1	5.439
23	4	1.922	1	1	1.922
23	4	0.9142	0	0	0.9142
23	4	0.4326	1	1	0.4326
23	4	1.074	1	1	1.074
23	4	5.258	1	1	5.258
23	4	0.2367	0	0	0.2367
23	4	0.2289	0	1	0.2289
23	4	2.087	1	1	2.087
23	4	0.1221	1	1	0.1221
23	4	1.021	0	0	1.021
23	4	1.052	1	1	1.052
23	4	0.4871	0	1	0.4871
24	4	5.602	1	1	5.602
24	4	1.683	0	0	1.683
24	4	0.7792	0	0	0.7792
24	4	0.1445	0	1	0.1445
24	4	1.673	1	1	1.673
24	4	1.811	0	0	1.811
24	4	0.03407	0	1	0.03407
24	4	0.3184	0	1	0.3184
24	4	1.656	0	1	1.656
24	4	0.2464	1	0	0.2464
24	4	0.5383	1	1	0.5383
24	4	0.05911	1	1	0.05911
24	4	1.733	0	0	1.733
24	4	0.798	1	1	0.798
24	4	5.402	0	0	5.402
24	4	1.187	1	1	1.187
24	4	5.367	1	1	5.367
24	4	0.3459	1	1	0.3459
24	4	0.529	0	0	0.529
24	4	0.9772	0	1	0.9772
24	4	1.757	0	0	1.757
24	4	1.89	0	0	1.89
24	4	1.778	1	1	1.778
24	4	0.7782	1	1	0.7782
24	4	1.901	1	1	1.901
24	4	0.9036	1	1	0.9036
24	4	0.9987	0	1	0.9987
24	4	0.9257	1	1	0.9257
24	4	0.7578	1	1	0.7578
24	4	1.945	1	1	1.945
24	4	5.33	0	0	5.33
24	4	0.1968	0	1	0.1968
24	4	5.398	1	1	5.398
24	4	0.815	0	1	0.815
24	4	0.3658	1	1	0.3658
24	4	5.275	0	0	5.275
24	4	0.4802	0	0	0.4802
24	4	5.238	1	1	5.238
24	4	5.42	0	0	5.42
24	4	0.147	0	1	0.147
24	4	0.5573	1	1	0.5573
24	4	0.07771	0	1	0.07771
24	4	0.3468	0	1	0.3468
24	4	0.3845	0	0	0.3845
24	4	0.791	1	1	0.791
24	4	5.532	1	1	5.532
24	4	0.5235	1	1	0.5235
24	4	0.2801	1	1	0.2801
24	4	5.499	0	0	5.499
24	4	0.3216	1	1	0.3216
25	4	5.41	0	0	5.41
25	4	0.8967	1	1	0.8967
25	4	0.9446	0	0	0.9446
25	4	1.189	1	1	1.189
25	4	0.4617	0	1	0.4617
25	4	0.07666	1	1	0.07666
25	4	1.846	0	1	1.846
25	4	0.3474	1	1	0.3474
25	4	0.6282	1	1	0.6282
25	4	0.1752	1	1	0.1752
25	4	0.3272	1	1	0.3272
25	4	5.578	1	1	5.578
25	4	0.5269	1	1	0.5269
25	4	0.5844	0	0	0.5844
25	4	0.03639	1	1	0.03639
25	4	1.646	0	0	1.646
25	4	5.21	1	1	5.21
25	4	0.6541	0	0	0.6541
25	4	0.3376	1	1	0.3376
25	4	5.403	0	0	5.403
25	4	5.338	0	0	5.338
25	4	0.4634	1	1	0.4634
25	4	0.06158	0	0	0.06158
25	4	0.444	0	1	0.444
25	4	1.831	1	1	1.831
25	4	0.2386	0	1	0.2386
25	4	0.966	0	0	0.966
25	4	2.107	1	1	2.107
25	4	1.728	0	0	1.728
25	4	5.248	0	0	5.248
25	4	1.659	1	1	1.659
25	4	1.526	0	1	1.526
25	4	0.7885	1	1	0.7885
25	4	1.649	0	0	1.649
25	4	0.4301	1	1	0.4301
25	4	0.6075	1	1	0.6075
25	4	0.02765	0	1	0.02765
25	4	1.631	1	1	1.631
25	4	5.255	1	1	5.255
25	4	5.366	0	0	5.366
25	4	0.918	0	1	0.918
25	4	5.574	1	1	5.574
25	4	0.8334	1	1	0.8334
25	4	1.081	1	1	1.081
25	4	0.3055	0	1	0.3055
25	4	0.4122	1	1	0.4122
25	4	0.169	1	0	0.169
25	4	5.373	0	0	5.373
25	4	0.2267	0	1	0.2267
25	4	1.805	1	1	1.805
26	4	1.767	1	1	1.767
26	4	0.8181	0	0	0.8181
26	4	0.8031	0	1	0.8031
26	4	5.516	0	0	5.516
26	4	0.01308	0	1	0.01308
26	4	0.2713	0	1	0.2713
26	4	0.4476	0	0	0.4476
26	4	0.1781	0	0	0.1781
26	4	1.539	0	1	1.539
26	4	1.775	1	1	1.775
26	4	5.31	0	0	5.31
26	4	0.2697	0	0	0.2697
26	4	5.452	1	1	5.452
26	4	0.533	1	1	0.533
26	4	2.009	1	1	2.009
26	4	1.864	1	1	1.864
26	4	5.347	1	1	5.347
26	4	1.848	1	1	1.848
26	4	5.636	0	0	5.636
26	4	1.838	1	1	1.838
26	4	0.4559	1	1	0.4559
26	4	0.5888	1	1	0.5888
26	4	0.9973	1	1	0.9973
26	4	0.2848	0	1	0.2848
26	4	5.594	1	1	5.594
26	4	0.0512	0	0	0.0512
26	4	0.3359	1	0	0.3359
26	4	0.7644	1	1	0.7644
26	4	5.444	0	0	5.444
26	4	0.9602	0	1	0.9602
26	4	0.9654	1	1	0.9654
26	4	0.7488	0	1	0.7488
26	4	0.045	0	0	0.045
26	4	0.4366	0	0	0.4366
26	4	5.364	0	0	5.364
26	4	0.2767	1	1	0.2767
26	4	5.348	1	1	5.348
26	4	0.8749	1	1	0.8749
26	4	0.1151	0	1	0.1151
26	4	0.751	1	1	0.751
26	4	0.9952	0	0	0.9952
26	4	1.8	1	1	1.8
26	4	0.1776	1	0	0.1776
26	4	0.6601	1	1	0.6601
26	4	1.665	1	1	1.665
26	4	1.92	1	1	1.92
26	4	0.7633	0	1	0.7633
26	4	0.1116	0	1	0.1116
26	4	5.382	0	0	5.382
26	4	0.5776	0	1	0.5776
27	4	5.324	1	0	5.324
27	4	1.721	0	0	1.721
27	4	1.055	1	1	1.055
27	4	1.027	1	1	1.027
27	4	1.715	1	1	1.715
27	4	0.7067	1	1	0.7067
27	4	0.287	1	1	0.287
27	4	0.8254	0	0	0.8254
27	4	5.542	1	1	5.542
27	4	0.07018	0	1	0.07018
27	4	0.4622	0	1	0.4622
27	4	5.359	0	0	5.359
27	4	1.832	0	1	1.832
27	4	0.1332	1	1	0.1332
27	4	5.343	0	0	5.343
27	4	2.117	1	1	2.117
27	4	0.8579	0	1	0.8579
27	4	1.876	1	0	1.876
27	4	0.9847	1	1	0.9847
27	4	5.264	1	1	5.264
27	4	0.579	1	1	0.579
27	4	0.881	0	0	0.881
27	4	0.2112	0	1	0.2112
27	4	0.1607	0	0	0.1607
27	4	5.384	0	0	5.384
27	4	0.6087	0	0	0.6087
27	4	1.021	0	1	1.021
27	4	5.307	0	0	5.307
27	4	0.2431	1	1	0.2431
27	4	0.1501	1	0	0.1501
27	4	0.2375	0	0	0.2375
27	4	0.7428	1	1	0.7428
27	4	1.665	0	1	1.665
27	4	1.813	1	1	1.813
27	4	0.06415	1	1	0.06415
27	4	5.511	1	1	5.511
27	4	5.374	0	0	5.374
27	4	1.808	1	1	1.808
27	4	1.927	1	1	1.927
27	4	0.6364	1	1	0.6364
27	4	0.507	0	0	0.507
27	4	1.605	0	0	1.605
27	4	0.3796	0	1	0.3796
27	4	0.5614	0	0	0.5614
27	4	5.714	1	1	5.714
27	4	0.8303	0	0	0.8303
27	4	0.3159	0	1	0.3159
27	4	1.125	1	1	1.125
27	4	0.5303	1	1	0.5303
27	4	0.9922	0	1	0.9922
28	4	1.808	0	0	1.808
28	4	5.25	0	0	5.25
28	4	1.891	1	1	1.891
28	4	0.7762	0	1	0.7762
28	4	5.303	1	1	5.303
28	4	5.27	0	0	5.27
28	4	0.3798	0	1	0.3798
28	4	1.733	1	1	1.733
28	4	0.6905	1	1	0.6905
28	4	0.7482	1	1	0.7482
28	4	5.397	0	0	5.397
28	4	1.852	0	1	1.852
28	4	0.5479	1	1	0.5479
28	4	1.047	1	1	1.047
28	4	0.2648	1	1	0.2648
28	4	0.1673	0	1	0.1673
28	4	5.141	1	1	5.141
28	4	1.79	0	0	1.79
28	4	0.4945	0	1	0.4945
28	4	1.768	0	0	1.768
28	4	5.277	1	1	5.277
28	4	0.939	1	0	0.939
28	4	0.6425	1	1	0.6425
28	4	0.379	1	0	0.379
28	4	1.594	1	1	1.594
28	4	5.368	1	1	5.368
28	4	1.085	1	0	1.085
28	4	0.1899	0	0	0.1899
28	4	0.3552	1	1	0.3552
28	4	0.5394	1	1	0.5394
28	4	1.004	0	0	1.004
28	4	0.5552	1	1	0.5552
28	4	1.587	0	0	1.587
28	4	5.544	0	0	5.544
28	4	5.58	1	1	5.58
28	4	0.9597	1	0	0.9597
28	4	1.082	1	1	1.082
28	4	0.207	1	1	0.207
28	4	0.375	0	1	0.375
28	4	0.8738	1	1	0.8738
28	4	1.596	0	1	1.596
28	4	0.08545	0	0	0.08545
28	4	0.4025	1	1	0.4025
28	4	1.654	0	1	1.654
28	4	5.491	1	1	5.491
28	4	0.408	0	1	0.408
28	4	0.2077	0	1	0.2077
28	4	0.3008	0	1	0.3008
28	4	0.8851	0	1	0.8851
28	4	0.08544	0	1	0.08544
29	4	0.1664	1	0	0.1664
29	4	0.4267	1	0	0.4267
29	4	0.4011	0	0	0.4011
29	4	0.1155	1	1	0.1155
29	4	0.2661	1	1	0.2661
29	4	0.1263	0	1	0.1263
29	4	0.7879	1	1	0.7879
29	4	0.7204	0	1	0.7204
29	4	5.407	0	0	5.407
29	4	1.844	0	0	1.844
29	4	0.5938	0	0	0.5938
29	4	1.589	0	0	1.589
29	4	0.4426	0	1	0.4426
29	4	0.5842	1	1	0.5842
29	4	5.466	0	0	5.466
29	4	5.498	1	1	5.498
29	4	1.712	0	0	1.712
29	4	0.4119	1	1	0.4119
29	4	0.2481	1	1	0.2481
29	4	5.76	1	1	5.76
29	4	1.887	1	0	1.887
29	4	5.381	1	1	5.381
29	4	1.007	0	0	1.007
29	4	0.9991	1	1	0.9991
29	4	0.4832	1	1	0.4832
29	4	1.794	1	1	1.794
29	4	0.394	0	1	0.394
29	4	1.513	0	0	1.513
29	4	0.7687	0	0	0.7687
29	4	5.278	1	1	5.278
29	4	0.06454	1	1	0.06454
29	4	1.837	0	0	1.837
29	4	0.569	0	1	0.569
29	4	0.389	1	1	0.389
29	4	0.1965	0	1	0.1965
29	4	0.6455	1	0	0.6455
29	4	1.914	0	0	1.914
29	4	0.7187	0	1	0.7187
29	4	5.405	1	1	5.405
29	4	1.89	1	1	1.89
29	4	0.7471	1	1	0.7471
29	4	1.748	1	1	1.748
29	4	5.303	1	1	5.303
29	4	0.6941	0	0	0.6941
29	4	0.8913	0	0	0.8913
29	4	0.3789	1	0	0.3789
29	4	5.14	0	0	5.14
29	4	5.328	1	1	5.328
29	4	0.9852	0	1	0.9852
29	4	0.141	0	0	0.141
30	5	0.8543	0	0	0.8543
30	5	5.52	0	0	5.52
30	5	1.555	0	0	1.555
30	5	5.353	1	1	5.353
30	5	0.08323	0	1	0.08323
30	5	4.865	0	0	4.865
30	5	0.2625	1	1	0.2625
30	5	0.1693	1	1	0.1693
30	5	1.06	0	0	1.06
30	5	0.3583	0	1	0.3583
30	5	0.7136	0	1	0.7136
30	5	0.2947	1	1	0.2947
30	5	1.847	0	1	1.847
30	5	1.007	0	1	1.007
30	5	0.3338	0	1	0.3338
30	5	1.786	0	0	1.786
30	5	1.537	1	1	1.537
30	5	1.04	1	1	1.04
30	5	0.8153	1	1	0.8153
30	5	0.671	1	1	0.671
30	5	0.1715	1	1	0.1715
30	5	1.068	0	0	1.068
30	5	1.816	1	1	1.816
30	5	1.845	0	1	1.845
30	5	0.1918	1	1	0.1918
30	5	5.596	1	1	5.596
30	5	0.2684	1	1	0.2684
30	5	0.3526	0	1	0.3526
30	5	1.472	1	1	1.472
30	5	5.185	1	1	5.185
30	5	0.3815	1	1	0.3815
30	5	5.37	1	1	5.37
30	5	0.7812	0	0	0.7812
30	5	0.5056	0	1	0.5056
30	5	0.4009	1	0	0.4009
30	5	2.033	0	0	2.033
30	5	1.972	0	0	1.972
30	5	0.5786	0	1	0.5786
30	5	5.276	0	0	5.276
30	5	0.1118	1	1	0.1118
30	5	1.855	1	1	1.855
30	5	0.5644	0	1	0.5644
30	5	0.804	1	1	0.804
30	5	0.5814	1	0	0.5814
30	5	0.2752	0	1	0.2752
30	5	5.177	1	1	5.177
30	5	0.2992	1	1	0.2992
30	5	0.2565	1	0	0.2565
30	5	5.358	0	0	5.358
30	5	5.568	0	0	5.568
31	5	0.08901	0	1	0.08901
31	5	1.688	0	1	1.688
31	5	0.7742	0	0	0.7742
31	5	1.112	1	0	1.112
31	5	5.647	1	1	5.647
31	5	0.4741	1	1	0.4741
31	5	5.381	1	1	5.381
31	5	0.2502	1	0	0.2502
31	5	4.697	1	1	4.697
31	5	1.681	1	1	1.681
31	5	0.8196	0	1	0.8196
31	5	1.916	1	1	1.916
31	5	1.06	0	1	1.06
31	5	1.067	1	1	1.067
31	5	0.1619	0	1	0.1619
31	5	1.991	1	1	1.991
31	5	0.2925	0	1	0.2925
31	5	5.046	0	0	5.046
31	5	1.587	1	0	1.587
31	5	0.5088	1	0	0.5088
31	5	0.5249	0	1	0.5249
31	5	1.034	0	0	1.034
31	5	5.344	0	0	5.344
31	5	0.4787	1	1	0.4787
31	5	0.3407	1	1	0.3407
31	5	1.921	0	1	1.921
31	5	0.9392	1	1	0.9392
31	5	1.472	1	1	1.472
31	5	1.834	1	1	1.834
31	5	0.7042	0	1	0.7042
31	5	0.3407	0	0	0.3407
31	5	5.424	1	1	5.424
31	5	0.1173	1	1	0.1173
31	5	0.5722	1	0	0.5722
31	5	1.023	1	1	1.023
31	5	0.7601	0	1	0.7601
31	5	2.059	0	0	2.059
31	5	0.4764	0	1	0.4764
31	5	1.732	1	1	1.732
31	5	0.6611	0	1	0.6611
31	5	0.2271	0	1	0.2271
31	5	0.5115	0	1	0.5115
31	5	5.598	0	0	5.598
31	5	5.744	0	0	5.744
31	5	5.472	1	1	5.472
31	5	0.8339	0	1	0.8339
31	5	0.4105	0	1	0.4105
31	5	5.243	0	0	5.243
31	5	0.8421	1	0	0.8421
31	5	0.4148	1	1	0.4148
32	5	0.8705	0	0	0.8705
32	5	0.4485	0	0	0.4485
32	5	1.594	0	0	1.594
32	5	0.7811	1	1	0.7811
32	5	0.3377	0	0	0.3377
32	5	0.6108	1	0	0.6108
32	5	5.46	0	0	5.46
32	5	1.619	1	0	1.619
32	5	0.7344	1	0	0.7344
32	5	1.119	0	1	1.119
32	5	0.05248	0	1	0.05248
32	5	0.9002	1	0	0.9002
32	5	5.8	1	1	5.8
32	5	0.119	0	0	0.119
32	5	0.1181	0	0	0.1181
32	5	1.779	1	1	1.779
32	5	5.429	1	1	5.429
32	5	0.5087	0	1	0.5087
32	5	0.06921	1	1	0.06921
32	5	0.332	0	1	0.332
32	5	1.509	0	0	1.509
32	5	0.4542	1	1	0.4542
32	5	0.5309	0	1	0.5309
32	5	0.4153	0	0	0.4153
32	5	0.4116	1	1	0.4116
32	5	0.9368	0	0	0.9368
32	5	1.427	1	1	1.427
32	5	5.389	1	1	5.389
32	5	1.542	1	1	1.542
32	5	5.497	0	0	5.497
32	5	0.14	1	1	0.14
32	5	5.625	1	1	5.625
32	5	1.597	1	1	1.597
32	5	0.8821	0	1	0.8821
32	5	1.006	0	1	1.006
32	5	1.777	0	0	1.777
32	5	0.3257	0	1	0.3257
32	5	5.408	0	0	5.408
32	5	0.1878	0	0	0.1878
32	5	0.5355	0	0	0.5355
32	5	2.005	1	1	2.005
32	5	5.349	1	1	5.349
32	5	0.676	0	0	0.676
32	5	1.492	1	1	1.492
32	5	0.2402	0	0	0.2402
32	5	1.888	1	1	1.888
32	5	0.1087	0	1	0.1087
32	5	5.598	1	1	5.598
32	5	5.56	1	1	5.56
32	5	0.8937	1	1	0.8937
33	5	1.64	0	0	1.64
33	5	0.1868	0	0	0.1868
33	5	0.4556	0	0	0.4556
33	5	5.111	1	0	5.111
33	5	0.2354	0	0	0.2354
33	5	5.68	1	1	5.68
33	5	5.74	1	1	5.74
33	5	5.29	1	1	5.29
33	5	1.88	1	1	1.88
33	5	0.768	0	0	0.768
33	5	0.6218	0	1	0.6218
33	5	1.696	0	0	1.696
33	5	5.622	1	1	5.622
33	5	0.3873	0	0	0.3873
33	5	5.31	0	0	5.31
33	5	0.4919	1	0	0.4919
33	5	0.8602	0	0	0.8602
33	5	0.08642	0	0	0.08642
33	5	2.196	1	1	2.196
33	5	1.758	0	0	1.758
33	5	1.699	1	1	1.699
33	5	0.4086	0	0	0.4086
33	5	0.5171	0	0	0.5171
33	5	0.4371	1	1	0.4371
33	5	0.002837	0	0	0.002837
33	5	5.283	0	0	5.283
33	5	0.5975	0	1	0.5975
33	5	0.8044	0	0	0.8044
33	5	5.328	0	0	5.328
33	5	0.1597	0	1	0.1597
33	5	0.14	0	0	0.14
33	5	0.06591	1	1	0.06591
33	5	1.76	1	0	1.76
33	5	0.6298	1	1	0.6298
33	5	0.9462	0	1	0.9462
33	5	0.347	1	1	0.347
33	5	1.748	1	1	1.748
33	5	5.333	1	1	5.333
33	5	1.843	1	1	1.843
33	5	0.7009	0	0	0.7009
33	5	0.4053	1	1	0.4053
33	5	0.9499	1	0	0.9499
33	5	5.451	1	0	5.451
33	5	0.05605	0	0	0.05605
33	5	0.2027	0	1	0.2027
33	5	1.77	1	1	1.77
33	5	0.132	1	1	0.132
33	5	0.8612	0	1	0.8612
33	5	0.8747	1	0	0.8747
33	5	0.1783	0	1	0.1783
34	5	5.409	1	1	5.409
34	5	1.723	0	0	1.723
34	5	0.6916	0	1	0.6916
34	5	0.01071	0	0	0.01071
34	5	1.711	1	0	1.711
34	5	1.672	0	1	1.672
34	5	0.1862	0	1	0.1862
34	5	0.6787	0	0	0.6787
34	5	1.891	0	0	1.891
34	5	0.3709	1	0	0.3709
34	5	0.3611	1	1	0.3611
34	5	0.6159	1	1	0.6159
34	5	1.577	0	0	1.577
34	5	0.7326	1	0	0.7326
34	5	5.403	0	0	5.403
34	5	0.6692	1	0	0.6692
34	5	5.488	1	1	5.488
34	5	0.2208	1	1	0.2208
34	5	0.6043	0	1	0.6043
34	5	0.4682	0	1	0.4682
34	5	1.817	0	0	1.817
34	5	1.888	0	0	1.888
34	5	1.781	1	0	1.781
34	5	0.3244	1	1	0.3244
34	5	1.846	1	1	1.846
34	5	0.9654	1	1	0.9654
34	5	0.9938	0	1	0.9938
34	5	0.8606	1	1	0.8606
34	5	0.9722	1	1	0.9722
34	5	1.864	1	1	1.864
34	5	5.472	0	0	5.472
34	5	0.372	0	1	0.372
34	5	5.266	1	1	5.266
34	5	0.8861	0	0	0.8861
34	5	0.1206	1	0	0.1206
34	5	5.682	0	0	5.682
34	5	0.532	0	0	0.532
34	5	5.428	1	1	5.428
34	5	5.47	0	0	5.47
34	5	0.5631	0	1	0.5631
34	5	0.231	1	1	0.231
34	5	0.4415	0	1	0.4415
34	5	0.3342	0	1	0.3342
34	5	0.3651	0	0	0.3651
34	5	0.8188	1	1	0.8188
34	5	4.757	1	1	4.757
34	5	0.4604	1	1	0.4604
34	5	0.06787	1	1	0.06787
34	5	5.534	0	0	5.534
34	5	0.2285	1	1	0.2285
35	5	5.302	0	0	5.302
35	5	0.5277	1	1	0.5277
35	5	1.238	0	0	1.238
35	5	1.105	1	0	1.105
35	5	0.4651	0	1	0.4651
35	5	0.2128	1	0	0.2128
35	5	1.82	0	1	1.82
35	5	0.09935	1	1	0.09935
35	5	0.3899	1	1	0.3899
35	5	0.2117	1	0	0.2117
35	5	0.502	1	1	0.502
35	5	5.628	1	1	5.628
35	5	0.6267	1	0	0.6267
35	5	1.05	0	0	1.05
35	5	0.2293	0	0	0.2293
35	5	1.558	0	1	1.558
35	5	5.363	1	1	5.363
35	5	1.115	0	1	1.115
35	5	0.1754	1	1	0.1754
35	5	5.271	0	0	5.271
35	5	5.576	0	0	5.576
35	5	0.6553	1	1	0.6553
35	5	0.2046	0	0	0.2046
35	5	0.276	0	0	0.276
35	5	1.644	1	1	1.644
35	5	0.4441	0	1	0.4441
35	5	0.9436	0	0	0.9436
35	5	1.945	1	0	1.945
35	5	1.828	0	0	1.828
35	5	5.042	0	0	5.042
35	5	1.663	1	1	1.663
35	5	1.504	0	0	1.504
35	5	0.8849	1	1	0.8849
35	5	1.779	0	0	1.779
35	5	0.5549	1	1	0.5549
35	5	0.6087	1	1	0.6087
35	5	0.3273	0	1	0.3273
35	5	1.806	1	1	1.806
35	5	5.844	1	1	5.844
35	5	5.268	0	0	5.268
35	5	1.131	0	1	1.131
35	5	5.166	1	1	5.166
35	5	1.275	1	1	1.275
35	5	0.9406	1	1	0.9406
35	5	0.3373	0	1	0.3373
35	5	0.323	1	1	0.323
35	5	0.4566	1	1	0.4566
35	5	5.407	0	0	5.407
35	5	0.2521	0	1	0.2521
35	5	2.045	1	1	2.045
36	5	1.91	1	1	1.91
36	5	0.555	0	0	0.555
36	5	1.065	0	0	1.065
36	5	5.357	0	0	5.357
36	5	0.2597	0	0	0.2597
36	5	0.6575	0	0	0.6575
36	5	0.009221	1	0	0.009221
36	5	0.02465	0	1	0.02465
36	5	2.012	0	1	2.012
36	5	2.034	1	0	2.034
36	5	5.191	0	0	5.191
36	5	0.01817	1	0	0.01817
36	5	5.126	1	1	5.126
36	5	0.4282	1	1	0.4282
36	5	2.133	1	1	2.133
36	5	2.215	1	1	2.215
36	5	5.654	1	1	5.654
36	5	1.428	1	0	1.428
36	5	5.547	0	0	5.547
36	5	1.657	1	1	1.657
36	5	0.5276	1	1	0.5276
36	5	0.8243	1	1	0.8243
36	5	1.044	1	1	1.044
36	5	0.522	0	0	0.522
36	5	5.546	1	1	5.546
36	5	0.5848	0	1	0.5848
36	5	0.3412	1	1	0.3412
36	5	0.9444	1	1	0.9444
36	5	5.186	0	0	5.186
36	5	0.7972	0	0	0.7972
36	5	1.098	1	1	1.098
36	5	0.8922	0	1	0.8922
36	5	0.1328	0	0	0.1328
36	5	0.3723	0	1	0.3723
36	5	5.553	0	0	5.553
36	5	0.4702	1	0	0.4702
36	5	5.54	1	1	5.54
36	5	0.9544	1	1	0.9544
36	5	0.2845	0	1	0.2845
36	5	0.9595	1	1	0.9595
36	5	0.6949	0	0	0.6949
36	5	1.955	1	1	1.955
36	5	0.2646	1	1	0.2646
36	5	0.5427	1	1	0.5427
36	5	2.147	1	0	2.147
36	5	1.987	1	1	1.987
36	5	0.7517	0	1	0.7517
36	5	0.1165	0	1	0.1165
36	5	5.307	0	0	5.307
36	5	0.7931	0	0	0.7931
37	5	5.051	1	1	5.051
37	5	1.944	0	0	1.944
37	5	0.5927	1	1	0.5927
37	5	0.8588	1	1	0.8588
37	5	2.077	1	1	2.077
37	5	0.849	1	1	0.849
37	5	0.3597	1	1	0.3597
37	5	1.066	0	0	1.066
37	5	5.223	1	1	5.223
37	5	0.1643	0	0	0.1643
37	5	0.7191	0	1	0.7191
37	5	5.551	0	0	5.551
37	5	1.747	0	0	1.747
37	5	0.03841	1	0	0.03841
37	5	5.517	0	0	5.517
37	5	1.503	1	1	1.503
37	5	1.248	0	0	1.248
37	5	1.84	1	1	1.84
37	5	1.259	1	1	1.259
37	5	5.479	1	1	5.479
37	5	0.4572	1	1	0.4572
37	5	0.8113	0	1	0.8113
37	5	0.04271	0	1	0.04271
37	5	0.5797	0	0	0.5797
37	5	5.507	0	0	5.507
37	5	0.1451	0	0	0.1451
37	5	1.006	0	1	1.006
37	5	5.549	0	0	5.549
37	5	0.2644	1	1	0.2644
37	5	0.409	1	1	0.409
37	5	0.1558	0	1	0.1558
37	5	0.5363	1	0	0.5363
37	5	1.871	0	0	1.871
37	5	1.857	1	1	1.857
37	5	0.2723	1	1	0.2723
37	5	5.577	1	1	5.577
37	5	5.134	0	0	5.134
37	5	1.935	1	1	1.935
37	5	1.887	1	1	1.887
37	5	0.2244	1	1	0.2244
37	5	0.1191	0	1	0.1191
37	5	1.978	0	1	1.978
37	5	0.1861	0	1	0.1861
37	5	0.5192	0	0	0.5192
37	5	5.584	1	1	5.584
37	5	0.894	0	0	0.894
37	5	0.4954	0	0	0.4954
37	5	1.21	1	1	1.21
37	5	0.2838	1	0	0.2838
37	5	0.9799	0	1	0.9799
38	5	2.09	0	0	2.09
38	5	5.456	0	0	5.456
38	5	1.933	1	1	1.933
38	5	0.662	0	0	0.662
38	5	5.315	1	1	5.315
38	5	5.019	0	0	5.019
38	5	0.5034	0	1	0.5034
38	5	1.742	1	1	1.742
38	5	0.6036	1	1	0.6036
38	5	0.6085	1	1	0.6085
38	5	5.717	0	0	5.717
38	5	1.729	0	1	1.729
38	5	0.2079	1	1	0.2079
38	5	0.8773	1	0	0.8773
38	5	0.09494	1	0	0.09494
38	5	0.4026	0	1	0.4026
38	5	5.741	1	1	5.741
38	5	1.944	0	0	1.944
38	5	0.2133	1	1	0.2133
38	5	1.901	0	1	1.901
38	5	5.344	1	1	5.344
38	5	1.045	1	1	1.045
38	5	0.5416	1	1	0.5416
38	5	0.3558	1	0	0.3558
38	5	2.127	1	1	2.127
38	5	5.803	1	1	5.803
38	5	1.152	1	1	1.152
38	5	0.1206	0	0	0.1206
38	5	0.09118	0	1	0.09118
38	5	0.7458	1	1	0.7458
38	5	1.084	0	1	1.084
38	5	0.2498	1	1	0.2498
38	5	1.879	0	0	1.879
38	5	5.393	0	0	5.393
38	5	5.11	1	1	5.11
38	5	1.114	1	1	1.114
38	5	0.9777	1	1	0.9777
38	5	0.01723	1	0	0.01723
38	5	0.5761	0	1	0.5761
38	5	1.242	1	1	1.242
38	5	1.996	0	0	1.996
38	5	0.4814	0	1	0.4814
38	5	0.42	1	0	0.42
38	5	1.663	0	0	1.663
38	5	5.248	1	1	5.248
38	5	0.6082	0	1	0.6082
38	5	0.4665	0	0	0.4665
38	5	0.4921	0	0	0.4921
38	5	0.6201	0	1	0.6201
38	5	0.05067	0	0	0.05067
39	5	0.006498	0	0	0.006498
39	5	0.5378	1	1	0.5378
39	5	0.4171	0	0	0.4171
39	5	0.2527	1	1	0.2527
39	5	0.4079	1	1	0.4079
39	5	0.5034	0	1	0.5034
39	5	1.15	1	0	1.15
39	5	1.057	0	0	1.057
39	5	5.354	0	0	5.354
39	5	1.864	0	0	1.864
39	5	0.5737	0	1	0.5737
39	5	2.163	0	0	2.163
39	5	0.1364	0	1	0.1364
39	5	0.2957	1	0	0.2957
39	5	5.621	0	0	5.621
39	5	5.014	1	1	5.014
39	5	2.182	0	0	2.182
39	5	0.2934	1	1	0.2934
39	5	0.02679	0	0	0.02679
39	5	5.43	1	1	5.43
39	5	2.298	1	1	2.298
39	5	5.276	1	1	5.276
39	5	1	0	0	1
39	5	0.5923	1	0	0.5923
39	5	0.5489	1	1	0.5489
39	5	1.644	1	1	1.644
39	5	0.2956	0	0	0.2956
39	5	1.509	0	1	1.509
39	5	1.046	0	0	1.046
39	5	5.205	1	1	5.205
39	5	0.6939	0	1	0.6939
39	5	1.802	0	0	1.802
39	5	0.4732	0	1	0.4732
39	5	0.2023	1	1	0.2023
39	5	0.2544	0	1	0.2544
39	5	0.2332	1	1	0.2332
39	5	1.611	0	0	1.611
39	5	0.6811	0	1	0.6811
39	5	5.532	1	1	5.532
39	5	1.907	1	0	1.907
39	5	1.511	1	1	1.511
39	5	1.327	1	1	1.327
39	5	5.11	1	1	5.11
39	5	0.4732	0	0	0.4732
39	5	0.9255	0	1	0.9255
39	5	0.492	1	1	0.492
39	5	5.375	0	0	5.375
39	5	5.089	1	1	5.089
39	5	1.035	0	1	1.035
39	5	0.7141	0	1	0.7141
40	6	1.833	0	0	1.833
40	6	1.742	1	1	1.742
40	6	1.518	1	1	1.518
40	6	0.3685	1	1	0.3685
40	6	0.5094	0	0	0.5094
40	6	1.162	1	1	1.162
40	6	0.4064	0	1	0.4064
40	6	0.687	1	1	0.687
40	6	5.328	1	1	5.328
40	6	0.2396	0	1	0.2396
40	6	0.5577	0	0	0.5577
40	6	1.052	1	1	1.052
40	6	0.2013	0	1	0.2013
40	6	5.614	0	0	5.614
40	6	5.301	1	1	5.301
40	6	1.695	0	0	1.695
40	6	1.128	1	1	1.128
40	6	0.542	0	0	0.542
40	6	1.254	1	1	1.254
40	6	0.296	0	0	0.296
40	6	0.5231	0	0	0.5231
40	6	1.691	1	1	1.691
40	6	1.728	0	1	1.728
40	6	5.806	0	0	5.806
40	6	1.575	1	1	1.575
40	6	0.1682	0	1	0.1682
40	6	1.046	0	0	1.046
40	6	5.164	0	0	5.164
40	6	0.1768	1	0	0.1768
40	6	1.383	1	1	1.383
40	6	1.518	1	1	1.518
40	6	5.567	1	1	5.567
40	6	0.1316	1	1	0.1316
40	6	0.2598	1	0	0.2598
40	6	0.1896	1	0	0.1896
40	6	5.264	1	1	5.264
40	6	1.007	0	0	1.007
40	6	0.1135	0	1	0.1135
40	6	0.2908	1	1	0.2908
40	6	0.6566	1	1	0.6566
40	6	1.011	0	0	1.011
40	6	1.98	0	0	1.98
40	6	5.413	1	1	5.413
40	6	0.3421	0	0	0.3421
40	6	0.9917	1	1	0.9917
40	6	0.07236	0	1	0.07236
40	6	5.481	1	1	5.481
40	6	5.44	0	0	5.44
40	6	0.7825	0	1	0.7825
40	6	0.01835	1	1	0.01835
41	6	5.212	1	1	5.212
41	6	1.544	1	0	1.544
41	6	0.1449	1	0	0.1449
41	6	0.5812	1	1	0.5812
41	6	0.558	1	1	0.558
41	6	5.783	0	0	5.783
41	6	0.7034	1	1	0.7034
41	6	5.454	1	1	5.454
41	6	1.063	0	1	1.063
41	6	0.2289	1	0	0.2289
41	6	5.342	1	1	5.342
41	6	0.4667	1	0	0.4667
41	6	5.492	1	1	5.492
41	6	0.5117	1	0	0.5117
41	6	0.1217	0	0	0.1217
41	6	5.591	0	0	5.591
41	6	0.1537	0	1	0.1537
41	6	0.4771	0	1	0.4771
41	6	0.0246	1	1	0.0246
41	6	0.3268	0	0	0.3268
41	6	0.05307	0	1	0.05307
41	6	1.518	1	1	1.518
41	6	0.4588	1	1	0.4588
41	6	0.577	1	1	0.577
41	6	0.1765	1	0	0.1765
41	6	5.789	0	0	5.789
41	6	0.2683	0	0	0.2683
41	6	2.177	0	0	2.177
41	6	0.31	0	0	0.31
41	6	0.07343	0	1	0.07343
41	6	0.3045	0	1	0.3045
41	6	0.3696	1	1	0.3696
41	6	0.6245	1	0	0.6245
41	6	0.8028	0	1	0.8028
41	6	0.7006	0	1	0.7006
41	6	1.689	1	1	1.689
41	6	1.776	0	0	1.776
41	6	1.759	1	1	1.759
41	6	0.2848	1	1	0.2848
41	6	5.342	1	1	5.342
41	6	0.9235	0	1	0.9235
41	6	1.102	0	1	1.102
41	6	5.159	0	0	5.159
41	6	1.952	0	0	1.952
41	6	1.925	0	1	1.925
41	6	0.811	0	0	0.811
41	6	2.11	0	1	2.11
41	6	0.5017	0	1	0.5017
41	6	5.351	1	1	5.351
41	6	1.617	0	0	1.617
42	6	1.82	1	0	1.82
42	6	5.505	1	1	5.505
42	6	0.3062	1	1	0.3062
42	6	5.305	1	1	5.305
42	6	0.9517	0	0	0.9517
42	6	5.416	0	0	5.416
42	6	1.63	1	0	1.63
42	6	0.4438	0	1	0.4438
42	6	5.183	0	0	5.183
42	6	0.5727	1	1	0.5727
42	6	0.7683	0	1	0.7683
42	6	5.383	0	0	5.383
42	6	0.163	0	0	0.163
42	6	0.4223	1	1	0.4223
42	6	0.5007	1	0	0.5007
42	6	0.1938	1	1	0.1938
42	6	1.798	1	1	1.798
42	6	0.4059	0	1	0.4059
42	6	1.921	0	1	1.921
42	6	2.037	0	0	2.037
42	6	0.8474	0	1	0.8474
42	6	0.2211	0	0	0.2211
42	6	5.583	0	0	5.583
42	6	0.6475	0	0	0.6475
42	6	0.4333	1	1	0.4333
42	6	0.5621	1	1	0.5621
42	6	5.078	0	0	5.078
42	6	2.101	0	1	2.101
42	6	2.145	1	0	2.145
42	6	5.189	1	1	5.189
42	6	1.14	0	0	1.14
42	6	1.745	1	1	1.745
42	6	1.071	1	1	1.071
42	6	0.3093	1	1	0.3093
42	6	0.2055	0	1	0.2055
42	6	0.1454	1	1	0.1454
42	6	2.045	1	1	2.045
42	6	5.542	0	0	5.542
42	6	1.18	1	1	1.18
42	6	0.1614	1	1	0.1614
42	6	0.6892	0	1	0.6892
42	6	0.3853	0	1	0.3853
42	6	2.176	1	1	2.176
42	6	1.308	1	1	1.308
42	6	0.1024	0	0	0.1024
42	6	0.2967	0	0	0.2967
42	6	0.7483	1	1	0.7483
42	6	0.6016	0	1	0.6016
42	6	0.3476	1	0	0.3476
42	6	5.692	0	0	5.692
43	6	5.175	0	0	5.175
43	6	0.9393	1	1	0.9393
43	6	5.498	0	0	5.498
43	6	5.357	0	0	5.357
43	6	0.3698	1	1	0.3698
43	6	5.382	1	1	5.382
43	6	0.9321	0	1	0.9321
43	6	5.655	1	1	5.655
43	6	0.571	0	1	0.571
43	6	2.22	0	0	2.22
43	6	0.5238	1	1	0.5238
43	6	0.425	0	0	0.425
43	6	0.8213	1	1	0.8213
43	6	0.4223	1	1	0.4223
43	6	5.544	0	0	5.544
43	6	1.723	1	1	1.723
43	6	0.09402	1	1	0.09402
43	6	5.368	1	1	5.368
43	6	1.886	1	1	1.886
43	6	1.752	1	1	1.752
43	6	1.568	0	0	1.568
43	6	1.962	1	1	1.962
43	6	0.6613	0	1	0.6613
43	6	5.204	1	1	5.204
43	6	0.1924	1	1	0.1924
43	6	0.3652	0	0	0.3652
43	6	0.4713	0	1	0.4713
43	6	2.14	1	1	2.14
43	6	0.1014	0	0	0.1014
43	6	0.7728	0	1	0.7728
43	6	1.859	0	1	1.859
43	6	0.2764	0	0	0.2764
43	6	0.4032	0	0	0.4032
43	6	0.7429	0	0	0.7429
43	6	0.0766	1	1	0.0766
43	6	2.05	0	1	2.05
43	6	0.5858	0	1	0.5858
43	6	0.4745	1	0	0.4745
43	6	0.655	1	0	0.655
43	6	0.2227	0	1	0.2227
43	6	0.9327	0	0	0.9327
43	6	0.9253	1	0	0.9253
43	6	0.2446	0	1	0.2446
43	6	0.3178	1	1	0.3178
43	6	2.127	0	0	2.127
43	6	5.654	0	0	5.654
43	6	0.2884	1	1	0.2884
43	6	0.3755	0	1	0.3755
43	6	0.8151	0	1	0.8151
43	6	5.457	1	1	5.457
44	6	0.02092	1	1	0.02092
44	6	1.688	1	0	1.688
44	6	5.486	0	0	5.486
44	6	0.6799	1	1	0.6799
44	6	0.2243	0	0	0.2243
44	6	0.3054	0	1	0.3054
44	6	0.118	1	1	0.118
44	6	0.4176	0	0	0.4176
44	6	5.245	1	1	5.245
44	6	1.025	1	1	1.025
44	6	5.73	1	1	5.73
44	6	5.335	0	0	5.335
44	6	0.5205	1	0	0.5205
44	6	0.9056	0	1	0.9056
44	6	1.057	0	0	1.057
44	6	5.47	1	1	5.47
44	6	0.5007	1	1	0.5007
44	6	5.661	1	1	5.661
44	6	0.6712	1	1	0.6712
44	6	0.4633	1	0	0.4633
44	6	2.056	0	0	2.056
44	6	0.21	0	1	0.21
44	6	5.519	1	1	5.519
44	6	5.341	0	0	5.341
44	6	2.186	1	1	2.186
44	6	0.2854	0	0	0.2854
44	6	0.5856	0	0	0.5856
44	6	0.3148	0	1	0.3148
44	6	1.755	0	0	1.755
44	6	0.007101	1	1	0.007101
44	6	0.9089	1	1	0.9089
44	6	1.095	1	1	1.095
44	6	2.063	0	0	2.063
44	6	1.785	1	1	1.785
44	6	0.1575	1	1	0.1575
44	6	1.828	0	1	1.828
44	6	0.3991	1	1	0.3991
44	6	5.288	0	0	5.288
44	6	1.195	0	1	1.195
44	6	0.1416	0	1	0.1416
44	6	1.063	0	0	1.063
44	6	0.1857	0	1	0.1857
44	6	0.395	1	1	0.395
44	6	1.728	1	1	1.728
44	6	5.276	1	1	5.276
44	6	0.6081	0	0	0.6081
44	6	0.2203	1	1	0.2203
44	6	1.041	0	1	1.041
44	6	0.349	0	0	0.349
44	6	1.779	0	1	1.779
45	6	1.637	0	0	1.637
45	6	0.8482	1	1	0.8482
45	6	0.1575	1	0	0.1575
45	6	5.544	0	0	5.544
45	6	0.5378	0	0	0.5378
45	6	5.258	1	0	5.258
45	6	5.317	0	0	5.317
45	6	1.842	0	0	1.842
45	6	0.08631	0	1	0.08631
45	6	1.723	1	1	1.723
45	6	1.618	0	0	1.618
45	6	0.09899	1	1	0.09899
45	6	0.03757	0	1	0.03757
45	6	1.864	1	1	1.864
45	6	5.596	0	0	5.596
45	6	0.5725	0	1	0.5725
45	6	0.1455	1	0	0.1455
45	6	0.6131	0	1	0.6131
45	6	0.3684	0	0	0.3684
45	6	0.7504	1	1	0.7504
45	6	2.049	0	0	2.049
45	6	1.586	1	1	1.586
45	6	1.051	1	1	1.051
45	6	0.2373	1	1	0.2373
45	6	0.4428	1	1	0.4428
45	6	5.549	0	0	5.549
45	6	0.9073	0	0	0.9073
45	6	0.533	1	1	0.533
45	6	0.2838	1	1	0.2838
45	6	1.776	1	1	1.776
45	6	5.635	1	1	5.635
45	6	1.355	1	1	1.355
45	6	1.174	0	0	1.174
45	6	1.852	1	1	1.852
45	6	0.6354	0	1	0.6354
45	6	0.8391	0	0	0.8391
45	6	1.1	1	1	1.1
45	6	5.456	1	1	5.456
45	6	0.4884	0	1	0.4884
45	6	0.2772	0	0	0.2772
45	6	0.6413	0	0	0.6413
45	6	0.4323	1	1	0.4323
45	6	1.983	0	0	1.983
45	6	0.9193	0	0	0.9193
45	6	0.07838	0	1	0.07838
45	6	5.553	1	1	5.553
45	6	0.6387	1	1	0.6387
45	6	5.454	0	0	5.454
45	6	0.5891	0	1	0.5891
45	6	5.26	1	1	5.26
46	6	1.656	0	0	1.656
46	6	5.44	0	0	5.44
46	6	0.4079	1	0	0.4079
46	6	1.276	1	0	1.276
46	6	0.6741	1	0	0.6741
46	6	1.96	1	1	1.96
46	6	0.705	0	1	0.705
46	6	1.175	0	0	1.175
46	6	0.3796	0	0	0.3796
46	6	5.308	0	0	5.308
46	6	5.389	1	1	5.389
46	6	5.419	0	0	5.419
46	6	5.359	0	0	5.359
46	6	0.727	0	1	0.727
46	6	0.1941	0	1	0.1941
46	6	5.192	0	0	5.192
46	6	1.154	0	0	1.154
46	6	0.3862	0	1	0.3862
46	6	0.3148	1	0	0.3148
46	6	1.019	1	0	1.019
46	6	0.5172	0	1	0.5172
46	6	1.941	0	0	1.941
46	6	0.3513	0	0	0.3513
46	6	0.849	0	0	0.849
46	6	0.5492	0	0	0.5492
46	6	1.642	1	1	1.642
46	6	0.4711	1	1	0.4711
46	6	0.4382	0	0	0.4382
46	6	1.174	1	0	1.174
46	6	1.9	0	0	1.9
46	6	0.8623	0	0	0.8623
46	6	5.611	0	0	5.611
46	6	5.496	1	1	5.496
46	6	1.572	1	1	1.572
46	6	0.631	1	1	0.631
46	6	1.645	1	0	1.645
46	6	1.781	0	0	1.781
46	6	1.587	1	0	1.587
46	6	0.05504	0	1	0.05504
46	6	0.2046	0	0	0.2046
46	6	5.099	0	0	5.099
46	6	0.5623	1	1	0.5623
46	6	5.317	1	1	5.317
46	6	1.941	1	1	1.941
46	6	0.3277	1	1	0.3277
46	6	0.3919	1	1	0.3919
46	6	0.02816	1	0	0.02816
46	6	0.2429	1	1	0.2429
46	6	0.616	1	1	0.616
47	6	0.2744	1	1	0.2744
47	6	0.1127	1	0	0.1127
47	6	1.989	1	0	1.989
47	6	2.193	0	1	2.193
47	6	5.772	1	1	5.772
47	6	1.052	1	0	1.052
47	6	0.564	1	1	0.564
47	6	0.01746	1	0	0.01746
47	6	0.4814	0	1	0.4814
47	6	0.3502	0	0	0.3502
47	6	0.8308	1	1	0.8308
47	6	2.015	0	1	2.015
47	6	0.4082	1	0	0.4082
47	6	2.101	1	1	2.101
47	6	0.06071	0	0	0.06071
47	6	0.1624	0	0	0.1624
47	6	5.471	1	1	5.471
47	6	0.8536	0	1	0.8536
47	6	5.137	0	0	5.137
47	6	0.4547	1	1	0.4547
47	6	0.2378	1	1	0.2378
47	6	5.139	0	0	5.139
47	6	0.2413	0	0	0.2413
47	6	1.99	1	1	1.99
47	6	1.536	1	1	1.536
47	6	0.8027	0	0	0.8027
47	6	5.186	0	0	5.186
47	6	0.3097	1	0	0.3097
47	6	2.014	0	0	2.014
47	6	5.413	0	0	5.413
47	6	5.361	0	0	5.361
47	6	0.9928	0	1	0.9928
47	6	0.2382	1	0	0.2382
47	6	0.8846	0	0	0.8846
47	6	0.8528	0	0	0.8528
47	6	0.7813	0	1	0.7813
47	6	0.1145	0	1	0.1145
47	6	2.046	1	1	2.046
47	6	0.1152	0	0	0.1152
47	6	0.8075	1	1	0.8075
47	6	0.2025	0	1	0.2025
47	6	1.374	1	1	1.374
47	6	0.2836	1	1	0.2836
47	6	1.018	0	1	1.018
47	6	1.916	1	1	1.916
47	6	0.6016	1	1	0.6016
47	6	5.178	1	0	5.178
47	6	0.7755	1	1	0.7755
47	6	5.53	0	0	5.53
47	6	5.495	0	0	5.495
48	6	1.891	1	1	1.891
48	6	0.2411	0	1	0.2411
48	6	0.4704	1	0	0.4704
48	6	0.1152	1	1	0.1152
48	6	0.6712	0	0	0.6712
48	6	0.5319	1	0	0.5319
48	6	0.8909	1	1	0.8909
48	6	1.811	0	0	1.811
48	6	0.5225	0	0	0.5225
48	6	0.9547	1	1	0.9547
48	6	0.4114	1	1	0.4114
48	6	0.1996	1	1	0.1996
48	6	1.667	0	0	1.667
48	6	1.936	1	1	1.936
48	6	5.641	0	0	5.641
48	6	1.925	0	0	1.925
48	6	5.344	0	0	5.344
48	6	5.485	1	1	5.485
48	6	0.6571	0	0	0.6571
48	6	0.6189	1	0	0.6189
48	6	4.895	1	1	4.895
48	6	0.613	1	1	0.613
48	6	0.0881	0	1	0.0881
48	6	0.8081	1	1	0.8081
48	6	1.94	0	0	1.94
48	6	1.59	0	1	1.59
48	6	0.3853	1	1	0.3853
48	6	0.2773	0	0	0.2773
48	6	5.45	0	0	5.45
48	6	0.05847	0	1	0.05847
48	6	0.1599	1	1	0.1599
48	6	0.3757	1	0	0.3757
48	6	5.488	1	1	5.488
48	6	0.7484	1	1	0.7484
48	6	1.169	0	0	1.169
48	6	0.503	1	1	0.503
48	6	1.588	1	1	1.588
48	6	1.207	0	0	1.207
48	6	5.107	0	0	5.107
48	6	5.189	0	0	5.189
48	6	0.5614	0	1	0.5614
48	6	1.719	0	1	1.719
48	6	0.0277	0	1	0.0277
48	6	1.79	0	0	1.79
48	6	0.9755	0	1	0.9755
48	6	5.711	1	1	5.711
48	6	1.177	1	1	1.177
48	6	5.312	0	0	5.312
48	6	0.2391	0	1	0.2391
48	6	0.8194	1	1	0.8194
49	6	0.45	0	0	0.45
49	6	1.463	1	0	1.463
49	6	0.3211	0	0	0.3211
49	6	1.798	0	1	1.798
49	6	0.23	0	1	0.23
49	6	0.5388	1	1	0.5388
49	6	0.9307	0	0	0.9307
49	6	0.8807	1	1	0.8807
49	6	1.926	1	0	1.926
49	6	5.762	1	1	5.762
49	6	5.407	1	1	5.407
49	6	5.418	0	0	5.418
49	6	1.807	1	1	1.807
49	6	0.3426	0	1	0.3426
49	6	2.032	1	0	2.032
49	6	0.9976	1	1	0.9976
49	6	0.7073	1	1	0.7073
49	6	5.428	0	0	5.428
49	6	1.841	0	0	1.841
49	6	5.548	0	0	5.548
49	6	0.008027	1	0	0.008027
49	6	5.488	0	0	5.488
49	6	0.2386	0	1	0.2386
49	6	0.1863	1	1	0.1863
49	6	1.032	0	0	1.032
49	6	5.11	1	1	5.11
49	6	0.4454	0	1	0.4454
49	6	1.99	0	0	1.99
49	6	1.145	0	1	1.145
49	6	0.1865	0	0	0.1865
49	6	0.297	1	1	0.297
49	6	0.6194	1	0	0.6194
49	6	0.8927	0	1	0.8927
49	6	0.1923	1	1	0.1923
49	6	0.1059	0	1	0.1059
49	6	0.8138	0	1	0.8138
49	6	0.532	1	0	0.532
49	6	1.636	1	1	1.636
49	6	1.99	1	1	1.99
49	6	0.4396	1	1	0.4396
49	6	0.3568	0	1	0.3568
49	6	5.468	0	0	5.468
49	6	0.255	0	0	0.255
49	6	1.059	1	1	1.059
49	6	1.744	0	1	1.744
49	6	5.318	1	1	5.318
49	6	0.6816	0	0	0.6816
49	6	0.8479	1	0	0.8479
49	6	5.414	1	1	5.414
49	6	0.6751	1	1	0.6751
