0	2	1.674	1	0	-0.1275
0	2	5.564	1	1	2.402
0	2	0.9839	0	0	-0.3064
0	2	1.463	0	0	-0.258
0	2	3.396	0	0	-0.1775
0	2	1.884	0	1	1.072
0	2	1.547	1	1	2.686
0	2	5.554	0	0	-0.1266
0	2	1.437	1	1	-0.217
0	2	0.2841	1	0	1.418
0	2	0.637	1	0	1.541
0	2	1.905	0	0	1.235
0	2	1.981	0	0	-0.4319
0	2	0.5864	1	0	0.9843
0	2	5.497	1	1	0.4349
0	2	0.6675	1	0	0.8436
0	2	3.717	1	1	0.7197
0	2	0.5901	0	1	1.992
0	2	5.033	0	0	0.8111
0	2	5.517	0	0	1.892
0	2	0.7312	1	0	1.56
0	2	5.533	1	1	-0.5848
0	2	1.692	0	0	1.33
0	2	1.65	0	0	0.1348
0	2	5.172	0	0	0.7578
0	2	0.7141	1	1	0.2706
0	2	0.9792	1	0	0.9806
0	2	3.623	1	1	1.099
0	2	5.486	1	1	0.5768
0	2	3.42	0	0	-0.8496
0	2	0.3586	1	0	0.9927
0	2	3.412	0	0	2.49
0	2	3.49	1	1	1.04
0	2	1.16	0	0	0.9345
0	2	3.329	1	1	1.226
0	2	1.042	1	1	0.4504
0	2	3.426	1	1	1.88
0	2	3.23	0	0	-0.7636
0	2	1.843	1	0	0.7168
0	2	0.5015	1	0	0.4299
0	2	0.38	0	0	1.293
0	2	1.433	1	0	0.7161
0	2	0.4156	0	0	-0.2246
0	2	5.604	1	1	1.524
0	2	5.022	0	0	-0.2202
0	2	0.8063	0	1	-1.274
0	2	0.2366	0	0	-0.2216
0	2	3.858	0	0	1.736
0	2	1.872	0	0	-0.3016
0	2	1.092	1	0	0.1464
1	2	4.993	0	0	-0.1097
1	2	3.539	0	0	-0.4065
1	2	1.825	1	0	0.4119
1	2	1.72	1	1	3.298
1	2	5.497	0	0	1.337
1	2	0.5486	1	0	0.2961
1	2	5.434	0	0	1.513
1	2	1.808	0	0	-0.05907
1	2	1.775	1	1	1.128
1	2	5.361	1	1	0.4799
1	2	0.5211	0	0	0.2462
1	2	0.5859	0	0	1.023
1	2	0.7957	1	0	0.7044
1	2	5.769	1	1	0.07711
1	2	3.355	1	1	0.9286
1	2	0.4328	0	0	-0.4783
1	2	0.6265	1	0	-0.4678
1	2	0.8524	1	0	1.051
1	2	0.9652	0	0	3.055
1	2	1.7	0	0	0.1624
1	2	3.704	0	0	-0.6619
1	2	0.716	1	0	1.193
1	2	3.212	1	1	0.8313
1	2	3.35	0	0	-0.2895
1	2	0.313	0	0	-0.1647
1	2	5.53	1	1	0.6922
1	2	1.985	1	1	2.907
1	2	5.078	0	0	1.459
1	2	0.993	1	1	3.368
1	2	0.2693	1	0	3.14
1	2	3.808	0	0	1.023
1	2	1.957	1	1	2.451
1	2	5.232	1	1	0.06256
1	2	3.553	1	1	-0.4501
1	2	1.054	1	0	0.2282
1	2	5.534	0	0	0.1016
1	2	0.5626	0	1	3.334
1	2	3.495	0	0	0.5855
1	2	1.024	1	0	3.059
1	2	1.458	1	1	0.9297
1	2	0.2274	0	0	1.568
1	2	0.1918	1	0	1.572
1	2	5.246	0	0	2.021
1	2	3.545	1	1	1.535
1	2	1.752	1	1	3.153
1	2	0.7133	0	0	0.4438
1	2	0.8792	0	0	0.88
1	2	0.8038	0	1	3.034
1	2	1.902	0	0	2.905
1	2	3.41	1	1	2.573
2	2	0.699	1	1	-0.09004
2	2	5.495	0	0	-0.8449
2	2	0.8522	1	1	2.282
2	2	3.524	0	0	1.204
2	2	3.085	1	1	0.5346
2	2	5.13	0	0	0.6324
2	2	0.7186	0	0	0.8046
2	2	0.6591	1	1	0.7711
2	2	1.966	1	0	1.646
2	2	0.8864	0	0	1.587
2	2	0.2719	0	0	0.6619
2	2	0.9854	0	0	0.6909
2	2	0.7567	0	1	0.8075
2	2	3.541	0	0	0.0986
2	2	1.826	1	1	-0.04519
2	2	5.594	0	0	-0.3613
2	2	5.297	1	1	-0.09464
2	2	0.4141	1	1	0.2067
2	2	5.216	1	1	-0.05083
2	2	5.362	0	0	1.913
2	2	3.556	1	1	0.1038
2	2	0.5454	1	0	2.004
2	2	5.573	0	0	0.2969
2	2	1.504	0	0	0.8846
2	2	2.097	1	1	2.554
2	2	3.047	1	1	-0.334
2	2	0.7628	0	0	1.054
2	2	1.669	0	0	0.1777
2	2	5.139	0	0	-0.1812
2	2	0.3761	1	1	3.964
2	2	1.902	0	0	-1.185
2	2	3.605	1	1	0.05479
2	2	3.596	1	1	0.9066
2	2	3.526	1	1	-0.574
2	2	1.637	0	0	-0.2977
2	2	0.4655	1	0	0.1354
2	2	1.835	0	0	0.03569
2	2	3.449	0	0	0.1852
2	2	0.6998	0	0	0.9227
2	2	5.35	0	0	-0.3598
2	2	0.8198	1	0	0.2093
2	2	1.161	1	1	4.653
2	2	1.711	1	1	-0.2984
2	2	0.8904	1	0	-0.6528
2	2	3.529	0	0	1.343
2	2	0.5772	0	0	1.73
2	2	1.69	0	0	0.9785
2	2	0.9257	1	1	-0.7298
2	2	5.378	1	1	0.05517
2	2	0.3727	0	0	0.7256
3	2	0.2536	0	0	-2.116
3	2	5.229	0	0	0.5626
3	2	3.754	1	1	0.159
3	2	5.047	1	1	-0.05889
3	2	0.9455	1	0	0.6768
3	2	3.303	1	1	0.9606
3	2	1.89	0	0	-0.0262
3	2	1.835	0	0	0.743
3	2	3.417	0	0	1.158
3	2	0.3253	0	0	1.944
3	2	5.281	0	0	-0.1552
3	2	3.661	1	1	0.1643
3	2	0.8772	1	0	0.4938
3	2	0.762	1	0	1.448
3	2	3.17	0	0	0.1601
3	2	1.442	0	0	1.031
3	2	0.9951	0	0	-0.1308
3	2	1.34	0	0	-0.07734
3	2	1.978	0	0	0.7685
3	2	0.1433	1	1	0.9238
3	2	0.5293	1	1	0.8148
3	2	3.521	0	0	-0.2196
3	2	0.5962	1	0	0.1597
3	2	1.795	1	1	1.014
3	2	3.98	0	0	-0.4063
3	2	0.4916	1	0	0.6272
3	2	1.724	1	1	-0.3775
3	2	5.496	1	1	0.9753
3	2	5.365	1	1	-0.2332
3	2	1.059	0	0	1.737
3	2	0.6584	0	1	1.455
3	2	0.8942	1	0	1.696
3	2	0.4815	1	1	1.594
3	2	0.1422	0	1	3.16
3	2	0.7485	1	0	0.5566
3	2	3.393	0	0	-0.1687
3	2	1.668	0	0	3.442
3	2	5.109	0	0	0.1459
3	2	0.5202	1	0	1.804
3	2	5.501	0	0	-0.7753
3	2	1.396	1	1	0.4517
3	2	1.438	1	1	0.7591
3	2	1.244	0	0	-0.4012
3	2	1.944	1	1	3.435
3	2	5.393	1	1	0.543
3	2	5.113	0	0	-0.1567
3	2	0.5637	1	0	0.232
3	2	3.481	0	0	-0.119
3	2	5.292	1	1	0.5782
3	2	3.526	0	0	-1.048
4	2	0.6566	0	0	-0.7809
4	2	3.712	1	0	0.6236
4	2	5.046	0	0	-0.06234
4	2	1.228	1	0	0.3263
4	2	0.9818	1	0	1.533
4	2	3.926	1	1	1.11
4	2	3.503	0	0	-0.2642
4	2	5.32	0	0	0.152
4	2	4.912	0	0	-1.03
4	2	1.816	0	0	1.167
4	2	5.288	0	0	-0.2404
4	2	0.5359	0	0	1.292
4	2	0.5032	0	0	1.115
4	2	3.812	0	0	-0.1232
4	2	4.962	1	1	-0.1215
4	2	3.415	0	0	-0.4802
4	2	5.226	1	1	-0.4577
4	2	3.717	1	1	-0.3592
4	2	1.648	0	0	-0.6433
4	2	1.044	0	0	-0.9121
4	2	1.845	1	1	1.942
4	2	1.131	0	0	-0.3244
4	2	0.5905	1	0	-0.2849
4	2	0.996	1	1	1.777
4	2	1.56	1	0	0.4799
4	2	3.398	1	1	-0.1611
4	2	0.2151	1	0	0.246
4	2	5.069	1	1	-0.2384
4	2	5.602	1	1	-0.5043
4	2	1.664	0	0	0.4254
4	2	1.904	0	0	0.2604
4	2	1.045	1	0	1.85
4	2	0.4669	1	0	-0.4704
4	2	0.4388	0	0	0.7607
4	2	5.479	1	1	0.8693
4	2	0.8423	1	0	1.277
4	2	1.677	1	1	0.244
4	2	0.2103	0	0	-0.541
4	2	1.036	0	0	2.191
4	2	3.705	0	0	0.8178
4	2	1.576	1	1	0.7031
4	2	0.3302	0	0	0.4768
4	2	1.816	1	0	1.049
4	2	0.7847	1	0	0.8784
4	2	0.3111	0	0	-0.01852
4	2	1.045	1	1	-0.2737
4	2	3.841	0	0	-1.338
4	2	3.575	0	0	0.01685
4	2	5.592	1	1	-0.6904
4	2	1.643	0	0	0.5768
5	2	1.209	1	1	-0.3756
5	2	1.586	0	0	0.2453
5	2	0.7397	1	1	0.4279
5	2	0.7645	0	0	-0.08836
5	2	5.493	1	1	0.2232
5	2	0.6297	0	0	0.758
5	2	3.904	1	1	0.5355
5	2	4.992	0	0	1.903
5	2	5.466	0	0	-0.5373
5	2	3.358	0	0	-0.4915
5	2	2.105	0	0	0.6871
5	2	0.5291	0	0	-0.4232
5	2	1.918	1	1	-0.7127
5	2	5.5	1	1	1.309
5	2	0.9885	0	0	1.188
5	2	1.807	1	1	0.944
5	2	3.244	1	1	1.825
5	2	3.827	0	0	0.9998
5	2	3.44	0	0	-0.01477
5	2	5.467	1	1	0.9171
5	2	5.382	1	1	0.5045
5	2	5.422	1	1	0.532
5	2	1.049	1	1	0.9495
5	2	1.724	1	1	1.692
5	2	5.358	1	1	0.484
5	2	0.9228	0	0	0.7044
5	2	5.486	0	0	0.2432
5	2	3.64	1	1	-0.7996
5	2	3.555	1	1	1.268
5	2	0.5889	1	1	0.5687
5	2	0.7503	0	0	1.307
5	2	0.3526	1	0	0.7969
5	2	1.58	0	0	-0.5442
5	2	1.139	0	0	0.5891
5	2	3.766	1	1	-0.4219
5	2	3.944	1	1	-0.2035
5	2	0.4709	0	1	1.948
5	2	2.161	0	0	0.01332
5	2	0.858	0	0	0.6091
5	2	0.351	0	0	0.7248
5	2	0.08825	1	1	0.2906
5	2	3.871	0	0	-0.9643
5	2	1.452	0	0	-0.1801
5	2	1.917	0	0	-0.8093
5	2	5.413	1	1	0.6757
5	2	1.578	1	1	1.021
5	2	0.8271	1	0	1.22
5	2	0.4052	0	1	0.2182
5	2	0.5232	0	0	-0.2554
5	2	0.01863	1	0	-0.05094
6	2	2.077	1	1	0.2487
6	2	5.38	1	1	-0.905
6	2	5.342	0	0	-1.036
6	2	1.045	0	1	0.9563
6	2	0.8288	1	1	0.3563
6	2	1.795	0	0	1.402
6	2	3.933	1	1	-0.2383
6	2	3.474	1	1	0.825
6	2	3.366	0	0	-1.968
6	2	1.671	0	0	-0.4999
6	2	0.9205	1	1	3.563
6	2	5.51	1	1	0.568
6	2	1.372	1	0	-0.7844
6	2	5.151	0	0	-1.105
6	2	0.5264	0	0	0.9319
6	2	1.102	0	0	0.2496
6	2	0.5494	0	0	-0.0124
6	2	1.643	1	0	-0.8289
6	2	3.746	0	0	0.8892
6	2	3.672	0	0	-0.2042
6	2	1.84	0	0	0.2112
6	2	5.513	0	0	-0.7059
6	2	5.648	0	0	-1.373
6	2	0.6544	0	0	-0.806
6	2	0.9165	0	0	0.2691
6	2	3.424	0	0	-0.5646
6	2	1.732	1	1	1.248
6	2	0.7362	1	1	0.6449
6	2	1.872	1	0	2.016
6	2	5.441	1	1	0.6063
6	2	3.61	0	0	0.5498
6	2	0.5796	1	0	1.547
6	2	0.1877	0	0	0.02967
6	2	0.8274	1	0	1.253
6	2	1.635	0	0	0.05689
6	2	0.5128	1	0	2.792
6	2	0.01046	0	0	-0.3065
6	2	0.3897	0	0	1.54
6	2	0.8645	1	0	0.2047
6	2	1.66	0	0	-1.111
6	2	3.407	1	1	2.353
6	2	0.7215	0	0	0.4258
6	2	0.9201	1	0	2.55
6	2	3.344	0	0	0.5176
6	2	4.909	1	1	1.795
6	2	5.677	0	0	0.9104
6	2	1.523	1	1	0.2988
6	2	1.195	1	1	-0.4316
6	2	5.558	1	1	0.3472
6	2	3.424	1	1	0.4817
7	2	0.4917	1	0	1.784
7	2	1.923	1	1	1.363
7	2	1.702	0	0	-1.238
7	2	0.7854	1	1	0.4981
7	2	3.479	1	1	-0.6749
7	2	0.06733	0	0	-0.8014
7	2	5.366	0	0	0.1916
7	2	3.555	0	0	-0.5943
7	2	3.477	0	0	0.2231
7	2	0.5573	1	1	-0.4319
7	2	0.7513	0	0	0.6921
7	2	5.638	1	1	-0.3885
7	2	1.474	0	0	0.5612
7	2	0.6693	1	0	1.053
7	2	3.667	1	0	0.7109
7	2	3.693	0	0	-0.08882
7	2	0.9183	1	0	0.08826
7	2	5.282	0	0	0.7288
7	2	0.7092	0	0	0.6253
7	2	0.7403	0	0	-0.1624
7	2	3.698	0	0	0.2411
7	2	1.722	0	0	1.408
7	2	0.7237	1	0	1.164
7	2	0.3164	0	1	1.601
7	2	5.166	0	0	-0.699
7	2	3.745	1	1	-0.9019
7	2	0.8309	1	1	1.994
7	2	1.639	0	0	-0.812
7	2	0.4657	0	0	2.554
7	2	3.068	1	1	-0.1409
7	2	0.8721	1	1	3.859
7	2	3.658	0	0	0.1666
7	2	1.927	1	1	-0.4786
7	2	1.699	1	0	2.018
7	2	0.7778	1	1	3.102
7	2	2.041	0	0	1.476
7	2	5.358	0	0	-1.659
7	2	0.8278	1	0	0.3489
7	2	5.672	1	1	0.06864
7	2	5.508	0	0	-0.748
7	2	0.4047	0	1	1.39
7	2	1.736	0	0	0.9659
7	2	3.558	1	1	1.789
7	2	0.5583	1	1	0.9166
7	2	5.632	1	1	-1.515
7	2	2.076	1	0	0.2831
7	2	5.27	1	1	0.8305
7	2	5.461	1	1	1.295
7	2	0.5644	0	1	1.945
7	2	1.58	0	0	1.095
8	2	1.562	0	0	-1.04
8	2	2.199	1	0	1.285
8	2	3.604	1	1	0.3041
8	2	0.703	1	0	0.4966
8	2	1.524	0	0	-0.5255
8	2	2.006	0	0	-0.3743
8	2	5.353	0	0	0.4034
8	2	0.8114	1	1	0.4963
8	2	0.5726	1	0	3.444
8	2	0.1975	0	0	1.337
8	2	5.554	0	0	-0.7558
8	2	2.052	0	0	-0.5868
8	2	0.546	1	1	0.227
8	2	0.7826	0	0	0.1384
8	2	3.564	1	1	0.1056
8	2	0.8521	0	1	-0.2096
8	2	3.748	0	0	-0.1466
8	2	0.2834	0	1	0.1569
8	2	0.7298	0	0	-0.363
8	2	5.318	0	0	-0.5031
8	2	0.1827	0	0	-0.431
8	2	1.959	1	1	0.9421
8	2	1.84	0	0	-0.2724
8	2	5.29	1	1	0.5831
8	2	3.486	1	1	-1.46
8	2	0.1192	1	0	-0.7281
8	2	0.9821	0	0	-0.2505
8	2	0.3093	1	0	0.5843
8	2	3.721	0	0	-0.1227
8	2	0.5365	1	1	2.557
8	2	1.916	0	0	-0.7471
8	2	5.482	1	1	0.1204
8	2	1.805	1	1	1.898
8	2	0.2092	1	1	1.994
8	2	5.363	0	0	-0.06977
8	2	5.602	1	1	-1.17
8	2	5.436	1	1	1.377
8	2	0.3742	0	0	0.4759
8	2	0.7404	1	0	-0.4296
8	2	5.425	1	1	-0.01041
8	2	0.8407	1	1	1.714
8	2	0.8286	1	1	1.764
8	2	3.4	0	0	-0.345
8	2	3.935	1	1	0.3185
8	2	3.478	1	1	1.175
8	2	1.864	0	0	0.9297
8	2	0.3123	1	0	0.7916
8	2	5.595	1	1	2.778
8	2	3.641	0	0	-0.01417
8	2	3.253	0	0	-0.9745
9	2	3.546	0	0	-0.7822
9	2	1.631	0	0	0.6999
9	2	1.594	1	1	-1.814
9	2	5.4	0	0	-1.37
9	2	0.8533	0	0	-0.1195
9	2	5.669	1	1	0.9125
9	2	5.603	1	1	-0.4739
9	2	0.6969	0	0	0.7539
9	2	0.3363	0	0	-0.05602
9	2	0.7133	0	0	0.2841
9	2	0.7899	1	0	2.655
9	2	5.458	1	1	0.6361
9	2	3.68	0	0	0.2757
9	2	0.8106	0	1	0.626
9	2	0.5521	0	0	0.3687
9	2	0.566	1	0	-0.3823
9	2	3.584	0	0	-0.3164
9	2	0.7682	1	1	1.922
9	2	0.6674	1	0	-1.081
9	2	3.67	1	0	0.9582
9	2	3.753	1	1	-1.357
9	2	0.5039	1	0	-0.3859
9	2	1.119	1	0	-0.0831
9	2	2.031	0	0	-0.1002
9	2	2.061	0	0	-0.2135
9	2	0.35	1	0	0.2729
9	2	0.9676	0	0	0.6664
9	2	2.211	0	0	0.3711
9	2	1.798	0	0	-0.8953
9	2	0.9884	0	0	-0.6321
9	2	3.514	0	0	0.2848
9	2	5.263	1	1	0.6507
9	2	0.5238	0	0	1.473
9	2	1.701	1	0	-0.8834
9	2	5.609	0	0	-1.23
9	2	5.092	1	1	-1.08
9	2	3.898	1	1	-1.123
9	2	5.424	1	1	-0.3129
9	2	5.551	1	1	1.159
9	2	0.1141	1	0	1.047
9	2	0.9276	0	0	0.399
9	2	1.195	1	0	0.01063
9	2	3.657	1	0	1.281
9	2	3.321	0	0	-0.03504
9	2	1.952	1	0	1.696
9	2	1.964	0	0	1.182
9	2	3.642	1	1	-0.5671
9	2	5.304	0	0	-0.4714
9	2	1.016	1	0	2.23
9	2	2.008	1	1	-1.405
10	3	3.665	0	0	0.4175
10	3	0.538	0	1	1.249
10	3	3.39	0	0	1.657
10	3	3.483	1	1	0.403
10	3	1.222	1	1	-0.07325
10	3	0.7241	0	1	1.041
10	3	1.205	1	1	1.121
10	3	5.41	1	1	0.3656
10	3	3.657	0	0	0.569
10	3	0.8928	1	0	2.205
10	3	0.7594	1	0	2.071
10	3	0.2912	0	0	1.012
10	3	3.325	1	1	-1.764
10	3	0.5747	0	0	-0.4853
10	3	0.7211	0	0	0.719
10	3	1.174	1	1	-0.2061
10	3	1.718	1	1	-0.2817
10	3	5.445	0	0	-1.176
10	3	1.786	0	0	-0.02543
10	3	5.777	1	1	-0.05859
10	3	1.9	1	1	0.5692
10	3	0.1186	0	0	1.235
10	3	0.9714	0	0	-0.08793
10	3	3.456	0	0	-0.9876
10	3	1.899	1	1	-1.311
10	3	5.352	1	1	-0.4884
10	3	0.2667	1	0	1.008
10	3	0.4203	1	1	1.508
10	3	0.8348	0	0	-0.8215
10	3	0.2025	1	0	0.5082
10	3	1.687	1	0	0.6096
10	3	3.286	0	0	-0.978
10	3	1.603	1	1	0.331
10	3	1.977	1	1	1.317
10	3	5.321	0	0	0.4491
10	3	0.8461	1	1	1.278
10	3	5.361	1	1	0.02465
10	3	5.184	1	1	-1.496
10	3	1.441	0	0	0.5663
10	3	3.937	0	0	-0.5048
10	3	3.493	0	0	-1.631
10	3	1.885	0	0	-0.2636
10	3	5.162	1	1	-1.744
10	3	0.7406	1	0	0.57
10	3	5.351	0	0	-0.88
10	3	3.291	0	0	0.1097
10	3	0.7678	0	0	0.05292
10	3	5.543	0	0	-0.05892
10	3	1.212	1	1	-0.9407
10	3	0.6315	0	1	1.607
11	3	0.4258	0	1	-1.541
11	3	1.031	0	1	1.138
11	3	0.6595	0	0	-0.5466
11	3	1.863	0	0	-0.7148
11	3	0.6483	1	0	-0.3437
11	3	0.3849	0	0	0.7757
11	3	4.025	0	0	-1.747
11	3	0.3543	0	0	-0.5465
11	3	1.766	1	0	-0.8472
11	3	0.8681	0	0	1.246
11	3	3.354	1	1	0.00271
11	3	0.3435	0	0	-0.2381
11	3	0.587	1	0	-0.9351
11	3	0.1637	1	0	-0.5583
11	3	3.614	1	1	0.7585
11	3	3.335	0	0	-1.374
11	3	3.359	0	0	-1.274
11	3	0.854	1	1	1.196
11	3	3.92	1	1	0.0009364
11	3	1.76	1	1	-0.4504
11	3	5.511	0	0	-1.34
11	3	3.42	0	0	-1.189
11	3	1.038	0	0	-0.9497
11	3	0.9344	1	1	-0.1629
11	3	1.732	1	1	-0.2175
11	3	5.291	0	0	-1.11
11	3	1.88	0	0	1.666
11	3	3.567	1	1	-1.253
11	3	0.8084	0	0	1.148
11	3	5.387	1	1	-0.5736
11	3	1.698	0	0	0.146
11	3	5.364	1	1	-0.05059
11	3	5.238	0	0	1.519
11	3	0.603	1	1	-0.378
11	3	3.529	1	1	-0.1767
11	3	5.719	1	1	-0.9321
11	3	2.238	1	1	0.7138
11	3	5.329	1	1	-0.9202
11	3	0.8601	1	0	0.952
11	3	5.25	1	1	1.45
11	3	1.571	0	0	0.1248
11	3	3.858	1	1	-0.4863
11	3	5.428	1	1	-0.6499
11	3	1.366	0	0	-1.198
11	3	0.8413	1	1	0.2017
11	3	0.3931	0	1	0.008428
11	3	5.341	0	0	-0.2197
11	3	0.9346	1	0	-0.9886
11	3	0.5811	1	0	0.02926
11	3	1.844	0	0	-0.1042
12	3	0.4879	0	0	-1.041
12	3	4.489	0	0	-1.431
12	3	3.273	0	0	0.1642
12	3	1.002	0	0	-0.4066
12	3	3.526	1	1	-0.513
12	3	3.487	1	1	-0.7258
12	3	0.7705	1	0	0.07385
12	3	0.969	1	0	0.9912
12	3	5.324	1	1	-0.1669
12	3	0.7152	0	0	-0.1097
12	3	0.3105	0	0	1.659
12	3	1.112	0	1	0.1141
12	3	3.807	1	1	0.7377
12	3	0.509	1	1	-0.2039
12	3	3.392	0	0	-0.6159
12	3	5.586	1	1	-0.8262
12	3	1.427	1	1	0.5678
12	3	0.437	1	0	-0.2403
12	3	1.702	0	0	0.7205
12	3	1.629	0	0	0.2773
12	3	2.194	0	0	-0.3332
12	3	3.849	1	1	0.3475
12	3	5.512	0	0	-0.4177
12	3	1.55	0	0	-0.04723
12	3	2.229	0	0	-0.04033
12	3	3.559	0	0	0.2192
12	3	0.9983	1	1	-0.7401
12	3	5.183	1	1	-1.56
12	3	1.541	0	0	-0.1951
12	3	0.7834	1	0	-0.5084
12	3	0.4399	1	0	-1.23
12	3	1.754	0	0	0.2135
12	3	1.841	1	1	0.6006
12	3	3.705	0	0	-0.2423
12	3	0.4606	0	0	-1.253
12	3	0.638	1	1	1.761
12	3	5.616	0	0	-1.219
12	3	0.4321	1	1	-0.03117
12	3	0.7991	0	0	0.1679
12	3	5.14	1	1	-0.6821
12	3	0.826	1	0	-1.273
12	3	5.473	0	0	-0.9011
12	3	0.141	1	0	1.299
12	3	1.791	1	1	0.3182
12	3	3.452	0	0	-0.1859
12	3	0.6994	0	0	0.5079
12	3	5.033	0	0	-0.215
12	3	5.536	1	1	0.1428
12	3	0.777	0	0	0.1852
12	3	5.32	1	1	-0.6628
13	3	0.6395	1	0	-1.267
13	3	0.1571	1	1	0.7181
13	3	1.087	0	1	0.543
13	3	3.364	1	1	-1.048
13	3	5.658	0	0	-1.029
13	3	3.454	1	1	-0.01271
13	3	1.749	0	0	-0.5006
13	3	0.8332	0	0	-0.3753
13	3	0.9823	0	0	0.8331
13	3	2.284	1	1	-0.2916
13	3	5.385	0	0	-1.213
13	3	5.349	0	0	-1.059
13	3	3.991	0	0	-0.3564
13	3	5.401	0	0	0.006077
13	3	0.9676	1	1	-0.439
13	3	3.677	0	0	-1.134
13	3	5.363	1	1	-0.8954
13	3	5.547	1	1	-1.139
13	3	3.515	1	1	0.4503
13	3	2.19	1	1	-0.9585
13	3	5.364	0	0	-1.493
13	3	1.006	1	1	0.2141
13	3	5.617	1	1	-0.6822
13	3	0.4789	1	0	0.148
13	3	1.502	1	1	-0.9611
13	3	0.3636	1	0	-0.5211
13	3	1.068	0	0	0.1277
13	3	0.5116	0	1	-0.6174
13	3	1.799	0	0	-0.07177
13	3	0.1835	0	0	-0.8628
13	3	5.342	1	1	-0.2347
13	3	0.7361	1	1	0.2245
13	3	1.584	0	0	-0.3999
13	3	0.3821	0	0	-1.001
13	3	3.527	0	0	-1.104
13	3	2.051	1	1	0.05017
13	3	0.9615	0	0	0.6626
13	3	0.7263	0	0	-0.8522
13	3	3.428	1	1	0.4839
13	3	0.5806	0	0	0.9575
13	3	3.512	0	0	-1.413
13	3	1.059	1	1	0.6143
13	3	1.889	0	0	-0.2645
13	3	3.545	1	1	-0.6544
13	3	0.5455	1	0	-0.8291
13	3	0.2198	1	1	0.9473
13	3	1.938	0	0	-0.102
13	3	3.447	0	0	0.05941
13	3	1.501	1	1	-1.338
13	3	5.441	1	1	-1.55
14	3	1.852	1	0	-0.5739
14	3	4.982	1	1	-0.01981
14	3	0.3017	0	0	-0.7037
14	3	0.2479	0	0	1.08
14	3	2.015	1	1	-0.3468
14	3	0.9729	1	0	-1.503
14	3	1.865	0	0	0.6978
14	3	3.807	1	1	-0.3559
14	3	1.012	1	1	0.5983
14	3	0.9217	0	0	-0.1378
14	3	0.6025	0	0	-0.5599
14	3	3.674	1	1	-1.22
14	3	0.4004	0	0	-0.1475
14	3	0.6455	0	0	0.9341
14	3	5.823	1	1	-1.364
14	3	5.128	1	1	-1.821
14	3	0.4522	0	0	0.2005
14	3	1.865	0	0	1.376
14	3	3.673	1	1	-1.275
14	3	1.745	1	1	0.07208
14	3	5.33	0	0	-0.2239
14	3	1.169	1	1	0.7847
14	3	0.6005	0	1	0.9682
14	3	3.709	0	0	0.4682
14	3	3.621	1	1	2.65
14	3	0.6159	1	0	1.626
14	3	1.885	1	1	-0.04145
14	3	0.5254	1	0	1.651
14	3	0.6822	0	0	0.8581
14	3	0.8198	1	1	1.208
14	3	3.765	0	0	0.4272
14	3	3.711	0	0	-0.1155
14	3	0.6669	0	1	1.103
14	3	1.898	0	0	-0.9189
14	3	1.035	1	1	0.7062
14	3	5.565	1	1	0.07547
14	3	1.684	0	1	0.09447
14	3	3.207	1	1	-0.07878
14	3	5.413	0	0	-0.3607
14	3	5.282	0	0	-0.7331
14	3	1.946	0	0	0.1921
14	3	3.656	0	1	1.816
14	3	0.3908	1	0	2.252
14	3	0.2209	1	1	2.541
14	3	1.718	0	0	1.219
14	3	5.209	0	0	-0.5787
14	3	3.797	0	0	-2.058
14	3	5.417	1	1	-1.336
14	3	0.9487	1	1	1.433
14	3	4.753	1	1	-0.2749
15	3	5.621	1	1	-0.106
15	3	0.1896	0	0	1.04
15	3	2.089	1	1	0.6988
15	3	3.434	1	1	-0.03753
15	3	5.333	0	0	-0.6008
15	3	3.611	0	0	-1.413
15	3	3.517	0	0	-0.7691
15	3	0.5835	0	0	2.769
15	3	1.932	1	1	1.101
15	3	0.1547	0	0	0.6417
15	3	5.152	0	0	-0.9949
15	3	3.922	1	1	0.4938
15	3	3.776	0	0	-0.08906
15	3	0.4022	0	1	1.34
15	3	5.432	1	1	-0.801
15	3	3.938	0	1	1.16
15	3	0.4431	0	1	0.935
15	3	5.644	1	1	-0.5632
15	3	1.054	1	0	0.5479
15	3	1.867	1	1	0.08845
15	3	0.781	1	1	0.6134
15	3	0.6008	0	0	1.761
15	3	5.543	1	1	0.2812
15	3	3.273	0	0	-0.01839
15	3	1.156	0	0	-0.2002
15	3	5.233	0	0	-2.025
15	3	1.546	1	1	0.7757
15	3	1.366	1	1	1.781
15	3	1.424	1	1	-0.2454
15	3	0.6174	1	1	1.037
15	3	1.738	1	0	0.9887
15	3	0.5233	0	0	-0.2319
15	3	1.044	1	1	0.38
15	3	3.593	1	1	0.05591
15	3	0.6893	1	1	0.8877
15	3	5.319	0	0	-0.7409
15	3	0.3883	0	0	-0.9834
15	3	0.667	1	0	1.211
15	3	1.66	0	0	-0.573
15	3	1.065	1	0	1.049
15	3	3.703	1	1	0.2468
15	3	5.382	0	0	-0.3608
15	3	5.209	0	0	-0.2776
15	3	0.46	1	1	0.1072
15	3	0.07251	1	0	1.768
15	3	0.9873	0	0	1.214
15	3	0.7613	0	0	0.08036
15	3	3.655	0	0	0.7225
15	3	2.005	1	1	1.232
15	3	2.052	0	0	1.798
16	3	0.9394	1	1	2.436
16	3	0.9512	0	1	1.899
16	3	1.556	0	0	0.6558
16	3	5.28	1	1	-0.2381
16	3	3.58	0	0	-0.1997
16	3	0.1827	1	0	1.192
16	3	0.4523	1	1	-0.372
16	3	1.011	1	0	2.529
16	3	5.534	0	0	0.3562
16	3	1.054	0	0	-0.3171
16	3	1.336	1	1	-1.099
16	3	0.2491	0	0	1.281
16	3	5.822	1	1	-1.109
16	3	0.8851	1	1	1.275
16	3	1.925	0	0	0.7509
16	3	5.165	0	0	-0.6417
16	3	3.695	0	0	0.3719
16	3	5.375	1	1	-1.369
16	3	2.049	0	0	1.421
16	3	2.074	1	1	0.1291
16	3	0.7728	1	1	0.5885
16	3	0.2679	1	0	-0.4941
16	3	1.047	1	1	1.49
16	3	1.644	1	1	-0.6696
16	3	5.566	0	0	-0.001029
16	3	3.407	0	0	-0.007667
16	3	1.573	0	0	0.4499
16	3	0.4993	0	0	-1.306
16	3	5.438	0	0	-1.124
16	3	0.7695	1	1	-0.7125
16	3	3.751	1	1	-1.022
16	3	0.4646	0	0	-0.2116
16	3	3.42	0	0	-1.109
16	3	0.5969	0	0	-1.325
16	3	5.413	0	0	0.3754
16	3	0.5078	1	1	2.324
16	3	5.41	1	1	-0.7935
16	3	3.435	0	0	-0.2761
16	3	0.4852	1	0	0.5379
16	3	0.4883	0	0	-0.9005
16	3	5.362	0	0	-0.4572
16	3	3.349	0	0	-1.24
16	3	1.95	1	1	0.3311
16	3	1.874	0	0	-0.07231
16	3	3.414	1	1	-0.8617
16	3	0.9602	0	0	1.22
16	3	0.823	1	1	-0.9113
16	3	1.875	0	1	0.9829
16	3	3.337	1	1	0.4434
16	3	3.735	1	1	-0.9158
17	3	3.854	0	0	-1.671
17	3	1.055	0	0	-0.0004607
17	3	5.329	0	0	-1.12
17	3	5.251	1	1	-0.7736
17	3	0.7988	1	0	2.062
17	3	0.9582	1	1	0.2037
17	3	5.332	0	0	-1.234
17	3	1.916	1	1	-0.8427
17	3	3.584	0	0	-1.4
17	3	1.574	1	1	-0.5246
17	3	0.511	0	0	0.8505
17	3	1.746	0	0	0.3152
17	3	1.658	0	0	0.1102
17	3	1.772	0	0	0.6766
17	3	1.073	1	1	1.551
17	3	0.7454	1	0	1.701
17	3	1.824	0	0	-0.196
17	3	0.8173	1	0	0.04657
17	3	1.271	1	1	0.1829
17	3	5.441	0	0	-1.345
17	3	5.51	0	0	-0.5624
17	3	0.712	1	1	1.308
17	3	5.138	1	1	0.2064
17	3	3.429	0	0	-1.246
17	3	1.577	1	1	0.1393
17	3	3.704	1	1	-0.7465
17	3	0.6257	0	1	0.9489
17	3	0.4379	1	0	-0.5815
17	3	1.15	1	1	0.6532
17	3	3.547	0	0	-0.3658
17	3	1.965	1	1	0.2903
17	3	5.359	1	1	-0.379
17	3	0.8418	1	1	0.5485
17	3	1.062	0	1	-0.9166
17	3	3.301	0	0	0.1795
17	3	3.742	0	0	-0.8895
17	3	0.4068	1	0	0.2862
17	3	5.271	1	1	-0.3261
17	3	1.932	0	0	-0.0609
17	3	5.274	0	0	-1.365
17	3	3.497	0	0	-0.4765
17	3	5.145	0	0	-1.085
17	3	1.218	0	1	1.18
17	3	0.6256	0	1	1.872
17	3	0.6828	1	0	1.03
17	3	0.09691	1	0	-0.03851
17	3	1.795	0	0	-0.7773
17	3	3.698	1	1	-0.08485
17	3	3.457	0	0	-1.368
17	3	1.001	1	1	0.05544
18	3	0.9427	1	1	-1.705
18	3	1.895	1	1	-0.9183
18	3	4.987	1	1	-1.271
18	3	1.815	1	1	3.049
18	3	4.061	1	1	-0.6661
18	3	5.364	0	0	0.0003042
18	3	0.5519	1	1	0.1045
18	3	1.505	0	0	-0.3479
18	3	3.451	1	1	-0.7468
18	3	0.5326	0	0	-0.4422
18	3	1.454	1	1	0.2918
18	3	5.425	0	0	-1.662
18	3	1.066	1	1	1.059
18	3	0.1873	1	0	-0.4484
18	3	0.386	0	1	0.4527
18	3	3.536	1	1	0.8882
18	3	5.712	0	0	0.2896
18	3	0.3798	1	0	1.055
18	3	0.8401	1	1	0.6317
18	3	0.4871	1	0	1.207
18	3	5.318	1	1	0.4122
18	3	0.6937	1	0	0.8942
18	3	0.8556	0	0	2.34
18	3	5.75	0	0	-1.16
18	3	5.325	0	0	-0.5267
18	3	1.889	0	0	-1.412
18	3	0.2867	0	0	-0.05223
18	3	3.58	1	1	-0.6983
18	3	0.7927	0	0	0.2716
18	3	0.7015	1	1	2.085
18	3	0.8989	0	0	-0.05836
18	3	1.825	0	0	-0.03162
18	3	3.788	0	0	-0.09541
18	3	3.827	0	0	0.1496
18	3	0.9592	1	1	0.9052
18	3	3.864	1	1	-1.116
18	3	1.121	1	1	-0.2673
18	3	3.669	0	0	-1.099
18	3	1.734	0	0	-0.4828
18	3	5.261	1	1	-0.6873
18	3	3.628	1	1	-0.466
18	3	5.272	0	0	-0.6914
18	3	0.4483	1	1	-0.5182
18	3	1.769	0	0	0.33
18	3	5.179	0	0	-0.3616
18	3	0.3309	0	1	-0.6084
18	3	1.811	1	1	-0.7031
18	3	3.654	1	1	-1.249
18	3	0.3911	0	0	-0.9361
18	3	1.86	0	0	-0.9769
19	3	2.075	0	0	-0.9887
19	3	3.741	0	0	-0.5986
19	3	0.5876	0	1	-0.1675
19	3	1.276	1	1	-0.3756
19	3	3.593	0	0	-0.8231
19	3	1.973	1	1	-0.16
19	3	0.2945	1	0	0.9458
19	3	0.9343	1	1	1.775
19	3	1.348	1	0	1.968
19	3	0.9775	1	0	4.301
19	3	0.4838	1	0	0.8561
19	3	3.523	1	1	-0.2898
19	3	3.494	0	0	-1.076
19	3	5.415	0	0	-0.6878
19	3	0.5538	1	1	0.6013
19	3	5.361	1	1	0.07809
19	3	0.2855	0	0	2.441
19	3	1.932	0	0	-0.5761
19	3	5.432	0	0	-0.1606
19	3	3.587	1	1	-1.398
19	3	0.5215	0	0	-0.9276
19	3	0.5029	0	0	1.384
19	3	1.661	0	0	-1.41
19	3	5.442	1	1	-0.2106
19	3	0.8351	1	1	0.144
19	3	3.552	0	0	-1.735
19	3	0.9938	0	1	2.86
19	3	0.6703	0	0	1.265
19	3	0.9685	0	0	-0.01968
19	3	3.331	1	1	-0.4684
19	3	2.033	0	0	-0.1867
19	3	0.2361	0	1	1.75
19	3	5.164	1	1	-1.157
19	3	0.8687	0	1	0.08674
19	3	1.825	0	0	0.2572
19	3	0.695	1	1	0.6828
19	3	5.599	1	1	-0.565
19	3	1.769	1	1	0.452
19	3	2.061	1	1	-0.195
19	3	5.385	0	0	0.2543
19	3	3.651	1	1	-0.5787
19	3	5.101	1	1	0.3805
19	3	1.116	0	0	0.6715
19	3	0.6383	1	1	-0.225
19	3	4.891	0	0	-0.4263
19	3	5.392	1	1	0.1846
19	3	1.21	0	1	1.179
19	3	3.765	1	1	-1.272
19	3	1.938	0	0	-0.3428
19	3	3.159	1	1	-0.8856
20	4	5.125	0	0	-0.7905
20	4	1.762	1	1	0.5546
20	4	1.685	1	1	-0.617
20	4	0.8471	0	1	0.5456
20	4	0.6288	0	0	0.1381
20	4	1.129	1	1	-0.9826
20	4	0.1911	0	0	1.028
20	4	1.138	0	0	0.5868
20	4	5.791	0	0	-0.2279
20	4	0.2749	1	1	0.6821
20	4	5.472	0	0	-1.387
20	4	0.8079	1	1	-0.1584
20	4	5.548	1	1	-0.495
20	4	0.2776	1	1	-1.348
20	4	2.001	0	1	0.2128
20	4	1.574	1	1	-0.185
20	4	0.8611	1	1	-0.1849
20	4	1.063	0	0	0.1044
20	4	3.638	0	0	-1.608
20	4	0.5755	0	0	1.784
20	4	0.2294	0	0	-0.7193
20	4	0.8585	1	1	0.2085
20	4	1.327	0	0	-0.6644
20	4	3.681	0	0	-0.8062
20	4	3.339	1	1	-1.098
20	4	5.4	1	1	-0.9393
20	4	1.459	1	1	0.399
20	4	3.761	1	1	-0.202
20	4	0.1514	1	1	0.9104
20	4	0.9639	0	0	-0.2441
20	4	1.355	1	1	0.3029
20	4	0.773	1	0	-0.03986
20	4	5.351	0	0	-0.7999
20	4	1.724	0	0	-0.2208
20	4	3.39	0	0	0.2273
20	4	0.2958	1	1	-0.6277
20	4	5.401	0	0	-0.2407
20	4	3.492	1	1	0.1327
20	4	5.444	1	1	-1.319
20	4	3.57	1	1	-0.1577
20	4	2.014	0	0	0.431
20	4	3.689	0	0	-1.444
20	4	3.717	0	0	-0.008986
20	4	1.959	1	1	-0.3663
20	4	5.459	0	0	-0.9465
20	4	1.774	1	1	-0.7876
20	4	3.855	1	1	-1.36
20	4	1.025	1	1	-1.145
20	4	5.351	0	0	-1.145
20	4	1.671	0	0	-1.35
21	4	1.302	1	0	-0.6762
21	4	5.306	1	1	-0.9402
21	4	0.5111	0	0	0.1753
21	4	2.192	1	1	-0.2255
21	4	0.8369	1	1	-0.4479
21	4	1.991	0	0	0.4067
21	4	0.7641	0	0	-1.862
21	4	0.9331	1	1	-0.5718
21	4	5.51	1	1	-1.018
21	4	1.551	0	0	-0.5415
21	4	3.815	1	1	-0.9611
21	4	0.5691	0	1	-0.8369
21	4	0.9718	1	1	1.108
21	4	3.568	0	0	-0.5793
21	4	3.564	0	0	1.689
21	4	5.732	0	0	-1.356
21	4	5.383	0	0	-1.264
21	4	3.689	0	0	-1.551
21	4	1.524	0	0	-1.571
21	4	0.8993	0	0	-2.398
21	4	0.0927	0	0	-0.0265
21	4	2.002	1	1	-0.9581
21	4	1.947	0	0	0.6254
21	4	0.4325	1	0	-1.241
21	4	0.2022	0	0	0.3608
21	4	1.095	1	0	1.335
21	4	1.833	1	1	0.5289
21	4	3.802	0	0	-1.844
21	4	5.245	1	1	0.3025
21	4	0.3439	0	0	1.583
21	4	3.444	1	1	2.247
21	4	0.2766	0	0	0.1768
21	4	3.501	1	1	-1.673
21	4	3.802	1	1	-1.213
21	4	4.844	1	1	-1.066
21	4	1.875	1	1	0.853
21	4	0.367	1	0	-0.4876
21	4	5.341	0	0	0.8948
21	4	0.3452	0	0	-0.5094
21	4	1.604	0	0	-0.5233
21	4	3.97	0	0	-1.36
21	4	0.936	1	0	0.1607
21	4	5.268	1	1	0.04662
21	4	5.57	1	1	0.5097
21	4	0.874	1	1	-0.03219
21	4	3.524	1	1	-0.3974
21	4	0.7461	1	1	0.3152
21	4	1.88	0	0	-2.481
21	4	0.8466	0	0	-1.567
21	4	5.362	1	1	-0.8792
22	4	5.384	0	0	-0.9447
22	4	3.43	0	0	-0.7642
22	4	1.753	0	0	-0.3971
22	4	0.9835	0	0	-0.8295
22	4	0.03185	0	0	0.03605
22	4	5.289	1	1	0.02041
22	4	0.3673	0	0	-1.744
22	4	5.304	0	0	0.0006999
22	4	5.582	0	0	-0.9756
22	4	0.274	1	0	0.1262
22	4	1.908	1	1	-0.5871
22	4	0.9566	1	1	0.947
22	4	0.7569	0	1	0.1088
22	4	3.794	0	0	-0.8655
22	4	1.577	1	1	2.06
22	4	5.217	0	0	-0.9789
22	4	1.933	0	0	-1.113
22	4	3.439	1	1	-0.456
22	4	1.071	1	0	0.8823
22	4	3.788	1	1	0.4852
22	4	0.7255	1	1	2.74
22	4	1.068	0	0	-0.1222
22	4	0.7792	0	1	0.2575
22	4	0.5219	0	1	0.06063
22	4	5.185	0	0	-1.069
22	4	5.28	1	1	1.382
22	4	5.369	0	0	-1.061
22	4	1.027	1	0	1.612
22	4	1.649	0	0	-0.5867
22	4	1.681	0	0	0.95
22	4	1.136	0	0	-0.8533
22	4	3.493	1	1	0.1183
22	4	0.2435	0	0	-0.3905
22	4	1.315	1	1	0.5769
22	4	0.6872	0	0	1.198
22	4	1.842	1	1	0.1084
22	4	5.392	0	0	-1.595
22	4	3.596	0	0	-2.59
22	4	0.842	1	1	-1.158
22	4	0.9859	1	0	-1.958
22	4	3.599	1	1	-0.09064
22	4	3.921	0	0	-1.617
22	4	3.484	1	1	-0.498
22	4	3.525	1	1	-0.0002123
22	4	2.217	1	1	-0.3914
22	4	0.4822	1	0	-1.825
22	4	0.3469	1	0	-0.5304
22	4	1.315	1	0	-1.788
22	4	5.039	0	0	-0.6196
22	4	2.277	1	1	-1.058
23	4	5.235	0	0	-2.364
23	4	1.245	1	1	0.03978
23	4	5.618	1	1	-0.3143
23	4	1.074	1	0	-1.03
23	4	3.403	1	1	-0.7924
23	4	3.388	0	0	-0.05619
23	4	3.303	0	0	0.8456
23	4	3.785	0	0	-0.3355
23	4	1.611	1	1	-1.275
23	4	1.979	0	1	0.8928
23	4	5.569	1	1	-0.8555
23	4	0.7558	1	1	0.06284
23	4	0.7473	1	1	0.4812
23	4	2.017	0	0	0.09603
23	4	3.628	0	0	-0.2233
23	4	5.51	0	0	-0.7413
23	4	5.492	0	0	-1.193
23	4	3.449	0	0	-1.782
23	4	1.83	0	0	-0.08787
23	4	0.564	1	1	-0.3259
23	4	1.392	1	1	-0.04675
23	4	0.4369	1	1	2.534
23	4	5.13	0	0	-0.8727
23	4	5.578	0	0	-0.2115
23	4	5.119	1	1	-0.5605
23	4	1.357	0	0	-0.5177
23	4	5.444	1	1	-0.8346
23	4	3.263	1	1	0.04461
23	4	3.677	0	0	0.1105
23	4	0.8873	1	1	0.3747
23	4	1.802	0	0	0.4061
23	4	5.325	1	1	-0.4741
23	4	0.1174	1	1	1.799
23	4	0.2586	1	1	1.12
23	4	0.8411	0	0	-0.2174
23	4	0.3991	1	0	0.3327
23	4	0.6008	0	0	1.219
23	4	0.0616	0	1	-0.4551
23	4	0.8168	1	0	2.803
23	4	0.754	0	0	2.442
23	4	2.085	1	1	1.187
23	4	0.5735	0	0	1.427
23	4	1.599	0	0	-0.5586
23	4	3.855	1	1	0.9531
23	4	0.7871	0	0	-0.6224
23	4	1.741	0	0	0.2862
23	4	1.714	0	0	0.01066
23	4	3.593	0	0	-1.34
23	4	0.7354	1	0	0.4279
23	4	1.111	1	1	0.05491
24	4	3.87	0	0	-1.134
24	4	5.544	0	0	-1.764
24	4	1.398	0	1	0.9657
24	4	0.254	0	1	0.1531
24	4	3.426	1	1	0.2052
24	4	1.963	0	0	-0.7086
24	4	0.4353	1	0	-0.5977
24	4	0.8955	1	0	0.1541
24	4	5.746	0	0	-0.9429
24	4	1.323	1	0	0.2835
24	4	1.676	1	1	-0.04222
24	4	5.436	0	0	-0.4763
24	4	3.354	0	0	0.01386
24	4	1.963	1	1	-0.2357
24	4	5.181	1	1	0.435
24	4	0.3745	1	0	0.4965
24	4	3.591	0	0	-1.153
24	4	0.1036	1	1	2.814
24	4	0.8343	1	0	1.723
24	4	5.352	1	1	-1.172
24	4	0.8869	1	1	-1.675
24	4	3.704	1	1	0.1327
24	4	3.7	0	0	0.4882
24	4	5.472	1	1	0.004359
24	4	5.559	1	1	0.2642
24	4	5.734	0	0	-0.5118
24	4	0.9051	0	0	-1.479
24	4	3.857	0	0	0.2723
24	4	1.072	0	0	0.1689
24	4	1.808	1	1	0.222
24	4	3.425	0	0	-0.5885
24	4	1.775	1	1	1.703
24	4	1.08	0	0	0.1518
24	4	0.5149	0	0	0.2369
24	4	0.823	1	0	-0.4193
24	4	1.79	0	0	0.6433
24	4	3.382	0	0	-0.5018
24	4	1.908	0	0	-0.3912
24	4	1.574	1	1	1.349
24	4	0.5247	1	1	0.8888
24	4	0.4023	1	0	-0.8743
24	4	5.139	0	0	0.7535
24	4	5.426	0	0	-0.3235
24	4	0.798	1	1	2.087
24	4	1.852	0	0	-1.449
24	4	0.3748	1	0	1.217
24	4	0.2899	1	1	0.8506
24	4	0.4267	0	0	0.03707
24	4	3.738	0	0	-0.3461
24	4	2.017	1	1	1.228
25	4	0.2489	1	1	0.5603
25	4	2.147	0	0	-0.2314
25	4	3.595	0	0	-1.015
25	4	0.492	1	1	-0.586
25	4	3.212	0	0	-0.9807
25	4	1.693	1	1	-0.2514
25	4	3.675	0	0	-1.795
25	4	1.072	1	1	-0.1456
25	4	3.422	1	1	-0.82
25	4	5.468	1	1	-1.012
25	4	0.2688	0	0	-1.031
25	4	3.532	0	0	-0.1744
25	4	5.382	1	1	-0.7383
25	4	1.006	0	0	-0.2694
25	4	0.6688	1	1	0.01013
25	4	3.608	1	1	0.03183
25	4	3.381	0	0	-0.09128
25	4	2.266	0	0	0.832
25	4	0.9316	0	0	-0.1315
25	4	3.519	1	1	-1.436
25	4	1.728	0	0	0.0008623
25	4	1.758	1	1	-0.7494
25	4	0.6671	1	0	-0.06921
25	4	0.5412	1	1	-0.3338
25	4	0.8081	1	0	-0.9122
25	4	1.681	0	0	0.5752
25	4	0.3731	0	1	-1.484
25	4	0.8573	1	1	-1.14
25	4	0.1666	1	1	0.06517
25	4	5.614	0	0	-0.9951
25	4	5.439	1	1	-0.4558
25	4	1.702	1	0	-0.988
25	4	3.669	0	0	0.05084
25	4	5.728	0	0	-0.4426
25	4	5.537	0	0	-1.329
25	4	5.48	1	1	-1.024
25	4	5.171	1	1	-0.27
25	4	0.7544	0	0	-1.063
25	4	0.9682	0	0	-0.1454
25	4	5.248	0	0	-1.188
25	4	1.875	1	1	0.3625
25	4	0.6534	1	0	-1.265
25	4	1.708	1	0	0.9149
25	4	0.6212	0	0	0.876
25	4	2.027	1	1	0.8687
25	4	0.9573	1	0	1.327
25	4	5.369	0	0	-0.6804
25	4	3.77	0	0	-0.5995
25	4	0.3413	0	0	3.033
25	4	1.163	0	0	-1.51
26	4	0.02083	1	0	-0.5919
26	4	2.144	0	0	-0.3309
26	4	0.3958	1	1	0.499
26	4	2.038	0	0	-0.3686
26	4	5.487	1	1	-0.8731
26	4	3.474	1	1	-1.252
26	4	1.69	1	1	-0.3693
26	4	0.3287	1	1	2.796
26	4	5.374	0	0	-0.9664
26	4	5.766	1	1	-0.8077
26	4	0.8197	1	0	0.7915
26	4	1.33	1	0	2.028
26	4	3.456	1	1	-0.6403
26	4	1.858	1	1	-0.03661
26	4	1.614	0	0	-0.4049
26	4	0.7407	0	0	-0.7232
26	4	1.674	1	1	-0.2121
26	4	0.3297	0	0	2.265
26	4	1.194	1	0	1.882
26	4	5.706	0	0	-0.008131
26	4	0.8224	1	1	-0.2122
26	4	2.329	1	0	1.995
26	4	0.3556	0	0	2.204
26	4	0.5175	1	1	1.922
26	4	2.016	1	1	1.008
26	4	1.125	1	1	1.582
26	4	1.655	0	0	0.855
26	4	3.874	0	0	-0.5946
26	4	3.841	0	0	0.4291
26	4	5.418	0	0	0.1616
26	4	0.3918	0	0	-0.4843
26	4	0.5666	0	0	2.496
26	4	5.063	0	0	0.5303
26	4	3.496	0	0	0.1951
26	4	3.058	1	1	-0.09449
26	4	3.542	0	0	0.4282
26	4	1.306	0	0	1.208
26	4	1.142	1	1	0.5835
26	4	5.182	0	0	-0.8434
26	4	3.634	0	0	-0.9191
26	4	5.545	1	1	0.9676
26	4	5.522	0	0	-0.5381
26	4	0.4577	0	0	0.04371
26	4	5.408	0	0	-1.28
26	4	3.721	1	1	0.2743
26	4	0.5911	0	0	-0.981
26	4	3.448	1	1	0.5166
26	4	0.6941	0	0	-0.5876
26	4	1.892	0	0	-1.062
26	4	0.5386	1	0	1.492
27	4	0.4914	0	0	0.7924
27	4	1.676	1	1	-0.9091
27	4	5.426	0	0	-0.1534
27	4	0.5171	1	0	0.9149
27	4	3.791	1	1	-0.3614
27	4	1.179	0	0	0.8461
27	4	0.5119	1	1	2.288
27	4	5.486	0	0	-0.1634
27	4	3.759	0	0	-0.8262
27	4	1.795	0	0	-0.8864
27	4	2.069	1	1	-0.3308
27	4	0.9552	1	1	0.5971
27	4	0.5818	0	0	0.04351
27	4	5.105	0	0	-0.3158
27	4	3.389	1	1	-0.264
27	4	3.753	1	0	1.339
27	4	1.465	1	1	-0.5462
27	4	5.459	0	0	-1.62
27	4	1.788	1	1	-0.1501
27	4	0.8592	1	0	1.851
27	4	1.815	0	0	-0.1978
27	4	0.911	1	1	0.3159
27	4	5.115	0	0	0.5228
27	4	0.343	1	1	0.5508
27	4	0.239	0	1	1.972
27	4	0.1473	0	0	1.071
27	4	0.7981	0	0	-0.8389
27	4	5.12	0	0	0.2539
27	4	3.44	1	1	-0.8586
27	4	0.7242	1	0	0.4528
27	4	3.9	0	0	-0.2186
27	4	1.885	0	0	-0.1377
27	4	0.8672	0	0	3.386
27	4	1.602	0	0	-0.6103
27	4	0.3077	0	0	1.416
27	4	5.503	0	0	0.5576
27	4	1.208	1	1	1.604
27	4	5.259	1	1	0.2558
27	4	3.765	1	1	0.1584
27	4	2.015	1	1	-0.6947
27	4	0.6042	1	1	-0.7785
27	4	5.082	0	0	-1.021
27	4	5.265	1	1	0.1021
27	4	0.9663	1	1	-0.2819
27	4	3.781	0	0	-0.1577
27	4	3.443	0	0	0.9434
27	4	1.072	1	1	1.942
27	4	1.583	1	1	0.06093
27	4	0.576	0	0	0.3397
27	4	3.667	1	1	-1.39
28	4	3.739	1	1	-0.4358
28	4	1.072	1	1	0.1959
28	4	3.61	1	1	0.4665
28	4	5.49	1	1	0.1009
28	4	3.323	0	0	-0.4412
28	4	0.9118	0	0	0.3215
28	4	3.58	0	0	-0.112
28	4	3.375	0	0	-0.9948
28	4	2.053	0	0	-0.9663
28	4	5.403	1	1	-0.06263
28	4	0.2002	1	0	-0.05699
28	4	1.412	1	1	-0.2994
28	4	1.175	1	0	0.3991
28	4	5.736	0	0	-0.636
28	4	0.9613	0	0	0.8094
28	4	0.5778	1	1	1.871
28	4	0.351	1	1	1.063
28	4	0.3739	0	1	-0.9743
28	4	1.064	1	1	0.4477
28	4	1.2	0	0	1.004
28	4	1.87	0	0	-0.1769
28	4	5.118	1	1	-0.555
28	4	0.6649	1	0	0.296
28	4	3.739	0	0	-0.7137
28	4	0.5761	1	0	-0.1057
28	4	5.271	1	1	0.5122
28	4	1.815	0	0	-0.6605
28	4	5.422	0	0	0.03149
28	4	1.903	1	0	1.925
28	4	1.865	0	0	0.4007
28	4	0.5429	0	1	2.346
28	4	1.973	1	1	0.003278
28	4	3.491	0	0	1.079
28	4	1.973	1	1	-0.0923
28	4	0.1386	0	1	1.032
28	4	3.825	1	1	0.08256
28	4	5.407	0	0	-0.8886
28	4	0.6559	0	0	0.04353
28	4	3.51	0	0	-1.061
28	4	5.581	0	0	-0.163
28	4	1.829	1	1	-1.086
28	4	0.6661	1	0	0.4559
28	4	0.456	0	0	0.8116
28	4	5.2	0	0	0.4995
28	4	3.302	0	0	-1.663
28	4	1.053	1	1	1.385
28	4	5.566	1	1	-0.1209
28	4	0.6472	1	0	0.6261
29	4	3.505	1	1	-0.6327
29	4	1.725	1	0	0.2263
29	4	1.153	0	1	0.622
29	4	1.902	1	0	-0.7297
29	4	5.438	0	0	-0.1958
29	4	0.5545	0	0	-0.5279
29	4	1.907	0	0	-0.4179
29	4	2.021	0	0	-0.008673
29	4	0.8168	0	0	-0.09923
29	4	1.994	0	0	-0.2879
29	4	1.01	0	0	-0.8444
29	4	3.779	0	0	0.1753
29	4	0.7843	0	0	0.5311
29	4	5.178	1	1	-0.5187
29	4	5.483	1	1	-0.1286
29	4	5.344	1	1	-0.6257
29	4	5.469	0	0	-0.4124
29	4	0.628	0	0	1.259
29	4	3.274	1	1	0.383
29	4	0.4325	1	1	0.645
29	4	5.439	0	0	-0.7226
29	4	0.7678	1	1	2.527
29	4	0.9748	0	0	0.0318
29	4	1.861	1	1	-0.3991
29	4	3.85	1	1	0.2812
29	4	3.446	0	0	0.7087
29	4	0.6431	1	0	0.4224
29	4	5.359	0	0	-1.137
29	4	1.786	1	1	-0.1712
29	4	0.3297	0	1	2.148
29	4	5.476	0	0	-0.416
29	4	3.638	1	1	1.105
29	4	0.9577	1	0	3.026
29	4	4.945	1	1	0.3376
29	4	0.577	1	1	-0.1072
29	4	0.4821	0	0	0.2141
29	4	0.8173	0	0	1.299
29	4	0.8108	0	0	0.2376
29	4	0.3067	1	1	0.2019
29	4	0.8661	1	1	0.9165
29	4	3.362	0	0	0.2888
29	4	0.8338	1	1	1.646
29	4	1.749	1	1	-1.183
29	4	1.433	0	0	-0.3424
29	4	5.625	0	0	0.332
29	4	3.902	1	1	-0.07971
29	4	1.866	1	1	0.5452
29	4	3.534	1	1	-0.4875
29	4	3.345	0	0	-0.3724
29	4	0.1921	1	1	1.43
30	5	1.617	0	0	-1.441
30	5	1.75	1	1	2.05
30	5	1.896	0	0	0.4972
30	5	0.6768	1	1	1.279
30	5	3.578	1	1	0.1941
30	5	4.939	1	1	0.7116
30	5	3.861	1	1	-0.5697
30	5	0.2242	1	1	1.824
30	5	3.514	0	0	2.55
30	5	0.8004	0	1	1.158
30	5	3.969	0	0	-1.255
30	5	2.001	1	1	-0.9571
30	5	5.419	0	0	-0.927
30	5	0.9791	1	1	1.441
30	5	1.099	1	1	-0.3708
30	5	1.664	0	0	-1.694
30	5	3.882	0	0	-0.5325
30	5	0.4551	1	0	-0.8498
30	5	0.4176	0	1	-0.2374
30	5	0.7944	0	1	0.5531
30	5	1.62	0	1	-0.06233
30	5	5.383	1	1	-2.157
30	5	1.069	1	0	-0.04769
30	5	5.456	0	0	-0.0001586
30	5	0.8095	0	0	-0.1482
30	5	0.3434	0	1	-0.5548
30	5	3.686	0	0	-0.1501
30	5	5.695	1	1	-2.601
30	5	1.601	1	0	-0.04979
30	5	1.501	1	1	0.05486
30	5	0.3006	1	0	-0.6498
30	5	0.5774	0	0	-0.1768
30	5	1.922	0	0	-1.648
30	5	1.061	1	1	0.2046
30	5	3.504	1	1	-0.7155
30	5	5.249	0	0	-0.232
30	5	0.6113	1	1	-1.278
30	5	3.595	0	0	-1.171
30	5	5.286	1	1	0.3472
30	5	0.4557	0	0	-0.1825
30	5	0.7775	1	0	1.717
30	5	0.7905	1	0	-2.046
30	5	0.5063	1	0	-1.335
30	5	5.448	0	0	-0.9926
30	5	1.831	1	1	-1.474
30	5	3.68	1	1	-1.349
30	5	0.9759	0	0	-1.152
30	5	3.609	1	1	-0.9233
30	5	5.111	0	0	-0.01817
30	5	5.404	0	0	-2.346
31	5	0.3674	1	0	-0.8986
31	5	0.7502	1	1	-0.4385
31	5	5.504	1	1	-0.8139
31	5	5.443	0	0	-0.6356
31	5	1.743	0	0	-0.5434
31	5	1.692	1	0	0.3749
31	5	0.4215	0	1	-0.9264
31	5	1.206	0	0	-0.6219
31	5	1.868	1	1	-1.394
31	5	3.25	1	1	-0.5429
31	5	0.8334	0	0	-0.9903
31	5	0.004966	0	0	-0.001231
31	5	3.536	0	0	-1.113
31	5	3.593	1	1	-0.3874
31	5	0.5799	0	1	0.4912
31	5	1.082	1	1	2.747
31	5	3.433	0	0	-0.4569
31	5	3.625	1	1	-0.5834
31	5	0.4332	0	1	-0.3907
31	5	0.9346	0	1	1.099
31	5	2.036	1	1	0.3074
31	5	2.055	1	1	-0.2034
31	5	0.7907	1	1	0.1764
31	5	5.043	0	0	-0.6847
31	5	3.951	0	0	-0.5474
31	5	5.304	1	1	-2.251
31	5	3.589	1	1	-1.069
31	5	1.956	1	1	-1.755
31	5	1.099	1	1	1.642
31	5	0.6874	0	0	-0.2081
31	5	3.427	0	0	-0.3983
31	5	2.014	1	1	0.5883
31	5	5.022	0	0	-1.026
31	5	1.975	0	0	-1.075
31	5	5.124	1	1	-0.551
31	5	1.869	1	1	-0.8885
31	5	5.3	0	0	-0.9062
31	5	0.6551	0	1	1.758
31	5	1.127	0	0	-0.7379
31	5	3.503	0	0	-0.2268
31	5	1.015	0	0	1.158
31	5	5.517	1	1	0.04617
31	5	5.412	1	1	-1.034
31	5	3.786	0	0	-1.152
31	5	1.555	0	1	-0.7121
31	5	0.8586	1	1	0.1171
31	5	0.8192	1	0	0.5109
31	5	5.349	0	0	-0.7009
31	5	0.8801	1	1	-1.522
31	5	0.3274	1	1	0.3528
32	5	5.188	1	1	-1.384
32	5	1.79	1	1	-0.6092
32	5	3.78	1	1	-1.061
32	5	3.89	0	0	-1.085
32	5	1.634	1	1	-0.9256
32	5	1.002	0	0	-0.6687
32	5	5.704	0	0	-0.5303
32	5	3.62	0	0	-0.3358
32	5	5.461	1	1	-0.4109
32	5	0.709	0	0	-0.2173
32	5	5.374	0	0	-1.494
32	5	5.385	0	0	-0.8596
32	5	0.816	0	0	-0.645
32	5	1.915	1	1	0.614
32	5	3.232	0	0	-1.069
32	5	5.094	1	1	-0.7804
32	5	1.939	0	0	-0.4461
32	5	0.2729	1	0	-0.08622
32	5	3.436	0	0	-0.5593
32	5	1.032	1	1	-0.3687
32	5	0.928	1	0	-0.5973
32	5	0.7548	1	1	0.4376
32	5	3.439	1	1	-0.1419
32	5	5.218	0	0	-1.477
32	5	1.419	0	0	-1.579
32	5	3.386	1	1	-1.722
32	5	0.5757	1	0	0.5043
32	5	4.147	1	1	-0.9694
32	5	1.738	0	0	0.3918
32	5	1.862	0	0	-1.389
32	5	0.7356	1	1	-0.7468
32	5	3.169	0	0	-1.137
32	5	0.7629	0	1	-1.8
32	5	3.832	1	1	-1.12
32	5	1.758	1	1	-0.5164
32	5	0.6782	1	1	1.058
32	5	0.3824	0	0	0.1738
32	5	5.548	1	1	0.06455
32	5	0.7263	0	0	-1.305
32	5	1.984	1	1	-0.6949
32	5	0.4815	0	0	-1.107
32	5	1.032	0	0	-1.009
32	5	5.26	0	0	-1.185
32	5	0.5356	0	0	-1.022
32	5	0.5505	0	0	-1.462
32	5	5.325	0	0	-1.587
32	5	1.68	1	0	-0.1475
32	5	0.4388	0	0	-0.8475
32	5	0.2475	1	1	-0.002362
32	5	0.6859	1	0	0.302
33	5	1.686	1	0	0.1774
33	5	0.5875	0	0	0.04029
33	5	1.293	0	1	-1.091
33	5	3.471	0	0	0.9551
33	5	1.318	1	1	0.5301
33	5	0.9582	1	0	-0.7235
33	5	1.988	0	0	0.5417
33	5	0.4402	0	0	-0.4871
33	5	3.145	1	1	-0.9657
33	5	3.633	0	0	-1.408
33	5	3.45	1	1	0.3842
33	5	1.658	1	0	-0.1423
33	5	0.8966	0	1	0.9338
33	5	0.8468	1	1	0.2754
33	5	1.781	1	1	0.7
33	5	0.9939	1	1	-0.789
33	5	0.08859	0	0	-1.42
33	5	0.2904	0	0	-0.4073
33	5	1.786	1	1	-0.7764
33	5	0.2643	1	0	0.3651
33	5	3.552	0	0	0.4235
33	5	3.826	0	0	0.06746
33	5	3.575	1	1	-0.931
33	5	3.637	0	0	-1.497
33	5	1.642	0	0	-0.04496
33	5	0.946	0	0	-0.4937
33	5	1.091	0	0	-0.4008
33	5	1.909	0	0	0.03607
33	5	0.4979	0	0	-1.15
33	5	3.673	0	0	-0.8622
33	5	5.188	1	1	-0.3291
33	5	5.688	0	0	-1.074
33	5	1.676	1	1	-0.2806
33	5	5.387	1	1	-0.8532
33	5	5.504	1	1	0.5777
33	5	1.752	1	1	-0.6366
33	5	5.412	1	1	0.6903
33	5	5.234	1	1	-0.9696
33	5	0.3091	0	0	-0.02061
33	5	1.139	1	0	0.396
33	5	1.647	0	0	0.3768
33	5	0.2971	1	0	0.8397
33	5	5.04	1	1	0.5027
33	5	5.471	0	0	-0.5785
33	5	5.358	0	0	-0.661
33	5	0.05222	0	0	-0.05138
33	5	5.397	1	1	0.7248
33	5	0.5976	0	0	0.2975
33	5	3.47	1	1	-1.725
33	5	0.4414	1	1	0.5982
34	5	0.9918	0	0	-2.249
34	5	2.12	1	1	-1.202
34	5	5.453	1	1	-1.081
34	5	1.737	0	0	1.727
34	5	3.69	1	1	-0.8421
34	5	1.752	0	0	0.288
34	5	0.6947	0	0	1.706
34	5	1.812	0	0	1.277
34	5	0.6621	1	0	0.08574
34	5	0.5512	1	0	1.841
34	5	0.7492	1	1	0.5471
34	5	3.427	0	0	-0.3551
34	5	3.693	1	1	0.2109
34	5	3.693	0	0	0.6913
34	5	0.6198	0	0	-1.337
34	5	3.504	1	1	-1.426
34	5	3.421	0	0	-1.181
34	5	0.9278	0	0	-0.9124
34	5	0.2492	0	0	-0.7483
34	5	0.2115	1	1	-0.1721
34	5	3.682	1	1	1.541
34	5	5.627	1	1	0.08544
34	5	3.876	0	0	-2.159
34	5	5.355	1	1	-0.434
34	5	0.856	0	0	-0.4576
34	5	1.785	0	0	-1.049
34	5	0.5685	1	0	-0.6025
34	5	1.757	0	0	-0.06182
34	5	2.004	0	0	0.09968
34	5	3.349	0	0	-1.065
34	5	0.4485	1	1	0.4972
34	5	4.89	1	1	-0.5605
34	5	0.8348	0	0	0.02269
34	5	0.7172	0	0	1.371
34	5	0.8588	0	0	-0.5168
34	5	5.187	1	1	0.2723
34	5	1.859	1	1	0.2057
34	5	3.556	1	1	-0.7383
34	5	0.7171	1	0	3.146
34	5	0.7467	0	0	-0.1774
34	5	5.293	0	0	0.4764
34	5	0.4829	1	0	1.356
34	5	5.202	0	0	-0.9879
34	5	5.648	1	1	-0.4326
34	5	0.7125	0	0	-0.1705
34	5	0.8841	1	0	0.5905
34	5	1.78	1	0	0.614
34	5	5.552	1	1	1.385
34	5	5.806	1	1	-1.288
34	5	1.746	1	1	2.376
35	5	0.6424	1	0	-1.013
35	5	0.971	0	0	0.009435
35	5	0.9252	1	1	0.1605
35	5	3.878	0	0	-1.076
35	5	2.097	1	1	-0.5491
35	5	3.63	1	1	-0.5647
35	5	3.718	1	1	-0.5217
35	5	0.9082	1	0	0.6856
35	5	3.456	0	0	-0.9553
35	5	5.589	1	1	-1.005
35	5	5.884	1	1	-1.267
35	5	0.6769	0	0	0.1264
35	5	0.9639	0	0	-1.234
35	5	3.682	0	0	-0.8662
35	5	3.751	0	0	-0.8549
35	5	5.419	0	0	-1.009
35	5	0.6629	0	0	-1.817
35	5	5.49	0	0	-0.4117
35	5	0.6161	1	0	-0.505
35	5	1.611	0	0	-1.96
35	5	1.734	0	0	-0.2923
35	5	5.243	0	0	-0.8697
35	5	1.977	1	1	-0.1569
35	5	1.103	1	0	0.6235
35	5	5.18	1	1	0.6978
35	5	0.3041	1	0	-0.09341
35	5	2.005	0	0	-1.05
35	5	3.686	1	1	0.3105
35	5	0.6307	0	0	-0.8686
35	5	0.4527	1	0	-0.9251
35	5	3.856	1	1	1.082
35	5	0.8333	0	0	-0.5702
35	5	1.754	1	0	0.9873
35	5	0.2522	0	0	0.3621
35	5	3.43	1	1	0.9622
35	5	5.488	0	0	-0.2336
35	5	5.222	1	1	-0.1605
35	5	1.017	1	0	-0.1143
35	5	0.481	1	0	-0.5826
35	5	0.5541	1	0	1.348
35	5	5.718	0	0	-0.05659
35	5	5.609	0	0	-0.3959
35	5	1.87	1	0	1.122
35	5	0.1784	1	0	0.2067
35	5	0.1466	1	0	0.7121
35	5	0.7616	0	0	1.672
35	5	1.516	0	0	-4.585e-06
35	5	1.793	1	1	-0.7594
35	5	1.876	0	0	-0.3297
35	5	3.651	0	0	-1.776
36	5	3.51	1	1	-0.9484
36	5	3.518	0	0	-0.2922
36	5	3.917	1	1	-0.06624
36	5	3.515	1	1	0.6962
36	5	0.48	0	0	-0.3042
36	5	3.294	0	0	-0.7053
36	5	0.6758	0	0	0.3937
36	5	0.5435	1	1	0.08879
36	5	0.5416	1	0	-1.466
36	5	0.5011	1	0	0.1164
36	5	0.6495	0	0	0.205
36	5	5.463	1	1	0.1158
36	5	0.3313	1	0	2.158
36	5	3.492	0	0	-0.9319
36	5	1.527	1	0	1.066
36	5	5.091	0	0	-1.438
36	5	1.826	0	0	-1.158
36	5	1.368	1	0	1.191
36	5	0.8047	0	0	1.914
36	5	0.6065	0	0	-0.6136
36	5	1.707	1	1	1.197
36	5	0.4637	1	0	-1.016
36	5	0.4249	1	1	1.506
36	5	5.022	1	1	-1.405
36	5	1.096	0	0	-0.4692
36	5	5.045	1	1	0.001526
36	5	4.933	0	0	0.2157
36	5	3.486	0	0	-0.346
36	5	5.705	0	0	-0.8476
36	5	0.3813	0	0	-0.4154
36	5	0.8919	1	1	1.059
36	5	2.01	0	0	-1.057
36	5	1.834	0	0	-1.595
36	5	1.36	1	1	2.497
36	5	5.468	0	0	-0.4109
36	5	5.101	1	1	0.1963
36	5	5.451	0	0	-1.012
36	5	3.564	1	1	0.2396
36	5	0.8207	1	0	0.2508
36	5	0.9073	1	1	-0.1425
36	5	3.047	1	1	0.7892
36	5	3.274	1	1	0.3389
36	5	0.6282	1	0	-0.9992
36	5	0.1859	0	0	0.6349
36	5	1.026	0	0	0.6395
36	5	1.749	0	0	-0.2631
36	5	1.885	0	0	-0.7814
36	5	5.469	1	1	-0.1074
36	5	1.802	0	0	0.1371
36	5	1.658	0	0	-1.217
37	5	3.726	0	0	-1.777
37	5	0.4691	0	1	-0.512
37	5	3.701	1	1	-0.09284
37	5	0.7135	1	1	-0.8686
37	5	1.757	0	0	-0.07991
37	5	5.298	1	1	-1.219
37	5	1.313	1	1	-0.1814
37	5	0.7735	0	0	-0.01707
37	5	3.976	1	1	-0.8755
37	5	3.375	1	1	-1.843
37	5	1.424	1	1	-0.7106
37	5	3.356	0	0	-1.498
37	5	5.153	0	0	-1.463
37	5	1.777	0	0	-0.3141
37	5	1.942	1	1	0.2826
37	5	1.641	1	0	1.939
37	5	0.9708	1	1	-0.208
37	5	5.181	0	0	-0.118
37	5	0.4764	0	0	-1.027
37	5	1.825	0	0	0.9795
37	5	0.7388	0	0	0.5092
37	5	1.969	1	1	0.5894
37	5	3.633	0	0	-0.8699
37	5	3.363	1	1	-0.07806
37	5	0.9991	0	0	0.4446
37	5	0.5903	1	1	-0.159
37	5	0.4907	1	0	-0.9618
37	5	0.6404	1	0	0.973
37	5	1.429	1	1	-0.5673
37	5	0.2762	1	1	1.499
37	5	5.573	0	0	0.2508
37	5	5.147	1	1	0.783
37	5	3.65	0	0	-0.7931
37	5	1.842	0	0	-0.2254
37	5	5.42	0	0	-0.6907
37	5	0.8312	0	0	-0.4829
37	5	3.169	1	1	1.02
37	5	1.092	0	0	-0.1414
37	5	0.3417	1	0	0.8294
37	5	5.639	1	1	-0.2539
37	5	2.192	1	1	0.238
37	5	5.167	0	0	-0.0907
37	5	0.6984	0	0	0.1989
37	5	0.9143	1	1	1.972
37	5	1.221	0	1	0.5512
37	5	0.4499	0	0	0.5468
37	5	5.57	1	1	0.06393
37	5	3.563	0	0	-1.907
37	5	5.491	0	0	-0.6871
37	5	0.852	0	0	0.1863
38	5	5.733	1	1	-1.336
38	5	0.4504	0	1	-0.2153
38	5	2.112	1	1	-0.6513
38	5	0.566	0	1	1.132
38	5	0.7953	0	0	-1.188
38	5	3.715	0	0	-0.9906
38	5	0.8031	1	1	-0.1855
38	5	1.799	1	1	1.069
38	5	5.232	0	0	-0.3032
38	5	1.975	1	1	1.397
38	5	0.6483	0	0	-0.5321
38	5	3.571	0	0	0.4111
38	5	0.3601	1	1	-0.3256
38	5	3.281	1	1	-0.1908
38	5	0.9413	0	0	-0.4037
38	5	0.4214	1	1	2.546
38	5	0.3964	1	0	0.8515
38	5	1.015	0	1	-0.3401
38	5	0.4247	1	0	-0.001799
38	5	0.4685	0	1	-0.04728
38	5	0.8811	1	1	-0.1407
38	5	0.5094	0	1	-0.6849
38	5	3.298	0	0	0.6276
38	5	3.606	1	1	-1.364
38	5	5.394	1	1	0.3563
38	5	3.656	1	1	-2.089
38	5	0.4918	0	1	1.007
38	5	2.088	0	0	-1.591
38	5	0.6859	0	1	-0.9468
38	5	1.747	0	0	1.655
38	5	3.528	0	0	0.1212
38	5	5.209	0	0	-0.2256
38	5	3.513	0	0	-0.2229
38	5	1.02	1	1	-0.0928
38	5	1.772	1	1	-0.7014
38	5	0.8378	1	1	-0.79
38	5	5.113	1	1	-0.3534
38	5	1.568	1	1	1.207
38	5	5.452	0	0	0.7916
38	5	5.283	0	0	-0.9786
38	5	3.389	1	1	-0.2738
38	5	0.8669	1	1	0.7669
38	5	1.792	1	1	-0.07395
38	5	1.098	1	0	1.911
38	5	4.877	0	0	-0.939
38	5	1.501	1	1	0.01957
38	5	5.342	1	1	-1.031
38	5	3.476	0	0	-1.053
38	5	2.025	0	0	-0.5567
38	5	5.639	1	1	-1.064
39	5	0.9903	1	1	-0.9589
39	5	1.16	1	1	-0.4353
39	5	3.788	1	1	-0.6692
39	5	5.349	0	0	-0.9805
39	5	0.2141	0	1	0.4302
39	5	5.522	1	1	-0.4655
39	5	3.787	0	0	-0.3873
39	5	0.736	0	0	-0.7633
39	5	3.747	1	1	-1.096
39	5	4.071	1	1	-0.7432
39	5	2.211	1	1	0.1007
39	5	3.779	0	0	0.4967
39	5	5.572	0	0	-0.4128
39	5	4.968	0	0	0.7608
39	5	0.2143	1	1	-0.3636
39	5	0.6494	0	1	-0.3594
39	5	1.764	1	1	-0.5974
39	5	1.762	1	1	-0.9263
39	5	5.549	1	1	-0.8894
39	5	3.348	1	1	-0.8092
39	5	0.09221	0	0	-0.7761
39	5	1.718	1	1	-0.2983
39	5	0.2802	0	0	-1.193
39	5	5.205	0	0	0.6988
39	5	1.946	1	1	0.8175
39	5	1.096	0	0	-0.2999
39	5	0.1364	0	0	-0.1369
39	5	0.2921	0	0	0.1353
39	5	3.869	0	0	0.9423
39	5	1.453	1	1	-0.5084
39	5	3.89	1	1	-1.045
39	5	5.417	1	1	-1.476
39	5	1.893	0	0	-1.392
39	5	1.033	1	0	1.029
39	5	1.114	1	1	-1.426
39	5	3.413	0	0	0.2574
39	5	0.3874	0	0	-0.2407
39	5	1.511	0	0	0.5716
39	5	5.225	0	0	1.286
39	5	0.7316	1	1	1.059
39	5	0.9078	1	1	-0.4439
39	5	5.715	1	1	-0.5753
39	5	5.563	0	0	0.08243
39	5	1.599	1	1	0.8339
39	5	0.678	0	1	0.8425
39	5	3.467	0	0	1.246
39	5	0.7783	1	0	2.069
39	5	0.5575	0	0	0.7401
39	5	1.537	1	0	0.4619
39	5	1.124	1	1	-0.5783
40	6	1.76	1	1	-1.038
40	6	0.9236	1	1	0.8921
40	6	3.507	0	0	-0.4364
40	6	5.448	0	0	-1.616
40	6	3.75	0	0	-1.135
40	6	0.5829	0	1	0.03727
40	6	1.17	0	0	-0.957
40	6	5.215	1	1	-0.585
40	6	2.048	1	1	-1.179
40	6	1.021	0	1	-0.2549
40	6	3.502	0	0	-1.158
40	6	3.514	1	1	-0.123
40	6	0.6265	0	1	-0.3367
40	6	1.372	0	0	-0.2208
40	6	0.4528	0	0	1.277
40	6	1.841	0	1	0.9333
40	6	0.9766	1	0	1.669
40	6	1.549	1	1	1.166
40	6	0.4677	0	0	1.216
40	6	5.37	1	1	-1.014
40	6	4.894	1	1	-0.6952
40	6	1.683	0	0	-0.4605
40	6	0.4186	1	1	0.5371
40	6	0.5077	1	1	0.5649
40	6	0.5652	1	1	1.546
40	6	5.37	0	0	0.7353
40	6	0.5635	0	0	-0.26
40	6	0.9404	0	0	-0.3501
40	6	1.805	1	1	-0.3487
40	6	5.235	0	0	-1.136
40	6	0.03028	1	0	-0.8695
40	6	0.7691	0	0	-1.045
40	6	2.175	1	1	-1.03
40	6	3.677	0	0	-0.5795
40	6	0.3923	0	1	-0.9804
40	6	3.482	1	1	-1.127
40	6	0.5029	1	1	-0.2804
40	6	3.772	1	1	-1.322
40	6	3.585	1	1	-0.4557
40	6	0.8138	0	0	0.5006
40	6	5.517	1	1	-0.2777
40	6	1.2	1	1	-0.9834
40	6	4.022	1	1	-0.7088
40	6	5.345	0	0	-1.481
40	6	0.7309	0	0	-2.256
40	6	0.5258	1	1	-1.857
40	6	5.403	0	0	-0.2063
40	6	3.53	0	0	-1.097
40	6	5.346	1	1	1.85
40	6	1.678	0	1	-0.3226
41	6	5.734	0	0	-2.072
41	6	5.475	1	1	-1.435
41	6	0.5408	1	1	1.233
41	6	1.014	0	1	-0.7199
41	6	1.367	0	1	1.148
41	6	3.512	0	0	-0.1862
41	6	1.496	0	0	0.05536
41	6	1.169	0	0	-1.442
41	6	0.4088	0	0	-0.5409
41	6	0.4479	1	1	-0.5438
41	6	2.047	0	0	-0.3527
41	6	1.548	1	1	-0.9859
41	6	0.4819	1	1	0.4313
41	6	5.606	1	1	-0.1817
41	6	1.731	0	0	0.3344
41	6	1.25	1	1	-0.3001
41	6	1.12	0	1	-0.627
41	6	4.903	0	0	-0.3481
41	6	0.6786	1	1	-0.8069
41	6	3.592	0	0	-0.9424
41	6	0.5686	1	1	-0.4496
41	6	5.56	0	0	-0.3904
41	6	3.755	1	1	-0.5668
41	6	1.703	1	1	1.153
41	6	0.5975	1	1	-1.647
41	6	5.151	1	1	-0.8872
41	6	1.79	0	0	0.5433
41	6	3.563	0	0	-0.02462
41	6	3.72	0	0	-0.298
41	6	5.177	1	1	0.05701
41	6	3.47	1	1	-0.6782
41	6	0.6731	1	1	0.295
41	6	3.488	0	0	-0.7245
41	6	0.4856	1	1	-0.1218
41	6	5.538	1	1	1.327
41	6	0.8489	0	0	0.4101
41	6	1.703	0	0	1.938
41	6	5.334	0	0	0.8191
41	6	3.317	1	1	-0.09277
41	6	1.586	0	0	-1.022
41	6	0.8502	1	1	0.5076
41	6	0.4958	1	1	0.01071
41	6	2.072	0	0	-0.668
41	6	3.571	0	0	-0.2571
41	6	0.7788	0	1	-0.04325
41	6	0.9867	1	1	0.1536
41	6	5.226	0	0	0.3511
41	6	3.485	1	1	-0.3515
41	6	0.5198	1	0	-0.695
41	6	0.8582	1	0	0.3021
42	6	0.2497	1	1	-1.346
42	6	0.8468	0	0	-0.6178
42	6	0.6064	1	1	0.3247
42	6	1.383	1	1	-0.5339
42	6	1.185	0	0	-0.5871
42	6	1.903	1	1	-0.003722
42	6	0.8094	1	1	1.119
42	6	1.667	0	0	0.4264
42	6	0.1238	0	1	-1.076
42	6	3.792	1	1	-0.2182
42	6	5.037	1	1	-0.6344
42	6	1.991	1	1	-1.024
42	6	1.75	0	0	-0.05672
42	6	0.7292	0	0	-0.2265
42	6	0.7885	1	1	0.008386
42	6	3.808	1	1	0.6078
42	6	3.808	1	1	-0.2437
42	6	5.567	0	0	-1.782
42	6	3.387	0	0	0.06037
42	6	5.17	1	1	-0.2194
42	6	5.18	1	1	-0.7776
42	6	3.183	0	0	-1.97
42	6	5.379	1	1	-0.009406
42	6	1.322	0	0	-0.4081
42	6	1.444	0	0	0.1106
42	6	4.991	0	0	-1.147
42	6	0.442	1	0	0.2581
42	6	1.576	0	0	-0.565
42	6	1.166	1	1	0.2097
42	6	1.962	1	1	-0.01804
42	6	3.68	1	1	-0.02802
42	6	0.6885	0	0	-0.1904
42	6	5.791	0	0	-0.4306
42	6	0.3945	0	1	-1.151
42	6	5.236	0	0	0.3539
42	6	1.415	1	1	-1.385
42	6	1.335	1	1	0.09682
42	6	0.6128	0	1	-0.6979
42	6	0.2177	0	1	-0.2402
42	6	0.3476	1	1	-0.8949
42	6	3.727	1	1	0.2969
42	6	0.3313	1	1	-1.015
42	6	3.537	0	0	-0.9919
42	6	5.414	0	0	-0.7434
42	6	0.2617	1	0	-0.01668
42	6	3.655	0	0	0.6796
42	6	1.451	0	1	1.297
42	6	0.3963	1	1	0.09461
42	6	5.853	0	0	-0.8121
42	6	3.131	0	0	0.3849
43	6	2.019	1	1	-1.582
43	6	0.3122	1	1	-0.8702
43	6	0.9935	1	1	-0.1139
43	6	0.8972	0	0	0.307
43	6	5.45	0	0	-0.05017
43	6	3.816	1	1	-0.6851
43	6	3.161	0	0	-0.2754
43	6	0.6428	0	1	-0.1309
43	6	5.315	0	0	-0.3218
43	6	0.5374	1	1	1.191
43	6	1.996	1	1	-1.01
43	6	4.113	1	1	-0.9847
43	6	0.8165	1	1	-0.9769
43	6	1.621	0	0	-0.379
43	6	3.43	1	1	0.7146
43	6	1.934	0	0	-0.9696
43	6	2.095	1	1	-0.6249
43	6	5.126	1	1	0.198
43	6	5.316	1	1	-1.031
43	6	3.841	1	1	-0.4377
43	6	0.9021	0	0	-0.5432
43	6	3.813	1	1	-0.5349
43	6	0.6908	1	1	-0.365
43	6	1.789	0	0	-0.9029
43	6	3.884	1	1	-0.2153
43	6	3.17	0	0	-0.4674
43	6	1.817	0	0	-0.09566
43	6	0.04742	1	1	-0.02991
43	6	0.7152	0	1	0.6313
43	6	1.694	1	1	0.4975
43	6	0.7142	1	1	0.1432
43	6	0.3354	0	0	0.03745
43	6	0.3719	1	1	0.5363
43	6	5.645	1	1	0.1679
43	6	1.673	0	0	-0.6821
43	6	5.32	0	0	-0.4162
43	6	0.8403	1	1	0.1739
43	6	0.183	1	1	-0.6721
43	6	0.5542	1	1	-1.258
43	6	5.265	0	0	-0.07233
43	6	5.234	0	0	-1.32
43	6	2.097	1	1	-0.4772
43	6	3.334	0	0	-0.9675
43	6	0.9872	0	0	-1.34
43	6	0.1197	0	0	0.3549
43	6	5.452	0	0	-0.6157
43	6	0.2376	0	0	0.8138
43	6	3.554	0	0	-0.3252
43	6	5.463	1	1	-0.3461
43	6	0.7331	0	0	-0.7809
44	6	3.637	1	1	-2.804
44	6	1.58	0	0	0.6631
44	6	1.853	0	0	0.6272
44	6	0.8824	1	1	0.2709
44	6	0.6188	0	0	0.8006
44	6	3.365	0	0	-0.6267
44	6	5.55	1	1	0.2258
44	6	3.729	1	1	-0.9928
44	6	5.438	1	1	-0.3815
44	6	0.9953	0	0	-0.4443
44	6	0.9166	0	0	0.9468
44	6	1.87	0	0	-1.079
44	6	0.7252	0	0	-0.8537
44	6	1.895	1	1	0.6409
44	6	0.7055	1	1	-0.2932
44	6	0.5165	1	0	-0.5836
44	6	1.784	1	1	0.002504
44	6	1.755	0	0	0.3265
44	6	0.3361	1	1	-0.09362
44	6	1.661	1	1	-0.03714
44	6	5.38	1	1	-1.13
44	6	0.2217	1	0	1.068
44	6	3.441	1	1	-0.5604
44	6	3.534	0	0	0.882
44	6	0.5228	0	1	1.348
44	6	5.488	1	1	-0.2696
44	6	5.139	0	0	-0.1859
44	6	3.356	1	1	-0.3424
44	6	3.426	1	1	0.8425
44	6	5.443	0	0	0.09232
44	6	3.679	0	0	0.2502
44	6	2.042	0	0	0.5018
44	6	1.661	0	0	0.2942
44	6	0.6222	1	1	1.222
44	6	0.5919	1	0	0.5905
44	6	0.9328	0	0	0.7694
44	6	1.105	1	1	1.687
44	6	1.744	1	0	1.951
44	6	3.568	0	0	-0.07683
44	6	0.3848	1	0	0.668
44	6	0.6636	0	0	0.8653
44	6	0.7534	1	1	-0.6595
44	6	5.474	0	0	-0.445
44	6	5.559	0	0	-0.2864
44	6	1.113	0	1	1.911
44	6	0.7767	0	1	2.317
44	6	5.06	1	1	-0.2472
44	6	5.294	0	0	-0.5963
44	6	0.8579	1	1	0.4274
44	6	3.658	1	1	-1.393
45	6	0.3621	1	1	-1.518
45	6	0.3857	0	1	0.336
45	6	0.8045	0	1	1.257
45	6	0.7265	1	1	0.03892
45	6	5.51	1	1	-0.9075
45	6	5.462	0	0	-0.8372
45	6	3.509	1	1	-0.8185
45	6	1.947	1	1	0.2864
45	6	3.945	0	0	-0.1325
45	6	0.3938	0	0	-0.408
45	6	3.51	0	0	-0.3689
45	6	3.257	0	0	-0.9316
45	6	5.293	1	1	-2.042
45	6	1.071	1	1	-0.6966
45	6	3.548	1	1	0.4466
45	6	5.241	1	1	-0.3293
45	6	2.108	0	1	1.087
45	6	3.469	1	1	-0.9256
45	6	3.621	0	0	-1.265
45	6	1.517	1	1	1.14
45	6	2.2	0	0	0.04889
45	6	3.375	1	1	-1.694
45	6	0.7107	0	1	-0.4426
45	6	0.7503	1	1	1.52
45	6	5.519	0	0	0.1745
45	6	1.81	0	0	-1.199
45	6	0.735	1	1	0.5958
45	6	5.292	0	0	-1.791
45	6	0.7909	0	0	0.471
45	6	3.411	0	0	0.02918
45	6	1.045	1	1	-0.1079
45	6	0.3219	1	0	-0.5552
45	6	1.697	1	1	0.08942
45	6	0.4852	1	1	-0.01287
45	6	0.4203	0	1	0.5969
45	6	5.603	0	0	-0.02209
45	6	3.525	0	0	-0.759
45	6	0.9388	1	1	2.855
45	6	0.685	1	1	1.998
45	6	0.1257	0	0	1.203
45	6	5.652	1	1	-1.473
45	6	2.148	1	1	0.2735
45	6	0.965	1	1	1.487
45	6	2.047	1	1	-0.8664
45	6	5.65	0	0	-1.092
45	6	0.7721	0	0	0.5428
45	6	5.126	0	0	-0.286
45	6	0.5546	0	1	-0.1188
45	6	0.7578	0	0	-2.504
45	6	1.896	1	0	0.7221
46	6	3.572	1	1	-1.382
46	6	3.602	0	0	-0.7127
46	6	3.198	0	0	-1.785
46	6	0.6404	0	0	0.2145
46	6	1.241	1	1	-0.6126
46	6	3.768	1	1	0.0336
46	6	5.455	0	0	-0.9601
46	6	5.279	0	0	-0.08136
46	6	3.561	0	0	-0.2789
46	6	0.4619	0	0	-0.1351
46	6	0.4546	1	1	-0.07289
46	6	0.3807	1	1	-0.02745
46	6	5.582	1	1	-0.4697
46	6	0.8456	1	1	0.298
46	6	0.4542	1	1	-1.162
46	6	0.3225	1	1	-0.9818
46	6	2.075	0	0	-0.8684
46	6	0.3008	0	1	0.1835
46	6	0.5904	1	1	0.6884
46	6	5.368	0	0	-0.866
46	6	3.542	1	1	-0.3004
46	6	0.4972	0	1	-0.255
46	6	5.037	1	1	-0.6262
46	6	3.495	1	1	-0.4424
46	6	5.2	0	0	-1.438
46	6	1.106	0	0	0.6442
46	6	1.87	0	0	-0.5621
46	6	0.3301	1	0	0.9213
46	6	3.429	0	0	-0.6268
46	6	5.292	1	1	-0.2691
46	6	1.841	0	0	1.649
46	6	3.641	0	0	0.4462
46	6	0.401	0	1	-0.01098
46	6	5.407	0	0	-0.6281
46	6	5.564	1	1	-0.8421
46	6	3.939	1	1	0.4283
46	6	0.7356	1	0	1.435
46	6	1.668	0	0	-0.1803
46	6	1.169	0	0	-0.4485
46	6	5.612	1	1	-0.3904
46	6	1.093	1	1	-0.5448
46	6	1.602	0	0	-0.484
46	6	1.791	1	1	-1.016
46	6	1.79	0	0	-0.6813
46	6	1.638	1	1	-0.3815
46	6	1.824	0	0	0.8776
46	6	0.9261	1	1	0.7283
46	6	0.7353	1	1	-0.44
46	6	0.6397	0	1	-0.4144
46	6	1.813	0	0	0.617
47	6	1.027	0	0	-1.623
47	6	3.654	1	1	-1.061
47	6	0.6952	0	0	-0.08875
47	6	5.584	1	1	-0.8736
47	6	5.451	1	1	-0.9657
47	6	3.973	1	1	-0.5629
47	6	0.6572	1	0	0.3544
47	6	0.7031	0	0	0.6523
47	6	3.41	1	1	0.6158
47	6	1.895	0	1	-1.606
47	6	0.5272	1	1	1.443
47	6	2.103	0	0	-0.05181
47	6	1.864	0	0	-1.431
47	6	5.039	0	0	-0.7151
47	6	0.7451	0	0	1.541
47	6	1.038	0	0	-0.7067
47	6	0.5478	0	0	-0.6421
47	6	3.624	0	0	-0.5903
47	6	3.763	0	0	-0.2488
47	6	1.087	1	1	-1.511
47	6	0.8853	0	0	-1.215
47	6	1.811	0	0	-0.07594
47	6	3.697	0	0	0.1009
47	6	0.5171	1	0	0.3038
47	6	0.3672	1	1	-1.02
47	6	0.3981	0	0	0.6222
47	6	5.27	0	0	-1.445
47	6	0.753	1	1	0.05683
47	6	0.7353	0	1	-1.522
47	6	5.651	0	0	-0.9653
47	6	5.398	0	0	-1.161
47	6	5.225	1	1	-0.0007276
47	6	1.806	1	0	1.717
47	6	3.81	0	0	-0.4424
47	6	1.894	1	1	-1.555
47	6	5.035	0	0	-0.8828
47	6	1.081	1	0	-1.983
47	6	0.7894	1	1	0.5969
47	6	0.4515	0	0	2.101
47	6	1.581	1	1	0.1735
47	6	1.759	1	1	1.936
47	6	5.492	1	1	-0.537
47	6	0.7863	1	0	1.899
47	6	0.5485	1	0	-0.3826
47	6	5.633	1	1	0.6379
47	6	3.68	0	0	0.5925
47	6	3.334	1	1	-0.3484
47	6	1.74	1	1	0.5055
47	6	1.813	0	0	-0.9328
47	6	3.903	1	1	0.2356
48	6	0.7217	1	1	-0.6106
48	6	1.956	0	0	-0.2567
48	6	3.332	0	0	0.3974
48	6	0.89	0	1	2.14
48	6	3.73	0	0	-2.031
48	6	3.54	1	1	-0.7886
48	6	5.316	0	0	-0.6604
48	6	3.774	0	0	-0.1386
48	6	1.462	1	1	-0.6906
48	6	1.012	1	1	1.559
48	6	1.721	1	1	-0.1152
48	6	3.467	0	1	0.5684
48	6	1.05	0	0	-1.291
48	6	0.5102	0	0	1.502
48	6	0.7236	1	1	-0.2893
48	6	1.033	1	1	0.925
48	6	0.02129	0	1	-0.3392
48	6	0.4346	1	0	0.04711
48	6	0.863	1	1	-0.002141
48	6	3.845	1	1	0.3558
48	6	5.629	0	0	-1.125
48	6	0.8998	0	1	-0.635
48	6	0.5511	0	1	0.1044
48	6	1.68	0	0	-1.386
48	6	1.633	1	1	-0.2073
48	6	1.78	1	1	-1.276
48	6	5.378	0	0	-1.443
48	6	1.913	1	1	1.1
48	6	3.623	1	1	0.1515
48	6	5.747	0	0	-1.235
48	6	3.534	0	1	-0.796
48	6	0.2433	1	1	0.007367
48	6	2.023	1	0	-0.7178
48	6	5.404	0	0	-0.02533
48	6	5.428	0	0	-1.146
48	6	0.8246	1	1	0.2533
48	6	0.5423	0	1	-0.3329
48	6	5.511	1	1	-0.6617
48	6	0.2013	0	1	0.3331
48	6	3.282	1	1	-1.035
48	6	3.63	1	1	-0.6025
48	6	2.359	1	1	-0.4836
48	6	1.943	1	1	-0.9359
48	6	0.9563	1	1	-0.5542
48	6	5.147	0	0	-0.3562
48	6	0.8136	1	1	0.416
48	6	0.5333	0	1	-0.8102
48	6	5.257	0	0	-0.9796
48	6	5.497	1	1	0.606
48	6	0.6244	0	0	-0.5327
49	6	0.03975	1	1	-1.543
49	6	0.2636	0	1	-0.2003
49	6	2.116	1	1	0.3588
49	6	5.314	1	1	-0.7254
49	6	3.527	0	0	-0.4948
49	6	0.6299	1	0	-0.7984
49	6	1.581	1	1	0.3537
49	6	5.206	1	1	0.2287
49	6	0.7601	1	0	-0.8001
49	6	3.834	1	1	-1.974
49	6	5.399	0	0	-1.133
49	6	1.386	1	1	-0.3277
49	6	1.529	0	0	-0.6164
49	6	3.446	0	0	-1.564
49	6	5.479	0	0	-1.225
49	6	3.82	0	1	-1.384
49	6	1.115	0	0	-0.7816
49	6	3.812	1	1	-0.6482
49	6	1.601	0	0	-1.156
49	6	4.946	0	0	-1.571
49	6	0.3853	0	0	-0.7186
49	6	4.113	0	0	-1.061
49	6	0.4823	1	1	0.1428
49	6	1.672	1	1	-0.4793
49	6	4.926	0	0	-0.412
49	6	1.866	0	0	-1.252
49	6	0.811	0	1	-0.1144
49	6	0.7853	1	1	-0.2756
49	6	1.008	1	1	0.5261
49	6	0.7922	0	1	-0.3242
49	6	0.5158	1	1	0.1966
49	6	1.793	0	0	-1.014
49	6	3.477	0	0	-0.2077
49	6	3.394	1	1	-0.1246
49	6	0.8555	1	1	-0.6541
49	6	0.3586	0	1	-0.4661
49	6	5.517	0	0	-1.087
49	6	0.6241	0	1	-0.01208
49	6	3.742	1	1	0.4884
49	6	1.189	1	0	-0.2335
49	6	3.265	1	1	0.2253
49	6	5.409	1	1	-0.7275
49	6	0.6469	1	1	0.8085
49	6	0.537	1	1	-0.2638
49	6	5.318	0	0	-1.254
49	6	5.512	1	1	-0.5961
49	6	0.6016	0	0	-0.5031
49	6	2.014	1	1	2.054
49	6	0.7307	0	1	0.2092
49	6	2.031	1	1	-0.5488
