0	2	1.674	1	0	0.7884
0	2	5.564	1	1	0.4559
0	2	0.9839	0	0	-0.2534
0	2	1.463	0	0	-0.3224
0	2	3.396	0	0	0.3656
0	2	1.884	0	1	0.437
0	2	1.547	1	1	-2.049
0	2	5.554	0	0	-0.5097
0	2	1.437	1	1	1.163
0	2	0.2841	1	0	-0.8582
0	2	0.637	1	0	0.2632
0	2	1.905	0	0	-1.277
0	2	1.981	0	0	0.6047
0	2	0.5864	1	0	-0.3024
0	2	5.497	1	1	-0.6926
0	2	0.6675	1	0	-0.2253
0	2	3.717	1	1	0.07475
0	2	0.5901	0	1	0.7307
0	2	5.033	0	0	-0.426
0	2	5.517	0	0	-2.029
0	2	0.7312	1	0	-0.3207
0	2	5.533	1	1	1.317
0	2	1.692	0	0	-1.227
0	2	1.65	0	0	0.1057
0	2	5.172	0	0	-0.2883
0	2	0.7141	1	1	0.5297
0	2	0.9792	1	0	1.37
0	2	3.623	1	1	0.954
0	2	5.486	1	1	0.4019
0	2	3.42	0	0	0.6443
0	2	0.3586	1	0	-0.5614
0	2	3.412	0	0	-3.067
0	2	3.49	1	1	-0.5672
0	2	1.16	0	0	-0.1696
0	2	3.329	1	1	-1.45
0	2	1.042	1	1	-0.5911
0	2	3.426	1	1	-1.209
0	2	3.23	0	0	0.707
0	2	1.843	1	0	0.6964
0	2	0.5015	1	0	0.05562
0	2	0.38	0	0	1.233
0	2	1.433	1	0	0.6974
0	2	0.4156	0	0	2.1
0	2	5.604	1	1	-0.9488
0	2	5.022	0	0	0.4883
0	2	0.8063	0	1	2.422
0	2	0.2366	0	0	0.4285
0	2	3.858	0	0	0.04664
0	2	1.872	0	0	0.4191
0	2	1.092	1	0	0.892
1	2	4.993	0	0	-0.4102
1	2	3.539	0	0	0.5068
1	2	1.825	1	0	0.6371
1	2	1.72	1	1	-0.5126
1	2	5.497	0	0	-0.9289
1	2	0.5486	1	0	-0.3712
1	2	5.434	0	0	0.2413
1	2	1.808	0	0	2.235
1	2	1.775	1	1	-1.248
1	2	5.361	1	1	-0.1392
1	2	0.5211	0	0	-0.3001
1	2	0.5859	0	0	1.372
1	2	0.7957	1	0	1.826
1	2	5.769	1	1	0.5585
1	2	3.355	1	1	-1.026
1	2	0.4328	0	0	1.165
1	2	0.6265	1	0	0.4089
1	2	0.8524	1	0	0.9617
1	2	0.9652	0	0	0.5748
1	2	1.7	0	0	-0.7982
1	2	3.704	0	0	0.8708
1	2	0.716	1	0	0.3259
1	2	3.212	1	1	-0.5165
1	2	3.35	0	0	0.4636
1	2	0.313	0	0	1.459
1	2	5.53	1	1	-0.009533
1	2	1.985	1	1	1.589
1	2	5.078	0	0	0.5649
1	2	0.993	1	1	0.1278
1	2	0.2693	1	0	0.8236
1	2	3.808	0	0	-1.407
1	2	1.957	1	1	-0.8495
1	2	5.232	1	1	0.8262
1	2	3.553	1	1	1.31
1	2	1.054	1	0	1.269
1	2	5.534	0	0	0.5853
1	2	0.5626	0	1	-0.3176
1	2	3.495	0	0	-1.092
1	2	1.024	1	0	2.359
1	2	1.458	1	1	-0.5333
1	2	0.2274	0	0	-1.567
1	2	0.1918	1	0	-1.942
1	2	5.246	0	0	0.1341
1	2	3.545	1	1	0.9505
1	2	1.752	1	1	-1.233
1	2	0.7133	0	0	-0.02596
1	2	0.8792	0	0	-0.8947
1	2	0.8038	0	1	-0.8771
1	2	1.902	0	0	-2.238
1	2	3.41	1	1	0.7052
2	2	0.699	1	1	0.735
2	2	5.495	0	0	0.9464
2	2	0.8522	1	1	0.3172
2	2	3.524	0	0	-1.48
2	2	3.085	1	1	0.7092
2	2	5.13	0	0	-0.6035
2	2	0.7186	0	0	0.8182
2	2	0.6591	1	1	0.7425
2	2	1.966	1	0	1.225
2	2	0.8864	0	0	-0.7909
2	2	0.2719	0	0	-0.8309
2	2	0.9854	0	0	2.462
2	2	0.7567	0	1	2.296
2	2	3.541	0	0	0.2191
2	2	1.826	1	1	0.7328
2	2	5.594	0	0	0.6276
2	2	5.297	1	1	-0.06123
2	2	0.4141	1	1	-0.2438
2	2	5.216	1	1	1.482
2	2	5.362	0	0	-2.923
2	2	3.556	1	1	0.2116
2	2	0.5454	1	0	-1.448
2	2	5.573	0	0	-0.8664
2	2	1.504	0	0	-0.3455
2	2	2.097	1	1	-0.008212
2	2	3.047	1	1	0.6505
2	2	0.7628	0	0	-0.2777
2	2	1.669	0	0	0.4151
2	2	5.139	0	0	0.6179
2	2	0.3761	1	1	0.2671
2	2	1.902	0	0	1.925
2	2	3.605	1	1	0.7755
2	2	3.596	1	1	-0.1298
2	2	3.526	1	1	1.116
2	2	1.637	0	0	0.5987
2	2	0.4655	1	0	0.9077
2	2	1.835	0	0	-6.872e-07
2	2	3.449	0	0	-1.016
2	2	0.6998	0	0	-0.8321
2	2	5.35	0	0	-0.1773
2	2	0.8198	1	0	-0.3709
2	2	1.161	1	1	-0.4687
2	2	1.711	1	1	1.094
2	2	0.8904	1	0	1.599
2	2	3.529	0	0	-1.987
2	2	0.5772	0	0	-0.2535
2	2	1.69	0	0	1.558
2	2	0.9257	1	1	2.264
2	2	5.378	1	1	-0.02776
2	2	0.3727	0	0	-0.9834
3	2	0.2536	0	0	3.129
3	2	5.229	0	0	-0.751
3	2	3.754	1	1	-0.1141
3	2	5.047	1	1	0.4436
3	2	0.9455	1	0	1.309
3	2	3.303	1	1	-1.504
3	2	1.89	0	0	0.644
3	2	1.835	0	0	0.7826
3	2	3.417	0	0	-1.167
3	2	0.3253	0	0	0.6758
3	2	5.281	0	0	-0.1601
3	2	3.661	1	1	0.5577
3	2	0.8772	1	0	0.3351
3	2	0.762	1	0	0.7036
3	2	3.17	0	0	-0.6713
3	2	1.442	0	0	-1.48
3	2	0.9951	0	0	0.4843
3	2	1.34	0	0	-0.7652
3	2	1.978	0	0	-0.1801
3	2	0.1433	1	1	0.7719
3	2	0.5293	1	1	1.051
3	2	3.521	0	0	0.05513
3	2	0.5962	1	0	-0.4238
3	2	1.795	1	1	-0.2205
3	2	3.98	0	0	-0.04926
3	2	0.4916	1	0	-0.7815
3	2	1.724	1	1	1.7
3	2	5.496	1	1	-1.154
3	2	5.365	1	1	0.3832
3	2	1.059	0	0	1.095
3	2	0.6584	0	1	-0.233
3	2	0.8942	1	0	0.4125
3	2	0.4815	1	1	0.1253
3	2	0.1422	0	1	1.66
3	2	0.7485	1	0	-0.125
3	2	3.393	0	0	0.3532
3	2	1.668	0	0	-0.2864
3	2	5.109	0	0	0.584
3	2	0.5202	1	0	1.308
3	2	5.501	0	0	0.4151
3	2	1.396	1	1	-0.346
3	2	1.438	1	1	-0.2901
3	2	1.244	0	0	0.1287
3	2	1.944	1	1	2.626
3	2	5.393	1	1	0.2032
3	2	5.113	0	0	0.5829
3	2	0.5637	1	0	0.9553
3	2	3.481	0	0	-0.08826
3	2	5.292	1	1	-0.4646
3	2	3.526	0	0	1.916
4	2	0.6566	0	0	1.658
4	2	3.712	1	0	-0.2206
4	2	5.046	0	0	-0.169
4	2	1.228	1	0	0.9442
4	2	0.9818	1	0	-0.3437
4	2	3.926	1	1	-0.5438
4	2	3.503	0	0	-0.06653
4	2	5.32	0	0	-1.092
4	2	4.912	0	0	0.2837
4	2	1.816	0	0	1.166
4	2	5.288	0	0	-0.2239
4	2	0.5359	0	0	-0.0003228
4	2	0.5032	0	0	0.7469
4	2	3.812	0	0	-0.4528
4	2	4.962	1	1	0.2859
4	2	3.415	0	0	0.3649
4	2	5.226	1	1	0.5181
4	2	3.717	1	1	-0.3016
4	2	1.648	0	0	-0.02013
4	2	1.044	0	0	1.783
4	2	1.845	1	1	2.162
4	2	1.131	0	0	1.316
4	2	0.5905	1	0	0.02477
4	2	0.996	1	1	0.1108
4	2	1.56	1	0	0.3549
4	2	3.398	1	1	0.3423
4	2	0.2151	1	0	-0.4233
4	2	5.069	1	1	0.5142
4	2	5.602	1	1	0.8933
4	2	1.664	0	0	-0.2468
4	2	1.904	0	0	-0.3203
4	2	1.045	1	0	-0.7948
4	2	0.4669	1	0	0.7213
4	2	0.4388	0	0	3.166
4	2	5.479	1	1	-0.5707
4	2	0.8423	1	0	-0.4114
4	2	1.677	1	1	0.3206
4	2	0.2103	0	0	0.8838
4	2	1.036	0	0	-0.1694
4	2	3.705	0	0	-0.806
4	2	1.576	1	1	-0.3955
4	2	0.3302	0	0	1.347
4	2	1.816	1	0	-0.8269
4	2	0.7847	1	0	-1.572
4	2	0.3111	0	0	-0.2315
4	2	1.045	1	1	0.6263
4	2	3.841	0	0	1.525
4	2	3.575	0	0	-0.09665
4	2	5.592	1	1	1.282
4	2	1.643	0	0	-0.09208
5	2	1.209	1	1	1.821
5	2	1.586	0	0	0.4423
5	2	0.7397	1	1	-0.3738
5	2	0.7645	0	0	-0.7495
5	2	5.493	1	1	0.3502
5	2	0.6297	0	0	-0.7208
5	2	3.904	1	1	-0.4037
5	2	4.992	0	0	-1.056
5	2	5.466	0	0	1.126
5	2	3.358	0	0	-0.1748
5	2	2.105	0	0	0.7387
5	2	0.5291	0	0	-0.08693
5	2	1.918	1	1	0.758
5	2	5.5	1	1	-0.3326
5	2	0.9885	0	0	-0.1603
5	2	1.807	1	1	-0.8625
5	2	3.244	1	1	-2.241
5	2	3.827	0	0	-2.239
5	2	3.44	0	0	-0.2368
5	2	5.467	1	1	-1.256
5	2	5.382	1	1	-0.7301
5	2	5.422	1	1	-0.831
5	2	1.049	1	1	0.8587
5	2	1.724	1	1	-2.731
5	2	5.358	1	1	-1.071
5	2	0.9228	0	0	-1.2
5	2	5.486	0	0	-1.284
5	2	3.64	1	1	0.4496
5	2	3.555	1	1	0.2807
5	2	0.5889	1	1	0.04297
5	2	0.7503	0	0	-1.38
5	2	0.3526	1	0	-2.135
5	2	1.58	0	0	0.08554
5	2	1.139	0	0	-1.468
5	2	3.766	1	1	0.1583
5	2	3.944	1	1	0.1557
5	2	0.4709	0	1	0.6086
5	2	2.161	0	0	-0.8944
5	2	0.858	0	0	-1.435
5	2	0.351	0	0	-0.1177
5	2	0.08825	1	1	-0.05456
5	2	3.871	0	0	-0.05661
5	2	1.452	0	0	-0.1247
5	2	1.917	0	0	0.0929
5	2	5.413	1	1	-1.036
5	2	1.578	1	1	-0.2925
5	2	0.8271	1	0	1.77
5	2	0.4052	0	1	0.2956
5	2	0.5232	0	0	-0.07911
5	2	0.01863	1	0	-0.4323
6	2	2.077	1	1	-0.4272
6	2	5.38	1	1	0.9703
6	2	5.342	0	0	0.2314
6	2	1.045	0	1	0.6637
6	2	0.8288	1	1	-0.1483
6	2	1.795	0	0	0.2141
6	2	3.933	1	1	0.0818
6	2	3.474	1	1	-1.125
6	2	3.366	0	0	2.362
6	2	1.671	0	0	0.3311
6	2	0.9205	1	1	0.6532
6	2	5.51	1	1	-0.7588
6	2	1.372	1	0	0.7985
6	2	5.151	0	0	0.8842
6	2	0.5264	0	0	-0.9687
6	2	1.102	0	0	0.1891
6	2	0.5494	0	0	0.1303
6	2	1.643	1	0	0.7384
6	2	3.746	0	0	0.7594
6	2	3.672	0	0	0.342
6	2	1.84	0	0	0.3055
6	2	5.513	0	0	0.6866
6	2	5.648	0	0	0.1556
6	2	0.6544	0	0	1.2
6	2	0.9165	0	0	-0.1475
6	2	3.424	0	0	0.05291
6	2	1.732	1	1	0.5572
6	2	0.7362	1	1	-0.8684
6	2	1.872	1	0	0.2647
6	2	5.441	1	1	0.8539
6	2	3.61	0	0	-0.8564
6	2	0.5796	1	0	1.18
6	2	0.1877	0	0	0.1321
6	2	0.8274	1	0	-0.06749
6	2	1.635	0	0	0.2785
6	2	0.5128	1	0	-2.262
6	2	0.01046	0	0	0.179
6	2	0.3897	0	0	0.45
6	2	0.8645	1	0	0.6236
6	2	1.66	0	0	0.0288
6	2	3.407	1	1	0.8342
6	2	0.7215	0	0	-0.2473
6	2	0.9201	1	0	-0.8668
6	2	3.344	0	0	-0.934
6	2	4.909	1	1	-0.09909
6	2	5.677	0	0	-1.988
6	2	1.523	1	1	-0.869
6	2	1.195	1	1	0.2339
6	2	5.558	1	1	-1.247
6	2	3.424	1	1	-1.253
7	2	0.4917	1	0	3.066
7	2	1.923	1	1	-0.03897
7	2	1.702	0	0	0.333
7	2	0.7854	1	1	0.7611
7	2	3.479	1	1	0.5188
7	2	0.06733	0	0	1.934
7	2	5.366	0	0	-0.2222
7	2	3.555	0	0	-0.584
7	2	3.477	0	0	-2.12
7	2	0.5573	1	1	0.3577
7	2	0.7513	0	0	-1.306
7	2	5.638	1	1	0.2958
7	2	1.474	0	0	0.3008
7	2	0.6693	1	0	-0.4008
7	2	3.667	1	0	1.199
7	2	3.693	0	0	-1.181
7	2	0.9183	1	0	0.4191
7	2	5.282	0	0	-1.297
7	2	0.7092	0	0	-1.767
7	2	0.7403	0	0	0.4059
7	2	3.698	0	0	-1.281
7	2	1.722	0	0	-1.03
7	2	0.7237	1	0	0.05827
7	2	0.3164	0	1	-0.4408
7	2	5.166	0	0	0.862
7	2	3.745	1	1	2.201
7	2	0.8309	1	1	0.1722
7	2	1.639	0	0	1.208
7	2	0.4657	0	0	-0.3789
7	2	3.068	1	1	-0.304
7	2	0.8721	1	1	2.33
7	2	3.658	0	0	-0.1867
7	2	1.927	1	1	0.733
7	2	1.699	1	0	0.5704
7	2	0.7778	1	1	1.619
7	2	2.041	0	0	-1.806
7	2	5.358	0	0	1.057
7	2	0.8278	1	0	1.591
7	2	5.672	1	1	-0.1705
7	2	5.508	0	0	0.6231
7	2	0.4047	0	1	2.392
7	2	1.736	0	0	-0.2144
7	2	3.558	1	1	-0.3375
7	2	0.5583	1	1	-0.8852
7	2	5.632	1	1	1.285
7	2	2.076	1	0	-0.7849
7	2	5.27	1	1	-1.812
7	2	5.461	1	1	-0.7453
7	2	0.5644	0	1	-0.251
7	2	1.58	0	0	-2.56
8	2	1.562	0	0	1.347
8	2	2.199	1	0	0.3183
8	2	3.604	1	1	-0.0739
8	2	0.703	1	0	0.7016
8	2	1.524	0	0	0.4294
8	2	2.006	0	0	0.708
8	2	5.353	0	0	-0.8329
8	2	0.8114	1	1	1.752
8	2	0.5726	1	0	1.564
8	2	0.1975	0	0	-0.3727
8	2	5.554	0	0	0.8195
8	2	2.052	0	0	0.3316
8	2	0.546	1	1	0.03612
8	2	0.7826	0	0	0.1006
8	2	3.564	1	1	0.02389
8	2	0.8521	0	1	0.6583
8	2	3.748	0	0	-0.7899
8	2	0.2834	0	1	0.383
8	2	0.7298	0	0	-0.2345
8	2	5.318	0	0	-0.1583
8	2	0.1827	0	0	-0.5699
8	2	1.959	1	1	-0.1187
8	2	1.84	0	0	-0.4872
8	2	5.29	1	1	-1.707
8	2	3.486	1	1	1.514
8	2	0.1192	1	0	0.286
8	2	0.9821	0	0	-0.4565
8	2	0.3093	1	0	-1.029
8	2	3.721	0	0	-0.5771
8	2	0.5365	1	1	-0.1358
8	2	1.916	0	0	0.004245
8	2	5.482	1	1	0.002767
8	2	1.805	1	1	1.05
8	2	0.2092	1	1	2.828
8	2	5.363	0	0	-1.085
8	2	5.602	1	1	1.966
8	2	5.436	1	1	-1.48
8	2	0.3742	0	0	-1.122
8	2	0.7404	1	0	0.9719
8	2	5.425	1	1	0.3745
8	2	0.8407	1	1	0.5095
8	2	0.8286	1	1	1.118
8	2	3.4	0	0	-0.5072
8	2	3.935	1	1	-0.4648
8	2	3.478	1	1	1.279
8	2	1.864	0	0	-2.262
8	2	0.3123	1	0	-0.6452
8	2	5.595	1	1	-2.859
8	2	3.641	0	0	0.009321
8	2	3.253	0	0	-0.04216
9	2	3.546	0	0	-0.06921
9	2	1.631	0	0	-2.367
9	2	1.594	1	1	2.513
9	2	5.4	0	0	1.14
9	2	0.8533	0	0	1.209
9	2	5.669	1	1	-1.559
9	2	5.603	1	1	0.1089
9	2	0.6969	0	0	1.138
9	2	0.3363	0	0	-0.4868
9	2	0.7133	0	0	0.9427
9	2	0.7899	1	0	-0.6461
9	2	5.458	1	1	-0.547
9	2	3.68	0	0	-0.8979
9	2	0.8106	0	1	1.135
9	2	0.5521	0	0	-1.154
9	2	0.566	1	0	0.6576
9	2	3.584	0	0	-1.227
9	2	0.7682	1	1	0.7076
9	2	0.6674	1	0	0.7883
9	2	3.67	1	0	1.155
9	2	3.753	1	1	1.059
9	2	0.5039	1	0	0.6009
9	2	1.119	1	0	0.1693
9	2	2.031	0	0	-0.2386
9	2	2.061	0	0	-0.7563
9	2	0.35	1	0	-1.264
9	2	0.9676	0	0	0.583
9	2	2.211	0	0	-0.1076
9	2	1.798	0	0	0.2155
9	2	0.9884	0	0	-0.5919
9	2	3.514	0	0	-0.3551
9	2	5.263	1	1	0.04958
9	2	0.5238	0	0	0.9149
9	2	1.701	1	0	1.928
9	2	5.609	0	0	0.1992
9	2	5.092	1	1	1.529
9	2	3.898	1	1	1.158
9	2	5.424	1	1	-0.6147
9	2	5.551	1	1	0.8695
9	2	0.1141	1	0	-1.689
9	2	0.9276	0	0	-0.7032
9	2	1.195	1	0	0.5297
9	2	3.657	1	0	0.3238
9	2	3.321	0	0	-0.3932
9	2	1.952	1	0	-1.934
9	2	1.964	0	0	-1.202
9	2	3.642	1	1	0.3653
9	2	5.304	0	0	-0.5123
9	2	1.016	1	0	0.8861
9	2	2.008	1	1	1.436
10	3	3.665	0	0	0.5055
10	3	0.538	0	1	0.6164
10	3	3.39	0	0	-0.9525
10	3	3.483	1	1	-1.018
10	3	1.222	1	1	0.4641
10	3	0.7241	0	1	-1.309
10	3	1.205	1	1	0.5521
10	3	5.41	1	1	-0.9643
10	3	3.657	0	0	-0.5131
10	3	0.8928	1	0	0.7364
10	3	0.7594	1	0	-0.184
10	3	0.2912	0	0	-0.7735
10	3	3.325	1	1	2.009
10	3	0.5747	0	0	0.3104
10	3	0.7211	0	0	-0.6035
10	3	1.174	1	1	0.09759
10	3	1.718	1	1	0.8846
10	3	5.445	0	0	0.9237
10	3	1.786	0	0	-0.4069
10	3	5.777	1	1	-0.4831
10	3	1.9	1	1	1.957
10	3	0.1186	0	0	1.007
10	3	0.9714	0	0	-0.1326
10	3	3.456	0	0	0.6558
10	3	1.899	1	1	1.858
10	3	5.352	1	1	0.3147
10	3	0.2667	1	0	0.2819
10	3	0.4203	1	1	0.3099
10	3	0.8348	0	0	0.2955
10	3	0.2025	1	0	0.438
10	3	1.687	1	0	0.6022
10	3	3.286	0	0	0.4569
10	3	1.603	1	1	1.308
10	3	1.977	1	1	-0.03525
10	3	5.321	0	0	-0.7745
10	3	0.8461	1	1	-0.2266
10	3	5.361	1	1	0.1392
10	3	5.184	1	1	1.566
10	3	1.441	0	0	2.146
10	3	3.937	0	0	0.6469
10	3	3.493	0	0	1.573
10	3	1.885	0	0	1.538
10	3	5.162	1	1	2.351
10	3	0.7406	1	0	-0.2059
10	3	5.351	0	0	0.626
10	3	3.291	0	0	-0.04378
10	3	0.7678	0	0	-0.8273
10	3	5.543	0	0	-0.4827
10	3	1.212	1	1	1.515
10	3	0.6315	0	1	-1.005
11	3	0.4258	0	1	4.285
11	3	1.031	0	1	0.2814
11	3	0.6595	0	0	1.139
11	3	1.863	0	0	0.3905
11	3	0.6483	1	0	0.2937
11	3	0.3849	0	0	-1.364
11	3	4.025	0	0	1.491
11	3	0.3543	0	0	0.8299
11	3	1.766	1	0	0.5175
11	3	0.8681	0	0	-1.725
11	3	3.354	1	1	0.1088
11	3	0.3435	0	0	1.378
11	3	0.587	1	0	0.4575
11	3	0.1637	1	0	0.9085
11	3	3.614	1	1	-1.03
11	3	3.335	0	0	1.701
11	3	3.359	0	0	0.8174
11	3	0.854	1	1	-1.036
11	3	3.92	1	1	0.04954
11	3	1.76	1	1	0.3223
11	3	5.511	0	0	0.6028
11	3	3.42	0	0	0.3877
11	3	1.038	0	0	0.2931
11	3	0.9344	1	1	0.5919
11	3	1.732	1	1	0.7931
11	3	5.291	0	0	1.139
11	3	1.88	0	0	0.4546
11	3	3.567	1	1	0.9728
11	3	0.8084	0	0	0.3905
11	3	5.387	1	1	0.5597
11	3	1.698	0	0	0.2133
11	3	5.364	1	1	-0.6798
11	3	5.238	0	0	-2.609
11	3	0.603	1	1	2.072
11	3	3.529	1	1	-0.6235
11	3	5.719	1	1	0.4532
11	3	2.238	1	1	0.9476
11	3	5.329	1	1	0.9303
11	3	0.8601	1	0	0.4229
11	3	5.25	1	1	-0.5341
11	3	1.571	0	0	0.7375
11	3	3.858	1	1	0.7441
11	3	5.428	1	1	0.298
11	3	1.366	0	0	0.7708
11	3	0.8413	1	1	0.6897
11	3	0.3931	0	1	0.6564
11	3	5.341	0	0	-0.5623
11	3	0.9346	1	0	0.4103
11	3	0.5811	1	0	2.541
11	3	1.844	0	0	0.5081
12	3	0.4879	0	0	1.226
12	3	4.489	0	0	1.287
12	3	3.273	0	0	-1.418
12	3	1.002	0	0	1.557
12	3	3.526	1	1	0.1646
12	3	3.487	1	1	0.5296
12	3	0.7705	1	0	0.4396
12	3	0.969	1	0	0.4287
12	3	5.324	1	1	-0.1435
12	3	0.7152	0	0	1.257
12	3	0.3105	0	0	1.391
12	3	1.112	0	1	1.123
12	3	3.807	1	1	-1.742
12	3	0.509	1	1	1.577
12	3	3.392	0	0	1.052
12	3	5.586	1	1	1.229
12	3	1.427	1	1	-1.252
12	3	0.437	1	0	0.3934
12	3	1.702	0	0	1.926
12	3	1.629	0	0	-0.9002
12	3	2.194	0	0	-0.2769
12	3	3.849	1	1	0.9141
12	3	5.512	0	0	0.02875
12	3	1.55	0	0	0.7357
12	3	2.229	0	0	0.9111
12	3	3.559	0	0	-1.126
12	3	0.9983	1	1	0.6736
12	3	5.183	1	1	1.656
12	3	1.541	0	0	0.9465
12	3	0.7834	1	0	0.2198
12	3	0.4399	1	0	0.8779
12	3	1.754	0	0	-0.8091
12	3	1.841	1	1	-0.6817
12	3	3.705	0	0	-0.5918
12	3	0.4606	0	0	0.9726
12	3	0.638	1	1	-0.1739
12	3	5.616	0	0	0.4293
12	3	0.4321	1	1	0.2806
12	3	0.7991	0	0	-1.115
12	3	5.14	1	1	0.7144
12	3	0.826	1	0	1.248
12	3	5.473	0	0	0.7796
12	3	0.141	1	0	-0.9982
12	3	1.791	1	1	-0.5262
12	3	3.452	0	0	-0.6721
12	3	0.6994	0	0	0.6855
12	3	5.033	0	0	0.3574
12	3	5.536	1	1	-0.585
12	3	0.777	0	0	0.5896
12	3	5.32	1	1	0.3164
13	3	0.6395	1	0	3.092
13	3	0.1571	1	1	0.2624
13	3	1.087	0	1	1.376
13	3	3.364	1	1	1.422
13	3	5.658	0	0	0.7764
13	3	3.454	1	1	-0.8573
13	3	1.749	0	0	1.938
13	3	0.8332	0	0	1.265
13	3	0.9823	0	0	0.1602
13	3	2.284	1	1	0.7135
13	3	5.385	0	0	0.7302
13	3	5.349	0	0	-0.1065
13	3	3.991	0	0	-0.7997
13	3	5.401	0	0	-1.069
13	3	0.9676	1	1	1.294
13	3	3.677	0	0	1.174
13	3	5.363	1	1	1.018
13	3	5.547	1	1	1.18
13	3	3.515	1	1	1.756
13	3	2.19	1	1	1.108
13	3	5.364	0	0	0.6346
13	3	1.006	1	1	0.1163
13	3	5.617	1	1	0.5294
13	3	0.4789	1	0	1.445
13	3	1.502	1	1	0.9268
13	3	0.3636	1	0	1.164
13	3	1.068	0	0	0.3012
13	3	0.5116	0	1	2.475
13	3	1.799	0	0	-0.09382
13	3	0.1835	0	0	0.8485
13	3	5.342	1	1	-0.2321
13	3	0.7361	1	1	-0.7013
13	3	1.584	0	0	-0.7995
13	3	0.3821	0	0	1.292
13	3	3.527	0	0	0.513
13	3	2.051	1	1	2.635
13	3	0.9615	0	0	1.268
13	3	0.7263	0	0	0.9568
13	3	3.428	1	1	-0.8241
13	3	0.5806	0	0	1.094
13	3	3.512	0	0	0.9531
13	3	1.059	1	1	0.3486
13	3	1.889	0	0	0.3662
13	3	3.545	1	1	0.2426
13	3	0.5455	1	0	1.047
13	3	0.2198	1	1	0.9853
13	3	1.938	0	0	0.07277
13	3	3.447	0	0	-0.2808
13	3	1.501	1	1	1.403
13	3	5.441	1	1	0.7786
14	3	1.852	1	0	1.857
14	3	4.982	1	1	-0.7237
14	3	0.3017	0	0	0.5599
14	3	0.2479	0	0	-0.2535
14	3	2.015	1	1	-0.2575
14	3	0.9729	1	0	2.193
14	3	1.865	0	0	-0.9438
14	3	3.807	1	1	-0.3681
14	3	1.012	1	1	1.606
14	3	0.9217	0	0	-1.173
14	3	0.6025	0	0	1.405
14	3	3.674	1	1	0.9878
14	3	0.4004	0	0	-0.0477
14	3	0.6455	0	0	-1.466
14	3	5.823	1	1	1.501
14	3	5.128	1	1	1.844
14	3	0.4522	0	0	-0.04966
14	3	1.865	0	0	-0.3046
14	3	3.673	1	1	0.9417
14	3	1.745	1	1	-0.6694
14	3	5.33	0	0	0.06132
14	3	1.169	1	1	1.094
14	3	0.6005	0	1	1.45
14	3	3.709	0	0	-1.234
14	3	3.621	1	1	-2.306
14	3	0.6159	1	0	0.6356
14	3	1.885	1	1	1.345
14	3	0.5254	1	0	1.156
14	3	0.6822	0	0	1.174
14	3	0.8198	1	1	-1.239
14	3	3.765	0	0	-0.8668
14	3	3.711	0	0	0.2155
14	3	0.6669	0	1	2.492
14	3	1.898	0	0	1.052
14	3	1.035	1	1	0.9585
14	3	5.565	1	1	-0.5507
14	3	1.684	0	1	2.139
14	3	3.207	1	1	0.03966
14	3	5.413	0	0	-0.2996
14	3	5.282	0	0	0.9106
14	3	1.946	0	0	2.062
14	3	3.656	0	1	0.3646
14	3	0.3908	1	0	0.2375
14	3	0.2209	1	1	0.3195
14	3	1.718	0	0	-0.513
14	3	5.209	0	0	-0.3593
14	3	3.797	0	0	0.8849
14	3	5.417	1	1	1.214
14	3	0.9487	1	1	-0.7565
14	3	4.753	1	1	-0.1131
15	3	5.621	1	1	0.01675
15	3	0.1896	0	0	-0.01057
15	3	2.089	1	1	-0.4512
15	3	3.434	1	1	0.1044
15	3	5.333	0	0	-0.3277
15	3	3.611	0	0	1.139
15	3	3.517	0	0	0.09744
15	3	0.5835	0	0	-0.3759
15	3	1.932	1	1	0.2717
15	3	0.1547	0	0	0.3094
15	3	5.152	0	0	0.4809
15	3	3.922	1	1	-1.085
15	3	3.776	0	0	-0.7484
15	3	0.4022	0	1	1.352
15	3	5.432	1	1	0.3281
15	3	3.938	0	1	0.3732
15	3	0.4431	0	1	0.8793
15	3	5.644	1	1	0.5449
15	3	1.054	1	0	0.8137
15	3	1.867	1	1	-0.878
15	3	0.781	1	1	-1.441
15	3	0.6008	0	0	-0.4209
15	3	5.543	1	1	-1.276
15	3	3.273	0	0	-0.4787
15	3	1.156	0	0	1.571
15	3	5.233	0	0	1.517
15	3	1.546	1	1	-0.8696
15	3	1.366	1	1	-1.129
15	3	1.424	1	1	1.512
15	3	0.6174	1	1	1.661
15	3	1.738	1	0	-0.4322
15	3	0.5233	0	0	0.258
15	3	1.044	1	1	-1.294
15	3	3.593	1	1	-0.09057
15	3	0.6893	1	1	1.379
15	3	5.319	0	0	0.1807
15	3	0.3883	0	0	0.4029
15	3	0.667	1	0	-0.3782
15	3	1.66	0	0	0.003124
15	3	1.065	1	0	0.1608
15	3	3.703	1	1	-1.104
15	3	5.382	0	0	-0.1141
15	3	5.209	0	0	-0.912
15	3	0.46	1	1	-0.04012
15	3	0.07251	1	0	0.9275
15	3	0.9873	0	0	1.161
15	3	0.7613	0	0	1.789
15	3	3.655	0	0	-1.411
15	3	2.005	1	1	-0.4709
15	3	2.052	0	0	-0.1655
16	3	0.9394	1	1	0.9009
16	3	0.9512	0	1	0.678
16	3	1.556	0	0	0.5982
16	3	5.28	1	1	0.01971
16	3	3.58	0	0	-0.4673
16	3	0.1827	1	0	0.5135
16	3	0.4523	1	1	-0.3451
16	3	1.011	1	0	0.5834
16	3	5.534	0	0	-0.9508
16	3	1.054	0	0	0.07063
16	3	1.336	1	1	1.618
16	3	0.2491	0	0	-1.529
16	3	5.822	1	1	1.137
16	3	0.8851	1	1	-0.2224
16	3	1.925	0	0	-0.5872
16	3	5.165	0	0	-0.393
16	3	3.695	0	0	-1.406
16	3	5.375	1	1	1.261
16	3	2.049	0	0	-1.172
16	3	2.074	1	1	-0.3801
16	3	0.7728	1	1	-0.6027
16	3	0.2679	1	0	0.1376
16	3	1.047	1	1	-2.073
16	3	1.644	1	1	2.179
16	3	5.566	0	0	-1.183
16	3	3.407	0	0	0.5558
16	3	1.573	0	0	-0.3435
16	3	0.4993	0	0	1.048
16	3	5.438	0	0	-0.0755
16	3	0.7695	1	1	0.5725
16	3	3.751	1	1	0.4581
16	3	0.4646	0	0	0.6612
16	3	3.42	0	0	0.5194
16	3	0.5969	0	0	0.02471
16	3	5.413	0	0	-2.09
16	3	0.5078	1	1	0.6896
16	3	5.41	1	1	0.6879
16	3	3.435	0	0	1.124
16	3	0.4852	1	0	0.1486
16	3	0.4883	0	0	0.8404
16	3	5.362	0	0	-0.656
16	3	3.349	0	0	0.2743
16	3	1.95	1	1	-0.5445
16	3	1.874	0	0	-0.8958
16	3	3.414	1	1	0.4764
16	3	0.9602	0	0	-0.08287
16	3	0.823	1	1	1.659
16	3	1.875	0	1	1.429
16	3	3.337	1	1	-1.137
16	3	3.735	1	1	0.9858
17	3	3.854	0	0	1.198
17	3	1.055	0	0	1.225
17	3	5.329	0	0	0.1034
17	3	5.251	1	1	0.8448
17	3	0.7988	1	0	-0.1091
17	3	0.9582	1	1	1.119
17	3	5.332	0	0	0.08047
17	3	1.916	1	1	0.6963
17	3	3.584	0	0	0.8737
17	3	1.574	1	1	-0.1277
17	3	0.511	0	0	-0.04997
17	3	1.746	0	0	0.4044
17	3	1.658	0	0	0.07905
17	3	1.772	0	0	1.248
17	3	1.073	1	1	0.1251
17	3	0.7454	1	0	1.763
17	3	1.824	0	0	-0.2873
17	3	0.8173	1	0	0.6638
17	3	1.271	1	1	0.7165
17	3	5.441	0	0	1.228
17	3	5.51	0	0	-0.259
17	3	0.712	1	1	-0.764
17	3	5.138	1	1	-0.1199
17	3	3.429	0	0	0.09758
17	3	1.577	1	1	1.273
17	3	3.704	1	1	1.979
17	3	0.6257	0	1	1.415
17	3	0.4379	1	0	0.2005
17	3	1.15	1	1	0.9106
17	3	3.547	0	0	-0.4775
17	3	1.965	1	1	0.1311
17	3	5.359	1	1	-0.3969
17	3	0.8418	1	1	1.369
17	3	1.062	0	1	1.79
17	3	3.301	0	0	-0.205
17	3	3.742	0	0	0.5161
17	3	0.4068	1	0	1.742
17	3	5.271	1	1	-0.1019
17	3	1.932	0	0	-0.7268
17	3	5.274	0	0	0.5151
17	3	3.497	0	0	-0.6285
17	3	5.145	0	0	0.6708
17	3	1.218	0	1	-0.08741
17	3	0.6256	0	1	-0.2715
17	3	0.6828	1	0	-0.1829
17	3	0.09691	1	0	-0.6352
17	3	1.795	0	0	-0.385
17	3	3.698	1	1	-0.2604
17	3	3.457	0	0	0.5809
17	3	1.001	1	1	-0.0899
18	3	0.9427	1	1	1.864
18	3	1.895	1	1	0.7423
18	3	4.987	1	1	0.628
18	3	1.815	1	1	-0.8372
18	3	4.061	1	1	-0.2347
18	3	5.364	0	0	-0.6906
18	3	0.5519	1	1	1.878
18	3	1.505	0	0	-0.1943
18	3	3.451	1	1	0.4362
18	3	0.5326	0	0	1.422
18	3	1.454	1	1	0.3142
18	3	5.425	0	0	1.061
18	3	1.066	1	1	-0.1616
18	3	0.1873	1	0	1.246
18	3	0.386	0	1	0.8259
18	3	3.536	1	1	-0.7829
18	3	5.712	0	0	-0.6707
18	3	0.3798	1	0	-0.09375
18	3	0.8401	1	1	-0.6026
18	3	0.4871	1	0	0.2443
18	3	5.318	1	1	-1.463
18	3	0.6937	1	0	0.32
18	3	0.8556	0	0	-0.3826
18	3	5.75	0	0	0.4698
18	3	5.325	0	0	-0.5569
18	3	1.889	0	0	0.5199
18	3	0.2867	0	0	1.175
18	3	3.58	1	1	0.7993
18	3	0.7927	0	0	-0.5216
18	3	0.7015	1	1	-0.1416
18	3	0.8989	0	0	0.7516
18	3	1.825	0	0	0.7135
18	3	3.788	0	0	-0.9247
18	3	3.827	0	0	-0.5946
18	3	0.9592	1	1	1.107
18	3	3.864	1	1	1.086
18	3	1.121	1	1	1.049
18	3	3.669	0	0	0.8764
18	3	1.734	0	0	1.295
18	3	5.261	1	1	0.2895
18	3	3.628	1	1	0.2211
18	3	5.272	0	0	0.8512
18	3	0.4483	1	1	1.222
18	3	1.769	0	0	-0.1108
18	3	5.179	0	0	-0.1748
18	3	0.3309	0	1	0.4859
18	3	1.811	1	1	0.806
18	3	3.654	1	1	0.9667
18	3	0.3911	0	0	0.2737
18	3	1.86	0	0	0.4553
19	3	2.075	0	0	1.707
19	3	3.741	0	0	-0.4545
19	3	0.5876	0	1	1.71
19	3	1.276	1	1	1.265
19	3	3.593	0	0	0.1126
19	3	1.973	1	1	-0.3385
19	3	0.2945	1	0	-0.865
19	3	0.9343	1	1	1.164
19	3	1.348	1	0	0.8277
19	3	0.9775	1	0	-1.387
19	3	0.4838	1	0	-1.169
19	3	3.523	1	1	-0.1536
19	3	3.494	0	0	0.9053
19	3	5.415	0	0	-0.2037
19	3	0.5538	1	1	0.7992
19	3	5.361	1	1	-0.5544
19	3	0.2855	0	0	2.993
19	3	1.932	0	0	-0.05425
19	3	5.432	0	0	0.03279
19	3	3.587	1	1	1.241
19	3	0.5215	0	0	0.4467
19	3	0.5029	0	0	-0.5018
19	3	1.661	0	0	0.4553
19	3	5.442	1	1	-0.8839
19	3	0.8351	1	1	-0.5866
19	3	3.552	0	0	1.288
19	3	0.9938	0	1	1.593
19	3	0.6703	0	0	0.533
19	3	0.9685	0	0	0.6347
19	3	3.331	1	1	-0.5165
19	3	2.033	0	0	-0.3622
19	3	0.2361	0	1	1.508
19	3	5.164	1	1	0.774
19	3	0.8687	0	1	1.224
19	3	1.825	0	0	-0.3157
19	3	0.695	1	1	-0.1196
19	3	5.599	1	1	-0.07009
19	3	1.769	1	1	-0.09946
19	3	2.061	1	1	0.3288
19	3	5.385	0	0	-1.547
19	3	3.651	1	1	1.061
19	3	5.101	1	1	-0.8619
19	3	1.116	0	0	0.0817
19	3	0.6383	1	1	0.1245
19	3	4.891	0	0	-1.009
19	3	5.392	1	1	-0.5211
19	3	1.21	0	1	2.014
19	3	3.765	1	1	1.431
19	3	1.938	0	0	0.416
19	3	3.159	1	1	0.387
20	4	5.125	0	0	0.3749
20	4	1.762	1	1	0.3718
20	4	1.685	1	1	0.7451
20	4	0.8471	0	1	0.07596
20	4	0.6288	0	0	0.9656
20	4	1.129	1	1	0.4635
20	4	0.1911	0	0	0.7471
20	4	1.138	0	0	-0.2915
20	4	5.791	0	0	-0.1183
20	4	0.2749	1	1	1.734
20	4	5.472	0	0	0.0523
20	4	0.8079	1	1	1.141
20	4	5.548	1	1	-0.1698
20	4	0.2776	1	1	0.9228
20	4	2.001	0	1	1.538
20	4	1.574	1	1	0.8704
20	4	0.8611	1	1	0.3144
20	4	1.063	0	0	-0.2832
20	4	3.638	0	0	0.922
20	4	0.5755	0	0	-1.071
20	4	0.2294	0	0	0.3352
20	4	0.8585	1	1	0.9887
20	4	1.327	0	0	1.307
20	4	3.681	0	0	-0.4673
20	4	3.339	1	1	1.369
20	4	5.4	1	1	0.3399
20	4	1.459	1	1	1.829
20	4	3.761	1	1	0.3388
20	4	0.1514	1	1	-0.3206
20	4	0.9639	0	0	0.5841
20	4	1.355	1	1	1.966
20	4	0.773	1	0	0.54
20	4	5.351	0	0	0.8206
20	4	1.724	0	0	0.7979
20	4	3.39	0	0	-0.4584
20	4	0.2958	1	1	2.798
20	4	5.401	0	0	-0.6557
20	4	3.492	1	1	0.04697
20	4	5.444	1	1	1.189
20	4	3.57	1	1	-0.09484
20	4	2.014	0	0	2.215
20	4	3.689	0	0	1.183
20	4	3.717	0	0	-0.9861
20	4	1.959	1	1	1.746
20	4	5.459	0	0	-0.2673
20	4	1.774	1	1	1.05
20	4	3.855	1	1	1.248
20	4	1.025	1	1	1.682
20	4	5.351	0	0	0.6327
20	4	1.671	0	0	1.111
21	4	1.302	1	0	1.509
21	4	5.306	1	1	0.4648
21	4	0.5111	0	0	-0.6313
21	4	2.192	1	1	-0.1217
21	4	0.8369	1	1	0.1954
21	4	1.991	0	0	0.3357
21	4	0.7641	0	0	1.162
21	4	0.9331	1	1	0.372
21	4	5.51	1	1	0.4525
21	4	1.551	0	0	1.317
21	4	3.815	1	1	0.4946
21	4	0.5691	0	1	1.059
21	4	0.9718	1	1	0.01571
21	4	3.568	0	0	0.3208
21	4	3.564	0	0	-3.592
21	4	5.732	0	0	0.1308
21	4	5.383	0	0	0.0001532
21	4	3.689	0	0	0.7176
21	4	1.524	0	0	0.7467
21	4	0.8993	0	0	2.296
21	4	0.0927	0	0	-0.5289
21	4	2.002	1	1	0.4904
21	4	1.947	0	0	-1.643
21	4	0.4325	1	0	0.3382
21	4	0.2022	0	0	0.3393
21	4	1.095	1	0	-0.1228
21	4	1.833	1	1	-1.382
21	4	3.802	0	0	1.012
21	4	5.245	1	1	-1.245
21	4	0.3439	0	0	0.697
21	4	3.444	1	1	-3.893
21	4	0.2766	0	0	0.4164
21	4	3.501	1	1	1.138
21	4	3.802	1	1	1.471
21	4	4.844	1	1	0.8909
21	4	1.875	1	1	-0.3005
21	4	0.367	1	0	1.981
21	4	5.341	0	0	-2.151
21	4	0.3452	0	0	0.1595
21	4	1.604	0	0	0.05577
21	4	3.97	0	0	0.6302
21	4	0.936	1	0	-1.722
21	4	5.268	1	1	-0.9419
21	4	5.57	1	1	-1.602
21	4	0.874	1	1	2.011
21	4	3.524	1	1	-0.0001841
21	4	0.7461	1	1	0.03386
21	4	1.88	0	0	1.735
21	4	0.8466	0	0	0.6171
21	4	5.362	1	1	0.3161
22	4	5.384	0	0	0.1624
22	4	3.43	0	0	-0.2801
22	4	1.753	0	0	0.1847
22	4	0.9835	0	0	1.666
22	4	0.03185	0	0	0.617
22	4	5.289	1	1	-1.213
22	4	0.3673	0	0	2.289
22	4	5.304	0	0	-0.5059
22	4	5.582	0	0	0.8241
22	4	0.274	1	0	0.5502
22	4	1.908	1	1	0.3938
22	4	0.9566	1	1	0.2447
22	4	0.7569	0	1	2.119
22	4	3.794	0	0	0.3583
22	4	1.577	1	1	-2.454
22	4	5.217	0	0	0.08761
22	4	1.933	0	0	0.2174
22	4	3.439	1	1	0.5774
22	4	1.071	1	0	-0.3422
22	4	3.788	1	1	-0.5172
22	4	0.7255	1	1	0.3442
22	4	1.068	0	0	-0.7013
22	4	0.7792	0	1	1.66
22	4	0.5219	0	1	-0.1591
22	4	5.185	0	0	-0.09275
22	4	5.28	1	1	-1.796
22	4	5.369	0	0	-0.2888
22	4	1.027	1	0	0.4699
22	4	1.649	0	0	-0.3479
22	4	1.681	0	0	-1.118
22	4	1.136	0	0	-0.5854
22	4	3.493	1	1	-0.2413
22	4	0.2435	0	0	-0.6275
22	4	1.315	1	1	0.1548
22	4	0.6872	0	0	0.2577
22	4	1.842	1	1	-0.9064
22	4	5.392	0	0	0.2868
22	4	3.596	0	0	1.52
22	4	0.842	1	1	0.4666
22	4	0.9859	1	0	1.299
22	4	3.599	1	1	0.7976
22	4	3.921	0	0	0.5033
22	4	3.484	1	1	0.1432
22	4	3.525	1	1	-1.06
22	4	2.217	1	1	0.1147
22	4	0.4822	1	0	2.22
22	4	0.3469	1	0	-0.7369
22	4	1.315	1	0	1.365
22	4	5.039	0	0	0.2548
22	4	2.277	1	1	0.6332
23	4	5.235	0	0	1.382
23	4	1.245	1	1	0.1177
23	4	5.618	1	1	-0.4274
23	4	1.074	1	0	-0.02491
23	4	3.403	1	1	0.1306
23	4	3.388	0	0	0.9337
23	4	3.303	0	0	-0.8457
23	4	3.785	0	0	-0.6442
23	4	1.611	1	1	1.003
23	4	1.979	0	1	2.36
23	4	5.569	1	1	-0.02653
23	4	0.7558	1	1	0.1466
23	4	0.7473	1	1	-1.314
23	4	2.017	0	0	1.458
23	4	3.628	0	0	-1.36
23	4	5.51	0	0	-0.745
23	4	5.492	0	0	-0.03995
23	4	3.449	0	0	0.615
23	4	1.83	0	0	0.1144
23	4	0.564	1	1	-0.5961
23	4	1.392	1	1	0.735
23	4	0.4369	1	1	0.8233
23	4	5.13	0	0	-0.249
23	4	5.578	0	0	-1.13
23	4	5.119	1	1	0.1088
23	4	1.357	0	0	1.345
23	4	5.444	1	1	0.623
23	4	3.263	1	1	-0.692
23	4	3.677	0	0	-1.095
23	4	0.8873	1	1	-0.9772
23	4	1.802	0	0	0.6454
23	4	5.325	1	1	-0.0143
23	4	0.1174	1	1	-0.4135
23	4	0.2586	1	1	-1.299
23	4	0.8411	0	0	-0.8743
23	4	0.3991	1	0	2.294
23	4	0.6008	0	0	-1.008
23	4	0.0616	0	1	0.8231
23	4	0.8168	1	0	0.1931
23	4	0.754	0	0	-1.269
23	4	2.085	1	1	-1.146
23	4	0.5735	0	0	-0.9335
23	4	1.599	0	0	1.465
23	4	3.855	1	1	-0.5049
23	4	0.7871	0	0	0.01183
23	4	1.741	0	0	-1.098
23	4	1.714	0	0	-1.076
23	4	3.593	0	0	0.5402
23	4	0.7354	1	0	0.6759
23	4	1.111	1	1	-0.2744
24	4	3.87	0	0	0.4939
24	4	5.544	0	0	1.331
24	4	1.398	0	1	1.453
24	4	0.254	0	1	0.2648
24	4	3.426	1	1	-0.8592
24	4	1.963	0	0	0.07294
24	4	0.4353	1	0	0.2854
24	4	0.8955	1	0	0.07826
24	4	5.746	0	0	-0.4577
24	4	1.323	1	0	-1.526
24	4	1.676	1	1	2.272
24	4	5.436	0	0	-1.123
24	4	3.354	0	0	0.03112
24	4	1.963	1	1	-0.04541
24	4	5.181	1	1	-1.248
24	4	0.3745	1	0	-1.274
24	4	3.591	0	0	-0.1587
24	4	0.1036	1	1	-2.849
24	4	0.8343	1	0	-1.602
24	4	5.352	1	1	0.6713
24	4	0.8869	1	1	1.697
24	4	3.704	1	1	-0.9411
24	4	3.7	0	0	-1.139
24	4	5.472	1	1	-1.19
24	4	5.559	1	1	-1.684
24	4	5.734	0	0	-0.7016
24	4	0.9051	0	0	0.1217
24	4	3.857	0	0	-0.646
24	4	1.072	0	0	-1.672
24	4	1.808	1	1	1.093
24	4	3.425	0	0	-0.407
24	4	1.775	1	1	-1.944
24	4	1.08	0	0	-0.04193
24	4	0.5149	0	0	-0.4104
24	4	0.823	1	0	0.2163
24	4	1.79	0	0	-0.3721
24	4	3.382	0	0	-0.9628
24	4	1.908	0	0	0.485
24	4	1.574	1	1	-1.377
24	4	0.5247	1	1	0.8218
24	4	0.4023	1	0	-0.2466
24	4	5.139	0	0	-2.382
24	4	5.426	0	0	-0.1056
24	4	0.798	1	1	-1.195
24	4	1.852	0	0	0.4486
24	4	0.3748	1	0	-1.993
24	4	0.2899	1	1	-1.223
24	4	0.4267	0	0	-0.6195
24	4	3.738	0	0	-0.629
24	4	2.017	1	1	-0.2178
25	4	0.2489	1	1	0.05492
25	4	2.147	0	0	0.1954
25	4	3.595	0	0	-0.04627
25	4	0.492	1	1	-0.04007
25	4	3.212	0	0	-0.2803
25	4	1.693	1	1	0.5944
25	4	3.675	0	0	0.6947
25	4	1.072	1	1	-0.0504
25	4	3.422	1	1	-0.07708
25	4	5.468	1	1	0.135
25	4	0.2688	0	0	-0.02261
25	4	3.532	0	0	0.05245
25	4	5.382	1	1	0.05351
25	4	1.006	0	0	0.4349
25	4	0.6688	1	1	-0.7046
25	4	3.608	1	1	-0.4885
25	4	3.381	0	0	-0.8688
25	4	2.266	0	0	-2
25	4	0.9316	0	0	-0.5027
25	4	3.519	1	1	0.9248
25	4	1.728	0	0	-1.309
25	4	1.758	1	1	0.6868
25	4	0.6671	1	0	0.273
25	4	0.5412	1	1	0.09444
25	4	0.8081	1	0	-0.007433
25	4	1.681	0	0	-1.448
25	4	0.3731	0	1	1.364
25	4	0.8573	1	1	0.6258
25	4	0.1666	1	1	-0.8448
25	4	5.614	0	0	-0.3215
25	4	5.439	1	1	-0.5344
25	4	1.702	1	0	0.2859
25	4	3.669	0	0	-1.627
25	4	5.728	0	0	-0.9855
25	4	5.537	0	0	0.5864
25	4	5.48	1	1	0.3995
25	4	5.171	1	1	-0.4905
25	4	0.7544	0	0	0.4542
25	4	0.9682	0	0	-0.4211
25	4	5.248	0	0	-0.2316
25	4	1.875	1	1	0.1516
25	4	0.6534	1	0	0.1253
25	4	1.708	1	0	-0.5122
25	4	0.6212	0	0	-0.1479
25	4	2.027	1	1	1.53
25	4	0.9573	1	0	-2.149
25	4	5.369	0	0	-0.8318
25	4	3.77	0	0	-0.5148
25	4	0.3413	0	0	-0.9379
25	4	1.163	0	0	0.2274
26	4	0.02083	1	0	1.018
26	4	2.144	0	0	0.7078
26	4	0.3958	1	1	-0.3516
26	4	2.038	0	0	0.2675
26	4	5.487	1	1	0.2457
26	4	3.474	1	1	1.032
26	4	1.69	1	1	0.8243
26	4	0.3287	1	1	0.9439
26	4	5.374	0	0	0.1933
26	4	5.766	1	1	0.276
26	4	0.8197	1	0	0.5899
26	4	1.33	1	0	-1.234
26	4	3.456	1	1	0.0373
26	4	1.858	1	1	-1.132
26	4	1.614	0	0	0.134
26	4	0.7407	0	0	-0.3385
26	4	1.674	1	1	-0.1409
26	4	0.3297	0	0	-1.757
26	4	1.194	1	0	0.332
26	4	5.706	0	0	-1.42
26	4	0.8224	1	1	1.094
26	4	2.329	1	0	0.1101
26	4	0.3556	0	0	0.6767
26	4	0.5175	1	1	0.2137
26	4	2.016	1	1	-1.015
26	4	1.125	1	1	-0.351
26	4	1.655	0	0	0.8081
26	4	3.874	0	0	-0.3366
26	4	3.841	0	0	-0.252
26	4	5.418	0	0	-0.2413
26	4	0.3918	0	0	0.8648
26	4	0.5666	0	0	-0.543
26	4	5.063	0	0	-1.508
26	4	3.496	0	0	-1.462
26	4	3.058	1	1	0.3091
26	4	3.542	0	0	-2.227
26	4	1.306	0	0	0.7991
26	4	1.142	1	1	-1.584
26	4	5.182	0	0	-0.5378
26	4	3.634	0	0	-0.6769
26	4	5.545	1	1	-1.514
26	4	5.522	0	0	-0.3554
26	4	0.4577	0	0	-0.6289
26	4	5.408	0	0	0.5781
26	4	3.721	1	1	-0.7107
26	4	0.5911	0	0	1.017
26	4	3.448	1	1	-1.365
26	4	0.6941	0	0	0.8884
26	4	1.892	0	0	0.9474
26	4	0.5386	1	0	-0.5321
27	4	0.4914	0	0	0.2181
27	4	1.676	1	1	1.038
27	4	5.426	0	0	-0.7803
27	4	0.5171	1	0	0.414
27	4	3.791	1	1	0.07194
27	4	1.179	0	0	-0.5376
27	4	0.5119	1	1	0.3704
27	4	5.486	0	0	-1.075
27	4	3.759	0	0	0.3023
27	4	1.795	0	0	0.07934
27	4	2.069	1	1	0.2753
27	4	0.9552	1	1	-0.2444
27	4	0.5818	0	0	0.2976
27	4	5.105	0	0	-0.6723
27	4	3.389	1	1	-0.06686
27	4	3.753	1	0	-0.1291
27	4	1.465	1	1	0.5825
27	4	5.459	0	0	0.9401
27	4	1.788	1	1	-0.2292
27	4	0.8592	1	0	-1.477
27	4	1.815	0	0	0.6416
27	4	0.911	1	1	-0.09061
27	4	5.115	0	0	-1.497
27	4	0.343	1	1	0.192
27	4	0.239	0	1	-0.1049
27	4	0.1473	0	0	-0.4261
27	4	0.7981	0	0	0.8762
27	4	5.12	0	0	-1.484
27	4	3.44	1	1	0.6573
27	4	0.7242	1	0	1.196
27	4	3.9	0	0	-0.5638
27	4	1.885	0	0	0.1855
27	4	0.8672	0	0	-0.6381
27	4	1.602	0	0	0.4267
27	4	0.3077	0	0	0.1318
27	4	5.503	0	0	-1.794
27	4	1.208	1	1	-0.8155
27	4	5.259	1	1	-1.055
27	4	3.765	1	1	-0.4837
27	4	2.015	1	1	-0.1939
27	4	0.6042	1	1	0.9136
27	4	5.082	0	0	0.2712
27	4	5.265	1	1	-1.083
27	4	0.9663	1	1	1.503
27	4	3.781	0	0	-0.7124
27	4	3.443	0	0	-2.035
27	4	1.072	1	1	0.6173
27	4	1.583	1	1	0.211
27	4	0.576	0	0	-1.977
27	4	3.667	1	1	1.353
28	4	3.739	1	1	0.9808
28	4	1.072	1	1	0.5127
28	4	3.61	1	1	-1.046
28	4	5.49	1	1	-0.4018
28	4	3.323	0	0	0.124
28	4	0.9118	0	0	-1.334
28	4	3.58	0	0	-0.7158
28	4	3.375	0	0	-0.07485
28	4	2.053	0	0	-0.1773
28	4	5.403	1	1	-0.7861
28	4	0.2002	1	0	0.07036
28	4	1.412	1	1	0.3541
28	4	1.175	1	0	-0.08575
28	4	5.736	0	0	0.1546
28	4	0.9613	0	0	-0.7323
28	4	0.5778	1	1	0.2869
28	4	0.351	1	1	-0.04426
28	4	0.3739	0	1	1.872
28	4	1.064	1	1	0.9564
28	4	1.2	0	0	-0.8861
28	4	1.87	0	0	-0.1909
28	4	5.118	1	1	-0.08435
28	4	0.6649	1	0	-0.0623
28	4	3.739	0	0	-0.2903
28	4	0.5761	1	0	1.375
28	4	5.271	1	1	-1.42
28	4	1.815	0	0	-0.05748
28	4	5.422	0	0	-1.167
28	4	1.903	1	0	-1.025
28	4	1.865	0	0	-1.508
28	4	0.5429	0	1	-2.243
28	4	1.973	1	1	-0.2008
28	4	3.491	0	0	-1.796
28	4	1.973	1	1	-0.5586
28	4	0.1386	0	1	1.235
28	4	3.825	1	1	-1.302
28	4	5.407	0	0	-0.1028
28	4	0.6559	0	0	-0.8139
28	4	3.51	0	0	0.01995
28	4	5.581	0	0	-0.8283
28	4	1.829	1	1	1.043
28	4	0.6661	1	0	-1.031
28	4	0.456	0	0	-0.05617
28	4	5.2	0	0	-1.464
28	4	3.302	0	0	1.619
28	4	1.053	1	1	-0.5037
28	4	5.566	1	1	-0.3943
28	4	0.6472	1	0	-0.7181
29	4	3.505	1	1	-0.4058
29	4	1.725	1	0	0.1606
29	4	1.153	0	1	-0.8975
29	4	1.902	1	0	0.6587
29	4	5.438	0	0	-0.7199
29	4	0.5545	0	0	-0.06115
29	4	1.907	0	0	-0.8973
29	4	2.021	0	0	-1.913
29	4	0.8168	0	0	-0.4869
29	4	1.994	0	0	-0.7738
29	4	1.01	0	0	-0.1041
29	4	3.779	0	0	-1.99
29	4	0.7843	0	0	-1.632
29	4	5.178	1	1	-0.01257
29	4	5.483	1	1	-0.5068
29	4	5.344	1	1	-0.1688
29	4	5.469	0	0	-0.5963
29	4	0.628	0	0	-0.5087
29	4	3.274	1	1	-1.668
29	4	0.4325	1	1	2.034
29	4	5.439	0	0	-0.4011
29	4	0.7678	1	1	-1.389
29	4	0.9748	0	0	-1.229
29	4	1.861	1	1	-0.183
29	4	3.85	1	1	-1.585
29	4	3.446	0	0	-1.886
29	4	0.6431	1	0	-0.1189
29	4	5.359	0	0	0.6219
29	4	1.786	1	1	-0.6313
29	4	0.3297	0	1	-1.159
29	4	5.476	0	0	-0.8382
29	4	3.638	1	1	-1.585
29	4	0.9577	1	0	-1.051
29	4	4.945	1	1	-1.048
29	4	0.577	1	1	0.8212
29	4	0.4821	0	0	-1.366
29	4	0.8173	0	0	-0.7507
29	4	0.8108	0	0	-0.8436
29	4	0.3067	1	1	-0.4839
29	4	0.8661	1	1	1.461
29	4	3.362	0	0	-1.966
29	4	0.8338	1	1	-0.4425
29	4	1.749	1	1	2.169
29	4	1.433	0	0	-0.2021
29	4	5.625	0	0	-1.225
29	4	3.902	1	1	0.1645
29	4	1.866	1	1	0.01479
29	4	3.534	1	1	0.2517
29	4	3.345	0	0	-0.5915
29	4	0.1921	1	1	1.408
30	5	1.617	0	0	1.117
30	5	1.75	1	1	-1.266
30	5	1.896	0	0	1.627
30	5	0.6768	1	1	-0.2901
30	5	3.578	1	1	-0.1023
30	5	4.939	1	1	-0.9017
30	5	3.861	1	1	-0.1251
30	5	0.2242	1	1	-0.5728
30	5	3.514	0	0	-0.5583
30	5	0.8004	0	1	1.488
30	5	3.969	0	0	0.7281
30	5	2.001	1	1	0.3654
30	5	5.419	0	0	-0.2334
30	5	0.9791	1	1	-1.818
30	5	1.099	1	1	-0.03808
30	5	1.664	0	0	2.527
30	5	3.882	0	0	-0.1164
30	5	0.4551	1	0	-0.1582
30	5	0.4176	0	1	0.3893
30	5	0.7944	0	1	1.918
30	5	1.62	0	1	1.992
30	5	5.383	1	1	2.076
30	5	1.069	1	0	0.5511
30	5	5.456	0	0	-1.246
30	5	0.8095	0	0	-0.1702
30	5	0.3434	0	1	1.027
30	5	3.686	0	0	-1.464
30	5	5.695	1	1	2.647
30	5	1.601	1	0	-0.3722
30	5	1.501	1	1	-0.1508
30	5	0.3006	1	0	-0.258
30	5	0.5774	0	0	-1.364
30	5	1.922	0	0	0.3616
30	5	1.061	1	1	-1.167
30	5	3.504	1	1	0.2063
30	5	5.249	0	0	-0.9769
30	5	0.6113	1	1	0.6372
30	5	3.595	0	0	-0.1949
30	5	5.286	1	1	-1.247
30	5	0.4557	0	0	-0.6152
30	5	0.7775	1	0	-1.532
30	5	0.7905	1	0	1.053
30	5	0.5063	1	0	1.46
30	5	5.448	0	0	-0.2633
30	5	1.831	1	1	1.102
30	5	3.68	1	1	0.6776
30	5	0.9759	0	0	0.7662
30	5	3.609	1	1	0.132
30	5	5.111	0	0	-2.085
30	5	5.404	0	0	1.604
31	5	0.3674	1	0	1.764
31	5	0.7502	1	1	-0.06514
31	5	5.504	1	1	-0.3945
31	5	5.443	0	0	-0.1547
31	5	1.743	0	0	0.02273
31	5	1.692	1	0	-0.4835
31	5	0.4215	0	1	0.01279
31	5	1.206	0	0	-0.9153
31	5	1.868	1	1	0.8031
31	5	3.25	1	1	-0.03972
31	5	0.8334	0	0	-0.3284
31	5	0.004966	0	0	-1.368
31	5	3.536	0	0	-0.03051
31	5	3.593	1	1	-0.3231
31	5	0.5799	0	1	1.018
31	5	1.082	1	1	-3.062
31	5	3.433	0	0	-1.212
31	5	3.625	1	1	0.01791
31	5	0.4332	0	1	0.8548
31	5	0.9346	0	1	-1.207
31	5	2.036	1	1	-0.8814
31	5	2.055	1	1	0.03199
31	5	0.7907	1	1	-1.374
31	5	5.043	0	0	-0.6405
31	5	3.951	0	0	-1.145
31	5	5.304	1	1	1.962
31	5	3.589	1	1	0.6488
31	5	1.956	1	1	1.255
31	5	1.099	1	1	-1.116
31	5	0.6874	0	0	-1.505
31	5	3.427	0	0	-1.604
31	5	2.014	1	1	-1.405
31	5	5.022	0	0	-0.4626
31	5	1.975	0	0	0.1635
31	5	5.124	1	1	-0.3988
31	5	1.869	1	1	-0.04118
31	5	5.3	0	0	0.1076
31	5	0.6551	0	1	-1.22
31	5	1.127	0	0	0.1764
31	5	3.503	0	0	-0.9844
31	5	1.015	0	0	-1.229
31	5	5.517	1	1	-1.188
31	5	5.412	1	1	0.4755
31	5	3.786	0	0	-0.03555
31	5	1.555	0	1	0.3249
31	5	0.8586	1	1	0.6868
31	5	0.8192	1	0	-1.171
31	5	5.349	0	0	-0.6174
31	5	0.8801	1	1	2.096
31	5	0.3274	1	1	-1.687
32	5	5.188	1	1	1.221
32	5	1.79	1	1	-0.1923
32	5	3.78	1	1	0.01948
32	5	3.89	0	0	-0.4398
32	5	1.634	1	1	-0.1736
32	5	1.002	0	0	0.263
32	5	5.704	0	0	-1.231
32	5	3.62	0	0	-0.7672
32	5	5.461	1	1	-0.2279
32	5	0.709	0	0	0.4841
32	5	5.374	0	0	0.5752
32	5	5.385	0	0	-0.5147
32	5	0.816	0	0	0.6616
32	5	1.915	1	1	0.8429
32	5	3.232	0	0	-0.4626
32	5	5.094	1	1	-0.07175
32	5	1.939	0	0	-0.8571
32	5	0.2729	1	0	-1.308
32	5	3.436	0	0	-0.2634
32	5	1.032	1	1	0.7
32	5	0.928	1	0	0.5936
32	5	0.7548	1	1	-0.1406
32	5	3.439	1	1	-0.9819
32	5	5.218	0	0	0.3032
32	5	1.419	0	0	0.6338
32	5	3.386	1	1	0.8381
32	5	0.5757	1	0	-0.05041
32	5	4.147	1	1	0.2594
32	5	1.738	0	0	-2.422
32	5	1.862	0	0	0.3634
32	5	0.7356	1	1	-0.3666
32	5	3.169	0	0	0.4369
32	5	0.7629	0	1	1.566
32	5	3.832	1	1	1.276
32	5	1.758	1	1	0.04596
32	5	0.6782	1	1	-0.1607
32	5	0.3824	0	0	-0.8144
32	5	5.548	1	1	-0.1646
32	5	0.7263	0	0	0.4911
32	5	1.984	1	1	0.6708
32	5	0.4815	0	0	0.2702
32	5	1.032	0	0	-0.3639
32	5	5.26	0	0	-0.4824
32	5	0.5356	0	0	-0.5925
32	5	0.5505	0	0	-0.08784
32	5	5.325	0	0	0.08943
32	5	1.68	1	0	0.2611
32	5	0.4388	0	0	-0.5319
32	5	0.2475	1	1	-0.5633
32	5	0.6859	1	0	0.1143
33	5	1.686	1	0	1.589
33	5	0.5875	0	0	-0.9328
33	5	1.293	0	1	1.05
33	5	3.471	0	0	-0.7548
33	5	1.318	1	1	-0.5195
33	5	0.9582	1	0	0.8352
33	5	1.988	0	0	-1.524
33	5	0.4402	0	0	-0.6133
33	5	3.145	1	1	0.1306
33	5	3.633	0	0	0.6993
33	5	3.45	1	1	-1.855
33	5	1.658	1	0	-0.796
33	5	0.8966	0	1	-1.774
33	5	0.8468	1	1	-1.515
33	5	1.781	1	1	-1.873
33	5	0.9939	1	1	0.3109
33	5	0.08859	0	0	0.5319
33	5	0.2904	0	0	-0.4183
33	5	1.786	1	1	0.4782
33	5	0.2643	1	0	-1.025
33	5	3.552	0	0	-2.097
33	5	3.826	0	0	-1.713
33	5	3.575	1	1	0.4517
33	5	3.637	0	0	0.08513
33	5	1.642	0	0	-0.9348
33	5	0.946	0	0	-1.468
33	5	1.091	0	0	0.2517
33	5	1.909	0	0	-0.8651
33	5	0.4979	0	0	0.4554
33	5	3.673	0	0	-0.1405
33	5	5.188	1	1	-0.5915
33	5	5.688	0	0	0.09924
33	5	1.676	1	1	0.5743
33	5	5.387	1	1	-0.215
33	5	5.504	1	1	-1.946
33	5	1.752	1	1	-0.09145
33	5	5.412	1	1	-0.06852
33	5	5.234	1	1	1.556
33	5	0.3091	0	0	-0.352
33	5	1.139	1	0	0.8449
33	5	1.647	0	0	-1.536
33	5	0.2971	1	0	-1.949
33	5	5.04	1	1	-1.53
33	5	5.471	0	0	-0.6683
33	5	5.358	0	0	-0.8595
33	5	0.05222	0	0	-1.728
33	5	5.397	1	1	-1.909
33	5	0.5976	0	0	-1.485
33	5	3.47	1	1	0.9666
33	5	0.4414	1	1	0.742
34	5	0.9918	0	0	1.898
34	5	2.12	1	1	0.9618
34	5	5.453	1	1	0.3566
34	5	1.737	0	0	-1.485
34	5	3.69	1	1	0.9425
34	5	1.752	0	0	-1.039
34	5	0.6947	0	0	-1.393
34	5	1.812	0	0	0.02083
34	5	0.6621	1	0	0.05216
34	5	0.5512	1	0	0.08232
34	5	0.7492	1	1	-0.8524
34	5	3.427	0	0	-0.6162
34	5	3.693	1	1	-0.5585
34	5	3.693	0	0	-2.293
34	5	0.6198	0	0	-0.01946
34	5	3.504	1	1	1.528
34	5	3.421	0	0	-0.2411
34	5	0.9278	0	0	-0.6246
34	5	0.2492	0	0	-0.9202
34	5	0.2115	1	1	-0.877
34	5	3.682	1	1	-1.034
34	5	5.627	1	1	-0.1944
34	5	3.876	0	0	1.4
34	5	5.355	1	1	-0.1333
34	5	0.856	0	0	-0.5319
34	5	1.785	0	0	0.1255
34	5	0.5685	1	0	-0.3253
34	5	1.757	0	0	-1.281
34	5	2.004	0	0	-1.635
34	5	3.349	0	0	-0.5926
34	5	0.4485	1	1	0.5154
34	5	4.89	1	1	-0.2616
34	5	0.8348	0	0	-0.7225
34	5	0.7172	0	0	-0.1744
34	5	0.8588	0	0	-0.1388
34	5	5.187	1	1	-1.078
34	5	1.859	1	1	1.425
34	5	3.556	1	1	0.918
34	5	0.7171	1	0	1.742
34	5	0.7467	0	0	-0.1286
34	5	5.293	0	0	-1.678
34	5	0.4829	1	0	-1.574
34	5	5.202	0	0	-0.27
34	5	5.648	1	1	0.297
34	5	0.7125	0	0	-0.9411
34	5	0.8841	1	0	-1.161
34	5	1.78	1	0	0.3489
34	5	5.552	1	1	-2.727
34	5	5.806	1	1	0.5897
34	5	1.746	1	1	-1.175
35	5	0.6424	1	0	0.7536
35	5	0.971	0	0	-0.08608
35	5	0.9252	1	1	-0.05445
35	5	3.878	0	0	0.5961
35	5	2.097	1	1	-0.0309
35	5	3.63	1	1	-0.6262
35	5	3.718	1	1	-0.4405
35	5	0.9082	1	0	-0.6176
35	5	3.456	0	0	-0.5634
35	5	5.589	1	1	0.001756
35	5	5.884	1	1	0.3748
35	5	0.6769	0	0	-1.303
35	5	0.9639	0	0	0.3272
35	5	3.682	0	0	-0.3199
35	5	3.751	0	0	-0.3978
35	5	5.419	0	0	-0.6107
35	5	0.6629	0	0	1.283
35	5	5.49	0	0	-1.4
35	5	0.6161	1	0	-0.2173
35	5	1.611	0	0	1.424
35	5	1.734	0	0	-1.694
35	5	5.243	0	0	-0.6855
35	5	1.977	1	1	0.8303
35	5	1.103	1	0	-1.208
35	5	5.18	1	1	-0.3263
35	5	0.3041	1	0	0.3075
35	5	2.005	0	0	0.1278
35	5	3.686	1	1	-0.2065
35	5	0.6307	0	0	-0.1931
35	5	0.4527	1	0	0.9373
35	5	3.856	1	1	-0.1335
35	5	0.8333	0	0	-0.3713
35	5	1.754	1	0	-1.356
35	5	0.2522	0	0	-0.2801
35	5	3.43	1	1	-1.197
35	5	5.488	0	0	-1.654
35	5	5.222	1	1	-0.1527
35	5	1.017	1	0	-1.33
35	5	0.481	1	0	-0.8476
35	5	0.5541	1	0	-0.4498
35	5	5.718	0	0	-1.412
35	5	5.609	0	0	-1.114
35	5	1.87	1	0	-0.005231
35	5	0.1784	1	0	-2.467
35	5	0.1466	1	0	-0.9025
35	5	0.7616	0	0	-1.098
35	5	1.516	0	0	-2.049
35	5	1.793	1	1	2.183
35	5	1.876	0	0	-0.8995
35	5	3.651	0	0	0.545
36	5	3.51	1	1	0.9087
36	5	3.518	0	0	-0.7059
36	5	3.917	1	1	0.02178
36	5	3.515	1	1	-0.8797
36	5	0.48	0	0	-0.7506
36	5	3.294	0	0	-0.6111
36	5	0.6758	0	0	-1.251
36	5	0.5435	1	1	-0.3844
36	5	0.5416	1	0	1.647
36	5	0.5011	1	0	0.7495
36	5	0.6495	0	0	-0.3648
36	5	5.463	1	1	-1.226
36	5	0.3313	1	0	0.6802
36	5	3.492	0	0	-0.1645
36	5	1.527	1	0	0.569
36	5	5.091	0	0	0.6804
36	5	1.826	0	0	-0.0279
36	5	1.368	1	0	-0.2879
36	5	0.8047	0	0	-2.059
36	5	0.6065	0	0	-0.06247
36	5	1.707	1	1	-1.346
36	5	0.4637	1	0	-0.4147
36	5	0.4249	1	1	-1.786
36	5	5.022	1	1	1.004
36	5	1.096	0	0	-0.6389
36	5	5.045	1	1	-0.9393
36	5	4.933	0	0	-2.233
36	5	3.486	0	0	-0.6293
36	5	5.705	0	0	-0.6553
36	5	0.3813	0	0	-1.086
36	5	0.8919	1	1	-0.1619
36	5	2.01	0	0	0.5072
36	5	1.834	0	0	0.8428
36	5	1.36	1	1	0.1961
36	5	5.468	0	0	-0.2897
36	5	5.101	1	1	-1.279
36	5	5.451	0	0	0.1962
36	5	3.564	1	1	-0.3524
36	5	0.8207	1	0	0.3726
36	5	0.9073	1	1	-0.3636
36	5	3.047	1	1	-2.124
36	5	3.274	1	1	-1.606
36	5	0.6282	1	0	0.5489
36	5	0.1859	0	0	-1.719
36	5	1.026	0	0	-1.108
36	5	1.749	0	0	-0.7474
36	5	1.885	0	0	0.6707
36	5	5.469	1	1	-0.7841
36	5	1.802	0	0	-1.071
36	5	1.658	0	0	0.4883
37	5	3.726	0	0	1.225
37	5	0.4691	0	1	1.398
37	5	3.701	1	1	-0.7431
37	5	0.7135	1	1	0.548
37	5	1.757	0	0	-1.317
37	5	5.298	1	1	0.5539
37	5	1.313	1	1	0.2478
37	5	0.7735	0	0	-0.9746
37	5	3.976	1	1	0.3726
37	5	3.375	1	1	2.061
37	5	1.424	1	1	0.755
37	5	3.356	0	0	1.074
37	5	5.153	0	0	0.346
37	5	1.777	0	0	-0.8599
37	5	1.942	1	1	-1.402
37	5	1.641	1	0	-2.033
37	5	0.9708	1	1	0.4091
37	5	5.181	0	0	-1.016
37	5	0.4764	0	0	2.318
37	5	1.825	0	0	-0.913
37	5	0.7388	0	0	-0.05747
37	5	1.969	1	1	-0.2334
37	5	3.633	0	0	-0.5618
37	5	3.363	1	1	-0.1466
37	5	0.9991	0	0	-0.6446
37	5	0.5903	1	1	0.7098
37	5	0.4907	1	0	0.1869
37	5	0.6404	1	0	0.7017
37	5	1.429	1	1	1.415
37	5	0.2762	1	1	0.6928
37	5	5.573	0	0	-0.4301
37	5	5.147	1	1	-1.127
37	5	3.65	0	0	0.2552
37	5	1.842	0	0	-0.7393
37	5	5.42	0	0	-0.1996
37	5	0.8312	0	0	0.4304
37	5	3.169	1	1	-2.206
37	5	1.092	0	0	1.549
37	5	0.3417	1	0	-0.5139
37	5	5.639	1	1	-0.01944
37	5	2.192	1	1	-1.276
37	5	5.167	0	0	-1.549
37	5	0.6984	0	0	-0.4179
37	5	0.9143	1	1	-1.092
37	5	1.221	0	1	0.8089
37	5	0.4499	0	0	-1.47
37	5	5.57	1	1	-1.028
37	5	3.563	0	0	1.04
37	5	5.491	0	0	-0.01954
37	5	0.852	0	0	-0.8321
38	5	5.733	1	1	0.5974
38	5	0.4504	0	1	-0.3833
38	5	2.112	1	1	1.411
38	5	0.566	0	1	-0.08133
38	5	0.7953	0	0	2.114
38	5	3.715	0	0	-0.4513
38	5	0.8031	1	1	-0.7345
38	5	1.799	1	1	-1.041
38	5	5.232	0	0	-1.493
38	5	1.975	1	1	-0.212
38	5	0.6483	0	0	-0.4256
38	5	3.571	0	0	-0.9673
38	5	0.3601	1	1	1.009
38	5	3.281	1	1	-0.3564
38	5	0.9413	0	0	-0.4235
38	5	0.4214	1	1	-1.108
38	5	0.3964	1	0	-0.7306
38	5	1.015	0	1	1.03
38	5	0.4247	1	0	0.4857
38	5	0.4685	0	1	-1.179
38	5	0.8811	1	1	-1.478
38	5	0.5094	0	1	0.4714
38	5	3.298	0	0	-1.77
38	5	3.606	1	1	0.5753
38	5	5.394	1	1	-1.692
38	5	3.656	1	1	1.176
38	5	0.4918	0	1	-1.508
38	5	2.088	0	0	1.392
38	5	0.6859	0	1	0.1654
38	5	1.747	0	0	-2.679
38	5	3.528	0	0	-1.727
38	5	5.209	0	0	-1.048
38	5	3.513	0	0	-1.484
38	5	1.02	1	1	-0.6196
38	5	1.772	1	1	0.2479
38	5	0.8378	1	1	-0.2433
38	5	5.113	1	1	-1.113
38	5	1.568	1	1	-0.6198
38	5	5.452	0	0	-2.621
38	5	5.283	0	0	0.2107
38	5	3.389	1	1	-0.9173
38	5	0.8669	1	1	-0.7953
38	5	1.792	1	1	-0.3377
38	5	1.098	1	0	-1.438
38	5	4.877	0	0	-0.03095
38	5	1.501	1	1	-0.7798
38	5	5.342	1	1	0.4093
38	5	3.476	0	0	-0.3011
38	5	2.025	0	0	-1.132
38	5	5.639	1	1	0.3323
39	5	0.9903	1	1	0.1826
39	5	1.16	1	1	0.2391
39	5	3.788	1	1	-0.539
39	5	5.349	0	0	0.08992
39	5	0.2141	0	1	0.9815
39	5	5.522	1	1	-0.3354
39	5	3.787	0	0	-0.632
39	5	0.736	0	0	0.1508
39	5	3.747	1	1	-0.1164
39	5	4.071	1	1	-0.7423
39	5	2.211	1	1	-1.76
39	5	3.779	0	0	-1.892
39	5	5.572	0	0	-0.5958
39	5	4.968	0	0	-2.948
39	5	0.2143	1	1	-0.1718
39	5	0.6494	0	1	0.06917
39	5	1.764	1	1	-0.5179
39	5	1.762	1	1	-0.4813
39	5	5.549	1	1	-0.3487
39	5	3.348	1	1	-0.463
39	5	0.09221	0	0	0.4162
39	5	1.718	1	1	-1.376
39	5	0.2802	0	0	0.3306
39	5	5.205	0	0	-2.489
39	5	1.946	1	1	-1.114
39	5	1.096	0	0	0.7254
39	5	0.1364	0	0	-0.4332
39	5	0.2921	0	0	1.217
39	5	3.869	0	0	-1.972
39	5	1.453	1	1	0.3433
39	5	3.89	1	1	0.4912
39	5	5.417	1	1	1.352
39	5	1.893	0	0	1.047
39	5	1.033	1	0	0.5597
39	5	1.114	1	1	0.9101
39	5	3.413	0	0	-1.428
39	5	0.3874	0	0	0.3322
39	5	1.511	0	0	-0.8874
39	5	5.225	0	0	-1.967
39	5	0.7316	1	1	-1.151
39	5	0.9078	1	1	-0.1191
39	5	5.715	1	1	-0.364
39	5	5.563	0	0	-1.425
39	5	1.599	1	1	-1.632
39	5	0.678	0	1	-0.03851
39	5	3.467	0	0	-1.293
39	5	0.7783	1	0	-2.033
39	5	0.5575	0	0	-2.363
39	5	1.537	1	0	-0.2371
39	5	1.124	1	1	-1.163
40	6	1.76	1	1	0.5423
40	6	0.9236	1	1	-0.2327
40	6	3.507	0	0	0.3642
40	6	5.448	0	0	1.181
40	6	3.75	0	0	0.9271
40	6	0.5829	0	1	0.3065
40	6	1.17	0	0	0.7975
40	6	5.215	1	1	-0.5974
40	6	2.048	1	1	0.1877
40	6	1.021	0	1	-0.2034
40	6	3.502	0	0	1.33
40	6	3.514	1	1	-0.3914
40	6	0.6265	0	1	0.3455
40	6	1.372	0	0	-0.3754
40	6	0.4528	0	0	1.503
40	6	1.841	0	1	0.3878
40	6	0.9766	1	0	-0.2292
40	6	1.549	1	1	-1.056
40	6	0.4677	0	0	-0.5091
40	6	5.37	1	1	0.5703
40	6	4.894	1	1	-0.255
40	6	1.683	0	0	0.2132
40	6	0.4186	1	1	0.2115
40	6	0.5077	1	1	-0.4456
40	6	0.5652	1	1	-1.412
40	6	5.37	0	0	-0.8119
40	6	0.5635	0	0	0.7302
40	6	0.9404	0	0	0.7969
40	6	1.805	1	1	-0.3783
40	6	5.235	0	0	0.4346
40	6	0.03028	1	0	0.9816
40	6	0.7691	0	0	0.05834
40	6	2.175	1	1	0.346
40	6	3.677	0	0	-0.3581
40	6	0.3923	0	1	1.263
40	6	3.482	1	1	0.423
40	6	0.5029	1	1	0.3888
40	6	3.772	1	1	0.4527
40	6	3.585	1	1	-0.7198
40	6	0.8138	0	0	-0.2922
40	6	5.517	1	1	-0.4795
40	6	1.2	1	1	2.626
40	6	4.022	1	1	0.7525
40	6	5.345	0	0	0.8653
40	6	0.7309	0	0	2.526
40	6	0.5258	1	1	2.822
40	6	5.403	0	0	-0.89
40	6	3.53	0	0	0.1331
40	6	5.346	1	1	-3.513
40	6	1.678	0	1	1.746
41	6	5.734	0	0	1.708
41	6	5.475	1	1	0.9852
41	6	0.5408	1	1	0.1462
41	6	1.014	0	1	0.2742
41	6	1.367	0	1	0.9464
41	6	3.512	0	0	-0.4247
41	6	1.496	0	0	-0.2133
41	6	1.169	0	0	0.563
41	6	0.4088	0	0	-0.6601
41	6	0.4479	1	1	1.32
41	6	2.047	0	0	-0.2492
41	6	1.548	1	1	1.95
41	6	0.4819	1	1	-0.1317
41	6	5.606	1	1	-0.9252
41	6	1.731	0	0	-0.8581
41	6	1.25	1	1	0.7256
41	6	1.12	0	1	1.253
41	6	4.903	0	0	-1.058
41	6	0.6786	1	1	0.08953
41	6	3.592	0	0	0.1592
41	6	0.5686	1	1	-0.1111
41	6	5.56	0	0	-1.06
41	6	3.755	1	1	-0.3763
41	6	1.703	1	1	0.4455
41	6	0.5975	1	1	1.287
41	6	5.151	1	1	0.2039
41	6	1.79	0	0	-1.094
41	6	3.563	0	0	-0.8403
41	6	3.72	0	0	-0.9446
41	6	5.177	1	1	-1.265
41	6	3.47	1	1	-0.3409
41	6	0.6731	1	1	-1.913
41	6	3.488	0	0	-0.028
41	6	0.4856	1	1	0.3479
41	6	5.538	1	1	-2.458
41	6	0.8489	0	0	-0.5337
41	6	1.703	0	0	0.8088
41	6	5.334	0	0	-1.92
41	6	3.317	1	1	-0.8049
41	6	1.586	0	0	0.7047
41	6	0.8502	1	1	-0.6727
41	6	0.4958	1	1	-0.8907
41	6	2.072	0	0	-0.232
41	6	3.571	0	0	-0.3237
41	6	0.7788	0	1	0.2978
41	6	0.9867	1	1	0.07891
41	6	5.226	0	0	-1.314
41	6	3.485	1	1	0.3667
41	6	0.5198	1	0	0.7327
41	6	0.8582	1	0	-1.43
42	6	0.2497	1	1	1.846
42	6	0.8468	0	0	0.6227
42	6	0.6064	1	1	0.02028
42	6	1.383	1	1	-0.2996
42	6	1.185	0	0	1.32
42	6	1.903	1	1	-0.005572
42	6	0.8094	1	1	0.5557
42	6	1.667	0	0	-1.051
42	6	0.1238	0	1	1.152
42	6	3.792	1	1	-0.3792
42	6	5.037	1	1	0.02893
42	6	1.991	1	1	0.8935
42	6	1.75	0	0	-0.3005
42	6	0.7292	0	0	0.312
42	6	0.7885	1	1	-0.3316
42	6	3.808	1	1	-0.8154
42	6	3.808	1	1	-0.528
42	6	5.567	0	0	1.11
42	6	3.387	0	0	-0.7144
42	6	5.17	1	1	-0.748
42	6	5.18	1	1	-0.1992
42	6	3.183	0	0	1.007
42	6	5.379	1	1	-0.862
42	6	1.322	0	0	-0.7259
42	6	1.444	0	0	-0.4773
42	6	4.991	0	0	0.3888
42	6	0.442	1	0	0.7327
42	6	1.576	0	0	-0.811
42	6	1.166	1	1	-0.001014
42	6	1.962	1	1	-0.9114
42	6	3.68	1	1	-1.144
42	6	0.6885	0	0	-0.7276
42	6	5.791	0	0	-0.5704
42	6	0.3945	0	1	2.124
42	6	5.236	0	0	-1.565
42	6	1.415	1	1	1.284
42	6	1.335	1	1	-0.3959
42	6	0.6128	0	1	0.6752
42	6	0.2177	0	1	0.208
42	6	0.3476	1	1	0.4003
42	6	3.727	1	1	-1.237
42	6	0.3313	1	1	0.2629
42	6	3.537	0	0	0.2297
42	6	5.414	0	0	0.246
42	6	0.2617	1	0	0.5069
42	6	3.655	0	0	-1.412
42	6	1.451	0	1	-1.49
42	6	0.3963	1	1	-0.5162
42	6	5.853	0	0	0.1586
42	6	3.131	0	0	-1.239
43	6	2.019	1	1	1.379
43	6	0.3122	1	1	0.365
43	6	0.9935	1	1	0.02799
43	6	0.8972	0	0	0.1691
43	6	5.45	0	0	-0.3099
43	6	3.816	1	1	0.2246
43	6	3.161	0	0	-0.4828
43	6	0.6428	0	1	-0.5035
43	6	5.315	0	0	-0.9107
43	6	0.5374	1	1	-0.2879
43	6	1.996	1	1	1.306
43	6	4.113	1	1	0.7134
43	6	0.8165	1	1	1.32
43	6	1.621	0	0	0.4675
43	6	3.43	1	1	-1.894
43	6	1.934	0	0	0.9389
43	6	2.095	1	1	0.01535
43	6	5.126	1	1	-1.466
43	6	5.316	1	1	0.2234
43	6	3.841	1	1	-0.2514
43	6	0.9021	0	0	0.6399
43	6	3.813	1	1	0.0723
43	6	0.6908	1	1	1.003
43	6	1.789	0	0	1.214
43	6	3.884	1	1	-0.5067
43	6	3.17	0	0	-0.08566
43	6	1.817	0	0	0.001973
43	6	0.04742	1	1	-0.6475
43	6	0.7152	0	1	0.2007
43	6	1.694	1	1	-1.337
43	6	0.7142	1	1	1.452
43	6	0.3354	0	0	-0.4965
43	6	0.3719	1	1	-0.7754
43	6	5.645	1	1	-1.238
43	6	1.673	0	0	0.0351
43	6	5.32	0	0	-0.2821
43	6	0.8403	1	1	-0.1353
43	6	0.183	1	1	0.5149
43	6	0.5542	1	1	1.041
43	6	5.265	0	0	-0.7723
43	6	5.234	0	0	0.388
43	6	2.097	1	1	-0.07168
43	6	3.334	0	0	-0.2373
43	6	0.9872	0	0	1.591
43	6	0.1197	0	0	-0.5785
43	6	5.452	0	0	-0.3066
43	6	0.2376	0	0	-0.1828
43	6	3.554	0	0	-0.2884
43	6	5.463	1	1	-0.3821
43	6	0.7331	0	0	0.5464
44	6	3.637	1	1	3.121
44	6	1.58	0	0	-1.697
44	6	1.853	0	0	1.133
44	6	0.8824	1	1	-0.9527
44	6	0.6188	0	0	0.9475
44	6	3.365	0	0	-0.3526
44	6	5.55	1	1	-0.8884
44	6	3.729	1	1	0.725
44	6	5.438	1	1	-0.5168
44	6	0.9953	0	0	1.178
44	6	0.9166	0	0	0.245
44	6	1.87	0	0	0.4769
44	6	0.7252	0	0	1.083
44	6	1.895	1	1	-1.171
44	6	0.7055	1	1	0.5306
44	6	0.5165	1	0	1.006
44	6	1.784	1	1	-0.8172
44	6	1.755	0	0	-1.464
44	6	0.3361	1	1	0.4931
44	6	1.661	1	1	-0.8225
44	6	5.38	1	1	0.5501
44	6	0.2217	1	0	-0.545
44	6	3.441	1	1	0.6644
44	6	3.534	0	0	-2.009
44	6	0.5228	0	1	-0.8209
44	6	5.488	1	1	-0.7998
44	6	5.139	0	0	-1.228
44	6	3.356	1	1	-0.2639
44	6	3.426	1	1	-1.829
44	6	5.443	0	0	-1.625
44	6	3.679	0	0	-1.85
44	6	2.042	0	0	-0.2322
44	6	1.661	0	0	-0.2449
44	6	0.6222	1	1	-0.2705
44	6	0.5919	1	0	0.1354
44	6	0.9328	0	0	-1.355
44	6	1.105	1	1	-1.984
44	6	1.744	1	0	-1.063
44	6	3.568	0	0	-0.7659
44	6	0.3848	1	0	-0.2838
44	6	0.6636	0	0	-0.6886
44	6	0.7534	1	1	0.1882
44	6	5.474	0	0	-0.9203
44	6	5.559	0	0	-1.023
44	6	1.113	0	1	0.4148
44	6	0.7767	0	1	-1.399
44	6	5.06	1	1	-0.2142
44	6	5.294	0	0	-1.075
44	6	0.8579	1	1	-1.608
44	6	3.658	1	1	1.049
45	6	0.3621	1	1	0.7949
45	6	0.3857	0	1	0.1894
45	6	0.8045	0	1	0.2348
45	6	0.7265	1	1	0.5512
45	6	5.51	1	1	0.1711
45	6	5.462	0	0	0.3797
45	6	3.509	1	1	0.1677
45	6	1.947	1	1	-0.8514
45	6	3.945	0	0	0.4867
45	6	0.3938	0	0	0.2002
45	6	3.51	0	0	-0.9053
45	6	3.257	0	0	0.08206
45	6	5.293	1	1	1.665
45	6	1.071	1	1	-0.005956
45	6	3.548	1	1	-0.7093
45	6	5.241	1	1	-0.7148
45	6	2.108	0	1	-0.01608
45	6	3.469	1	1	-0.05001
45	6	3.621	0	0	0.2485
45	6	1.517	1	1	-0.9559
45	6	2.2	0	0	-0.01881
45	6	3.375	1	1	1.354
45	6	0.7107	0	1	-0.0592
45	6	0.7503	1	1	-1.128
45	6	5.519	0	0	-1.309
45	6	1.81	0	0	-0.1548
45	6	0.735	1	1	-0.0574
45	6	5.292	0	0	1.061
45	6	0.7909	0	0	0.1823
45	6	3.411	0	0	-1.226
45	6	1.045	1	1	0.8222
45	6	0.3219	1	0	0.5335
45	6	1.697	1	1	-0.9411
45	6	0.4852	1	1	-0.2395
45	6	0.4203	0	1	-0.2442
45	6	5.603	0	0	-1.029
45	6	3.525	0	0	-0.04055
45	6	0.9388	1	1	-2.351
45	6	0.685	1	1	-0.2658
45	6	0.1257	0	0	-2.343
45	6	5.652	1	1	1.1
45	6	2.148	1	1	-1.389
45	6	0.965	1	1	-0.6489
45	6	2.047	1	1	1.101
45	6	5.65	0	0	0.4335
45	6	0.7721	0	0	-0.1671
45	6	5.126	0	0	-0.9
45	6	0.5546	0	1	-0.5825
45	6	0.7578	0	0	2.57
45	6	1.896	1	0	-1.596
46	6	3.572	1	1	0.4768
46	6	3.602	0	0	-0.1683
46	6	3.198	0	0	0.8669
46	6	0.6404	0	0	0.2391
46	6	1.241	1	1	0.4918
46	6	3.768	1	1	-0.6145
46	6	5.455	0	0	0.2461
46	6	5.279	0	0	-1.5
46	6	3.561	0	0	1.189
46	6	0.4619	0	0	1.911
46	6	0.4546	1	1	2.378
46	6	0.3807	1	1	-0.2188
46	6	5.582	1	1	0.2264
46	6	0.8456	1	1	1.108
46	6	0.4542	1	1	1.398
46	6	0.3225	1	1	2.006
46	6	2.075	0	0	0.8565
46	6	0.3008	0	1	-0.02544
46	6	0.5904	1	1	0.7369
46	6	5.368	0	0	-0.1967
46	6	3.542	1	1	-0.8795
46	6	0.4972	0	1	1.032
46	6	5.037	1	1	0.573
46	6	3.495	1	1	0.1875
46	6	5.2	0	0	0.6191
46	6	1.106	0	0	-0.06455
46	6	1.87	0	0	0.6669
46	6	0.3301	1	0	-0.02739
46	6	3.429	0	0	-0.5995
46	6	5.292	1	1	-0.3683
46	6	1.841	0	0	0.4172
46	6	3.641	0	0	-1.326
46	6	0.401	0	1	-0.05698
46	6	5.407	0	0	-0.4741
46	6	5.564	1	1	0.4485
46	6	3.939	1	1	-1.671
46	6	0.7356	1	0	-0.1417
46	6	1.668	0	0	-0.2479
46	6	1.169	0	0	-0.4213
46	6	5.612	1	1	-0.2572
46	6	1.093	1	1	0.2099
46	6	1.602	0	0	-1.235
46	6	1.791	1	1	1.005
46	6	1.79	0	0	-0.3365
46	6	1.638	1	1	0.1006
46	6	1.824	0	0	-1.385
46	6	0.9261	1	1	-0.9873
46	6	0.7353	1	1	0.8016
46	6	0.6397	0	1	1.197
46	6	1.813	0	0	-0.7052
47	6	1.027	0	0	2.674
47	6	3.654	1	1	0.01963
47	6	0.6952	0	0	0.4861
47	6	5.584	1	1	0.5551
47	6	5.451	1	1	0.5011
47	6	3.973	1	1	0.2357
47	6	0.6572	1	0	0.225
47	6	0.7031	0	0	-1.496
47	6	3.41	1	1	-0.9504
47	6	1.895	0	1	1.228
47	6	0.5272	1	1	-0.5863
47	6	2.103	0	0	-0.678
47	6	1.864	0	0	0.4227
47	6	5.039	0	0	-0.4735
47	6	0.7451	0	0	-0.9102
47	6	1.038	0	0	-0.3621
47	6	0.5478	0	0	-0.3307
47	6	3.624	0	0	-0.7132
47	6	3.763	0	0	-0.5825
47	6	1.087	1	1	1.094
47	6	0.8853	0	0	1.351
47	6	1.811	0	0	-1.138
47	6	3.697	0	0	-1.451
47	6	0.5171	1	0	-0.6909
47	6	0.3672	1	1	-0.6565
47	6	0.3981	0	0	-1.021
47	6	5.27	0	0	0.07294
47	6	0.753	1	1	-0.7712
47	6	0.7353	0	1	1.17
47	6	5.651	0	0	-0.7345
47	6	5.398	0	0	-0.02379
47	6	5.225	1	1	-0.8744
47	6	1.806	1	0	-0.7298
47	6	3.81	0	0	-0.6771
47	6	1.894	1	1	1.341
47	6	5.035	0	0	0.5065
47	6	1.081	1	0	1.952
47	6	0.7894	1	1	-1.356
47	6	0.4515	0	0	-0.04138
47	6	1.581	1	1	-1.308
47	6	1.759	1	1	-1.597
47	6	5.492	1	1	-0.4188
47	6	0.7863	1	0	-0.1858
47	6	0.5485	1	0	0.9051
47	6	5.633	1	1	-2.279
47	6	3.68	0	0	-0.6702
47	6	3.334	1	1	-0.5023
47	6	1.74	1	1	-1.411
47	6	1.813	0	0	0.4542
47	6	3.903	1	1	-0.779
48	6	0.7217	1	1	0.242
48	6	1.956	0	0	-0.9418
48	6	3.332	0	0	-0.2068
48	6	0.89	0	1	-1.27
48	6	3.73	0	0	0.9695
48	6	3.54	1	1	-0.307
48	6	5.316	0	0	-0.428
48	6	3.774	0	0	-0.8014
48	6	1.462	1	1	0.5412
48	6	1.012	1	1	-0.6272
48	6	1.721	1	1	-0.526
48	6	3.467	0	1	0.04346
48	6	1.05	0	0	0.2244
48	6	0.5102	0	0	-1.04
48	6	0.7236	1	1	0.4015
48	6	1.033	1	1	-0.1562
48	6	0.02129	0	1	-0.08319
48	6	0.4346	1	0	0.1072
48	6	0.863	1	1	0.3627
48	6	3.845	1	1	-0.02403
48	6	5.629	0	0	0.358
48	6	0.8998	0	1	0.2151
48	6	0.5511	0	1	-0.592
48	6	1.68	0	0	0.544
48	6	1.633	1	1	-0.3947
48	6	1.78	1	1	0.6348
48	6	5.378	0	0	1.057
48	6	1.913	1	1	-2.134
48	6	3.623	1	1	-0.4738
48	6	5.747	0	0	0.5762
48	6	3.534	0	1	2.297
48	6	0.2433	1	1	-0.8859
48	6	2.023	1	0	0.1477
48	6	5.404	0	0	0.6427
48	6	5.428	0	0	-0.04453
48	6	0.8246	1	1	-0.6806
48	6	0.5423	0	1	-0.09217
48	6	5.511	1	1	0.6235
48	6	0.2013	0	1	-0.7327
48	6	3.282	1	1	-0.2033
48	6	3.63	1	1	-0.01658
48	6	2.359	1	1	0.1227
48	6	1.943	1	1	0.9527
48	6	0.9563	1	1	-0.3941
48	6	5.147	0	0	-1.047
48	6	0.8136	1	1	-1.16
48	6	0.5333	0	1	0.7117
48	6	5.257	0	0	-0.3436
48	6	5.497	1	1	0.1134
48	6	0.6244	0	0	-0.116
49	6	0.03975	1	1	2.127
49	6	0.2636	0	1	-0.5899
49	6	2.116	1	1	-1.819
49	6	5.314	1	1	-0.1502
49	6	3.527	0	0	-0.8494
49	6	0.6299	1	0	0.3861
49	6	1.581	1	1	-1.256
49	6	5.206	1	1	-0.9544
49	6	0.7601	1	0	0.6974
49	6	3.834	1	1	2.247
49	6	5.399	0	0	1.049
49	6	1.386	1	1	0.08577
49	6	1.529	0	0	-0.05848
49	6	3.446	0	0	0.8601
49	6	5.479	0	0	0.06774
49	6	3.82	0	1	0.7889
49	6	1.115	0	0	0.1769
49	6	3.812	1	1	-0.5689
49	6	1.601	0	0	-0.1533
49	6	4.946	0	0	0.3763
49	6	0.3853	0	0	-0.2834
49	6	4.113	0	0	-0.228
49	6	0.4823	1	1	-1.202
49	6	1.672	1	1	1.352
49	6	4.926	0	0	-0.7821
49	6	1.866	0	0	0.8471
49	6	0.811	0	1	0.7697
49	6	0.7853	1	1	0.382
49	6	1.008	1	1	-1.934
49	6	0.7922	0	1	-0.9073
49	6	0.5158	1	1	-1.032
49	6	1.793	0	0	2.422
49	6	3.477	0	0	-1.691
49	6	3.394	1	1	-1.068
49	6	0.8555	1	1	0.4275
49	6	0.3586	0	1	0.09775
49	6	5.517	0	0	-0.005125
49	6	0.6241	0	1	-0.9199
49	6	3.742	1	1	-0.8922
49	6	1.189	1	0	0.07497
49	6	3.265	1	1	-1.135
49	6	5.409	1	1	-0.6412
49	6	0.6469	1	1	-1.225
49	6	0.537	1	1	-0.06706
49	6	5.318	0	0	0.1713
49	6	5.512	1	1	0.2213
49	6	0.6016	0	0	1.077
49	6	2.014	1	1	-0.7162
49	6	0.7307	0	1	-0.1855
49	6	2.031	1	1	-0.09312
